Date,Vol,BidAsk,Price,BidAskCum
2022-09-19 00:00:02,1,1,3882.25,1
2022-09-19 00:00:03,6,-6,3882.0,-5
2022-09-19 00:00:04,1,1,3882.0,-4
2022-09-19 00:00:05,1,1,3882.25,-3
2022-09-19 00:00:15,1,1,3882.0,-2
2022-09-19 00:00:16,4,4,3882.0,2
2022-09-19 00:00:24,5,5,3882.0,7
2022-09-19 00:00:30,2,-2,3882.0,5
2022-09-19 00:00:35,2,-2,3882.0,3
2022-09-19 00:00:41,12,4,3882.25,7
2022-09-19 00:00:43,1,1,3882.5,8
2022-09-19 00:00:44,12,8,3882.5,16
2022-09-19 00:00:45,4,4,3882.75,20
2022-09-19 00:00:46,7,8,3883.0,28
2022-09-19 00:00:47,2,-2,3882.75,26
2022-09-19 00:00:57,1,1,3882.75,27
2022-09-19 00:01:00,1,1,3882.75,28
2022-09-19 00:01:01,1,1,3882.75,29
2022-09-19 00:01:04,1,-1,3882.5,28
2022-09-19 00:01:08,1,1,3883.0,29
2022-09-19 00:01:09,14,9,3883.0,38
2022-09-19 00:01:10,1,-1,3883.0,37
2022-09-19 00:01:13,9,-6,3883.0,31
2022-09-19 00:01:16,1,1,3883.0,32
2022-09-19 00:01:20,14,8,3883.0,40
2022-09-19 00:01:23,1,1,3883.0,41
2022-09-19 00:01:26,6,-6,3882.75,35
2022-09-19 00:01:28,1,1,3883.0,36
2022-09-19 00:01:31,10,-1,3883.0,35
2022-09-19 00:01:33,2,2,3883.0,37
2022-09-19 00:01:40,14,8,3883.0,45
2022-09-19 00:01:44,7,7,3883.0,52
2022-09-19 00:01:46,2,2,3883.0,54
2022-09-19 00:01:48,1,1,3883.0,55
2022-09-19 00:01:49,2,-2,3883.0,53
2022-09-19 00:01:51,4,4,3883.25,57
2022-09-19 00:01:52,1,1,3883.25,58
2022-09-19 00:01:54,8,4,3883.25,62
2022-09-19 00:01:55,3,2,3883.25,64
2022-09-19 00:02:00,15,5,3883.25,69
2022-09-19 00:02:01,4,0,3883.25,69
2022-09-19 00:02:19,6,-6,3883.0,63
2022-09-19 00:02:20,5,4,3883.0,67
2022-09-19 00:02:23,20,-20,3882.75,47
2022-09-19 00:02:24,1,-1,3882.5,46
2022-09-19 00:02:27,1,-1,3882.5,45
2022-09-19 00:02:31,5,-3,3882.75,42
2022-09-19 00:02:40,8,6,3883.0,48
2022-09-19 00:02:41,1,1,3882.75,49
2022-09-19 00:02:42,2,-2,3882.75,47
2022-09-19 00:02:49,2,2,3883.0,49
2022-09-19 00:02:58,1,1,3883.0,50
2022-09-19 00:03:00,12,9,3883.0,59
2022-09-19 00:03:03,2,2,3883.0,61
2022-09-19 00:03:04,1,1,3883.0,62
2022-09-19 00:03:13,1,-1,3883.0,61
2022-09-19 00:03:16,3,-3,3883.0,58
2022-09-19 00:03:19,2,2,3883.25,60
2022-09-19 00:03:21,2,-1,3883.0,59
2022-09-19 00:03:27,9,-2,3883.0,57
2022-09-19 00:03:29,6,-4,3882.75,53
2022-09-19 00:03:36,1,1,3882.75,54
2022-09-19 00:03:40,8,6,3882.75,60
2022-09-19 00:03:45,1,-1,3882.5,59
2022-09-19 00:03:48,1,-1,3882.5,58
2022-09-19 00:03:50,1,-1,3882.5,57
2022-09-19 00:03:53,2,-2,3882.5,55
2022-09-19 00:03:56,1,1,3882.75,56
2022-09-19 00:03:57,2,2,3882.75,58
2022-09-19 00:03:58,1,1,3882.75,59
2022-09-19 00:04:00,15,5,3883.0,64
2022-09-19 00:04:02,1,-1,3882.75,63
2022-09-19 00:04:03,1,-1,3882.75,62
2022-09-19 00:04:04,2,-2,3882.75,60
2022-09-19 00:04:06,2,-2,3882.75,58
2022-09-19 00:04:19,9,5,3883.0,63
2022-09-19 00:04:20,3,1,3883.0,64
2022-09-19 00:04:22,2,2,3883.25,66
2022-09-19 00:04:23,6,1,3883.25,67
2022-09-19 00:04:25,13,7,3883.75,74
2022-09-19 00:04:30,1,1,3883.5,75
2022-09-19 00:04:32,1,1,3883.5,76
2022-09-19 00:04:33,9,-3,3883.25,73
2022-09-19 00:04:34,24,-10,3883.0,63
2022-09-19 00:04:40,3,3,3883.0,66
2022-09-19 00:04:42,1,-1,3883.0,65
2022-09-19 00:04:43,2,0,3883.25,65
2022-09-19 00:04:46,1,-1,3883.0,64
2022-09-19 00:04:47,1,1,3883.25,65
2022-09-19 00:04:54,1,-1,3883.0,64
2022-09-19 00:05:00,10,1,3883.25,65
2022-09-19 00:05:02,1,1,3883.25,66
2022-09-19 00:05:15,5,-5,3883.0,61
2022-09-19 00:05:18,23,15,3883.25,76
2022-09-19 00:05:20,8,5,3883.0,81
2022-09-19 00:05:22,2,-1,3882.75,80
2022-09-19 00:05:40,3,1,3882.75,81
2022-09-19 00:05:47,1,-1,3882.75,80
2022-09-19 00:05:49,2,-2,3882.75,78
2022-09-19 00:05:54,3,-3,3882.75,75
2022-09-19 00:05:57,11,-10,3882.5,65
2022-09-19 00:06:00,12,2,3882.75,67
2022-09-19 00:06:03,2,-2,3882.5,65
2022-09-19 00:06:07,1,-1,3882.5,64
2022-09-19 00:06:10,10,8,3882.75,72
2022-09-19 00:06:20,8,6,3883.0,78
2022-09-19 00:06:31,7,5,3883.0,83
2022-09-19 00:06:40,6,4,3883.0,87
2022-09-19 00:06:45,5,3,3883.0,90
2022-09-19 00:06:46,2,2,3883.0,92
2022-09-19 00:06:57,5,-4,3883.0,88
2022-09-19 00:07:00,6,2,3882.75,90
2022-09-19 00:07:17,1,-1,3882.5,89
2022-09-19 00:07:20,6,6,3882.75,95
2022-09-19 00:07:22,1,-1,3882.75,94
2022-09-19 00:07:38,1,-1,3882.5,93
2022-09-19 00:07:40,5,2,3882.75,95
2022-09-19 00:07:45,6,-6,3882.5,89
2022-09-19 00:07:52,16,-15,3882.0,74
2022-09-19 00:07:59,2,-2,3881.75,72
2022-09-19 00:08:00,8,4,3882.0,76
2022-09-19 00:08:01,1,1,3882.0,77
2022-09-19 00:08:07,1,-1,3881.75,76
2022-09-19 00:08:12,1,1,3882.0,77
2022-09-19 00:08:16,1,1,3882.0,78
2022-09-19 00:08:20,3,3,3882.0,81
2022-09-19 00:08:29,20,-24,3881.75,57
2022-09-19 00:08:30,2,2,3881.5,59
2022-09-19 00:08:33,3,1,3881.75,60
2022-09-19 00:08:34,1,-1,3881.5,59
2022-09-19 00:08:36,2,-2,3881.5,57
2022-09-19 00:08:53,14,-12,3881.25,45
2022-09-19 00:08:57,3,-3,3881.25,42
2022-09-19 00:09:00,1,1,3881.5,43
2022-09-19 00:09:02,1,1,3881.5,44
2022-09-19 00:09:06,3,-3,3881.25,41
2022-09-19 00:09:10,4,3,3881.25,44
2022-09-19 00:09:12,1,1,3881.25,45
2022-09-19 00:09:14,1,-1,3881.0,44
2022-09-19 00:09:17,14,-10,3881.0,34
2022-09-19 00:09:21,2,2,3881.25,36
2022-09-19 00:09:24,2,2,3881.0,38
2022-09-19 00:09:25,5,3,3881.25,41
2022-09-19 00:09:27,3,-3,3881.25,38
2022-09-19 00:09:28,3,-1,3881.25,37
2022-09-19 00:09:30,1,1,3881.5,38
2022-09-19 00:09:34,1,-1,3881.25,37
2022-09-19 00:09:50,2,-2,3881.0,35
2022-09-19 00:10:00,2,-2,3881.0,33
2022-09-19 00:10:01,1,-1,3881.0,32
2022-09-19 00:10:03,1,-1,3881.0,31
2022-09-19 00:10:08,1,1,3881.0,32
2022-09-19 00:10:11,2,2,3881.0,34
2022-09-19 00:10:13,2,3,3881.25,37
2022-09-19 00:10:17,10,10,3881.25,47
2022-09-19 00:10:19,1,1,3881.25,48
2022-09-19 00:10:25,3,-3,3881.0,45
2022-09-19 00:10:32,2,2,3881.0,47
2022-09-19 00:10:34,1,-1,3880.75,46
2022-09-19 00:10:40,9,-7,3881.0,39
2022-09-19 00:10:46,5,-5,3880.75,34
2022-09-19 00:10:47,1,-1,3880.75,33
2022-09-19 00:10:49,1,-1,3880.75,32
2022-09-19 00:10:51,2,-2,3880.75,30
2022-09-19 00:10:52,1,-1,3880.75,29
2022-09-19 00:11:02,1,-1,3880.75,28
2022-09-19 00:11:04,2,-2,3880.75,26
2022-09-19 00:11:05,2,-2,3880.75,24
2022-09-19 00:11:06,1,-1,3880.75,23
2022-09-19 00:11:09,3,-2,3880.75,21
2022-09-19 00:11:10,1,-1,3880.75,20
2022-09-19 00:11:13,3,3,3881.0,23
2022-09-19 00:11:22,13,6,3881.0,29
2022-09-19 00:11:25,15,-10,3880.75,19
2022-09-19 00:11:26,24,-19,3880.75,0
2022-09-19 00:11:27,7,3,3880.25,3
2022-09-19 00:11:30,20,-7,3880.25,-4
2022-09-19 00:11:31,13,2,3880.25,-2
2022-09-19 00:11:35,2,-2,3880.0,-4
2022-09-19 00:11:38,8,-7,3880.0,-11
2022-09-19 00:11:39,4,-4,3880.0,-15
2022-09-19 00:11:40,2,1,3880.25,-14
2022-09-19 00:11:44,3,-3,3880.0,-17
2022-09-19 00:11:45,1,-1,3880.0,-18
2022-09-19 00:11:47,1,-1,3880.0,-19
2022-09-19 00:11:52,8,5,3880.25,-14
2022-09-19 00:11:55,6,6,3880.5,-8
2022-09-19 00:12:10,3,3,3880.25,-5
2022-09-19 00:12:13,2,2,3880.25,-3
2022-09-19 00:12:21,2,0,3880.25,-3
2022-09-19 00:12:22,1,-1,3880.0,-4
2022-09-19 00:12:25,2,2,3880.25,-2
2022-09-19 00:12:30,2,-2,3880.0,-4
2022-09-19 00:12:32,3,-2,3880.0,-6
2022-09-19 00:12:36,2,-2,3880.0,-8
2022-09-19 00:12:37,1,1,3880.0,-7
2022-09-19 00:12:41,9,-9,3879.75,-16
2022-09-19 00:12:42,3,2,3879.75,-14
2022-09-19 00:12:47,2,-2,3879.5,-16
2022-09-19 00:12:49,2,0,3879.75,-16
2022-09-19 00:12:52,1,-1,3879.5,-17
2022-09-19 00:12:53,5,-3,3879.75,-20
2022-09-19 00:12:56,2,2,3879.75,-18
2022-09-19 00:12:57,1,-1,3879.5,-19
2022-09-19 00:12:59,1,-1,3879.5,-20
2022-09-19 00:13:00,21,3,3879.75,-17
2022-09-19 00:13:01,1,1,3879.5,-16
2022-09-19 00:13:04,2,2,3879.5,-14
2022-09-19 00:13:07,9,-5,3879.25,-19
2022-09-19 00:13:09,6,-4,3879.25,-23
2022-09-19 00:13:10,7,7,3879.25,-16
2022-09-19 00:13:12,2,2,3879.25,-14
2022-09-19 00:13:14,3,1,3879.25,-13
2022-09-19 00:13:15,8,3,3879.25,-10
2022-09-19 00:13:17,1,1,3879.5,-9
2022-09-19 00:13:23,4,-2,3879.5,-11
2022-09-19 00:13:24,1,1,3879.5,-10
2022-09-19 00:13:25,2,2,3879.5,-8
2022-09-19 00:13:26,1,-1,3879.5,-9
2022-09-19 00:13:40,1,1,3879.5,-8
2022-09-19 00:13:48,1,-1,3879.5,-9
2022-09-19 00:13:53,1,-1,3879.5,-10
2022-09-19 00:13:55,2,0,3879.75,-10
2022-09-19 00:13:59,1,-1,3879.25,-11
2022-09-19 00:14:00,2,2,3879.75,-9
2022-09-19 00:14:01,1,-1,3879.5,-10
2022-09-19 00:14:02,1,-1,3879.5,-11
2022-09-19 00:14:03,7,3,3879.75,-8
2022-09-19 00:14:08,3,3,3880.0,-5
2022-09-19 00:14:09,1,1,3880.0,-4
2022-09-19 00:14:11,13,18,3880.25,14
2022-09-19 00:14:13,21,-32,3879.75,-18
2022-09-19 00:14:15,7,-3,3879.5,-21
2022-09-19 00:14:16,3,2,3879.75,-19
2022-09-19 00:14:19,1,1,3879.75,-18
2022-09-19 00:14:32,20,-29,3879.5,-47
2022-09-19 00:14:44,1,-1,3879.25,-48
2022-09-19 00:14:45,8,1,3879.5,-47
2022-09-19 00:14:47,3,3,3879.5,-44
2022-09-19 00:14:58,4,2,3879.5,-42
2022-09-19 00:15:04,1,-1,3879.75,-43
2022-09-19 00:15:08,1,1,3880.0,-42
2022-09-19 00:15:09,1,-1,3879.75,-43
2022-09-19 00:15:13,1,1,3879.75,-42
2022-09-19 00:15:23,5,1,3879.75,-41
2022-09-19 00:15:27,8,4,3880.0,-37
2022-09-19 00:15:32,2,-2,3879.75,-39
2022-09-19 00:15:43,3,3,3880.5,-36
2022-09-19 00:15:44,10,6,3880.75,-30
2022-09-19 00:15:51,4,3,3880.5,-27
2022-09-19 00:15:58,2,2,3880.5,-25
2022-09-19 00:16:11,3,1,3880.5,-24
2022-09-19 00:16:17,4,4,3881.0,-20
2022-09-19 00:16:18,41,15,3881.25,-5
2022-09-19 00:16:28,2,2,3881.0,-3
2022-09-19 00:16:29,6,-6,3880.75,-9
2022-09-19 00:16:33,1,1,3880.75,-8
2022-09-19 00:16:42,1,-1,3880.75,-9
2022-09-19 00:16:45,1,1,3881.0,-8
2022-09-19 00:16:48,1,-1,3880.75,-9
2022-09-19 00:16:51,12,12,3881.25,3
2022-09-19 00:16:52,1,-1,3881.0,2
2022-09-19 00:16:54,3,-3,3881.0,-1
2022-09-19 00:17:07,4,4,3881.0,3
2022-09-19 00:17:23,2,-1,3881.0,2
2022-09-19 00:17:27,8,6,3881.25,8
2022-09-19 00:17:30,3,3,3881.25,11
2022-09-19 00:17:31,1,1,3881.5,12
2022-09-19 00:17:32,2,2,3881.5,14
2022-09-19 00:17:34,9,9,3881.5,23
2022-09-19 00:17:35,2,1,3881.5,24
2022-09-19 00:17:42,7,-3,3881.5,21
2022-09-19 00:17:43,1,-1,3881.5,20
2022-09-19 00:17:51,5,-2,3881.5,18
2022-09-19 00:17:52,6,6,3881.75,24
2022-09-19 00:17:55,2,0,3881.5,24
2022-09-19 00:17:57,1,1,3881.75,25
2022-09-19 00:18:01,1,-1,3881.75,24
2022-09-19 00:18:02,4,-4,3881.75,20
2022-09-19 00:18:03,1,1,3881.75,21
2022-09-19 00:18:09,1,1,3881.75,22
2022-09-19 00:18:17,2,2,3881.75,24
2022-09-19 00:18:32,7,-5,3881.75,19
2022-09-19 00:18:37,5,-5,3881.5,14
2022-09-19 00:18:38,4,-4,3881.5,10
2022-09-19 00:18:45,13,-6,3881.5,4
2022-09-19 00:19:22,10,8,3881.75,12
2022-09-19 00:19:28,1,-1,3881.75,11
2022-09-19 00:19:30,6,-4,3881.75,7
2022-09-19 00:19:31,2,-2,3881.5,5
2022-09-19 00:19:56,4,2,3881.5,7
2022-09-19 00:20:07,2,-2,3881.25,5
2022-09-19 00:20:16,3,3,3881.5,8
2022-09-19 00:20:24,2,2,3881.75,10
2022-09-19 00:20:34,1,-1,3881.5,9
2022-09-19 00:20:38,4,4,3881.75,13
2022-09-19 00:20:40,10,-9,3881.75,4
2022-09-19 00:20:43,5,5,3882.0,9
2022-09-19 00:20:46,11,-7,3882.0,2
2022-09-19 00:21:02,22,27,3882.5,29
2022-09-19 00:21:04,3,1,3882.25,30
2022-09-19 00:21:05,2,-1,3882.25,29
2022-09-19 00:21:09,1,1,3882.25,30
2022-09-19 00:21:10,12,-5,3882.0,25
2022-09-19 00:21:13,7,-5,3882.25,20
2022-09-19 00:21:15,2,1,3882.0,21
2022-09-19 00:21:17,1,-1,3882.0,20
2022-09-19 00:21:18,3,0,3882.0,20
2022-09-19 00:21:23,5,-5,3882.0,15
2022-09-19 00:21:39,4,-1,3882.0,14
2022-09-19 00:21:50,1,-1,3882.0,13
2022-09-19 00:21:57,3,3,3882.25,16
2022-09-19 00:22:00,6,6,3882.5,22
2022-09-19 00:22:09,9,8,3883.0,30
2022-09-19 00:22:10,4,1,3882.75,31
2022-09-19 00:22:24,1,-1,3882.75,30
2022-09-19 00:22:26,3,-3,3882.75,27
2022-09-19 00:22:27,4,-4,3882.5,23
2022-09-19 00:22:35,1,-1,3882.5,22
2022-09-19 00:22:39,1,-1,3882.5,21
2022-09-19 00:22:40,4,-4,3882.5,17
2022-09-19 00:23:00,1,1,3882.5,18
2022-09-19 00:23:02,1,1,3882.5,19
2022-09-19 00:23:10,1,-1,3882.5,18
2022-09-19 00:23:23,1,-1,3882.25,17
2022-09-19 00:23:24,9,9,3882.5,26
2022-09-19 00:23:30,2,0,3882.5,26
2022-09-19 00:23:36,1,1,3882.5,27
2022-09-19 00:23:42,1,-1,3882.5,26
2022-09-19 00:23:47,1,1,3882.75,27
2022-09-19 00:23:53,8,7,3882.75,34
2022-09-19 00:23:57,4,2,3883.0,36
2022-09-19 00:23:59,9,-5,3882.75,31
2022-09-19 00:24:06,1,1,3882.75,32
2022-09-19 00:24:14,1,-1,3882.5,31
2022-09-19 00:24:16,1,-1,3882.5,30
2022-09-19 00:24:22,1,1,3882.5,31
2022-09-19 00:24:23,1,1,3882.75,32
2022-09-19 00:24:33,4,0,3882.75,32
2022-09-19 00:24:39,1,-1,3882.5,31
2022-09-19 00:24:49,2,-2,3882.5,29
2022-09-19 00:24:59,3,-2,3882.5,27
2022-09-19 00:25:12,1,-1,3882.5,26
2022-09-19 00:25:15,2,-1,3882.5,25
2022-09-19 00:25:16,1,-1,3882.5,24
2022-09-19 00:25:23,1,1,3882.5,25
2022-09-19 00:25:27,1,1,3882.5,26
2022-09-19 00:25:28,7,7,3882.75,33
2022-09-19 00:25:41,7,-6,3882.5,27
2022-09-19 00:25:49,1,-1,3882.5,26
2022-09-19 00:25:53,32,-30,3882.25,-4
2022-09-19 00:25:57,3,-1,3881.75,-5
2022-09-19 00:25:59,5,-1,3881.75,-6
2022-09-19 00:26:03,1,1,3881.75,-5
2022-09-19 00:26:10,1,-1,3881.5,-6
2022-09-19 00:26:11,2,0,3881.75,-6
2022-09-19 00:26:12,3,3,3881.75,-3
2022-09-19 00:26:13,1,-1,3881.5,-4
2022-09-19 00:26:18,1,1,3881.75,-3
2022-09-19 00:26:20,1,1,3881.75,-2
2022-09-19 00:26:46,7,5,3881.75,3
2022-09-19 00:26:49,8,-8,3881.5,-5
2022-09-19 00:26:56,1,-1,3881.5,-6
2022-09-19 00:26:57,2,2,3881.5,-4
2022-09-19 00:27:01,1,-1,3881.5,-5
2022-09-19 00:27:03,11,-18,3881.5,-23
2022-09-19 00:27:05,3,-3,3881.25,-26
2022-09-19 00:27:06,6,-4,3881.25,-30
2022-09-19 00:27:08,9,6,3881.25,-24
2022-09-19 00:27:11,1,1,3881.5,-23
2022-09-19 00:27:12,1,1,3881.5,-22
2022-09-19 00:27:14,7,5,3881.5,-17
2022-09-19 00:27:15,1,-1,3881.5,-18
2022-09-19 00:27:18,3,3,3881.75,-15
2022-09-19 00:27:19,7,7,3882.25,-8
2022-09-19 00:27:22,1,-1,3882.0,-9
2022-09-19 00:27:30,3,-3,3882.0,-12
2022-09-19 00:27:31,1,-1,3882.0,-13
2022-09-19 00:27:32,3,-1,3882.0,-14
2022-09-19 00:27:40,2,2,3882.0,-12
2022-09-19 00:27:41,1,1,3882.0,-11
2022-09-19 00:27:43,2,2,3882.0,-9
2022-09-19 00:27:51,1,1,3882.0,-8
2022-09-19 00:28:03,5,-5,3882.0,-13
2022-09-19 00:28:08,12,6,3882.25,-7
2022-09-19 00:28:26,2,-2,3882.0,-9
2022-09-19 00:28:31,1,-1,3881.75,-10
2022-09-19 00:28:41,3,3,3882.0,-7
2022-09-19 00:28:48,6,-4,3882.25,-11
2022-09-19 00:29:00,1,1,3882.0,-10
2022-09-19 00:29:16,11,-10,3881.75,-20
2022-09-19 00:29:30,1,-1,3881.5,-21
2022-09-19 00:29:40,1,-1,3881.25,-22
2022-09-19 00:29:45,2,2,3881.5,-20
2022-09-19 00:29:51,1,1,3881.5,-19
2022-09-19 00:29:53,6,6,3881.75,-13
2022-09-19 00:30:00,1,1,3881.75,-12
2022-09-19 00:30:01,1,1,3881.75,-11
2022-09-19 00:30:06,3,-1,3881.75,-12
2022-09-19 00:30:23,1,-1,3881.75,-13
2022-09-19 00:30:26,2,-2,3881.75,-15
2022-09-19 00:31:12,2,0,3882.25,-15
2022-09-19 00:31:20,1,1,3882.5,-14
2022-09-19 00:31:28,10,6,3882.5,-8
2022-09-19 00:31:32,7,5,3883.0,-3
2022-09-19 00:31:33,1,1,3883.0,-2
2022-09-19 00:31:34,2,-1,3882.75,-3
2022-09-19 00:31:37,3,3,3882.75,0
2022-09-19 00:31:42,2,2,3882.75,2
2022-09-19 00:31:43,3,-3,3882.75,-1
2022-09-19 00:31:47,2,2,3882.75,1
2022-09-19 00:31:49,1,1,3882.75,2
2022-09-19 00:32:02,1,1,3882.75,3
2022-09-19 00:32:03,5,-5,3882.5,-2
2022-09-19 00:32:04,1,1,3882.75,-1
2022-09-19 00:32:05,1,-1,3882.75,-2
2022-09-19 00:32:06,1,-1,3882.75,-3
2022-09-19 00:32:09,1,1,3883.0,-2
2022-09-19 00:32:11,1,-1,3882.75,-3
2022-09-19 00:32:18,1,-1,3882.75,-4
2022-09-19 00:32:21,8,-5,3882.75,-9
2022-09-19 00:32:25,2,-2,3882.5,-11
2022-09-19 00:32:27,1,1,3882.5,-10
2022-09-19 00:32:47,2,-2,3882.25,-12
2022-09-19 00:32:57,10,-8,3882.25,-20
2022-09-19 00:33:03,3,-3,3882.0,-23
2022-09-19 00:33:05,2,2,3882.25,-21
2022-09-19 00:33:06,1,-1,3882.25,-22
2022-09-19 00:33:47,1,-1,3882.0,-23
2022-09-19 00:33:52,3,-1,3882.25,-24
2022-09-19 00:33:56,1,-1,3882.25,-25
2022-09-19 00:34:16,3,3,3882.5,-22
2022-09-19 00:34:17,3,3,3882.75,-19
2022-09-19 00:34:29,3,-3,3882.5,-22
2022-09-19 00:35:00,23,19,3882.75,-3
2022-09-19 00:35:04,3,3,3883.0,0
2022-09-19 00:35:06,1,-1,3882.75,-1
2022-09-19 00:35:08,13,10,3883.25,9
2022-09-19 00:35:10,14,5,3883.5,14
2022-09-19 00:35:11,2,2,3883.25,16
2022-09-19 00:35:12,5,5,3883.5,21
2022-09-19 00:35:16,1,-1,3883.25,20
2022-09-19 00:35:17,1,-1,3883.25,19
2022-09-19 00:35:29,1,1,3883.25,20
2022-09-19 00:35:31,2,0,3883.25,20
2022-09-19 00:35:34,1,1,3883.25,21
2022-09-19 00:35:35,2,2,3883.25,23
2022-09-19 00:35:38,1,-1,3883.25,22
2022-09-19 00:35:43,2,2,3883.5,24
2022-09-19 00:35:52,13,9,3883.5,33
2022-09-19 00:36:01,5,-5,3883.5,28
2022-09-19 00:36:03,6,-6,3883.25,22
2022-09-19 00:36:07,7,-6,3883.25,16
2022-09-19 00:36:08,12,11,3883.5,27
2022-09-19 00:36:28,2,-2,3883.25,25
2022-09-19 00:36:32,4,-3,3883.25,22
2022-09-19 00:36:33,2,-1,3883.25,21
2022-09-19 00:36:34,1,1,3883.25,22
2022-09-19 00:36:35,1,-1,3883.25,21
2022-09-19 00:36:40,10,-6,3883.0,15
2022-09-19 00:36:53,7,-9,3882.75,6
2022-09-19 00:36:57,2,-2,3882.75,4
2022-09-19 00:37:03,1,-1,3882.75,3
2022-09-19 00:37:08,4,4,3882.75,7
2022-09-19 00:37:13,1,-1,3882.75,6
2022-09-19 00:37:39,6,-6,3882.5,0
2022-09-19 00:37:41,2,2,3882.5,2
2022-09-19 00:37:52,3,-3,3882.25,-1
2022-09-19 00:37:59,1,-1,3882.5,-2
2022-09-19 00:38:16,2,-2,3882.5,-4
2022-09-19 00:38:19,8,6,3882.75,2
2022-09-19 00:38:27,1,-1,3882.75,1
2022-09-19 00:38:37,2,-2,3882.5,-1
2022-09-19 00:38:53,1,-1,3882.5,-2
2022-09-19 00:39:03,1,-1,3882.25,-3
2022-09-19 00:39:26,1,1,3882.5,-2
2022-09-19 00:39:52,11,-10,3882.5,-12
2022-09-19 00:40:12,1,-1,3882.5,-13
2022-09-19 00:40:16,2,-2,3882.5,-15
2022-09-19 00:40:18,3,-3,3882.25,-18
2022-09-19 00:40:19,2,-2,3882.25,-20
2022-09-19 00:40:27,1,-1,3882.0,-21
2022-09-19 00:40:35,1,-1,3882.0,-22
2022-09-19 00:40:36,1,-1,3882.0,-23
2022-09-19 00:40:39,2,2,3882.0,-21
2022-09-19 00:40:48,1,1,3882.25,-20
2022-09-19 00:40:50,1,-1,3882.0,-21
2022-09-19 00:41:20,8,7,3882.25,-14
2022-09-19 00:41:29,1,1,3882.25,-13
2022-09-19 00:41:47,4,2,3882.25,-11
2022-09-19 00:41:50,1,-1,3882.0,-12
2022-09-19 00:42:00,1,-1,3882.0,-13
2022-09-19 00:42:12,3,-3,3882.0,-16
2022-09-19 00:42:19,4,0,3882.25,-16
2022-09-19 00:42:20,6,6,3882.25,-10
2022-09-19 00:42:28,5,-5,3882.0,-15
2022-09-19 00:42:38,1,1,3882.25,-14
2022-09-19 00:42:41,2,2,3882.25,-12
2022-09-19 00:42:54,1,1,3882.25,-11
2022-09-19 00:42:59,1,-1,3882.25,-12
2022-09-19 00:43:01,2,-2,3882.0,-14
2022-09-19 00:43:14,12,-8,3882.25,-22
2022-09-19 00:43:29,1,-1,3882.0,-23
2022-09-19 00:43:31,1,-1,3882.0,-24
2022-09-19 00:43:41,2,-2,3882.0,-26
2022-09-19 00:44:03,5,5,3882.5,-21
2022-09-19 00:44:06,2,2,3882.5,-19
2022-09-19 00:44:11,3,3,3882.5,-16
2022-09-19 00:44:24,1,1,3882.5,-15
2022-09-19 00:44:32,2,2,3882.5,-13
2022-09-19 00:44:37,2,2,3882.75,-11
2022-09-19 00:44:48,1,1,3882.75,-10
2022-09-19 00:44:54,11,-9,3882.5,-19
2022-09-19 00:44:57,1,-1,3882.25,-20
2022-09-19 00:44:58,4,4,3882.5,-16
2022-09-19 00:45:00,5,-5,3882.25,-21
2022-09-19 00:45:02,2,2,3882.25,-19
2022-09-19 00:45:11,1,-1,3882.0,-20
2022-09-19 00:45:12,4,-4,3882.0,-24
2022-09-19 00:45:26,1,1,3882.25,-23
2022-09-19 00:45:35,2,-2,3882.25,-25
2022-09-19 00:45:59,1,-1,3882.25,-26
2022-09-19 00:46:00,7,-7,3882.25,-33
2022-09-19 00:46:11,27,-11,3882.0,-44
2022-09-19 00:46:14,2,2,3882.0,-42
2022-09-19 00:46:15,2,-2,3882.0,-44
2022-09-19 00:46:21,6,5,3882.0,-39
2022-09-19 00:46:24,2,2,3882.0,-37
2022-09-19 00:46:26,40,-31,3882.0,-68
2022-09-19 00:46:27,8,2,3881.75,-66
2022-09-19 00:46:28,4,-4,3881.5,-70
2022-09-19 00:46:29,2,1,3881.75,-69
2022-09-19 00:46:32,1,-1,3881.5,-70
2022-09-19 00:46:34,1,-1,3881.5,-71
2022-09-19 00:46:38,4,0,3881.75,-71
2022-09-19 00:46:39,5,-1,3881.5,-72
2022-09-19 00:46:40,2,0,3881.75,-72
2022-09-19 00:46:41,2,-2,3881.5,-74
2022-09-19 00:46:44,16,-8,3881.5,-82
2022-09-19 00:46:45,9,-1,3881.25,-83
2022-09-19 00:46:47,1,-1,3881.25,-84
2022-09-19 00:46:50,1,-1,3881.25,-85
2022-09-19 00:46:51,1,-1,3881.25,-86
2022-09-19 00:46:54,1,-1,3881.25,-87
2022-09-19 00:46:55,27,18,3881.75,-69
2022-09-19 00:47:21,5,-5,3881.75,-74
2022-09-19 00:47:29,1,-1,3881.75,-75
2022-09-19 00:47:31,3,2,3882.0,-73
2022-09-19 00:47:32,22,-4,3882.0,-77
2022-09-19 00:47:39,2,2,3882.25,-75
2022-09-19 00:47:46,20,14,3882.5,-61
2022-09-19 00:47:47,2,0,3882.75,-61
2022-09-19 00:47:49,10,-5,3882.75,-66
2022-09-19 00:47:50,1,1,3882.75,-65
2022-09-19 00:47:51,3,2,3882.75,-63
2022-09-19 00:47:54,1,1,3883.0,-62
2022-09-19 00:47:55,3,1,3883.0,-61
2022-09-19 00:47:56,2,2,3883.0,-59
2022-09-19 00:47:57,4,0,3883.0,-59
2022-09-19 00:47:58,5,5,3882.75,-54
2022-09-19 00:48:01,2,2,3882.75,-52
2022-09-19 00:48:03,13,-10,3882.75,-62
2022-09-19 00:48:06,3,1,3882.75,-61
2022-09-19 00:48:12,6,3,3882.75,-58
2022-09-19 00:48:28,2,0,3882.75,-58
2022-09-19 00:48:31,2,-1,3882.75,-59
2022-09-19 00:48:36,1,-1,3882.5,-60
2022-09-19 00:48:39,20,-6,3882.5,-66
2022-09-19 00:48:41,8,2,3882.5,-64
2022-09-19 00:48:45,9,-9,3882.25,-73
2022-09-19 00:48:48,1,1,3882.25,-72
2022-09-19 00:48:58,12,9,3882.25,-63
2022-09-19 00:49:03,5,-4,3882.0,-67
2022-09-19 00:49:10,1,-1,3882.0,-68
2022-09-19 00:49:26,14,5,3882.5,-63
2022-09-19 00:49:34,13,8,3882.75,-55
2022-09-19 00:49:38,9,5,3882.75,-50
2022-09-19 00:49:41,24,13,3883.0,-37
2022-09-19 00:49:42,2,-2,3882.75,-39
2022-09-19 00:49:46,1,-1,3882.5,-40
2022-09-19 00:49:50,16,-7,3882.5,-47
2022-09-19 00:50:00,2,2,3882.25,-45
2022-09-19 00:50:01,2,-2,3882.25,-47
2022-09-19 00:50:08,18,13,3882.5,-34
2022-09-19 00:50:13,5,-5,3882.25,-39
2022-09-19 00:50:15,1,1,3882.25,-38
2022-09-19 00:50:17,2,-1,3882.25,-39
2022-09-19 00:50:24,1,1,3882.25,-38
2022-09-19 00:50:27,8,7,3882.5,-31
2022-09-19 00:50:29,13,3,3882.5,-28
2022-09-19 00:50:31,1,-1,3882.5,-29
2022-09-19 00:50:34,10,8,3882.75,-21
2022-09-19 00:50:36,2,1,3882.75,-20
2022-09-19 00:50:38,15,8,3883.0,-12
2022-09-19 00:50:41,2,-2,3882.75,-14
2022-09-19 00:50:43,9,-6,3882.75,-20
2022-09-19 00:50:47,29,-4,3882.5,-24
2022-09-19 00:50:49,1,-1,3882.5,-25
2022-09-19 00:50:55,45,12,3882.75,-13
2022-09-19 00:51:00,1,-1,3882.5,-14
2022-09-19 00:51:02,39,-15,3882.5,-29
2022-09-19 00:51:03,3,-1,3882.5,-30
2022-09-19 00:51:05,10,-1,3882.5,-31
2022-09-19 00:51:10,36,5,3882.5,-26
2022-09-19 00:51:13,4,-1,3882.5,-27
2022-09-19 00:51:19,1,-1,3882.5,-28
2022-09-19 00:51:20,20,-4,3882.75,-32
2022-09-19 00:51:22,5,0,3882.5,-32
2022-09-19 00:51:43,1,-1,3882.25,-33
2022-09-19 00:51:54,11,8,3882.75,-25
2022-09-19 00:51:57,1,-1,3882.5,-26
2022-09-19 00:52:02,4,-4,3882.5,-30
2022-09-19 00:52:05,2,1,3882.5,-29
2022-09-19 00:52:23,2,-2,3882.5,-31
2022-09-19 00:52:25,14,-14,3882.25,-45
2022-09-19 00:52:26,6,-4,3882.5,-49
2022-09-19 00:52:27,2,2,3882.25,-47
2022-09-19 00:52:31,13,-3,3882.0,-50
2022-09-19 00:52:34,6,-5,3881.75,-55
2022-09-19 00:52:35,1,-1,3881.75,-56
2022-09-19 00:52:36,89,-2,3881.75,-58
2022-09-19 00:52:38,3,2,3881.75,-56
2022-09-19 00:52:39,1,-1,3881.75,-57
2022-09-19 00:52:44,5,-5,3881.75,-62
2022-09-19 00:52:47,1,1,3881.75,-61
2022-09-19 00:52:53,7,7,3881.75,-54
2022-09-19 00:52:58,6,-6,3881.5,-60
2022-09-19 00:53:00,1,-1,3881.5,-61
2022-09-19 00:53:01,11,6,3881.75,-55
2022-09-19 00:53:02,1,1,3882.0,-54
2022-09-19 00:53:09,1,-1,3881.75,-55
2022-09-19 00:53:10,6,4,3882.25,-51
2022-09-19 00:53:11,1,1,3882.0,-50
2022-09-19 00:53:14,2,-2,3881.75,-52
2022-09-19 00:53:20,17,25,3882.25,-27
2022-09-19 00:53:26,4,0,3882.0,-27
2022-09-19 00:53:48,2,0,3882.0,-27
2022-09-19 00:54:03,2,-1,3882.0,-28
2022-09-19 00:54:05,6,6,3882.25,-22
2022-09-19 00:54:08,11,5,3882.25,-17
2022-09-19 00:54:15,1,-1,3882.25,-18
2022-09-19 00:54:19,3,-3,3882.25,-21
2022-09-19 00:54:20,3,-3,3882.25,-24
2022-09-19 00:54:21,1,1,3882.25,-23
2022-09-19 00:54:32,1,1,3882.25,-22
2022-09-19 00:54:35,1,1,3882.5,-21
2022-09-19 00:54:57,11,-6,3882.25,-27
2022-09-19 00:54:59,3,-1,3882.25,-28
2022-09-19 00:55:00,2,-2,3882.25,-30
2022-09-19 00:55:06,2,-2,3882.0,-32
2022-09-19 00:55:11,8,7,3882.25,-25
2022-09-19 00:55:15,1,-1,3882.25,-26
2022-09-19 00:55:18,4,4,3882.5,-22
2022-09-19 00:55:27,6,4,3882.75,-18
2022-09-19 00:55:29,8,7,3882.75,-11
2022-09-19 00:55:30,3,3,3883.0,-8
2022-09-19 00:55:34,1,-1,3882.75,-9
2022-09-19 00:55:41,4,-4,3882.75,-13
2022-09-19 00:55:45,2,2,3883.0,-11
2022-09-19 00:55:54,1,1,3883.0,-10
2022-09-19 00:56:03,7,-7,3882.75,-17
2022-09-19 00:56:11,1,1,3883.0,-16
2022-09-19 00:56:13,10,2,3883.0,-14
2022-09-19 00:56:18,1,-1,3882.75,-15
2022-09-19 00:56:25,1,-1,3882.75,-16
2022-09-19 00:56:33,2,-2,3882.75,-18
2022-09-19 00:56:38,3,3,3882.75,-15
2022-09-19 00:56:43,3,-3,3882.75,-18
2022-09-19 00:56:50,10,9,3883.0,-9
2022-09-19 00:56:52,13,-6,3882.75,-15
2022-09-19 00:56:56,4,-4,3882.75,-19
2022-09-19 00:57:04,7,10,3883.0,-9
2022-09-19 00:57:05,4,-1,3882.75,-10
2022-09-19 00:57:12,1,-1,3882.75,-11
2022-09-19 00:57:15,1,1,3883.0,-10
2022-09-19 00:57:16,2,-2,3882.75,-12
2022-09-19 00:57:25,4,3,3882.75,-9
2022-09-19 00:57:27,10,9,3883.0,0
2022-09-19 00:57:28,6,3,3883.0,3
2022-09-19 00:57:31,3,-2,3883.0,1
2022-09-19 00:57:38,2,1,3883.0,2
2022-09-19 00:57:45,1,1,3883.0,3
2022-09-19 00:57:51,5,2,3883.0,5
2022-09-19 00:57:59,2,2,3883.25,7
2022-09-19 00:58:03,5,-5,3883.0,2
2022-09-19 00:58:07,1,1,3883.25,3
2022-09-19 00:58:08,2,-2,3883.0,1
2022-09-19 00:58:09,1,1,3883.25,2
2022-09-19 00:58:11,1,1,3883.25,3
2022-09-19 00:58:13,1,-1,3883.0,2
2022-09-19 00:58:21,1,1,3883.25,3
2022-09-19 00:58:39,15,-6,3883.0,-3
2022-09-19 00:58:43,2,2,3883.0,-1
2022-09-19 00:58:45,2,-2,3882.75,-3
2022-09-19 00:59:27,10,-9,3882.75,-12
2022-09-19 00:59:31,2,-2,3882.5,-14
2022-09-19 00:59:34,15,-6,3882.75,-20
2022-09-19 00:59:35,2,2,3882.75,-18
2022-09-19 00:59:38,1,-1,3882.5,-19
2022-09-19 00:59:52,1,-1,3882.5,-20
2022-09-19 00:59:54,1,1,3882.75,-19
2022-09-19 01:00:01,1,1,3882.75,-18
2022-09-19 01:00:02,8,-8,3882.5,-26
2022-09-19 01:00:04,4,0,3882.5,-26
2022-09-19 01:00:05,1,1,3882.75,-25
2022-09-19 01:00:06,2,2,3882.5,-23
2022-09-19 01:00:07,5,3,3882.5,-20
2022-09-19 01:00:08,25,-3,3882.5,-23
2022-09-19 01:00:15,3,-3,3882.25,-26
2022-09-19 01:00:30,22,-16,3882.25,-42
2022-09-19 01:00:31,1,-1,3882.25,-43
2022-09-19 01:00:32,1,-1,3882.25,-44
2022-09-19 01:00:37,6,-6,3882.0,-50
2022-09-19 01:00:48,8,8,3882.0,-42
2022-09-19 01:00:50,3,3,3882.0,-39
2022-09-19 01:00:56,6,5,3882.25,-34
2022-09-19 01:00:59,4,-4,3882.0,-38
2022-09-19 01:01:03,46,-39,3882.0,-77
2022-09-19 01:01:07,2,1,3882.0,-76
2022-09-19 01:01:08,17,12,3882.25,-64
2022-09-19 01:01:09,1,1,3882.25,-63
2022-09-19 01:01:11,26,17,3882.5,-46
2022-09-19 01:01:17,1,-1,3882.25,-47
2022-09-19 01:01:19,1,-1,3882.25,-48
2022-09-19 01:01:21,3,-3,3882.25,-51
2022-09-19 01:01:27,16,4,3882.5,-47
2022-09-19 01:01:28,6,3,3882.5,-44
2022-09-19 01:01:29,1,1,3882.5,-43
2022-09-19 01:01:31,8,-8,3882.25,-51
2022-09-19 01:01:44,1,-1,3882.0,-52
2022-09-19 01:01:48,13,-8,3882.0,-60
2022-09-19 01:01:51,12,-10,3881.75,-70
2022-09-19 01:01:53,2,2,3881.75,-68
2022-09-19 01:01:57,7,-1,3881.75,-69
2022-09-19 01:01:58,1,-1,3881.5,-70
2022-09-19 01:01:59,1,1,3881.75,-69
2022-09-19 01:02:03,3,-3,3881.5,-72
2022-09-19 01:02:04,10,9,3881.75,-63
2022-09-19 01:02:10,1,-1,3881.5,-64
2022-09-19 01:02:12,1,1,3881.75,-63
2022-09-19 01:02:18,2,-2,3881.75,-65
2022-09-19 01:02:25,1,-1,3881.75,-66
2022-09-19 01:02:26,1,1,3881.75,-65
2022-09-19 01:02:35,1,1,3881.75,-64
2022-09-19 01:02:40,1,1,3881.75,-63
2022-09-19 01:02:45,2,2,3881.75,-61
2022-09-19 01:02:47,1,1,3881.75,-60
2022-09-19 01:02:56,1,-1,3881.5,-61
2022-09-19 01:02:59,24,-20,3881.5,-81
2022-09-19 01:03:01,1,-1,3881.25,-82
2022-09-19 01:03:03,13,-10,3881.25,-92
2022-09-19 01:03:04,2,0,3881.5,-92
2022-09-19 01:03:05,1,-1,3881.25,-93
2022-09-19 01:03:06,2,0,3881.5,-93
2022-09-19 01:03:07,1,-1,3881.25,-94
2022-09-19 01:03:08,18,-5,3881.25,-99
2022-09-19 01:03:10,1,1,3881.25,-98
2022-09-19 01:03:11,3,0,3881.25,-98
2022-09-19 01:03:20,17,-15,3881.0,-113
2022-09-19 01:03:21,1,-1,3881.0,-114
2022-09-19 01:03:22,1,-1,3881.0,-115
2022-09-19 01:03:24,1,-1,3881.0,-116
2022-09-19 01:03:26,31,19,3881.5,-97
2022-09-19 01:03:27,1,-1,3881.5,-98
2022-09-19 01:03:30,21,20,3882.0,-78
2022-09-19 01:03:35,2,-2,3881.5,-80
2022-09-19 01:03:39,1,1,3881.75,-79
2022-09-19 01:03:40,6,0,3881.75,-79
2022-09-19 01:03:41,1,-1,3881.5,-80
2022-09-19 01:03:43,1,1,3881.75,-79
2022-09-19 01:03:49,1,-1,3881.75,-80
2022-09-19 01:03:51,2,-2,3881.75,-82
2022-09-19 01:03:54,1,-1,3881.75,-83
2022-09-19 01:03:55,1,1,3881.75,-82
2022-09-19 01:04:00,5,1,3882.0,-81
2022-09-19 01:04:01,1,-1,3881.75,-82
2022-09-19 01:04:03,15,-15,3882.0,-97
2022-09-19 01:04:04,6,5,3882.0,-92
2022-09-19 01:04:06,5,-3,3882.0,-95
2022-09-19 01:04:07,1,1,3882.0,-94
2022-09-19 01:04:11,3,1,3882.0,-93
2022-09-19 01:04:14,1,-1,3881.75,-94
2022-09-19 01:04:15,6,6,3882.0,-88
2022-09-19 01:04:20,1,-1,3881.75,-89
2022-09-19 01:04:21,1,-1,3881.75,-90
2022-09-19 01:04:26,1,1,3881.75,-89
2022-09-19 01:04:29,1,-1,3881.5,-90
2022-09-19 01:04:33,35,-31,3881.5,-121
2022-09-19 01:04:35,1,1,3881.5,-120
2022-09-19 01:04:37,1,1,3881.5,-119
2022-09-19 01:04:41,11,7,3881.5,-112
2022-09-19 01:04:42,3,3,3881.75,-109
2022-09-19 01:04:55,3,2,3881.5,-107
2022-09-19 01:05:01,5,4,3881.75,-103
2022-09-19 01:05:04,2,-2,3881.75,-105
2022-09-19 01:05:08,1,-1,3881.75,-106
2022-09-19 01:05:09,7,-7,3881.75,-113
2022-09-19 01:05:10,7,-7,3881.5,-120
2022-09-19 01:05:11,6,6,3881.75,-114
2022-09-19 01:05:18,1,-1,3881.75,-115
2022-09-19 01:05:21,1,1,3881.75,-114
2022-09-19 01:05:25,2,2,3881.75,-112
2022-09-19 01:05:34,1,-1,3881.5,-113
2022-09-19 01:05:46,1,1,3881.75,-112
2022-09-19 01:05:47,1,1,3881.75,-111
2022-09-19 01:06:02,2,2,3881.75,-109
2022-09-19 01:06:03,2,-2,3881.5,-111
2022-09-19 01:06:10,1,1,3881.75,-110
2022-09-19 01:06:12,4,-4,3881.5,-114
2022-09-19 01:06:15,1,-1,3881.75,-115
2022-09-19 01:06:23,3,0,3881.75,-115
2022-09-19 01:06:26,1,1,3881.75,-114
2022-09-19 01:06:31,2,0,3882.0,-114
2022-09-19 01:06:37,1,1,3882.0,-113
2022-09-19 01:06:40,7,7,3882.0,-106
2022-09-19 01:06:41,1,1,3882.25,-105
2022-09-19 01:06:43,2,-2,3882.0,-107
2022-09-19 01:06:51,1,1,3882.0,-106
2022-09-19 01:06:55,2,-2,3882.0,-108
2022-09-19 01:07:01,2,0,3882.0,-108
2022-09-19 01:07:03,2,-2,3881.75,-110
2022-09-19 01:07:04,1,-1,3881.75,-111
2022-09-19 01:07:10,6,-6,3881.5,-117
2022-09-19 01:07:12,1,1,3881.75,-116
2022-09-19 01:07:16,3,3,3881.75,-113
2022-09-19 01:07:35,1,1,3881.75,-112
2022-09-19 01:07:36,1,1,3881.75,-111
2022-09-19 01:07:42,2,-2,3881.75,-113
2022-09-19 01:08:02,1,1,3882.0,-112
2022-09-19 01:08:04,4,0,3882.0,-112
2022-09-19 01:08:05,2,2,3882.0,-110
2022-09-19 01:08:08,1,-1,3882.0,-111
2022-09-19 01:08:22,18,9,3882.25,-102
2022-09-19 01:08:23,21,13,3882.5,-89
2022-09-19 01:08:24,25,15,3882.5,-74
2022-09-19 01:08:25,41,20,3883.0,-54
2022-09-19 01:08:26,1,-1,3882.75,-55
2022-09-19 01:08:27,11,7,3883.0,-48
2022-09-19 01:08:28,1,-1,3882.75,-49
2022-09-19 01:08:30,3,3,3883.0,-46
2022-09-19 01:08:31,1,-1,3882.75,-47
2022-09-19 01:08:38,1,1,3883.0,-46
2022-09-19 01:08:40,1,-1,3882.75,-47
2022-09-19 01:08:44,11,9,3883.0,-38
2022-09-19 01:08:46,1,1,3883.25,-37
2022-09-19 01:08:47,1,1,3883.25,-36
2022-09-19 01:08:48,1,1,3883.25,-35
2022-09-19 01:08:54,11,-9,3883.0,-44
2022-09-19 01:08:55,1,1,3883.0,-43
2022-09-19 01:08:57,5,-5,3882.75,-48
2022-09-19 01:09:03,13,-12,3882.5,-60
2022-09-19 01:09:04,1,-1,3882.5,-61
2022-09-19 01:09:07,2,-2,3882.5,-63
2022-09-19 01:09:08,1,-1,3882.25,-64
2022-09-19 01:09:11,3,-3,3882.25,-67
2022-09-19 01:09:14,12,-12,3882.25,-79
2022-09-19 01:09:16,2,2,3882.25,-77
2022-09-19 01:09:19,3,-2,3882.0,-79
2022-09-19 01:09:23,1,1,3882.25,-78
2022-09-19 01:09:25,3,3,3882.25,-75
2022-09-19 01:09:26,1,-1,3882.25,-76
2022-09-19 01:09:35,2,0,3882.25,-76
2022-09-19 01:09:42,1,-1,3882.0,-77
2022-09-19 01:09:59,4,4,3882.5,-73
2022-09-19 01:10:01,1,-1,3882.25,-74
2022-09-19 01:10:05,2,2,3882.5,-72
2022-09-19 01:10:06,5,-5,3882.25,-77
2022-09-19 01:10:07,1,1,3882.5,-76
2022-09-19 01:10:17,21,8,3882.5,-68
2022-09-19 01:10:18,39,41,3883.0,-27
2022-09-19 01:10:20,1,-1,3882.75,-28
2022-09-19 01:10:21,4,4,3883.0,-24
2022-09-19 01:10:25,1,-1,3882.75,-25
2022-09-19 01:10:27,4,4,3883.0,-21
2022-09-19 01:10:31,1,-1,3882.75,-22
2022-09-19 01:10:35,3,-1,3883.0,-23
2022-09-19 01:10:37,1,-1,3882.75,-24
2022-09-19 01:10:44,1,1,3883.0,-23
2022-09-19 01:10:49,3,1,3883.0,-22
2022-09-19 01:10:52,5,3,3883.25,-19
2022-09-19 01:10:55,3,-2,3883.0,-21
2022-09-19 01:10:58,2,2,3883.25,-19
2022-09-19 01:11:01,2,0,3883.25,-19
2022-09-19 01:11:03,13,-10,3883.25,-29
2022-09-19 01:11:05,1,1,3883.25,-28
2022-09-19 01:11:07,2,-2,3883.25,-30
2022-09-19 01:11:12,37,22,3883.75,-8
2022-09-19 01:11:18,1,-1,3883.25,-9
2022-09-19 01:11:29,1,1,3883.5,-8
2022-09-19 01:11:30,3,3,3883.5,-5
2022-09-19 01:11:37,10,-10,3883.25,-15
2022-09-19 01:11:42,3,-3,3883.0,-18
2022-09-19 01:11:44,5,-2,3883.0,-20
2022-09-19 01:11:53,15,-14,3882.75,-34
2022-09-19 01:11:56,14,-14,3882.5,-48
2022-09-19 01:12:00,3,-3,3882.25,-51
2022-09-19 01:12:01,3,-3,3882.0,-54
2022-09-19 01:12:02,1,-1,3882.0,-55
2022-09-19 01:12:03,9,9,3882.5,-46
2022-09-19 01:12:04,1,1,3882.5,-45
2022-09-19 01:12:05,3,-3,3882.25,-48
2022-09-19 01:12:09,10,7,3882.5,-41
2022-09-19 01:12:12,2,2,3882.5,-39
2022-09-19 01:12:16,16,7,3882.5,-32
2022-09-19 01:12:23,4,-4,3882.25,-36
2022-09-19 01:12:33,5,3,3882.25,-33
2022-09-19 01:12:40,46,-44,3882.0,-77
2022-09-19 01:12:41,2,2,3881.5,-75
2022-09-19 01:12:43,16,13,3881.5,-62
2022-09-19 01:12:44,1,1,3881.5,-61
2022-09-19 01:12:46,3,3,3881.5,-58
2022-09-19 01:12:48,1,1,3881.5,-57
2022-09-19 01:12:51,29,-25,3881.5,-82
2022-09-19 01:12:52,4,-2,3881.25,-84
2022-09-19 01:12:53,2,2,3881.25,-82
2022-09-19 01:12:54,2,0,3881.25,-82
2022-09-19 01:13:03,31,-35,3881.0,-117
2022-09-19 01:13:06,25,10,3881.5,-107
2022-09-19 01:13:08,7,-1,3881.75,-108
2022-09-19 01:13:11,6,-1,3881.5,-109
2022-09-19 01:13:13,1,-1,3881.5,-110
2022-09-19 01:13:22,2,-2,3881.5,-112
2022-09-19 01:13:32,15,14,3882.25,-98
2022-09-19 01:13:33,2,2,3882.25,-96
2022-09-19 01:13:34,1,1,3882.25,-95
2022-09-19 01:13:35,1,1,3882.5,-94
2022-09-19 01:13:37,2,0,3882.75,-94
2022-09-19 01:13:38,4,2,3883.0,-92
2022-09-19 01:13:39,1,-1,3882.75,-93
2022-09-19 01:13:42,11,0,3883.0,-93
2022-09-19 01:13:43,4,-2,3883.25,-95
2022-09-19 01:13:44,3,3,3883.0,-92
2022-09-19 01:13:45,5,-4,3883.0,-96
2022-09-19 01:13:46,3,1,3882.75,-95
2022-09-19 01:13:49,4,2,3882.75,-93
2022-09-19 01:13:51,10,10,3883.0,-83
2022-09-19 01:14:03,20,-16,3882.75,-99
2022-09-19 01:14:08,12,3,3882.75,-96
2022-09-19 01:14:11,1,-1,3882.75,-97
2022-09-19 01:14:12,1,-1,3882.75,-98
2022-09-19 01:14:15,1,-1,3882.75,-99
2022-09-19 01:14:19,1,-1,3882.75,-100
2022-09-19 01:14:21,2,2,3883.0,-98
2022-09-19 01:14:22,1,-1,3882.75,-99
2022-09-19 01:14:27,6,6,3883.0,-93
2022-09-19 01:15:00,11,4,3883.25,-89
2022-09-19 01:15:03,4,-4,3883.25,-93
2022-09-19 01:15:04,2,0,3883.25,-93
2022-09-19 01:15:06,2,-2,3883.0,-95
2022-09-19 01:15:08,2,2,3883.25,-93
2022-09-19 01:15:23,2,2,3883.5,-91
2022-09-19 01:15:25,1,-1,3883.25,-92
2022-09-19 01:15:27,1,-1,3883.25,-93
2022-09-19 01:15:34,9,-6,3883.25,-99
2022-09-19 01:15:35,4,0,3883.25,-99
2022-09-19 01:15:38,1,1,3883.25,-98
2022-09-19 01:15:43,1,1,3883.5,-97
2022-09-19 01:15:48,1,-1,3883.25,-98
2022-09-19 01:16:03,1,-1,3883.0,-99
2022-09-19 01:16:10,2,2,3883.25,-97
2022-09-19 01:16:11,2,-2,3883.25,-99
2022-09-19 01:16:13,1,-1,3883.25,-100
2022-09-19 01:16:17,1,1,3883.25,-99
2022-09-19 01:16:30,1,1,3883.25,-98
2022-09-19 01:16:38,8,8,3883.25,-90
2022-09-19 01:16:39,4,-4,3883.25,-94
2022-09-19 01:16:50,7,-5,3883.25,-99
2022-09-19 01:16:56,1,-1,3883.0,-100
2022-09-19 01:17:04,11,-6,3883.0,-106
2022-09-19 01:17:08,1,-1,3882.75,-107
2022-09-19 01:17:16,2,-2,3882.75,-109
2022-09-19 01:17:17,1,-1,3882.75,-110
2022-09-19 01:17:22,4,4,3883.0,-106
2022-09-19 01:17:25,2,-2,3883.0,-108
2022-09-19 01:17:26,1,-1,3883.0,-109
2022-09-19 01:17:29,1,1,3883.0,-108
2022-09-19 01:17:31,2,1,3883.0,-107
2022-09-19 01:17:33,1,-1,3883.0,-108
2022-09-19 01:17:36,3,-3,3883.0,-111
2022-09-19 01:17:41,1,-1,3883.0,-112
2022-09-19 01:17:42,1,-1,3883.0,-113
2022-09-19 01:17:47,1,1,3883.0,-112
2022-09-19 01:17:50,2,0,3883.25,-112
2022-09-19 01:17:53,1,1,3883.25,-111
2022-09-19 01:17:54,1,-1,3883.0,-112
2022-09-19 01:18:04,1,1,3883.25,-111
2022-09-19 01:18:11,19,12,3883.25,-99
2022-09-19 01:18:13,3,-1,3883.5,-100
2022-09-19 01:18:17,12,11,3883.5,-89
2022-09-19 01:18:18,9,9,3883.75,-80
2022-09-19 01:18:19,146,91,3884.5,11
2022-09-19 01:18:20,2,-2,3884.25,9
2022-09-19 01:18:22,6,1,3884.5,10
2022-09-19 01:18:23,1,1,3884.5,11
2022-09-19 01:18:25,1,1,3884.5,12
2022-09-19 01:18:26,2,2,3884.5,14
2022-09-19 01:18:28,1,1,3884.5,15
2022-09-19 01:18:29,3,1,3884.5,16
2022-09-19 01:18:30,3,3,3884.5,19
2022-09-19 01:18:31,1,1,3884.5,20
2022-09-19 01:18:42,173,67,3885.0,87
2022-09-19 01:18:43,11,-10,3884.75,77
2022-09-19 01:18:44,11,7,3884.75,84
2022-09-19 01:18:49,5,4,3885.0,88
2022-09-19 01:18:51,1,1,3884.75,89
2022-09-19 01:18:52,1,1,3884.75,90
2022-09-19 01:18:55,11,-8,3884.5,82
2022-09-19 01:18:58,7,-3,3884.25,79
2022-09-19 01:19:00,2,-2,3884.25,77
2022-09-19 01:19:03,24,-17,3884.0,60
2022-09-19 01:19:04,1,1,3884.0,61
2022-09-19 01:19:05,1,-1,3883.75,60
2022-09-19 01:19:06,2,2,3883.75,62
2022-09-19 01:19:09,1,1,3884.0,63
2022-09-19 01:19:10,4,3,3884.0,66
2022-09-19 01:19:15,2,-2,3884.0,64
2022-09-19 01:19:16,4,4,3884.0,68
2022-09-19 01:19:17,2,2,3884.0,70
2022-09-19 01:19:18,1,1,3884.25,71
2022-09-19 01:19:20,1,1,3884.0,72
2022-09-19 01:19:21,1,1,3884.25,73
2022-09-19 01:19:26,12,11,3884.0,84
2022-09-19 01:19:28,2,-2,3884.0,82
2022-09-19 01:19:37,2,-2,3884.0,80
2022-09-19 01:19:39,1,1,3884.0,81
2022-09-19 01:19:43,1,1,3884.0,82
2022-09-19 01:19:52,2,2,3884.0,84
2022-09-19 01:19:56,1,1,3884.25,85
2022-09-19 01:19:57,2,2,3884.25,87
2022-09-19 01:19:59,1,-1,3884.25,86
2022-09-19 01:20:00,7,-4,3884.0,82
2022-09-19 01:20:02,63,47,3884.75,129
2022-09-19 01:20:05,5,-3,3884.75,126
2022-09-19 01:20:06,60,5,3885.0,131
2022-09-19 01:20:07,6,3,3884.75,134
2022-09-19 01:20:09,1,1,3884.75,135
2022-09-19 01:20:10,2,0,3885.0,135
2022-09-19 01:20:11,2,-2,3884.75,133
2022-09-19 01:20:13,2,-2,3884.75,131
2022-09-19 01:20:14,8,1,3885.0,132
2022-09-19 01:20:16,2,-2,3884.75,130
2022-09-19 01:20:17,7,-3,3885.0,127
2022-09-19 01:20:19,1,1,3885.0,128
2022-09-19 01:20:20,1,-1,3884.75,127
2022-09-19 01:20:23,2,-1,3884.75,126
2022-09-19 01:20:27,1,1,3884.75,127
2022-09-19 01:20:28,4,-4,3884.75,123
2022-09-19 01:20:31,5,-5,3884.5,118
2022-09-19 01:20:32,4,0,3884.75,118
2022-09-19 01:20:35,1,-1,3884.5,117
2022-09-19 01:20:37,5,0,3884.5,117
2022-09-19 01:20:38,1,1,3884.5,118
2022-09-19 01:20:44,2,0,3884.5,118
2022-09-19 01:20:46,1,-1,3884.5,117
2022-09-19 01:20:51,1,-1,3884.5,116
2022-09-19 01:20:53,12,9,3884.75,125
2022-09-19 01:21:00,3,-3,3884.75,122
2022-09-19 01:21:02,1,1,3884.75,123
2022-09-19 01:21:03,4,-3,3884.75,120
2022-09-19 01:21:06,1,-1,3884.75,119
2022-09-19 01:21:08,17,10,3885.0,129
2022-09-19 01:21:09,1,1,3885.0,130
2022-09-19 01:21:10,3,-3,3884.75,127
2022-09-19 01:21:12,1,1,3885.0,128
2022-09-19 01:21:19,1,-1,3884.75,127
2022-09-19 01:21:23,10,-8,3884.75,119
2022-09-19 01:21:27,1,1,3884.75,120
2022-09-19 01:21:28,1,-1,3884.5,119
2022-09-19 01:21:32,8,4,3884.75,123
2022-09-19 01:21:35,3,2,3884.75,125
2022-09-19 01:21:37,14,-11,3884.5,114
2022-09-19 01:21:47,5,-1,3884.5,113
2022-09-19 01:21:57,1,-1,3884.5,112
2022-09-19 01:21:59,1,1,3884.5,113
2022-09-19 01:22:02,6,-6,3884.25,107
2022-09-19 01:22:03,6,0,3884.25,107
2022-09-19 01:22:11,12,-2,3884.0,105
2022-09-19 01:22:12,1,1,3884.0,106
2022-09-19 01:22:17,2,-2,3883.75,104
2022-09-19 01:22:22,1,1,3884.0,105
2022-09-19 01:22:24,1,1,3884.0,106
2022-09-19 01:22:31,6,5,3884.25,111
2022-09-19 01:22:33,4,-4,3884.0,107
2022-09-19 01:22:40,1,1,3884.0,108
2022-09-19 01:22:47,1,1,3884.0,109
2022-09-19 01:22:48,1,-1,3883.75,108
2022-09-19 01:22:53,12,-1,3883.75,107
2022-09-19 01:23:01,2,-2,3883.5,105
2022-09-19 01:23:03,25,-17,3883.5,88
2022-09-19 01:23:04,11,-9,3883.25,79
2022-09-19 01:23:05,1,1,3883.5,80
2022-09-19 01:23:09,19,9,3883.5,89
2022-09-19 01:23:29,1,1,3883.75,90
2022-09-19 01:23:42,1,1,3883.75,91
2022-09-19 01:23:50,14,15,3884.0,106
2022-09-19 01:23:52,1,1,3883.75,107
2022-09-19 01:24:03,2,-2,3883.5,105
2022-09-19 01:24:05,1,1,3883.75,106
2022-09-19 01:24:06,4,-2,3883.75,104
2022-09-19 01:24:12,4,2,3883.75,106
2022-09-19 01:24:13,4,-1,3884.0,105
2022-09-19 01:24:16,1,-1,3884.0,104
2022-09-19 01:24:17,1,-1,3884.0,103
2022-09-19 01:24:19,5,4,3884.25,107
2022-09-19 01:24:31,7,1,3884.5,108
2022-09-19 01:24:32,4,0,3884.5,108
2022-09-19 01:24:33,1,1,3884.5,109
2022-09-19 01:24:38,1,-1,3884.25,108
2022-09-19 01:24:40,1,1,3884.5,109
2022-09-19 01:24:47,2,-2,3884.5,107
2022-09-19 01:24:55,10,-9,3884.25,98
2022-09-19 01:24:57,39,9,3884.5,107
2022-09-19 01:24:59,2,2,3884.5,109
2022-09-19 01:25:01,3,3,3884.5,112
2022-09-19 01:25:07,8,-8,3884.5,104
2022-09-19 01:25:13,1,-1,3884.5,103
2022-09-19 01:25:17,3,-3,3884.25,100
2022-09-19 01:25:18,1,-1,3884.25,99
2022-09-19 01:25:19,2,-2,3884.25,97
2022-09-19 01:25:22,1,1,3884.25,98
2022-09-19 01:25:32,10,-10,3884.0,88
2022-09-19 01:25:34,13,-8,3883.5,80
2022-09-19 01:25:35,3,3,3883.75,83
2022-09-19 01:25:39,1,-1,3883.25,82
2022-09-19 01:25:41,14,0,3883.25,82
2022-09-19 01:25:44,3,-1,3883.25,81
2022-09-19 01:25:45,1,-1,3883.25,80
2022-09-19 01:25:50,5,3,3883.25,83
2022-09-19 01:25:51,4,-3,3883.25,80
2022-09-19 01:25:53,1,1,3883.25,81
2022-09-19 01:25:55,1,-1,3883.0,80
2022-09-19 01:25:56,19,-5,3883.0,75
2022-09-19 01:25:57,2,-1,3882.75,74
2022-09-19 01:25:58,1,-1,3882.75,73
2022-09-19 01:26:00,1,1,3883.0,74
2022-09-19 01:26:01,11,11,3883.0,85
2022-09-19 01:26:04,4,0,3883.0,85
2022-09-19 01:26:09,1,1,3883.0,86
2022-09-19 01:26:10,8,-3,3883.0,83
2022-09-19 01:26:11,2,-2,3883.0,81
2022-09-19 01:26:12,9,6,3883.25,87
2022-09-19 01:26:15,3,-3,3883.25,84
2022-09-19 01:26:18,2,2,3883.25,86
2022-09-19 01:26:21,1,-1,3883.0,85
2022-09-19 01:26:24,1,-1,3882.75,84
2022-09-19 01:26:26,1,1,3883.0,85
2022-09-19 01:26:35,2,-1,3883.0,84
2022-09-19 01:26:36,1,-1,3883.0,83
2022-09-19 01:26:42,2,-2,3883.0,81
2022-09-19 01:26:43,3,-1,3883.0,80
2022-09-19 01:26:45,2,-2,3883.0,78
2022-09-19 01:26:48,1,-1,3882.75,77
2022-09-19 01:26:54,3,-1,3882.75,76
2022-09-19 01:26:59,2,-1,3882.75,75
2022-09-19 01:27:04,3,3,3883.0,78
2022-09-19 01:27:05,3,0,3883.0,78
2022-09-19 01:27:12,8,-6,3882.75,72
2022-09-19 01:27:21,3,2,3882.75,74
2022-09-19 01:27:26,1,1,3882.75,75
2022-09-19 01:27:37,2,-2,3882.5,73
2022-09-19 01:27:39,9,4,3883.0,77
2022-09-19 01:27:41,3,-2,3882.75,75
2022-09-19 01:27:45,4,4,3882.75,79
2022-09-19 01:27:53,1,1,3883.0,80
2022-09-19 01:27:56,4,-4,3882.75,76
2022-09-19 01:27:59,9,5,3883.0,81
2022-09-19 01:28:06,4,-4,3882.75,77
2022-09-19 01:28:08,1,1,3882.75,78
2022-09-19 01:28:10,2,-2,3882.75,76
2022-09-19 01:28:17,1,-1,3882.5,75
2022-09-19 01:28:22,1,-1,3882.5,74
2022-09-19 01:28:26,15,-10,3882.5,64
2022-09-19 01:28:50,16,7,3882.5,71
2022-09-19 01:28:51,1,-1,3882.5,70
2022-09-19 01:28:56,3,-2,3882.5,68
2022-09-19 01:29:04,3,2,3882.5,70
2022-09-19 01:29:05,2,2,3882.5,72
2022-09-19 01:29:08,1,1,3882.5,73
2022-09-19 01:29:20,11,-9,3882.25,64
2022-09-19 01:29:24,18,-15,3882.0,49
2022-09-19 01:29:26,1,1,3882.25,50
2022-09-19 01:29:27,6,3,3882.25,53
2022-09-19 01:29:30,8,2,3882.25,55
2022-09-19 01:29:36,6,-5,3882.25,50
2022-09-19 01:29:41,5,3,3882.25,53
2022-09-19 01:29:43,11,6,3882.25,59
2022-09-19 01:29:45,1,-1,3882.25,58
2022-09-19 01:30:02,3,3,3882.25,61
2022-09-19 01:30:03,2,-2,3882.25,59
2022-09-19 01:30:06,2,-2,3882.25,57
2022-09-19 01:30:07,3,-3,3882.0,54
2022-09-19 01:30:10,30,-25,3882.0,29
2022-09-19 01:30:11,11,1,3881.75,30
2022-09-19 01:30:12,4,-4,3881.75,26
2022-09-19 01:30:13,3,-2,3881.5,24
2022-09-19 01:30:16,4,-4,3881.5,20
2022-09-19 01:30:22,10,-9,3881.5,11
2022-09-19 01:30:23,2,0,3881.75,11
2022-09-19 01:30:24,1,1,3881.75,12
2022-09-19 01:30:26,1,-1,3881.5,11
2022-09-19 01:30:28,1,-1,3881.5,10
2022-09-19 01:30:32,5,5,3881.75,15
2022-09-19 01:30:34,3,3,3881.75,18
2022-09-19 01:30:40,1,1,3881.75,19
2022-09-19 01:30:44,15,-8,3881.5,11
2022-09-19 01:30:46,1,-1,3881.25,10
2022-09-19 01:30:47,3,1,3881.75,11
2022-09-19 01:30:48,2,2,3881.75,13
2022-09-19 01:30:53,1,-1,3881.75,12
2022-09-19 01:30:59,2,-2,3881.75,10
2022-09-19 01:31:00,6,6,3882.0,16
2022-09-19 01:31:03,2,-2,3882.25,14
2022-09-19 01:31:11,1,1,3882.5,15
2022-09-19 01:31:14,2,2,3882.75,17
2022-09-19 01:31:22,1,1,3883.0,18
2022-09-19 01:31:23,2,2,3883.0,20
2022-09-19 01:31:28,1,1,3883.0,21
2022-09-19 01:31:31,9,1,3883.0,22
2022-09-19 01:31:32,7,0,3883.0,22
2022-09-19 01:31:33,1,-1,3883.0,21
2022-09-19 01:31:39,10,2,3883.0,23
2022-09-19 01:31:40,1,-1,3883.0,22
2022-09-19 01:31:45,3,-3,3883.0,19
2022-09-19 01:31:57,6,-4,3882.75,15
2022-09-19 01:32:00,1,-1,3882.75,14
2022-09-19 01:32:03,12,-17,3882.75,-3
2022-09-19 01:32:08,1,1,3882.5,-2
2022-09-19 01:32:09,1,1,3882.5,-1
2022-09-19 01:32:12,1,-1,3882.5,-2
2022-09-19 01:32:13,1,1,3882.5,-1
2022-09-19 01:32:24,1,-1,3882.5,-2
2022-09-19 01:32:27,3,-3,3882.25,-5
2022-09-19 01:32:28,4,-4,3882.25,-9
2022-09-19 01:32:29,1,-1,3882.25,-10
2022-09-19 01:32:32,9,2,3882.5,-8
2022-09-19 01:32:34,1,1,3882.5,-7
2022-09-19 01:32:35,1,-1,3882.5,-8
2022-09-19 01:32:56,7,7,3882.5,-1
2022-09-19 01:32:57,7,-7,3882.25,-8
2022-09-19 01:32:58,6,-6,3882.0,-14
2022-09-19 01:33:04,3,-3,3882.0,-17
2022-09-19 01:33:11,5,5,3882.25,-12
2022-09-19 01:33:22,3,3,3882.25,-9
2022-09-19 01:33:24,1,-1,3882.0,-10
2022-09-19 01:33:42,2,0,3882.25,-10
2022-09-19 01:33:45,1,1,3882.25,-9
2022-09-19 01:33:49,2,2,3882.25,-7
2022-09-19 01:33:50,5,0,3882.25,-7
2022-09-19 01:33:53,1,1,3882.5,-6
2022-09-19 01:34:03,1,-1,3882.5,-7
2022-09-19 01:34:04,3,-3,3882.5,-10
2022-09-19 01:34:18,1,1,3882.5,-9
2022-09-19 01:34:21,1,1,3882.5,-8
2022-09-19 01:34:32,1,1,3882.5,-7
2022-09-19 01:34:39,3,-1,3882.5,-8
2022-09-19 01:34:40,1,-1,3882.5,-9
2022-09-19 01:34:43,1,-1,3882.5,-10
2022-09-19 01:34:56,2,-2,3882.25,-12
2022-09-19 01:35:02,1,1,3882.25,-11
2022-09-19 01:35:04,1,1,3882.25,-10
2022-09-19 01:35:05,1,1,3882.25,-9
2022-09-19 01:35:09,5,-5,3882.0,-14
2022-09-19 01:35:10,14,-13,3882.0,-27
2022-09-19 01:35:22,1,-1,3881.75,-28
2022-09-19 01:35:27,5,5,3882.25,-23
2022-09-19 01:35:39,3,-2,3882.0,-25
2022-09-19 01:35:44,1,1,3882.0,-24
2022-09-19 01:35:48,2,2,3882.25,-22
2022-09-19 01:36:03,5,-5,3882.25,-27
2022-09-19 01:36:19,3,3,3882.5,-24
2022-09-19 01:36:20,1,-1,3882.5,-25
2022-09-19 01:36:38,1,1,3882.5,-24
2022-09-19 01:36:49,1,1,3882.5,-23
2022-09-19 01:37:00,9,-9,3882.25,-32
2022-09-19 01:37:01,1,-1,3882.0,-33
2022-09-19 01:37:09,7,-7,3881.75,-40
2022-09-19 01:37:11,2,-2,3881.5,-42
2022-09-19 01:37:12,11,-10,3881.5,-52
2022-09-19 01:37:13,1,-1,3881.25,-53
2022-09-19 01:37:14,8,-6,3881.25,-59
2022-09-19 01:37:18,9,-7,3881.25,-66
2022-09-19 01:37:23,10,5,3881.25,-61
2022-09-19 01:37:24,1,-1,3881.25,-62
2022-09-19 01:37:26,5,5,3881.5,-57
2022-09-19 01:37:30,7,-5,3881.25,-62
2022-09-19 01:37:33,33,16,3881.5,-46
2022-09-19 01:37:35,4,-1,3881.25,-47
2022-09-19 01:37:37,36,0,3881.25,-47
2022-09-19 01:37:39,3,-3,3881.25,-50
2022-09-19 01:37:41,2,0,3881.5,-50
2022-09-19 01:37:43,3,3,3881.25,-47
2022-09-19 01:37:45,10,-8,3881.0,-55
2022-09-19 01:37:46,10,-8,3881.0,-63
2022-09-19 01:37:47,51,-40,3881.0,-103
2022-09-19 01:37:49,2,-2,3880.5,-105
2022-09-19 01:37:50,34,-2,3880.5,-107
2022-09-19 01:37:51,1,-1,3880.25,-108
2022-09-19 01:37:52,11,1,3880.5,-107
2022-09-19 01:37:53,3,-2,3880.5,-109
2022-09-19 01:37:54,1,1,3880.75,-108
2022-09-19 01:37:55,7,5,3880.75,-103
2022-09-19 01:37:58,2,-2,3880.5,-105
2022-09-19 01:37:59,1,1,3880.75,-104
2022-09-19 01:38:00,6,-6,3880.5,-110
2022-09-19 01:38:03,3,-1,3880.5,-111
2022-09-19 01:38:04,5,0,3880.75,-111
2022-09-19 01:38:05,4,1,3880.75,-110
2022-09-19 01:38:07,1,-1,3880.5,-111
2022-09-19 01:38:08,1,1,3880.75,-110
2022-09-19 01:38:10,1,-1,3880.75,-111
2022-09-19 01:38:14,1,1,3880.75,-110
2022-09-19 01:38:15,1,1,3880.75,-109
2022-09-19 01:38:17,16,8,3881.0,-101
2022-09-19 01:38:18,2,2,3880.75,-99
2022-09-19 01:38:19,11,-9,3880.75,-108
2022-09-19 01:38:22,1,-1,3880.5,-109
2022-09-19 01:38:29,10,8,3881.0,-101
2022-09-19 01:38:41,8,-8,3880.75,-109
2022-09-19 01:38:49,2,-2,3880.5,-111
2022-09-19 01:38:54,1,-1,3880.5,-112
2022-09-19 01:38:57,1,-1,3880.5,-113
2022-09-19 01:39:02,5,-1,3880.5,-114
2022-09-19 01:39:03,3,3,3880.5,-111
2022-09-19 01:39:20,2,2,3880.75,-109
2022-09-19 01:39:26,1,1,3880.75,-108
2022-09-19 01:39:30,1,1,3880.75,-107
2022-09-19 01:39:31,1,1,3880.75,-106
2022-09-19 01:39:34,1,-1,3880.75,-107
2022-09-19 01:39:45,2,-2,3880.75,-109
2022-09-19 01:39:51,5,4,3880.75,-105
2022-09-19 01:39:58,3,-3,3880.75,-108
2022-09-19 01:40:09,10,9,3881.0,-99
2022-09-19 01:40:10,1,1,3881.25,-98
2022-09-19 01:40:11,10,8,3881.25,-90
2022-09-19 01:40:20,1,-1,3881.5,-91
2022-09-19 01:40:21,5,3,3881.75,-88
2022-09-19 01:40:23,1,-1,3881.25,-89
2022-09-19 01:40:31,1,1,3881.5,-88
2022-09-19 01:40:37,3,-1,3881.5,-89
2022-09-19 01:40:44,8,8,3881.5,-81
2022-09-19 01:40:45,1,-1,3881.25,-82
2022-09-19 01:40:51,2,-2,3881.5,-84
2022-09-19 01:40:53,3,-3,3881.25,-87
2022-09-19 01:40:59,1,1,3881.25,-86
2022-09-19 01:41:10,9,3,3881.25,-83
2022-09-19 01:41:13,22,-32,3881.25,-115
2022-09-19 01:41:24,4,-4,3880.75,-119
2022-09-19 01:41:26,2,-2,3880.75,-121
2022-09-19 01:41:27,17,-9,3880.5,-130
2022-09-19 01:41:29,5,-1,3880.5,-131
2022-09-19 01:41:30,1,1,3880.5,-130
2022-09-19 01:41:36,2,2,3880.5,-128
2022-09-19 01:41:40,40,-5,3880.5,-133
2022-09-19 01:41:50,1,1,3880.5,-132
2022-09-19 01:41:55,2,2,3880.5,-130
2022-09-19 01:42:01,1,-1,3880.25,-131
2022-09-19 01:42:04,53,-56,3880.25,-187
2022-09-19 01:42:05,21,-7,3879.75,-194
2022-09-19 01:42:06,4,0,3880.0,-194
2022-09-19 01:42:08,2,-2,3879.75,-196
2022-09-19 01:42:12,3,3,3879.75,-193
2022-09-19 01:42:15,1,1,3880.0,-192
2022-09-19 01:42:16,1,1,3880.0,-191
2022-09-19 01:42:18,24,6,3880.0,-185
2022-09-19 01:42:19,15,-2,3880.25,-187
2022-09-19 01:42:20,1,1,3880.25,-186
2022-09-19 01:42:21,2,0,3880.25,-186
2022-09-19 01:42:30,3,3,3880.5,-183
2022-09-19 01:42:32,3,-1,3880.75,-184
2022-09-19 01:42:42,3,3,3880.75,-181
2022-09-19 01:42:44,3,-3,3880.75,-184
2022-09-19 01:43:05,12,-7,3880.75,-191
2022-09-19 01:43:07,2,2,3880.75,-189
2022-09-19 01:43:14,1,1,3880.75,-188
2022-09-19 01:43:15,2,2,3880.75,-186
2022-09-19 01:43:18,1,-1,3880.5,-187
2022-09-19 01:43:19,1,1,3881.0,-186
2022-09-19 01:43:25,12,12,3881.25,-174
2022-09-19 01:43:26,10,-10,3881.0,-184
2022-09-19 01:43:27,13,9,3880.75,-175
2022-09-19 01:43:32,2,-2,3880.75,-177
2022-09-19 01:43:34,5,5,3881.25,-172
2022-09-19 01:43:36,2,0,3881.25,-172
2022-09-19 01:43:43,1,1,3881.25,-171
2022-09-19 01:43:46,3,3,3881.5,-168
2022-09-19 01:43:50,2,0,3881.25,-168
2022-09-19 01:43:55,8,5,3881.25,-163
2022-09-19 01:44:08,4,4,3881.5,-159
2022-09-19 01:44:09,1,1,3881.5,-158
2022-09-19 01:44:17,2,2,3881.5,-156
2022-09-19 01:44:25,8,3,3882.0,-153
2022-09-19 01:44:26,2,-2,3881.5,-155
2022-09-19 01:44:30,1,-1,3881.75,-156
2022-09-19 01:44:33,9,-3,3881.75,-159
2022-09-19 01:44:35,3,-3,3881.5,-162
2022-09-19 01:44:40,1,-1,3881.25,-163
2022-09-19 01:44:42,1,1,3881.5,-162
2022-09-19 01:44:51,35,-6,3881.5,-168
2022-09-19 01:44:52,3,-3,3881.0,-171
2022-09-19 01:44:53,1,1,3881.25,-170
2022-09-19 01:44:54,7,-7,3881.0,-177
2022-09-19 01:44:56,1,-1,3881.0,-178
2022-09-19 01:44:57,2,-2,3881.0,-180
2022-09-19 01:45:01,1,-1,3881.0,-181
2022-09-19 01:45:03,2,1,3881.25,-180
2022-09-19 01:45:10,6,6,3881.0,-174
2022-09-19 01:45:12,1,1,3881.25,-173
2022-09-19 01:45:14,3,3,3881.25,-170
2022-09-19 01:45:17,2,-2,3881.25,-172
2022-09-19 01:45:18,4,-3,3881.0,-175
2022-09-19 01:45:21,1,1,3881.25,-174
2022-09-19 01:46:01,12,-7,3881.5,-181
2022-09-19 01:46:08,10,8,3881.5,-173
2022-09-19 01:46:10,3,1,3881.5,-172
2022-09-19 01:46:17,2,0,3881.5,-172
2022-09-19 01:46:29,6,-2,3881.5,-174
2022-09-19 01:46:31,3,1,3881.75,-173
2022-09-19 01:46:36,3,3,3882.0,-170
2022-09-19 01:46:47,6,-4,3881.75,-174
2022-09-19 01:47:00,1,1,3882.0,-173
2022-09-19 01:47:01,8,-5,3881.75,-178
2022-09-19 01:47:05,1,1,3881.75,-177
2022-09-19 01:47:19,13,-22,3881.5,-199
2022-09-19 01:47:20,12,-3,3881.5,-202
2022-09-19 01:47:23,1,-1,3881.5,-203
2022-09-19 01:47:34,2,2,3881.0,-201
2022-09-19 01:47:43,8,-7,3880.75,-208
2022-09-19 01:47:45,2,-2,3880.5,-210
2022-09-19 01:47:50,1,-1,3880.5,-211
2022-09-19 01:47:53,10,11,3881.0,-200
2022-09-19 01:47:58,16,-11,3881.0,-211
2022-09-19 01:48:02,1,-1,3880.5,-212
2022-09-19 01:48:03,1,-1,3880.25,-213
2022-09-19 01:48:05,5,-5,3880.25,-218
2022-09-19 01:48:06,5,3,3880.5,-215
2022-09-19 01:48:08,1,1,3880.75,-214
2022-09-19 01:48:19,3,-3,3880.5,-217
2022-09-19 01:48:21,3,-1,3880.5,-218
2022-09-19 01:48:22,2,-2,3880.5,-220
2022-09-19 01:48:38,7,5,3880.5,-215
2022-09-19 01:48:50,3,3,3880.5,-212
2022-09-19 01:48:54,28,-12,3880.25,-224
2022-09-19 01:48:55,3,-2,3880.25,-226
2022-09-19 01:48:56,8,-4,3880.0,-230
2022-09-19 01:49:01,1,1,3880.0,-229
2022-09-19 01:49:02,3,3,3880.0,-226
2022-09-19 01:49:04,10,9,3880.25,-217
2022-09-19 01:49:06,1,1,3880.25,-216
2022-09-19 01:49:10,1,-1,3880.0,-217
2022-09-19 01:49:12,1,-1,3880.0,-218
2022-09-19 01:49:18,1,1,3880.25,-217
2022-09-19 01:49:20,2,-1,3880.25,-218
2022-09-19 01:49:30,12,7,3880.5,-211
2022-09-19 01:49:33,12,3,3880.75,-208
2022-09-19 01:49:36,2,2,3881.0,-206
2022-09-19 01:49:48,2,-2,3881.0,-208
2022-09-19 01:49:55,3,-3,3881.0,-211
2022-09-19 01:49:57,1,1,3881.0,-210
2022-09-19 01:49:59,2,-2,3881.0,-212
2022-09-19 01:50:01,1,1,3881.0,-211
2022-09-19 01:50:06,2,2,3881.25,-209
2022-09-19 01:50:07,5,5,3881.25,-204
2022-09-19 01:50:10,1,-1,3881.0,-205
2022-09-19 01:50:11,5,-4,3881.0,-209
2022-09-19 01:50:13,10,11,3881.0,-198
2022-09-19 01:50:15,2,2,3881.0,-196
2022-09-19 01:50:25,3,-3,3880.75,-199
2022-09-19 01:50:26,1,1,3881.0,-198
2022-09-19 01:50:30,1,-1,3880.5,-199
2022-09-19 01:50:35,12,10,3880.5,-189
2022-09-19 01:50:37,2,-2,3880.5,-191
2022-09-19 01:50:39,20,19,3881.0,-172
2022-09-19 01:50:40,2,-2,3880.5,-174
2022-09-19 01:50:43,33,-21,3880.25,-195
2022-09-19 01:50:48,1,-1,3880.0,-196
2022-09-19 01:50:51,3,-3,3880.25,-199
2022-09-19 01:50:52,4,-4,3880.0,-203
2022-09-19 01:50:55,4,4,3880.25,-199
2022-09-19 01:50:56,71,57,3881.0,-142
2022-09-19 01:51:00,2,-2,3880.25,-144
2022-09-19 01:51:07,10,-6,3880.0,-150
2022-09-19 01:51:13,4,-4,3880.0,-154
2022-09-19 01:51:14,4,0,3880.0,-154
2022-09-19 01:51:16,4,-4,3880.0,-158
2022-09-19 01:51:31,1,-1,3880.0,-159
2022-09-19 01:51:36,13,-9,3880.0,-168
2022-09-19 01:51:37,1,-1,3880.0,-169
2022-09-19 01:51:38,1,-1,3880.0,-170
2022-09-19 01:51:40,1,1,3880.25,-169
2022-09-19 01:51:43,12,5,3880.25,-164
2022-09-19 01:51:48,1,-1,3880.0,-165
2022-09-19 01:52:00,3,-1,3880.0,-166
2022-09-19 01:52:12,5,5,3880.0,-161
2022-09-19 01:52:14,1,1,3880.0,-160
2022-09-19 01:52:26,2,2,3880.25,-158
2022-09-19 01:52:31,4,-4,3880.25,-162
2022-09-19 01:52:34,17,6,3880.25,-156
2022-09-19 01:52:35,29,-22,3880.25,-178
2022-09-19 01:52:37,22,-17,3880.25,-195
2022-09-19 01:52:38,2,2,3880.25,-193
2022-09-19 01:52:39,3,2,3880.25,-191
2022-09-19 01:52:40,21,-19,3880.0,-210
2022-09-19 01:52:42,31,-18,3880.0,-228
2022-09-19 01:52:43,3,-3,3880.0,-231
2022-09-19 01:52:44,3,3,3880.0,-228
2022-09-19 01:52:48,29,-23,3879.75,-251
2022-09-19 01:52:49,3,3,3880.0,-248
2022-09-19 01:52:50,24,-27,3879.75,-275
2022-09-19 01:52:52,4,2,3880.0,-273
2022-09-19 01:52:53,20,-27,3879.75,-300
2022-09-19 01:52:56,11,10,3879.75,-290
2022-09-19 01:52:58,4,4,3879.75,-286
2022-09-19 01:53:04,83,-51,3879.75,-337
2022-09-19 01:53:05,1,-1,3879.5,-338
2022-09-19 01:53:07,29,-21,3879.5,-359
2022-09-19 01:53:08,1,1,3879.75,-358
2022-09-19 01:53:16,18,-2,3879.75,-360
2022-09-19 01:53:17,2,2,3880.0,-358
2022-09-19 01:53:29,12,10,3880.0,-348
2022-09-19 01:53:30,31,19,3880.25,-329
2022-09-19 01:53:35,5,-4,3880.0,-333
2022-09-19 01:53:40,10,-8,3879.75,-341
2022-09-19 01:53:42,2,2,3879.5,-339
2022-09-19 01:53:44,62,-44,3879.5,-383
2022-09-19 01:53:51,1,1,3879.5,-382
2022-09-19 01:53:52,21,1,3879.5,-381
2022-09-19 01:53:53,4,-1,3879.25,-382
2022-09-19 01:53:55,2,-1,3879.25,-383
2022-09-19 01:53:56,2,-2,3879.25,-385
2022-09-19 01:53:58,17,-9,3879.25,-394
2022-09-19 01:53:59,16,-3,3879.0,-397
2022-09-19 01:54:00,9,-9,3879.0,-406
2022-09-19 01:54:01,6,2,3879.0,-404
2022-09-19 01:54:02,1,-1,3878.75,-405
2022-09-19 01:54:03,4,0,3879.25,-405
2022-09-19 01:54:06,4,0,3879.25,-405
2022-09-19 01:54:07,11,0,3879.25,-405
2022-09-19 01:54:15,10,-2,3879.25,-407
2022-09-19 01:54:17,1,1,3879.0,-406
2022-09-19 01:54:18,1,-1,3879.0,-407
2022-09-19 01:54:21,12,-2,3879.0,-409
2022-09-19 01:54:23,14,0,3879.0,-409
2022-09-19 01:54:30,2,-2,3879.0,-411
2022-09-19 01:54:31,1,-1,3879.0,-412
2022-09-19 01:54:33,1,1,3879.25,-411
2022-09-19 01:54:34,15,6,3879.25,-405
2022-09-19 01:54:37,1,1,3879.25,-404
2022-09-19 01:54:40,1,-1,3879.0,-405
2022-09-19 01:54:42,2,0,3879.25,-405
2022-09-19 01:54:43,1,-1,3879.0,-406
2022-09-19 01:54:46,2,2,3879.25,-404
2022-09-19 01:54:47,1,-1,3879.0,-405
2022-09-19 01:54:51,7,-5,3879.0,-410
2022-09-19 01:54:55,3,1,3879.0,-409
2022-09-19 01:54:56,6,0,3879.0,-409
2022-09-19 01:54:58,6,-5,3879.0,-414
2022-09-19 01:54:59,6,-1,3879.0,-415
2022-09-19 01:55:00,1,1,3879.0,-414
2022-09-19 01:55:03,16,-10,3878.75,-424
2022-09-19 01:55:05,17,-3,3878.75,-427
2022-09-19 01:55:06,1,-1,3878.5,-428
2022-09-19 01:55:07,1,-1,3878.5,-429
2022-09-19 01:55:08,3,-1,3879.0,-430
2022-09-19 01:55:10,1,-1,3879.0,-431
2022-09-19 01:55:11,1,-1,3879.0,-432
2022-09-19 01:55:12,13,7,3879.25,-425
2022-09-19 01:55:13,1,-1,3879.25,-426
2022-09-19 01:55:14,2,-2,3879.25,-428
2022-09-19 01:55:17,1,-1,3879.0,-429
2022-09-19 01:55:19,2,-2,3879.0,-431
2022-09-19 01:55:24,2,0,3879.25,-431
2022-09-19 01:55:25,2,-2,3879.25,-433
2022-09-19 01:55:27,1,-1,3879.0,-434
2022-09-19 01:55:28,4,4,3879.0,-430
2022-09-19 01:55:30,1,1,3879.0,-429
2022-09-19 01:55:32,11,-7,3879.0,-436
2022-09-19 01:55:36,3,3,3879.0,-433
2022-09-19 01:55:46,12,-6,3879.0,-439
2022-09-19 01:55:53,1,-1,3879.0,-440
2022-09-19 01:55:57,1,-1,3879.0,-441
2022-09-19 01:56:00,5,5,3879.25,-436
2022-09-19 01:56:05,5,5,3879.25,-431
2022-09-19 01:56:06,1,-1,3879.25,-432
2022-09-19 01:56:10,4,2,3879.5,-430
2022-09-19 01:56:11,1,1,3879.5,-429
2022-09-19 01:56:12,1,1,3879.5,-428
2022-09-19 01:56:14,15,9,3879.5,-419
2022-09-19 01:56:15,1,1,3879.75,-418
2022-09-19 01:56:16,1,-1,3879.5,-419
2022-09-19 01:56:19,1,-1,3879.5,-420
2022-09-19 01:56:23,1,1,3879.5,-419
2022-09-19 01:56:28,1,1,3879.5,-418
2022-09-19 01:56:31,15,-15,3879.25,-433
2022-09-19 01:56:34,2,-2,3879.0,-435
2022-09-19 01:56:35,18,-7,3878.75,-442
2022-09-19 01:56:41,38,-26,3878.25,-468
2022-09-19 01:56:43,4,3,3878.25,-465
2022-09-19 01:56:46,138,-52,3878.0,-517
2022-09-19 01:56:47,2,-2,3877.5,-519
2022-09-19 01:56:48,1,-1,3877.25,-520
2022-09-19 01:56:50,7,6,3877.75,-514
2022-09-19 01:56:51,16,-13,3878.0,-527
2022-09-19 01:56:52,2,-1,3877.75,-528
2022-09-19 01:56:53,12,-9,3877.75,-537
2022-09-19 01:56:54,11,5,3877.25,-532
2022-09-19 01:56:55,6,-6,3877.25,-538
2022-09-19 01:56:56,3,3,3877.25,-535
2022-09-19 01:56:57,1,-1,3877.25,-536
2022-09-19 01:56:58,40,-20,3877.25,-556
2022-09-19 01:56:59,1,1,3877.25,-555
2022-09-19 01:57:00,6,0,3877.25,-555
2022-09-19 01:57:01,22,-18,3877.25,-573
2022-09-19 01:57:02,7,-7,3876.75,-580
2022-09-19 01:57:04,9,-1,3876.75,-581
2022-09-19 01:57:06,20,4,3877.0,-577
2022-09-19 01:57:07,3,3,3877.0,-574
2022-09-19 01:57:08,1,-1,3877.0,-575
2022-09-19 01:57:09,9,-6,3877.0,-581
2022-09-19 01:57:11,29,5,3877.0,-576
2022-09-19 01:57:13,26,-20,3877.0,-596
2022-09-19 01:57:15,133,-132,3876.5,-728
2022-09-19 01:57:17,6,1,3876.25,-727
2022-09-19 01:57:19,26,16,3876.5,-711
2022-09-19 01:57:20,12,10,3876.75,-701
2022-09-19 01:57:21,3,1,3876.75,-700
2022-09-19 01:57:22,7,-7,3876.5,-707
2022-09-19 01:57:23,11,5,3876.5,-702
2022-09-19 01:57:25,33,5,3876.5,-697
2022-09-19 01:57:26,1,-1,3876.5,-698
2022-09-19 01:57:27,1,1,3876.75,-697
2022-09-19 01:57:28,2,2,3876.75,-695
2022-09-19 01:57:33,11,-4,3876.5,-699
2022-09-19 01:57:34,21,-24,3876.5,-723
2022-09-19 01:57:35,6,0,3876.25,-723
2022-09-19 01:57:36,7,-4,3876.25,-727
2022-09-19 01:57:37,1,-1,3876.0,-728
2022-09-19 01:57:38,9,3,3876.0,-725
2022-09-19 01:57:39,3,3,3876.0,-722
2022-09-19 01:57:42,7,-7,3876.0,-729
2022-09-19 01:57:43,1,1,3876.25,-728
2022-09-19 01:57:45,5,5,3876.25,-723
2022-09-19 01:57:46,2,2,3876.25,-721
2022-09-19 01:57:47,2,1,3876.25,-720
2022-09-19 01:57:50,1,-1,3876.25,-721
2022-09-19 01:57:51,1,-1,3876.25,-722
2022-09-19 01:57:53,14,9,3876.75,-713
2022-09-19 01:57:58,1,-1,3876.75,-714
2022-09-19 01:57:59,4,-4,3877.0,-718
2022-09-19 01:58:00,2,2,3877.0,-716
2022-09-19 01:58:01,2,-2,3876.75,-718
2022-09-19 01:58:06,1,-1,3876.75,-719
2022-09-19 01:58:07,2,2,3877.0,-717
2022-09-19 01:58:08,2,-2,3876.75,-719
2022-09-19 01:58:09,2,2,3877.0,-717
2022-09-19 01:58:11,26,27,3877.25,-690
2022-09-19 01:58:13,4,4,3877.0,-686
2022-09-19 01:58:14,4,-2,3877.0,-688
2022-09-19 01:58:15,1,-1,3877.0,-689
2022-09-19 01:58:17,4,-4,3877.0,-693
2022-09-19 01:58:19,2,-2,3877.0,-695
2022-09-19 01:58:20,18,2,3877.25,-693
2022-09-19 01:58:21,1,-1,3876.75,-694
2022-09-19 01:58:22,6,-4,3877.0,-698
2022-09-19 01:58:23,12,-11,3876.25,-709
2022-09-19 01:58:25,2,2,3876.5,-707
2022-09-19 01:58:30,1,-1,3876.5,-708
2022-09-19 01:58:31,1,-1,3876.5,-709
2022-09-19 01:58:36,3,3,3876.5,-706
2022-09-19 01:58:37,1,-1,3876.5,-707
2022-09-19 01:58:39,1,1,3876.75,-706
2022-09-19 01:58:40,16,-9,3876.5,-715
2022-09-19 01:58:43,1,1,3876.5,-714
2022-09-19 01:58:44,2,0,3876.75,-714
2022-09-19 01:58:45,1,-1,3876.75,-715
2022-09-19 01:58:49,13,-11,3876.5,-726
2022-09-19 01:58:51,2,2,3876.5,-724
2022-09-19 01:58:52,8,-6,3876.25,-730
2022-09-19 01:58:53,13,-9,3876.0,-739
2022-09-19 01:58:55,15,3,3876.0,-736
2022-09-19 01:58:58,1,-1,3875.75,-737
2022-09-19 01:59:01,9,-6,3875.75,-743
2022-09-19 01:59:03,1,-1,3875.5,-744
2022-09-19 01:59:04,9,15,3876.0,-729
2022-09-19 01:59:05,7,-5,3875.75,-734
2022-09-19 01:59:06,4,0,3876.0,-734
2022-09-19 01:59:08,3,-3,3875.75,-737
2022-09-19 01:59:09,1,-1,3875.75,-738
2022-09-19 01:59:12,3,-3,3876.0,-741
2022-09-19 01:59:18,4,4,3876.25,-737
2022-09-19 01:59:19,3,1,3876.25,-736
2022-09-19 01:59:22,1,1,3876.25,-735
2022-09-19 01:59:23,2,0,3876.5,-735
2022-09-19 01:59:24,11,1,3876.25,-734
2022-09-19 01:59:27,1,-1,3875.75,-735
2022-09-19 01:59:29,4,-4,3875.75,-739
2022-09-19 01:59:30,1,-1,3875.75,-740
2022-09-19 01:59:33,11,-10,3875.75,-750
2022-09-19 01:59:36,22,-15,3875.25,-765
2022-09-19 01:59:37,6,2,3875.25,-763
2022-09-19 01:59:38,3,1,3875.5,-762
2022-09-19 01:59:39,7,-3,3875.5,-765
2022-09-19 01:59:40,2,0,3875.5,-765
2022-09-19 01:59:42,7,-7,3875.25,-772
2022-09-19 01:59:43,2,2,3875.5,-770
2022-09-19 01:59:45,2,-2,3875.25,-772
2022-09-19 01:59:47,2,1,3875.5,-771
2022-09-19 01:59:51,2,-2,3875.25,-773
2022-09-19 01:59:55,4,2,3875.5,-771
2022-09-19 01:59:57,6,-4,3875.25,-775
2022-09-19 01:59:59,10,3,3875.25,-772
2022-09-19 02:00:00,73,-22,3875.25,-794
2022-09-19 02:00:01,24,-16,3875.0,-810
2022-09-19 02:00:02,8,-8,3874.25,-818
2022-09-19 02:00:03,3,1,3874.25,-817
2022-09-19 02:00:04,34,-29,3874.0,-846
2022-09-19 02:00:05,3,-3,3873.75,-849
2022-09-19 02:00:06,17,7,3874.0,-842
2022-09-19 02:00:07,2,-2,3873.75,-844
2022-09-19 02:00:10,9,6,3874.0,-838
2022-09-19 02:00:12,18,16,3874.5,-822
2022-09-19 02:00:13,3,1,3874.5,-821
2022-09-19 02:00:14,7,5,3874.5,-816
2022-09-19 02:00:15,14,10,3875.25,-806
2022-09-19 02:00:16,2,2,3875.0,-804
2022-09-19 02:00:17,3,1,3874.75,-803
2022-09-19 02:00:18,3,-1,3875.0,-804
2022-09-19 02:00:22,74,-71,3874.75,-875
2022-09-19 02:00:26,73,-40,3874.25,-915
2022-09-19 02:00:27,177,-39,3873.75,-954
2022-09-19 02:00:28,9,5,3873.25,-949
2022-09-19 02:00:29,1,1,3873.5,-948
2022-09-19 02:00:30,63,-52,3873.5,-1000
2022-09-19 02:00:31,7,0,3873.75,-1000
2022-09-19 02:00:33,11,-6,3873.25,-1006
2022-09-19 02:00:35,2,0,3873.5,-1006
2022-09-19 02:00:36,52,-26,3873.25,-1032
2022-09-19 02:00:37,37,-9,3873.0,-1041
2022-09-19 02:00:38,1,-1,3872.5,-1042
2022-09-19 02:00:39,2,-2,3872.5,-1044
2022-09-19 02:00:40,1,-1,3872.5,-1045
2022-09-19 02:00:41,11,7,3872.75,-1038
2022-09-19 02:00:42,2,2,3872.75,-1036
2022-09-19 02:00:43,4,1,3872.75,-1035
2022-09-19 02:00:44,1,-1,3872.5,-1036
2022-09-19 02:00:46,1,1,3872.75,-1035
2022-09-19 02:00:47,6,-1,3872.75,-1036
2022-09-19 02:00:48,2,-2,3872.5,-1038
2022-09-19 02:00:49,39,-3,3872.75,-1041
2022-09-19 02:00:50,9,2,3872.75,-1039
2022-09-19 02:00:51,56,-9,3873.0,-1048
2022-09-19 02:00:53,7,7,3873.0,-1041
2022-09-19 02:00:54,20,21,3873.25,-1020
2022-09-19 02:00:55,4,4,3873.5,-1016
2022-09-19 02:00:56,9,0,3873.25,-1016
2022-09-19 02:00:57,31,19,3873.5,-997
2022-09-19 02:00:59,6,0,3873.5,-997
2022-09-19 02:01:00,17,-8,3873.5,-1005
2022-09-19 02:01:01,4,4,3873.75,-1001
2022-09-19 02:01:03,2,0,3873.75,-1001
2022-09-19 02:01:05,8,6,3873.75,-995
2022-09-19 02:01:08,4,4,3873.75,-991
2022-09-19 02:01:09,1,-1,3873.75,-992
2022-09-19 02:01:10,1,1,3873.75,-991
2022-09-19 02:01:13,10,-5,3873.5,-996
2022-09-19 02:01:14,25,-19,3873.25,-1015
2022-09-19 02:01:15,2,1,3873.0,-1014
2022-09-19 02:01:16,17,13,3873.0,-1001
2022-09-19 02:01:17,29,-6,3872.75,-1007
2022-09-19 02:01:18,7,-5,3872.75,-1012
2022-09-19 02:01:19,5,-5,3872.5,-1017
2022-09-19 02:01:20,1,1,3872.75,-1016
2022-09-19 02:01:21,16,-10,3872.75,-1026
2022-09-19 02:01:22,30,4,3872.75,-1022
2022-09-19 02:01:23,6,2,3873.0,-1020
2022-09-19 02:01:24,4,-2,3873.0,-1022
2022-09-19 02:01:25,47,-37,3873.0,-1059
2022-09-19 02:01:26,7,3,3872.75,-1056
2022-09-19 02:01:27,3,1,3872.75,-1055
2022-09-19 02:01:28,1,-1,3872.5,-1056
2022-09-19 02:01:29,4,4,3872.75,-1052
2022-09-19 02:01:35,1,-1,3872.5,-1053
2022-09-19 02:01:36,18,-2,3872.75,-1055
2022-09-19 02:01:37,2,0,3872.75,-1055
2022-09-19 02:01:40,2,0,3872.75,-1055
2022-09-19 02:01:41,52,8,3873.0,-1047
2022-09-19 02:01:42,14,-7,3872.5,-1054
2022-09-19 02:01:43,35,-13,3872.5,-1067
2022-09-19 02:01:44,43,-16,3872.75,-1083
2022-09-19 02:01:51,1,1,3872.75,-1082
2022-09-19 02:01:53,2,2,3872.75,-1080
2022-09-19 02:01:54,1,1,3872.75,-1079
2022-09-19 02:01:55,13,6,3872.75,-1073
2022-09-19 02:01:57,39,5,3873.0,-1068
2022-09-19 02:01:58,16,-21,3873.25,-1089
2022-09-19 02:01:59,8,4,3873.0,-1085
2022-09-19 02:02:00,1,1,3873.25,-1084
2022-09-19 02:02:01,9,7,3873.25,-1077
2022-09-19 02:02:02,1,1,3873.5,-1076
2022-09-19 02:02:04,10,-7,3873.0,-1083
2022-09-19 02:02:05,3,1,3873.25,-1082
2022-09-19 02:02:07,2,2,3873.0,-1080
2022-09-19 02:02:08,3,1,3873.0,-1079
2022-09-19 02:02:09,2,0,3873.0,-1079
2022-09-19 02:02:10,1,-1,3872.75,-1080
2022-09-19 02:02:11,18,-2,3873.0,-1082
2022-09-19 02:02:13,3,-3,3872.75,-1085
2022-09-19 02:02:15,5,5,3872.75,-1080
2022-09-19 02:02:17,11,2,3872.75,-1078
2022-09-19 02:02:18,3,-1,3872.75,-1079
2022-09-19 02:02:21,172,-80,3872.5,-1159
2022-09-19 02:02:22,51,-5,3871.5,-1164
2022-09-19 02:02:23,7,2,3871.25,-1162
2022-09-19 02:02:24,3,-2,3871.25,-1164
2022-09-19 02:02:25,15,-7,3871.25,-1171
2022-09-19 02:02:26,13,0,3871.5,-1171
2022-09-19 02:02:27,12,-1,3871.25,-1172
2022-09-19 02:02:29,44,-17,3871.25,-1189
2022-09-19 02:02:30,2,2,3871.25,-1187
2022-09-19 02:02:31,3,0,3871.25,-1187
2022-09-19 02:02:32,21,7,3871.5,-1180
2022-09-19 02:02:33,1,1,3871.5,-1179
2022-09-19 02:02:34,51,70,3872.0,-1109
2022-09-19 02:02:36,5,5,3872.0,-1104
2022-09-19 02:02:37,20,-7,3872.0,-1111
2022-09-19 02:02:38,11,-9,3871.75,-1120
2022-09-19 02:02:39,52,-41,3871.75,-1161
2022-09-19 02:02:40,5,4,3871.5,-1157
2022-09-19 02:02:41,9,-9,3871.25,-1166
2022-09-19 02:02:42,1,1,3871.25,-1165
2022-09-19 02:02:43,1,-1,3871.0,-1166
2022-09-19 02:02:44,28,-7,3871.25,-1173
2022-09-19 02:02:48,2,0,3871.25,-1173
2022-09-19 02:02:49,58,-13,3871.25,-1186
2022-09-19 02:02:50,1,1,3871.0,-1185
2022-09-19 02:02:51,18,6,3871.0,-1179
2022-09-19 02:02:55,4,4,3871.25,-1175
2022-09-19 02:02:56,5,3,3871.5,-1172
2022-09-19 02:02:57,7,4,3871.75,-1168
2022-09-19 02:02:58,14,2,3871.5,-1166
2022-09-19 02:02:59,8,3,3871.5,-1163
2022-09-19 02:03:00,8,4,3871.5,-1159
2022-09-19 02:03:01,2,2,3871.5,-1157
2022-09-19 02:03:02,3,-1,3871.5,-1158
2022-09-19 02:03:04,3,1,3871.5,-1157
2022-09-19 02:03:06,2,2,3871.75,-1155
2022-09-19 02:03:09,6,4,3871.75,-1151
2022-09-19 02:03:11,13,10,3872.0,-1141
2022-09-19 02:03:12,2,2,3872.25,-1139
2022-09-19 02:03:13,29,13,3872.75,-1126
2022-09-19 02:03:14,4,2,3873.0,-1124
2022-09-19 02:03:15,20,-14,3873.0,-1138
2022-09-19 02:03:16,19,6,3873.25,-1132
2022-09-19 02:03:17,3,2,3873.25,-1130
2022-09-19 02:03:19,3,2,3873.0,-1128
2022-09-19 02:03:20,24,-10,3873.0,-1138
2022-09-19 02:03:21,6,6,3873.0,-1132
2022-09-19 02:03:22,4,2,3873.0,-1130
2022-09-19 02:03:23,9,-2,3873.25,-1132
2022-09-19 02:03:28,5,-1,3873.0,-1133
2022-09-19 02:03:29,11,5,3873.25,-1128
2022-09-19 02:03:32,4,4,3873.5,-1124
2022-09-19 02:03:34,2,0,3873.5,-1124
2022-09-19 02:03:35,4,4,3873.75,-1120
2022-09-19 02:03:36,23,7,3873.75,-1113
2022-09-19 02:03:37,13,1,3873.75,-1112
2022-09-19 02:03:38,10,4,3873.75,-1108
2022-09-19 02:03:39,6,-2,3874.0,-1110
2022-09-19 02:03:40,5,3,3873.75,-1107
2022-09-19 02:03:41,6,-1,3873.75,-1108
2022-09-19 02:03:42,4,2,3873.75,-1106
2022-09-19 02:03:43,1,-1,3873.5,-1107
2022-09-19 02:03:44,1,1,3873.75,-1106
2022-09-19 02:03:45,17,-8,3873.5,-1114
2022-09-19 02:03:46,4,-2,3873.5,-1116
2022-09-19 02:03:47,1,-1,3873.5,-1117
2022-09-19 02:03:48,1,1,3873.75,-1116
2022-09-19 02:03:50,2,2,3873.75,-1114
2022-09-19 02:03:53,9,4,3873.75,-1110
2022-09-19 02:03:54,1,1,3873.75,-1109
2022-09-19 02:03:56,186,-222,3873.5,-1331
2022-09-19 02:03:57,8,6,3873.0,-1325
2022-09-19 02:03:58,3,-3,3873.0,-1328
2022-09-19 02:03:59,2,2,3873.0,-1326
2022-09-19 02:04:00,1,-1,3872.75,-1327
2022-09-19 02:04:02,8,-5,3872.75,-1332
2022-09-19 02:04:03,2,2,3872.75,-1330
2022-09-19 02:04:05,7,6,3872.75,-1324
2022-09-19 02:04:06,10,-3,3873.0,-1327
2022-09-19 02:04:08,1,1,3873.0,-1326
2022-09-19 02:04:10,4,-4,3872.75,-1330
2022-09-19 02:04:12,5,-4,3872.5,-1334
2022-09-19 02:04:13,1,-1,3872.25,-1335
2022-09-19 02:04:14,2,-2,3872.25,-1337
2022-09-19 02:04:16,4,2,3872.5,-1335
2022-09-19 02:04:18,2,0,3872.5,-1335
2022-09-19 02:04:19,3,-3,3872.5,-1338
2022-09-19 02:04:21,12,-7,3872.25,-1345
2022-09-19 02:04:22,2,-2,3872.25,-1347
2022-09-19 02:04:23,15,-7,3872.0,-1354
2022-09-19 02:04:24,24,5,3872.25,-1349
2022-09-19 02:04:26,51,-75,3871.75,-1424
2022-09-19 02:04:27,23,-5,3871.5,-1429
2022-09-19 02:04:32,7,7,3871.5,-1422
2022-09-19 02:04:33,2,-2,3871.5,-1424
2022-09-19 02:04:34,3,-3,3871.25,-1427
2022-09-19 02:04:36,4,4,3871.5,-1423
2022-09-19 02:04:37,11,9,3871.5,-1414
2022-09-19 02:04:38,1,-1,3871.5,-1415
2022-09-19 02:04:40,1,1,3871.75,-1414
2022-09-19 02:04:41,2,2,3871.75,-1412
2022-09-19 02:04:46,1,1,3872.0,-1411
2022-09-19 02:04:47,11,1,3872.0,-1410
2022-09-19 02:04:51,2,2,3872.0,-1408
2022-09-19 02:04:53,2,2,3872.25,-1406
2022-09-19 02:04:54,1,-1,3872.0,-1407
2022-09-19 02:04:55,8,-3,3872.0,-1410
2022-09-19 02:05:00,16,0,3872.0,-1410
2022-09-19 02:05:02,3,-3,3871.75,-1413
2022-09-19 02:05:07,2,2,3871.75,-1411
2022-09-19 02:05:08,12,4,3871.75,-1407
2022-09-19 02:05:09,3,1,3871.75,-1406
2022-09-19 02:05:12,1,1,3872.0,-1405
2022-09-19 02:05:14,1,1,3872.0,-1404
2022-09-19 02:05:15,1,1,3872.0,-1403
2022-09-19 02:05:18,5,3,3872.0,-1400
2022-09-19 02:05:22,16,13,3872.25,-1387
2022-09-19 02:05:24,4,4,3872.5,-1383
2022-09-19 02:05:25,4,-2,3872.5,-1385
2022-09-19 02:05:26,4,1,3872.5,-1384
2022-09-19 02:05:27,14,-7,3872.25,-1391
2022-09-19 02:05:28,5,-5,3872.25,-1396
2022-09-19 02:05:30,1,-1,3872.0,-1397
2022-09-19 02:05:31,4,0,3872.0,-1397
2022-09-19 02:05:32,8,-3,3871.75,-1400
2022-09-19 02:05:33,1,1,3871.75,-1399
2022-09-19 02:05:38,6,-6,3871.75,-1405
2022-09-19 02:05:43,3,-3,3871.75,-1408
2022-09-19 02:05:45,9,8,3872.0,-1400
2022-09-19 02:05:47,8,6,3872.25,-1394
2022-09-19 02:05:48,33,-41,3872.25,-1435
2022-09-19 02:05:49,5,5,3872.25,-1430
2022-09-19 02:05:50,3,-3,3872.0,-1433
2022-09-19 02:05:51,1,1,3872.25,-1432
2022-09-19 02:05:52,1,1,3872.5,-1431
2022-09-19 02:05:54,1,1,3872.5,-1430
2022-09-19 02:05:55,13,-7,3872.5,-1437
2022-09-19 02:05:57,7,-5,3872.25,-1442
2022-09-19 02:05:59,3,-1,3872.0,-1443
2022-09-19 02:06:00,4,2,3871.75,-1441
2022-09-19 02:06:01,3,-3,3871.5,-1444
2022-09-19 02:06:04,2,-2,3871.5,-1446
2022-09-19 02:06:06,8,-8,3871.5,-1454
2022-09-19 02:06:07,8,-2,3871.25,-1456
2022-09-19 02:06:08,6,4,3871.0,-1452
2022-09-19 02:06:09,1,-1,3871.0,-1453
2022-09-19 02:06:10,45,-18,3870.75,-1471
2022-09-19 02:06:11,7,1,3871.0,-1470
2022-09-19 02:06:12,2,2,3870.75,-1468
2022-09-19 02:06:13,2,2,3870.75,-1466
2022-09-19 02:06:14,1,-1,3870.75,-1467
2022-09-19 02:06:15,4,0,3870.75,-1467
2022-09-19 02:06:16,5,5,3870.75,-1462
2022-09-19 02:06:19,26,30,3871.0,-1432
2022-09-19 02:06:20,4,4,3871.25,-1428
2022-09-19 02:06:23,46,45,3871.5,-1383
2022-09-19 02:06:24,3,3,3871.25,-1380
2022-09-19 02:06:25,12,-3,3871.25,-1383
2022-09-19 02:06:26,8,-5,3871.25,-1388
2022-09-19 02:06:27,9,-5,3871.25,-1393
2022-09-19 02:06:28,17,-16,3870.75,-1409
2022-09-19 02:06:29,21,-16,3870.5,-1425
2022-09-19 02:06:30,2,2,3870.75,-1423
2022-09-19 02:06:33,6,-2,3870.5,-1425
2022-09-19 02:06:34,5,-1,3870.5,-1426
2022-09-19 02:06:35,13,10,3870.75,-1416
2022-09-19 02:06:38,1,-1,3870.75,-1417
2022-09-19 02:06:39,17,-4,3871.0,-1421
2022-09-19 02:06:43,10,8,3871.0,-1413
2022-09-19 02:06:44,1,-1,3871.0,-1414
2022-09-19 02:06:46,1,1,3871.25,-1413
2022-09-19 02:06:47,1,1,3871.25,-1412
2022-09-19 02:06:48,1,1,3871.25,-1411
2022-09-19 02:06:49,1,1,3871.25,-1410
2022-09-19 02:06:51,18,-7,3871.0,-1417
2022-09-19 02:06:52,1,-1,3870.75,-1418
2022-09-19 02:06:55,7,-1,3871.0,-1419
2022-09-19 02:06:57,3,3,3871.0,-1416
2022-09-19 02:07:00,17,-12,3871.0,-1428
2022-09-19 02:07:01,8,-8,3870.75,-1436
2022-09-19 02:07:03,11,0,3871.0,-1436
2022-09-19 02:07:04,11,-10,3870.75,-1446
2022-09-19 02:07:05,1,-1,3870.5,-1447
2022-09-19 02:07:07,18,-9,3870.5,-1456
2022-09-19 02:07:08,29,-21,3870.25,-1477
2022-09-19 02:07:09,8,4,3870.25,-1473
2022-09-19 02:07:10,4,-4,3870.0,-1477
2022-09-19 02:07:11,1,1,3870.25,-1476
2022-09-19 02:07:12,16,-1,3870.25,-1477
2022-09-19 02:07:13,8,4,3870.25,-1473
2022-09-19 02:07:15,77,-39,3870.25,-1512
2022-09-19 02:07:16,16,-13,3870.0,-1525
2022-09-19 02:07:18,163,-81,3870.0,-1606
2022-09-19 02:07:19,22,-4,3869.25,-1610
2022-09-19 02:07:20,18,3,3869.5,-1607
2022-09-19 02:07:21,9,-7,3869.5,-1614
2022-09-19 02:07:22,5,-5,3869.25,-1619
2022-09-19 02:07:23,13,2,3869.75,-1617
2022-09-19 02:07:24,7,0,3869.5,-1617
2022-09-19 02:07:25,5,1,3869.5,-1616
2022-09-19 02:07:28,6,-6,3869.25,-1622
2022-09-19 02:07:29,10,11,3869.5,-1611
2022-09-19 02:07:32,1,-1,3869.25,-1612
2022-09-19 02:07:33,20,7,3869.5,-1605
2022-09-19 02:07:34,8,6,3869.5,-1599
2022-09-19 02:07:36,7,5,3869.75,-1594
2022-09-19 02:07:37,31,10,3870.25,-1584
2022-09-19 02:07:38,2,2,3870.25,-1582
2022-09-19 02:07:39,4,3,3870.0,-1579
2022-09-19 02:07:41,12,1,3870.5,-1578
2022-09-19 02:07:42,18,-14,3870.25,-1592
2022-09-19 02:07:43,2,2,3870.0,-1590
2022-09-19 02:07:45,12,11,3870.0,-1579
2022-09-19 02:07:46,3,-3,3870.0,-1582
2022-09-19 02:07:47,3,3,3870.25,-1579
2022-09-19 02:07:50,136,-116,3870.25,-1695
2022-09-19 02:07:51,2,2,3870.5,-1693
2022-09-19 02:07:53,3,3,3870.5,-1690
2022-09-19 02:07:55,2,2,3870.5,-1688
2022-09-19 02:07:56,31,-10,3870.25,-1698
2022-09-19 02:07:57,3,-3,3870.0,-1701
2022-09-19 02:07:58,1,1,3870.0,-1700
2022-09-19 02:07:59,1,-1,3869.75,-1701
2022-09-19 02:08:00,4,-2,3870.0,-1703
2022-09-19 02:08:01,2,-2,3869.5,-1705
2022-09-19 02:08:02,3,1,3869.75,-1704
2022-09-19 02:08:03,1,1,3869.75,-1703
2022-09-19 02:08:04,1,1,3869.75,-1702
2022-09-19 02:08:06,13,-6,3869.75,-1708
2022-09-19 02:08:07,7,7,3869.75,-1701
2022-09-19 02:08:08,4,-2,3869.75,-1703
2022-09-19 02:08:09,10,-9,3869.5,-1712
2022-09-19 02:08:10,8,8,3869.5,-1704
2022-09-19 02:08:12,2,-2,3869.5,-1706
2022-09-19 02:08:13,2,-2,3869.25,-1708
2022-09-19 02:08:14,20,-2,3869.25,-1710
2022-09-19 02:08:15,5,3,3869.25,-1707
2022-09-19 02:08:16,3,-3,3869.25,-1710
2022-09-19 02:08:17,2,2,3869.25,-1708
2022-09-19 02:08:18,1,1,3869.5,-1707
2022-09-19 02:08:19,2,-2,3869.25,-1709
2022-09-19 02:08:20,1,1,3869.5,-1708
2022-09-19 02:08:23,2,-2,3869.0,-1710
2022-09-19 02:08:24,1,-1,3869.0,-1711
2022-09-19 02:08:27,2,0,3869.25,-1711
2022-09-19 02:08:28,13,8,3869.5,-1703
2022-09-19 02:08:33,7,7,3869.75,-1696
2022-09-19 02:08:35,2,0,3870.0,-1696
2022-09-19 02:08:38,15,8,3870.0,-1688
2022-09-19 02:08:40,27,28,3870.75,-1660
2022-09-19 02:08:41,2,2,3870.75,-1658
2022-09-19 02:08:42,9,-1,3870.75,-1659
2022-09-19 02:08:44,1,-1,3870.5,-1660
2022-09-19 02:08:45,2,-2,3870.5,-1662
2022-09-19 02:08:46,24,-4,3870.5,-1666
2022-09-19 02:08:48,12,0,3870.5,-1666
2022-09-19 02:08:49,3,3,3870.5,-1663
2022-09-19 02:08:50,23,-13,3870.5,-1676
2022-09-19 02:08:51,1,-1,3870.0,-1677
2022-09-19 02:08:53,9,-1,3870.0,-1678
2022-09-19 02:08:54,7,-7,3869.75,-1685
2022-09-19 02:08:55,1,-1,3869.5,-1686
2022-09-19 02:08:56,18,5,3869.75,-1681
2022-09-19 02:09:00,22,-10,3869.75,-1691
2022-09-19 02:09:01,6,0,3869.25,-1691
2022-09-19 02:09:02,1,1,3869.25,-1690
2022-09-19 02:09:03,1,-1,3869.25,-1691
2022-09-19 02:09:08,23,-6,3869.0,-1697
2022-09-19 02:09:10,29,-19,3868.75,-1716
2022-09-19 02:09:12,10,8,3869.0,-1708
2022-09-19 02:09:13,2,2,3869.0,-1706
2022-09-19 02:09:14,1,-1,3868.75,-1707
2022-09-19 02:09:15,2,0,3868.75,-1707
2022-09-19 02:09:16,3,3,3868.75,-1704
2022-09-19 02:09:17,4,2,3868.75,-1702
2022-09-19 02:09:18,2,-2,3868.75,-1704
2022-09-19 02:09:19,6,-2,3869.0,-1706
2022-09-19 02:09:22,15,7,3869.5,-1699
2022-09-19 02:09:23,7,2,3869.5,-1697
2022-09-19 02:09:24,2,2,3869.5,-1695
2022-09-19 02:09:27,15,-4,3869.5,-1699
2022-09-19 02:09:30,1,1,3869.75,-1698
2022-09-19 02:09:31,2,2,3869.75,-1696
2022-09-19 02:09:32,7,1,3869.5,-1695
2022-09-19 02:09:35,12,-5,3869.25,-1700
2022-09-19 02:09:36,5,3,3869.25,-1697
2022-09-19 02:09:39,1,1,3869.5,-1696
2022-09-19 02:09:40,8,8,3869.75,-1688
2022-09-19 02:09:41,5,-5,3869.75,-1693
2022-09-19 02:09:42,2,2,3869.75,-1691
2022-09-19 02:09:43,22,14,3870.0,-1677
2022-09-19 02:09:45,15,5,3870.5,-1672
2022-09-19 02:09:46,5,-3,3870.25,-1675
2022-09-19 02:09:50,8,5,3870.5,-1670
2022-09-19 02:09:51,4,-2,3870.5,-1672
2022-09-19 02:09:52,2,2,3870.75,-1670
2022-09-19 02:09:54,9,-3,3870.5,-1673
2022-09-19 02:09:55,1,1,3870.5,-1672
2022-09-19 02:09:56,3,3,3870.5,-1669
2022-09-19 02:09:57,1,-1,3870.25,-1670
2022-09-19 02:09:59,8,0,3870.25,-1670
2022-09-19 02:10:00,1,-1,3870.25,-1671
2022-09-19 02:10:01,6,-6,3870.0,-1677
2022-09-19 02:10:02,15,13,3870.0,-1664
2022-09-19 02:10:03,2,2,3870.25,-1662
2022-09-19 02:10:04,6,4,3870.25,-1658
2022-09-19 02:10:05,16,7,3870.5,-1651
2022-09-19 02:10:06,36,-37,3870.75,-1688
2022-09-19 02:10:07,3,1,3870.0,-1687
2022-09-19 02:10:09,10,6,3869.75,-1681
2022-09-19 02:10:10,1,1,3869.75,-1680
2022-09-19 02:10:12,5,-5,3869.5,-1685
2022-09-19 02:10:17,9,-7,3869.25,-1692
2022-09-19 02:10:21,5,-5,3869.0,-1697
2022-09-19 02:10:23,28,-10,3869.0,-1707
2022-09-19 02:10:25,1,1,3868.75,-1706
2022-09-19 02:10:26,2,-1,3868.5,-1707
2022-09-19 02:10:27,6,6,3868.75,-1701
2022-09-19 02:10:29,2,-2,3868.75,-1703
2022-09-19 02:10:30,3,3,3868.75,-1700
2022-09-19 02:10:31,5,-1,3869.0,-1701
2022-09-19 02:10:36,10,-5,3868.5,-1706
2022-09-19 02:10:37,7,2,3868.75,-1704
2022-09-19 02:10:38,1,-1,3868.5,-1705
2022-09-19 02:10:40,9,-3,3868.75,-1708
2022-09-19 02:10:41,3,3,3868.75,-1705
2022-09-19 02:10:42,2,-2,3868.75,-1707
2022-09-19 02:10:43,1,-1,3868.75,-1708
2022-09-19 02:10:44,2,2,3868.75,-1706
2022-09-19 02:10:45,54,27,3869.25,-1679
2022-09-19 02:10:47,16,6,3869.0,-1673
2022-09-19 02:10:48,1,1,3869.0,-1672
2022-09-19 02:10:49,1,1,3869.0,-1671
2022-09-19 02:10:50,8,-8,3868.75,-1679
2022-09-19 02:10:51,7,5,3869.0,-1674
2022-09-19 02:10:52,3,-3,3868.75,-1677
2022-09-19 02:10:53,8,2,3869.0,-1675
2022-09-19 02:10:55,52,31,3869.25,-1644
2022-09-19 02:10:56,13,10,3869.75,-1634
2022-09-19 02:10:57,4,1,3869.5,-1633
2022-09-19 02:10:58,7,7,3869.5,-1626
2022-09-19 02:11:00,2,0,3869.75,-1626
2022-09-19 02:11:01,1,1,3869.75,-1625
2022-09-19 02:11:02,6,-4,3869.75,-1629
2022-09-19 02:11:03,10,-4,3869.75,-1633
2022-09-19 02:11:05,13,-4,3869.75,-1637
2022-09-19 02:11:06,1,1,3869.75,-1636
2022-09-19 02:11:07,1,1,3870.0,-1635
2022-09-19 02:11:11,2,-2,3869.75,-1637
2022-09-19 02:11:14,29,10,3870.0,-1627
2022-09-19 02:11:16,6,-6,3870.0,-1633
2022-09-19 02:11:17,1,-1,3869.75,-1634
2022-09-19 02:11:19,1,1,3870.0,-1633
2022-09-19 02:11:23,1,1,3870.0,-1632
2022-09-19 02:11:24,11,-4,3870.0,-1636
2022-09-19 02:11:27,1,1,3869.75,-1635
2022-09-19 02:11:28,5,4,3870.0,-1631
2022-09-19 02:11:29,10,-10,3869.75,-1641
2022-09-19 02:11:30,1,1,3870.0,-1640
2022-09-19 02:11:31,1,1,3870.0,-1639
2022-09-19 02:11:32,2,1,3870.0,-1638
2022-09-19 02:11:35,14,4,3870.0,-1634
2022-09-19 02:11:37,1,1,3870.25,-1633
2022-09-19 02:11:38,20,8,3870.25,-1625
2022-09-19 02:11:41,41,54,3870.5,-1571
2022-09-19 02:11:42,7,-6,3870.0,-1577
2022-09-19 02:11:43,3,-1,3870.0,-1578
2022-09-19 02:11:49,1,1,3869.75,-1577
2022-09-19 02:11:56,2,-1,3869.75,-1578
2022-09-19 02:11:57,10,9,3869.75,-1569
2022-09-19 02:11:58,13,-11,3869.5,-1580
2022-09-19 02:11:59,1,1,3869.25,-1579
2022-09-19 02:12:00,10,5,3869.25,-1574
2022-09-19 02:12:01,9,9,3869.5,-1565
2022-09-19 02:12:02,1,1,3869.75,-1564
2022-09-19 02:12:04,2,2,3870.0,-1562
2022-09-19 02:12:05,4,2,3870.0,-1560
2022-09-19 02:12:06,4,-4,3869.75,-1564
2022-09-19 02:12:07,10,8,3870.25,-1556
2022-09-19 02:12:09,9,-1,3870.25,-1557
2022-09-19 02:12:10,15,10,3870.25,-1547
2022-09-19 02:12:11,1,1,3870.25,-1546
2022-09-19 02:12:13,2,2,3870.25,-1544
2022-09-19 02:12:14,2,1,3870.25,-1543
2022-09-19 02:12:15,1,1,3870.5,-1542
2022-09-19 02:12:17,2,0,3870.5,-1542
2022-09-19 02:12:18,1,1,3870.5,-1541
2022-09-19 02:12:19,1,1,3870.5,-1540
2022-09-19 02:12:26,15,-13,3870.25,-1553
2022-09-19 02:12:28,15,-14,3870.0,-1567
2022-09-19 02:12:29,2,0,3870.0,-1567
2022-09-19 02:12:34,17,-12,3870.0,-1579
2022-09-19 02:12:35,4,4,3870.25,-1575
2022-09-19 02:12:36,2,2,3870.25,-1573
2022-09-19 02:12:40,2,-2,3870.0,-1575
2022-09-19 02:12:42,10,-10,3869.75,-1585
2022-09-19 02:12:45,8,-8,3869.25,-1593
2022-09-19 02:12:49,23,-19,3869.0,-1612
2022-09-19 02:12:51,3,1,3868.75,-1611
2022-09-19 02:12:52,5,-3,3869.0,-1614
2022-09-19 02:12:55,11,-7,3868.5,-1621
2022-09-19 02:12:56,3,-3,3868.25,-1624
2022-09-19 02:12:57,193,-24,3868.75,-1648
2022-09-19 02:12:58,3,1,3868.5,-1647
2022-09-19 02:12:59,2,0,3868.5,-1647
2022-09-19 02:13:00,11,7,3868.5,-1640
2022-09-19 02:13:01,2,0,3868.75,-1640
2022-09-19 02:13:03,1,-1,3868.5,-1641
2022-09-19 02:13:04,14,5,3868.75,-1636
2022-09-19 02:13:05,1,-1,3868.5,-1637
2022-09-19 02:13:06,1,1,3868.75,-1636
2022-09-19 02:13:09,9,-9,3868.5,-1645
2022-09-19 02:13:11,54,-23,3868.25,-1668
2022-09-19 02:13:12,26,-5,3868.5,-1673
2022-09-19 02:13:13,326,-184,3868.5,-1857
2022-09-19 02:13:14,85,-43,3867.75,-1900
2022-09-19 02:13:15,6,2,3867.5,-1898
2022-09-19 02:13:16,10,7,3867.5,-1891
2022-09-19 02:13:17,16,-6,3867.5,-1897
2022-09-19 02:13:18,209,-176,3867.0,-2073
2022-09-19 02:13:19,27,-29,3866.25,-2102
2022-09-19 02:13:20,38,16,3866.5,-2086
2022-09-19 02:13:21,6,-5,3866.5,-2091
2022-09-19 02:13:22,5,-1,3866.5,-2092
2022-09-19 02:13:23,13,1,3866.5,-2091
2022-09-19 02:13:24,7,6,3866.75,-2085
2022-09-19 02:13:25,17,2,3866.75,-2083
2022-09-19 02:13:26,2,0,3866.75,-2083
2022-09-19 02:13:28,16,9,3866.75,-2074
2022-09-19 02:13:30,17,14,3867.0,-2060
2022-09-19 02:13:31,93,-77,3867.0,-2137
2022-09-19 02:13:33,11,10,3867.0,-2127
2022-09-19 02:13:34,5,-1,3866.75,-2128
2022-09-19 02:13:35,11,9,3867.0,-2119
2022-09-19 02:13:36,47,-11,3867.0,-2130
2022-09-19 02:13:37,8,6,3866.75,-2124
2022-09-19 02:13:38,3,-3,3866.75,-2127
2022-09-19 02:13:39,1,-1,3866.75,-2128
2022-09-19 02:13:40,1,-1,3866.75,-2129
2022-09-19 02:13:41,8,0,3867.0,-2129
2022-09-19 02:13:42,1,-1,3866.75,-2130
2022-09-19 02:13:44,1,-1,3866.75,-2131
2022-09-19 02:13:45,28,6,3867.0,-2125
2022-09-19 02:13:46,4,4,3867.0,-2121
2022-09-19 02:13:48,2,-2,3867.0,-2123
2022-09-19 02:13:52,20,-30,3866.75,-2153
2022-09-19 02:13:53,4,3,3866.75,-2150
2022-09-19 02:13:57,1,-1,3866.75,-2151
2022-09-19 02:13:58,1,1,3866.75,-2150
2022-09-19 02:13:59,3,3,3866.75,-2147
2022-09-19 02:14:00,4,4,3866.75,-2143
2022-09-19 02:14:01,3,3,3866.75,-2140
2022-09-19 02:14:02,1,1,3866.75,-2139
2022-09-19 02:14:04,4,0,3866.75,-2139
2022-09-19 02:14:06,3,3,3866.75,-2136
2022-09-19 02:14:07,43,6,3867.0,-2130
2022-09-19 02:14:08,1,-1,3867.0,-2131
2022-09-19 02:14:12,68,1,3867.5,-2130
2022-09-19 02:14:13,22,9,3867.5,-2121
2022-09-19 02:14:14,24,33,3867.75,-2088
2022-09-19 02:14:15,1,1,3867.5,-2087
2022-09-19 02:14:17,8,2,3867.5,-2085
2022-09-19 02:14:18,1,1,3867.5,-2084
2022-09-19 02:14:22,1,1,3867.5,-2083
2022-09-19 02:14:25,20,0,3867.5,-2083
2022-09-19 02:14:27,1,1,3867.5,-2082
2022-09-19 02:14:31,9,-9,3867.5,-2091
2022-09-19 02:14:33,18,-11,3867.25,-2102
2022-09-19 02:14:34,5,-2,3867.25,-2104
2022-09-19 02:14:35,1,1,3867.0,-2103
2022-09-19 02:14:36,7,-3,3867.0,-2106
2022-09-19 02:14:40,3,-3,3866.75,-2109
2022-09-19 02:14:41,1,1,3866.75,-2108
2022-09-19 02:14:46,19,-18,3866.5,-2126
2022-09-19 02:14:47,5,-2,3866.25,-2128
2022-09-19 02:14:51,2,2,3866.5,-2126
2022-09-19 02:14:53,8,-6,3866.75,-2132
2022-09-19 02:14:54,47,6,3866.5,-2126
2022-09-19 02:14:55,2,-2,3866.5,-2128
2022-09-19 02:14:56,12,13,3866.75,-2115
2022-09-19 02:14:57,145,-145,3866.5,-2260
2022-09-19 02:14:58,8,6,3866.25,-2254
2022-09-19 02:14:59,12,4,3866.5,-2250
2022-09-19 02:15:00,10,-1,3866.5,-2251
2022-09-19 02:15:01,2,2,3866.25,-2249
2022-09-19 02:15:02,5,0,3866.5,-2249
2022-09-19 02:15:05,4,2,3867.0,-2247
2022-09-19 02:15:06,1,1,3867.0,-2246
2022-09-19 02:15:07,11,9,3867.0,-2237
2022-09-19 02:15:08,31,-3,3867.0,-2240
2022-09-19 02:15:09,1,-1,3866.75,-2241
2022-09-19 02:15:13,1,-1,3867.0,-2242
2022-09-19 02:15:14,10,2,3867.25,-2240
2022-09-19 02:15:15,2,2,3867.25,-2238
2022-09-19 02:15:16,5,5,3867.5,-2233
2022-09-19 02:15:17,1,1,3867.5,-2232
2022-09-19 02:15:18,20,9,3867.75,-2223
2022-09-19 02:15:19,25,6,3867.75,-2217
2022-09-19 02:15:21,31,19,3868.0,-2198
2022-09-19 02:15:22,10,10,3868.25,-2188
2022-09-19 02:15:23,5,5,3868.25,-2183
2022-09-19 02:15:25,9,-4,3868.25,-2187
2022-09-19 02:15:26,4,4,3868.0,-2183
2022-09-19 02:15:28,3,3,3868.25,-2180
2022-09-19 02:15:30,4,4,3868.5,-2176
2022-09-19 02:15:31,9,9,3868.5,-2167
2022-09-19 02:15:32,3,-1,3868.75,-2168
2022-09-19 02:15:35,79,6,3868.75,-2162
2022-09-19 02:15:36,3,3,3869.0,-2159
2022-09-19 02:15:37,10,-4,3869.0,-2163
2022-09-19 02:15:38,9,9,3868.75,-2154
2022-09-19 02:15:39,6,2,3868.75,-2152
2022-09-19 02:15:41,3,1,3868.75,-2151
2022-09-19 02:15:42,27,-7,3868.75,-2158
2022-09-19 02:15:45,40,16,3869.0,-2142
2022-09-19 02:15:46,8,2,3869.25,-2140
2022-09-19 02:15:47,24,21,3869.5,-2119
2022-09-19 02:15:48,4,-4,3869.25,-2123
2022-09-19 02:15:49,6,4,3869.5,-2119
2022-09-19 02:15:52,10,7,3869.5,-2112
2022-09-19 02:15:53,1,-1,3869.5,-2113
2022-09-19 02:15:54,16,6,3869.75,-2107
2022-09-19 02:15:55,2,2,3869.75,-2105
2022-09-19 02:15:56,1,1,3869.75,-2104
2022-09-19 02:15:57,8,-6,3869.75,-2110
2022-09-19 02:15:58,9,-2,3869.5,-2112
2022-09-19 02:15:59,1,-1,3869.5,-2113
2022-09-19 02:16:00,30,18,3870.0,-2095
2022-09-19 02:16:01,245,229,3871.25,-1866
2022-09-19 02:16:02,11,0,3870.5,-1866
2022-09-19 02:16:03,13,-12,3870.25,-1878
2022-09-19 02:16:04,14,12,3870.25,-1866
2022-09-19 02:16:05,3,-1,3870.5,-1867
2022-09-19 02:16:06,6,6,3870.5,-1861
2022-09-19 02:16:07,3,1,3870.75,-1860
2022-09-19 02:16:08,49,4,3871.0,-1856
2022-09-19 02:16:09,2,2,3870.75,-1854
2022-09-19 02:16:10,3,2,3871.0,-1852
2022-09-19 02:16:11,7,3,3871.0,-1849
2022-09-19 02:16:12,1,-1,3871.0,-1850
2022-09-19 02:16:13,13,-13,3871.0,-1863
2022-09-19 02:16:14,18,-12,3871.0,-1875
2022-09-19 02:16:16,1,1,3870.75,-1874
2022-09-19 02:16:18,26,-2,3870.5,-1876
2022-09-19 02:16:22,3,1,3870.5,-1875
2022-09-19 02:16:24,2,-2,3870.25,-1877
2022-09-19 02:16:25,9,-8,3870.25,-1885
2022-09-19 02:16:26,30,-16,3870.0,-1901
2022-09-19 02:16:27,3,3,3870.25,-1898
2022-09-19 02:16:28,7,-4,3870.0,-1902
2022-09-19 02:16:29,12,4,3870.0,-1898
2022-09-19 02:16:30,10,-5,3870.0,-1903
2022-09-19 02:16:31,21,16,3870.0,-1887
2022-09-19 02:16:33,3,1,3870.0,-1886
2022-09-19 02:16:34,34,9,3870.0,-1877
2022-09-19 02:16:36,4,2,3870.25,-1875
2022-09-19 02:16:37,18,6,3870.5,-1869
2022-09-19 02:16:39,2,-2,3870.25,-1871
2022-09-19 02:16:40,1,-1,3870.25,-1872
2022-09-19 02:16:41,1,1,3870.5,-1871
2022-09-19 02:16:42,2,-2,3870.25,-1873
2022-09-19 02:16:43,11,11,3870.25,-1862
2022-09-19 02:16:44,12,9,3870.5,-1853
2022-09-19 02:16:45,1,-1,3870.25,-1854
2022-09-19 02:16:47,1,1,3870.5,-1853
2022-09-19 02:16:48,4,4,3870.5,-1849
2022-09-19 02:16:49,4,-4,3870.5,-1853
2022-09-19 02:16:50,1,1,3870.5,-1852
2022-09-19 02:16:51,3,3,3870.5,-1849
2022-09-19 02:16:56,20,12,3871.0,-1837
2022-09-19 02:16:57,1,1,3870.75,-1836
2022-09-19 02:16:59,1,-1,3870.5,-1837
2022-09-19 02:17:00,1,1,3870.75,-1836
2022-09-19 02:17:01,4,0,3870.75,-1836
2022-09-19 02:17:02,1,1,3870.75,-1835
2022-09-19 02:17:03,1,-1,3870.75,-1836
2022-09-19 02:17:04,1,-1,3870.75,-1837
2022-09-19 02:17:05,2,-2,3870.75,-1839
2022-09-19 02:17:07,3,-3,3870.75,-1842
2022-09-19 02:17:11,12,-12,3870.5,-1854
2022-09-19 02:17:12,8,2,3870.5,-1852
2022-09-19 02:17:17,7,-6,3870.25,-1858
2022-09-19 02:17:18,33,27,3870.5,-1831
2022-09-19 02:17:19,20,31,3870.75,-1800
2022-09-19 02:17:24,17,0,3870.75,-1800
2022-09-19 02:17:25,1,-1,3870.5,-1801
2022-09-19 02:17:26,1,1,3870.75,-1800
2022-09-19 02:17:28,1,-1,3870.5,-1801
2022-09-19 02:17:30,4,3,3870.75,-1798
2022-09-19 02:17:33,2,0,3870.75,-1798
2022-09-19 02:17:37,2,2,3870.75,-1796
2022-09-19 02:17:39,17,-4,3870.75,-1800
2022-09-19 02:17:41,5,5,3870.75,-1795
2022-09-19 02:17:42,1,-1,3870.75,-1796
2022-09-19 02:17:48,1,-1,3870.75,-1797
2022-09-19 02:17:49,1,1,3871.0,-1796
2022-09-19 02:17:51,2,-2,3870.75,-1798
2022-09-19 02:17:52,112,-64,3870.75,-1862
2022-09-19 02:17:53,1,-1,3870.0,-1863
2022-09-19 02:17:54,19,-10,3870.0,-1873
2022-09-19 02:17:55,30,-28,3869.75,-1901
2022-09-19 02:17:56,1,-1,3869.5,-1902
2022-09-19 02:17:58,1,-1,3869.5,-1903
2022-09-19 02:17:59,1,-1,3869.5,-1904
2022-09-19 02:18:02,19,9,3869.75,-1895
2022-09-19 02:18:03,2,-2,3869.75,-1897
2022-09-19 02:18:05,4,-4,3869.75,-1901
2022-09-19 02:18:10,39,26,3870.5,-1875
2022-09-19 02:18:11,6,3,3870.25,-1872
2022-09-19 02:18:16,21,9,3870.75,-1863
2022-09-19 02:18:17,1,1,3870.75,-1862
2022-09-19 02:18:19,1,1,3870.75,-1861
2022-09-19 02:18:21,1,-1,3870.5,-1862
2022-09-19 02:18:24,1,-1,3870.5,-1863
2022-09-19 02:18:27,4,-4,3870.5,-1867
2022-09-19 02:18:33,17,7,3870.5,-1860
2022-09-19 02:18:37,3,3,3870.75,-1857
2022-09-19 02:18:38,8,-8,3870.5,-1865
2022-09-19 02:18:39,1,1,3870.5,-1864
2022-09-19 02:18:41,70,34,3871.0,-1830
2022-09-19 02:18:44,8,1,3870.5,-1829
2022-09-19 02:18:46,5,5,3870.5,-1824
2022-09-19 02:18:49,1,1,3870.75,-1823
2022-09-19 02:18:50,5,1,3870.75,-1822
2022-09-19 02:18:51,1,-1,3870.5,-1823
2022-09-19 02:18:57,3,-1,3871.0,-1824
2022-09-19 02:18:58,3,-1,3870.75,-1825
2022-09-19 02:19:00,1,1,3870.75,-1824
2022-09-19 02:19:01,3,3,3871.0,-1821
2022-09-19 02:19:02,2,2,3871.0,-1819
2022-09-19 02:19:03,2,-2,3870.75,-1821
2022-09-19 02:19:05,4,-4,3870.75,-1825
2022-09-19 02:19:11,2,-2,3870.5,-1827
2022-09-19 02:19:13,1,-1,3870.5,-1828
2022-09-19 02:19:16,1,-1,3870.5,-1829
2022-09-19 02:19:18,3,1,3870.75,-1828
2022-09-19 02:19:20,3,-3,3870.5,-1831
2022-09-19 02:19:21,1,1,3870.75,-1830
2022-09-19 02:19:22,1,1,3870.75,-1829
2022-09-19 02:19:23,12,10,3870.75,-1819
2022-09-19 02:19:24,135,153,3871.75,-1666
2022-09-19 02:19:25,4,-3,3871.25,-1669
2022-09-19 02:19:26,1,1,3871.25,-1668
2022-09-19 02:19:27,10,0,3871.25,-1668
2022-09-19 02:19:32,8,0,3871.5,-1668
2022-09-19 02:19:34,16,10,3871.75,-1658
2022-09-19 02:19:35,35,15,3872.25,-1643
2022-09-19 02:19:36,9,1,3872.0,-1642
2022-09-19 02:19:37,4,-2,3872.0,-1644
2022-09-19 02:19:38,9,4,3872.25,-1640
2022-09-19 02:19:40,2,0,3872.25,-1640
2022-09-19 02:19:43,39,-8,3872.0,-1648
2022-09-19 02:19:44,11,4,3872.0,-1644
2022-09-19 02:19:46,1,-1,3872.0,-1645
2022-09-19 02:19:51,6,-4,3872.0,-1649
2022-09-19 02:19:53,1,1,3872.0,-1648
2022-09-19 02:19:54,2,0,3872.0,-1648
2022-09-19 02:19:57,5,-2,3872.0,-1650
2022-09-19 02:20:01,3,-3,3872.0,-1653
2022-09-19 02:20:02,2,-2,3871.75,-1655
2022-09-19 02:20:03,2,2,3872.0,-1653
2022-09-19 02:20:04,10,-7,3872.0,-1660
2022-09-19 02:20:05,2,2,3872.0,-1658
2022-09-19 02:20:06,18,9,3872.25,-1649
2022-09-19 02:20:07,1,1,3872.25,-1648
2022-09-19 02:20:09,1,-1,3872.25,-1649
2022-09-19 02:20:10,1,1,3872.25,-1648
2022-09-19 02:20:11,3,3,3872.25,-1645
2022-09-19 02:20:12,27,-15,3872.0,-1660
2022-09-19 02:20:14,17,-12,3872.0,-1672
2022-09-19 02:20:16,18,8,3872.0,-1664
2022-09-19 02:20:18,3,-3,3872.0,-1667
2022-09-19 02:20:20,4,2,3872.0,-1665
2022-09-19 02:20:21,1,-1,3871.75,-1666
2022-09-19 02:20:23,30,-22,3871.75,-1688
2022-09-19 02:20:26,1,1,3871.75,-1687
2022-09-19 02:20:27,7,-7,3871.5,-1694
2022-09-19 02:20:28,1,1,3871.5,-1693
2022-09-19 02:20:29,12,-11,3871.25,-1704
2022-09-19 02:20:33,26,-21,3871.0,-1725
2022-09-19 02:20:35,1,1,3871.25,-1724
2022-09-19 02:20:36,6,-3,3871.25,-1727
2022-09-19 02:20:37,8,6,3871.25,-1721
2022-09-19 02:20:38,1,-1,3871.25,-1722
2022-09-19 02:20:40,2,0,3871.5,-1722
2022-09-19 02:20:42,26,21,3871.75,-1701
2022-09-19 02:20:43,2,-2,3871.5,-1703
2022-09-19 02:20:47,1,-1,3871.5,-1704
2022-09-19 02:20:49,19,7,3871.75,-1697
2022-09-19 02:20:52,3,-3,3871.25,-1700
2022-09-19 02:20:58,10,9,3871.5,-1691
2022-09-19 02:20:59,1,1,3871.75,-1690
2022-09-19 02:21:00,3,-3,3871.5,-1693
2022-09-19 02:21:04,3,-3,3871.25,-1696
2022-09-19 02:21:06,6,4,3871.5,-1692
2022-09-19 02:21:07,1,1,3871.25,-1691
2022-09-19 02:21:12,2,-2,3871.25,-1693
2022-09-19 02:21:14,3,3,3871.25,-1690
2022-09-19 02:21:16,1,1,3871.5,-1689
2022-09-19 02:21:18,2,0,3871.5,-1689
2022-09-19 02:21:20,1,-1,3871.25,-1690
2022-09-19 02:21:22,7,5,3871.5,-1685
2022-09-19 02:21:23,21,10,3871.75,-1675
2022-09-19 02:21:30,1,1,3872.0,-1674
2022-09-19 02:21:31,38,17,3872.0,-1657
2022-09-19 02:21:34,17,12,3872.75,-1645
2022-09-19 02:21:35,19,17,3873.25,-1628
2022-09-19 02:21:36,25,13,3873.25,-1615
2022-09-19 02:21:37,14,-10,3873.25,-1625
2022-09-19 02:21:39,1,-1,3873.0,-1626
2022-09-19 02:21:40,15,-9,3873.25,-1635
2022-09-19 02:21:41,1,1,3873.0,-1634
2022-09-19 02:21:43,11,-5,3872.75,-1639
2022-09-19 02:21:46,10,-6,3872.75,-1645
2022-09-19 02:21:47,2,-2,3872.75,-1647
2022-09-19 02:21:48,4,0,3872.75,-1647
2022-09-19 02:21:50,8,-7,3872.5,-1654
2022-09-19 02:21:51,4,4,3872.5,-1650
2022-09-19 02:21:53,1,-1,3872.5,-1651
2022-09-19 02:21:54,3,-3,3872.5,-1654
2022-09-19 02:21:59,16,-2,3872.25,-1656
2022-09-19 02:22:00,5,-4,3872.25,-1660
2022-09-19 02:22:01,1,1,3872.25,-1659
2022-09-19 02:22:02,1,1,3872.25,-1658
2022-09-19 02:22:04,10,-10,3872.0,-1668
2022-09-19 02:22:05,3,3,3872.0,-1665
2022-09-19 02:22:06,1,-1,3872.0,-1666
2022-09-19 02:22:08,2,2,3872.25,-1664
2022-09-19 02:22:10,11,9,3872.25,-1655
2022-09-19 02:22:11,3,-3,3872.0,-1658
2022-09-19 02:22:12,6,-4,3872.0,-1662
2022-09-19 02:22:15,13,-4,3871.75,-1666
2022-09-19 02:22:18,6,4,3871.75,-1662
2022-09-19 02:22:19,1,-1,3871.75,-1663
2022-09-19 02:22:20,2,2,3872.0,-1661
2022-09-19 02:22:22,1,-1,3872.0,-1662
2022-09-19 02:22:25,2,2,3872.25,-1660
2022-09-19 02:22:27,1,-1,3872.25,-1661
2022-09-19 02:22:29,5,0,3872.25,-1661
2022-09-19 02:22:30,1,-1,3872.25,-1662
2022-09-19 02:22:31,2,0,3872.25,-1662
2022-09-19 02:22:34,1,1,3872.25,-1661
2022-09-19 02:22:35,1,1,3872.25,-1660
2022-09-19 02:22:36,1,-1,3872.0,-1661
2022-09-19 02:22:38,5,-5,3872.0,-1666
2022-09-19 02:22:39,4,2,3872.0,-1664
2022-09-19 02:22:43,2,-2,3871.75,-1666
2022-09-19 02:22:44,1,1,3872.0,-1665
2022-09-19 02:22:45,2,2,3872.25,-1663
2022-09-19 02:22:46,2,2,3872.25,-1661
2022-09-19 02:22:49,1,-1,3872.25,-1662
2022-09-19 02:22:52,1,1,3872.5,-1661
2022-09-19 02:22:53,1,-1,3872.25,-1662
2022-09-19 02:22:55,2,2,3872.5,-1660
2022-09-19 02:22:59,14,-6,3872.25,-1666
2022-09-19 02:23:00,20,14,3872.5,-1652
2022-09-19 02:23:01,4,-3,3872.5,-1655
2022-09-19 02:23:06,2,2,3872.75,-1653
2022-09-19 02:23:10,13,1,3872.75,-1652
2022-09-19 02:23:11,1,-1,3872.75,-1653
2022-09-19 02:23:13,22,-5,3872.5,-1658
2022-09-19 02:23:16,17,3,3872.5,-1655
2022-09-19 02:23:22,40,-1,3872.75,-1656
2022-09-19 02:23:25,4,4,3872.75,-1652
2022-09-19 02:23:28,3,1,3872.75,-1651
2022-09-19 02:23:31,11,-2,3872.5,-1653
2022-09-19 02:23:33,1,1,3872.75,-1652
2022-09-19 02:23:35,1,1,3872.75,-1651
2022-09-19 02:23:36,22,16,3873.0,-1635
2022-09-19 02:23:39,3,3,3873.0,-1632
2022-09-19 02:23:41,1,-1,3873.0,-1633
2022-09-19 02:23:42,3,3,3873.25,-1630
2022-09-19 02:23:44,1,1,3873.0,-1629
2022-09-19 02:23:46,1,1,3873.25,-1628
2022-09-19 02:23:47,2,2,3873.25,-1626
2022-09-19 02:23:52,6,2,3873.25,-1624
2022-09-19 02:23:54,4,-4,3873.25,-1628
2022-09-19 02:23:55,7,-3,3873.25,-1631
2022-09-19 02:23:56,1,1,3873.25,-1630
2022-09-19 02:23:58,12,6,3873.25,-1624
2022-09-19 02:24:00,13,-7,3873.0,-1631
2022-09-19 02:24:01,2,2,3873.25,-1629
2022-09-19 02:24:07,1,-1,3873.0,-1630
2022-09-19 02:24:12,1,-1,3872.75,-1631
2022-09-19 02:24:17,10,7,3873.0,-1624
2022-09-19 02:24:18,8,6,3873.0,-1618
2022-09-19 02:24:20,5,-3,3873.0,-1621
2022-09-19 02:24:21,3,3,3873.0,-1618
2022-09-19 02:24:24,1,-1,3873.0,-1619
2022-09-19 02:24:25,1,1,3873.25,-1618
2022-09-19 02:24:26,14,13,3873.25,-1605
2022-09-19 02:24:27,6,5,3873.5,-1600
2022-09-19 02:24:29,5,-5,3873.25,-1605
2022-09-19 02:24:33,1,1,3873.25,-1604
2022-09-19 02:24:34,2,-2,3873.0,-1606
2022-09-19 02:24:39,10,-2,3873.0,-1608
2022-09-19 02:24:43,3,3,3873.25,-1605
2022-09-19 02:24:44,1,-1,3873.0,-1606
2022-09-19 02:24:45,57,34,3873.5,-1572
2022-09-19 02:24:50,2,-2,3873.25,-1574
2022-09-19 02:24:51,1,-1,3873.25,-1575
2022-09-19 02:24:56,41,10,3873.25,-1565
2022-09-19 02:24:59,41,6,3873.5,-1559
2022-09-19 02:25:00,1,-1,3873.25,-1560
2022-09-19 02:25:02,22,-2,3873.5,-1562
2022-09-19 02:25:08,5,5,3873.75,-1557
2022-09-19 02:25:11,4,2,3874.0,-1555
2022-09-19 02:25:13,1,-1,3873.75,-1556
2022-09-19 02:25:15,16,9,3874.0,-1547
2022-09-19 02:25:16,1,-1,3874.0,-1548
2022-09-19 02:25:19,9,-3,3874.0,-1551
2022-09-19 02:25:20,2,2,3873.75,-1549
2022-09-19 02:25:22,10,-8,3873.75,-1557
2022-09-19 02:25:23,2,0,3873.5,-1557
2022-09-19 02:25:26,5,-1,3873.5,-1558
2022-09-19 02:25:32,11,9,3873.75,-1549
2022-09-19 02:25:34,1,-1,3873.75,-1550
2022-09-19 02:25:38,1,-1,3873.75,-1551
2022-09-19 02:25:39,4,4,3874.0,-1547
2022-09-19 02:25:40,3,-3,3874.0,-1550
2022-09-19 02:25:41,2,-2,3874.0,-1552
2022-09-19 02:25:42,1,1,3874.0,-1551
2022-09-19 02:25:43,17,24,3874.5,-1527
2022-09-19 02:25:44,39,-28,3874.5,-1555
2022-09-19 02:25:45,3,3,3874.5,-1552
2022-09-19 02:25:46,5,-5,3874.25,-1557
2022-09-19 02:25:51,1,1,3874.25,-1556
2022-09-19 02:25:53,9,-1,3874.0,-1557
2022-09-19 02:25:54,1,1,3874.25,-1556
2022-09-19 02:26:00,5,4,3874.25,-1552
2022-09-19 02:26:03,1,1,3874.25,-1551
2022-09-19 02:26:04,8,7,3874.25,-1544
2022-09-19 02:26:05,2,-2,3874.25,-1546
2022-09-19 02:26:06,1,-1,3874.0,-1547
2022-09-19 02:26:07,9,9,3874.25,-1538
2022-09-19 02:26:08,1,-1,3874.25,-1539
2022-09-19 02:26:09,3,-1,3874.25,-1540
2022-09-19 02:26:10,6,-6,3874.25,-1546
2022-09-19 02:26:11,10,10,3874.5,-1536
2022-09-19 02:26:12,3,-3,3874.5,-1539
2022-09-19 02:26:13,2,2,3874.5,-1537
2022-09-19 02:26:14,13,-6,3874.5,-1543
2022-09-19 02:26:18,4,-2,3874.75,-1545
2022-09-19 02:26:20,16,16,3874.75,-1529
2022-09-19 02:26:22,2,-2,3874.75,-1531
2022-09-19 02:26:23,4,-4,3874.5,-1535
2022-09-19 02:26:24,10,8,3874.75,-1527
2022-09-19 02:26:26,7,-4,3874.5,-1531
2022-09-19 02:26:30,20,19,3874.75,-1512
2022-09-19 02:26:32,1,1,3874.75,-1511
2022-09-19 02:26:33,1,-1,3874.5,-1512
2022-09-19 02:26:34,1,-1,3874.5,-1513
2022-09-19 02:26:38,3,-3,3874.5,-1516
2022-09-19 02:26:44,3,3,3874.75,-1513
2022-09-19 02:26:45,16,-10,3874.5,-1523
2022-09-19 02:26:46,1,-1,3874.5,-1524
2022-09-19 02:26:47,15,12,3874.75,-1512
2022-09-19 02:26:49,7,-7,3874.5,-1519
2022-09-19 02:26:52,4,0,3874.5,-1519
2022-09-19 02:26:56,6,4,3874.75,-1515
2022-09-19 02:26:57,2,-2,3874.75,-1517
2022-09-19 02:27:01,34,30,3875.0,-1487
2022-09-19 02:27:04,11,-5,3875.0,-1492
2022-09-19 02:27:05,7,-1,3875.0,-1493
2022-09-19 02:27:07,3,3,3875.0,-1490
2022-09-19 02:27:10,4,-2,3875.0,-1492
2022-09-19 02:27:12,4,4,3875.0,-1488
2022-09-19 02:27:14,8,3,3875.25,-1485
2022-09-19 02:27:20,15,-12,3875.0,-1497
2022-09-19 02:27:21,4,4,3875.0,-1493
2022-09-19 02:27:25,22,-12,3874.75,-1505
2022-09-19 02:27:27,1,1,3874.75,-1504
2022-09-19 02:27:28,2,0,3874.75,-1504
2022-09-19 02:27:30,1,-1,3874.5,-1505
2022-09-19 02:27:31,5,1,3874.75,-1504
2022-09-19 02:27:32,1,-1,3874.75,-1505
2022-09-19 02:27:33,5,-3,3874.75,-1508
2022-09-19 02:27:35,1,1,3874.75,-1507
2022-09-19 02:27:36,3,3,3874.75,-1504
2022-09-19 02:27:39,6,-6,3874.5,-1510
2022-09-19 02:27:41,3,-1,3874.5,-1511
2022-09-19 02:27:43,1,-1,3874.25,-1512
2022-09-19 02:27:44,10,-8,3874.5,-1520
2022-09-19 02:27:45,14,-11,3874.25,-1531
2022-09-19 02:27:47,1,-1,3874.0,-1532
2022-09-19 02:27:48,8,6,3874.25,-1526
2022-09-19 02:27:50,9,7,3874.5,-1519
2022-09-19 02:27:51,1,-1,3874.5,-1520
2022-09-19 02:27:54,9,7,3874.75,-1513
2022-09-19 02:27:56,1,-1,3874.75,-1514
2022-09-19 02:27:58,10,-8,3874.75,-1522
2022-09-19 02:27:59,1,1,3874.75,-1521
2022-09-19 02:28:00,2,-2,3874.75,-1523
2022-09-19 02:28:02,16,-8,3874.75,-1531
2022-09-19 02:28:03,1,1,3874.75,-1530
2022-09-19 02:28:04,1,-1,3874.5,-1531
2022-09-19 02:28:06,1,-1,3874.5,-1532
2022-09-19 02:28:08,5,-2,3874.5,-1534
2022-09-19 02:28:13,3,-3,3874.25,-1537
2022-09-19 02:28:15,2,-2,3874.0,-1539
2022-09-19 02:28:16,1,-1,3874.0,-1540
2022-09-19 02:28:17,6,0,3874.0,-1540
2022-09-19 02:28:18,2,-1,3874.0,-1541
2022-09-19 02:28:22,1,-1,3874.0,-1542
2022-09-19 02:28:23,13,-13,3874.0,-1555
2022-09-19 02:28:26,1,-1,3873.75,-1556
2022-09-19 02:28:28,5,-5,3873.75,-1561
2022-09-19 02:28:30,48,-16,3873.75,-1577
2022-09-19 02:28:32,9,6,3873.75,-1571
2022-09-19 02:28:33,14,-3,3873.75,-1574
2022-09-19 02:28:39,4,4,3873.75,-1570
2022-09-19 02:28:41,29,-29,3873.75,-1599
2022-09-19 02:28:47,1,1,3874.0,-1598
2022-09-19 02:28:48,5,-5,3873.75,-1603
2022-09-19 02:28:50,11,0,3873.75,-1603
2022-09-19 02:28:51,1,1,3873.75,-1602
2022-09-19 02:28:52,1,-1,3873.5,-1603
2022-09-19 02:28:56,12,0,3873.75,-1603
2022-09-19 02:28:59,3,-2,3873.5,-1605
2022-09-19 02:29:01,6,-1,3873.25,-1606
2022-09-19 02:29:02,8,0,3873.25,-1606
2022-09-19 02:29:03,1,-1,3873.25,-1607
2022-09-19 02:29:08,14,14,3873.5,-1593
2022-09-19 02:29:14,1,-1,3873.5,-1594
2022-09-19 02:29:15,1,1,3873.75,-1593
2022-09-19 02:29:17,17,14,3874.0,-1579
2022-09-19 02:29:18,3,-3,3873.75,-1582
2022-09-19 02:29:20,1,-1,3873.5,-1583
2022-09-19 02:29:21,13,-7,3873.5,-1590
2022-09-19 02:29:26,1,1,3873.5,-1589
2022-09-19 02:29:28,2,0,3873.5,-1589
2022-09-19 02:29:31,15,-14,3873.25,-1603
2022-09-19 02:29:34,7,2,3873.25,-1601
2022-09-19 02:29:35,2,2,3873.25,-1599
2022-09-19 02:29:39,12,10,3873.5,-1589
2022-09-19 02:29:41,2,-2,3873.5,-1591
2022-09-19 02:29:43,1,1,3873.5,-1590
2022-09-19 02:29:45,1,-1,3873.25,-1591
2022-09-19 02:29:47,29,-10,3873.25,-1601
2022-09-19 02:29:48,1,-1,3873.25,-1602
2022-09-19 02:29:49,13,7,3873.5,-1595
2022-09-19 02:29:51,1,1,3873.25,-1594
2022-09-19 02:29:55,11,-10,3873.0,-1604
2022-09-19 02:29:56,1,1,3873.25,-1603
2022-09-19 02:29:57,1,-1,3873.0,-1604
2022-09-19 02:29:58,2,2,3873.25,-1602
2022-09-19 02:30:00,17,0,3873.25,-1602
2022-09-19 02:30:01,3,3,3873.25,-1599
2022-09-19 02:30:02,9,8,3873.25,-1591
2022-09-19 02:30:03,21,-4,3873.5,-1595
2022-09-19 02:30:04,3,3,3873.5,-1592
2022-09-19 02:30:05,17,13,3873.75,-1579
2022-09-19 02:30:09,1,-1,3873.75,-1580
2022-09-19 02:30:11,5,0,3873.75,-1580
2022-09-19 02:30:21,3,-2,3873.75,-1582
2022-09-19 02:30:22,1,1,3873.75,-1581
2022-09-19 02:30:23,9,-8,3873.5,-1589
2022-09-19 02:30:26,9,3,3873.5,-1586
2022-09-19 02:30:31,1,-1,3873.25,-1587
2022-09-19 02:30:32,8,-2,3873.25,-1589
2022-09-19 02:30:36,2,-2,3873.25,-1591
2022-09-19 02:30:38,10,-5,3873.0,-1596
2022-09-19 02:30:39,5,5,3873.0,-1591
2022-09-19 02:30:42,12,8,3873.0,-1583
2022-09-19 02:30:47,3,-1,3873.25,-1584
2022-09-19 02:30:50,4,-4,3873.0,-1588
2022-09-19 02:30:54,2,2,3873.25,-1586
2022-09-19 02:30:55,1,-1,3873.0,-1587
2022-09-19 02:30:58,1,-1,3873.0,-1588
2022-09-19 02:31:01,19,-2,3873.0,-1590
2022-09-19 02:31:02,23,4,3873.25,-1586
2022-09-19 02:31:03,2,-2,3873.0,-1588
2022-09-19 02:31:04,3,-3,3873.0,-1591
2022-09-19 02:31:05,1,1,3873.0,-1590
2022-09-19 02:31:08,1,1,3873.0,-1589
2022-09-19 02:31:10,92,-39,3872.75,-1628
2022-09-19 02:31:11,1,1,3872.75,-1627
2022-09-19 02:31:12,9,8,3872.75,-1619
2022-09-19 02:31:13,1,-1,3872.5,-1620
2022-09-19 02:31:14,7,0,3872.5,-1620
2022-09-19 02:31:17,7,4,3872.75,-1616
2022-09-19 02:31:18,8,-7,3872.75,-1623
2022-09-19 02:31:19,10,-10,3872.5,-1633
2022-09-19 02:31:20,8,0,3872.5,-1633
2022-09-19 02:31:21,1,1,3872.5,-1632
2022-09-19 02:31:23,38,-17,3872.25,-1649
2022-09-19 02:31:24,2,-2,3872.25,-1651
2022-09-19 02:31:25,2,-2,3872.0,-1653
2022-09-19 02:31:26,1,-1,3872.0,-1654
2022-09-19 02:31:28,1,-1,3872.0,-1655
2022-09-19 02:31:30,24,-12,3872.0,-1667
2022-09-19 02:31:31,7,-5,3871.75,-1672
2022-09-19 02:31:32,11,2,3872.0,-1670
2022-09-19 02:31:34,1,-1,3872.0,-1671
2022-09-19 02:31:37,14,13,3872.25,-1658
2022-09-19 02:31:38,3,-3,3872.25,-1661
2022-09-19 02:31:40,2,0,3872.0,-1661
2022-09-19 02:31:41,2,2,3872.0,-1659
2022-09-19 02:31:42,14,-3,3872.0,-1662
2022-09-19 02:31:45,3,3,3872.0,-1659
2022-09-19 02:31:46,9,-4,3872.0,-1663
2022-09-19 02:31:47,31,0,3872.0,-1663
2022-09-19 02:31:48,7,-1,3872.0,-1664
2022-09-19 02:31:49,1,1,3872.0,-1663
2022-09-19 02:31:50,30,3,3872.0,-1660
2022-09-19 02:31:51,18,-8,3872.0,-1668
2022-09-19 02:31:52,4,2,3872.0,-1666
2022-09-19 02:31:53,30,-13,3871.75,-1679
2022-09-19 02:31:54,3,-1,3871.75,-1680
2022-09-19 02:31:55,2,0,3871.75,-1680
2022-09-19 02:31:57,1,1,3871.75,-1679
2022-09-19 02:31:59,1,1,3871.75,-1678
2022-09-19 02:32:01,12,11,3871.75,-1667
2022-09-19 02:32:03,1,-1,3871.75,-1668
2022-09-19 02:32:06,1,-1,3871.75,-1669
2022-09-19 02:32:07,13,11,3872.0,-1658
2022-09-19 02:32:08,5,-1,3872.0,-1659
2022-09-19 02:32:19,11,9,3872.0,-1650
2022-09-19 02:32:21,29,8,3872.25,-1642
2022-09-19 02:32:23,7,-5,3872.25,-1647
2022-09-19 02:32:26,7,7,3872.25,-1640
2022-09-19 02:32:27,11,-6,3872.25,-1646
2022-09-19 02:32:28,6,6,3872.5,-1640
2022-09-19 02:32:30,4,0,3872.25,-1640
2022-09-19 02:32:31,5,-5,3872.0,-1645
2022-09-19 02:32:34,1,1,3872.25,-1644
2022-09-19 02:32:40,9,7,3872.25,-1637
2022-09-19 02:32:42,9,-3,3872.5,-1640
2022-09-19 02:32:45,1,1,3872.25,-1639
2022-09-19 02:32:51,8,7,3872.25,-1632
2022-09-19 02:32:53,1,-1,3872.25,-1633
2022-09-19 02:32:56,7,7,3872.5,-1626
2022-09-19 02:32:58,1,1,3872.5,-1625
2022-09-19 02:33:00,7,3,3872.75,-1622
2022-09-19 02:33:01,4,-4,3872.75,-1626
2022-09-19 02:33:02,3,3,3873.0,-1623
2022-09-19 02:33:03,1,1,3873.0,-1622
2022-09-19 02:33:04,12,10,3873.25,-1612
2022-09-19 02:33:06,2,0,3873.25,-1612
2022-09-19 02:33:07,2,2,3873.25,-1610
2022-09-19 02:33:08,37,13,3873.5,-1597
2022-09-19 02:33:09,1,1,3873.75,-1596
2022-09-19 02:33:11,2,2,3873.75,-1594
2022-09-19 02:33:12,15,-11,3873.75,-1605
2022-09-19 02:33:13,2,-2,3873.25,-1607
2022-09-19 02:33:14,3,-3,3873.25,-1610
2022-09-19 02:33:15,1,-1,3873.25,-1611
2022-09-19 02:33:17,7,5,3873.5,-1606
2022-09-19 02:33:21,1,1,3873.5,-1605
2022-09-19 02:33:22,2,2,3873.5,-1603
2022-09-19 02:33:23,6,6,3873.75,-1597
2022-09-19 02:33:29,3,-2,3873.5,-1599
2022-09-19 02:33:31,9,9,3873.75,-1590
2022-09-19 02:33:32,4,-1,3873.75,-1591
2022-09-19 02:33:35,8,13,3874.0,-1578
2022-09-19 02:33:36,7,1,3874.0,-1577
2022-09-19 02:33:41,14,-11,3874.0,-1588
2022-09-19 02:33:43,10,12,3874.0,-1576
2022-09-19 02:33:44,3,-3,3873.75,-1579
2022-09-19 02:33:45,1,1,3873.75,-1578
2022-09-19 02:33:49,1,-1,3873.75,-1579
2022-09-19 02:33:54,22,3,3874.0,-1576
2022-09-19 02:34:00,1,1,3873.75,-1575
2022-09-19 02:34:01,1,-1,3873.5,-1576
2022-09-19 02:34:04,11,-5,3873.75,-1581
2022-09-19 02:34:07,18,-15,3873.25,-1596
2022-09-19 02:34:08,1,-1,3873.25,-1597
2022-09-19 02:34:09,1,-1,3873.25,-1598
2022-09-19 02:34:10,6,4,3873.5,-1594
2022-09-19 02:34:17,1,1,3873.5,-1593
2022-09-19 02:34:18,1,-1,3873.5,-1594
2022-09-19 02:34:21,3,3,3873.75,-1591
2022-09-19 02:34:26,5,5,3874.0,-1586
2022-09-19 02:34:28,12,8,3874.25,-1578
2022-09-19 02:34:29,11,10,3874.5,-1568
2022-09-19 02:34:30,1,-1,3874.25,-1569
2022-09-19 02:34:31,1,-1,3874.25,-1570
2022-09-19 02:34:33,7,7,3874.5,-1563
2022-09-19 02:34:34,4,4,3874.75,-1559
2022-09-19 02:34:35,10,-6,3874.5,-1565
2022-09-19 02:34:37,10,-1,3874.75,-1566
2022-09-19 02:34:38,1,1,3874.75,-1565
2022-09-19 02:34:40,1,-1,3874.75,-1566
2022-09-19 02:34:41,12,7,3875.0,-1559
2022-09-19 02:34:42,6,0,3875.25,-1559
2022-09-19 02:34:47,6,-2,3874.75,-1561
2022-09-19 02:34:48,5,5,3875.0,-1556
2022-09-19 02:34:49,1,-1,3875.0,-1557
2022-09-19 02:34:50,8,7,3875.25,-1550
2022-09-19 02:34:51,1,-1,3875.25,-1551
2022-09-19 02:34:54,1,-1,3875.25,-1552
2022-09-19 02:34:55,6,2,3875.5,-1550
2022-09-19 02:34:57,7,3,3875.75,-1547
2022-09-19 02:34:58,1,1,3875.75,-1546
2022-09-19 02:34:59,1,-1,3875.5,-1547
2022-09-19 02:35:00,2,-2,3875.25,-1549
2022-09-19 02:35:01,1,1,3875.5,-1548
2022-09-19 02:35:02,1,-1,3875.25,-1549
2022-09-19 02:35:04,10,9,3875.5,-1540
2022-09-19 02:35:06,18,-7,3875.75,-1547
2022-09-19 02:35:07,2,2,3875.5,-1545
2022-09-19 02:35:13,3,-3,3875.5,-1548
2022-09-19 02:35:14,1,-1,3875.5,-1549
2022-09-19 02:35:17,18,10,3875.75,-1539
2022-09-19 02:35:18,2,0,3875.75,-1539
2022-09-19 02:35:20,1,1,3875.75,-1538
2022-09-19 02:35:22,7,-5,3875.5,-1543
2022-09-19 02:35:23,27,-15,3875.25,-1558
2022-09-19 02:35:25,17,5,3875.0,-1553
2022-09-19 02:35:26,3,-3,3875.0,-1556
2022-09-19 02:35:29,30,-23,3874.75,-1579
2022-09-19 02:35:30,3,3,3874.75,-1576
2022-09-19 02:35:32,7,3,3874.75,-1573
2022-09-19 02:35:33,2,0,3875.0,-1573
2022-09-19 02:35:36,1,1,3875.0,-1572
2022-09-19 02:35:38,4,-4,3874.75,-1576
2022-09-19 02:35:39,1,1,3874.75,-1575
2022-09-19 02:35:40,12,8,3874.75,-1567
2022-09-19 02:35:41,3,1,3874.75,-1566
2022-09-19 02:35:43,1,-1,3874.5,-1567
2022-09-19 02:35:46,3,-1,3874.75,-1568
2022-09-19 02:35:47,1,-1,3874.5,-1569
2022-09-19 02:35:58,3,-3,3874.5,-1572
2022-09-19 02:36:03,1,-1,3874.25,-1573
2022-09-19 02:36:04,6,1,3874.5,-1572
2022-09-19 02:36:07,5,-1,3874.75,-1573
2022-09-19 02:36:12,4,4,3874.75,-1569
2022-09-19 02:36:19,6,-6,3874.75,-1575
2022-09-19 02:36:20,5,5,3875.0,-1570
2022-09-19 02:36:21,6,-3,3875.0,-1573
2022-09-19 02:36:22,4,2,3874.75,-1571
2022-09-19 02:36:27,2,0,3874.75,-1571
2022-09-19 02:36:30,9,-8,3874.5,-1579
2022-09-19 02:36:32,40,-23,3874.25,-1602
2022-09-19 02:36:34,2,0,3874.0,-1602
2022-09-19 02:36:37,1,-1,3874.0,-1603
2022-09-19 02:36:40,1,1,3874.25,-1602
2022-09-19 02:36:41,5,1,3874.0,-1601
2022-09-19 02:36:43,39,6,3874.25,-1595
2022-09-19 02:36:44,10,1,3874.0,-1594
2022-09-19 02:36:45,10,10,3874.25,-1584
2022-09-19 02:36:48,2,-2,3874.0,-1586
2022-09-19 02:36:50,4,0,3874.0,-1586
2022-09-19 02:36:51,1,-1,3874.0,-1587
2022-09-19 02:36:52,4,4,3874.25,-1583
2022-09-19 02:36:54,1,1,3874.5,-1582
2022-09-19 02:36:58,2,2,3874.5,-1580
2022-09-19 02:37:01,1,1,3874.5,-1579
2022-09-19 02:37:03,3,3,3874.75,-1576
2022-09-19 02:37:07,11,3,3875.0,-1573
2022-09-19 02:37:09,2,-2,3875.0,-1575
2022-09-19 02:37:10,1,1,3875.0,-1574
2022-09-19 02:37:11,1,1,3875.0,-1573
2022-09-19 02:37:13,1,1,3875.0,-1572
2022-09-19 02:37:22,13,-8,3874.75,-1580
2022-09-19 02:37:25,7,-7,3874.5,-1587
2022-09-19 02:37:29,19,-4,3874.5,-1591
2022-09-19 02:37:30,5,-5,3874.0,-1596
2022-09-19 02:37:34,6,-2,3873.75,-1598
2022-09-19 02:37:36,39,52,3874.0,-1546
2022-09-19 02:37:41,4,-1,3873.75,-1547
2022-09-19 02:37:42,5,-5,3873.75,-1552
2022-09-19 02:37:45,1,-1,3873.75,-1553
2022-09-19 02:37:48,9,-2,3874.0,-1555
2022-09-19 02:38:02,2,-2,3873.5,-1557
2022-09-19 02:38:04,10,-4,3873.5,-1561
2022-09-19 02:38:06,26,-10,3873.25,-1571
2022-09-19 02:38:13,1,-1,3873.25,-1572
2022-09-19 02:38:17,4,4,3873.5,-1568
2022-09-19 02:38:18,2,0,3873.5,-1568
2022-09-19 02:38:22,24,12,3873.5,-1556
2022-09-19 02:38:24,24,-6,3873.25,-1562
2022-09-19 02:38:30,3,-3,3873.25,-1565
2022-09-19 02:38:33,6,4,3873.25,-1561
2022-09-19 02:38:35,3,-3,3873.25,-1564
2022-09-19 02:38:37,2,2,3873.25,-1562
2022-09-19 02:38:41,1,1,3873.25,-1561
2022-09-19 02:38:46,4,2,3873.25,-1559
2022-09-19 02:38:51,3,3,3873.25,-1556
2022-09-19 02:38:59,23,-11,3873.5,-1567
2022-09-19 02:39:01,12,10,3873.5,-1557
2022-09-19 02:39:02,1,-1,3873.5,-1558
2022-09-19 02:39:03,3,3,3873.75,-1555
2022-09-19 02:39:04,3,-1,3873.75,-1556
2022-09-19 02:39:05,1,-1,3873.5,-1557
2022-09-19 02:39:07,10,-5,3873.5,-1562
2022-09-19 02:39:09,3,2,3873.75,-1560
2022-09-19 02:39:11,16,-2,3873.75,-1562
2022-09-19 02:39:12,1,1,3873.75,-1561
2022-09-19 02:39:15,7,-2,3874.0,-1563
2022-09-19 02:39:17,15,11,3874.0,-1552
2022-09-19 02:39:19,2,0,3874.25,-1552
2022-09-19 02:39:20,2,2,3874.0,-1550
2022-09-19 02:39:29,1,-1,3874.0,-1551
2022-09-19 02:39:31,1,1,3874.25,-1550
2022-09-19 02:39:32,2,2,3874.25,-1548
2022-09-19 02:39:34,1,-1,3874.25,-1549
2022-09-19 02:39:37,1,1,3874.5,-1548
2022-09-19 02:39:38,1,1,3874.5,-1547
2022-09-19 02:39:39,3,1,3874.75,-1546
2022-09-19 02:39:41,5,-3,3874.25,-1549
2022-09-19 02:39:48,3,-3,3874.0,-1552
2022-09-19 02:39:49,1,1,3874.0,-1551
2022-09-19 02:39:51,1,-1,3874.0,-1552
2022-09-19 02:39:52,1,-1,3874.0,-1553
2022-09-19 02:39:55,1,1,3874.0,-1552
2022-09-19 02:40:00,10,3,3874.0,-1549
2022-09-19 02:40:02,5,5,3874.0,-1544
2022-09-19 02:40:03,5,-5,3874.0,-1549
2022-09-19 02:40:08,5,-5,3873.75,-1554
2022-09-19 02:40:13,3,-3,3873.5,-1557
2022-09-19 02:40:23,4,-1,3873.5,-1558
2022-09-19 02:40:28,1,-1,3873.5,-1559
2022-09-19 02:40:30,4,-4,3873.25,-1563
2022-09-19 02:40:31,5,4,3873.5,-1559
2022-09-19 02:40:36,1,-1,3873.5,-1560
2022-09-19 02:40:37,6,6,3873.5,-1554
2022-09-19 02:40:40,2,2,3873.5,-1552
2022-09-19 02:40:47,5,5,3873.5,-1547
2022-09-19 02:40:48,11,-11,3873.25,-1558
2022-09-19 02:40:49,1,-1,3873.0,-1559
2022-09-19 02:40:53,9,-7,3873.0,-1566
2022-09-19 02:40:54,7,6,3873.0,-1560
2022-09-19 02:40:58,1,-1,3873.0,-1561
2022-09-19 02:41:01,12,-5,3872.75,-1566
2022-09-19 02:41:02,1,-1,3872.75,-1567
2022-09-19 02:41:03,3,1,3872.75,-1566
2022-09-19 02:41:04,1,-1,3872.75,-1567
2022-09-19 02:41:05,3,-3,3872.75,-1570
2022-09-19 02:41:09,2,-1,3872.5,-1571
2022-09-19 02:41:10,1,-1,3872.5,-1572
2022-09-19 02:41:11,4,-4,3872.5,-1576
2022-09-19 02:41:12,19,-7,3872.5,-1583
2022-09-19 02:41:13,6,0,3872.5,-1583
2022-09-19 02:41:15,8,4,3872.5,-1579
2022-09-19 02:41:16,1,-1,3872.5,-1580
2022-09-19 02:41:21,34,25,3873.0,-1555
2022-09-19 02:41:24,4,-4,3872.5,-1559
2022-09-19 02:41:25,2,0,3872.5,-1559
2022-09-19 02:41:28,3,3,3872.5,-1556
2022-09-19 02:41:34,14,-10,3872.5,-1566
2022-09-19 02:41:36,3,1,3872.5,-1565
2022-09-19 02:41:37,1,-1,3872.0,-1566
2022-09-19 02:41:38,3,3,3872.25,-1563
2022-09-19 02:41:39,1,-1,3872.25,-1564
2022-09-19 02:41:40,1,-1,3872.0,-1565
2022-09-19 02:41:41,5,-5,3872.25,-1570
2022-09-19 02:41:42,1,1,3872.25,-1569
2022-09-19 02:41:48,29,-44,3872.25,-1613
2022-09-19 02:41:51,1,-1,3872.0,-1614
2022-09-19 02:41:53,4,4,3872.25,-1610
2022-09-19 02:41:55,3,-3,3872.25,-1613
2022-09-19 02:41:57,7,7,3872.5,-1606
2022-09-19 02:41:59,10,8,3872.5,-1598
2022-09-19 02:42:01,5,0,3872.75,-1598
2022-09-19 02:42:06,2,2,3872.75,-1596
2022-09-19 02:42:14,1,-1,3872.75,-1597
2022-09-19 02:42:15,3,-3,3872.75,-1600
2022-09-19 02:42:17,2,2,3872.75,-1598
2022-09-19 02:42:21,4,-4,3872.75,-1602
2022-09-19 02:42:27,2,2,3872.75,-1600
2022-09-19 02:42:32,1,-1,3872.75,-1601
2022-09-19 02:42:33,11,-11,3872.75,-1612
2022-09-19 02:42:51,12,-3,3872.5,-1615
2022-09-19 02:42:52,1,-1,3872.5,-1616
2022-09-19 02:42:55,9,-7,3872.5,-1623
2022-09-19 02:42:59,3,0,3872.75,-1623
2022-09-19 02:43:00,6,1,3872.75,-1622
2022-09-19 02:43:02,1,-1,3872.5,-1623
2022-09-19 02:43:04,3,3,3872.75,-1620
2022-09-19 02:43:06,4,2,3873.0,-1618
2022-09-19 02:43:07,29,12,3873.25,-1606
2022-09-19 02:43:08,1,-1,3873.25,-1607
2022-09-19 02:43:09,2,-2,3873.25,-1609
2022-09-19 02:43:11,3,-2,3873.0,-1611
2022-09-19 02:43:13,3,1,3873.0,-1610
2022-09-19 02:43:15,3,1,3873.25,-1609
2022-09-19 02:43:16,1,1,3873.25,-1608
2022-09-19 02:43:18,3,3,3873.5,-1605
2022-09-19 02:43:24,43,16,3873.75,-1589
2022-09-19 02:43:27,2,2,3873.5,-1587
2022-09-19 02:43:28,1,-1,3873.5,-1588
2022-09-19 02:43:33,8,-4,3873.25,-1592
2022-09-19 02:43:34,5,-4,3873.25,-1596
2022-09-19 02:43:36,1,-1,3873.0,-1597
2022-09-19 02:43:41,3,-1,3873.0,-1598
2022-09-19 02:43:47,2,1,3873.25,-1597
2022-09-19 02:43:51,1,-1,3873.0,-1598
2022-09-19 02:43:57,6,2,3873.0,-1596
2022-09-19 02:43:58,1,-1,3872.75,-1597
2022-09-19 02:44:00,1,-1,3873.0,-1598
2022-09-19 02:44:02,1,-1,3873.0,-1599
2022-09-19 02:44:05,1,-1,3872.75,-1600
2022-09-19 02:44:12,10,-8,3872.75,-1608
2022-09-19 02:44:13,1,-1,3872.5,-1609
2022-09-19 02:44:15,17,-7,3872.75,-1616
2022-09-19 02:44:19,7,-2,3872.5,-1618
2022-09-19 02:44:22,1,1,3872.5,-1617
2022-09-19 02:44:25,1,-1,3872.25,-1618
2022-09-19 02:44:29,2,2,3872.5,-1616
2022-09-19 02:44:35,1,1,3872.5,-1615
2022-09-19 02:44:41,6,-6,3872.25,-1621
2022-09-19 02:44:43,7,-7,3872.0,-1628
2022-09-19 02:44:44,30,-23,3871.75,-1651
2022-09-19 02:44:47,7,-1,3871.25,-1652
2022-09-19 02:44:48,12,-2,3871.25,-1654
2022-09-19 02:44:50,10,-3,3871.25,-1657
2022-09-19 02:44:52,1,-1,3871.25,-1658
2022-09-19 02:44:54,7,-7,3871.25,-1665
2022-09-19 02:44:55,1,-1,3871.25,-1666
2022-09-19 02:44:56,6,5,3871.5,-1661
2022-09-19 02:44:57,16,-3,3871.5,-1664
2022-09-19 02:44:59,5,-3,3871.5,-1667
2022-09-19 02:45:00,4,-2,3871.5,-1669
2022-09-19 02:45:01,1,1,3871.5,-1668
2022-09-19 02:45:02,12,7,3871.5,-1661
2022-09-19 02:45:03,1,-1,3871.25,-1662
2022-09-19 02:45:04,3,-3,3871.25,-1665
2022-09-19 02:45:06,75,-80,3871.25,-1745
2022-09-19 02:45:07,20,1,3870.5,-1744
2022-09-19 02:45:08,10,-10,3870.5,-1754
2022-09-19 02:45:09,24,-13,3870.5,-1767
2022-09-19 02:45:10,13,12,3870.75,-1755
2022-09-19 02:45:11,2,0,3871.0,-1755
2022-09-19 02:45:12,2,0,3871.0,-1755
2022-09-19 02:45:13,2,-1,3870.75,-1756
2022-09-19 02:45:15,1,1,3871.0,-1755
2022-09-19 02:45:16,1,-1,3870.75,-1756
2022-09-19 02:45:17,1,-1,3870.5,-1757
2022-09-19 02:45:19,6,4,3870.75,-1753
2022-09-19 02:45:23,1,-1,3870.75,-1754
2022-09-19 02:45:24,1,-1,3870.75,-1755
2022-09-19 02:45:27,7,7,3871.0,-1748
2022-09-19 02:45:28,5,3,3871.25,-1745
2022-09-19 02:45:30,3,1,3871.25,-1744
2022-09-19 02:45:31,3,3,3871.5,-1741
2022-09-19 02:45:32,3,0,3871.5,-1741
2022-09-19 02:45:35,4,-4,3871.5,-1745
2022-09-19 02:45:36,19,1,3871.0,-1744
2022-09-19 02:45:41,21,7,3871.25,-1737
2022-09-19 02:45:42,12,8,3871.5,-1729
2022-09-19 02:45:43,4,0,3871.75,-1729
2022-09-19 02:45:47,1,-1,3871.5,-1730
2022-09-19 02:45:54,6,6,3871.75,-1724
2022-09-19 02:45:57,34,11,3872.25,-1713
2022-09-19 02:46:01,6,1,3872.25,-1712
2022-09-19 02:46:07,1,1,3872.5,-1711
2022-09-19 02:46:08,13,10,3872.5,-1701
2022-09-19 02:46:09,3,-1,3872.5,-1702
2022-09-19 02:46:10,21,-6,3872.25,-1708
2022-09-19 02:46:14,4,-4,3871.75,-1712
2022-09-19 02:46:19,3,-3,3871.5,-1715
2022-09-19 02:46:22,1,1,3871.75,-1714
2022-09-19 02:46:28,4,1,3871.75,-1713
2022-09-19 02:46:29,9,-7,3871.75,-1720
2022-09-19 02:46:32,8,8,3872.0,-1712
2022-09-19 02:46:33,2,-2,3872.0,-1714
2022-09-19 02:46:35,5,-5,3872.0,-1719
2022-09-19 02:46:36,4,2,3872.0,-1717
2022-09-19 02:46:39,1,1,3872.25,-1716
2022-09-19 02:46:43,2,-2,3872.0,-1718
2022-09-19 02:46:47,2,2,3872.0,-1716
2022-09-19 02:46:50,1,-1,3872.0,-1717
2022-09-19 02:46:51,7,-7,3871.75,-1724
2022-09-19 02:46:54,5,-3,3871.5,-1727
2022-09-19 02:46:57,33,0,3871.75,-1727
2022-09-19 02:46:58,1,1,3871.25,-1726
2022-09-19 02:47:00,6,-6,3871.0,-1732
2022-09-19 02:47:02,1,-1,3871.25,-1733
2022-09-19 02:47:03,1,-1,3871.25,-1734
2022-09-19 02:47:04,1,1,3871.25,-1733
2022-09-19 02:47:05,1,1,3871.25,-1732
2022-09-19 02:47:06,1,-1,3871.0,-1733
2022-09-19 02:47:07,11,9,3871.25,-1724
2022-09-19 02:47:08,1,-1,3871.25,-1725
2022-09-19 02:47:09,1,-1,3871.0,-1726
2022-09-19 02:47:11,1,-1,3871.0,-1727
2022-09-19 02:47:13,11,-9,3871.25,-1736
2022-09-19 02:47:16,10,7,3871.25,-1729
2022-09-19 02:47:20,5,5,3871.5,-1724
2022-09-19 02:47:21,21,7,3871.75,-1717
2022-09-19 02:47:22,2,2,3872.0,-1715
2022-09-19 02:47:23,4,4,3872.0,-1711
2022-09-19 02:47:24,1,-1,3872.0,-1712
2022-09-19 02:47:25,3,-1,3872.0,-1713
2022-09-19 02:47:27,1,1,3872.0,-1712
2022-09-19 02:47:29,1,1,3872.0,-1711
2022-09-19 02:47:31,1,-1,3872.0,-1712
2022-09-19 02:47:39,15,-5,3872.0,-1717
2022-09-19 02:47:45,4,-2,3871.75,-1719
2022-09-19 02:47:47,1,1,3871.75,-1718
2022-09-19 02:47:52,2,2,3872.0,-1716
2022-09-19 02:47:53,18,14,3872.25,-1702
2022-09-19 02:47:54,1,1,3872.25,-1701
2022-09-19 02:47:58,1,1,3872.25,-1700
2022-09-19 02:48:00,2,2,3872.25,-1698
2022-09-19 02:48:01,4,0,3872.25,-1698
2022-09-19 02:48:03,8,8,3872.5,-1690
2022-09-19 02:48:07,7,7,3872.5,-1683
2022-09-19 02:48:10,6,2,3872.5,-1681
2022-09-19 02:48:14,6,-6,3872.25,-1687
2022-09-19 02:48:17,35,-6,3872.0,-1693
2022-09-19 02:48:20,1,-1,3871.75,-1694
2022-09-19 02:48:26,3,-3,3871.75,-1697
2022-09-19 02:48:28,2,0,3871.5,-1697
2022-09-19 02:48:31,10,-10,3871.25,-1707
2022-09-19 02:48:32,1,-1,3871.25,-1708
2022-09-19 02:48:34,4,-4,3871.25,-1712
2022-09-19 02:48:35,3,3,3871.25,-1709
2022-09-19 02:48:38,1,-1,3871.0,-1710
2022-09-19 02:48:42,2,2,3871.25,-1708
2022-09-19 02:48:44,1,-1,3871.0,-1709
2022-09-19 02:48:51,3,-3,3871.0,-1712
2022-09-19 02:48:52,1,1,3871.25,-1711
2022-09-19 02:48:54,8,8,3871.25,-1703
2022-09-19 02:49:00,5,5,3871.5,-1698
2022-09-19 02:49:01,1,-1,3871.25,-1699
2022-09-19 02:49:03,5,5,3871.75,-1694
2022-09-19 02:49:07,12,0,3871.75,-1694
2022-09-19 02:49:09,1,1,3871.75,-1693
2022-09-19 02:49:12,1,-1,3871.5,-1694
2022-09-19 02:49:14,4,-4,3871.5,-1698
2022-09-19 02:49:15,1,-1,3871.5,-1699
2022-09-19 02:49:18,3,1,3871.75,-1698
2022-09-19 02:49:21,6,11,3872.25,-1687
2022-09-19 02:49:25,8,8,3872.5,-1679
2022-09-19 02:49:30,2,0,3872.5,-1679
2022-09-19 02:49:32,3,1,3872.75,-1678
2022-09-19 02:49:36,1,1,3872.75,-1677
2022-09-19 02:49:41,8,-4,3872.5,-1681
2022-09-19 02:49:46,1,1,3872.5,-1680
2022-09-19 02:49:47,1,1,3872.5,-1679
2022-09-19 02:49:49,1,-1,3872.5,-1680
2022-09-19 02:49:50,5,1,3872.75,-1679
2022-09-19 02:49:51,3,-1,3872.75,-1680
2022-09-19 02:49:52,1,1,3872.75,-1679
2022-09-19 02:49:54,1,1,3873.0,-1678
2022-09-19 02:49:57,1,1,3873.0,-1677
2022-09-19 02:49:58,4,4,3873.0,-1673
2022-09-19 02:50:00,8,7,3873.0,-1666
2022-09-19 02:50:01,1,-1,3873.0,-1667
2022-09-19 02:50:02,6,4,3873.25,-1663
2022-09-19 02:50:03,5,-1,3873.25,-1664
2022-09-19 02:50:06,9,-9,3873.25,-1673
2022-09-19 02:50:07,3,-3,3872.75,-1676
2022-09-19 02:50:12,1,1,3873.0,-1675
2022-09-19 02:50:30,2,-2,3872.5,-1677
2022-09-19 02:50:38,2,2,3873.0,-1675
2022-09-19 02:50:47,8,-3,3872.75,-1678
2022-09-19 02:50:50,1,1,3872.75,-1677
2022-09-19 02:50:51,2,-2,3872.75,-1679
2022-09-19 02:50:53,2,-2,3872.5,-1681
2022-09-19 02:50:54,2,0,3872.75,-1681
2022-09-19 02:50:55,1,-1,3872.75,-1682
2022-09-19 02:51:00,3,3,3873.0,-1679
2022-09-19 02:51:03,20,11,3873.5,-1668
2022-09-19 02:51:07,19,6,3873.75,-1662
2022-09-19 02:51:08,2,-2,3873.75,-1664
2022-09-19 02:51:09,2,2,3873.75,-1662
2022-09-19 02:51:10,2,-2,3873.5,-1664
2022-09-19 02:51:12,1,1,3873.75,-1663
2022-09-19 02:51:13,3,-1,3873.5,-1664
2022-09-19 02:51:15,2,2,3873.75,-1662
2022-09-19 02:51:16,1,-1,3873.75,-1663
2022-09-19 02:51:17,1,1,3874.0,-1662
2022-09-19 02:51:19,10,6,3874.25,-1656
2022-09-19 02:51:21,3,3,3874.25,-1653
2022-09-19 02:51:22,11,4,3874.5,-1649
2022-09-19 02:51:23,4,4,3874.5,-1645
2022-09-19 02:51:24,5,3,3874.5,-1642
2022-09-19 02:51:25,6,-6,3874.25,-1648
2022-09-19 02:51:26,6,-6,3874.0,-1654
2022-09-19 02:51:27,7,7,3874.5,-1647
2022-09-19 02:51:28,1,1,3874.5,-1646
2022-09-19 02:51:30,10,-2,3874.5,-1648
2022-09-19 02:51:32,1,1,3874.25,-1647
2022-09-19 02:51:34,9,4,3874.5,-1643
2022-09-19 02:51:35,3,-3,3874.5,-1646
2022-09-19 02:51:36,1,1,3874.5,-1645
2022-09-19 02:51:38,3,-3,3874.25,-1648
2022-09-19 02:51:39,4,-4,3874.0,-1652
2022-09-19 02:51:41,9,-7,3874.0,-1659
2022-09-19 02:51:45,2,2,3873.75,-1657
2022-09-19 02:51:50,3,3,3873.75,-1654
2022-09-19 02:51:51,1,1,3874.0,-1653
2022-09-19 02:52:01,6,-4,3873.75,-1657
2022-09-19 02:52:02,28,-7,3874.0,-1664
2022-09-19 02:52:03,1,-1,3874.0,-1665
2022-09-19 02:52:05,2,-2,3874.0,-1667
2022-09-19 02:52:12,2,2,3874.0,-1665
2022-09-19 02:52:13,1,-1,3874.0,-1666
2022-09-19 02:52:14,7,-7,3874.0,-1673
2022-09-19 02:52:17,1,1,3873.75,-1672
2022-09-19 02:52:22,5,-5,3873.5,-1677
2022-09-19 02:52:23,4,4,3873.5,-1673
2022-09-19 02:52:26,5,5,3873.5,-1668
2022-09-19 02:52:30,1,-1,3873.5,-1669
2022-09-19 02:52:33,4,2,3873.5,-1667
2022-09-19 02:52:43,2,-2,3873.5,-1669
2022-09-19 02:52:47,1,-1,3873.5,-1670
2022-09-19 02:52:50,7,-7,3873.5,-1677
2022-09-19 02:53:01,2,-2,3873.5,-1679
2022-09-19 02:53:02,2,2,3873.75,-1677
2022-09-19 02:53:09,1,1,3874.0,-1676
2022-09-19 02:53:14,3,3,3873.75,-1673
2022-09-19 02:53:22,1,1,3874.0,-1672
2022-09-19 02:53:23,8,-4,3874.0,-1676
2022-09-19 02:53:28,1,-1,3873.75,-1677
2022-09-19 02:53:34,3,-1,3873.75,-1678
2022-09-19 02:53:51,11,-11,3873.75,-1689
2022-09-19 02:53:54,1,-1,3873.5,-1690
2022-09-19 02:53:56,1,1,3873.75,-1689
2022-09-19 02:53:57,10,-8,3873.75,-1697
2022-09-19 02:53:59,85,-83,3873.75,-1780
2022-09-19 02:54:01,1,1,3873.0,-1779
2022-09-19 02:54:02,36,11,3873.25,-1768
2022-09-19 02:54:04,3,1,3873.25,-1767
2022-09-19 02:54:07,2,-2,3873.0,-1769
2022-09-19 02:54:09,46,-6,3873.0,-1775
2022-09-19 02:54:10,1,1,3873.0,-1774
2022-09-19 02:54:11,1,-1,3873.0,-1775
2022-09-19 02:54:12,1,-1,3873.0,-1776
2022-09-19 02:54:13,1,1,3873.0,-1775
2022-09-19 02:54:15,14,8,3873.5,-1767
2022-09-19 02:54:16,9,-5,3873.5,-1772
2022-09-19 02:54:17,1,-1,3873.5,-1773
2022-09-19 02:54:18,1,-1,3873.5,-1774
2022-09-19 02:54:19,1,1,3873.5,-1773
2022-09-19 02:54:22,1,1,3873.5,-1772
2022-09-19 02:54:29,1,1,3873.5,-1771
2022-09-19 02:54:34,11,-7,3873.5,-1778
2022-09-19 02:54:39,1,1,3873.5,-1777
2022-09-19 02:54:43,6,-4,3873.25,-1781
2022-09-19 02:54:46,6,-4,3873.0,-1785
2022-09-19 02:54:47,3,3,3873.0,-1782
2022-09-19 02:54:48,1,1,3873.25,-1781
2022-09-19 02:54:50,3,3,3873.25,-1778
2022-09-19 02:54:51,1,1,3873.5,-1777
2022-09-19 02:54:55,2,2,3873.5,-1775
2022-09-19 02:55:01,5,5,3873.75,-1770
2022-09-19 02:55:02,5,-5,3873.75,-1775
2022-09-19 02:55:04,8,6,3874.25,-1769
2022-09-19 02:55:07,1,-1,3874.0,-1770
2022-09-19 02:55:08,5,4,3874.25,-1766
2022-09-19 02:55:10,1,-1,3874.0,-1767
2022-09-19 02:55:12,5,-5,3874.0,-1772
2022-09-19 02:55:16,2,0,3874.0,-1772
2022-09-19 02:55:18,3,-3,3873.75,-1775
2022-09-19 02:55:19,6,-4,3873.5,-1779
2022-09-19 02:55:20,1,-1,3873.25,-1780
2022-09-19 02:55:22,1,-1,3873.25,-1781
2022-09-19 02:55:31,1,-1,3873.5,-1782
2022-09-19 02:55:33,4,2,3873.75,-1780
2022-09-19 02:55:34,1,-1,3873.75,-1781
2022-09-19 02:55:35,12,12,3874.0,-1769
2022-09-19 02:55:43,1,1,3874.25,-1768
2022-09-19 02:55:46,11,-1,3874.0,-1769
2022-09-19 02:55:48,5,-4,3874.0,-1773
2022-09-19 02:55:49,4,4,3874.0,-1769
2022-09-19 02:55:50,6,-6,3873.75,-1775
2022-09-19 02:55:58,1,-1,3873.5,-1776
2022-09-19 02:56:00,11,-7,3873.5,-1783
2022-09-19 02:56:03,14,-11,3873.25,-1794
2022-09-19 02:56:08,1,-1,3873.25,-1795
2022-09-19 02:56:10,6,-8,3873.25,-1803
2022-09-19 02:56:11,6,5,3873.25,-1798
2022-09-19 02:56:12,1,-1,3873.25,-1799
2022-09-19 02:56:13,4,2,3873.25,-1797
2022-09-19 02:56:16,2,-2,3873.25,-1799
2022-09-19 02:56:18,3,3,3873.5,-1796
2022-09-19 02:56:19,3,-1,3873.5,-1797
2022-09-19 02:56:22,1,-1,3873.5,-1798
2022-09-19 02:56:23,3,3,3873.75,-1795
2022-09-19 02:56:25,25,3,3874.25,-1792
2022-09-19 02:56:27,6,2,3873.75,-1790
2022-09-19 02:56:28,1,1,3873.75,-1789
2022-09-19 02:56:39,11,0,3873.5,-1789
2022-09-19 02:56:40,7,-7,3873.25,-1796
2022-09-19 02:56:47,6,-6,3873.25,-1802
2022-09-19 02:56:48,8,4,3873.5,-1798
2022-09-19 02:56:50,3,3,3873.5,-1795
2022-09-19 02:56:51,6,-4,3873.5,-1799
2022-09-19 02:56:58,4,-3,3873.25,-1802
2022-09-19 02:57:00,1,-1,3873.25,-1803
2022-09-19 02:57:02,10,8,3873.5,-1795
2022-09-19 02:57:03,2,-2,3873.25,-1797
2022-09-19 02:57:04,1,-1,3873.25,-1798
2022-09-19 02:57:07,1,1,3873.5,-1797
2022-09-19 02:57:12,1,-1,3873.5,-1798
2022-09-19 02:57:13,1,-1,3873.5,-1799
2022-09-19 02:57:16,1,1,3873.5,-1798
2022-09-19 02:57:19,9,5,3873.75,-1793
2022-09-19 02:57:21,8,-4,3873.5,-1797
2022-09-19 02:57:22,1,-1,3873.25,-1798
2022-09-19 02:57:25,1,1,3873.5,-1797
2022-09-19 02:57:26,2,2,3873.75,-1795
2022-09-19 02:57:37,3,3,3873.5,-1792
2022-09-19 02:57:39,1,-1,3873.25,-1793
2022-09-19 02:57:43,1,-1,3873.25,-1794
2022-09-19 02:57:47,4,0,3873.75,-1794
2022-09-19 02:57:52,8,0,3873.25,-1794
2022-09-19 02:57:53,2,-2,3873.25,-1796
2022-09-19 02:57:54,1,1,3873.25,-1795
2022-09-19 02:58:02,5,0,3873.5,-1795
2022-09-19 02:58:06,7,5,3873.25,-1790
2022-09-19 02:58:07,1,-1,3873.25,-1791
2022-09-19 02:58:10,19,-9,3873.25,-1800
2022-09-19 02:58:12,2,-2,3872.75,-1802
2022-09-19 02:58:14,8,-7,3872.75,-1809
2022-09-19 02:58:15,3,0,3872.75,-1809
2022-09-19 02:58:19,19,-7,3872.75,-1816
2022-09-19 02:58:20,5,-2,3873.0,-1818
2022-09-19 02:58:22,2,-2,3872.5,-1820
2022-09-19 02:58:24,5,-3,3872.75,-1823
2022-09-19 02:58:25,8,-2,3872.75,-1825
2022-09-19 02:58:26,1,-1,3872.5,-1826
2022-09-19 02:58:27,16,10,3873.0,-1816
2022-09-19 02:58:29,16,15,3873.25,-1801
2022-09-19 02:58:33,1,-1,3873.0,-1802
2022-09-19 02:58:34,2,-2,3873.0,-1804
2022-09-19 02:58:35,2,-2,3873.0,-1806
2022-09-19 02:58:37,5,-4,3872.75,-1810
2022-09-19 02:58:40,8,8,3872.75,-1802
2022-09-19 02:58:41,3,-1,3872.75,-1803
2022-09-19 02:58:45,13,-1,3872.75,-1804
2022-09-19 02:58:46,14,-10,3872.75,-1814
2022-09-19 02:58:48,2,0,3872.5,-1814
2022-09-19 02:58:51,21,-13,3872.25,-1827
2022-09-19 02:58:52,1,1,3872.0,-1826
2022-09-19 02:58:54,19,9,3872.0,-1817
2022-09-19 02:58:55,1,-1,3872.0,-1818
2022-09-19 02:58:56,37,12,3872.5,-1806
2022-09-19 02:58:59,7,-6,3872.25,-1812
2022-09-19 02:59:01,1,-1,3872.0,-1813
2022-09-19 02:59:03,11,3,3872.25,-1810
2022-09-19 02:59:11,31,13,3872.75,-1797
2022-09-19 02:59:12,1,-1,3872.75,-1798
2022-09-19 02:59:13,2,2,3873.0,-1796
2022-09-19 02:59:14,3,2,3873.25,-1794
2022-09-19 02:59:16,4,0,3873.25,-1794
2022-09-19 02:59:20,5,5,3873.5,-1789
2022-09-19 02:59:21,7,-1,3873.75,-1790
2022-09-19 02:59:22,12,-1,3873.5,-1791
2022-09-19 02:59:25,4,0,3873.5,-1791
2022-09-19 02:59:29,4,6,3873.75,-1785
2022-09-19 02:59:31,1,1,3873.5,-1784
2022-09-19 02:59:34,5,-5,3873.25,-1789
2022-09-19 02:59:35,1,1,3873.5,-1788
2022-09-19 02:59:37,2,2,3873.5,-1786
2022-09-19 02:59:41,1,1,3873.75,-1785
2022-09-19 02:59:43,10,-8,3873.25,-1793
2022-09-19 02:59:47,1,-1,3873.25,-1794
2022-09-19 02:59:49,1,1,3873.25,-1793
2022-09-19 02:59:51,22,19,3873.75,-1774
2022-09-19 02:59:53,9,1,3873.75,-1773
2022-09-19 02:59:56,5,1,3873.75,-1772
2022-09-19 02:59:57,16,10,3874.0,-1762
2022-09-19 02:59:58,11,1,3874.25,-1761
2022-09-19 02:59:59,16,5,3874.5,-1756
2022-09-19 03:00:00,61,-36,3874.25,-1792
2022-09-19 03:00:01,30,-7,3873.25,-1799
2022-09-19 03:00:02,41,13,3873.0,-1786
2022-09-19 03:00:03,18,2,3873.0,-1784
2022-09-19 03:00:04,30,-3,3873.0,-1787
2022-09-19 03:00:05,3,-3,3873.0,-1790
2022-09-19 03:00:06,51,-13,3873.0,-1803
2022-09-19 03:00:07,32,-5,3872.0,-1808
2022-09-19 03:00:08,8,-8,3871.5,-1816
2022-09-19 03:00:09,31,5,3872.25,-1811
2022-09-19 03:00:10,15,-2,3872.0,-1813
2022-09-19 03:00:11,6,6,3872.25,-1807
2022-09-19 03:00:12,4,0,3872.25,-1807
2022-09-19 03:00:13,17,-9,3872.5,-1816
2022-09-19 03:00:15,10,1,3872.0,-1815
2022-09-19 03:00:16,6,6,3872.25,-1809
2022-09-19 03:00:18,13,-10,3872.25,-1819
2022-09-19 03:00:19,12,-5,3871.75,-1824
2022-09-19 03:00:20,7,-7,3871.5,-1831
2022-09-19 03:00:22,12,3,3871.5,-1828
2022-09-19 03:00:23,2,2,3871.75,-1826
2022-09-19 03:00:24,3,-1,3872.0,-1827
2022-09-19 03:00:25,3,-3,3871.75,-1830
2022-09-19 03:00:27,2,-2,3871.75,-1832
2022-09-19 03:00:28,3,3,3871.75,-1829
2022-09-19 03:00:29,2,-2,3871.5,-1831
2022-09-19 03:00:30,27,-15,3871.5,-1846
2022-09-19 03:00:31,1,-1,3871.0,-1847
2022-09-19 03:00:33,1,1,3871.25,-1846
2022-09-19 03:00:34,9,-4,3871.25,-1850
2022-09-19 03:00:35,6,6,3871.0,-1844
2022-09-19 03:00:36,10,10,3871.25,-1834
2022-09-19 03:00:37,5,5,3871.25,-1829
2022-09-19 03:00:38,28,13,3872.0,-1816
2022-09-19 03:00:39,16,1,3872.25,-1815
2022-09-19 03:00:40,2,0,3872.25,-1815
2022-09-19 03:00:41,31,-22,3872.5,-1837
2022-09-19 03:00:42,2,2,3872.75,-1835
2022-09-19 03:00:43,17,8,3873.25,-1827
2022-09-19 03:00:44,11,-7,3873.0,-1834
2022-09-19 03:00:45,3,1,3873.0,-1833
2022-09-19 03:00:46,1,-1,3873.0,-1834
2022-09-19 03:00:47,8,6,3873.25,-1828
2022-09-19 03:00:48,7,-6,3873.0,-1834
2022-09-19 03:00:49,10,10,3873.25,-1824
2022-09-19 03:00:50,13,-1,3873.75,-1825
2022-09-19 03:00:51,16,1,3873.5,-1824
2022-09-19 03:00:52,16,9,3874.0,-1815
2022-09-19 03:00:53,1,-1,3873.5,-1816
2022-09-19 03:00:54,7,3,3873.75,-1813
2022-09-19 03:00:55,2,2,3873.75,-1811
2022-09-19 03:00:56,1,1,3873.75,-1810
2022-09-19 03:00:57,11,-1,3873.75,-1811
2022-09-19 03:00:59,33,29,3874.0,-1782
2022-09-19 03:01:00,8,-4,3873.5,-1786
2022-09-19 03:01:01,5,1,3873.75,-1785
2022-09-19 03:01:02,4,-4,3873.25,-1789
2022-09-19 03:01:03,2,0,3873.25,-1789
2022-09-19 03:01:04,1,-1,3873.25,-1790
2022-09-19 03:01:05,7,-5,3873.0,-1795
2022-09-19 03:01:06,4,-2,3872.75,-1797
2022-09-19 03:01:07,5,-3,3872.75,-1800
2022-09-19 03:01:08,20,-18,3872.75,-1818
2022-09-19 03:01:10,5,1,3872.25,-1817
2022-09-19 03:01:11,2,0,3872.25,-1817
2022-09-19 03:01:12,1,-1,3872.0,-1818
2022-09-19 03:01:13,17,-2,3872.25,-1820
2022-09-19 03:01:14,15,-7,3871.25,-1827
2022-09-19 03:01:15,10,6,3871.25,-1821
2022-09-19 03:01:16,2,-2,3871.0,-1823
2022-09-19 03:01:17,4,2,3871.25,-1821
2022-09-19 03:01:18,5,2,3871.5,-1819
2022-09-19 03:01:20,1,1,3871.75,-1818
2022-09-19 03:01:21,20,5,3871.75,-1813
2022-09-19 03:01:22,14,1,3871.25,-1812
2022-09-19 03:01:23,14,5,3871.5,-1807
2022-09-19 03:01:25,1,-1,3871.25,-1808
2022-09-19 03:01:26,2,2,3871.25,-1806
2022-09-19 03:01:27,28,23,3871.75,-1783
2022-09-19 03:01:28,10,3,3871.75,-1780
2022-09-19 03:01:29,4,-3,3871.75,-1783
2022-09-19 03:01:30,2,2,3871.75,-1781
2022-09-19 03:01:31,14,13,3872.25,-1768
2022-09-19 03:01:32,15,9,3872.75,-1759
2022-09-19 03:01:33,9,3,3873.0,-1756
2022-09-19 03:01:34,2,0,3873.0,-1756
2022-09-19 03:01:35,24,-17,3872.75,-1773
2022-09-19 03:01:38,2,-2,3872.25,-1775
2022-09-19 03:01:39,5,-5,3871.75,-1780
2022-09-19 03:01:40,2,-2,3871.75,-1782
2022-09-19 03:01:41,7,-7,3871.75,-1789
2022-09-19 03:01:43,5,-1,3871.25,-1790
2022-09-19 03:01:44,2,-2,3871.0,-1792
2022-09-19 03:01:45,9,7,3871.25,-1785
2022-09-19 03:01:47,4,4,3871.5,-1781
2022-09-19 03:01:48,9,-5,3871.25,-1786
2022-09-19 03:01:50,1,1,3871.5,-1785
2022-09-19 03:01:51,2,0,3871.5,-1785
2022-09-19 03:01:53,16,2,3871.25,-1783
2022-09-19 03:01:54,4,-4,3871.25,-1787
2022-09-19 03:01:55,2,0,3871.25,-1787
2022-09-19 03:01:57,12,9,3871.25,-1778
2022-09-19 03:02:00,12,-11,3871.25,-1789
2022-09-19 03:02:01,19,4,3871.0,-1785
2022-09-19 03:02:02,7,3,3871.25,-1782
2022-09-19 03:02:03,2,0,3871.25,-1782
2022-09-19 03:02:05,9,-7,3871.0,-1789
2022-09-19 03:02:06,11,6,3870.75,-1783
2022-09-19 03:02:07,6,4,3870.75,-1779
2022-09-19 03:02:08,2,-2,3870.75,-1781
2022-09-19 03:02:09,60,-40,3870.5,-1821
2022-09-19 03:02:10,33,-18,3870.25,-1839
2022-09-19 03:02:11,21,5,3869.5,-1834
2022-09-19 03:02:12,1,-1,3869.5,-1835
2022-09-19 03:02:13,54,-20,3869.5,-1855
2022-09-19 03:02:14,8,3,3869.25,-1852
2022-09-19 03:02:15,1,-1,3869.25,-1853
2022-09-19 03:02:16,29,-3,3869.75,-1856
2022-09-19 03:02:17,13,-3,3869.25,-1859
2022-09-19 03:02:18,38,50,3869.25,-1809
2022-09-19 03:02:19,4,0,3869.25,-1809
2022-09-19 03:02:20,1,-1,3869.0,-1810
2022-09-19 03:02:22,2,-2,3869.0,-1812
2022-09-19 03:02:23,8,2,3869.25,-1810
2022-09-19 03:02:24,59,-27,3869.75,-1837
2022-09-19 03:02:25,20,11,3869.25,-1826
2022-09-19 03:02:26,45,-30,3869.25,-1856
2022-09-19 03:02:27,13,-3,3869.0,-1859
2022-09-19 03:02:28,17,-9,3869.0,-1868
2022-09-19 03:02:29,30,3,3869.0,-1865
2022-09-19 03:02:30,1,1,3869.0,-1864
2022-09-19 03:02:31,6,-6,3868.75,-1870
2022-09-19 03:02:32,39,30,3869.0,-1840
2022-09-19 03:02:33,2,0,3869.0,-1840
2022-09-19 03:02:34,1,1,3869.25,-1839
2022-09-19 03:02:35,9,-4,3869.0,-1843
2022-09-19 03:02:36,4,1,3869.0,-1842
2022-09-19 03:02:37,3,1,3869.25,-1841
2022-09-19 03:02:39,7,-6,3869.0,-1847
2022-09-19 03:02:41,6,-6,3868.75,-1853
2022-09-19 03:02:42,15,6,3868.75,-1847
2022-09-19 03:02:43,2,2,3868.75,-1845
2022-09-19 03:02:44,4,-1,3869.0,-1846
2022-09-19 03:02:45,1,1,3869.0,-1845
2022-09-19 03:02:46,2,0,3869.0,-1845
2022-09-19 03:02:48,12,3,3869.25,-1842
2022-09-19 03:02:49,12,-10,3869.0,-1852
2022-09-19 03:02:50,1,-1,3868.75,-1853
2022-09-19 03:02:52,9,-5,3868.75,-1858
2022-09-19 03:02:56,6,4,3868.75,-1854
2022-09-19 03:02:57,4,2,3868.75,-1852
2022-09-19 03:03:00,18,0,3868.75,-1852
2022-09-19 03:03:01,5,0,3868.75,-1852
2022-09-19 03:03:02,10,2,3869.0,-1850
2022-09-19 03:03:03,2,-2,3869.0,-1852
2022-09-19 03:03:04,2,0,3869.0,-1852
2022-09-19 03:03:05,6,1,3868.75,-1851
2022-09-19 03:03:08,2,0,3868.75,-1851
2022-09-19 03:03:09,1,1,3869.0,-1850
2022-09-19 03:03:10,1,-1,3868.75,-1851
2022-09-19 03:03:11,3,-3,3868.5,-1854
2022-09-19 03:03:12,41,-14,3868.75,-1868
2022-09-19 03:03:15,1,-1,3868.75,-1869
2022-09-19 03:03:16,3,5,3869.0,-1864
2022-09-19 03:03:17,1,-1,3868.75,-1865
2022-09-19 03:03:18,1,-1,3868.5,-1866
2022-09-19 03:03:20,264,-142,3868.5,-2008
2022-09-19 03:03:21,18,10,3867.5,-1998
2022-09-19 03:03:22,4,0,3867.25,-1998
2022-09-19 03:03:23,1,1,3867.5,-1997
2022-09-19 03:03:24,7,-9,3867.25,-2006
2022-09-19 03:03:25,19,-2,3867.25,-2008
2022-09-19 03:03:26,11,9,3867.25,-1999
2022-09-19 03:03:27,1,1,3867.5,-1998
2022-09-19 03:03:28,8,1,3867.25,-1997
2022-09-19 03:03:29,5,5,3867.5,-1992
2022-09-19 03:03:31,21,1,3867.5,-1991
2022-09-19 03:03:33,1,1,3867.5,-1990
2022-09-19 03:03:34,2,0,3867.5,-1990
2022-09-19 03:03:35,14,11,3867.75,-1979
2022-09-19 03:03:36,4,2,3867.75,-1977
2022-09-19 03:03:37,2,2,3867.5,-1975
2022-09-19 03:03:38,5,5,3867.5,-1970
2022-09-19 03:03:41,3,1,3867.5,-1969
2022-09-19 03:03:43,9,-8,3867.25,-1977
2022-09-19 03:03:44,10,13,3867.5,-1964
2022-09-19 03:03:45,3,-1,3867.25,-1965
2022-09-19 03:03:46,1,1,3867.25,-1964
2022-09-19 03:03:47,3,2,3867.25,-1962
2022-09-19 03:03:48,3,-3,3867.25,-1965
2022-09-19 03:03:49,2,2,3867.25,-1963
2022-09-19 03:03:50,3,-3,3867.25,-1966
2022-09-19 03:03:52,15,9,3867.75,-1957
2022-09-19 03:03:53,26,-6,3867.5,-1963
2022-09-19 03:03:54,2,0,3867.5,-1963
2022-09-19 03:03:55,9,7,3867.5,-1956
2022-09-19 03:03:56,2,2,3867.75,-1954
2022-09-19 03:03:58,13,-6,3867.25,-1960
2022-09-19 03:04:00,33,-17,3867.0,-1977
2022-09-19 03:04:01,9,6,3867.25,-1971
2022-09-19 03:04:02,6,-2,3867.5,-1973
2022-09-19 03:04:03,3,-1,3867.75,-1974
2022-09-19 03:04:04,5,-1,3867.5,-1975
2022-09-19 03:04:05,2,2,3867.75,-1973
2022-09-19 03:04:06,3,1,3867.5,-1972
2022-09-19 03:04:09,16,-4,3867.75,-1976
2022-09-19 03:04:10,1,-1,3867.5,-1977
2022-09-19 03:04:13,1,-1,3867.25,-1978
2022-09-19 03:04:14,17,-11,3867.25,-1989
2022-09-19 03:04:15,10,12,3867.25,-1977
2022-09-19 03:04:16,4,-3,3867.0,-1980
2022-09-19 03:04:17,7,3,3867.0,-1977
2022-09-19 03:04:19,7,2,3867.25,-1975
2022-09-19 03:04:21,6,-1,3867.0,-1976
2022-09-19 03:04:22,3,-1,3867.0,-1977
2022-09-19 03:04:24,4,-2,3867.25,-1979
2022-09-19 03:04:25,37,-23,3867.0,-2002
2022-09-19 03:04:26,1,1,3867.0,-2001
2022-09-19 03:04:27,1,1,3867.0,-2000
2022-09-19 03:04:29,1,-1,3867.0,-2001
2022-09-19 03:04:30,17,17,3867.5,-1984
2022-09-19 03:04:31,5,3,3867.75,-1981
2022-09-19 03:04:33,1,-1,3867.5,-1982
2022-09-19 03:04:34,1,-1,3867.5,-1983
2022-09-19 03:04:35,3,-3,3867.5,-1986
2022-09-19 03:04:36,4,-2,3867.25,-1988
2022-09-19 03:04:38,10,2,3867.5,-1986
2022-09-19 03:04:39,4,0,3867.5,-1986
2022-09-19 03:04:40,3,-1,3867.75,-1987
2022-09-19 03:04:41,1,-1,3867.5,-1988
2022-09-19 03:04:50,8,5,3867.5,-1983
2022-09-19 03:04:51,17,-9,3867.5,-1992
2022-09-19 03:04:52,18,-9,3867.0,-2001
2022-09-19 03:04:56,42,-11,3867.0,-2012
2022-09-19 03:04:57,18,-12,3866.25,-2024
2022-09-19 03:04:58,1,1,3866.25,-2023
2022-09-19 03:04:59,17,8,3866.5,-2015
2022-09-19 03:05:00,18,10,3866.75,-2005
2022-09-19 03:05:01,6,3,3867.0,-2002
2022-09-19 03:05:03,23,-16,3866.75,-2018
2022-09-19 03:05:04,10,-17,3866.25,-2035
2022-09-19 03:05:05,2,0,3866.25,-2035
2022-09-19 03:05:06,18,-10,3866.0,-2045
2022-09-19 03:05:07,8,-7,3865.75,-2052
2022-09-19 03:05:08,12,-8,3865.75,-2060
2022-09-19 03:05:09,21,-18,3865.5,-2078
2022-09-19 03:05:10,11,-1,3865.5,-2079
2022-09-19 03:05:11,42,5,3865.75,-2074
2022-09-19 03:05:12,5,-1,3866.0,-2075
2022-09-19 03:05:13,6,4,3865.75,-2071
2022-09-19 03:05:14,7,5,3866.0,-2066
2022-09-19 03:05:15,10,-3,3866.25,-2069
2022-09-19 03:05:16,17,-6,3866.0,-2075
2022-09-19 03:05:17,1,1,3866.0,-2074
2022-09-19 03:05:18,8,-8,3865.75,-2082
2022-09-19 03:05:19,18,3,3866.0,-2079
2022-09-19 03:05:20,5,-1,3866.25,-2080
2022-09-19 03:05:21,5,1,3866.0,-2079
2022-09-19 03:05:22,10,10,3866.25,-2069
2022-09-19 03:05:23,1,-1,3866.25,-2070
2022-09-19 03:05:24,2,0,3866.25,-2070
2022-09-19 03:05:25,2,-2,3866.0,-2072
2022-09-19 03:05:26,8,2,3866.25,-2070
2022-09-19 03:05:27,13,-7,3866.5,-2077
2022-09-19 03:05:28,1,1,3866.25,-2076
2022-09-19 03:05:29,2,-2,3866.0,-2078
2022-09-19 03:05:30,14,-4,3866.0,-2082
2022-09-19 03:05:31,6,3,3865.75,-2079
2022-09-19 03:05:32,2,2,3865.75,-2077
2022-09-19 03:05:34,2,0,3865.75,-2077
2022-09-19 03:05:35,5,4,3866.0,-2073
2022-09-19 03:05:36,3,-1,3866.0,-2074
2022-09-19 03:05:37,1,-1,3865.5,-2075
2022-09-19 03:05:39,1,-1,3865.75,-2076
2022-09-19 03:05:40,2,-2,3865.75,-2078
2022-09-19 03:05:41,1,-1,3865.75,-2079
2022-09-19 03:05:43,196,-165,3865.5,-2244
2022-09-19 03:05:44,30,-25,3864.5,-2269
2022-09-19 03:05:45,22,-13,3864.25,-2282
2022-09-19 03:05:46,31,-9,3864.0,-2291
2022-09-19 03:05:47,17,-5,3863.75,-2296
2022-09-19 03:05:48,23,7,3863.75,-2289
2022-09-19 03:05:49,21,-19,3863.5,-2308
2022-09-19 03:05:50,19,-3,3863.5,-2311
2022-09-19 03:05:51,33,-26,3863.5,-2337
2022-09-19 03:05:52,20,18,3863.75,-2319
2022-09-19 03:05:53,28,17,3864.25,-2302
2022-09-19 03:05:54,31,-4,3864.0,-2306
2022-09-19 03:05:55,5,1,3863.75,-2305
2022-09-19 03:05:56,28,-5,3863.75,-2310
2022-09-19 03:05:57,1,1,3863.5,-2309
2022-09-19 03:05:58,112,-20,3863.25,-2329
2022-09-19 03:05:59,1,1,3863.25,-2328
2022-09-19 03:06:00,13,-5,3863.25,-2333
2022-09-19 03:06:01,4,0,3863.25,-2333
2022-09-19 03:06:02,11,-2,3863.0,-2335
2022-09-19 03:06:03,15,1,3862.75,-2334
2022-09-19 03:06:04,10,-1,3863.0,-2335
2022-09-19 03:06:06,4,4,3862.75,-2331
2022-09-19 03:06:07,25,8,3863.0,-2323
2022-09-19 03:06:08,2,0,3863.0,-2323
2022-09-19 03:06:09,7,1,3863.0,-2322
2022-09-19 03:06:10,6,6,3863.5,-2316
2022-09-19 03:06:11,4,2,3863.5,-2314
2022-09-19 03:06:12,25,17,3863.5,-2297
2022-09-19 03:06:13,1,1,3863.5,-2296
2022-09-19 03:06:14,2,0,3863.5,-2296
2022-09-19 03:06:15,50,-25,3863.25,-2321
2022-09-19 03:06:16,11,-5,3862.75,-2326
2022-09-19 03:06:17,11,11,3862.75,-2315
2022-09-19 03:06:18,10,-4,3863.0,-2319
2022-09-19 03:06:19,2,0,3863.0,-2319
2022-09-19 03:06:20,4,0,3863.0,-2319
2022-09-19 03:06:21,1,-1,3862.5,-2320
2022-09-19 03:06:22,32,-4,3862.75,-2324
2022-09-19 03:06:24,32,-27,3863.0,-2351
2022-09-19 03:06:25,1,-1,3862.5,-2352
2022-09-19 03:06:26,6,4,3862.75,-2348
2022-09-19 03:06:27,1,1,3862.75,-2347
2022-09-19 03:06:28,2,-2,3862.5,-2349
2022-09-19 03:06:29,1,-1,3862.75,-2350
2022-09-19 03:06:30,9,1,3863.25,-2349
2022-09-19 03:06:31,2,2,3863.0,-2347
2022-09-19 03:06:33,16,29,3863.25,-2318
2022-09-19 03:06:34,4,-2,3863.25,-2320
2022-09-19 03:06:35,8,4,3863.25,-2316
2022-09-19 03:06:36,7,1,3863.25,-2315
2022-09-19 03:06:37,1,-1,3863.25,-2316
2022-09-19 03:06:39,63,-22,3863.5,-2338
2022-09-19 03:06:40,1,-1,3863.0,-2339
2022-09-19 03:06:41,3,2,3863.25,-2337
2022-09-19 03:06:42,2,2,3863.25,-2335
2022-09-19 03:06:43,17,-6,3863.25,-2341
2022-09-19 03:06:46,1,1,3863.0,-2340
2022-09-19 03:06:47,16,-13,3863.0,-2353
2022-09-19 03:06:48,15,-10,3862.5,-2363
2022-09-19 03:06:49,71,-29,3862.25,-2392
2022-09-19 03:06:50,1,1,3862.25,-2391
2022-09-19 03:06:51,1,1,3862.25,-2390
2022-09-19 03:06:52,2,-2,3862.25,-2392
2022-09-19 03:06:53,10,8,3862.75,-2384
2022-09-19 03:06:54,4,-2,3862.5,-2386
2022-09-19 03:06:55,1,-1,3862.5,-2387
2022-09-19 03:06:56,43,-35,3862.75,-2422
2022-09-19 03:06:57,2,0,3862.0,-2422
2022-09-19 03:06:58,3,-1,3862.25,-2423
2022-09-19 03:07:00,29,-18,3862.0,-2441
2022-09-19 03:07:01,11,0,3861.75,-2441
2022-09-19 03:07:02,22,10,3862.0,-2431
2022-09-19 03:07:04,3,-3,3861.75,-2434
2022-09-19 03:07:07,5,1,3861.75,-2433
2022-09-19 03:07:08,11,-3,3861.75,-2436
2022-09-19 03:07:09,4,-2,3861.5,-2438
2022-09-19 03:07:10,4,0,3861.75,-2438
2022-09-19 03:07:11,1,-1,3861.25,-2439
2022-09-19 03:07:12,26,-16,3861.5,-2455
2022-09-19 03:07:13,225,-20,3861.75,-2475
2022-09-19 03:07:14,29,-3,3861.25,-2478
2022-09-19 03:07:16,6,-4,3861.25,-2482
2022-09-19 03:07:17,4,-2,3861.0,-2484
2022-09-19 03:07:18,2,2,3861.25,-2482
2022-09-19 03:07:19,1,-1,3861.0,-2483
2022-09-19 03:07:20,8,4,3861.25,-2479
2022-09-19 03:07:21,12,-8,3861.25,-2487
2022-09-19 03:07:22,36,29,3861.25,-2458
2022-09-19 03:07:24,58,-26,3861.25,-2484
2022-09-19 03:07:26,1,1,3861.25,-2483
2022-09-19 03:07:27,6,4,3861.25,-2479
2022-09-19 03:07:29,2,-2,3861.25,-2481
2022-09-19 03:07:30,63,21,3861.75,-2460
2022-09-19 03:07:31,2,0,3861.75,-2460
2022-09-19 03:07:32,13,-1,3861.75,-2461
2022-09-19 03:07:33,3,-1,3861.75,-2462
2022-09-19 03:07:34,2,0,3861.75,-2462
2022-09-19 03:07:35,1,-1,3861.5,-2463
2022-09-19 03:07:36,2,2,3861.75,-2461
2022-09-19 03:07:37,14,5,3862.0,-2456
2022-09-19 03:07:38,40,29,3863.25,-2427
2022-09-19 03:07:39,17,8,3863.25,-2419
2022-09-19 03:07:40,3,-3,3862.75,-2422
2022-09-19 03:07:43,3,-1,3862.75,-2423
2022-09-19 03:07:44,4,0,3862.5,-2423
2022-09-19 03:07:45,8,7,3862.75,-2416
2022-09-19 03:07:47,5,-1,3862.75,-2417
2022-09-19 03:07:49,21,17,3863.25,-2400
2022-09-19 03:07:50,51,47,3863.75,-2353
2022-09-19 03:07:52,16,-9,3863.5,-2362
2022-09-19 03:07:53,3,-1,3863.25,-2363
2022-09-19 03:07:54,2,2,3863.25,-2361
2022-09-19 03:07:56,14,-11,3863.0,-2372
2022-09-19 03:07:57,76,53,3863.25,-2319
2022-09-19 03:07:58,2,-2,3863.25,-2321
2022-09-19 03:07:59,25,8,3863.5,-2313
2022-09-19 03:08:00,27,14,3863.75,-2299
2022-09-19 03:08:01,11,-7,3863.75,-2306
2022-09-19 03:08:02,6,0,3863.75,-2306
2022-09-19 03:08:03,9,-3,3863.5,-2309
2022-09-19 03:08:04,2,0,3863.25,-2309
2022-09-19 03:08:05,1,-1,3863.0,-2310
2022-09-19 03:08:06,5,0,3863.25,-2310
2022-09-19 03:08:07,1,-1,3863.25,-2311
2022-09-19 03:08:09,3,-2,3863.25,-2313
2022-09-19 03:08:10,2,2,3863.25,-2311
2022-09-19 03:08:11,34,33,3863.75,-2278
2022-09-19 03:08:12,4,-4,3863.25,-2282
2022-09-19 03:08:13,1,-1,3863.25,-2283
2022-09-19 03:08:14,8,-8,3863.25,-2291
2022-09-19 03:08:16,2,0,3863.5,-2291
2022-09-19 03:08:17,2,-2,3863.25,-2293
2022-09-19 03:08:19,1,1,3863.5,-2292
2022-09-19 03:08:21,1,-1,3863.0,-2293
2022-09-19 03:08:22,3,-1,3863.25,-2294
2022-09-19 03:08:23,25,16,3863.75,-2278
2022-09-19 03:08:24,2,-2,3863.75,-2280
2022-09-19 03:08:25,14,6,3863.5,-2274
2022-09-19 03:08:26,2,0,3863.5,-2274
2022-09-19 03:08:27,12,-4,3863.25,-2278
2022-09-19 03:08:29,6,4,3863.5,-2274
2022-09-19 03:08:30,23,-5,3863.75,-2279
2022-09-19 03:08:31,1,1,3863.75,-2278
2022-09-19 03:08:32,3,-1,3863.75,-2279
2022-09-19 03:08:33,2,0,3863.75,-2279
2022-09-19 03:08:34,14,2,3863.75,-2277
2022-09-19 03:08:36,3,2,3863.5,-2275
2022-09-19 03:08:37,3,1,3863.75,-2274
2022-09-19 03:08:38,1,1,3863.5,-2273
2022-09-19 03:08:40,11,10,3864.25,-2263
2022-09-19 03:08:41,45,-2,3864.25,-2265
2022-09-19 03:08:42,7,3,3864.25,-2262
2022-09-19 03:08:43,20,-12,3864.0,-2274
2022-09-19 03:08:44,1,-1,3863.5,-2275
2022-09-19 03:08:45,4,3,3863.75,-2272
2022-09-19 03:08:47,12,8,3864.25,-2264
2022-09-19 03:08:48,4,-4,3864.0,-2268
2022-09-19 03:08:49,7,5,3864.0,-2263
2022-09-19 03:08:53,14,-4,3864.0,-2267
2022-09-19 03:08:54,1,-1,3864.0,-2268
2022-09-19 03:08:55,3,3,3864.25,-2265
2022-09-19 03:08:56,28,8,3864.5,-2257
2022-09-19 03:08:57,31,-11,3864.0,-2268
2022-09-19 03:08:58,4,2,3863.5,-2266
2022-09-19 03:08:59,3,-3,3863.5,-2269
2022-09-19 03:09:00,5,5,3863.75,-2264
2022-09-19 03:09:01,3,-1,3863.75,-2265
2022-09-19 03:09:02,4,0,3863.75,-2265
2022-09-19 03:09:03,2,2,3863.75,-2263
2022-09-19 03:09:04,3,-1,3863.75,-2264
2022-09-19 03:09:05,1,1,3863.75,-2263
2022-09-19 03:09:06,1,1,3863.75,-2262
2022-09-19 03:09:07,10,-4,3863.75,-2266
2022-09-19 03:09:08,2,2,3864.0,-2264
2022-09-19 03:09:10,1,1,3864.0,-2263
2022-09-19 03:09:11,8,8,3864.0,-2255
2022-09-19 03:09:12,3,3,3864.0,-2252
2022-09-19 03:09:13,3,3,3864.5,-2249
2022-09-19 03:09:14,2,2,3864.5,-2247
2022-09-19 03:09:15,3,3,3864.25,-2244
2022-09-19 03:09:17,8,-7,3864.0,-2251
2022-09-19 03:09:18,11,-12,3863.75,-2263
2022-09-19 03:09:19,4,4,3863.5,-2259
2022-09-19 03:09:20,5,5,3863.75,-2254
2022-09-19 03:09:21,3,1,3863.75,-2253
2022-09-19 03:09:22,23,5,3864.0,-2248
2022-09-19 03:09:24,1,1,3864.0,-2247
2022-09-19 03:09:25,5,5,3864.25,-2242
2022-09-19 03:09:26,2,2,3864.5,-2240
2022-09-19 03:09:27,2,0,3864.5,-2240
2022-09-19 03:09:28,4,4,3864.5,-2236
2022-09-19 03:09:29,6,6,3864.5,-2230
2022-09-19 03:09:30,2,-2,3864.5,-2232
2022-09-19 03:09:31,5,1,3864.5,-2231
2022-09-19 03:09:32,12,8,3864.75,-2223
2022-09-19 03:09:33,12,1,3865.0,-2222
2022-09-19 03:09:34,7,1,3865.0,-2221
2022-09-19 03:09:35,5,2,3864.75,-2219
2022-09-19 03:09:36,12,12,3865.0,-2207
2022-09-19 03:09:37,2,2,3864.75,-2205
2022-09-19 03:09:38,4,-4,3864.5,-2209
2022-09-19 03:09:39,1,1,3864.5,-2208
2022-09-19 03:09:41,13,-9,3864.25,-2217
2022-09-19 03:09:42,9,9,3864.5,-2208
2022-09-19 03:09:43,1,-1,3864.25,-2209
2022-09-19 03:09:45,4,-4,3864.25,-2213
2022-09-19 03:09:46,5,3,3864.5,-2210
2022-09-19 03:09:47,1,-1,3864.5,-2211
2022-09-19 03:09:48,4,0,3864.75,-2211
2022-09-19 03:09:50,1,-1,3864.5,-2212
2022-09-19 03:09:51,7,-2,3864.75,-2214
2022-09-19 03:09:52,6,4,3864.75,-2210
2022-09-19 03:09:58,6,6,3865.0,-2204
2022-09-19 03:09:59,6,-6,3864.75,-2210
2022-09-19 03:10:00,10,7,3865.0,-2203
2022-09-19 03:10:01,29,8,3865.75,-2195
2022-09-19 03:10:02,2,2,3865.5,-2193
2022-09-19 03:10:03,28,11,3866.0,-2182
2022-09-19 03:10:04,1,1,3865.75,-2181
2022-09-19 03:10:06,14,-9,3865.5,-2190
2022-09-19 03:10:07,1,-1,3865.25,-2191
2022-09-19 03:10:09,27,24,3865.75,-2167
2022-09-19 03:10:11,1,1,3865.75,-2166
2022-09-19 03:10:12,3,-3,3865.5,-2169
2022-09-19 03:10:13,6,6,3865.75,-2163
2022-09-19 03:10:15,2,2,3866.0,-2161
2022-09-19 03:10:16,21,11,3866.25,-2150
2022-09-19 03:10:17,1,1,3866.0,-2149
2022-09-19 03:10:18,12,-4,3866.0,-2153
2022-09-19 03:10:19,20,14,3866.25,-2139
2022-09-19 03:10:20,1,1,3866.0,-2138
2022-09-19 03:10:21,1,-1,3865.75,-2139
2022-09-19 03:10:22,2,0,3866.0,-2139
2022-09-19 03:10:23,5,-3,3866.0,-2142
2022-09-19 03:10:24,2,0,3866.0,-2142
2022-09-19 03:10:25,1,-1,3866.0,-2143
2022-09-19 03:10:26,25,25,3866.5,-2118
2022-09-19 03:10:28,5,-5,3866.25,-2123
2022-09-19 03:10:29,3,-3,3866.25,-2126
2022-09-19 03:10:31,1,-1,3866.25,-2127
2022-09-19 03:10:32,15,-7,3866.5,-2134
2022-09-19 03:10:33,13,6,3866.5,-2128
2022-09-19 03:10:35,1,1,3866.5,-2127
2022-09-19 03:10:36,4,2,3866.5,-2125
2022-09-19 03:10:37,13,16,3867.0,-2109
2022-09-19 03:10:38,2,-2,3866.75,-2111
2022-09-19 03:10:39,18,13,3867.25,-2098
2022-09-19 03:10:40,26,-8,3867.0,-2106
2022-09-19 03:10:41,7,5,3867.0,-2101
2022-09-19 03:10:43,2,2,3867.25,-2099
2022-09-19 03:10:44,8,-5,3867.0,-2104
2022-09-19 03:10:46,4,-4,3866.75,-2108
2022-09-19 03:10:48,2,-2,3867.0,-2110
2022-09-19 03:10:49,1,-1,3867.0,-2111
2022-09-19 03:10:50,13,2,3867.0,-2109
2022-09-19 03:10:52,20,16,3867.25,-2093
2022-09-19 03:10:54,2,1,3867.25,-2092
2022-09-19 03:10:55,1,1,3867.25,-2091
2022-09-19 03:10:56,8,-8,3867.0,-2099
2022-09-19 03:10:57,49,-18,3866.75,-2117
2022-09-19 03:10:58,39,-18,3866.5,-2135
2022-09-19 03:10:59,6,2,3866.25,-2133
2022-09-19 03:11:00,2,-2,3866.25,-2135
2022-09-19 03:11:01,1,-1,3866.25,-2136
2022-09-19 03:11:02,28,-3,3866.0,-2139
2022-09-19 03:11:03,3,-1,3865.75,-2140
2022-09-19 03:11:04,2,-2,3865.5,-2142
2022-09-19 03:11:07,24,11,3865.75,-2131
2022-09-19 03:11:08,15,8,3865.5,-2123
2022-09-19 03:11:10,9,-4,3865.25,-2127
2022-09-19 03:11:12,1,1,3865.25,-2126
2022-09-19 03:11:13,7,5,3865.25,-2121
2022-09-19 03:11:14,9,5,3865.25,-2116
2022-09-19 03:11:15,1,-1,3865.25,-2117
2022-09-19 03:11:16,10,6,3865.75,-2111
2022-09-19 03:11:21,6,4,3865.5,-2107
2022-09-19 03:11:23,2,0,3865.75,-2107
2022-09-19 03:11:24,6,6,3866.0,-2101
2022-09-19 03:11:25,1,-1,3865.75,-2102
2022-09-19 03:11:26,5,-4,3865.75,-2106
2022-09-19 03:11:27,4,1,3865.75,-2105
2022-09-19 03:11:28,1,-1,3865.75,-2106
2022-09-19 03:11:29,1,1,3865.75,-2105
2022-09-19 03:11:32,1,-1,3865.5,-2106
2022-09-19 03:11:34,6,-6,3865.5,-2112
2022-09-19 03:11:35,4,3,3865.5,-2109
2022-09-19 03:11:37,1,1,3865.75,-2108
2022-09-19 03:11:39,10,2,3866.5,-2106
2022-09-19 03:11:40,6,-2,3866.25,-2108
2022-09-19 03:11:41,2,0,3866.25,-2108
2022-09-19 03:11:42,1,-1,3866.25,-2109
2022-09-19 03:11:44,8,8,3866.75,-2101
2022-09-19 03:11:45,1,1,3866.75,-2100
2022-09-19 03:11:46,1,-1,3866.75,-2101
2022-09-19 03:11:47,2,2,3866.75,-2099
2022-09-19 03:11:48,6,7,3867.25,-2092
2022-09-19 03:11:49,11,-5,3867.0,-2097
2022-09-19 03:11:52,5,-4,3866.5,-2101
2022-09-19 03:11:53,2,0,3866.75,-2101
2022-09-19 03:11:54,3,-1,3866.75,-2102
2022-09-19 03:11:55,3,1,3867.0,-2101
2022-09-19 03:11:56,7,-4,3866.75,-2105
2022-09-19 03:11:58,2,0,3866.75,-2105
2022-09-19 03:12:00,4,-2,3866.5,-2107
2022-09-19 03:12:01,6,2,3866.75,-2105
2022-09-19 03:12:02,2,-2,3866.5,-2107
2022-09-19 03:12:03,1,-1,3866.5,-2108
2022-09-19 03:12:05,1,1,3866.75,-2107
2022-09-19 03:12:06,9,-3,3866.5,-2110
2022-09-19 03:12:09,5,4,3866.5,-2106
2022-09-19 03:12:11,22,-16,3866.25,-2122
2022-09-19 03:12:12,12,16,3866.0,-2106
2022-09-19 03:12:13,19,-15,3865.75,-2121
2022-09-19 03:12:14,3,-1,3865.5,-2122
2022-09-19 03:12:15,14,12,3866.0,-2110
2022-09-19 03:12:16,3,3,3866.0,-2107
2022-09-19 03:12:17,6,1,3866.0,-2106
2022-09-19 03:12:19,2,-2,3865.75,-2108
2022-09-19 03:12:20,6,-4,3865.75,-2112
2022-09-19 03:12:22,4,-4,3865.75,-2116
2022-09-19 03:12:23,17,2,3865.75,-2114
2022-09-19 03:12:24,3,1,3865.5,-2113
2022-09-19 03:12:25,1,-1,3865.5,-2114
2022-09-19 03:12:27,4,0,3865.5,-2114
2022-09-19 03:12:28,13,12,3866.0,-2102
2022-09-19 03:12:29,11,9,3866.25,-2093
2022-09-19 03:12:31,19,27,3866.5,-2066
2022-09-19 03:12:36,3,-3,3866.25,-2069
2022-09-19 03:12:37,4,3,3866.5,-2066
2022-09-19 03:12:39,17,11,3866.75,-2055
2022-09-19 03:12:40,4,-4,3866.5,-2059
2022-09-19 03:12:42,2,0,3866.5,-2059
2022-09-19 03:12:43,1,-1,3866.25,-2060
2022-09-19 03:12:44,2,-2,3866.25,-2062
2022-09-19 03:12:45,5,-2,3866.25,-2064
2022-09-19 03:12:48,62,21,3866.5,-2043
2022-09-19 03:12:49,1,-1,3865.75,-2044
2022-09-19 03:12:51,2,-2,3866.0,-2046
2022-09-19 03:12:52,9,-3,3866.0,-2049
2022-09-19 03:12:56,11,-4,3865.75,-2053
2022-09-19 03:12:59,4,-3,3865.75,-2056
2022-09-19 03:13:00,2,0,3865.5,-2056
2022-09-19 03:13:01,2,0,3865.5,-2056
2022-09-19 03:13:02,7,-2,3865.25,-2058
2022-09-19 03:13:04,6,2,3865.25,-2056
2022-09-19 03:13:05,15,-7,3865.25,-2063
2022-09-19 03:13:06,6,-2,3865.5,-2065
2022-09-19 03:13:08,1,-1,3865.25,-2066
2022-09-19 03:13:09,63,-23,3865.25,-2089
2022-09-19 03:13:10,15,-12,3864.75,-2101
2022-09-19 03:13:11,1,-1,3864.5,-2102
2022-09-19 03:13:12,18,2,3865.0,-2100
2022-09-19 03:13:13,3,-1,3864.75,-2101
2022-09-19 03:13:14,3,-3,3864.5,-2104
2022-09-19 03:13:15,6,4,3865.0,-2100
2022-09-19 03:13:18,3,2,3865.0,-2098
2022-09-19 03:13:19,1,-1,3865.0,-2099
2022-09-19 03:13:20,1,-1,3865.0,-2100
2022-09-19 03:13:21,2,-2,3864.75,-2102
2022-09-19 03:13:22,5,-1,3864.75,-2103
2022-09-19 03:13:23,5,1,3864.75,-2102
2022-09-19 03:13:25,6,6,3865.0,-2096
2022-09-19 03:13:26,5,3,3865.25,-2093
2022-09-19 03:13:29,5,-1,3865.25,-2094
2022-09-19 03:13:30,2,-2,3864.75,-2096
2022-09-19 03:13:31,2,2,3865.0,-2094
2022-09-19 03:13:34,3,-2,3864.75,-2096
2022-09-19 03:13:36,9,6,3865.0,-2090
2022-09-19 03:13:38,3,1,3865.0,-2089
2022-09-19 03:13:39,1,1,3865.0,-2088
2022-09-19 03:13:41,1,-1,3864.75,-2089
2022-09-19 03:13:43,7,5,3865.25,-2084
2022-09-19 03:13:45,11,18,3865.5,-2066
2022-09-19 03:13:47,9,-9,3865.0,-2075
2022-09-19 03:13:48,1,-1,3864.75,-2076
2022-09-19 03:13:49,4,-4,3864.75,-2080
2022-09-19 03:13:50,6,6,3864.75,-2074
2022-09-19 03:13:51,1,-1,3864.75,-2075
2022-09-19 03:13:56,7,-1,3864.75,-2076
2022-09-19 03:13:57,1,-1,3864.5,-2077
2022-09-19 03:13:58,1,-1,3864.5,-2078
2022-09-19 03:13:59,10,-6,3864.75,-2084
2022-09-19 03:14:00,7,-7,3864.75,-2091
2022-09-19 03:14:01,3,3,3864.75,-2088
2022-09-19 03:14:02,3,1,3864.75,-2087
2022-09-19 03:14:03,13,3,3865.25,-2084
2022-09-19 03:14:05,1,1,3865.25,-2083
2022-09-19 03:14:06,9,-5,3865.0,-2088
2022-09-19 03:14:08,22,4,3864.75,-2084
2022-09-19 03:14:09,7,7,3865.0,-2077
2022-09-19 03:14:12,3,-2,3865.0,-2079
2022-09-19 03:14:13,3,3,3865.25,-2076
2022-09-19 03:14:14,11,-2,3865.25,-2078
2022-09-19 03:14:17,2,2,3865.25,-2076
2022-09-19 03:14:18,1,-1,3865.25,-2077
2022-09-19 03:14:19,8,-7,3865.25,-2084
2022-09-19 03:14:22,86,-11,3865.25,-2095
2022-09-19 03:14:26,3,1,3865.25,-2094
2022-09-19 03:14:28,9,-3,3865.25,-2097
2022-09-19 03:14:29,1,1,3865.25,-2096
2022-09-19 03:14:31,16,-13,3865.25,-2109
2022-09-19 03:14:32,2,2,3865.25,-2107
2022-09-19 03:14:33,54,0,3865.25,-2107
2022-09-19 03:14:34,1,1,3865.25,-2106
2022-09-19 03:14:35,15,-1,3865.0,-2107
2022-09-19 03:14:36,29,-15,3865.0,-2122
2022-09-19 03:14:39,12,-8,3865.0,-2130
2022-09-19 03:14:40,2,-1,3865.0,-2131
2022-09-19 03:14:41,7,7,3865.25,-2124
2022-09-19 03:14:43,2,2,3865.25,-2122
2022-09-19 03:14:44,7,-3,3865.25,-2125
2022-09-19 03:14:46,30,7,3865.75,-2118
2022-09-19 03:14:47,7,-2,3865.5,-2120
2022-09-19 03:14:50,9,-3,3865.5,-2123
2022-09-19 03:14:51,1,-1,3865.5,-2124
2022-09-19 03:14:52,2,2,3865.5,-2122
2022-09-19 03:14:53,1,-1,3865.5,-2123
2022-09-19 03:14:58,6,6,3865.75,-2117
2022-09-19 03:15:00,12,-12,3865.5,-2129
2022-09-19 03:15:02,1,-1,3865.0,-2130
2022-09-19 03:15:04,40,-11,3865.0,-2141
2022-09-19 03:15:06,37,-15,3865.0,-2156
2022-09-19 03:15:07,8,8,3865.25,-2148
2022-09-19 03:15:08,294,-93,3865.0,-2241
2022-09-19 03:15:09,19,-19,3864.0,-2260
2022-09-19 03:15:10,11,-1,3864.0,-2261
2022-09-19 03:15:11,1,-1,3863.75,-2262
2022-09-19 03:15:12,1,1,3864.0,-2261
2022-09-19 03:15:13,5,3,3864.5,-2258
2022-09-19 03:15:15,4,-2,3864.25,-2260
2022-09-19 03:15:16,7,-6,3864.25,-2266
2022-09-19 03:15:17,6,-6,3864.25,-2272
2022-09-19 03:15:19,1,-1,3864.0,-2273
2022-09-19 03:15:20,4,-2,3864.25,-2275
2022-09-19 03:15:23,4,4,3864.25,-2271
2022-09-19 03:15:25,9,13,3864.75,-2258
2022-09-19 03:15:26,7,5,3864.75,-2253
2022-09-19 03:15:27,5,-5,3864.75,-2258
2022-09-19 03:15:28,3,1,3864.75,-2257
2022-09-19 03:15:29,17,7,3865.0,-2250
2022-09-19 03:15:30,3,-3,3864.75,-2253
2022-09-19 03:15:33,6,-6,3864.5,-2259
2022-09-19 03:15:34,2,2,3864.5,-2257
2022-09-19 03:15:35,3,1,3864.5,-2256
2022-09-19 03:15:37,1,-1,3864.5,-2257
2022-09-19 03:15:38,20,6,3865.25,-2251
2022-09-19 03:15:39,3,3,3865.25,-2248
2022-09-19 03:15:40,188,-220,3865.75,-2468
2022-09-19 03:15:41,2,-2,3865.0,-2470
2022-09-19 03:15:42,18,2,3865.0,-2468
2022-09-19 03:15:43,9,-9,3864.75,-2477
2022-09-19 03:15:44,20,2,3864.75,-2475
2022-09-19 03:15:45,12,-3,3864.75,-2478
2022-09-19 03:15:46,4,-1,3864.25,-2479
2022-09-19 03:15:48,4,0,3864.5,-2479
2022-09-19 03:15:51,1,-1,3864.25,-2480
2022-09-19 03:15:52,4,-1,3864.25,-2481
2022-09-19 03:15:55,20,-12,3864.5,-2493
2022-09-19 03:15:56,23,33,3864.25,-2460
2022-09-19 03:15:58,1,-1,3864.25,-2461
2022-09-19 03:16:00,3,3,3864.5,-2458
2022-09-19 03:16:01,3,1,3864.75,-2457
2022-09-19 03:16:02,21,-10,3865.0,-2467
2022-09-19 03:16:04,6,-6,3864.75,-2473
2022-09-19 03:16:05,2,2,3865.0,-2471
2022-09-19 03:16:07,18,2,3865.25,-2469
2022-09-19 03:16:08,10,3,3865.0,-2466
2022-09-19 03:16:09,2,-2,3864.75,-2468
2022-09-19 03:16:10,4,-4,3864.75,-2472
2022-09-19 03:16:12,3,-1,3864.75,-2473
2022-09-19 03:16:13,1,1,3864.75,-2472
2022-09-19 03:16:15,13,-12,3864.5,-2484
2022-09-19 03:16:16,4,0,3864.5,-2484
2022-09-19 03:16:17,7,1,3864.25,-2483
2022-09-19 03:16:19,3,1,3864.25,-2482
2022-09-19 03:16:20,23,6,3864.5,-2476
2022-09-19 03:16:21,4,-4,3864.25,-2480
2022-09-19 03:16:22,7,-1,3864.5,-2481
2022-09-19 03:16:23,7,4,3864.5,-2477
2022-09-19 03:16:26,3,-3,3864.5,-2480
2022-09-19 03:16:27,42,8,3864.5,-2472
2022-09-19 03:16:29,1,1,3864.5,-2471
2022-09-19 03:16:31,7,6,3864.5,-2465
2022-09-19 03:16:32,16,-7,3864.5,-2472
2022-09-19 03:16:33,1,1,3864.5,-2471
2022-09-19 03:16:36,11,-1,3864.25,-2472
2022-09-19 03:16:37,14,-12,3864.25,-2484
2022-09-19 03:16:39,3,2,3864.5,-2482
2022-09-19 03:16:40,15,10,3864.75,-2472
2022-09-19 03:16:41,6,4,3865.0,-2468
2022-09-19 03:16:42,4,-2,3865.0,-2470
2022-09-19 03:16:45,7,7,3865.25,-2463
2022-09-19 03:16:46,8,6,3865.5,-2457
2022-09-19 03:16:47,17,12,3866.0,-2445
2022-09-19 03:16:48,11,3,3866.0,-2442
2022-09-19 03:16:49,12,3,3866.25,-2439
2022-09-19 03:16:50,3,1,3866.5,-2438
2022-09-19 03:16:51,10,4,3866.75,-2434
2022-09-19 03:16:52,3,3,3866.5,-2431
2022-09-19 03:16:53,1,-1,3866.25,-2432
2022-09-19 03:16:54,1,1,3866.5,-2431
2022-09-19 03:16:56,2,-2,3866.5,-2433
2022-09-19 03:16:57,10,-8,3866.5,-2441
2022-09-19 03:17:00,15,-7,3866.25,-2448
2022-09-19 03:17:01,1,1,3866.25,-2447
2022-09-19 03:17:02,7,5,3866.25,-2442
2022-09-19 03:17:03,10,5,3866.5,-2437
2022-09-19 03:17:04,17,11,3866.75,-2426
2022-09-19 03:17:05,28,6,3867.0,-2420
2022-09-19 03:17:06,2,2,3867.0,-2418
2022-09-19 03:17:07,7,-5,3866.75,-2423
2022-09-19 03:17:09,2,2,3866.75,-2421
2022-09-19 03:17:10,2,1,3866.75,-2420
2022-09-19 03:17:11,1,-1,3866.75,-2421
2022-09-19 03:17:12,1,1,3867.0,-2420
2022-09-19 03:17:16,6,-5,3866.75,-2425
2022-09-19 03:17:18,3,1,3866.75,-2424
2022-09-19 03:17:20,5,3,3866.75,-2421
2022-09-19 03:17:23,4,3,3867.0,-2418
2022-09-19 03:17:28,30,16,3867.25,-2402
2022-09-19 03:17:32,14,0,3867.25,-2402
2022-09-19 03:17:33,1,-1,3867.25,-2403
2022-09-19 03:17:35,41,22,3867.75,-2381
2022-09-19 03:17:36,1,-1,3867.75,-2382
2022-09-19 03:17:37,36,32,3868.25,-2350
2022-09-19 03:17:38,9,9,3868.0,-2341
2022-09-19 03:17:39,2,-2,3868.0,-2343
2022-09-19 03:17:40,1,-1,3867.75,-2344
2022-09-19 03:17:41,3,-1,3868.0,-2345
2022-09-19 03:17:42,7,-3,3868.0,-2348
2022-09-19 03:17:43,1,1,3868.25,-2347
2022-09-19 03:17:44,11,7,3868.25,-2340
2022-09-19 03:17:46,1,1,3868.25,-2339
2022-09-19 03:17:48,2,-2,3868.0,-2341
2022-09-19 03:17:49,47,35,3868.5,-2306
2022-09-19 03:17:50,19,15,3868.25,-2291
2022-09-19 03:17:51,5,-3,3868.5,-2294
2022-09-19 03:17:52,1,-1,3868.0,-2295
2022-09-19 03:17:53,2,2,3868.25,-2293
2022-09-19 03:17:54,1,1,3868.5,-2292
2022-09-19 03:17:56,57,-2,3868.75,-2294
2022-09-19 03:17:57,18,2,3869.0,-2292
2022-09-19 03:17:58,412,-347,3869.0,-2639
2022-09-19 03:18:00,11,2,3867.5,-2637
2022-09-19 03:18:01,9,5,3867.5,-2632
2022-09-19 03:18:02,2,2,3867.75,-2630
2022-09-19 03:18:03,11,3,3867.5,-2627
2022-09-19 03:18:04,5,3,3867.5,-2624
2022-09-19 03:18:05,2,2,3867.5,-2622
2022-09-19 03:18:07,5,3,3867.5,-2619
2022-09-19 03:18:08,9,9,3868.0,-2610
2022-09-19 03:18:10,28,-17,3867.75,-2627
2022-09-19 03:18:11,3,3,3867.25,-2624
2022-09-19 03:18:12,36,41,3867.75,-2583
2022-09-19 03:18:13,5,5,3867.5,-2578
2022-09-19 03:18:16,10,-10,3867.5,-2588
2022-09-19 03:18:17,1,1,3867.5,-2587
2022-09-19 03:18:18,57,63,3867.75,-2524
2022-09-19 03:18:19,39,16,3867.75,-2508
2022-09-19 03:18:20,2,0,3867.75,-2508
2022-09-19 03:18:21,15,2,3867.75,-2506
2022-09-19 03:18:22,5,-1,3868.0,-2507
2022-09-19 03:18:23,1,1,3868.0,-2506
2022-09-19 03:18:25,8,-6,3867.75,-2512
2022-09-19 03:18:26,7,-6,3867.5,-2518
2022-09-19 03:18:28,44,41,3867.75,-2477
2022-09-19 03:18:30,2,-2,3867.25,-2479
2022-09-19 03:18:31,4,-4,3867.0,-2483
2022-09-19 03:18:33,13,-5,3866.75,-2488
2022-09-19 03:18:34,10,7,3866.75,-2481
2022-09-19 03:18:36,2,-2,3866.5,-2483
2022-09-19 03:18:37,11,-6,3866.5,-2489
2022-09-19 03:18:39,9,8,3867.0,-2481
2022-09-19 03:18:40,2,-2,3867.0,-2483
2022-09-19 03:18:41,1,-1,3866.75,-2484
2022-09-19 03:18:43,2,2,3867.25,-2482
2022-09-19 03:18:44,12,-5,3867.0,-2487
2022-09-19 03:18:45,2,-2,3866.75,-2489
2022-09-19 03:18:46,3,-3,3866.5,-2492
2022-09-19 03:18:47,1,-1,3866.5,-2493
2022-09-19 03:18:48,7,4,3866.75,-2489
2022-09-19 03:18:49,8,8,3866.75,-2481
2022-09-19 03:18:50,64,33,3867.5,-2448
2022-09-19 03:18:54,6,0,3867.0,-2448
2022-09-19 03:18:56,1,1,3867.0,-2447
2022-09-19 03:18:58,4,3,3867.0,-2444
2022-09-19 03:18:59,4,4,3867.25,-2440
2022-09-19 03:19:01,12,-12,3867.25,-2452
2022-09-19 03:19:03,7,6,3867.5,-2446
2022-09-19 03:19:05,2,2,3867.75,-2444
2022-09-19 03:19:07,17,10,3868.25,-2434
2022-09-19 03:19:08,15,4,3868.5,-2430
2022-09-19 03:19:09,1,-1,3868.25,-2431
2022-09-19 03:19:11,2,0,3868.5,-2431
2022-09-19 03:19:12,12,-10,3868.25,-2441
2022-09-19 03:19:13,5,2,3868.0,-2439
2022-09-19 03:19:14,1,-1,3868.0,-2440
2022-09-19 03:19:15,2,2,3868.0,-2438
2022-09-19 03:19:16,2,-2,3868.0,-2440
2022-09-19 03:19:19,3,3,3868.0,-2437
2022-09-19 03:19:21,7,-3,3867.75,-2440
2022-09-19 03:19:22,5,4,3867.75,-2436
2022-09-19 03:19:23,1,-1,3867.5,-2437
2022-09-19 03:19:24,2,2,3867.75,-2435
2022-09-19 03:19:25,1,-1,3867.5,-2436
2022-09-19 03:19:26,9,-1,3868.0,-2437
2022-09-19 03:19:29,34,-53,3867.5,-2490
2022-09-19 03:19:35,2,2,3867.5,-2488
2022-09-19 03:19:36,6,-3,3867.75,-2491
2022-09-19 03:19:37,1,1,3867.75,-2490
2022-09-19 03:19:38,6,4,3868.0,-2486
2022-09-19 03:19:41,6,-6,3867.5,-2492
2022-09-19 03:19:42,1,1,3867.5,-2491
2022-09-19 03:19:45,1,-1,3867.5,-2492
2022-09-19 03:19:50,5,8,3867.75,-2484
2022-09-19 03:19:51,3,-3,3867.5,-2487
2022-09-19 03:19:52,1,1,3867.5,-2486
2022-09-19 03:19:53,7,1,3868.0,-2485
2022-09-19 03:19:55,2,0,3868.0,-2485
2022-09-19 03:19:56,7,7,3868.0,-2478
2022-09-19 03:19:58,5,-1,3868.0,-2479
2022-09-19 03:19:59,15,-24,3868.0,-2503
2022-09-19 03:20:00,2,2,3868.0,-2501
2022-09-19 03:20:01,1,-1,3868.0,-2502
2022-09-19 03:20:02,2,-2,3868.0,-2504
2022-09-19 03:20:03,2,-2,3867.75,-2506
2022-09-19 03:20:08,18,12,3868.25,-2494
2022-09-19 03:20:09,4,1,3868.25,-2493
2022-09-19 03:20:10,4,-4,3868.0,-2497
2022-09-19 03:20:11,3,-1,3868.25,-2498
2022-09-19 03:20:13,5,-5,3867.75,-2503
2022-09-19 03:20:14,5,5,3867.75,-2498
2022-09-19 03:20:16,4,-4,3867.5,-2502
2022-09-19 03:20:18,16,-10,3867.5,-2512
2022-09-19 03:20:21,1,-1,3867.0,-2513
2022-09-19 03:20:22,4,-4,3867.0,-2517
2022-09-19 03:20:23,7,-1,3866.75,-2518
2022-09-19 03:20:25,4,3,3867.0,-2515
2022-09-19 03:20:27,7,4,3867.25,-2511
2022-09-19 03:20:28,4,4,3867.5,-2507
2022-09-19 03:20:30,5,-5,3867.25,-2512
2022-09-19 03:20:31,2,-2,3867.0,-2514
2022-09-19 03:20:33,1,-1,3866.75,-2515
2022-09-19 03:20:35,1,1,3867.0,-2514
2022-09-19 03:20:36,13,-7,3866.75,-2521
2022-09-19 03:20:37,1,1,3866.75,-2520
2022-09-19 03:20:38,1,-1,3866.75,-2521
2022-09-19 03:20:40,44,37,3867.25,-2484
2022-09-19 03:20:42,1,1,3867.0,-2483
2022-09-19 03:20:43,6,-4,3866.75,-2487
2022-09-19 03:20:44,7,-1,3867.0,-2488
2022-09-19 03:20:47,2,-2,3866.75,-2490
2022-09-19 03:20:49,4,-3,3867.0,-2493
2022-09-19 03:20:50,1,-1,3867.0,-2494
2022-09-19 03:20:51,7,1,3867.25,-2493
2022-09-19 03:20:52,7,3,3867.25,-2490
2022-09-19 03:20:54,4,-1,3867.0,-2491
2022-09-19 03:20:55,6,-6,3867.0,-2497
2022-09-19 03:20:57,25,32,3867.5,-2465
2022-09-19 03:21:00,17,-8,3867.0,-2473
2022-09-19 03:21:01,14,-11,3866.5,-2484
2022-09-19 03:21:02,23,-2,3866.5,-2486
2022-09-19 03:21:04,1,-1,3866.5,-2487
2022-09-19 03:21:05,10,1,3866.25,-2486
2022-09-19 03:21:07,36,-23,3866.0,-2509
2022-09-19 03:21:08,1,1,3866.0,-2508
2022-09-19 03:21:09,4,-4,3865.75,-2512
2022-09-19 03:21:10,17,-5,3865.75,-2517
2022-09-19 03:21:11,2,0,3865.75,-2517
2022-09-19 03:21:12,11,1,3865.75,-2516
2022-09-19 03:21:15,8,-8,3865.75,-2524
2022-09-19 03:21:16,30,6,3865.75,-2518
2022-09-19 03:21:17,2,0,3865.75,-2518
2022-09-19 03:21:18,8,7,3865.75,-2511
2022-09-19 03:21:19,14,-10,3865.75,-2521
2022-09-19 03:21:20,10,3,3866.0,-2518
2022-09-19 03:21:22,50,-23,3865.75,-2541
2022-09-19 03:21:23,2,2,3865.5,-2539
2022-09-19 03:21:24,4,3,3865.5,-2536
2022-09-19 03:21:28,9,6,3865.75,-2530
2022-09-19 03:21:31,1,-1,3865.75,-2531
2022-09-19 03:21:32,3,-3,3865.75,-2534
2022-09-19 03:21:33,3,-3,3865.5,-2537
2022-09-19 03:21:36,14,5,3865.75,-2532
2022-09-19 03:21:37,6,0,3866.0,-2532
2022-09-19 03:21:40,4,0,3866.0,-2532
2022-09-19 03:21:41,13,-9,3866.0,-2541
2022-09-19 03:21:42,4,0,3865.75,-2541
2022-09-19 03:21:43,5,-1,3865.5,-2542
2022-09-19 03:21:46,4,4,3865.75,-2538
2022-09-19 03:21:47,3,-3,3865.75,-2541
2022-09-19 03:21:49,17,9,3866.5,-2532
2022-09-19 03:21:51,1,-1,3866.25,-2533
2022-09-19 03:21:54,8,-8,3866.0,-2541
2022-09-19 03:21:55,2,2,3866.0,-2539
2022-09-19 03:21:58,7,7,3866.25,-2532
2022-09-19 03:22:03,3,3,3866.25,-2529
2022-09-19 03:22:04,4,4,3866.25,-2525
2022-09-19 03:22:05,2,2,3866.25,-2523
2022-09-19 03:22:06,26,9,3866.5,-2514
2022-09-19 03:22:11,12,12,3867.0,-2502
2022-09-19 03:22:12,1,-1,3867.0,-2503
2022-09-19 03:22:13,7,6,3867.25,-2497
2022-09-19 03:22:15,4,4,3867.25,-2493
2022-09-19 03:22:16,1,-1,3867.0,-2494
2022-09-19 03:22:17,10,8,3867.75,-2486
2022-09-19 03:22:18,3,-1,3867.5,-2487
2022-09-19 03:22:20,1,-1,3867.25,-2488
2022-09-19 03:22:22,1,1,3867.5,-2487
2022-09-19 03:22:23,12,-4,3867.5,-2491
2022-09-19 03:22:27,12,-8,3867.0,-2499
2022-09-19 03:22:29,10,8,3867.5,-2491
2022-09-19 03:22:30,3,-1,3867.75,-2492
2022-09-19 03:22:32,9,-5,3867.5,-2497
2022-09-19 03:22:35,2,0,3867.0,-2497
2022-09-19 03:22:36,10,2,3867.0,-2495
2022-09-19 03:22:37,10,-8,3866.75,-2503
2022-09-19 03:22:38,3,3,3866.75,-2500
2022-09-19 03:22:41,2,2,3866.75,-2498
2022-09-19 03:22:43,5,-1,3867.0,-2499
2022-09-19 03:22:47,1,1,3866.75,-2498
2022-09-19 03:22:48,200,-238,3866.5,-2736
2022-09-19 03:22:49,7,0,3865.25,-2736
2022-09-19 03:22:50,2,-2,3865.25,-2738
2022-09-19 03:22:51,7,-1,3865.5,-2739
2022-09-19 03:22:52,4,4,3865.25,-2735
2022-09-19 03:22:53,3,-3,3865.25,-2738
2022-09-19 03:22:54,12,-5,3865.0,-2743
2022-09-19 03:22:56,18,4,3865.0,-2739
2022-09-19 03:22:58,4,1,3865.0,-2738
2022-09-19 03:22:59,9,-7,3865.0,-2745
2022-09-19 03:23:00,9,1,3865.0,-2744
2022-09-19 03:23:01,9,6,3865.0,-2738
2022-09-19 03:23:02,7,-6,3865.0,-2744
2022-09-19 03:23:03,8,2,3865.0,-2742
2022-09-19 03:23:04,3,1,3865.0,-2741
2022-09-19 03:23:06,12,11,3865.5,-2730
2022-09-19 03:23:10,2,0,3865.5,-2730
2022-09-19 03:23:12,2,-2,3865.25,-2732
2022-09-19 03:23:17,4,4,3865.5,-2728
2022-09-19 03:23:18,6,2,3865.25,-2726
2022-09-19 03:23:23,1,1,3865.25,-2725
2022-09-19 03:23:25,1,1,3865.25,-2724
2022-09-19 03:23:26,10,3,3865.75,-2721
2022-09-19 03:23:28,52,0,3865.5,-2721
2022-09-19 03:23:29,1,1,3865.25,-2720
2022-09-19 03:23:31,1,-1,3865.0,-2721
2022-09-19 03:23:32,6,4,3865.25,-2717
2022-09-19 03:23:34,15,-17,3865.0,-2734
2022-09-19 03:23:36,2,-2,3864.75,-2736
2022-09-19 03:23:37,2,-2,3864.5,-2738
2022-09-19 03:23:38,12,-4,3864.75,-2742
2022-09-19 03:23:39,17,-6,3864.75,-2748
2022-09-19 03:23:40,6,-2,3864.75,-2750
2022-09-19 03:23:42,12,10,3865.0,-2740
2022-09-19 03:23:45,3,3,3865.0,-2737
2022-09-19 03:23:46,2,-2,3865.0,-2739
2022-09-19 03:23:47,4,-4,3865.0,-2743
2022-09-19 03:23:49,19,-11,3865.0,-2754
2022-09-19 03:23:51,2,0,3864.75,-2754
2022-09-19 03:23:53,4,-4,3864.75,-2758
2022-09-19 03:23:56,33,3,3864.75,-2755
2022-09-19 03:23:58,4,0,3865.0,-2755
2022-09-19 03:24:00,15,11,3865.0,-2744
2022-09-19 03:24:03,53,-21,3865.0,-2765
2022-09-19 03:24:05,1,-1,3864.75,-2766
2022-09-19 03:24:06,4,4,3864.75,-2762
2022-09-19 03:24:10,8,0,3864.75,-2762
2022-09-19 03:24:11,1,1,3864.75,-2761
2022-09-19 03:24:13,1,-1,3864.5,-2762
2022-09-19 03:24:14,7,-3,3864.75,-2765
2022-09-19 03:24:16,1,-1,3864.5,-2766
2022-09-19 03:24:18,5,5,3864.75,-2761
2022-09-19 03:24:19,5,5,3864.75,-2756
2022-09-19 03:24:24,3,1,3865.0,-2755
2022-09-19 03:24:25,11,-11,3864.75,-2766
2022-09-19 03:24:26,20,6,3865.0,-2760
2022-09-19 03:24:29,6,-4,3865.0,-2764
2022-09-19 03:24:32,1,1,3865.0,-2763
2022-09-19 03:24:35,1,1,3865.0,-2762
2022-09-19 03:24:36,26,-8,3864.75,-2770
2022-09-19 03:24:37,5,-5,3864.5,-2775
2022-09-19 03:24:38,3,-3,3864.25,-2778
2022-09-19 03:24:40,2,2,3864.5,-2776
2022-09-19 03:24:48,33,-24,3864.25,-2800
2022-09-19 03:24:49,3,-3,3863.75,-2803
2022-09-19 03:24:50,1,1,3864.0,-2802
2022-09-19 03:24:51,15,-5,3863.75,-2807
2022-09-19 03:24:52,1,-1,3863.75,-2808
2022-09-19 03:24:53,10,7,3863.75,-2801
2022-09-19 03:24:54,7,3,3864.0,-2798
2022-09-19 03:24:55,9,8,3864.5,-2790
2022-09-19 03:25:00,2,0,3864.25,-2790
2022-09-19 03:25:01,3,-3,3864.0,-2793
2022-09-19 03:25:07,2,-2,3864.0,-2795
2022-09-19 03:25:08,4,-1,3864.0,-2796
2022-09-19 03:25:10,9,-6,3864.0,-2802
2022-09-19 03:25:12,1,1,3863.75,-2801
2022-09-19 03:25:16,1,-1,3863.5,-2802
2022-09-19 03:25:17,4,-3,3863.5,-2805
2022-09-19 03:25:18,11,11,3864.0,-2794
2022-09-19 03:25:19,7,2,3863.75,-2792
2022-09-19 03:25:20,2,0,3863.75,-2792
2022-09-19 03:25:21,3,-1,3863.75,-2793
2022-09-19 03:25:24,5,0,3863.75,-2793
2022-09-19 03:25:26,2,0,3863.75,-2793
2022-09-19 03:25:27,1,1,3863.75,-2792
2022-09-19 03:25:28,4,-3,3863.75,-2795
2022-09-19 03:25:30,63,-30,3863.5,-2825
2022-09-19 03:25:32,35,-9,3863.0,-2834
2022-09-19 03:25:33,5,3,3863.25,-2831
2022-09-19 03:25:34,8,-8,3863.0,-2839
2022-09-19 03:25:35,11,-8,3862.75,-2847
2022-09-19 03:25:36,28,-2,3862.5,-2849
2022-09-19 03:25:37,30,-17,3862.25,-2866
2022-09-19 03:25:38,10,-1,3862.0,-2867
2022-09-19 03:25:39,32,-16,3862.25,-2883
2022-09-19 03:25:40,18,-14,3861.75,-2897
2022-09-19 03:25:41,30,18,3862.25,-2879
2022-09-19 03:25:42,1,-1,3862.0,-2880
2022-09-19 03:25:43,18,-1,3862.25,-2881
2022-09-19 03:25:44,21,9,3862.5,-2872
2022-09-19 03:25:45,12,-8,3862.25,-2880
2022-09-19 03:25:46,5,-1,3862.25,-2881
2022-09-19 03:25:47,3,3,3862.0,-2878
2022-09-19 03:25:48,7,1,3862.0,-2877
2022-09-19 03:25:49,56,-19,3862.0,-2896
2022-09-19 03:25:50,7,-3,3862.25,-2899
2022-09-19 03:25:51,2,-2,3862.0,-2901
2022-09-19 03:25:52,1,-1,3862.0,-2902
2022-09-19 03:25:53,4,-2,3861.75,-2904
2022-09-19 03:25:55,2,-2,3861.75,-2906
2022-09-19 03:25:57,6,0,3862.0,-2906
2022-09-19 03:25:59,1,1,3862.0,-2905
2022-09-19 03:26:00,28,-7,3862.25,-2912
2022-09-19 03:26:01,4,2,3861.75,-2910
2022-09-19 03:26:02,2,2,3861.75,-2908
2022-09-19 03:26:03,52,-29,3861.5,-2937
2022-09-19 03:26:04,13,9,3861.75,-2928
2022-09-19 03:26:06,1,1,3862.0,-2927
2022-09-19 03:26:07,11,0,3862.0,-2927
2022-09-19 03:26:08,26,2,3862.0,-2925
2022-09-19 03:26:10,3,-3,3861.5,-2928
2022-09-19 03:26:12,3,-3,3861.5,-2931
2022-09-19 03:26:13,2,2,3861.75,-2929
2022-09-19 03:26:14,5,-3,3861.75,-2932
2022-09-19 03:26:15,3,-3,3861.25,-2935
2022-09-19 03:26:17,1,1,3861.25,-2934
2022-09-19 03:26:18,12,6,3861.25,-2928
2022-09-19 03:26:19,5,-3,3861.25,-2931
2022-09-19 03:26:20,11,-9,3861.25,-2940
2022-09-19 03:26:21,5,5,3861.25,-2935
2022-09-19 03:26:22,1,-1,3861.0,-2936
2022-09-19 03:26:25,1,1,3861.25,-2935
2022-09-19 03:26:26,15,3,3861.25,-2932
2022-09-19 03:26:27,17,7,3861.5,-2925
2022-09-19 03:26:28,3,3,3862.0,-2922
2022-09-19 03:26:29,1,1,3862.0,-2921
2022-09-19 03:26:30,6,-2,3862.0,-2923
2022-09-19 03:26:32,3,-2,3861.75,-2925
2022-09-19 03:26:33,7,7,3862.0,-2918
2022-09-19 03:26:34,3,0,3862.25,-2918
2022-09-19 03:26:35,2,0,3862.25,-2918
2022-09-19 03:26:36,1,1,3862.25,-2917
2022-09-19 03:26:37,9,-3,3862.25,-2920
2022-09-19 03:26:38,5,5,3862.0,-2915
2022-09-19 03:26:39,1,-1,3862.0,-2916
2022-09-19 03:26:40,6,-2,3862.0,-2918
2022-09-19 03:26:42,1,1,3862.0,-2917
2022-09-19 03:26:44,50,-40,3862.0,-2957
2022-09-19 03:26:45,26,3,3862.0,-2954
2022-09-19 03:26:46,9,-3,3861.5,-2957
2022-09-19 03:26:50,7,-6,3861.25,-2963
2022-09-19 03:26:51,6,4,3861.5,-2959
2022-09-19 03:26:53,1,1,3861.5,-2958
2022-09-19 03:26:54,1,-1,3861.25,-2959
2022-09-19 03:26:56,3,-3,3861.25,-2962
2022-09-19 03:26:58,1,-1,3861.0,-2963
2022-09-19 03:27:00,1,1,3861.25,-2962
2022-09-19 03:27:02,8,6,3861.25,-2956
2022-09-19 03:27:03,1,1,3861.25,-2955
2022-09-19 03:27:04,41,11,3861.75,-2944
2022-09-19 03:27:05,15,7,3862.25,-2937
2022-09-19 03:27:07,8,-8,3862.0,-2945
2022-09-19 03:27:10,3,-3,3861.5,-2948
2022-09-19 03:27:11,14,8,3861.75,-2940
2022-09-19 03:27:13,9,-4,3861.5,-2944
2022-09-19 03:27:16,5,5,3861.5,-2939
2022-09-19 03:27:17,4,-2,3861.75,-2941
2022-09-19 03:27:18,1,-1,3861.25,-2942
2022-09-19 03:27:19,4,4,3861.5,-2938
2022-09-19 03:27:20,27,3,3861.75,-2935
2022-09-19 03:27:21,3,-1,3862.0,-2936
2022-09-19 03:27:22,2,2,3862.0,-2934
2022-09-19 03:27:23,2,1,3862.0,-2933
2022-09-19 03:27:24,3,1,3861.75,-2932
2022-09-19 03:27:25,19,15,3862.25,-2917
2022-09-19 03:27:26,5,3,3862.5,-2914
2022-09-19 03:27:27,17,-3,3862.5,-2917
2022-09-19 03:27:28,24,-12,3862.75,-2929
2022-09-19 03:27:29,3,3,3862.75,-2926
2022-09-19 03:27:30,3,-3,3862.25,-2929
2022-09-19 03:27:32,1,1,3862.0,-2928
2022-09-19 03:27:34,9,-4,3861.75,-2932
2022-09-19 03:27:35,5,5,3862.0,-2927
2022-09-19 03:27:36,1,-1,3862.0,-2928
2022-09-19 03:27:38,1,1,3862.0,-2927
2022-09-19 03:27:40,1,-1,3861.75,-2928
2022-09-19 03:27:41,1,1,3862.0,-2927
2022-09-19 03:27:42,2,2,3862.0,-2925
2022-09-19 03:27:44,13,-1,3862.0,-2926
2022-09-19 03:27:45,11,7,3862.25,-2919
2022-09-19 03:27:47,7,2,3862.25,-2917
2022-09-19 03:27:49,13,-7,3862.0,-2924
2022-09-19 03:27:50,10,2,3862.25,-2922
2022-09-19 03:27:52,4,-1,3862.0,-2923
2022-09-19 03:27:53,2,0,3861.75,-2923
2022-09-19 03:27:54,27,32,3862.25,-2891
2022-09-19 03:27:55,2,-2,3861.75,-2893
2022-09-19 03:28:00,12,8,3862.0,-2885
2022-09-19 03:28:02,7,3,3862.25,-2882
2022-09-19 03:28:03,55,-13,3862.0,-2895
2022-09-19 03:28:04,2,0,3861.75,-2895
2022-09-19 03:28:05,1,-1,3861.5,-2896
2022-09-19 03:28:06,10,-10,3861.5,-2906
2022-09-19 03:28:07,16,-4,3861.25,-2910
2022-09-19 03:28:09,1,-1,3861.0,-2911
2022-09-19 03:28:11,2,-2,3861.25,-2913
2022-09-19 03:28:12,4,-4,3861.25,-2917
2022-09-19 03:28:14,7,-4,3861.25,-2921
2022-09-19 03:28:15,3,-1,3861.25,-2922
2022-09-19 03:28:17,2,-2,3861.25,-2924
2022-09-19 03:28:18,8,8,3861.75,-2916
2022-09-19 03:28:19,1,-1,3861.75,-2917
2022-09-19 03:28:21,4,2,3862.0,-2915
2022-09-19 03:28:22,5,-1,3862.0,-2916
2022-09-19 03:28:24,2,-2,3862.0,-2918
2022-09-19 03:28:25,2,0,3862.0,-2918
2022-09-19 03:28:28,3,-1,3862.25,-2919
2022-09-19 03:28:29,10,6,3862.75,-2913
2022-09-19 03:28:30,15,-4,3862.75,-2917
2022-09-19 03:28:31,5,5,3862.5,-2912
2022-09-19 03:28:32,1,1,3862.75,-2911
2022-09-19 03:28:33,10,-8,3862.75,-2919
2022-09-19 03:28:34,36,30,3863.0,-2889
2022-09-19 03:28:35,1,1,3862.75,-2888
2022-09-19 03:28:36,1,-1,3862.5,-2889
2022-09-19 03:28:37,8,-5,3862.75,-2894
2022-09-19 03:28:38,1,1,3862.5,-2893
2022-09-19 03:28:39,3,1,3862.5,-2892
2022-09-19 03:28:40,1,-1,3862.25,-2893
2022-09-19 03:28:41,4,-4,3862.25,-2897
2022-09-19 03:28:42,3,3,3862.5,-2894
2022-09-19 03:28:43,4,3,3862.5,-2891
2022-09-19 03:28:46,6,2,3863.0,-2889
2022-09-19 03:28:48,4,-2,3863.0,-2891
2022-09-19 03:28:49,12,-10,3863.0,-2901
2022-09-19 03:28:53,15,-12,3863.0,-2913
2022-09-19 03:28:54,14,-6,3862.75,-2919
2022-09-19 03:28:55,1,-1,3862.5,-2920
2022-09-19 03:28:56,5,-3,3862.75,-2923
2022-09-19 03:28:57,17,14,3863.0,-2909
2022-09-19 03:28:58,11,3,3863.25,-2906
2022-09-19 03:28:59,5,5,3863.25,-2901
2022-09-19 03:29:00,7,5,3863.5,-2896
2022-09-19 03:29:01,16,-15,3863.25,-2911
2022-09-19 03:29:02,53,20,3863.5,-2891
2022-09-19 03:29:03,10,-5,3863.25,-2896
2022-09-19 03:29:05,2,2,3863.0,-2894
2022-09-19 03:29:06,7,3,3863.25,-2891
2022-09-19 03:29:07,4,2,3863.5,-2889
2022-09-19 03:29:08,8,-7,3863.5,-2896
2022-09-19 03:29:09,2,0,3863.5,-2896
2022-09-19 03:29:10,1,-1,3863.5,-2897
2022-09-19 03:29:11,1,1,3863.5,-2896
2022-09-19 03:29:12,5,-4,3863.25,-2900
2022-09-19 03:29:14,1,1,3863.25,-2899
2022-09-19 03:29:15,7,-9,3863.0,-2908
2022-09-19 03:29:16,8,2,3863.25,-2906
2022-09-19 03:29:17,17,9,3863.25,-2897
2022-09-19 03:29:19,7,-5,3863.25,-2902
2022-09-19 03:29:24,2,2,3863.5,-2900
2022-09-19 03:29:25,3,-3,3863.5,-2903
2022-09-19 03:29:26,1,-1,3863.5,-2904
2022-09-19 03:29:28,2,2,3863.75,-2902
2022-09-19 03:29:30,2,-2,3863.5,-2904
2022-09-19 03:29:31,4,-3,3863.5,-2907
2022-09-19 03:29:33,7,-3,3863.25,-2910
2022-09-19 03:29:34,1,-1,3863.25,-2911
2022-09-19 03:29:35,2,-2,3863.25,-2913
2022-09-19 03:29:36,7,2,3863.25,-2911
2022-09-19 03:29:37,2,0,3863.25,-2911
2022-09-19 03:29:39,3,3,3863.25,-2908
2022-09-19 03:29:40,1,-1,3863.25,-2909
2022-09-19 03:29:41,12,-11,3863.0,-2920
2022-09-19 03:29:42,7,3,3863.0,-2917
2022-09-19 03:29:43,1,1,3863.0,-2916
2022-09-19 03:29:45,3,3,3863.0,-2913
2022-09-19 03:29:47,2,2,3863.0,-2911
2022-09-19 03:29:49,1,-1,3863.0,-2912
2022-09-19 03:29:51,3,0,3863.25,-2912
2022-09-19 03:29:54,13,5,3863.5,-2907
2022-09-19 03:29:55,2,2,3863.5,-2905
2022-09-19 03:29:56,1,-1,3863.25,-2906
2022-09-19 03:29:59,1,-1,3863.25,-2907
2022-09-19 03:30:00,7,3,3863.75,-2904
2022-09-19 03:30:01,2,-2,3863.5,-2906
2022-09-19 03:30:02,9,-3,3863.75,-2909
2022-09-19 03:30:03,2,-2,3863.25,-2911
2022-09-19 03:30:04,3,1,3863.5,-2910
2022-09-19 03:30:05,13,7,3864.0,-2903
2022-09-19 03:30:07,24,-12,3863.75,-2915
2022-09-19 03:30:09,3,1,3863.5,-2914
2022-09-19 03:30:10,30,-10,3863.25,-2924
2022-09-19 03:30:11,6,-6,3862.5,-2930
2022-09-19 03:30:12,11,-6,3862.5,-2936
2022-09-19 03:30:13,5,-5,3862.0,-2941
2022-09-19 03:30:14,7,-5,3862.0,-2946
2022-09-19 03:30:15,2,0,3862.25,-2946
2022-09-19 03:30:16,1,1,3862.25,-2945
2022-09-19 03:30:17,4,-4,3862.0,-2949
2022-09-19 03:30:18,8,2,3862.25,-2947
2022-09-19 03:30:19,1,1,3862.0,-2946
2022-09-19 03:30:20,1,-1,3862.0,-2947
2022-09-19 03:30:21,14,5,3862.25,-2942
2022-09-19 03:30:23,2,-2,3862.25,-2944
2022-09-19 03:30:25,7,3,3862.0,-2941
2022-09-19 03:30:26,29,18,3862.5,-2923
2022-09-19 03:30:27,3,-1,3862.5,-2924
2022-09-19 03:30:28,5,3,3862.5,-2921
2022-09-19 03:30:30,6,4,3862.75,-2917
2022-09-19 03:30:31,2,2,3863.0,-2915
2022-09-19 03:30:32,3,-1,3862.75,-2916
2022-09-19 03:30:33,5,-3,3862.5,-2919
2022-09-19 03:30:34,2,2,3862.75,-2917
2022-09-19 03:30:35,1,-1,3862.5,-2918
2022-09-19 03:30:36,15,11,3863.0,-2907
2022-09-19 03:30:37,3,-3,3863.0,-2910
2022-09-19 03:30:38,30,-20,3862.75,-2930
2022-09-19 03:30:39,26,17,3862.75,-2913
2022-09-19 03:30:40,14,8,3862.5,-2905
2022-09-19 03:30:41,2,-2,3862.25,-2907
2022-09-19 03:30:43,1,-1,3862.25,-2908
2022-09-19 03:30:44,4,-4,3862.25,-2912
2022-09-19 03:30:45,3,-2,3862.0,-2914
2022-09-19 03:30:47,8,4,3862.25,-2910
2022-09-19 03:30:48,2,-2,3862.25,-2912
2022-09-19 03:30:49,3,1,3862.25,-2911
2022-09-19 03:30:50,5,1,3862.25,-2910
2022-09-19 03:30:51,15,-6,3862.25,-2916
2022-09-19 03:30:52,12,-4,3861.75,-2920
2022-09-19 03:30:53,3,-1,3861.75,-2921
2022-09-19 03:30:55,9,-7,3861.5,-2928
2022-09-19 03:30:57,8,2,3861.75,-2926
2022-09-19 03:30:59,4,-2,3861.5,-2928
2022-09-19 03:31:00,7,5,3861.75,-2923
2022-09-19 03:31:01,14,-11,3861.75,-2934
2022-09-19 03:31:02,8,-7,3861.5,-2941
2022-09-19 03:31:03,3,1,3861.5,-2940
2022-09-19 03:31:04,6,7,3862.0,-2933
2022-09-19 03:31:05,7,-3,3862.0,-2936
2022-09-19 03:31:06,1,1,3862.0,-2935
2022-09-19 03:31:08,25,17,3862.25,-2918
2022-09-19 03:31:09,2,-2,3862.0,-2920
2022-09-19 03:31:10,3,3,3862.25,-2917
2022-09-19 03:31:13,1,-1,3862.25,-2918
2022-09-19 03:31:15,10,3,3862.25,-2915
2022-09-19 03:31:16,1,-1,3862.25,-2916
2022-09-19 03:31:17,11,4,3862.5,-2912
2022-09-19 03:31:19,3,-3,3862.25,-2915
2022-09-19 03:31:21,1,-1,3862.25,-2916
2022-09-19 03:31:23,7,-3,3862.25,-2919
2022-09-19 03:31:25,3,-3,3862.0,-2922
2022-09-19 03:31:26,4,2,3862.25,-2920
2022-09-19 03:31:27,1,1,3862.5,-2919
2022-09-19 03:31:29,3,-3,3862.25,-2922
2022-09-19 03:31:31,1,-1,3862.25,-2923
2022-09-19 03:31:33,31,10,3862.25,-2913
2022-09-19 03:31:34,9,-6,3861.75,-2919
2022-09-19 03:31:35,1,-1,3861.5,-2920
2022-09-19 03:31:36,3,1,3861.75,-2919
2022-09-19 03:31:37,1,-1,3861.75,-2920
2022-09-19 03:31:38,3,-2,3861.75,-2922
2022-09-19 03:31:39,9,-7,3861.5,-2929
2022-09-19 03:31:40,2,-2,3861.5,-2931
2022-09-19 03:31:41,2,0,3861.5,-2931
2022-09-19 03:31:43,4,-4,3861.25,-2935
2022-09-19 03:31:45,1,-1,3861.25,-2936
2022-09-19 03:31:46,2,2,3861.5,-2934
2022-09-19 03:31:47,2,-2,3861.5,-2936
2022-09-19 03:31:49,19,6,3861.5,-2930
2022-09-19 03:31:50,6,-6,3861.25,-2936
2022-09-19 03:31:51,1,-1,3861.0,-2937
2022-09-19 03:31:52,1,-1,3861.0,-2938
2022-09-19 03:31:53,2,-2,3861.0,-2940
2022-09-19 03:31:54,1,-1,3861.0,-2941
2022-09-19 03:31:55,28,-18,3861.0,-2959
2022-09-19 03:31:57,268,-32,3861.25,-2991
2022-09-19 03:31:58,30,7,3861.75,-2984
2022-09-19 03:31:59,1,1,3861.75,-2983
2022-09-19 03:32:00,2,0,3861.75,-2983
2022-09-19 03:32:01,20,-2,3862.0,-2985
2022-09-19 03:32:02,9,-3,3861.5,-2988
2022-09-19 03:32:03,1,-1,3861.5,-2989
2022-09-19 03:32:07,1,1,3861.5,-2988
2022-09-19 03:32:08,1,1,3861.5,-2987
2022-09-19 03:32:09,1,-1,3861.25,-2988
2022-09-19 03:32:10,8,6,3861.75,-2982
2022-09-19 03:32:12,3,-3,3861.75,-2985
2022-09-19 03:32:13,4,2,3861.75,-2983
2022-09-19 03:32:15,6,1,3861.75,-2982
2022-09-19 03:32:18,4,4,3861.75,-2978
2022-09-19 03:32:19,1,1,3862.0,-2977
2022-09-19 03:32:20,18,10,3862.0,-2967
2022-09-19 03:32:21,19,16,3862.25,-2951
2022-09-19 03:32:22,6,-5,3862.0,-2956
2022-09-19 03:32:23,1,1,3862.0,-2955
2022-09-19 03:32:25,6,3,3862.0,-2952
2022-09-19 03:32:27,4,-1,3862.0,-2953
2022-09-19 03:32:28,1,-1,3862.0,-2954
2022-09-19 03:32:29,3,-1,3862.25,-2955
2022-09-19 03:32:30,2,-2,3862.25,-2957
2022-09-19 03:32:31,2,2,3862.25,-2955
2022-09-19 03:32:32,10,4,3862.5,-2951
2022-09-19 03:32:34,10,13,3862.5,-2938
2022-09-19 03:32:35,2,2,3862.5,-2936
2022-09-19 03:32:37,1,1,3862.5,-2935
2022-09-19 03:32:38,224,259,3864.0,-2676
2022-09-19 03:32:42,30,-18,3863.0,-2694
2022-09-19 03:32:43,13,-10,3862.75,-2704
2022-09-19 03:32:44,1,-1,3862.5,-2705
2022-09-19 03:32:46,1,1,3862.75,-2704
2022-09-19 03:32:48,10,-10,3862.5,-2714
2022-09-19 03:32:49,1,1,3862.5,-2713
2022-09-19 03:32:53,7,7,3862.5,-2706
2022-09-19 03:32:54,1,-1,3862.5,-2707
2022-09-19 03:32:57,8,3,3862.75,-2704
2022-09-19 03:33:00,46,13,3863.0,-2691
2022-09-19 03:33:02,16,5,3863.25,-2686
2022-09-19 03:33:05,8,-2,3863.25,-2688
2022-09-19 03:33:06,3,1,3863.5,-2687
2022-09-19 03:33:08,10,-10,3863.25,-2697
2022-09-19 03:33:09,2,-2,3863.25,-2699
2022-09-19 03:33:10,4,-4,3863.25,-2703
2022-09-19 03:33:13,7,3,3863.75,-2700
2022-09-19 03:33:15,4,-2,3863.5,-2702
2022-09-19 03:33:19,8,7,3863.75,-2695
2022-09-19 03:33:20,4,2,3863.75,-2693
2022-09-19 03:33:21,4,2,3864.0,-2691
2022-09-19 03:33:23,3,-1,3864.0,-2692
2022-09-19 03:33:25,14,4,3864.0,-2688
2022-09-19 03:33:26,3,1,3864.25,-2687
2022-09-19 03:33:27,37,-23,3864.0,-2710
2022-09-19 03:33:28,1,1,3863.75,-2709
2022-09-19 03:33:29,8,-8,3863.5,-2717
2022-09-19 03:33:32,9,3,3863.5,-2714
2022-09-19 03:33:35,1,1,3863.5,-2713
2022-09-19 03:33:36,2,-2,3863.5,-2715
2022-09-19 03:33:37,30,-5,3863.75,-2720
2022-09-19 03:33:38,1,-1,3863.5,-2721
2022-09-19 03:33:39,5,5,3863.75,-2716
2022-09-19 03:33:40,13,1,3863.75,-2715
2022-09-19 03:33:41,9,-8,3863.5,-2723
2022-09-19 03:33:42,3,-1,3863.5,-2724
2022-09-19 03:33:43,28,20,3863.5,-2704
2022-09-19 03:33:44,9,-9,3863.25,-2713
2022-09-19 03:33:45,8,-8,3863.0,-2721
2022-09-19 03:33:46,6,2,3863.0,-2719
2022-09-19 03:33:47,1,1,3863.0,-2718
2022-09-19 03:33:48,4,-2,3862.75,-2720
2022-09-19 03:33:49,147,143,3863.75,-2577
2022-09-19 03:33:50,13,-4,3863.0,-2581
2022-09-19 03:33:54,5,-1,3863.0,-2582
2022-09-19 03:33:59,8,7,3863.0,-2575
2022-09-19 03:34:00,1,1,3863.25,-2574
2022-09-19 03:34:01,5,-4,3863.0,-2578
2022-09-19 03:34:05,7,-5,3862.75,-2583
2022-09-19 03:34:09,13,-8,3862.5,-2591
2022-09-19 03:34:10,6,-2,3862.25,-2593
2022-09-19 03:34:11,19,-1,3862.25,-2594
2022-09-19 03:34:12,1,-1,3862.25,-2595
2022-09-19 03:34:13,3,-1,3862.25,-2596
2022-09-19 03:34:15,1,-1,3862.0,-2597
2022-09-19 03:34:18,5,-5,3862.0,-2602
2022-09-19 03:34:19,1,-1,3862.0,-2603
2022-09-19 03:34:20,2,-2,3862.0,-2605
2022-09-19 03:34:22,5,2,3862.25,-2603
2022-09-19 03:34:24,1,-1,3862.0,-2604
2022-09-19 03:34:25,4,4,3862.25,-2600
2022-09-19 03:34:26,1,-1,3862.25,-2601
2022-09-19 03:34:27,10,2,3862.5,-2599
2022-09-19 03:34:29,3,-1,3862.5,-2600
2022-09-19 03:34:34,1,-1,3862.5,-2601
2022-09-19 03:34:35,6,-2,3862.75,-2603
2022-09-19 03:34:40,1,-1,3862.5,-2604
2022-09-19 03:34:43,2,2,3863.0,-2602
2022-09-19 03:34:45,2,2,3863.0,-2600
2022-09-19 03:34:55,4,2,3863.0,-2598
2022-09-19 03:34:56,10,-7,3862.75,-2605
2022-09-19 03:35:00,10,-10,3862.5,-2615
2022-09-19 03:35:01,8,-3,3862.25,-2618
2022-09-19 03:35:02,2,-2,3862.25,-2620
2022-09-19 03:35:05,2,-2,3862.0,-2622
2022-09-19 03:35:06,1,1,3862.25,-2621
2022-09-19 03:35:07,4,0,3862.25,-2621
2022-09-19 03:35:08,17,9,3863.0,-2612
2022-09-19 03:35:13,5,-4,3862.5,-2616
2022-09-19 03:35:14,15,-14,3862.25,-2630
2022-09-19 03:35:15,3,3,3862.5,-2627
2022-09-19 03:35:16,3,-1,3862.75,-2628
2022-09-19 03:35:20,2,-2,3862.75,-2630
2022-09-19 03:35:21,2,-2,3862.75,-2632
2022-09-19 03:35:22,1,1,3862.75,-2631
2022-09-19 03:35:26,4,-3,3862.75,-2634
2022-09-19 03:35:27,23,12,3863.0,-2622
2022-09-19 03:35:28,26,25,3863.5,-2597
2022-09-19 03:35:29,1,-1,3863.0,-2598
2022-09-19 03:35:30,1,1,3863.25,-2597
2022-09-19 03:35:31,4,-4,3863.25,-2601
2022-09-19 03:35:32,2,-2,3863.25,-2603
2022-09-19 03:35:36,5,-5,3863.0,-2608
2022-09-19 03:35:37,2,-2,3863.0,-2610
2022-09-19 03:35:38,1,1,3863.25,-2609
2022-09-19 03:35:39,24,7,3863.75,-2602
2022-09-19 03:35:40,2,0,3864.0,-2602
2022-09-19 03:35:41,1,1,3864.0,-2601
2022-09-19 03:35:42,1,-1,3863.75,-2602
2022-09-19 03:35:43,2,-2,3863.75,-2604
2022-09-19 03:35:44,1,-1,3863.75,-2605
2022-09-19 03:35:46,3,-1,3864.0,-2606
2022-09-19 03:35:47,1,1,3864.0,-2605
2022-09-19 03:35:51,2,-2,3863.75,-2607
2022-09-19 03:35:52,8,-8,3863.75,-2615
2022-09-19 03:35:53,7,5,3863.75,-2610
2022-09-19 03:35:55,2,-1,3863.75,-2611
2022-09-19 03:36:00,5,-1,3863.75,-2612
2022-09-19 03:36:01,3,2,3864.0,-2610
2022-09-19 03:36:02,1,-1,3863.75,-2611
2022-09-19 03:36:04,42,9,3864.0,-2602
2022-09-19 03:36:05,1,-1,3864.0,-2603
2022-09-19 03:36:07,1,1,3864.25,-2602
2022-09-19 03:36:08,2,2,3864.25,-2600
2022-09-19 03:36:10,2,-2,3864.0,-2602
2022-09-19 03:36:11,42,-21,3864.0,-2623
2022-09-19 03:36:13,2,2,3863.5,-2621
2022-09-19 03:36:15,6,0,3863.5,-2621
2022-09-19 03:36:16,12,10,3863.75,-2611
2022-09-19 03:36:19,4,-3,3863.75,-2614
2022-09-19 03:36:21,20,23,3864.0,-2591
2022-09-19 03:36:22,1,-1,3863.75,-2592
2022-09-19 03:36:25,4,4,3864.0,-2588
2022-09-19 03:36:27,4,4,3864.25,-2584
2022-09-19 03:36:28,12,-7,3864.25,-2591
2022-09-19 03:36:29,1,-1,3864.25,-2592
2022-09-19 03:36:31,2,-2,3864.25,-2594
2022-09-19 03:36:32,10,0,3864.25,-2594
2022-09-19 03:36:33,5,-4,3864.25,-2598
2022-09-19 03:36:34,1,1,3864.25,-2597
2022-09-19 03:36:35,3,3,3864.25,-2594
2022-09-19 03:36:36,2,0,3864.5,-2594
2022-09-19 03:36:37,1,1,3864.5,-2593
2022-09-19 03:36:39,2,-2,3864.25,-2595
2022-09-19 03:36:42,1,-1,3864.25,-2596
2022-09-19 03:36:43,14,4,3864.5,-2592
2022-09-19 03:36:44,3,1,3864.5,-2591
2022-09-19 03:36:45,3,-2,3864.5,-2593
2022-09-19 03:36:46,7,-6,3864.5,-2599
2022-09-19 03:36:47,4,1,3864.5,-2598
2022-09-19 03:36:48,16,7,3864.5,-2591
2022-09-19 03:36:49,6,9,3865.0,-2582
2022-09-19 03:36:50,3,-3,3864.75,-2585
2022-09-19 03:36:51,3,-3,3864.75,-2588
2022-09-19 03:36:52,5,-5,3864.75,-2593
2022-09-19 03:36:53,4,-1,3864.75,-2594
2022-09-19 03:36:54,5,-3,3865.0,-2597
2022-09-19 03:36:55,2,2,3864.75,-2595
2022-09-19 03:37:00,11,1,3864.75,-2594
2022-09-19 03:37:01,46,17,3865.5,-2577
2022-09-19 03:37:02,4,2,3865.0,-2575
2022-09-19 03:37:03,3,1,3865.0,-2574
2022-09-19 03:37:04,17,-10,3864.75,-2584
2022-09-19 03:37:05,1,-1,3864.75,-2585
2022-09-19 03:37:06,1,-1,3864.75,-2586
2022-09-19 03:37:08,2,-2,3864.75,-2588
2022-09-19 03:37:09,9,-9,3864.5,-2597
2022-09-19 03:37:11,5,-3,3864.5,-2600
2022-09-19 03:37:12,4,4,3864.75,-2596
2022-09-19 03:37:13,1,-1,3864.5,-2597
2022-09-19 03:37:14,17,-21,3864.25,-2618
2022-09-19 03:37:16,4,-4,3864.0,-2622
2022-09-19 03:37:20,1,1,3864.0,-2621
2022-09-19 03:37:22,2,2,3864.0,-2619
2022-09-19 03:37:25,13,0,3864.0,-2619
2022-09-19 03:37:27,3,-3,3864.0,-2622
2022-09-19 03:37:28,1,-1,3864.0,-2623
2022-09-19 03:37:30,1,1,3864.25,-2622
2022-09-19 03:37:32,11,9,3864.5,-2613
2022-09-19 03:37:33,9,1,3864.5,-2612
2022-09-19 03:37:39,1,1,3864.75,-2611
2022-09-19 03:37:40,6,5,3864.75,-2606
2022-09-19 03:37:43,8,-7,3864.75,-2613
2022-09-19 03:37:45,2,-2,3864.5,-2615
2022-09-19 03:37:48,1,1,3864.5,-2614
2022-09-19 03:37:49,3,3,3864.5,-2611
2022-09-19 03:37:50,2,2,3864.5,-2609
2022-09-19 03:37:52,2,1,3864.75,-2608
2022-09-19 03:37:54,17,-15,3864.5,-2623
2022-09-19 03:37:55,2,-2,3864.0,-2625
2022-09-19 03:37:56,1,1,3864.25,-2624
2022-09-19 03:37:57,2,2,3864.0,-2622
2022-09-19 03:37:59,9,4,3864.25,-2618
2022-09-19 03:38:00,7,12,3864.75,-2606
2022-09-19 03:38:01,2,0,3864.5,-2606
2022-09-19 03:38:02,6,-6,3864.5,-2612
2022-09-19 03:38:04,3,3,3864.75,-2609
2022-09-19 03:38:05,1,-1,3864.75,-2610
2022-09-19 03:38:06,2,-2,3864.75,-2612
2022-09-19 03:38:07,1,-1,3864.5,-2613
2022-09-19 03:38:09,2,0,3864.75,-2613
2022-09-19 03:38:10,1,-1,3864.75,-2614
2022-09-19 03:38:13,7,5,3865.0,-2609
2022-09-19 03:38:18,1,1,3865.0,-2608
2022-09-19 03:38:19,9,-9,3864.75,-2617
2022-09-19 03:38:20,5,-5,3864.5,-2622
2022-09-19 03:38:21,6,2,3864.25,-2620
2022-09-19 03:38:22,2,-2,3864.25,-2622
2022-09-19 03:38:28,1,-1,3864.0,-2623
2022-09-19 03:38:29,8,-8,3864.0,-2631
2022-09-19 03:38:30,2,0,3864.0,-2631
2022-09-19 03:38:31,1,-1,3863.75,-2632
2022-09-19 03:38:32,2,-2,3863.75,-2634
2022-09-19 03:38:33,8,-3,3863.75,-2637
2022-09-19 03:38:34,1,-1,3863.75,-2638
2022-09-19 03:38:36,50,6,3863.75,-2632
2022-09-19 03:38:38,14,8,3863.75,-2624
2022-09-19 03:38:39,3,1,3863.75,-2623
2022-09-19 03:38:40,2,-2,3863.75,-2625
2022-09-19 03:38:41,1,-1,3863.75,-2626
2022-09-19 03:38:43,1,1,3863.75,-2625
2022-09-19 03:38:46,1,1,3863.75,-2624
2022-09-19 03:38:47,4,2,3863.75,-2622
2022-09-19 03:38:49,3,2,3864.0,-2620
2022-09-19 03:38:50,2,2,3864.25,-2618
2022-09-19 03:38:51,5,-5,3864.25,-2623
2022-09-19 03:38:54,1,-1,3864.0,-2624
2022-09-19 03:38:55,2,-2,3864.0,-2626
2022-09-19 03:39:00,4,4,3864.0,-2622
2022-09-19 03:39:03,3,-3,3864.0,-2625
2022-09-19 03:39:05,1,-1,3863.75,-2626
2022-09-19 03:39:06,17,-20,3864.0,-2646
2022-09-19 03:39:08,1,1,3863.75,-2645
2022-09-19 03:39:11,1,-1,3863.5,-2646
2022-09-19 03:39:13,37,-15,3863.5,-2661
2022-09-19 03:39:14,17,-11,3863.25,-2672
2022-09-19 03:39:16,26,13,3863.5,-2659
2022-09-19 03:39:17,8,5,3863.75,-2654
2022-09-19 03:39:18,4,2,3864.0,-2652
2022-09-19 03:39:19,3,-3,3864.0,-2655
2022-09-19 03:39:21,2,-2,3864.0,-2657
2022-09-19 03:39:22,1,-1,3864.0,-2658
2022-09-19 03:39:23,1,-1,3864.0,-2659
2022-09-19 03:39:25,2,2,3864.0,-2657
2022-09-19 03:39:26,2,-2,3864.0,-2659
2022-09-19 03:39:29,7,-4,3863.75,-2663
2022-09-19 03:39:32,2,0,3863.75,-2663
2022-09-19 03:39:33,18,-17,3863.5,-2680
2022-09-19 03:39:34,1,1,3863.5,-2679
2022-09-19 03:39:35,1,-1,3863.25,-2680
2022-09-19 03:39:36,2,2,3863.5,-2678
2022-09-19 03:39:37,22,17,3863.75,-2661
2022-09-19 03:39:39,1,1,3863.75,-2660
2022-09-19 03:39:44,1,1,3863.75,-2659
2022-09-19 03:39:46,4,0,3864.0,-2659
2022-09-19 03:39:48,4,2,3864.25,-2657
2022-09-19 03:39:50,2,2,3864.25,-2655
2022-09-19 03:39:51,13,1,3864.5,-2654
2022-09-19 03:39:52,15,3,3864.5,-2651
2022-09-19 03:39:56,1,-1,3864.5,-2652
2022-09-19 03:39:58,1,-1,3864.5,-2653
2022-09-19 03:39:59,1,-1,3864.5,-2654
2022-09-19 03:40:00,2,2,3864.75,-2652
2022-09-19 03:40:01,3,-3,3864.75,-2655
2022-09-19 03:40:02,1,1,3865.0,-2654
2022-09-19 03:40:03,2,-2,3864.75,-2656
2022-09-19 03:40:04,1,-1,3864.5,-2657
2022-09-19 03:40:05,8,-6,3864.5,-2663
2022-09-19 03:40:06,1,1,3864.5,-2662
2022-09-19 03:40:07,4,4,3864.5,-2658
2022-09-19 03:40:08,2,-1,3864.5,-2659
2022-09-19 03:40:12,18,-9,3864.25,-2668
2022-09-19 03:40:16,5,3,3864.5,-2665
2022-09-19 03:40:20,1,-1,3864.25,-2666
2022-09-19 03:40:21,3,3,3864.5,-2663
2022-09-19 03:40:22,4,4,3864.75,-2659
2022-09-19 03:40:23,3,-3,3864.75,-2662
2022-09-19 03:40:25,1,-1,3864.75,-2663
2022-09-19 03:40:26,28,14,3865.0,-2649
2022-09-19 03:40:27,5,-5,3865.0,-2654
2022-09-19 03:40:28,1,1,3865.25,-2653
2022-09-19 03:40:29,10,1,3865.25,-2652
2022-09-19 03:40:31,7,-1,3865.25,-2653
2022-09-19 03:40:32,6,-5,3865.25,-2658
2022-09-19 03:40:33,4,1,3865.25,-2657
2022-09-19 03:40:34,2,-2,3865.25,-2659
2022-09-19 03:40:35,1,-1,3865.25,-2660
2022-09-19 03:40:36,13,7,3865.75,-2653
2022-09-19 03:40:37,17,-15,3865.75,-2668
2022-09-19 03:40:40,3,-1,3865.25,-2669
2022-09-19 03:40:41,7,-2,3865.25,-2671
2022-09-19 03:40:45,1,-1,3865.25,-2672
2022-09-19 03:40:47,1,-1,3865.0,-2673
2022-09-19 03:40:48,6,-6,3865.0,-2679
2022-09-19 03:40:50,2,2,3865.0,-2677
2022-09-19 03:40:51,1,-1,3865.0,-2678
2022-09-19 03:40:52,17,13,3865.5,-2665
2022-09-19 03:40:54,3,-3,3865.5,-2668
2022-09-19 03:40:55,2,-2,3865.5,-2670
2022-09-19 03:40:56,2,-2,3865.5,-2672
2022-09-19 03:40:58,17,-10,3865.5,-2682
2022-09-19 03:41:00,1,1,3865.5,-2681
2022-09-19 03:41:03,1,-1,3865.25,-2682
2022-09-19 03:41:04,7,-7,3865.25,-2689
2022-09-19 03:41:05,22,-10,3865.25,-2699
2022-09-19 03:41:07,11,-2,3865.25,-2701
2022-09-19 03:41:08,1,-1,3865.25,-2702
2022-09-19 03:41:09,1,1,3865.5,-2701
2022-09-19 03:41:10,4,2,3865.5,-2699
2022-09-19 03:41:11,3,3,3865.5,-2696
2022-09-19 03:41:12,1,-1,3865.5,-2697
2022-09-19 03:41:17,2,-2,3865.5,-2699
2022-09-19 03:41:19,10,-7,3865.5,-2706
2022-09-19 03:41:20,1,1,3865.5,-2705
2022-09-19 03:41:21,5,2,3865.5,-2703
2022-09-19 03:41:25,2,0,3865.5,-2703
2022-09-19 03:41:26,2,-2,3865.5,-2705
2022-09-19 03:41:28,1,-1,3865.5,-2706
2022-09-19 03:41:35,26,4,3865.75,-2702
2022-09-19 03:41:40,6,1,3865.75,-2701
2022-09-19 03:41:45,11,6,3865.75,-2695
2022-09-19 03:41:46,1,-1,3865.75,-2696
2022-09-19 03:41:48,9,-3,3865.75,-2699
2022-09-19 03:41:49,2,0,3865.75,-2699
2022-09-19 03:41:53,30,23,3866.25,-2676
2022-09-19 03:41:54,13,9,3866.5,-2667
2022-09-19 03:41:58,2,-2,3866.25,-2669
2022-09-19 03:42:05,40,30,3867.0,-2639
2022-09-19 03:42:07,14,8,3867.25,-2631
2022-09-19 03:42:08,1,1,3867.25,-2630
2022-09-19 03:42:09,6,-4,3867.25,-2634
2022-09-19 03:42:10,1,1,3867.25,-2633
2022-09-19 03:42:11,3,1,3867.25,-2632
2022-09-19 03:42:13,1,-1,3867.25,-2633
2022-09-19 03:42:16,1,-1,3867.25,-2634
2022-09-19 03:42:17,2,2,3867.5,-2632
2022-09-19 03:42:18,12,7,3867.5,-2625
2022-09-19 03:42:20,1,-1,3867.5,-2626
2022-09-19 03:42:21,2,-2,3867.5,-2628
2022-09-19 03:42:22,28,-9,3867.5,-2637
2022-09-19 03:42:23,1,1,3867.75,-2636
2022-09-19 03:42:24,2,-2,3867.5,-2638
2022-09-19 03:42:25,7,6,3867.75,-2632
2022-09-19 03:42:26,10,-2,3867.75,-2634
2022-09-19 03:42:28,12,6,3867.75,-2628
2022-09-19 03:42:32,1,1,3867.75,-2627
2022-09-19 03:42:34,9,-9,3867.5,-2636
2022-09-19 03:42:35,2,0,3867.5,-2636
2022-09-19 03:42:36,2,-1,3867.5,-2637
2022-09-19 03:42:38,16,1,3867.5,-2636
2022-09-19 03:42:39,1,-1,3867.5,-2637
2022-09-19 03:42:41,6,-2,3867.75,-2639
2022-09-19 03:42:42,1,1,3867.5,-2638
2022-09-19 03:42:44,14,-7,3867.25,-2645
2022-09-19 03:42:45,1,1,3867.25,-2644
2022-09-19 03:42:46,3,3,3867.25,-2641
2022-09-19 03:42:47,10,-6,3867.0,-2647
2022-09-19 03:42:48,15,8,3867.5,-2639
2022-09-19 03:42:50,1,-1,3867.5,-2640
2022-09-19 03:42:52,5,-3,3867.25,-2643
2022-09-19 03:42:53,1,-1,3867.0,-2644
2022-09-19 03:42:54,6,3,3867.25,-2641
2022-09-19 03:42:56,1,-1,3867.0,-2642
2022-09-19 03:42:58,39,-32,3867.0,-2674
2022-09-19 03:43:01,7,3,3867.0,-2671
2022-09-19 03:43:03,1,-1,3866.75,-2672
2022-09-19 03:43:04,6,-2,3867.25,-2674
2022-09-19 03:43:05,2,-2,3867.0,-2676
2022-09-19 03:43:07,3,-3,3867.0,-2679
2022-09-19 03:43:08,1,1,3867.0,-2678
2022-09-19 03:43:09,1,1,3867.0,-2677
2022-09-19 03:43:11,20,-14,3866.75,-2691
2022-09-19 03:43:12,1,1,3866.5,-2690
2022-09-19 03:43:14,1,1,3866.5,-2689
2022-09-19 03:43:15,14,2,3866.25,-2687
2022-09-19 03:43:16,3,1,3866.5,-2686
2022-09-19 03:43:20,1,1,3866.5,-2685
2022-09-19 03:43:24,3,-2,3866.25,-2687
2022-09-19 03:43:26,10,-8,3866.25,-2695
2022-09-19 03:43:27,2,0,3866.25,-2695
2022-09-19 03:43:29,2,0,3866.5,-2695
2022-09-19 03:43:30,2,2,3866.5,-2693
2022-09-19 03:43:31,1,1,3866.75,-2692
2022-09-19 03:43:39,14,2,3866.75,-2690
2022-09-19 03:43:40,2,2,3866.75,-2688
2022-09-19 03:43:44,4,0,3866.75,-2688
2022-09-19 03:43:45,19,34,3867.0,-2654
2022-09-19 03:43:46,13,4,3866.75,-2650
2022-09-19 03:43:48,11,-4,3866.75,-2654
2022-09-19 03:43:55,3,-3,3866.75,-2657
2022-09-19 03:43:58,4,-3,3866.5,-2660
2022-09-19 03:44:00,9,3,3866.25,-2657
2022-09-19 03:44:01,4,-3,3866.25,-2660
2022-09-19 03:44:02,1,1,3866.25,-2659
2022-09-19 03:44:05,1,-1,3866.0,-2660
2022-09-19 03:44:06,1,1,3866.25,-2659
2022-09-19 03:44:09,1,1,3866.25,-2658
2022-09-19 03:44:10,3,-1,3866.25,-2659
2022-09-19 03:44:12,17,1,3866.25,-2658
2022-09-19 03:44:13,9,7,3866.0,-2651
2022-09-19 03:44:14,8,6,3866.5,-2645
2022-09-19 03:44:15,8,3,3866.5,-2642
2022-09-19 03:44:17,1,1,3866.5,-2641
2022-09-19 03:44:19,15,7,3866.75,-2634
2022-09-19 03:44:20,8,-6,3866.25,-2640
2022-09-19 03:44:23,1,-1,3865.75,-2641
2022-09-19 03:44:24,5,1,3866.25,-2640
2022-09-19 03:44:30,18,0,3866.0,-2640
2022-09-19 03:44:33,4,3,3866.0,-2637
2022-09-19 03:44:38,2,-2,3866.0,-2639
2022-09-19 03:44:44,12,-4,3865.75,-2643
2022-09-19 03:44:46,30,2,3865.75,-2641
2022-09-19 03:44:48,3,-1,3866.0,-2642
2022-09-19 03:44:54,20,-7,3865.5,-2649
2022-09-19 03:44:55,2,-1,3865.5,-2650
2022-09-19 03:44:56,24,8,3865.75,-2642
2022-09-19 03:45:01,1,-1,3865.5,-2643
2022-09-19 03:45:02,8,-4,3865.75,-2647
2022-09-19 03:45:04,38,31,3866.25,-2616
2022-09-19 03:45:05,7,-7,3866.0,-2623
2022-09-19 03:45:07,11,4,3866.0,-2619
2022-09-19 03:45:08,1,-1,3866.0,-2620
2022-09-19 03:45:09,2,-2,3866.0,-2622
2022-09-19 03:45:10,2,2,3866.25,-2620
2022-09-19 03:45:11,7,-7,3866.0,-2627
2022-09-19 03:45:12,1,1,3866.0,-2626
2022-09-19 03:45:13,7,5,3866.0,-2621
2022-09-19 03:45:16,2,-2,3866.0,-2623
2022-09-19 03:45:20,5,-2,3865.75,-2625
2022-09-19 03:45:22,1,-1,3865.75,-2626
2022-09-19 03:45:23,2,2,3865.75,-2624
2022-09-19 03:45:29,11,8,3866.0,-2616
2022-09-19 03:45:31,6,0,3866.25,-2616
2022-09-19 03:45:33,6,-4,3866.25,-2620
2022-09-19 03:45:35,1,1,3866.25,-2619
2022-09-19 03:45:40,3,1,3866.5,-2618
2022-09-19 03:45:41,5,1,3866.5,-2617
2022-09-19 03:45:46,8,-1,3866.5,-2618
2022-09-19 03:45:47,24,-2,3866.75,-2620
2022-09-19 03:45:49,5,5,3867.0,-2615
2022-09-19 03:45:52,4,2,3867.25,-2613
2022-09-19 03:45:53,2,2,3867.25,-2611
2022-09-19 03:45:54,12,-10,3867.0,-2621
2022-09-19 03:45:55,5,5,3867.25,-2616
2022-09-19 03:45:59,6,6,3867.75,-2610
2022-09-19 03:46:00,25,-14,3867.75,-2624
2022-09-19 03:46:01,20,-14,3867.5,-2638
2022-09-19 03:46:02,2,0,3867.5,-2638
2022-09-19 03:46:03,2,-2,3867.25,-2640
2022-09-19 03:46:04,1,1,3867.25,-2639
2022-09-19 03:46:05,4,0,3867.25,-2639
2022-09-19 03:46:08,1,1,3867.5,-2638
2022-09-19 03:46:09,3,3,3867.25,-2635
2022-09-19 03:46:15,4,-3,3867.25,-2638
2022-09-19 03:46:17,3,-3,3867.0,-2641
2022-09-19 03:46:18,2,-2,3867.0,-2643
2022-09-19 03:46:19,7,1,3867.0,-2642
2022-09-19 03:46:21,11,-5,3867.25,-2647
2022-09-19 03:46:23,2,-2,3867.0,-2649
2022-09-19 03:46:30,11,-5,3867.0,-2654
2022-09-19 03:46:31,9,-8,3866.5,-2662
2022-09-19 03:46:32,4,-3,3866.25,-2665
2022-09-19 03:46:33,1,-1,3866.25,-2666
2022-09-19 03:46:34,2,-2,3866.25,-2668
2022-09-19 03:46:36,1,-1,3866.25,-2669
2022-09-19 03:46:39,7,-1,3866.25,-2670
2022-09-19 03:46:40,2,0,3866.25,-2670
2022-09-19 03:46:41,5,-2,3866.25,-2672
2022-09-19 03:46:42,8,6,3866.5,-2666
2022-09-19 03:46:43,3,3,3866.75,-2663
2022-09-19 03:46:44,4,-4,3866.75,-2667
2022-09-19 03:46:45,1,1,3867.0,-2666
2022-09-19 03:46:47,3,-3,3866.75,-2669
2022-09-19 03:46:48,2,2,3866.75,-2667
2022-09-19 03:46:50,1,-1,3866.75,-2668
2022-09-19 03:46:52,1,1,3866.75,-2667
2022-09-19 03:46:53,18,16,3867.25,-2651
2022-09-19 03:46:54,8,2,3867.5,-2649
2022-09-19 03:46:55,4,0,3867.5,-2649
2022-09-19 03:46:56,2,0,3867.75,-2649
2022-09-19 03:46:59,6,2,3867.5,-2647
2022-09-19 03:47:00,2,-2,3867.25,-2649
2022-09-19 03:47:01,9,-8,3867.25,-2657
2022-09-19 03:47:03,4,-4,3867.0,-2661
2022-09-19 03:47:04,2,1,3867.0,-2660
2022-09-19 03:47:05,15,-1,3866.75,-2661
2022-09-19 03:47:06,3,3,3867.0,-2658
2022-09-19 03:47:08,12,-9,3866.75,-2667
2022-09-19 03:47:09,3,-3,3866.25,-2670
2022-09-19 03:47:10,1,1,3866.25,-2669
2022-09-19 03:47:12,18,17,3866.5,-2652
2022-09-19 03:47:13,1,-1,3866.5,-2653
2022-09-19 03:47:14,4,-4,3866.5,-2657
2022-09-19 03:47:16,2,0,3866.25,-2657
2022-09-19 03:47:20,2,0,3866.25,-2657
2022-09-19 03:47:22,3,2,3866.25,-2655
2022-09-19 03:47:23,6,2,3866.25,-2653
2022-09-19 03:47:24,10,-10,3866.0,-2663
2022-09-19 03:47:25,4,0,3866.0,-2663
2022-09-19 03:47:26,17,-5,3866.0,-2668
2022-09-19 03:47:27,40,8,3866.25,-2660
2022-09-19 03:47:29,4,0,3866.0,-2660
2022-09-19 03:47:30,3,0,3866.0,-2660
2022-09-19 03:47:33,1,-1,3866.0,-2661
2022-09-19 03:47:35,24,12,3866.25,-2649
2022-09-19 03:47:37,2,0,3866.25,-2649
2022-09-19 03:47:38,1,1,3866.25,-2648
2022-09-19 03:47:39,6,2,3866.5,-2646
2022-09-19 03:47:40,2,-2,3866.25,-2648
2022-09-19 03:47:41,9,4,3866.5,-2644
2022-09-19 03:47:42,1,1,3866.5,-2643
2022-09-19 03:47:43,9,5,3866.5,-2638
2022-09-19 03:47:44,1,-1,3866.5,-2639
2022-09-19 03:47:46,3,3,3866.75,-2636
2022-09-19 03:47:47,1,1,3866.75,-2635
2022-09-19 03:47:48,1,-1,3866.5,-2636
2022-09-19 03:47:54,6,-6,3866.5,-2642
2022-09-19 03:47:55,1,1,3866.5,-2641
2022-09-19 03:47:59,15,7,3866.75,-2634
2022-09-19 03:48:03,4,-4,3866.75,-2638
2022-09-19 03:48:05,7,3,3866.75,-2635
2022-09-19 03:48:06,2,0,3866.75,-2635
2022-09-19 03:48:09,1,-1,3866.75,-2636
2022-09-19 03:48:12,10,9,3867.0,-2627
2022-09-19 03:48:14,6,-6,3867.0,-2633
2022-09-19 03:48:15,2,2,3867.0,-2631
2022-09-19 03:48:16,5,4,3867.0,-2627
2022-09-19 03:48:17,6,4,3867.25,-2623
2022-09-19 03:48:18,7,-6,3867.25,-2629
2022-09-19 03:48:20,10,4,3867.25,-2625
2022-09-19 03:48:21,10,4,3867.25,-2621
2022-09-19 03:48:22,39,-19,3867.0,-2640
2022-09-19 03:48:23,2,0,3867.0,-2640
2022-09-19 03:48:24,1,-1,3867.0,-2641
2022-09-19 03:48:27,1,-1,3867.0,-2642
2022-09-19 03:48:28,1,-1,3867.0,-2643
2022-09-19 03:48:32,1,-1,3867.0,-2644
2022-09-19 03:48:41,43,18,3867.25,-2626
2022-09-19 03:48:42,2,-1,3867.0,-2627
2022-09-19 03:48:43,3,1,3867.25,-2626
2022-09-19 03:48:53,36,-20,3867.0,-2646
2022-09-19 03:48:59,64,-26,3866.75,-2672
2022-09-19 03:49:00,13,-9,3866.0,-2681
2022-09-19 03:49:01,8,4,3866.25,-2677
2022-09-19 03:49:02,1,-1,3866.0,-2678
2022-09-19 03:49:03,7,6,3866.25,-2672
2022-09-19 03:49:04,6,4,3866.25,-2668
2022-09-19 03:49:05,3,-2,3866.25,-2670
2022-09-19 03:49:06,8,5,3866.25,-2665
2022-09-19 03:49:08,1,-1,3866.25,-2666
2022-09-19 03:49:12,24,-8,3866.0,-2674
2022-09-19 03:49:14,16,10,3866.25,-2664
2022-09-19 03:49:15,6,1,3866.25,-2663
2022-09-19 03:49:16,2,0,3866.25,-2663
2022-09-19 03:49:30,6,6,3866.5,-2657
2022-09-19 03:49:32,54,-40,3866.5,-2697
2022-09-19 03:49:33,7,7,3866.0,-2690
2022-09-19 03:49:34,2,-2,3866.0,-2692
2022-09-19 03:49:41,38,-4,3865.75,-2696
2022-09-19 03:49:42,22,14,3866.0,-2682
2022-09-19 03:49:43,4,4,3866.0,-2678
2022-09-19 03:49:44,1,1,3866.25,-2677
2022-09-19 03:49:46,12,2,3866.25,-2675
2022-09-19 03:49:47,13,5,3866.25,-2670
2022-09-19 03:49:50,6,1,3866.5,-2669
2022-09-19 03:49:51,12,-11,3866.25,-2680
2022-09-19 03:49:52,8,4,3866.25,-2676
2022-09-19 03:49:53,21,4,3866.25,-2672
2022-09-19 03:50:00,7,1,3866.5,-2671
2022-09-19 03:50:02,1,1,3866.5,-2670
2022-09-19 03:50:03,3,0,3866.5,-2670
2022-09-19 03:50:05,42,14,3866.5,-2656
2022-09-19 03:50:06,25,4,3866.5,-2652
2022-09-19 03:50:10,22,8,3866.5,-2644
2022-09-19 03:50:16,67,-37,3866.25,-2681
2022-09-19 03:50:17,30,19,3865.75,-2662
2022-09-19 03:50:18,3,1,3865.75,-2661
2022-09-19 03:50:19,10,8,3866.0,-2653
2022-09-19 03:50:20,2,1,3866.0,-2652
2022-09-19 03:50:21,12,21,3866.25,-2631
2022-09-19 03:50:24,11,-8,3866.0,-2639
2022-09-19 03:50:25,8,5,3866.25,-2634
2022-09-19 03:50:27,1,-1,3866.0,-2635
2022-09-19 03:50:30,16,11,3866.25,-2624
2022-09-19 03:50:31,1,1,3866.25,-2623
2022-09-19 03:50:32,3,3,3866.25,-2620
2022-09-19 03:50:33,9,-9,3866.0,-2629
2022-09-19 03:50:34,6,-1,3866.0,-2630
2022-09-19 03:50:36,1,1,3866.0,-2629
2022-09-19 03:50:40,25,-13,3865.75,-2642
2022-09-19 03:50:41,28,-7,3865.5,-2649
2022-09-19 03:50:42,52,-22,3865.5,-2671
2022-09-19 03:50:43,2,-2,3865.5,-2673
2022-09-19 03:50:44,1,-1,3865.5,-2674
2022-09-19 03:50:45,10,-2,3865.5,-2676
2022-09-19 03:50:48,8,7,3865.75,-2669
2022-09-19 03:50:49,5,3,3866.0,-2666
2022-09-19 03:50:50,6,1,3865.75,-2665
2022-09-19 03:50:51,2,2,3865.75,-2663
2022-09-19 03:50:52,9,2,3865.75,-2661
2022-09-19 03:50:59,11,-9,3865.5,-2670
2022-09-19 03:51:00,7,1,3865.25,-2669
2022-09-19 03:51:01,94,-61,3865.25,-2730
2022-09-19 03:51:02,23,-19,3864.25,-2749
2022-09-19 03:51:03,4,1,3864.25,-2748
2022-09-19 03:51:04,6,-6,3864.25,-2754
2022-09-19 03:51:05,3,-3,3864.0,-2757
2022-09-19 03:51:06,8,1,3864.25,-2756
2022-09-19 03:51:07,4,-4,3864.25,-2760
2022-09-19 03:51:08,17,11,3864.25,-2749
2022-09-19 03:51:09,13,1,3864.25,-2748
2022-09-19 03:51:10,2,2,3864.25,-2746
2022-09-19 03:51:12,2,2,3864.25,-2744
2022-09-19 03:51:13,8,6,3864.25,-2738
2022-09-19 03:51:14,12,12,3864.5,-2726
2022-09-19 03:51:15,14,5,3864.5,-2721
2022-09-19 03:51:16,12,-7,3864.5,-2728
2022-09-19 03:51:17,2,2,3864.25,-2726
2022-09-19 03:51:18,11,5,3864.25,-2721
2022-09-19 03:51:19,1,-1,3864.25,-2722
2022-09-19 03:51:22,1,-1,3864.25,-2723
2022-09-19 03:51:24,16,-14,3864.25,-2737
2022-09-19 03:51:26,13,-12,3864.0,-2749
2022-09-19 03:51:29,8,6,3864.25,-2743
2022-09-19 03:51:32,8,-1,3864.25,-2744
2022-09-19 03:51:36,10,-10,3864.25,-2754
2022-09-19 03:51:40,2,-2,3864.25,-2756
2022-09-19 03:51:43,7,7,3864.5,-2749
2022-09-19 03:51:44,11,3,3864.5,-2746
2022-09-19 03:51:45,54,16,3864.75,-2730
2022-09-19 03:51:46,9,0,3864.5,-2730
2022-09-19 03:51:47,1,-1,3864.5,-2731
2022-09-19 03:51:48,1,1,3864.75,-2730
2022-09-19 03:51:49,1,1,3864.75,-2729
2022-09-19 03:51:50,2,2,3864.75,-2727
2022-09-19 03:51:51,6,3,3864.75,-2724
2022-09-19 03:51:52,23,-1,3864.75,-2725
2022-09-19 03:51:53,5,-5,3864.75,-2730
2022-09-19 03:51:57,2,1,3865.0,-2729
2022-09-19 03:52:00,1,-1,3864.75,-2730
2022-09-19 03:52:02,16,-15,3864.75,-2745
2022-09-19 03:52:05,1,-1,3864.5,-2746
2022-09-19 03:52:06,19,6,3864.75,-2740
2022-09-19 03:52:07,12,-3,3864.75,-2743
2022-09-19 03:52:08,5,-1,3864.75,-2744
2022-09-19 03:52:09,5,-2,3864.75,-2746
2022-09-19 03:52:12,256,0,3865.0,-2746
2022-09-19 03:52:13,11,-7,3864.5,-2753
2022-09-19 03:52:15,24,-6,3864.25,-2759
2022-09-19 03:52:16,16,-13,3864.0,-2772
2022-09-19 03:52:18,15,1,3863.5,-2771
2022-09-19 03:52:19,3,3,3863.5,-2768
2022-09-19 03:52:22,12,6,3863.75,-2762
2022-09-19 03:52:23,4,-3,3863.5,-2765
2022-09-19 03:52:24,7,-7,3863.5,-2772
2022-09-19 03:52:27,2,-2,3863.25,-2774
2022-09-19 03:52:28,10,9,3863.75,-2765
2022-09-19 03:52:31,27,25,3864.0,-2740
2022-09-19 03:52:33,3,3,3864.0,-2737
2022-09-19 03:52:36,1,1,3864.25,-2736
2022-09-19 03:52:38,9,-9,3864.0,-2745
2022-09-19 03:52:39,1,-1,3864.0,-2746
2022-09-19 03:52:41,7,5,3864.25,-2741
2022-09-19 03:52:42,5,1,3864.5,-2740
2022-09-19 03:52:43,3,3,3864.5,-2737
2022-09-19 03:52:45,14,11,3865.0,-2726
2022-09-19 03:52:46,9,-1,3865.25,-2727
2022-09-19 03:52:47,1,-1,3865.25,-2728
2022-09-19 03:52:48,11,11,3865.75,-2717
2022-09-19 03:52:49,55,-32,3866.25,-2749
2022-09-19 03:52:50,6,-2,3865.75,-2751
2022-09-19 03:52:51,48,19,3866.0,-2732
2022-09-19 03:52:52,24,10,3866.75,-2722
2022-09-19 03:52:53,12,-10,3866.5,-2732
2022-09-19 03:52:54,10,0,3866.5,-2732
2022-09-19 03:52:55,148,95,3868.0,-2637
2022-09-19 03:52:56,95,-3,3868.0,-2640
2022-09-19 03:52:57,9,9,3868.0,-2631
2022-09-19 03:52:58,19,0,3868.5,-2631
2022-09-19 03:52:59,9,-6,3868.25,-2637
2022-09-19 03:53:00,9,1,3868.25,-2636
2022-09-19 03:53:01,2,0,3868.25,-2636
2022-09-19 03:53:02,10,8,3868.25,-2628
2022-09-19 03:53:03,13,-9,3868.0,-2637
2022-09-19 03:53:04,10,-7,3868.0,-2644
2022-09-19 03:53:05,5,-4,3867.5,-2648
2022-09-19 03:53:06,13,3,3867.25,-2645
2022-09-19 03:53:07,10,-6,3867.0,-2651
2022-09-19 03:53:08,32,11,3867.5,-2640
2022-09-19 03:53:10,13,-8,3867.25,-2648
2022-09-19 03:53:11,12,8,3867.25,-2640
2022-09-19 03:53:12,1,-1,3867.25,-2641
2022-09-19 03:53:13,21,-14,3867.25,-2655
2022-09-19 03:53:14,14,4,3867.0,-2651
2022-09-19 03:53:15,1,-1,3867.0,-2652
2022-09-19 03:53:16,10,5,3867.25,-2647
2022-09-19 03:53:18,17,5,3867.5,-2642
2022-09-19 03:53:19,1,-1,3867.5,-2643
2022-09-19 03:53:20,11,4,3867.5,-2639
2022-09-19 03:53:21,6,5,3867.75,-2634
2022-09-19 03:53:22,9,3,3867.5,-2631
2022-09-19 03:53:24,5,1,3867.75,-2630
2022-09-19 03:53:26,2,2,3867.5,-2628
2022-09-19 03:53:27,13,-11,3867.25,-2639
2022-09-19 03:53:28,22,2,3867.0,-2637
2022-09-19 03:53:29,10,10,3867.25,-2627
2022-09-19 03:53:30,2,0,3867.25,-2627
2022-09-19 03:53:32,2,-2,3867.25,-2629
2022-09-19 03:53:33,4,3,3867.25,-2626
2022-09-19 03:53:34,14,6,3867.75,-2620
2022-09-19 03:53:35,9,-3,3868.0,-2623
2022-09-19 03:53:39,1,1,3867.5,-2622
2022-09-19 03:53:40,12,2,3867.5,-2620
2022-09-19 03:53:42,2,2,3867.75,-2618
2022-09-19 03:53:43,10,-8,3867.75,-2626
2022-09-19 03:53:45,1,-1,3867.75,-2627
2022-09-19 03:53:46,2,2,3868.0,-2625
2022-09-19 03:53:47,2,-2,3867.75,-2627
2022-09-19 03:53:48,9,2,3867.75,-2625
2022-09-19 03:53:50,1,-1,3867.75,-2626
2022-09-19 03:53:51,11,-7,3867.5,-2633
2022-09-19 03:53:52,19,-24,3867.5,-2657
2022-09-19 03:53:53,2,-2,3866.75,-2659
2022-09-19 03:53:55,9,-6,3866.75,-2665
2022-09-19 03:53:57,3,-3,3866.75,-2668
2022-09-19 03:54:01,40,-19,3866.5,-2687
2022-09-19 03:54:02,5,3,3866.25,-2684
2022-09-19 03:54:03,10,-9,3866.0,-2693
2022-09-19 03:54:04,15,8,3866.0,-2685
2022-09-19 03:54:05,1,-1,3865.75,-2686
2022-09-19 03:54:06,1,1,3866.0,-2685
2022-09-19 03:54:07,98,-12,3865.75,-2697
2022-09-19 03:54:08,31,-18,3865.5,-2715
2022-09-19 03:54:09,3,-1,3865.5,-2716
2022-09-19 03:54:10,15,13,3865.75,-2703
2022-09-19 03:54:11,16,-7,3865.75,-2710
2022-09-19 03:54:12,29,13,3866.0,-2697
2022-09-19 03:54:13,3,1,3866.0,-2696
2022-09-19 03:54:14,27,14,3866.5,-2682
2022-09-19 03:54:15,2,-2,3866.0,-2684
2022-09-19 03:54:17,2,2,3866.25,-2682
2022-09-19 03:54:18,5,1,3866.5,-2681
2022-09-19 03:54:19,9,-4,3866.25,-2685
2022-09-19 03:54:20,2,2,3866.25,-2683
2022-09-19 03:54:21,2,2,3866.25,-2681
2022-09-19 03:54:23,1,1,3866.5,-2680
2022-09-19 03:54:24,3,3,3866.5,-2677
2022-09-19 03:54:31,8,4,3866.5,-2673
2022-09-19 03:54:32,12,-10,3866.5,-2683
2022-09-19 03:54:33,2,2,3866.5,-2681
2022-09-19 03:54:34,10,10,3866.5,-2671
2022-09-19 03:54:35,9,-9,3866.25,-2680
2022-09-19 03:54:36,4,3,3866.25,-2677
2022-09-19 03:54:37,1,1,3866.5,-2676
2022-09-19 03:54:38,16,-13,3866.25,-2689
2022-09-19 03:54:39,8,-5,3866.25,-2694
2022-09-19 03:54:40,1,1,3866.25,-2693
2022-09-19 03:54:44,24,-7,3866.0,-2700
2022-09-19 03:54:45,1,-1,3865.75,-2701
2022-09-19 03:54:46,2,-2,3865.5,-2703
2022-09-19 03:54:47,10,2,3865.25,-2701
2022-09-19 03:54:48,14,-15,3865.25,-2716
2022-09-19 03:54:49,14,-2,3865.25,-2718
2022-09-19 03:54:50,1,-1,3865.25,-2719
2022-09-19 03:54:52,11,-5,3865.25,-2724
2022-09-19 03:54:53,12,10,3865.25,-2714
2022-09-19 03:54:54,4,2,3865.5,-2712
2022-09-19 03:54:55,17,-6,3865.25,-2718
2022-09-19 03:54:56,1,-1,3865.25,-2719
2022-09-19 03:54:59,21,-7,3865.25,-2726
2022-09-19 03:55:00,5,0,3865.0,-2726
2022-09-19 03:55:01,6,0,3865.0,-2726
2022-09-19 03:55:02,2,-2,3865.0,-2728
2022-09-19 03:55:03,4,-4,3865.0,-2732
2022-09-19 03:55:04,21,18,3865.25,-2714
2022-09-19 03:55:05,10,4,3865.25,-2710
2022-09-19 03:55:09,16,6,3865.5,-2704
2022-09-19 03:55:10,9,-7,3865.25,-2711
2022-09-19 03:55:12,4,0,3865.25,-2711
2022-09-19 03:55:13,21,-18,3865.25,-2729
2022-09-19 03:55:14,2,2,3865.25,-2727
2022-09-19 03:55:15,12,-12,3865.0,-2739
2022-09-19 03:55:18,6,-6,3864.75,-2745
2022-09-19 03:55:19,7,1,3865.0,-2744
2022-09-19 03:55:20,13,-5,3864.75,-2749
2022-09-19 03:55:21,14,-11,3864.5,-2760
2022-09-19 03:55:22,6,5,3864.75,-2755
2022-09-19 03:55:24,6,6,3865.0,-2749
2022-09-19 03:55:26,1,-1,3865.0,-2750
2022-09-19 03:55:27,3,3,3865.0,-2747
2022-09-19 03:55:29,5,5,3865.0,-2742
2022-09-19 03:55:30,1,1,3865.25,-2741
2022-09-19 03:55:31,2,1,3865.25,-2740
2022-09-19 03:55:32,2,-2,3865.25,-2742
2022-09-19 03:55:33,13,0,3865.25,-2742
2022-09-19 03:55:35,3,-3,3865.25,-2745
2022-09-19 03:55:37,19,17,3865.5,-2728
2022-09-19 03:55:38,18,-17,3865.25,-2745
2022-09-19 03:55:39,8,-3,3864.75,-2748
2022-09-19 03:55:42,5,-5,3864.75,-2753
2022-09-19 03:55:46,2,0,3864.75,-2753
2022-09-19 03:55:48,1,-1,3864.75,-2754
2022-09-19 03:55:49,2,2,3864.75,-2752
2022-09-19 03:55:52,8,0,3864.75,-2752
2022-09-19 03:55:53,6,2,3864.75,-2750
2022-09-19 03:55:55,6,-6,3864.5,-2756
2022-09-19 03:55:56,5,4,3864.5,-2752
2022-09-19 03:55:58,1,-1,3864.5,-2753
2022-09-19 03:55:59,3,2,3864.75,-2751
2022-09-19 03:56:00,23,10,3865.0,-2741
2022-09-19 03:56:01,4,4,3865.25,-2737
2022-09-19 03:56:02,4,0,3865.25,-2737
2022-09-19 03:56:03,5,5,3865.25,-2732
2022-09-19 03:56:04,2,-2,3865.25,-2734
2022-09-19 03:56:05,2,-2,3865.0,-2736
2022-09-19 03:56:06,19,-9,3865.0,-2745
2022-09-19 03:56:07,13,6,3864.75,-2739
2022-09-19 03:56:08,1,-1,3864.75,-2740
2022-09-19 03:56:10,2,1,3864.75,-2739
2022-09-19 03:56:11,2,2,3864.75,-2737
2022-09-19 03:56:12,13,-1,3864.75,-2738
2022-09-19 03:56:13,49,12,3865.0,-2726
2022-09-19 03:56:14,1,1,3865.0,-2725
2022-09-19 03:56:15,5,3,3865.0,-2722
2022-09-19 03:56:17,13,-12,3865.0,-2734
2022-09-19 03:56:18,15,-3,3865.0,-2737
2022-09-19 03:56:19,2,0,3865.0,-2737
2022-09-19 03:56:23,25,1,3864.5,-2736
2022-09-19 03:56:24,5,-5,3864.5,-2741
2022-09-19 03:56:26,19,1,3864.75,-2740
2022-09-19 03:56:27,3,-3,3864.75,-2743
2022-09-19 03:56:29,3,-3,3864.5,-2746
2022-09-19 03:56:30,1,-1,3864.5,-2747
2022-09-19 03:56:32,1,1,3864.5,-2746
2022-09-19 03:56:33,49,-42,3864.25,-2788
2022-09-19 03:56:35,15,-12,3863.75,-2800
2022-09-19 03:56:36,38,-30,3863.25,-2830
2022-09-19 03:56:37,51,-31,3863.0,-2861
2022-09-19 03:56:39,1,1,3863.25,-2860
2022-09-19 03:56:40,7,1,3863.25,-2859
2022-09-19 03:56:41,2,-2,3863.0,-2861
2022-09-19 03:56:42,7,5,3863.25,-2856
2022-09-19 03:56:43,13,2,3863.25,-2854
2022-09-19 03:56:45,20,15,3863.0,-2839
2022-09-19 03:56:46,1,1,3863.0,-2838
2022-09-19 03:56:49,13,11,3863.0,-2827
2022-09-19 03:56:52,13,-11,3862.75,-2838
2022-09-19 03:56:53,12,-4,3862.75,-2842
2022-09-19 03:56:54,5,5,3862.5,-2837
2022-09-19 03:56:55,4,-3,3862.5,-2840
2022-09-19 03:56:57,13,0,3862.75,-2840
2022-09-19 03:56:58,3,-1,3862.75,-2841
2022-09-19 03:57:00,5,-5,3862.5,-2846
2022-09-19 03:57:01,7,0,3862.75,-2846
2022-09-19 03:57:02,4,2,3862.5,-2844
2022-09-19 03:57:03,32,-26,3862.25,-2870
2022-09-19 03:57:04,13,6,3862.25,-2864
2022-09-19 03:57:05,3,-2,3862.0,-2866
2022-09-19 03:57:08,19,2,3862.25,-2864
2022-09-19 03:57:09,3,2,3862.25,-2862
2022-09-19 03:57:10,5,4,3862.5,-2858
2022-09-19 03:57:11,18,9,3862.5,-2849
2022-09-19 03:57:13,3,1,3862.5,-2848
2022-09-19 03:57:16,9,-7,3862.25,-2855
2022-09-19 03:57:17,8,-2,3862.0,-2857
2022-09-19 03:57:19,1,-1,3862.0,-2858
2022-09-19 03:57:20,1,-1,3862.0,-2859
2022-09-19 03:57:21,16,13,3862.25,-2846
2022-09-19 03:57:25,20,7,3862.5,-2839
2022-09-19 03:57:29,3,3,3862.75,-2836
2022-09-19 03:57:30,3,3,3862.5,-2833
2022-09-19 03:57:31,1,1,3862.5,-2832
2022-09-19 03:57:32,1,1,3862.5,-2831
2022-09-19 03:57:34,1,1,3862.5,-2830
2022-09-19 03:57:35,1,-1,3862.25,-2831
2022-09-19 03:57:36,24,3,3862.5,-2828
2022-09-19 03:57:38,7,-4,3862.5,-2832
2022-09-19 03:57:40,6,3,3862.5,-2829
2022-09-19 03:57:42,1,-1,3862.25,-2830
2022-09-19 03:57:45,1,1,3862.5,-2829
2022-09-19 03:57:46,2,0,3862.5,-2829
2022-09-19 03:57:47,15,9,3862.5,-2820
2022-09-19 03:57:48,12,-6,3862.25,-2826
2022-09-19 03:57:49,12,7,3862.25,-2819
2022-09-19 03:57:50,1,-1,3862.0,-2820
2022-09-19 03:57:51,18,-14,3862.0,-2834
2022-09-19 03:57:52,13,10,3862.25,-2824
2022-09-19 03:57:53,1,1,3862.25,-2823
2022-09-19 03:57:55,2,-2,3862.0,-2825
2022-09-19 03:57:59,28,-16,3861.75,-2841
2022-09-19 03:58:00,44,-16,3861.75,-2857
2022-09-19 03:58:01,26,-7,3861.25,-2864
2022-09-19 03:58:02,6,3,3861.25,-2861
2022-09-19 03:58:03,1,1,3861.25,-2860
2022-09-19 03:58:04,1,1,3861.25,-2859
2022-09-19 03:58:05,12,5,3861.25,-2854
2022-09-19 03:58:06,10,-8,3861.25,-2862
2022-09-19 03:58:07,2,2,3861.25,-2860
2022-09-19 03:58:08,38,-9,3861.0,-2869
2022-09-19 03:58:09,8,-7,3861.0,-2876
2022-09-19 03:58:10,19,-3,3861.0,-2879
2022-09-19 03:58:16,29,6,3861.25,-2873
2022-09-19 03:58:18,41,18,3861.5,-2855
2022-09-19 03:58:19,11,-9,3861.5,-2864
2022-09-19 03:58:20,35,13,3861.75,-2851
2022-09-19 03:58:21,6,-4,3861.5,-2855
2022-09-19 03:58:25,3,2,3861.5,-2853
2022-09-19 03:58:27,9,5,3861.75,-2848
2022-09-19 03:58:28,8,-6,3861.5,-2854
2022-09-19 03:58:30,6,-4,3861.75,-2858
2022-09-19 03:58:31,7,5,3861.75,-2853
2022-09-19 03:58:32,28,-19,3862.0,-2872
2022-09-19 03:58:35,9,6,3861.75,-2866
2022-09-19 03:58:36,26,-25,3861.5,-2891
2022-09-19 03:58:37,2,-2,3861.5,-2893
2022-09-19 03:58:40,9,5,3861.75,-2888
2022-09-19 03:58:41,4,4,3861.75,-2884
2022-09-19 03:58:42,5,-1,3861.5,-2885
2022-09-19 03:58:43,1,1,3861.5,-2884
2022-09-19 03:58:44,5,5,3861.75,-2879
2022-09-19 03:58:45,6,1,3861.5,-2878
2022-09-19 03:58:47,5,4,3861.75,-2874
2022-09-19 03:58:55,28,-12,3861.5,-2886
2022-09-19 03:58:56,2,2,3861.5,-2884
2022-09-19 03:58:57,5,-5,3861.25,-2889
2022-09-19 03:58:58,13,8,3861.5,-2881
2022-09-19 03:58:59,1,1,3861.25,-2880
2022-09-19 03:59:01,4,3,3861.25,-2877
2022-09-19 03:59:02,1,-1,3861.25,-2878
2022-09-19 03:59:05,1,1,3861.25,-2877
2022-09-19 03:59:06,7,5,3861.25,-2872
2022-09-19 03:59:07,3,-3,3861.25,-2875
2022-09-19 03:59:08,1,-1,3861.0,-2876
2022-09-19 03:59:09,6,4,3861.25,-2872
2022-09-19 03:59:10,15,6,3861.5,-2866
2022-09-19 03:59:11,6,4,3861.75,-2862
2022-09-19 03:59:12,4,4,3861.75,-2858
2022-09-19 03:59:15,8,-4,3861.75,-2862
2022-09-19 03:59:16,4,-4,3861.25,-2866
2022-09-19 03:59:20,13,3,3861.5,-2863
2022-09-19 03:59:21,8,7,3862.0,-2856
2022-09-19 03:59:22,29,-31,3862.0,-2887
2022-09-19 03:59:23,1,1,3861.75,-2886
2022-09-19 03:59:25,4,4,3861.75,-2882
2022-09-19 03:59:26,1,1,3862.0,-2881
2022-09-19 03:59:27,2,0,3861.75,-2881
2022-09-19 03:59:29,11,-8,3861.5,-2889
2022-09-19 03:59:32,2,0,3861.25,-2889
2022-09-19 03:59:33,2,0,3861.25,-2889
2022-09-19 03:59:34,10,-16,3861.25,-2905
2022-09-19 03:59:36,2,-2,3861.0,-2907
2022-09-19 03:59:37,4,-4,3861.0,-2911
2022-09-19 03:59:39,1,1,3861.25,-2910
2022-09-19 03:59:41,1,1,3861.25,-2909
2022-09-19 03:59:42,15,8,3861.25,-2901
2022-09-19 03:59:43,14,-3,3861.25,-2904
2022-09-19 03:59:44,1,1,3861.25,-2903
2022-09-19 03:59:46,1,-1,3861.0,-2904
2022-09-19 03:59:47,11,-10,3861.0,-2914
2022-09-19 03:59:49,39,22,3861.25,-2892
2022-09-19 03:59:50,8,-8,3861.0,-2900
2022-09-19 03:59:51,10,3,3861.0,-2897
2022-09-19 03:59:52,4,-4,3861.0,-2901
2022-09-19 03:59:54,1,1,3861.25,-2900
2022-09-19 03:59:55,9,4,3861.25,-2896
2022-09-19 03:59:56,13,2,3861.5,-2894
2022-09-19 03:59:57,4,-2,3861.5,-2896
2022-09-19 03:59:59,9,-7,3861.25,-2903
2022-09-19 04:00:00,18,5,3861.5,-2898
2022-09-19 04:00:01,6,2,3861.5,-2896
2022-09-19 04:00:02,7,2,3861.75,-2894
2022-09-19 04:00:03,16,-6,3861.25,-2900
2022-09-19 04:00:04,15,-4,3861.0,-2904
2022-09-19 04:00:05,4,0,3861.25,-2904
2022-09-19 04:00:06,7,5,3861.0,-2899
2022-09-19 04:00:08,12,5,3861.0,-2894
2022-09-19 04:00:09,363,-207,3861.0,-3101
2022-09-19 04:00:10,14,0,3860.0,-3101
2022-09-19 04:00:11,29,2,3859.75,-3099
2022-09-19 04:00:12,143,-60,3859.75,-3159
2022-09-19 04:00:13,7,6,3859.5,-3153
2022-09-19 04:00:14,2,-2,3859.25,-3155
2022-09-19 04:00:15,12,-12,3859.25,-3167
2022-09-19 04:00:16,11,-3,3859.5,-3170
2022-09-19 04:00:17,2,-2,3859.25,-3172
2022-09-19 04:00:18,30,10,3859.5,-3162
2022-09-19 04:00:20,95,99,3860.25,-3063
2022-09-19 04:00:21,17,3,3860.25,-3060
2022-09-19 04:00:22,35,17,3860.75,-3043
2022-09-19 04:00:23,6,4,3860.75,-3039
2022-09-19 04:00:24,1,-1,3860.75,-3040
2022-09-19 04:00:26,29,11,3861.0,-3029
2022-09-19 04:00:27,1,1,3860.75,-3028
2022-09-19 04:00:28,2,0,3860.75,-3028
2022-09-19 04:00:29,55,-3,3861.25,-3031
2022-09-19 04:00:30,1,1,3861.0,-3030
2022-09-19 04:00:32,3,-1,3861.0,-3031
2022-09-19 04:00:33,25,9,3861.0,-3022
2022-09-19 04:00:34,9,0,3860.75,-3022
2022-09-19 04:00:36,3,3,3860.75,-3019
2022-09-19 04:00:37,8,-6,3860.75,-3025
2022-09-19 04:00:38,4,2,3860.75,-3023
2022-09-19 04:00:39,1,1,3861.0,-3022
2022-09-19 04:00:40,1,-1,3860.5,-3023
2022-09-19 04:00:41,5,1,3860.75,-3022
2022-09-19 04:00:42,1,-1,3860.5,-3023
2022-09-19 04:00:43,31,-6,3860.5,-3029
2022-09-19 04:00:45,1,1,3860.75,-3028
2022-09-19 04:00:48,8,3,3860.75,-3025
2022-09-19 04:00:49,3,1,3860.75,-3024
2022-09-19 04:00:50,10,3,3861.0,-3021
2022-09-19 04:00:52,12,6,3861.25,-3015
2022-09-19 04:00:53,11,5,3861.25,-3010
2022-09-19 04:00:55,17,1,3861.0,-3009
2022-09-19 04:00:57,5,1,3861.25,-3008
2022-09-19 04:00:58,6,0,3861.25,-3008
2022-09-19 04:01:00,26,-12,3861.25,-3020
2022-09-19 04:01:01,3,3,3861.25,-3017
2022-09-19 04:01:02,3,-3,3861.25,-3020
2022-09-19 04:01:04,7,-6,3861.25,-3026
2022-09-19 04:01:05,8,4,3861.25,-3022
2022-09-19 04:01:06,2,2,3861.25,-3020
2022-09-19 04:01:07,4,0,3861.25,-3020
2022-09-19 04:01:08,11,-3,3861.5,-3023
2022-09-19 04:01:09,6,-4,3861.25,-3027
2022-09-19 04:01:12,19,1,3861.25,-3026
2022-09-19 04:01:14,24,13,3861.5,-3013
2022-09-19 04:01:15,35,2,3861.75,-3011
2022-09-19 04:01:16,1,-1,3861.75,-3012
2022-09-19 04:01:18,2,-2,3861.75,-3014
2022-09-19 04:01:21,16,-2,3861.75,-3016
2022-09-19 04:01:22,4,-2,3861.75,-3018
2022-09-19 04:01:23,8,-6,3861.75,-3024
2022-09-19 04:01:28,35,2,3861.75,-3022
2022-09-19 04:01:29,10,-8,3861.5,-3030
2022-09-19 04:01:30,8,-2,3861.75,-3032
2022-09-19 04:01:32,4,3,3861.5,-3029
2022-09-19 04:01:33,10,9,3861.75,-3020
2022-09-19 04:01:34,1,1,3861.75,-3019
2022-09-19 04:01:35,21,-3,3861.75,-3022
2022-09-19 04:01:36,27,-16,3861.5,-3038
2022-09-19 04:01:37,19,-15,3861.0,-3053
2022-09-19 04:01:38,40,-23,3860.25,-3076
2022-09-19 04:01:39,17,-12,3860.0,-3088
2022-09-19 04:01:40,11,2,3860.25,-3086
2022-09-19 04:01:41,16,-14,3860.0,-3100
2022-09-19 04:01:42,2,-2,3859.75,-3102
2022-09-19 04:01:44,16,5,3860.25,-3097
2022-09-19 04:01:45,13,-8,3860.5,-3105
2022-09-19 04:01:47,11,-5,3860.0,-3110
2022-09-19 04:01:48,4,-4,3859.75,-3114
2022-09-19 04:01:50,6,6,3859.75,-3108
2022-09-19 04:01:52,3,-3,3859.5,-3111
2022-09-19 04:01:53,13,-8,3859.5,-3119
2022-09-19 04:01:54,2,-2,3859.25,-3121
2022-09-19 04:01:55,4,4,3859.5,-3117
2022-09-19 04:01:56,2,1,3859.5,-3116
2022-09-19 04:01:57,253,-43,3859.5,-3159
2022-09-19 04:01:58,25,10,3859.5,-3149
2022-09-19 04:01:59,17,-11,3859.75,-3160
2022-09-19 04:02:00,40,22,3859.75,-3138
2022-09-19 04:02:01,24,-2,3859.75,-3140
2022-09-19 04:02:03,54,-39,3860.0,-3179
2022-09-19 04:02:08,37,13,3860.25,-3166
2022-09-19 04:02:09,16,-8,3860.0,-3174
2022-09-19 04:02:11,1,1,3860.0,-3173
2022-09-19 04:02:12,1,1,3860.0,-3172
2022-09-19 04:02:15,16,7,3860.0,-3165
2022-09-19 04:02:17,1,1,3860.25,-3164
2022-09-19 04:02:18,16,14,3860.25,-3150
2022-09-19 04:02:19,1,-1,3860.25,-3151
2022-09-19 04:02:20,5,4,3860.5,-3147
2022-09-19 04:02:21,19,-9,3860.25,-3156
2022-09-19 04:02:22,3,-1,3860.0,-3157
2022-09-19 04:02:24,7,6,3860.25,-3151
2022-09-19 04:02:25,12,-1,3860.5,-3152
2022-09-19 04:02:27,20,-19,3860.5,-3171
2022-09-19 04:02:28,11,0,3860.5,-3171
2022-09-19 04:02:29,5,5,3860.5,-3166
2022-09-19 04:02:30,1,-1,3860.25,-3167
2022-09-19 04:02:31,15,11,3860.75,-3156
2022-09-19 04:02:32,22,1,3861.0,-3155
2022-09-19 04:02:33,13,-1,3860.5,-3156
2022-09-19 04:02:34,11,-8,3860.25,-3164
2022-09-19 04:02:35,11,8,3860.5,-3156
2022-09-19 04:02:37,24,-10,3860.5,-3166
2022-09-19 04:02:38,14,1,3860.5,-3165
2022-09-19 04:02:39,1,-1,3860.25,-3166
2022-09-19 04:02:40,1,1,3860.5,-3165
2022-09-19 04:02:41,16,12,3860.5,-3153
2022-09-19 04:02:43,4,3,3860.75,-3150
2022-09-19 04:02:46,1,1,3860.75,-3149
2022-09-19 04:02:47,22,-3,3860.75,-3152
2022-09-19 04:02:49,36,2,3861.0,-3150
2022-09-19 04:02:52,15,-10,3860.75,-3160
2022-09-19 04:02:57,23,0,3861.25,-3160
2022-09-19 04:02:58,27,0,3861.25,-3160
2022-09-19 04:03:00,16,-1,3861.0,-3161
2022-09-19 04:03:01,1,1,3861.0,-3160
2022-09-19 04:03:05,1,-1,3860.75,-3161
2022-09-19 04:03:06,20,-10,3860.75,-3171
2022-09-19 04:03:10,18,11,3860.75,-3160
2022-09-19 04:03:11,12,-6,3860.75,-3166
2022-09-19 04:03:14,9,6,3860.75,-3160
2022-09-19 04:03:19,18,-9,3860.75,-3169
2022-09-19 04:03:20,1,1,3860.75,-3168
2022-09-19 04:03:21,3,1,3860.75,-3167
2022-09-19 04:03:22,1,-1,3860.75,-3168
2022-09-19 04:03:23,14,10,3861.0,-3158
2022-09-19 04:03:28,2,-1,3861.0,-3159
2022-09-19 04:03:32,26,-5,3861.0,-3164
2022-09-19 04:03:36,1,-1,3861.0,-3165
2022-09-19 04:03:37,5,-2,3861.0,-3167
2022-09-19 04:03:38,1,-1,3861.0,-3168
2022-09-19 04:03:39,101,31,3861.75,-3137
2022-09-19 04:03:40,30,-1,3862.0,-3138
2022-09-19 04:03:41,2,-2,3861.75,-3140
2022-09-19 04:03:44,1,-1,3861.75,-3141
2022-09-19 04:03:45,5,2,3862.0,-3139
2022-09-19 04:03:47,56,27,3862.75,-3112
2022-09-19 04:03:48,1,1,3862.5,-3111
2022-09-19 04:03:50,28,-8,3862.5,-3119
2022-09-19 04:03:51,2,-2,3862.25,-3121
2022-09-19 04:03:52,11,9,3862.5,-3112
2022-09-19 04:03:53,9,-8,3862.5,-3120
2022-09-19 04:03:54,11,1,3862.75,-3119
2022-09-19 04:03:55,7,-4,3862.75,-3123
2022-09-19 04:03:56,3,-3,3862.25,-3126
2022-09-19 04:03:57,1,1,3862.5,-3125
2022-09-19 04:03:59,4,4,3862.5,-3121
2022-09-19 04:04:00,16,-5,3862.25,-3126
2022-09-19 04:04:01,11,3,3862.5,-3123
2022-09-19 04:04:03,1,1,3862.5,-3122
2022-09-19 04:04:06,1,-1,3862.25,-3123
2022-09-19 04:04:10,16,-7,3862.25,-3130
2022-09-19 04:04:11,1,1,3862.25,-3129
2022-09-19 04:04:12,18,-3,3862.0,-3132
2022-09-19 04:04:13,6,6,3862.25,-3126
2022-09-19 04:04:14,6,-6,3862.25,-3132
2022-09-19 04:04:15,6,4,3862.25,-3128
2022-09-19 04:04:17,33,15,3863.0,-3113
2022-09-19 04:04:18,2,2,3862.75,-3111
2022-09-19 04:04:20,50,12,3863.0,-3099
2022-09-19 04:04:21,3,3,3863.0,-3096
2022-09-19 04:04:23,8,-5,3863.25,-3101
2022-09-19 04:04:24,6,6,3863.25,-3095
2022-09-19 04:04:25,11,1,3863.25,-3094
2022-09-19 04:04:26,23,15,3863.5,-3079
2022-09-19 04:04:27,9,-6,3863.25,-3085
2022-09-19 04:04:28,1,1,3863.25,-3084
2022-09-19 04:04:29,6,-3,3863.25,-3087
2022-09-19 04:04:30,1,1,3863.5,-3086
2022-09-19 04:04:31,3,-2,3863.25,-3088
2022-09-19 04:04:32,2,2,3863.25,-3086
2022-09-19 04:04:33,33,-13,3863.25,-3099
2022-09-19 04:04:35,6,-2,3863.0,-3101
2022-09-19 04:04:36,1,1,3862.75,-3100
2022-09-19 04:04:37,10,3,3862.75,-3097
2022-09-19 04:04:39,1,-1,3862.5,-3098
2022-09-19 04:04:41,19,11,3862.75,-3087
2022-09-19 04:04:42,5,-2,3862.75,-3089
2022-09-19 04:04:44,3,1,3862.75,-3088
2022-09-19 04:04:46,34,2,3863.0,-3086
2022-09-19 04:04:47,4,4,3863.0,-3082
2022-09-19 04:04:50,3,3,3863.0,-3079
2022-09-19 04:04:52,6,-5,3863.0,-3084
2022-09-19 04:04:53,3,3,3863.0,-3081
2022-09-19 04:04:54,10,10,3863.0,-3071
2022-09-19 04:04:55,11,-11,3863.0,-3082
2022-09-19 04:04:56,26,5,3863.0,-3077
2022-09-19 04:04:57,2,2,3863.0,-3075
2022-09-19 04:04:58,8,-6,3863.25,-3081
2022-09-19 04:04:59,19,14,3863.5,-3067
2022-09-19 04:05:01,3,-3,3863.25,-3070
2022-09-19 04:05:03,1,1,3863.25,-3069
2022-09-19 04:05:05,24,-2,3863.0,-3071
2022-09-19 04:05:06,2,-1,3862.75,-3072
2022-09-19 04:05:07,1,-1,3862.75,-3073
2022-09-19 04:05:08,8,-5,3862.75,-3078
2022-09-19 04:05:10,1,1,3862.75,-3077
2022-09-19 04:05:11,7,-3,3862.5,-3080
2022-09-19 04:05:13,12,8,3863.0,-3072
2022-09-19 04:05:14,4,-4,3863.0,-3076
2022-09-19 04:05:15,3,-3,3862.75,-3079
2022-09-19 04:05:16,5,-5,3862.75,-3084
2022-09-19 04:05:18,6,3,3863.0,-3081
2022-09-19 04:05:19,15,8,3863.5,-3073
2022-09-19 04:05:20,6,-3,3863.5,-3076
2022-09-19 04:05:22,3,1,3863.5,-3075
2022-09-19 04:05:23,8,6,3863.5,-3069
2022-09-19 04:05:25,4,-4,3863.5,-3073
2022-09-19 04:05:26,1,-1,3863.5,-3074
2022-09-19 04:05:28,21,-7,3863.75,-3081
2022-09-19 04:05:30,3,-2,3863.5,-3083
2022-09-19 04:05:32,7,7,3863.75,-3076
2022-09-19 04:05:34,13,8,3863.75,-3068
2022-09-19 04:05:35,39,-10,3863.75,-3078
2022-09-19 04:05:38,11,-1,3863.5,-3079
2022-09-19 04:05:39,1,1,3863.75,-3078
2022-09-19 04:05:44,20,-35,3863.5,-3113
2022-09-19 04:05:45,14,-1,3863.0,-3114
2022-09-19 04:05:46,8,3,3863.0,-3111
2022-09-19 04:05:50,3,0,3863.25,-3111
2022-09-19 04:05:51,6,2,3862.75,-3109
2022-09-19 04:05:52,16,13,3863.25,-3096
2022-09-19 04:05:55,10,2,3863.5,-3094
2022-09-19 04:05:56,1,1,3863.75,-3093
2022-09-19 04:05:57,1,-1,3863.75,-3094
2022-09-19 04:05:58,13,7,3864.0,-3087
2022-09-19 04:05:59,1,-1,3863.5,-3088
2022-09-19 04:06:00,61,67,3864.0,-3021
2022-09-19 04:06:01,2,2,3864.0,-3019
2022-09-19 04:06:02,1,1,3864.0,-3018
2022-09-19 04:06:03,1,1,3864.0,-3017
2022-09-19 04:06:05,65,-46,3863.75,-3063
2022-09-19 04:06:06,5,5,3863.25,-3058
2022-09-19 04:06:09,44,16,3863.75,-3042
2022-09-19 04:06:10,2,-2,3863.5,-3044
2022-09-19 04:06:13,5,-5,3863.5,-3049
2022-09-19 04:06:16,17,-1,3863.75,-3050
2022-09-19 04:06:17,6,-5,3863.5,-3055
2022-09-19 04:06:18,8,-4,3863.25,-3059
2022-09-19 04:06:20,4,-4,3863.25,-3063
2022-09-19 04:06:21,1,-1,3863.25,-3064
2022-09-19 04:06:22,6,-6,3863.25,-3070
2022-09-19 04:06:23,3,-3,3863.25,-3073
2022-09-19 04:06:24,8,1,3863.25,-3072
2022-09-19 04:06:25,6,5,3863.5,-3067
2022-09-19 04:06:28,1,1,3863.5,-3066
2022-09-19 04:06:30,4,-4,3863.25,-3070
2022-09-19 04:06:32,9,4,3863.25,-3066
2022-09-19 04:06:33,7,-1,3863.0,-3067
2022-09-19 04:06:34,5,4,3863.0,-3063
2022-09-19 04:06:35,23,9,3863.25,-3054
2022-09-19 04:06:36,17,15,3863.5,-3039
2022-09-19 04:06:37,31,12,3863.75,-3027
2022-09-19 04:06:38,43,24,3863.75,-3003
2022-09-19 04:06:39,15,8,3863.75,-2995
2022-09-19 04:06:41,194,89,3865.0,-2906
2022-09-19 04:06:42,3,3,3865.25,-2903
2022-09-19 04:06:43,7,7,3865.25,-2896
2022-09-19 04:06:44,27,-8,3865.25,-2904
2022-09-19 04:06:45,1,-1,3865.25,-2905
2022-09-19 04:06:46,3,-3,3865.25,-2908
2022-09-19 04:06:47,9,-3,3865.0,-2911
2022-09-19 04:06:48,20,3,3865.0,-2908
2022-09-19 04:06:49,1,1,3865.25,-2907
2022-09-19 04:06:50,5,-1,3865.25,-2908
2022-09-19 04:06:51,6,4,3865.25,-2904
2022-09-19 04:06:52,31,-21,3865.25,-2925
2022-09-19 04:06:54,10,7,3865.5,-2918
2022-09-19 04:06:55,3,3,3865.5,-2915
2022-09-19 04:06:56,29,22,3866.0,-2893
2022-09-19 04:06:57,5,3,3866.0,-2890
2022-09-19 04:06:58,29,20,3866.25,-2870
2022-09-19 04:06:59,23,-11,3866.0,-2881
2022-09-19 04:07:01,22,-5,3865.75,-2886
2022-09-19 04:07:03,2,-1,3865.5,-2887
2022-09-19 04:07:04,7,4,3865.75,-2883
2022-09-19 04:07:05,2,-2,3865.5,-2885
2022-09-19 04:07:07,2,1,3865.75,-2884
2022-09-19 04:07:08,6,6,3865.75,-2878
2022-09-19 04:07:09,9,-7,3865.75,-2885
2022-09-19 04:07:11,8,6,3865.75,-2879
2022-09-19 04:07:13,10,-7,3865.5,-2886
2022-09-19 04:07:15,26,-17,3865.75,-2903
2022-09-19 04:07:16,7,0,3865.25,-2903
2022-09-19 04:07:17,1,-1,3865.25,-2904
2022-09-19 04:07:18,1,-1,3865.0,-2905
2022-09-19 04:07:19,12,3,3865.25,-2902
2022-09-19 04:07:22,4,4,3865.25,-2898
2022-09-19 04:07:23,5,4,3865.25,-2894
2022-09-19 04:07:24,2,0,3865.25,-2894
2022-09-19 04:07:25,21,-13,3865.0,-2907
2022-09-19 04:07:26,6,6,3865.0,-2901
2022-09-19 04:07:27,1,1,3865.25,-2900
2022-09-19 04:07:29,2,-2,3864.75,-2902
2022-09-19 04:07:30,2,2,3865.0,-2900
2022-09-19 04:07:32,13,-6,3865.0,-2906
2022-09-19 04:07:33,47,26,3865.25,-2880
2022-09-19 04:07:35,1,-1,3865.25,-2881
2022-09-19 04:07:36,2,0,3865.5,-2881
2022-09-19 04:07:37,17,1,3865.5,-2880
2022-09-19 04:07:38,2,0,3865.25,-2880
2022-09-19 04:07:40,1,1,3865.25,-2879
2022-09-19 04:07:46,3,1,3865.25,-2878
2022-09-19 04:07:48,2,0,3865.5,-2878
2022-09-19 04:07:49,5,5,3865.5,-2873
2022-09-19 04:07:50,28,15,3865.75,-2858
2022-09-19 04:07:54,4,2,3865.75,-2856
2022-09-19 04:07:55,9,-1,3865.5,-2857
2022-09-19 04:07:56,1,-1,3865.5,-2858
2022-09-19 04:07:57,4,2,3865.75,-2856
2022-09-19 04:07:58,11,-3,3865.5,-2859
2022-09-19 04:07:59,1,-1,3865.5,-2860
2022-09-19 04:08:00,3,1,3865.75,-2859
2022-09-19 04:08:01,1,1,3865.5,-2858
2022-09-19 04:08:05,23,7,3865.5,-2851
2022-09-19 04:08:06,7,-3,3865.5,-2854
2022-09-19 04:08:07,11,11,3865.5,-2843
2022-09-19 04:08:08,11,-9,3865.25,-2852
2022-09-19 04:08:09,1,-1,3865.0,-2853
2022-09-19 04:08:11,7,1,3865.5,-2852
2022-09-19 04:08:19,12,-8,3865.5,-2860
2022-09-19 04:08:22,18,4,3865.5,-2856
2022-09-19 04:08:23,9,-2,3865.75,-2858
2022-09-19 04:08:24,7,-7,3865.25,-2865
2022-09-19 04:08:26,5,3,3865.75,-2862
2022-09-19 04:08:29,4,-4,3865.5,-2866
2022-09-19 04:08:32,4,2,3865.5,-2864
2022-09-19 04:08:33,9,-3,3865.5,-2867
2022-09-19 04:08:34,1,-1,3865.5,-2868
2022-09-19 04:08:37,10,-9,3865.5,-2877
2022-09-19 04:08:42,10,7,3865.75,-2870
2022-09-19 04:08:43,2,2,3866.0,-2868
2022-09-19 04:08:44,9,5,3866.0,-2863
2022-09-19 04:08:46,3,-1,3866.0,-2864
2022-09-19 04:08:47,1,1,3866.0,-2863
2022-09-19 04:08:50,1,-1,3866.0,-2864
2022-09-19 04:08:51,3,3,3866.0,-2861
2022-09-19 04:08:54,93,50,3867.25,-2811
2022-09-19 04:08:55,4,-4,3867.0,-2815
2022-09-19 04:08:56,5,5,3867.25,-2810
2022-09-19 04:08:58,2,2,3867.25,-2808
2022-09-19 04:08:59,4,2,3867.5,-2806
2022-09-19 04:09:01,3,1,3867.25,-2805
2022-09-19 04:09:02,18,-1,3867.0,-2806
2022-09-19 04:09:03,8,3,3867.25,-2803
2022-09-19 04:09:04,14,-5,3867.25,-2808
2022-09-19 04:09:05,5,1,3867.25,-2807
2022-09-19 04:09:06,26,29,3867.5,-2778
2022-09-19 04:09:09,1,1,3867.25,-2777
2022-09-19 04:09:10,8,4,3867.25,-2773
2022-09-19 04:09:11,1,1,3867.25,-2772
2022-09-19 04:09:12,1,-1,3867.0,-2773
2022-09-19 04:09:13,2,2,3867.25,-2771
2022-09-19 04:09:14,20,5,3867.5,-2766
2022-09-19 04:09:15,7,-3,3867.25,-2769
2022-09-19 04:09:17,1,1,3867.25,-2768
2022-09-19 04:09:18,12,-10,3867.0,-2778
2022-09-19 04:09:20,10,3,3866.75,-2775
2022-09-19 04:09:21,4,-2,3866.75,-2777
2022-09-19 04:09:22,5,5,3867.0,-2772
2022-09-19 04:09:25,28,-10,3867.0,-2782
2022-09-19 04:09:26,5,2,3867.25,-2780
2022-09-19 04:09:28,10,-9,3867.0,-2789
2022-09-19 04:09:29,8,8,3867.25,-2781
2022-09-19 04:09:32,12,1,3867.0,-2780
2022-09-19 04:09:35,12,-8,3867.0,-2788
2022-09-19 04:09:36,6,-4,3866.75,-2792
2022-09-19 04:09:38,3,3,3867.0,-2789
2022-09-19 04:09:39,3,-3,3866.75,-2792
2022-09-19 04:09:43,20,6,3866.75,-2786
2022-09-19 04:09:45,17,-7,3866.5,-2793
2022-09-19 04:09:46,5,-1,3866.5,-2794
2022-09-19 04:09:47,12,-2,3866.5,-2796
2022-09-19 04:09:49,21,-15,3866.25,-2811
2022-09-19 04:09:51,7,2,3866.25,-2809
2022-09-19 04:09:52,13,-5,3866.25,-2814
2022-09-19 04:09:53,4,0,3866.5,-2814
2022-09-19 04:09:56,1,-1,3866.25,-2815
2022-09-19 04:09:57,12,-4,3866.5,-2819
2022-09-19 04:09:58,6,2,3866.25,-2817
2022-09-19 04:09:59,1,1,3866.0,-2816
2022-09-19 04:10:00,12,10,3866.75,-2806
2022-09-19 04:10:01,8,-2,3866.5,-2808
2022-09-19 04:10:02,11,3,3866.5,-2805
2022-09-19 04:10:03,1,1,3866.5,-2804
2022-09-19 04:10:05,26,-21,3866.25,-2825
2022-09-19 04:10:06,12,8,3866.25,-2817
2022-09-19 04:10:08,7,-7,3866.0,-2824
2022-09-19 04:10:09,11,-5,3866.0,-2829
2022-09-19 04:10:10,27,1,3866.5,-2828
2022-09-19 04:10:12,16,0,3866.25,-2828
2022-09-19 04:10:13,20,15,3866.0,-2813
2022-09-19 04:10:14,1,1,3866.25,-2812
2022-09-19 04:10:15,3,3,3866.5,-2809
2022-09-19 04:10:16,2,2,3866.5,-2807
2022-09-19 04:10:19,9,6,3866.75,-2801
2022-09-19 04:10:20,1,1,3866.75,-2800
2022-09-19 04:10:21,5,5,3867.0,-2795
2022-09-19 04:10:22,15,4,3867.0,-2791
2022-09-19 04:10:23,1,1,3866.75,-2790
2022-09-19 04:10:24,2,2,3866.75,-2788
2022-09-19 04:10:25,9,-4,3866.75,-2792
2022-09-19 04:10:26,1,-1,3866.75,-2793
2022-09-19 04:10:27,3,-3,3866.75,-2796
2022-09-19 04:10:28,1,1,3866.75,-2795
2022-09-19 04:10:32,4,4,3867.0,-2791
2022-09-19 04:10:33,1,1,3867.0,-2790
2022-09-19 04:10:34,7,-5,3867.0,-2795
2022-09-19 04:10:39,12,5,3867.25,-2790
2022-09-19 04:10:40,41,6,3867.5,-2784
2022-09-19 04:10:42,10,10,3867.5,-2774
2022-09-19 04:10:43,5,-1,3867.5,-2775
2022-09-19 04:10:44,4,-2,3867.25,-2777
2022-09-19 04:10:45,2,2,3867.5,-2775
2022-09-19 04:10:46,11,-12,3867.5,-2787
2022-09-19 04:10:48,1,1,3867.5,-2786
2022-09-19 04:10:51,1,-1,3867.25,-2787
2022-09-19 04:10:57,3,3,3867.5,-2784
2022-09-19 04:11:01,7,7,3867.5,-2777
2022-09-19 04:11:02,1,1,3867.5,-2776
2022-09-19 04:11:03,10,8,3867.5,-2768
2022-09-19 04:11:04,10,4,3867.5,-2764
2022-09-19 04:11:05,37,32,3868.0,-2732
2022-09-19 04:11:06,3,-3,3867.5,-2735
2022-09-19 04:11:07,9,-9,3867.5,-2744
2022-09-19 04:11:08,3,3,3867.5,-2741
2022-09-19 04:11:09,2,2,3867.5,-2739
2022-09-19 04:11:10,11,7,3867.5,-2732
2022-09-19 04:11:12,4,4,3867.75,-2728
2022-09-19 04:11:14,61,12,3868.0,-2716
2022-09-19 04:11:15,11,10,3868.25,-2706
2022-09-19 04:11:16,14,-11,3868.0,-2717
2022-09-19 04:11:19,15,4,3868.0,-2713
2022-09-19 04:11:20,23,1,3868.0,-2712
2022-09-19 04:11:21,5,2,3868.0,-2710
2022-09-19 04:11:22,2,0,3868.25,-2710
2022-09-19 04:11:23,5,-5,3868.0,-2715
2022-09-19 04:11:25,31,-1,3867.75,-2716
2022-09-19 04:11:26,2,-1,3867.75,-2717
2022-09-19 04:11:27,10,2,3867.75,-2715
2022-09-19 04:11:29,7,-5,3867.25,-2720
2022-09-19 04:11:30,3,0,3867.25,-2720
2022-09-19 04:11:31,8,2,3867.25,-2718
2022-09-19 04:11:35,10,3,3867.25,-2715
2022-09-19 04:11:36,28,-8,3867.0,-2723
2022-09-19 04:11:37,2,2,3867.0,-2721
2022-09-19 04:11:38,2,0,3867.0,-2721
2022-09-19 04:11:39,1,1,3867.0,-2720
2022-09-19 04:11:40,9,-9,3866.75,-2729
2022-09-19 04:11:41,1,1,3867.0,-2728
2022-09-19 04:11:43,9,7,3867.0,-2721
2022-09-19 04:11:44,3,1,3867.25,-2720
2022-09-19 04:11:45,10,-4,3867.25,-2724
2022-09-19 04:11:52,1,-1,3867.25,-2725
2022-09-19 04:11:53,16,-6,3867.25,-2731
2022-09-19 04:11:54,12,-1,3867.25,-2732
2022-09-19 04:11:56,10,-5,3867.0,-2737
2022-09-19 04:12:02,1,1,3867.25,-2736
2022-09-19 04:12:03,19,5,3867.25,-2731
2022-09-19 04:12:06,21,8,3867.25,-2723
2022-09-19 04:12:08,17,-5,3867.0,-2728
2022-09-19 04:12:09,2,2,3867.0,-2726
2022-09-19 04:12:11,3,1,3867.0,-2725
2022-09-19 04:12:14,12,-5,3867.0,-2730
2022-09-19 04:12:16,6,1,3867.25,-2729
2022-09-19 04:12:17,8,-2,3867.25,-2731
2022-09-19 04:12:18,1,1,3867.0,-2730
2022-09-19 04:12:19,22,-6,3867.25,-2736
2022-09-19 04:12:20,20,-7,3867.0,-2743
2022-09-19 04:12:22,7,-4,3867.0,-2747
2022-09-19 04:12:25,2,1,3867.25,-2746
2022-09-19 04:12:26,40,6,3867.25,-2740
2022-09-19 04:12:28,6,2,3867.25,-2738
2022-09-19 04:12:29,67,-23,3867.25,-2761
2022-09-19 04:12:34,2,-2,3867.0,-2763
2022-09-19 04:12:35,42,3,3867.25,-2760
2022-09-19 04:12:36,15,-4,3867.25,-2764
2022-09-19 04:12:37,40,-18,3867.25,-2782
2022-09-19 04:12:38,95,-58,3867.0,-2840
2022-09-19 04:12:39,3,1,3866.5,-2839
2022-09-19 04:12:40,3,-3,3866.5,-2842
2022-09-19 04:12:41,3,1,3866.5,-2841
2022-09-19 04:12:42,1,1,3866.5,-2840
2022-09-19 04:12:44,9,6,3866.5,-2834
2022-09-19 04:12:45,1,1,3866.75,-2833
2022-09-19 04:12:46,2,-1,3866.5,-2834
2022-09-19 04:12:47,2,2,3866.5,-2832
2022-09-19 04:12:51,10,3,3866.75,-2829
2022-09-19 04:12:52,2,-2,3866.75,-2831
2022-09-19 04:12:53,5,5,3867.0,-2826
2022-09-19 04:12:54,1,-1,3866.75,-2827
2022-09-19 04:12:55,1,-1,3866.75,-2828
2022-09-19 04:12:57,6,6,3867.0,-2822
2022-09-19 04:13:02,9,-7,3866.75,-2829
2022-09-19 04:13:05,19,22,3867.0,-2807
2022-09-19 04:13:07,2,0,3866.75,-2807
2022-09-19 04:13:08,4,-2,3866.5,-2809
2022-09-19 04:13:09,143,132,3867.75,-2677
2022-09-19 04:13:10,15,-3,3867.0,-2680
2022-09-19 04:13:11,10,-6,3867.0,-2686
2022-09-19 04:13:18,11,-9,3866.75,-2695
2022-09-19 04:13:20,30,23,3867.5,-2672
2022-09-19 04:13:21,1,-1,3867.25,-2673
2022-09-19 04:13:22,16,-12,3867.5,-2685
2022-09-19 04:13:23,4,-4,3867.25,-2689
2022-09-19 04:13:26,24,16,3867.75,-2673
2022-09-19 04:13:38,1,-1,3867.75,-2674
2022-09-19 04:13:41,6,-4,3868.0,-2678
2022-09-19 04:13:42,54,21,3868.25,-2657
2022-09-19 04:13:43,4,-4,3868.0,-2661
2022-09-19 04:13:48,1,1,3868.25,-2660
2022-09-19 04:13:51,13,-8,3868.0,-2668
2022-09-19 04:13:52,5,-1,3867.75,-2669
2022-09-19 04:13:53,4,-4,3867.5,-2673
2022-09-19 04:13:58,3,-3,3867.5,-2676
2022-09-19 04:13:59,1,1,3867.75,-2675
2022-09-19 04:14:00,1,-1,3867.5,-2676
2022-09-19 04:14:02,8,0,3867.5,-2676
2022-09-19 04:14:04,5,1,3867.5,-2675
2022-09-19 04:14:17,8,-4,3867.25,-2679
2022-09-19 04:14:19,3,-3,3867.25,-2682
2022-09-19 04:14:20,25,18,3868.25,-2664
2022-09-19 04:14:21,1,1,3868.0,-2663
2022-09-19 04:14:22,4,-1,3867.75,-2664
2022-09-19 04:14:23,16,-7,3867.5,-2671
2022-09-19 04:14:25,6,6,3867.0,-2665
2022-09-19 04:14:26,4,2,3867.25,-2663
2022-09-19 04:14:28,1,-1,3867.0,-2664
2022-09-19 04:14:35,11,5,3867.25,-2659
2022-09-19 04:14:40,1,-1,3867.0,-2660
2022-09-19 04:14:42,4,4,3867.25,-2656
2022-09-19 04:14:45,9,6,3867.5,-2650
2022-09-19 04:14:47,10,-10,3867.5,-2660
2022-09-19 04:14:52,4,-3,3867.25,-2663
2022-09-19 04:14:53,10,0,3867.5,-2663
2022-09-19 04:14:55,4,2,3867.5,-2661
2022-09-19 04:14:56,10,4,3867.5,-2657
2022-09-19 04:14:57,1,1,3867.5,-2656
2022-09-19 04:15:01,5,5,3867.75,-2651
2022-09-19 04:15:02,11,2,3868.0,-2649
2022-09-19 04:15:03,9,1,3868.25,-2648
2022-09-19 04:15:04,3,1,3868.0,-2647
2022-09-19 04:15:05,9,-4,3868.0,-2651
2022-09-19 04:15:06,1,-1,3868.0,-2652
2022-09-19 04:15:10,1,1,3868.25,-2651
2022-09-19 04:15:12,11,8,3868.25,-2643
2022-09-19 04:15:15,19,-5,3868.25,-2648
2022-09-19 04:15:16,3,3,3868.25,-2645
2022-09-19 04:15:17,1,1,3868.25,-2644
2022-09-19 04:15:22,13,-4,3868.5,-2648
2022-09-19 04:15:24,9,3,3868.25,-2645
2022-09-19 04:15:25,12,-12,3868.0,-2657
2022-09-19 04:15:26,11,-3,3868.0,-2660
2022-09-19 04:15:28,3,0,3867.5,-2660
2022-09-19 04:15:29,2,-2,3867.5,-2662
2022-09-19 04:15:31,4,1,3867.5,-2661
2022-09-19 04:15:32,1,-1,3867.5,-2662
2022-09-19 04:15:37,10,-2,3867.25,-2664
2022-09-19 04:15:41,1,-1,3867.25,-2665
2022-09-19 04:15:42,1,-1,3867.25,-2666
2022-09-19 04:15:43,3,-3,3867.25,-2669
2022-09-19 04:15:46,2,-2,3867.25,-2671
2022-09-19 04:15:48,10,2,3867.25,-2669
2022-09-19 04:15:49,9,-3,3867.25,-2672
2022-09-19 04:15:51,11,2,3867.25,-2670
2022-09-19 04:15:52,2,-2,3867.0,-2672
2022-09-19 04:15:53,1,1,3867.25,-2671
2022-09-19 04:15:54,10,4,3867.5,-2667
2022-09-19 04:15:56,2,-2,3867.5,-2669
2022-09-19 04:15:58,39,20,3867.75,-2649
2022-09-19 04:16:02,3,-1,3867.5,-2650
2022-09-19 04:16:03,9,-9,3867.5,-2659
2022-09-19 04:16:08,3,3,3867.5,-2656
2022-09-19 04:16:10,3,1,3867.5,-2655
2022-09-19 04:16:15,2,-2,3867.25,-2657
2022-09-19 04:16:18,1,-1,3867.25,-2658
2022-09-19 04:16:19,12,3,3867.75,-2655
2022-09-19 04:16:20,1,-1,3867.5,-2656
2022-09-19 04:16:22,8,-2,3867.75,-2658
2022-09-19 04:16:23,2,-2,3867.5,-2660
2022-09-19 04:16:24,8,4,3868.0,-2656
2022-09-19 04:16:25,2,-2,3868.0,-2658
2022-09-19 04:16:27,1,-1,3868.0,-2659
2022-09-19 04:16:35,1,-1,3868.0,-2660
2022-09-19 04:16:37,4,-4,3868.0,-2664
2022-09-19 04:16:42,1,-1,3867.75,-2665
2022-09-19 04:16:43,1,1,3868.0,-2664
2022-09-19 04:16:45,1,-1,3867.75,-2665
2022-09-19 04:16:50,5,0,3867.75,-2665
2022-09-19 04:16:51,3,-3,3867.5,-2668
2022-09-19 04:16:52,8,-6,3867.5,-2674
2022-09-19 04:16:53,4,-2,3867.5,-2676
2022-09-19 04:16:54,1,-1,3867.25,-2677
2022-09-19 04:16:56,5,5,3867.5,-2672
2022-09-19 04:16:57,4,-2,3867.5,-2674
2022-09-19 04:17:00,5,3,3867.75,-2671
2022-09-19 04:17:01,5,2,3867.75,-2669
2022-09-19 04:17:06,1,1,3868.0,-2668
2022-09-19 04:17:08,5,-4,3867.75,-2672
2022-09-19 04:17:10,1,1,3867.75,-2671
2022-09-19 04:17:13,13,5,3868.0,-2666
2022-09-19 04:17:14,2,2,3868.0,-2664
2022-09-19 04:17:15,32,-2,3867.75,-2666
2022-09-19 04:17:20,2,-1,3867.75,-2667
2022-09-19 04:17:21,18,7,3867.75,-2660
2022-09-19 04:17:24,3,-3,3867.5,-2663
2022-09-19 04:17:27,3,3,3867.75,-2660
2022-09-19 04:17:28,32,-10,3867.5,-2670
2022-09-19 04:17:30,2,-2,3867.25,-2672
2022-09-19 04:17:34,8,-2,3867.0,-2674
2022-09-19 04:17:36,1,-1,3867.0,-2675
2022-09-19 04:17:37,2,0,3867.25,-2675
2022-09-19 04:17:39,1,-1,3867.0,-2676
2022-09-19 04:17:41,1,1,3867.0,-2675
2022-09-19 04:17:42,4,1,3867.0,-2674
2022-09-19 04:17:43,4,-3,3867.0,-2677
2022-09-19 04:17:44,8,-2,3866.75,-2679
2022-09-19 04:17:46,7,-2,3866.5,-2681
2022-09-19 04:17:47,1,-1,3866.25,-2682
2022-09-19 04:17:50,13,1,3866.75,-2681
2022-09-19 04:17:52,1,-1,3866.5,-2682
2022-09-19 04:17:53,11,-11,3866.5,-2693
2022-09-19 04:17:54,2,2,3866.5,-2691
2022-09-19 04:17:55,4,4,3866.75,-2687
2022-09-19 04:17:57,3,3,3866.5,-2684
2022-09-19 04:17:58,2,2,3866.5,-2682
2022-09-19 04:18:02,1,1,3866.5,-2681
2022-09-19 04:18:03,12,-7,3866.25,-2688
2022-09-19 04:18:04,1,1,3866.5,-2687
2022-09-19 04:18:08,14,11,3866.75,-2676
2022-09-19 04:18:12,1,-1,3866.5,-2677
2022-09-19 04:18:14,19,3,3866.75,-2674
2022-09-19 04:18:15,31,-19,3866.75,-2693
2022-09-19 04:18:16,1,-1,3866.25,-2694
2022-09-19 04:18:17,7,3,3866.5,-2691
2022-09-19 04:18:19,5,1,3866.5,-2690
2022-09-19 04:18:21,1,-1,3866.5,-2691
2022-09-19 04:18:22,3,-3,3866.25,-2694
2022-09-19 04:18:25,22,23,3867.25,-2671
2022-09-19 04:18:27,14,10,3867.5,-2661
2022-09-19 04:18:28,8,-8,3867.25,-2669
2022-09-19 04:18:30,1,-1,3867.25,-2670
2022-09-19 04:18:33,49,12,3867.5,-2658
2022-09-19 04:18:39,4,-2,3867.25,-2660
2022-09-19 04:18:41,2,-2,3867.0,-2662
2022-09-19 04:18:42,6,2,3867.0,-2660
2022-09-19 04:18:43,3,-3,3867.0,-2663
2022-09-19 04:18:44,3,3,3867.0,-2660
2022-09-19 04:18:46,1,-1,3866.75,-2661
2022-09-19 04:18:49,1,-1,3866.75,-2662
2022-09-19 04:18:52,2,-2,3866.5,-2664
2022-09-19 04:18:53,3,-3,3866.5,-2667
2022-09-19 04:18:57,17,-6,3866.5,-2673
2022-09-19 04:19:00,1,1,3866.5,-2672
2022-09-19 04:19:01,5,3,3866.75,-2669
2022-09-19 04:19:04,6,-6,3866.75,-2675
2022-09-19 04:19:06,3,-1,3866.75,-2676
2022-09-19 04:19:10,3,-3,3866.5,-2679
2022-09-19 04:19:11,1,-1,3866.5,-2680
2022-09-19 04:19:12,8,8,3867.0,-2672
2022-09-19 04:19:16,4,-4,3866.75,-2676
2022-09-19 04:19:18,3,-3,3866.5,-2679
2022-09-19 04:19:19,5,1,3866.5,-2678
2022-09-19 04:19:20,7,-6,3866.25,-2684
2022-09-19 04:19:21,6,-6,3866.25,-2690
2022-09-19 04:19:22,2,-2,3866.25,-2692
2022-09-19 04:19:23,15,9,3866.5,-2683
2022-09-19 04:19:24,1,-1,3866.25,-2684
2022-09-19 04:19:25,1,1,3866.5,-2683
2022-09-19 04:19:27,1,-1,3866.25,-2684
2022-09-19 04:19:30,64,-4,3866.25,-2688
2022-09-19 04:19:32,1,1,3866.5,-2687
2022-09-19 04:19:33,7,-7,3866.25,-2694
2022-09-19 04:19:35,10,-4,3866.0,-2698
2022-09-19 04:19:36,1,1,3866.25,-2697
2022-09-19 04:19:37,8,4,3866.25,-2693
2022-09-19 04:19:38,3,1,3866.25,-2692
2022-09-19 04:19:39,6,6,3866.25,-2686
2022-09-19 04:19:40,8,-6,3866.0,-2692
2022-09-19 04:19:43,11,-2,3866.25,-2694
2022-09-19 04:19:45,2,0,3866.25,-2694
2022-09-19 04:19:46,3,-1,3866.25,-2695
2022-09-19 04:19:47,1,-1,3866.0,-2696
2022-09-19 04:19:48,6,2,3866.25,-2694
2022-09-19 04:19:49,2,0,3866.25,-2694
2022-09-19 04:19:51,2,2,3866.25,-2692
2022-09-19 04:19:52,2,2,3866.25,-2690
2022-09-19 04:19:55,1,-1,3866.0,-2691
2022-09-19 04:19:58,1,1,3866.25,-2690
2022-09-19 04:19:59,8,-3,3866.25,-2693
2022-09-19 04:20:00,66,-12,3866.25,-2705
2022-09-19 04:20:11,9,7,3866.25,-2698
2022-09-19 04:20:12,17,11,3866.5,-2687
2022-09-19 04:20:13,7,-7,3866.5,-2694
2022-09-19 04:20:14,6,-6,3866.5,-2700
2022-09-19 04:20:17,3,-3,3866.25,-2703
2022-09-19 04:20:18,4,1,3866.25,-2702
2022-09-19 04:20:22,7,-2,3866.25,-2704
2022-09-19 04:20:25,26,4,3866.5,-2700
2022-09-19 04:20:26,5,2,3866.5,-2698
2022-09-19 04:20:27,15,7,3866.25,-2691
2022-09-19 04:20:29,11,-5,3866.0,-2696
2022-09-19 04:20:31,1,-1,3866.0,-2697
2022-09-19 04:20:32,1,-1,3866.0,-2698
2022-09-19 04:20:35,1,-1,3866.0,-2699
2022-09-19 04:20:38,11,13,3866.5,-2686
2022-09-19 04:20:39,6,-6,3866.25,-2692
2022-09-19 04:20:44,99,-54,3866.0,-2746
2022-09-19 04:20:45,1,-1,3865.25,-2747
2022-09-19 04:20:47,47,16,3865.75,-2731
2022-09-19 04:20:50,4,4,3865.75,-2727
2022-09-19 04:20:51,14,-15,3866.0,-2742
2022-09-19 04:20:52,17,11,3866.0,-2731
2022-09-19 04:20:54,2,2,3866.0,-2729
2022-09-19 04:20:55,1,1,3866.0,-2728
2022-09-19 04:20:56,23,17,3866.25,-2711
2022-09-19 04:20:58,7,7,3866.25,-2704
2022-09-19 04:20:59,11,-11,3866.0,-2715
2022-09-19 04:21:00,4,0,3866.0,-2715
2022-09-19 04:21:03,1,1,3866.0,-2714
2022-09-19 04:21:05,1,1,3866.0,-2713
2022-09-19 04:21:06,1,-1,3866.0,-2714
2022-09-19 04:21:08,6,2,3866.0,-2712
2022-09-19 04:21:09,4,2,3866.0,-2710
2022-09-19 04:21:12,1,-1,3866.0,-2711
2022-09-19 04:21:15,3,-1,3866.0,-2712
2022-09-19 04:21:22,4,-4,3865.75,-2716
2022-09-19 04:21:23,2,2,3866.0,-2714
2022-09-19 04:21:29,6,-8,3866.0,-2722
2022-09-19 04:21:32,22,-11,3866.0,-2733
2022-09-19 04:21:37,1,-1,3865.75,-2734
2022-09-19 04:21:38,2,-2,3865.75,-2736
2022-09-19 04:21:40,8,-2,3865.75,-2738
2022-09-19 04:21:42,13,-4,3865.75,-2742
2022-09-19 04:21:43,1,1,3865.75,-2741
2022-09-19 04:21:45,10,5,3865.75,-2736
2022-09-19 04:21:49,1,1,3865.75,-2735
2022-09-19 04:21:52,5,1,3866.0,-2734
2022-09-19 04:21:53,2,2,3866.25,-2732
2022-09-19 04:21:56,2,-2,3866.0,-2734
2022-09-19 04:21:59,1,-1,3865.75,-2735
2022-09-19 04:22:00,13,4,3866.25,-2731
2022-09-19 04:22:01,1,-1,3866.25,-2732
2022-09-19 04:22:03,1,1,3866.25,-2731
2022-09-19 04:22:05,22,-8,3866.25,-2739
2022-09-19 04:22:07,2,2,3866.25,-2737
2022-09-19 04:22:11,6,5,3866.0,-2732
2022-09-19 04:22:12,2,-2,3866.0,-2734
2022-09-19 04:22:15,10,1,3866.25,-2733
2022-09-19 04:22:17,3,3,3866.5,-2730
2022-09-19 04:22:19,3,3,3866.5,-2727
2022-09-19 04:22:21,10,4,3866.5,-2723
2022-09-19 04:22:23,1,1,3866.5,-2722
2022-09-19 04:22:26,5,-5,3866.25,-2727
2022-09-19 04:22:32,4,2,3866.25,-2725
2022-09-19 04:22:33,14,5,3866.25,-2720
2022-09-19 04:22:34,8,-3,3866.25,-2723
2022-09-19 04:22:44,1,-1,3866.0,-2724
2022-09-19 04:22:46,2,-2,3866.0,-2726
2022-09-19 04:22:48,12,9,3866.25,-2717
2022-09-19 04:22:49,2,-2,3866.25,-2719
2022-09-19 04:22:50,1,1,3866.25,-2718
2022-09-19 04:22:54,3,-1,3866.0,-2719
2022-09-19 04:22:57,2,2,3866.25,-2717
2022-09-19 04:22:59,7,-1,3866.5,-2718
2022-09-19 04:23:03,1,1,3866.75,-2717
2022-09-19 04:23:04,2,0,3866.75,-2717
2022-09-19 04:23:06,4,0,3866.5,-2717
2022-09-19 04:23:11,4,0,3866.25,-2717
2022-09-19 04:23:12,1,1,3866.25,-2716
2022-09-19 04:23:16,7,5,3866.25,-2711
2022-09-19 04:23:17,2,0,3866.5,-2711
2022-09-19 04:23:18,5,-3,3866.0,-2714
2022-09-19 04:23:19,3,-3,3866.0,-2717
2022-09-19 04:23:21,1,1,3866.25,-2716
2022-09-19 04:23:22,3,-3,3866.0,-2719
2022-09-19 04:23:23,8,-5,3866.0,-2724
2022-09-19 04:23:26,1,-1,3865.75,-2725
2022-09-19 04:23:29,4,4,3866.0,-2721
2022-09-19 04:23:32,3,-3,3866.0,-2724
2022-09-19 04:23:33,1,1,3866.0,-2723
2022-09-19 04:23:39,2,2,3866.25,-2721
2022-09-19 04:23:40,21,-2,3866.0,-2723
2022-09-19 04:23:45,1,-1,3865.5,-2724
2022-09-19 04:23:47,2,-2,3865.5,-2726
2022-09-19 04:23:49,1,-1,3865.5,-2727
2022-09-19 04:23:52,7,-7,3865.5,-2734
2022-09-19 04:23:53,1,-1,3865.5,-2735
2022-09-19 04:23:58,7,1,3865.75,-2734
2022-09-19 04:23:59,2,0,3865.75,-2734
2022-09-19 04:24:00,7,3,3866.0,-2731
2022-09-19 04:24:01,2,2,3866.25,-2729
2022-09-19 04:24:02,4,0,3866.0,-2729
2022-09-19 04:24:03,3,-3,3866.0,-2732
2022-09-19 04:24:06,5,5,3866.0,-2727
2022-09-19 04:24:11,118,-107,3866.0,-2834
2022-09-19 04:24:16,10,5,3865.75,-2829
2022-09-19 04:24:20,1,1,3866.0,-2828
2022-09-19 04:24:22,1,-1,3865.75,-2829
2022-09-19 04:24:24,2,2,3866.0,-2827
2022-09-19 04:24:26,1,1,3866.0,-2826
2022-09-19 04:24:30,1,-1,3866.0,-2827
2022-09-19 04:24:31,11,-9,3866.0,-2836
2022-09-19 04:24:32,3,-3,3865.75,-2839
2022-09-19 04:24:35,11,7,3865.75,-2832
2022-09-19 04:24:39,12,10,3865.75,-2822
2022-09-19 04:24:40,1,-1,3865.5,-2823
2022-09-19 04:24:43,6,6,3865.75,-2817
2022-09-19 04:24:44,4,0,3865.75,-2817
2022-09-19 04:24:47,1,-1,3865.5,-2818
2022-09-19 04:24:52,25,-1,3866.0,-2819
2022-09-19 04:24:57,11,-2,3866.0,-2821
2022-09-19 04:25:00,2,2,3866.0,-2819
2022-09-19 04:25:01,3,1,3866.25,-2818
2022-09-19 04:25:02,2,2,3866.25,-2816
2022-09-19 04:25:04,27,14,3866.75,-2802
2022-09-19 04:25:05,14,5,3867.0,-2797
2022-09-19 04:25:06,5,4,3867.0,-2793
2022-09-19 04:25:07,2,2,3867.0,-2791
2022-09-19 04:25:08,1,1,3867.0,-2790
2022-09-19 04:25:09,3,-3,3866.75,-2793
2022-09-19 04:25:10,3,1,3866.75,-2792
2022-09-19 04:25:11,10,10,3867.0,-2782
2022-09-19 04:25:13,4,2,3867.25,-2780
2022-09-19 04:25:14,1,1,3867.25,-2779
2022-09-19 04:25:16,8,8,3867.25,-2771
2022-09-19 04:25:20,12,8,3867.5,-2763
2022-09-19 04:25:21,11,-6,3867.25,-2769
2022-09-19 04:25:22,5,5,3867.25,-2764
2022-09-19 04:25:24,2,-2,3867.25,-2766
2022-09-19 04:25:25,3,2,3867.25,-2764
2022-09-19 04:25:31,6,-6,3867.25,-2770
2022-09-19 04:25:33,1,1,3867.5,-2769
2022-09-19 04:25:34,1,1,3867.5,-2768
2022-09-19 04:25:38,15,6,3867.5,-2762
2022-09-19 04:25:39,10,-4,3867.25,-2766
2022-09-19 04:25:40,12,6,3867.25,-2760
2022-09-19 04:25:41,4,-1,3867.25,-2761
2022-09-19 04:25:45,13,6,3867.5,-2755
2022-09-19 04:25:46,7,5,3867.5,-2750
2022-09-19 04:25:47,9,9,3867.75,-2741
2022-09-19 04:25:48,2,2,3867.75,-2739
2022-09-19 04:25:49,1,1,3867.75,-2738
2022-09-19 04:25:50,4,4,3867.75,-2734
2022-09-19 04:25:52,9,-3,3867.75,-2737
2022-09-19 04:25:53,14,7,3868.0,-2730
2022-09-19 04:25:57,9,-7,3867.75,-2737
2022-09-19 04:26:00,2,2,3868.0,-2735
2022-09-19 04:26:01,34,11,3868.25,-2724
2022-09-19 04:26:03,11,4,3868.0,-2720
2022-09-19 04:26:04,29,17,3868.25,-2703
2022-09-19 04:26:05,12,2,3868.0,-2701
2022-09-19 04:26:06,7,4,3868.0,-2697
2022-09-19 04:26:07,45,-23,3867.75,-2720
2022-09-19 04:26:08,19,9,3867.75,-2711
2022-09-19 04:26:09,18,-1,3867.75,-2712
2022-09-19 04:26:10,27,6,3868.0,-2706
2022-09-19 04:26:17,19,8,3868.0,-2698
2022-09-19 04:26:18,1,1,3868.0,-2697
2022-09-19 04:26:20,12,2,3868.0,-2695
2022-09-19 04:26:21,2,1,3868.0,-2694
2022-09-19 04:26:29,46,6,3868.0,-2688
2022-09-19 04:26:31,10,-9,3868.0,-2697
2022-09-19 04:26:35,1,-1,3868.0,-2698
2022-09-19 04:26:37,11,10,3868.25,-2688
2022-09-19 04:26:38,5,-2,3868.25,-2690
2022-09-19 04:26:41,3,-2,3868.0,-2692
2022-09-19 04:26:42,5,3,3868.25,-2689
2022-09-19 04:26:45,1,-1,3868.25,-2690
2022-09-19 04:26:46,4,2,3868.25,-2688
2022-09-19 04:26:48,1,-1,3868.25,-2689
2022-09-19 04:26:51,6,-6,3868.25,-2695
2022-09-19 04:26:55,7,7,3868.5,-2688
2022-09-19 04:26:57,56,37,3868.75,-2651
2022-09-19 04:26:58,44,39,3869.0,-2612
2022-09-19 04:26:59,3,3,3869.0,-2609
2022-09-19 04:27:00,18,15,3869.25,-2594
2022-09-19 04:27:01,6,-2,3869.25,-2596
2022-09-19 04:27:02,2,2,3869.25,-2594
2022-09-19 04:27:03,7,2,3869.5,-2592
2022-09-19 04:27:04,2,2,3869.25,-2590
2022-09-19 04:27:06,1,1,3869.5,-2589
2022-09-19 04:27:07,29,-14,3869.25,-2603
2022-09-19 04:27:08,10,-6,3869.0,-2609
2022-09-19 04:27:09,10,2,3869.0,-2607
2022-09-19 04:27:11,18,10,3869.25,-2597
2022-09-19 04:27:12,3,-1,3869.0,-2598
2022-09-19 04:27:13,2,2,3869.0,-2596
2022-09-19 04:27:14,10,0,3869.25,-2596
2022-09-19 04:27:16,2,2,3869.0,-2594
2022-09-19 04:27:19,7,7,3869.0,-2587
2022-09-19 04:27:22,2,-2,3868.75,-2589
2022-09-19 04:27:23,1,-1,3868.75,-2590
2022-09-19 04:27:24,36,6,3869.5,-2584
2022-09-19 04:27:25,1,-1,3869.25,-2585
2022-09-19 04:27:26,6,-4,3869.25,-2589
2022-09-19 04:27:30,8,-8,3868.75,-2597
2022-09-19 04:27:31,4,-4,3868.5,-2601
2022-09-19 04:27:32,8,0,3868.5,-2601
2022-09-19 04:27:33,1,-1,3868.5,-2602
2022-09-19 04:27:35,2,0,3868.5,-2602
2022-09-19 04:27:36,14,-12,3868.25,-2614
2022-09-19 04:27:37,9,-13,3868.0,-2627
2022-09-19 04:27:38,35,-29,3867.75,-2656
2022-09-19 04:27:39,1,-1,3867.5,-2657
2022-09-19 04:27:40,4,2,3867.75,-2655
2022-09-19 04:27:41,2,-2,3867.5,-2657
2022-09-19 04:27:42,14,-1,3867.5,-2658
2022-09-19 04:27:43,8,-3,3867.25,-2661
2022-09-19 04:27:44,2,-2,3867.25,-2663
2022-09-19 04:27:45,6,-6,3867.0,-2669
2022-09-19 04:27:46,7,-1,3867.0,-2670
2022-09-19 04:27:47,3,-1,3867.0,-2671
2022-09-19 04:27:48,7,-1,3867.0,-2672
2022-09-19 04:27:51,8,8,3867.0,-2664
2022-09-19 04:27:52,16,3,3867.25,-2661
2022-09-19 04:27:53,1,1,3867.25,-2660
2022-09-19 04:27:57,1,1,3867.25,-2659
2022-09-19 04:27:58,5,3,3867.25,-2656
2022-09-19 04:27:59,4,4,3867.25,-2652
2022-09-19 04:28:00,1,-1,3867.25,-2653
2022-09-19 04:28:01,2,0,3867.25,-2653
2022-09-19 04:28:02,1,1,3867.25,-2652
2022-09-19 04:28:04,10,8,3867.25,-2644
2022-09-19 04:28:06,4,1,3867.25,-2643
2022-09-19 04:28:07,9,-1,3867.5,-2644
2022-09-19 04:28:10,3,0,3867.25,-2644
2022-09-19 04:28:11,3,-1,3867.25,-2645
2022-09-19 04:28:14,10,4,3867.5,-2641
2022-09-19 04:28:15,35,19,3868.0,-2622
2022-09-19 04:28:21,5,3,3868.0,-2619
2022-09-19 04:28:23,1,1,3868.25,-2618
2022-09-19 04:28:24,6,6,3868.75,-2612
2022-09-19 04:28:25,2,2,3869.0,-2610
2022-09-19 04:28:26,8,-7,3869.0,-2617
2022-09-19 04:28:27,4,3,3869.0,-2614
2022-09-19 04:28:28,4,-4,3869.0,-2618
2022-09-19 04:28:29,2,-2,3868.75,-2620
2022-09-19 04:28:30,1,1,3869.0,-2619
2022-09-19 04:28:33,8,7,3869.25,-2612
2022-09-19 04:28:34,30,-36,3869.0,-2648
2022-09-19 04:28:36,6,5,3869.0,-2643
2022-09-19 04:28:38,1,-1,3869.0,-2644
2022-09-19 04:28:44,22,-15,3868.75,-2659
2022-09-19 04:28:45,6,-5,3868.5,-2664
2022-09-19 04:28:47,1,1,3868.5,-2663
2022-09-19 04:28:48,9,5,3868.5,-2658
2022-09-19 04:28:50,4,-2,3868.5,-2660
2022-09-19 04:28:51,4,1,3868.5,-2659
2022-09-19 04:28:52,5,-3,3868.5,-2662
2022-09-19 04:28:53,14,6,3868.5,-2656
2022-09-19 04:29:00,24,20,3869.25,-2636
2022-09-19 04:29:01,7,-7,3869.0,-2643
2022-09-19 04:29:02,6,4,3869.0,-2639
2022-09-19 04:29:03,9,1,3869.25,-2638
2022-09-19 04:29:05,2,0,3868.75,-2638
2022-09-19 04:29:16,28,9,3869.0,-2629
2022-09-19 04:29:17,8,-8,3868.75,-2637
2022-09-19 04:29:18,1,-1,3868.5,-2638
2022-09-19 04:29:20,4,-2,3868.25,-2640
2022-09-19 04:29:22,10,-10,3868.0,-2650
2022-09-19 04:29:23,1,1,3868.0,-2649
2022-09-19 04:29:25,1,-1,3867.75,-2650
2022-09-19 04:29:27,3,1,3867.75,-2649
2022-09-19 04:29:28,1,-1,3867.75,-2650
2022-09-19 04:29:29,4,-4,3867.5,-2654
2022-09-19 04:29:31,5,5,3867.5,-2649
2022-09-19 04:29:37,5,5,3868.0,-2644
2022-09-19 04:29:38,11,4,3868.0,-2640
2022-09-19 04:29:39,2,-2,3868.0,-2642
2022-09-19 04:29:40,2,0,3868.0,-2642
2022-09-19 04:29:42,3,-1,3867.75,-2643
2022-09-19 04:29:45,1,1,3867.75,-2642
2022-09-19 04:29:46,31,18,3868.0,-2624
2022-09-19 04:29:52,3,-3,3867.5,-2627
2022-09-19 04:29:54,4,-2,3867.5,-2629
2022-09-19 04:29:55,1,1,3867.75,-2628
2022-09-19 04:29:59,5,1,3867.5,-2627
2022-09-19 04:30:00,1,1,3867.5,-2626
2022-09-19 04:30:01,1,1,3867.75,-2625
2022-09-19 04:30:02,6,-2,3867.75,-2627
2022-09-19 04:30:04,4,-4,3867.75,-2631
2022-09-19 04:30:05,1,-1,3867.5,-2632
2022-09-19 04:30:06,25,-13,3867.5,-2645
2022-09-19 04:30:07,3,0,3867.25,-2645
2022-09-19 04:30:10,1,-1,3867.25,-2646
2022-09-19 04:30:11,16,12,3867.5,-2634
2022-09-19 04:30:12,12,6,3867.75,-2628
2022-09-19 04:30:14,2,2,3868.0,-2626
2022-09-19 04:30:15,3,-1,3868.0,-2627
2022-09-19 04:30:16,21,-33,3868.0,-2660
2022-09-19 04:30:18,9,6,3868.0,-2654
2022-09-19 04:30:19,1,1,3868.0,-2653
2022-09-19 04:30:25,5,-5,3868.0,-2658
2022-09-19 04:30:26,3,1,3868.0,-2657
2022-09-19 04:30:28,1,-1,3868.0,-2658
2022-09-19 04:30:32,3,-1,3868.0,-2659
2022-09-19 04:30:33,5,-3,3867.75,-2662
2022-09-19 04:30:35,1,-1,3867.75,-2663
2022-09-19 04:30:37,6,-4,3868.0,-2667
2022-09-19 04:30:38,4,2,3868.0,-2665
2022-09-19 04:30:40,3,-3,3867.75,-2668
2022-09-19 04:30:42,15,-6,3867.5,-2674
2022-09-19 04:30:43,3,-1,3867.5,-2675
2022-09-19 04:30:44,1,1,3867.5,-2674
2022-09-19 04:30:45,1,-1,3867.25,-2675
2022-09-19 04:30:46,7,6,3867.5,-2669
2022-09-19 04:30:47,2,-2,3867.5,-2671
2022-09-19 04:30:48,5,-3,3867.5,-2674
2022-09-19 04:30:50,13,-9,3867.0,-2683
2022-09-19 04:30:52,13,-7,3866.75,-2690
2022-09-19 04:30:54,1,-1,3866.75,-2691
2022-09-19 04:30:56,2,-2,3866.75,-2693
2022-09-19 04:30:59,2,-2,3866.5,-2695
2022-09-19 04:31:01,4,-3,3866.5,-2698
2022-09-19 04:31:05,1,1,3866.5,-2697
2022-09-19 04:31:07,17,5,3866.5,-2692
2022-09-19 04:31:11,3,-1,3866.5,-2693
2022-09-19 04:31:13,1,-1,3866.25,-2694
2022-09-19 04:31:15,11,-5,3866.25,-2699
2022-09-19 04:31:17,1,-1,3866.25,-2700
2022-09-19 04:31:21,8,3,3866.25,-2697
2022-09-19 04:31:22,5,-5,3866.0,-2702
2022-09-19 04:31:23,1,-1,3866.0,-2703
2022-09-19 04:31:24,2,-2,3866.0,-2705
2022-09-19 04:31:27,2,2,3866.25,-2703
2022-09-19 04:31:29,7,6,3866.25,-2697
2022-09-19 04:31:30,8,2,3866.5,-2695
2022-09-19 04:31:31,1,1,3866.5,-2694
2022-09-19 04:31:32,1,-1,3866.25,-2695
2022-09-19 04:31:33,90,-5,3866.5,-2700
2022-09-19 04:31:35,11,-6,3866.5,-2706
2022-09-19 04:31:36,4,4,3866.5,-2702
2022-09-19 04:31:38,1,1,3866.5,-2701
2022-09-19 04:31:40,3,2,3866.5,-2699
2022-09-19 04:31:43,9,2,3866.75,-2697
2022-09-19 04:31:49,1,-1,3866.5,-2698
2022-09-19 04:31:53,1,1,3866.5,-2697
2022-09-19 04:31:54,2,-2,3866.5,-2699
2022-09-19 04:31:56,8,6,3866.75,-2693
2022-09-19 04:32:00,11,6,3867.0,-2687
2022-09-19 04:32:02,2,0,3867.0,-2687
2022-09-19 04:32:05,31,-8,3866.75,-2695
2022-09-19 04:32:09,1,-1,3866.5,-2696
2022-09-19 04:32:11,11,-2,3866.25,-2698
2022-09-19 04:32:14,105,2,3866.5,-2696
2022-09-19 04:32:15,18,-12,3865.75,-2708
2022-09-19 04:32:17,13,9,3866.0,-2699
2022-09-19 04:32:18,1,-1,3866.0,-2700
2022-09-19 04:32:19,3,3,3866.25,-2697
2022-09-19 04:32:22,15,-1,3866.25,-2698
2022-09-19 04:32:24,10,10,3866.25,-2688
2022-09-19 04:32:25,13,12,3866.5,-2676
2022-09-19 04:32:26,5,-1,3866.5,-2677
2022-09-19 04:32:29,1,-1,3866.5,-2678
2022-09-19 04:32:33,5,-5,3866.5,-2683
2022-09-19 04:32:42,2,-2,3866.25,-2685
2022-09-19 04:32:43,16,12,3866.75,-2673
2022-09-19 04:32:44,9,-8,3866.75,-2681
2022-09-19 04:32:47,9,5,3866.75,-2676
2022-09-19 04:32:49,2,-2,3866.75,-2678
2022-09-19 04:32:54,1,-1,3866.5,-2679
2022-09-19 04:32:55,1,1,3866.5,-2678
2022-09-19 04:33:00,6,3,3867.0,-2675
2022-09-19 04:33:01,17,-16,3866.75,-2691
2022-09-19 04:33:02,6,-5,3866.75,-2696
2022-09-19 04:33:03,3,3,3867.0,-2693
2022-09-19 04:33:07,8,4,3867.0,-2689
2022-09-19 04:33:09,3,3,3867.0,-2686
2022-09-19 04:33:10,1,1,3867.0,-2685
2022-09-19 04:33:13,4,4,3867.0,-2681
2022-09-19 04:33:15,1,-1,3867.0,-2682
2022-09-19 04:33:17,1,1,3867.25,-2681
2022-09-19 04:33:22,3,-1,3867.25,-2682
2022-09-19 04:33:23,6,4,3867.25,-2678
2022-09-19 04:33:29,3,-3,3867.25,-2681
2022-09-19 04:33:30,1,1,3867.25,-2680
2022-09-19 04:33:31,5,7,3867.75,-2673
2022-09-19 04:33:32,1,1,3867.75,-2672
2022-09-19 04:33:33,8,-7,3867.5,-2679
2022-09-19 04:33:34,7,7,3867.75,-2672
2022-09-19 04:33:36,1,-1,3867.5,-2673
2022-09-19 04:33:41,8,-7,3867.5,-2680
2022-09-19 04:33:48,5,3,3867.5,-2677
2022-09-19 04:33:49,6,-3,3867.5,-2680
2022-09-19 04:33:52,5,-4,3867.25,-2684
2022-09-19 04:33:53,2,-2,3867.25,-2686
2022-09-19 04:33:54,77,60,3868.0,-2626
2022-09-19 04:33:55,10,-1,3868.0,-2627
2022-09-19 04:33:56,2,1,3867.75,-2626
2022-09-19 04:33:58,4,3,3867.75,-2623
2022-09-19 04:33:59,10,7,3868.0,-2616
2022-09-19 04:34:00,1,-1,3868.0,-2617
2022-09-19 04:34:01,4,4,3868.25,-2613
2022-09-19 04:34:03,4,-4,3868.0,-2617
2022-09-19 04:34:04,7,7,3868.25,-2610
2022-09-19 04:34:07,4,-4,3868.0,-2614
2022-09-19 04:34:08,1,-1,3867.75,-2615
2022-09-19 04:34:10,5,5,3867.75,-2610
2022-09-19 04:34:13,1,1,3867.75,-2609
2022-09-19 04:34:15,1,1,3867.75,-2608
2022-09-19 04:34:17,3,3,3867.75,-2605
2022-09-19 04:34:22,92,-22,3867.5,-2627
2022-09-19 04:34:23,15,-14,3867.0,-2641
2022-09-19 04:34:24,4,2,3866.75,-2639
2022-09-19 04:34:25,1,1,3867.0,-2638
2022-09-19 04:34:31,5,1,3867.0,-2637
2022-09-19 04:34:32,4,-3,3866.75,-2640
2022-09-19 04:34:34,19,4,3867.0,-2636
2022-09-19 04:34:37,3,-1,3866.75,-2637
2022-09-19 04:34:40,10,8,3867.0,-2629
2022-09-19 04:34:43,4,-4,3866.75,-2633
2022-09-19 04:34:44,1,1,3867.0,-2632
2022-09-19 04:34:45,2,-2,3866.75,-2634
2022-09-19 04:34:48,2,-2,3866.75,-2636
2022-09-19 04:34:49,1,-1,3866.75,-2637
2022-09-19 04:34:52,1,-1,3866.75,-2638
2022-09-19 04:34:53,5,-5,3866.75,-2643
2022-09-19 04:34:54,2,-2,3866.5,-2645
2022-09-19 04:34:56,4,2,3866.5,-2643
2022-09-19 04:34:58,1,-1,3866.5,-2644
2022-09-19 04:34:59,2,-2,3866.5,-2646
2022-09-19 04:35:00,2,2,3866.5,-2644
2022-09-19 04:35:01,4,4,3866.75,-2640
2022-09-19 04:35:02,1,-1,3866.5,-2641
2022-09-19 04:35:04,1,1,3866.5,-2640
2022-09-19 04:35:06,21,-14,3866.25,-2654
2022-09-19 04:35:07,2,0,3866.0,-2654
2022-09-19 04:35:08,1,1,3866.0,-2653
2022-09-19 04:35:09,3,-1,3865.75,-2654
2022-09-19 04:35:10,3,0,3866.0,-2654
2022-09-19 04:35:15,1,-1,3866.0,-2655
2022-09-19 04:35:16,1,1,3866.0,-2654
2022-09-19 04:35:22,10,-3,3866.0,-2657
2022-09-19 04:35:23,11,-11,3866.0,-2668
2022-09-19 04:35:24,1,1,3866.0,-2667
2022-09-19 04:35:25,8,0,3866.25,-2667
2022-09-19 04:35:29,23,-13,3866.0,-2680
2022-09-19 04:35:30,6,-6,3865.5,-2686
2022-09-19 04:35:32,20,6,3865.75,-2680
2022-09-19 04:35:33,5,-5,3865.5,-2685
2022-09-19 04:35:34,9,3,3865.5,-2682
2022-09-19 04:35:35,25,14,3865.75,-2668
2022-09-19 04:35:37,2,0,3866.0,-2668
2022-09-19 04:35:42,3,3,3866.0,-2665
2022-09-19 04:35:45,3,1,3866.0,-2664
2022-09-19 04:35:46,3,2,3866.25,-2662
2022-09-19 04:35:47,1,-1,3866.25,-2663
2022-09-19 04:35:49,4,4,3866.5,-2659
2022-09-19 04:35:50,15,10,3867.0,-2649
2022-09-19 04:35:51,4,0,3867.0,-2649
2022-09-19 04:35:52,1,1,3866.75,-2648
2022-09-19 04:35:53,1,1,3866.75,-2647
2022-09-19 04:35:54,4,-1,3866.75,-2648
2022-09-19 04:36:01,4,-2,3866.75,-2650
2022-09-19 04:36:02,6,-2,3866.25,-2652
2022-09-19 04:36:08,19,-17,3866.0,-2669
2022-09-19 04:36:09,1,1,3865.75,-2668
2022-09-19 04:36:10,2,2,3865.75,-2666
2022-09-19 04:36:13,4,-3,3865.75,-2669
2022-09-19 04:36:15,12,7,3866.0,-2662
2022-09-19 04:36:16,2,-2,3865.75,-2664
2022-09-19 04:36:17,4,2,3865.75,-2662
2022-09-19 04:36:21,1,1,3865.75,-2661
2022-09-19 04:36:22,3,-3,3865.5,-2664
2022-09-19 04:36:24,1,-1,3865.5,-2665
2022-09-19 04:36:27,6,6,3865.75,-2659
2022-09-19 04:36:29,10,-2,3866.0,-2661
2022-09-19 04:36:32,2,2,3866.0,-2659
2022-09-19 04:36:37,9,5,3866.0,-2654
2022-09-19 04:36:41,1,1,3866.0,-2653
2022-09-19 04:36:52,4,-4,3865.75,-2657
2022-09-19 04:36:53,5,-3,3865.75,-2660
2022-09-19 04:37:02,3,-3,3865.5,-2663
2022-09-19 04:37:03,5,-3,3865.25,-2666
2022-09-19 04:37:05,11,-9,3865.25,-2675
2022-09-19 04:37:07,7,-4,3865.25,-2679
2022-09-19 04:37:08,7,-7,3865.0,-2686
2022-09-19 04:37:10,6,3,3865.25,-2683
2022-09-19 04:37:13,14,13,3865.75,-2670
2022-09-19 04:37:18,7,-5,3865.75,-2675
2022-09-19 04:37:21,5,3,3865.75,-2672
2022-09-19 04:37:22,4,-4,3865.75,-2676
2022-09-19 04:37:28,6,2,3865.75,-2674
2022-09-19 04:37:30,6,4,3865.75,-2670
2022-09-19 04:37:32,7,-3,3866.0,-2673
2022-09-19 04:37:39,21,1,3866.25,-2672
2022-09-19 04:37:40,2,2,3866.0,-2670
2022-09-19 04:37:41,3,3,3866.0,-2667
2022-09-19 04:37:44,4,4,3866.25,-2663
2022-09-19 04:37:46,10,0,3866.25,-2663
2022-09-19 04:37:49,10,8,3866.25,-2655
2022-09-19 04:37:50,1,-1,3866.25,-2656
2022-09-19 04:37:57,42,5,3866.5,-2651
2022-09-19 04:38:00,12,-3,3866.25,-2654
2022-09-19 04:38:01,8,-8,3866.0,-2662
2022-09-19 04:38:02,1,-1,3865.75,-2663
2022-09-19 04:38:10,12,4,3866.0,-2659
2022-09-19 04:38:12,6,1,3866.25,-2658
2022-09-19 04:38:14,3,3,3866.25,-2655
2022-09-19 04:38:17,9,9,3866.25,-2646
2022-09-19 04:38:18,19,-8,3866.25,-2654
2022-09-19 04:38:21,1,-1,3866.25,-2655
2022-09-19 04:38:22,2,0,3866.25,-2655
2022-09-19 04:38:23,2,-2,3866.0,-2657
2022-09-19 04:38:33,1,-1,3866.0,-2658
2022-09-19 04:38:38,3,-1,3866.0,-2659
2022-09-19 04:38:40,8,7,3866.0,-2652
2022-09-19 04:38:43,3,1,3866.0,-2651
2022-09-19 04:38:46,1,-1,3865.75,-2652
2022-09-19 04:38:52,6,-6,3865.75,-2658
2022-09-19 04:38:53,2,-2,3865.75,-2660
2022-09-19 04:38:56,1,-1,3865.75,-2661
2022-09-19 04:38:57,1,-1,3865.75,-2662
2022-09-19 04:38:58,1,1,3865.75,-2661
2022-09-19 04:39:00,9,-15,3865.5,-2676
2022-09-19 04:39:01,9,-7,3865.25,-2683
2022-09-19 04:39:02,7,1,3865.25,-2682
2022-09-19 04:39:06,1,1,3865.25,-2681
2022-09-19 04:39:07,11,4,3865.25,-2677
2022-09-19 04:39:10,1,1,3865.25,-2676
2022-09-19 04:39:11,20,3,3865.5,-2673
2022-09-19 04:39:12,1,1,3865.5,-2672
2022-09-19 04:39:17,1,1,3865.5,-2671
2022-09-19 04:39:18,30,-8,3865.25,-2679
2022-09-19 04:39:22,10,-1,3865.25,-2680
2022-09-19 04:39:24,3,3,3865.25,-2677
2022-09-19 04:39:26,1,1,3865.25,-2676
2022-09-19 04:39:29,69,-22,3865.0,-2698
2022-09-19 04:39:30,2,-2,3864.75,-2700
2022-09-19 04:39:31,25,4,3865.0,-2696
2022-09-19 04:39:32,3,-3,3865.0,-2699
2022-09-19 04:39:33,2,-2,3865.0,-2701
2022-09-19 04:39:34,1,1,3865.0,-2700
2022-09-19 04:39:38,2,-2,3864.75,-2702
2022-09-19 04:39:41,3,2,3864.75,-2700
2022-09-19 04:39:44,1,1,3864.75,-2699
2022-09-19 04:39:49,3,-3,3864.5,-2702
2022-09-19 04:39:50,2,-2,3864.5,-2704
2022-09-19 04:39:52,6,-3,3864.75,-2707
2022-09-19 04:39:53,14,-8,3864.5,-2715
2022-09-19 04:39:54,8,1,3864.5,-2714
2022-09-19 04:39:55,13,-12,3864.25,-2726
2022-09-19 04:39:56,15,-14,3864.0,-2740
2022-09-19 04:39:57,1,-1,3864.0,-2741
2022-09-19 04:40:01,2,-2,3864.0,-2743
2022-09-19 04:40:03,7,1,3864.25,-2742
2022-09-19 04:40:04,5,-5,3863.75,-2747
2022-09-19 04:40:06,11,2,3864.0,-2745
2022-09-19 04:40:11,9,8,3864.0,-2737
2022-09-19 04:40:13,1,1,3864.25,-2736
2022-09-19 04:40:15,15,12,3864.25,-2724
2022-09-19 04:40:16,27,-6,3864.25,-2730
2022-09-19 04:40:17,5,-5,3863.5,-2735
2022-09-19 04:40:19,5,-5,3863.5,-2740
2022-09-19 04:40:20,8,3,3863.75,-2737
2022-09-19 04:40:22,2,-2,3863.75,-2739
2022-09-19 04:40:23,1,-1,3863.5,-2740
2022-09-19 04:40:24,1,1,3863.75,-2739
2022-09-19 04:40:25,1,1,3863.75,-2738
2022-09-19 04:40:26,5,-5,3863.5,-2743
2022-09-19 04:40:32,1,-1,3863.5,-2744
2022-09-19 04:40:33,9,-7,3863.5,-2751
2022-09-19 04:40:34,3,-3,3863.5,-2754
2022-09-19 04:40:35,7,5,3863.5,-2749
2022-09-19 04:40:36,4,4,3863.75,-2745
2022-09-19 04:40:37,11,1,3863.75,-2744
2022-09-19 04:40:39,165,55,3864.25,-2689
2022-09-19 04:40:40,5,-5,3863.75,-2694
2022-09-19 04:40:41,10,-2,3863.75,-2696
2022-09-19 04:40:43,2,-2,3863.75,-2698
2022-09-19 04:40:44,2,-2,3863.75,-2700
2022-09-19 04:40:47,12,2,3864.0,-2698
2022-09-19 04:40:48,2,0,3864.0,-2698
2022-09-19 04:40:49,12,-2,3864.25,-2700
2022-09-19 04:40:50,6,-4,3864.25,-2704
2022-09-19 04:40:53,1,-1,3864.0,-2705
2022-09-19 04:40:54,1,1,3864.0,-2704
2022-09-19 04:40:55,2,-2,3864.0,-2706
2022-09-19 04:40:57,4,-4,3863.75,-2710
2022-09-19 04:41:00,90,-102,3863.75,-2812
2022-09-19 04:41:04,1,1,3863.5,-2811
2022-09-19 04:41:05,26,11,3863.5,-2800
2022-09-19 04:41:09,23,-16,3863.25,-2816
2022-09-19 04:41:10,1,1,3863.25,-2815
2022-09-19 04:41:11,4,-4,3863.0,-2819
2022-09-19 04:41:12,15,-12,3863.25,-2831
2022-09-19 04:41:13,17,4,3863.25,-2827
2022-09-19 04:41:15,10,2,3863.5,-2825
2022-09-19 04:41:16,2,0,3863.75,-2825
2022-09-19 04:41:17,1,1,3863.75,-2824
2022-09-19 04:41:20,3,2,3863.5,-2822
2022-09-19 04:41:21,11,4,3863.75,-2818
2022-09-19 04:41:22,5,0,3863.75,-2818
2022-09-19 04:41:23,2,-2,3863.5,-2820
2022-09-19 04:41:24,12,11,3863.5,-2809
2022-09-19 04:41:26,14,-9,3863.25,-2818
2022-09-19 04:41:27,1,-1,3863.25,-2819
2022-09-19 04:41:29,2,-2,3863.25,-2821
2022-09-19 04:41:31,2,1,3863.5,-2820
2022-09-19 04:41:32,2,-2,3863.25,-2822
2022-09-19 04:41:34,18,15,3863.75,-2807
2022-09-19 04:41:35,1,-1,3863.75,-2808
2022-09-19 04:41:41,7,0,3863.75,-2808
2022-09-19 04:41:43,10,8,3863.75,-2800
2022-09-19 04:41:44,2,2,3863.75,-2798
2022-09-19 04:41:45,21,-8,3863.5,-2806
2022-09-19 04:41:47,13,-6,3863.25,-2812
2022-09-19 04:41:48,3,-3,3863.0,-2815
2022-09-19 04:41:50,4,-4,3863.25,-2819
2022-09-19 04:41:52,6,2,3863.25,-2817
2022-09-19 04:41:55,1,1,3863.5,-2816
2022-09-19 04:41:57,2,2,3863.5,-2814
2022-09-19 04:41:58,30,2,3863.5,-2812
2022-09-19 04:42:02,17,15,3863.75,-2797
2022-09-19 04:42:04,2,2,3863.75,-2795
2022-09-19 04:42:08,13,-4,3863.5,-2799
2022-09-19 04:42:10,8,6,3863.5,-2793
2022-09-19 04:42:13,18,-7,3863.5,-2800
2022-09-19 04:42:14,2,1,3863.5,-2799
2022-09-19 04:42:17,2,0,3863.5,-2799
2022-09-19 04:42:19,23,12,3864.0,-2787
2022-09-19 04:42:20,4,2,3864.0,-2785
2022-09-19 04:42:22,1,-1,3863.75,-2786
2022-09-19 04:42:23,1,-1,3863.75,-2787
2022-09-19 04:42:24,5,-5,3863.75,-2792
2022-09-19 04:42:30,11,11,3864.0,-2781
2022-09-19 04:42:31,16,13,3864.0,-2768
2022-09-19 04:42:32,10,-4,3863.75,-2772
2022-09-19 04:42:38,3,2,3863.75,-2770
2022-09-19 04:42:39,3,-1,3863.75,-2771
2022-09-19 04:42:40,3,-3,3863.75,-2774
2022-09-19 04:42:46,6,1,3863.75,-2773
2022-09-19 04:42:49,12,14,3864.0,-2759
2022-09-19 04:42:52,2,-2,3863.75,-2761
2022-09-19 04:42:57,2,2,3864.0,-2759
2022-09-19 04:42:59,16,5,3864.0,-2754
2022-09-19 04:43:00,8,-2,3863.75,-2756
2022-09-19 04:43:01,1,1,3863.5,-2755
2022-09-19 04:43:04,3,-2,3863.25,-2757
2022-09-19 04:43:11,17,-3,3863.0,-2760
2022-09-19 04:43:13,5,-3,3862.75,-2763
2022-09-19 04:43:14,6,2,3863.0,-2761
2022-09-19 04:43:15,2,2,3863.0,-2759
2022-09-19 04:43:18,9,-2,3863.0,-2761
2022-09-19 04:43:19,1,1,3863.0,-2760
2022-09-19 04:43:20,3,-3,3863.0,-2763
2022-09-19 04:43:22,1,-1,3863.0,-2764
2022-09-19 04:43:23,15,-15,3863.0,-2779
2022-09-19 04:43:24,12,8,3863.75,-2771
2022-09-19 04:43:27,1,-1,3863.25,-2772
2022-09-19 04:43:28,2,0,3863.5,-2772
2022-09-19 04:43:34,11,-2,3863.5,-2774
2022-09-19 04:43:38,4,3,3863.5,-2771
2022-09-19 04:43:39,4,4,3863.5,-2767
2022-09-19 04:43:40,10,-18,3863.5,-2785
2022-09-19 04:43:43,8,6,3863.5,-2779
2022-09-19 04:43:45,8,-1,3863.5,-2780
2022-09-19 04:43:48,1,-1,3863.25,-2781
2022-09-19 04:43:49,1,1,3863.5,-2780
2022-09-19 04:43:52,3,-3,3863.25,-2783
2022-09-19 04:43:53,1,-1,3863.25,-2784
2022-09-19 04:44:01,4,0,3863.25,-2784
2022-09-19 04:44:04,5,-3,3863.25,-2787
2022-09-19 04:44:05,9,6,3863.25,-2781
2022-09-19 04:44:07,9,-9,3863.0,-2790
2022-09-19 04:44:09,11,0,3863.25,-2790
2022-09-19 04:44:19,2,-2,3863.0,-2792
2022-09-19 04:44:20,1,-1,3863.0,-2793
2022-09-19 04:44:22,5,-3,3863.25,-2796
2022-09-19 04:44:23,2,1,3863.25,-2795
2022-09-19 04:44:25,6,0,3863.25,-2795
2022-09-19 04:44:30,1,-1,3863.0,-2796
2022-09-19 04:44:40,14,12,3863.25,-2784
2022-09-19 04:44:43,28,-8,3863.5,-2792
2022-09-19 04:44:46,1,1,3863.5,-2791
2022-09-19 04:44:50,2,2,3863.5,-2789
2022-09-19 04:44:51,1,-1,3863.5,-2790
2022-09-19 04:44:52,2,0,3863.5,-2790
2022-09-19 04:44:54,1,-1,3863.5,-2791
2022-09-19 04:45:00,4,-3,3863.5,-2794
2022-09-19 04:45:02,6,-4,3863.5,-2798
2022-09-19 04:45:03,1,-1,3863.25,-2799
2022-09-19 04:45:06,31,-11,3863.25,-2810
2022-09-19 04:45:07,28,-13,3863.0,-2823
2022-09-19 04:45:09,21,-14,3862.5,-2837
2022-09-19 04:45:10,2,2,3862.5,-2835
2022-09-19 04:45:14,12,6,3862.5,-2829
2022-09-19 04:45:17,2,-2,3862.5,-2831
2022-09-19 04:45:18,27,-16,3862.5,-2847
2022-09-19 04:45:19,27,-9,3862.25,-2856
2022-09-19 04:45:20,33,-13,3862.0,-2869
2022-09-19 04:45:22,9,-6,3861.75,-2875
2022-09-19 04:45:23,9,-4,3861.75,-2879
2022-09-19 04:45:24,1,-1,3861.5,-2880
2022-09-19 04:45:26,1,-1,3861.5,-2881
2022-09-19 04:45:28,9,4,3861.75,-2877
2022-09-19 04:45:29,4,2,3862.0,-2875
2022-09-19 04:45:31,14,8,3862.0,-2867
2022-09-19 04:45:32,1,1,3862.0,-2866
2022-09-19 04:45:35,8,4,3862.0,-2862
2022-09-19 04:45:36,2,2,3862.0,-2860
2022-09-19 04:45:37,5,5,3862.0,-2855
2022-09-19 04:45:38,1,-1,3861.75,-2856
2022-09-19 04:45:41,6,1,3862.0,-2855
2022-09-19 04:45:42,4,-3,3862.0,-2858
2022-09-19 04:45:43,35,-20,3862.0,-2878
2022-09-19 04:45:44,4,2,3862.25,-2876
2022-09-19 04:45:45,1,1,3862.0,-2875
2022-09-19 04:45:49,7,-7,3862.0,-2882
2022-09-19 04:45:50,14,4,3862.0,-2878
2022-09-19 04:45:51,1,1,3862.0,-2877
2022-09-19 04:45:56,11,0,3862.0,-2877
2022-09-19 04:45:58,11,3,3862.25,-2874
2022-09-19 04:45:59,18,-8,3862.25,-2882
2022-09-19 04:46:01,1,-1,3862.0,-2883
2022-09-19 04:46:03,3,-3,3862.0,-2886
2022-09-19 04:46:05,22,0,3862.5,-2886
2022-09-19 04:46:08,4,0,3862.5,-2886
2022-09-19 04:46:09,1,-1,3862.25,-2887
2022-09-19 04:46:10,1,1,3862.25,-2886
2022-09-19 04:46:13,10,1,3862.25,-2885
2022-09-19 04:46:15,21,-15,3862.25,-2900
2022-09-19 04:46:16,1,1,3862.0,-2899
2022-09-19 04:46:17,3,-3,3862.0,-2902
2022-09-19 04:46:18,2,-2,3862.0,-2904
2022-09-19 04:46:19,6,1,3861.75,-2903
2022-09-19 04:46:21,2,0,3862.0,-2903
2022-09-19 04:46:22,1,-1,3861.5,-2904
2022-09-19 04:46:23,2,0,3861.75,-2904
2022-09-19 04:46:24,8,0,3862.0,-2904
2022-09-19 04:46:25,2,2,3862.0,-2902
2022-09-19 04:46:28,2,2,3862.0,-2900
2022-09-19 04:46:29,2,2,3862.25,-2898
2022-09-19 04:46:31,6,3,3862.0,-2895
2022-09-19 04:46:32,1,1,3862.0,-2894
2022-09-19 04:46:34,2,-2,3861.75,-2896
2022-09-19 04:46:45,3,-3,3861.75,-2899
2022-09-19 04:46:52,9,-9,3861.75,-2908
2022-09-19 04:46:53,16,-13,3861.5,-2921
2022-09-19 04:46:54,1,-1,3861.25,-2922
2022-09-19 04:46:56,12,10,3861.5,-2912
2022-09-19 04:46:58,4,-2,3861.5,-2914
2022-09-19 04:46:59,2,2,3861.5,-2912
2022-09-19 04:47:00,1,-1,3861.5,-2913
2022-09-19 04:47:01,1,1,3861.5,-2912
2022-09-19 04:47:02,6,0,3861.5,-2912
2022-09-19 04:47:05,8,4,3861.5,-2908
2022-09-19 04:47:07,12,-2,3861.25,-2910
2022-09-19 04:47:08,6,0,3861.25,-2910
2022-09-19 04:47:09,1,1,3861.25,-2909
2022-09-19 04:47:12,32,-12,3861.25,-2921
2022-09-19 04:47:16,2,-1,3861.0,-2922
2022-09-19 04:47:20,1,1,3861.25,-2921
2022-09-19 04:47:23,6,-1,3861.0,-2922
2022-09-19 04:47:25,2,2,3861.25,-2920
2022-09-19 04:47:27,59,-28,3861.0,-2948
2022-09-19 04:47:28,24,9,3860.75,-2939
2022-09-19 04:47:29,1,1,3860.75,-2938
2022-09-19 04:47:30,1,1,3860.75,-2937
2022-09-19 04:47:31,16,-13,3860.5,-2950
2022-09-19 04:47:32,19,15,3860.25,-2935
2022-09-19 04:47:33,8,7,3860.5,-2928
2022-09-19 04:47:36,11,7,3860.75,-2921
2022-09-19 04:47:37,4,2,3860.75,-2919
2022-09-19 04:47:38,6,-3,3860.75,-2922
2022-09-19 04:47:39,23,5,3860.75,-2917
2022-09-19 04:47:40,1,1,3860.75,-2916
2022-09-19 04:47:41,1,1,3860.75,-2915
2022-09-19 04:47:43,5,-4,3860.5,-2919
2022-09-19 04:47:44,1,-1,3860.5,-2920
2022-09-19 04:47:45,4,4,3860.75,-2916
2022-09-19 04:47:49,6,-3,3860.75,-2919
2022-09-19 04:47:51,7,-5,3860.75,-2924
2022-09-19 04:47:53,5,-5,3860.5,-2929
2022-09-19 04:47:54,3,-3,3860.25,-2932
2022-09-19 04:47:55,1,1,3860.5,-2931
2022-09-19 04:47:56,11,6,3860.5,-2925
2022-09-19 04:47:57,5,5,3860.5,-2920
2022-09-19 04:48:00,2,2,3860.5,-2918
2022-09-19 04:48:01,3,-3,3860.25,-2921
2022-09-19 04:48:02,6,-6,3860.25,-2927
2022-09-19 04:48:03,7,4,3860.25,-2923
2022-09-19 04:48:07,30,-4,3860.25,-2927
2022-09-19 04:48:10,4,-4,3860.25,-2931
2022-09-19 04:48:11,8,5,3860.5,-2926
2022-09-19 04:48:12,7,6,3860.75,-2920
2022-09-19 04:48:13,4,-4,3860.75,-2924
2022-09-19 04:48:14,1,1,3860.75,-2923
2022-09-19 04:48:15,1,-1,3860.75,-2924
2022-09-19 04:48:17,16,9,3861.0,-2915
2022-09-19 04:48:18,16,-7,3861.0,-2922
2022-09-19 04:48:19,4,-4,3860.75,-2926
2022-09-19 04:48:20,5,3,3861.25,-2923
2022-09-19 04:48:21,2,2,3861.25,-2921
2022-09-19 04:48:22,3,3,3861.25,-2918
2022-09-19 04:48:23,14,8,3861.25,-2910
2022-09-19 04:48:24,2,1,3861.25,-2909
2022-09-19 04:48:25,5,-3,3861.25,-2912
2022-09-19 04:48:27,15,-9,3861.0,-2921
2022-09-19 04:48:34,1,1,3861.0,-2920
2022-09-19 04:48:38,6,4,3861.0,-2916
2022-09-19 04:48:40,6,-6,3861.0,-2922
2022-09-19 04:48:43,1,1,3861.0,-2921
2022-09-19 04:48:45,13,9,3861.0,-2912
2022-09-19 04:48:48,1,1,3861.0,-2911
2022-09-19 04:48:50,3,-1,3861.0,-2912
2022-09-19 04:48:53,7,-7,3860.75,-2919
2022-09-19 04:48:54,19,-4,3860.75,-2923
2022-09-19 04:48:55,1,-1,3860.5,-2924
2022-09-19 04:48:57,4,0,3860.5,-2924
2022-09-19 04:48:58,3,-1,3860.5,-2925
2022-09-19 04:49:00,1,1,3860.5,-2924
2022-09-19 04:49:05,19,7,3860.5,-2917
2022-09-19 04:49:06,1,1,3860.5,-2916
2022-09-19 04:49:15,18,8,3860.5,-2908
2022-09-19 04:49:16,2,2,3860.5,-2906
2022-09-19 04:49:18,1,1,3860.75,-2905
2022-09-19 04:49:20,7,7,3861.0,-2898
2022-09-19 04:49:22,4,2,3861.0,-2896
2022-09-19 04:49:23,5,-1,3860.75,-2897
2022-09-19 04:49:24,3,2,3860.75,-2895
2022-09-19 04:49:27,72,14,3862.0,-2881
2022-09-19 04:49:28,4,2,3861.5,-2879
2022-09-19 04:49:29,1,-1,3861.25,-2880
2022-09-19 04:49:30,1,-1,3861.5,-2881
2022-09-19 04:49:31,10,10,3861.75,-2871
2022-09-19 04:49:33,14,-14,3861.75,-2885
2022-09-19 04:49:36,6,-3,3861.75,-2888
2022-09-19 04:49:40,30,10,3862.0,-2878
2022-09-19 04:49:42,9,7,3862.25,-2871
2022-09-19 04:49:43,5,1,3862.5,-2870
2022-09-19 04:49:44,3,2,3862.25,-2868
2022-09-19 04:49:46,3,1,3862.5,-2867
2022-09-19 04:49:48,12,-7,3862.25,-2874
2022-09-19 04:49:49,8,6,3862.5,-2868
2022-09-19 04:49:50,2,2,3862.75,-2866
2022-09-19 04:49:54,1,-1,3862.25,-2867
2022-09-19 04:49:55,13,-7,3862.25,-2874
2022-09-19 04:49:57,1,1,3862.0,-2873
2022-09-19 04:50:05,7,-7,3861.75,-2880
2022-09-19 04:50:06,4,-1,3861.5,-2881
2022-09-19 04:50:09,9,7,3862.0,-2874
2022-09-19 04:50:10,9,9,3862.0,-2865
2022-09-19 04:50:11,4,-3,3861.75,-2868
2022-09-19 04:50:12,1,1,3862.0,-2867
2022-09-19 04:50:13,1,1,3862.0,-2866
2022-09-19 04:50:16,4,4,3862.0,-2862
2022-09-19 04:50:17,9,2,3862.25,-2860
2022-09-19 04:50:18,5,4,3862.25,-2856
2022-09-19 04:50:22,13,3,3862.5,-2853
2022-09-19 04:50:25,11,-7,3862.5,-2860
2022-09-19 04:50:27,1,-1,3862.25,-2861
2022-09-19 04:50:28,3,-1,3862.5,-2862
2022-09-19 04:50:29,4,4,3862.75,-2858
2022-09-19 04:50:32,9,3,3862.75,-2855
2022-09-19 04:50:34,2,0,3862.5,-2855
2022-09-19 04:50:40,10,-10,3862.5,-2865
2022-09-19 04:50:42,34,15,3862.5,-2850
2022-09-19 04:50:44,59,36,3863.25,-2814
2022-09-19 04:50:46,5,-3,3862.75,-2817
2022-09-19 04:50:48,1,1,3863.0,-2816
2022-09-19 04:50:50,25,5,3863.0,-2811
2022-09-19 04:50:51,1,-1,3862.75,-2812
2022-09-19 04:50:53,1,1,3863.0,-2811
2022-09-19 04:50:55,3,1,3863.0,-2810
2022-09-19 04:50:56,1,1,3863.0,-2809
2022-09-19 04:50:58,3,-3,3862.75,-2812
2022-09-19 04:50:59,1,1,3863.0,-2811
2022-09-19 04:51:01,9,-4,3862.5,-2815
2022-09-19 04:51:02,1,-1,3862.5,-2816
2022-09-19 04:51:10,11,7,3862.5,-2809
2022-09-19 04:51:12,1,1,3862.5,-2808
2022-09-19 04:51:16,10,-8,3862.5,-2816
2022-09-19 04:51:18,2,-2,3862.25,-2818
2022-09-19 04:51:20,5,4,3862.5,-2814
2022-09-19 04:51:22,1,1,3862.5,-2813
2022-09-19 04:51:23,12,5,3862.75,-2808
2022-09-19 04:51:25,1,1,3862.75,-2807
2022-09-19 04:51:27,11,3,3862.75,-2804
2022-09-19 04:51:31,3,3,3863.0,-2801
2022-09-19 04:51:32,15,-7,3863.0,-2808
2022-09-19 04:51:37,1,-1,3862.75,-2809
2022-09-19 04:51:38,6,0,3862.75,-2809
2022-09-19 04:51:40,3,-3,3862.75,-2812
2022-09-19 04:51:41,6,6,3863.0,-2806
2022-09-19 04:51:42,2,-2,3863.0,-2808
2022-09-19 04:51:46,10,3,3863.25,-2805
2022-09-19 04:51:48,1,-1,3863.0,-2806
2022-09-19 04:51:49,13,-12,3863.0,-2818
2022-09-19 04:51:52,9,-3,3863.25,-2821
2022-09-19 04:51:54,5,0,3863.25,-2821
2022-09-19 04:52:00,8,-4,3863.0,-2825
2022-09-19 04:52:01,1,-1,3863.0,-2826
2022-09-19 04:52:02,1,-1,3862.75,-2827
2022-09-19 04:52:03,5,-5,3862.75,-2832
2022-09-19 04:52:04,2,-2,3862.5,-2834
2022-09-19 04:52:05,5,1,3862.75,-2833
2022-09-19 04:52:06,1,-1,3862.75,-2834
2022-09-19 04:52:07,3,3,3862.75,-2831
2022-09-19 04:52:09,1,-1,3862.75,-2832
2022-09-19 04:52:10,10,2,3862.75,-2830
2022-09-19 04:52:13,7,-3,3862.75,-2833
2022-09-19 04:52:15,1,1,3862.5,-2832
2022-09-19 04:52:18,2,-2,3862.25,-2834
2022-09-19 04:52:21,6,-1,3862.5,-2835
2022-09-19 04:52:22,1,-1,3862.25,-2836
2022-09-19 04:52:23,5,-3,3862.75,-2839
2022-09-19 04:52:28,3,3,3862.75,-2836
2022-09-19 04:52:32,3,-3,3862.75,-2839
2022-09-19 04:52:33,5,-5,3862.5,-2844
2022-09-19 04:52:34,8,2,3862.5,-2842
2022-09-19 04:52:35,5,-5,3862.25,-2847
2022-09-19 04:52:38,8,-6,3862.25,-2853
2022-09-19 04:52:39,1,-1,3862.0,-2854
2022-09-19 04:52:47,17,-3,3862.25,-2857
2022-09-19 04:52:50,1,-1,3862.25,-2858
2022-09-19 04:52:52,8,-8,3862.0,-2866
2022-09-19 04:52:53,1,-1,3862.0,-2867
2022-09-19 04:52:54,4,4,3862.0,-2863
2022-09-19 04:52:55,1,1,3862.0,-2862
2022-09-19 04:52:58,24,-16,3861.75,-2878
2022-09-19 04:52:59,1,-1,3861.75,-2879
2022-09-19 04:53:00,2,0,3861.75,-2879
2022-09-19 04:53:02,1,-1,3861.75,-2880
2022-09-19 04:53:03,1,1,3861.75,-2879
2022-09-19 04:53:06,2,-2,3861.75,-2881
2022-09-19 04:53:10,13,6,3862.0,-2875
2022-09-19 04:53:14,2,-2,3861.75,-2877
2022-09-19 04:53:18,2,-2,3861.75,-2879
2022-09-19 04:53:19,3,-3,3861.75,-2882
2022-09-19 04:53:23,4,-4,3861.75,-2886
2022-09-19 04:53:25,1,-1,3861.75,-2887
2022-09-19 04:53:29,2,-2,3861.75,-2889
2022-09-19 04:53:30,6,4,3862.0,-2885
2022-09-19 04:53:32,4,-4,3862.0,-2889
2022-09-19 04:53:40,29,-11,3862.25,-2900
2022-09-19 04:53:44,1,1,3861.5,-2899
2022-09-19 04:53:48,4,-4,3861.25,-2903
2022-09-19 04:53:50,9,-8,3861.0,-2911
2022-09-19 04:53:51,25,25,3861.5,-2886
2022-09-19 04:53:52,3,-3,3861.0,-2889
2022-09-19 04:53:53,15,-7,3861.0,-2896
2022-09-19 04:53:54,5,-5,3861.0,-2901
2022-09-19 04:53:55,5,3,3861.25,-2898
2022-09-19 04:53:59,7,-7,3861.25,-2905
2022-09-19 04:54:01,22,-6,3861.0,-2911
2022-09-19 04:54:03,2,2,3861.0,-2909
2022-09-19 04:54:06,47,-24,3860.75,-2933
2022-09-19 04:54:07,4,-4,3860.75,-2937
2022-09-19 04:54:08,2,0,3860.75,-2937
2022-09-19 04:54:10,31,7,3860.75,-2930
2022-09-19 04:54:11,1,-1,3860.75,-2931
2022-09-19 04:54:12,1,1,3861.0,-2930
2022-09-19 04:54:17,1,1,3861.0,-2929
2022-09-19 04:54:20,1,-1,3860.75,-2930
2022-09-19 04:54:22,3,-3,3860.75,-2933
2022-09-19 04:54:24,2,-2,3860.75,-2935
2022-09-19 04:54:26,2,-2,3860.75,-2937
2022-09-19 04:54:28,8,-8,3860.75,-2945
2022-09-19 04:54:31,1,-1,3860.5,-2946
2022-09-19 04:54:33,2,-2,3860.5,-2948
2022-09-19 04:54:37,13,16,3861.0,-2932
2022-09-19 04:54:38,1,1,3861.0,-2931
2022-09-19 04:54:39,11,-3,3861.0,-2934
2022-09-19 04:54:43,6,-2,3861.0,-2936
2022-09-19 04:54:45,1,1,3861.0,-2935
2022-09-19 04:54:49,23,-19,3860.75,-2954
2022-09-19 04:54:51,6,4,3860.75,-2950
2022-09-19 04:54:52,2,-2,3860.5,-2952
2022-09-19 04:54:53,1,-1,3860.5,-2953
2022-09-19 04:54:54,20,18,3860.75,-2935
2022-09-19 04:54:56,1,-1,3860.5,-2936
2022-09-19 04:54:58,21,-31,3860.75,-2967
2022-09-19 04:55:00,9,6,3860.75,-2961
2022-09-19 04:55:10,5,-1,3860.5,-2962
2022-09-19 04:55:11,12,-6,3860.25,-2968
2022-09-19 04:55:12,2,2,3860.25,-2966
2022-09-19 04:55:13,1,1,3860.25,-2965
2022-09-19 04:55:16,6,-4,3860.0,-2969
2022-09-19 04:55:20,1,-1,3860.0,-2970
2022-09-19 04:55:22,36,25,3860.5,-2945
2022-09-19 04:55:23,9,-9,3860.25,-2954
2022-09-19 04:55:24,5,1,3860.25,-2953
2022-09-19 04:55:27,2,-2,3860.0,-2955
2022-09-19 04:55:29,14,-7,3860.25,-2962
2022-09-19 04:55:31,7,5,3860.25,-2957
2022-09-19 04:55:32,15,3,3860.25,-2954
2022-09-19 04:55:33,63,-19,3860.0,-2973
2022-09-19 04:55:34,11,1,3859.75,-2972
2022-09-19 04:55:36,2,2,3859.75,-2970
2022-09-19 04:55:38,9,-10,3859.5,-2980
2022-09-19 04:55:39,58,-35,3859.25,-3015
2022-09-19 04:55:40,2,-2,3859.0,-3017
2022-09-19 04:55:41,21,-3,3859.25,-3020
2022-09-19 04:55:42,4,4,3859.25,-3016
2022-09-19 04:55:44,16,-1,3859.25,-3017
2022-09-19 04:55:46,14,-9,3859.0,-3026
2022-09-19 04:55:50,16,-10,3859.0,-3036
2022-09-19 04:55:51,12,1,3859.0,-3035
2022-09-19 04:55:52,6,-6,3858.75,-3041
2022-09-19 04:55:53,18,-4,3859.0,-3045
2022-09-19 04:55:54,13,-6,3858.75,-3051
2022-09-19 04:55:55,15,-3,3859.0,-3054
2022-09-19 04:55:56,13,-8,3858.75,-3062
2022-09-19 04:55:58,35,-20,3858.5,-3082
2022-09-19 04:55:59,646,-354,3858.5,-3436
2022-09-19 04:56:00,105,16,3857.0,-3420
2022-09-19 04:56:01,46,-9,3857.0,-3429
2022-09-19 04:56:02,26,19,3857.0,-3410
2022-09-19 04:56:03,11,11,3857.5,-3399
2022-09-19 04:56:04,5,5,3857.25,-3394
2022-09-19 04:56:05,6,5,3857.25,-3389
2022-09-19 04:56:06,31,-24,3857.25,-3413
2022-09-19 04:56:07,31,-9,3857.0,-3422
2022-09-19 04:56:08,66,-17,3856.75,-3439
2022-09-19 04:56:09,3,-1,3856.5,-3440
2022-09-19 04:56:10,35,-8,3856.25,-3448
2022-09-19 04:56:11,61,-3,3856.25,-3451
2022-09-19 04:56:12,12,-11,3856.0,-3462
2022-09-19 04:56:13,9,-7,3856.0,-3469
2022-09-19 04:56:14,21,-5,3856.0,-3474
2022-09-19 04:56:15,24,13,3856.25,-3461
2022-09-19 04:56:16,15,-8,3856.0,-3469
2022-09-19 04:56:17,1,1,3856.0,-3468
2022-09-19 04:56:18,26,-6,3856.0,-3474
2022-09-19 04:56:20,17,10,3856.0,-3464
2022-09-19 04:56:21,4,2,3856.0,-3462
2022-09-19 04:56:22,6,0,3856.0,-3462
2022-09-19 04:56:23,15,7,3856.25,-3455
2022-09-19 04:56:24,1,-1,3856.0,-3456
2022-09-19 04:56:25,30,10,3856.25,-3446
2022-09-19 04:56:26,15,-14,3856.25,-3460
2022-09-19 04:56:27,11,0,3855.75,-3460
2022-09-19 04:56:28,1,1,3856.0,-3459
2022-09-19 04:56:30,6,6,3856.0,-3453
2022-09-19 04:56:31,11,-10,3856.0,-3463
2022-09-19 04:56:32,20,-29,3856.25,-3492
2022-09-19 04:56:33,1,1,3856.0,-3491
2022-09-19 04:56:34,16,11,3856.0,-3480
2022-09-19 04:56:35,9,2,3856.25,-3478
2022-09-19 04:56:36,3,2,3856.25,-3476
2022-09-19 04:56:37,14,-11,3856.25,-3487
2022-09-19 04:56:40,52,-47,3856.0,-3534
2022-09-19 04:56:42,14,6,3856.0,-3528
2022-09-19 04:56:43,257,151,3857.25,-3377
2022-09-19 04:56:44,2,2,3857.25,-3375
2022-09-19 04:56:45,30,-16,3857.25,-3391
2022-09-19 04:56:46,5,-2,3857.25,-3393
2022-09-19 04:56:47,4,4,3857.25,-3389
2022-09-19 04:56:48,9,9,3857.5,-3380
2022-09-19 04:56:49,2,0,3857.5,-3380
2022-09-19 04:56:50,15,-2,3857.25,-3382
2022-09-19 04:56:51,13,9,3857.25,-3373
2022-09-19 04:56:52,5,-1,3857.25,-3374
2022-09-19 04:56:53,1,-1,3857.25,-3375
2022-09-19 04:56:54,10,4,3857.5,-3371
2022-09-19 04:56:55,31,12,3858.0,-3359
2022-09-19 04:56:56,16,5,3857.75,-3354
2022-09-19 04:57:00,15,-5,3858.0,-3359
2022-09-19 04:57:01,11,-2,3858.0,-3361
2022-09-19 04:57:05,2,-2,3857.75,-3363
2022-09-19 04:57:07,14,-12,3857.75,-3375
2022-09-19 04:57:08,1,-1,3857.75,-3376
2022-09-19 04:57:09,1,-1,3857.75,-3377
2022-09-19 04:57:10,1,-1,3857.75,-3378
2022-09-19 04:57:14,4,-3,3857.75,-3381
2022-09-19 04:57:15,3,1,3857.75,-3380
2022-09-19 04:57:18,1,1,3858.0,-3379
2022-09-19 04:57:20,17,-6,3857.75,-3385
2022-09-19 04:57:21,1,1,3857.75,-3384
2022-09-19 04:57:23,12,-12,3857.75,-3396
2022-09-19 04:57:24,1,-1,3857.5,-3397
2022-09-19 04:57:25,6,-6,3857.25,-3403
2022-09-19 04:57:26,70,-9,3857.25,-3412
2022-09-19 04:57:28,1,-1,3857.0,-3413
2022-09-19 04:57:29,196,-66,3857.25,-3479
2022-09-19 04:57:30,89,-43,3857.0,-3522
2022-09-19 04:57:32,4,-3,3857.0,-3525
2022-09-19 04:57:33,68,-8,3857.0,-3533
2022-09-19 04:57:34,18,0,3857.0,-3533
2022-09-19 04:57:35,24,2,3857.25,-3531
2022-09-19 04:57:36,6,2,3857.0,-3529
2022-09-19 04:57:37,2,-1,3857.0,-3530
2022-09-19 04:57:38,3,1,3857.25,-3529
2022-09-19 04:57:39,1,1,3857.25,-3528
2022-09-19 04:57:40,4,0,3857.25,-3528
2022-09-19 04:57:41,4,1,3857.25,-3527
2022-09-19 04:57:42,1,-1,3857.0,-3528
2022-09-19 04:57:43,2,2,3857.25,-3526
2022-09-19 04:57:44,4,3,3857.25,-3523
2022-09-19 04:57:46,2,2,3857.25,-3521
2022-09-19 04:57:47,40,10,3857.5,-3511
2022-09-19 04:57:48,1,1,3857.75,-3510
2022-09-19 04:57:50,1,-1,3857.75,-3511
2022-09-19 04:57:51,1,1,3858.0,-3510
2022-09-19 04:57:53,27,13,3858.25,-3497
2022-09-19 04:57:54,54,-19,3858.25,-3516
2022-09-19 04:57:55,2,2,3858.25,-3514
2022-09-19 04:57:56,1,-1,3858.0,-3515
2022-09-19 04:57:57,3,-1,3858.25,-3516
2022-09-19 04:57:58,20,13,3858.25,-3503
2022-09-19 04:57:59,20,-3,3858.5,-3506
2022-09-19 04:58:00,15,7,3858.5,-3499
2022-09-19 04:58:01,6,2,3858.75,-3497
2022-09-19 04:58:03,7,1,3858.5,-3496
2022-09-19 04:58:04,1,1,3858.75,-3495
2022-09-19 04:58:06,11,-10,3858.5,-3505
2022-09-19 04:58:07,1,-1,3858.25,-3506
2022-09-19 04:58:10,13,-9,3858.25,-3515
2022-09-19 04:58:13,11,-11,3858.25,-3526
2022-09-19 04:58:17,1,1,3858.5,-3525
2022-09-19 04:58:18,15,-12,3858.5,-3537
2022-09-19 04:58:19,6,1,3858.5,-3536
2022-09-19 04:58:20,1,-1,3858.25,-3537
2022-09-19 04:58:22,5,5,3858.5,-3532
2022-09-19 04:58:23,6,-6,3858.25,-3538
2022-09-19 04:58:24,1,1,3858.5,-3537
2022-09-19 04:58:25,23,-17,3858.5,-3554
2022-09-19 04:58:28,2,2,3858.5,-3552
2022-09-19 04:58:30,5,1,3858.25,-3551
2022-09-19 04:58:31,17,-5,3858.25,-3556
2022-09-19 04:58:36,1,-1,3857.75,-3557
2022-09-19 04:58:38,2,-2,3857.75,-3559
2022-09-19 04:58:47,8,6,3858.0,-3553
2022-09-19 04:58:50,5,1,3858.0,-3552
2022-09-19 04:58:51,6,5,3858.0,-3547
2022-09-19 04:58:53,5,-4,3857.5,-3551
2022-09-19 04:58:54,4,-3,3857.5,-3554
2022-09-19 04:58:56,2,-2,3857.5,-3556
2022-09-19 04:58:59,1,1,3857.75,-3555
2022-09-19 04:59:02,3,3,3857.75,-3552
2022-09-19 04:59:05,5,3,3857.75,-3549
2022-09-19 04:59:06,2,-2,3857.75,-3551
2022-09-19 04:59:07,4,4,3857.75,-3547
2022-09-19 04:59:08,9,-5,3857.75,-3552
2022-09-19 04:59:09,2,2,3857.75,-3550
2022-09-19 04:59:11,1,1,3857.75,-3549
2022-09-19 04:59:13,2,0,3858.0,-3549
2022-09-19 04:59:14,1,-1,3857.75,-3550
2022-09-19 04:59:17,14,10,3858.0,-3540
2022-09-19 04:59:18,3,-3,3858.0,-3543
2022-09-19 04:59:19,6,-6,3857.75,-3549
2022-09-19 04:59:20,1,1,3857.75,-3548
2022-09-19 04:59:21,13,-7,3857.5,-3555
2022-09-19 04:59:23,9,-9,3857.25,-3564
2022-09-19 04:59:28,2,2,3857.5,-3562
2022-09-19 04:59:36,11,-6,3857.25,-3568
2022-09-19 04:59:38,24,-18,3856.75,-3586
2022-09-19 04:59:39,8,-5,3856.5,-3591
2022-09-19 04:59:40,1,-1,3856.25,-3592
2022-09-19 04:59:42,2,-2,3856.5,-3594
2022-09-19 04:59:44,12,-1,3856.75,-3595
2022-09-19 04:59:45,2,2,3856.75,-3593
2022-09-19 04:59:46,1,1,3856.75,-3592
2022-09-19 04:59:48,1,1,3856.75,-3591
2022-09-19 04:59:50,10,3,3856.75,-3588
2022-09-19 04:59:51,1,-1,3856.75,-3589
2022-09-19 04:59:52,3,-3,3856.5,-3592
2022-09-19 04:59:53,7,-2,3856.5,-3594
2022-09-19 04:59:54,5,-1,3856.75,-3595
2022-09-19 04:59:55,1,-1,3856.75,-3596
2022-09-19 04:59:56,1,-1,3856.75,-3597
2022-09-19 04:59:57,10,-1,3857.0,-3598
2022-09-19 04:59:58,2,-2,3856.5,-3600
2022-09-19 05:00:00,10,-3,3856.75,-3603
2022-09-19 05:00:01,8,5,3856.75,-3598
2022-09-19 05:00:02,5,5,3856.75,-3593
2022-09-19 05:00:05,22,8,3857.25,-3585
2022-09-19 05:00:06,15,-1,3857.5,-3586
2022-09-19 05:00:07,7,-7,3857.5,-3593
2022-09-19 05:00:09,2,1,3857.5,-3592
2022-09-19 05:00:10,1,-1,3857.25,-3593
2022-09-19 05:00:11,25,0,3857.5,-3593
2022-09-19 05:00:13,1,1,3857.5,-3592
2022-09-19 05:00:14,3,-1,3857.5,-3593
2022-09-19 05:00:15,1,1,3857.5,-3592
2022-09-19 05:00:16,22,19,3857.75,-3573
2022-09-19 05:00:17,6,2,3857.75,-3571
2022-09-19 05:00:18,2,2,3857.75,-3569
2022-09-19 05:00:19,2,2,3857.75,-3567
2022-09-19 05:00:20,16,9,3858.0,-3558
2022-09-19 05:00:21,20,-11,3858.0,-3569
2022-09-19 05:00:22,8,-6,3858.0,-3575
2022-09-19 05:00:24,1,1,3858.0,-3574
2022-09-19 05:00:25,5,0,3858.0,-3574
2022-09-19 05:00:29,8,2,3858.25,-3572
2022-09-19 05:00:30,4,-3,3857.75,-3575
2022-09-19 05:00:31,4,-2,3858.0,-3577
2022-09-19 05:00:32,1,1,3858.0,-3576
2022-09-19 05:00:33,2,2,3858.0,-3574
2022-09-19 05:00:36,14,7,3858.25,-3567
2022-09-19 05:00:37,9,7,3858.25,-3560
2022-09-19 05:00:38,28,-20,3858.25,-3580
2022-09-19 05:00:41,23,-12,3857.75,-3592
2022-09-19 05:00:44,1,1,3857.75,-3591
2022-09-19 05:00:47,42,-9,3857.75,-3600
2022-09-19 05:00:51,6,-3,3857.5,-3603
2022-09-19 05:00:52,2,2,3857.5,-3601
2022-09-19 05:00:53,1,-1,3857.5,-3602
2022-09-19 05:00:57,1,1,3857.75,-3601
2022-09-19 05:00:58,1,1,3857.75,-3600
2022-09-19 05:00:59,1,1,3857.75,-3599
2022-09-19 05:01:01,2,-2,3857.5,-3601
2022-09-19 05:01:02,4,4,3857.5,-3597
2022-09-19 05:01:03,8,-3,3857.5,-3600
2022-09-19 05:01:05,6,4,3857.5,-3596
2022-09-19 05:01:08,16,4,3857.75,-3592
2022-09-19 05:01:10,9,4,3857.75,-3588
2022-09-19 05:01:11,2,-2,3857.5,-3590
2022-09-19 05:01:12,3,3,3857.75,-3587
2022-09-19 05:01:13,3,-3,3857.75,-3590
2022-09-19 05:01:14,37,-15,3857.5,-3605
2022-09-19 05:01:17,8,-6,3857.0,-3611
2022-09-19 05:01:18,13,6,3857.25,-3605
2022-09-19 05:01:19,5,1,3857.25,-3604
2022-09-19 05:01:20,15,3,3857.25,-3601
2022-09-19 05:01:21,2,2,3857.5,-3599
2022-09-19 05:01:22,3,3,3857.5,-3596
2022-09-19 05:01:23,8,-6,3857.5,-3602
2022-09-19 05:01:24,5,-5,3857.25,-3607
2022-09-19 05:01:29,2,2,3857.25,-3605
2022-09-19 05:01:31,3,3,3857.25,-3602
2022-09-19 05:01:32,6,0,3857.25,-3602
2022-09-19 05:01:35,13,-5,3857.0,-3607
2022-09-19 05:01:36,16,-7,3856.75,-3614
2022-09-19 05:01:38,15,-11,3856.75,-3625
2022-09-19 05:01:39,8,3,3856.75,-3622
2022-09-19 05:01:40,19,-17,3856.5,-3639
2022-09-19 05:01:41,16,3,3856.75,-3636
2022-09-19 05:01:42,16,5,3857.25,-3631
2022-09-19 05:01:43,1,1,3857.25,-3630
2022-09-19 05:01:46,3,3,3857.5,-3627
2022-09-19 05:01:47,8,5,3857.5,-3622
2022-09-19 05:01:48,1,-1,3857.25,-3623
2022-09-19 05:01:49,1,-1,3857.5,-3624
2022-09-19 05:01:58,7,-7,3857.5,-3631
2022-09-19 05:01:59,4,4,3857.75,-3627
2022-09-19 05:02:00,2,-2,3857.5,-3629
2022-09-19 05:02:01,1,1,3857.5,-3628
2022-09-19 05:02:05,5,-5,3857.25,-3633
2022-09-19 05:02:09,7,1,3857.25,-3632
2022-09-19 05:02:11,6,-4,3857.0,-3636
2022-09-19 05:02:13,21,-22,3857.25,-3658
2022-09-19 05:02:16,7,5,3857.25,-3653
2022-09-19 05:02:17,2,2,3857.25,-3651
2022-09-19 05:02:18,1,-1,3857.25,-3652
2022-09-19 05:02:19,1,1,3857.5,-3651
2022-09-19 05:02:22,3,-1,3857.5,-3652
2022-09-19 05:02:23,1,-1,3857.25,-3653
2022-09-19 05:02:24,3,3,3857.25,-3650
2022-09-19 05:02:25,1,1,3857.5,-3649
2022-09-19 05:02:26,1,1,3857.5,-3648
2022-09-19 05:02:28,1,1,3857.5,-3647
2022-09-19 05:02:36,4,4,3857.5,-3643
2022-09-19 05:02:41,14,5,3857.5,-3638
2022-09-19 05:02:42,1,-1,3857.25,-3639
2022-09-19 05:02:43,1,1,3857.25,-3638
2022-09-19 05:02:46,1,1,3857.25,-3637
2022-09-19 05:02:48,4,-4,3857.0,-3641
2022-09-19 05:02:50,3,3,3857.25,-3638
2022-09-19 05:02:51,1,-1,3857.0,-3639
2022-09-19 05:02:52,11,3,3857.25,-3636
2022-09-19 05:02:53,7,-5,3857.25,-3641
2022-09-19 05:02:56,8,-6,3857.0,-3647
2022-09-19 05:02:59,4,2,3856.75,-3645
2022-09-19 05:03:00,5,-1,3856.75,-3646
2022-09-19 05:03:01,2,0,3856.75,-3646
2022-09-19 05:03:02,3,3,3856.75,-3643
2022-09-19 05:03:05,2,2,3856.75,-3641
2022-09-19 05:03:06,10,-2,3856.5,-3643
2022-09-19 05:03:07,11,6,3856.75,-3637
2022-09-19 05:03:11,3,3,3856.75,-3634
2022-09-19 05:03:13,2,2,3856.75,-3632
2022-09-19 05:03:14,44,7,3857.25,-3625
2022-09-19 05:03:15,6,6,3857.75,-3619
2022-09-19 05:03:16,9,-1,3857.75,-3620
2022-09-19 05:03:17,2,0,3857.5,-3620
2022-09-19 05:03:18,10,-2,3857.5,-3622
2022-09-19 05:03:20,2,2,3857.5,-3620
2022-09-19 05:03:21,2,2,3857.75,-3618
2022-09-19 05:03:22,1,1,3857.75,-3617
2022-09-19 05:03:25,2,-2,3857.5,-3619
2022-09-19 05:03:26,6,6,3857.75,-3613
2022-09-19 05:03:27,1,1,3857.75,-3612
2022-09-19 05:03:28,4,-2,3857.75,-3614
2022-09-19 05:03:29,6,6,3858.0,-3608
2022-09-19 05:03:30,21,2,3858.25,-3606
2022-09-19 05:03:32,9,-8,3858.0,-3614
2022-09-19 05:03:36,41,23,3858.75,-3591
2022-09-19 05:03:37,25,-6,3858.5,-3597
2022-09-19 05:03:38,34,0,3858.5,-3597
2022-09-19 05:03:39,4,4,3858.5,-3593
2022-09-19 05:03:41,4,4,3858.5,-3589
2022-09-19 05:03:43,6,4,3858.5,-3585
2022-09-19 05:03:44,3,-1,3858.75,-3586
2022-09-19 05:03:45,2,-2,3858.5,-3588
2022-09-19 05:03:47,5,0,3858.75,-3588
2022-09-19 05:03:48,4,2,3858.75,-3586
2022-09-19 05:03:49,1,1,3858.75,-3585
2022-09-19 05:03:50,4,-3,3858.5,-3588
2022-09-19 05:03:51,44,65,3859.0,-3523
2022-09-19 05:03:52,3,-3,3858.75,-3526
2022-09-19 05:03:53,20,-15,3858.75,-3541
2022-09-19 05:03:54,27,-9,3858.75,-3550
2022-09-19 05:03:57,13,-9,3858.5,-3559
2022-09-19 05:03:58,5,5,3858.5,-3554
2022-09-19 05:03:59,4,-4,3858.25,-3558
2022-09-19 05:04:00,2,2,3858.25,-3556
2022-09-19 05:04:01,14,0,3858.5,-3556
2022-09-19 05:04:04,1,1,3858.25,-3555
2022-09-19 05:04:08,6,6,3858.25,-3549
2022-09-19 05:04:09,1,-1,3858.25,-3550
2022-09-19 05:04:10,1,-1,3858.0,-3551
2022-09-19 05:04:12,16,18,3858.5,-3533
2022-09-19 05:04:13,4,-1,3858.0,-3534
2022-09-19 05:04:14,92,94,3859.0,-3440
2022-09-19 05:04:15,3,3,3858.5,-3437
2022-09-19 05:04:18,2,-2,3858.5,-3439
2022-09-19 05:04:19,17,-7,3858.5,-3446
2022-09-19 05:04:22,1,-1,3858.5,-3447
2022-09-19 05:04:23,19,-2,3858.75,-3449
2022-09-19 05:04:24,3,3,3859.0,-3446
2022-09-19 05:04:25,13,3,3859.0,-3443
2022-09-19 05:04:26,4,4,3859.25,-3439
2022-09-19 05:04:27,1,1,3859.25,-3438
2022-09-19 05:04:28,1,1,3859.25,-3437
2022-09-19 05:04:30,84,22,3859.75,-3415
2022-09-19 05:04:31,10,7,3859.75,-3408
2022-09-19 05:04:32,3,-1,3859.75,-3409
2022-09-19 05:04:33,1,1,3859.75,-3408
2022-09-19 05:04:34,74,-10,3859.75,-3418
2022-09-19 05:04:35,4,-2,3859.75,-3420
2022-09-19 05:04:36,1,1,3859.5,-3419
2022-09-19 05:04:37,2,1,3859.5,-3418
2022-09-19 05:04:48,1,1,3859.5,-3417
2022-09-19 05:04:49,8,-7,3859.25,-3424
2022-09-19 05:04:50,1,1,3859.25,-3423
2022-09-19 05:04:52,4,-4,3859.0,-3427
2022-09-19 05:04:53,26,15,3859.5,-3412
2022-09-19 05:04:54,3,-3,3859.5,-3415
2022-09-19 05:04:56,2,2,3859.5,-3413
2022-09-19 05:04:59,2,2,3859.75,-3411
2022-09-19 05:05:02,10,-7,3859.5,-3418
2022-09-19 05:05:03,3,-1,3859.25,-3419
2022-09-19 05:05:04,13,0,3859.0,-3419
2022-09-19 05:05:07,2,-2,3859.0,-3421
2022-09-19 05:05:08,5,5,3859.0,-3416
2022-09-19 05:05:09,7,6,3859.0,-3410
2022-09-19 05:05:10,1,-1,3859.0,-3411
2022-09-19 05:05:12,10,-10,3858.75,-3421
2022-09-19 05:05:13,10,4,3859.0,-3417
2022-09-19 05:05:14,4,3,3859.0,-3414
2022-09-19 05:05:16,2,-2,3858.75,-3416
2022-09-19 05:05:17,2,-1,3858.5,-3417
2022-09-19 05:05:18,19,-12,3858.5,-3429
2022-09-19 05:05:19,2,-2,3858.5,-3431
2022-09-19 05:05:20,8,-8,3858.25,-3439
2022-09-19 05:05:21,1,1,3858.25,-3438
2022-09-19 05:05:22,23,-9,3858.0,-3447
2022-09-19 05:05:23,2,-2,3857.75,-3449
2022-09-19 05:05:25,1,1,3858.0,-3448
2022-09-19 05:05:27,4,1,3858.25,-3447
2022-09-19 05:05:30,1,1,3858.5,-3446
2022-09-19 05:05:32,6,-6,3858.5,-3452
2022-09-19 05:05:40,5,5,3858.5,-3447
2022-09-19 05:05:46,31,16,3858.75,-3431
2022-09-19 05:05:47,1,1,3859.0,-3430
2022-09-19 05:05:48,1,-1,3858.75,-3431
2022-09-19 05:05:49,2,-2,3858.75,-3433
2022-09-19 05:05:50,4,0,3859.0,-3433
2022-09-19 05:05:51,17,-16,3858.75,-3449
2022-09-19 05:05:52,25,15,3859.0,-3434
2022-09-19 05:05:58,6,2,3859.25,-3432
2022-09-19 05:06:00,11,-5,3859.25,-3437
2022-09-19 05:06:02,5,1,3859.25,-3436
2022-09-19 05:06:06,16,-11,3859.5,-3447
2022-09-19 05:06:13,9,3,3859.25,-3444
2022-09-19 05:06:17,3,3,3859.25,-3441
2022-09-19 05:06:19,5,2,3859.5,-3439
2022-09-19 05:06:20,4,-2,3859.5,-3441
2022-09-19 05:06:21,1,1,3859.75,-3440
2022-09-19 05:06:22,10,-10,3859.5,-3450
2022-09-19 05:06:25,6,-5,3859.5,-3455
2022-09-19 05:06:27,6,-1,3859.25,-3456
2022-09-19 05:06:28,1,-1,3859.0,-3457
2022-09-19 05:06:33,2,-2,3859.0,-3459
2022-09-19 05:06:34,7,1,3859.0,-3458
2022-09-19 05:06:37,40,33,3859.25,-3425
2022-09-19 05:06:40,9,0,3859.5,-3425
2022-09-19 05:06:41,16,0,3859.5,-3425
2022-09-19 05:06:45,5,5,3859.5,-3420
2022-09-19 05:06:49,29,9,3859.5,-3411
2022-09-19 05:06:50,6,5,3859.75,-3406
2022-09-19 05:06:51,2,-2,3859.75,-3408
2022-09-19 05:06:52,5,0,3859.75,-3408
2022-09-19 05:06:53,6,0,3859.75,-3408
2022-09-19 05:06:56,2,-2,3859.75,-3410
2022-09-19 05:06:57,16,16,3860.0,-3394
2022-09-19 05:06:58,9,9,3860.5,-3385
2022-09-19 05:06:59,3,-1,3860.25,-3386
2022-09-19 05:07:00,2,2,3860.5,-3384
2022-09-19 05:07:01,1,-1,3860.0,-3385
2022-09-19 05:07:04,6,2,3860.25,-3383
2022-09-19 05:07:05,2,2,3860.25,-3381
2022-09-19 05:07:06,9,0,3860.5,-3381
2022-09-19 05:07:07,1,1,3860.5,-3380
2022-09-19 05:07:09,2,-2,3860.25,-3382
2022-09-19 05:07:11,1,-1,3860.25,-3383
2022-09-19 05:07:12,1,1,3860.5,-3382
2022-09-19 05:07:15,25,14,3860.5,-3368
2022-09-19 05:07:17,1,-1,3860.5,-3369
2022-09-19 05:07:20,4,-1,3860.75,-3370
2022-09-19 05:07:21,1,1,3860.75,-3369
2022-09-19 05:07:22,4,0,3860.75,-3369
2022-09-19 05:07:24,13,-1,3860.75,-3370
2022-09-19 05:07:27,1,1,3860.75,-3369
2022-09-19 05:07:28,24,2,3861.0,-3367
2022-09-19 05:07:29,7,-1,3861.0,-3368
2022-09-19 05:07:32,24,21,3861.5,-3347
2022-09-19 05:07:33,15,6,3861.5,-3341
2022-09-19 05:07:34,27,22,3861.5,-3319
2022-09-19 05:07:35,4,-2,3861.25,-3321
2022-09-19 05:07:36,2,0,3861.25,-3321
2022-09-19 05:07:39,4,3,3861.5,-3318
2022-09-19 05:07:40,10,-8,3861.25,-3326
2022-09-19 05:07:41,7,-7,3861.0,-3333
2022-09-19 05:07:43,6,6,3861.0,-3327
2022-09-19 05:07:44,66,38,3861.25,-3289
2022-09-19 05:07:46,30,-7,3861.0,-3296
2022-09-19 05:07:48,2,0,3861.0,-3296
2022-09-19 05:07:49,1,1,3861.0,-3295
2022-09-19 05:07:52,11,11,3861.0,-3284
2022-09-19 05:07:54,9,-5,3860.75,-3289
2022-09-19 05:07:55,4,-2,3860.75,-3291
2022-09-19 05:07:59,1,1,3861.0,-3290
2022-09-19 05:08:03,8,8,3861.0,-3282
2022-09-19 05:08:05,5,5,3861.25,-3277
2022-09-19 05:08:06,15,-7,3861.25,-3284
2022-09-19 05:08:07,1,1,3861.25,-3283
2022-09-19 05:08:08,5,3,3861.25,-3280
2022-09-19 05:08:09,4,-4,3861.0,-3284
2022-09-19 05:08:11,10,6,3861.25,-3278
2022-09-19 05:08:12,2,-2,3861.0,-3280
2022-09-19 05:08:14,3,-1,3861.25,-3281
2022-09-19 05:08:20,28,32,3861.5,-3249
2022-09-19 05:08:21,4,-4,3861.25,-3253
2022-09-19 05:08:30,19,-12,3861.0,-3265
2022-09-19 05:08:31,1,-1,3860.75,-3266
2022-09-19 05:08:33,11,-4,3860.75,-3270
2022-09-19 05:08:36,6,-4,3860.75,-3274
2022-09-19 05:08:37,6,-5,3860.5,-3279
2022-09-19 05:08:38,11,4,3860.25,-3275
2022-09-19 05:08:40,2,-2,3860.25,-3277
2022-09-19 05:08:42,9,-3,3860.25,-3280
2022-09-19 05:08:44,3,-1,3860.5,-3281
2022-09-19 05:08:45,8,-1,3860.0,-3282
2022-09-19 05:08:48,6,2,3860.0,-3280
2022-09-19 05:08:49,4,1,3859.75,-3279
2022-09-19 05:08:50,6,-2,3859.75,-3281
2022-09-19 05:08:52,4,0,3860.0,-3281
2022-09-19 05:08:53,9,-1,3860.0,-3282
2022-09-19 05:08:55,2,-2,3860.0,-3284
2022-09-19 05:08:56,2,2,3860.0,-3282
2022-09-19 05:08:57,1,-1,3860.0,-3283
2022-09-19 05:09:00,1,-1,3860.0,-3284
2022-09-19 05:09:06,9,-3,3859.75,-3287
2022-09-19 05:09:09,4,3,3859.75,-3284
2022-09-19 05:09:13,5,-4,3859.5,-3288
2022-09-19 05:09:14,1,-1,3859.5,-3289
2022-09-19 05:09:17,3,-3,3859.5,-3292
2022-09-19 05:09:20,2,2,3859.5,-3290
2022-09-19 05:09:21,1,-1,3859.5,-3291
2022-09-19 05:09:22,9,-8,3859.25,-3299
2022-09-19 05:09:23,6,-4,3859.25,-3303
2022-09-19 05:09:24,2,2,3859.25,-3301
2022-09-19 05:09:25,3,1,3859.25,-3300
2022-09-19 05:09:27,2,-2,3859.25,-3302
2022-09-19 05:09:28,1,-1,3859.25,-3303
2022-09-19 05:09:33,5,0,3859.25,-3303
2022-09-19 05:09:35,17,12,3860.0,-3291
2022-09-19 05:09:36,6,-1,3859.75,-3292
2022-09-19 05:09:38,4,-2,3859.5,-3294
2022-09-19 05:09:40,7,4,3859.75,-3290
2022-09-19 05:09:41,3,-3,3859.75,-3293
2022-09-19 05:09:44,1,-1,3859.5,-3294
2022-09-19 05:09:45,4,1,3859.75,-3293
2022-09-19 05:09:47,2,2,3860.0,-3291
2022-09-19 05:09:52,21,-2,3860.0,-3293
2022-09-19 05:09:53,1,1,3859.75,-3292
2022-09-19 05:09:55,6,6,3860.0,-3286
2022-09-19 05:09:59,1,1,3860.0,-3285
2022-09-19 05:10:02,7,-5,3860.0,-3290
2022-09-19 05:10:10,6,6,3860.0,-3284
2022-09-19 05:10:11,1,-1,3860.0,-3285
2022-09-19 05:10:12,1,1,3860.0,-3284
2022-09-19 05:10:13,15,7,3860.25,-3277
2022-09-19 05:10:15,3,-3,3860.25,-3280
2022-09-19 05:10:18,8,0,3860.25,-3280
2022-09-19 05:10:20,2,-2,3860.0,-3282
2022-09-19 05:10:22,2,-2,3860.0,-3284
2022-09-19 05:10:23,2,-2,3860.0,-3286
2022-09-19 05:10:28,1,-1,3859.75,-3287
2022-09-19 05:10:29,3,-1,3859.75,-3288
2022-09-19 05:10:31,2,2,3860.0,-3286
2022-09-19 05:10:33,1,1,3860.0,-3285
2022-09-19 05:10:34,12,-10,3860.0,-3295
2022-09-19 05:10:35,6,-1,3859.75,-3296
2022-09-19 05:10:36,3,1,3859.75,-3295
2022-09-19 05:10:38,1,-1,3859.25,-3296
2022-09-19 05:10:39,6,3,3859.5,-3293
2022-09-19 05:10:41,2,-1,3859.5,-3294
2022-09-19 05:10:44,7,3,3859.5,-3291
2022-09-19 05:10:47,2,2,3859.75,-3289
2022-09-19 05:10:48,2,-2,3859.75,-3291
2022-09-19 05:10:54,3,3,3860.0,-3288
2022-09-19 05:10:55,1,1,3860.0,-3287
2022-09-19 05:10:56,1,-1,3859.75,-3288
2022-09-19 05:10:58,1,-1,3859.75,-3289
2022-09-19 05:11:00,1,1,3859.75,-3288
2022-09-19 05:11:04,2,-2,3859.5,-3290
2022-09-19 05:11:05,15,-13,3859.25,-3303
2022-09-19 05:11:06,6,1,3859.25,-3302
2022-09-19 05:11:07,2,-2,3859.25,-3304
2022-09-19 05:11:10,4,1,3859.25,-3303
2022-09-19 05:11:19,1,-1,3859.25,-3304
2022-09-19 05:11:21,8,-4,3859.25,-3308
2022-09-19 05:11:22,2,-2,3859.25,-3310
2022-09-19 05:11:38,1,1,3859.25,-3309
2022-09-19 05:11:39,12,9,3859.25,-3300
2022-09-19 05:11:40,3,-3,3859.25,-3303
2022-09-19 05:11:44,5,5,3859.25,-3298
2022-09-19 05:11:47,10,0,3859.25,-3298
2022-09-19 05:11:50,3,-3,3859.0,-3301
2022-09-19 05:11:52,1,-1,3859.25,-3302
2022-09-19 05:11:59,2,-2,3859.25,-3304
2022-09-19 05:12:01,2,2,3859.25,-3302
2022-09-19 05:12:04,1,-1,3859.0,-3303
2022-09-19 05:12:08,7,5,3859.25,-3298
2022-09-19 05:12:09,1,-1,3859.25,-3299
2022-09-19 05:12:10,32,-4,3859.75,-3303
2022-09-19 05:12:12,17,11,3859.25,-3292
2022-09-19 05:12:13,1,-1,3859.25,-3293
2022-09-19 05:12:15,1,-1,3859.25,-3294
2022-09-19 05:12:16,2,2,3859.5,-3292
2022-09-19 05:12:22,1,-1,3859.0,-3293
2022-09-19 05:12:23,1,-1,3859.0,-3294
2022-09-19 05:12:24,1,-1,3859.25,-3295
2022-09-19 05:12:30,7,3,3859.5,-3292
2022-09-19 05:12:34,2,-2,3859.25,-3294
2022-09-19 05:12:37,6,-6,3859.25,-3300
2022-09-19 05:12:41,1,-1,3859.25,-3301
2022-09-19 05:12:43,79,-55,3859.25,-3356
2022-09-19 05:12:44,2,-2,3858.75,-3358
2022-09-19 05:12:45,1,-1,3858.75,-3359
2022-09-19 05:12:46,6,4,3859.0,-3355
2022-09-19 05:12:48,2,-2,3858.75,-3357
2022-09-19 05:12:49,15,4,3858.75,-3353
2022-09-19 05:12:52,9,-5,3858.5,-3358
2022-09-19 05:12:53,10,-3,3858.25,-3361
2022-09-19 05:12:54,16,-6,3858.25,-3367
2022-09-19 05:12:55,6,4,3858.25,-3363
2022-09-19 05:12:56,25,4,3858.25,-3359
2022-09-19 05:13:01,1,1,3858.25,-3358
2022-09-19 05:13:02,1,1,3858.25,-3357
2022-09-19 05:13:03,12,5,3858.5,-3352
2022-09-19 05:13:04,2,-2,3858.5,-3354
2022-09-19 05:13:05,2,0,3858.5,-3354
2022-09-19 05:13:08,1,1,3858.5,-3353
2022-09-19 05:13:10,4,-3,3858.25,-3356
2022-09-19 05:13:11,14,10,3858.5,-3346
2022-09-19 05:13:12,6,-2,3858.75,-3348
2022-09-19 05:13:14,1,1,3858.75,-3347
2022-09-19 05:13:15,19,2,3859.25,-3345
2022-09-19 05:13:17,5,-1,3859.0,-3346
2022-09-19 05:13:22,3,-3,3859.0,-3349
2022-09-19 05:13:23,58,-54,3859.0,-3403
2022-09-19 05:13:25,4,-2,3858.75,-3405
2022-09-19 05:13:26,12,-5,3858.75,-3410
2022-09-19 05:13:27,11,7,3859.0,-3403
2022-09-19 05:13:29,13,-4,3859.0,-3407
2022-09-19 05:13:35,4,0,3858.75,-3407
2022-09-19 05:13:36,1,-1,3858.5,-3408
2022-09-19 05:13:41,7,3,3859.0,-3405
2022-09-19 05:13:44,1,-1,3858.75,-3406
2022-09-19 05:13:48,48,6,3859.5,-3400
2022-09-19 05:13:50,1,-1,3858.75,-3401
2022-09-19 05:13:51,5,2,3858.75,-3399
2022-09-19 05:13:56,3,-4,3858.5,-3403
2022-09-19 05:14:01,1,1,3858.5,-3402
2022-09-19 05:14:03,1,1,3858.75,-3401
2022-09-19 05:14:05,1,1,3858.75,-3400
2022-09-19 05:14:07,4,2,3858.75,-3398
2022-09-19 05:14:10,1,1,3858.75,-3397
2022-09-19 05:14:16,9,-1,3858.5,-3398
2022-09-19 05:14:20,49,-53,3858.5,-3451
2022-09-19 05:14:21,8,-7,3858.25,-3458
2022-09-19 05:14:22,4,-4,3858.25,-3462
2022-09-19 05:14:23,7,-1,3858.25,-3463
2022-09-19 05:14:24,3,1,3858.25,-3462
2022-09-19 05:14:28,6,-6,3858.0,-3468
2022-09-19 05:14:29,1,1,3858.25,-3467
2022-09-19 05:14:35,1,-1,3858.0,-3468
2022-09-19 05:14:38,47,-20,3858.0,-3488
2022-09-19 05:14:42,1,1,3858.0,-3487
2022-09-19 05:14:44,2,2,3858.0,-3485
2022-09-19 05:14:46,2,0,3858.25,-3485
2022-09-19 05:14:48,10,3,3858.25,-3482
2022-09-19 05:14:52,6,-3,3858.25,-3485
2022-09-19 05:14:53,2,2,3858.25,-3483
2022-09-19 05:14:54,5,-1,3858.25,-3484
2022-09-19 05:14:59,3,-1,3858.5,-3485
2022-09-19 05:15:00,6,2,3858.5,-3483
2022-09-19 05:15:01,4,2,3858.75,-3481
2022-09-19 05:15:02,21,7,3859.0,-3474
2022-09-19 05:15:03,2,2,3859.25,-3472
2022-09-19 05:15:04,1,-1,3859.0,-3473
2022-09-19 05:15:05,1,1,3859.25,-3472
2022-09-19 05:15:06,2,0,3859.0,-3472
2022-09-19 05:15:07,1,1,3858.75,-3471
2022-09-19 05:15:09,10,-8,3858.5,-3479
2022-09-19 05:15:10,1,1,3858.5,-3478
2022-09-19 05:15:11,1,1,3858.5,-3477
2022-09-19 05:15:13,6,4,3858.5,-3473
2022-09-19 05:15:15,1,1,3858.5,-3472
2022-09-19 05:15:16,1,1,3858.5,-3471
2022-09-19 05:15:18,6,6,3858.75,-3465
2022-09-19 05:15:20,1,-1,3858.75,-3466
2022-09-19 05:15:21,1,-1,3858.75,-3467
2022-09-19 05:15:22,2,-2,3858.5,-3469
2022-09-19 05:15:23,2,-2,3858.5,-3471
2022-09-19 05:15:31,1,1,3858.75,-3470
2022-09-19 05:15:32,1,1,3858.75,-3469
2022-09-19 05:15:36,13,11,3859.25,-3458
2022-09-19 05:15:38,5,5,3859.25,-3453
2022-09-19 05:15:40,31,-40,3859.0,-3493
2022-09-19 05:15:52,5,-5,3858.75,-3498
2022-09-19 05:15:53,3,-1,3858.75,-3499
2022-09-19 05:15:59,1,-1,3858.75,-3500
2022-09-19 05:16:00,1,-1,3858.75,-3501
2022-09-19 05:16:01,7,3,3858.75,-3498
2022-09-19 05:16:02,2,2,3858.75,-3496
2022-09-19 05:16:03,2,-2,3858.75,-3498
2022-09-19 05:16:06,5,2,3858.75,-3496
2022-09-19 05:16:11,11,-8,3858.75,-3504
2022-09-19 05:16:17,4,-4,3858.5,-3508
2022-09-19 05:16:20,1,1,3858.75,-3507
2022-09-19 05:16:21,6,-4,3858.5,-3511
2022-09-19 05:16:22,35,-11,3858.25,-3522
2022-09-19 05:16:23,17,-13,3857.75,-3535
2022-09-19 05:16:24,9,9,3857.75,-3526
2022-09-19 05:16:25,2,0,3858.0,-3526
2022-09-19 05:16:27,5,3,3857.75,-3523
2022-09-19 05:16:29,5,-5,3857.75,-3528
2022-09-19 05:16:30,1,1,3857.75,-3527
2022-09-19 05:16:36,3,-3,3857.75,-3530
2022-09-19 05:16:39,8,7,3857.75,-3523
2022-09-19 05:16:43,5,5,3858.0,-3518
2022-09-19 05:16:45,4,4,3858.0,-3514
2022-09-19 05:16:46,1,1,3858.25,-3513
2022-09-19 05:16:47,6,2,3858.25,-3511
2022-09-19 05:16:48,2,2,3858.25,-3509
2022-09-19 05:16:52,4,-2,3858.25,-3511
2022-09-19 05:16:53,4,-1,3858.0,-3512
2022-09-19 05:16:57,1,-1,3857.75,-3513
2022-09-19 05:16:59,7,3,3857.75,-3510
2022-09-19 05:17:00,1,-1,3857.75,-3511
2022-09-19 05:17:02,1,-1,3857.5,-3512
2022-09-19 05:17:04,1,-1,3857.5,-3513
2022-09-19 05:17:05,2,-2,3857.5,-3515
2022-09-19 05:17:06,2,0,3857.5,-3515
2022-09-19 05:17:15,3,-1,3857.25,-3516
2022-09-19 05:17:17,45,-41,3857.25,-3557
2022-09-19 05:17:18,13,-9,3857.0,-3566
2022-09-19 05:17:20,1,-1,3857.0,-3567
2022-09-19 05:17:21,1,-1,3856.75,-3568
2022-09-19 05:17:22,8,-2,3857.0,-3570
2022-09-19 05:17:23,4,-4,3856.75,-3574
2022-09-19 05:17:26,6,-3,3856.75,-3577
2022-09-19 05:17:27,35,-15,3856.5,-3592
2022-09-19 05:17:28,1,1,3856.5,-3591
2022-09-19 05:17:29,7,-1,3856.25,-3592
2022-09-19 05:17:30,10,-5,3856.25,-3597
2022-09-19 05:17:31,4,4,3856.25,-3593
2022-09-19 05:17:32,30,-28,3856.0,-3621
2022-09-19 05:17:33,1,1,3856.0,-3620
2022-09-19 05:17:34,17,0,3856.0,-3620
2022-09-19 05:17:35,6,2,3856.0,-3618
2022-09-19 05:17:36,1,1,3856.0,-3617
2022-09-19 05:17:38,13,10,3856.0,-3607
2022-09-19 05:17:39,5,-5,3855.75,-3612
2022-09-19 05:17:40,2,2,3856.0,-3610
2022-09-19 05:17:41,2,-1,3855.75,-3611
2022-09-19 05:17:43,4,1,3856.0,-3610
2022-09-19 05:17:45,9,8,3856.0,-3602
2022-09-19 05:17:46,18,5,3856.25,-3597
2022-09-19 05:17:47,1,-1,3856.0,-3598
2022-09-19 05:17:48,1,1,3856.25,-3597
2022-09-19 05:17:50,2,-2,3856.25,-3599
2022-09-19 05:17:52,5,4,3856.25,-3595
2022-09-19 05:17:53,2,-2,3856.25,-3597
2022-09-19 05:17:54,14,-4,3856.25,-3601
2022-09-19 05:17:56,2,2,3856.0,-3599
2022-09-19 05:17:57,6,-1,3856.0,-3600
2022-09-19 05:17:58,10,-3,3856.0,-3603
2022-09-19 05:17:59,3,1,3856.25,-3602
2022-09-19 05:18:01,7,0,3856.0,-3602
2022-09-19 05:18:02,16,-3,3856.0,-3605
2022-09-19 05:18:03,1,-1,3856.0,-3606
2022-09-19 05:18:06,1,1,3856.0,-3605
2022-09-19 05:18:07,2,2,3856.0,-3603
2022-09-19 05:18:08,3,-2,3855.75,-3605
2022-09-19 05:18:10,7,6,3856.0,-3599
2022-09-19 05:18:11,7,7,3856.25,-3592
2022-09-19 05:18:12,1,1,3856.25,-3591
2022-09-19 05:18:14,6,-6,3856.0,-3597
2022-09-19 05:18:15,11,0,3856.0,-3597
2022-09-19 05:18:18,2,-2,3855.75,-3599
2022-09-19 05:18:19,3,-1,3855.75,-3600
2022-09-19 05:18:20,10,-4,3855.75,-3604
2022-09-19 05:18:21,1,1,3855.75,-3603
2022-09-19 05:18:22,3,-1,3855.75,-3604
2022-09-19 05:18:23,12,-9,3855.5,-3613
2022-09-19 05:18:24,3,-1,3855.5,-3614
2022-09-19 05:18:25,1,-1,3855.25,-3615
2022-09-19 05:18:27,1,-1,3855.25,-3616
2022-09-19 05:18:28,5,-5,3855.25,-3621
2022-09-19 05:18:30,6,-6,3855.25,-3627
2022-09-19 05:18:31,15,-5,3855.25,-3632
2022-09-19 05:18:32,257,-57,3855.25,-3689
2022-09-19 05:18:33,4,-2,3855.5,-3691
2022-09-19 05:18:36,7,-6,3855.0,-3697
2022-09-19 05:18:37,13,5,3855.25,-3692
2022-09-19 05:18:38,1,1,3855.25,-3691
2022-09-19 05:18:39,4,-2,3855.25,-3693
2022-09-19 05:18:40,1,-1,3855.25,-3694
2022-09-19 05:18:42,1,-1,3855.25,-3695
2022-09-19 05:18:43,13,9,3855.75,-3686
2022-09-19 05:18:45,3,-3,3855.5,-3689
2022-09-19 05:18:46,1,1,3855.75,-3688
2022-09-19 05:18:47,31,-7,3856.0,-3695
2022-09-19 05:18:48,13,13,3855.75,-3682
2022-09-19 05:18:49,16,-12,3855.75,-3694
2022-09-19 05:18:50,5,3,3855.75,-3691
2022-09-19 05:18:51,1,-1,3855.5,-3692
2022-09-19 05:18:53,7,1,3855.75,-3691
2022-09-19 05:18:55,17,-3,3856.0,-3694
2022-09-19 05:18:57,8,-2,3855.5,-3696
2022-09-19 05:18:59,2,0,3855.5,-3696
2022-09-19 05:19:00,8,2,3855.5,-3694
2022-09-19 05:19:01,3,-3,3855.5,-3697
2022-09-19 05:19:02,1,-1,3855.25,-3698
2022-09-19 05:19:03,10,1,3855.25,-3697
2022-09-19 05:19:04,2,-1,3855.25,-3698
2022-09-19 05:19:07,5,5,3855.25,-3693
2022-09-19 05:19:09,80,-6,3855.25,-3699
2022-09-19 05:19:10,42,-52,3854.75,-3751
2022-09-19 05:19:11,3,-1,3854.75,-3752
2022-09-19 05:19:12,18,1,3854.75,-3751
2022-09-19 05:19:13,1,-1,3854.5,-3752
2022-09-19 05:19:14,1,1,3854.75,-3751
2022-09-19 05:19:15,4,4,3854.75,-3747
2022-09-19 05:19:17,18,8,3854.75,-3739
2022-09-19 05:19:20,1,1,3854.5,-3738
2022-09-19 05:19:21,2,2,3854.5,-3736
2022-09-19 05:19:22,29,-13,3854.25,-3749
2022-09-19 05:19:23,3,-3,3854.25,-3752
2022-09-19 05:19:24,15,-9,3854.5,-3761
2022-09-19 05:19:25,3,-1,3854.5,-3762
2022-09-19 05:19:26,9,-3,3854.25,-3765
2022-09-19 05:19:27,1,1,3854.25,-3764
2022-09-19 05:19:29,1,-1,3854.0,-3765
2022-09-19 05:19:30,34,-14,3854.0,-3779
2022-09-19 05:19:31,4,4,3854.0,-3775
2022-09-19 05:19:32,46,-24,3853.75,-3799
2022-09-19 05:19:33,30,-15,3853.5,-3814
2022-09-19 05:19:35,189,-90,3853.25,-3904
2022-09-19 05:19:36,4,-4,3852.75,-3908
2022-09-19 05:19:37,17,6,3853.0,-3902
2022-09-19 05:19:38,2,2,3853.25,-3900
2022-09-19 05:19:39,14,0,3853.25,-3900
2022-09-19 05:19:40,16,10,3853.25,-3890
2022-09-19 05:19:41,5,-1,3853.0,-3891
2022-09-19 05:19:42,14,-5,3852.75,-3896
2022-09-19 05:19:43,2,2,3853.0,-3894
2022-09-19 05:19:44,19,14,3853.25,-3880
2022-09-19 05:19:45,12,4,3853.5,-3876
2022-09-19 05:19:47,1,1,3853.5,-3875
2022-09-19 05:19:48,1,-1,3853.25,-3876
2022-09-19 05:19:49,26,-3,3853.5,-3879
2022-09-19 05:19:50,4,4,3853.25,-3875
2022-09-19 05:19:51,2,-2,3853.0,-3877
2022-09-19 05:19:52,3,-1,3853.25,-3878
2022-09-19 05:19:53,5,5,3853.25,-3873
2022-09-19 05:19:54,12,5,3853.5,-3868
2022-09-19 05:19:56,5,2,3853.75,-3866
2022-09-19 05:19:58,6,2,3853.5,-3864
2022-09-19 05:20:00,6,-1,3853.75,-3865
2022-09-19 05:20:01,6,-5,3853.5,-3870
2022-09-19 05:20:02,8,-1,3853.25,-3871
2022-09-19 05:20:04,4,-4,3853.0,-3875
2022-09-19 05:20:05,11,5,3853.25,-3870
2022-09-19 05:20:06,5,-5,3853.0,-3875
2022-09-19 05:20:07,42,-25,3853.25,-3900
2022-09-19 05:20:08,2,-2,3853.0,-3902
2022-09-19 05:20:09,5,5,3853.25,-3897
2022-09-19 05:20:10,21,16,3853.5,-3881
2022-09-19 05:20:12,18,10,3854.0,-3871
2022-09-19 05:20:13,6,6,3853.75,-3865
2022-09-19 05:20:14,6,-4,3853.75,-3869
2022-09-19 05:20:16,6,4,3853.75,-3865
2022-09-19 05:20:17,7,-3,3854.0,-3868
2022-09-19 05:20:18,32,-4,3853.75,-3872
2022-09-19 05:20:19,3,1,3853.75,-3871
2022-09-19 05:20:20,4,-4,3853.75,-3875
2022-09-19 05:20:21,1,1,3853.75,-3874
2022-09-19 05:20:22,5,1,3853.75,-3873
2022-09-19 05:20:23,3,-1,3853.75,-3874
2022-09-19 05:20:25,1,-1,3853.5,-3875
2022-09-19 05:20:26,1,1,3853.75,-3874
2022-09-19 05:20:27,1,-1,3853.5,-3875
2022-09-19 05:20:29,48,29,3854.5,-3846
2022-09-19 05:20:30,5,-2,3854.0,-3848
2022-09-19 05:20:31,4,1,3854.25,-3847
2022-09-19 05:20:33,1,1,3854.25,-3846
2022-09-19 05:20:34,68,8,3854.25,-3838
2022-09-19 05:20:35,1,-1,3854.25,-3839
2022-09-19 05:20:37,68,62,3855.0,-3777
2022-09-19 05:20:38,2,2,3855.0,-3775
2022-09-19 05:20:39,3,3,3855.0,-3772
2022-09-19 05:20:40,1,-1,3854.75,-3773
2022-09-19 05:20:41,47,20,3855.5,-3753
2022-09-19 05:20:44,9,7,3855.25,-3746
2022-09-19 05:20:47,2,-2,3855.0,-3748
2022-09-19 05:20:50,62,-11,3855.0,-3759
2022-09-19 05:20:51,6,6,3855.25,-3753
2022-09-19 05:20:52,1,-1,3855.0,-3754
2022-09-19 05:20:55,1,-1,3855.0,-3755
2022-09-19 05:20:56,1,1,3855.25,-3754
2022-09-19 05:20:57,3,3,3855.25,-3751
2022-09-19 05:20:59,1,-1,3855.0,-3752
2022-09-19 05:21:00,4,4,3855.0,-3748
2022-09-19 05:21:01,1,-1,3855.0,-3749
2022-09-19 05:21:05,6,-4,3855.0,-3753
2022-09-19 05:21:06,5,-5,3854.75,-3758
2022-09-19 05:21:07,13,0,3854.75,-3758
2022-09-19 05:21:08,1,-1,3854.5,-3759
2022-09-19 05:21:09,19,0,3854.5,-3759
2022-09-19 05:21:12,5,-5,3854.5,-3764
2022-09-19 05:21:13,13,-6,3854.25,-3770
2022-09-19 05:21:14,18,-17,3854.0,-3787
2022-09-19 05:21:15,36,13,3854.25,-3774
2022-09-19 05:21:17,8,-2,3854.0,-3776
2022-09-19 05:21:19,1,1,3854.0,-3775
2022-09-19 05:21:22,4,-4,3853.75,-3779
2022-09-19 05:21:23,9,3,3854.0,-3776
2022-09-19 05:21:24,1,-1,3854.0,-3777
2022-09-19 05:21:25,1,-1,3854.0,-3778
2022-09-19 05:21:26,1,1,3854.0,-3777
2022-09-19 05:21:29,1,-1,3854.0,-3778
2022-09-19 05:21:30,28,19,3854.5,-3759
2022-09-19 05:21:34,10,9,3854.75,-3750
2022-09-19 05:21:35,10,3,3854.75,-3747
2022-09-19 05:21:37,14,11,3855.0,-3736
2022-09-19 05:21:38,16,8,3855.25,-3728
2022-09-19 05:21:39,18,5,3855.5,-3723
2022-09-19 05:21:40,11,9,3855.25,-3714
2022-09-19 05:21:41,12,-6,3855.25,-3720
2022-09-19 05:21:42,1,1,3855.5,-3719
2022-09-19 05:21:43,19,-4,3855.25,-3723
2022-09-19 05:21:44,19,3,3855.0,-3720
2022-09-19 05:21:46,1,1,3855.0,-3719
2022-09-19 05:21:48,2,2,3855.25,-3717
2022-09-19 05:21:51,5,-1,3855.25,-3718
2022-09-19 05:21:52,3,3,3855.25,-3715
2022-09-19 05:21:54,1,1,3855.25,-3714
2022-09-19 05:21:55,2,-2,3855.25,-3716
2022-09-19 05:21:59,4,-2,3855.25,-3718
2022-09-19 05:22:00,4,-4,3855.0,-3722
2022-09-19 05:22:01,32,16,3855.5,-3706
2022-09-19 05:22:02,5,1,3855.25,-3705
2022-09-19 05:22:04,41,46,3855.5,-3659
2022-09-19 05:22:08,25,-12,3855.0,-3671
2022-09-19 05:22:10,40,0,3855.0,-3671
2022-09-19 05:22:13,12,-5,3855.0,-3676
2022-09-19 05:22:14,4,-4,3854.5,-3680
2022-09-19 05:22:17,1,1,3854.5,-3679
2022-09-19 05:22:18,9,-8,3854.25,-3687
2022-09-19 05:22:19,9,3,3854.25,-3684
2022-09-19 05:22:20,3,-3,3854.25,-3687
2022-09-19 05:22:21,20,18,3854.5,-3669
2022-09-19 05:22:22,3,3,3854.75,-3666
2022-09-19 05:22:23,10,-2,3854.5,-3668
2022-09-19 05:22:26,5,1,3854.5,-3667
2022-09-19 05:22:30,17,6,3854.75,-3661
2022-09-19 05:22:31,14,-2,3855.0,-3663
2022-09-19 05:22:32,3,3,3854.75,-3660
2022-09-19 05:22:35,9,-7,3854.75,-3667
2022-09-19 05:22:37,1,1,3854.5,-3666
2022-09-19 05:22:38,9,7,3854.5,-3659
2022-09-19 05:22:39,4,-4,3854.5,-3663
2022-09-19 05:22:43,3,-3,3854.25,-3666
2022-09-19 05:22:44,20,11,3854.25,-3655
2022-09-19 05:22:45,1,1,3854.25,-3654
2022-09-19 05:22:46,6,-2,3854.5,-3656
2022-09-19 05:22:50,20,-11,3854.25,-3667
2022-09-19 05:22:51,7,3,3854.0,-3664
2022-09-19 05:22:57,28,17,3854.25,-3647
2022-09-19 05:22:59,9,0,3853.75,-3647
2022-09-19 05:23:00,8,-6,3853.75,-3653
2022-09-19 05:23:03,38,17,3854.0,-3636
2022-09-19 05:23:05,7,6,3854.0,-3630
2022-09-19 05:23:08,5,4,3854.0,-3626
2022-09-19 05:23:10,10,-4,3854.25,-3630
2022-09-19 05:23:12,1,1,3854.25,-3629
2022-09-19 05:23:14,1,1,3854.25,-3628
2022-09-19 05:23:16,8,8,3854.5,-3620
2022-09-19 05:23:17,12,8,3854.75,-3612
2022-09-19 05:23:18,2,-2,3854.75,-3614
2022-09-19 05:23:19,2,-2,3854.75,-3616
2022-09-19 05:23:20,3,-3,3854.75,-3619
2022-09-19 05:23:21,50,76,3855.0,-3543
2022-09-19 05:23:22,15,-10,3854.5,-3553
2022-09-19 05:23:23,1,-1,3854.5,-3554
2022-09-19 05:23:25,1,-1,3854.5,-3555
2022-09-19 05:23:27,2,1,3854.5,-3554
2022-09-19 05:23:28,5,-1,3854.5,-3555
2022-09-19 05:23:29,1,-1,3854.5,-3556
2022-09-19 05:23:30,11,-11,3854.5,-3567
2022-09-19 05:23:33,4,2,3854.5,-3565
2022-09-19 05:23:35,2,0,3854.75,-3565
2022-09-19 05:23:38,28,26,3855.0,-3539
2022-09-19 05:23:39,4,4,3854.75,-3535
2022-09-19 05:23:43,8,-4,3854.75,-3539
2022-09-19 05:23:44,25,40,3855.25,-3499
2022-09-19 05:23:46,11,-10,3854.75,-3509
2022-09-19 05:23:47,5,4,3854.75,-3505
2022-09-19 05:23:52,15,-13,3854.75,-3518
2022-09-19 05:23:53,4,2,3855.0,-3516
2022-09-19 05:23:56,2,2,3855.25,-3514
2022-09-19 05:23:57,1,-1,3855.0,-3515
2022-09-19 05:23:58,6,5,3855.0,-3510
2022-09-19 05:24:00,5,-5,3855.0,-3515
2022-09-19 05:24:01,1,-1,3855.0,-3516
2022-09-19 05:24:02,12,-5,3855.0,-3521
2022-09-19 05:24:03,16,4,3855.25,-3517
2022-09-19 05:24:06,6,0,3855.25,-3517
2022-09-19 05:24:10,1,-1,3855.0,-3518
2022-09-19 05:24:13,4,-4,3854.75,-3522
2022-09-19 05:24:14,4,3,3854.75,-3519
2022-09-19 05:24:15,2,-2,3854.75,-3521
2022-09-19 05:24:16,6,0,3854.5,-3521
2022-09-19 05:24:21,14,1,3854.75,-3520
2022-09-19 05:24:22,4,-4,3854.5,-3524
2022-09-19 05:24:23,2,2,3854.75,-3522
2022-09-19 05:24:24,3,-3,3854.75,-3525
2022-09-19 05:24:25,1,1,3854.75,-3524
2022-09-19 05:24:26,3,2,3854.75,-3522
2022-09-19 05:24:29,47,31,3855.25,-3491
2022-09-19 05:24:30,5,-2,3855.25,-3493
2022-09-19 05:24:31,1,1,3855.25,-3492
2022-09-19 05:24:36,13,11,3855.5,-3481
2022-09-19 05:24:37,6,-4,3855.5,-3485
2022-09-19 05:24:39,3,3,3855.5,-3482
2022-09-19 05:24:42,10,-8,3855.25,-3490
2022-09-19 05:24:47,1,-1,3854.75,-3491
2022-09-19 05:24:48,9,8,3855.0,-3483
2022-09-19 05:24:50,1,1,3855.25,-3482
2022-09-19 05:24:52,1,-1,3855.0,-3483
2022-09-19 05:24:53,2,-2,3855.0,-3485
2022-09-19 05:24:58,4,4,3855.25,-3481
2022-09-19 05:25:00,6,-2,3855.5,-3483
2022-09-19 05:25:01,10,10,3855.75,-3473
2022-09-19 05:25:02,4,-2,3855.75,-3475
2022-09-19 05:25:03,1,-1,3855.75,-3476
2022-09-19 05:25:06,1,-1,3855.75,-3477
2022-09-19 05:25:08,12,8,3855.75,-3469
2022-09-19 05:25:09,11,10,3856.0,-3459
2022-09-19 05:25:12,14,4,3856.0,-3455
2022-09-19 05:25:13,15,-6,3855.5,-3461
2022-09-19 05:25:18,25,-8,3855.75,-3469
2022-09-19 05:25:19,7,7,3855.75,-3462
2022-09-19 05:25:21,1,1,3855.75,-3461
2022-09-19 05:25:22,13,-1,3855.75,-3462
2022-09-19 05:25:28,2,2,3855.5,-3460
2022-09-19 05:25:32,1,1,3855.5,-3459
2022-09-19 05:25:33,1,1,3855.5,-3458
2022-09-19 05:25:35,15,-7,3855.25,-3465
2022-09-19 05:25:37,6,5,3855.5,-3460
2022-09-19 05:25:41,8,4,3855.75,-3456
2022-09-19 05:25:46,14,16,3856.0,-3440
2022-09-19 05:25:47,17,-7,3855.75,-3447
2022-09-19 05:25:51,12,8,3855.75,-3439
2022-09-19 05:25:52,7,-5,3855.5,-3444
2022-09-19 05:25:53,2,0,3855.5,-3444
2022-09-19 05:25:58,25,-8,3855.5,-3452
2022-09-19 05:26:04,9,5,3855.25,-3447
2022-09-19 05:26:05,17,11,3855.5,-3436
2022-09-19 05:26:07,5,5,3855.5,-3431
2022-09-19 05:26:09,3,3,3855.75,-3428
2022-09-19 05:26:10,5,-5,3855.75,-3433
2022-09-19 05:26:13,3,-3,3855.5,-3436
2022-09-19 05:26:14,10,7,3855.75,-3429
2022-09-19 05:26:17,1,1,3856.0,-3428
2022-09-19 05:26:18,16,-3,3855.75,-3431
2022-09-19 05:26:20,12,7,3856.0,-3424
2022-09-19 05:26:22,7,-7,3856.0,-3431
2022-09-19 05:26:23,8,8,3856.25,-3423
2022-09-19 05:26:25,30,4,3856.5,-3419
2022-09-19 05:26:26,4,4,3856.75,-3415
2022-09-19 05:26:29,12,2,3856.75,-3413
2022-09-19 05:26:30,2,0,3856.75,-3413
2022-09-19 05:26:31,45,8,3857.0,-3405
2022-09-19 05:26:32,14,0,3857.0,-3405
2022-09-19 05:26:33,31,27,3857.0,-3378
2022-09-19 05:26:37,12,3,3857.0,-3375
2022-09-19 05:26:38,3,-3,3856.75,-3378
2022-09-19 05:26:42,2,2,3856.75,-3376
2022-09-19 05:26:43,2,2,3857.0,-3374
2022-09-19 05:26:44,3,1,3857.0,-3373
2022-09-19 05:26:46,1,1,3856.75,-3372
2022-09-19 05:26:47,1,1,3856.75,-3371
2022-09-19 05:26:51,15,-6,3856.5,-3377
2022-09-19 05:26:52,3,-3,3856.5,-3380
2022-09-19 05:26:53,2,-2,3856.25,-3382
2022-09-19 05:26:54,1,-1,3856.25,-3383
2022-09-19 05:26:56,1,1,3856.75,-3382
2022-09-19 05:26:59,9,9,3856.75,-3373
2022-09-19 05:27:00,1,1,3856.75,-3372
2022-09-19 05:27:01,1,-1,3856.5,-3373
2022-09-19 05:27:02,6,0,3856.5,-3373
2022-09-19 05:27:03,3,3,3856.5,-3370
2022-09-19 05:27:04,15,-5,3856.5,-3375
2022-09-19 05:27:12,20,36,3856.75,-3339
2022-09-19 05:27:13,3,-3,3856.25,-3342
2022-09-19 05:27:18,20,-13,3856.0,-3355
2022-09-19 05:27:22,8,-6,3855.5,-3361
2022-09-19 05:27:23,4,-3,3855.5,-3364
2022-09-19 05:27:24,2,2,3855.75,-3362
2022-09-19 05:27:25,2,2,3855.75,-3360
2022-09-19 05:27:27,12,-5,3855.5,-3365
2022-09-19 05:27:28,45,-4,3855.0,-3369
2022-09-19 05:27:29,3,2,3855.5,-3367
2022-09-19 05:27:30,6,-4,3855.25,-3371
2022-09-19 05:27:31,1,1,3855.25,-3370
2022-09-19 05:27:32,1,1,3855.25,-3369
2022-09-19 05:27:38,50,-2,3855.25,-3371
2022-09-19 05:27:39,2,-2,3855.25,-3373
2022-09-19 05:27:41,4,-4,3855.25,-3377
2022-09-19 05:27:47,7,0,3855.25,-3377
2022-09-19 05:27:51,5,-4,3855.0,-3381
2022-09-19 05:27:52,5,-5,3855.0,-3386
2022-09-19 05:27:53,1,-1,3855.0,-3387
2022-09-19 05:27:55,5,3,3855.25,-3384
2022-09-19 05:27:57,2,0,3855.25,-3384
2022-09-19 05:27:58,1,1,3855.25,-3383
2022-09-19 05:27:59,10,-6,3855.25,-3389
2022-09-19 05:28:00,6,-7,3855.0,-3396
2022-09-19 05:28:01,6,-2,3855.25,-3398
2022-09-19 05:28:03,3,3,3855.25,-3395
2022-09-19 05:28:05,2,1,3855.25,-3394
2022-09-19 05:28:12,1,1,3855.25,-3393
2022-09-19 05:28:15,2,2,3855.5,-3391
2022-09-19 05:28:20,6,6,3855.5,-3385
2022-09-19 05:28:22,4,-4,3855.5,-3389
2022-09-19 05:28:23,3,-3,3855.25,-3392
2022-09-19 05:28:26,3,-3,3855.25,-3395
2022-09-19 05:28:29,1,1,3855.0,-3394
2022-09-19 05:28:30,14,-2,3855.25,-3396
2022-09-19 05:28:31,22,-19,3855.0,-3415
2022-09-19 05:28:34,1,-1,3854.5,-3416
2022-09-19 05:28:37,46,8,3855.0,-3408
2022-09-19 05:28:38,11,-2,3855.0,-3410
2022-09-19 05:28:39,1,1,3855.25,-3409
2022-09-19 05:28:44,4,4,3855.0,-3405
2022-09-19 05:28:48,6,6,3855.25,-3399
2022-09-19 05:28:49,1,1,3855.25,-3398
2022-09-19 05:28:50,13,1,3855.5,-3397
2022-09-19 05:28:53,1,-1,3855.25,-3398
2022-09-19 05:28:54,2,-2,3855.5,-3400
2022-09-19 05:28:59,2,-2,3855.5,-3402
2022-09-19 05:29:00,1,-1,3855.5,-3403
2022-09-19 05:29:02,1,1,3855.75,-3402
2022-09-19 05:29:05,4,-4,3855.5,-3406
2022-09-19 05:29:09,1,-1,3855.5,-3407
2022-09-19 05:29:11,1,1,3855.5,-3406
2022-09-19 05:29:12,4,2,3855.5,-3404
2022-09-19 05:29:17,5,1,3855.5,-3403
2022-09-19 05:29:22,5,-5,3855.25,-3408
2022-09-19 05:29:23,2,-2,3855.5,-3410
2022-09-19 05:29:25,10,-7,3855.25,-3417
2022-09-19 05:29:26,2,0,3855.25,-3417
2022-09-19 05:29:27,8,5,3855.75,-3412
2022-09-19 05:29:28,1,-1,3855.75,-3413
2022-09-19 05:29:30,2,-2,3855.75,-3415
2022-09-19 05:29:31,1,1,3855.75,-3414
2022-09-19 05:29:33,1,1,3855.75,-3413
2022-09-19 05:29:34,4,-4,3855.5,-3417
2022-09-19 05:29:38,5,-5,3855.5,-3422
2022-09-19 05:29:39,11,-1,3855.75,-3423
2022-09-19 05:29:41,9,-5,3855.75,-3428
2022-09-19 05:29:42,4,-2,3855.25,-3430
2022-09-19 05:29:43,12,0,3855.25,-3430
2022-09-19 05:29:44,1,-1,3854.75,-3431
2022-09-19 05:29:48,2,0,3855.0,-3431
2022-09-19 05:29:50,2,2,3855.25,-3429
2022-09-19 05:29:52,7,-7,3855.0,-3436
2022-09-19 05:29:53,9,1,3855.0,-3435
2022-09-19 05:29:57,2,2,3855.25,-3433
2022-09-19 05:30:00,14,-1,3855.25,-3434
2022-09-19 05:30:02,3,-3,3855.0,-3437
2022-09-19 05:30:03,5,-5,3854.75,-3442
2022-09-19 05:30:05,30,9,3855.0,-3433
2022-09-19 05:30:06,10,-10,3854.75,-3443
2022-09-19 05:30:07,3,-3,3854.5,-3446
2022-09-19 05:30:08,1,-1,3854.5,-3447
2022-09-19 05:30:12,4,-4,3854.5,-3451
2022-09-19 05:30:15,1,1,3854.5,-3450
2022-09-19 05:30:16,37,5,3855.0,-3445
2022-09-19 05:30:18,1,1,3854.75,-3444
2022-09-19 05:30:19,1,-1,3854.5,-3445
2022-09-19 05:30:22,4,-4,3854.5,-3449
2022-09-19 05:30:27,4,1,3854.75,-3448
2022-09-19 05:30:30,12,-6,3854.5,-3454
2022-09-19 05:30:31,7,4,3854.5,-3450
2022-09-19 05:30:32,3,-3,3854.5,-3453
2022-09-19 05:30:33,1,1,3854.5,-3452
2022-09-19 05:30:34,6,3,3854.5,-3449
2022-09-19 05:30:35,11,4,3854.5,-3445
2022-09-19 05:30:36,52,-31,3854.5,-3476
2022-09-19 05:30:37,46,-37,3854.0,-3513
2022-09-19 05:30:38,3,-3,3853.5,-3516
2022-09-19 05:30:39,1,-1,3853.5,-3517
2022-09-19 05:30:42,32,7,3853.75,-3510
2022-09-19 05:30:43,1,1,3853.75,-3509
2022-09-19 05:30:45,7,3,3853.75,-3506
2022-09-19 05:30:46,1,-1,3853.75,-3507
2022-09-19 05:30:49,24,8,3854.25,-3499
2022-09-19 05:30:52,8,-5,3854.0,-3504
2022-09-19 05:30:53,3,-3,3854.0,-3507
2022-09-19 05:30:54,1,1,3854.0,-3506
2022-09-19 05:30:55,9,5,3854.25,-3501
2022-09-19 05:30:56,4,-4,3854.25,-3505
2022-09-19 05:30:57,8,0,3854.75,-3505
2022-09-19 05:30:58,8,-4,3854.25,-3509
2022-09-19 05:30:59,2,-2,3854.25,-3511
2022-09-19 05:31:00,10,-8,3854.25,-3519
2022-09-19 05:31:03,9,-9,3854.0,-3528
2022-09-19 05:31:06,3,-1,3854.0,-3529
2022-09-19 05:31:07,1,-1,3853.75,-3530
2022-09-19 05:31:10,9,-9,3853.75,-3539
2022-09-19 05:31:11,9,4,3854.0,-3535
2022-09-19 05:31:15,1,1,3854.0,-3534
2022-09-19 05:31:17,12,5,3854.25,-3529
2022-09-19 05:31:18,1,1,3854.25,-3528
2022-09-19 05:31:19,17,-9,3854.0,-3537
2022-09-19 05:31:21,1,-1,3854.0,-3538
2022-09-19 05:31:22,1,-1,3854.0,-3539
2022-09-19 05:31:23,1,-1,3853.75,-3540
2022-09-19 05:31:24,1,-1,3854.0,-3541
2022-09-19 05:31:26,2,0,3854.0,-3541
2022-09-19 05:31:29,1,1,3854.0,-3540
2022-09-19 05:31:30,24,-12,3853.75,-3552
2022-09-19 05:31:31,4,1,3853.75,-3551
2022-09-19 05:31:34,3,1,3853.75,-3550
2022-09-19 05:31:35,7,5,3854.0,-3545
2022-09-19 05:31:36,3,-3,3854.0,-3548
2022-09-19 05:31:37,1,-1,3853.75,-3549
2022-09-19 05:31:42,12,7,3854.0,-3542
2022-09-19 05:31:43,55,-41,3854.0,-3583
2022-09-19 05:31:44,1,-1,3853.75,-3584
2022-09-19 05:31:45,6,-2,3853.75,-3586
2022-09-19 05:31:46,3,-2,3853.75,-3588
2022-09-19 05:31:50,1,1,3853.75,-3587
2022-09-19 05:31:52,3,-2,3853.5,-3589
2022-09-19 05:31:53,1,-1,3853.5,-3590
2022-09-19 05:31:54,1,-1,3853.5,-3591
2022-09-19 05:31:55,38,-38,3853.5,-3629
2022-09-19 05:31:56,4,-1,3853.5,-3630
2022-09-19 05:31:59,4,-4,3853.25,-3634
2022-09-19 05:32:00,11,-6,3853.25,-3640
2022-09-19 05:32:02,7,-5,3853.25,-3645
2022-09-19 05:32:03,7,-3,3853.25,-3648
2022-09-19 05:32:04,37,-8,3853.0,-3656
2022-09-19 05:32:05,6,-1,3852.75,-3657
2022-09-19 05:32:06,5,-5,3852.5,-3662
2022-09-19 05:32:07,5,-5,3852.5,-3667
2022-09-19 05:32:08,20,8,3852.75,-3659
2022-09-19 05:32:12,247,-163,3852.5,-3822
2022-09-19 05:32:13,100,-29,3852.0,-3851
2022-09-19 05:32:14,30,29,3852.25,-3822
2022-09-19 05:32:15,2,-2,3852.0,-3824
2022-09-19 05:32:16,2,-2,3851.5,-3826
2022-09-19 05:32:17,4,4,3852.0,-3822
2022-09-19 05:32:18,12,-6,3852.0,-3828
2022-09-19 05:32:19,2,0,3851.5,-3828
2022-09-19 05:32:20,5,5,3851.75,-3823
2022-09-19 05:32:21,3,-1,3851.75,-3824
2022-09-19 05:32:23,14,13,3852.0,-3811
2022-09-19 05:32:24,4,-4,3851.75,-3815
2022-09-19 05:32:26,8,-4,3851.5,-3819
2022-09-19 05:32:28,3,3,3851.5,-3816
2022-09-19 05:32:29,18,1,3851.5,-3815
2022-09-19 05:32:30,19,12,3851.5,-3803
2022-09-19 05:32:31,3,1,3851.75,-3802
2022-09-19 05:32:32,3,-3,3851.5,-3805
2022-09-19 05:32:33,3,-3,3851.5,-3808
2022-09-19 05:32:35,4,-1,3851.25,-3809
2022-09-19 05:32:37,11,3,3851.5,-3806
2022-09-19 05:32:44,1,-1,3851.5,-3807
2022-09-19 05:32:45,12,10,3851.75,-3797
2022-09-19 05:32:46,5,-4,3851.75,-3801
2022-09-19 05:32:47,24,-8,3851.75,-3809
2022-09-19 05:32:48,2,-2,3851.25,-3811
2022-09-19 05:32:49,1,1,3851.5,-3810
2022-09-19 05:32:50,30,-11,3851.25,-3821
2022-09-19 05:32:51,17,8,3851.25,-3813
2022-09-19 05:32:52,3,-3,3851.0,-3816
2022-09-19 05:32:54,30,-4,3851.0,-3820
2022-09-19 05:32:55,42,27,3851.75,-3793
2022-09-19 05:32:56,12,-10,3851.25,-3803
2022-09-19 05:32:57,1,-1,3851.25,-3804
2022-09-19 05:32:58,4,0,3851.5,-3804
2022-09-19 05:33:00,13,-1,3851.75,-3805
2022-09-19 05:33:01,7,1,3851.5,-3804
2022-09-19 05:33:02,2,2,3851.5,-3802
2022-09-19 05:33:04,1,1,3851.5,-3801
2022-09-19 05:33:05,6,6,3851.5,-3795
2022-09-19 05:33:07,13,6,3851.75,-3789
2022-09-19 05:33:08,21,12,3852.0,-3777
2022-09-19 05:33:09,5,5,3852.0,-3772
2022-09-19 05:33:10,3,3,3852.0,-3769
2022-09-19 05:33:11,9,-7,3852.0,-3776
2022-09-19 05:33:12,1,1,3852.0,-3775
2022-09-19 05:33:13,33,-2,3852.0,-3777
2022-09-19 05:33:14,4,2,3852.0,-3775
2022-09-19 05:33:16,1,-1,3852.0,-3776
2022-09-19 05:33:19,25,3,3852.25,-3773
2022-09-19 05:33:20,6,-3,3852.25,-3776
2022-09-19 05:33:21,7,3,3852.25,-3773
2022-09-19 05:33:22,2,0,3852.25,-3773
2022-09-19 05:33:23,6,-4,3852.25,-3777
2022-09-19 05:33:24,3,1,3852.0,-3776
2022-09-19 05:33:25,11,10,3852.25,-3766
2022-09-19 05:33:26,1,-1,3852.0,-3767
2022-09-19 05:33:28,7,-6,3852.0,-3773
2022-09-19 05:33:30,12,8,3852.25,-3765
2022-09-19 05:33:31,4,0,3852.25,-3765
2022-09-19 05:33:32,8,-4,3852.25,-3769
2022-09-19 05:33:33,8,4,3852.25,-3765
2022-09-19 05:33:34,31,33,3852.75,-3732
2022-09-19 05:33:35,9,3,3852.25,-3729
2022-09-19 05:33:38,14,1,3852.25,-3728
2022-09-19 05:33:39,12,6,3852.75,-3722
2022-09-19 05:33:40,4,4,3852.5,-3718
2022-09-19 05:33:41,1,-1,3852.5,-3719
2022-09-19 05:33:42,1,-1,3852.5,-3720
2022-09-19 05:33:43,24,-13,3852.5,-3733
2022-09-19 05:33:44,5,5,3852.5,-3728
2022-09-19 05:33:46,9,0,3852.5,-3728
2022-09-19 05:33:48,7,7,3853.0,-3721
2022-09-19 05:33:49,2,-2,3852.75,-3723
2022-09-19 05:33:50,2,1,3852.75,-3722
2022-09-19 05:33:51,1,1,3852.75,-3721
2022-09-19 05:33:53,3,2,3853.0,-3719
2022-09-19 05:33:54,9,5,3853.0,-3714
2022-09-19 05:33:55,2,2,3853.0,-3712
2022-09-19 05:34:00,5,-5,3853.0,-3717
2022-09-19 05:34:01,1,-1,3853.0,-3718
2022-09-19 05:34:02,5,1,3853.25,-3717
2022-09-19 05:34:03,1,-1,3853.0,-3718
2022-09-19 05:34:04,7,-3,3852.75,-3721
2022-09-19 05:34:05,7,0,3852.75,-3721
2022-09-19 05:34:08,2,2,3852.75,-3719
2022-09-19 05:34:09,7,-1,3852.75,-3720
2022-09-19 05:34:10,1,1,3852.5,-3719
2022-09-19 05:34:12,27,4,3852.75,-3715
2022-09-19 05:34:13,2,-2,3852.5,-3717
2022-09-19 05:34:16,4,3,3852.75,-3714
2022-09-19 05:34:17,1,-1,3852.75,-3715
2022-09-19 05:34:18,25,-13,3852.5,-3728
2022-09-19 05:34:19,14,-10,3852.0,-3738
2022-09-19 05:34:20,8,4,3852.0,-3734
2022-09-19 05:34:21,1,1,3851.75,-3733
2022-09-19 05:34:22,26,-15,3851.5,-3748
2022-09-19 05:34:23,1,1,3851.25,-3747
2022-09-19 05:34:25,7,0,3851.25,-3747
2022-09-19 05:34:26,1,-1,3851.0,-3748
2022-09-19 05:34:29,2,2,3851.25,-3746
2022-09-19 05:34:30,10,-8,3851.25,-3754
2022-09-19 05:34:31,1,-1,3851.25,-3755
2022-09-19 05:34:32,4,-2,3851.25,-3757
2022-09-19 05:34:33,1,-1,3851.25,-3758
2022-09-19 05:34:34,4,3,3851.25,-3755
2022-09-19 05:34:37,5,5,3851.5,-3750
2022-09-19 05:34:38,1,-1,3851.5,-3751
2022-09-19 05:34:39,1,1,3851.75,-3750
2022-09-19 05:34:40,9,-9,3851.5,-3759
2022-09-19 05:34:41,3,3,3851.5,-3756
2022-09-19 05:34:45,12,3,3851.75,-3753
2022-09-19 05:34:46,5,3,3852.25,-3750
2022-09-19 05:34:52,8,-5,3852.25,-3755
2022-09-19 05:34:53,6,-2,3852.25,-3757
2022-09-19 05:34:54,2,-2,3852.0,-3759
2022-09-19 05:34:55,2,0,3852.0,-3759
2022-09-19 05:34:57,1,1,3852.25,-3758
2022-09-19 05:34:58,4,4,3852.25,-3754
2022-09-19 05:35:00,8,0,3852.5,-3754
2022-09-19 05:35:01,1,1,3852.5,-3753
2022-09-19 05:35:02,2,2,3852.5,-3751
2022-09-19 05:35:04,7,-5,3852.25,-3756
2022-09-19 05:35:05,8,5,3852.25,-3751
2022-09-19 05:35:06,4,-3,3852.25,-3754
2022-09-19 05:35:08,1,-1,3852.0,-3755
2022-09-19 05:35:10,31,45,3852.75,-3710
2022-09-19 05:35:20,37,19,3853.0,-3691
2022-09-19 05:35:22,5,-3,3852.75,-3694
2022-09-19 05:35:23,4,0,3852.5,-3694
2022-09-19 05:35:24,2,-2,3852.5,-3696
2022-09-19 05:35:25,1,-1,3852.5,-3697
2022-09-19 05:35:28,15,3,3852.75,-3694
2022-09-19 05:35:32,1,1,3853.0,-3693
2022-09-19 05:35:33,8,7,3853.0,-3686
2022-09-19 05:35:39,1,-1,3853.0,-3687
2022-09-19 05:35:41,12,-5,3853.0,-3692
2022-09-19 05:35:44,8,7,3853.25,-3685
2022-09-19 05:35:52,7,-3,3853.0,-3688
2022-09-19 05:35:53,18,5,3853.5,-3683
2022-09-19 05:35:55,6,4,3853.75,-3679
2022-09-19 05:35:56,2,-2,3853.5,-3681
2022-09-19 05:35:57,2,0,3853.5,-3681
2022-09-19 05:35:59,1,1,3853.75,-3680
2022-09-19 05:36:01,11,-4,3853.5,-3684
2022-09-19 05:36:02,14,2,3853.5,-3682
2022-09-19 05:36:03,4,-4,3853.25,-3686
2022-09-19 05:36:09,2,-2,3853.25,-3688
2022-09-19 05:36:10,7,6,3853.5,-3682
2022-09-19 05:36:12,8,-7,3853.5,-3689
2022-09-19 05:36:14,5,-5,3853.25,-3694
2022-09-19 05:36:15,9,2,3853.5,-3692
2022-09-19 05:36:18,11,5,3853.5,-3687
2022-09-19 05:36:19,1,1,3853.75,-3686
2022-09-19 05:36:20,1,1,3853.75,-3685
2022-09-19 05:36:24,14,-11,3853.5,-3696
2022-09-19 05:36:25,1,1,3853.75,-3695
2022-09-19 05:36:26,2,2,3853.75,-3693
2022-09-19 05:36:27,1,1,3853.75,-3692
2022-09-19 05:36:28,6,-4,3853.75,-3696
2022-09-19 05:36:29,1,1,3853.75,-3695
2022-09-19 05:36:32,15,-1,3853.75,-3696
2022-09-19 05:36:33,13,-6,3853.75,-3702
2022-09-19 05:36:34,10,9,3854.0,-3693
2022-09-19 05:36:36,1,1,3854.0,-3692
2022-09-19 05:36:37,1,-1,3853.75,-3693
2022-09-19 05:36:42,2,2,3854.0,-3691
2022-09-19 05:36:43,2,-2,3853.75,-3693
2022-09-19 05:36:48,2,-2,3853.75,-3695
2022-09-19 05:36:52,6,-5,3853.75,-3700
2022-09-19 05:36:53,17,-3,3853.75,-3703
2022-09-19 05:36:56,5,1,3854.0,-3702
2022-09-19 05:36:59,5,-5,3854.0,-3707
2022-09-19 05:37:02,6,-5,3853.75,-3712
2022-09-19 05:37:03,1,1,3853.75,-3711
2022-09-19 05:37:04,1,1,3853.75,-3710
2022-09-19 05:37:05,17,-10,3853.5,-3720
2022-09-19 05:37:06,6,0,3853.25,-3720
2022-09-19 05:37:08,3,-3,3853.25,-3723
2022-09-19 05:37:09,7,6,3853.25,-3717
2022-09-19 05:37:10,13,-5,3853.25,-3722
2022-09-19 05:37:11,19,11,3853.25,-3711
2022-09-19 05:37:12,6,6,3853.25,-3705
2022-09-19 05:37:17,7,-6,3853.25,-3711
2022-09-19 05:37:19,2,2,3853.25,-3709
2022-09-19 05:37:20,2,2,3853.25,-3707
2022-09-19 05:37:21,13,-3,3853.25,-3710
2022-09-19 05:37:22,3,-3,3853.25,-3713
2022-09-19 05:37:23,10,-8,3853.0,-3721
2022-09-19 05:37:24,1,1,3853.0,-3720
2022-09-19 05:37:25,2,-2,3852.75,-3722
2022-09-19 05:37:26,1,1,3853.0,-3721
2022-09-19 05:37:27,1,1,3853.0,-3720
2022-09-19 05:37:31,10,0,3853.25,-3720
2022-09-19 05:37:36,12,10,3853.25,-3710
2022-09-19 05:37:37,12,-12,3853.0,-3722
2022-09-19 05:37:38,11,10,3853.0,-3712
2022-09-19 05:37:42,9,3,3853.25,-3709
2022-09-19 05:37:44,2,-2,3853.25,-3711
2022-09-19 05:37:52,3,-3,3853.25,-3714
2022-09-19 05:37:59,21,-9,3853.25,-3723
2022-09-19 05:38:00,25,-1,3853.0,-3724
2022-09-19 05:38:03,2,-2,3852.5,-3726
2022-09-19 05:38:04,1,1,3852.75,-3725
2022-09-19 05:38:06,3,1,3852.75,-3724
2022-09-19 05:38:08,5,1,3852.75,-3723
2022-09-19 05:38:11,6,6,3852.75,-3717
2022-09-19 05:38:12,3,-3,3852.75,-3720
2022-09-19 05:38:16,8,4,3852.75,-3716
2022-09-19 05:38:17,5,-5,3852.75,-3721
2022-09-19 05:38:22,2,-2,3852.5,-3723
2022-09-19 05:38:23,1,1,3852.75,-3722
2022-09-19 05:38:24,2,2,3852.75,-3720
2022-09-19 05:38:25,1,-1,3852.75,-3721
2022-09-19 05:38:30,23,6,3853.25,-3715
2022-09-19 05:38:31,1,1,3853.0,-3714
2022-09-19 05:38:35,4,0,3853.0,-3714
2022-09-19 05:38:37,1,-1,3853.0,-3715
2022-09-19 05:38:38,4,1,3853.0,-3714
2022-09-19 05:38:41,33,0,3853.5,-3714
2022-09-19 05:38:42,5,-5,3853.25,-3719
2022-09-19 05:38:48,5,-5,3853.25,-3724
2022-09-19 05:38:51,1,-1,3853.0,-3725
2022-09-19 05:38:52,1,-1,3853.0,-3726
2022-09-19 05:38:57,1,-1,3853.0,-3727
2022-09-19 05:38:59,2,-2,3853.0,-3729
2022-09-19 05:39:00,1,-1,3853.25,-3730
2022-09-19 05:39:01,1,-1,3853.25,-3731
2022-09-19 05:39:05,3,3,3853.25,-3728
2022-09-19 05:39:07,1,1,3853.25,-3727
2022-09-19 05:39:10,3,1,3853.25,-3726
2022-09-19 05:39:11,13,-12,3853.25,-3738
2022-09-19 05:39:12,3,1,3853.0,-3737
2022-09-19 05:39:13,1,-1,3853.0,-3738
2022-09-19 05:39:14,1,-1,3852.75,-3739
2022-09-19 05:39:19,3,-3,3852.75,-3742
2022-09-19 05:39:22,7,-7,3852.75,-3749
2022-09-19 05:39:23,6,6,3853.0,-3743
2022-09-19 05:39:24,1,1,3853.0,-3742
2022-09-19 05:39:25,4,0,3853.0,-3742
2022-09-19 05:39:28,7,6,3853.25,-3736
2022-09-19 05:39:31,5,-5,3853.25,-3741
2022-09-19 05:39:32,3,3,3853.5,-3738
2022-09-19 05:39:35,9,3,3853.75,-3735
2022-09-19 05:39:37,11,2,3853.75,-3733
2022-09-19 05:39:38,1,1,3853.75,-3732
2022-09-19 05:39:41,6,-4,3853.75,-3736
2022-09-19 05:39:42,18,-10,3853.5,-3746
2022-09-19 05:39:44,11,0,3853.5,-3746
2022-09-19 05:39:48,1,1,3853.5,-3745
2022-09-19 05:39:49,2,2,3853.5,-3743
2022-09-19 05:39:52,1,-1,3853.5,-3744
2022-09-19 05:39:53,1,-1,3853.5,-3745
2022-09-19 05:39:55,1,-1,3853.5,-3746
2022-09-19 05:39:56,37,2,3853.5,-3744
2022-09-19 05:39:58,11,-6,3853.5,-3750
2022-09-19 05:40:02,13,-1,3853.75,-3751
2022-09-19 05:40:03,7,-4,3854.0,-3755
2022-09-19 05:40:04,1,-1,3853.5,-3756
2022-09-19 05:40:05,14,-4,3853.5,-3760
2022-09-19 05:40:10,16,2,3853.75,-3758
2022-09-19 05:40:14,7,1,3853.75,-3757
2022-09-19 05:40:15,3,-1,3853.75,-3758
2022-09-19 05:40:22,1,-1,3853.75,-3759
2022-09-19 05:40:23,3,2,3854.0,-3757
2022-09-19 05:40:24,1,-1,3853.75,-3758
2022-09-19 05:40:29,31,20,3854.0,-3738
2022-09-19 05:40:30,55,32,3854.75,-3706
2022-09-19 05:40:32,14,-12,3854.5,-3718
2022-09-19 05:40:33,12,2,3854.75,-3716
2022-09-19 05:40:34,1,1,3855.0,-3715
2022-09-19 05:40:35,94,73,3855.25,-3642
2022-09-19 05:40:36,8,-2,3855.0,-3644
2022-09-19 05:40:37,2,0,3855.0,-3644
2022-09-19 05:40:39,15,0,3855.0,-3644
2022-09-19 05:40:40,1,1,3854.5,-3643
2022-09-19 05:40:41,6,-1,3854.5,-3644
2022-09-19 05:40:43,5,3,3854.75,-3641
2022-09-19 05:40:46,1,1,3854.75,-3640
2022-09-19 05:40:47,19,-15,3854.5,-3655
2022-09-19 05:40:49,8,0,3854.0,-3655
2022-09-19 05:40:50,14,9,3854.0,-3646
2022-09-19 05:40:52,4,0,3854.0,-3646
2022-09-19 05:40:53,1,-1,3853.75,-3647
2022-09-19 05:40:54,3,-3,3853.75,-3650
2022-09-19 05:41:00,9,1,3854.0,-3649
2022-09-19 05:41:03,15,17,3854.25,-3632
2022-09-19 05:41:05,3,-1,3853.75,-3633
2022-09-19 05:41:09,1,-1,3853.75,-3634
2022-09-19 05:41:15,12,7,3854.0,-3627
2022-09-19 05:41:16,8,-6,3854.0,-3633
2022-09-19 05:41:22,2,-2,3853.5,-3635
2022-09-19 05:41:23,4,-3,3853.5,-3638
2022-09-19 05:41:24,1,-1,3853.5,-3639
2022-09-19 05:41:25,8,1,3853.5,-3638
2022-09-19 05:41:26,1,-1,3853.5,-3639
2022-09-19 05:41:27,9,8,3853.75,-3631
2022-09-19 05:41:30,5,-5,3853.75,-3636
2022-09-19 05:41:34,6,6,3854.0,-3630
2022-09-19 05:41:35,3,-3,3854.0,-3633
2022-09-19 05:41:36,1,1,3854.0,-3632
2022-09-19 05:41:41,14,-9,3853.75,-3641
2022-09-19 05:41:44,3,-3,3853.5,-3644
2022-09-19 05:41:50,7,7,3854.0,-3637
2022-09-19 05:41:51,4,-2,3853.75,-3639
2022-09-19 05:41:52,5,-2,3854.0,-3641
2022-09-19 05:41:53,6,-2,3853.75,-3643
2022-09-19 05:41:58,1,1,3853.75,-3642
2022-09-19 05:41:59,10,-4,3853.75,-3646
2022-09-19 05:42:00,5,-3,3854.0,-3649
2022-09-19 05:42:01,1,1,3854.0,-3648
2022-09-19 05:42:02,2,-2,3853.75,-3650
2022-09-19 05:42:04,2,-2,3853.75,-3652
2022-09-19 05:42:06,4,0,3853.75,-3652
2022-09-19 05:42:12,10,8,3854.0,-3644
2022-09-19 05:42:15,38,-9,3853.75,-3653
2022-09-19 05:42:18,9,-5,3853.5,-3658
2022-09-19 05:42:20,1,-1,3853.25,-3659
2022-09-19 05:42:22,3,-3,3853.25,-3662
2022-09-19 05:42:23,20,4,3853.75,-3658
2022-09-19 05:42:25,30,6,3853.75,-3652
2022-09-19 05:42:27,4,2,3853.75,-3650
2022-09-19 05:42:32,3,1,3853.75,-3649
2022-09-19 05:42:33,5,1,3853.75,-3648
2022-09-19 05:42:37,1,1,3853.75,-3647
2022-09-19 05:42:41,106,-42,3853.5,-3689
2022-09-19 05:42:42,6,-6,3853.25,-3695
2022-09-19 05:42:43,1,1,3853.25,-3694
2022-09-19 05:42:45,3,-3,3853.0,-3697
2022-09-19 05:42:51,19,-4,3852.75,-3701
2022-09-19 05:42:52,7,-7,3852.75,-3708
2022-09-19 05:42:54,1,1,3852.75,-3707
2022-09-19 05:42:55,12,2,3852.75,-3705
2022-09-19 05:42:56,2,0,3852.75,-3705
2022-09-19 05:42:57,1,-1,3852.75,-3706
2022-09-19 05:42:59,3,1,3852.75,-3705
2022-09-19 05:43:00,2,2,3853.0,-3703
2022-09-19 05:43:01,1,1,3853.0,-3702
2022-09-19 05:43:05,1,-1,3852.75,-3703
2022-09-19 05:43:10,5,5,3853.0,-3698
2022-09-19 05:43:11,10,-6,3853.0,-3704
2022-09-19 05:43:16,2,-2,3852.75,-3706
2022-09-19 05:43:18,6,4,3853.0,-3702
2022-09-19 05:43:20,59,-84,3853.0,-3786
2022-09-19 05:43:22,10,6,3853.0,-3780
2022-09-19 05:43:23,4,-4,3852.75,-3784
2022-09-19 05:43:24,1,-1,3852.75,-3785
2022-09-19 05:43:26,7,2,3853.0,-3783
2022-09-19 05:43:27,12,-16,3853.0,-3799
2022-09-19 05:43:28,2,-2,3852.75,-3801
2022-09-19 05:43:29,6,-6,3852.75,-3807
2022-09-19 05:43:30,10,10,3852.75,-3797
2022-09-19 05:43:32,10,3,3852.75,-3794
2022-09-19 05:43:33,1,-1,3852.75,-3795
2022-09-19 05:43:36,11,-7,3852.5,-3802
2022-09-19 05:43:38,1,1,3852.5,-3801
2022-09-19 05:43:50,15,13,3852.5,-3788
2022-09-19 05:43:52,5,-3,3852.5,-3791
2022-09-19 05:43:53,4,4,3852.75,-3787
2022-09-19 05:43:55,2,0,3853.0,-3787
2022-09-19 05:43:58,1,1,3853.0,-3786
2022-09-19 05:43:59,1,1,3853.0,-3785
2022-09-19 05:44:00,4,-4,3852.75,-3789
2022-09-19 05:44:01,1,-1,3853.0,-3790
2022-09-19 05:44:03,4,-3,3852.75,-3793
2022-09-19 05:44:04,3,-3,3852.5,-3796
2022-09-19 05:44:05,4,-4,3852.25,-3800
2022-09-19 05:44:06,3,-2,3852.25,-3802
2022-09-19 05:44:07,1,1,3852.25,-3801
2022-09-19 05:44:08,2,-2,3852.0,-3803
2022-09-19 05:44:10,3,-3,3852.0,-3806
2022-09-19 05:44:11,15,-15,3852.0,-3821
2022-09-19 05:44:12,6,-2,3851.75,-3823
2022-09-19 05:44:20,6,6,3851.75,-3817
2022-09-19 05:44:22,2,-2,3851.75,-3819
2022-09-19 05:44:23,8,1,3852.0,-3818
2022-09-19 05:44:24,2,-2,3852.0,-3820
2022-09-19 05:44:25,8,8,3852.25,-3812
2022-09-19 05:44:27,5,4,3852.5,-3808
2022-09-19 05:44:30,8,-3,3852.25,-3811
2022-09-19 05:44:32,1,1,3852.5,-3810
2022-09-19 05:44:34,1,-1,3852.25,-3811
2022-09-19 05:44:43,7,-5,3852.25,-3816
2022-09-19 05:44:47,17,-2,3852.25,-3818
2022-09-19 05:44:48,9,-2,3852.0,-3820
2022-09-19 05:44:52,15,-13,3851.75,-3833
2022-09-19 05:44:53,9,-1,3851.5,-3834
2022-09-19 05:44:54,2,2,3851.5,-3832
2022-09-19 05:44:55,8,-4,3851.5,-3836
2022-09-19 05:44:56,191,-126,3851.25,-3962
2022-09-19 05:44:57,2,-2,3850.75,-3964
2022-09-19 05:44:58,1,-1,3850.75,-3965
2022-09-19 05:44:59,80,26,3851.5,-3939
2022-09-19 05:45:00,7,5,3851.5,-3934
2022-09-19 05:45:02,14,7,3851.5,-3927
2022-09-19 05:45:03,5,5,3851.5,-3922
2022-09-19 05:45:04,20,-8,3851.25,-3930
2022-09-19 05:45:09,41,15,3851.5,-3915
2022-09-19 05:45:11,7,-1,3851.25,-3916
2022-09-19 05:45:12,12,8,3851.75,-3908
2022-09-19 05:45:14,1,1,3851.75,-3907
2022-09-19 05:45:15,5,3,3851.75,-3904
2022-09-19 05:45:18,8,8,3852.25,-3896
2022-09-19 05:45:19,6,2,3852.0,-3894
2022-09-19 05:45:20,5,1,3852.25,-3893
2022-09-19 05:45:21,1,1,3852.25,-3892
2022-09-19 05:45:22,2,1,3852.0,-3891
2022-09-19 05:45:25,1,-1,3852.0,-3892
2022-09-19 05:45:26,2,-2,3852.0,-3894
2022-09-19 05:45:27,1,1,3852.0,-3893
2022-09-19 05:45:28,2,2,3852.25,-3891
2022-09-19 05:45:31,13,13,3852.25,-3878
2022-09-19 05:45:32,8,-2,3852.25,-3880
2022-09-19 05:45:39,4,-4,3852.0,-3884
2022-09-19 05:45:42,25,8,3852.25,-3876
2022-09-19 05:45:43,70,-2,3852.25,-3878
2022-09-19 05:45:45,1,-1,3852.0,-3879
2022-09-19 05:45:46,5,1,3852.5,-3878
2022-09-19 05:45:47,1,-1,3852.25,-3879
2022-09-19 05:45:48,1,-1,3852.25,-3880
2022-09-19 05:45:49,2,-2,3852.25,-3882
2022-09-19 05:45:50,1,-1,3852.0,-3883
2022-09-19 05:45:52,7,-6,3852.0,-3889
2022-09-19 05:45:53,6,1,3852.25,-3888
2022-09-19 05:45:55,5,3,3852.25,-3885
2022-09-19 05:45:56,5,5,3852.25,-3880
2022-09-19 05:45:58,1,-1,3852.25,-3881
2022-09-19 05:46:00,1,1,3852.5,-3880
2022-09-19 05:46:01,26,18,3852.75,-3862
2022-09-19 05:46:02,2,2,3853.0,-3860
2022-09-19 05:46:03,20,23,3853.0,-3837
2022-09-19 05:46:04,7,-6,3852.75,-3843
2022-09-19 05:46:05,2,0,3852.75,-3843
2022-09-19 05:46:07,3,1,3853.0,-3842
2022-09-19 05:46:08,1,-1,3852.75,-3843
2022-09-19 05:46:09,1,-1,3852.75,-3844
2022-09-19 05:46:11,1,-1,3852.75,-3845
2022-09-19 05:46:12,2,-2,3852.75,-3847
2022-09-19 05:46:14,4,-2,3852.75,-3849
2022-09-19 05:46:17,23,-10,3852.5,-3859
2022-09-19 05:46:18,5,4,3852.5,-3855
2022-09-19 05:46:20,7,4,3852.75,-3851
2022-09-19 05:46:22,1,1,3853.0,-3850
2022-09-19 05:46:29,1,-1,3852.75,-3851
2022-09-19 05:46:35,4,4,3852.75,-3847
2022-09-19 05:46:36,1,1,3853.0,-3846
2022-09-19 05:46:44,1,-1,3852.75,-3847
2022-09-19 05:46:45,9,-6,3852.75,-3853
2022-09-19 05:46:46,7,7,3852.75,-3846
2022-09-19 05:46:47,1,1,3853.0,-3845
2022-09-19 05:46:48,1,1,3853.0,-3844
2022-09-19 05:46:50,2,2,3853.0,-3842
2022-09-19 05:46:52,3,-3,3852.75,-3845
2022-09-19 05:46:53,1,-1,3852.5,-3846
2022-09-19 05:46:54,3,-3,3852.5,-3849
2022-09-19 05:46:55,11,9,3852.75,-3840
2022-09-19 05:46:56,9,-8,3852.5,-3848
2022-09-19 05:46:58,2,-2,3852.25,-3850
2022-09-19 05:47:02,1,-1,3852.25,-3851
2022-09-19 05:47:03,1,1,3852.25,-3850
2022-09-19 05:47:04,7,5,3852.5,-3845
2022-09-19 05:47:06,2,2,3852.75,-3843
2022-09-19 05:47:07,4,-4,3852.75,-3847
2022-09-19 05:47:15,3,2,3852.75,-3845
2022-09-19 05:47:20,1,1,3852.75,-3844
2022-09-19 05:47:21,4,-4,3852.5,-3848
2022-09-19 05:47:22,17,-2,3852.5,-3850
2022-09-19 05:47:23,2,0,3852.5,-3850
2022-09-19 05:47:26,1,1,3852.25,-3849
2022-09-19 05:47:30,1,-1,3852.0,-3850
2022-09-19 05:47:31,2,0,3852.25,-3850
2022-09-19 05:47:37,1,-1,3852.25,-3851
2022-09-19 05:47:38,1,-1,3852.25,-3852
2022-09-19 05:47:43,5,-5,3852.25,-3857
2022-09-19 05:47:52,19,-7,3852.25,-3864
2022-09-19 05:47:53,4,-4,3852.0,-3868
2022-09-19 05:47:55,1,-1,3852.0,-3869
2022-09-19 05:47:57,14,9,3852.25,-3860
2022-09-19 05:47:59,1,1,3852.25,-3859
2022-09-19 05:48:01,5,-5,3852.25,-3864
2022-09-19 05:48:02,3,-3,3852.0,-3867
2022-09-19 05:48:05,1,1,3852.25,-3866
2022-09-19 05:48:06,6,-4,3852.0,-3870
2022-09-19 05:48:07,2,-2,3851.75,-3872
2022-09-19 05:48:09,1,1,3852.0,-3871
2022-09-19 05:48:13,11,3,3852.0,-3868
2022-09-19 05:48:14,12,-4,3852.0,-3872
2022-09-19 05:48:16,1,1,3852.25,-3871
2022-09-19 05:48:19,1,1,3852.25,-3870
2022-09-19 05:48:22,10,2,3852.25,-3868
2022-09-19 05:48:23,2,-2,3852.0,-3870
2022-09-19 05:48:24,5,5,3852.25,-3865
2022-09-19 05:48:26,2,2,3852.5,-3863
2022-09-19 05:48:28,1,1,3852.5,-3862
2022-09-19 05:48:30,3,-3,3852.25,-3865
2022-09-19 05:48:33,5,-5,3852.0,-3870
2022-09-19 05:48:34,5,1,3852.25,-3869
2022-09-19 05:48:39,2,-2,3852.0,-3871
2022-09-19 05:48:40,1,1,3852.0,-3870
2022-09-19 05:48:41,3,1,3852.0,-3869
2022-09-19 05:48:42,1,-1,3852.0,-3870
2022-09-19 05:48:43,6,-6,3851.75,-3876
2022-09-19 05:48:44,5,4,3852.0,-3872
2022-09-19 05:48:45,2,2,3852.0,-3870
2022-09-19 05:48:48,3,0,3852.0,-3870
2022-09-19 05:48:49,2,-2,3852.0,-3872
2022-09-19 05:48:52,4,-3,3851.75,-3875
2022-09-19 05:48:53,4,-4,3851.75,-3879
2022-09-19 05:48:54,3,1,3852.0,-3878
2022-09-19 05:48:56,5,5,3852.25,-3873
2022-09-19 05:48:57,16,3,3852.5,-3870
2022-09-19 05:48:59,3,3,3852.5,-3867
2022-09-19 05:49:01,8,-7,3852.5,-3874
2022-09-19 05:49:12,5,4,3852.5,-3870
2022-09-19 05:49:13,2,-2,3852.5,-3872
2022-09-19 05:49:14,7,-2,3852.25,-3874
2022-09-19 05:49:15,2,2,3852.5,-3872
2022-09-19 05:49:21,6,-6,3852.25,-3878
2022-09-19 05:49:22,9,-3,3852.0,-3881
2022-09-19 05:49:23,2,-1,3852.0,-3882
2022-09-19 05:49:25,1,1,3852.25,-3881
2022-09-19 05:49:26,1,1,3852.25,-3880
2022-09-19 05:49:29,10,4,3852.25,-3876
2022-09-19 05:49:32,10,-2,3852.0,-3878
2022-09-19 05:49:34,36,-10,3851.75,-3888
2022-09-19 05:49:35,5,-5,3851.75,-3893
2022-09-19 05:49:36,1,1,3851.75,-3892
2022-09-19 05:49:43,25,2,3851.75,-3890
2022-09-19 05:49:45,3,2,3851.75,-3888
2022-09-19 05:49:46,1,-1,3851.75,-3889
2022-09-19 05:49:52,21,10,3852.0,-3879
2022-09-19 05:49:57,3,-3,3852.0,-3882
2022-09-19 05:50:00,13,10,3852.25,-3872
2022-09-19 05:50:16,18,10,3852.25,-3862
2022-09-19 05:50:20,2,0,3852.5,-3862
2022-09-19 05:50:21,39,-15,3852.25,-3877
2022-09-19 05:50:22,4,-4,3852.25,-3881
2022-09-19 05:50:23,1,-1,3852.25,-3882
2022-09-19 05:50:24,2,2,3852.5,-3880
2022-09-19 05:50:26,1,1,3852.5,-3879
2022-09-19 05:50:28,1,1,3852.75,-3878
2022-09-19 05:50:30,1,1,3852.75,-3877
2022-09-19 05:50:32,1,1,3852.75,-3876
2022-09-19 05:50:33,1,1,3852.75,-3875
2022-09-19 05:50:34,6,4,3852.75,-3871
2022-09-19 05:50:35,18,-7,3852.5,-3878
2022-09-19 05:50:36,5,4,3852.75,-3874
2022-09-19 05:50:41,1,1,3852.75,-3873
2022-09-19 05:50:44,2,1,3852.75,-3872
2022-09-19 05:50:46,18,-12,3852.5,-3884
2022-09-19 05:50:50,14,9,3852.75,-3875
2022-09-19 05:50:51,26,44,3853.0,-3831
2022-09-19 05:50:52,5,-4,3852.75,-3835
2022-09-19 05:51:01,1,1,3853.0,-3834
2022-09-19 05:51:02,14,-10,3852.75,-3844
2022-09-19 05:51:06,1,-1,3852.5,-3845
2022-09-19 05:51:10,1,-1,3852.5,-3846
2022-09-19 05:51:13,7,6,3852.75,-3840
2022-09-19 05:51:14,12,-9,3853.0,-3849
2022-09-19 05:51:17,10,-6,3852.75,-3855
2022-09-19 05:51:19,4,0,3852.75,-3855
2022-09-19 05:51:21,13,-3,3852.75,-3858
2022-09-19 05:51:27,11,-10,3852.75,-3868
2022-09-19 05:51:29,3,-1,3852.75,-3869
2022-09-19 05:51:30,1,1,3852.75,-3868
2022-09-19 05:51:32,35,4,3852.75,-3864
2022-09-19 05:51:45,2,1,3853.0,-3863
2022-09-19 05:51:50,1,-1,3852.75,-3864
2022-09-19 05:51:52,27,-11,3852.75,-3875
2022-09-19 05:51:53,8,-3,3852.5,-3878
2022-09-19 05:51:55,53,60,3853.25,-3818
2022-09-19 05:51:57,10,4,3853.0,-3814
2022-09-19 05:52:01,6,4,3853.25,-3810
2022-09-19 05:52:03,1,1,3853.25,-3809
2022-09-19 05:52:04,6,-5,3853.0,-3814
2022-09-19 05:52:05,2,2,3853.25,-3812
2022-09-19 05:52:10,24,8,3853.25,-3804
2022-09-19 05:52:14,70,84,3853.75,-3720
2022-09-19 05:52:15,1,-1,3853.5,-3721
2022-09-19 05:52:16,1,1,3853.75,-3720
2022-09-19 05:52:21,14,6,3853.75,-3714
2022-09-19 05:52:22,2,-2,3853.75,-3716
2022-09-19 05:52:23,5,4,3854.0,-3712
2022-09-19 05:52:24,20,2,3854.25,-3710
2022-09-19 05:52:25,3,-1,3854.5,-3711
2022-09-19 05:52:26,6,6,3854.5,-3705
2022-09-19 05:52:27,50,7,3855.0,-3698
2022-09-19 05:52:28,8,-4,3855.0,-3702
2022-09-19 05:52:29,2,0,3854.75,-3702
2022-09-19 05:52:31,14,-14,3854.5,-3716
2022-09-19 05:52:33,5,5,3854.25,-3711
2022-09-19 05:52:35,355,20,3855.25,-3691
2022-09-19 05:52:37,400,-121,3855.25,-3812
2022-09-19 05:52:39,15,19,3854.25,-3793
2022-09-19 05:52:41,2,1,3854.25,-3792
2022-09-19 05:52:43,14,-12,3854.0,-3804
2022-09-19 05:52:44,21,22,3854.25,-3782
2022-09-19 05:52:47,4,0,3854.25,-3782
2022-09-19 05:52:48,1,1,3854.25,-3781
2022-09-19 05:52:49,4,-4,3854.0,-3785
2022-09-19 05:52:50,1,1,3854.0,-3784
2022-09-19 05:52:53,10,-8,3853.75,-3792
2022-09-19 05:52:55,1,-1,3853.75,-3793
2022-09-19 05:52:59,3,-2,3853.75,-3795
2022-09-19 05:53:00,12,6,3854.0,-3789
2022-09-19 05:53:11,10,7,3854.25,-3782
2022-09-19 05:53:13,11,-5,3854.0,-3787
2022-09-19 05:53:14,6,-2,3854.0,-3789
2022-09-19 05:53:16,9,-1,3854.0,-3790
2022-09-19 05:53:19,1,1,3854.25,-3789
2022-09-19 05:53:20,6,6,3854.25,-3783
2022-09-19 05:53:21,31,-8,3854.25,-3791
2022-09-19 05:53:23,16,-13,3854.25,-3804
2022-09-19 05:53:25,1,1,3854.25,-3803
2022-09-19 05:53:27,1,1,3854.25,-3802
2022-09-19 05:53:31,3,-3,3854.25,-3805
2022-09-19 05:53:32,6,-6,3854.0,-3811
2022-09-19 05:53:33,6,3,3854.0,-3808
2022-09-19 05:53:37,2,-2,3854.0,-3810
2022-09-19 05:53:39,19,2,3854.0,-3808
2022-09-19 05:53:41,10,0,3854.0,-3808
2022-09-19 05:53:42,2,0,3854.0,-3808
2022-09-19 05:53:44,1,-1,3853.75,-3809
2022-09-19 05:53:52,11,-3,3853.75,-3812
2022-09-19 05:53:53,3,-3,3853.5,-3815
2022-09-19 05:53:54,2,0,3853.75,-3815
2022-09-19 05:53:55,1,1,3854.0,-3814
2022-09-19 05:54:01,12,11,3854.0,-3803
2022-09-19 05:54:06,1,1,3854.0,-3802
2022-09-19 05:54:08,2,-2,3853.75,-3804
2022-09-19 05:54:09,2,-2,3853.75,-3806
2022-09-19 05:54:15,13,-9,3853.75,-3815
2022-09-19 05:54:16,2,-3,3853.75,-3818
2022-09-19 05:54:18,10,-8,3853.5,-3826
2022-09-19 05:54:21,5,-5,3853.0,-3831
2022-09-19 05:54:22,2,-2,3852.75,-3833
2022-09-19 05:54:23,4,-4,3852.75,-3837
2022-09-19 05:54:24,15,-9,3853.0,-3846
2022-09-19 05:54:25,4,-4,3852.75,-3850
2022-09-19 05:54:27,1,-1,3852.75,-3851
2022-09-19 05:54:29,16,-12,3853.0,-3863
2022-09-19 05:54:30,15,-8,3852.75,-3871
2022-09-19 05:54:31,1,-1,3852.75,-3872
2022-09-19 05:54:34,17,-3,3852.75,-3875
2022-09-19 05:54:37,3,3,3852.75,-3872
2022-09-19 05:54:38,2,-2,3852.5,-3874
2022-09-19 05:54:39,3,-3,3852.5,-3877
2022-09-19 05:54:40,4,4,3852.75,-3873
2022-09-19 05:54:42,5,3,3853.25,-3870
2022-09-19 05:54:43,2,2,3853.0,-3868
2022-09-19 05:54:47,1,-1,3853.0,-3869
2022-09-19 05:54:49,5,4,3853.25,-3865
2022-09-19 05:54:50,4,4,3853.25,-3861
2022-09-19 05:54:51,1,-1,3853.25,-3862
2022-09-19 05:54:52,2,1,3853.25,-3861
2022-09-19 05:54:53,6,0,3853.25,-3861
2022-09-19 05:54:54,3,2,3853.5,-3859
2022-09-19 05:54:56,12,12,3853.75,-3847
2022-09-19 05:54:58,5,-1,3853.75,-3848
2022-09-19 05:55:00,3,1,3854.0,-3847
2022-09-19 05:55:01,3,-3,3853.5,-3850
2022-09-19 05:55:04,11,-5,3853.5,-3855
2022-09-19 05:55:08,9,3,3853.75,-3852
2022-09-19 05:55:10,1,-1,3853.75,-3853
2022-09-19 05:55:15,10,-6,3853.75,-3859
2022-09-19 05:55:19,17,15,3854.0,-3844
2022-09-19 05:55:20,1,-1,3853.75,-3845
2022-09-19 05:55:22,5,4,3854.25,-3841
2022-09-19 05:55:23,1,-1,3854.0,-3842
2022-09-19 05:55:26,1,1,3854.25,-3841
2022-09-19 05:55:29,11,-9,3854.25,-3850
2022-09-19 05:55:33,5,-5,3854.0,-3855
2022-09-19 05:55:34,5,-5,3853.75,-3860
2022-09-19 05:55:38,3,-3,3853.75,-3863
2022-09-19 05:55:39,10,-10,3853.75,-3873
2022-09-19 05:55:40,2,0,3853.75,-3873
2022-09-19 05:55:45,22,17,3854.0,-3856
2022-09-19 05:55:46,5,-2,3853.75,-3858
2022-09-19 05:55:47,1,1,3854.0,-3857
2022-09-19 05:55:48,3,-1,3853.75,-3858
2022-09-19 05:55:50,6,6,3853.75,-3852
2022-09-19 05:55:51,3,-3,3853.5,-3855
2022-09-19 05:55:53,4,-4,3853.5,-3859
2022-09-19 05:55:54,3,-1,3853.5,-3860
2022-09-19 05:55:56,3,-3,3853.25,-3863
2022-09-19 05:56:00,1,-1,3853.25,-3864
2022-09-19 05:56:04,3,-3,3853.25,-3867
2022-09-19 05:56:05,6,2,3853.25,-3865
2022-09-19 05:56:06,3,-2,3853.25,-3867
2022-09-19 05:56:08,14,3,3853.25,-3864
2022-09-19 05:56:10,1,-1,3853.25,-3865
2022-09-19 05:56:12,2,2,3853.5,-3863
2022-09-19 05:56:13,1,-1,3853.5,-3864
2022-09-19 05:56:15,1,1,3853.5,-3863
2022-09-19 05:56:16,15,-14,3853.25,-3877
2022-09-19 05:56:18,1,1,3853.5,-3876
2022-09-19 05:56:19,3,1,3853.5,-3875
2022-09-19 05:56:22,2,2,3853.5,-3873
2022-09-19 05:56:23,3,-3,3853.25,-3876
2022-09-19 05:56:28,1,-1,3853.5,-3877
2022-09-19 05:56:29,4,2,3853.75,-3875
2022-09-19 05:56:31,1,1,3853.75,-3874
2022-09-19 05:56:32,1,-1,3853.75,-3875
2022-09-19 05:56:33,3,-1,3853.75,-3876
2022-09-19 05:56:34,8,3,3853.75,-3873
2022-09-19 05:56:38,2,-1,3853.5,-3874
2022-09-19 05:56:39,1,-1,3853.5,-3875
2022-09-19 05:56:44,2,2,3853.75,-3873
2022-09-19 05:56:46,1,-1,3853.75,-3874
2022-09-19 05:56:47,11,5,3854.0,-3869
2022-09-19 05:56:48,5,-3,3854.25,-3872
2022-09-19 05:56:50,5,2,3854.0,-3870
2022-09-19 05:56:53,1,-1,3853.75,-3871
2022-09-19 05:56:57,1,1,3854.0,-3870
2022-09-19 05:56:58,1,1,3854.0,-3869
2022-09-19 05:56:59,1,1,3854.0,-3868
2022-09-19 05:57:00,8,4,3854.0,-3864
2022-09-19 05:57:01,38,40,3854.75,-3824
2022-09-19 05:57:02,4,4,3854.5,-3820
2022-09-19 05:57:07,16,2,3854.5,-3818
2022-09-19 05:57:16,1,-1,3854.25,-3819
2022-09-19 05:57:17,14,-9,3854.25,-3828
2022-09-19 05:57:21,1,-1,3854.25,-3829
2022-09-19 05:57:23,1,-1,3854.25,-3830
2022-09-19 05:57:24,4,-4,3854.25,-3834
2022-09-19 05:57:25,1,1,3854.5,-3833
2022-09-19 05:57:26,11,-10,3854.0,-3843
2022-09-19 05:57:27,10,-3,3854.0,-3846
2022-09-19 05:57:29,1,1,3854.25,-3845
2022-09-19 05:57:35,2,-2,3854.25,-3847
2022-09-19 05:57:36,4,4,3854.25,-3843
2022-09-19 05:57:38,1,-1,3854.25,-3844
2022-09-19 05:57:39,6,-6,3854.25,-3850
2022-09-19 05:57:41,15,4,3854.25,-3846
2022-09-19 05:57:42,1,1,3854.25,-3845
2022-09-19 05:57:46,3,3,3854.25,-3842
2022-09-19 05:57:48,6,10,3854.5,-3832
2022-09-19 05:57:49,1,1,3854.5,-3831
2022-09-19 05:57:52,1,-1,3854.25,-3832
2022-09-19 05:57:53,4,-4,3854.25,-3836
2022-09-19 05:57:57,17,3,3854.5,-3833
2022-09-19 05:57:58,4,-2,3854.5,-3835
2022-09-19 05:58:00,97,26,3855.25,-3809
2022-09-19 05:58:01,7,1,3855.0,-3808
2022-09-19 05:58:05,154,51,3856.0,-3757
2022-09-19 05:58:06,1,-1,3855.25,-3758
2022-09-19 05:58:08,2,-1,3855.25,-3759
2022-09-19 05:58:09,2,-1,3855.25,-3760
2022-09-19 05:58:10,3,3,3855.5,-3757
2022-09-19 05:58:11,11,-3,3855.5,-3760
2022-09-19 05:58:12,2,2,3855.5,-3758
2022-09-19 05:58:14,35,23,3855.75,-3735
2022-09-19 05:58:15,8,-6,3855.5,-3741
2022-09-19 05:58:16,1,1,3855.25,-3740
2022-09-19 05:58:23,7,-1,3855.25,-3741
2022-09-19 05:58:24,1,-1,3855.0,-3742
2022-09-19 05:58:26,13,11,3855.25,-3731
2022-09-19 05:58:29,19,-3,3855.0,-3734
2022-09-19 05:58:31,2,2,3855.0,-3732
2022-09-19 05:58:32,4,0,3855.0,-3732
2022-09-19 05:58:33,21,14,3855.25,-3718
2022-09-19 05:58:35,7,7,3855.5,-3711
2022-09-19 05:58:37,5,5,3855.75,-3706
2022-09-19 05:58:40,2,-2,3855.5,-3708
2022-09-19 05:58:41,10,-8,3855.5,-3716
2022-09-19 05:58:43,2,-2,3855.25,-3718
2022-09-19 05:58:45,5,5,3855.5,-3713
2022-09-19 05:58:46,6,6,3855.5,-3707
2022-09-19 05:58:50,24,-3,3855.25,-3710
2022-09-19 05:58:52,16,9,3855.5,-3701
2022-09-19 05:58:53,7,-7,3855.25,-3708
2022-09-19 05:58:54,50,-48,3855.0,-3756
2022-09-19 05:58:57,1,1,3855.0,-3755
2022-09-19 05:58:58,1,-1,3854.75,-3756
2022-09-19 05:58:59,1,-1,3854.75,-3757
2022-09-19 05:59:00,18,12,3855.0,-3745
2022-09-19 05:59:01,3,3,3855.25,-3742
2022-09-19 05:59:02,4,-2,3855.0,-3744
2022-09-19 05:59:03,2,-1,3855.0,-3745
2022-09-19 05:59:07,3,0,3855.25,-3745
2022-09-19 05:59:08,1,1,3855.25,-3744
2022-09-19 05:59:09,1,-1,3855.0,-3745
2022-09-19 05:59:10,1,1,3855.25,-3744
2022-09-19 05:59:13,12,11,3855.25,-3733
2022-09-19 05:59:14,1,-1,3855.25,-3734
2022-09-19 05:59:15,2,-1,3855.0,-3735
2022-09-19 05:59:17,38,-20,3855.0,-3755
2022-09-19 05:59:18,2,2,3854.75,-3753
2022-09-19 05:59:20,40,-51,3854.5,-3804
2022-09-19 05:59:21,2,-2,3854.5,-3806
2022-09-19 05:59:22,6,1,3854.5,-3805
2022-09-19 05:59:23,1,1,3854.5,-3804
2022-09-19 05:59:24,4,4,3854.75,-3800
2022-09-19 05:59:25,11,5,3854.75,-3795
2022-09-19 05:59:27,1,-1,3854.5,-3796
2022-09-19 05:59:28,26,16,3855.0,-3780
2022-09-19 05:59:32,1,-1,3854.5,-3781
2022-09-19 05:59:33,3,-3,3854.5,-3784
2022-09-19 05:59:37,1,-1,3854.5,-3785
2022-09-19 05:59:39,1,-1,3854.25,-3786
2022-09-19 05:59:40,5,-3,3854.25,-3789
2022-09-19 05:59:42,1,1,3854.25,-3788
2022-09-19 05:59:45,2,-1,3854.25,-3789
2022-09-19 05:59:47,3,-1,3854.25,-3790
2022-09-19 05:59:50,6,-6,3854.25,-3796
2022-09-19 05:59:51,8,0,3854.25,-3796
2022-09-19 05:59:52,5,-1,3854.25,-3797
2022-09-19 05:59:55,2,2,3854.5,-3795
2022-09-19 05:59:56,4,-2,3854.25,-3797
2022-09-19 05:59:58,1,-1,3854.0,-3798
2022-09-19 05:59:59,5,-2,3854.25,-3800
2022-09-19 06:00:00,5,5,3854.25,-3795
2022-09-19 06:00:01,10,-8,3854.0,-3803
2022-09-19 06:00:02,1,-1,3853.75,-3804
2022-09-19 06:00:03,8,-2,3853.5,-3806
2022-09-19 06:00:05,1,-1,3853.5,-3807
2022-09-19 06:00:07,17,-2,3853.75,-3809
2022-09-19 06:00:08,3,-3,3853.5,-3812
2022-09-19 06:00:09,14,12,3853.75,-3800
2022-09-19 06:00:12,5,-4,3853.5,-3804
2022-09-19 06:00:13,36,-7,3853.75,-3811
2022-09-19 06:00:14,3,3,3854.0,-3808
2022-09-19 06:00:20,1,-1,3853.75,-3809
2022-09-19 06:00:22,19,8,3854.0,-3801
2022-09-19 06:00:25,15,15,3854.5,-3786
2022-09-19 06:00:26,4,1,3854.5,-3785
2022-09-19 06:00:30,4,4,3854.5,-3781
2022-09-19 06:00:32,9,-5,3854.25,-3786
2022-09-19 06:00:33,20,37,3854.5,-3749
2022-09-19 06:00:39,1,1,3854.5,-3748
2022-09-19 06:00:40,3,-3,3854.5,-3751
2022-09-19 06:00:41,10,6,3854.75,-3745
2022-09-19 06:00:45,8,10,3855.0,-3735
2022-09-19 06:00:48,14,-1,3855.0,-3736
2022-09-19 06:00:49,13,-9,3854.75,-3745
2022-09-19 06:00:51,4,4,3854.5,-3741
2022-09-19 06:00:54,1,1,3854.5,-3740
2022-09-19 06:00:57,1,1,3854.75,-3739
2022-09-19 06:01:00,4,-4,3854.5,-3743
2022-09-19 06:01:01,2,-2,3854.0,-3745
2022-09-19 06:01:03,3,-3,3854.0,-3748
2022-09-19 06:01:05,7,5,3854.0,-3743
2022-09-19 06:01:07,3,-1,3854.25,-3744
2022-09-19 06:01:10,1,1,3854.25,-3743
2022-09-19 06:01:11,6,-2,3854.0,-3745
2022-09-19 06:01:12,7,2,3854.25,-3743
2022-09-19 06:01:13,2,2,3854.25,-3741
2022-09-19 06:01:19,3,1,3854.25,-3740
2022-09-19 06:01:20,5,-5,3854.25,-3745
2022-09-19 06:01:21,6,-2,3854.0,-3747
2022-09-19 06:01:25,1,-1,3853.75,-3748
2022-09-19 06:01:26,3,3,3853.75,-3745
2022-09-19 06:01:29,11,-3,3853.5,-3748
2022-09-19 06:01:30,3,3,3853.75,-3745
2022-09-19 06:01:33,1,1,3853.75,-3744
2022-09-19 06:01:35,2,0,3853.5,-3744
2022-09-19 06:01:39,2,2,3853.5,-3742
2022-09-19 06:01:42,1,-1,3853.25,-3743
2022-09-19 06:01:43,14,6,3853.5,-3737
2022-09-19 06:01:46,2,2,3853.5,-3735
2022-09-19 06:01:48,3,-3,3853.5,-3738
2022-09-19 06:01:49,4,4,3853.5,-3734
2022-09-19 06:01:51,1,-1,3853.5,-3735
2022-09-19 06:01:54,4,-4,3853.5,-3739
2022-09-19 06:01:55,12,12,3853.75,-3727
2022-09-19 06:01:57,2,-2,3853.75,-3729
2022-09-19 06:01:58,6,0,3854.0,-3729
2022-09-19 06:01:59,10,-3,3854.0,-3732
2022-09-19 06:02:00,6,-6,3854.0,-3738
2022-09-19 06:02:03,9,9,3854.25,-3729
2022-09-19 06:02:04,3,-3,3854.25,-3732
2022-09-19 06:02:12,11,3,3854.5,-3729
2022-09-19 06:02:14,10,3,3854.25,-3726
2022-09-19 06:02:16,2,-1,3854.25,-3727
2022-09-19 06:02:17,2,-1,3854.25,-3728
2022-09-19 06:02:19,23,-6,3854.25,-3734
2022-09-19 06:02:20,10,8,3854.25,-3726
2022-09-19 06:02:22,5,-4,3854.0,-3730
2022-09-19 06:02:29,1,1,3854.25,-3729
2022-09-19 06:02:35,13,4,3854.25,-3725
2022-09-19 06:02:36,18,0,3853.75,-3725
2022-09-19 06:02:38,4,0,3853.75,-3725
2022-09-19 06:02:40,18,-12,3853.5,-3737
2022-09-19 06:02:41,6,-5,3853.5,-3742
2022-09-19 06:02:44,4,-1,3853.5,-3743
2022-09-19 06:02:47,19,3,3853.75,-3740
2022-09-19 06:02:50,10,-4,3853.75,-3744
2022-09-19 06:02:51,4,-2,3853.75,-3746
2022-09-19 06:02:52,16,-16,3853.5,-3762
2022-09-19 06:02:53,20,-7,3853.5,-3769
2022-09-19 06:02:54,29,-10,3853.5,-3779
2022-09-19 06:03:00,38,4,3853.75,-3775
2022-09-19 06:03:01,20,-10,3853.75,-3785
2022-09-19 06:03:02,7,-5,3853.75,-3790
2022-09-19 06:03:08,1,1,3853.5,-3789
2022-09-19 06:03:09,2,2,3853.5,-3787
2022-09-19 06:03:11,6,-6,3853.5,-3793
2022-09-19 06:03:12,27,-25,3853.25,-3818
2022-09-19 06:03:13,5,0,3853.25,-3818
2022-09-19 06:03:14,6,5,3853.25,-3813
2022-09-19 06:03:15,4,4,3853.5,-3809
2022-09-19 06:03:17,1,-1,3853.25,-3810
2022-09-19 06:03:19,1,-1,3853.25,-3811
2022-09-19 06:03:20,21,-17,3853.0,-3828
2022-09-19 06:03:21,10,-6,3853.0,-3834
2022-09-19 06:03:22,1,1,3853.25,-3833
2022-09-19 06:03:23,2,2,3853.0,-3831
2022-09-19 06:03:25,3,-1,3853.0,-3832
2022-09-19 06:03:28,1,-1,3853.0,-3833
2022-09-19 06:03:30,1,1,3853.25,-3832
2022-09-19 06:03:31,20,-11,3853.0,-3843
2022-09-19 06:03:32,17,-17,3852.75,-3860
2022-09-19 06:03:33,8,6,3853.0,-3854
2022-09-19 06:03:35,1,-1,3853.0,-3855
2022-09-19 06:03:38,4,-4,3853.0,-3859
2022-09-19 06:03:39,2,1,3853.0,-3858
2022-09-19 06:03:40,2,-2,3853.0,-3860
2022-09-19 06:03:42,4,-4,3853.0,-3864
2022-09-19 06:03:43,15,-14,3852.75,-3878
2022-09-19 06:03:44,6,-4,3852.75,-3882
2022-09-19 06:03:45,37,-4,3852.5,-3886
2022-09-19 06:03:47,11,-3,3852.25,-3889
2022-09-19 06:03:49,6,-4,3852.5,-3893
2022-09-19 06:03:50,30,-1,3852.5,-3894
2022-09-19 06:03:51,9,-5,3852.25,-3899
2022-09-19 06:03:52,7,-7,3852.25,-3906
2022-09-19 06:03:53,1,-1,3852.25,-3907
2022-09-19 06:03:54,4,3,3852.5,-3904
2022-09-19 06:04:00,14,-5,3852.5,-3909
2022-09-19 06:04:01,2,-2,3852.5,-3911
2022-09-19 06:04:02,9,-9,3852.25,-3920
2022-09-19 06:04:05,21,-1,3852.25,-3921
2022-09-19 06:04:06,16,0,3852.25,-3921
2022-09-19 06:04:07,91,-85,3852.25,-4006
2022-09-19 06:04:08,24,-8,3851.75,-4014
2022-09-19 06:04:09,64,-24,3852.0,-4038
2022-09-19 06:04:11,1,-1,3851.5,-4039
2022-09-19 06:04:12,49,-33,3851.5,-4072
2022-09-19 06:04:13,33,-6,3851.0,-4078
2022-09-19 06:04:14,10,-2,3851.0,-4080
2022-09-19 06:04:15,1,1,3851.0,-4079
2022-09-19 06:04:16,2,2,3851.25,-4077
2022-09-19 06:04:17,4,4,3851.0,-4073
2022-09-19 06:04:20,1,-1,3851.0,-4074
2022-09-19 06:04:21,1,-1,3851.0,-4075
2022-09-19 06:04:23,18,-3,3851.0,-4078
2022-09-19 06:04:24,13,-13,3850.75,-4091
2022-09-19 06:04:25,35,-7,3851.0,-4098
2022-09-19 06:04:26,22,-12,3850.75,-4110
2022-09-19 06:04:29,10,-2,3851.0,-4112
2022-09-19 06:04:30,7,5,3851.0,-4107
2022-09-19 06:04:32,1,-1,3851.0,-4108
2022-09-19 06:04:33,5,-1,3851.0,-4109
2022-09-19 06:04:38,4,-2,3851.0,-4111
2022-09-19 06:04:39,15,-1,3851.25,-4112
2022-09-19 06:04:40,25,-8,3851.0,-4120
2022-09-19 06:04:41,7,-3,3850.75,-4123
2022-09-19 06:04:44,5,-5,3850.5,-4128
2022-09-19 06:04:45,25,2,3850.75,-4126
2022-09-19 06:04:46,4,2,3850.5,-4124
2022-09-19 06:04:47,7,7,3850.75,-4117
2022-09-19 06:04:48,39,7,3850.75,-4110
2022-09-19 06:04:49,3,-3,3850.5,-4113
2022-09-19 06:04:51,17,9,3851.0,-4104
2022-09-19 06:04:52,1,-1,3850.5,-4105
2022-09-19 06:04:53,1,-1,3850.5,-4106
2022-09-19 06:04:54,20,7,3850.75,-4099
2022-09-19 06:04:55,13,-8,3850.75,-4107
2022-09-19 06:04:58,1,-1,3850.75,-4108
2022-09-19 06:05:01,14,0,3851.0,-4108
2022-09-19 06:05:02,12,8,3850.75,-4100
2022-09-19 06:05:04,38,2,3850.75,-4098
2022-09-19 06:05:05,15,-2,3850.75,-4100
2022-09-19 06:05:07,15,10,3851.0,-4090
2022-09-19 06:05:08,1,1,3851.0,-4089
2022-09-19 06:05:09,1,1,3851.0,-4088
2022-09-19 06:05:10,2,2,3851.0,-4086
2022-09-19 06:05:12,1,-1,3851.0,-4087
2022-09-19 06:05:13,30,0,3851.25,-4087
2022-09-19 06:05:14,25,-4,3851.0,-4091
2022-09-19 06:05:16,2,2,3850.75,-4089
2022-09-19 06:05:18,1,-1,3850.75,-4090
2022-09-19 06:05:19,4,2,3850.75,-4088
2022-09-19 06:05:20,14,3,3850.75,-4085
2022-09-19 06:05:21,14,6,3850.75,-4079
2022-09-19 06:05:22,9,3,3851.0,-4076
2022-09-19 06:05:23,9,-9,3850.5,-4085
2022-09-19 06:05:26,7,7,3850.75,-4078
2022-09-19 06:05:28,23,-14,3850.75,-4092
2022-09-19 06:05:29,814,-380,3850.5,-4472
2022-09-19 06:05:30,44,-15,3849.25,-4487
2022-09-19 06:05:31,18,-1,3849.0,-4488
2022-09-19 06:05:32,23,-9,3849.0,-4497
2022-09-19 06:05:33,1,-1,3848.75,-4498
2022-09-19 06:05:34,1,1,3849.0,-4497
2022-09-19 06:05:35,58,-24,3848.75,-4521
2022-09-19 06:05:36,5,1,3848.5,-4520
2022-09-19 06:05:37,43,1,3849.0,-4519
2022-09-19 06:05:38,8,6,3848.75,-4513
2022-09-19 06:05:39,18,9,3849.0,-4504
2022-09-19 06:05:40,18,11,3849.25,-4493
2022-09-19 06:05:41,13,4,3849.0,-4489
2022-09-19 06:05:42,2,2,3849.0,-4487
2022-09-19 06:05:43,17,-7,3848.75,-4494
2022-09-19 06:05:44,1,-1,3848.5,-4495
2022-09-19 06:05:45,2,-2,3848.5,-4497
2022-09-19 06:05:46,2,-2,3848.5,-4499
2022-09-19 06:05:47,9,-1,3848.75,-4500
2022-09-19 06:05:48,42,9,3848.5,-4491
2022-09-19 06:05:49,6,-2,3848.75,-4493
2022-09-19 06:05:50,3,-3,3848.5,-4496
2022-09-19 06:05:51,16,-14,3848.25,-4510
2022-09-19 06:05:52,14,-4,3848.25,-4514
2022-09-19 06:05:53,267,-150,3848.0,-4664
2022-09-19 06:05:54,22,-7,3847.75,-4671
2022-09-19 06:05:55,24,-1,3847.75,-4672
2022-09-19 06:05:56,19,9,3848.0,-4663
2022-09-19 06:05:57,62,8,3848.0,-4655
2022-09-19 06:05:58,32,-23,3847.75,-4678
2022-09-19 06:05:59,13,9,3847.75,-4669
2022-09-19 06:06:00,38,0,3848.0,-4669
2022-09-19 06:06:01,35,-14,3848.0,-4683
2022-09-19 06:06:02,22,-16,3847.5,-4699
2022-09-19 06:06:04,143,-78,3847.25,-4777
2022-09-19 06:06:05,16,17,3847.75,-4760
2022-09-19 06:06:06,25,21,3848.0,-4739
2022-09-19 06:06:07,24,-11,3848.25,-4750
2022-09-19 06:06:08,8,-9,3848.0,-4759
2022-09-19 06:06:09,6,4,3848.0,-4755
2022-09-19 06:06:10,3,2,3848.0,-4753
2022-09-19 06:06:11,4,4,3848.25,-4749
2022-09-19 06:06:12,1,-1,3848.0,-4750
2022-09-19 06:06:13,43,28,3848.5,-4722
2022-09-19 06:06:14,10,10,3848.25,-4712
2022-09-19 06:06:16,21,5,3848.5,-4707
2022-09-19 06:06:17,11,9,3849.0,-4698
2022-09-19 06:06:18,3,3,3849.0,-4695
2022-09-19 06:06:19,65,-36,3849.0,-4731
2022-09-19 06:06:20,14,-8,3848.75,-4739
2022-09-19 06:06:21,15,-3,3848.25,-4742
2022-09-19 06:06:22,7,1,3848.5,-4741
2022-09-19 06:06:25,3,2,3848.5,-4739
2022-09-19 06:06:26,24,-2,3848.75,-4741
2022-09-19 06:06:30,8,7,3849.0,-4734
2022-09-19 06:06:33,1,-1,3849.0,-4735
2022-09-19 06:06:34,12,-4,3849.0,-4739
2022-09-19 06:06:35,9,2,3849.0,-4737
2022-09-19 06:06:36,30,23,3849.25,-4714
2022-09-19 06:06:38,1,1,3849.0,-4713
2022-09-19 06:06:39,14,22,3849.25,-4691
2022-09-19 06:06:42,10,-3,3849.0,-4694
2022-09-19 06:06:43,2,-2,3849.0,-4696
2022-09-19 06:06:45,39,20,3849.25,-4676
2022-09-19 06:06:47,1,1,3849.5,-4675
2022-09-19 06:06:49,5,-2,3849.25,-4677
2022-09-19 06:06:52,29,8,3849.25,-4669
2022-09-19 06:06:53,1,1,3849.25,-4668
2022-09-19 06:06:54,6,-2,3849.25,-4670
2022-09-19 06:06:56,1,1,3849.25,-4669
2022-09-19 06:06:57,5,-5,3849.25,-4674
2022-09-19 06:07:00,37,7,3849.5,-4667
2022-09-19 06:07:01,3,3,3849.5,-4664
2022-09-19 06:07:02,3,1,3849.5,-4663
2022-09-19 06:07:03,2,-2,3849.5,-4665
2022-09-19 06:07:05,1,1,3849.75,-4664
2022-09-19 06:07:06,13,-5,3849.5,-4669
2022-09-19 06:07:07,2,-2,3849.25,-4671
2022-09-19 06:07:09,2,-2,3849.0,-4673
2022-09-19 06:07:10,8,-8,3849.0,-4681
2022-09-19 06:07:11,29,9,3849.0,-4672
2022-09-19 06:07:12,23,-4,3848.75,-4676
2022-09-19 06:07:13,5,-1,3849.0,-4677
2022-09-19 06:07:15,5,3,3848.75,-4674
2022-09-19 06:07:16,1,1,3848.75,-4673
2022-09-19 06:07:17,18,8,3848.75,-4665
2022-09-19 06:07:18,5,-4,3848.5,-4669
2022-09-19 06:07:20,44,-7,3848.5,-4676
2022-09-19 06:07:21,22,7,3848.5,-4669
2022-09-19 06:07:22,2,0,3848.75,-4669
2022-09-19 06:07:25,1,1,3848.75,-4668
2022-09-19 06:07:26,1,1,3848.75,-4667
2022-09-19 06:07:29,2,-2,3848.5,-4669
2022-09-19 06:07:30,1,1,3848.75,-4668
2022-09-19 06:07:40,15,-10,3848.5,-4678
2022-09-19 06:07:41,1,1,3848.5,-4677
2022-09-19 06:07:45,3,-3,3848.25,-4680
2022-09-19 06:07:46,15,-8,3848.25,-4688
2022-09-19 06:07:47,3,-3,3848.0,-4691
2022-09-19 06:07:48,1,-1,3848.0,-4692
2022-09-19 06:07:49,17,10,3848.25,-4682
2022-09-19 06:07:50,1,-1,3848.25,-4683
2022-09-19 06:07:52,1,1,3848.5,-4682
2022-09-19 06:07:54,2,2,3848.5,-4680
2022-09-19 06:07:57,36,-7,3848.5,-4687
2022-09-19 06:07:58,26,16,3848.25,-4671
2022-09-19 06:08:00,8,1,3848.25,-4670
2022-09-19 06:08:01,3,-3,3848.25,-4673
2022-09-19 06:08:02,5,-5,3848.25,-4678
2022-09-19 06:08:07,11,-5,3848.25,-4683
2022-09-19 06:08:08,1,1,3848.25,-4682
2022-09-19 06:08:11,23,12,3848.25,-4670
2022-09-19 06:08:13,1,-1,3848.25,-4671
2022-09-19 06:08:22,43,18,3848.5,-4653
2022-09-19 06:08:23,16,6,3848.75,-4647
2022-09-19 06:08:24,1,1,3848.75,-4646
2022-09-19 06:08:27,7,5,3848.75,-4641
2022-09-19 06:08:28,9,0,3848.75,-4641
2022-09-19 06:08:31,17,-2,3848.75,-4643
2022-09-19 06:08:33,5,-5,3848.5,-4648
2022-09-19 06:08:35,13,1,3848.25,-4647
2022-09-19 06:08:38,1,-1,3848.0,-4648
2022-09-19 06:08:40,45,-11,3848.0,-4659
2022-09-19 06:08:41,1,1,3848.0,-4658
2022-09-19 06:08:43,1,1,3848.0,-4657
2022-09-19 06:08:45,30,-6,3847.75,-4663
2022-09-19 06:08:46,51,38,3848.25,-4625
2022-09-19 06:08:47,1,1,3848.5,-4624
2022-09-19 06:08:49,3,3,3848.5,-4621
2022-09-19 06:08:52,1,-1,3848.25,-4622
2022-09-19 06:08:53,94,3,3848.5,-4619
2022-09-19 06:08:54,30,-29,3848.25,-4648
2022-09-19 06:08:57,8,7,3848.25,-4641
2022-09-19 06:08:59,1,1,3848.5,-4640
2022-09-19 06:09:00,16,4,3848.75,-4636
2022-09-19 06:09:01,16,14,3849.0,-4622
2022-09-19 06:09:06,19,11,3849.25,-4611
2022-09-19 06:09:08,2,2,3849.25,-4609
2022-09-19 06:09:09,2,-1,3849.25,-4610
2022-09-19 06:09:11,6,6,3849.5,-4604
2022-09-19 06:09:12,33,7,3849.75,-4597
2022-09-19 06:09:13,2,2,3849.75,-4595
2022-09-19 06:09:14,1,1,3849.75,-4594
2022-09-19 06:09:15,7,3,3849.75,-4591
2022-09-19 06:09:16,5,-4,3849.75,-4595
2022-09-19 06:09:17,9,-6,3849.5,-4601
2022-09-19 06:09:18,1,1,3849.5,-4600
2022-09-19 06:09:19,13,-4,3849.25,-4604
2022-09-19 06:09:20,3,1,3849.25,-4603
2022-09-19 06:09:21,7,-1,3849.25,-4604
2022-09-19 06:09:22,3,3,3849.5,-4601
2022-09-19 06:09:23,2,-2,3849.25,-4603
2022-09-19 06:09:24,1,-1,3849.25,-4604
2022-09-19 06:09:25,3,3,3849.25,-4601
2022-09-19 06:09:29,7,2,3849.25,-4599
2022-09-19 06:09:30,2,0,3849.25,-4599
2022-09-19 06:09:31,6,-4,3849.25,-4603
2022-09-19 06:09:32,1,-1,3849.25,-4604
2022-09-19 06:09:34,3,3,3849.25,-4601
2022-09-19 06:09:35,13,4,3849.25,-4597
2022-09-19 06:09:38,1,1,3849.25,-4596
2022-09-19 06:09:41,40,-7,3849.0,-4603
2022-09-19 06:09:44,5,-3,3849.0,-4606
2022-09-19 06:09:45,76,38,3849.25,-4568
2022-09-19 06:09:47,8,-5,3848.75,-4573
2022-09-19 06:09:51,16,-3,3848.5,-4576
2022-09-19 06:09:52,2,-2,3848.5,-4578
2022-09-19 06:09:56,18,9,3848.75,-4569
2022-09-19 06:09:58,7,-4,3848.5,-4573
2022-09-19 06:10:00,1,1,3848.5,-4572
2022-09-19 06:10:01,4,-6,3848.25,-4578
2022-09-19 06:10:02,7,-1,3848.0,-4579
2022-09-19 06:10:04,6,6,3848.25,-4573
2022-09-19 06:10:05,1,1,3848.5,-4572
2022-09-19 06:10:06,6,-2,3848.25,-4574
2022-09-19 06:10:07,5,2,3848.25,-4572
2022-09-19 06:10:08,9,8,3848.5,-4564
2022-09-19 06:10:09,7,5,3848.75,-4559
2022-09-19 06:10:11,1,1,3849.0,-4558
2022-09-19 06:10:12,12,9,3849.0,-4549
2022-09-19 06:10:13,11,5,3849.5,-4544
2022-09-19 06:10:14,1,-1,3849.5,-4545
2022-09-19 06:10:15,4,3,3849.75,-4542
2022-09-19 06:10:16,10,5,3850.0,-4537
2022-09-19 06:10:17,3,1,3850.0,-4536
2022-09-19 06:10:18,1,1,3850.0,-4535
2022-09-19 06:10:19,13,-8,3849.75,-4543
2022-09-19 06:10:21,8,0,3849.75,-4543
2022-09-19 06:10:22,5,-5,3849.75,-4548
2022-09-19 06:10:23,29,-18,3849.75,-4566
2022-09-19 06:10:25,7,5,3849.5,-4561
2022-09-19 06:10:29,2,-2,3849.25,-4563
2022-09-19 06:10:30,7,1,3849.25,-4562
2022-09-19 06:10:31,9,10,3849.5,-4552
2022-09-19 06:10:33,3,1,3849.25,-4551
2022-09-19 06:10:40,5,1,3849.25,-4550
2022-09-19 06:10:41,1,-1,3849.0,-4551
2022-09-19 06:10:42,10,2,3849.25,-4549
2022-09-19 06:10:44,4,-4,3849.0,-4553
2022-09-19 06:10:49,19,-5,3849.0,-4558
2022-09-19 06:10:51,10,9,3848.75,-4549
2022-09-19 06:10:53,21,14,3849.25,-4535
2022-09-19 06:10:58,4,-4,3849.0,-4539
2022-09-19 06:11:00,3,1,3849.25,-4538
2022-09-19 06:11:07,9,7,3849.25,-4531
2022-09-19 06:11:08,1,1,3849.25,-4530
2022-09-19 06:11:17,6,-2,3849.25,-4532
2022-09-19 06:11:19,1,-1,3849.25,-4533
2022-09-19 06:11:20,8,2,3849.25,-4531
2022-09-19 06:11:21,1,1,3849.25,-4530
2022-09-19 06:11:23,38,11,3849.5,-4519
2022-09-19 06:11:26,4,2,3849.25,-4517
2022-09-19 06:11:30,4,2,3849.25,-4515
2022-09-19 06:11:31,6,-2,3849.25,-4517
2022-09-19 06:11:33,6,5,3849.25,-4512
2022-09-19 06:11:35,12,3,3849.5,-4509
2022-09-19 06:11:37,1,-1,3849.5,-4510
2022-09-19 06:11:40,1,-1,3849.5,-4511
2022-09-19 06:11:43,26,5,3849.75,-4506
2022-09-19 06:11:50,1,1,3849.75,-4505
2022-09-19 06:11:55,13,12,3849.75,-4493
2022-09-19 06:11:58,3,3,3850.0,-4490
2022-09-19 06:11:59,1,-1,3849.75,-4491
2022-09-19 06:12:00,2,-2,3849.75,-4493
2022-09-19 06:12:01,3,1,3850.0,-4492
2022-09-19 06:12:02,13,0,3849.75,-4492
2022-09-19 06:12:03,3,1,3849.75,-4491
2022-09-19 06:12:04,5,2,3850.0,-4489
2022-09-19 06:12:05,2,2,3849.75,-4487
2022-09-19 06:12:08,10,-3,3849.75,-4490
2022-09-19 06:12:13,2,-2,3849.5,-4492
2022-09-19 06:12:14,2,0,3849.5,-4492
2022-09-19 06:12:15,4,0,3849.25,-4492
2022-09-19 06:12:17,7,1,3849.5,-4491
2022-09-19 06:12:19,13,8,3849.25,-4483
2022-09-19 06:12:20,6,4,3849.5,-4479
2022-09-19 06:12:21,2,-2,3849.5,-4481
2022-09-19 06:12:25,10,-3,3849.5,-4484
2022-09-19 06:12:26,2,-2,3849.5,-4486
2022-09-19 06:12:28,4,0,3849.5,-4486
2022-09-19 06:12:30,20,17,3849.75,-4469
2022-09-19 06:12:31,2,-2,3849.75,-4471
2022-09-19 06:12:33,6,7,3850.0,-4464
2022-09-19 06:12:34,2,-2,3849.75,-4466
2022-09-19 06:12:43,12,-6,3849.75,-4472
2022-09-19 06:12:44,1,1,3849.75,-4471
2022-09-19 06:12:45,4,4,3850.0,-4467
2022-09-19 06:12:47,28,-15,3849.75,-4482
2022-09-19 06:12:48,2,2,3849.5,-4480
2022-09-19 06:12:52,10,10,3849.5,-4470
2022-09-19 06:12:53,12,2,3849.25,-4468
2022-09-19 06:12:54,1,-1,3849.25,-4469
2022-09-19 06:12:56,17,15,3849.5,-4454
2022-09-19 06:12:57,1,1,3849.5,-4453
2022-09-19 06:12:58,29,-16,3849.25,-4469
2022-09-19 06:12:59,4,4,3849.25,-4465
2022-09-19 06:13:00,17,-10,3849.0,-4475
2022-09-19 06:13:01,14,-1,3848.75,-4476
2022-09-19 06:13:02,16,14,3849.0,-4462
2022-09-19 06:13:03,17,12,3849.25,-4450
2022-09-19 06:13:05,1,1,3849.25,-4449
2022-09-19 06:13:06,58,-22,3849.5,-4471
2022-09-19 06:13:07,1,1,3849.25,-4470
2022-09-19 06:13:09,46,-6,3849.5,-4476
2022-09-19 06:13:12,20,12,3849.25,-4464
2022-09-19 06:13:14,6,-3,3849.25,-4467
2022-09-19 06:13:15,4,-4,3849.25,-4471
2022-09-19 06:13:16,2,-2,3849.0,-4473
2022-09-19 06:13:17,4,4,3849.0,-4469
2022-09-19 06:13:19,1,-1,3849.0,-4470
2022-09-19 06:13:22,1,-1,3848.75,-4471
2022-09-19 06:13:23,1,1,3849.0,-4470
2022-09-19 06:13:38,5,-1,3848.75,-4471
2022-09-19 06:13:41,3,-1,3848.75,-4472
2022-09-19 06:13:45,46,-17,3848.5,-4489
2022-09-19 06:13:48,15,-10,3848.0,-4499
2022-09-19 06:13:49,2,2,3848.25,-4497
2022-09-19 06:13:51,1,-1,3848.0,-4498
2022-09-19 06:13:52,7,5,3848.25,-4493
2022-09-19 06:13:53,9,-3,3848.5,-4496
2022-09-19 06:13:54,2,2,3848.25,-4494
2022-09-19 06:13:55,1,1,3848.5,-4493
2022-09-19 06:13:56,7,0,3848.25,-4493
2022-09-19 06:13:58,2,-2,3848.25,-4495
2022-09-19 06:14:01,20,14,3848.5,-4481
2022-09-19 06:14:02,2,-2,3848.5,-4483
2022-09-19 06:14:06,3,-3,3848.25,-4486
2022-09-19 06:14:11,6,4,3848.5,-4482
2022-09-19 06:14:12,4,0,3848.5,-4482
2022-09-19 06:14:13,4,-3,3848.5,-4485
2022-09-19 06:14:15,3,1,3848.25,-4484
2022-09-19 06:14:16,1,1,3848.25,-4483
2022-09-19 06:14:18,7,-1,3848.5,-4484
2022-09-19 06:14:19,5,-4,3847.75,-4488
2022-09-19 06:14:20,10,8,3848.0,-4480
2022-09-19 06:14:22,3,-1,3848.25,-4481
2022-09-19 06:14:24,1,-1,3848.0,-4482
2022-09-19 06:14:27,1,-1,3848.0,-4483
2022-09-19 06:14:29,3,-3,3848.0,-4486
2022-09-19 06:14:30,4,-2,3848.0,-4488
2022-09-19 06:14:32,1,-1,3848.0,-4489
2022-09-19 06:14:38,2,-2,3848.0,-4491
2022-09-19 06:14:40,1,-1,3847.75,-4492
2022-09-19 06:14:42,7,6,3848.25,-4486
2022-09-19 06:14:44,4,-4,3848.0,-4490
2022-09-19 06:14:45,2,2,3848.0,-4488
2022-09-19 06:14:46,1,1,3848.25,-4487
2022-09-19 06:14:48,2,-2,3848.0,-4489
2022-09-19 06:14:49,1,1,3848.25,-4488
2022-09-19 06:14:52,3,-2,3848.0,-4490
2022-09-19 06:14:53,26,-12,3847.75,-4502
2022-09-19 06:14:54,3,3,3847.75,-4499
2022-09-19 06:14:56,19,-10,3847.5,-4509
2022-09-19 06:14:57,9,1,3847.75,-4508
2022-09-19 06:15:00,21,1,3848.0,-4507
2022-09-19 06:15:02,2,-2,3847.75,-4509
2022-09-19 06:15:04,5,-5,3847.75,-4514
2022-09-19 06:15:05,26,-43,3847.5,-4557
2022-09-19 06:15:06,3,3,3847.5,-4554
2022-09-19 06:15:07,24,-19,3847.25,-4573
2022-09-19 06:15:08,7,5,3847.5,-4568
2022-09-19 06:15:09,3,3,3847.5,-4565
2022-09-19 06:15:10,9,-4,3847.25,-4569
2022-09-19 06:15:11,2,-2,3847.0,-4571
2022-09-19 06:15:12,1,-1,3847.0,-4572
2022-09-19 06:15:13,1,-1,3847.25,-4573
2022-09-19 06:15:14,8,5,3847.5,-4568
2022-09-19 06:15:15,1,1,3847.5,-4567
2022-09-19 06:15:16,10,-7,3847.5,-4574
2022-09-19 06:15:17,15,0,3847.25,-4574
2022-09-19 06:15:18,3,3,3847.25,-4571
2022-09-19 06:15:19,1,1,3847.25,-4570
2022-09-19 06:15:20,19,-15,3847.25,-4585
2022-09-19 06:15:21,5,5,3847.25,-4580
2022-09-19 06:15:22,8,-1,3847.25,-4581
2022-09-19 06:15:26,1,-1,3847.0,-4582
2022-09-19 06:15:29,3,-1,3847.25,-4583
2022-09-19 06:15:30,27,-17,3847.0,-4600
2022-09-19 06:15:31,4,4,3847.0,-4596
2022-09-19 06:15:34,10,-9,3846.75,-4605
2022-09-19 06:15:36,1,-1,3846.75,-4606
2022-09-19 06:15:38,13,5,3847.0,-4601
2022-09-19 06:15:40,9,3,3847.25,-4598
2022-09-19 06:15:41,3,-3,3847.25,-4601
2022-09-19 06:15:42,3,-1,3847.25,-4602
2022-09-19 06:15:43,6,-6,3847.0,-4608
2022-09-19 06:15:44,18,-2,3847.0,-4610
2022-09-19 06:15:45,2,0,3847.0,-4610
2022-09-19 06:15:47,6,6,3846.75,-4604
2022-09-19 06:15:48,44,-31,3846.5,-4635
2022-09-19 06:15:49,17,-1,3846.5,-4636
2022-09-19 06:15:50,20,-6,3846.5,-4642
2022-09-19 06:15:51,8,3,3846.5,-4639
2022-09-19 06:15:52,3,-2,3846.25,-4641
2022-09-19 06:15:53,2,-2,3846.25,-4643
2022-09-19 06:15:54,19,-3,3846.5,-4646
2022-09-19 06:15:55,6,-2,3846.5,-4648
2022-09-19 06:15:56,2,1,3846.5,-4647
2022-09-19 06:15:57,2,2,3846.5,-4645
2022-09-19 06:15:59,54,1,3846.5,-4644
2022-09-19 06:16:00,50,22,3847.0,-4622
2022-09-19 06:16:01,3,3,3847.0,-4619
2022-09-19 06:16:02,3,3,3847.0,-4616
2022-09-19 06:16:03,20,6,3847.0,-4610
2022-09-19 06:16:04,2,0,3847.0,-4610
2022-09-19 06:16:05,1,-1,3846.75,-4611
2022-09-19 06:16:06,6,6,3847.0,-4605
2022-09-19 06:16:08,8,-8,3846.75,-4613
2022-09-19 06:16:09,9,9,3847.0,-4604
2022-09-19 06:16:10,1,-1,3846.75,-4605
2022-09-19 06:16:11,1,1,3847.0,-4604
2022-09-19 06:16:12,28,15,3847.0,-4589
2022-09-19 06:16:13,4,4,3847.0,-4585
2022-09-19 06:16:15,25,13,3847.25,-4572
2022-09-19 06:16:17,1,-1,3847.0,-4573
2022-09-19 06:16:19,8,7,3847.25,-4566
2022-09-19 06:16:20,2,2,3847.25,-4564
2022-09-19 06:16:21,1,-1,3847.0,-4565
2022-09-19 06:16:22,18,-13,3847.25,-4578
2022-09-19 06:16:26,1,1,3847.25,-4577
2022-09-19 06:16:27,33,38,3847.5,-4539
2022-09-19 06:16:29,6,-5,3847.25,-4544
2022-09-19 06:16:30,37,-35,3847.25,-4579
2022-09-19 06:16:31,6,-3,3847.0,-4582
2022-09-19 06:16:34,4,3,3847.0,-4579
2022-09-19 06:16:36,12,5,3847.25,-4574
2022-09-19 06:16:39,9,9,3847.5,-4565
2022-09-19 06:16:41,7,-6,3847.5,-4571
2022-09-19 06:16:42,5,-5,3847.25,-4576
2022-09-19 06:16:43,1,-1,3847.0,-4577
2022-09-19 06:16:45,73,-42,3847.0,-4619
2022-09-19 06:16:46,7,-3,3846.25,-4622
2022-09-19 06:16:47,10,10,3846.75,-4612
2022-09-19 06:16:48,4,-5,3846.75,-4617
2022-09-19 06:16:49,1,1,3846.75,-4616
2022-09-19 06:16:51,16,6,3847.25,-4610
2022-09-19 06:16:53,3,1,3847.0,-4609
2022-09-19 06:16:54,8,-1,3847.0,-4610
2022-09-19 06:16:56,11,-4,3847.25,-4614
2022-09-19 06:16:57,4,2,3847.0,-4612
2022-09-19 06:16:58,1,1,3847.0,-4611
2022-09-19 06:16:59,3,0,3847.0,-4611
2022-09-19 06:17:00,7,3,3847.0,-4608
2022-09-19 06:17:05,9,-9,3846.75,-4617
2022-09-19 06:17:07,10,10,3847.0,-4607
2022-09-19 06:17:09,4,0,3846.75,-4607
2022-09-19 06:17:17,2,-2,3846.75,-4609
2022-09-19 06:17:20,8,8,3847.0,-4601
2022-09-19 06:17:21,1,-1,3847.0,-4602
2022-09-19 06:17:24,1,-1,3847.0,-4603
2022-09-19 06:17:28,10,-5,3847.0,-4608
2022-09-19 06:17:31,8,8,3847.0,-4600
2022-09-19 06:17:33,6,-6,3847.0,-4606
2022-09-19 06:17:34,1,1,3847.0,-4605
2022-09-19 06:17:35,7,5,3847.0,-4600
2022-09-19 06:17:37,2,2,3847.25,-4598
2022-09-19 06:17:39,5,4,3847.25,-4594
2022-09-19 06:17:42,30,-13,3847.0,-4607
2022-09-19 06:17:43,3,-1,3847.0,-4608
2022-09-19 06:17:44,4,-2,3847.0,-4610
2022-09-19 06:17:45,1,1,3847.25,-4609
2022-09-19 06:17:47,2,2,3847.25,-4607
2022-09-19 06:17:52,1,1,3847.25,-4606
2022-09-19 06:17:56,20,1,3847.25,-4605
2022-09-19 06:17:57,21,6,3847.25,-4599
2022-09-19 06:17:58,33,23,3847.75,-4576
2022-09-19 06:18:00,15,13,3847.75,-4563
2022-09-19 06:18:01,2,-2,3847.5,-4565
2022-09-19 06:18:02,2,2,3847.75,-4563
2022-09-19 06:18:07,9,6,3847.75,-4557
2022-09-19 06:18:08,3,-3,3847.75,-4560
2022-09-19 06:18:09,2,2,3848.0,-4558
2022-09-19 06:18:13,17,12,3848.0,-4546
2022-09-19 06:18:14,4,0,3848.0,-4546
2022-09-19 06:18:17,4,-4,3847.75,-4550
2022-09-19 06:18:20,1,1,3848.0,-4549
2022-09-19 06:18:23,2,-2,3847.75,-4551
2022-09-19 06:18:29,2,2,3848.0,-4549
2022-09-19 06:18:34,12,8,3848.0,-4541
2022-09-19 06:18:35,5,-5,3848.0,-4546
2022-09-19 06:18:39,13,12,3848.25,-4534
2022-09-19 06:18:40,3,-1,3848.0,-4535
2022-09-19 06:18:41,46,-59,3848.0,-4594
2022-09-19 06:18:42,14,5,3848.0,-4589
2022-09-19 06:18:43,14,-4,3847.75,-4593
2022-09-19 06:18:45,8,1,3847.75,-4592
2022-09-19 06:18:46,48,-49,3847.75,-4641
2022-09-19 06:18:47,9,1,3847.5,-4640
2022-09-19 06:18:49,1,1,3847.5,-4639
2022-09-19 06:18:50,13,-3,3847.25,-4642
2022-09-19 06:18:52,7,-2,3847.25,-4644
2022-09-19 06:18:55,7,7,3847.25,-4637
2022-09-19 06:18:58,1,1,3847.25,-4636
2022-09-19 06:18:59,2,0,3847.25,-4636
2022-09-19 06:19:00,157,93,3848.5,-4543
2022-09-19 06:19:01,13,13,3848.25,-4530
2022-09-19 06:19:02,15,-11,3848.0,-4541
2022-09-19 06:19:03,23,12,3848.0,-4529
2022-09-19 06:19:04,15,14,3848.0,-4515
2022-09-19 06:19:05,14,-5,3848.0,-4520
2022-09-19 06:19:06,3,-3,3848.0,-4523
2022-09-19 06:19:07,7,5,3848.0,-4518
2022-09-19 06:19:08,4,4,3848.0,-4514
2022-09-19 06:19:09,7,7,3848.25,-4507
2022-09-19 06:19:10,31,3,3848.25,-4504
2022-09-19 06:19:12,35,-39,3848.25,-4543
2022-09-19 06:19:15,2,-2,3847.75,-4545
2022-09-19 06:19:16,19,12,3848.0,-4533
2022-09-19 06:19:22,17,-7,3847.75,-4540
2022-09-19 06:19:23,1,1,3847.75,-4539
2022-09-19 06:19:25,16,13,3848.0,-4526
2022-09-19 06:19:26,35,-19,3848.0,-4545
2022-09-19 06:19:27,24,-8,3847.5,-4553
2022-09-19 06:19:29,3,-1,3847.75,-4554
2022-09-19 06:19:30,9,0,3847.75,-4554
2022-09-19 06:19:32,3,-1,3847.75,-4555
2022-09-19 06:19:35,1,-1,3847.75,-4556
2022-09-19 06:19:40,15,10,3847.75,-4546
2022-09-19 06:19:43,16,12,3848.0,-4534
2022-09-19 06:19:45,16,2,3848.25,-4532
2022-09-19 06:19:46,2,0,3848.5,-4532
2022-09-19 06:19:49,1,-1,3848.25,-4533
2022-09-19 06:19:54,15,5,3848.5,-4528
2022-09-19 06:19:56,35,-2,3848.75,-4530
2022-09-19 06:19:57,2,0,3848.75,-4530
2022-09-19 06:20:00,2,-2,3848.5,-4532
2022-09-19 06:20:02,1,1,3848.75,-4531
2022-09-19 06:20:04,2,2,3848.75,-4529
2022-09-19 06:20:05,45,57,3849.0,-4472
2022-09-19 06:20:06,7,-7,3848.75,-4479
2022-09-19 06:20:10,19,-11,3848.5,-4490
2022-09-19 06:20:11,12,15,3848.75,-4475
2022-09-19 06:20:13,53,25,3849.25,-4450
2022-09-19 06:20:14,6,-1,3849.0,-4451
2022-09-19 06:20:16,1,-1,3848.75,-4452
2022-09-19 06:20:17,6,5,3849.0,-4447
2022-09-19 06:20:18,21,-9,3848.75,-4456
2022-09-19 06:20:21,1,1,3848.75,-4455
2022-09-19 06:20:23,16,6,3848.75,-4449
2022-09-19 06:20:24,1,-1,3848.75,-4450
2022-09-19 06:20:26,4,4,3849.0,-4446
2022-09-19 06:20:30,84,29,3849.25,-4417
2022-09-19 06:20:31,9,-6,3849.25,-4423
2022-09-19 06:20:34,11,10,3849.25,-4413
2022-09-19 06:20:35,24,-2,3849.5,-4415
2022-09-19 06:20:39,10,-2,3849.25,-4417
2022-09-19 06:20:41,1,1,3849.25,-4416
2022-09-19 06:20:43,9,-1,3849.0,-4417
2022-09-19 06:20:46,5,4,3849.0,-4413
2022-09-19 06:20:52,5,3,3849.0,-4410
2022-09-19 06:20:54,107,-14,3848.75,-4424
2022-09-19 06:20:55,2,-2,3848.75,-4426
2022-09-19 06:20:58,1,1,3848.75,-4425
2022-09-19 06:20:59,5,4,3848.75,-4421
2022-09-19 06:21:02,29,26,3849.25,-4395
2022-09-19 06:21:03,2,-2,3849.25,-4397
2022-09-19 06:21:04,5,2,3849.25,-4395
2022-09-19 06:21:11,6,-2,3849.5,-4397
2022-09-19 06:21:13,1,1,3849.25,-4396
2022-09-19 06:21:15,1,-1,3849.0,-4397
2022-09-19 06:21:20,1,-1,3849.0,-4398
2022-09-19 06:21:25,1,1,3849.25,-4397
2022-09-19 06:21:30,4,2,3849.25,-4395
2022-09-19 06:21:31,1,1,3849.25,-4394
2022-09-19 06:21:32,2,0,3849.25,-4394
2022-09-19 06:21:34,1,1,3849.5,-4393
2022-09-19 06:21:37,25,15,3849.5,-4378
2022-09-19 06:21:42,14,-7,3849.5,-4385
2022-09-19 06:21:43,59,63,3850.0,-4322
2022-09-19 06:21:44,6,-6,3849.75,-4328
2022-09-19 06:21:45,2,2,3849.75,-4326
2022-09-19 06:21:47,3,2,3850.0,-4324
2022-09-19 06:21:48,18,8,3850.0,-4316
2022-09-19 06:21:49,7,-5,3850.0,-4321
2022-09-19 06:21:52,6,5,3850.0,-4316
2022-09-19 06:21:57,9,10,3850.5,-4306
2022-09-19 06:21:58,3,3,3850.5,-4303
2022-09-19 06:22:00,14,-8,3850.5,-4311
2022-09-19 06:22:01,5,4,3850.5,-4307
2022-09-19 06:22:02,7,-7,3850.25,-4314
2022-09-19 06:22:04,4,0,3850.5,-4314
2022-09-19 06:22:05,2,-1,3850.25,-4315
2022-09-19 06:22:06,4,-4,3850.0,-4319
2022-09-19 06:22:12,12,-10,3850.0,-4329
2022-09-19 06:22:13,2,2,3850.25,-4327
2022-09-19 06:22:14,8,8,3850.25,-4319
2022-09-19 06:22:15,6,4,3850.5,-4315
2022-09-19 06:22:16,4,-4,3850.5,-4319
2022-09-19 06:22:17,4,0,3850.5,-4319
2022-09-19 06:22:18,8,6,3850.75,-4313
2022-09-19 06:22:20,6,2,3850.75,-4311
2022-09-19 06:22:21,6,0,3850.75,-4311
2022-09-19 06:22:23,8,-3,3851.0,-4314
2022-09-19 06:22:24,39,12,3851.0,-4302
2022-09-19 06:22:25,18,-8,3850.5,-4310
2022-09-19 06:22:26,4,-3,3850.5,-4313
2022-09-19 06:22:28,7,-2,3850.5,-4315
2022-09-19 06:22:31,8,-4,3850.5,-4319
2022-09-19 06:22:35,11,6,3850.5,-4313
2022-09-19 06:22:40,4,-4,3850.5,-4317
2022-09-19 06:22:43,2,-2,3850.5,-4319
2022-09-19 06:22:51,11,11,3850.75,-4308
2022-09-19 06:22:53,4,-4,3850.5,-4312
2022-09-19 06:22:54,1,-1,3850.5,-4313
2022-09-19 06:23:00,14,7,3851.0,-4306
2022-09-19 06:23:01,4,-3,3851.0,-4309
2022-09-19 06:23:04,2,0,3851.0,-4309
2022-09-19 06:23:08,4,0,3851.0,-4309
2022-09-19 06:23:11,2,-2,3850.75,-4311
2022-09-19 06:23:13,1,1,3851.0,-4310
2022-09-19 06:23:14,7,-3,3850.75,-4313
2022-09-19 06:23:15,7,7,3850.75,-4306
2022-09-19 06:23:16,104,-41,3850.5,-4347
2022-09-19 06:23:21,1,-1,3850.25,-4348
2022-09-19 06:23:22,38,44,3851.0,-4304
2022-09-19 06:23:23,73,-22,3850.75,-4326
2022-09-19 06:23:24,9,0,3851.0,-4326
2022-09-19 06:23:25,34,11,3851.0,-4315
2022-09-19 06:23:28,3,-3,3850.75,-4318
2022-09-19 06:23:33,8,0,3850.75,-4318
2022-09-19 06:23:34,4,0,3850.75,-4318
2022-09-19 06:23:40,2,0,3851.0,-4318
2022-09-19 06:23:42,1,-1,3850.75,-4319
2022-09-19 06:23:44,5,-3,3850.75,-4322
2022-09-19 06:23:47,4,4,3850.5,-4318
2022-09-19 06:23:48,2,2,3850.75,-4316
2022-09-19 06:23:49,7,-2,3850.5,-4318
2022-09-19 06:23:50,2,0,3850.75,-4318
2022-09-19 06:23:51,1,-1,3850.5,-4319
2022-09-19 06:23:53,6,4,3850.75,-4315
2022-09-19 06:23:57,12,-4,3850.5,-4319
2022-09-19 06:24:03,1,1,3850.5,-4318
2022-09-19 06:24:04,7,-7,3850.25,-4325
2022-09-19 06:24:10,1,-1,3850.25,-4326
2022-09-19 06:24:12,2,-2,3850.25,-4328
2022-09-19 06:24:16,1,-1,3850.25,-4329
2022-09-19 06:24:17,2,0,3850.5,-4329
2022-09-19 06:24:22,14,7,3850.5,-4322
2022-09-19 06:24:23,8,4,3850.75,-4318
2022-09-19 06:24:24,1,1,3850.75,-4317
2022-09-19 06:24:26,1,-1,3850.75,-4318
2022-09-19 06:24:28,28,9,3851.25,-4309
2022-09-19 06:24:31,1,1,3851.5,-4308
2022-09-19 06:24:32,29,8,3851.5,-4300
2022-09-19 06:24:35,14,12,3851.75,-4288
2022-09-19 06:24:36,75,23,3852.5,-4265
2022-09-19 06:24:37,37,18,3852.5,-4247
2022-09-19 06:24:38,8,5,3852.5,-4242
2022-09-19 06:24:39,5,-1,3852.5,-4243
2022-09-19 06:24:40,30,-18,3852.5,-4261
2022-09-19 06:24:41,6,-5,3852.0,-4266
2022-09-19 06:24:42,1,1,3852.25,-4265
2022-09-19 06:24:43,17,16,3852.5,-4249
2022-09-19 06:24:44,17,-10,3852.5,-4259
2022-09-19 06:24:46,1,-1,3852.25,-4260
2022-09-19 06:24:49,98,-73,3852.25,-4333
2022-09-19 06:24:51,3,-1,3852.0,-4334
2022-09-19 06:24:52,11,-7,3851.75,-4341
2022-09-19 06:24:54,3,-3,3851.5,-4344
2022-09-19 06:24:55,1,1,3851.75,-4343
2022-09-19 06:24:56,13,7,3851.75,-4336
2022-09-19 06:25:00,12,-9,3851.75,-4345
2022-09-19 06:25:03,9,-2,3851.75,-4347
2022-09-19 06:25:08,11,-7,3851.75,-4354
2022-09-19 06:25:09,4,0,3851.75,-4354
2022-09-19 06:25:11,15,1,3852.0,-4353
2022-09-19 06:25:12,24,6,3852.0,-4347
2022-09-19 06:25:14,1,1,3852.0,-4346
2022-09-19 06:25:15,91,21,3852.25,-4325
2022-09-19 06:25:16,1,1,3852.25,-4324
2022-09-19 06:25:18,7,-1,3852.5,-4325
2022-09-19 06:25:19,2,2,3852.25,-4323
2022-09-19 06:25:21,3,-2,3852.0,-4325
2022-09-19 06:25:23,2,0,3852.25,-4325
2022-09-19 06:25:26,6,6,3852.25,-4319
2022-09-19 06:25:28,1,-1,3852.25,-4320
2022-09-19 06:25:30,18,7,3852.5,-4313
2022-09-19 06:25:31,1,-1,3852.5,-4314
2022-09-19 06:25:32,5,4,3852.5,-4310
2022-09-19 06:25:35,8,-4,3852.5,-4314
2022-09-19 06:25:38,6,-3,3852.5,-4317
2022-09-19 06:25:40,4,4,3852.5,-4313
2022-09-19 06:25:42,2,0,3852.75,-4313
2022-09-19 06:25:43,4,4,3852.75,-4309
2022-09-19 06:25:45,13,11,3852.75,-4298
2022-09-19 06:25:46,15,-5,3853.0,-4303
2022-09-19 06:25:47,1,1,3853.0,-4302
2022-09-19 06:25:48,26,-11,3852.75,-4313
2022-09-19 06:25:50,5,-4,3852.75,-4317
2022-09-19 06:25:51,13,8,3853.0,-4309
2022-09-19 06:25:52,1,1,3853.0,-4308
2022-09-19 06:25:56,18,-18,3852.75,-4326
2022-09-19 06:25:58,1,1,3852.75,-4325
2022-09-19 06:26:02,2,-2,3852.75,-4327
2022-09-19 06:26:03,1,1,3853.0,-4326
2022-09-19 06:26:06,4,-4,3852.75,-4330
2022-09-19 06:26:08,3,2,3852.75,-4328
2022-09-19 06:26:09,7,-4,3852.75,-4332
2022-09-19 06:26:10,5,-5,3852.5,-4337
2022-09-19 06:26:18,2,-2,3852.5,-4339
2022-09-19 06:26:19,19,-19,3852.5,-4358
2022-09-19 06:26:20,6,-6,3852.25,-4364
2022-09-19 06:26:22,3,-2,3852.25,-4366
2022-09-19 06:26:24,8,-6,3852.25,-4372
2022-09-19 06:26:26,3,3,3852.25,-4369
2022-09-19 06:26:31,9,9,3852.5,-4360
2022-09-19 06:26:32,1,1,3852.75,-4359
2022-09-19 06:26:36,1,1,3852.75,-4358
2022-09-19 06:26:37,22,5,3852.75,-4353
2022-09-19 06:26:38,2,0,3852.75,-4353
2022-09-19 06:26:39,1,1,3852.75,-4352
2022-09-19 06:26:40,3,2,3852.75,-4350
2022-09-19 06:26:44,1,1,3852.75,-4349
2022-09-19 06:26:47,4,-4,3852.5,-4353
2022-09-19 06:26:50,10,-10,3852.5,-4363
2022-09-19 06:26:53,5,-1,3852.5,-4364
2022-09-19 06:26:56,2,-2,3852.5,-4366
2022-09-19 06:27:01,2,-2,3852.5,-4368
2022-09-19 06:27:03,2,-2,3852.5,-4370
2022-09-19 06:27:07,13,10,3852.5,-4360
2022-09-19 06:27:13,1,-1,3852.25,-4361
2022-09-19 06:27:16,12,-11,3852.25,-4372
2022-09-19 06:27:18,1,1,3852.5,-4371
2022-09-19 06:27:20,10,7,3852.5,-4364
2022-09-19 06:27:23,26,9,3852.75,-4355
2022-09-19 06:27:24,20,-19,3852.5,-4374
2022-09-19 06:27:25,11,3,3852.75,-4371
2022-09-19 06:27:26,11,-11,3852.5,-4382
2022-09-19 06:27:27,4,-4,3852.25,-4386
2022-09-19 06:27:30,3,-3,3852.25,-4389
2022-09-19 06:27:33,11,-9,3852.25,-4398
2022-09-19 06:27:34,4,-2,3852.25,-4400
2022-09-19 06:27:36,2,2,3852.5,-4398
2022-09-19 06:27:39,52,-27,3852.25,-4425
2022-09-19 06:27:40,15,4,3852.25,-4421
2022-09-19 06:27:41,14,-8,3852.0,-4429
2022-09-19 06:27:43,9,8,3852.25,-4421
2022-09-19 06:27:51,13,8,3852.25,-4413
2022-09-19 06:27:54,2,2,3852.25,-4411
2022-09-19 06:27:57,2,-2,3852.25,-4413
2022-09-19 06:28:00,2,2,3852.25,-4411
2022-09-19 06:28:01,5,5,3852.5,-4406
2022-09-19 06:28:05,10,-10,3852.25,-4416
2022-09-19 06:28:07,1,1,3852.5,-4415
2022-09-19 06:28:09,2,-2,3852.25,-4417
2022-09-19 06:28:12,6,4,3852.5,-4413
2022-09-19 06:28:19,2,-2,3852.5,-4415
2022-09-19 06:28:20,1,1,3852.5,-4414
2022-09-19 06:28:28,22,-34,3852.5,-4448
2022-09-19 06:28:30,6,-2,3852.25,-4450
2022-09-19 06:28:32,2,0,3852.25,-4450
2022-09-19 06:28:44,1,-1,3852.0,-4451
2022-09-19 06:28:45,21,-7,3852.0,-4458
2022-09-19 06:28:46,9,2,3852.25,-4456
2022-09-19 06:28:52,6,6,3852.5,-4450
2022-09-19 06:28:53,29,44,3852.75,-4406
2022-09-19 06:28:54,10,10,3853.0,-4396
2022-09-19 06:28:56,1,1,3853.0,-4395
2022-09-19 06:29:00,2,-2,3852.75,-4397
2022-09-19 06:29:01,4,2,3853.0,-4395
2022-09-19 06:29:03,2,-2,3852.75,-4397
2022-09-19 06:29:04,17,-10,3852.75,-4407
2022-09-19 06:29:05,2,2,3852.75,-4405
2022-09-19 06:29:06,1,-1,3852.5,-4406
2022-09-19 06:29:07,2,-2,3852.5,-4408
2022-09-19 06:29:09,4,-4,3852.5,-4412
2022-09-19 06:29:10,6,6,3852.5,-4406
2022-09-19 06:29:12,4,4,3852.5,-4402
2022-09-19 06:29:17,2,-2,3852.5,-4404
2022-09-19 06:29:20,3,-1,3852.75,-4405
2022-09-19 06:29:21,1,-1,3852.5,-4406
2022-09-19 06:29:22,30,-8,3852.5,-4414
2022-09-19 06:29:25,2,2,3852.5,-4412
2022-09-19 06:29:26,13,12,3852.5,-4400
2022-09-19 06:29:28,4,4,3852.5,-4396
2022-09-19 06:29:35,1,-1,3852.25,-4397
2022-09-19 06:29:36,1,-1,3852.25,-4398
2022-09-19 06:29:40,2,0,3852.5,-4398
2022-09-19 06:29:44,1,1,3852.5,-4397
2022-09-19 06:29:48,5,-5,3852.25,-4402
2022-09-19 06:29:50,1,1,3852.5,-4401
2022-09-19 06:29:52,1,-1,3852.25,-4402
2022-09-19 06:29:53,10,10,3852.5,-4392
2022-09-19 06:29:56,11,10,3852.5,-4382
2022-09-19 06:29:58,6,2,3852.5,-4380
2022-09-19 06:30:00,17,-1,3852.75,-4381
2022-09-19 06:30:01,5,-3,3852.75,-4384
2022-09-19 06:30:03,1,-1,3852.75,-4385
2022-09-19 06:30:05,3,3,3853.0,-4382
2022-09-19 06:30:10,133,77,3853.75,-4305
2022-09-19 06:30:11,28,0,3853.75,-4305
2022-09-19 06:30:17,1,-1,3853.5,-4306
2022-09-19 06:30:18,115,47,3854.0,-4259
2022-09-19 06:30:19,5,-1,3853.75,-4260
2022-09-19 06:30:20,10,-4,3853.75,-4264
2022-09-19 06:30:21,3,3,3853.75,-4261
2022-09-19 06:30:27,9,-5,3853.5,-4266
2022-09-19 06:30:28,11,-9,3853.25,-4275
2022-09-19 06:30:31,32,22,3853.5,-4253
2022-09-19 06:30:32,16,-12,3853.5,-4265
2022-09-19 06:30:38,6,-5,3853.0,-4270
2022-09-19 06:30:39,9,-7,3853.0,-4277
2022-09-19 06:30:42,14,-8,3853.0,-4285
2022-09-19 06:30:46,2,0,3853.0,-4285
2022-09-19 06:30:47,16,13,3853.25,-4272
2022-09-19 06:30:48,3,3,3853.25,-4269
2022-09-19 06:30:49,15,7,3853.25,-4262
2022-09-19 06:30:50,3,-3,3853.0,-4265
2022-09-19 06:30:53,14,-9,3853.0,-4274
2022-09-19 06:30:56,103,-124,3852.75,-4398
2022-09-19 06:30:57,34,22,3852.75,-4376
2022-09-19 06:30:59,1,1,3852.75,-4375
2022-09-19 06:31:00,1,1,3852.75,-4374
2022-09-19 06:31:01,1,-1,3852.5,-4375
2022-09-19 06:31:02,28,-32,3852.5,-4407
2022-09-19 06:31:03,5,-1,3852.0,-4408
2022-09-19 06:31:04,2,-1,3851.75,-4409
2022-09-19 06:31:07,2,2,3852.0,-4407
2022-09-19 06:31:08,1,-1,3851.75,-4408
2022-09-19 06:31:10,1,-1,3851.75,-4409
2022-09-19 06:31:13,1,-1,3851.75,-4410
2022-09-19 06:31:15,1,1,3852.0,-4409
2022-09-19 06:31:16,12,10,3852.0,-4399
2022-09-19 06:31:17,3,-3,3852.0,-4402
2022-09-19 06:31:18,9,-8,3851.75,-4410
2022-09-19 06:31:19,43,28,3852.25,-4382
2022-09-19 06:31:20,2,0,3852.5,-4382
2022-09-19 06:31:21,18,15,3852.75,-4367
2022-09-19 06:31:23,9,4,3852.5,-4363
2022-09-19 06:31:26,22,7,3852.5,-4356
2022-09-19 06:31:27,9,-2,3851.75,-4358
2022-09-19 06:31:29,2,-2,3851.5,-4360
2022-09-19 06:31:30,1,1,3851.75,-4359
2022-09-19 06:31:31,1,1,3851.75,-4358
2022-09-19 06:31:33,1,1,3851.75,-4357
2022-09-19 06:31:35,1,1,3851.75,-4356
2022-09-19 06:31:36,51,37,3852.25,-4319
2022-09-19 06:31:37,2,-2,3852.0,-4321
2022-09-19 06:31:40,2,2,3852.25,-4319
2022-09-19 06:31:43,3,-2,3852.25,-4321
2022-09-19 06:31:47,5,5,3852.25,-4316
2022-09-19 06:31:49,1,1,3852.5,-4315
2022-09-19 06:31:53,1,-1,3852.25,-4316
2022-09-19 06:31:55,1,-1,3852.25,-4317
2022-09-19 06:31:57,1,1,3852.5,-4316
2022-09-19 06:31:58,2,-2,3852.25,-4318
2022-09-19 06:32:01,12,12,3852.75,-4306
2022-09-19 06:32:02,2,-2,3852.5,-4308
2022-09-19 06:32:03,23,21,3852.75,-4287
2022-09-19 06:32:04,1,-1,3852.5,-4288
2022-09-19 06:32:06,1,-1,3852.5,-4289
2022-09-19 06:32:07,2,2,3852.75,-4287
2022-09-19 06:32:08,1,1,3852.75,-4286
2022-09-19 06:32:11,10,3,3853.0,-4283
2022-09-19 06:32:13,1,-1,3852.75,-4284
2022-09-19 06:32:14,3,-1,3852.75,-4285
2022-09-19 06:32:16,1,1,3853.0,-4284
2022-09-19 06:32:18,13,11,3853.25,-4273
2022-09-19 06:32:23,2,0,3853.25,-4273
2022-09-19 06:32:25,11,-11,3853.0,-4284
2022-09-19 06:32:26,26,35,3853.25,-4249
2022-09-19 06:32:27,5,1,3853.25,-4248
2022-09-19 06:32:28,6,6,3853.5,-4242
2022-09-19 06:32:30,6,5,3853.5,-4237
2022-09-19 06:32:34,6,6,3853.75,-4231
2022-09-19 06:32:36,8,8,3854.0,-4223
2022-09-19 06:32:37,17,2,3854.25,-4221
2022-09-19 06:32:39,2,-2,3853.75,-4223
2022-09-19 06:32:40,1,1,3854.0,-4222
2022-09-19 06:32:41,14,5,3854.0,-4217
2022-09-19 06:32:42,4,-4,3853.75,-4221
2022-09-19 06:32:43,12,10,3853.75,-4211
2022-09-19 06:32:44,13,-9,3853.75,-4220
2022-09-19 06:32:46,10,-10,3853.5,-4230
2022-09-19 06:32:48,15,11,3854.0,-4219
2022-09-19 06:32:49,12,-4,3854.25,-4223
2022-09-19 06:32:50,1,-1,3853.75,-4224
2022-09-19 06:32:53,2,-2,3853.75,-4226
2022-09-19 06:32:54,2,-2,3853.75,-4228
2022-09-19 06:32:55,1,1,3854.0,-4227
2022-09-19 06:32:56,5,-5,3853.75,-4232
2022-09-19 06:32:59,1,-1,3853.75,-4233
2022-09-19 06:33:01,2,0,3854.0,-4233
2022-09-19 06:33:02,10,10,3854.25,-4223
2022-09-19 06:33:04,17,-17,3854.0,-4240
2022-09-19 06:33:06,14,-7,3853.75,-4247
2022-09-19 06:33:08,1,-1,3853.75,-4248
2022-09-19 06:33:10,10,7,3854.0,-4241
2022-09-19 06:33:15,71,25,3854.25,-4216
2022-09-19 06:33:17,4,-4,3854.25,-4220
2022-09-19 06:33:18,5,-3,3854.25,-4223
2022-09-19 06:33:19,2,-2,3854.25,-4225
2022-09-19 06:33:21,3,3,3854.25,-4222
2022-09-19 06:33:23,29,12,3854.5,-4210
2022-09-19 06:33:24,3,3,3854.25,-4207
2022-09-19 06:33:25,32,23,3854.5,-4184
2022-09-19 06:33:26,9,1,3854.75,-4183
2022-09-19 06:33:27,5,5,3854.75,-4178
2022-09-19 06:33:28,17,1,3854.75,-4177
2022-09-19 06:33:29,1,1,3854.75,-4176
2022-09-19 06:33:30,3,-1,3854.75,-4177
2022-09-19 06:33:31,2,2,3854.75,-4175
2022-09-19 06:33:32,14,-14,3854.5,-4189
2022-09-19 06:33:33,1,1,3854.5,-4188
2022-09-19 06:33:36,1,1,3854.5,-4187
2022-09-19 06:33:37,1,1,3854.5,-4186
2022-09-19 06:33:38,42,12,3854.75,-4174
2022-09-19 06:33:39,2,0,3854.5,-4174
2022-09-19 06:33:40,1,-1,3854.25,-4175
2022-09-19 06:33:41,16,13,3854.5,-4162
2022-09-19 06:33:42,24,-8,3854.5,-4170
2022-09-19 06:33:43,1,-1,3854.25,-4171
2022-09-19 06:33:44,2,0,3854.25,-4171
2022-09-19 06:33:45,1,-1,3854.0,-4172
2022-09-19 06:33:46,3,3,3854.25,-4169
2022-09-19 06:33:47,7,6,3854.5,-4163
2022-09-19 06:33:48,3,3,3854.5,-4160
2022-09-19 06:33:49,3,-3,3854.25,-4163
2022-09-19 06:33:51,15,-15,3854.25,-4178
2022-09-19 06:33:52,82,-9,3854.25,-4187
2022-09-19 06:33:53,19,-8,3854.5,-4195
2022-09-19 06:33:57,2,2,3854.25,-4193
2022-09-19 06:33:59,3,3,3854.25,-4190
2022-09-19 06:34:00,16,2,3854.25,-4188
2022-09-19 06:34:01,2,0,3854.25,-4188
2022-09-19 06:34:02,47,-18,3854.25,-4206
2022-09-19 06:34:04,1,-1,3854.0,-4207
2022-09-19 06:34:06,7,7,3854.25,-4200
2022-09-19 06:34:12,1,-1,3854.0,-4201
2022-09-19 06:34:17,6,4,3854.25,-4197
2022-09-19 06:34:19,3,-3,3854.25,-4200
2022-09-19 06:34:27,11,4,3854.25,-4196
2022-09-19 06:34:29,1,1,3854.5,-4195
2022-09-19 06:34:32,1,-1,3854.25,-4196
2022-09-19 06:34:33,18,-16,3854.5,-4212
2022-09-19 06:34:34,60,46,3854.75,-4166
2022-09-19 06:34:35,8,-6,3854.5,-4172
2022-09-19 06:34:36,2,2,3854.5,-4170
2022-09-19 06:34:39,16,4,3854.75,-4166
2022-09-19 06:34:41,1,-1,3854.5,-4167
2022-09-19 06:34:42,4,-4,3854.25,-4171
2022-09-19 06:34:43,71,-16,3854.0,-4187
2022-09-19 06:34:57,1,1,3854.0,-4186
2022-09-19 06:34:58,18,-11,3853.75,-4197
2022-09-19 06:34:59,4,4,3854.0,-4193
2022-09-19 06:35:02,48,35,3854.25,-4158
2022-09-19 06:35:03,1,1,3854.25,-4157
2022-09-19 06:35:04,4,0,3854.25,-4157
2022-09-19 06:35:05,22,-11,3854.25,-4168
2022-09-19 06:35:06,1,1,3854.25,-4167
2022-09-19 06:35:09,2,0,3854.25,-4167
2022-09-19 06:35:11,9,8,3854.25,-4159
2022-09-19 06:35:12,30,-4,3854.25,-4163
2022-09-19 06:35:13,8,6,3854.25,-4157
2022-09-19 06:35:14,1,-1,3854.25,-4158
2022-09-19 06:35:15,3,1,3854.5,-4157
2022-09-19 06:35:25,1,-1,3854.25,-4158
2022-09-19 06:35:26,97,90,3855.25,-4068
2022-09-19 06:35:27,28,-17,3855.0,-4085
2022-09-19 06:35:28,45,-3,3855.0,-4088
2022-09-19 06:35:31,16,-16,3854.5,-4104
2022-09-19 06:35:32,18,1,3854.25,-4103
2022-09-19 06:35:40,2,-2,3854.25,-4105
2022-09-19 06:35:41,3,3,3854.25,-4102
2022-09-19 06:35:43,15,-3,3854.0,-4105
2022-09-19 06:35:44,5,4,3854.0,-4101
2022-09-19 06:35:46,2,0,3854.25,-4101
2022-09-19 06:35:52,15,9,3854.25,-4092
2022-09-19 06:35:54,1,-1,3854.25,-4093
2022-09-19 06:35:55,9,9,3854.5,-4084
2022-09-19 06:35:57,19,14,3854.75,-4070
2022-09-19 06:35:58,2,-2,3854.5,-4072
2022-09-19 06:36:05,10,6,3854.75,-4066
2022-09-19 06:36:06,6,-4,3854.5,-4070
2022-09-19 06:36:07,19,11,3854.5,-4059
2022-09-19 06:36:08,6,6,3854.75,-4053
2022-09-19 06:36:09,3,-3,3854.75,-4056
2022-09-19 06:36:10,3,3,3854.75,-4053
2022-09-19 06:36:12,5,-4,3854.5,-4057
2022-09-19 06:36:17,4,-4,3854.75,-4061
2022-09-19 06:36:18,2,0,3854.75,-4061
2022-09-19 06:36:20,1,-1,3854.5,-4062
2022-09-19 06:36:24,7,-5,3854.5,-4067
2022-09-19 06:36:26,8,5,3854.5,-4062
2022-09-19 06:36:30,2,-2,3854.5,-4064
2022-09-19 06:36:32,3,1,3854.75,-4063
2022-09-19 06:36:34,2,2,3854.75,-4061
2022-09-19 06:36:36,10,13,3855.0,-4048
2022-09-19 06:36:37,5,-5,3854.75,-4053
2022-09-19 06:36:38,6,6,3854.75,-4047
2022-09-19 06:36:39,1,1,3854.75,-4046
2022-09-19 06:36:41,2,2,3855.0,-4044
2022-09-19 06:36:43,3,-2,3854.75,-4046
2022-09-19 06:36:49,1,1,3854.75,-4045
2022-09-19 06:36:55,1,-1,3854.5,-4046
2022-09-19 06:36:57,13,-11,3854.5,-4057
2022-09-19 06:36:58,1,-1,3854.5,-4058
2022-09-19 06:36:59,7,7,3854.75,-4051
2022-09-19 06:37:00,13,12,3855.25,-4039
2022-09-19 06:37:01,5,5,3855.25,-4034
2022-09-19 06:37:02,20,-19,3855.0,-4053
2022-09-19 06:37:03,2,2,3854.75,-4051
2022-09-19 06:37:05,3,-3,3854.75,-4054
2022-09-19 06:37:07,3,3,3854.75,-4051
2022-09-19 06:37:09,2,-2,3854.75,-4053
2022-09-19 06:37:11,2,2,3854.75,-4051
2022-09-19 06:37:13,20,14,3855.25,-4037
2022-09-19 06:37:17,35,35,3855.5,-4002
2022-09-19 06:37:23,10,-8,3855.25,-4010
2022-09-19 06:37:24,19,-17,3855.0,-4027
2022-09-19 06:37:25,11,3,3854.75,-4024
2022-09-19 06:37:27,13,8,3854.75,-4016
2022-09-19 06:37:28,1,1,3854.75,-4015
2022-09-19 06:37:30,1,-1,3854.75,-4016
2022-09-19 06:37:33,9,-2,3855.0,-4018
2022-09-19 06:37:38,18,-13,3854.75,-4031
2022-09-19 06:37:39,9,3,3854.75,-4028
2022-09-19 06:37:40,15,14,3855.0,-4014
2022-09-19 06:37:42,1,1,3854.75,-4013
2022-09-19 06:37:44,16,9,3855.25,-4004
2022-09-19 06:37:45,3,3,3855.0,-4001
2022-09-19 06:37:48,2,2,3855.0,-3999
2022-09-19 06:37:49,3,-2,3855.0,-4001
2022-09-19 06:37:50,1,-1,3854.75,-4002
2022-09-19 06:37:51,31,34,3855.0,-3968
2022-09-19 06:37:54,1,-1,3855.0,-3969
2022-09-19 06:37:55,13,-12,3855.0,-3981
2022-09-19 06:38:00,1,-1,3855.0,-3982
2022-09-19 06:38:01,44,15,3855.25,-3967
2022-09-19 06:38:02,2,-2,3855.0,-3969
2022-09-19 06:38:04,7,-2,3855.0,-3971
2022-09-19 06:38:07,37,38,3855.25,-3933
2022-09-19 06:38:09,5,-3,3855.0,-3936
2022-09-19 06:38:12,2,2,3855.0,-3934
2022-09-19 06:38:13,12,4,3855.25,-3930
2022-09-19 06:38:14,6,-4,3854.75,-3934
2022-09-19 06:38:16,2,-2,3854.75,-3936
2022-09-19 06:38:17,20,8,3855.0,-3928
2022-09-19 06:38:19,3,1,3855.0,-3927
2022-09-19 06:38:20,3,-1,3855.0,-3928
2022-09-19 06:38:22,3,-3,3854.75,-3931
2022-09-19 06:38:29,2,-2,3854.75,-3933
2022-09-19 06:38:31,12,3,3855.0,-3930
2022-09-19 06:38:32,5,1,3855.25,-3929
2022-09-19 06:38:33,2,-2,3855.0,-3931
2022-09-19 06:38:34,8,-5,3854.75,-3936
2022-09-19 06:38:50,1,-1,3854.75,-3937
2022-09-19 06:38:52,1,-1,3854.75,-3938
2022-09-19 06:38:53,1,-1,3854.75,-3939
2022-09-19 06:38:54,5,0,3855.0,-3939
2022-09-19 06:38:55,7,-6,3854.75,-3945
2022-09-19 06:39:01,5,-4,3854.25,-3949
2022-09-19 06:39:02,1,1,3854.25,-3948
2022-09-19 06:39:03,4,-4,3854.0,-3952
2022-09-19 06:39:09,1,-1,3854.0,-3953
2022-09-19 06:39:14,1,1,3854.25,-3952
2022-09-19 06:39:22,2,-2,3854.0,-3954
2022-09-19 06:39:24,16,-15,3854.0,-3969
2022-09-19 06:39:25,11,-4,3853.75,-3973
2022-09-19 06:39:26,3,2,3853.75,-3971
2022-09-19 06:39:27,7,-6,3853.75,-3977
2022-09-19 06:39:28,1,1,3853.75,-3976
2022-09-19 06:39:29,2,2,3853.75,-3974
2022-09-19 06:39:33,6,-2,3853.5,-3976
2022-09-19 06:39:34,15,9,3853.75,-3967
2022-09-19 06:39:36,1,-1,3853.5,-3968
2022-09-19 06:39:40,4,-4,3853.5,-3972
2022-09-19 06:39:46,31,-8,3853.5,-3980
2022-09-19 06:39:48,1,-1,3853.25,-3981
2022-09-19 06:39:52,16,-15,3853.25,-3996
2022-09-19 06:39:53,21,-11,3853.0,-4007
2022-09-19 06:39:55,2,-2,3852.75,-4009
2022-09-19 06:39:57,1,-1,3852.75,-4010
2022-09-19 06:39:58,12,-10,3852.75,-4020
2022-09-19 06:39:59,32,13,3852.75,-4007
2022-09-19 06:40:00,34,11,3853.0,-3996
2022-09-19 06:40:01,1,-1,3852.75,-3997
2022-09-19 06:40:03,6,1,3853.0,-3996
2022-09-19 06:40:05,3,1,3853.25,-3995
2022-09-19 06:40:08,1,1,3853.25,-3994
2022-09-19 06:40:14,1,1,3853.25,-3993
2022-09-19 06:40:16,1,-1,3853.0,-3994
2022-09-19 06:40:17,7,4,3853.25,-3990
2022-09-19 06:40:18,7,-5,3853.25,-3995
2022-09-19 06:40:22,4,-1,3853.25,-3996
2022-09-19 06:40:25,10,-9,3853.25,-4005
2022-09-19 06:40:29,1,1,3853.25,-4004
2022-09-19 06:40:32,7,1,3853.25,-4003
2022-09-19 06:40:34,3,-1,3853.25,-4004
2022-09-19 06:40:44,7,-5,3853.0,-4009
2022-09-19 06:40:45,4,0,3853.0,-4009
2022-09-19 06:40:49,2,-2,3852.75,-4011
2022-09-19 06:40:50,29,18,3853.25,-3993
2022-09-19 06:40:52,1,-1,3853.0,-3994
2022-09-19 06:40:54,3,-3,3853.0,-3997
2022-09-19 06:40:57,1,-1,3853.0,-3998
2022-09-19 06:40:59,7,6,3853.25,-3992
2022-09-19 06:41:00,48,21,3853.5,-3971
2022-09-19 06:41:01,2,0,3853.5,-3971
2022-09-19 06:41:02,3,3,3853.5,-3968
2022-09-19 06:41:05,2,1,3853.5,-3967
2022-09-19 06:41:06,2,-2,3853.25,-3969
2022-09-19 06:41:08,11,-11,3853.25,-3980
2022-09-19 06:41:12,1,1,3853.25,-3979
2022-09-19 06:41:15,49,-28,3853.0,-4007
2022-09-19 06:41:16,28,21,3853.0,-3986
2022-09-19 06:41:17,48,26,3853.25,-3960
2022-09-19 06:41:19,6,4,3853.5,-3956
2022-09-19 06:41:22,5,-5,3853.25,-3961
2022-09-19 06:41:23,16,-13,3853.25,-3974
2022-09-19 06:41:24,6,-5,3853.25,-3979
2022-09-19 06:41:25,8,8,3853.25,-3971
2022-09-19 06:41:26,2,-2,3853.0,-3973
2022-09-19 06:41:30,18,-18,3853.0,-3991
2022-09-19 06:41:35,4,3,3853.0,-3988
2022-09-19 06:41:36,1,-1,3852.75,-3989
2022-09-19 06:41:38,1,1,3853.0,-3988
2022-09-19 06:41:46,2,1,3853.0,-3987
2022-09-19 06:41:52,22,7,3853.0,-3980
2022-09-19 06:41:54,3,-3,3853.0,-3983
2022-09-19 06:41:58,2,-2,3852.75,-3985
2022-09-19 06:41:59,1,1,3853.0,-3984
2022-09-19 06:42:00,7,-3,3853.0,-3987
2022-09-19 06:42:01,2,-2,3853.0,-3989
2022-09-19 06:42:02,5,5,3853.25,-3984
2022-09-19 06:42:06,1,-1,3853.0,-3985
2022-09-19 06:42:13,20,10,3853.5,-3975
2022-09-19 06:42:14,7,6,3853.75,-3969
2022-09-19 06:42:17,3,0,3853.5,-3969
2022-09-19 06:42:23,8,-6,3853.5,-3975
2022-09-19 06:42:24,1,-1,3853.5,-3976
2022-09-19 06:42:29,1,-1,3853.5,-3977
2022-09-19 06:42:30,1,-1,3853.5,-3978
2022-09-19 06:42:33,1,-1,3853.5,-3979
2022-09-19 06:42:37,66,20,3853.75,-3959
2022-09-19 06:42:40,2,2,3853.75,-3957
2022-09-19 06:42:43,1,1,3853.75,-3956
2022-09-19 06:42:46,6,1,3853.75,-3955
2022-09-19 06:42:48,1,1,3853.75,-3954
2022-09-19 06:43:01,20,-17,3853.75,-3971
2022-09-19 06:43:05,9,3,3853.5,-3968
2022-09-19 06:43:10,7,-2,3853.5,-3970
2022-09-19 06:43:11,1,1,3853.5,-3969
2022-09-19 06:43:12,1,-1,3853.25,-3970
2022-09-19 06:43:17,2,0,3853.25,-3970
2022-09-19 06:43:18,2,-2,3853.25,-3972
2022-09-19 06:43:19,2,2,3853.25,-3970
2022-09-19 06:43:20,1,1,3853.5,-3969
2022-09-19 06:43:25,28,6,3853.75,-3963
2022-09-19 06:43:30,3,3,3854.0,-3960
2022-09-19 06:43:32,1,1,3854.0,-3959
2022-09-19 06:43:33,14,6,3854.0,-3953
2022-09-19 06:43:34,7,-3,3853.75,-3956
2022-09-19 06:43:36,22,16,3854.0,-3940
2022-09-19 06:43:44,8,-4,3854.0,-3944
2022-09-19 06:43:47,7,3,3854.0,-3941
2022-09-19 06:43:55,2,0,3854.0,-3941
2022-09-19 06:43:59,2,2,3854.0,-3939
2022-09-19 06:44:00,1,-1,3854.0,-3940
2022-09-19 06:44:04,1,1,3854.25,-3939
2022-09-19 06:44:15,1,1,3854.25,-3938
2022-09-19 06:44:17,2,2,3854.25,-3936
2022-09-19 06:44:22,3,0,3854.25,-3936
2022-09-19 06:44:33,16,13,3854.25,-3923
2022-09-19 06:44:34,1,-1,3854.25,-3924
2022-09-19 06:44:35,51,1,3854.5,-3923
2022-09-19 06:44:38,1,-1,3854.25,-3924
2022-09-19 06:44:39,1,1,3854.5,-3923
2022-09-19 06:44:40,2,2,3854.5,-3921
2022-09-19 06:44:41,29,12,3854.75,-3909
2022-09-19 06:44:42,6,-5,3854.75,-3914
2022-09-19 06:44:43,11,-1,3855.0,-3915
2022-09-19 06:44:44,9,-8,3854.5,-3923
2022-09-19 06:44:47,10,9,3854.5,-3914
2022-09-19 06:44:56,4,4,3854.5,-3910
2022-09-19 06:44:57,1,1,3854.5,-3909
2022-09-19 06:44:59,175,129,3855.5,-3780
2022-09-19 06:45:00,22,-15,3855.0,-3795
2022-09-19 06:45:01,6,3,3855.0,-3792
2022-09-19 06:45:02,1,-1,3854.75,-3793
2022-09-19 06:45:03,148,84,3855.75,-3709
2022-09-19 06:45:04,14,-9,3855.0,-3718
2022-09-19 06:45:05,5,0,3855.0,-3718
2022-09-19 06:45:08,5,4,3855.0,-3714
2022-09-19 06:45:09,34,9,3855.25,-3705
2022-09-19 06:45:10,72,37,3855.5,-3668
2022-09-19 06:45:12,4,-4,3855.25,-3672
2022-09-19 06:45:13,2,-2,3855.0,-3674
2022-09-19 06:45:15,1,1,3855.0,-3673
2022-09-19 06:45:16,1,1,3855.0,-3672
2022-09-19 06:45:22,33,0,3855.0,-3672
2022-09-19 06:45:25,10,-2,3855.25,-3674
2022-09-19 06:45:30,7,-5,3855.0,-3679
2022-09-19 06:45:34,15,-10,3855.0,-3689
2022-09-19 06:45:35,1,1,3854.75,-3688
2022-09-19 06:45:41,27,17,3854.75,-3671
2022-09-19 06:45:48,19,-14,3854.75,-3685
2022-09-19 06:45:49,5,-5,3854.5,-3690
2022-09-19 06:45:51,13,2,3854.5,-3688
2022-09-19 06:45:54,6,-6,3854.5,-3694
2022-09-19 06:45:59,4,0,3854.5,-3694
2022-09-19 06:46:00,6,6,3854.75,-3688
2022-09-19 06:46:01,1,-1,3854.75,-3689
2022-09-19 06:46:11,20,16,3855.0,-3673
2022-09-19 06:46:12,1,1,3855.0,-3672
2022-09-19 06:46:13,1,-1,3854.75,-3673
2022-09-19 06:46:14,1,1,3855.0,-3672
2022-09-19 06:46:15,1,1,3855.0,-3671
2022-09-19 06:46:22,8,-6,3855.0,-3677
2022-09-19 06:46:24,1,1,3855.0,-3676
2022-09-19 06:46:25,4,3,3855.0,-3673
2022-09-19 06:46:26,2,1,3855.0,-3672
2022-09-19 06:46:27,23,15,3855.0,-3657
2022-09-19 06:46:28,2,2,3855.0,-3655
2022-09-19 06:46:29,1,1,3855.0,-3654
2022-09-19 06:46:33,2,1,3855.0,-3653
2022-09-19 06:46:34,3,1,3855.0,-3652
2022-09-19 06:46:36,84,90,3855.75,-3562
2022-09-19 06:46:38,46,-16,3855.5,-3578
2022-09-19 06:46:39,2,1,3855.25,-3577
2022-09-19 06:46:40,13,1,3855.25,-3576
2022-09-19 06:46:41,2,2,3855.5,-3574
2022-09-19 06:46:42,31,12,3855.5,-3562
2022-09-19 06:46:43,4,3,3855.75,-3559
2022-09-19 06:46:44,1,1,3855.75,-3558
2022-09-19 06:46:45,1,1,3855.75,-3557
2022-09-19 06:46:46,2,-2,3855.5,-3559
2022-09-19 06:46:47,1,-1,3855.5,-3560
2022-09-19 06:46:48,5,-4,3855.5,-3564
2022-09-19 06:46:49,1,1,3855.75,-3563
2022-09-19 06:46:51,70,48,3856.25,-3515
2022-09-19 06:46:52,36,1,3856.25,-3514
2022-09-19 06:46:53,11,6,3856.25,-3508
2022-09-19 06:46:54,3,2,3856.25,-3506
2022-09-19 06:46:55,2,0,3856.25,-3506
2022-09-19 06:46:57,49,39,3856.5,-3467
2022-09-19 06:46:58,8,7,3856.25,-3460
2022-09-19 06:46:59,3,-1,3856.25,-3461
2022-09-19 06:47:00,11,2,3856.25,-3459
2022-09-19 06:47:01,1,-1,3856.0,-3460
2022-09-19 06:47:02,1,1,3856.25,-3459
2022-09-19 06:47:03,61,-10,3856.25,-3469
2022-09-19 06:47:04,2,0,3855.75,-3469
2022-09-19 06:47:05,3,3,3855.75,-3466
2022-09-19 06:47:08,2,2,3855.75,-3464
2022-09-19 06:47:09,3,-3,3855.5,-3467
2022-09-19 06:47:11,70,19,3856.0,-3448
2022-09-19 06:47:13,1,1,3856.0,-3447
2022-09-19 06:47:18,1,1,3856.0,-3446
2022-09-19 06:47:20,43,18,3856.25,-3428
2022-09-19 06:47:23,1,1,3856.25,-3427
2022-09-19 06:47:24,7,5,3856.25,-3422
2022-09-19 06:47:25,43,8,3856.5,-3414
2022-09-19 06:47:27,1,-1,3856.25,-3415
2022-09-19 06:47:28,48,17,3856.5,-3398
2022-09-19 06:47:29,1,1,3856.5,-3397
2022-09-19 06:47:30,30,-6,3856.5,-3403
2022-09-19 06:47:34,3,3,3856.5,-3400
2022-09-19 06:47:36,62,-18,3856.25,-3418
2022-09-19 06:47:37,2,2,3856.0,-3416
2022-09-19 06:47:38,1,-1,3855.75,-3417
2022-09-19 06:47:39,12,6,3856.0,-3411
2022-09-19 06:47:40,1,-1,3856.0,-3412
2022-09-19 06:47:41,5,-3,3856.25,-3415
2022-09-19 06:47:43,1,-1,3856.0,-3416
2022-09-19 06:47:47,17,-10,3856.0,-3426
2022-09-19 06:47:51,12,-9,3855.75,-3435
2022-09-19 06:47:54,3,-3,3855.5,-3438
2022-09-19 06:47:55,10,-6,3855.5,-3444
2022-09-19 06:47:57,4,-4,3855.5,-3448
2022-09-19 06:47:59,1,-1,3855.5,-3449
2022-09-19 06:48:00,2,-2,3855.5,-3451
2022-09-19 06:48:03,7,-5,3855.5,-3456
2022-09-19 06:48:04,5,-5,3855.5,-3461
2022-09-19 06:48:08,15,-8,3855.25,-3469
2022-09-19 06:48:09,13,9,3855.75,-3460
2022-09-19 06:48:10,1,1,3855.75,-3459
2022-09-19 06:48:11,4,-3,3855.5,-3462
2022-09-19 06:48:12,10,8,3855.5,-3454
2022-09-19 06:48:13,4,-2,3855.75,-3456
2022-09-19 06:48:14,12,1,3855.5,-3455
2022-09-19 06:48:15,2,0,3855.5,-3455
2022-09-19 06:48:16,2,0,3855.5,-3455
2022-09-19 06:48:17,2,2,3855.5,-3453
2022-09-19 06:48:21,2,2,3855.5,-3451
2022-09-19 06:48:22,4,3,3855.5,-3448
2022-09-19 06:48:23,76,65,3856.5,-3383
2022-09-19 06:48:28,3,-3,3856.0,-3386
2022-09-19 06:48:31,1,1,3856.25,-3385
2022-09-19 06:48:34,48,20,3856.25,-3365
2022-09-19 06:48:40,151,90,3857.0,-3275
2022-09-19 06:48:41,6,-4,3856.75,-3279
2022-09-19 06:48:42,1,-1,3856.5,-3280
2022-09-19 06:48:43,4,4,3856.75,-3276
2022-09-19 06:48:44,8,5,3856.75,-3271
2022-09-19 06:48:45,5,5,3857.0,-3266
2022-09-19 06:48:46,1,1,3857.0,-3265
2022-09-19 06:48:48,1,-1,3856.75,-3266
2022-09-19 06:48:50,41,-2,3856.75,-3268
2022-09-19 06:48:51,4,-3,3856.75,-3271
2022-09-19 06:48:52,5,2,3857.0,-3269
2022-09-19 06:48:54,48,22,3857.0,-3247
2022-09-19 06:48:56,2,0,3857.0,-3247
2022-09-19 06:48:58,2,0,3857.0,-3247
2022-09-19 06:49:00,1,-1,3856.75,-3248
2022-09-19 06:49:01,20,-7,3857.0,-3255
2022-09-19 06:49:02,4,0,3857.0,-3255
2022-09-19 06:49:03,1,1,3856.75,-3254
2022-09-19 06:49:05,1,-1,3856.75,-3255
2022-09-19 06:49:06,54,-11,3856.75,-3266
2022-09-19 06:49:07,8,4,3856.5,-3262
2022-09-19 06:49:09,2,0,3856.5,-3262
2022-09-19 06:49:11,9,7,3856.5,-3255
2022-09-19 06:49:16,1,-1,3856.5,-3256
2022-09-19 06:49:18,47,9,3856.75,-3247
2022-09-19 06:49:20,7,-4,3856.5,-3251
2022-09-19 06:49:21,6,6,3856.5,-3245
2022-09-19 06:49:22,2,2,3856.75,-3243
2022-09-19 06:49:23,3,3,3856.75,-3240
2022-09-19 06:49:24,5,-2,3856.75,-3242
2022-09-19 06:49:27,11,-10,3856.5,-3252
2022-09-19 06:49:29,1,-1,3856.5,-3253
2022-09-19 06:49:30,17,-11,3856.75,-3264
2022-09-19 06:49:31,5,3,3856.5,-3261
2022-09-19 06:49:32,1,-1,3856.5,-3262
2022-09-19 06:49:33,4,-2,3856.75,-3264
2022-09-19 06:49:35,157,78,3857.25,-3186
2022-09-19 06:49:36,7,-1,3857.25,-3187
2022-09-19 06:49:37,6,-1,3857.25,-3188
2022-09-19 06:49:38,1,-1,3857.0,-3189
2022-09-19 06:49:39,1,-1,3857.0,-3190
2022-09-19 06:49:40,2,0,3857.25,-3190
2022-09-19 06:49:41,1,-1,3857.0,-3191
2022-09-19 06:49:42,21,10,3857.25,-3181
2022-09-19 06:49:43,4,1,3857.25,-3180
2022-09-19 06:49:46,17,15,3857.5,-3165
2022-09-19 06:49:47,37,20,3857.5,-3145
2022-09-19 06:49:50,19,-7,3857.25,-3152
2022-09-19 06:49:52,25,18,3857.5,-3134
2022-09-19 06:49:53,1,1,3857.5,-3133
2022-09-19 06:49:56,1,1,3857.5,-3132
2022-09-19 06:49:57,1,-1,3857.25,-3133
2022-09-19 06:49:58,34,19,3857.5,-3114
2022-09-19 06:49:59,1,1,3857.5,-3113
2022-09-19 06:50:00,22,13,3857.5,-3100
2022-09-19 06:50:03,8,8,3857.5,-3092
2022-09-19 06:50:04,1,1,3857.5,-3091
2022-09-19 06:50:06,31,15,3857.5,-3076
2022-09-19 06:50:07,2,-2,3857.5,-3078
2022-09-19 06:50:08,1,-1,3857.5,-3079
2022-09-19 06:50:10,29,-7,3857.25,-3086
2022-09-19 06:50:11,1,-1,3857.25,-3087
2022-09-19 06:50:13,1,-1,3857.0,-3088
2022-09-19 06:50:17,2,-2,3857.0,-3090
2022-09-19 06:50:18,18,-10,3857.0,-3100
2022-09-19 06:50:19,7,1,3857.0,-3099
2022-09-19 06:50:20,53,-32,3856.75,-3131
2022-09-19 06:50:21,38,11,3856.75,-3120
2022-09-19 06:50:22,2,-2,3856.5,-3122
2022-09-19 06:50:23,1,-1,3856.5,-3123
2022-09-19 06:50:24,1,-1,3856.5,-3124
2022-09-19 06:50:25,13,1,3856.75,-3123
2022-09-19 06:50:26,3,-1,3857.0,-3124
2022-09-19 06:50:27,1,-1,3856.75,-3125
2022-09-19 06:50:29,2,0,3856.75,-3125
2022-09-19 06:50:30,12,-12,3856.5,-3137
2022-09-19 06:50:31,7,6,3856.5,-3131
2022-09-19 06:50:32,6,0,3856.5,-3131
2022-09-19 06:50:33,1,-1,3856.25,-3132
2022-09-19 06:50:34,10,9,3856.5,-3123
2022-09-19 06:50:39,4,1,3856.5,-3122
2022-09-19 06:50:44,14,10,3856.5,-3112
2022-09-19 06:50:45,1,1,3856.5,-3111
2022-09-19 06:50:46,2,-2,3856.25,-3113
2022-09-19 06:50:47,4,0,3856.5,-3113
2022-09-19 06:50:48,19,13,3856.75,-3100
2022-09-19 06:50:50,8,-8,3856.75,-3108
2022-09-19 06:50:53,1,-1,3856.75,-3109
2022-09-19 06:50:56,2,-2,3856.75,-3111
2022-09-19 06:50:58,5,3,3857.0,-3108
2022-09-19 06:51:00,109,23,3857.0,-3085
2022-09-19 06:51:01,27,-5,3857.25,-3090
2022-09-19 06:51:02,9,-4,3856.75,-3094
2022-09-19 06:51:03,2,2,3857.0,-3092
2022-09-19 06:51:05,2,2,3857.0,-3090
2022-09-19 06:51:06,59,63,3857.25,-3027
2022-09-19 06:51:09,18,-6,3857.25,-3033
2022-09-19 06:51:10,2,-1,3857.25,-3034
2022-09-19 06:51:14,2,2,3857.5,-3032
2022-09-19 06:51:15,18,-7,3857.25,-3039
2022-09-19 06:51:16,2,2,3857.5,-3037
2022-09-19 06:51:17,49,26,3857.5,-3011
2022-09-19 06:51:19,15,-6,3857.25,-3017
2022-09-19 06:51:24,14,-9,3857.0,-3026
2022-09-19 06:51:25,7,3,3857.0,-3023
2022-09-19 06:51:27,1,1,3857.0,-3022
2022-09-19 06:51:28,10,-9,3857.0,-3031
2022-09-19 06:51:29,2,-2,3857.0,-3033
2022-09-19 06:51:30,1,-1,3857.0,-3034
2022-09-19 06:51:31,25,-21,3856.75,-3055
2022-09-19 06:51:33,13,-13,3856.75,-3068
2022-09-19 06:51:40,8,-8,3856.75,-3076
2022-09-19 06:51:41,66,43,3857.0,-3033
2022-09-19 06:51:42,20,-7,3856.75,-3040
2022-09-19 06:51:45,1,1,3856.75,-3039
2022-09-19 06:51:47,2,-1,3856.75,-3040
2022-09-19 06:51:48,1,-1,3856.75,-3041
2022-09-19 06:51:53,1,-1,3856.75,-3042
2022-09-19 06:51:54,1,-1,3856.75,-3043
2022-09-19 06:51:57,18,12,3857.0,-3031
2022-09-19 06:51:58,3,3,3857.0,-3028
2022-09-19 06:52:00,9,1,3857.25,-3027
2022-09-19 06:52:01,20,15,3857.5,-3012
2022-09-19 06:52:02,28,-15,3857.25,-3027
2022-09-19 06:52:03,3,3,3857.0,-3024
2022-09-19 06:52:05,1,1,3857.25,-3023
2022-09-19 06:52:07,11,11,3857.25,-3012
2022-09-19 06:52:09,1,1,3857.25,-3011
2022-09-19 06:52:10,3,3,3857.25,-3008
2022-09-19 06:52:11,4,2,3857.25,-3006
2022-09-19 06:52:12,1,1,3857.5,-3005
2022-09-19 06:52:14,10,9,3857.5,-2996
2022-09-19 06:52:15,6,-5,3857.25,-3001
2022-09-19 06:52:18,1,1,3857.5,-3000
2022-09-19 06:52:23,21,-14,3857.25,-3014
2022-09-19 06:52:32,74,27,3857.5,-2987
2022-09-19 06:52:34,11,-11,3857.5,-2998
2022-09-19 06:52:38,1,-1,3857.5,-2999
2022-09-19 06:52:41,2,2,3857.75,-2997
2022-09-19 06:52:42,15,-10,3857.5,-3007
2022-09-19 06:52:43,27,-6,3857.5,-3013
2022-09-19 06:52:45,11,-2,3857.5,-3015
2022-09-19 06:52:48,1,-1,3857.0,-3016
2022-09-19 06:52:52,26,14,3857.5,-3002
2022-09-19 06:52:53,60,41,3857.75,-2961
2022-09-19 06:52:54,21,-3,3857.5,-2964
2022-09-19 06:52:55,7,-4,3857.5,-2968
2022-09-19 06:52:59,5,5,3857.75,-2963
2022-09-19 06:53:01,24,-13,3857.5,-2976
2022-09-19 06:53:03,10,-6,3857.25,-2982
2022-09-19 06:53:06,17,-2,3857.25,-2984
2022-09-19 06:53:08,1,-1,3857.0,-2985
2022-09-19 06:53:11,9,-6,3857.0,-2991
2022-09-19 06:53:12,6,2,3857.0,-2989
2022-09-19 06:53:14,3,1,3857.0,-2988
2022-09-19 06:53:15,8,6,3857.0,-2982
2022-09-19 06:53:16,1,-1,3856.75,-2983
2022-09-19 06:53:21,16,-13,3856.75,-2996
2022-09-19 06:53:26,28,-17,3856.5,-3013
2022-09-19 06:53:28,23,-2,3856.75,-3015
2022-09-19 06:53:29,5,-2,3856.75,-3017
2022-09-19 06:53:32,8,-8,3856.5,-3025
2022-09-19 06:53:35,10,2,3856.5,-3023
2022-09-19 06:53:38,5,-1,3856.5,-3024
2022-09-19 06:53:42,2,2,3856.5,-3022
2022-09-19 06:53:44,3,3,3856.5,-3019
2022-09-19 06:53:50,28,14,3856.75,-3005
2022-09-19 06:53:54,2,2,3856.5,-3003
2022-09-19 06:53:55,2,2,3856.5,-3001
2022-09-19 06:54:00,3,-1,3856.75,-3002
2022-09-19 06:54:01,3,-1,3856.5,-3003
2022-09-19 06:54:08,2,-2,3856.5,-3005
2022-09-19 06:54:09,12,-7,3856.5,-3012
2022-09-19 06:54:10,4,-4,3856.25,-3016
2022-09-19 06:54:11,5,5,3856.5,-3011
2022-09-19 06:54:17,20,-15,3856.25,-3026
2022-09-19 06:54:18,1,-1,3856.0,-3027
2022-09-19 06:54:19,2,2,3856.25,-3025
2022-09-19 06:54:20,19,8,3856.25,-3017
2022-09-19 06:54:21,10,-7,3856.25,-3024
2022-09-19 06:54:22,3,1,3856.25,-3023
2022-09-19 06:54:24,2,2,3856.25,-3021
2022-09-19 06:54:28,2,-2,3856.0,-3023
2022-09-19 06:54:29,2,2,3856.25,-3021
2022-09-19 06:54:30,103,-63,3856.0,-3084
2022-09-19 06:54:31,20,4,3856.0,-3080
2022-09-19 06:54:32,1,-1,3856.0,-3081
2022-09-19 06:54:38,2,-2,3856.0,-3083
2022-09-19 06:54:39,13,12,3856.25,-3071
2022-09-19 06:54:40,133,-83,3856.25,-3154
2022-09-19 06:54:43,25,-9,3856.0,-3163
2022-09-19 06:54:44,2,-2,3856.0,-3165
2022-09-19 06:54:50,17,-9,3855.75,-3174
2022-09-19 06:54:51,1,-1,3855.75,-3175
2022-09-19 06:54:52,7,-7,3855.75,-3182
2022-09-19 06:54:53,2,-2,3855.75,-3184
2022-09-19 06:54:54,1,1,3855.75,-3183
2022-09-19 06:54:55,1,1,3856.0,-3182
2022-09-19 06:54:56,3,-1,3856.0,-3183
2022-09-19 06:54:57,40,-26,3855.75,-3209
2022-09-19 06:54:58,1,1,3855.5,-3208
2022-09-19 06:55:00,2,-2,3855.25,-3210
2022-09-19 06:55:01,3,-1,3855.5,-3211
2022-09-19 06:55:02,2,-2,3855.25,-3213
2022-09-19 06:55:03,1,-1,3855.25,-3214
2022-09-19 06:55:05,28,20,3855.5,-3194
2022-09-19 06:55:06,13,-1,3855.5,-3195
2022-09-19 06:55:07,1,-1,3855.5,-3196
2022-09-19 06:55:10,2,2,3855.5,-3194
2022-09-19 06:55:20,2,-1,3855.25,-3195
2022-09-19 06:55:21,23,-15,3855.25,-3210
2022-09-19 06:55:22,61,82,3855.75,-3128
2022-09-19 06:55:25,7,-3,3855.5,-3131
2022-09-19 06:55:26,1,-1,3855.5,-3132
2022-09-19 06:55:27,5,-3,3855.5,-3135
2022-09-19 06:55:28,30,27,3855.75,-3108
2022-09-19 06:55:29,44,-18,3855.75,-3126
2022-09-19 06:55:30,3,0,3855.25,-3126
2022-09-19 06:55:31,1,1,3855.5,-3125
2022-09-19 06:55:32,7,2,3855.5,-3123
2022-09-19 06:55:35,15,-4,3855.25,-3127
2022-09-19 06:55:37,17,-4,3855.25,-3131
2022-09-19 06:55:38,2,-2,3855.0,-3133
2022-09-19 06:55:40,3,1,3855.25,-3132
2022-09-19 06:55:41,9,1,3855.5,-3131
2022-09-19 06:55:42,1,-1,3855.25,-3132
2022-09-19 06:55:43,2,1,3855.5,-3131
2022-09-19 06:55:44,1,-1,3855.5,-3132
2022-09-19 06:55:45,13,-5,3855.5,-3137
2022-09-19 06:55:46,45,19,3855.75,-3118
2022-09-19 06:55:47,3,-1,3856.0,-3119
2022-09-19 06:55:48,1,-1,3855.75,-3120
2022-09-19 06:55:49,54,24,3856.25,-3096
2022-09-19 06:55:50,3,3,3856.25,-3093
2022-09-19 06:55:52,2,-2,3856.25,-3095
2022-09-19 06:55:55,28,13,3856.5,-3082
2022-09-19 06:55:57,17,-6,3856.5,-3088
2022-09-19 06:55:58,1,1,3856.5,-3087
2022-09-19 06:56:00,2,2,3856.5,-3085
2022-09-19 06:56:02,7,6,3856.5,-3079
2022-09-19 06:56:15,2,2,3856.75,-3077
2022-09-19 06:56:16,17,8,3856.75,-3069
2022-09-19 06:56:19,6,0,3857.0,-3069
2022-09-19 06:56:20,3,2,3857.0,-3067
2022-09-19 06:56:22,15,12,3857.25,-3055
2022-09-19 06:56:24,19,11,3857.25,-3044
2022-09-19 06:56:25,2,2,3857.25,-3042
2022-09-19 06:56:26,15,5,3857.75,-3037
2022-09-19 06:56:27,17,-5,3857.25,-3042
2022-09-19 06:56:28,14,-11,3857.0,-3053
2022-09-19 06:56:29,6,2,3857.0,-3051
2022-09-19 06:56:31,1,1,3857.0,-3050
2022-09-19 06:56:34,5,5,3857.25,-3045
2022-09-19 06:56:38,2,2,3857.25,-3043
2022-09-19 06:56:39,5,4,3857.25,-3039
2022-09-19 06:56:46,2,2,3857.25,-3037
2022-09-19 06:56:52,10,9,3857.25,-3028
2022-09-19 06:56:53,3,-3,3857.25,-3031
2022-09-19 06:56:54,4,2,3857.25,-3029
2022-09-19 06:56:55,12,0,3857.5,-3029
2022-09-19 06:56:56,6,-2,3857.25,-3031
2022-09-19 06:56:57,19,-17,3857.0,-3048
2022-09-19 06:57:00,4,4,3857.0,-3044
2022-09-19 06:57:01,3,-1,3857.0,-3045
2022-09-19 06:57:03,10,-8,3856.75,-3053
2022-09-19 06:57:04,25,6,3857.0,-3047
2022-09-19 06:57:05,1,-1,3857.0,-3048
2022-09-19 06:57:06,6,-1,3857.0,-3049
2022-09-19 06:57:07,46,-9,3857.25,-3058
2022-09-19 06:57:09,12,6,3857.5,-3052
2022-09-19 06:57:10,1,1,3857.5,-3051
2022-09-19 06:57:11,1,-1,3857.25,-3052
2022-09-19 06:57:14,8,-3,3857.25,-3055
2022-09-19 06:57:15,59,-15,3857.25,-3070
2022-09-19 06:57:19,1,1,3857.25,-3069
2022-09-19 06:57:23,1,1,3857.25,-3068
2022-09-19 06:57:25,55,-20,3857.0,-3088
2022-09-19 06:57:26,20,-9,3857.0,-3097
2022-09-19 06:57:29,5,1,3857.25,-3096
2022-09-19 06:57:30,24,12,3857.5,-3084
2022-09-19 06:57:31,15,3,3857.5,-3081
2022-09-19 06:57:32,2,2,3857.5,-3079
2022-09-19 06:57:35,89,-53,3857.25,-3132
2022-09-19 06:57:36,1,-1,3857.0,-3133
2022-09-19 06:57:37,3,3,3857.25,-3130
2022-09-19 06:57:38,1,-1,3857.0,-3131
2022-09-19 06:57:41,1,-1,3857.0,-3132
2022-09-19 06:57:42,98,-37,3857.0,-3169
2022-09-19 06:57:45,1,1,3856.75,-3168
2022-09-19 06:57:51,6,-5,3856.5,-3173
2022-09-19 06:57:53,10,2,3856.75,-3171
2022-09-19 06:57:54,5,0,3856.75,-3171
2022-09-19 06:57:56,1,-1,3856.75,-3172
2022-09-19 06:57:58,39,-11,3857.0,-3183
2022-09-19 06:58:00,12,7,3856.75,-3176
2022-09-19 06:58:06,1,1,3856.75,-3175
2022-09-19 06:58:08,5,-6,3856.5,-3181
2022-09-19 06:58:09,1,1,3856.5,-3180
2022-09-19 06:58:14,1,-1,3856.25,-3181
2022-09-19 06:58:18,17,6,3856.5,-3175
2022-09-19 06:58:21,2,2,3856.5,-3173
2022-09-19 06:58:22,14,-6,3856.25,-3179
2022-09-19 06:58:23,4,-4,3856.25,-3183
2022-09-19 06:58:24,4,-3,3856.0,-3186
2022-09-19 06:58:26,1,-1,3856.0,-3187
2022-09-19 06:58:28,21,-12,3856.0,-3199
2022-09-19 06:58:29,7,0,3856.0,-3199
2022-09-19 06:58:30,6,-2,3856.0,-3201
2022-09-19 06:58:34,9,4,3856.25,-3197
2022-09-19 06:58:35,4,0,3856.25,-3197
2022-09-19 06:58:36,7,5,3856.5,-3192
2022-09-19 06:58:42,4,0,3856.5,-3192
2022-09-19 06:58:51,20,12,3856.5,-3180
2022-09-19 06:58:55,1,-1,3856.5,-3181
2022-09-19 06:59:00,42,22,3857.25,-3159
2022-09-19 06:59:03,1,-1,3857.0,-3160
2022-09-19 06:59:04,22,-29,3857.0,-3189
2022-09-19 06:59:05,6,6,3857.0,-3183
2022-09-19 06:59:06,3,3,3857.25,-3180
2022-09-19 06:59:14,1,-1,3857.25,-3181
2022-09-19 06:59:16,5,5,3857.5,-3176
2022-09-19 06:59:19,46,3,3857.5,-3173
2022-09-19 06:59:20,1,1,3857.5,-3172
2022-09-19 06:59:21,2,0,3857.5,-3172
2022-09-19 06:59:25,1,1,3857.5,-3171
2022-09-19 06:59:27,6,-6,3857.25,-3177
2022-09-19 06:59:28,2,-2,3857.0,-3179
2022-09-19 06:59:30,3,3,3857.25,-3176
2022-09-19 06:59:33,1,-1,3857.0,-3177
2022-09-19 06:59:39,7,-1,3857.25,-3178
2022-09-19 06:59:40,17,7,3857.0,-3171
2022-09-19 06:59:41,1,-1,3857.0,-3172
2022-09-19 06:59:48,4,-3,3857.0,-3175
2022-09-19 06:59:49,49,9,3857.25,-3166
2022-09-19 06:59:51,10,9,3857.5,-3157
2022-09-19 06:59:52,1,1,3857.5,-3156
2022-09-19 06:59:54,4,-3,3857.25,-3159
2022-09-19 06:59:56,4,-4,3857.25,-3163
2022-09-19 06:59:58,2,2,3857.5,-3161
2022-09-19 06:59:59,1,1,3857.5,-3160
2022-09-19 07:00:00,28,5,3857.75,-3155
2022-09-19 07:00:02,157,148,3858.75,-3007
2022-09-19 07:00:03,19,-5,3858.75,-3012
2022-09-19 07:00:04,23,6,3858.5,-3006
2022-09-19 07:00:05,2,2,3858.25,-3004
2022-09-19 07:00:06,6,-6,3858.0,-3010
2022-09-19 07:00:07,7,5,3858.25,-3005
2022-09-19 07:00:09,6,6,3858.25,-2999
2022-09-19 07:00:10,21,10,3858.5,-2989
2022-09-19 07:00:11,3,0,3858.5,-2989
2022-09-19 07:00:13,17,8,3858.75,-2981
2022-09-19 07:00:14,122,95,3859.5,-2886
2022-09-19 07:00:15,26,13,3859.5,-2873
2022-09-19 07:00:16,45,-11,3859.25,-2884
2022-09-19 07:00:17,4,2,3859.25,-2882
2022-09-19 07:00:18,2,0,3859.25,-2882
2022-09-19 07:00:19,4,4,3859.0,-2878
2022-09-19 07:00:20,3,-3,3859.0,-2881
2022-09-19 07:00:21,17,10,3859.25,-2871
2022-09-19 07:00:22,6,2,3859.25,-2869
2022-09-19 07:00:23,6,6,3859.25,-2863
2022-09-19 07:00:24,1,1,3859.25,-2862
2022-09-19 07:00:25,16,-8,3859.0,-2870
2022-09-19 07:00:26,2,0,3859.0,-2870
2022-09-19 07:00:27,22,-9,3859.0,-2879
2022-09-19 07:00:29,4,-3,3858.75,-2882
2022-09-19 07:00:31,17,15,3859.0,-2867
2022-09-19 07:00:32,14,4,3859.25,-2863
2022-09-19 07:00:33,1,-1,3859.0,-2864
2022-09-19 07:00:34,5,-5,3859.0,-2869
2022-09-19 07:00:35,23,6,3859.5,-2863
2022-09-19 07:00:36,21,-13,3859.25,-2876
2022-09-19 07:00:37,10,-9,3859.0,-2885
2022-09-19 07:00:38,11,8,3859.0,-2877
2022-09-19 07:00:39,2,-2,3859.0,-2879
2022-09-19 07:00:40,22,19,3859.25,-2860
2022-09-19 07:00:42,2,2,3859.25,-2858
2022-09-19 07:00:43,12,-2,3859.25,-2860
2022-09-19 07:00:44,5,-2,3859.25,-2862
2022-09-19 07:00:45,1,-1,3859.0,-2863
2022-09-19 07:00:46,6,-6,3859.0,-2869
2022-09-19 07:00:47,3,-1,3859.0,-2870
2022-09-19 07:00:48,2,-2,3859.0,-2872
2022-09-19 07:00:49,48,-61,3859.0,-2933
2022-09-19 07:00:52,2,-2,3858.5,-2935
2022-09-19 07:00:53,1,1,3858.75,-2934
2022-09-19 07:00:54,2,2,3858.75,-2932
2022-09-19 07:00:57,9,7,3858.75,-2925
2022-09-19 07:00:58,26,34,3859.25,-2891
2022-09-19 07:00:59,10,1,3859.5,-2890
2022-09-19 07:01:00,1,1,3859.25,-2889
2022-09-19 07:01:02,24,-12,3859.0,-2901
2022-09-19 07:01:03,2,1,3859.0,-2900
2022-09-19 07:01:05,9,1,3859.0,-2899
2022-09-19 07:01:13,40,3,3859.0,-2896
2022-09-19 07:01:14,2,-2,3858.75,-2898
2022-09-19 07:01:15,6,-3,3859.0,-2901
2022-09-19 07:01:16,6,2,3859.0,-2899
2022-09-19 07:01:17,3,1,3859.25,-2898
2022-09-19 07:01:18,4,-3,3859.0,-2901
2022-09-19 07:01:20,2,2,3859.0,-2899
2022-09-19 07:01:22,14,8,3859.0,-2891
2022-09-19 07:01:23,3,3,3859.0,-2888
2022-09-19 07:01:25,15,12,3859.5,-2876
2022-09-19 07:01:26,1,-1,3859.5,-2877
2022-09-19 07:01:27,49,15,3859.75,-2862
2022-09-19 07:01:28,12,-9,3859.75,-2871
2022-09-19 07:01:29,7,-6,3859.5,-2877
2022-09-19 07:01:30,1,-1,3859.25,-2878
2022-09-19 07:01:31,3,3,3859.25,-2875
2022-09-19 07:01:32,10,-2,3859.5,-2877
2022-09-19 07:01:34,8,8,3859.25,-2869
2022-09-19 07:01:36,15,-13,3859.25,-2882
2022-09-19 07:01:41,2,-2,3859.25,-2884
2022-09-19 07:01:43,1,1,3859.5,-2883
2022-09-19 07:01:45,1,-1,3859.25,-2884
2022-09-19 07:01:49,1,-1,3859.25,-2885
2022-09-19 07:01:52,18,2,3859.25,-2883
2022-09-19 07:01:53,1,-1,3859.25,-2884
2022-09-19 07:01:54,2,2,3859.5,-2882
2022-09-19 07:01:56,2,2,3859.5,-2880
2022-09-19 07:01:57,3,-3,3859.25,-2883
2022-09-19 07:01:58,1,1,3859.5,-2882
2022-09-19 07:02:00,15,-6,3859.25,-2888
2022-09-19 07:02:01,9,4,3859.5,-2884
2022-09-19 07:02:02,4,-4,3859.25,-2888
2022-09-19 07:02:04,2,2,3859.25,-2886
2022-09-19 07:02:06,13,1,3859.5,-2885
2022-09-19 07:02:07,4,0,3859.25,-2885
2022-09-19 07:02:08,10,-9,3859.0,-2894
2022-09-19 07:02:09,7,-7,3859.0,-2901
2022-09-19 07:02:10,9,5,3859.0,-2896
2022-09-19 07:02:11,4,-4,3858.75,-2900
2022-09-19 07:02:12,3,3,3859.0,-2897
2022-09-19 07:02:13,3,3,3859.25,-2894
2022-09-19 07:02:16,6,5,3859.5,-2889
2022-09-19 07:02:18,2,2,3859.5,-2887
2022-09-19 07:02:19,8,8,3859.5,-2879
2022-09-19 07:02:22,6,3,3859.5,-2876
2022-09-19 07:02:23,2,2,3859.75,-2874
2022-09-19 07:02:24,102,24,3860.0,-2850
2022-09-19 07:02:26,18,-1,3860.25,-2851
2022-09-19 07:02:29,5,5,3860.0,-2846
2022-09-19 07:02:30,12,-7,3859.75,-2853
2022-09-19 07:02:31,8,1,3859.75,-2852
2022-09-19 07:02:32,1,1,3859.75,-2851
2022-09-19 07:02:33,8,5,3859.75,-2846
2022-09-19 07:02:35,7,7,3859.75,-2839
2022-09-19 07:02:36,15,-12,3859.75,-2851
2022-09-19 07:02:40,17,-6,3859.75,-2857
2022-09-19 07:02:41,1,1,3860.0,-2856
2022-09-19 07:02:42,1,-1,3859.5,-2857
2022-09-19 07:02:43,3,1,3859.75,-2856
2022-09-19 07:02:46,33,22,3860.25,-2834
2022-09-19 07:02:47,139,-68,3859.75,-2902
2022-09-19 07:02:51,2,2,3859.75,-2900
2022-09-19 07:02:52,13,-11,3859.5,-2911
2022-09-19 07:02:54,2,-2,3859.25,-2913
2022-09-19 07:02:56,8,-6,3859.25,-2919
2022-09-19 07:02:57,16,-15,3859.25,-2934
2022-09-19 07:02:58,3,3,3859.0,-2931
2022-09-19 07:03:02,35,3,3858.75,-2928
2022-09-19 07:03:03,1,1,3859.0,-2927
2022-09-19 07:03:04,13,-12,3858.75,-2939
2022-09-19 07:03:05,26,-6,3858.75,-2945
2022-09-19 07:03:07,13,-10,3858.75,-2955
2022-09-19 07:03:08,9,6,3858.75,-2949
2022-09-19 07:03:09,10,-7,3858.75,-2956
2022-09-19 07:03:10,4,3,3858.75,-2953
2022-09-19 07:03:11,1,1,3859.0,-2952
2022-09-19 07:03:12,4,-4,3858.75,-2956
2022-09-19 07:03:14,1,1,3858.75,-2955
2022-09-19 07:03:17,2,2,3858.75,-2953
2022-09-19 07:03:20,2,2,3858.75,-2951
2022-09-19 07:03:21,31,-4,3858.5,-2955
2022-09-19 07:03:22,11,-1,3858.5,-2956
2022-09-19 07:03:23,5,4,3858.5,-2952
2022-09-19 07:03:24,1,1,3858.5,-2951
2022-09-19 07:03:26,1,1,3858.75,-2950
2022-09-19 07:03:27,3,-3,3858.5,-2953
2022-09-19 07:03:30,3,-3,3858.5,-2956
2022-09-19 07:03:32,2,-2,3858.5,-2958
2022-09-19 07:03:33,15,6,3858.75,-2952
2022-09-19 07:03:34,19,-10,3858.75,-2962
2022-09-19 07:03:35,11,0,3858.75,-2962
2022-09-19 07:03:38,1,1,3858.75,-2961
2022-09-19 07:03:39,2,2,3858.75,-2959
2022-09-19 07:03:48,8,-7,3858.75,-2966
2022-09-19 07:03:49,41,-6,3858.5,-2972
2022-09-19 07:03:52,79,12,3859.0,-2960
2022-09-19 07:03:54,12,3,3859.0,-2957
2022-09-19 07:04:01,2,1,3859.0,-2956
2022-09-19 07:04:02,31,-1,3858.75,-2957
2022-09-19 07:04:03,4,2,3858.75,-2955
2022-09-19 07:04:06,4,0,3858.75,-2955
2022-09-19 07:04:07,4,-2,3858.75,-2957
2022-09-19 07:04:09,1,1,3858.75,-2956
2022-09-19 07:04:12,2,-2,3858.5,-2958
2022-09-19 07:04:13,1,-1,3858.5,-2959
2022-09-19 07:04:14,4,-4,3858.5,-2963
2022-09-19 07:04:16,1,1,3858.75,-2962
2022-09-19 07:04:18,15,17,3859.0,-2945
2022-09-19 07:04:19,4,-4,3858.75,-2949
2022-09-19 07:04:22,1,1,3858.75,-2948
2022-09-19 07:04:23,4,-4,3858.75,-2952
2022-09-19 07:04:24,1,1,3858.75,-2951
2022-09-19 07:04:25,1,1,3858.75,-2950
2022-09-19 07:04:28,2,0,3858.5,-2950
2022-09-19 07:04:29,2,2,3858.5,-2948
2022-09-19 07:04:30,5,0,3858.5,-2948
2022-09-19 07:04:31,1,1,3858.5,-2947
2022-09-19 07:04:32,5,-4,3858.25,-2951
2022-09-19 07:04:36,10,8,3858.5,-2943
2022-09-19 07:04:38,3,1,3858.5,-2942
2022-09-19 07:04:39,2,2,3858.5,-2940
2022-09-19 07:04:40,2,1,3858.5,-2939
2022-09-19 07:04:41,6,-5,3858.5,-2944
2022-09-19 07:04:42,1,-1,3858.5,-2945
2022-09-19 07:04:43,1,-1,3858.5,-2946
2022-09-19 07:04:45,1,-1,3858.5,-2947
2022-09-19 07:04:49,2,-2,3858.5,-2949
2022-09-19 07:04:52,1,-1,3858.5,-2950
2022-09-19 07:04:58,8,-3,3858.5,-2953
2022-09-19 07:04:59,2,2,3858.75,-2951
2022-09-19 07:05:00,13,11,3858.75,-2940
2022-09-19 07:05:04,1,1,3858.75,-2939
2022-09-19 07:05:07,15,-14,3858.5,-2953
2022-09-19 07:05:13,1,-1,3858.25,-2954
2022-09-19 07:05:18,18,14,3858.5,-2940
2022-09-19 07:05:30,1,-1,3858.25,-2941
2022-09-19 07:05:31,3,-2,3858.25,-2943
2022-09-19 07:05:36,1,1,3858.5,-2942
2022-09-19 07:05:37,17,16,3858.5,-2926
2022-09-19 07:05:40,29,-12,3858.5,-2938
2022-09-19 07:05:43,1,-1,3858.5,-2939
2022-09-19 07:05:44,1,1,3858.75,-2938
2022-09-19 07:05:49,5,4,3858.75,-2934
2022-09-19 07:05:52,11,6,3858.75,-2928
2022-09-19 07:05:53,4,-4,3858.75,-2932
2022-09-19 07:05:56,66,85,3859.5,-2847
2022-09-19 07:06:00,77,-3,3859.5,-2850
2022-09-19 07:06:01,10,-9,3859.5,-2859
2022-09-19 07:06:02,9,-9,3859.25,-2868
2022-09-19 07:06:04,9,7,3859.5,-2861
2022-09-19 07:06:06,14,6,3859.5,-2855
2022-09-19 07:06:09,4,4,3859.5,-2851
2022-09-19 07:06:10,3,-3,3859.5,-2854
2022-09-19 07:06:23,1,-1,3859.25,-2855
2022-09-19 07:06:25,17,9,3859.5,-2846
2022-09-19 07:06:26,1,-1,3859.25,-2847
2022-09-19 07:06:27,2,-2,3859.25,-2849
2022-09-19 07:06:35,1,-1,3859.5,-2850
2022-09-19 07:06:36,1,1,3859.75,-2849
2022-09-19 07:06:37,1,1,3859.75,-2848
2022-09-19 07:06:43,16,10,3859.75,-2838
2022-09-19 07:06:44,19,15,3860.0,-2823
2022-09-19 07:06:45,1,-1,3860.0,-2824
2022-09-19 07:06:46,2,2,3860.25,-2822
2022-09-19 07:06:48,1,1,3860.25,-2821
2022-09-19 07:06:50,2,2,3860.25,-2819
2022-09-19 07:06:55,22,0,3860.25,-2819
2022-09-19 07:06:56,14,13,3860.5,-2806
2022-09-19 07:06:57,16,9,3860.5,-2797
2022-09-19 07:06:58,51,59,3861.25,-2738
2022-09-19 07:06:59,7,2,3860.75,-2736
2022-09-19 07:07:00,13,11,3860.75,-2725
2022-09-19 07:07:01,18,10,3861.0,-2715
2022-09-19 07:07:03,144,-5,3861.0,-2720
2022-09-19 07:07:04,53,27,3861.5,-2693
2022-09-19 07:07:05,107,9,3861.5,-2684
2022-09-19 07:07:06,1,-1,3861.5,-2685
2022-09-19 07:07:07,16,-8,3861.5,-2693
2022-09-19 07:07:08,5,5,3861.5,-2688
2022-09-19 07:07:09,1,1,3861.5,-2687
2022-09-19 07:07:10,1,1,3861.5,-2686
2022-09-19 07:07:12,9,1,3861.5,-2685
2022-09-19 07:07:13,2,-2,3861.25,-2687
2022-09-19 07:07:14,17,-9,3861.5,-2696
2022-09-19 07:07:15,248,223,3863.0,-2473
2022-09-19 07:07:16,32,8,3862.0,-2465
2022-09-19 07:07:17,7,5,3862.0,-2460
2022-09-19 07:07:18,3,-1,3862.0,-2461
2022-09-19 07:07:19,37,21,3862.25,-2440
2022-09-19 07:07:20,11,-9,3862.0,-2449
2022-09-19 07:07:21,50,6,3862.25,-2443
2022-09-19 07:07:22,49,-16,3862.25,-2459
2022-09-19 07:07:24,1,1,3862.25,-2458
2022-09-19 07:07:25,153,-39,3862.0,-2497
2022-09-19 07:07:26,1,-1,3861.25,-2498
2022-09-19 07:07:27,10,-2,3861.5,-2500
2022-09-19 07:07:28,23,-14,3861.25,-2514
2022-09-19 07:07:29,10,-3,3861.25,-2517
2022-09-19 07:07:30,43,-17,3861.0,-2534
2022-09-19 07:07:31,2,-2,3860.75,-2536
2022-09-19 07:07:33,2,-2,3860.75,-2538
2022-09-19 07:07:34,40,-13,3860.75,-2551
2022-09-19 07:07:35,6,-6,3860.5,-2557
2022-09-19 07:07:40,1,1,3860.5,-2556
2022-09-19 07:07:42,60,79,3861.0,-2477
2022-09-19 07:07:43,6,0,3860.5,-2477
2022-09-19 07:07:44,1,-1,3860.5,-2478
2022-09-19 07:07:45,10,7,3860.75,-2471
2022-09-19 07:07:46,30,9,3861.0,-2462
2022-09-19 07:07:47,37,-12,3861.0,-2474
2022-09-19 07:07:48,2,0,3861.25,-2474
2022-09-19 07:07:49,2,2,3861.25,-2472
2022-09-19 07:07:50,4,-4,3861.0,-2476
2022-09-19 07:07:52,12,-5,3860.75,-2481
2022-09-19 07:07:54,1,1,3861.0,-2480
2022-09-19 07:07:57,2,-2,3860.75,-2482
2022-09-19 07:07:58,7,-3,3860.5,-2485
2022-09-19 07:07:59,2,-2,3860.25,-2487
2022-09-19 07:08:03,33,7,3860.5,-2480
2022-09-19 07:08:05,1,1,3860.5,-2479
2022-09-19 07:08:07,19,-8,3860.25,-2487
2022-09-19 07:08:09,2,2,3860.25,-2485
2022-09-19 07:08:12,69,45,3861.0,-2440
2022-09-19 07:08:13,26,26,3861.25,-2414
2022-09-19 07:08:16,1,-1,3861.25,-2415
2022-09-19 07:08:17,2,-2,3861.25,-2417
2022-09-19 07:08:18,12,0,3861.0,-2417
2022-09-19 07:08:19,3,-3,3861.0,-2420
2022-09-19 07:08:20,1,1,3861.0,-2419
2022-09-19 07:08:23,11,8,3861.0,-2411
2022-09-19 07:08:24,13,5,3861.0,-2406
2022-09-19 07:08:25,25,8,3861.25,-2398
2022-09-19 07:08:26,12,3,3861.5,-2395
2022-09-19 07:08:27,3,-3,3861.5,-2398
2022-09-19 07:08:28,61,-53,3861.5,-2451
2022-09-19 07:08:29,18,0,3861.25,-2451
2022-09-19 07:08:30,38,-30,3861.25,-2481
2022-09-19 07:08:32,9,-5,3860.75,-2486
2022-09-19 07:08:33,1,-1,3860.5,-2487
2022-09-19 07:08:34,10,-10,3860.5,-2497
2022-09-19 07:08:37,5,-5,3860.5,-2502
2022-09-19 07:08:39,14,7,3860.75,-2495
2022-09-19 07:08:43,5,-3,3860.5,-2498
2022-09-19 07:08:44,11,-4,3860.25,-2502
2022-09-19 07:08:45,36,-28,3860.25,-2530
2022-09-19 07:08:46,8,7,3860.0,-2523
2022-09-19 07:08:47,6,-6,3860.0,-2529
2022-09-19 07:08:48,17,14,3860.0,-2515
2022-09-19 07:08:49,8,-1,3860.0,-2516
2022-09-19 07:08:50,44,11,3860.0,-2505
2022-09-19 07:08:51,5,-1,3860.0,-2506
2022-09-19 07:08:52,8,-8,3860.0,-2514
2022-09-19 07:08:53,5,4,3860.0,-2510
2022-09-19 07:08:54,68,2,3859.75,-2508
2022-09-19 07:08:56,43,-22,3859.5,-2530
2022-09-19 07:08:57,5,-4,3859.5,-2534
2022-09-19 07:08:58,30,7,3860.0,-2527
2022-09-19 07:09:00,6,6,3859.75,-2521
2022-09-19 07:09:01,4,4,3860.0,-2517
2022-09-19 07:09:03,31,-26,3859.75,-2543
2022-09-19 07:09:04,18,2,3859.75,-2541
2022-09-19 07:09:06,41,-24,3859.75,-2565
2022-09-19 07:09:08,5,-2,3859.5,-2567
2022-09-19 07:09:09,17,-1,3859.5,-2568
2022-09-19 07:09:10,21,15,3859.5,-2553
2022-09-19 07:09:11,34,-18,3859.25,-2571
2022-09-19 07:09:12,5,-4,3859.25,-2575
2022-09-19 07:09:13,4,-4,3859.25,-2579
2022-09-19 07:09:15,1,1,3859.5,-2578
2022-09-19 07:09:16,42,5,3859.75,-2573
2022-09-19 07:09:17,2,-2,3859.5,-2575
2022-09-19 07:09:19,1,-1,3859.25,-2576
2022-09-19 07:09:20,3,-1,3859.5,-2577
2022-09-19 07:09:21,3,3,3859.5,-2574
2022-09-19 07:09:26,1,-1,3859.25,-2575
2022-09-19 07:09:27,17,12,3859.75,-2563
2022-09-19 07:09:28,2,-2,3859.75,-2565
2022-09-19 07:09:29,1,-1,3859.75,-2566
2022-09-19 07:09:30,1,-1,3859.75,-2567
2022-09-19 07:09:33,1,-1,3859.75,-2568
2022-09-19 07:09:35,5,-1,3859.75,-2569
2022-09-19 07:09:37,46,21,3860.0,-2548
2022-09-19 07:09:38,9,-1,3860.0,-2549
2022-09-19 07:09:40,3,-3,3860.0,-2552
2022-09-19 07:09:41,5,3,3860.0,-2549
2022-09-19 07:09:42,1,-1,3859.75,-2550
2022-09-19 07:09:46,16,-11,3859.75,-2561
2022-09-19 07:09:52,11,7,3860.0,-2554
2022-09-19 07:09:53,2,-2,3860.0,-2556
2022-09-19 07:09:55,19,8,3860.25,-2548
2022-09-19 07:09:56,6,-6,3860.0,-2554
2022-09-19 07:09:57,29,12,3860.25,-2542
2022-09-19 07:09:58,11,10,3860.5,-2532
2022-09-19 07:09:59,32,-11,3860.5,-2543
2022-09-19 07:10:00,40,3,3860.25,-2540
2022-09-19 07:10:01,16,0,3860.25,-2540
2022-09-19 07:10:03,1,1,3860.25,-2539
2022-09-19 07:10:05,2,2,3860.25,-2537
2022-09-19 07:10:07,1,1,3860.25,-2536
2022-09-19 07:10:11,26,33,3860.5,-2503
2022-09-19 07:10:12,5,4,3860.5,-2499
2022-09-19 07:10:13,22,-18,3860.25,-2517
2022-09-19 07:10:16,2,-2,3860.0,-2519
2022-09-19 07:10:17,2,-2,3859.75,-2521
2022-09-19 07:10:18,5,-4,3859.75,-2525
2022-09-19 07:10:20,8,4,3859.75,-2521
2022-09-19 07:10:23,6,0,3859.75,-2521
2022-09-19 07:10:26,27,-10,3859.5,-2531
2022-09-19 07:10:27,21,-16,3859.25,-2547
2022-09-19 07:10:28,6,-3,3859.25,-2550
2022-09-19 07:10:29,3,-3,3859.0,-2553
2022-09-19 07:10:31,27,-12,3859.0,-2565
2022-09-19 07:10:34,1,1,3859.0,-2564
2022-09-19 07:10:35,28,4,3859.0,-2560
2022-09-19 07:10:37,16,12,3859.0,-2548
2022-09-19 07:10:41,16,-12,3858.75,-2560
2022-09-19 07:10:42,6,-2,3858.75,-2562
2022-09-19 07:10:44,12,3,3858.75,-2559
2022-09-19 07:10:45,13,4,3858.75,-2555
2022-09-19 07:10:46,7,-1,3858.75,-2556
2022-09-19 07:10:48,5,3,3859.0,-2553
2022-09-19 07:10:51,1,-1,3858.75,-2554
2022-09-19 07:10:53,1,-1,3858.75,-2555
2022-09-19 07:10:54,1,-1,3858.75,-2556
2022-09-19 07:10:55,16,8,3859.0,-2548
2022-09-19 07:10:56,2,-2,3859.0,-2550
2022-09-19 07:10:57,2,0,3859.0,-2550
2022-09-19 07:11:00,13,-11,3858.75,-2561
2022-09-19 07:11:01,7,7,3859.0,-2554
2022-09-19 07:11:02,1,-1,3858.75,-2555
2022-09-19 07:11:04,1,-1,3859.0,-2556
2022-09-19 07:11:07,1,-1,3858.75,-2557
2022-09-19 07:11:09,1,1,3858.75,-2556
2022-09-19 07:11:10,1,-1,3858.75,-2557
2022-09-19 07:11:12,3,1,3858.75,-2556
2022-09-19 07:11:13,3,-3,3858.5,-2559
2022-09-19 07:11:15,6,6,3858.75,-2553
2022-09-19 07:11:16,6,-3,3858.75,-2556
2022-09-19 07:11:17,3,1,3858.75,-2555
2022-09-19 07:11:18,4,-3,3858.5,-2558
2022-09-19 07:11:19,6,5,3859.0,-2553
2022-09-19 07:11:20,45,-4,3859.0,-2557
2022-09-19 07:11:25,17,13,3859.0,-2544
2022-09-19 07:11:26,3,-3,3859.0,-2547
2022-09-19 07:11:27,20,0,3859.25,-2547
2022-09-19 07:11:28,3,2,3859.5,-2545
2022-09-19 07:11:31,16,3,3859.5,-2542
2022-09-19 07:11:36,1,-1,3859.25,-2543
2022-09-19 07:11:39,13,-10,3859.25,-2553
2022-09-19 07:11:40,34,-10,3859.25,-2563
2022-09-19 07:11:43,10,-1,3859.0,-2564
2022-09-19 07:11:44,7,5,3859.0,-2559
2022-09-19 07:11:46,4,4,3859.25,-2555
2022-09-19 07:11:49,1,-1,3859.0,-2556
2022-09-19 07:11:53,1,-1,3859.0,-2557
2022-09-19 07:11:54,22,-11,3859.0,-2568
2022-09-19 07:11:55,58,65,3859.25,-2503
2022-09-19 07:11:56,4,-3,3859.25,-2506
2022-09-19 07:11:59,3,1,3859.25,-2505
2022-09-19 07:12:01,1,1,3859.5,-2504
2022-09-19 07:12:07,93,16,3859.75,-2488
2022-09-19 07:12:12,4,2,3860.0,-2486
2022-09-19 07:12:13,23,20,3860.0,-2466
2022-09-19 07:12:15,30,9,3860.25,-2457
2022-09-19 07:12:18,5,4,3860.25,-2453
2022-09-19 07:12:23,36,19,3860.75,-2434
2022-09-19 07:12:25,1,-1,3860.5,-2435
2022-09-19 07:12:29,2,2,3860.75,-2433
2022-09-19 07:12:30,13,-6,3860.5,-2439
2022-09-19 07:12:31,1,-1,3860.25,-2440
2022-09-19 07:12:32,1,1,3860.5,-2439
2022-09-19 07:12:33,1,1,3860.5,-2438
2022-09-19 07:12:35,1,1,3860.5,-2437
2022-09-19 07:12:36,15,-4,3860.25,-2441
2022-09-19 07:12:37,4,5,3860.5,-2436
2022-09-19 07:12:38,2,0,3860.5,-2436
2022-09-19 07:12:42,3,1,3860.5,-2435
2022-09-19 07:12:43,4,-2,3860.5,-2437
2022-09-19 07:12:45,2,2,3860.5,-2435
2022-09-19 07:12:48,9,1,3860.5,-2434
2022-09-19 07:12:51,1,-1,3860.25,-2435
2022-09-19 07:12:52,12,-7,3860.5,-2442
2022-09-19 07:12:54,1,-1,3860.0,-2443
2022-09-19 07:13:00,19,10,3860.5,-2433
2022-09-19 07:13:01,6,-3,3860.5,-2436
2022-09-19 07:13:05,22,17,3860.75,-2419
2022-09-19 07:13:09,20,17,3861.0,-2402
2022-09-19 07:13:10,5,4,3861.0,-2398
2022-09-19 07:13:11,3,3,3861.0,-2395
2022-09-19 07:13:14,5,-5,3860.75,-2400
2022-09-19 07:13:15,8,8,3860.75,-2392
2022-09-19 07:13:16,8,0,3860.75,-2392
2022-09-19 07:13:18,2,2,3860.75,-2390
2022-09-19 07:13:19,1,1,3860.75,-2389
2022-09-19 07:13:20,1,1,3860.75,-2388
2022-09-19 07:13:21,2,-2,3860.75,-2390
2022-09-19 07:13:23,5,-2,3860.5,-2392
2022-09-19 07:13:27,1,-1,3860.5,-2393
2022-09-19 07:13:28,2,-2,3860.5,-2395
2022-09-19 07:13:30,56,-68,3860.5,-2463
2022-09-19 07:13:31,4,-3,3860.25,-2466
2022-09-19 07:13:32,1,1,3860.25,-2465
2022-09-19 07:13:36,28,15,3860.5,-2450
2022-09-19 07:13:37,2,-2,3860.5,-2452
2022-09-19 07:13:38,1,-1,3860.5,-2453
2022-09-19 07:13:41,21,5,3860.75,-2448
2022-09-19 07:13:42,3,-3,3860.5,-2451
2022-09-19 07:13:43,2,2,3860.75,-2449
2022-09-19 07:13:44,2,-2,3860.5,-2451
2022-09-19 07:13:45,12,-4,3860.5,-2455
2022-09-19 07:13:46,16,13,3860.75,-2442
2022-09-19 07:13:47,2,2,3860.5,-2440
2022-09-19 07:13:48,1,-1,3860.25,-2441
2022-09-19 07:13:51,9,9,3860.5,-2432
2022-09-19 07:13:56,5,-5,3860.5,-2437
2022-09-19 07:13:58,16,14,3860.75,-2423
2022-09-19 07:14:00,24,2,3861.0,-2421
2022-09-19 07:14:01,26,-10,3861.25,-2431
2022-09-19 07:14:05,1,1,3861.0,-2430
2022-09-19 07:14:08,1,-1,3861.0,-2431
2022-09-19 07:14:12,10,-2,3861.0,-2433
2022-09-19 07:14:14,1,-1,3861.0,-2434
2022-09-19 07:14:18,5,-2,3861.25,-2436
2022-09-19 07:14:19,27,-9,3861.0,-2445
2022-09-19 07:14:20,4,4,3860.75,-2441
2022-09-19 07:14:22,31,23,3861.0,-2418
2022-09-19 07:14:23,22,-5,3861.0,-2423
2022-09-19 07:14:25,2,-2,3861.0,-2425
2022-09-19 07:14:26,4,-4,3861.0,-2429
2022-09-19 07:14:27,1,1,3861.0,-2428
2022-09-19 07:14:29,2,-2,3860.75,-2430
2022-09-19 07:14:30,1,1,3860.75,-2429
2022-09-19 07:14:32,7,-3,3860.75,-2432
2022-09-19 07:14:33,3,-1,3860.75,-2433
2022-09-19 07:14:34,8,8,3860.75,-2425
2022-09-19 07:14:35,1,1,3860.75,-2424
2022-09-19 07:14:36,24,-16,3860.5,-2440
2022-09-19 07:14:37,5,-5,3860.0,-2445
2022-09-19 07:14:39,1,-1,3860.0,-2446
2022-09-19 07:14:40,1,1,3860.25,-2445
2022-09-19 07:14:42,15,7,3860.25,-2438
2022-09-19 07:14:43,1,-1,3860.0,-2439
2022-09-19 07:14:44,3,-3,3860.0,-2442
2022-09-19 07:14:50,10,3,3860.25,-2439
2022-09-19 07:15:00,1,1,3860.5,-2438
2022-09-19 07:15:01,53,25,3860.75,-2413
2022-09-19 07:15:02,3,3,3861.0,-2410
2022-09-19 07:15:04,17,2,3861.0,-2408
2022-09-19 07:15:07,16,13,3861.0,-2395
2022-09-19 07:15:08,2,-2,3861.0,-2397
2022-09-19 07:15:09,1,1,3861.0,-2396
2022-09-19 07:15:11,4,4,3861.25,-2392
2022-09-19 07:15:12,2,0,3861.25,-2392
2022-09-19 07:15:14,1,1,3861.25,-2391
2022-09-19 07:15:16,75,9,3861.25,-2382
2022-09-19 07:15:18,13,0,3861.25,-2382
2022-09-19 07:15:19,9,2,3861.5,-2380
2022-09-19 07:15:20,32,14,3861.5,-2366
2022-09-19 07:15:21,16,-10,3861.5,-2376
2022-09-19 07:15:22,1,-1,3861.5,-2377
2022-09-19 07:15:24,20,-10,3861.25,-2387
2022-09-19 07:15:25,23,-1,3861.25,-2388
2022-09-19 07:15:26,5,-5,3861.25,-2393
2022-09-19 07:15:28,21,-20,3861.0,-2413
2022-09-19 07:15:29,7,7,3861.25,-2406
2022-09-19 07:15:30,17,0,3861.25,-2406
2022-09-19 07:15:31,3,2,3861.25,-2404
2022-09-19 07:15:32,12,9,3861.25,-2395
2022-09-19 07:15:33,12,9,3861.5,-2386
2022-09-19 07:15:36,1,-1,3861.5,-2387
2022-09-19 07:15:37,13,-1,3861.75,-2388
2022-09-19 07:15:38,2,0,3861.75,-2388
2022-09-19 07:15:39,3,3,3861.75,-2385
2022-09-19 07:15:41,18,6,3861.5,-2379
2022-09-19 07:15:42,9,-6,3861.5,-2385
2022-09-19 07:15:44,2,-2,3861.25,-2387
2022-09-19 07:15:49,1,-1,3861.25,-2388
2022-09-19 07:15:51,2,2,3861.5,-2386
2022-09-19 07:15:52,27,23,3861.75,-2363
2022-09-19 07:15:53,1,1,3861.75,-2362
2022-09-19 07:15:54,47,-18,3861.75,-2380
2022-09-19 07:15:55,1,1,3861.5,-2379
2022-09-19 07:15:56,3,-3,3861.25,-2382
2022-09-19 07:15:57,7,-1,3861.25,-2383
2022-09-19 07:16:00,51,-5,3861.0,-2388
2022-09-19 07:16:02,19,-16,3860.75,-2404
2022-09-19 07:16:04,29,-11,3860.75,-2415
2022-09-19 07:16:05,7,1,3860.5,-2414
2022-09-19 07:16:06,1,1,3860.5,-2413
2022-09-19 07:16:07,8,-6,3860.25,-2419
2022-09-19 07:16:10,1,1,3860.5,-2418
2022-09-19 07:16:12,18,9,3860.5,-2409
2022-09-19 07:16:13,2,2,3860.5,-2407
2022-09-19 07:16:15,4,-4,3860.25,-2411
2022-09-19 07:16:20,1,-1,3860.25,-2412
2022-09-19 07:16:21,13,8,3860.5,-2404
2022-09-19 07:16:23,1,1,3860.5,-2403
2022-09-19 07:16:25,15,4,3860.5,-2399
2022-09-19 07:16:34,5,5,3860.75,-2394
2022-09-19 07:16:35,1,1,3860.75,-2393
2022-09-19 07:16:38,2,-2,3860.5,-2395
2022-09-19 07:16:43,3,-3,3860.5,-2398
2022-09-19 07:16:46,2,1,3860.75,-2397
2022-09-19 07:16:48,16,-7,3860.5,-2404
2022-09-19 07:16:49,7,-7,3860.25,-2411
2022-09-19 07:16:50,2,2,3860.25,-2409
2022-09-19 07:16:51,3,-2,3860.0,-2411
2022-09-19 07:16:52,1,-1,3860.0,-2412
2022-09-19 07:16:53,11,-10,3860.0,-2422
2022-09-19 07:16:54,7,-3,3860.25,-2425
2022-09-19 07:16:57,2,-2,3860.0,-2427
2022-09-19 07:16:58,5,0,3860.25,-2427
2022-09-19 07:16:59,2,2,3860.25,-2425
2022-09-19 07:17:00,1,-1,3860.0,-2426
2022-09-19 07:17:03,58,16,3860.25,-2410
2022-09-19 07:17:04,11,-9,3859.75,-2419
2022-09-19 07:17:05,11,-6,3859.75,-2425
2022-09-19 07:17:06,3,-3,3859.5,-2428
2022-09-19 07:17:07,9,-3,3859.75,-2431
2022-09-19 07:17:08,12,5,3859.75,-2426
2022-09-19 07:17:09,5,-5,3859.5,-2431
2022-09-19 07:17:11,1,-1,3859.5,-2432
2022-09-19 07:17:13,2,2,3859.75,-2430
2022-09-19 07:17:14,2,-2,3859.5,-2432
2022-09-19 07:17:15,6,3,3859.75,-2429
2022-09-19 07:17:16,3,3,3859.75,-2426
2022-09-19 07:17:18,5,1,3860.0,-2425
2022-09-19 07:17:20,36,24,3860.25,-2401
2022-09-19 07:17:21,3,3,3860.0,-2398
2022-09-19 07:17:24,5,0,3860.0,-2398
2022-09-19 07:17:25,3,2,3860.0,-2396
2022-09-19 07:17:26,17,-11,3859.75,-2407
2022-09-19 07:17:30,4,3,3859.75,-2404
2022-09-19 07:17:31,3,-1,3860.0,-2405
2022-09-19 07:17:33,10,-6,3859.5,-2411
2022-09-19 07:17:34,2,2,3859.5,-2409
2022-09-19 07:17:36,26,13,3859.5,-2396
2022-09-19 07:17:38,1,-1,3859.5,-2397
2022-09-19 07:17:39,2,1,3859.75,-2396
2022-09-19 07:17:41,1,-1,3859.5,-2397
2022-09-19 07:17:43,12,-6,3859.5,-2403
2022-09-19 07:17:44,10,4,3859.5,-2399
2022-09-19 07:17:45,2,-2,3859.5,-2401
2022-09-19 07:17:46,1,1,3859.5,-2400
2022-09-19 07:17:50,3,-3,3859.25,-2403
2022-09-19 07:17:52,9,4,3859.25,-2399
2022-09-19 07:17:53,11,5,3859.25,-2394
2022-09-19 07:17:54,2,-2,3859.25,-2396
2022-09-19 07:17:57,7,0,3859.25,-2396
2022-09-19 07:17:58,5,-7,3859.25,-2403
2022-09-19 07:18:01,6,-6,3859.0,-2409
2022-09-19 07:18:02,1,-1,3859.0,-2410
2022-09-19 07:18:03,6,6,3859.25,-2404
2022-09-19 07:18:04,31,13,3859.5,-2391
2022-09-19 07:18:05,5,-1,3859.75,-2392
2022-09-19 07:18:06,24,-32,3859.5,-2424
2022-09-19 07:18:07,11,3,3859.5,-2421
2022-09-19 07:18:08,1,-1,3859.25,-2422
2022-09-19 07:18:09,1,-1,3859.25,-2423
2022-09-19 07:18:10,4,0,3859.25,-2423
2022-09-19 07:18:13,2,-2,3859.25,-2425
2022-09-19 07:18:15,22,-11,3859.25,-2436
2022-09-19 07:18:19,10,-10,3859.25,-2446
2022-09-19 07:18:20,11,-10,3859.25,-2456
2022-09-19 07:18:24,54,14,3860.0,-2442
2022-09-19 07:18:26,1,-1,3860.0,-2443
2022-09-19 07:18:27,13,-11,3860.25,-2454
2022-09-19 07:18:28,1,1,3860.25,-2453
2022-09-19 07:18:29,1,1,3860.25,-2452
2022-09-19 07:18:31,13,8,3860.25,-2444
2022-09-19 07:18:35,5,1,3860.25,-2443
2022-09-19 07:18:41,1,1,3860.25,-2442
2022-09-19 07:18:43,5,-5,3860.0,-2447
2022-09-19 07:18:49,1,-1,3860.0,-2448
2022-09-19 07:18:55,1,-1,3860.0,-2449
2022-09-19 07:18:56,3,-2,3860.0,-2451
2022-09-19 07:18:57,4,-1,3860.0,-2452
2022-09-19 07:18:59,9,-3,3860.0,-2455
2022-09-19 07:19:00,21,3,3859.75,-2452
2022-09-19 07:19:01,2,0,3859.75,-2452
2022-09-19 07:19:12,3,-3,3859.75,-2455
2022-09-19 07:19:18,12,1,3859.5,-2454
2022-09-19 07:19:23,11,8,3859.75,-2446
2022-09-19 07:19:30,1,1,3859.75,-2445
2022-09-19 07:19:32,9,-1,3859.75,-2446
2022-09-19 07:19:35,5,-5,3859.5,-2451
2022-09-19 07:19:36,1,-1,3859.25,-2452
2022-09-19 07:19:37,9,-9,3859.25,-2461
2022-09-19 07:19:39,15,9,3859.25,-2452
2022-09-19 07:19:41,12,-7,3859.25,-2459
2022-09-19 07:19:42,2,-2,3859.25,-2461
2022-09-19 07:19:44,8,2,3859.25,-2459
2022-09-19 07:19:46,1,-1,3859.0,-2460
2022-09-19 07:19:51,13,7,3859.25,-2453
2022-09-19 07:19:52,1,-1,3859.25,-2454
2022-09-19 07:19:53,2,-2,3859.0,-2456
2022-09-19 07:19:55,3,3,3859.25,-2453
2022-09-19 07:19:56,1,-1,3859.25,-2454
2022-09-19 07:19:58,2,2,3859.25,-2452
2022-09-19 07:20:00,1,-1,3859.0,-2453
2022-09-19 07:20:01,5,5,3859.25,-2448
2022-09-19 07:20:03,17,15,3859.5,-2433
2022-09-19 07:20:05,23,23,3860.0,-2410
2022-09-19 07:20:07,1,-1,3859.5,-2411
2022-09-19 07:20:10,2,2,3859.75,-2409
2022-09-19 07:20:11,7,7,3859.75,-2402
2022-09-19 07:20:13,5,-3,3859.5,-2405
2022-09-19 07:20:16,1,-1,3859.5,-2406
2022-09-19 07:20:17,24,-10,3859.5,-2416
2022-09-19 07:20:19,13,12,3859.5,-2404
2022-09-19 07:20:20,1,-1,3859.5,-2405
2022-09-19 07:20:23,5,0,3859.75,-2405
2022-09-19 07:20:24,1,-1,3859.25,-2406
2022-09-19 07:20:30,1,1,3859.25,-2405
2022-09-19 07:20:32,14,-8,3859.0,-2413
2022-09-19 07:20:33,1,-1,3859.0,-2414
2022-09-19 07:20:34,4,-3,3859.0,-2417
2022-09-19 07:20:35,10,-1,3859.0,-2418
2022-09-19 07:20:37,5,-5,3859.0,-2423
2022-09-19 07:20:41,2,-2,3859.0,-2425
2022-09-19 07:20:43,11,3,3859.25,-2422
2022-09-19 07:20:44,8,8,3859.25,-2414
2022-09-19 07:20:45,1,-1,3859.25,-2415
2022-09-19 07:20:47,2,2,3859.25,-2413
2022-09-19 07:20:48,11,7,3859.25,-2406
2022-09-19 07:20:50,7,3,3859.25,-2403
2022-09-19 07:20:55,5,-4,3859.0,-2407
2022-09-19 07:20:59,13,-9,3859.0,-2416
2022-09-19 07:21:01,5,-1,3859.25,-2417
2022-09-19 07:21:06,1,-1,3859.0,-2418
2022-09-19 07:21:07,3,3,3859.25,-2415
2022-09-19 07:21:08,8,-8,3859.0,-2423
2022-09-19 07:21:09,6,-5,3859.0,-2428
2022-09-19 07:21:10,2,-2,3858.75,-2430
2022-09-19 07:21:11,1,-1,3858.75,-2431
2022-09-19 07:21:12,14,6,3859.0,-2425
2022-09-19 07:21:16,13,-9,3859.0,-2434
2022-09-19 07:21:22,2,-2,3859.0,-2436
2022-09-19 07:21:23,2,-2,3859.0,-2438
2022-09-19 07:21:24,2,-2,3859.0,-2440
2022-09-19 07:21:26,12,1,3859.0,-2439
2022-09-19 07:21:28,5,-5,3859.0,-2444
2022-09-19 07:21:29,17,8,3859.0,-2436
2022-09-19 07:21:30,4,3,3859.0,-2433
2022-09-19 07:21:34,4,-4,3859.0,-2437
2022-09-19 07:21:35,1,1,3859.0,-2436
2022-09-19 07:21:36,2,2,3859.25,-2434
2022-09-19 07:21:40,2,2,3859.25,-2432
2022-09-19 07:21:43,2,1,3859.25,-2431
2022-09-19 07:21:45,22,6,3859.25,-2425
2022-09-19 07:21:47,3,-3,3859.25,-2428
2022-09-19 07:21:50,10,-9,3859.0,-2437
2022-09-19 07:21:52,4,-3,3858.75,-2440
2022-09-19 07:21:53,8,-8,3858.75,-2448
2022-09-19 07:21:54,5,-5,3858.5,-2453
2022-09-19 07:21:55,1,-1,3858.5,-2454
2022-09-19 07:21:56,6,4,3858.75,-2450
2022-09-19 07:21:57,2,0,3858.75,-2450
2022-09-19 07:21:58,2,-1,3858.5,-2451
2022-09-19 07:21:59,52,3,3858.5,-2448
2022-09-19 07:22:00,24,3,3858.75,-2445
2022-09-19 07:22:02,1,-1,3858.5,-2446
2022-09-19 07:22:05,13,-7,3858.5,-2453
2022-09-19 07:22:08,2,-2,3858.5,-2455
2022-09-19 07:22:11,140,-34,3858.5,-2489
2022-09-19 07:22:13,13,3,3858.5,-2486
2022-09-19 07:22:14,1,-1,3858.25,-2487
2022-09-19 07:22:15,1,-1,3858.25,-2488
2022-09-19 07:22:16,1,-1,3858.25,-2489
2022-09-19 07:22:19,90,-22,3858.25,-2511
2022-09-19 07:22:20,2,0,3858.0,-2511
2022-09-19 07:22:21,61,-10,3858.0,-2521
2022-09-19 07:22:22,65,-24,3857.5,-2545
2022-09-19 07:22:24,3,-3,3857.5,-2548
2022-09-19 07:22:25,2,-2,3857.5,-2550
2022-09-19 07:22:26,16,0,3857.5,-2550
2022-09-19 07:22:27,14,0,3857.5,-2550
2022-09-19 07:22:28,8,-8,3857.25,-2558
2022-09-19 07:22:29,12,3,3857.25,-2555
2022-09-19 07:22:30,1,1,3857.5,-2554
2022-09-19 07:22:31,2,0,3857.5,-2554
2022-09-19 07:22:32,12,-6,3857.25,-2560
2022-09-19 07:22:34,32,-14,3857.25,-2574
2022-09-19 07:22:35,4,-2,3857.25,-2576
2022-09-19 07:22:36,5,1,3857.0,-2575
2022-09-19 07:22:38,1,-1,3857.0,-2576
2022-09-19 07:22:39,8,4,3857.25,-2572
2022-09-19 07:22:40,1,-1,3857.0,-2573
2022-09-19 07:22:41,11,10,3857.25,-2563
2022-09-19 07:22:42,5,-4,3857.0,-2567
2022-09-19 07:22:44,20,9,3857.25,-2558
2022-09-19 07:22:45,4,-3,3857.0,-2561
2022-09-19 07:22:47,1,1,3857.25,-2560
2022-09-19 07:22:49,3,-3,3857.0,-2563
2022-09-19 07:22:50,2,-2,3857.0,-2565
2022-09-19 07:22:51,12,-4,3857.0,-2569
2022-09-19 07:22:52,2,2,3857.0,-2567
2022-09-19 07:22:53,3,2,3857.0,-2565
2022-09-19 07:22:57,17,4,3857.0,-2561
2022-09-19 07:22:58,1,-1,3857.0,-2562
2022-09-19 07:23:00,12,-7,3857.0,-2569
2022-09-19 07:23:01,13,5,3857.0,-2564
2022-09-19 07:23:02,4,-2,3857.0,-2566
2022-09-19 07:23:03,3,-3,3857.0,-2569
2022-09-19 07:23:05,9,9,3857.0,-2560
2022-09-19 07:23:06,3,-3,3857.0,-2563
2022-09-19 07:23:07,2,-2,3857.0,-2565
2022-09-19 07:23:09,3,3,3857.0,-2562
2022-09-19 07:23:12,13,11,3857.25,-2551
2022-09-19 07:23:13,2,-2,3857.0,-2553
2022-09-19 07:23:15,5,-3,3857.25,-2556
2022-09-19 07:23:16,1,1,3857.25,-2555
2022-09-19 07:23:17,4,-2,3857.0,-2557
2022-09-19 07:23:18,4,-4,3857.0,-2561
2022-09-19 07:23:22,1,1,3857.25,-2560
2022-09-19 07:23:23,2,-2,3857.0,-2562
2022-09-19 07:23:24,1,-1,3857.0,-2563
2022-09-19 07:23:25,1,1,3857.25,-2562
2022-09-19 07:23:26,23,-2,3857.0,-2564
2022-09-19 07:23:27,1,-1,3857.0,-2565
2022-09-19 07:23:28,1,-1,3857.0,-2566
2022-09-19 07:23:29,13,-10,3857.0,-2576
2022-09-19 07:23:30,1,1,3857.0,-2575
2022-09-19 07:23:32,1,-1,3856.75,-2576
2022-09-19 07:23:34,5,-5,3856.75,-2581
2022-09-19 07:23:35,11,10,3857.0,-2571
2022-09-19 07:23:36,3,-2,3857.0,-2573
2022-09-19 07:23:40,1,-1,3856.75,-2574
2022-09-19 07:23:43,4,2,3857.0,-2572
2022-09-19 07:23:48,6,-6,3856.75,-2578
2022-09-19 07:23:49,1,-1,3856.75,-2579
2022-09-19 07:23:50,18,7,3857.0,-2572
2022-09-19 07:23:54,18,-3,3856.75,-2575
2022-09-19 07:23:55,16,-13,3856.5,-2588
2022-09-19 07:23:56,13,11,3856.75,-2577
2022-09-19 07:23:57,7,-5,3856.75,-2582
2022-09-19 07:23:58,30,-10,3856.5,-2592
2022-09-19 07:23:59,20,-2,3857.0,-2594
2022-09-19 07:24:00,1,1,3856.75,-2593
2022-09-19 07:24:02,1,1,3856.75,-2592
2022-09-19 07:24:04,5,-5,3856.5,-2597
2022-09-19 07:24:05,14,8,3856.75,-2589
2022-09-19 07:24:06,1,-1,3856.75,-2590
2022-09-19 07:24:07,1,1,3857.0,-2589
2022-09-19 07:24:08,1,1,3857.0,-2588
2022-09-19 07:24:09,4,-4,3856.75,-2592
2022-09-19 07:24:13,18,9,3857.0,-2583
2022-09-19 07:24:14,6,1,3857.0,-2582
2022-09-19 07:24:16,8,-6,3856.75,-2588
2022-09-19 07:24:19,9,8,3857.0,-2580
2022-09-19 07:24:20,10,-8,3857.0,-2588
2022-09-19 07:24:21,9,6,3857.0,-2582
2022-09-19 07:24:23,20,-8,3857.0,-2590
2022-09-19 07:24:28,28,-14,3856.75,-2604
2022-09-19 07:24:29,42,-18,3857.0,-2622
2022-09-19 07:24:30,22,-9,3856.75,-2631
2022-09-19 07:24:31,13,-10,3856.75,-2641
2022-09-19 07:24:32,96,-17,3856.75,-2658
2022-09-19 07:24:33,5,-3,3856.5,-2661
2022-09-19 07:24:35,9,-8,3856.25,-2669
2022-09-19 07:24:36,3,2,3856.5,-2667
2022-09-19 07:24:37,5,-5,3856.25,-2672
2022-09-19 07:24:38,1,-1,3856.25,-2673
2022-09-19 07:24:39,3,-1,3856.25,-2674
2022-09-19 07:24:42,3,-3,3856.0,-2677
2022-09-19 07:24:43,3,1,3856.25,-2676
2022-09-19 07:24:44,2,1,3856.25,-2675
2022-09-19 07:24:46,2,-2,3856.0,-2677
2022-09-19 07:24:49,10,-8,3856.25,-2685
2022-09-19 07:24:50,1,-1,3856.0,-2686
2022-09-19 07:24:54,57,-3,3856.25,-2689
2022-09-19 07:24:55,174,-116,3855.75,-2805
2022-09-19 07:24:56,12,10,3856.0,-2795
2022-09-19 07:24:57,6,-3,3856.0,-2798
2022-09-19 07:24:58,17,14,3856.25,-2784
2022-09-19 07:24:59,4,0,3856.0,-2784
2022-09-19 07:25:00,21,-8,3856.0,-2792
2022-09-19 07:25:01,1,1,3855.75,-2791
2022-09-19 07:25:02,2,0,3855.75,-2791
2022-09-19 07:25:03,11,10,3855.75,-2781
2022-09-19 07:25:04,5,-1,3856.0,-2782
2022-09-19 07:25:06,1,1,3856.25,-2781
2022-09-19 07:25:07,10,1,3856.25,-2780
2022-09-19 07:25:08,2,2,3856.5,-2778
2022-09-19 07:25:09,23,-20,3856.25,-2798
2022-09-19 07:25:10,13,-16,3856.0,-2814
2022-09-19 07:25:12,11,5,3855.75,-2809
2022-09-19 07:25:14,18,-10,3856.0,-2819
2022-09-19 07:25:15,4,0,3856.0,-2819
2022-09-19 07:25:18,2,-2,3855.75,-2821
2022-09-19 07:25:19,1,1,3855.75,-2820
2022-09-19 07:25:20,1,1,3855.75,-2819
2022-09-19 07:25:22,1,-1,3855.5,-2820
2022-09-19 07:25:23,6,6,3855.75,-2814
2022-09-19 07:25:24,2,0,3856.0,-2814
2022-09-19 07:25:26,12,1,3856.0,-2813
2022-09-19 07:25:27,2,2,3856.0,-2811
2022-09-19 07:25:28,2,0,3856.0,-2811
2022-09-19 07:25:29,2,-2,3855.75,-2813
2022-09-19 07:25:30,11,11,3856.0,-2802
2022-09-19 07:25:31,1,-1,3855.75,-2803
2022-09-19 07:25:32,1,1,3856.0,-2802
2022-09-19 07:25:33,12,-9,3855.75,-2811
2022-09-19 07:25:34,3,3,3856.0,-2808
2022-09-19 07:25:37,10,7,3856.0,-2801
2022-09-19 07:25:38,31,-14,3855.75,-2815
2022-09-19 07:25:40,1,-1,3855.75,-2816
2022-09-19 07:25:41,5,5,3855.75,-2811
2022-09-19 07:25:44,26,2,3856.0,-2809
2022-09-19 07:25:46,2,2,3856.0,-2807
2022-09-19 07:25:47,19,-4,3855.75,-2811
2022-09-19 07:25:53,1,-1,3855.75,-2812
2022-09-19 07:25:54,1,-1,3855.75,-2813
2022-09-19 07:25:57,1,1,3856.0,-2812
2022-09-19 07:26:00,28,25,3856.25,-2787
2022-09-19 07:26:01,2,2,3856.25,-2785
2022-09-19 07:26:02,22,1,3856.5,-2784
2022-09-19 07:26:03,4,4,3856.25,-2780
2022-09-19 07:26:04,1,1,3856.25,-2779
2022-09-19 07:26:06,194,179,3857.5,-2600
2022-09-19 07:26:07,3,-3,3857.0,-2603
2022-09-19 07:26:08,2,-2,3857.0,-2605
2022-09-19 07:26:09,2,0,3857.25,-2605
2022-09-19 07:26:11,2,2,3857.25,-2603
2022-09-19 07:26:14,3,3,3857.25,-2600
2022-09-19 07:26:17,39,4,3857.25,-2596
2022-09-19 07:26:20,20,1,3857.5,-2595
2022-09-19 07:26:21,2,-2,3857.25,-2597
2022-09-19 07:26:25,44,-20,3857.25,-2617
2022-09-19 07:26:26,26,7,3856.75,-2610
2022-09-19 07:26:27,7,-3,3856.5,-2613
2022-09-19 07:26:28,15,-11,3856.25,-2624
2022-09-19 07:26:29,3,-1,3856.0,-2625
2022-09-19 07:26:30,22,-17,3856.0,-2642
2022-09-19 07:26:31,24,12,3855.75,-2630
2022-09-19 07:26:32,43,3,3856.0,-2627
2022-09-19 07:26:33,18,6,3855.75,-2621
2022-09-19 07:26:34,5,-1,3855.75,-2622
2022-09-19 07:26:35,7,2,3855.75,-2620
2022-09-19 07:26:36,11,11,3855.75,-2609
2022-09-19 07:26:37,20,-4,3855.75,-2613
2022-09-19 07:26:39,1,-1,3855.5,-2614
2022-09-19 07:26:40,7,6,3855.75,-2608
2022-09-19 07:26:41,6,0,3855.75,-2608
2022-09-19 07:26:42,4,-2,3855.75,-2610
2022-09-19 07:26:43,1,1,3855.75,-2609
2022-09-19 07:26:44,15,15,3855.75,-2594
2022-09-19 07:26:47,16,4,3856.0,-2590
2022-09-19 07:26:48,10,9,3856.0,-2581
2022-09-19 07:26:51,16,5,3856.0,-2576
2022-09-19 07:26:52,14,-4,3855.75,-2580
2022-09-19 07:26:54,16,16,3855.75,-2564
2022-09-19 07:26:55,17,-2,3855.75,-2566
2022-09-19 07:26:56,2,2,3855.75,-2564
2022-09-19 07:26:57,4,-4,3855.75,-2568
2022-09-19 07:26:59,16,16,3856.0,-2552
2022-09-19 07:27:00,1,-1,3856.0,-2553
2022-09-19 07:27:01,10,7,3856.25,-2546
2022-09-19 07:27:03,7,-5,3856.25,-2551
2022-09-19 07:27:04,1,-1,3856.25,-2552
2022-09-19 07:27:05,1,-1,3856.25,-2553
2022-09-19 07:27:06,1,-1,3856.25,-2554
2022-09-19 07:27:09,15,13,3856.75,-2541
2022-09-19 07:27:10,29,7,3856.5,-2534
2022-09-19 07:27:11,5,5,3856.5,-2529
2022-09-19 07:27:12,1,1,3856.5,-2528
2022-09-19 07:27:16,10,-4,3856.5,-2532
2022-09-19 07:27:17,4,2,3856.5,-2530
2022-09-19 07:27:18,21,-6,3856.5,-2536
2022-09-19 07:27:19,1,1,3856.25,-2535
2022-09-19 07:27:22,7,-7,3856.25,-2542
2022-09-19 07:27:24,4,4,3856.5,-2538
2022-09-19 07:27:26,14,7,3856.75,-2531
2022-09-19 07:27:28,7,-4,3857.0,-2535
2022-09-19 07:27:31,16,7,3856.75,-2528
2022-09-19 07:27:32,17,12,3856.75,-2516
2022-09-19 07:27:33,3,2,3857.0,-2514
2022-09-19 07:27:34,1,1,3857.0,-2513
2022-09-19 07:27:37,2,-2,3856.75,-2515
2022-09-19 07:27:39,1,-1,3856.75,-2516
2022-09-19 07:27:40,15,-1,3856.75,-2517
2022-09-19 07:27:41,7,-6,3856.75,-2523
2022-09-19 07:27:44,13,11,3856.75,-2512
2022-09-19 07:27:45,9,6,3856.75,-2506
2022-09-19 07:27:48,26,1,3856.75,-2505
2022-09-19 07:27:49,12,-4,3856.75,-2509
2022-09-19 07:27:52,16,-2,3856.75,-2511
2022-09-19 07:27:55,5,-1,3856.75,-2512
2022-09-19 07:27:56,5,4,3856.75,-2508
2022-09-19 07:28:00,6,-2,3856.5,-2510
2022-09-19 07:28:01,1,1,3856.75,-2509
2022-09-19 07:28:02,4,4,3856.75,-2505
2022-09-19 07:28:05,15,13,3857.0,-2492
2022-09-19 07:28:06,12,-1,3857.0,-2493
2022-09-19 07:28:07,9,-7,3857.0,-2500
2022-09-19 07:28:09,1,1,3857.25,-2499
2022-09-19 07:28:10,3,1,3857.25,-2498
2022-09-19 07:28:12,17,-15,3857.0,-2513
2022-09-19 07:28:14,1,-1,3856.75,-2514
2022-09-19 07:28:20,8,-3,3856.75,-2517
2022-09-19 07:28:21,8,6,3857.0,-2511
2022-09-19 07:28:22,3,-3,3856.75,-2514
2022-09-19 07:28:24,1,-1,3856.5,-2515
2022-09-19 07:28:26,1,-1,3856.5,-2516
2022-09-19 07:28:34,15,-4,3856.5,-2520
2022-09-19 07:28:41,5,-5,3856.5,-2525
2022-09-19 07:28:42,14,2,3856.5,-2523
2022-09-19 07:28:47,1,1,3856.5,-2522
2022-09-19 07:28:51,11,-2,3856.25,-2524
2022-09-19 07:28:54,1,-1,3856.0,-2525
2022-09-19 07:28:55,40,-29,3856.0,-2554
2022-09-19 07:28:57,23,6,3856.0,-2548
2022-09-19 07:28:59,46,-21,3856.0,-2569
2022-09-19 07:29:00,6,4,3855.75,-2565
2022-09-19 07:29:01,2,2,3855.5,-2563
2022-09-19 07:29:04,15,-3,3855.75,-2566
2022-09-19 07:29:07,4,-3,3855.5,-2569
2022-09-19 07:29:08,5,-1,3855.5,-2570
2022-09-19 07:29:11,21,20,3855.75,-2550
2022-09-19 07:29:13,14,-9,3855.5,-2559
2022-09-19 07:29:15,5,0,3855.5,-2559
2022-09-19 07:29:16,2,-2,3855.25,-2561
2022-09-19 07:29:17,8,-8,3855.25,-2569
2022-09-19 07:29:19,1,1,3855.5,-2568
2022-09-19 07:29:20,3,-1,3855.5,-2569
2022-09-19 07:29:21,15,-5,3855.25,-2574
2022-09-19 07:29:22,127,-105,3855.25,-2679
2022-09-19 07:29:23,19,0,3854.75,-2679
2022-09-19 07:29:24,8,-2,3854.75,-2681
2022-09-19 07:29:25,2,-2,3854.75,-2683
2022-09-19 07:29:26,3,1,3854.75,-2682
2022-09-19 07:29:27,8,0,3854.75,-2682
2022-09-19 07:29:28,4,-2,3854.75,-2684
2022-09-19 07:29:29,13,8,3855.0,-2676
2022-09-19 07:29:31,2,-2,3854.75,-2678
2022-09-19 07:29:32,7,-3,3855.0,-2681
2022-09-19 07:29:33,1,1,3855.0,-2680
2022-09-19 07:29:34,1,-1,3854.75,-2681
2022-09-19 07:29:35,7,-7,3854.75,-2688
2022-09-19 07:29:36,4,3,3855.0,-2685
2022-09-19 07:29:38,2,-2,3854.75,-2687
2022-09-19 07:29:39,12,-5,3854.75,-2692
2022-09-19 07:29:40,3,-3,3854.5,-2695
2022-09-19 07:29:42,7,-1,3854.75,-2696
2022-09-19 07:29:45,16,7,3854.75,-2689
2022-09-19 07:29:46,1,1,3855.0,-2688
2022-09-19 07:29:47,6,3,3854.75,-2685
2022-09-19 07:29:48,1,1,3855.0,-2684
2022-09-19 07:29:49,8,-7,3854.75,-2691
2022-09-19 07:29:50,13,-11,3854.75,-2702
2022-09-19 07:29:51,16,0,3854.5,-2702
2022-09-19 07:29:52,63,-38,3854.5,-2740
2022-09-19 07:29:53,9,-1,3854.25,-2741
2022-09-19 07:29:54,9,0,3854.25,-2741
2022-09-19 07:29:55,2,-2,3854.25,-2743
2022-09-19 07:29:56,3,-3,3854.25,-2746
2022-09-19 07:29:58,5,-2,3854.25,-2748
2022-09-19 07:30:00,6,-4,3854.5,-2752
2022-09-19 07:30:01,7,-7,3854.25,-2759
2022-09-19 07:30:04,131,15,3854.75,-2744
2022-09-19 07:30:05,3,-1,3854.75,-2745
2022-09-19 07:30:08,3,-1,3855.0,-2746
2022-09-19 07:30:09,1,1,3855.0,-2745
2022-09-19 07:30:10,12,10,3855.0,-2735
2022-09-19 07:30:12,2,-2,3855.0,-2737
2022-09-19 07:30:13,20,14,3855.25,-2723
2022-09-19 07:30:14,46,33,3855.75,-2690
2022-09-19 07:30:16,1,-1,3855.25,-2691
2022-09-19 07:30:17,6,4,3855.5,-2687
2022-09-19 07:30:18,2,2,3855.5,-2685
2022-09-19 07:30:20,14,-13,3855.25,-2698
2022-09-19 07:30:21,8,4,3855.25,-2694
2022-09-19 07:30:22,3,1,3855.25,-2693
2022-09-19 07:30:23,9,9,3855.5,-2684
2022-09-19 07:30:26,10,1,3855.5,-2683
2022-09-19 07:30:27,6,-6,3855.25,-2689
2022-09-19 07:30:28,2,2,3855.25,-2687
2022-09-19 07:30:30,4,4,3855.75,-2683
2022-09-19 07:30:31,1,1,3855.75,-2682
2022-09-19 07:30:33,1,1,3855.75,-2681
2022-09-19 07:30:35,27,19,3856.0,-2662
2022-09-19 07:30:36,2,1,3856.0,-2661
2022-09-19 07:30:38,1,1,3856.0,-2660
2022-09-19 07:30:44,30,-5,3856.0,-2665
2022-09-19 07:30:46,8,-5,3855.75,-2670
2022-09-19 07:30:48,1,-1,3855.5,-2671
2022-09-19 07:30:50,2,-2,3855.25,-2673
2022-09-19 07:30:52,1,-1,3855.25,-2674
2022-09-19 07:30:53,2,-2,3855.25,-2676
2022-09-19 07:30:54,16,-14,3855.0,-2690
2022-09-19 07:30:58,29,17,3855.5,-2673
2022-09-19 07:31:00,2,0,3855.5,-2673
2022-09-19 07:31:01,1,1,3855.75,-2672
2022-09-19 07:31:02,13,-7,3855.5,-2679
2022-09-19 07:31:08,2,2,3855.75,-2677
2022-09-19 07:31:09,1,1,3855.75,-2676
2022-09-19 07:31:12,2,2,3855.75,-2674
2022-09-19 07:31:13,1,1,3855.75,-2673
2022-09-19 07:31:15,4,-4,3855.5,-2677
2022-09-19 07:31:16,6,3,3855.5,-2674
2022-09-19 07:31:19,16,-5,3855.5,-2679
2022-09-19 07:31:20,3,-3,3855.25,-2682
2022-09-19 07:31:22,12,-3,3855.0,-2685
2022-09-19 07:31:25,4,2,3855.0,-2683
2022-09-19 07:31:26,14,-13,3854.75,-2696
2022-09-19 07:31:27,2,-2,3854.75,-2698
2022-09-19 07:31:28,8,-3,3854.75,-2701
2022-09-19 07:31:29,1,1,3854.75,-2700
2022-09-19 07:31:30,1,1,3854.75,-2699
2022-09-19 07:31:31,1,-1,3854.75,-2700
2022-09-19 07:31:32,7,6,3855.25,-2694
2022-09-19 07:31:33,11,-4,3855.25,-2698
2022-09-19 07:31:38,38,20,3855.5,-2678
2022-09-19 07:31:39,1,1,3855.5,-2677
2022-09-19 07:31:41,2,-1,3855.5,-2678
2022-09-19 07:31:42,3,3,3855.5,-2675
2022-09-19 07:31:44,25,-5,3855.75,-2680
2022-09-19 07:31:48,3,3,3855.75,-2677
2022-09-19 07:31:49,10,-8,3855.75,-2685
2022-09-19 07:31:50,1,1,3855.75,-2684
2022-09-19 07:31:52,1,-1,3855.5,-2685
2022-09-19 07:31:53,17,2,3855.5,-2683
2022-09-19 07:31:54,1,1,3855.75,-2682
2022-09-19 07:31:56,3,3,3855.75,-2679
2022-09-19 07:31:58,48,-26,3856.0,-2705
2022-09-19 07:31:59,52,-15,3855.75,-2720
2022-09-19 07:32:01,2,-2,3855.25,-2722
2022-09-19 07:32:03,89,-43,3855.25,-2765
2022-09-19 07:32:06,3,-3,3855.25,-2768
2022-09-19 07:32:07,1,1,3855.25,-2767
2022-09-19 07:32:08,5,-5,3855.0,-2772
2022-09-19 07:32:09,1,-1,3854.75,-2773
2022-09-19 07:32:10,2,0,3855.0,-2773
2022-09-19 07:32:12,13,-2,3854.75,-2775
2022-09-19 07:32:13,1,1,3855.0,-2774
2022-09-19 07:32:15,11,6,3855.0,-2768
2022-09-19 07:32:16,10,10,3855.0,-2758
2022-09-19 07:32:17,3,1,3855.0,-2757
2022-09-19 07:32:18,3,-3,3855.0,-2760
2022-09-19 07:32:19,6,-4,3855.0,-2764
2022-09-19 07:32:21,4,4,3855.0,-2760
2022-09-19 07:32:25,87,-32,3854.75,-2792
2022-09-19 07:32:28,4,2,3854.5,-2790
2022-09-19 07:32:31,2,-2,3854.5,-2792
2022-09-19 07:32:33,2,2,3854.5,-2790
2022-09-19 07:32:36,5,4,3854.5,-2786
2022-09-19 07:32:37,1,1,3854.75,-2785
2022-09-19 07:32:41,6,6,3855.0,-2779
2022-09-19 07:32:42,1,1,3855.0,-2778
2022-09-19 07:32:44,10,-1,3854.75,-2779
2022-09-19 07:32:46,1,-1,3854.75,-2780
2022-09-19 07:32:47,12,13,3855.0,-2767
2022-09-19 07:32:48,3,-1,3855.0,-2768
2022-09-19 07:32:49,1,-1,3854.5,-2769
2022-09-19 07:32:50,1,-1,3854.5,-2770
2022-09-19 07:32:52,2,2,3854.75,-2768
2022-09-19 07:32:53,1,-1,3854.75,-2769
2022-09-19 07:32:54,1,-1,3854.75,-2770
2022-09-19 07:32:55,6,-6,3854.75,-2776
2022-09-19 07:32:56,2,2,3854.75,-2774
2022-09-19 07:32:58,7,3,3854.75,-2771
2022-09-19 07:33:00,1,1,3854.75,-2770
2022-09-19 07:33:01,1,-1,3854.75,-2771
2022-09-19 07:33:12,7,-7,3854.5,-2778
2022-09-19 07:33:13,7,5,3854.75,-2773
2022-09-19 07:33:14,18,4,3855.0,-2769
2022-09-19 07:33:16,3,-1,3855.0,-2770
2022-09-19 07:33:17,1,1,3855.0,-2769
2022-09-19 07:33:18,1,1,3855.0,-2768
2022-09-19 07:33:21,9,9,3855.25,-2759
2022-09-19 07:33:22,1,-1,3855.0,-2760
2022-09-19 07:33:28,1,1,3855.25,-2759
2022-09-19 07:33:29,13,10,3855.25,-2749
2022-09-19 07:33:31,7,6,3855.5,-2743
2022-09-19 07:33:32,4,-1,3855.75,-2744
2022-09-19 07:33:33,10,4,3855.5,-2740
2022-09-19 07:33:38,1,1,3855.5,-2739
2022-09-19 07:33:40,1,1,3855.5,-2738
2022-09-19 07:33:42,13,12,3855.5,-2726
2022-09-19 07:33:43,1,-1,3855.25,-2727
2022-09-19 07:33:45,2,-2,3855.25,-2729
2022-09-19 07:33:46,2,-2,3855.25,-2731
2022-09-19 07:33:47,1,1,3855.5,-2730
2022-09-19 07:33:51,5,5,3855.5,-2725
2022-09-19 07:33:52,9,-9,3855.5,-2734
2022-09-19 07:33:56,4,-4,3855.25,-2738
2022-09-19 07:33:57,1,-1,3855.25,-2739
2022-09-19 07:33:58,3,-3,3855.25,-2742
2022-09-19 07:34:05,4,3,3855.25,-2739
2022-09-19 07:34:06,7,-6,3855.25,-2745
2022-09-19 07:34:10,1,-1,3855.25,-2746
2022-09-19 07:34:19,4,2,3855.5,-2744
2022-09-19 07:34:24,1,1,3855.5,-2743
2022-09-19 07:34:25,5,-1,3855.5,-2744
2022-09-19 07:34:26,3,1,3855.75,-2743
2022-09-19 07:34:27,1,1,3855.75,-2742
2022-09-19 07:34:28,4,4,3855.75,-2738
2022-09-19 07:34:29,22,21,3856.0,-2717
2022-09-19 07:34:30,11,5,3856.0,-2712
2022-09-19 07:34:32,3,2,3856.0,-2710
2022-09-19 07:34:33,6,5,3856.0,-2705
2022-09-19 07:34:36,1,-1,3855.75,-2706
2022-09-19 07:34:38,1,1,3856.0,-2705
2022-09-19 07:34:40,1,1,3856.0,-2704
2022-09-19 07:34:41,1,-1,3855.75,-2705
2022-09-19 07:34:42,1,1,3856.0,-2704
2022-09-19 07:34:46,4,2,3856.0,-2702
2022-09-19 07:34:47,4,4,3856.0,-2698
2022-09-19 07:34:48,3,3,3856.0,-2695
2022-09-19 07:34:49,5,-1,3856.0,-2696
2022-09-19 07:34:52,2,2,3856.0,-2694
2022-09-19 07:34:54,25,8,3856.25,-2686
2022-09-19 07:34:58,14,-16,3856.0,-2702
2022-09-19 07:34:59,8,5,3856.25,-2697
2022-09-19 07:35:00,9,-6,3856.0,-2703
2022-09-19 07:35:01,4,-2,3856.0,-2705
2022-09-19 07:35:02,3,1,3856.25,-2704
2022-09-19 07:35:03,4,1,3856.25,-2703
2022-09-19 07:35:05,1,-1,3855.75,-2704
2022-09-19 07:35:06,7,-5,3855.75,-2709
2022-09-19 07:35:08,2,2,3856.0,-2707
2022-09-19 07:35:09,4,4,3856.0,-2703
2022-09-19 07:35:12,44,28,3856.5,-2675
2022-09-19 07:35:13,2,-2,3856.5,-2677
2022-09-19 07:35:15,42,23,3857.0,-2654
2022-09-19 07:35:16,3,-3,3856.75,-2657
2022-09-19 07:35:17,4,3,3857.0,-2654
2022-09-19 07:35:18,5,-1,3856.75,-2655
2022-09-19 07:35:19,6,2,3856.75,-2653
2022-09-19 07:35:22,6,2,3856.75,-2651
2022-09-19 07:35:24,12,-3,3856.5,-2654
2022-09-19 07:35:25,5,0,3856.5,-2654
2022-09-19 07:35:26,4,-1,3856.25,-2655
2022-09-19 07:35:27,4,-1,3856.25,-2656
2022-09-19 07:35:29,20,-10,3856.25,-2666
2022-09-19 07:35:30,2,2,3856.25,-2664
2022-09-19 07:35:31,21,8,3856.5,-2656
2022-09-19 07:35:32,5,2,3856.25,-2654
2022-09-19 07:35:33,10,2,3856.5,-2652
2022-09-19 07:35:34,7,-3,3856.75,-2655
2022-09-19 07:35:35,9,1,3856.75,-2654
2022-09-19 07:35:39,3,3,3856.75,-2651
2022-09-19 07:35:40,4,0,3857.0,-2651
2022-09-19 07:35:41,47,15,3857.0,-2636
2022-09-19 07:35:42,21,21,3857.5,-2615
2022-09-19 07:35:43,5,5,3857.25,-2610
2022-09-19 07:35:44,52,19,3857.5,-2591
2022-09-19 07:35:45,5,5,3857.25,-2586
2022-09-19 07:35:46,3,-1,3857.5,-2587
2022-09-19 07:35:47,2,-2,3857.25,-2589
2022-09-19 07:35:48,1,-1,3857.25,-2590
2022-09-19 07:35:49,17,-1,3857.5,-2591
2022-09-19 07:35:51,2,2,3857.5,-2589
2022-09-19 07:35:53,7,-5,3857.25,-2594
2022-09-19 07:35:54,5,5,3857.25,-2589
2022-09-19 07:35:55,10,0,3857.25,-2589
2022-09-19 07:36:01,1,1,3857.5,-2588
2022-09-19 07:36:03,14,-8,3857.25,-2596
2022-09-19 07:36:04,1,-1,3857.0,-2597
2022-09-19 07:36:05,1,1,3857.25,-2596
2022-09-19 07:36:07,1,-1,3857.0,-2597
2022-09-19 07:36:08,1,-1,3857.0,-2598
2022-09-19 07:36:10,8,-8,3857.0,-2606
2022-09-19 07:36:11,13,-1,3857.0,-2607
2022-09-19 07:36:19,1,1,3857.0,-2606
2022-09-19 07:36:20,1,1,3857.0,-2605
2022-09-19 07:36:23,6,-4,3856.75,-2609
2022-09-19 07:36:25,4,-4,3856.5,-2613
2022-09-19 07:36:31,1,1,3856.75,-2612
2022-09-19 07:36:32,6,-6,3856.5,-2618
2022-09-19 07:36:34,1,1,3856.75,-2617
2022-09-19 07:36:37,7,7,3856.75,-2610
2022-09-19 07:36:41,1,-1,3856.5,-2611
2022-09-19 07:36:43,1,1,3856.75,-2610
2022-09-19 07:36:46,3,1,3856.75,-2609
2022-09-19 07:36:49,1,1,3856.75,-2608
2022-09-19 07:36:51,36,46,3857.25,-2562
2022-09-19 07:36:53,12,12,3857.5,-2550
2022-09-19 07:36:54,1,-1,3857.25,-2551
2022-09-19 07:36:55,1,1,3857.5,-2550
2022-09-19 07:36:56,1,1,3857.5,-2549
2022-09-19 07:36:58,1,1,3857.5,-2548
2022-09-19 07:37:00,15,-12,3857.25,-2560
2022-09-19 07:37:02,14,-3,3857.5,-2563
2022-09-19 07:37:03,2,2,3857.25,-2561
2022-09-19 07:37:04,1,1,3857.5,-2560
2022-09-19 07:37:05,10,-9,3857.0,-2569
2022-09-19 07:37:07,21,4,3857.25,-2565
2022-09-19 07:37:08,16,6,3857.5,-2559
2022-09-19 07:37:09,100,30,3857.75,-2529
2022-09-19 07:37:10,19,18,3858.0,-2511
2022-09-19 07:37:11,10,8,3858.5,-2503
2022-09-19 07:37:12,9,-1,3858.5,-2504
2022-09-19 07:37:14,1,1,3858.25,-2503
2022-09-19 07:37:18,11,-2,3858.0,-2505
2022-09-19 07:37:19,1,1,3858.0,-2504
2022-09-19 07:37:20,7,5,3858.25,-2499
2022-09-19 07:37:21,2,0,3858.25,-2499
2022-09-19 07:37:22,105,7,3858.5,-2492
2022-09-19 07:37:23,5,-1,3858.25,-2493
2022-09-19 07:37:24,5,-1,3858.25,-2494
2022-09-19 07:37:25,1,-1,3858.0,-2495
2022-09-19 07:37:26,3,1,3858.5,-2494
2022-09-19 07:37:30,2,-2,3858.25,-2496
2022-09-19 07:37:32,1,-1,3858.0,-2497
2022-09-19 07:37:33,1,-1,3858.0,-2498
2022-09-19 07:37:35,5,3,3858.25,-2495
2022-09-19 07:37:36,8,3,3858.25,-2492
2022-09-19 07:37:37,1,1,3858.25,-2491
2022-09-19 07:37:38,2,0,3858.5,-2491
2022-09-19 07:37:40,3,3,3858.25,-2488
2022-09-19 07:37:45,2,0,3858.5,-2488
2022-09-19 07:37:47,19,27,3858.75,-2461
2022-09-19 07:37:49,1,-1,3858.5,-2462
2022-09-19 07:37:51,7,-4,3858.75,-2466
2022-09-19 07:37:52,1,1,3858.5,-2465
2022-09-19 07:37:55,3,-3,3858.25,-2468
2022-09-19 07:37:57,1,-1,3858.25,-2469
2022-09-19 07:37:58,6,5,3858.5,-2464
2022-09-19 07:38:00,2,1,3858.5,-2463
2022-09-19 07:38:01,13,-7,3858.75,-2470
2022-09-19 07:38:02,1,1,3858.5,-2469
2022-09-19 07:38:04,13,10,3858.75,-2459
2022-09-19 07:38:06,1,1,3858.75,-2458
2022-09-19 07:38:07,1,1,3858.75,-2457
2022-09-19 07:38:09,20,-8,3858.5,-2465
2022-09-19 07:38:14,2,0,3858.5,-2465
2022-09-19 07:38:16,7,-3,3858.5,-2468
2022-09-19 07:38:17,11,-7,3858.25,-2475
2022-09-19 07:38:18,1,-1,3858.25,-2476
2022-09-19 07:38:29,23,-14,3858.0,-2490
2022-09-19 07:38:31,9,-5,3857.75,-2495
2022-09-19 07:38:35,3,-3,3857.75,-2498
2022-09-19 07:38:36,16,-1,3858.0,-2499
2022-09-19 07:38:37,1,-1,3858.0,-2500
2022-09-19 07:38:38,1,-1,3857.75,-2501
2022-09-19 07:38:41,4,-4,3857.75,-2505
2022-09-19 07:38:45,2,2,3857.75,-2503
2022-09-19 07:38:52,1,-1,3857.5,-2504
2022-09-19 07:38:54,1,-1,3857.5,-2505
2022-09-19 07:38:56,24,-39,3857.5,-2544
2022-09-19 07:38:57,13,4,3857.5,-2540
2022-09-19 07:38:59,4,-2,3857.25,-2542
2022-09-19 07:39:00,3,3,3857.25,-2539
2022-09-19 07:39:06,13,-9,3857.25,-2548
2022-09-19 07:39:13,11,9,3857.5,-2539
2022-09-19 07:39:14,1,1,3857.5,-2538
2022-09-19 07:39:16,7,2,3857.5,-2536
2022-09-19 07:39:19,140,-47,3857.5,-2583
2022-09-19 07:39:20,1,-1,3857.0,-2584
2022-09-19 07:39:22,5,4,3857.25,-2580
2022-09-19 07:39:24,19,-1,3857.25,-2581
2022-09-19 07:39:27,5,-4,3857.0,-2585
2022-09-19 07:39:29,13,3,3857.25,-2582
2022-09-19 07:39:31,6,5,3857.25,-2577
2022-09-19 07:39:35,2,-2,3857.25,-2579
2022-09-19 07:39:38,12,-9,3857.25,-2588
2022-09-19 07:39:39,27,16,3857.5,-2572
2022-09-19 07:39:48,14,-6,3857.5,-2578
2022-09-19 07:39:49,62,16,3858.0,-2562
2022-09-19 07:39:50,4,4,3858.25,-2558
2022-09-19 07:39:51,15,-7,3858.0,-2565
2022-09-19 07:39:55,1,1,3858.0,-2564
2022-09-19 07:39:56,2,-2,3857.75,-2566
2022-09-19 07:39:57,5,-4,3857.75,-2570
2022-09-19 07:40:00,6,-6,3857.75,-2576
2022-09-19 07:40:01,6,6,3858.0,-2570
2022-09-19 07:40:03,3,3,3858.25,-2567
2022-09-19 07:40:04,12,9,3858.25,-2558
2022-09-19 07:40:05,23,-4,3858.25,-2562
2022-09-19 07:40:06,8,-5,3858.25,-2567
2022-09-19 07:40:08,4,4,3858.5,-2563
2022-09-19 07:40:09,1,1,3858.75,-2562
2022-09-19 07:40:11,15,0,3858.75,-2562
2022-09-19 07:40:12,2,0,3858.5,-2562
2022-09-19 07:40:15,18,12,3858.75,-2550
2022-09-19 07:40:16,10,-3,3858.25,-2553
2022-09-19 07:40:17,1,-1,3858.25,-2554
2022-09-19 07:40:18,3,-1,3858.25,-2555
2022-09-19 07:40:23,2,-2,3858.0,-2557
2022-09-19 07:40:24,22,18,3858.25,-2539
2022-09-19 07:40:26,4,-2,3858.25,-2541
2022-09-19 07:40:28,2,-2,3858.25,-2543
2022-09-19 07:40:29,3,-3,3858.25,-2546
2022-09-19 07:40:30,15,5,3858.5,-2541
2022-09-19 07:40:31,4,-3,3858.5,-2544
2022-09-19 07:40:33,1,1,3858.5,-2543
2022-09-19 07:40:36,1,1,3858.75,-2542
2022-09-19 07:40:41,4,2,3858.75,-2540
2022-09-19 07:40:43,16,-10,3858.5,-2550
2022-09-19 07:40:48,32,-4,3858.75,-2554
2022-09-19 07:40:50,7,-4,3858.5,-2558
2022-09-19 07:40:55,2,2,3858.5,-2556
2022-09-19 07:40:57,1,-1,3858.25,-2557
2022-09-19 07:40:58,11,-8,3858.25,-2565
2022-09-19 07:40:59,14,8,3858.25,-2557
2022-09-19 07:41:02,68,-19,3858.5,-2576
2022-09-19 07:41:05,3,3,3858.5,-2573
2022-09-19 07:41:06,1,1,3858.75,-2572
2022-09-19 07:41:07,4,-3,3858.5,-2575
2022-09-19 07:41:11,95,-44,3858.25,-2619
2022-09-19 07:41:14,59,4,3857.5,-2615
2022-09-19 07:41:15,46,54,3858.0,-2561
2022-09-19 07:41:19,1,1,3857.75,-2560
2022-09-19 07:41:20,21,2,3857.5,-2558
2022-09-19 07:41:21,1,-1,3857.5,-2559
2022-09-19 07:41:22,8,-7,3857.25,-2566
2022-09-19 07:41:25,31,18,3857.25,-2548
2022-09-19 07:41:28,49,-10,3857.0,-2558
2022-09-19 07:41:30,50,47,3857.0,-2511
2022-09-19 07:41:31,17,1,3857.25,-2510
2022-09-19 07:41:33,3,3,3857.25,-2507
2022-09-19 07:41:34,9,-7,3857.25,-2514
2022-09-19 07:41:35,1,1,3857.25,-2513
2022-09-19 07:41:37,57,-14,3857.0,-2527
2022-09-19 07:41:38,6,-2,3857.0,-2529
2022-09-19 07:41:39,2,2,3857.0,-2527
2022-09-19 07:41:40,2,-2,3857.0,-2529
2022-09-19 07:41:43,11,20,3857.5,-2509
2022-09-19 07:41:44,4,0,3857.5,-2509
2022-09-19 07:41:45,6,-4,3857.25,-2513
2022-09-19 07:41:47,2,0,3857.25,-2513
2022-09-19 07:41:50,1,1,3857.25,-2512
2022-09-19 07:41:52,7,7,3857.25,-2505
2022-09-19 07:41:55,8,-8,3857.0,-2513
2022-09-19 07:41:56,1,1,3857.0,-2512
2022-09-19 07:41:58,2,2,3857.0,-2510
2022-09-19 07:41:59,1,-1,3857.0,-2511
2022-09-19 07:42:02,3,-3,3857.0,-2514
2022-09-19 07:42:03,3,0,3857.0,-2514
2022-09-19 07:42:05,4,0,3856.75,-2514
2022-09-19 07:42:08,9,-3,3857.0,-2517
2022-09-19 07:42:11,7,-7,3856.75,-2524
2022-09-19 07:42:12,38,-46,3856.5,-2570
2022-09-19 07:42:13,12,4,3856.5,-2566
2022-09-19 07:42:14,2,-2,3856.25,-2568
2022-09-19 07:42:15,11,-9,3856.25,-2577
2022-09-19 07:42:16,8,-8,3856.0,-2585
2022-09-19 07:42:17,6,4,3856.0,-2581
2022-09-19 07:42:18,4,0,3856.25,-2581
2022-09-19 07:42:19,4,-4,3856.0,-2585
2022-09-19 07:42:20,3,-3,3856.0,-2588
2022-09-19 07:42:22,1,-1,3855.75,-2589
2022-09-19 07:42:23,16,-8,3855.75,-2597
2022-09-19 07:42:24,5,-5,3855.75,-2602
2022-09-19 07:42:25,13,5,3856.0,-2597
2022-09-19 07:42:26,1,-1,3855.75,-2598
2022-09-19 07:42:28,8,-5,3856.0,-2603
2022-09-19 07:42:30,6,3,3856.0,-2600
2022-09-19 07:42:31,8,-4,3856.0,-2604
2022-09-19 07:42:35,8,-8,3855.75,-2612
2022-09-19 07:42:36,9,3,3855.75,-2609
2022-09-19 07:42:37,1,1,3855.75,-2608
2022-09-19 07:42:40,1,1,3855.75,-2607
2022-09-19 07:42:41,1,1,3855.75,-2606
2022-09-19 07:42:42,4,3,3855.75,-2603
2022-09-19 07:42:43,4,0,3855.75,-2603
2022-09-19 07:42:44,1,-1,3855.5,-2604
2022-09-19 07:42:45,10,-9,3855.5,-2613
2022-09-19 07:42:48,2,2,3855.75,-2611
2022-09-19 07:42:49,1,-1,3855.75,-2612
2022-09-19 07:42:51,3,-3,3855.75,-2615
2022-09-19 07:42:52,2,2,3855.75,-2613
2022-09-19 07:42:53,1,1,3855.75,-2612
2022-09-19 07:42:54,1,-1,3855.75,-2613
2022-09-19 07:42:56,12,7,3856.0,-2606
2022-09-19 07:42:57,6,-1,3856.0,-2607
2022-09-19 07:42:59,1,-1,3856.0,-2608
2022-09-19 07:43:00,2,0,3856.0,-2608
2022-09-19 07:43:02,2,2,3856.0,-2606
2022-09-19 07:43:03,6,1,3856.0,-2605
2022-09-19 07:43:04,1,-1,3856.0,-2606
2022-09-19 07:43:05,12,-10,3856.25,-2616
2022-09-19 07:43:06,12,-2,3856.0,-2618
2022-09-19 07:43:07,3,1,3856.0,-2617
2022-09-19 07:43:10,1,1,3856.25,-2616
2022-09-19 07:43:11,35,-58,3856.0,-2674
2022-09-19 07:43:12,8,1,3856.0,-2673
2022-09-19 07:43:14,1,-1,3855.75,-2674
2022-09-19 07:43:15,1,-1,3855.75,-2675
2022-09-19 07:43:16,2,-2,3855.75,-2677
2022-09-19 07:43:17,11,8,3855.75,-2669
2022-09-19 07:43:18,4,-4,3855.75,-2673
2022-09-19 07:43:20,6,-6,3855.5,-2679
2022-09-19 07:43:21,5,-5,3855.25,-2684
2022-09-19 07:43:22,1,-1,3855.25,-2685
2022-09-19 07:43:24,22,9,3855.5,-2676
2022-09-19 07:43:26,1,-1,3855.5,-2677
2022-09-19 07:43:27,16,-18,3855.5,-2695
2022-09-19 07:43:30,20,-13,3855.5,-2708
2022-09-19 07:43:33,4,4,3855.5,-2704
2022-09-19 07:43:35,1,1,3855.25,-2703
2022-09-19 07:43:36,3,-3,3855.0,-2706
2022-09-19 07:43:37,1,-1,3855.0,-2707
2022-09-19 07:43:38,1,-1,3855.0,-2708
2022-09-19 07:43:39,5,4,3855.5,-2704
2022-09-19 07:43:40,7,-6,3855.25,-2710
2022-09-19 07:43:41,1,-1,3855.0,-2711
2022-09-19 07:43:42,1,-1,3855.0,-2712
2022-09-19 07:43:44,2,2,3855.25,-2710
2022-09-19 07:43:46,27,-16,3855.0,-2726
2022-09-19 07:43:47,1,-1,3855.0,-2727
2022-09-19 07:43:48,21,20,3855.25,-2707
2022-09-19 07:43:49,2,-2,3855.25,-2709
2022-09-19 07:43:51,1,-1,3855.25,-2710
2022-09-19 07:43:54,5,-5,3855.25,-2715
2022-09-19 07:43:56,7,5,3855.5,-2710
2022-09-19 07:44:00,4,3,3855.25,-2707
2022-09-19 07:44:02,6,0,3855.25,-2707
2022-09-19 07:44:06,8,-1,3855.25,-2708
2022-09-19 07:44:07,1,1,3855.5,-2707
2022-09-19 07:44:09,2,0,3855.25,-2707
2022-09-19 07:44:10,3,0,3855.25,-2707
2022-09-19 07:44:13,6,2,3855.25,-2705
2022-09-19 07:44:21,2,-2,3855.25,-2707
2022-09-19 07:44:22,1,-1,3855.25,-2708
2022-09-19 07:44:23,1,1,3855.5,-2707
2022-09-19 07:44:26,1,-1,3855.25,-2708
2022-09-19 07:44:33,21,33,3855.5,-2675
2022-09-19 07:44:35,4,-4,3855.25,-2679
2022-09-19 07:44:37,8,4,3855.5,-2675
2022-09-19 07:44:38,8,3,3855.5,-2672
2022-09-19 07:44:39,4,4,3855.5,-2668
2022-09-19 07:44:41,1,-1,3855.25,-2669
2022-09-19 07:44:46,11,-10,3855.25,-2679
2022-09-19 07:44:48,30,-7,3855.0,-2686
2022-09-19 07:44:49,11,-11,3854.75,-2697
2022-09-19 07:44:50,4,0,3854.75,-2697
2022-09-19 07:44:51,1,-1,3854.75,-2698
2022-09-19 07:44:54,62,9,3855.0,-2689
2022-09-19 07:44:56,7,7,3855.0,-2682
2022-09-19 07:44:57,4,2,3855.0,-2680
2022-09-19 07:45:00,7,-6,3855.0,-2686
2022-09-19 07:45:01,3,0,3855.25,-2686
2022-09-19 07:45:04,1,-1,3855.0,-2687
2022-09-19 07:45:05,6,4,3855.25,-2683
2022-09-19 07:45:06,12,6,3855.5,-2677
2022-09-19 07:45:14,8,-9,3855.25,-2686
2022-09-19 07:45:15,12,10,3855.25,-2676
2022-09-19 07:45:17,11,-9,3855.25,-2685
2022-09-19 07:45:18,26,-11,3855.0,-2696
2022-09-19 07:45:19,3,1,3855.0,-2695
2022-09-19 07:45:20,1,1,3855.25,-2694
2022-09-19 07:45:22,3,-1,3855.0,-2695
2022-09-19 07:45:23,6,-6,3854.75,-2701
2022-09-19 07:45:24,2,-2,3854.75,-2703
2022-09-19 07:45:25,1,1,3855.0,-2702
2022-09-19 07:45:27,14,0,3854.75,-2702
2022-09-19 07:45:33,1,1,3855.0,-2701
2022-09-19 07:45:35,3,-3,3854.75,-2704
2022-09-19 07:45:36,37,10,3855.0,-2694
2022-09-19 07:45:38,2,-2,3855.0,-2696
2022-09-19 07:45:40,5,4,3855.25,-2692
2022-09-19 07:45:41,1,-1,3855.0,-2693
2022-09-19 07:45:43,29,11,3855.75,-2682
2022-09-19 07:45:44,8,6,3855.5,-2676
2022-09-19 07:45:47,2,2,3855.75,-2674
2022-09-19 07:45:48,12,7,3855.75,-2667
2022-09-19 07:45:49,11,0,3856.0,-2667
2022-09-19 07:45:50,2,2,3855.75,-2665
2022-09-19 07:45:51,21,2,3855.75,-2663
2022-09-19 07:45:53,2,2,3855.5,-2661
2022-09-19 07:45:58,1,1,3855.75,-2660
2022-09-19 07:46:02,4,-4,3855.75,-2664
2022-09-19 07:46:06,1,-1,3855.75,-2665
2022-09-19 07:46:07,2,-2,3855.75,-2667
2022-09-19 07:46:10,3,3,3856.0,-2664
2022-09-19 07:46:11,13,-13,3855.75,-2677
2022-09-19 07:46:12,3,3,3855.75,-2674
2022-09-19 07:46:22,8,-8,3855.5,-2682
2022-09-19 07:46:23,4,-4,3855.25,-2686
2022-09-19 07:46:25,1,1,3855.5,-2685
2022-09-19 07:46:26,1,-1,3855.25,-2686
2022-09-19 07:46:28,9,-7,3855.25,-2693
2022-09-19 07:46:29,3,-1,3855.25,-2694
2022-09-19 07:46:33,2,-2,3855.0,-2696
2022-09-19 07:46:35,1,-1,3855.0,-2697
2022-09-19 07:46:37,3,-3,3855.0,-2700
2022-09-19 07:46:38,9,-9,3855.0,-2709
2022-09-19 07:46:42,3,-3,3854.75,-2712
2022-09-19 07:46:43,1,-1,3854.75,-2713
2022-09-19 07:46:45,1,1,3855.0,-2712
2022-09-19 07:46:51,29,2,3855.0,-2710
2022-09-19 07:46:52,12,-12,3855.0,-2722
2022-09-19 07:46:53,3,-3,3854.75,-2725
2022-09-19 07:46:54,1,-1,3854.75,-2726
2022-09-19 07:46:55,1,-1,3854.75,-2727
2022-09-19 07:46:57,11,5,3855.25,-2722
2022-09-19 07:46:58,2,-2,3855.25,-2724
2022-09-19 07:47:00,2,0,3855.25,-2724
2022-09-19 07:47:01,1,-1,3855.25,-2725
2022-09-19 07:47:02,6,2,3855.25,-2723
2022-09-19 07:47:07,11,10,3855.25,-2713
2022-09-19 07:47:18,15,-11,3855.25,-2724
2022-09-19 07:47:19,5,-4,3855.25,-2728
2022-09-19 07:47:20,35,19,3856.0,-2709
2022-09-19 07:47:22,7,0,3855.75,-2709
2022-09-19 07:47:23,1,1,3855.75,-2708
2022-09-19 07:47:24,2,2,3855.75,-2706
2022-09-19 07:47:25,12,3,3855.75,-2703
2022-09-19 07:47:26,1,-1,3855.5,-2704
2022-09-19 07:47:27,11,0,3856.0,-2704
2022-09-19 07:47:31,5,1,3855.75,-2703
2022-09-19 07:47:32,2,2,3856.0,-2701
2022-09-19 07:47:34,3,-3,3855.5,-2704
2022-09-19 07:47:35,5,5,3855.75,-2699
2022-09-19 07:47:36,8,0,3855.75,-2699
2022-09-19 07:47:38,22,7,3856.25,-2692
2022-09-19 07:47:39,8,-4,3856.25,-2696
2022-09-19 07:47:40,2,0,3856.0,-2696
2022-09-19 07:47:41,9,7,3856.0,-2689
2022-09-19 07:47:42,1,1,3856.0,-2688
2022-09-19 07:47:46,6,3,3856.25,-2685
2022-09-19 07:47:49,21,3,3856.5,-2682
2022-09-19 07:47:50,2,0,3856.5,-2682
2022-09-19 07:47:51,4,0,3856.25,-2682
2022-09-19 07:47:53,1,1,3856.25,-2681
2022-09-19 07:47:55,5,5,3856.25,-2676
2022-09-19 07:47:56,3,-3,3856.25,-2679
2022-09-19 07:47:57,6,4,3856.5,-2675
2022-09-19 07:47:58,8,-2,3856.5,-2677
2022-09-19 07:48:00,4,-2,3856.5,-2679
2022-09-19 07:48:01,3,-3,3856.5,-2682
2022-09-19 07:48:04,77,20,3856.75,-2662
2022-09-19 07:48:06,1,-1,3856.75,-2663
2022-09-19 07:48:08,5,5,3857.0,-2658
2022-09-19 07:48:10,7,-7,3856.75,-2665
2022-09-19 07:48:11,8,5,3857.0,-2660
2022-09-19 07:48:12,8,1,3857.0,-2659
2022-09-19 07:48:13,2,2,3856.75,-2657
2022-09-19 07:48:17,8,-4,3857.0,-2661
2022-09-19 07:48:22,3,3,3856.5,-2658
2022-09-19 07:48:24,1,-1,3856.5,-2659
2022-09-19 07:48:25,25,9,3856.5,-2650
2022-09-19 07:48:27,11,-1,3856.0,-2651
2022-09-19 07:48:32,8,-7,3855.75,-2658
2022-09-19 07:48:34,3,3,3855.5,-2655
2022-09-19 07:48:35,1,-1,3855.5,-2656
2022-09-19 07:48:36,12,5,3855.75,-2651
2022-09-19 07:48:37,1,1,3855.5,-2650
2022-09-19 07:48:39,2,0,3855.5,-2650
2022-09-19 07:48:41,8,-2,3855.25,-2652
2022-09-19 07:48:43,7,-3,3855.25,-2655
2022-09-19 07:48:45,11,5,3855.5,-2650
2022-09-19 07:48:47,5,-4,3855.25,-2654
2022-09-19 07:48:52,10,9,3855.5,-2645
2022-09-19 07:48:53,9,5,3855.75,-2640
2022-09-19 07:48:57,1,-1,3855.75,-2641
2022-09-19 07:48:58,1,1,3855.75,-2640
2022-09-19 07:49:05,7,6,3855.75,-2634
2022-09-19 07:49:07,4,6,3856.25,-2628
2022-09-19 07:49:08,5,-5,3856.0,-2633
2022-09-19 07:49:10,10,0,3856.0,-2633
2022-09-19 07:49:16,22,5,3856.0,-2628
2022-09-19 07:49:18,12,-4,3856.0,-2632
2022-09-19 07:49:20,18,-2,3855.75,-2634
2022-09-19 07:49:22,4,-4,3855.75,-2638
2022-09-19 07:49:23,2,-2,3855.75,-2640
2022-09-19 07:49:24,4,-4,3855.75,-2644
2022-09-19 07:49:25,1,-1,3855.5,-2645
2022-09-19 07:49:27,12,8,3855.75,-2637
2022-09-19 07:49:28,8,-6,3855.5,-2643
2022-09-19 07:49:31,2,-2,3855.25,-2645
2022-09-19 07:49:32,1,1,3855.5,-2644
2022-09-19 07:49:34,19,-10,3855.25,-2654
2022-09-19 07:49:36,1,-1,3855.25,-2655
2022-09-19 07:49:41,3,2,3855.25,-2653
2022-09-19 07:49:45,1,-1,3855.0,-2654
2022-09-19 07:49:49,15,-9,3855.0,-2663
2022-09-19 07:49:50,11,-10,3854.75,-2673
2022-09-19 07:49:51,2,-2,3854.75,-2675
2022-09-19 07:49:52,7,-7,3854.75,-2682
2022-09-19 07:49:53,3,-3,3854.75,-2685
2022-09-19 07:49:54,3,-3,3854.75,-2688
2022-09-19 07:49:55,17,11,3855.0,-2677
2022-09-19 07:49:56,1,-1,3855.0,-2678
2022-09-19 07:49:57,31,-24,3854.75,-2702
2022-09-19 07:49:58,1,-1,3854.75,-2703
2022-09-19 07:49:59,7,3,3854.75,-2700
2022-09-19 07:50:00,42,-73,3854.75,-2773
2022-09-19 07:50:01,10,9,3855.0,-2764
2022-09-19 07:50:02,30,-36,3855.0,-2800
2022-09-19 07:50:03,22,-3,3854.75,-2803
2022-09-19 07:50:04,2,0,3854.75,-2803
2022-09-19 07:50:05,8,6,3854.75,-2797
2022-09-19 07:50:06,5,5,3854.75,-2792
2022-09-19 07:50:09,6,4,3854.75,-2788
2022-09-19 07:50:10,1,1,3854.75,-2787
2022-09-19 07:50:12,1,1,3854.75,-2786
2022-09-19 07:50:17,21,10,3854.75,-2776
2022-09-19 07:50:18,5,-5,3854.75,-2781
2022-09-19 07:50:19,5,5,3855.0,-2776
2022-09-19 07:50:20,4,4,3855.25,-2772
2022-09-19 07:50:23,2,2,3855.5,-2770
2022-09-19 07:50:24,13,1,3855.5,-2769
2022-09-19 07:50:25,8,8,3855.75,-2761
2022-09-19 07:50:26,1,1,3855.75,-2760
2022-09-19 07:50:27,11,-7,3855.5,-2767
2022-09-19 07:50:29,1,-1,3855.5,-2768
2022-09-19 07:50:34,1,-1,3855.5,-2769
2022-09-19 07:50:36,6,-4,3855.5,-2773
2022-09-19 07:50:37,2,-2,3855.25,-2775
2022-09-19 07:50:38,7,6,3855.5,-2769
2022-09-19 07:50:39,22,-3,3855.5,-2772
2022-09-19 07:50:42,1,1,3855.5,-2771
2022-09-19 07:50:45,5,-5,3855.5,-2776
2022-09-19 07:50:47,3,-1,3855.5,-2777
2022-09-19 07:50:48,3,-1,3855.75,-2778
2022-09-19 07:50:52,8,-6,3855.5,-2784
2022-09-19 07:50:54,3,-1,3855.5,-2785
2022-09-19 07:50:55,1,-1,3855.5,-2786
2022-09-19 07:51:00,2,2,3855.5,-2784
2022-09-19 07:51:01,4,-2,3855.5,-2786
2022-09-19 07:51:02,7,5,3855.75,-2781
2022-09-19 07:51:05,9,-7,3855.75,-2788
2022-09-19 07:51:11,19,-7,3855.75,-2795
2022-09-19 07:51:13,4,2,3856.0,-2793
2022-09-19 07:51:14,5,-5,3855.75,-2798
2022-09-19 07:51:16,1,-1,3855.75,-2799
2022-09-19 07:51:18,3,-1,3856.0,-2800
2022-09-19 07:51:22,9,-4,3855.5,-2804
2022-09-19 07:51:24,3,-3,3855.5,-2807
2022-09-19 07:51:33,50,25,3856.25,-2782
2022-09-19 07:51:34,5,3,3856.25,-2779
2022-09-19 07:51:35,1,-1,3856.25,-2780
2022-09-19 07:51:37,9,-7,3856.25,-2787
2022-09-19 07:51:38,8,4,3856.0,-2783
2022-09-19 07:51:39,1,1,3856.0,-2782
2022-09-19 07:51:42,2,-2,3856.0,-2784
2022-09-19 07:51:43,1,-1,3856.0,-2785
2022-09-19 07:51:44,2,-2,3856.0,-2787
2022-09-19 07:51:46,15,7,3856.25,-2780
2022-09-19 07:51:47,1,1,3856.25,-2779
2022-09-19 07:51:48,1,1,3856.5,-2778
2022-09-19 07:51:49,9,-5,3856.25,-2783
2022-09-19 07:51:50,23,-4,3856.5,-2787
2022-09-19 07:51:51,3,-3,3856.5,-2790
2022-09-19 07:51:54,3,3,3856.75,-2787
2022-09-19 07:51:58,5,-3,3856.5,-2790
2022-09-19 07:52:00,1,-1,3856.5,-2791
2022-09-19 07:52:02,7,-5,3856.5,-2796
2022-09-19 07:52:03,8,0,3856.5,-2796
2022-09-19 07:52:04,1,1,3856.5,-2795
2022-09-19 07:52:05,1,-1,3856.5,-2796
2022-09-19 07:52:06,1,1,3856.5,-2795
2022-09-19 07:52:11,18,-13,3856.25,-2808
2022-09-19 07:52:13,1,-1,3856.25,-2809
2022-09-19 07:52:16,1,1,3856.5,-2808
2022-09-19 07:52:19,16,14,3856.5,-2794
2022-09-19 07:52:22,5,-3,3856.5,-2797
2022-09-19 07:52:23,11,-2,3856.5,-2799
2022-09-19 07:52:24,5,-3,3856.5,-2802
2022-09-19 07:52:25,16,2,3856.75,-2800
2022-09-19 07:52:27,6,-6,3856.5,-2806
2022-09-19 07:52:32,16,-6,3856.5,-2812
2022-09-19 07:52:33,5,0,3856.25,-2812
2022-09-19 07:52:35,2,0,3856.25,-2812
2022-09-19 07:52:36,2,2,3856.25,-2810
2022-09-19 07:52:40,1,-1,3856.25,-2811
2022-09-19 07:52:43,26,5,3856.5,-2806
2022-09-19 07:52:46,22,8,3856.75,-2798
2022-09-19 07:52:48,10,5,3856.75,-2793
2022-09-19 07:52:49,7,7,3856.75,-2786
2022-09-19 07:52:50,3,3,3856.75,-2783
2022-09-19 07:52:53,2,-2,3856.75,-2785
2022-09-19 07:52:55,20,11,3857.0,-2774
2022-09-19 07:52:56,13,13,3857.25,-2761
2022-09-19 07:52:58,54,46,3857.75,-2715
2022-09-19 07:52:59,2,2,3857.25,-2713
2022-09-19 07:53:00,1,1,3857.25,-2712
2022-09-19 07:53:01,1,1,3857.5,-2711
2022-09-19 07:53:02,8,-4,3857.25,-2715
2022-09-19 07:53:03,5,5,3857.25,-2710
2022-09-19 07:53:04,2,-2,3857.25,-2712
2022-09-19 07:53:05,5,-3,3857.25,-2715
2022-09-19 07:53:06,2,2,3857.5,-2713
2022-09-19 07:53:08,9,1,3857.25,-2712
2022-09-19 07:53:10,3,2,3857.25,-2710
2022-09-19 07:53:13,13,-9,3857.0,-2719
2022-09-19 07:53:14,18,-9,3856.75,-2728
2022-09-19 07:53:17,2,2,3856.75,-2726
2022-09-19 07:53:18,12,9,3857.0,-2717
2022-09-19 07:53:19,13,-2,3857.25,-2719
2022-09-19 07:53:20,17,0,3857.5,-2719
2022-09-19 07:53:22,2,-2,3857.0,-2721
2022-09-19 07:53:23,6,-4,3857.0,-2725
2022-09-19 07:53:24,13,-3,3857.0,-2728
2022-09-19 07:53:26,3,3,3857.25,-2725
2022-09-19 07:53:30,2,-2,3857.0,-2727
2022-09-19 07:53:32,3,1,3857.0,-2726
2022-09-19 07:53:33,3,-2,3857.0,-2728
2022-09-19 07:53:35,8,-5,3857.0,-2733
2022-09-19 07:53:36,11,-5,3857.0,-2738
2022-09-19 07:53:39,2,2,3856.75,-2736
2022-09-19 07:53:40,6,-4,3856.75,-2740
2022-09-19 07:53:42,1,1,3856.75,-2739
2022-09-19 07:53:44,6,-4,3856.5,-2743
2022-09-19 07:53:49,25,3,3856.75,-2740
2022-09-19 07:53:50,3,2,3856.75,-2738
2022-09-19 07:53:52,1,-1,3856.5,-2739
2022-09-19 07:53:54,4,-2,3856.5,-2741
2022-09-19 07:53:55,13,-13,3856.5,-2754
2022-09-19 07:53:56,13,10,3856.75,-2744
2022-09-19 07:53:57,20,10,3857.25,-2734
2022-09-19 07:53:59,1,-1,3857.25,-2735
2022-09-19 07:54:00,17,11,3857.5,-2724
2022-09-19 07:54:01,5,1,3857.5,-2723
2022-09-19 07:54:02,12,-5,3857.5,-2728
2022-09-19 07:54:04,4,-2,3857.5,-2730
2022-09-19 07:54:05,3,-2,3857.5,-2732
2022-09-19 07:54:08,1,1,3857.5,-2731
2022-09-19 07:54:11,17,3,3857.5,-2728
2022-09-19 07:54:12,5,5,3857.5,-2723
2022-09-19 07:54:18,12,-10,3857.25,-2733
2022-09-19 07:54:19,8,6,3857.5,-2727
2022-09-19 07:54:21,1,-1,3857.25,-2728
2022-09-19 07:54:23,1,-1,3857.25,-2729
2022-09-19 07:54:26,9,-1,3857.25,-2730
2022-09-19 07:54:28,1,-1,3857.25,-2731
2022-09-19 07:54:31,11,1,3857.25,-2730
2022-09-19 07:54:34,13,11,3857.25,-2719
2022-09-19 07:54:37,12,-8,3857.25,-2727
2022-09-19 07:54:40,1,-1,3857.0,-2728
2022-09-19 07:54:51,25,18,3857.5,-2710
2022-09-19 07:54:52,2,-2,3857.5,-2712
2022-09-19 07:54:53,2,-2,3857.25,-2714
2022-09-19 07:54:55,2,-2,3857.25,-2716
2022-09-19 07:54:56,1,-1,3857.25,-2717
2022-09-19 07:54:57,10,8,3857.5,-2709
2022-09-19 07:55:01,9,9,3857.5,-2700
2022-09-19 07:55:02,15,-7,3857.5,-2707
2022-09-19 07:55:05,3,3,3857.5,-2704
2022-09-19 07:55:06,20,-5,3857.5,-2709
2022-09-19 07:55:07,22,-7,3857.25,-2716
2022-09-19 07:55:08,14,-8,3857.25,-2724
2022-09-19 07:55:09,3,0,3857.0,-2724
2022-09-19 07:55:10,1,1,3857.0,-2723
2022-09-19 07:55:11,33,-2,3857.0,-2725
2022-09-19 07:55:12,2,2,3856.75,-2723
2022-09-19 07:55:15,1,1,3857.0,-2722
2022-09-19 07:55:16,10,-6,3856.75,-2728
2022-09-19 07:55:17,1,-1,3856.5,-2729
2022-09-19 07:55:18,4,-4,3856.5,-2733
2022-09-19 07:55:19,1,1,3856.5,-2732
2022-09-19 07:55:20,31,-22,3856.25,-2754
2022-09-19 07:55:22,8,-8,3856.0,-2762
2022-09-19 07:55:23,9,-3,3855.75,-2765
2022-09-19 07:55:24,5,-3,3856.0,-2768
2022-09-19 07:55:28,16,-14,3855.75,-2782
2022-09-19 07:55:29,10,10,3855.75,-2772
2022-09-19 07:55:30,1,-1,3855.5,-2773
2022-09-19 07:55:31,16,-5,3855.5,-2778
2022-09-19 07:55:33,4,-4,3855.25,-2782
2022-09-19 07:55:34,6,-6,3855.25,-2788
2022-09-19 07:55:35,8,-8,3855.0,-2796
2022-09-19 07:55:36,1,-1,3855.0,-2797
2022-09-19 07:55:37,2,-2,3855.0,-2799
2022-09-19 07:55:40,28,17,3855.25,-2782
2022-09-19 07:55:42,2,-2,3855.0,-2784
2022-09-19 07:55:43,2,2,3855.25,-2782
2022-09-19 07:55:46,2,2,3855.25,-2780
2022-09-19 07:55:47,1,1,3855.25,-2779
2022-09-19 07:55:51,11,2,3855.25,-2777
2022-09-19 07:55:52,7,-5,3855.25,-2782
2022-09-19 07:55:54,12,-4,3855.0,-2786
2022-09-19 07:55:55,3,3,3855.0,-2783
2022-09-19 07:55:56,36,-19,3854.75,-2802
2022-09-19 07:56:00,14,-1,3855.0,-2803
2022-09-19 07:56:01,1,-1,3854.75,-2804
2022-09-19 07:56:02,4,-4,3854.75,-2808
2022-09-19 07:56:05,10,10,3854.75,-2798
2022-09-19 07:56:06,1,1,3854.75,-2797
2022-09-19 07:56:07,4,-4,3854.5,-2801
2022-09-19 07:56:09,19,-9,3854.5,-2810
2022-09-19 07:56:12,3,-3,3854.5,-2813
2022-09-19 07:56:16,55,-31,3854.5,-2844
2022-09-19 07:56:17,2,-2,3854.25,-2846
2022-09-19 07:56:18,1,-1,3854.25,-2847
2022-09-19 07:56:19,11,-3,3854.25,-2850
2022-09-19 07:56:20,48,23,3854.5,-2827
2022-09-19 07:56:22,2,-2,3854.0,-2829
2022-09-19 07:56:23,3,-3,3854.0,-2832
2022-09-19 07:56:24,2,-2,3854.0,-2834
2022-09-19 07:56:25,1,-1,3854.0,-2835
2022-09-19 07:56:26,1,1,3854.0,-2834
2022-09-19 07:56:32,149,-101,3853.75,-2935
2022-09-19 07:56:33,10,8,3853.0,-2927
2022-09-19 07:56:34,2,0,3853.25,-2927
2022-09-19 07:56:36,16,4,3853.0,-2923
2022-09-19 07:56:37,6,0,3853.25,-2923
2022-09-19 07:56:38,13,5,3853.5,-2918
2022-09-19 07:56:39,2,2,3853.25,-2916
2022-09-19 07:56:40,2,1,3853.25,-2915
2022-09-19 07:56:42,2,2,3853.25,-2913
2022-09-19 07:56:43,8,-4,3853.25,-2917
2022-09-19 07:56:44,8,6,3853.25,-2911
2022-09-19 07:56:46,1,1,3853.25,-2910
2022-09-19 07:56:47,2,-2,3853.0,-2912
2022-09-19 07:56:48,1,-1,3853.0,-2913
2022-09-19 07:56:49,36,15,3853.25,-2898
2022-09-19 07:56:50,56,-62,3853.0,-2960
2022-09-19 07:56:51,15,10,3852.75,-2950
2022-09-19 07:56:52,1,-1,3852.75,-2951
2022-09-19 07:56:55,19,-6,3852.75,-2957
2022-09-19 07:56:56,27,-17,3852.75,-2974
2022-09-19 07:56:57,37,-21,3852.75,-2995
2022-09-19 07:56:58,3,-3,3852.25,-2998
2022-09-19 07:56:59,10,8,3852.5,-2990
2022-09-19 07:57:00,6,-4,3852.5,-2994
2022-09-19 07:57:01,43,-14,3852.5,-3008
2022-09-19 07:57:02,23,-21,3852.0,-3029
2022-09-19 07:57:03,60,1,3851.75,-3028
2022-09-19 07:57:04,5,-5,3851.5,-3033
2022-09-19 07:57:05,1,1,3851.75,-3032
2022-09-19 07:57:06,4,-3,3851.5,-3035
2022-09-19 07:57:07,58,26,3852.0,-3009
2022-09-19 07:57:08,7,4,3852.0,-3005
2022-09-19 07:57:09,8,8,3852.25,-2997
2022-09-19 07:57:10,26,-10,3852.25,-3007
2022-09-19 07:57:11,1,-1,3852.0,-3008
2022-09-19 07:57:12,24,4,3852.0,-3004
2022-09-19 07:57:14,2,-2,3851.75,-3006
2022-09-19 07:57:16,2,2,3852.0,-3004
2022-09-19 07:57:17,48,-4,3852.0,-3008
2022-09-19 07:57:18,7,1,3852.25,-3007
2022-09-19 07:57:19,1,-1,3852.0,-3008
2022-09-19 07:57:20,3,1,3852.0,-3007
2022-09-19 07:57:23,3,-1,3852.25,-3008
2022-09-19 07:57:24,11,4,3852.25,-3004
2022-09-19 07:57:25,29,35,3852.25,-2969
2022-09-19 07:57:26,9,3,3852.25,-2966
2022-09-19 07:57:27,8,7,3852.25,-2959
2022-09-19 07:57:28,98,81,3853.25,-2878
2022-09-19 07:57:29,7,-1,3853.25,-2879
2022-09-19 07:57:30,5,-2,3853.0,-2881
2022-09-19 07:57:33,10,8,3853.0,-2873
2022-09-19 07:57:34,2,-2,3853.0,-2875
2022-09-19 07:57:35,2,2,3853.0,-2873
2022-09-19 07:57:36,1,-1,3852.75,-2874
2022-09-19 07:57:37,5,3,3853.0,-2871
2022-09-19 07:57:39,55,-40,3852.75,-2911
2022-09-19 07:57:40,1,1,3852.5,-2910
2022-09-19 07:57:41,5,3,3852.5,-2907
2022-09-19 07:57:43,1,-1,3852.25,-2908
2022-09-19 07:57:44,7,1,3852.5,-2907
2022-09-19 07:57:45,3,3,3852.5,-2904
2022-09-19 07:57:46,5,5,3852.5,-2899
2022-09-19 07:57:50,6,-6,3852.25,-2905
2022-09-19 07:57:51,5,4,3852.25,-2901
2022-09-19 07:57:52,41,46,3852.5,-2855
2022-09-19 07:57:55,2,0,3852.75,-2855
2022-09-19 07:57:57,4,-3,3852.5,-2858
2022-09-19 07:57:58,3,-3,3852.5,-2861
2022-09-19 07:58:00,18,13,3853.0,-2848
2022-09-19 07:58:01,3,3,3853.0,-2845
2022-09-19 07:58:02,1,1,3853.0,-2844
2022-09-19 07:58:03,4,-4,3852.75,-2848
2022-09-19 07:58:04,3,3,3852.75,-2845
2022-09-19 07:58:08,2,-2,3852.5,-2847
2022-09-19 07:58:09,26,-20,3852.5,-2867
2022-09-19 07:58:10,5,1,3852.5,-2866
2022-09-19 07:58:11,16,5,3852.75,-2861
2022-09-19 07:58:12,1,1,3852.75,-2860
2022-09-19 07:58:17,13,11,3852.75,-2849
2022-09-19 07:58:20,23,10,3853.0,-2839
2022-09-19 07:58:23,22,-15,3853.0,-2854
2022-09-19 07:58:24,5,-1,3852.75,-2855
2022-09-19 07:58:25,3,-1,3852.75,-2856
2022-09-19 07:58:28,5,-5,3852.5,-2861
2022-09-19 07:58:29,11,6,3852.75,-2855
2022-09-19 07:58:33,12,-6,3852.5,-2861
2022-09-19 07:58:34,7,-9,3852.25,-2870
2022-09-19 07:58:35,20,-19,3852.0,-2889
2022-09-19 07:58:36,8,-6,3851.75,-2895
2022-09-19 07:58:37,3,1,3851.75,-2894
2022-09-19 07:58:38,7,5,3851.75,-2889
2022-09-19 07:58:39,1,1,3851.75,-2888
2022-09-19 07:58:40,3,3,3851.75,-2885
2022-09-19 07:58:41,2,-2,3851.75,-2887
2022-09-19 07:58:42,1,1,3851.75,-2886
2022-09-19 07:58:44,3,-3,3851.5,-2889
2022-09-19 07:58:46,11,8,3852.0,-2881
2022-09-19 07:58:47,6,-2,3851.75,-2883
2022-09-19 07:58:48,1,-1,3851.75,-2884
2022-09-19 07:58:50,3,0,3851.75,-2884
2022-09-19 07:58:51,13,-9,3851.75,-2893
2022-09-19 07:58:52,2,-2,3851.5,-2895
2022-09-19 07:58:53,2,-2,3851.5,-2897
2022-09-19 07:58:54,7,-3,3851.5,-2900
2022-09-19 07:58:55,2,-2,3851.5,-2902
2022-09-19 07:58:56,1,-1,3851.5,-2903
2022-09-19 07:58:57,3,3,3851.5,-2900
2022-09-19 07:58:59,1,-1,3851.5,-2901
2022-09-19 07:59:00,21,-22,3851.75,-2923
2022-09-19 07:59:03,35,21,3851.75,-2902
2022-09-19 07:59:04,44,35,3852.0,-2867
2022-09-19 07:59:05,1,-1,3851.75,-2868
2022-09-19 07:59:06,6,4,3851.75,-2864
2022-09-19 07:59:07,4,-2,3851.75,-2866
2022-09-19 07:59:09,2,2,3851.75,-2864
2022-09-19 07:59:10,4,-4,3851.75,-2868
2022-09-19 07:59:12,7,3,3851.75,-2865
2022-09-19 07:59:14,2,0,3851.75,-2865
2022-09-19 07:59:15,12,7,3851.75,-2858
2022-09-19 07:59:18,1,1,3852.0,-2857
2022-09-19 07:59:19,30,-4,3851.75,-2861
2022-09-19 07:59:20,13,-6,3851.75,-2867
2022-09-19 07:59:21,11,-4,3851.75,-2871
2022-09-19 07:59:22,2,-2,3851.5,-2873
2022-09-19 07:59:23,6,-3,3851.5,-2876
2022-09-19 07:59:24,81,-90,3851.25,-2966
2022-09-19 07:59:25,7,-5,3851.25,-2971
2022-09-19 07:59:26,10,6,3851.5,-2965
2022-09-19 07:59:27,8,6,3851.5,-2959
2022-09-19 07:59:28,1,1,3851.5,-2958
2022-09-19 07:59:29,11,-8,3851.25,-2966
2022-09-19 07:59:30,31,37,3851.5,-2929
2022-09-19 07:59:32,1,1,3851.5,-2928
2022-09-19 07:59:33,24,5,3851.25,-2923
2022-09-19 07:59:36,32,10,3851.5,-2913
2022-09-19 07:59:37,6,0,3851.25,-2913
2022-09-19 07:59:40,5,-1,3851.25,-2914
2022-09-19 07:59:43,18,7,3851.25,-2907
2022-09-19 07:59:44,2,2,3851.5,-2905
2022-09-19 07:59:45,2,0,3851.5,-2905
2022-09-19 07:59:46,5,-2,3851.5,-2907
2022-09-19 07:59:47,2,2,3851.5,-2905
2022-09-19 07:59:51,7,-5,3851.25,-2910
2022-09-19 07:59:53,7,6,3851.25,-2904
2022-09-19 07:59:54,2,-1,3851.25,-2905
2022-09-19 07:59:57,2,-2,3851.25,-2907
2022-09-19 07:59:58,11,4,3851.5,-2903
2022-09-19 07:59:59,1,1,3851.5,-2902
2022-09-19 08:00:00,68,27,3852.25,-2875
2022-09-19 08:00:01,7,-3,3851.5,-2878
2022-09-19 08:00:02,10,6,3851.5,-2872
2022-09-19 08:00:03,15,0,3851.5,-2872
2022-09-19 08:00:04,40,-21,3851.5,-2893
2022-09-19 08:00:05,1,-1,3851.0,-2894
2022-09-19 08:00:06,18,1,3851.5,-2893
2022-09-19 08:00:07,5,-5,3851.25,-2898
2022-09-19 08:00:10,10,-10,3851.25,-2908
2022-09-19 08:00:12,1,1,3851.5,-2907
2022-09-19 08:00:13,24,12,3851.75,-2895
2022-09-19 08:00:14,25,28,3852.25,-2867
2022-09-19 08:00:15,7,-3,3852.25,-2870
2022-09-19 08:00:16,20,-1,3852.0,-2871
2022-09-19 08:00:17,4,0,3852.25,-2871
2022-09-19 08:00:18,2,0,3852.25,-2871
2022-09-19 08:00:19,7,-7,3852.0,-2878
2022-09-19 08:00:21,2,2,3852.0,-2876
2022-09-19 08:00:22,1,1,3852.25,-2875
2022-09-19 08:00:23,29,22,3852.5,-2853
2022-09-19 08:00:24,1,1,3852.25,-2852
2022-09-19 08:00:25,10,3,3852.5,-2849
2022-09-19 08:00:26,2,0,3852.25,-2849
2022-09-19 08:00:27,1,-1,3852.0,-2850
2022-09-19 08:00:28,3,-3,3852.0,-2853
2022-09-19 08:00:29,2,0,3852.25,-2853
2022-09-19 08:00:33,3,3,3852.25,-2850
2022-09-19 08:00:34,11,9,3852.5,-2841
2022-09-19 08:00:35,23,-16,3852.25,-2857
2022-09-19 08:00:36,17,-10,3851.75,-2867
2022-09-19 08:00:37,17,-5,3851.75,-2872
2022-09-19 08:00:38,15,-3,3851.75,-2875
2022-09-19 08:00:39,1,-1,3851.75,-2876
2022-09-19 08:00:41,15,9,3852.0,-2867
2022-09-19 08:00:43,1,-1,3851.75,-2868
2022-09-19 08:00:44,70,73,3852.5,-2795
2022-09-19 08:00:45,12,-6,3852.25,-2801
2022-09-19 08:00:47,10,9,3852.25,-2792
2022-09-19 08:00:49,3,-2,3852.25,-2794
2022-09-19 08:00:50,1,1,3852.5,-2793
2022-09-19 08:00:51,14,12,3852.5,-2781
2022-09-19 08:00:54,12,11,3852.5,-2770
2022-09-19 08:00:55,2,-2,3852.5,-2772
2022-09-19 08:00:56,9,7,3852.75,-2765
2022-09-19 08:00:57,4,-2,3852.75,-2767
2022-09-19 08:00:58,1,-1,3852.75,-2768
2022-09-19 08:00:59,5,-1,3853.0,-2769
2022-09-19 08:01:00,11,-7,3852.75,-2776
2022-09-19 08:01:03,1,-1,3852.75,-2777
2022-09-19 08:01:04,2,2,3853.0,-2775
2022-09-19 08:01:05,1,1,3853.0,-2774
2022-09-19 08:01:07,1,1,3853.0,-2773
2022-09-19 08:01:08,30,11,3853.0,-2762
2022-09-19 08:01:09,1,1,3853.0,-2761
2022-09-19 08:01:10,3,1,3853.0,-2760
2022-09-19 08:01:11,6,-6,3852.75,-2766
2022-09-19 08:01:12,16,-14,3852.75,-2780
2022-09-19 08:01:13,14,-4,3852.5,-2784
2022-09-19 08:01:14,2,0,3852.75,-2784
2022-09-19 08:01:16,4,-2,3852.5,-2786
2022-09-19 08:01:17,16,7,3852.75,-2779
2022-09-19 08:01:22,12,3,3852.75,-2776
2022-09-19 08:01:25,18,-4,3853.0,-2780
2022-09-19 08:01:27,3,-3,3852.75,-2783
2022-09-19 08:01:28,4,-2,3852.75,-2785
2022-09-19 08:01:32,19,-13,3852.5,-2798
2022-09-19 08:01:33,7,2,3852.5,-2796
2022-09-19 08:01:34,31,-3,3852.75,-2799
2022-09-19 08:01:35,30,-13,3852.5,-2812
2022-09-19 08:01:37,23,4,3852.75,-2808
2022-09-19 08:01:39,1,1,3852.75,-2807
2022-09-19 08:01:40,1,-1,3852.75,-2808
2022-09-19 08:01:42,1,-1,3852.5,-2809
2022-09-19 08:01:45,2,2,3852.75,-2807
2022-09-19 08:01:48,10,6,3852.75,-2801
2022-09-19 08:01:49,9,3,3853.0,-2798
2022-09-19 08:01:50,8,4,3853.25,-2794
2022-09-19 08:01:51,1,1,3853.25,-2793
2022-09-19 08:01:52,1,1,3853.25,-2792
2022-09-19 08:01:53,158,84,3854.5,-2708
2022-09-19 08:01:54,2,-2,3854.25,-2710
2022-09-19 08:01:55,3,-1,3854.25,-2711
2022-09-19 08:01:56,19,-9,3854.25,-2720
2022-09-19 08:01:57,11,-1,3854.0,-2721
2022-09-19 08:01:58,3,-1,3854.0,-2722
2022-09-19 08:01:59,1,-1,3853.75,-2723
2022-09-19 08:02:00,9,-3,3854.0,-2726
2022-09-19 08:02:01,1,1,3854.0,-2725
2022-09-19 08:02:02,8,6,3854.25,-2719
2022-09-19 08:02:03,7,2,3854.25,-2717
2022-09-19 08:02:04,8,-5,3854.0,-2722
2022-09-19 08:02:05,3,1,3854.0,-2721
2022-09-19 08:02:06,8,6,3854.0,-2715
2022-09-19 08:02:07,5,-5,3854.0,-2720
2022-09-19 08:02:08,7,-7,3853.75,-2727
2022-09-19 08:02:09,1,1,3853.75,-2726
2022-09-19 08:02:10,24,-21,3853.5,-2747
2022-09-19 08:02:12,1,-1,3853.5,-2748
2022-09-19 08:02:13,1,-1,3853.5,-2749
2022-09-19 08:02:14,7,7,3853.75,-2742
2022-09-19 08:02:17,26,34,3854.0,-2708
2022-09-19 08:02:18,12,-11,3853.75,-2719
2022-09-19 08:02:20,30,18,3854.0,-2701
2022-09-19 08:02:21,6,0,3853.75,-2701
2022-09-19 08:02:22,2,2,3854.0,-2699
2022-09-19 08:02:23,3,-3,3853.75,-2702
2022-09-19 08:02:24,10,-4,3854.0,-2706
2022-09-19 08:02:25,4,2,3854.0,-2704
2022-09-19 08:02:26,3,-3,3853.75,-2707
2022-09-19 08:02:27,1,-1,3853.75,-2708
2022-09-19 08:02:28,8,6,3854.0,-2702
2022-09-19 08:02:29,1,-1,3854.0,-2703
2022-09-19 08:02:31,16,2,3854.25,-2701
2022-09-19 08:02:32,6,-5,3854.25,-2706
2022-09-19 08:02:35,13,10,3854.25,-2696
2022-09-19 08:02:36,15,-14,3854.25,-2710
2022-09-19 08:02:41,16,1,3854.0,-2709
2022-09-19 08:02:43,15,8,3854.25,-2701
2022-09-19 08:02:44,6,-5,3854.25,-2706
2022-09-19 08:02:48,34,26,3855.0,-2680
2022-09-19 08:02:49,12,-5,3854.75,-2685
2022-09-19 08:02:50,1,-1,3854.5,-2686
2022-09-19 08:02:51,23,4,3855.0,-2682
2022-09-19 08:02:55,1,1,3854.75,-2681
2022-09-19 08:02:56,10,4,3854.75,-2677
2022-09-19 08:02:57,1,-1,3854.75,-2678
2022-09-19 08:02:59,2,2,3855.0,-2676
2022-09-19 08:03:00,12,-8,3855.0,-2684
2022-09-19 08:03:01,2,2,3854.75,-2682
2022-09-19 08:03:03,1,1,3854.75,-2681
2022-09-19 08:03:05,27,-13,3854.5,-2694
2022-09-19 08:03:06,2,-2,3854.5,-2696
2022-09-19 08:03:07,6,-6,3854.5,-2702
2022-09-19 08:03:11,18,2,3854.25,-2700
2022-09-19 08:03:13,8,6,3854.75,-2694
2022-09-19 08:03:16,2,-2,3854.5,-2696
2022-09-19 08:03:18,10,1,3854.75,-2695
2022-09-19 08:03:21,10,-9,3854.75,-2704
2022-09-19 08:03:22,7,1,3854.75,-2703
2022-09-19 08:03:23,3,-3,3854.5,-2706
2022-09-19 08:03:26,3,-1,3854.75,-2707
2022-09-19 08:03:27,8,-6,3854.5,-2713
2022-09-19 08:03:28,9,9,3854.75,-2704
2022-09-19 08:03:29,3,3,3854.75,-2701
2022-09-19 08:03:30,9,-8,3854.5,-2709
2022-09-19 08:03:32,1,-1,3854.5,-2710
2022-09-19 08:03:37,15,-4,3854.25,-2714
2022-09-19 08:03:39,8,-7,3854.25,-2721
2022-09-19 08:03:40,1,-1,3854.25,-2722
2022-09-19 08:03:42,31,11,3854.5,-2711
2022-09-19 08:03:43,13,-10,3854.5,-2721
2022-09-19 08:03:45,10,-7,3854.25,-2728
2022-09-19 08:03:46,18,7,3854.5,-2721
2022-09-19 08:03:47,1,1,3854.5,-2720
2022-09-19 08:03:49,14,14,3854.5,-2706
2022-09-19 08:03:52,25,17,3854.75,-2689
2022-09-19 08:03:55,23,3,3855.0,-2686
2022-09-19 08:03:56,6,2,3855.25,-2684
2022-09-19 08:03:57,1,-1,3855.0,-2685
2022-09-19 08:03:58,32,25,3855.25,-2660
2022-09-19 08:03:59,9,3,3855.25,-2657
2022-09-19 08:04:00,2,-2,3855.25,-2659
2022-09-19 08:04:01,16,-5,3855.0,-2664
2022-09-19 08:04:03,5,-5,3854.75,-2669
2022-09-19 08:04:05,14,0,3854.75,-2669
2022-09-19 08:04:06,1,-1,3854.75,-2670
2022-09-19 08:04:07,1,1,3855.0,-2669
2022-09-19 08:04:08,7,1,3854.75,-2668
2022-09-19 08:04:10,11,-9,3854.5,-2677
2022-09-19 08:04:11,19,-20,3854.5,-2697
2022-09-19 08:04:12,6,-6,3854.25,-2703
2022-09-19 08:04:14,2,-2,3854.0,-2705
2022-09-19 08:04:16,1,-1,3854.0,-2706
2022-09-19 08:04:17,17,0,3854.0,-2706
2022-09-19 08:04:18,2,2,3854.0,-2704
2022-09-19 08:04:20,11,7,3854.25,-2697
2022-09-19 08:04:21,1,1,3854.25,-2696
2022-09-19 08:04:22,9,-9,3854.0,-2705
2022-09-19 08:04:23,1,-1,3854.0,-2706
2022-09-19 08:04:24,1,1,3854.25,-2705
2022-09-19 08:04:25,1,-1,3854.0,-2706
2022-09-19 08:04:26,3,3,3854.25,-2703
2022-09-19 08:04:28,9,-5,3854.0,-2708
2022-09-19 08:04:29,1,1,3854.0,-2707
2022-09-19 08:04:30,12,9,3854.25,-2698
2022-09-19 08:04:33,1,-1,3854.25,-2699
2022-09-19 08:04:35,6,-4,3854.25,-2703
2022-09-19 08:04:37,6,6,3854.25,-2697
2022-09-19 08:04:39,7,-7,3854.25,-2704
2022-09-19 08:04:42,13,13,3854.5,-2691
2022-09-19 08:04:43,15,-7,3854.5,-2698
2022-09-19 08:04:48,8,-8,3854.25,-2706
2022-09-19 08:04:49,2,0,3854.5,-2706
2022-09-19 08:04:52,7,-6,3854.25,-2712
2022-09-19 08:04:53,4,-1,3854.25,-2713
2022-09-19 08:04:54,2,2,3854.25,-2711
2022-09-19 08:05:00,30,28,3854.5,-2683
2022-09-19 08:05:01,2,2,3854.75,-2681
2022-09-19 08:05:02,5,5,3854.75,-2676
2022-09-19 08:05:03,2,2,3854.75,-2674
2022-09-19 08:05:04,1,-1,3854.5,-2675
2022-09-19 08:05:06,137,111,3855.5,-2564
2022-09-19 08:05:07,2,2,3855.0,-2562
2022-09-19 08:05:13,22,2,3855.0,-2560
2022-09-19 08:05:16,4,-4,3854.75,-2564
2022-09-19 08:05:18,43,25,3855.5,-2539
2022-09-19 08:05:19,3,1,3855.5,-2538
2022-09-19 08:05:20,15,-13,3855.5,-2551
2022-09-19 08:05:21,10,-8,3855.5,-2559
2022-09-19 08:05:22,10,0,3855.5,-2559
2022-09-19 08:05:25,1,1,3855.25,-2558
2022-09-19 08:05:26,1,1,3855.5,-2557
2022-09-19 08:05:27,7,-3,3855.5,-2560
2022-09-19 08:05:28,22,14,3855.5,-2546
2022-09-19 08:05:29,5,5,3855.5,-2541
2022-09-19 08:05:30,1,1,3855.5,-2540
2022-09-19 08:05:31,8,-6,3855.25,-2546
2022-09-19 08:05:32,8,8,3855.25,-2538
2022-09-19 08:05:36,7,-6,3855.0,-2544
2022-09-19 08:05:37,10,8,3855.0,-2536
2022-09-19 08:05:38,24,19,3855.25,-2517
2022-09-19 08:05:41,15,7,3855.25,-2510
2022-09-19 08:05:42,22,-20,3855.5,-2530
2022-09-19 08:05:46,19,8,3855.5,-2522
2022-09-19 08:05:47,2,-2,3855.25,-2524
2022-09-19 08:05:48,9,-1,3855.25,-2525
2022-09-19 08:05:49,65,88,3855.75,-2437
2022-09-19 08:05:50,17,-10,3855.25,-2447
2022-09-19 08:05:52,2,-2,3855.0,-2449
2022-09-19 08:05:53,5,-4,3855.0,-2453
2022-09-19 08:05:54,1,1,3855.25,-2452
2022-09-19 08:05:58,2,2,3855.25,-2450
2022-09-19 08:05:59,15,13,3855.25,-2437
2022-09-19 08:06:02,8,-7,3855.25,-2444
2022-09-19 08:06:03,1,-1,3855.0,-2445
2022-09-19 08:06:04,6,-4,3855.0,-2449
2022-09-19 08:06:07,13,8,3855.0,-2441
2022-09-19 08:06:09,31,18,3855.5,-2423
2022-09-19 08:06:10,10,-9,3855.5,-2432
2022-09-19 08:06:11,18,11,3855.75,-2421
2022-09-19 08:06:12,8,-2,3855.75,-2423
2022-09-19 08:06:13,2,2,3855.75,-2421
2022-09-19 08:06:17,66,38,3856.5,-2383
2022-09-19 08:06:18,133,183,3857.5,-2200
2022-09-19 08:06:20,2,0,3856.75,-2200
2022-09-19 08:06:22,32,12,3856.75,-2188
2022-09-19 08:06:24,19,5,3856.75,-2183
2022-09-19 08:06:25,10,-1,3856.75,-2184
2022-09-19 08:06:26,57,50,3857.25,-2134
2022-09-19 08:06:27,7,-7,3857.0,-2141
2022-09-19 08:06:28,1,-1,3857.0,-2142
2022-09-19 08:06:29,22,-8,3857.25,-2150
2022-09-19 08:06:31,18,-9,3857.5,-2159
2022-09-19 08:06:32,18,12,3857.5,-2147
2022-09-19 08:06:33,72,26,3858.0,-2121
2022-09-19 08:06:34,1,1,3857.5,-2120
2022-09-19 08:06:35,14,-8,3857.25,-2128
2022-09-19 08:06:36,4,2,3857.5,-2126
2022-09-19 08:06:37,4,4,3857.25,-2122
2022-09-19 08:06:38,3,1,3857.25,-2121
2022-09-19 08:06:39,22,8,3857.75,-2113
2022-09-19 08:06:41,3,-1,3857.75,-2114
2022-09-19 08:06:42,4,2,3857.75,-2112
2022-09-19 08:06:43,5,-3,3857.75,-2115
2022-09-19 08:06:44,2,0,3857.75,-2115
2022-09-19 08:06:46,2,-2,3857.5,-2117
2022-09-19 08:06:48,1,-1,3857.5,-2118
2022-09-19 08:06:51,22,-8,3857.5,-2126
2022-09-19 08:06:52,53,6,3857.75,-2120
2022-09-19 08:06:53,11,-7,3857.75,-2127
2022-09-19 08:06:54,50,30,3857.75,-2097
2022-09-19 08:06:55,9,-8,3857.75,-2105
2022-09-19 08:06:56,2,2,3857.75,-2103
2022-09-19 08:06:57,3,-3,3857.5,-2106
2022-09-19 08:06:58,3,1,3857.75,-2105
2022-09-19 08:06:59,8,-8,3857.75,-2113
2022-09-19 08:07:00,11,1,3858.0,-2112
2022-09-19 08:07:02,6,-6,3857.75,-2118
2022-09-19 08:07:03,1,1,3857.75,-2117
2022-09-19 08:07:05,12,-7,3857.75,-2124
2022-09-19 08:07:06,19,-5,3857.75,-2129
2022-09-19 08:07:07,6,-4,3857.25,-2133
2022-09-19 08:07:08,3,-1,3857.5,-2134
2022-09-19 08:07:09,1,-1,3857.25,-2135
2022-09-19 08:07:10,2,-1,3857.25,-2136
2022-09-19 08:07:11,12,-3,3857.5,-2139
2022-09-19 08:07:12,1,1,3857.5,-2138
2022-09-19 08:07:13,10,7,3857.5,-2131
2022-09-19 08:07:15,4,-4,3857.5,-2135
2022-09-19 08:07:19,80,19,3857.25,-2116
2022-09-19 08:07:21,66,11,3857.25,-2105
2022-09-19 08:07:22,8,-7,3856.75,-2112
2022-09-19 08:07:24,8,-8,3856.75,-2120
2022-09-19 08:07:25,32,-11,3857.0,-2131
2022-09-19 08:07:26,3,3,3857.0,-2128
2022-09-19 08:07:27,4,-2,3857.0,-2130
2022-09-19 08:07:28,1,1,3857.0,-2129
2022-09-19 08:07:29,1,-1,3856.75,-2130
2022-09-19 08:07:33,30,11,3857.0,-2119
2022-09-19 08:07:35,1,1,3857.0,-2118
2022-09-19 08:07:36,9,4,3857.0,-2114
2022-09-19 08:07:38,3,-3,3857.0,-2117
2022-09-19 08:07:41,3,-3,3856.75,-2120
2022-09-19 08:07:45,40,-12,3856.75,-2132
2022-09-19 08:07:46,4,2,3856.5,-2130
2022-09-19 08:07:48,1,-1,3856.5,-2131
2022-09-19 08:07:51,19,-15,3856.5,-2146
2022-09-19 08:07:52,28,-2,3856.75,-2148
2022-09-19 08:07:55,12,3,3856.75,-2145
2022-09-19 08:07:58,1,-1,3856.75,-2146
2022-09-19 08:07:59,13,13,3857.25,-2133
2022-09-19 08:08:01,12,4,3857.5,-2129
2022-09-19 08:08:03,14,7,3857.75,-2122
2022-09-19 08:08:04,25,-14,3857.75,-2136
2022-09-19 08:08:05,4,0,3857.75,-2136
2022-09-19 08:08:06,1,-1,3857.5,-2137
2022-09-19 08:08:07,17,-9,3857.5,-2146
2022-09-19 08:08:08,15,-3,3857.75,-2149
2022-09-19 08:08:09,3,-3,3857.5,-2152
2022-09-19 08:08:10,1,1,3857.75,-2151
2022-09-19 08:08:11,4,0,3857.75,-2151
2022-09-19 08:08:12,2,0,3857.75,-2151
2022-09-19 08:08:13,3,-3,3857.5,-2154
2022-09-19 08:08:14,15,-13,3857.5,-2167
2022-09-19 08:08:19,1,-1,3857.25,-2168
2022-09-19 08:08:20,27,9,3857.5,-2159
2022-09-19 08:08:21,6,-6,3857.5,-2165
2022-09-19 08:08:22,3,-3,3857.25,-2168
2022-09-19 08:08:23,2,2,3857.5,-2166
2022-09-19 08:08:24,2,-2,3857.5,-2168
2022-09-19 08:08:25,1,-1,3857.5,-2169
2022-09-19 08:08:27,30,-28,3857.75,-2197
2022-09-19 08:08:28,4,3,3857.75,-2194
2022-09-19 08:08:29,7,7,3857.75,-2187
2022-09-19 08:08:31,12,0,3858.0,-2187
2022-09-19 08:08:33,3,3,3857.75,-2184
2022-09-19 08:08:34,1,-1,3857.75,-2185
2022-09-19 08:08:35,3,-1,3857.5,-2186
2022-09-19 08:08:37,15,4,3857.75,-2182
2022-09-19 08:08:39,2,-2,3857.5,-2184
2022-09-19 08:08:40,9,9,3857.5,-2175
2022-09-19 08:08:43,7,6,3857.5,-2169
2022-09-19 08:08:45,21,8,3857.75,-2161
2022-09-19 08:08:46,15,0,3857.75,-2161
2022-09-19 08:08:48,13,9,3858.0,-2152
2022-09-19 08:08:49,19,13,3858.25,-2139
2022-09-19 08:08:50,3,-3,3858.25,-2142
2022-09-19 08:08:51,15,14,3858.5,-2128
2022-09-19 08:08:52,50,25,3858.5,-2103
2022-09-19 08:08:53,26,29,3859.0,-2074
2022-09-19 08:08:54,11,-7,3858.5,-2081
2022-09-19 08:08:55,2,0,3858.5,-2081
2022-09-19 08:08:56,10,-1,3858.5,-2082
2022-09-19 08:08:57,4,3,3858.75,-2079
2022-09-19 08:08:58,23,19,3858.75,-2060
2022-09-19 08:08:59,1,1,3858.75,-2059
2022-09-19 08:09:00,11,-2,3858.5,-2061
2022-09-19 08:09:01,11,-3,3858.25,-2064
2022-09-19 08:09:02,3,-3,3858.25,-2067
2022-09-19 08:09:03,7,1,3858.25,-2066
2022-09-19 08:09:06,1,1,3858.25,-2065
2022-09-19 08:09:08,1,1,3858.25,-2064
2022-09-19 08:09:09,12,3,3858.25,-2061
2022-09-19 08:09:11,4,-1,3858.25,-2062
2022-09-19 08:09:12,34,5,3858.75,-2057
2022-09-19 08:09:13,8,-8,3858.5,-2065
2022-09-19 08:09:15,21,14,3859.0,-2051
2022-09-19 08:09:16,23,18,3859.5,-2033
2022-09-19 08:09:17,30,10,3859.5,-2023
2022-09-19 08:09:18,9,-4,3859.25,-2027
2022-09-19 08:09:19,11,4,3859.0,-2023
2022-09-19 08:09:21,1,1,3859.0,-2022
2022-09-19 08:09:23,5,5,3859.0,-2017
2022-09-19 08:09:24,11,-9,3859.25,-2026
2022-09-19 08:09:26,10,8,3859.25,-2018
2022-09-19 08:09:27,19,-1,3859.5,-2019
2022-09-19 08:09:28,11,1,3859.0,-2018
2022-09-19 08:09:29,3,1,3859.0,-2017
2022-09-19 08:09:30,6,4,3859.25,-2013
2022-09-19 08:09:31,16,7,3859.25,-2006
2022-09-19 08:09:32,19,-11,3859.25,-2017
2022-09-19 08:09:33,25,14,3859.0,-2003
2022-09-19 08:09:35,1,1,3859.0,-2002
2022-09-19 08:09:37,37,2,3859.25,-2000
2022-09-19 08:09:38,1,-1,3858.75,-2001
2022-09-19 08:09:42,8,-4,3858.75,-2005
2022-09-19 08:09:45,38,1,3858.75,-2004
2022-09-19 08:09:46,13,-16,3858.5,-2020
2022-09-19 08:09:52,5,-5,3858.25,-2025
2022-09-19 08:09:53,12,3,3858.5,-2022
2022-09-19 08:09:54,5,-5,3858.5,-2027
2022-09-19 08:09:55,10,2,3858.75,-2025
2022-09-19 08:09:57,2,2,3858.75,-2023
2022-09-19 08:09:59,4,3,3858.75,-2020
2022-09-19 08:10:00,2,-2,3858.5,-2022
2022-09-19 08:10:01,5,5,3858.75,-2017
2022-09-19 08:10:02,19,-10,3858.75,-2027
2022-09-19 08:10:03,3,-2,3858.5,-2029
2022-09-19 08:10:04,9,2,3858.75,-2027
2022-09-19 08:10:05,1,1,3858.75,-2026
2022-09-19 08:10:06,2,2,3859.0,-2024
2022-09-19 08:10:08,5,5,3858.75,-2019
2022-09-19 08:10:09,17,3,3858.5,-2016
2022-09-19 08:10:10,9,3,3858.75,-2013
2022-09-19 08:10:12,4,-2,3858.75,-2015
2022-09-19 08:10:14,10,-5,3858.5,-2020
2022-09-19 08:10:15,6,1,3858.5,-2019
2022-09-19 08:10:16,9,0,3858.5,-2019
2022-09-19 08:10:17,1,-1,3858.25,-2020
2022-09-19 08:10:19,1,1,3858.5,-2019
2022-09-19 08:10:21,1,-1,3858.25,-2020
2022-09-19 08:10:22,4,-4,3858.25,-2024
2022-09-19 08:10:23,15,-4,3858.25,-2028
2022-09-19 08:10:28,7,-7,3858.25,-2035
2022-09-19 08:10:29,24,9,3858.5,-2026
2022-09-19 08:10:30,2,2,3858.5,-2024
2022-09-19 08:10:31,7,3,3858.5,-2021
2022-09-19 08:10:32,1,-1,3858.5,-2022
2022-09-19 08:10:33,3,3,3858.5,-2019
2022-09-19 08:10:34,1,1,3858.5,-2018
2022-09-19 08:10:38,8,8,3858.75,-2010
2022-09-19 08:10:39,1,1,3859.0,-2009
2022-09-19 08:10:41,14,-5,3858.75,-2014
2022-09-19 08:10:44,27,34,3859.25,-1980
2022-09-19 08:10:45,8,-2,3859.25,-1982
2022-09-19 08:10:46,6,-2,3859.0,-1984
2022-09-19 08:10:47,3,1,3859.0,-1983
2022-09-19 08:10:48,2,2,3859.0,-1981
2022-09-19 08:10:49,5,4,3859.0,-1977
2022-09-19 08:10:50,2,-2,3859.0,-1979
2022-09-19 08:10:54,4,-2,3859.0,-1981
2022-09-19 08:10:57,22,11,3859.25,-1970
2022-09-19 08:10:58,1,1,3859.0,-1969
2022-09-19 08:10:59,129,-38,3859.25,-2007
2022-09-19 08:11:00,10,7,3859.25,-2000
2022-09-19 08:11:01,1,-1,3859.0,-2001
2022-09-19 08:11:02,13,-6,3859.0,-2007
2022-09-19 08:11:04,2,2,3859.25,-2005
2022-09-19 08:11:05,13,7,3859.25,-1998
2022-09-19 08:11:06,17,-2,3859.25,-2000
2022-09-19 08:11:07,1,-1,3859.0,-2001
2022-09-19 08:11:08,1,1,3859.5,-2000
2022-09-19 08:11:10,20,-16,3859.25,-2016
2022-09-19 08:11:11,1,1,3859.25,-2015
2022-09-19 08:11:12,2,-2,3859.0,-2017
2022-09-19 08:11:14,1,-1,3859.0,-2018
2022-09-19 08:11:15,48,-21,3859.0,-2039
2022-09-19 08:11:16,16,14,3859.25,-2025
2022-09-19 08:11:17,6,-6,3859.25,-2031
2022-09-19 08:11:19,124,117,3860.0,-1914
2022-09-19 08:11:20,1,-1,3859.5,-1915
2022-09-19 08:11:21,16,-7,3859.75,-1922
2022-09-19 08:11:22,13,-10,3859.5,-1932
2022-09-19 08:11:23,6,-2,3859.5,-1934
2022-09-19 08:11:24,7,5,3859.75,-1929
2022-09-19 08:11:25,2,0,3859.5,-1929
2022-09-19 08:11:27,105,22,3860.25,-1907
2022-09-19 08:11:28,26,-3,3860.0,-1910
2022-09-19 08:11:29,8,-4,3860.0,-1914
2022-09-19 08:11:31,17,-3,3860.0,-1917
2022-09-19 08:11:32,14,1,3859.75,-1916
2022-09-19 08:11:33,11,-1,3860.0,-1917
2022-09-19 08:11:34,5,-5,3859.75,-1922
2022-09-19 08:11:35,8,8,3860.0,-1914
2022-09-19 08:11:36,36,-13,3859.75,-1927
2022-09-19 08:11:37,12,-8,3859.25,-1935
2022-09-19 08:11:38,6,6,3859.5,-1929
2022-09-19 08:11:39,1,1,3859.5,-1928
2022-09-19 08:11:40,23,16,3859.75,-1912
2022-09-19 08:11:41,9,-4,3859.5,-1916
2022-09-19 08:11:42,23,9,3859.75,-1907
2022-09-19 08:11:43,8,-3,3859.75,-1910
2022-09-19 08:11:44,14,-13,3859.5,-1923
2022-09-19 08:11:45,36,-26,3859.25,-1949
2022-09-19 08:11:46,40,-24,3859.0,-1973
2022-09-19 08:11:47,18,-13,3858.5,-1986
2022-09-19 08:11:48,19,14,3858.75,-1972
2022-09-19 08:11:49,26,20,3859.0,-1952
2022-09-19 08:11:50,15,4,3859.0,-1948
2022-09-19 08:11:51,1,1,3859.0,-1947
2022-09-19 08:11:52,1,-1,3858.75,-1948
2022-09-19 08:11:54,5,-5,3858.75,-1953
2022-09-19 08:11:55,1,-1,3858.75,-1954
2022-09-19 08:11:58,30,22,3859.25,-1932
2022-09-19 08:11:59,12,-9,3858.75,-1941
2022-09-19 08:12:02,15,-12,3858.5,-1953
2022-09-19 08:12:03,10,-10,3858.25,-1963
2022-09-19 08:12:04,44,-27,3858.25,-1990
2022-09-19 08:12:05,14,7,3858.5,-1983
2022-09-19 08:12:06,1,-1,3858.5,-1984
2022-09-19 08:12:07,13,-5,3858.5,-1989
2022-09-19 08:12:08,1,1,3858.5,-1988
2022-09-19 08:12:09,30,-24,3858.25,-2012
2022-09-19 08:12:10,31,-11,3858.0,-2023
2022-09-19 08:12:11,40,1,3858.25,-2022
2022-09-19 08:12:13,7,-3,3858.0,-2025
2022-09-19 08:12:14,21,12,3858.0,-2013
2022-09-19 08:12:15,3,1,3857.75,-2012
2022-09-19 08:12:16,2,0,3857.75,-2012
2022-09-19 08:12:17,42,-16,3857.5,-2028
2022-09-19 08:12:18,4,-4,3857.5,-2032
2022-09-19 08:12:19,28,-7,3857.5,-2039
2022-09-19 08:12:20,13,-12,3857.25,-2051
2022-09-19 08:12:21,10,-6,3857.25,-2057
2022-09-19 08:12:22,37,-5,3857.75,-2062
2022-09-19 08:12:24,26,-12,3857.5,-2074
2022-09-19 08:12:25,26,-3,3857.5,-2077
2022-09-19 08:12:26,4,0,3857.25,-2077
2022-09-19 08:12:27,3,3,3857.25,-2074
2022-09-19 08:12:29,5,-5,3857.25,-2079
2022-09-19 08:12:30,17,13,3857.5,-2066
2022-09-19 08:12:31,10,9,3857.75,-2057
2022-09-19 08:12:35,15,5,3857.75,-2052
2022-09-19 08:12:36,13,-12,3857.75,-2064
2022-09-19 08:12:37,29,3,3857.75,-2061
2022-09-19 08:12:38,22,-11,3857.5,-2072
2022-09-19 08:12:39,13,12,3857.25,-2060
2022-09-19 08:12:40,1,1,3857.25,-2059
2022-09-19 08:12:43,55,-20,3857.25,-2079
2022-09-19 08:12:44,4,-4,3857.0,-2083
2022-09-19 08:12:45,38,-1,3857.25,-2084
2022-09-19 08:12:47,13,-11,3857.0,-2095
2022-09-19 08:12:48,9,1,3856.75,-2094
2022-09-19 08:12:49,3,1,3856.75,-2093
2022-09-19 08:12:50,1,-1,3856.5,-2094
2022-09-19 08:12:52,46,-32,3856.5,-2126
2022-09-19 08:12:53,19,-14,3856.25,-2140
2022-09-19 08:12:54,2,-2,3856.0,-2142
2022-09-19 08:12:55,24,10,3856.25,-2132
2022-09-19 08:12:57,15,-10,3856.25,-2142
2022-09-19 08:12:58,40,22,3856.75,-2120
2022-09-19 08:13:00,8,0,3856.5,-2120
2022-09-19 08:13:03,17,1,3856.75,-2119
2022-09-19 08:13:04,2,2,3856.75,-2117
2022-09-19 08:13:06,10,7,3856.75,-2110
2022-09-19 08:13:07,12,5,3856.75,-2105
2022-09-19 08:13:08,12,-9,3856.75,-2114
2022-09-19 08:13:09,5,-3,3856.75,-2117
2022-09-19 08:13:11,8,-2,3856.5,-2119
2022-09-19 08:13:12,5,-3,3856.5,-2122
2022-09-19 08:13:14,1,-1,3856.25,-2123
2022-09-19 08:13:16,28,24,3856.75,-2099
2022-09-19 08:13:17,19,-5,3857.0,-2104
2022-09-19 08:13:18,2,2,3857.0,-2102
2022-09-19 08:13:19,34,23,3857.5,-2079
2022-09-19 08:13:20,51,-20,3857.25,-2099
2022-09-19 08:13:22,11,8,3857.25,-2091
2022-09-19 08:13:23,19,3,3857.25,-2088
2022-09-19 08:13:24,31,1,3857.5,-2087
2022-09-19 08:13:25,6,5,3857.75,-2082
2022-09-19 08:13:27,1,1,3857.75,-2081
2022-09-19 08:13:28,1,1,3857.75,-2080
2022-09-19 08:13:29,2,-2,3857.5,-2082
2022-09-19 08:13:30,3,3,3857.75,-2079
2022-09-19 08:13:32,17,-13,3857.5,-2092
2022-09-19 08:13:33,1,1,3857.5,-2091
2022-09-19 08:13:34,11,-7,3857.25,-2098
2022-09-19 08:13:35,1,-1,3857.0,-2099
2022-09-19 08:13:36,97,-119,3857.0,-2218
2022-09-19 08:13:37,37,-15,3856.75,-2233
2022-09-19 08:13:38,64,-64,3856.5,-2297
2022-09-19 08:13:39,35,18,3856.25,-2279
2022-09-19 08:13:40,62,-25,3856.25,-2304
2022-09-19 08:13:41,82,42,3856.5,-2262
2022-09-19 08:13:42,33,-3,3856.25,-2265
2022-09-19 08:13:43,7,-5,3856.25,-2270
2022-09-19 08:13:44,3,1,3856.25,-2269
2022-09-19 08:13:45,1,-1,3856.0,-2270
2022-09-19 08:13:46,3,-3,3856.0,-2273
2022-09-19 08:13:47,23,9,3856.25,-2264
2022-09-19 08:13:49,17,4,3856.5,-2260
2022-09-19 08:13:51,10,-10,3856.25,-2270
2022-09-19 08:13:53,44,-20,3856.25,-2290
2022-09-19 08:13:57,12,2,3856.0,-2288
2022-09-19 08:13:58,15,-22,3856.0,-2310
2022-09-19 08:13:59,19,0,3856.0,-2310
2022-09-19 08:14:00,37,-12,3856.0,-2322
2022-09-19 08:14:01,23,-3,3855.75,-2325
2022-09-19 08:14:02,22,12,3856.0,-2313
2022-09-19 08:14:03,28,-39,3856.0,-2352
2022-09-19 08:14:06,13,8,3856.0,-2344
2022-09-19 08:14:09,46,26,3856.25,-2318
2022-09-19 08:14:11,20,-14,3856.25,-2332
2022-09-19 08:14:12,2,-1,3856.0,-2333
2022-09-19 08:14:16,14,-8,3856.0,-2341
2022-09-19 08:14:17,1,1,3856.25,-2340
2022-09-19 08:14:18,15,6,3856.25,-2334
2022-09-19 08:14:19,2,2,3856.25,-2332
2022-09-19 08:14:20,5,1,3856.25,-2331
2022-09-19 08:14:21,7,-1,3856.25,-2332
2022-09-19 08:14:22,1,1,3856.25,-2331
2022-09-19 08:14:24,1,1,3856.25,-2330
2022-09-19 08:14:28,26,9,3856.25,-2321
2022-09-19 08:14:29,9,-6,3856.25,-2327
2022-09-19 08:14:30,6,4,3856.25,-2323
2022-09-19 08:14:31,5,5,3856.5,-2318
2022-09-19 08:14:32,6,-3,3856.75,-2321
2022-09-19 08:14:33,7,1,3856.25,-2320
2022-09-19 08:14:34,12,11,3856.5,-2309
2022-09-19 08:14:36,1,1,3856.5,-2308
2022-09-19 08:14:38,1,-1,3856.25,-2309
2022-09-19 08:14:39,9,-8,3856.25,-2317
2022-09-19 08:14:41,39,-1,3856.25,-2318
2022-09-19 08:14:43,2,2,3856.25,-2316
2022-09-19 08:14:46,34,-5,3856.0,-2321
2022-09-19 08:14:49,13,-2,3856.25,-2323
2022-09-19 08:14:51,1,-1,3856.0,-2324
2022-09-19 08:14:52,9,-6,3856.5,-2330
2022-09-19 08:14:53,1,-1,3856.0,-2331
2022-09-19 08:14:57,8,7,3856.5,-2324
2022-09-19 08:14:58,1,1,3856.75,-2323
2022-09-19 08:14:59,39,-41,3856.75,-2364
2022-09-19 08:15:01,5,-3,3856.25,-2367
2022-09-19 08:15:02,3,1,3856.5,-2366
2022-09-19 08:15:03,12,9,3856.5,-2357
2022-09-19 08:15:04,11,-9,3856.5,-2366
2022-09-19 08:15:06,2,-2,3856.25,-2368
2022-09-19 08:15:08,5,-2,3856.5,-2370
2022-09-19 08:15:09,14,-12,3856.25,-2382
2022-09-19 08:15:10,17,-13,3856.25,-2395
2022-09-19 08:15:14,12,2,3856.0,-2393
2022-09-19 08:15:16,10,9,3856.0,-2384
2022-09-19 08:15:17,3,1,3856.0,-2383
2022-09-19 08:15:18,1,-1,3856.0,-2384
2022-09-19 08:15:21,20,-9,3856.0,-2393
2022-09-19 08:15:23,7,6,3855.75,-2387
2022-09-19 08:15:24,15,13,3855.75,-2374
2022-09-19 08:15:25,7,7,3855.75,-2367
2022-09-19 08:15:26,48,-24,3855.5,-2391
2022-09-19 08:15:27,39,37,3856.25,-2354
2022-09-19 08:15:28,1,1,3856.25,-2353
2022-09-19 08:15:29,11,7,3856.25,-2346
2022-09-19 08:15:30,35,7,3856.25,-2339
2022-09-19 08:15:33,1,1,3856.5,-2338
2022-09-19 08:15:35,10,10,3856.5,-2328
2022-09-19 08:15:36,1,1,3856.5,-2327
2022-09-19 08:15:39,3,-3,3856.25,-2330
2022-09-19 08:15:41,17,-5,3856.25,-2335
2022-09-19 08:15:43,11,-8,3856.25,-2343
2022-09-19 08:15:44,1,1,3856.25,-2342
2022-09-19 08:15:45,15,-13,3856.0,-2355
2022-09-19 08:15:47,3,3,3856.0,-2352
2022-09-19 08:15:48,3,0,3856.0,-2352
2022-09-19 08:15:49,6,-6,3856.0,-2358
2022-09-19 08:15:52,38,13,3856.0,-2345
2022-09-19 08:15:54,28,-17,3856.0,-2362
2022-09-19 08:15:55,2,-2,3855.75,-2364
2022-09-19 08:15:56,6,1,3855.75,-2363
2022-09-19 08:15:57,1,-1,3855.75,-2364
2022-09-19 08:15:58,2,-2,3855.75,-2366
2022-09-19 08:15:59,6,-5,3855.75,-2371
2022-09-19 08:16:00,1,1,3855.75,-2370
2022-09-19 08:16:01,260,-145,3856.0,-2515
2022-09-19 08:16:02,26,12,3854.75,-2503
2022-09-19 08:16:03,26,-11,3854.75,-2514
2022-09-19 08:16:04,22,-6,3854.75,-2520
2022-09-19 08:16:05,18,11,3854.5,-2509
2022-09-19 08:16:06,8,6,3854.5,-2503
2022-09-19 08:16:07,8,-2,3854.5,-2505
2022-09-19 08:16:08,1,1,3854.75,-2504
2022-09-19 08:16:09,14,8,3854.75,-2496
2022-09-19 08:16:10,24,1,3854.75,-2495
2022-09-19 08:16:11,1,-1,3854.5,-2496
2022-09-19 08:16:12,35,11,3854.75,-2485
2022-09-19 08:16:13,1,1,3854.75,-2484
2022-09-19 08:16:14,15,-4,3854.75,-2488
2022-09-19 08:16:15,58,-2,3854.75,-2490
2022-09-19 08:16:16,3,3,3854.5,-2487
2022-09-19 08:16:18,11,5,3854.75,-2482
2022-09-19 08:16:21,3,1,3854.5,-2481
2022-09-19 08:16:22,1,1,3854.75,-2480
2022-09-19 08:16:24,1,-1,3854.5,-2481
2022-09-19 08:16:25,12,-8,3854.5,-2489
2022-09-19 08:16:26,6,-4,3854.75,-2493
2022-09-19 08:16:27,20,-10,3854.75,-2503
2022-09-19 08:16:28,61,-56,3854.25,-2559
2022-09-19 08:16:32,69,-40,3854.25,-2599
2022-09-19 08:16:33,32,-4,3854.0,-2603
2022-09-19 08:16:34,8,4,3854.0,-2599
2022-09-19 08:16:35,5,-5,3853.75,-2604
2022-09-19 08:16:36,1,-1,3853.75,-2605
2022-09-19 08:16:37,54,-6,3854.0,-2611
2022-09-19 08:16:38,26,1,3853.75,-2610
2022-09-19 08:16:39,27,15,3854.0,-2595
2022-09-19 08:16:40,4,0,3854.0,-2595
2022-09-19 08:16:41,18,-3,3854.0,-2598
2022-09-19 08:16:42,2,0,3853.75,-2598
2022-09-19 08:16:43,110,143,3854.5,-2455
2022-09-19 08:16:44,8,-6,3854.0,-2461
2022-09-19 08:16:45,7,-7,3853.75,-2468
2022-09-19 08:16:48,81,-21,3853.75,-2489
2022-09-19 08:16:49,4,2,3854.0,-2487
2022-09-19 08:16:51,2,2,3854.25,-2485
2022-09-19 08:16:53,18,8,3854.25,-2477
2022-09-19 08:16:54,8,-8,3854.25,-2485
2022-09-19 08:16:55,7,1,3854.25,-2484
2022-09-19 08:16:56,1,-1,3854.0,-2485
2022-09-19 08:16:57,6,-3,3854.0,-2488
2022-09-19 08:16:58,4,-2,3853.75,-2490
2022-09-19 08:16:59,1,-1,3853.75,-2491
2022-09-19 08:17:00,1,1,3854.0,-2490
2022-09-19 08:17:02,23,-21,3853.75,-2511
2022-09-19 08:17:03,26,-5,3853.5,-2516
2022-09-19 08:17:05,37,19,3853.75,-2497
2022-09-19 08:17:06,1,1,3853.75,-2496
2022-09-19 08:17:07,2,-2,3853.5,-2498
2022-09-19 08:17:08,2,-1,3853.5,-2499
2022-09-19 08:17:16,11,11,3853.75,-2488
2022-09-19 08:17:18,2,0,3853.75,-2488
2022-09-19 08:17:20,3,-1,3853.5,-2489
2022-09-19 08:17:22,34,5,3853.75,-2484
2022-09-19 08:17:23,1,-1,3853.75,-2485
2022-09-19 08:17:24,3,-3,3853.75,-2488
2022-09-19 08:17:25,11,10,3853.75,-2478
2022-09-19 08:17:28,12,-1,3853.75,-2479
2022-09-19 08:17:29,2,0,3854.0,-2479
2022-09-19 08:17:31,8,-4,3853.75,-2483
2022-09-19 08:17:33,32,26,3853.75,-2457
2022-09-19 08:17:34,6,6,3854.0,-2451
2022-09-19 08:17:39,46,6,3854.0,-2445
2022-09-19 08:17:40,18,-1,3854.0,-2446
2022-09-19 08:17:44,1,1,3854.0,-2445
2022-09-19 08:17:47,16,-1,3854.0,-2446
2022-09-19 08:17:48,7,0,3854.0,-2446
2022-09-19 08:17:50,9,8,3854.0,-2438
2022-09-19 08:17:52,4,-4,3854.0,-2442
2022-09-19 08:17:54,12,5,3854.25,-2437
2022-09-19 08:17:55,1,-1,3854.25,-2438
2022-09-19 08:17:56,6,0,3854.5,-2438
2022-09-19 08:17:57,1,-1,3854.25,-2439
2022-09-19 08:17:58,1,1,3854.25,-2438
2022-09-19 08:17:59,37,22,3854.75,-2416
2022-09-19 08:18:00,8,-1,3854.75,-2417
2022-09-19 08:18:02,10,9,3854.75,-2408
2022-09-19 08:18:04,1,1,3854.75,-2407
2022-09-19 08:18:05,30,-19,3854.5,-2426
2022-09-19 08:18:06,2,2,3854.5,-2424
2022-09-19 08:18:08,7,-2,3854.5,-2426
2022-09-19 08:18:12,3,-2,3854.25,-2428
2022-09-19 08:18:15,50,52,3854.5,-2376
2022-09-19 08:18:18,42,-9,3854.25,-2385
2022-09-19 08:18:19,1,-1,3854.0,-2386
2022-09-19 08:18:20,17,-15,3854.0,-2401
2022-09-19 08:18:22,5,-4,3854.0,-2405
2022-09-19 08:18:23,4,-3,3854.0,-2408
2022-09-19 08:18:25,15,9,3854.25,-2399
2022-09-19 08:18:31,4,0,3854.25,-2399
2022-09-19 08:18:32,2,2,3854.25,-2397
2022-09-19 08:18:33,3,-1,3854.25,-2398
2022-09-19 08:18:34,17,-11,3854.0,-2409
2022-09-19 08:18:36,15,-8,3853.75,-2417
2022-09-19 08:18:37,31,-16,3853.75,-2433
2022-09-19 08:18:38,30,4,3853.5,-2429
2022-09-19 08:18:39,7,2,3853.75,-2427
2022-09-19 08:18:42,4,-1,3853.5,-2428
2022-09-19 08:18:43,15,2,3853.75,-2426
2022-09-19 08:18:45,23,15,3854.0,-2411
2022-09-19 08:18:49,18,4,3854.0,-2407
2022-09-19 08:18:50,1,-1,3853.75,-2408
2022-09-19 08:18:51,1,-1,3854.0,-2409
2022-09-19 08:18:52,3,0,3854.25,-2409
2022-09-19 08:18:53,5,-3,3854.25,-2412
2022-09-19 08:18:55,6,6,3854.0,-2406
2022-09-19 08:18:58,16,-13,3853.75,-2419
2022-09-19 08:18:59,2,-2,3853.5,-2421
2022-09-19 08:19:03,1,1,3853.75,-2420
2022-09-19 08:19:07,25,2,3853.5,-2418
2022-09-19 08:19:08,35,8,3853.75,-2410
2022-09-19 08:19:13,1,-1,3853.75,-2411
2022-09-19 08:19:15,20,-13,3853.75,-2424
2022-09-19 08:19:16,30,-1,3853.75,-2425
2022-09-19 08:19:17,26,7,3854.25,-2418
2022-09-19 08:19:18,1,-1,3854.0,-2419
2022-09-19 08:19:19,15,-6,3854.0,-2425
2022-09-19 08:19:22,1,1,3854.0,-2424
2022-09-19 08:19:24,2,-2,3853.75,-2426
2022-09-19 08:19:26,8,-3,3853.75,-2429
2022-09-19 08:19:27,18,-4,3853.5,-2433
2022-09-19 08:19:28,10,-1,3853.5,-2434
2022-09-19 08:19:33,2,-2,3853.25,-2436
2022-09-19 08:19:35,3,-3,3853.25,-2439
2022-09-19 08:19:38,12,-12,3853.25,-2451
2022-09-19 08:19:41,3,-3,3853.0,-2454
2022-09-19 08:19:43,29,-20,3853.0,-2474
2022-09-19 08:19:44,2,-2,3852.75,-2476
2022-09-19 08:19:45,35,9,3853.0,-2467
2022-09-19 08:19:47,33,14,3853.25,-2453
2022-09-19 08:19:49,1,1,3853.5,-2452
2022-09-19 08:19:51,6,6,3853.75,-2446
2022-09-19 08:19:52,1,1,3853.75,-2445
2022-09-19 08:19:53,1,1,3853.75,-2444
2022-09-19 08:19:55,4,-4,3853.5,-2448
2022-09-19 08:19:56,2,-2,3853.5,-2450
2022-09-19 08:19:57,48,11,3853.75,-2439
2022-09-19 08:19:58,12,6,3853.5,-2433
2022-09-19 08:19:59,9,-3,3853.75,-2436
2022-09-19 08:20:00,14,-4,3854.0,-2440
2022-09-19 08:20:01,3,-1,3854.0,-2441
2022-09-19 08:20:02,25,-7,3853.75,-2448
2022-09-19 08:20:03,24,2,3854.0,-2446
2022-09-19 08:20:04,27,-4,3854.0,-2450
2022-09-19 08:20:05,8,0,3854.0,-2450
2022-09-19 08:20:08,4,2,3854.0,-2448
2022-09-19 08:20:09,5,-5,3854.0,-2453
2022-09-19 08:20:10,35,10,3854.5,-2443
2022-09-19 08:20:11,5,-4,3854.5,-2447
2022-09-19 08:20:12,9,-8,3854.25,-2455
2022-09-19 08:20:13,2,2,3854.5,-2453
2022-09-19 08:20:14,4,1,3854.5,-2452
2022-09-19 08:20:15,18,12,3854.5,-2440
2022-09-19 08:20:16,3,3,3854.75,-2437
2022-09-19 08:20:19,17,15,3854.75,-2422
2022-09-19 08:20:20,15,-11,3854.75,-2433
2022-09-19 08:20:22,12,3,3854.75,-2430
2022-09-19 08:20:23,11,6,3854.75,-2424
2022-09-19 08:20:25,16,15,3855.0,-2409
2022-09-19 08:20:26,80,67,3855.5,-2342
2022-09-19 08:20:27,99,10,3855.75,-2332
2022-09-19 08:20:28,34,6,3855.5,-2326
2022-09-19 08:20:29,23,-12,3855.5,-2338
2022-09-19 08:20:31,16,-14,3855.25,-2352
2022-09-19 08:20:32,3,-3,3855.0,-2355
2022-09-19 08:20:37,2,2,3855.25,-2353
2022-09-19 08:20:38,33,1,3855.5,-2352
2022-09-19 08:20:39,2,2,3855.25,-2350
2022-09-19 08:20:40,30,3,3855.25,-2347
2022-09-19 08:20:43,1,1,3855.25,-2346
2022-09-19 08:20:46,19,3,3855.25,-2343
2022-09-19 08:20:47,3,3,3855.25,-2340
2022-09-19 08:20:48,1,-1,3855.25,-2341
2022-09-19 08:20:49,3,3,3855.25,-2338
2022-09-19 08:20:50,36,-25,3855.0,-2363
2022-09-19 08:20:51,12,8,3854.75,-2355
2022-09-19 08:20:53,19,14,3855.0,-2341
2022-09-19 08:20:54,1,1,3855.25,-2340
2022-09-19 08:20:56,1,-1,3855.25,-2341
2022-09-19 08:20:57,16,3,3855.5,-2338
2022-09-19 08:20:58,6,-6,3855.25,-2344
2022-09-19 08:20:59,5,5,3855.25,-2339
2022-09-19 08:21:00,5,5,3855.25,-2334
2022-09-19 08:21:01,4,-2,3855.5,-2336
2022-09-19 08:21:02,9,-3,3855.25,-2339
2022-09-19 08:21:05,20,0,3855.0,-2339
2022-09-19 08:21:06,2,-2,3854.75,-2341
2022-09-19 08:21:07,19,-9,3854.75,-2350
2022-09-19 08:21:08,16,7,3855.0,-2343
2022-09-19 08:21:09,1,1,3855.0,-2342
2022-09-19 08:21:10,16,0,3855.25,-2342
2022-09-19 08:21:11,11,-5,3855.0,-2347
2022-09-19 08:21:12,2,-1,3855.0,-2348
2022-09-19 08:21:14,5,-5,3855.0,-2353
2022-09-19 08:21:15,4,0,3854.75,-2353
2022-09-19 08:21:17,1,-1,3854.75,-2354
2022-09-19 08:21:18,112,-71,3854.5,-2425
2022-09-19 08:21:19,20,6,3853.75,-2419
2022-09-19 08:21:21,12,-8,3853.25,-2427
2022-09-19 08:21:22,16,-8,3853.25,-2435
2022-09-19 08:21:23,18,5,3853.5,-2430
2022-09-19 08:21:24,2,1,3853.5,-2429
2022-09-19 08:21:27,11,-8,3853.25,-2437
2022-09-19 08:21:28,62,49,3853.75,-2388
2022-09-19 08:21:29,25,9,3853.75,-2379
2022-09-19 08:21:30,3,2,3854.0,-2377
2022-09-19 08:21:32,24,1,3853.75,-2376
2022-09-19 08:21:33,6,-6,3853.75,-2382
2022-09-19 08:21:35,28,-15,3853.5,-2397
2022-09-19 08:21:38,1,-1,3853.25,-2398
2022-09-19 08:21:39,1,1,3853.5,-2397
2022-09-19 08:21:42,58,11,3853.5,-2386
2022-09-19 08:21:43,2,1,3853.5,-2385
2022-09-19 08:21:45,38,0,3853.5,-2385
2022-09-19 08:21:47,1,1,3853.25,-2384
2022-09-19 08:21:48,2,0,3853.25,-2384
2022-09-19 08:21:49,16,-14,3853.0,-2398
2022-09-19 08:21:50,3,-3,3853.0,-2401
2022-09-19 08:21:51,17,14,3853.5,-2387
2022-09-19 08:21:52,12,-2,3853.5,-2389
2022-09-19 08:21:55,1,1,3853.5,-2388
2022-09-19 08:21:56,16,5,3853.75,-2383
2022-09-19 08:21:57,8,-4,3854.0,-2387
2022-09-19 08:21:58,1,-1,3853.5,-2388
2022-09-19 08:21:59,1,-1,3853.5,-2389
2022-09-19 08:22:00,1,-1,3853.5,-2390
2022-09-19 08:22:02,1,-1,3853.5,-2391
2022-09-19 08:22:04,20,15,3853.75,-2376
2022-09-19 08:22:05,21,-1,3853.75,-2377
2022-09-19 08:22:07,8,8,3854.0,-2369
2022-09-19 08:22:08,34,18,3854.0,-2351
2022-09-19 08:22:12,1,1,3854.25,-2350
2022-09-19 08:22:13,18,-6,3854.0,-2356
2022-09-19 08:22:14,18,13,3854.0,-2343
2022-09-19 08:22:17,2,2,3854.25,-2341
2022-09-19 08:22:18,1,-1,3854.0,-2342
2022-09-19 08:22:19,26,5,3854.25,-2337
2022-09-19 08:22:20,3,-3,3854.25,-2340
2022-09-19 08:22:21,11,12,3854.75,-2328
2022-09-19 08:22:22,3,-1,3854.75,-2329
2022-09-19 08:22:23,45,5,3855.0,-2324
2022-09-19 08:22:24,3,3,3855.25,-2321
2022-09-19 08:22:25,20,-5,3855.5,-2326
2022-09-19 08:22:26,17,-10,3855.5,-2336
2022-09-19 08:22:27,2,2,3855.5,-2334
2022-09-19 08:22:29,7,-3,3855.25,-2337
2022-09-19 08:22:30,8,-7,3855.0,-2344
2022-09-19 08:22:32,33,-12,3855.0,-2356
2022-09-19 08:22:33,1,-1,3854.75,-2357
2022-09-19 08:22:36,4,-2,3854.75,-2359
2022-09-19 08:22:37,49,3,3855.0,-2356
2022-09-19 08:22:38,21,-15,3854.5,-2371
2022-09-19 08:22:39,1,-1,3854.25,-2372
2022-09-19 08:22:41,9,6,3854.25,-2366
2022-09-19 08:22:42,5,1,3854.25,-2365
2022-09-19 08:22:47,18,-14,3854.0,-2379
2022-09-19 08:22:48,1,1,3854.0,-2378
2022-09-19 08:22:49,28,-7,3853.75,-2385
2022-09-19 08:22:50,9,0,3853.75,-2385
2022-09-19 08:22:51,33,0,3853.75,-2385
2022-09-19 08:22:53,9,5,3853.75,-2380
2022-09-19 08:22:54,9,8,3853.75,-2372
2022-09-19 08:22:57,2,2,3854.0,-2370
2022-09-19 08:22:58,12,-4,3853.75,-2374
2022-09-19 08:22:59,1,-1,3853.75,-2375
2022-09-19 08:23:00,19,7,3854.0,-2368
2022-09-19 08:23:01,2,2,3854.0,-2366
2022-09-19 08:23:02,15,-1,3854.25,-2367
2022-09-19 08:23:05,23,14,3854.25,-2353
2022-09-19 08:23:07,29,5,3854.25,-2348
2022-09-19 08:23:08,11,5,3854.5,-2343
2022-09-19 08:23:09,3,-3,3854.25,-2346
2022-09-19 08:23:10,5,2,3854.0,-2344
2022-09-19 08:23:16,31,-26,3854.0,-2370
2022-09-19 08:23:17,1,1,3854.0,-2369
2022-09-19 08:23:18,13,-6,3853.5,-2375
2022-09-19 08:23:20,4,4,3853.5,-2371
2022-09-19 08:23:21,14,-5,3853.5,-2376
2022-09-19 08:23:22,4,-4,3853.5,-2380
2022-09-19 08:23:23,2,0,3853.5,-2380
2022-09-19 08:23:24,1,-1,3853.25,-2381
2022-09-19 08:23:26,11,-5,3853.5,-2386
2022-09-19 08:23:28,1,1,3853.75,-2385
2022-09-19 08:23:29,17,14,3853.75,-2371
2022-09-19 08:23:32,4,-4,3853.75,-2375
2022-09-19 08:23:35,45,-3,3853.75,-2378
2022-09-19 08:23:36,2,-2,3853.75,-2380
2022-09-19 08:23:40,2,2,3854.0,-2378
2022-09-19 08:23:41,37,10,3854.0,-2368
2022-09-19 08:23:42,15,5,3854.0,-2363
2022-09-19 08:23:45,2,-2,3853.75,-2365
2022-09-19 08:23:48,1,-1,3853.75,-2366
2022-09-19 08:23:50,4,4,3854.0,-2362
2022-09-19 08:23:54,37,20,3854.25,-2342
2022-09-19 08:23:56,5,4,3854.25,-2338
2022-09-19 08:23:59,24,3,3854.75,-2335
2022-09-19 08:24:02,5,-2,3854.25,-2337
2022-09-19 08:24:06,1,-1,3854.25,-2338
2022-09-19 08:24:12,4,-3,3854.25,-2341
2022-09-19 08:24:13,33,-4,3854.5,-2345
2022-09-19 08:24:14,20,15,3854.75,-2330
2022-09-19 08:24:16,17,1,3854.75,-2329
2022-09-19 08:24:18,1,-1,3854.5,-2330
2022-09-19 08:24:19,24,12,3854.75,-2318
2022-09-19 08:24:23,9,9,3854.75,-2309
2022-09-19 08:24:24,2,2,3854.75,-2307
2022-09-19 08:24:27,23,-16,3854.5,-2323
2022-09-19 08:24:28,6,-5,3854.25,-2328
2022-09-19 08:24:32,7,-1,3854.25,-2329
2022-09-19 08:24:37,1,-1,3854.25,-2330
2022-09-19 08:24:39,21,16,3854.75,-2314
2022-09-19 08:24:40,17,-6,3854.5,-2320
2022-09-19 08:24:42,16,8,3854.75,-2312
2022-09-19 08:24:43,29,13,3855.25,-2299
2022-09-19 08:24:45,11,5,3855.25,-2294
2022-09-19 08:24:47,3,-3,3855.25,-2297
2022-09-19 08:24:49,7,2,3855.25,-2295
2022-09-19 08:24:50,21,3,3855.25,-2292
2022-09-19 08:24:51,6,-2,3855.25,-2294
2022-09-19 08:24:54,6,5,3855.25,-2289
2022-09-19 08:24:56,5,-4,3855.25,-2293
2022-09-19 08:24:57,3,-1,3855.25,-2294
2022-09-19 08:25:00,13,8,3855.5,-2286
2022-09-19 08:25:01,5,0,3855.25,-2286
2022-09-19 08:25:02,12,-2,3855.25,-2288
2022-09-19 08:25:06,21,17,3855.0,-2271
2022-09-19 08:25:12,16,13,3855.25,-2258
2022-09-19 08:25:13,11,-7,3855.25,-2265
2022-09-19 08:25:15,2,-2,3855.25,-2267
2022-09-19 08:25:17,1,1,3855.5,-2266
2022-09-19 08:25:18,1,-1,3855.25,-2267
2022-09-19 08:25:22,9,-9,3855.0,-2276
2022-09-19 08:25:25,4,-2,3855.0,-2278
2022-09-19 08:25:33,5,-4,3855.0,-2282
2022-09-19 08:25:35,22,14,3855.25,-2268
2022-09-19 08:25:36,29,-10,3855.25,-2278
2022-09-19 08:25:37,44,-18,3855.0,-2296
2022-09-19 08:25:39,24,9,3855.0,-2287
2022-09-19 08:25:42,25,5,3855.25,-2282
2022-09-19 08:25:43,3,3,3855.25,-2279
2022-09-19 08:25:44,1,1,3855.5,-2278
2022-09-19 08:25:47,16,-9,3855.25,-2287
2022-09-19 08:25:48,12,-7,3855.0,-2294
2022-09-19 08:25:49,10,0,3855.0,-2294
2022-09-19 08:25:50,10,10,3855.25,-2284
2022-09-19 08:25:51,1,-1,3855.25,-2285
2022-09-19 08:25:52,1,-1,3855.25,-2286
2022-09-19 08:25:55,33,23,3855.5,-2263
2022-09-19 08:25:59,57,-17,3855.75,-2280
2022-09-19 08:26:00,2,2,3855.5,-2278
2022-09-19 08:26:01,4,4,3855.5,-2274
2022-09-19 08:26:02,19,6,3855.5,-2268
2022-09-19 08:26:03,20,1,3855.75,-2267
2022-09-19 08:26:04,12,9,3855.75,-2258
2022-09-19 08:26:05,6,6,3856.0,-2252
2022-09-19 08:26:06,1,1,3856.0,-2251
2022-09-19 08:26:07,42,32,3856.0,-2219
2022-09-19 08:26:08,25,-1,3856.25,-2220
2022-09-19 08:26:09,34,-17,3856.5,-2237
2022-09-19 08:26:10,12,0,3856.25,-2237
2022-09-19 08:26:11,24,-1,3856.25,-2238
2022-09-19 08:26:14,2,2,3856.25,-2236
2022-09-19 08:26:15,1,1,3856.25,-2235
2022-09-19 08:26:17,7,7,3856.25,-2228
2022-09-19 08:26:18,3,3,3856.5,-2225
2022-09-19 08:26:19,28,22,3856.5,-2203
2022-09-19 08:26:20,1,1,3856.75,-2202
2022-09-19 08:26:22,1,1,3856.75,-2201
2022-09-19 08:26:23,1,1,3856.75,-2200
2022-09-19 08:26:25,25,-14,3856.5,-2214
2022-09-19 08:26:27,35,47,3857.0,-2167
2022-09-19 08:26:28,15,-5,3856.75,-2172
2022-09-19 08:26:29,30,18,3857.25,-2154
2022-09-19 08:26:30,8,3,3857.25,-2151
2022-09-19 08:26:31,20,13,3857.5,-2138
2022-09-19 08:26:32,58,5,3857.5,-2133
2022-09-19 08:26:33,14,-11,3857.25,-2144
2022-09-19 08:26:34,36,6,3857.25,-2138
2022-09-19 08:26:36,10,0,3857.25,-2138
2022-09-19 08:26:37,4,4,3857.25,-2134
2022-09-19 08:26:38,5,-2,3857.25,-2136
2022-09-19 08:26:39,17,1,3857.5,-2135
2022-09-19 08:26:40,7,-5,3857.5,-2140
2022-09-19 08:26:42,3,3,3857.5,-2137
2022-09-19 08:26:44,21,-9,3857.25,-2146
2022-09-19 08:26:45,44,-17,3857.0,-2163
2022-09-19 08:26:46,15,6,3857.0,-2157
2022-09-19 08:26:47,1,1,3856.75,-2156
2022-09-19 08:26:48,1,1,3856.75,-2155
2022-09-19 08:26:49,4,0,3856.75,-2155
2022-09-19 08:26:51,3,-1,3856.75,-2156
2022-09-19 08:26:52,17,-16,3856.5,-2172
2022-09-19 08:26:53,9,5,3856.75,-2167
2022-09-19 08:26:54,1,-1,3856.5,-2168
2022-09-19 08:26:55,17,7,3857.0,-2161
2022-09-19 08:26:56,9,-8,3857.0,-2169
2022-09-19 08:26:57,7,5,3857.0,-2164
2022-09-19 08:26:59,21,-17,3856.75,-2181
2022-09-19 08:27:00,31,23,3857.25,-2158
2022-09-19 08:27:01,3,-1,3857.5,-2159
2022-09-19 08:27:02,2,0,3857.5,-2159
2022-09-19 08:27:04,21,-10,3857.5,-2169
2022-09-19 08:27:06,9,7,3857.25,-2162
2022-09-19 08:27:07,17,-4,3857.25,-2166
2022-09-19 08:27:08,12,-10,3857.0,-2176
2022-09-19 08:27:09,4,0,3857.0,-2176
2022-09-19 08:27:10,10,9,3857.25,-2167
2022-09-19 08:27:11,15,-7,3857.0,-2174
2022-09-19 08:27:12,5,2,3857.0,-2172
2022-09-19 08:27:13,13,9,3857.25,-2163
2022-09-19 08:27:15,4,-4,3857.25,-2167
2022-09-19 08:27:18,2,2,3857.25,-2165
2022-09-19 08:27:20,1,-1,3857.0,-2166
2022-09-19 08:27:21,25,-10,3857.0,-2176
2022-09-19 08:27:22,13,7,3857.25,-2169
2022-09-19 08:27:23,4,-4,3857.0,-2173
2022-09-19 08:27:24,3,-3,3857.0,-2176
2022-09-19 08:27:26,34,29,3857.25,-2147
2022-09-19 08:27:27,13,-8,3856.75,-2155
2022-09-19 08:27:28,29,19,3857.0,-2136
2022-09-19 08:27:29,1,-1,3856.75,-2137
2022-09-19 08:27:30,1,1,3857.0,-2136
2022-09-19 08:27:33,1,-1,3856.75,-2137
2022-09-19 08:27:34,1,-1,3856.75,-2138
2022-09-19 08:27:37,18,-12,3856.75,-2150
2022-09-19 08:27:40,29,-1,3856.75,-2151
2022-09-19 08:27:41,7,-7,3856.5,-2158
2022-09-19 08:27:43,29,26,3856.75,-2132
2022-09-19 08:27:44,12,-10,3856.5,-2142
2022-09-19 08:27:46,8,8,3856.5,-2134
2022-09-19 08:27:48,4,3,3856.75,-2131
2022-09-19 08:27:50,17,-1,3856.75,-2132
2022-09-19 08:27:51,6,4,3857.0,-2128
2022-09-19 08:27:52,5,0,3857.0,-2128
2022-09-19 08:27:53,1,1,3857.25,-2127
2022-09-19 08:27:54,52,52,3857.5,-2075
2022-09-19 08:27:55,71,34,3857.5,-2041
2022-09-19 08:27:56,7,-6,3857.5,-2047
2022-09-19 08:27:58,14,13,3857.5,-2034
2022-09-19 08:27:59,15,-4,3857.5,-2038
2022-09-19 08:28:00,31,19,3857.75,-2019
2022-09-19 08:28:01,12,8,3857.75,-2011
2022-09-19 08:28:02,7,-1,3857.75,-2012
2022-09-19 08:28:04,6,2,3857.75,-2010
2022-09-19 08:28:05,1,1,3857.75,-2009
2022-09-19 08:28:06,17,8,3857.75,-2001
2022-09-19 08:28:07,10,3,3858.0,-1998
2022-09-19 08:28:08,1,1,3858.0,-1997
2022-09-19 08:28:11,15,-7,3857.75,-2004
2022-09-19 08:28:12,11,1,3857.75,-2003
2022-09-19 08:28:14,26,-4,3857.75,-2007
2022-09-19 08:28:16,19,-13,3857.75,-2020
2022-09-19 08:28:18,6,-6,3857.5,-2026
2022-09-19 08:28:19,13,5,3857.5,-2021
2022-09-19 08:28:22,7,-7,3857.5,-2028
2022-09-19 08:28:25,11,-11,3857.25,-2039
2022-09-19 08:28:26,11,11,3857.5,-2028
2022-09-19 08:28:28,10,-10,3857.25,-2038
2022-09-19 08:28:30,23,-4,3857.25,-2042
2022-09-19 08:28:31,10,10,3857.25,-2032
2022-09-19 08:28:32,28,42,3857.5,-1990
2022-09-19 08:28:33,3,-3,3857.5,-1993
2022-09-19 08:28:34,49,54,3857.75,-1939
2022-09-19 08:28:35,12,4,3857.75,-1935
2022-09-19 08:28:36,153,47,3858.5,-1888
2022-09-19 08:28:37,4,4,3858.25,-1884
2022-09-19 08:28:38,3,-3,3858.0,-1887
2022-09-19 08:28:39,10,0,3858.25,-1887
2022-09-19 08:28:40,18,16,3858.25,-1871
2022-09-19 08:28:42,36,-1,3858.5,-1872
2022-09-19 08:28:43,1,1,3858.0,-1871
2022-09-19 08:28:44,3,-3,3858.0,-1874
2022-09-19 08:28:45,7,6,3858.0,-1868
2022-09-19 08:28:47,1,-1,3858.0,-1869
2022-09-19 08:28:48,4,-4,3858.0,-1873
2022-09-19 08:28:50,25,-24,3857.75,-1897
2022-09-19 08:28:51,1,-1,3857.25,-1898
2022-09-19 08:28:52,24,10,3857.5,-1888
2022-09-19 08:28:53,58,13,3857.75,-1875
2022-09-19 08:28:54,21,-1,3858.0,-1876
2022-09-19 08:28:56,1,-1,3857.75,-1877
2022-09-19 08:28:57,30,18,3858.0,-1859
2022-09-19 08:28:59,4,-4,3858.0,-1863
2022-09-19 08:29:00,11,-4,3858.0,-1867
2022-09-19 08:29:03,4,0,3858.0,-1867
2022-09-19 08:29:05,20,-17,3857.75,-1884
2022-09-19 08:29:06,5,2,3858.0,-1882
2022-09-19 08:29:07,2,-2,3857.75,-1884
2022-09-19 08:29:08,1,1,3858.0,-1883
2022-09-19 08:29:10,7,6,3858.0,-1877
2022-09-19 08:29:11,3,1,3858.0,-1876
2022-09-19 08:29:13,7,3,3858.0,-1873
2022-09-19 08:29:14,5,-5,3858.0,-1878
2022-09-19 08:29:15,15,-12,3857.75,-1890
2022-09-19 08:29:16,15,12,3857.75,-1878
2022-09-19 08:29:19,52,-8,3857.5,-1886
2022-09-19 08:29:20,19,-15,3857.25,-1901
2022-09-19 08:29:21,64,9,3857.75,-1892
2022-09-19 08:29:22,17,-6,3857.5,-1898
2022-09-19 08:29:23,1,-1,3857.25,-1899
2022-09-19 08:29:24,1,-1,3857.25,-1900
2022-09-19 08:29:25,49,-12,3857.25,-1912
2022-09-19 08:29:28,31,15,3857.5,-1897
2022-09-19 08:29:29,6,-5,3857.25,-1902
2022-09-19 08:29:31,47,-2,3857.5,-1904
2022-09-19 08:29:32,23,-1,3857.25,-1905
2022-09-19 08:29:33,1,-1,3857.0,-1906
2022-09-19 08:29:34,10,-5,3857.0,-1911
2022-09-19 08:29:35,1,1,3857.0,-1910
2022-09-19 08:29:36,4,2,3856.75,-1908
2022-09-19 08:29:37,27,-24,3856.75,-1932
2022-09-19 08:29:38,30,-5,3856.5,-1937
2022-09-19 08:29:39,23,-7,3856.75,-1944
2022-09-19 08:29:40,4,0,3857.0,-1944
2022-09-19 08:29:41,5,-4,3856.5,-1948
2022-09-19 08:29:42,6,-1,3856.5,-1949
2022-09-19 08:29:44,112,121,3857.5,-1828
2022-09-19 08:29:45,18,-4,3857.25,-1832
2022-09-19 08:29:48,13,-7,3857.0,-1839
2022-09-19 08:29:52,18,-7,3857.0,-1846
2022-09-19 08:29:53,1,-1,3856.75,-1847
2022-09-19 08:29:55,13,1,3857.0,-1846
2022-09-19 08:29:57,3,-1,3856.75,-1847
2022-09-19 08:29:58,6,5,3857.0,-1842
2022-09-19 08:29:59,10,-7,3856.75,-1849
2022-09-19 08:30:00,11,13,3857.0,-1836
2022-09-19 08:30:01,2,-2,3856.75,-1838
2022-09-19 08:30:02,18,-4,3856.75,-1842
2022-09-19 08:30:03,13,-2,3856.25,-1844
2022-09-19 08:30:05,13,10,3856.75,-1834
2022-09-19 08:30:06,3,-3,3856.75,-1837
2022-09-19 08:30:07,7,-3,3857.0,-1840
2022-09-19 08:30:09,34,3,3857.25,-1837
2022-09-19 08:30:10,6,-4,3857.25,-1841
2022-09-19 08:30:11,15,-5,3857.0,-1846
2022-09-19 08:30:13,11,9,3857.25,-1837
2022-09-19 08:30:15,10,4,3857.5,-1833
2022-09-19 08:30:18,7,1,3857.5,-1832
2022-09-19 08:30:19,6,5,3857.5,-1827
2022-09-19 08:30:20,2,2,3857.75,-1825
2022-09-19 08:30:23,1,1,3857.75,-1824
2022-09-19 08:30:24,14,-1,3857.5,-1825
2022-09-19 08:30:25,31,33,3858.0,-1792
2022-09-19 08:30:27,15,10,3858.25,-1782
2022-09-19 08:30:28,1,-1,3858.0,-1783
2022-09-19 08:30:29,28,4,3858.5,-1779
2022-09-19 08:30:30,2,2,3858.25,-1777
2022-09-19 08:30:32,26,-15,3858.0,-1792
2022-09-19 08:30:33,1,-1,3857.75,-1793
2022-09-19 08:30:36,21,-12,3857.75,-1805
2022-09-19 08:30:37,12,-12,3857.5,-1817
2022-09-19 08:30:38,22,-20,3857.25,-1837
2022-09-19 08:30:39,52,23,3857.5,-1814
2022-09-19 08:30:40,14,4,3857.5,-1810
2022-09-19 08:30:44,110,117,3858.25,-1693
2022-09-19 08:30:47,33,-17,3857.75,-1710
2022-09-19 08:30:48,38,-11,3858.0,-1721
2022-09-19 08:30:49,15,-3,3858.0,-1724
2022-09-19 08:30:50,22,-16,3857.75,-1740
2022-09-19 08:30:52,19,0,3857.75,-1740
2022-09-19 08:30:53,4,0,3857.75,-1740
2022-09-19 08:30:54,1,-1,3857.75,-1741
2022-09-19 08:30:56,5,-3,3857.75,-1744
2022-09-19 08:30:57,13,0,3858.0,-1744
2022-09-19 08:30:59,1,1,3858.0,-1743
2022-09-19 08:31:00,20,4,3858.0,-1739
2022-09-19 08:31:04,30,7,3858.0,-1732
2022-09-19 08:31:05,14,7,3857.75,-1725
2022-09-19 08:31:06,8,-7,3857.75,-1732
2022-09-19 08:31:07,13,4,3857.75,-1728
2022-09-19 08:31:08,2,2,3857.75,-1726
2022-09-19 08:31:11,33,7,3858.0,-1719
2022-09-19 08:31:12,7,4,3858.25,-1715
2022-09-19 08:31:15,20,-14,3858.25,-1729
2022-09-19 08:31:16,8,-1,3858.25,-1730
2022-09-19 08:31:17,18,-14,3858.0,-1744
2022-09-19 08:31:18,32,9,3858.25,-1735
2022-09-19 08:31:20,2,1,3858.5,-1734
2022-09-19 08:31:21,16,4,3858.25,-1730
2022-09-19 08:31:27,14,4,3858.25,-1726
2022-09-19 08:31:29,11,-7,3858.25,-1733
2022-09-19 08:31:30,5,-5,3858.25,-1738
2022-09-19 08:31:31,5,-4,3858.0,-1742
2022-09-19 08:31:34,28,16,3858.25,-1726
2022-09-19 08:31:35,59,6,3858.5,-1720
2022-09-19 08:31:38,3,-2,3858.25,-1722
2022-09-19 08:31:40,1,1,3858.25,-1721
2022-09-19 08:31:41,3,3,3858.25,-1718
2022-09-19 08:31:42,40,27,3858.25,-1691
2022-09-19 08:31:44,5,1,3858.25,-1690
2022-09-19 08:31:45,1,1,3858.25,-1689
2022-09-19 08:31:48,1,-1,3858.0,-1690
2022-09-19 08:31:49,10,8,3858.25,-1682
2022-09-19 08:31:50,12,-10,3858.0,-1692
2022-09-19 08:31:51,18,-20,3857.75,-1712
2022-09-19 08:31:52,12,-4,3857.5,-1716
2022-09-19 08:31:55,1,1,3857.5,-1715
2022-09-19 08:31:56,6,6,3857.5,-1709
2022-09-19 08:31:59,31,36,3858.0,-1673
2022-09-19 08:32:00,4,-4,3858.0,-1677
2022-09-19 08:32:01,13,-1,3858.25,-1678
2022-09-19 08:32:02,30,7,3858.25,-1671
2022-09-19 08:32:03,3,2,3858.0,-1669
2022-09-19 08:32:05,2,-2,3858.0,-1671
2022-09-19 08:32:06,9,-5,3858.0,-1676
2022-09-19 08:32:07,1,-1,3858.0,-1677
2022-09-19 08:32:08,5,-5,3858.0,-1682
2022-09-19 08:32:09,1,1,3858.0,-1681
2022-09-19 08:32:14,20,-16,3857.75,-1697
2022-09-19 08:32:16,6,-6,3857.75,-1703
2022-09-19 08:32:18,3,1,3857.75,-1702
2022-09-19 08:32:19,8,3,3857.75,-1699
2022-09-19 08:32:20,1,1,3857.75,-1698
2022-09-19 08:32:21,27,-24,3857.5,-1722
2022-09-19 08:32:22,3,-3,3857.25,-1725
2022-09-19 08:32:23,18,-16,3857.25,-1741
2022-09-19 08:32:24,6,-6,3857.0,-1747
2022-09-19 08:32:25,17,-16,3857.0,-1763
2022-09-19 08:32:26,37,8,3857.0,-1755
2022-09-19 08:32:28,1,-1,3857.0,-1756
2022-09-19 08:32:29,1,1,3857.25,-1755
2022-09-19 08:32:30,4,2,3857.25,-1753
2022-09-19 08:32:31,1,-1,3857.0,-1754
2022-09-19 08:32:33,69,-27,3857.25,-1781
2022-09-19 08:32:34,1,-1,3856.75,-1782
2022-09-19 08:32:35,1,-1,3856.75,-1783
2022-09-19 08:32:36,10,-10,3856.75,-1793
2022-09-19 08:32:37,34,10,3857.0,-1783
2022-09-19 08:32:38,14,8,3857.0,-1775
2022-09-19 08:32:43,12,-9,3856.75,-1784
2022-09-19 08:32:44,53,-31,3856.5,-1815
2022-09-19 08:32:45,44,-31,3856.25,-1846
2022-09-19 08:32:46,22,-11,3856.0,-1857
2022-09-19 08:32:47,18,1,3856.25,-1856
2022-09-19 08:32:48,7,-7,3856.0,-1863
2022-09-19 08:32:49,34,-4,3856.0,-1867
2022-09-19 08:32:50,3,-1,3856.25,-1868
2022-09-19 08:32:52,7,-5,3856.0,-1873
2022-09-19 08:32:53,34,18,3856.25,-1855
2022-09-19 08:32:54,5,3,3856.25,-1852
2022-09-19 08:32:55,5,-5,3856.0,-1857
2022-09-19 08:32:57,16,1,3856.25,-1856
2022-09-19 08:32:58,2,1,3856.25,-1855
2022-09-19 08:32:59,39,8,3856.5,-1847
2022-09-19 08:33:00,18,-17,3856.25,-1864
2022-09-19 08:33:03,14,-10,3856.0,-1874
2022-09-19 08:33:04,2,-2,3856.0,-1876
2022-09-19 08:33:05,7,6,3856.25,-1870
2022-09-19 08:33:06,15,-8,3856.25,-1878
2022-09-19 08:33:07,5,4,3856.0,-1874
2022-09-19 08:33:08,7,-1,3856.0,-1875
2022-09-19 08:33:09,19,5,3856.25,-1870
2022-09-19 08:33:10,4,-4,3856.0,-1874
2022-09-19 08:33:11,8,0,3856.25,-1874
2022-09-19 08:33:12,8,5,3856.0,-1869
2022-09-19 08:33:13,10,9,3856.25,-1860
2022-09-19 08:33:15,37,-55,3856.25,-1915
2022-09-19 08:33:16,37,-21,3855.75,-1936
2022-09-19 08:33:19,29,-15,3855.75,-1951
2022-09-19 08:33:20,6,5,3855.75,-1946
2022-09-19 08:33:21,6,-6,3855.75,-1952
2022-09-19 08:33:22,7,3,3855.75,-1949
2022-09-19 08:33:25,86,7,3856.0,-1942
2022-09-19 08:33:26,1,-1,3856.0,-1943
2022-09-19 08:33:27,7,-7,3856.0,-1950
2022-09-19 08:33:28,5,5,3856.0,-1945
2022-09-19 08:33:29,13,2,3856.25,-1943
2022-09-19 08:33:31,2,0,3856.25,-1943
2022-09-19 08:33:32,21,4,3856.75,-1939
2022-09-19 08:33:33,10,-3,3856.5,-1942
2022-09-19 08:33:35,9,-8,3856.5,-1950
2022-09-19 08:33:36,10,5,3856.25,-1945
2022-09-19 08:33:37,6,0,3856.0,-1945
2022-09-19 08:33:38,14,12,3856.25,-1933
2022-09-19 08:33:40,18,0,3856.0,-1933
2022-09-19 08:33:41,2,0,3856.0,-1933
2022-09-19 08:33:45,3,-1,3855.75,-1934
2022-09-19 08:33:46,5,4,3856.0,-1930
2022-09-19 08:33:47,8,-7,3855.75,-1937
2022-09-19 08:33:48,14,2,3855.75,-1935
2022-09-19 08:33:49,3,-1,3855.75,-1936
2022-09-19 08:33:50,5,-5,3855.5,-1941
2022-09-19 08:33:51,6,6,3855.75,-1935
2022-09-19 08:33:52,7,-6,3855.5,-1941
2022-09-19 08:33:53,2,-2,3855.5,-1943
2022-09-19 08:33:55,1,-1,3855.5,-1944
2022-09-19 08:33:57,1,1,3855.75,-1943
2022-09-19 08:33:58,3,-1,3855.5,-1944
2022-09-19 08:34:00,27,-11,3855.5,-1955
2022-09-19 08:34:01,23,-29,3855.25,-1984
2022-09-19 08:34:02,3,-3,3855.0,-1987
2022-09-19 08:34:03,52,-33,3855.25,-2020
2022-09-19 08:34:04,20,2,3855.0,-2018
2022-09-19 08:34:05,2,-2,3855.0,-2020
2022-09-19 08:34:06,8,4,3855.0,-2016
2022-09-19 08:34:07,9,-5,3855.0,-2021
2022-09-19 08:34:08,1,-1,3855.0,-2022
2022-09-19 08:34:09,8,7,3855.25,-2015
2022-09-19 08:34:10,12,-10,3855.25,-2025
2022-09-19 08:34:11,6,4,3855.25,-2021
2022-09-19 08:34:13,32,25,3855.75,-1996
2022-09-19 08:34:14,1,1,3856.0,-1995
2022-09-19 08:34:15,28,3,3856.0,-1992
2022-09-19 08:34:16,6,-6,3856.0,-1998
2022-09-19 08:34:18,11,3,3856.0,-1995
2022-09-19 08:34:19,6,-4,3856.0,-1999
2022-09-19 08:34:20,5,5,3856.0,-1994
2022-09-19 08:34:22,5,5,3856.25,-1989
2022-09-19 08:34:23,28,7,3856.5,-1982
2022-09-19 08:34:24,13,-3,3856.5,-1985
2022-09-19 08:34:25,4,-3,3856.25,-1988
2022-09-19 08:34:26,1,-1,3856.0,-1989
2022-09-19 08:34:27,5,5,3856.25,-1984
2022-09-19 08:34:28,3,-3,3856.25,-1987
2022-09-19 08:34:30,10,-6,3856.25,-1993
2022-09-19 08:34:31,1,-1,3856.25,-1994
2022-09-19 08:34:32,12,3,3856.5,-1991
2022-09-19 08:34:34,2,2,3856.5,-1989
2022-09-19 08:34:35,13,10,3856.75,-1979
2022-09-19 08:34:36,19,-1,3856.75,-1980
2022-09-19 08:34:38,3,2,3856.75,-1978
2022-09-19 08:34:40,15,11,3856.75,-1967
2022-09-19 08:34:43,37,-16,3856.5,-1983
2022-09-19 08:34:49,15,2,3856.25,-1981
2022-09-19 08:34:52,4,2,3856.25,-1979
2022-09-19 08:34:53,1,-1,3856.0,-1980
2022-09-19 08:34:55,10,-1,3856.25,-1981
2022-09-19 08:34:56,7,7,3856.25,-1974
2022-09-19 08:34:57,8,0,3856.25,-1974
2022-09-19 08:34:58,18,9,3856.75,-1965
2022-09-19 08:34:59,1,1,3856.75,-1964
2022-09-19 08:35:00,15,-7,3856.5,-1971
2022-09-19 08:35:02,4,4,3856.5,-1967
2022-09-19 08:35:03,13,1,3856.75,-1966
2022-09-19 08:35:07,15,10,3856.75,-1956
2022-09-19 08:35:08,10,-7,3856.5,-1963
2022-09-19 08:35:09,7,1,3856.5,-1962
2022-09-19 08:35:10,4,0,3856.5,-1962
2022-09-19 08:35:11,25,-12,3856.25,-1974
2022-09-19 08:35:22,81,-22,3856.25,-1996
2022-09-19 08:35:24,42,-21,3855.75,-2017
2022-09-19 08:35:26,4,2,3855.75,-2015
2022-09-19 08:35:27,28,15,3856.25,-2000
2022-09-19 08:35:28,5,4,3856.25,-1996
2022-09-19 08:35:32,54,20,3856.5,-1976
2022-09-19 08:35:33,16,10,3856.75,-1966
2022-09-19 08:35:34,15,-4,3856.75,-1970
2022-09-19 08:35:35,29,20,3856.75,-1950
2022-09-19 08:35:36,61,22,3857.25,-1928
2022-09-19 08:35:37,43,-10,3857.25,-1938
2022-09-19 08:35:38,59,50,3857.25,-1888
2022-09-19 08:35:44,1,1,3857.25,-1887
2022-09-19 08:35:45,1,1,3857.25,-1886
2022-09-19 08:35:46,1,1,3857.25,-1885
2022-09-19 08:35:47,32,0,3857.25,-1885
2022-09-19 08:35:48,15,-5,3857.0,-1890
2022-09-19 08:35:49,56,27,3857.25,-1863
2022-09-19 08:35:50,5,5,3857.0,-1858
2022-09-19 08:35:51,1,-1,3857.0,-1859
2022-09-19 08:35:52,41,-5,3857.0,-1864
2022-09-19 08:35:53,41,7,3857.25,-1857
2022-09-19 08:35:54,13,13,3857.5,-1844
2022-09-19 08:35:55,6,5,3857.75,-1839
2022-09-19 08:35:57,4,4,3857.75,-1835
2022-09-19 08:36:00,6,-1,3857.75,-1836
2022-09-19 08:36:01,2,-2,3857.5,-1838
2022-09-19 08:36:02,14,9,3857.75,-1829
2022-09-19 08:36:03,11,-7,3857.75,-1836
2022-09-19 08:36:04,2,-2,3857.75,-1838
2022-09-19 08:36:05,1,-1,3857.5,-1839
2022-09-19 08:36:07,33,15,3858.0,-1824
2022-09-19 08:36:08,17,2,3858.0,-1822
2022-09-19 08:36:09,57,35,3858.25,-1787
2022-09-19 08:36:12,17,11,3858.0,-1776
2022-09-19 08:36:13,1,-1,3857.75,-1777
2022-09-19 08:36:15,7,-7,3857.75,-1784
2022-09-19 08:36:17,2,2,3857.75,-1782
2022-09-19 08:36:18,7,3,3857.75,-1779
2022-09-19 08:36:19,12,-5,3857.75,-1784
2022-09-19 08:36:22,17,-6,3858.0,-1790
2022-09-19 08:36:23,43,-20,3857.75,-1810
2022-09-19 08:36:24,11,5,3857.75,-1805
2022-09-19 08:36:25,1,-1,3857.75,-1806
2022-09-19 08:36:26,5,3,3858.0,-1803
2022-09-19 08:36:27,25,15,3858.25,-1788
2022-09-19 08:36:30,9,2,3858.5,-1786
2022-09-19 08:36:31,5,5,3858.5,-1781
2022-09-19 08:36:32,2,2,3858.5,-1779
2022-09-19 08:36:33,4,0,3858.5,-1779
2022-09-19 08:36:34,23,-14,3858.25,-1793
2022-09-19 08:36:35,8,-2,3858.25,-1795
2022-09-19 08:36:36,61,22,3858.25,-1773
2022-09-19 08:36:37,2,2,3858.25,-1771
2022-09-19 08:36:39,19,-14,3858.0,-1785
2022-09-19 08:36:41,1,1,3858.0,-1784
2022-09-19 08:36:42,17,10,3858.25,-1774
2022-09-19 08:36:43,1,1,3858.25,-1773
2022-09-19 08:36:48,12,-8,3858.0,-1781
2022-09-19 08:36:49,16,-5,3858.0,-1786
2022-09-19 08:36:50,3,-3,3857.75,-1789
2022-09-19 08:36:51,7,3,3858.0,-1786
2022-09-19 08:36:52,4,-4,3857.5,-1790
2022-09-19 08:36:55,30,9,3858.0,-1781
2022-09-19 08:36:56,4,2,3857.75,-1779
2022-09-19 08:36:57,34,-2,3858.0,-1781
2022-09-19 08:37:00,20,6,3858.25,-1775
2022-09-19 08:37:01,22,-20,3858.0,-1795
2022-09-19 08:37:02,8,3,3858.0,-1792
2022-09-19 08:37:03,1,-1,3857.75,-1793
2022-09-19 08:37:04,1,-1,3857.75,-1794
2022-09-19 08:37:05,6,-6,3857.75,-1800
2022-09-19 08:37:06,17,-5,3857.75,-1805
2022-09-19 08:37:07,3,3,3857.75,-1802
2022-09-19 08:37:08,23,11,3857.75,-1791
2022-09-19 08:37:09,34,-13,3857.75,-1804
2022-09-19 08:37:10,9,-8,3857.5,-1812
2022-09-19 08:37:11,1,-1,3857.5,-1813
2022-09-19 08:37:14,22,-17,3857.5,-1830
2022-09-19 08:37:15,30,-11,3857.5,-1841
2022-09-19 08:37:16,1,-1,3857.25,-1842
2022-09-19 08:37:17,1,-1,3857.25,-1843
2022-09-19 08:37:21,34,15,3857.5,-1828
2022-09-19 08:37:22,18,0,3857.5,-1828
2022-09-19 08:37:23,3,-2,3857.5,-1830
2022-09-19 08:37:24,4,3,3857.75,-1827
2022-09-19 08:37:25,1,1,3857.75,-1826
2022-09-19 08:37:26,25,-13,3857.5,-1839
2022-09-19 08:37:27,5,3,3857.5,-1836
2022-09-19 08:37:29,5,-2,3857.5,-1838
2022-09-19 08:37:33,1,-1,3857.25,-1839
2022-09-19 08:37:34,1,-1,3857.25,-1840
2022-09-19 08:37:37,4,-4,3857.25,-1844
2022-09-19 08:37:40,28,11,3857.75,-1833
2022-09-19 08:37:41,29,-15,3857.5,-1848
2022-09-19 08:37:44,88,22,3858.0,-1826
2022-09-19 08:37:47,7,0,3857.5,-1826
2022-09-19 08:37:48,2,-1,3857.5,-1827
2022-09-19 08:37:50,70,18,3858.0,-1809
2022-09-19 08:37:51,1,1,3858.0,-1808
2022-09-19 08:37:52,2,-2,3857.75,-1810
2022-09-19 08:37:53,13,-11,3857.75,-1821
2022-09-19 08:37:54,10,-7,3857.75,-1828
2022-09-19 08:37:56,3,-3,3857.5,-1831
2022-09-19 08:37:57,15,10,3857.75,-1821
2022-09-19 08:37:59,8,-2,3857.75,-1823
2022-09-19 08:38:00,9,-4,3857.75,-1827
2022-09-19 08:38:01,3,-3,3857.75,-1830
2022-09-19 08:38:02,2,-2,3857.75,-1832
2022-09-19 08:38:03,11,-11,3857.5,-1843
2022-09-19 08:38:04,13,12,3857.75,-1831
2022-09-19 08:38:05,3,-2,3857.75,-1833
2022-09-19 08:38:06,22,14,3858.0,-1819
2022-09-19 08:38:08,11,-7,3858.0,-1826
2022-09-19 08:38:09,1,1,3858.0,-1825
2022-09-19 08:38:11,6,6,3858.0,-1819
2022-09-19 08:38:13,6,-5,3857.75,-1824
2022-09-19 08:38:15,17,-13,3858.0,-1837
2022-09-19 08:38:16,5,5,3857.75,-1832
2022-09-19 08:38:17,11,-11,3857.5,-1843
2022-09-19 08:38:18,12,-10,3857.5,-1853
2022-09-19 08:38:20,9,5,3857.75,-1848
2022-09-19 08:38:21,3,1,3857.75,-1847
2022-09-19 08:38:22,7,6,3857.75,-1841
2022-09-19 08:38:26,9,6,3858.0,-1835
2022-09-19 08:38:30,1,1,3858.0,-1834
2022-09-19 08:38:31,28,11,3858.0,-1823
2022-09-19 08:38:32,9,9,3858.25,-1814
2022-09-19 08:38:33,3,3,3858.5,-1811
2022-09-19 08:38:35,57,6,3858.75,-1805
2022-09-19 08:38:36,4,2,3858.75,-1803
2022-09-19 08:38:37,1,1,3858.75,-1802
2022-09-19 08:38:38,33,-2,3858.75,-1804
2022-09-19 08:38:43,49,18,3858.75,-1786
2022-09-19 08:38:44,122,33,3859.25,-1753
2022-09-19 08:38:45,2,-2,3858.75,-1755
2022-09-19 08:38:46,32,6,3859.0,-1749
2022-09-19 08:38:47,6,-6,3858.75,-1755
2022-09-19 08:38:48,27,1,3858.75,-1754
2022-09-19 08:38:49,3,-1,3858.75,-1755
2022-09-19 08:38:51,3,-3,3858.5,-1758
2022-09-19 08:38:54,1,1,3858.75,-1757
2022-09-19 08:38:55,31,24,3858.75,-1733
2022-09-19 08:38:56,2,1,3858.75,-1732
2022-09-19 08:38:57,14,-10,3858.75,-1742
2022-09-19 08:38:59,14,4,3858.75,-1738
2022-09-19 08:39:00,14,13,3858.75,-1725
2022-09-19 08:39:01,5,2,3858.75,-1723
2022-09-19 08:39:02,2,-2,3858.75,-1725
2022-09-19 08:39:04,2,2,3858.75,-1723
2022-09-19 08:39:07,9,7,3858.75,-1716
2022-09-19 08:39:08,3,-3,3858.5,-1719
2022-09-19 08:39:09,125,-61,3858.5,-1780
2022-09-19 08:39:11,11,-10,3858.0,-1790
2022-09-19 08:39:12,5,5,3858.25,-1785
2022-09-19 08:39:13,26,0,3858.25,-1785
2022-09-19 08:39:16,1,-1,3858.25,-1786
2022-09-19 08:39:18,2,0,3858.5,-1786
2022-09-19 08:39:19,1,1,3858.5,-1785
2022-09-19 08:39:20,14,6,3858.5,-1779
2022-09-19 08:39:21,9,8,3858.75,-1771
2022-09-19 08:39:22,10,5,3859.0,-1766
2022-09-19 08:39:24,40,15,3859.0,-1751
2022-09-19 08:39:26,45,42,3859.5,-1709
2022-09-19 08:39:27,25,9,3859.5,-1700
2022-09-19 08:39:28,1,1,3859.5,-1699
2022-09-19 08:39:29,1,-1,3859.25,-1700
2022-09-19 08:39:30,60,20,3859.5,-1680
2022-09-19 08:39:31,258,210,3860.25,-1470
2022-09-19 08:39:32,30,-1,3860.0,-1471
2022-09-19 08:39:33,39,19,3860.25,-1452
2022-09-19 08:39:34,10,10,3860.5,-1442
2022-09-19 08:39:35,4,2,3860.5,-1440
2022-09-19 08:39:36,3,0,3860.5,-1440
2022-09-19 08:39:37,2,2,3860.5,-1438
2022-09-19 08:39:38,9,2,3860.5,-1436
2022-09-19 08:39:39,39,8,3860.75,-1428
2022-09-19 08:39:40,31,13,3860.5,-1415
2022-09-19 08:39:41,31,13,3860.75,-1402
2022-09-19 08:39:42,52,38,3861.25,-1364
2022-09-19 08:39:43,1,-1,3861.0,-1365
2022-09-19 08:39:44,50,8,3861.25,-1357
2022-09-19 08:39:45,29,-10,3861.25,-1367
2022-09-19 08:39:46,2,-2,3861.25,-1369
2022-09-19 08:39:47,17,0,3861.25,-1369
2022-09-19 08:39:48,20,-1,3861.5,-1370
2022-09-19 08:39:49,2,1,3861.5,-1369
2022-09-19 08:39:50,1,1,3861.5,-1368
2022-09-19 08:39:51,40,0,3861.25,-1368
2022-09-19 08:39:53,40,13,3861.75,-1355
2022-09-19 08:39:54,22,6,3861.5,-1349
2022-09-19 08:39:55,7,-1,3861.75,-1350
2022-09-19 08:39:56,37,4,3861.5,-1346
2022-09-19 08:39:57,11,-10,3861.5,-1356
2022-09-19 08:39:58,31,16,3862.0,-1340
2022-09-19 08:39:59,11,6,3862.0,-1334
2022-09-19 08:40:00,74,7,3862.0,-1327
2022-09-19 08:40:01,6,6,3861.75,-1321
2022-09-19 08:40:02,23,9,3862.0,-1312
2022-09-19 08:40:03,65,-2,3862.0,-1314
2022-09-19 08:40:05,67,-30,3861.75,-1344
2022-09-19 08:40:06,1,1,3861.75,-1343
2022-09-19 08:40:08,2,1,3861.75,-1342
2022-09-19 08:40:09,3,2,3861.75,-1340
2022-09-19 08:40:10,32,-4,3861.5,-1344
2022-09-19 08:40:11,1,-1,3861.5,-1345
2022-09-19 08:40:12,12,-10,3861.5,-1355
2022-09-19 08:40:13,92,44,3862.25,-1311
2022-09-19 08:40:14,22,-1,3862.25,-1312
2022-09-19 08:40:15,12,-1,3862.5,-1313
2022-09-19 08:40:16,30,0,3862.5,-1313
2022-09-19 08:40:17,26,15,3862.5,-1298
2022-09-19 08:40:18,2,1,3862.25,-1297
2022-09-19 08:40:20,7,-7,3862.0,-1304
2022-09-19 08:40:21,10,7,3862.25,-1297
2022-09-19 08:40:22,37,-15,3862.25,-1312
2022-09-19 08:40:23,13,3,3862.25,-1309
2022-09-19 08:40:24,5,-3,3861.75,-1312
2022-09-19 08:40:25,16,10,3862.0,-1302
2022-09-19 08:40:26,89,33,3862.25,-1269
2022-09-19 08:40:28,1,1,3862.5,-1268
2022-09-19 08:40:29,43,-28,3862.5,-1296
2022-09-19 08:40:30,56,21,3862.5,-1275
2022-09-19 08:40:31,39,44,3863.0,-1231
2022-09-19 08:40:32,52,20,3863.0,-1211
2022-09-19 08:40:33,28,-6,3863.0,-1217
2022-09-19 08:40:34,38,25,3863.25,-1192
2022-09-19 08:40:35,12,-8,3863.0,-1200
2022-09-19 08:40:36,15,11,3863.0,-1189
2022-09-19 08:40:38,23,14,3863.25,-1175
2022-09-19 08:40:39,106,8,3863.75,-1167
2022-09-19 08:40:40,7,-7,3863.0,-1174
2022-09-19 08:40:41,56,-6,3863.0,-1180
2022-09-19 08:40:42,1,1,3863.25,-1179
2022-09-19 08:40:43,7,4,3863.25,-1175
2022-09-19 08:40:44,1,-1,3863.0,-1176
2022-09-19 08:40:46,2,2,3863.25,-1174
2022-09-19 08:40:47,4,-1,3863.25,-1175
2022-09-19 08:40:48,27,-15,3863.0,-1190
2022-09-19 08:40:49,1,1,3863.0,-1189
2022-09-19 08:40:51,41,-2,3863.0,-1191
2022-09-19 08:40:52,1,-1,3863.0,-1192
2022-09-19 08:40:53,3,3,3863.25,-1189
2022-09-19 08:40:55,1,-1,3863.0,-1190
2022-09-19 08:40:56,64,-7,3863.0,-1197
2022-09-19 08:40:58,1,-1,3863.0,-1198
2022-09-19 08:40:59,28,-4,3863.0,-1202
2022-09-19 08:41:00,53,-38,3862.75,-1240
2022-09-19 08:41:01,28,-16,3862.5,-1256
2022-09-19 08:41:02,124,-21,3862.25,-1277
2022-09-19 08:41:03,4,2,3862.25,-1275
2022-09-19 08:41:04,1,1,3862.25,-1274
2022-09-19 08:41:05,2,2,3862.25,-1272
2022-09-19 08:41:06,4,0,3862.25,-1272
2022-09-19 08:41:07,62,-3,3862.25,-1275
2022-09-19 08:41:08,22,-1,3862.5,-1276
2022-09-19 08:41:09,13,-2,3862.25,-1278
2022-09-19 08:41:10,9,-8,3862.0,-1286
2022-09-19 08:41:12,10,-9,3861.75,-1295
2022-09-19 08:41:13,18,-13,3861.5,-1308
2022-09-19 08:41:14,12,1,3861.75,-1307
2022-09-19 08:41:15,16,-5,3861.5,-1312
2022-09-19 08:41:16,2,-2,3861.5,-1314
2022-09-19 08:41:17,21,-7,3861.5,-1321
2022-09-19 08:41:18,20,-18,3861.5,-1339
2022-09-19 08:41:20,93,-38,3861.25,-1377
2022-09-19 08:41:21,52,-24,3860.75,-1401
2022-09-19 08:41:22,5,-5,3860.75,-1406
2022-09-19 08:41:23,72,-26,3860.5,-1432
2022-09-19 08:41:24,6,-5,3860.25,-1437
2022-09-19 08:41:25,13,-5,3860.25,-1442
2022-09-19 08:41:26,5,-5,3860.25,-1447
2022-09-19 08:41:27,2,0,3860.5,-1447
2022-09-19 08:41:28,12,-8,3860.5,-1455
2022-09-19 08:41:29,13,12,3860.5,-1443
2022-09-19 08:41:30,22,-5,3860.5,-1448
2022-09-19 08:41:32,19,6,3860.5,-1442
2022-09-19 08:41:33,10,-1,3860.25,-1443
2022-09-19 08:41:34,21,8,3860.5,-1435
2022-09-19 08:41:35,20,-11,3860.5,-1446
2022-09-19 08:41:36,3,-3,3860.0,-1449
2022-09-19 08:41:37,24,-4,3860.25,-1453
2022-09-19 08:41:38,5,5,3860.25,-1448
2022-09-19 08:41:39,48,-15,3860.0,-1463
2022-09-19 08:41:41,11,11,3860.25,-1452
2022-09-19 08:41:42,14,-15,3860.5,-1467
2022-09-19 08:41:43,12,10,3860.5,-1457
2022-09-19 08:41:44,2,-2,3860.5,-1459
2022-09-19 08:41:45,11,11,3860.75,-1448
2022-09-19 08:41:46,14,-4,3860.75,-1452
2022-09-19 08:41:47,3,-3,3860.75,-1455
2022-09-19 08:41:48,50,22,3861.0,-1433
2022-09-19 08:41:49,19,2,3861.0,-1431
2022-09-19 08:41:50,4,0,3861.0,-1431
2022-09-19 08:41:51,11,-1,3861.0,-1432
2022-09-19 08:41:52,16,-1,3860.75,-1433
2022-09-19 08:41:53,5,-1,3860.75,-1434
2022-09-19 08:41:56,14,4,3860.75,-1430
2022-09-19 08:41:57,3,2,3861.0,-1428
2022-09-19 08:41:58,6,0,3861.0,-1428
2022-09-19 08:41:59,4,4,3860.75,-1424
2022-09-19 08:42:00,1,1,3860.75,-1423
2022-09-19 08:42:01,21,13,3860.75,-1410
2022-09-19 08:42:02,13,-11,3860.5,-1421
2022-09-19 08:42:03,5,-5,3860.5,-1426
2022-09-19 08:42:04,199,206,3861.5,-1220
2022-09-19 08:42:06,33,-9,3860.75,-1229
2022-09-19 08:42:07,5,-4,3860.75,-1233
2022-09-19 08:42:08,2,-2,3860.75,-1235
2022-09-19 08:42:10,41,15,3861.0,-1220
2022-09-19 08:42:11,48,-6,3861.0,-1226
2022-09-19 08:42:12,7,1,3861.0,-1225
2022-09-19 08:42:13,8,3,3861.0,-1222
2022-09-19 08:42:14,7,-5,3861.0,-1227
2022-09-19 08:42:15,4,-2,3861.25,-1229
2022-09-19 08:42:19,2,1,3861.25,-1228
2022-09-19 08:42:20,34,-13,3861.0,-1241
2022-09-19 08:42:21,3,3,3861.0,-1238
2022-09-19 08:42:22,38,16,3861.0,-1222
2022-09-19 08:42:23,4,-4,3860.75,-1226
2022-09-19 08:42:24,13,2,3860.75,-1224
2022-09-19 08:42:27,12,-5,3860.75,-1229
2022-09-19 08:42:28,8,8,3860.75,-1221
2022-09-19 08:42:29,1,-1,3860.75,-1222
2022-09-19 08:42:30,16,-7,3860.75,-1229
2022-09-19 08:42:31,14,13,3861.0,-1216
2022-09-19 08:42:32,4,-4,3861.0,-1220
2022-09-19 08:42:33,13,-13,3860.75,-1233
2022-09-19 08:42:34,27,-4,3860.75,-1237
2022-09-19 08:42:36,1,-1,3860.5,-1238
2022-09-19 08:42:37,1,-1,3860.5,-1239
2022-09-19 08:42:38,9,-5,3860.75,-1244
2022-09-19 08:42:39,6,-4,3860.75,-1248
2022-09-19 08:42:40,13,6,3860.75,-1242
2022-09-19 08:42:41,24,8,3861.0,-1234
2022-09-19 08:42:43,2,2,3861.25,-1232
2022-09-19 08:42:46,1,-1,3861.0,-1233
2022-09-19 08:42:48,5,5,3861.0,-1228
2022-09-19 08:42:49,2,-2,3861.0,-1230
2022-09-19 08:42:51,22,3,3861.0,-1227
2022-09-19 08:42:52,4,-3,3860.75,-1230
2022-09-19 08:42:57,26,9,3861.0,-1221
2022-09-19 08:42:59,2,2,3861.0,-1219
2022-09-19 08:43:00,11,-11,3861.0,-1230
2022-09-19 08:43:02,5,5,3861.25,-1225
2022-09-19 08:43:03,4,0,3861.25,-1225
2022-09-19 08:43:04,2,1,3861.0,-1224
2022-09-19 08:43:05,3,1,3861.0,-1223
2022-09-19 08:43:06,2,1,3861.0,-1222
2022-09-19 08:43:07,3,-3,3861.0,-1225
2022-09-19 08:43:08,5,5,3861.0,-1220
2022-09-19 08:43:10,1,-1,3861.0,-1221
2022-09-19 08:43:12,4,4,3861.25,-1217
2022-09-19 08:43:13,13,-6,3861.0,-1223
2022-09-19 08:43:14,20,5,3861.0,-1218
2022-09-19 08:43:15,41,27,3861.75,-1191
2022-09-19 08:43:16,9,-1,3861.75,-1192
2022-09-19 08:43:17,8,5,3862.0,-1187
2022-09-19 08:43:18,33,-10,3861.75,-1197
2022-09-19 08:43:19,31,13,3861.75,-1184
2022-09-19 08:43:20,2,-2,3861.75,-1186
2022-09-19 08:43:21,2,1,3862.0,-1185
2022-09-19 08:43:24,1,1,3862.0,-1184
2022-09-19 08:43:25,1,-1,3861.75,-1185
2022-09-19 08:43:26,18,-7,3861.75,-1192
2022-09-19 08:43:28,57,18,3862.25,-1174
2022-09-19 08:43:29,7,-3,3862.25,-1177
2022-09-19 08:43:30,1,1,3862.25,-1176
2022-09-19 08:43:31,43,16,3862.25,-1160
2022-09-19 08:43:32,12,6,3862.25,-1154
2022-09-19 08:43:33,5,0,3862.25,-1154
2022-09-19 08:43:34,14,-7,3862.25,-1161
2022-09-19 08:43:35,9,0,3862.25,-1161
2022-09-19 08:43:36,10,-7,3862.25,-1168
2022-09-19 08:43:37,11,9,3862.25,-1159
2022-09-19 08:43:38,4,4,3862.5,-1155
2022-09-19 08:43:39,12,-5,3862.25,-1160
2022-09-19 08:43:40,6,-2,3862.25,-1162
2022-09-19 08:43:41,7,7,3862.25,-1155
2022-09-19 08:43:42,4,4,3862.25,-1151
2022-09-19 08:43:43,27,-17,3862.25,-1168
2022-09-19 08:43:44,4,-1,3862.0,-1169
2022-09-19 08:43:45,3,0,3862.25,-1169
2022-09-19 08:43:48,2,-2,3862.0,-1171
2022-09-19 08:43:51,5,2,3862.25,-1169
2022-09-19 08:43:52,2,1,3862.25,-1168
2022-09-19 08:43:53,12,-9,3862.25,-1177
2022-09-19 08:43:54,46,-4,3862.25,-1181
2022-09-19 08:43:56,10,-2,3861.75,-1183
2022-09-19 08:43:58,5,-4,3861.75,-1187
2022-09-19 08:43:59,14,-4,3861.5,-1191
2022-09-19 08:44:00,7,4,3861.75,-1187
2022-09-19 08:44:01,11,4,3861.75,-1183
2022-09-19 08:44:02,6,2,3862.0,-1181
2022-09-19 08:44:03,4,-4,3861.75,-1185
2022-09-19 08:44:04,6,6,3861.75,-1179
2022-09-19 08:44:05,14,4,3862.0,-1175
2022-09-19 08:44:06,123,128,3862.75,-1047
2022-09-19 08:44:08,13,-5,3861.75,-1052
2022-09-19 08:44:09,2,-2,3861.75,-1054
2022-09-19 08:44:10,2,-2,3861.75,-1056
2022-09-19 08:44:11,15,6,3861.75,-1050
2022-09-19 08:44:12,1,1,3861.75,-1049
2022-09-19 08:44:15,14,-13,3861.5,-1062
2022-09-19 08:44:17,17,11,3861.75,-1051
2022-09-19 08:44:18,5,0,3861.75,-1051
2022-09-19 08:44:19,1,1,3861.75,-1050
2022-09-19 08:44:20,6,-4,3861.5,-1054
2022-09-19 08:44:21,3,-3,3861.5,-1057
2022-09-19 08:44:22,12,-4,3861.5,-1061
2022-09-19 08:44:26,1,-1,3861.25,-1062
2022-09-19 08:44:27,6,0,3861.5,-1062
2022-09-19 08:44:29,63,-15,3861.25,-1077
2022-09-19 08:44:30,2,-2,3861.25,-1079
2022-09-19 08:44:31,37,26,3862.0,-1053
2022-09-19 08:44:32,3,-3,3862.0,-1056
2022-09-19 08:44:33,2,-2,3862.0,-1058
2022-09-19 08:44:34,2,2,3862.0,-1056
2022-09-19 08:44:36,3,-1,3862.25,-1057
2022-09-19 08:44:37,3,1,3862.25,-1056
2022-09-19 08:44:38,1,1,3862.0,-1055
2022-09-19 08:44:39,10,-1,3862.25,-1056
2022-09-19 08:44:41,1,1,3862.0,-1055
2022-09-19 08:44:42,1,1,3862.0,-1054
2022-09-19 08:44:43,14,6,3862.0,-1048
2022-09-19 08:44:45,4,-2,3862.0,-1050
2022-09-19 08:44:47,1,1,3862.25,-1049
2022-09-19 08:44:49,6,4,3862.25,-1045
2022-09-19 08:44:51,2,-1,3862.0,-1046
2022-09-19 08:44:53,56,-16,3862.0,-1062
2022-09-19 08:44:54,1,-1,3861.75,-1063
2022-09-19 08:44:55,57,25,3862.5,-1038
2022-09-19 08:44:56,8,-6,3862.25,-1044
2022-09-19 08:44:57,25,-17,3862.25,-1061
2022-09-19 08:44:59,1,-1,3862.0,-1062
2022-09-19 08:45:00,23,-4,3862.25,-1066
2022-09-19 08:45:01,7,4,3862.25,-1062
2022-09-19 08:45:03,4,-4,3862.0,-1066
2022-09-19 08:45:04,1,1,3862.25,-1065
2022-09-19 08:45:05,6,-4,3862.25,-1069
2022-09-19 08:45:06,2,2,3862.0,-1067
2022-09-19 08:45:07,4,4,3862.0,-1063
2022-09-19 08:45:09,4,-3,3862.0,-1066
2022-09-19 08:45:10,4,-4,3862.0,-1070
2022-09-19 08:45:11,6,6,3862.0,-1064
2022-09-19 08:45:13,5,-4,3862.0,-1068
2022-09-19 08:45:14,5,-1,3862.0,-1069
2022-09-19 08:45:17,1,-1,3861.75,-1070
2022-09-19 08:45:19,1,1,3862.0,-1069
2022-09-19 08:45:21,10,-8,3861.75,-1077
2022-09-19 08:45:23,3,2,3862.0,-1075
2022-09-19 08:45:24,68,18,3862.25,-1057
2022-09-19 08:45:25,5,3,3862.25,-1054
2022-09-19 08:45:27,18,-4,3862.25,-1058
2022-09-19 08:45:28,1,-1,3862.0,-1059
2022-09-19 08:45:29,2,-2,3862.0,-1061
2022-09-19 08:45:31,1,-1,3862.0,-1062
2022-09-19 08:45:32,19,12,3862.5,-1050
2022-09-19 08:45:33,6,-5,3862.25,-1055
2022-09-19 08:45:34,26,0,3862.5,-1055
2022-09-19 08:45:35,22,-6,3862.75,-1061
2022-09-19 08:45:36,28,16,3863.0,-1045
2022-09-19 08:45:37,1,1,3863.0,-1044
2022-09-19 08:45:38,3,-1,3863.0,-1045
2022-09-19 08:45:39,40,-10,3863.0,-1055
2022-09-19 08:45:40,1,-1,3862.75,-1056
2022-09-19 08:45:41,1,1,3863.0,-1055
2022-09-19 08:45:45,9,-3,3862.75,-1058
2022-09-19 08:45:46,36,23,3863.0,-1035
2022-09-19 08:45:47,6,-2,3862.75,-1037
2022-09-19 08:45:48,3,3,3863.0,-1034
2022-09-19 08:45:49,22,11,3863.0,-1023
2022-09-19 08:45:50,2,-2,3863.0,-1025
2022-09-19 08:45:51,12,-6,3863.0,-1031
2022-09-19 08:45:52,23,-5,3863.0,-1036
2022-09-19 08:45:53,3,-3,3862.75,-1039
2022-09-19 08:45:54,3,0,3863.0,-1039
2022-09-19 08:45:55,7,-1,3862.75,-1040
2022-09-19 08:45:56,12,7,3862.75,-1033
2022-09-19 08:45:57,2,2,3862.75,-1031
2022-09-19 08:45:58,4,3,3862.75,-1028
2022-09-19 08:45:59,2,2,3862.75,-1026
2022-09-19 08:46:00,30,-10,3862.75,-1036
2022-09-19 08:46:02,2,-2,3862.5,-1038
2022-09-19 08:46:03,1,1,3862.75,-1037
2022-09-19 08:46:04,10,-8,3862.5,-1045
2022-09-19 08:46:05,4,-3,3862.5,-1048
2022-09-19 08:46:07,17,17,3862.75,-1031
2022-09-19 08:46:08,19,6,3862.75,-1025
2022-09-19 08:46:10,14,12,3863.0,-1013
2022-09-19 08:46:11,2,-1,3862.75,-1014
2022-09-19 08:46:12,3,1,3863.0,-1013
2022-09-19 08:46:13,21,-1,3863.0,-1014
2022-09-19 08:46:14,6,3,3862.75,-1011
2022-09-19 08:46:15,2,1,3863.0,-1010
2022-09-19 08:46:16,21,-6,3863.0,-1016
2022-09-19 08:46:17,4,2,3863.0,-1014
2022-09-19 08:46:18,1,1,3863.0,-1013
2022-09-19 08:46:19,9,9,3863.0,-1004
2022-09-19 08:46:20,10,-9,3863.0,-1013
2022-09-19 08:46:22,13,-12,3862.75,-1025
2022-09-19 08:46:23,7,6,3862.75,-1019
2022-09-19 08:46:26,1,1,3863.0,-1018
2022-09-19 08:46:27,11,-6,3862.75,-1024
2022-09-19 08:46:28,1,-1,3862.5,-1025
2022-09-19 08:46:32,25,-7,3862.5,-1032
2022-09-19 08:46:33,12,-8,3862.5,-1040
2022-09-19 08:46:34,13,7,3862.75,-1033
2022-09-19 08:46:35,17,-17,3862.5,-1050
2022-09-19 08:46:36,3,2,3862.5,-1048
2022-09-19 08:46:37,11,-11,3862.25,-1059
2022-09-19 08:46:38,77,85,3862.75,-974
2022-09-19 08:46:39,3,2,3862.5,-972
2022-09-19 08:46:41,12,-11,3862.25,-983
2022-09-19 08:46:42,9,8,3862.25,-975
2022-09-19 08:46:43,6,5,3862.25,-970
2022-09-19 08:46:44,2,2,3862.25,-968
2022-09-19 08:46:45,6,-5,3862.0,-973
2022-09-19 08:46:46,5,5,3862.25,-968
2022-09-19 08:46:47,49,3,3862.75,-965
2022-09-19 08:46:49,31,8,3862.75,-957
2022-09-19 08:46:50,1,-1,3862.5,-958
2022-09-19 08:46:52,20,2,3862.75,-956
2022-09-19 08:46:55,1,1,3862.75,-955
2022-09-19 08:46:57,7,7,3862.75,-948
2022-09-19 08:46:59,3,-3,3862.5,-951
2022-09-19 08:47:00,12,-10,3862.5,-961
2022-09-19 08:47:01,26,10,3862.5,-951
2022-09-19 08:47:02,3,3,3862.75,-948
2022-09-19 08:47:04,10,-7,3862.5,-955
2022-09-19 08:47:08,21,16,3863.0,-939
2022-09-19 08:47:10,1,1,3863.0,-938
2022-09-19 08:47:13,41,5,3863.25,-933
2022-09-19 08:47:14,1,1,3863.0,-932
2022-09-19 08:47:15,121,-118,3863.0,-1050
2022-09-19 08:47:16,13,-6,3862.75,-1056
2022-09-19 08:47:17,2,2,3863.0,-1054
2022-09-19 08:47:18,3,3,3863.0,-1051
2022-09-19 08:47:20,1,-1,3862.75,-1052
2022-09-19 08:47:21,1,1,3863.0,-1051
2022-09-19 08:47:22,28,22,3863.0,-1029
2022-09-19 08:47:26,53,26,3863.5,-1003
2022-09-19 08:47:28,5,2,3863.5,-1001
2022-09-19 08:47:29,2,2,3863.5,-999
2022-09-19 08:47:30,42,28,3863.75,-971
2022-09-19 08:47:31,2,1,3863.75,-970
2022-09-19 08:47:32,55,29,3863.75,-941
2022-09-19 08:47:33,23,-4,3863.75,-945
2022-09-19 08:47:34,10,9,3863.75,-936
2022-09-19 08:47:35,9,-6,3863.75,-942
2022-09-19 08:47:36,2,-1,3863.5,-943
2022-09-19 08:47:37,1,-1,3863.5,-944
2022-09-19 08:47:38,3,3,3863.75,-941
2022-09-19 08:47:39,3,-1,3863.75,-942
2022-09-19 08:47:41,117,78,3864.25,-864
2022-09-19 08:47:42,51,0,3864.25,-864
2022-09-19 08:47:43,53,24,3864.5,-840
2022-09-19 08:47:44,17,-5,3864.5,-845
2022-09-19 08:47:45,105,-49,3864.75,-894
2022-09-19 08:47:46,13,1,3864.5,-893
2022-09-19 08:47:47,1,1,3864.5,-892
2022-09-19 08:47:48,11,-2,3864.5,-894
2022-09-19 08:47:49,11,-11,3864.25,-905
2022-09-19 08:47:50,3,-1,3864.25,-906
2022-09-19 08:47:51,6,-4,3864.25,-910
2022-09-19 08:47:52,5,1,3864.25,-909
2022-09-19 08:47:53,5,-2,3864.25,-911
2022-09-19 08:47:54,63,-46,3864.0,-957
2022-09-19 08:47:55,2,-2,3863.5,-959
2022-09-19 08:47:56,38,31,3864.0,-928
2022-09-19 08:47:57,119,77,3864.0,-851
2022-09-19 08:47:58,3,3,3864.0,-848
2022-09-19 08:47:59,25,38,3864.25,-810
2022-09-19 08:48:00,5,1,3864.25,-809
2022-09-19 08:48:01,38,15,3864.5,-794
2022-09-19 08:48:02,41,-3,3864.5,-797
2022-09-19 08:48:03,8,7,3864.5,-790
2022-09-19 08:48:04,1,1,3864.5,-789
2022-09-19 08:48:05,1,-1,3864.25,-790
2022-09-19 08:48:06,1,-1,3864.25,-791
2022-09-19 08:48:07,4,4,3864.5,-787
2022-09-19 08:48:10,70,-10,3864.25,-797
2022-09-19 08:48:11,14,7,3864.0,-790
2022-09-19 08:48:12,3,3,3864.0,-787
2022-09-19 08:48:13,1,1,3864.0,-786
2022-09-19 08:48:14,2,-2,3863.75,-788
2022-09-19 08:48:16,2,-1,3863.75,-789
2022-09-19 08:48:18,25,-11,3863.75,-800
2022-09-19 08:48:20,67,-22,3863.75,-822
2022-09-19 08:48:21,53,2,3863.75,-820
2022-09-19 08:48:22,4,-2,3863.75,-822
2022-09-19 08:48:23,27,-2,3863.75,-824
2022-09-19 08:48:25,5,-4,3863.5,-828
2022-09-19 08:48:26,30,22,3863.75,-806
2022-09-19 08:48:27,14,-9,3863.75,-815
2022-09-19 08:48:28,40,-6,3863.75,-821
2022-09-19 08:48:29,11,-5,3863.75,-826
2022-09-19 08:48:30,10,-7,3863.5,-833
2022-09-19 08:48:33,60,9,3864.0,-824
2022-09-19 08:48:34,1,-1,3863.75,-825
2022-09-19 08:48:39,24,13,3864.0,-812
2022-09-19 08:48:40,1,-1,3864.0,-813
2022-09-19 08:48:41,14,0,3864.0,-813
2022-09-19 08:48:44,10,-8,3864.0,-821
2022-09-19 08:48:45,1,-1,3863.5,-822
2022-09-19 08:48:46,29,-7,3863.5,-829
2022-09-19 08:48:49,3,2,3863.75,-827
2022-09-19 08:48:50,15,10,3863.75,-817
2022-09-19 08:48:53,15,4,3863.75,-813
2022-09-19 08:48:54,85,37,3864.25,-776
2022-09-19 08:48:55,2,0,3864.5,-776
2022-09-19 08:48:56,28,-15,3864.25,-791
2022-09-19 08:48:58,1,-1,3864.0,-792
2022-09-19 08:48:59,3,2,3864.25,-790
2022-09-19 08:49:00,32,18,3864.5,-772
2022-09-19 08:49:01,4,-3,3864.25,-775
2022-09-19 08:49:02,5,3,3864.5,-772
2022-09-19 08:49:03,6,4,3864.5,-768
2022-09-19 08:49:04,5,5,3864.75,-763
2022-09-19 08:49:05,21,-9,3864.5,-772
2022-09-19 08:49:07,2,-2,3864.5,-774
2022-09-19 08:49:09,9,4,3864.75,-770
2022-09-19 08:49:11,17,-10,3864.5,-780
2022-09-19 08:49:12,17,7,3864.75,-773
2022-09-19 08:49:13,20,13,3864.75,-760
2022-09-19 08:49:15,6,4,3864.75,-756
2022-09-19 08:49:16,1,-1,3864.5,-757
2022-09-19 08:49:18,4,3,3864.75,-754
2022-09-19 08:49:19,6,2,3864.75,-752
2022-09-19 08:49:20,1,-1,3864.5,-753
2022-09-19 08:49:22,14,12,3864.75,-741
2022-09-19 08:49:23,13,10,3864.75,-731
2022-09-19 08:49:24,24,18,3865.0,-713
2022-09-19 08:49:25,2,-2,3864.75,-715
2022-09-19 08:49:26,11,-1,3865.0,-716
2022-09-19 08:49:27,1,1,3865.0,-715
2022-09-19 08:49:28,44,-8,3864.75,-723
2022-09-19 08:49:29,3,-1,3864.75,-724
2022-09-19 08:49:30,21,-6,3864.5,-730
2022-09-19 08:49:32,5,5,3864.75,-725
2022-09-19 08:49:33,1,1,3864.75,-724
2022-09-19 08:49:34,19,7,3864.75,-717
2022-09-19 08:49:36,12,9,3864.75,-708
2022-09-19 08:49:37,4,4,3864.75,-704
2022-09-19 08:49:38,20,17,3864.75,-687
2022-09-19 08:49:40,19,-11,3865.0,-698
2022-09-19 08:49:41,1,1,3864.75,-697
2022-09-19 08:49:42,4,4,3864.75,-693
2022-09-19 08:49:44,5,5,3864.75,-688
2022-09-19 08:49:45,2,-2,3864.5,-690
2022-09-19 08:49:46,19,-8,3864.5,-698
2022-09-19 08:49:47,12,-1,3864.75,-699
2022-09-19 08:49:48,3,-2,3864.5,-701
2022-09-19 08:49:49,20,20,3864.75,-681
2022-09-19 08:49:52,3,1,3865.0,-680
2022-09-19 08:49:54,3,1,3865.0,-679
2022-09-19 08:49:56,6,4,3865.0,-675
2022-09-19 08:49:57,5,3,3865.0,-672
2022-09-19 08:49:58,75,53,3865.0,-619
2022-09-19 08:49:59,1,-1,3865.0,-620
2022-09-19 08:50:00,17,-9,3865.0,-629
2022-09-19 08:50:01,23,-11,3865.0,-640
2022-09-19 08:50:02,3,3,3864.75,-637
2022-09-19 08:50:03,23,4,3864.75,-633
2022-09-19 08:50:04,1,1,3865.0,-632
2022-09-19 08:50:06,6,4,3865.0,-628
2022-09-19 08:50:07,1,-1,3864.75,-629
2022-09-19 08:50:09,46,39,3865.0,-590
2022-09-19 08:50:10,10,-5,3865.0,-595
2022-09-19 08:50:11,6,4,3865.0,-591
2022-09-19 08:50:12,61,-2,3865.5,-593
2022-09-19 08:50:15,19,10,3865.25,-583
2022-09-19 08:50:17,3,3,3865.25,-580
2022-09-19 08:50:18,5,2,3865.25,-578
2022-09-19 08:50:19,2,-2,3865.0,-580
2022-09-19 08:50:20,18,15,3865.25,-565
2022-09-19 08:50:22,3,2,3865.5,-563
2022-09-19 08:50:24,11,-8,3865.5,-571
2022-09-19 08:50:25,29,-20,3865.0,-591
2022-09-19 08:50:26,35,-27,3864.75,-618
2022-09-19 08:50:27,1,1,3864.75,-617
2022-09-19 08:50:28,3,-3,3864.5,-620
2022-09-19 08:50:29,1,-1,3864.5,-621
2022-09-19 08:50:30,77,33,3864.75,-588
2022-09-19 08:50:31,4,1,3865.0,-587
2022-09-19 08:50:32,3,-3,3864.75,-590
2022-09-19 08:50:33,31,26,3865.0,-564
2022-09-19 08:50:35,45,9,3865.25,-555
2022-09-19 08:50:37,5,3,3865.5,-552
2022-09-19 08:50:38,1,-1,3865.25,-553
2022-09-19 08:50:39,56,-27,3865.25,-580
2022-09-19 08:50:40,1,-1,3865.25,-581
2022-09-19 08:50:41,13,9,3865.5,-572
2022-09-19 08:50:42,15,-1,3865.5,-573
2022-09-19 08:50:43,2,2,3865.5,-571
2022-09-19 08:50:45,56,29,3865.5,-542
2022-09-19 08:50:46,277,143,3866.25,-399
2022-09-19 08:50:47,12,1,3866.0,-398
2022-09-19 08:50:49,4,-3,3865.75,-401
2022-09-19 08:50:50,2,-2,3865.75,-403
2022-09-19 08:50:51,33,12,3866.0,-391
2022-09-19 08:50:52,42,-5,3866.25,-396
2022-09-19 08:50:53,1,-1,3865.75,-397
2022-09-19 08:50:54,29,22,3866.25,-375
2022-09-19 08:50:55,18,-5,3866.0,-380
2022-09-19 08:50:56,1,1,3866.0,-379
2022-09-19 08:50:57,32,17,3866.25,-362
2022-09-19 08:50:58,51,13,3866.5,-349
2022-09-19 08:50:59,14,9,3866.75,-340
2022-09-19 08:51:00,26,5,3866.5,-335
2022-09-19 08:51:01,6,4,3866.5,-331
2022-09-19 08:51:02,50,14,3866.5,-317
2022-09-19 08:51:03,110,123,3867.0,-194
2022-09-19 08:51:04,17,-4,3867.0,-198
2022-09-19 08:51:05,1,1,3867.0,-197
2022-09-19 08:51:06,106,14,3867.25,-183
2022-09-19 08:51:07,25,6,3866.75,-177
2022-09-19 08:51:09,16,-11,3866.5,-188
2022-09-19 08:51:10,1,1,3866.75,-187
2022-09-19 08:51:11,10,3,3866.75,-184
2022-09-19 08:51:12,2,0,3866.75,-184
2022-09-19 08:51:13,72,-67,3866.5,-251
2022-09-19 08:51:14,13,0,3866.25,-251
2022-09-19 08:51:15,2,0,3866.5,-251
2022-09-19 08:51:16,44,-44,3866.25,-295
2022-09-19 08:51:17,27,-4,3866.25,-299
2022-09-19 08:51:18,8,-3,3866.25,-302
2022-09-19 08:51:19,8,-4,3866.25,-306
2022-09-19 08:51:20,2,-2,3866.25,-308
2022-09-19 08:51:22,10,8,3866.25,-300
2022-09-19 08:51:23,24,-5,3866.25,-305
2022-09-19 08:51:24,1,-1,3866.0,-306
2022-09-19 08:51:25,32,0,3866.25,-306
2022-09-19 08:51:26,2,-1,3866.0,-307
2022-09-19 08:51:27,23,15,3866.25,-292
2022-09-19 08:51:29,6,-6,3866.0,-298
2022-09-19 08:51:31,18,8,3866.25,-290
2022-09-19 08:51:32,2,-2,3866.25,-292
2022-09-19 08:51:33,1,-1,3866.25,-293
2022-09-19 08:51:34,1,-1,3866.25,-294
2022-09-19 08:51:35,3,-3,3866.25,-297
2022-09-19 08:51:36,22,9,3866.5,-288
2022-09-19 08:51:37,9,7,3866.5,-281
2022-09-19 08:51:38,13,9,3866.75,-272
2022-09-19 08:51:39,32,-14,3866.75,-286
2022-09-19 08:51:40,2,0,3866.75,-286
2022-09-19 08:51:41,14,10,3866.75,-276
2022-09-19 08:51:44,13,8,3866.75,-268
2022-09-19 08:51:45,35,-22,3866.5,-290
2022-09-19 08:51:46,2,1,3866.5,-289
2022-09-19 08:51:47,37,13,3866.5,-276
2022-09-19 08:51:48,1,-1,3866.25,-277
2022-09-19 08:51:50,1,-1,3866.25,-278
2022-09-19 08:51:51,47,23,3866.5,-255
2022-09-19 08:51:53,28,22,3866.75,-233
2022-09-19 08:51:54,28,-25,3866.75,-258
2022-09-19 08:51:56,9,7,3866.75,-251
2022-09-19 08:51:57,8,-2,3866.75,-253
2022-09-19 08:51:58,11,-1,3867.0,-254
2022-09-19 08:51:59,4,-2,3867.0,-256
2022-09-19 08:52:00,6,2,3867.0,-254
2022-09-19 08:52:01,5,5,3867.0,-249
2022-09-19 08:52:03,1,-1,3866.75,-250
2022-09-19 08:52:04,1,-1,3866.75,-251
2022-09-19 08:52:05,10,2,3867.0,-249
2022-09-19 08:52:06,1,-1,3866.75,-250
2022-09-19 08:52:08,124,-8,3867.0,-258
2022-09-19 08:52:09,18,-14,3867.0,-272
2022-09-19 08:52:10,22,-7,3866.75,-279
2022-09-19 08:52:11,9,6,3866.75,-273
2022-09-19 08:52:12,16,-9,3866.75,-282
2022-09-19 08:52:13,7,5,3866.75,-277
2022-09-19 08:52:14,43,-26,3866.5,-303
2022-09-19 08:52:15,58,-13,3866.0,-316
2022-09-19 08:52:16,27,12,3866.25,-304
2022-09-19 08:52:18,16,-4,3866.25,-308
2022-09-19 08:52:19,18,11,3866.25,-297
2022-09-19 08:52:20,9,8,3866.25,-289
2022-09-19 08:52:22,1,-1,3866.25,-290
2022-09-19 08:52:23,25,-5,3866.5,-295
2022-09-19 08:52:25,6,-6,3866.5,-301
2022-09-19 08:52:26,1,-1,3866.25,-302
2022-09-19 08:52:28,1,-1,3866.25,-303
2022-09-19 08:52:30,29,9,3866.5,-294
2022-09-19 08:52:31,7,-4,3866.5,-298
2022-09-19 08:52:34,4,3,3866.5,-295
2022-09-19 08:52:36,5,5,3866.5,-290
2022-09-19 08:52:37,14,-3,3866.5,-293
2022-09-19 08:52:39,30,12,3867.0,-281
2022-09-19 08:52:40,4,-3,3866.75,-284
2022-09-19 08:52:43,10,8,3866.75,-276
2022-09-19 08:52:44,20,-17,3866.75,-293
2022-09-19 08:52:45,3,-1,3866.75,-294
2022-09-19 08:52:50,2,-2,3866.5,-296
2022-09-19 08:52:51,41,12,3867.0,-284
2022-09-19 08:52:52,3,-1,3867.0,-285
2022-09-19 08:52:53,11,-8,3867.0,-293
2022-09-19 08:52:54,3,-1,3867.0,-294
2022-09-19 08:52:56,8,-8,3866.75,-302
2022-09-19 08:52:58,1,-1,3866.75,-303
2022-09-19 08:52:59,34,-24,3867.0,-327
2022-09-19 08:53:00,40,33,3867.25,-294
2022-09-19 08:53:01,2,0,3867.0,-294
2022-09-19 08:53:02,8,-4,3866.75,-298
2022-09-19 08:53:03,8,-6,3866.5,-304
2022-09-19 08:53:04,2,-2,3866.25,-306
2022-09-19 08:53:05,12,-5,3866.5,-311
2022-09-19 08:53:06,3,3,3866.5,-308
2022-09-19 08:53:08,27,-10,3866.25,-318
2022-09-19 08:53:09,30,-6,3866.25,-324
2022-09-19 08:53:10,8,-1,3866.5,-325
2022-09-19 08:53:11,67,-17,3866.25,-342
2022-09-19 08:53:13,38,14,3866.25,-328
2022-09-19 08:53:15,4,-4,3866.25,-332
2022-09-19 08:53:17,66,-48,3866.0,-380
2022-09-19 08:53:20,21,-14,3865.75,-394
2022-09-19 08:53:21,4,-4,3865.5,-398
2022-09-19 08:53:22,1,-1,3865.5,-399
2022-09-19 08:53:23,2,-2,3865.5,-401
2022-09-19 08:53:24,4,-4,3865.5,-405
2022-09-19 08:53:25,16,13,3865.75,-392
2022-09-19 08:53:26,10,10,3866.0,-382
2022-09-19 08:53:27,1,-1,3866.0,-383
2022-09-19 08:53:28,10,9,3866.25,-374
2022-09-19 08:53:29,20,9,3866.25,-365
2022-09-19 08:53:30,21,-6,3866.5,-371
2022-09-19 08:53:32,1,1,3866.25,-370
2022-09-19 08:53:34,7,-6,3866.0,-376
2022-09-19 08:53:35,8,2,3866.0,-374
2022-09-19 08:53:36,9,-7,3865.75,-381
2022-09-19 08:53:37,41,22,3866.0,-359
2022-09-19 08:53:39,6,-2,3866.0,-361
2022-09-19 08:53:40,5,-5,3865.75,-366
2022-09-19 08:53:42,26,-14,3865.75,-380
2022-09-19 08:53:44,15,-9,3865.5,-389
2022-09-19 08:53:45,73,-64,3865.5,-453
2022-09-19 08:53:46,3,-3,3865.25,-456
2022-09-19 08:53:47,21,-17,3865.25,-473
2022-09-19 08:53:48,7,-5,3865.25,-478
2022-09-19 08:53:49,13,3,3865.25,-475
2022-09-19 08:53:50,2,-2,3865.25,-477
2022-09-19 08:53:51,40,-39,3865.25,-516
2022-09-19 08:53:52,3,-3,3865.0,-519
2022-09-19 08:53:55,175,-108,3865.0,-627
2022-09-19 08:53:56,4,-2,3864.75,-629
2022-09-19 08:53:57,214,-21,3864.5,-650
2022-09-19 08:53:58,3,-1,3864.75,-651
2022-09-19 08:53:59,26,-13,3864.5,-664
2022-09-19 08:54:00,32,6,3864.5,-658
2022-09-19 08:54:01,22,7,3864.5,-651
2022-09-19 08:54:02,1,1,3864.75,-650
2022-09-19 08:54:03,11,-2,3864.75,-652
2022-09-19 08:54:04,1,1,3864.5,-651
2022-09-19 08:54:05,83,-13,3864.5,-664
2022-09-19 08:54:07,26,-17,3864.25,-681
2022-09-19 08:54:08,24,-20,3864.0,-701
2022-09-19 08:54:09,13,-4,3864.25,-705
2022-09-19 08:54:10,84,-35,3864.0,-740
2022-09-19 08:54:11,9,-7,3863.75,-747
2022-09-19 08:54:12,21,14,3864.0,-733
2022-09-19 08:54:13,2,-2,3863.75,-735
2022-09-19 08:54:14,2,2,3864.0,-733
2022-09-19 08:54:15,6,4,3864.0,-729
2022-09-19 08:54:16,12,-3,3863.75,-732
2022-09-19 08:54:17,5,5,3864.0,-727
2022-09-19 08:54:19,2,2,3864.0,-725
2022-09-19 08:54:20,27,24,3864.25,-701
2022-09-19 08:54:21,55,3,3864.25,-698
2022-09-19 08:54:22,1,1,3864.25,-697
2022-09-19 08:54:23,3,1,3864.25,-696
2022-09-19 08:54:24,3,-1,3864.25,-697
2022-09-19 08:54:25,1,-1,3864.0,-698
2022-09-19 08:54:27,21,15,3864.5,-683
2022-09-19 08:54:28,1,-1,3864.25,-684
2022-09-19 08:54:29,6,-6,3864.25,-690
2022-09-19 08:54:30,4,4,3864.5,-686
2022-09-19 08:54:32,1,1,3864.5,-685
2022-09-19 08:54:36,15,-8,3864.25,-693
2022-09-19 08:54:37,1,1,3864.25,-692
2022-09-19 08:54:38,14,-1,3864.0,-693
2022-09-19 08:54:39,34,10,3864.25,-683
2022-09-19 08:54:40,1,1,3864.25,-682
2022-09-19 08:54:42,27,6,3864.25,-676
2022-09-19 08:54:44,15,2,3864.25,-674
2022-09-19 08:54:47,11,7,3864.25,-667
2022-09-19 08:54:48,15,14,3864.5,-653
2022-09-19 08:54:49,5,-3,3864.5,-656
2022-09-19 08:54:50,5,4,3864.5,-652
2022-09-19 08:54:51,12,12,3864.5,-640
2022-09-19 08:54:52,1,-1,3864.5,-641
2022-09-19 08:54:54,7,-4,3864.5,-645
2022-09-19 08:54:55,2,2,3864.5,-643
2022-09-19 08:54:56,3,2,3864.5,-641
2022-09-19 08:54:57,3,3,3864.5,-638
2022-09-19 08:54:58,10,-4,3864.25,-642
2022-09-19 08:54:59,15,14,3864.5,-628
2022-09-19 08:55:00,25,19,3864.75,-609
2022-09-19 08:55:02,11,9,3865.0,-600
2022-09-19 08:55:03,1,1,3865.0,-599
2022-09-19 08:55:04,27,25,3865.5,-574
2022-09-19 08:55:05,2,2,3865.5,-572
2022-09-19 08:55:06,3,0,3865.5,-572
2022-09-19 08:55:07,5,-5,3865.25,-577
2022-09-19 08:55:10,36,16,3865.5,-561
2022-09-19 08:55:11,57,70,3866.0,-491
2022-09-19 08:55:12,4,-4,3865.75,-495
2022-09-19 08:55:13,2,0,3865.75,-495
2022-09-19 08:55:14,29,-1,3865.75,-496
2022-09-19 08:55:16,2,2,3865.75,-494
2022-09-19 08:55:17,1,-1,3865.5,-495
2022-09-19 08:55:18,23,-15,3865.5,-510
2022-09-19 08:55:20,9,-1,3865.5,-511
2022-09-19 08:55:21,1,-1,3865.25,-512
2022-09-19 08:55:23,5,-1,3865.5,-513
2022-09-19 08:55:24,1,-1,3865.25,-514
2022-09-19 08:55:26,13,-5,3865.5,-519
2022-09-19 08:55:28,2,2,3865.5,-517
2022-09-19 08:55:30,5,3,3865.5,-514
2022-09-19 08:55:31,1,-1,3865.25,-515
2022-09-19 08:55:32,1,-1,3865.25,-516
2022-09-19 08:55:33,1,1,3865.5,-515
2022-09-19 08:55:35,2,2,3865.5,-513
2022-09-19 08:55:37,7,-7,3865.25,-520
2022-09-19 08:55:39,17,13,3865.5,-507
2022-09-19 08:55:40,5,-2,3865.5,-509
2022-09-19 08:55:41,6,-5,3865.5,-514
2022-09-19 08:55:43,4,0,3865.75,-514
2022-09-19 08:55:45,15,-1,3865.75,-515
2022-09-19 08:55:46,1,1,3865.75,-514
2022-09-19 08:55:48,1,1,3865.75,-513
2022-09-19 08:55:49,10,6,3865.75,-507
2022-09-19 08:55:51,8,-7,3865.5,-514
2022-09-19 08:55:53,13,-7,3865.25,-521
2022-09-19 08:55:54,4,-4,3865.25,-525
2022-09-19 08:55:56,22,-11,3865.25,-536
2022-09-19 08:55:57,1,-1,3864.75,-537
2022-09-19 08:55:58,47,14,3865.0,-523
2022-09-19 08:55:59,11,-11,3864.75,-534
2022-09-19 08:56:00,14,11,3865.0,-523
2022-09-19 08:56:01,8,-4,3864.75,-527
2022-09-19 08:56:03,1,-1,3864.75,-528
2022-09-19 08:56:06,5,-5,3864.75,-533
2022-09-19 08:56:08,8,7,3864.75,-526
2022-09-19 08:56:11,20,12,3865.0,-514
2022-09-19 08:56:12,10,-7,3865.0,-521
2022-09-19 08:56:14,7,0,3865.0,-521
2022-09-19 08:56:15,124,-128,3865.0,-649
2022-09-19 08:56:16,4,0,3864.5,-649
2022-09-19 08:56:18,24,-7,3864.25,-656
2022-09-19 08:56:19,11,-9,3864.25,-665
2022-09-19 08:56:20,19,-14,3864.25,-679
2022-09-19 08:56:21,1,1,3864.0,-678
2022-09-19 08:56:22,2,-2,3863.75,-680
2022-09-19 08:56:24,1,-1,3863.75,-681
2022-09-19 08:56:26,3,-3,3863.75,-684
2022-09-19 08:56:27,3,-1,3864.0,-685
2022-09-19 08:56:28,2,-2,3863.75,-687
2022-09-19 08:56:29,12,-9,3863.75,-696
2022-09-19 08:56:30,84,-45,3863.75,-741
2022-09-19 08:56:31,6,-6,3863.75,-747
2022-09-19 08:56:32,2,2,3863.75,-745
2022-09-19 08:56:33,4,0,3863.75,-745
2022-09-19 08:56:34,11,5,3863.75,-740
2022-09-19 08:56:35,3,-3,3863.5,-743
2022-09-19 08:56:37,14,-1,3864.0,-744
2022-09-19 08:56:38,5,4,3863.75,-740
2022-09-19 08:56:39,1,-1,3863.75,-741
2022-09-19 08:56:40,4,-4,3863.75,-745
2022-09-19 08:56:44,13,8,3863.75,-737
2022-09-19 08:56:48,3,-3,3863.75,-740
2022-09-19 08:56:49,10,-8,3863.5,-748
2022-09-19 08:56:50,7,5,3863.5,-743
2022-09-19 08:56:51,2,-2,3863.5,-745
2022-09-19 08:56:54,1,-1,3863.25,-746
2022-09-19 08:56:55,5,-4,3863.25,-750
2022-09-19 08:56:56,33,-13,3863.25,-763
2022-09-19 08:57:00,77,-2,3863.25,-765
2022-09-19 08:57:01,1,-1,3863.0,-766
2022-09-19 08:57:04,11,-7,3863.0,-773
2022-09-19 08:57:06,1,-1,3863.0,-774
2022-09-19 08:57:07,2,0,3863.25,-774
2022-09-19 08:57:08,1,-1,3863.0,-775
2022-09-19 08:57:10,36,22,3863.25,-753
2022-09-19 08:57:12,22,0,3863.5,-753
2022-09-19 08:57:13,1,1,3863.25,-752
2022-09-19 08:57:14,2,2,3863.25,-750
2022-09-19 08:57:15,20,-20,3863.0,-770
2022-09-19 08:57:16,1,-1,3863.0,-771
2022-09-19 08:57:17,38,-17,3863.0,-788
2022-09-19 08:57:18,4,-1,3863.0,-789
2022-09-19 08:57:19,13,3,3863.0,-786
2022-09-19 08:57:22,1,-1,3862.75,-787
2022-09-19 08:57:23,25,-19,3862.75,-806
2022-09-19 08:57:24,13,5,3862.75,-801
2022-09-19 08:57:26,1,-1,3862.75,-802
2022-09-19 08:57:27,11,-7,3862.75,-809
2022-09-19 08:57:28,13,4,3863.0,-805
2022-09-19 08:57:29,22,11,3863.0,-794
2022-09-19 08:57:30,8,5,3863.0,-789
2022-09-19 08:57:31,21,3,3863.0,-786
2022-09-19 08:57:33,5,-5,3862.75,-791
2022-09-19 08:57:34,53,6,3863.0,-785
2022-09-19 08:57:35,21,3,3863.25,-782
2022-09-19 08:57:36,10,1,3863.25,-781
2022-09-19 08:57:37,1,1,3863.25,-780
2022-09-19 08:57:38,22,-8,3863.25,-788
2022-09-19 08:57:39,2,2,3863.0,-786
2022-09-19 08:57:41,4,-4,3862.75,-790
2022-09-19 08:57:42,19,9,3863.0,-781
2022-09-19 08:57:43,10,-2,3863.0,-783
2022-09-19 08:57:44,4,0,3863.25,-783
2022-09-19 08:57:45,4,2,3863.0,-781
2022-09-19 08:57:46,4,2,3863.0,-779
2022-09-19 08:57:47,24,21,3863.25,-758
2022-09-19 08:57:48,4,-1,3863.25,-759
2022-09-19 08:57:51,14,3,3863.5,-756
2022-09-19 08:57:52,1,1,3863.5,-755
2022-09-19 08:57:53,1,1,3863.5,-754
2022-09-19 08:57:55,11,-3,3863.25,-757
2022-09-19 08:57:57,3,-1,3863.25,-758
2022-09-19 08:57:58,11,4,3863.25,-754
2022-09-19 08:58:00,6,6,3863.5,-748
2022-09-19 08:58:01,26,1,3863.5,-747
2022-09-19 08:58:02,5,0,3863.25,-747
2022-09-19 08:58:04,25,10,3863.5,-737
2022-09-19 08:58:05,4,-2,3863.5,-739
2022-09-19 08:58:07,16,-7,3863.5,-746
2022-09-19 08:58:10,22,-10,3863.5,-756
2022-09-19 08:58:11,9,8,3863.5,-748
2022-09-19 08:58:12,1,1,3863.5,-747
2022-09-19 08:58:13,6,6,3863.5,-741
2022-09-19 08:58:15,1,-1,3863.5,-742
2022-09-19 08:58:16,6,-5,3863.5,-747
2022-09-19 08:58:18,1,1,3863.5,-746
2022-09-19 08:58:19,11,-6,3863.25,-752
2022-09-19 08:58:20,15,-2,3863.25,-754
2022-09-19 08:58:22,2,2,3863.25,-752
2022-09-19 08:58:25,6,-6,3863.0,-758
2022-09-19 08:58:26,4,0,3863.0,-758
2022-09-19 08:58:27,2,-2,3862.75,-760
2022-09-19 08:58:28,32,-10,3863.0,-770
2022-09-19 08:58:30,6,3,3862.75,-767
2022-09-19 08:58:31,1,-1,3862.5,-768
2022-09-19 08:58:32,1,-1,3862.5,-769
2022-09-19 08:58:33,7,-7,3862.5,-776
2022-09-19 08:58:34,19,17,3863.0,-759
2022-09-19 08:58:35,1,-1,3862.75,-760
2022-09-19 08:58:36,2,-1,3862.75,-761
2022-09-19 08:58:37,17,1,3862.75,-760
2022-09-19 08:58:38,2,2,3863.0,-758
2022-09-19 08:58:39,4,0,3863.0,-758
2022-09-19 08:58:40,22,6,3863.0,-752
2022-09-19 08:58:41,4,-4,3862.75,-756
2022-09-19 08:58:43,5,-5,3862.75,-761
2022-09-19 08:58:44,1,1,3862.75,-760
2022-09-19 08:58:45,13,11,3863.0,-749
2022-09-19 08:58:46,5,-2,3862.75,-751
2022-09-19 08:58:49,1,1,3863.0,-750
2022-09-19 08:58:50,4,-3,3862.75,-753
2022-09-19 08:58:51,3,3,3862.75,-750
2022-09-19 08:58:53,191,17,3863.25,-733
2022-09-19 08:58:56,3,3,3863.25,-730
2022-09-19 08:58:59,106,-7,3863.25,-737
2022-09-19 08:59:00,56,-5,3863.25,-742
2022-09-19 08:59:01,15,6,3863.25,-736
2022-09-19 08:59:02,40,4,3863.5,-732
2022-09-19 08:59:03,17,10,3863.25,-722
2022-09-19 08:59:04,1,-1,3863.25,-723
2022-09-19 08:59:06,23,19,3863.5,-704
2022-09-19 08:59:07,3,1,3863.5,-703
2022-09-19 08:59:08,1,-1,3863.25,-704
2022-09-19 08:59:09,1,1,3863.5,-703
2022-09-19 08:59:11,22,-20,3863.25,-723
2022-09-19 08:59:12,16,6,3863.0,-717
2022-09-19 08:59:13,9,2,3863.0,-715
2022-09-19 08:59:14,1,-1,3863.0,-716
2022-09-19 08:59:15,7,3,3863.25,-713
2022-09-19 08:59:16,2,0,3863.25,-713
2022-09-19 08:59:17,1,1,3863.5,-712
2022-09-19 08:59:18,17,10,3863.5,-702
2022-09-19 08:59:20,12,-10,3863.25,-712
2022-09-19 08:59:25,2,-2,3863.0,-714
2022-09-19 08:59:26,14,9,3863.25,-705
2022-09-19 08:59:28,7,6,3863.25,-699
2022-09-19 08:59:29,2,-2,3863.25,-701
2022-09-19 08:59:30,4,4,3863.25,-697
2022-09-19 08:59:31,1,-1,3863.0,-698
2022-09-19 08:59:33,1,-1,3863.0,-699
2022-09-19 08:59:36,8,-2,3863.25,-701
2022-09-19 08:59:37,12,12,3863.5,-689
2022-09-19 08:59:38,6,-6,3863.25,-695
2022-09-19 08:59:39,11,-9,3863.0,-704
2022-09-19 08:59:41,1,-1,3863.0,-705
2022-09-19 08:59:43,3,-3,3863.0,-708
2022-09-19 08:59:44,1,1,3863.0,-707
2022-09-19 08:59:45,1,1,3863.0,-706
2022-09-19 08:59:46,1,-1,3862.75,-707
2022-09-19 08:59:47,23,-5,3862.75,-712
2022-09-19 08:59:48,6,-1,3862.75,-713
2022-09-19 08:59:49,9,3,3862.75,-710
2022-09-19 08:59:50,6,-6,3862.5,-716
2022-09-19 08:59:51,17,-6,3862.75,-722
2022-09-19 08:59:53,2,-2,3862.5,-724
2022-09-19 08:59:54,6,-5,3862.5,-729
2022-09-19 08:59:55,28,-16,3862.5,-745
2022-09-19 08:59:57,3,3,3862.5,-742
2022-09-19 08:59:58,7,-6,3862.5,-748
2022-09-19 08:59:59,2,2,3862.75,-746
2022-09-19 09:00:00,88,28,3863.0,-718
2022-09-19 09:00:01,3,-2,3862.75,-720
2022-09-19 09:00:02,2,-2,3862.75,-722
2022-09-19 09:00:03,1,1,3863.0,-721
2022-09-19 09:00:04,33,-6,3863.0,-727
2022-09-19 09:00:06,18,5,3863.0,-722
2022-09-19 09:00:07,23,-19,3863.0,-741
2022-09-19 09:00:08,1,1,3862.75,-740
2022-09-19 09:00:09,21,12,3862.75,-728
2022-09-19 09:00:11,1,1,3862.75,-727
2022-09-19 09:00:14,1,-1,3862.5,-728
2022-09-19 09:00:16,32,3,3862.75,-725
2022-09-19 09:00:17,30,-13,3862.75,-738
2022-09-19 09:00:21,165,50,3863.25,-688
2022-09-19 09:00:22,17,-6,3863.0,-694
2022-09-19 09:00:23,6,2,3863.25,-692
2022-09-19 09:00:24,1,1,3863.25,-691
2022-09-19 09:00:27,3,1,3863.25,-690
2022-09-19 09:00:28,5,1,3863.25,-689
2022-09-19 09:00:29,112,43,3863.5,-646
2022-09-19 09:00:30,5,2,3863.5,-644
2022-09-19 09:00:31,3,1,3863.5,-643
2022-09-19 09:00:34,1,-1,3863.25,-644
2022-09-19 09:00:35,2,2,3863.5,-642
2022-09-19 09:00:36,13,-9,3863.25,-651
2022-09-19 09:00:37,1,-1,3863.25,-652
2022-09-19 09:00:39,1,1,3863.5,-651
2022-09-19 09:00:40,3,1,3863.5,-650
2022-09-19 09:00:41,15,-7,3863.25,-657
2022-09-19 09:00:42,38,-18,3863.0,-675
2022-09-19 09:00:45,9,-9,3862.75,-684
2022-09-19 09:00:46,22,-16,3862.75,-700
2022-09-19 09:00:47,11,-6,3862.75,-706
2022-09-19 09:00:49,35,-12,3862.5,-718
2022-09-19 09:00:50,1,-1,3862.25,-719
2022-09-19 09:00:52,1,-1,3862.25,-720
2022-09-19 09:00:53,2,-2,3862.25,-722
2022-09-19 09:00:55,22,-16,3862.25,-738
2022-09-19 09:00:56,2,-2,3862.25,-740
2022-09-19 09:00:57,41,21,3862.5,-719
2022-09-19 09:00:58,14,-7,3862.5,-726
2022-09-19 09:00:59,2,2,3862.5,-724
2022-09-19 09:01:00,32,0,3862.5,-724
2022-09-19 09:01:01,39,2,3862.5,-722
2022-09-19 09:01:02,19,-13,3862.25,-735
2022-09-19 09:01:03,1,1,3862.25,-734
2022-09-19 09:01:04,3,2,3862.25,-732
2022-09-19 09:01:05,2,-2,3862.0,-734
2022-09-19 09:01:06,38,0,3862.25,-734
2022-09-19 09:01:12,80,-49,3862.25,-783
2022-09-19 09:01:13,3,-3,3862.0,-786
2022-09-19 09:01:15,64,-25,3862.0,-811
2022-09-19 09:01:16,1,1,3862.0,-810
2022-09-19 09:01:18,30,11,3862.0,-799
2022-09-19 09:01:19,27,-5,3861.75,-804
2022-09-19 09:01:20,15,11,3861.75,-793
2022-09-19 09:01:21,44,-26,3861.5,-819
2022-09-19 09:01:22,13,-10,3861.5,-829
2022-09-19 09:01:23,37,10,3861.5,-819
2022-09-19 09:01:24,4,-2,3861.5,-821
2022-09-19 09:01:25,7,1,3861.5,-820
2022-09-19 09:01:26,20,10,3861.5,-810
2022-09-19 09:01:27,6,6,3861.5,-804
2022-09-19 09:01:28,18,15,3862.0,-789
2022-09-19 09:01:29,1,-1,3861.75,-790
2022-09-19 09:01:30,34,-8,3862.0,-798
2022-09-19 09:01:31,22,-7,3862.0,-805
2022-09-19 09:01:32,15,-13,3861.75,-818
2022-09-19 09:01:35,19,0,3862.0,-818
2022-09-19 09:01:36,39,8,3862.0,-810
2022-09-19 09:01:37,40,14,3862.25,-796
2022-09-19 09:01:41,2,2,3862.25,-794
2022-09-19 09:01:42,19,-15,3862.0,-809
2022-09-19 09:01:43,13,8,3862.0,-801
2022-09-19 09:01:44,6,6,3862.25,-795
2022-09-19 09:01:46,3,-3,3862.0,-798
2022-09-19 09:01:47,1,1,3862.25,-797
2022-09-19 09:01:48,20,-11,3862.0,-808
2022-09-19 09:01:50,2,-2,3862.0,-810
2022-09-19 09:01:52,43,5,3862.25,-805
2022-09-19 09:01:53,2,1,3862.25,-804
2022-09-19 09:01:54,8,6,3862.25,-798
2022-09-19 09:01:55,6,6,3862.5,-792
2022-09-19 09:01:56,30,29,3862.75,-763
2022-09-19 09:01:57,40,-6,3863.0,-769
2022-09-19 09:01:58,1,1,3863.0,-768
2022-09-19 09:02:00,30,6,3863.0,-762
2022-09-19 09:02:01,19,5,3863.0,-757
2022-09-19 09:02:02,15,9,3863.0,-748
2022-09-19 09:02:03,2,-2,3863.0,-750
2022-09-19 09:02:04,23,-3,3863.0,-753
2022-09-19 09:02:06,1,1,3863.0,-752
2022-09-19 09:02:07,51,-18,3863.0,-770
2022-09-19 09:02:08,181,37,3863.5,-733
2022-09-19 09:02:09,10,-7,3863.5,-740
2022-09-19 09:02:10,3,3,3863.5,-737
2022-09-19 09:02:11,3,3,3863.5,-734
2022-09-19 09:02:12,13,-10,3863.25,-744
2022-09-19 09:02:14,244,17,3863.25,-727
2022-09-19 09:02:15,33,13,3863.25,-714
2022-09-19 09:02:17,1,1,3863.25,-713
2022-09-19 09:02:19,1,1,3863.25,-712
2022-09-19 09:02:20,19,15,3863.25,-697
2022-09-19 09:02:21,1,1,3863.25,-696
2022-09-19 09:02:22,37,14,3863.5,-682
2022-09-19 09:02:23,4,4,3863.5,-678
2022-09-19 09:02:25,1,1,3863.5,-677
2022-09-19 09:02:26,70,57,3863.75,-620
2022-09-19 09:02:27,3,3,3863.5,-617
2022-09-19 09:02:28,11,7,3863.5,-610
2022-09-19 09:02:29,27,-6,3863.75,-616
2022-09-19 09:02:30,7,5,3863.5,-611
2022-09-19 09:02:31,31,-21,3863.25,-632
2022-09-19 09:02:32,23,4,3863.25,-628
2022-09-19 09:02:33,1,1,3863.25,-627
2022-09-19 09:02:35,13,-2,3863.25,-629
2022-09-19 09:02:42,25,-22,3863.25,-651
2022-09-19 09:02:43,18,-15,3863.25,-666
2022-09-19 09:02:44,62,15,3863.5,-651
2022-09-19 09:02:45,14,10,3863.25,-641
2022-09-19 09:02:46,22,10,3863.5,-631
2022-09-19 09:02:49,1,1,3863.5,-630
2022-09-19 09:02:50,20,16,3863.5,-614
2022-09-19 09:02:53,11,8,3863.75,-606
2022-09-19 09:02:54,13,-5,3863.75,-611
2022-09-19 09:02:55,2,0,3863.75,-611
2022-09-19 09:03:00,46,-14,3863.75,-625
2022-09-19 09:03:01,177,199,3864.5,-426
2022-09-19 09:03:03,1,1,3864.0,-425
2022-09-19 09:03:04,2,2,3864.0,-423
2022-09-19 09:03:05,32,0,3864.0,-423
2022-09-19 09:03:07,1,1,3864.0,-422
2022-09-19 09:03:08,22,-7,3864.0,-429
2022-09-19 09:03:11,17,10,3864.0,-419
2022-09-19 09:03:12,1,1,3864.0,-418
2022-09-19 09:03:13,1,-1,3863.75,-419
2022-09-19 09:03:14,12,8,3864.0,-411
2022-09-19 09:03:15,83,-29,3864.25,-440
2022-09-19 09:03:16,2,0,3864.0,-440
2022-09-19 09:03:17,12,-10,3863.75,-450
2022-09-19 09:03:18,10,3,3863.75,-447
2022-09-19 09:03:19,1,1,3863.75,-446
2022-09-19 09:03:21,2,0,3863.75,-446
2022-09-19 09:03:23,1,-1,3863.5,-447
2022-09-19 09:03:24,44,50,3864.0,-397
2022-09-19 09:03:25,1,1,3864.0,-396
2022-09-19 09:03:28,2,0,3864.0,-396
2022-09-19 09:03:29,43,-26,3863.75,-422
2022-09-19 09:03:30,6,2,3864.0,-420
2022-09-19 09:03:32,13,8,3864.0,-412
2022-09-19 09:03:33,46,-70,3863.75,-482
2022-09-19 09:03:34,1,1,3863.75,-481
2022-09-19 09:03:36,1,1,3863.75,-480
2022-09-19 09:03:37,4,4,3863.75,-476
2022-09-19 09:03:38,13,-12,3863.5,-488
2022-09-19 09:03:39,109,-78,3863.25,-566
2022-09-19 09:03:40,63,22,3863.0,-544
2022-09-19 09:03:42,12,11,3863.0,-533
2022-09-19 09:03:44,36,-20,3863.0,-553
2022-09-19 09:03:45,5,-4,3862.75,-557
2022-09-19 09:03:46,57,29,3863.25,-528
2022-09-19 09:03:47,45,-6,3863.25,-534
2022-09-19 09:03:48,1,-1,3863.25,-535
2022-09-19 09:03:51,16,8,3863.5,-527
2022-09-19 09:03:52,38,-6,3863.75,-533
2022-09-19 09:03:53,7,-6,3863.75,-539
2022-09-19 09:03:55,26,-15,3863.75,-554
2022-09-19 09:03:56,41,27,3864.0,-527
2022-09-19 09:03:57,23,3,3864.0,-524
2022-09-19 09:03:58,3,3,3864.0,-521
2022-09-19 09:03:59,13,4,3864.25,-517
2022-09-19 09:04:00,27,-15,3864.0,-532
2022-09-19 09:04:01,44,-13,3863.75,-545
2022-09-19 09:04:02,15,1,3863.75,-544
2022-09-19 09:04:03,27,-6,3863.5,-550
2022-09-19 09:04:04,53,77,3864.25,-473
2022-09-19 09:04:05,34,2,3864.0,-471
2022-09-19 09:04:06,25,5,3864.25,-466
2022-09-19 09:04:07,12,-10,3864.0,-476
2022-09-19 09:04:08,1,-1,3863.75,-477
2022-09-19 09:04:09,28,4,3864.0,-473
2022-09-19 09:04:10,1,1,3864.25,-472
2022-09-19 09:04:12,20,15,3864.25,-457
2022-09-19 09:04:13,8,6,3864.5,-451
2022-09-19 09:04:14,12,-11,3864.25,-462
2022-09-19 09:04:15,7,6,3864.5,-456
2022-09-19 09:04:16,27,0,3864.25,-456
2022-09-19 09:04:17,9,-4,3864.25,-460
2022-09-19 09:04:19,20,4,3864.0,-456
2022-09-19 09:04:20,16,-9,3864.0,-465
2022-09-19 09:04:21,6,5,3863.75,-460
2022-09-19 09:04:22,1,1,3863.75,-459
2022-09-19 09:04:24,1,1,3863.75,-458
2022-09-19 09:04:29,2,1,3863.75,-457
2022-09-19 09:04:30,12,8,3864.0,-449
2022-09-19 09:04:32,16,15,3864.0,-434
2022-09-19 09:04:33,1,1,3864.0,-433
2022-09-19 09:04:34,1,1,3864.0,-432
2022-09-19 09:04:35,15,-11,3864.0,-443
2022-09-19 09:04:36,4,-3,3863.75,-446
2022-09-19 09:04:37,1,1,3863.75,-445
2022-09-19 09:04:39,12,2,3863.75,-443
2022-09-19 09:04:41,15,-6,3863.5,-449
2022-09-19 09:04:42,13,-12,3863.25,-461
2022-09-19 09:04:43,8,-4,3863.25,-465
2022-09-19 09:04:45,19,15,3863.25,-450
2022-09-19 09:04:49,1,-1,3863.25,-451
2022-09-19 09:04:51,13,4,3863.5,-447
2022-09-19 09:04:53,1,-1,3863.25,-448
2022-09-19 09:04:55,23,-10,3863.25,-458
2022-09-19 09:04:59,39,-5,3863.25,-463
2022-09-19 09:05:00,20,-1,3863.25,-464
2022-09-19 09:05:01,13,6,3863.0,-458
2022-09-19 09:05:02,35,-14,3863.0,-472
2022-09-19 09:05:03,24,18,3863.25,-454
2022-09-19 09:05:07,1,1,3863.25,-453
2022-09-19 09:05:08,14,9,3863.25,-444
2022-09-19 09:05:09,14,-11,3863.25,-455
2022-09-19 09:05:13,24,-9,3863.5,-464
2022-09-19 09:05:14,3,-3,3863.25,-467
2022-09-19 09:05:15,3,-3,3863.25,-470
2022-09-19 09:05:17,1,1,3863.25,-469
2022-09-19 09:05:18,4,4,3863.25,-465
2022-09-19 09:05:20,32,20,3863.5,-445
2022-09-19 09:05:22,17,-2,3863.75,-447
2022-09-19 09:05:23,1,1,3863.75,-446
2022-09-19 09:05:27,9,8,3863.75,-438
2022-09-19 09:05:28,36,-32,3863.75,-470
2022-09-19 09:05:29,40,-11,3863.25,-481
2022-09-19 09:05:30,4,3,3863.5,-478
2022-09-19 09:05:32,28,20,3863.75,-458
2022-09-19 09:05:33,4,-4,3863.5,-462
2022-09-19 09:05:36,23,-18,3863.5,-480
2022-09-19 09:05:37,1,1,3863.75,-479
2022-09-19 09:05:42,18,-8,3863.5,-487
2022-09-19 09:05:44,5,4,3863.5,-483
2022-09-19 09:05:45,1,-1,3863.25,-484
2022-09-19 09:05:49,18,-10,3863.25,-494
2022-09-19 09:05:52,1,-1,3863.25,-495
2022-09-19 09:05:55,4,3,3863.5,-492
2022-09-19 09:05:56,23,11,3863.5,-481
2022-09-19 09:05:59,14,-4,3863.75,-485
2022-09-19 09:06:01,25,-5,3863.25,-490
2022-09-19 09:06:04,17,13,3863.5,-477
2022-09-19 09:06:05,10,7,3863.75,-470
2022-09-19 09:06:07,21,6,3864.0,-464
2022-09-19 09:06:09,3,2,3864.0,-462
2022-09-19 09:06:10,9,2,3864.0,-460
2022-09-19 09:06:11,13,-3,3864.0,-463
2022-09-19 09:06:12,2,0,3864.0,-463
2022-09-19 09:06:13,1,1,3864.0,-462
2022-09-19 09:06:14,52,72,3864.25,-390
2022-09-19 09:06:16,17,-10,3864.25,-400
2022-09-19 09:06:18,15,11,3864.5,-389
2022-09-19 09:06:20,46,3,3864.5,-386
2022-09-19 09:06:21,1,1,3864.5,-385
2022-09-19 09:06:22,3,-3,3864.25,-388
2022-09-19 09:06:25,35,-2,3864.5,-390
2022-09-19 09:06:27,6,1,3864.25,-389
2022-09-19 09:06:32,30,1,3864.0,-388
2022-09-19 09:06:36,5,3,3864.0,-385
2022-09-19 09:06:37,1,1,3864.0,-384
2022-09-19 09:06:40,8,5,3864.0,-379
2022-09-19 09:06:41,14,-10,3864.0,-389
2022-09-19 09:06:42,5,5,3864.0,-384
2022-09-19 09:06:45,26,-17,3863.75,-401
2022-09-19 09:06:46,49,59,3864.5,-342
2022-09-19 09:06:47,10,-1,3864.25,-343
2022-09-19 09:06:53,52,-6,3864.5,-349
2022-09-19 09:06:54,196,48,3865.0,-301
2022-09-19 09:06:56,3,3,3864.5,-298
2022-09-19 09:06:58,1,-1,3864.25,-299
2022-09-19 09:06:59,1,1,3864.5,-298
2022-09-19 09:07:00,86,-22,3864.25,-320
2022-09-19 09:07:01,9,-4,3864.0,-324
2022-09-19 09:07:04,1,1,3864.25,-323
2022-09-19 09:07:05,15,-7,3864.0,-330
2022-09-19 09:07:11,1,1,3864.0,-329
2022-09-19 09:07:12,21,9,3864.25,-320
2022-09-19 09:07:13,102,8,3864.25,-312
2022-09-19 09:07:16,99,-42,3864.0,-354
2022-09-19 09:07:17,30,-4,3863.5,-358
2022-09-19 09:07:18,19,-7,3863.5,-365
2022-09-19 09:07:19,1,1,3863.75,-364
2022-09-19 09:07:20,31,6,3863.5,-358
2022-09-19 09:07:21,1,1,3863.75,-357
2022-09-19 09:07:23,7,-7,3863.5,-364
2022-09-19 09:07:28,8,-7,3863.5,-371
2022-09-19 09:07:29,30,-20,3863.25,-391
2022-09-19 09:07:31,90,-13,3863.25,-404
2022-09-19 09:07:33,1,-1,3863.0,-405
2022-09-19 09:07:34,1,-1,3863.0,-406
2022-09-19 09:07:35,51,-55,3863.0,-461
2022-09-19 09:07:36,21,-16,3862.75,-477
2022-09-19 09:07:37,34,-16,3862.75,-493
2022-09-19 09:07:38,36,-5,3862.75,-498
2022-09-19 09:07:40,20,4,3862.75,-494
2022-09-19 09:07:41,1,-1,3862.75,-495
2022-09-19 09:07:42,2,0,3863.0,-495
2022-09-19 09:07:43,25,-4,3862.75,-499
2022-09-19 09:07:44,17,-14,3862.5,-513
2022-09-19 09:07:46,6,-6,3862.5,-519
2022-09-19 09:07:47,1,-1,3862.5,-520
2022-09-19 09:07:48,23,3,3862.5,-517
2022-09-19 09:07:51,4,-4,3862.5,-521
2022-09-19 09:07:52,13,9,3862.75,-512
2022-09-19 09:07:53,2,2,3862.75,-510
2022-09-19 09:07:54,24,12,3862.75,-498
2022-09-19 09:07:55,1,1,3862.75,-497
2022-09-19 09:07:57,10,-9,3862.5,-506
2022-09-19 09:07:59,2,-2,3862.5,-508
2022-09-19 09:08:00,27,-25,3862.5,-533
2022-09-19 09:08:01,20,-16,3862.0,-549
2022-09-19 09:08:02,85,4,3862.25,-545
2022-09-19 09:08:03,11,8,3862.0,-537
2022-09-19 09:08:04,5,-1,3862.25,-538
2022-09-19 09:08:05,4,-4,3862.0,-542
2022-09-19 09:08:06,16,-15,3862.0,-557
2022-09-19 09:08:07,68,-6,3862.0,-563
2022-09-19 09:08:08,11,5,3862.0,-558
2022-09-19 09:08:09,24,9,3862.0,-549
2022-09-19 09:08:10,43,25,3862.0,-524
2022-09-19 09:08:11,3,-3,3861.75,-527
2022-09-19 09:08:12,91,10,3862.0,-517
2022-09-19 09:08:13,35,23,3862.0,-494
2022-09-19 09:08:15,74,-45,3862.0,-539
2022-09-19 09:08:16,33,17,3862.0,-522
2022-09-19 09:08:17,31,-16,3861.75,-538
2022-09-19 09:08:18,25,0,3862.0,-538
2022-09-19 09:08:19,12,-7,3861.75,-545
2022-09-19 09:08:20,3,-3,3861.5,-548
2022-09-19 09:08:21,1,-1,3861.5,-549
2022-09-19 09:08:22,78,-25,3861.75,-574
2022-09-19 09:08:23,47,5,3861.5,-569
2022-09-19 09:08:24,4,-4,3861.5,-573
2022-09-19 09:08:26,1,1,3861.75,-572
2022-09-19 09:08:27,2,1,3861.75,-571
2022-09-19 09:08:30,13,-8,3861.5,-579
2022-09-19 09:08:31,2,2,3861.5,-577
2022-09-19 09:08:32,1,-1,3861.25,-578
2022-09-19 09:08:33,2,-2,3861.25,-580
2022-09-19 09:08:34,3,-2,3861.25,-582
2022-09-19 09:08:35,108,-10,3861.5,-592
2022-09-19 09:08:36,4,-3,3861.0,-595
2022-09-19 09:08:37,6,-6,3861.0,-601
2022-09-19 09:08:38,7,-4,3861.0,-605
2022-09-19 09:08:40,1,-1,3861.0,-606
2022-09-19 09:08:42,96,-30,3861.25,-636
2022-09-19 09:08:43,16,-7,3861.0,-643
2022-09-19 09:08:44,33,-14,3860.75,-657
2022-09-19 09:08:45,17,-17,3860.5,-674
2022-09-19 09:08:46,2,-2,3860.5,-676
2022-09-19 09:08:47,5,-1,3860.75,-677
2022-09-19 09:08:48,3,1,3860.75,-676
2022-09-19 09:08:49,5,4,3860.75,-672
2022-09-19 09:08:51,72,14,3860.75,-658
2022-09-19 09:08:52,8,1,3861.0,-657
2022-09-19 09:08:53,3,-1,3861.0,-658
2022-09-19 09:08:54,2,-2,3860.75,-660
2022-09-19 09:08:55,24,-15,3860.75,-675
2022-09-19 09:08:56,8,6,3860.75,-669
2022-09-19 09:08:57,1,-1,3860.75,-670
2022-09-19 09:08:58,1,-1,3860.75,-671
2022-09-19 09:08:59,11,6,3861.0,-665
2022-09-19 09:09:00,23,-10,3860.75,-675
2022-09-19 09:09:01,3,-1,3860.5,-676
2022-09-19 09:09:02,4,0,3860.75,-676
2022-09-19 09:09:03,37,7,3860.75,-669
2022-09-19 09:09:04,7,-4,3860.75,-673
2022-09-19 09:09:05,41,13,3860.75,-660
2022-09-19 09:09:06,11,7,3860.75,-653
2022-09-19 09:09:07,17,-7,3860.75,-660
2022-09-19 09:09:08,5,5,3861.0,-655
2022-09-19 09:09:09,1,1,3861.0,-654
2022-09-19 09:09:11,27,10,3861.0,-644
2022-09-19 09:09:12,16,-11,3861.0,-655
2022-09-19 09:09:13,24,-8,3860.75,-663
2022-09-19 09:09:15,1,-1,3860.5,-664
2022-09-19 09:09:16,2,-2,3860.5,-666
2022-09-19 09:09:17,2,-2,3860.5,-668
2022-09-19 09:09:18,34,12,3860.5,-656
2022-09-19 09:09:19,29,20,3860.75,-636
2022-09-19 09:09:20,5,5,3860.75,-631
2022-09-19 09:09:21,41,27,3860.75,-604
2022-09-19 09:09:22,2,-1,3860.5,-605
2022-09-19 09:09:23,96,7,3861.0,-598
2022-09-19 09:09:24,55,32,3861.0,-566
2022-09-19 09:09:25,1,-1,3860.75,-567
2022-09-19 09:09:27,3,-1,3861.0,-568
2022-09-19 09:09:28,2,0,3861.0,-568
2022-09-19 09:09:29,37,-11,3860.75,-579
2022-09-19 09:09:30,1,1,3861.0,-578
2022-09-19 09:09:32,1,-1,3860.75,-579
2022-09-19 09:09:34,3,0,3861.0,-579
2022-09-19 09:09:35,17,-12,3861.0,-591
2022-09-19 09:09:36,2,2,3860.75,-589
2022-09-19 09:09:38,22,15,3860.75,-574
2022-09-19 09:09:40,1,-1,3860.5,-575
2022-09-19 09:09:42,16,9,3860.75,-566
2022-09-19 09:09:43,99,38,3861.0,-528
2022-09-19 09:09:44,28,17,3861.0,-511
2022-09-19 09:09:45,1,-1,3860.75,-512
2022-09-19 09:09:46,53,23,3861.5,-489
2022-09-19 09:09:47,36,-3,3861.5,-492
2022-09-19 09:09:48,4,3,3861.5,-489
2022-09-19 09:09:49,3,3,3861.5,-486
2022-09-19 09:09:50,30,-5,3861.25,-491
2022-09-19 09:09:53,2,2,3861.5,-489
2022-09-19 09:09:54,3,-1,3861.5,-490
2022-09-19 09:09:55,1,1,3861.5,-489
2022-09-19 09:09:56,82,41,3861.75,-448
2022-09-19 09:09:57,4,2,3862.0,-446
2022-09-19 09:09:58,59,17,3862.0,-429
2022-09-19 09:09:59,9,5,3862.0,-424
2022-09-19 09:10:00,126,23,3862.25,-401
2022-09-19 09:10:01,33,5,3862.0,-396
2022-09-19 09:10:02,2,0,3862.0,-396
2022-09-19 09:10:04,1,-1,3861.75,-397
2022-09-19 09:10:05,1,-1,3861.75,-398
2022-09-19 09:10:08,2,-2,3861.75,-400
2022-09-19 09:10:10,5,2,3862.0,-398
2022-09-19 09:10:11,15,-8,3862.0,-406
2022-09-19 09:10:14,37,24,3862.0,-382
2022-09-19 09:10:15,1,1,3862.0,-381
2022-09-19 09:10:16,1,1,3862.0,-380
2022-09-19 09:10:18,1,-1,3861.75,-381
2022-09-19 09:10:20,5,2,3862.0,-379
2022-09-19 09:10:23,10,7,3862.0,-372
2022-09-19 09:10:24,64,-23,3861.75,-395
2022-09-19 09:10:25,3,-3,3861.5,-398
2022-09-19 09:10:26,1,-1,3861.5,-399
2022-09-19 09:10:28,63,10,3861.5,-389
2022-09-19 09:10:29,38,-14,3861.25,-403
2022-09-19 09:10:31,44,18,3861.25,-385
2022-09-19 09:10:32,10,-6,3861.25,-391
2022-09-19 09:10:34,5,-4,3861.25,-395
2022-09-19 09:10:35,21,-14,3861.25,-409
2022-09-19 09:10:36,8,4,3861.25,-405
2022-09-19 09:10:37,26,2,3861.0,-403
2022-09-19 09:10:40,26,-5,3860.75,-408
2022-09-19 09:10:41,10,6,3860.75,-402
2022-09-19 09:10:42,1,-1,3860.75,-403
2022-09-19 09:10:45,27,14,3861.0,-389
2022-09-19 09:10:47,4,1,3861.25,-388
2022-09-19 09:10:48,3,1,3861.25,-387
2022-09-19 09:10:49,13,10,3861.25,-377
2022-09-19 09:10:50,5,5,3861.5,-372
2022-09-19 09:10:52,1,-1,3861.25,-373
2022-09-19 09:10:57,8,8,3861.5,-365
2022-09-19 09:10:58,1,-1,3861.5,-366
2022-09-19 09:11:07,33,-17,3861.5,-383
2022-09-19 09:11:09,3,1,3861.5,-382
2022-09-19 09:11:11,22,18,3861.5,-364
2022-09-19 09:11:13,14,-7,3861.5,-371
2022-09-19 09:11:15,1,-1,3861.25,-372
2022-09-19 09:11:16,2,-2,3861.25,-374
2022-09-19 09:11:17,1,-1,3861.25,-375
2022-09-19 09:11:18,23,5,3861.5,-370
2022-09-19 09:11:19,12,6,3861.75,-364
2022-09-19 09:11:20,14,9,3861.75,-355
2022-09-19 09:11:21,18,12,3862.0,-343
2022-09-19 09:11:22,40,26,3862.0,-317
2022-09-19 09:11:23,4,3,3862.0,-314
2022-09-19 09:11:26,6,6,3862.0,-308
2022-09-19 09:11:29,2,1,3862.0,-307
2022-09-19 09:11:30,30,-20,3862.0,-327
2022-09-19 09:11:31,1,1,3862.0,-326
2022-09-19 09:11:33,12,-9,3861.75,-335
2022-09-19 09:11:34,1,-1,3861.5,-336
2022-09-19 09:11:36,4,-4,3861.5,-340
2022-09-19 09:11:39,10,-9,3861.5,-349
2022-09-19 09:11:40,136,-21,3861.75,-370
2022-09-19 09:11:41,11,-11,3861.5,-381
2022-09-19 09:11:45,2,0,3861.75,-381
2022-09-19 09:11:48,13,7,3861.75,-374
2022-09-19 09:11:49,7,7,3862.0,-367
2022-09-19 09:11:53,14,14,3862.0,-353
2022-09-19 09:11:54,8,6,3862.0,-347
2022-09-19 09:11:56,1,1,3862.0,-346
2022-09-19 09:11:58,12,-10,3861.75,-356
2022-09-19 09:12:00,8,6,3861.75,-350
2022-09-19 09:12:04,7,-1,3862.0,-351
2022-09-19 09:12:07,2,2,3862.0,-349
2022-09-19 09:12:11,1,1,3862.0,-348
2022-09-19 09:12:12,20,-4,3861.75,-352
2022-09-19 09:12:13,9,9,3861.75,-343
2022-09-19 09:12:14,19,7,3862.0,-336
2022-09-19 09:12:15,2,-2,3861.75,-338
2022-09-19 09:12:18,4,1,3862.0,-337
2022-09-19 09:12:19,5,-3,3861.75,-340
2022-09-19 09:12:20,32,-7,3861.75,-347
2022-09-19 09:12:21,2,2,3861.75,-345
2022-09-19 09:12:23,4,-3,3861.5,-348
2022-09-19 09:12:24,1,1,3861.75,-347
2022-09-19 09:12:27,31,0,3861.5,-347
2022-09-19 09:12:28,49,-13,3861.25,-360
2022-09-19 09:12:29,1,-1,3861.0,-361
2022-09-19 09:12:30,2,0,3861.25,-361
2022-09-19 09:12:34,19,-9,3861.0,-370
2022-09-19 09:12:35,5,3,3861.0,-367
2022-09-19 09:12:36,3,1,3861.25,-366
2022-09-19 09:12:38,1,-1,3861.0,-367
2022-09-19 09:12:39,25,11,3861.25,-356
2022-09-19 09:12:41,17,-8,3861.25,-364
2022-09-19 09:12:43,2,0,3861.25,-364
2022-09-19 09:12:45,1,1,3861.25,-363
2022-09-19 09:12:46,2,0,3861.25,-363
2022-09-19 09:12:48,17,-12,3861.0,-375
2022-09-19 09:12:49,20,7,3861.0,-368
2022-09-19 09:12:54,1,1,3861.0,-367
2022-09-19 09:12:56,77,-22,3860.75,-389
2022-09-19 09:12:57,5,-3,3860.75,-392
2022-09-19 09:13:00,143,37,3861.5,-355
2022-09-19 09:13:01,6,4,3861.75,-351
2022-09-19 09:13:02,18,-13,3861.75,-364
2022-09-19 09:13:03,15,-6,3861.75,-370
2022-09-19 09:13:04,8,6,3861.75,-364
2022-09-19 09:13:06,18,-11,3862.0,-375
2022-09-19 09:13:09,3,1,3861.75,-374
2022-09-19 09:13:12,1,-1,3861.5,-375
2022-09-19 09:13:14,15,9,3861.75,-366
2022-09-19 09:13:16,2,2,3862.0,-364
2022-09-19 09:13:17,3,0,3862.0,-364
2022-09-19 09:13:19,5,4,3862.0,-360
2022-09-19 09:13:24,28,19,3862.0,-341
2022-09-19 09:13:26,55,-4,3862.25,-345
2022-09-19 09:13:27,6,2,3862.25,-343
2022-09-19 09:13:28,22,20,3862.5,-323
2022-09-19 09:13:29,18,14,3862.75,-309
2022-09-19 09:13:30,7,7,3862.75,-302
2022-09-19 09:13:31,2,0,3862.75,-302
2022-09-19 09:13:32,2,2,3862.75,-300
2022-09-19 09:13:33,47,-26,3862.75,-326
2022-09-19 09:13:34,20,13,3862.5,-313
2022-09-19 09:13:35,2,2,3862.75,-311
2022-09-19 09:13:36,7,-1,3862.75,-312
2022-09-19 09:13:37,43,-5,3862.5,-317
2022-09-19 09:13:39,1,1,3862.75,-316
2022-09-19 09:13:41,27,-17,3862.5,-333
2022-09-19 09:13:42,56,-27,3862.25,-360
2022-09-19 09:13:43,19,3,3862.0,-357
2022-09-19 09:13:44,24,2,3862.25,-355
2022-09-19 09:13:45,2,2,3862.25,-353
2022-09-19 09:13:50,13,-7,3862.25,-360
2022-09-19 09:13:53,10,0,3862.0,-360
2022-09-19 09:13:56,22,-8,3861.75,-368
2022-09-19 09:13:58,34,16,3861.75,-352
2022-09-19 09:13:59,4,-3,3861.5,-355
2022-09-19 09:14:06,1,-1,3861.5,-356
2022-09-19 09:14:07,36,-21,3861.5,-377
2022-09-19 09:14:08,49,8,3862.0,-369
2022-09-19 09:14:11,1,-1,3861.75,-370
2022-09-19 09:14:12,14,-4,3861.75,-374
2022-09-19 09:14:13,5,5,3862.0,-369
2022-09-19 09:14:15,24,-7,3862.0,-376
2022-09-19 09:14:17,2,0,3862.0,-376
2022-09-19 09:14:19,6,2,3862.0,-374
2022-09-19 09:14:20,8,-4,3862.0,-378
2022-09-19 09:14:21,10,3,3862.0,-375
2022-09-19 09:14:22,30,10,3862.25,-365
2022-09-19 09:14:23,17,-14,3862.25,-379
2022-09-19 09:14:24,30,21,3862.25,-358
2022-09-19 09:14:26,1,1,3862.5,-357
2022-09-19 09:14:27,6,0,3862.5,-357
2022-09-19 09:14:30,6,4,3862.5,-353
2022-09-19 09:14:32,11,10,3862.5,-343
2022-09-19 09:14:33,20,-4,3862.5,-347
2022-09-19 09:14:34,13,-7,3862.5,-354
2022-09-19 09:14:35,16,9,3862.5,-345
2022-09-19 09:14:36,10,-7,3862.5,-352
2022-09-19 09:14:37,8,-2,3862.5,-354
2022-09-19 09:14:38,10,7,3862.5,-347
2022-09-19 09:14:39,17,4,3862.5,-343
2022-09-19 09:14:40,4,4,3862.75,-339
2022-09-19 09:14:41,61,13,3863.0,-326
2022-09-19 09:14:42,21,10,3863.0,-316
2022-09-19 09:14:45,27,-2,3862.5,-318
2022-09-19 09:14:46,3,3,3862.75,-315
2022-09-19 09:14:47,35,-18,3862.75,-333
2022-09-19 09:14:48,26,8,3862.75,-325
2022-09-19 09:14:49,16,1,3863.0,-324
2022-09-19 09:14:50,3,-1,3863.0,-325
2022-09-19 09:14:54,10,5,3862.75,-320
2022-09-19 09:14:57,5,1,3863.0,-319
2022-09-19 09:14:58,1,1,3863.0,-318
2022-09-19 09:15:00,3,1,3863.0,-317
2022-09-19 09:15:01,17,-12,3862.75,-329
2022-09-19 09:15:02,7,-4,3862.5,-333
2022-09-19 09:15:03,1,1,3862.75,-332
2022-09-19 09:15:04,27,9,3862.75,-323
2022-09-19 09:15:05,1,-1,3862.5,-324
2022-09-19 09:15:06,10,-4,3862.5,-328
2022-09-19 09:15:07,6,-6,3862.25,-334
2022-09-19 09:15:08,13,-10,3862.0,-344
2022-09-19 09:15:09,4,-4,3861.75,-348
2022-09-19 09:15:10,19,11,3862.0,-337
2022-09-19 09:15:12,44,-13,3862.0,-350
2022-09-19 09:15:13,11,5,3861.75,-345
2022-09-19 09:15:15,46,-2,3861.75,-347
2022-09-19 09:15:16,30,-8,3861.5,-355
2022-09-19 09:15:17,15,-13,3861.25,-368
2022-09-19 09:15:18,36,-7,3861.0,-375
2022-09-19 09:15:19,87,32,3861.5,-343
2022-09-19 09:15:20,29,-14,3861.5,-357
2022-09-19 09:15:21,22,4,3861.5,-353
2022-09-19 09:15:22,5,5,3861.5,-348
2022-09-19 09:15:25,1,-1,3861.25,-349
2022-09-19 09:15:26,9,9,3861.75,-340
2022-09-19 09:15:27,31,3,3861.75,-337
2022-09-19 09:15:28,16,-11,3861.5,-348
2022-09-19 09:15:29,4,-3,3861.5,-351
2022-09-19 09:15:30,1,1,3861.5,-350
2022-09-19 09:15:31,1,1,3861.5,-349
2022-09-19 09:15:32,21,2,3861.5,-347
2022-09-19 09:15:33,4,4,3861.5,-343
2022-09-19 09:15:38,11,9,3861.5,-334
2022-09-19 09:15:39,1,1,3861.75,-333
2022-09-19 09:15:40,104,43,3862.0,-290
2022-09-19 09:15:41,38,-13,3861.75,-303
2022-09-19 09:15:42,17,2,3861.75,-301
2022-09-19 09:15:44,1,1,3861.75,-300
2022-09-19 09:15:45,44,-11,3861.5,-311
2022-09-19 09:15:49,1,-1,3861.25,-312
2022-09-19 09:15:51,1,-1,3861.25,-313
2022-09-19 09:15:52,18,-16,3861.25,-329
2022-09-19 09:15:53,30,17,3861.25,-312
2022-09-19 09:15:54,24,6,3861.5,-306
2022-09-19 09:15:55,6,4,3861.5,-302
2022-09-19 09:15:57,13,-7,3861.5,-309
2022-09-19 09:15:58,1,1,3861.5,-308
2022-09-19 09:15:59,34,13,3861.75,-295
2022-09-19 09:16:00,1,1,3862.0,-294
2022-09-19 09:16:01,13,-8,3862.0,-302
2022-09-19 09:16:02,2,0,3862.0,-302
2022-09-19 09:16:03,1,1,3862.0,-301
2022-09-19 09:16:04,15,-5,3861.75,-306
2022-09-19 09:16:06,9,-5,3861.75,-311
2022-09-19 09:16:07,27,0,3861.75,-311
2022-09-19 09:16:08,1,1,3862.0,-310
2022-09-19 09:16:09,12,-2,3861.75,-312
2022-09-19 09:16:10,9,-7,3861.75,-319
2022-09-19 09:16:14,50,13,3862.0,-306
2022-09-19 09:16:15,8,8,3862.5,-298
2022-09-19 09:16:16,28,-4,3862.25,-302
2022-09-19 09:16:17,12,6,3862.25,-296
2022-09-19 09:16:18,6,3,3862.25,-293
2022-09-19 09:16:19,9,0,3862.25,-293
2022-09-19 09:16:20,8,6,3862.25,-287
2022-09-19 09:16:22,16,16,3862.5,-271
2022-09-19 09:16:23,153,138,3863.25,-133
2022-09-19 09:16:24,4,3,3863.25,-130
2022-09-19 09:16:25,4,4,3863.25,-126
2022-09-19 09:16:26,26,-10,3863.0,-136
2022-09-19 09:16:27,29,6,3863.5,-130
2022-09-19 09:16:28,14,-6,3863.5,-136
2022-09-19 09:16:29,5,-1,3863.5,-137
2022-09-19 09:16:30,7,0,3863.25,-137
2022-09-19 09:16:31,20,4,3863.25,-133
2022-09-19 09:16:32,1,1,3863.25,-132
2022-09-19 09:16:34,17,8,3863.25,-124
2022-09-19 09:16:35,29,7,3863.5,-117
2022-09-19 09:16:36,7,7,3863.75,-110
2022-09-19 09:16:37,14,-3,3863.75,-113
2022-09-19 09:16:38,14,12,3863.5,-101
2022-09-19 09:16:39,8,-4,3863.5,-105
2022-09-19 09:16:40,1,1,3863.5,-104
2022-09-19 09:16:41,31,-9,3863.25,-113
2022-09-19 09:16:43,15,0,3863.25,-113
2022-09-19 09:16:45,7,4,3863.25,-109
2022-09-19 09:16:46,1,1,3863.25,-108
2022-09-19 09:16:47,1,1,3863.25,-107
2022-09-19 09:16:48,26,-21,3863.0,-128
2022-09-19 09:16:50,23,-15,3863.0,-143
2022-09-19 09:16:52,10,-8,3863.0,-151
2022-09-19 09:16:54,22,-21,3862.5,-172
2022-09-19 09:16:55,14,-7,3862.25,-179
2022-09-19 09:16:56,9,4,3862.5,-175
2022-09-19 09:16:57,25,-23,3862.25,-198
2022-09-19 09:16:58,14,-11,3862.0,-209
2022-09-19 09:16:59,19,5,3862.0,-204
2022-09-19 09:17:00,2,-2,3861.75,-206
2022-09-19 09:17:03,14,1,3862.0,-205
2022-09-19 09:17:04,4,-1,3862.0,-206
2022-09-19 09:17:05,3,2,3862.0,-204
2022-09-19 09:17:08,1,1,3862.0,-203
2022-09-19 09:17:10,2,-2,3861.75,-205
2022-09-19 09:17:11,1,-1,3861.75,-206
2022-09-19 09:17:13,6,-6,3861.75,-212
2022-09-19 09:17:14,1,-1,3861.75,-213
2022-09-19 09:17:17,39,26,3862.0,-187
2022-09-19 09:17:18,1,1,3862.0,-186
2022-09-19 09:17:19,2,2,3862.0,-184
2022-09-19 09:17:20,10,-4,3861.75,-188
2022-09-19 09:17:24,14,9,3861.75,-179
2022-09-19 09:17:25,8,-6,3861.75,-185
2022-09-19 09:17:26,1,1,3861.75,-184
2022-09-19 09:17:28,7,-7,3861.5,-191
2022-09-19 09:17:29,3,-3,3861.25,-194
2022-09-19 09:17:30,4,-4,3861.25,-198
2022-09-19 09:17:32,14,-2,3861.25,-200
2022-09-19 09:17:33,4,4,3861.25,-196
2022-09-19 09:17:35,4,-4,3861.0,-200
2022-09-19 09:17:36,20,8,3861.25,-192
2022-09-19 09:17:37,4,1,3861.25,-191
2022-09-19 09:17:40,22,-7,3861.25,-198
2022-09-19 09:17:42,14,-4,3861.0,-202
2022-09-19 09:17:43,5,-3,3861.0,-205
2022-09-19 09:17:44,55,14,3861.25,-191
2022-09-19 09:17:45,3,3,3861.25,-188
2022-09-19 09:17:48,12,2,3861.0,-186
2022-09-19 09:17:49,7,-6,3861.0,-192
2022-09-19 09:17:51,18,-4,3860.75,-196
2022-09-19 09:17:52,14,2,3860.75,-194
2022-09-19 09:17:53,2,-2,3860.75,-196
2022-09-19 09:17:55,5,-3,3860.75,-199
2022-09-19 09:17:56,35,-25,3860.5,-224
2022-09-19 09:17:57,5,-5,3860.5,-229
2022-09-19 09:17:58,1,-1,3860.5,-230
2022-09-19 09:18:00,63,-76,3860.5,-306
2022-09-19 09:18:01,3,-3,3860.25,-309
2022-09-19 09:18:02,2,-2,3860.25,-311
2022-09-19 09:18:03,31,-12,3860.5,-323
2022-09-19 09:18:04,13,-4,3860.5,-327
2022-09-19 09:18:05,37,14,3860.5,-313
2022-09-19 09:18:06,5,5,3860.75,-308
2022-09-19 09:18:10,34,19,3860.75,-289
2022-09-19 09:18:13,5,-4,3860.5,-293
2022-09-19 09:18:14,2,2,3860.75,-291
2022-09-19 09:18:15,9,-8,3860.5,-299
2022-09-19 09:18:16,7,6,3860.5,-293
2022-09-19 09:18:17,4,2,3860.5,-291
2022-09-19 09:18:19,33,-1,3860.5,-292
2022-09-19 09:18:20,5,-4,3860.5,-296
2022-09-19 09:18:22,9,-4,3860.5,-300
2022-09-19 09:18:23,10,2,3860.5,-298
2022-09-19 09:18:24,1,-1,3860.5,-299
2022-09-19 09:18:25,3,-1,3860.75,-300
2022-09-19 09:18:29,54,-27,3860.75,-327
2022-09-19 09:18:30,19,-17,3860.75,-344
2022-09-19 09:18:32,20,14,3861.0,-330
2022-09-19 09:18:33,20,9,3861.25,-321
2022-09-19 09:18:34,9,-5,3861.25,-326
2022-09-19 09:18:40,13,1,3861.0,-325
2022-09-19 09:18:41,11,9,3861.0,-316
2022-09-19 09:18:42,9,0,3861.0,-316
2022-09-19 09:18:44,3,0,3861.0,-316
2022-09-19 09:18:45,3,-1,3861.0,-317
2022-09-19 09:18:49,2,1,3861.0,-316
2022-09-19 09:18:53,2,0,3861.0,-316
2022-09-19 09:18:54,13,10,3861.0,-306
2022-09-19 09:18:55,5,0,3861.0,-306
2022-09-19 09:18:56,6,4,3861.25,-302
2022-09-19 09:18:57,1,-1,3861.0,-303
2022-09-19 09:18:58,2,-2,3860.75,-305
2022-09-19 09:19:00,6,3,3861.0,-302
2022-09-19 09:19:01,15,-15,3860.75,-317
2022-09-19 09:19:02,11,4,3860.75,-313
2022-09-19 09:19:07,14,0,3860.75,-313
2022-09-19 09:19:08,5,2,3860.75,-311
2022-09-19 09:19:10,4,1,3860.75,-310
2022-09-19 09:19:11,1,-1,3860.5,-311
2022-09-19 09:19:12,1,1,3860.75,-310
2022-09-19 09:19:13,2,2,3860.75,-308
2022-09-19 09:19:15,1,-1,3860.5,-309
2022-09-19 09:19:18,27,-17,3860.5,-326
2022-09-19 09:19:19,9,0,3860.5,-326
2022-09-19 09:19:20,4,-4,3860.25,-330
2022-09-19 09:19:21,22,-4,3860.25,-334
2022-09-19 09:19:22,3,-1,3860.25,-335
2022-09-19 09:19:23,2,-2,3860.25,-337
2022-09-19 09:19:26,11,-6,3860.25,-343
2022-09-19 09:19:27,27,-6,3860.25,-349
2022-09-19 09:19:28,4,-1,3860.25,-350
2022-09-19 09:19:29,2,-2,3860.0,-352
2022-09-19 09:19:30,1,1,3860.25,-351
2022-09-19 09:19:31,4,-4,3860.0,-355
2022-09-19 09:19:32,2,-1,3860.0,-356
2022-09-19 09:19:34,38,13,3860.25,-343
2022-09-19 09:19:36,1,-1,3860.25,-344
2022-09-19 09:19:37,1,-1,3860.25,-345
2022-09-19 09:19:39,31,14,3860.5,-331
2022-09-19 09:19:41,24,8,3860.75,-323
2022-09-19 09:19:42,5,0,3860.75,-323
2022-09-19 09:19:43,1,-1,3860.5,-324
2022-09-19 09:19:44,1,-1,3860.5,-325
2022-09-19 09:19:45,19,-9,3860.5,-334
2022-09-19 09:19:46,19,4,3860.5,-330
2022-09-19 09:19:47,17,-3,3860.75,-333
2022-09-19 09:19:51,8,5,3860.5,-328
2022-09-19 09:19:53,1,1,3860.5,-327
2022-09-19 09:19:54,15,-11,3860.5,-338
2022-09-19 09:19:55,31,10,3860.25,-328
2022-09-19 09:19:56,1,-1,3860.25,-329
2022-09-19 09:19:57,13,-8,3860.25,-337
2022-09-19 09:19:58,10,0,3860.25,-337
2022-09-19 09:19:59,12,-8,3860.0,-345
2022-09-19 09:20:00,5,1,3860.25,-344
2022-09-19 09:20:01,3,-1,3860.0,-345
2022-09-19 09:20:02,12,-3,3860.0,-348
2022-09-19 09:20:03,91,-22,3860.0,-370
2022-09-19 09:20:04,5,-5,3860.0,-375
2022-09-19 09:20:05,3,-3,3860.0,-378
2022-09-19 09:20:09,9,1,3860.25,-377
2022-09-19 09:20:11,53,-17,3860.0,-394
2022-09-19 09:20:12,24,-19,3860.0,-413
2022-09-19 09:20:13,12,4,3860.25,-409
2022-09-19 09:20:15,4,3,3860.25,-406
2022-09-19 09:20:17,19,-2,3860.0,-408
2022-09-19 09:20:18,6,6,3860.0,-402
2022-09-19 09:20:19,15,11,3860.0,-391
2022-09-19 09:20:20,13,7,3860.0,-384
2022-09-19 09:20:21,25,5,3860.25,-379
2022-09-19 09:20:22,24,4,3860.0,-375
2022-09-19 09:20:23,64,-29,3859.75,-404
2022-09-19 09:20:24,298,-250,3859.5,-654
2022-09-19 09:20:25,62,12,3859.25,-642
2022-09-19 09:20:26,42,9,3859.25,-633
2022-09-19 09:20:27,11,-5,3859.0,-638
2022-09-19 09:20:28,1,-1,3859.0,-639
2022-09-19 09:20:29,4,0,3859.25,-639
2022-09-19 09:20:31,6,5,3859.25,-634
2022-09-19 09:20:32,7,-6,3859.0,-640
2022-09-19 09:20:33,41,3,3859.25,-637
2022-09-19 09:20:34,8,6,3859.25,-631
2022-09-19 09:20:35,6,-4,3859.0,-635
2022-09-19 09:20:36,2,-2,3859.0,-637
2022-09-19 09:20:38,6,-5,3859.0,-642
2022-09-19 09:20:39,8,-7,3859.0,-649
2022-09-19 09:20:40,24,-20,3859.25,-669
2022-09-19 09:20:41,1,1,3859.0,-668
2022-09-19 09:20:42,7,-1,3859.0,-669
2022-09-19 09:20:43,6,-6,3858.75,-675
2022-09-19 09:20:44,21,-15,3858.75,-690
2022-09-19 09:20:45,12,-11,3858.5,-701
2022-09-19 09:20:46,11,-8,3858.5,-709
2022-09-19 09:20:47,11,1,3858.75,-708
2022-09-19 09:20:48,142,41,3858.75,-667
2022-09-19 09:20:49,9,-6,3858.75,-673
2022-09-19 09:20:50,2,-2,3858.5,-675
2022-09-19 09:20:51,1,-1,3858.5,-676
2022-09-19 09:20:53,3,-3,3858.5,-679
2022-09-19 09:20:54,82,-44,3858.75,-723
2022-09-19 09:20:55,196,-2,3858.75,-725
2022-09-19 09:20:56,44,8,3858.5,-717
2022-09-19 09:20:57,4,2,3858.75,-715
2022-09-19 09:21:02,29,-14,3858.5,-729
2022-09-19 09:21:03,5,-3,3858.25,-732
2022-09-19 09:21:04,1,-1,3858.25,-733
2022-09-19 09:21:05,145,59,3859.0,-674
2022-09-19 09:21:06,4,2,3858.5,-672
2022-09-19 09:21:09,6,5,3858.5,-667
2022-09-19 09:21:10,3,3,3858.5,-664
2022-09-19 09:21:11,1,1,3858.5,-663
2022-09-19 09:21:13,45,0,3858.5,-663
2022-09-19 09:21:15,1,-1,3858.25,-664
2022-09-19 09:21:16,1,-1,3858.25,-665
2022-09-19 09:21:21,21,17,3858.5,-648
2022-09-19 09:21:23,1,-1,3858.25,-649
2022-09-19 09:21:24,1,1,3858.5,-648
2022-09-19 09:21:26,1,-1,3858.25,-649
2022-09-19 09:21:28,1,1,3858.5,-648
2022-09-19 09:21:29,62,-28,3858.25,-676
2022-09-19 09:21:30,25,14,3858.5,-662
2022-09-19 09:21:33,2,-2,3858.5,-664
2022-09-19 09:21:34,41,22,3858.75,-642
2022-09-19 09:21:36,22,-14,3858.5,-656
2022-09-19 09:21:37,30,1,3858.25,-655
2022-09-19 09:21:39,10,-7,3858.25,-662
2022-09-19 09:21:40,77,-16,3858.25,-678
2022-09-19 09:21:42,28,-11,3858.25,-689
2022-09-19 09:21:43,16,12,3858.25,-677
2022-09-19 09:21:44,11,-3,3858.25,-680
2022-09-19 09:21:45,1,-1,3858.0,-681
2022-09-19 09:21:46,2,-2,3858.0,-683
2022-09-19 09:21:47,2,0,3858.25,-683
2022-09-19 09:21:49,2,-2,3858.0,-685
2022-09-19 09:21:50,27,10,3858.25,-675
2022-09-19 09:21:51,6,-3,3858.25,-678
2022-09-19 09:21:52,3,-2,3858.0,-680
2022-09-19 09:21:54,14,-9,3858.0,-689
2022-09-19 09:21:57,1,-1,3858.0,-690
2022-09-19 09:21:58,44,-4,3858.0,-694
2022-09-19 09:21:59,2,2,3858.0,-692
2022-09-19 09:22:00,3,3,3858.0,-689
2022-09-19 09:22:01,5,-5,3857.75,-694
2022-09-19 09:22:02,1,1,3858.0,-693
2022-09-19 09:22:03,5,-4,3857.75,-697
2022-09-19 09:22:04,22,-16,3857.75,-713
2022-09-19 09:22:05,8,7,3857.75,-706
2022-09-19 09:22:06,11,-2,3857.75,-708
2022-09-19 09:22:07,73,-34,3857.5,-742
2022-09-19 09:22:08,15,3,3857.75,-739
2022-09-19 09:22:09,51,-3,3857.5,-742
2022-09-19 09:22:10,33,1,3857.5,-741
2022-09-19 09:22:11,34,14,3857.75,-727
2022-09-19 09:22:12,5,-3,3857.5,-730
2022-09-19 09:22:13,2,0,3857.5,-730
2022-09-19 09:22:15,1,-1,3857.25,-731
2022-09-19 09:22:16,2,-2,3857.25,-733
2022-09-19 09:22:17,18,7,3857.5,-726
2022-09-19 09:22:18,2,-1,3857.5,-727
2022-09-19 09:22:19,1,-1,3857.5,-728
2022-09-19 09:22:21,26,9,3857.75,-719
2022-09-19 09:22:22,3,1,3857.75,-718
2022-09-19 09:22:23,1,1,3857.75,-717
2022-09-19 09:22:25,15,-11,3857.5,-728
2022-09-19 09:22:26,1,-1,3857.5,-729
2022-09-19 09:22:27,47,2,3857.75,-727
2022-09-19 09:22:29,1,-1,3857.5,-728
2022-09-19 09:22:30,21,5,3857.75,-723
2022-09-19 09:22:31,40,10,3858.0,-713
2022-09-19 09:22:32,20,-14,3858.0,-727
2022-09-19 09:22:33,4,2,3858.0,-725
2022-09-19 09:22:35,27,13,3858.25,-712
2022-09-19 09:22:36,22,1,3858.25,-711
2022-09-19 09:22:37,12,10,3858.25,-701
2022-09-19 09:22:38,14,8,3858.0,-693
2022-09-19 09:22:39,2,2,3858.0,-691
2022-09-19 09:22:40,3,1,3858.0,-690
2022-09-19 09:22:41,8,-4,3858.0,-694
2022-09-19 09:22:42,11,2,3858.0,-692
2022-09-19 09:22:44,39,15,3858.25,-677
2022-09-19 09:22:45,6,-5,3857.75,-682
2022-09-19 09:22:46,3,-3,3857.75,-685
2022-09-19 09:22:48,2,2,3858.0,-683
2022-09-19 09:22:50,10,6,3858.0,-677
2022-09-19 09:22:51,34,14,3858.25,-663
2022-09-19 09:22:52,3,-1,3858.25,-664
2022-09-19 09:22:55,11,10,3858.5,-654
2022-09-19 09:22:56,1,1,3858.5,-653
2022-09-19 09:22:59,67,13,3858.5,-640
2022-09-19 09:23:00,30,2,3858.75,-638
2022-09-19 09:23:01,9,-2,3858.5,-640
2022-09-19 09:23:06,18,-2,3858.25,-642
2022-09-19 09:23:07,5,-5,3858.25,-647
2022-09-19 09:23:09,11,-8,3858.0,-655
2022-09-19 09:23:10,6,-4,3857.75,-659
2022-09-19 09:23:11,2,-2,3857.75,-661
2022-09-19 09:23:13,13,-8,3857.75,-669
2022-09-19 09:23:14,21,0,3857.5,-669
2022-09-19 09:23:16,14,6,3857.5,-663
2022-09-19 09:23:17,16,-7,3857.5,-670
2022-09-19 09:23:21,66,-17,3857.25,-687
2022-09-19 09:23:22,2,2,3857.5,-685
2022-09-19 09:23:24,1,1,3857.5,-684
2022-09-19 09:23:27,4,-4,3857.25,-688
2022-09-19 09:23:28,1,-1,3857.25,-689
2022-09-19 09:23:30,18,-17,3857.25,-706
2022-09-19 09:23:36,25,-21,3857.0,-727
2022-09-19 09:23:37,36,-2,3857.0,-729
2022-09-19 09:23:38,10,-8,3857.0,-737
2022-09-19 09:23:40,2,0,3857.0,-737
2022-09-19 09:23:41,41,-10,3856.75,-747
2022-09-19 09:23:42,9,-2,3856.75,-749
2022-09-19 09:23:43,4,3,3856.75,-746
2022-09-19 09:23:45,9,2,3857.0,-744
2022-09-19 09:23:46,20,16,3857.0,-728
2022-09-19 09:23:49,1,-1,3856.75,-729
2022-09-19 09:23:50,2,0,3857.0,-729
2022-09-19 09:23:51,80,-93,3856.75,-822
2022-09-19 09:23:52,59,6,3856.75,-816
2022-09-19 09:23:53,16,-14,3856.75,-830
2022-09-19 09:23:54,15,-1,3856.5,-831
2022-09-19 09:23:55,17,0,3856.5,-831
2022-09-19 09:23:56,20,3,3856.75,-828
2022-09-19 09:23:57,14,-6,3857.0,-834
2022-09-19 09:23:58,2,-2,3856.75,-836
2022-09-19 09:23:59,1,-1,3856.75,-837
2022-09-19 09:24:00,2,-2,3856.75,-839
2022-09-19 09:24:01,4,1,3856.75,-838
2022-09-19 09:24:02,19,4,3856.75,-834
2022-09-19 09:24:03,10,0,3857.0,-834
2022-09-19 09:24:04,51,13,3857.0,-821
2022-09-19 09:24:05,12,1,3856.75,-820
2022-09-19 09:24:07,18,3,3857.0,-817
2022-09-19 09:24:09,10,-7,3857.0,-824
2022-09-19 09:24:10,28,20,3857.0,-804
2022-09-19 09:24:11,1,1,3857.0,-803
2022-09-19 09:24:13,10,8,3857.0,-795
2022-09-19 09:24:14,31,6,3857.0,-789
2022-09-19 09:24:15,2,2,3857.0,-787
2022-09-19 09:24:16,1,-1,3856.75,-788
2022-09-19 09:24:19,24,15,3857.0,-773
2022-09-19 09:24:22,26,-15,3857.0,-788
2022-09-19 09:24:23,39,-3,3856.75,-791
2022-09-19 09:24:24,6,3,3856.75,-788
2022-09-19 09:24:25,5,3,3856.75,-785
2022-09-19 09:24:26,30,11,3857.0,-774
2022-09-19 09:24:28,21,-4,3857.0,-778
2022-09-19 09:24:29,1,-1,3856.75,-779
2022-09-19 09:24:32,35,5,3857.0,-774
2022-09-19 09:24:34,1,1,3857.0,-773
2022-09-19 09:24:35,17,-14,3857.0,-787
2022-09-19 09:24:37,16,4,3856.75,-783
2022-09-19 09:24:38,15,-1,3857.0,-784
2022-09-19 09:24:39,1,-1,3857.0,-785
2022-09-19 09:24:41,46,24,3857.5,-761
2022-09-19 09:24:43,7,7,3857.75,-754
2022-09-19 09:24:46,5,3,3857.75,-751
2022-09-19 09:24:47,39,25,3858.0,-726
2022-09-19 09:24:48,1,1,3858.0,-725
2022-09-19 09:24:49,41,4,3858.0,-721
2022-09-19 09:24:50,10,5,3858.0,-716
2022-09-19 09:24:51,33,-10,3857.75,-726
2022-09-19 09:24:52,1,1,3858.0,-725
2022-09-19 09:24:53,4,-2,3858.0,-727
2022-09-19 09:24:54,11,0,3858.25,-727
2022-09-19 09:24:55,1,-1,3858.0,-728
2022-09-19 09:24:56,6,-5,3858.0,-733
2022-09-19 09:24:58,13,-9,3857.75,-742
2022-09-19 09:24:59,8,-4,3857.75,-746
2022-09-19 09:25:00,33,-8,3857.5,-754
2022-09-19 09:25:01,8,7,3857.5,-747
2022-09-19 09:25:02,10,8,3857.75,-739
2022-09-19 09:25:03,23,-9,3857.75,-748
2022-09-19 09:25:04,10,2,3858.0,-746
2022-09-19 09:25:05,73,15,3858.0,-731
2022-09-19 09:25:06,14,-4,3858.0,-735
2022-09-19 09:25:07,52,-34,3858.0,-769
2022-09-19 09:25:08,8,6,3857.75,-763
2022-09-19 09:25:10,13,-10,3857.75,-773
2022-09-19 09:25:11,52,-9,3857.5,-782
2022-09-19 09:25:13,1,1,3857.5,-781
2022-09-19 09:25:14,48,-13,3857.5,-794
2022-09-19 09:25:15,12,-10,3857.25,-804
2022-09-19 09:25:16,31,14,3857.25,-790
2022-09-19 09:25:17,11,-1,3857.25,-791
2022-09-19 09:25:18,48,-22,3857.0,-813
2022-09-19 09:25:19,36,-18,3857.0,-831
2022-09-19 09:25:21,23,-21,3856.75,-852
2022-09-19 09:25:22,1,-1,3856.75,-853
2022-09-19 09:25:23,2,-2,3856.75,-855
2022-09-19 09:25:24,1,1,3857.0,-854
2022-09-19 09:25:25,43,9,3857.0,-845
2022-09-19 09:25:26,29,-3,3857.0,-848
2022-09-19 09:25:27,19,-11,3856.75,-859
2022-09-19 09:25:28,1,-1,3856.5,-860
2022-09-19 09:25:29,2,2,3856.75,-858
2022-09-19 09:25:30,1,1,3856.75,-857
2022-09-19 09:25:31,49,0,3857.0,-857
2022-09-19 09:25:32,18,-18,3856.75,-875
2022-09-19 09:25:34,41,12,3856.75,-863
2022-09-19 09:25:35,29,24,3857.0,-839
2022-09-19 09:25:37,1,-1,3856.75,-840
2022-09-19 09:25:38,1,-1,3856.75,-841
2022-09-19 09:25:39,1,-1,3856.75,-842
2022-09-19 09:25:40,30,15,3857.0,-827
2022-09-19 09:25:41,2,-2,3857.0,-829
2022-09-19 09:25:42,6,5,3857.25,-824
2022-09-19 09:25:43,28,-17,3857.0,-841
2022-09-19 09:25:44,1,-1,3856.75,-842
2022-09-19 09:25:45,9,-7,3857.0,-849
2022-09-19 09:25:46,1,-1,3856.75,-850
2022-09-19 09:25:47,89,-2,3856.75,-852
2022-09-19 09:25:48,12,12,3857.0,-840
2022-09-19 09:25:49,1,1,3857.25,-839
2022-09-19 09:25:50,12,12,3857.25,-827
2022-09-19 09:25:51,38,5,3857.5,-822
2022-09-19 09:25:52,2,0,3857.5,-822
2022-09-19 09:25:54,3,1,3857.5,-821
2022-09-19 09:25:55,19,-6,3857.25,-827
2022-09-19 09:25:56,7,1,3857.25,-826
2022-09-19 09:25:57,4,4,3857.5,-822
2022-09-19 09:25:58,15,-8,3857.5,-830
2022-09-19 09:25:59,24,-12,3857.25,-842
2022-09-19 09:26:00,29,-19,3857.0,-861
2022-09-19 09:26:01,49,-40,3856.75,-901
2022-09-19 09:26:02,6,-4,3856.5,-905
2022-09-19 09:26:03,10,-3,3856.5,-908
2022-09-19 09:26:04,48,30,3856.75,-878
2022-09-19 09:26:05,8,-2,3856.75,-880
2022-09-19 09:26:06,60,-7,3857.0,-887
2022-09-19 09:26:07,28,-9,3857.0,-896
2022-09-19 09:26:08,13,10,3856.75,-886
2022-09-19 09:26:09,13,5,3856.75,-881
2022-09-19 09:26:10,1,1,3856.75,-880
2022-09-19 09:26:11,47,21,3857.0,-859
2022-09-19 09:26:12,17,-16,3857.0,-875
2022-09-19 09:26:13,23,5,3857.0,-870
2022-09-19 09:26:14,13,11,3856.75,-859
2022-09-19 09:26:16,40,19,3857.0,-840
2022-09-19 09:26:17,5,5,3857.25,-835
2022-09-19 09:26:19,10,8,3857.25,-827
2022-09-19 09:26:20,31,9,3857.25,-818
2022-09-19 09:26:22,3,3,3857.25,-815
2022-09-19 09:26:24,7,7,3857.25,-808
2022-09-19 09:26:27,6,2,3857.5,-806
2022-09-19 09:26:28,3,-1,3857.5,-807
2022-09-19 09:26:30,31,15,3857.5,-792
2022-09-19 09:26:31,36,24,3857.75,-768
2022-09-19 09:26:32,1,-1,3857.5,-769
2022-09-19 09:26:34,8,7,3857.75,-762
2022-09-19 09:26:35,16,2,3858.0,-760
2022-09-19 09:26:36,1,1,3858.0,-759
2022-09-19 09:26:37,8,-6,3857.75,-765
2022-09-19 09:26:38,5,1,3858.0,-764
2022-09-19 09:26:39,16,13,3858.0,-751
2022-09-19 09:26:41,22,-13,3857.75,-764
2022-09-19 09:26:42,3,-1,3857.75,-765
2022-09-19 09:26:46,1,1,3857.75,-764
2022-09-19 09:26:47,1,-1,3857.5,-765
2022-09-19 09:26:48,2,2,3857.75,-763
2022-09-19 09:26:49,53,7,3857.75,-756
2022-09-19 09:26:50,5,-2,3857.5,-758
2022-09-19 09:26:51,86,-48,3857.5,-806
2022-09-19 09:26:52,15,-9,3857.25,-815
2022-09-19 09:26:53,22,13,3857.5,-802
2022-09-19 09:26:54,7,-3,3857.5,-805
2022-09-19 09:26:56,21,-8,3857.25,-813
2022-09-19 09:27:01,1,1,3857.5,-812
2022-09-19 09:27:07,11,7,3857.5,-805
2022-09-19 09:27:08,4,-1,3857.25,-806
2022-09-19 09:27:09,2,2,3857.5,-804
2022-09-19 09:27:10,41,-8,3857.25,-812
2022-09-19 09:27:11,13,-5,3857.25,-817
2022-09-19 09:27:13,1,1,3857.25,-816
2022-09-19 09:27:14,49,-23,3857.0,-839
2022-09-19 09:27:15,61,4,3857.0,-835
2022-09-19 09:27:17,40,10,3857.0,-825
2022-09-19 09:27:18,11,0,3856.75,-825
2022-09-19 09:27:19,6,0,3856.75,-825
2022-09-19 09:27:20,3,1,3856.75,-824
2022-09-19 09:27:22,57,-39,3856.5,-863
2022-09-19 09:27:23,16,-15,3856.5,-878
2022-09-19 09:27:24,3,-3,3856.5,-881
2022-09-19 09:27:25,5,4,3856.75,-877
2022-09-19 09:27:28,6,0,3856.75,-877
2022-09-19 09:27:30,51,10,3856.5,-867
2022-09-19 09:27:31,41,2,3856.75,-865
2022-09-19 09:27:32,8,5,3857.0,-860
2022-09-19 09:27:33,24,-21,3857.0,-881
2022-09-19 09:27:34,46,24,3857.0,-857
2022-09-19 09:27:35,19,0,3857.0,-857
2022-09-19 09:27:36,26,-35,3856.75,-892
2022-09-19 09:27:38,43,24,3857.0,-868
2022-09-19 09:27:39,23,-8,3856.75,-876
2022-09-19 09:27:40,36,-6,3856.5,-882
2022-09-19 09:27:41,14,-12,3856.25,-894
2022-09-19 09:27:42,34,27,3856.5,-867
2022-09-19 09:27:43,2,0,3856.5,-867
2022-09-19 09:27:44,10,6,3856.5,-861
2022-09-19 09:27:45,7,3,3856.5,-858
2022-09-19 09:27:46,61,17,3856.75,-841
2022-09-19 09:27:48,46,17,3857.0,-824
2022-09-19 09:27:49,12,-12,3856.75,-836
2022-09-19 09:27:50,60,15,3857.0,-821
2022-09-19 09:27:52,7,7,3857.0,-814
2022-09-19 09:27:53,1,1,3857.0,-813
2022-09-19 09:27:54,12,2,3857.0,-811
2022-09-19 09:27:55,47,-3,3857.0,-814
2022-09-19 09:27:56,12,-6,3857.0,-820
2022-09-19 09:27:57,46,23,3857.25,-797
2022-09-19 09:27:58,29,12,3857.25,-785
2022-09-19 09:27:59,18,11,3857.25,-774
2022-09-19 09:28:00,105,-3,3857.75,-777
2022-09-19 09:28:01,25,-15,3857.0,-792
2022-09-19 09:28:02,15,8,3857.0,-784
2022-09-19 09:28:03,2,-2,3857.0,-786
2022-09-19 09:28:04,4,4,3857.0,-782
2022-09-19 09:28:05,37,-21,3857.0,-803
2022-09-19 09:28:06,8,2,3857.0,-801
2022-09-19 09:28:08,56,-40,3857.0,-841
2022-09-19 09:28:09,74,0,3857.0,-841
2022-09-19 09:28:10,30,10,3856.75,-831
2022-09-19 09:28:11,1,1,3857.0,-830
2022-09-19 09:28:12,1,-1,3856.75,-831
2022-09-19 09:28:13,72,2,3857.0,-829
2022-09-19 09:28:15,12,8,3857.0,-821
2022-09-19 09:28:16,33,10,3857.0,-811
2022-09-19 09:28:20,25,12,3857.25,-799
2022-09-19 09:28:21,5,-3,3857.0,-802
2022-09-19 09:28:22,74,-31,3857.25,-833
2022-09-19 09:28:23,5,-2,3857.25,-835
2022-09-19 09:28:24,37,1,3857.25,-834
2022-09-19 09:28:25,22,7,3857.5,-827
2022-09-19 09:28:26,32,-15,3857.5,-842
2022-09-19 09:28:29,118,-29,3857.5,-871
2022-09-19 09:28:30,5,5,3857.0,-866
2022-09-19 09:28:32,26,10,3857.0,-856
2022-09-19 09:28:33,4,4,3857.0,-852
2022-09-19 09:28:34,9,6,3857.0,-846
2022-09-19 09:28:35,75,-43,3856.75,-889
2022-09-19 09:28:36,93,-12,3856.5,-901
2022-09-19 09:28:37,17,-13,3856.5,-914
2022-09-19 09:28:38,16,10,3856.75,-904
2022-09-19 09:28:39,46,11,3856.75,-893
2022-09-19 09:28:40,28,-35,3857.0,-928
2022-09-19 09:28:41,33,-15,3856.5,-943
2022-09-19 09:28:42,33,-13,3856.5,-956
2022-09-19 09:28:43,5,4,3856.5,-952
2022-09-19 09:28:44,63,37,3856.5,-915
2022-09-19 09:28:45,21,6,3856.5,-909
2022-09-19 09:28:46,9,5,3856.75,-904
2022-09-19 09:28:47,5,3,3856.75,-901
2022-09-19 09:28:48,53,-17,3856.75,-918
2022-09-19 09:28:49,41,-14,3856.5,-932
2022-09-19 09:28:50,70,-12,3856.75,-944
2022-09-19 09:28:52,7,-5,3856.5,-949
2022-09-19 09:28:53,14,1,3856.75,-948
2022-09-19 09:28:54,67,14,3856.75,-934
2022-09-19 09:28:55,37,-6,3856.75,-940
2022-09-19 09:28:56,49,-12,3856.75,-952
2022-09-19 09:28:57,2,2,3856.75,-950
2022-09-19 09:28:58,8,0,3856.75,-950
2022-09-19 09:28:59,1,-1,3856.5,-951
2022-09-19 09:29:00,98,-15,3856.5,-966
2022-09-19 09:29:02,20,-16,3856.25,-982
2022-09-19 09:29:03,8,-7,3856.0,-989
2022-09-19 09:29:04,188,-24,3856.25,-1013
2022-09-19 09:29:06,26,-8,3856.0,-1021
2022-09-19 09:29:07,11,-6,3855.75,-1027
2022-09-19 09:29:08,2,0,3856.0,-1027
2022-09-19 09:29:09,20,5,3856.0,-1022
2022-09-19 09:29:10,50,22,3856.0,-1000
2022-09-19 09:29:11,20,11,3856.25,-989
2022-09-19 09:29:12,17,14,3856.25,-975
2022-09-19 09:29:13,21,14,3856.25,-961
2022-09-19 09:29:14,1,-1,3856.25,-962
2022-09-19 09:29:15,2,-1,3856.25,-963
2022-09-19 09:29:16,11,5,3856.5,-958
2022-09-19 09:29:17,1,1,3856.5,-957
2022-09-19 09:29:18,26,25,3856.5,-932
2022-09-19 09:29:19,34,-11,3856.5,-943
2022-09-19 09:29:21,8,0,3856.75,-943
2022-09-19 09:29:22,3,3,3856.75,-940
2022-09-19 09:29:23,11,7,3856.75,-933
2022-09-19 09:29:25,4,4,3856.75,-929
2022-09-19 09:29:26,2,1,3856.75,-928
2022-09-19 09:29:27,38,18,3856.75,-910
2022-09-19 09:29:28,2,2,3857.0,-908
2022-09-19 09:29:29,25,-2,3857.0,-910
2022-09-19 09:29:30,6,3,3857.0,-907
2022-09-19 09:29:31,17,-1,3857.0,-908
2022-09-19 09:29:32,53,23,3857.0,-885
2022-09-19 09:29:33,242,-149,3857.0,-1034
2022-09-19 09:29:34,14,-8,3856.5,-1042
2022-09-19 09:29:35,18,-11,3856.25,-1053
2022-09-19 09:29:36,43,-2,3856.25,-1055
2022-09-19 09:29:37,17,-11,3856.0,-1066
2022-09-19 09:29:38,88,-38,3855.75,-1104
2022-09-19 09:29:39,44,-16,3855.5,-1120
2022-09-19 09:29:40,196,-21,3855.75,-1141
2022-09-19 09:29:41,38,-16,3855.5,-1157
2022-09-19 09:29:42,3,0,3855.5,-1157
2022-09-19 09:29:43,26,6,3855.5,-1151
2022-09-19 09:29:45,53,-13,3855.5,-1164
2022-09-19 09:29:46,39,-23,3855.25,-1187
2022-09-19 09:29:47,159,-10,3855.25,-1197
2022-09-19 09:29:48,177,-80,3854.75,-1277
2022-09-19 09:29:49,11,-5,3854.5,-1282
2022-09-19 09:29:50,121,2,3854.75,-1280
2022-09-19 09:29:51,56,-36,3854.5,-1316
2022-09-19 09:29:52,65,-11,3854.5,-1327
2022-09-19 09:29:53,167,-45,3854.25,-1372
2022-09-19 09:29:54,75,10,3854.25,-1362
2022-09-19 09:29:55,109,-25,3854.25,-1387
2022-09-19 09:29:56,46,5,3854.0,-1382
2022-09-19 09:29:57,159,53,3854.5,-1329
2022-09-19 09:29:58,116,-7,3854.75,-1336
2022-09-19 09:29:59,206,-53,3854.5,-1389
2022-09-19 09:30:00,721,91,3854.75,-1298
2022-09-19 09:30:01,388,53,3854.5,-1245
2022-09-19 09:30:02,350,98,3854.75,-1147
2022-09-19 09:30:03,495,-36,3855.0,-1183
2022-09-19 09:30:04,446,13,3854.5,-1170
2022-09-19 09:30:05,364,65,3854.5,-1105
2022-09-19 09:30:06,363,7,3855.0,-1098
2022-09-19 09:30:07,177,10,3854.75,-1088
2022-09-19 09:30:08,192,21,3854.75,-1067
2022-09-19 09:30:09,229,-13,3854.75,-1080
2022-09-19 09:30:10,367,36,3854.75,-1044
2022-09-19 09:30:11,286,-68,3854.75,-1112
2022-09-19 09:30:12,175,-44,3854.0,-1156
2022-09-19 09:30:13,142,15,3854.25,-1141
2022-09-19 09:30:14,372,-113,3854.75,-1254
2022-09-19 09:30:15,352,-25,3855.0,-1279
2022-09-19 09:30:16,260,-30,3855.0,-1309
2022-09-19 09:30:17,242,16,3855.0,-1293
2022-09-19 09:30:18,146,-48,3854.75,-1341
2022-09-19 09:30:19,318,6,3854.5,-1335
2022-09-19 09:30:20,137,-27,3854.0,-1362
2022-09-19 09:30:21,324,3,3854.25,-1359
2022-09-19 09:30:22,346,-7,3854.5,-1366
2022-09-19 09:30:23,257,55,3855.25,-1311
2022-09-19 09:30:24,189,-30,3855.0,-1341
2022-09-19 09:30:25,484,-63,3855.0,-1404
2022-09-19 09:30:26,374,-13,3854.5,-1417
2022-09-19 09:30:27,159,49,3854.5,-1368
2022-09-19 09:30:28,132,11,3854.5,-1357
2022-09-19 09:30:29,374,-6,3855.25,-1363
2022-09-19 09:30:30,210,10,3855.25,-1353
2022-09-19 09:30:31,208,46,3855.5,-1307
2022-09-19 09:30:32,304,21,3856.0,-1286
2022-09-19 09:30:33,283,27,3855.75,-1259
2022-09-19 09:30:34,382,-130,3856.0,-1389
2022-09-19 09:30:35,330,-18,3855.25,-1407
2022-09-19 09:30:36,125,39,3855.25,-1368
2022-09-19 09:30:37,199,-30,3855.25,-1398
2022-09-19 09:30:38,111,21,3855.5,-1377
2022-09-19 09:30:39,232,60,3856.0,-1317
2022-09-19 09:30:40,138,-9,3855.75,-1326
2022-09-19 09:30:41,355,-28,3855.0,-1354
2022-09-19 09:30:42,179,-36,3854.5,-1390
2022-09-19 09:30:43,234,52,3855.0,-1338
2022-09-19 09:30:44,178,9,3855.5,-1329
2022-09-19 09:30:45,102,-27,3855.5,-1356
2022-09-19 09:30:46,71,-10,3855.5,-1366
2022-09-19 09:30:47,119,7,3855.25,-1359
2022-09-19 09:30:48,117,9,3855.5,-1350
2022-09-19 09:30:49,50,5,3855.25,-1345
2022-09-19 09:30:50,172,29,3855.75,-1316
2022-09-19 09:30:51,94,1,3855.75,-1315
2022-09-19 09:30:52,72,18,3855.75,-1297
2022-09-19 09:30:53,84,7,3855.75,-1290
2022-09-19 09:30:54,102,28,3856.0,-1262
2022-09-19 09:30:55,182,2,3856.25,-1260
2022-09-19 09:30:56,77,1,3856.0,-1259
2022-09-19 09:30:57,123,-16,3856.25,-1275
2022-09-19 09:30:58,880,223,3858.0,-1052
2022-09-19 09:30:59,198,3,3858.25,-1049
2022-09-19 09:31:00,188,-9,3858.25,-1058
2022-09-19 09:31:01,286,6,3858.5,-1052
2022-09-19 09:31:02,281,67,3859.25,-985
2022-09-19 09:31:03,238,-13,3859.5,-998
2022-09-19 09:31:04,139,16,3859.25,-982
2022-09-19 09:31:05,211,-42,3859.25,-1024
2022-09-19 09:31:06,164,30,3859.0,-994
2022-09-19 09:31:07,238,-68,3858.75,-1062
2022-09-19 09:31:08,222,28,3858.0,-1034
2022-09-19 09:31:09,95,8,3858.25,-1026
2022-09-19 09:31:10,145,-8,3858.25,-1034
2022-09-19 09:31:11,222,-14,3858.0,-1048
2022-09-19 09:31:12,297,56,3858.5,-992
2022-09-19 09:31:13,123,22,3858.75,-970
2022-09-19 09:31:14,231,10,3859.0,-960
2022-09-19 09:31:15,215,-2,3859.0,-962
2022-09-19 09:31:16,156,-14,3858.0,-976
2022-09-19 09:31:17,257,-47,3858.0,-1023
2022-09-19 09:31:18,208,29,3858.25,-994
2022-09-19 09:31:19,122,-33,3858.5,-1027
2022-09-19 09:31:20,229,-53,3857.75,-1080
2022-09-19 09:31:21,139,15,3857.75,-1065
2022-09-19 09:31:22,153,13,3858.0,-1052
2022-09-19 09:31:23,112,25,3858.25,-1027
2022-09-19 09:31:24,171,-8,3858.0,-1035
2022-09-19 09:31:25,63,14,3858.25,-1021
2022-09-19 09:31:26,80,13,3858.5,-1008
2022-09-19 09:31:27,119,-37,3858.25,-1045
2022-09-19 09:31:28,185,-35,3858.0,-1080
2022-09-19 09:31:29,79,15,3858.0,-1065
2022-09-19 09:31:30,89,28,3858.0,-1037
2022-09-19 09:31:31,85,22,3858.25,-1015
2022-09-19 09:31:32,559,97,3859.75,-918
2022-09-19 09:31:33,244,67,3860.25,-851
2022-09-19 09:31:34,319,-25,3860.25,-876
2022-09-19 09:31:35,154,-20,3860.0,-896
2022-09-19 09:31:36,72,-17,3859.75,-913
2022-09-19 09:31:37,70,-1,3859.75,-914
2022-09-19 09:31:38,142,-29,3859.5,-943
2022-09-19 09:31:39,400,-16,3858.75,-959
2022-09-19 09:31:40,132,31,3858.5,-928
2022-09-19 09:31:41,217,2,3859.0,-926
2022-09-19 09:31:42,55,-11,3859.0,-937
2022-09-19 09:31:43,80,5,3859.0,-932
2022-09-19 09:31:44,93,-24,3859.0,-956
2022-09-19 09:31:45,69,9,3859.0,-947
2022-09-19 09:31:46,128,33,3859.75,-914
2022-09-19 09:31:47,161,34,3860.0,-880
2022-09-19 09:31:48,206,72,3860.75,-808
2022-09-19 09:31:49,96,26,3860.5,-782
2022-09-19 09:31:50,195,-100,3860.5,-882
2022-09-19 09:31:51,362,104,3861.0,-778
2022-09-19 09:31:52,157,43,3861.5,-735
2022-09-19 09:31:53,85,-28,3861.5,-763
2022-09-19 09:31:54,261,-50,3861.25,-813
2022-09-19 09:31:55,137,3,3860.75,-810
2022-09-19 09:31:56,50,3,3860.75,-807
2022-09-19 09:31:57,165,4,3861.0,-803
2022-09-19 09:31:58,99,67,3861.75,-736
2022-09-19 09:31:59,191,39,3862.0,-697
2022-09-19 09:32:00,498,147,3863.5,-550
2022-09-19 09:32:01,460,127,3864.75,-423
2022-09-19 09:32:02,162,-1,3865.0,-424
2022-09-19 09:32:03,250,7,3865.25,-417
2022-09-19 09:32:04,252,22,3865.75,-395
2022-09-19 09:32:05,302,-78,3865.75,-473
2022-09-19 09:32:06,252,20,3865.0,-453
2022-09-19 09:32:07,181,-28,3864.5,-481
2022-09-19 09:32:08,170,5,3864.5,-476
2022-09-19 09:32:09,153,20,3864.75,-456
2022-09-19 09:32:10,204,-67,3864.75,-523
2022-09-19 09:32:11,168,-3,3864.25,-526
2022-09-19 09:32:12,108,-20,3864.25,-546
2022-09-19 09:32:13,186,13,3864.25,-533
2022-09-19 09:32:14,129,14,3864.5,-519
2022-09-19 09:32:15,296,27,3865.25,-492
2022-09-19 09:32:16,87,-13,3865.0,-505
2022-09-19 09:32:17,206,28,3865.25,-477
2022-09-19 09:32:18,80,-36,3865.25,-513
2022-09-19 09:32:19,103,-12,3864.75,-525
2022-09-19 09:32:20,240,-7,3865.0,-532
2022-09-19 09:32:21,580,253,3866.25,-279
2022-09-19 09:32:22,487,-220,3866.0,-499
2022-09-19 09:32:23,161,-9,3865.0,-508
2022-09-19 09:32:24,106,7,3865.0,-501
2022-09-19 09:32:25,224,22,3865.0,-479
2022-09-19 09:32:26,246,43,3865.0,-436
2022-09-19 09:32:27,117,-15,3865.0,-451
2022-09-19 09:32:28,160,-26,3864.0,-477
2022-09-19 09:32:29,83,6,3864.25,-471
2022-09-19 09:32:30,105,-11,3864.0,-482
2022-09-19 09:32:31,159,26,3864.5,-456
2022-09-19 09:32:32,110,-21,3864.5,-477
2022-09-19 09:32:33,137,4,3864.0,-473
2022-09-19 09:32:34,112,15,3864.5,-458
2022-09-19 09:32:35,195,-113,3864.5,-571
2022-09-19 09:32:36,109,7,3863.75,-564
2022-09-19 09:32:37,312,-5,3863.5,-569
2022-09-19 09:32:38,118,23,3864.5,-546
2022-09-19 09:32:39,99,9,3864.75,-537
2022-09-19 09:32:40,289,36,3865.75,-501
2022-09-19 09:32:41,245,107,3866.75,-394
2022-09-19 09:32:42,67,-1,3866.5,-395
2022-09-19 09:32:43,60,10,3866.25,-385
2022-09-19 09:32:44,161,-29,3866.5,-414
2022-09-19 09:32:45,92,-17,3866.5,-431
2022-09-19 09:32:46,246,-14,3866.5,-445
2022-09-19 09:32:47,252,-20,3866.5,-465
2022-09-19 09:32:48,39,-6,3866.5,-471
2022-09-19 09:32:49,218,-36,3866.25,-507
2022-09-19 09:32:50,158,-3,3866.0,-510
2022-09-19 09:32:51,349,12,3865.75,-498
2022-09-19 09:32:52,194,18,3866.5,-480
2022-09-19 09:32:53,49,-19,3866.25,-499
2022-09-19 09:32:54,284,13,3866.75,-486
2022-09-19 09:32:55,239,-6,3867.0,-492
2022-09-19 09:32:56,279,-9,3867.0,-501
2022-09-19 09:32:57,169,33,3867.0,-468
2022-09-19 09:32:58,293,-10,3866.75,-478
2022-09-19 09:32:59,327,-24,3866.5,-502
2022-09-19 09:33:00,155,22,3866.75,-480
2022-09-19 09:33:01,240,-26,3866.5,-506
2022-09-19 09:33:02,91,-15,3866.5,-521
2022-09-19 09:33:03,647,-82,3865.75,-603
2022-09-19 09:33:04,154,-37,3865.25,-640
2022-09-19 09:33:05,123,4,3865.25,-636
2022-09-19 09:33:06,214,-53,3865.0,-689
2022-09-19 09:33:07,153,-24,3864.75,-713
2022-09-19 09:33:08,107,-11,3864.75,-724
2022-09-19 09:33:09,224,27,3865.5,-697
2022-09-19 09:33:10,104,-7,3865.5,-704
2022-09-19 09:33:11,100,4,3865.5,-700
2022-09-19 09:33:12,72,17,3865.75,-683
2022-09-19 09:33:13,86,24,3866.0,-659
2022-09-19 09:33:14,58,-9,3866.25,-668
2022-09-19 09:33:15,56,26,3866.0,-642
2022-09-19 09:33:16,38,-13,3866.25,-655
2022-09-19 09:33:17,71,-6,3865.75,-661
2022-09-19 09:33:18,171,-43,3866.0,-704
2022-09-19 09:33:19,109,10,3866.0,-694
2022-09-19 09:33:20,145,-51,3866.25,-745
2022-09-19 09:33:21,103,5,3866.0,-740
2022-09-19 09:33:22,107,20,3866.0,-720
2022-09-19 09:33:23,178,-72,3865.75,-792
2022-09-19 09:33:24,161,-33,3864.75,-825
2022-09-19 09:33:25,135,40,3865.0,-785
2022-09-19 09:33:26,95,-30,3864.75,-815
2022-09-19 09:33:27,232,7,3864.5,-808
2022-09-19 09:33:28,126,-1,3864.5,-809
2022-09-19 09:33:29,273,12,3864.5,-797
2022-09-19 09:33:30,126,9,3864.75,-788
2022-09-19 09:33:31,67,2,3864.25,-786
2022-09-19 09:33:32,182,-43,3864.0,-829
2022-09-19 09:33:33,136,6,3864.0,-823
2022-09-19 09:33:34,86,-1,3863.75,-824
2022-09-19 09:33:35,90,12,3864.0,-812
2022-09-19 09:33:36,84,-11,3863.75,-823
2022-09-19 09:33:37,98,-2,3863.75,-825
2022-09-19 09:33:38,119,-28,3863.5,-853
2022-09-19 09:33:39,123,32,3863.25,-821
2022-09-19 09:33:40,109,43,3864.25,-778
2022-09-19 09:33:41,116,-31,3864.5,-809
2022-09-19 09:33:42,90,4,3864.25,-805
2022-09-19 09:33:43,35,-5,3864.25,-810
2022-09-19 09:33:44,72,-1,3864.25,-811
2022-09-19 09:33:45,52,1,3864.25,-810
2022-09-19 09:33:46,112,21,3863.75,-789
2022-09-19 09:33:47,85,18,3863.75,-771
2022-09-19 09:33:48,249,-32,3863.75,-803
2022-09-19 09:33:49,66,11,3863.75,-792
2022-09-19 09:33:50,161,7,3863.75,-785
2022-09-19 09:33:51,34,-1,3863.75,-786
2022-09-19 09:33:52,81,7,3863.75,-779
2022-09-19 09:33:53,233,-9,3864.5,-788
2022-09-19 09:33:54,80,18,3864.5,-770
2022-09-19 09:33:55,55,-6,3864.75,-776
2022-09-19 09:33:56,97,-15,3864.5,-791
2022-09-19 09:33:57,71,10,3864.75,-781
2022-09-19 09:33:58,44,14,3864.75,-767
2022-09-19 09:33:59,169,27,3865.0,-740
2022-09-19 09:34:00,352,86,3866.25,-654
2022-09-19 09:34:01,144,1,3865.75,-653
2022-09-19 09:34:02,91,13,3865.75,-640
2022-09-19 09:34:03,271,39,3866.75,-601
2022-09-19 09:34:04,134,17,3866.5,-584
2022-09-19 09:34:05,97,9,3866.5,-575
2022-09-19 09:34:06,115,2,3866.25,-573
2022-09-19 09:34:07,50,-17,3866.0,-590
2022-09-19 09:34:08,112,8,3866.25,-582
2022-09-19 09:34:09,66,7,3866.0,-575
2022-09-19 09:34:10,88,8,3866.5,-567
2022-09-19 09:34:11,92,0,3866.5,-567
2022-09-19 09:34:12,136,-15,3866.0,-582
2022-09-19 09:34:13,65,7,3865.75,-575
2022-09-19 09:34:14,217,-44,3865.5,-619
2022-09-19 09:34:15,51,14,3865.25,-605
2022-09-19 09:34:16,80,31,3866.0,-574
2022-09-19 09:34:17,48,5,3866.0,-569
2022-09-19 09:34:18,153,-8,3865.25,-577
2022-09-19 09:34:19,186,40,3865.0,-537
2022-09-19 09:34:20,80,-20,3865.0,-557
2022-09-19 09:34:21,54,10,3864.75,-547
2022-09-19 09:34:22,105,-19,3864.75,-566
2022-09-19 09:34:23,48,-6,3864.5,-572
2022-09-19 09:34:24,83,31,3865.0,-541
2022-09-19 09:34:25,64,-6,3864.75,-547
2022-09-19 09:34:26,96,0,3865.25,-547
2022-09-19 09:34:27,66,5,3865.25,-542
2022-09-19 09:34:28,43,3,3865.5,-539
2022-09-19 09:34:29,96,0,3865.5,-539
2022-09-19 09:34:30,130,-13,3865.75,-552
2022-09-19 09:34:31,154,25,3866.0,-527
2022-09-19 09:34:32,61,8,3866.25,-519
2022-09-19 09:34:33,102,22,3866.25,-497
2022-09-19 09:34:34,90,15,3866.25,-482
2022-09-19 09:34:35,283,27,3866.5,-455
2022-09-19 09:34:36,129,21,3866.75,-434
2022-09-19 09:34:37,212,78,3867.5,-356
2022-09-19 09:34:38,162,76,3868.0,-280
2022-09-19 09:34:39,263,13,3868.0,-267
2022-09-19 09:34:40,149,-33,3868.0,-300
2022-09-19 09:34:41,65,-24,3867.5,-324
2022-09-19 09:34:42,79,-31,3867.0,-355
2022-09-19 09:34:43,129,-9,3866.75,-364
2022-09-19 09:34:44,190,4,3867.0,-360
2022-09-19 09:34:45,112,12,3867.0,-348
2022-09-19 09:34:46,101,13,3867.25,-335
2022-09-19 09:34:47,80,-9,3866.75,-344
2022-09-19 09:34:48,167,-51,3866.5,-395
2022-09-19 09:34:49,154,40,3866.5,-355
2022-09-19 09:34:50,256,-26,3866.5,-381
2022-09-19 09:34:51,147,-51,3865.75,-432
2022-09-19 09:34:52,86,26,3865.75,-406
2022-09-19 09:34:53,72,-8,3866.0,-414
2022-09-19 09:34:54,30,1,3865.5,-413
2022-09-19 09:34:55,199,-140,3865.5,-553
2022-09-19 09:34:56,116,-4,3866.25,-557
2022-09-19 09:34:57,87,26,3866.5,-531
2022-09-19 09:34:58,63,5,3867.0,-526
2022-09-19 09:34:59,87,10,3867.5,-516
2022-09-19 09:35:00,393,-14,3868.0,-530
2022-09-19 09:35:01,115,0,3867.25,-530
2022-09-19 09:35:02,123,-25,3866.75,-555
2022-09-19 09:35:03,86,-17,3866.0,-572
2022-09-19 09:35:04,70,6,3865.75,-566
2022-09-19 09:35:05,184,-12,3865.75,-578
2022-09-19 09:35:06,206,6,3866.0,-572
2022-09-19 09:35:07,119,33,3865.25,-539
2022-09-19 09:35:08,185,-17,3865.0,-556
2022-09-19 09:35:09,130,5,3865.0,-551
2022-09-19 09:35:10,408,-39,3864.75,-590
2022-09-19 09:35:11,210,-62,3864.25,-652
2022-09-19 09:35:12,81,-21,3863.75,-673
2022-09-19 09:35:13,111,27,3864.25,-646
2022-09-19 09:35:14,64,-21,3864.25,-667
2022-09-19 09:35:15,111,-20,3864.0,-687
2022-09-19 09:35:16,98,13,3863.5,-674
2022-09-19 09:35:17,79,-4,3863.75,-678
2022-09-19 09:35:18,348,34,3864.75,-644
2022-09-19 09:35:19,87,4,3864.75,-640
2022-09-19 09:35:20,139,75,3865.5,-565
2022-09-19 09:35:21,93,5,3865.75,-560
2022-09-19 09:35:22,74,10,3865.75,-550
2022-09-19 09:35:23,33,8,3865.5,-542
2022-09-19 09:35:24,71,10,3865.5,-532
2022-09-19 09:35:25,49,2,3865.25,-530
2022-09-19 09:35:26,143,8,3865.25,-522
2022-09-19 09:35:27,61,10,3865.25,-512
2022-09-19 09:35:28,59,3,3865.5,-509
2022-09-19 09:35:29,38,5,3865.75,-504
2022-09-19 09:35:30,37,10,3865.5,-494
2022-09-19 09:35:31,71,-16,3865.5,-510
2022-09-19 09:35:32,102,5,3865.5,-505
2022-09-19 09:35:33,90,27,3866.5,-478
2022-09-19 09:35:34,102,7,3866.25,-471
2022-09-19 09:35:35,65,21,3866.5,-450
2022-09-19 09:35:36,169,72,3867.0,-378
2022-09-19 09:35:37,75,-5,3867.0,-383
2022-09-19 09:35:38,172,65,3867.25,-318
2022-09-19 09:35:39,120,24,3868.0,-294
2022-09-19 09:35:40,159,45,3868.5,-249
2022-09-19 09:35:41,91,20,3868.5,-229
2022-09-19 09:35:42,114,-16,3868.5,-245
2022-09-19 09:35:43,97,-20,3868.5,-265
2022-09-19 09:35:44,137,-31,3868.25,-296
2022-09-19 09:35:45,48,-2,3868.0,-298
2022-09-19 09:35:46,88,-41,3867.75,-339
2022-09-19 09:35:47,39,-23,3867.0,-362
2022-09-19 09:35:48,42,1,3866.75,-361
2022-09-19 09:35:49,97,52,3867.0,-309
2022-09-19 09:35:50,69,17,3867.25,-292
2022-09-19 09:35:51,93,14,3867.25,-278
2022-09-19 09:35:52,58,13,3867.5,-265
2022-09-19 09:35:53,109,-19,3867.25,-284
2022-09-19 09:35:54,41,-11,3866.5,-295
2022-09-19 09:35:55,165,-11,3866.25,-306
2022-09-19 09:35:56,45,4,3866.5,-302
2022-09-19 09:35:57,77,10,3866.5,-292
2022-09-19 09:35:58,138,-12,3867.0,-304
2022-09-19 09:35:59,83,-4,3867.0,-308
2022-09-19 09:36:00,318,-18,3867.75,-326
2022-09-19 09:36:01,175,2,3867.0,-324
2022-09-19 09:36:02,77,-1,3866.75,-325
2022-09-19 09:36:03,80,-5,3867.0,-330
2022-09-19 09:36:04,134,6,3867.5,-324
2022-09-19 09:36:05,94,37,3867.5,-287
2022-09-19 09:36:06,346,188,3867.75,-99
2022-09-19 09:36:07,85,18,3867.25,-81
2022-09-19 09:36:08,66,2,3867.25,-79
2022-09-19 09:36:09,189,40,3868.25,-39
2022-09-19 09:36:10,108,-1,3868.25,-40
2022-09-19 09:36:11,82,0,3867.5,-40
2022-09-19 09:36:12,142,22,3868.0,-18
2022-09-19 09:36:13,132,-10,3867.75,-28
2022-09-19 09:36:14,174,-123,3867.75,-151
2022-09-19 09:36:15,146,-24,3867.25,-175
2022-09-19 09:36:16,113,-3,3867.25,-178
2022-09-19 09:36:17,92,-7,3867.0,-185
2022-09-19 09:36:18,150,53,3867.75,-132
2022-09-19 09:36:19,62,-17,3867.5,-149
2022-09-19 09:36:20,23,13,3867.25,-136
2022-09-19 09:36:21,89,62,3867.5,-74
2022-09-19 09:36:22,121,-50,3867.5,-124
2022-09-19 09:36:23,75,-42,3867.0,-166
2022-09-19 09:36:24,80,18,3867.25,-148
2022-09-19 09:36:25,110,-58,3867.25,-206
2022-09-19 09:36:26,149,39,3867.5,-167
2022-09-19 09:36:27,147,15,3867.5,-152
2022-09-19 09:36:28,64,-25,3867.25,-177
2022-09-19 09:36:29,162,65,3867.0,-112
2022-09-19 09:36:30,73,-11,3867.0,-123
2022-09-19 09:36:31,62,-18,3866.75,-141
2022-09-19 09:36:32,71,-2,3866.75,-143
2022-09-19 09:36:33,62,10,3866.25,-133
2022-09-19 09:36:34,218,-29,3866.0,-162
2022-09-19 09:36:35,121,28,3866.0,-134
2022-09-19 09:36:36,73,3,3866.0,-131
2022-09-19 09:36:37,32,-4,3866.0,-135
2022-09-19 09:36:38,108,-6,3866.75,-141
2022-09-19 09:36:39,48,3,3866.0,-138
2022-09-19 09:36:40,78,-27,3866.0,-165
2022-09-19 09:36:41,67,3,3865.5,-162
2022-09-19 09:36:42,24,2,3865.5,-160
2022-09-19 09:36:43,66,10,3865.5,-150
2022-09-19 09:36:44,112,23,3866.0,-127
2022-09-19 09:36:45,63,20,3866.25,-107
2022-09-19 09:36:46,107,-35,3866.25,-142
2022-09-19 09:36:47,59,26,3866.75,-116
2022-09-19 09:36:48,57,-47,3866.5,-163
2022-09-19 09:36:49,54,24,3867.0,-139
2022-09-19 09:36:50,111,50,3867.25,-89
2022-09-19 09:36:51,94,2,3867.75,-87
2022-09-19 09:36:52,56,-22,3867.5,-109
2022-09-19 09:36:53,63,-6,3867.0,-115
2022-09-19 09:36:54,35,-2,3866.75,-117
2022-09-19 09:36:55,55,-3,3867.0,-120
2022-09-19 09:36:56,54,-2,3866.75,-122
2022-09-19 09:36:57,123,-29,3866.75,-151
2022-09-19 09:36:58,63,-26,3866.25,-177
2022-09-19 09:36:59,154,-20,3866.75,-197
2022-09-19 09:37:00,209,-22,3867.0,-219
2022-09-19 09:37:01,82,-1,3866.0,-220
2022-09-19 09:37:02,112,-44,3865.75,-264
2022-09-19 09:37:03,152,3,3865.5,-261
2022-09-19 09:37:04,136,-8,3865.75,-269
2022-09-19 09:37:05,87,18,3866.25,-251
2022-09-19 09:37:06,66,13,3866.5,-238
2022-09-19 09:37:07,79,-20,3866.0,-258
2022-09-19 09:37:08,101,-19,3865.75,-277
2022-09-19 09:37:09,71,13,3865.5,-264
2022-09-19 09:37:10,53,-13,3865.75,-277
2022-09-19 09:37:11,57,16,3865.0,-261
2022-09-19 09:37:12,53,5,3865.25,-256
2022-09-19 09:37:13,96,-24,3865.0,-280
2022-09-19 09:37:14,94,-8,3865.0,-288
2022-09-19 09:37:15,156,-39,3865.0,-327
2022-09-19 09:37:16,121,-21,3864.25,-348
2022-09-19 09:37:17,69,6,3864.25,-342
2022-09-19 09:37:18,72,30,3865.0,-312
2022-09-19 09:37:19,80,-6,3865.0,-318
2022-09-19 09:37:20,48,18,3865.0,-300
2022-09-19 09:37:21,47,1,3865.0,-299
2022-09-19 09:37:22,144,31,3865.25,-268
2022-09-19 09:37:23,74,9,3864.75,-259
2022-09-19 09:37:24,87,-15,3865.0,-274
2022-09-19 09:37:25,51,9,3865.25,-265
2022-09-19 09:37:26,165,35,3865.75,-230
2022-09-19 09:37:27,212,19,3866.25,-211
2022-09-19 09:37:28,140,-11,3866.25,-222
2022-09-19 09:37:29,116,15,3866.25,-207
2022-09-19 09:37:30,149,-2,3866.25,-209
2022-09-19 09:37:31,35,-19,3866.25,-228
2022-09-19 09:37:32,110,39,3866.5,-189
2022-09-19 09:37:33,49,-3,3866.5,-192
2022-09-19 09:37:34,80,21,3866.75,-171
2022-09-19 09:37:35,53,-7,3866.5,-178
2022-09-19 09:37:36,61,-1,3866.5,-179
2022-09-19 09:37:37,65,3,3866.25,-176
2022-09-19 09:37:38,99,-25,3865.75,-201
2022-09-19 09:37:39,65,17,3866.0,-184
2022-09-19 09:37:40,74,0,3866.25,-184
2022-09-19 09:37:41,51,13,3866.25,-171
2022-09-19 09:37:42,37,-7,3866.0,-178
2022-09-19 09:37:43,53,-4,3865.75,-182
2022-09-19 09:37:44,55,2,3865.75,-180
2022-09-19 09:37:45,75,-16,3865.75,-196
2022-09-19 09:37:46,92,-33,3865.5,-229
2022-09-19 09:37:47,115,31,3865.25,-198
2022-09-19 09:37:48,62,-6,3865.25,-204
2022-09-19 09:37:49,45,-19,3865.0,-223
2022-09-19 09:37:50,92,-35,3865.0,-258
2022-09-19 09:37:51,93,-4,3865.0,-262
2022-09-19 09:37:52,82,10,3865.0,-252
2022-09-19 09:37:53,54,-4,3865.0,-256
2022-09-19 09:37:54,37,-11,3865.0,-267
2022-09-19 09:37:55,16,4,3865.0,-263
2022-09-19 09:37:56,174,18,3865.25,-245
2022-09-19 09:37:57,31,-5,3865.5,-250
2022-09-19 09:37:58,54,9,3865.5,-241
2022-09-19 09:37:59,56,0,3865.5,-241
2022-09-19 09:38:00,247,24,3866.25,-217
2022-09-19 09:38:01,77,3,3866.0,-214
2022-09-19 09:38:02,97,0,3865.5,-214
2022-09-19 09:38:03,45,7,3865.5,-207
2022-09-19 09:38:04,19,3,3865.75,-204
2022-09-19 09:38:05,95,12,3865.75,-192
2022-09-19 09:38:06,66,-17,3865.5,-209
2022-09-19 09:38:07,74,-22,3865.0,-231
2022-09-19 09:38:08,70,-1,3864.75,-232
2022-09-19 09:38:09,87,4,3865.0,-228
2022-09-19 09:38:10,20,2,3865.0,-226
2022-09-19 09:38:11,129,26,3864.75,-200
2022-09-19 09:38:12,84,18,3865.25,-182
2022-09-19 09:38:13,98,41,3865.75,-141
2022-09-19 09:38:14,115,25,3865.25,-116
2022-09-19 09:38:15,152,-10,3866.0,-126
2022-09-19 09:38:16,72,-10,3866.0,-136
2022-09-19 09:38:17,26,11,3866.0,-125
2022-09-19 09:38:18,69,38,3866.25,-87
2022-09-19 09:38:19,36,1,3866.0,-86
2022-09-19 09:38:20,75,3,3866.5,-83
2022-09-19 09:38:21,82,-18,3866.5,-101
2022-09-19 09:38:22,37,11,3866.25,-90
2022-09-19 09:38:23,29,2,3866.0,-88
2022-09-19 09:38:24,78,6,3866.25,-82
2022-09-19 09:38:25,39,0,3866.0,-82
2022-09-19 09:38:26,75,14,3865.75,-68
2022-09-19 09:38:27,39,-21,3865.75,-89
2022-09-19 09:38:28,57,11,3866.25,-78
2022-09-19 09:38:29,166,-31,3866.75,-109
2022-09-19 09:38:30,47,5,3866.5,-104
2022-09-19 09:38:31,71,-12,3866.25,-116
2022-09-19 09:38:32,35,-7,3865.75,-123
2022-09-19 09:38:33,60,-12,3865.75,-135
2022-09-19 09:38:34,231,-42,3865.25,-177
2022-09-19 09:38:35,124,0,3864.5,-177
2022-09-19 09:38:36,33,2,3864.75,-175
2022-09-19 09:38:37,96,20,3864.75,-155
2022-09-19 09:38:38,209,-80,3865.0,-235
2022-09-19 09:38:39,53,13,3865.25,-222
2022-09-19 09:38:40,22,8,3865.25,-214
2022-09-19 09:38:41,148,-83,3865.25,-297
2022-09-19 09:38:42,111,-7,3865.5,-304
2022-09-19 09:38:43,119,-5,3865.75,-309
2022-09-19 09:38:44,34,6,3865.25,-303
2022-09-19 09:38:45,93,0,3865.5,-303
2022-09-19 09:38:46,41,-1,3865.5,-304
2022-09-19 09:38:47,95,-12,3865.5,-316
2022-09-19 09:38:48,29,-7,3865.0,-323
2022-09-19 09:38:49,61,17,3865.5,-306
2022-09-19 09:38:50,14,2,3865.5,-304
2022-09-19 09:38:51,72,1,3865.5,-303
2022-09-19 09:38:52,37,20,3865.5,-283
2022-09-19 09:38:53,42,3,3865.75,-280
2022-09-19 09:38:54,39,-7,3865.5,-287
2022-09-19 09:38:55,36,7,3865.5,-280
2022-09-19 09:38:56,28,-5,3865.25,-285
2022-09-19 09:38:57,48,1,3865.25,-284
2022-09-19 09:38:58,72,-11,3865.25,-295
2022-09-19 09:38:59,48,12,3865.25,-283
2022-09-19 09:39:00,88,-14,3865.0,-297
2022-09-19 09:39:01,54,8,3865.0,-289
2022-09-19 09:39:02,46,2,3865.0,-287
2022-09-19 09:39:03,98,-39,3865.0,-326
2022-09-19 09:39:04,74,-4,3864.75,-330
2022-09-19 09:39:05,57,3,3864.75,-327
2022-09-19 09:39:06,119,-4,3864.75,-331
2022-09-19 09:39:07,96,36,3864.75,-295
2022-09-19 09:39:08,88,15,3865.0,-280
2022-09-19 09:39:09,64,-5,3865.0,-285
2022-09-19 09:39:10,25,-5,3864.75,-290
2022-09-19 09:39:11,102,-22,3865.0,-312
2022-09-19 09:39:12,78,-9,3865.0,-321
2022-09-19 09:39:13,38,14,3864.75,-307
2022-09-19 09:39:14,75,-8,3865.0,-315
2022-09-19 09:39:15,78,19,3864.75,-296
2022-09-19 09:39:16,22,0,3864.5,-296
2022-09-19 09:39:17,16,-1,3864.75,-297
2022-09-19 09:39:18,18,12,3864.75,-285
2022-09-19 09:39:19,121,28,3865.25,-257
2022-09-19 09:39:20,44,-9,3865.25,-266
2022-09-19 09:39:21,33,2,3865.0,-264
2022-09-19 09:39:22,81,-9,3864.75,-273
2022-09-19 09:39:23,47,4,3864.75,-269
2022-09-19 09:39:24,37,8,3864.75,-261
2022-09-19 09:39:25,84,27,3865.25,-234
2022-09-19 09:39:26,48,5,3865.25,-229
2022-09-19 09:39:27,49,-3,3865.0,-232
2022-09-19 09:39:28,96,10,3865.75,-222
2022-09-19 09:39:29,110,25,3865.75,-197
2022-09-19 09:39:30,40,12,3865.75,-185
2022-09-19 09:39:31,33,-23,3865.5,-208
2022-09-19 09:39:32,48,-8,3865.25,-216
2022-09-19 09:39:33,64,-12,3865.0,-228
2022-09-19 09:39:34,90,2,3865.0,-226
2022-09-19 09:39:35,50,0,3865.0,-226
2022-09-19 09:39:36,17,3,3865.0,-223
2022-09-19 09:39:37,35,0,3865.0,-223
2022-09-19 09:39:38,24,-22,3865.0,-245
2022-09-19 09:39:39,28,4,3864.5,-241
2022-09-19 09:39:40,53,-5,3865.0,-246
2022-09-19 09:39:41,65,11,3864.75,-235
2022-09-19 09:39:42,36,1,3865.0,-234
2022-09-19 09:39:43,11,4,3865.25,-230
2022-09-19 09:39:44,50,8,3865.25,-222
2022-09-19 09:39:45,28,-2,3865.25,-224
2022-09-19 09:39:46,77,-31,3865.0,-255
2022-09-19 09:39:47,61,12,3865.0,-243
2022-09-19 09:39:48,26,2,3865.0,-241
2022-09-19 09:39:49,25,0,3865.25,-241
2022-09-19 09:39:50,119,14,3866.25,-227
2022-09-19 09:39:51,51,-1,3866.25,-228
2022-09-19 09:39:52,136,51,3866.75,-177
2022-09-19 09:39:53,85,9,3867.0,-168
2022-09-19 09:39:54,55,19,3867.0,-149
2022-09-19 09:39:55,267,114,3868.0,-35
2022-09-19 09:39:56,127,-33,3867.5,-68
2022-09-19 09:39:57,73,-2,3866.75,-70
2022-09-19 09:39:58,166,-1,3867.0,-71
2022-09-19 09:39:59,50,-3,3867.25,-74
2022-09-19 09:40:00,171,21,3867.5,-53
2022-09-19 09:40:01,146,-13,3867.5,-66
2022-09-19 09:40:02,318,81,3868.25,15
2022-09-19 09:40:03,440,115,3869.25,130
2022-09-19 09:40:04,303,45,3869.5,175
2022-09-19 09:40:05,151,24,3869.25,199
2022-09-19 09:40:06,97,12,3869.25,211
2022-09-19 09:40:07,153,-54,3869.25,157
2022-09-19 09:40:08,58,18,3868.75,175
2022-09-19 09:40:09,72,18,3869.25,193
2022-09-19 09:40:10,55,12,3869.25,205
2022-09-19 09:40:11,198,52,3869.75,257
2022-09-19 09:40:12,188,4,3869.75,261
2022-09-19 09:40:13,188,31,3869.75,292
2022-09-19 09:40:14,199,2,3870.0,294
2022-09-19 09:40:15,342,78,3870.25,372
2022-09-19 09:40:16,130,-74,3870.25,298
2022-09-19 09:40:17,93,-13,3869.75,285
2022-09-19 09:40:18,144,24,3870.0,309
2022-09-19 09:40:19,129,-13,3869.75,296
2022-09-19 09:40:20,106,35,3870.25,331
2022-09-19 09:40:21,130,-21,3869.75,310
2022-09-19 09:40:22,37,9,3869.5,319
2022-09-19 09:40:23,245,-43,3869.5,276
2022-09-19 09:40:24,43,3,3869.25,279
2022-09-19 09:40:25,69,2,3869.25,281
2022-09-19 09:40:26,38,-1,3869.0,280
2022-09-19 09:40:27,97,-47,3869.25,233
2022-09-19 09:40:28,214,47,3868.75,280
2022-09-19 09:40:29,159,-72,3868.75,208
2022-09-19 09:40:30,259,-150,3868.25,58
2022-09-19 09:40:31,127,29,3868.0,87
2022-09-19 09:40:32,78,4,3868.25,91
2022-09-19 09:40:33,106,-20,3868.25,71
2022-09-19 09:40:34,78,2,3868.25,73
2022-09-19 09:40:35,141,49,3868.5,122
2022-09-19 09:40:36,235,97,3869.0,219
2022-09-19 09:40:37,204,-6,3869.5,213
2022-09-19 09:40:38,44,17,3869.5,230
2022-09-19 09:40:39,23,13,3869.5,243
2022-09-19 09:40:40,146,54,3870.25,297
2022-09-19 09:40:41,105,24,3870.5,321
2022-09-19 09:40:42,91,13,3870.5,334
2022-09-19 09:40:43,67,15,3870.75,349
2022-09-19 09:40:44,494,262,3871.5,611
2022-09-19 09:40:45,180,-7,3871.0,604
2022-09-19 09:40:46,92,18,3871.0,622
2022-09-19 09:40:47,119,-10,3871.0,612
2022-09-19 09:40:48,129,14,3871.25,626
2022-09-19 09:40:49,114,-17,3871.25,609
2022-09-19 09:40:50,90,-61,3870.75,548
2022-09-19 09:40:51,133,-50,3870.25,498
2022-09-19 09:40:52,86,-5,3870.25,493
2022-09-19 09:40:53,84,20,3870.25,513
2022-09-19 09:40:54,147,48,3870.5,561
2022-09-19 09:40:55,69,19,3871.0,580
2022-09-19 09:40:56,60,-5,3870.75,575
2022-09-19 09:40:57,91,28,3871.0,603
2022-09-19 09:40:58,31,7,3871.25,610
2022-09-19 09:40:59,32,13,3871.5,623
2022-09-19 09:41:00,147,14,3871.75,637
2022-09-19 09:41:01,419,117,3872.5,754
2022-09-19 09:41:02,385,128,3873.5,882
2022-09-19 09:41:03,181,-18,3873.25,864
2022-09-19 09:41:04,90,21,3873.5,885
2022-09-19 09:41:05,856,-40,3873.75,845
2022-09-19 09:41:06,464,-49,3873.25,796
2022-09-19 09:41:07,138,47,3873.25,843
2022-09-19 09:41:08,140,-10,3873.5,833
2022-09-19 09:41:09,175,-37,3873.25,796
2022-09-19 09:41:10,485,-45,3873.5,751
2022-09-19 09:41:11,115,11,3873.5,762
2022-09-19 09:41:12,83,8,3873.5,770
2022-09-19 09:41:13,130,1,3873.25,771
2022-09-19 09:41:14,176,-6,3873.0,765
2022-09-19 09:41:15,109,0,3873.0,765
2022-09-19 09:41:16,249,-6,3873.5,759
2022-09-19 09:41:17,320,16,3873.75,775
2022-09-19 09:41:18,234,-14,3873.75,761
2022-09-19 09:41:19,206,-2,3873.5,759
2022-09-19 09:41:20,269,-54,3873.0,705
2022-09-19 09:41:21,92,3,3873.0,708
2022-09-19 09:41:22,92,-42,3872.75,666
2022-09-19 09:41:23,108,30,3872.75,696
2022-09-19 09:41:24,153,-49,3872.5,647
2022-09-19 09:41:25,128,-65,3872.25,582
2022-09-19 09:41:26,102,-3,3872.5,579
2022-09-19 09:41:27,83,-45,3872.5,534
2022-09-19 09:41:28,91,8,3872.25,542
2022-09-19 09:41:29,76,10,3872.25,552
2022-09-19 09:41:30,108,-3,3872.25,549
2022-09-19 09:41:31,95,28,3872.5,577
2022-09-19 09:41:32,101,12,3872.5,589
2022-09-19 09:41:33,98,80,3872.75,669
2022-09-19 09:41:34,155,37,3873.0,706
2022-09-19 09:41:35,53,-7,3873.0,699
2022-09-19 09:41:36,61,-6,3872.75,693
2022-09-19 09:41:37,188,27,3872.5,720
2022-09-19 09:41:38,152,99,3873.25,819
2022-09-19 09:41:39,48,16,3873.25,835
2022-09-19 09:41:40,118,19,3873.75,854
2022-09-19 09:41:41,99,-67,3873.75,787
2022-09-19 09:41:42,105,-18,3873.75,769
2022-09-19 09:41:43,43,0,3873.25,769
2022-09-19 09:41:44,102,-23,3873.0,746
2022-09-19 09:41:45,260,55,3873.0,801
2022-09-19 09:41:46,61,6,3872.75,807
2022-09-19 09:41:47,32,-13,3872.75,794
2022-09-19 09:41:48,101,17,3872.5,811
2022-09-19 09:41:49,60,-17,3872.5,794
2022-09-19 09:41:50,44,8,3872.5,802
2022-09-19 09:41:51,59,4,3872.75,806
2022-09-19 09:41:52,29,3,3872.75,809
2022-09-19 09:41:53,98,-21,3873.0,788
2022-09-19 09:41:54,44,-6,3872.75,782
2022-09-19 09:41:55,23,18,3872.75,800
2022-09-19 09:41:56,209,35,3873.25,835
2022-09-19 09:41:57,156,-56,3873.75,779
2022-09-19 09:41:58,72,-6,3873.75,773
2022-09-19 09:41:59,306,134,3874.25,907
2022-09-19 09:42:00,580,231,3875.25,1138
2022-09-19 09:42:01,177,14,3875.5,1152
2022-09-19 09:42:02,182,16,3875.75,1168
2022-09-19 09:42:03,78,4,3875.5,1172
2022-09-19 09:42:04,201,26,3875.5,1198
2022-09-19 09:42:05,85,-13,3875.5,1185
2022-09-19 09:42:06,286,28,3876.0,1213
2022-09-19 09:42:07,179,-1,3876.25,1212
2022-09-19 09:42:08,114,38,3875.75,1250
2022-09-19 09:42:09,104,-11,3875.5,1239
2022-09-19 09:42:10,167,-40,3875.5,1199
2022-09-19 09:42:11,151,2,3875.25,1201
2022-09-19 09:42:12,156,82,3875.5,1283
2022-09-19 09:42:13,167,-25,3875.75,1258
2022-09-19 09:42:14,182,-43,3875.75,1215
2022-09-19 09:42:15,185,76,3875.75,1291
2022-09-19 09:42:16,156,-6,3876.0,1285
2022-09-19 09:42:17,140,-19,3875.75,1266
2022-09-19 09:42:18,77,1,3875.5,1267
2022-09-19 09:42:19,142,2,3875.5,1269
2022-09-19 09:42:20,72,23,3875.5,1292
2022-09-19 09:42:21,109,-19,3875.5,1273
2022-09-19 09:42:22,125,-15,3875.25,1258
2022-09-19 09:42:23,125,-56,3875.0,1202
2022-09-19 09:42:24,141,-18,3874.5,1184
2022-09-19 09:42:25,164,-49,3874.25,1135
2022-09-19 09:42:26,194,-27,3874.0,1108
2022-09-19 09:42:27,151,-50,3874.25,1058
2022-09-19 09:42:28,93,12,3874.25,1070
2022-09-19 09:42:29,208,-111,3873.75,959
2022-09-19 09:42:30,231,2,3873.25,961
2022-09-19 09:42:31,63,32,3873.25,993
2022-09-19 09:42:32,128,-22,3873.0,971
2022-09-19 09:42:33,82,-1,3873.0,970
2022-09-19 09:42:34,206,29,3873.5,999
2022-09-19 09:42:35,86,37,3873.75,1036
2022-09-19 09:42:36,90,8,3874.25,1044
2022-09-19 09:42:37,45,15,3874.0,1059
2022-09-19 09:42:38,44,8,3874.0,1067
2022-09-19 09:42:39,54,-4,3874.0,1063
2022-09-19 09:42:40,291,-169,3873.5,894
2022-09-19 09:42:41,78,31,3873.5,925
2022-09-19 09:42:42,264,51,3873.75,976
2022-09-19 09:42:43,46,-17,3873.75,959
2022-09-19 09:42:44,64,-49,3874.0,910
2022-09-19 09:42:45,216,43,3874.25,953
2022-09-19 09:42:46,71,-19,3874.25,934
2022-09-19 09:42:47,30,-4,3874.5,930
2022-09-19 09:42:48,51,25,3874.75,955
2022-09-19 09:42:49,279,-205,3874.75,750
2022-09-19 09:42:50,99,-15,3874.5,735
2022-09-19 09:42:51,85,11,3874.5,746
2022-09-19 09:42:52,170,50,3875.25,796
2022-09-19 09:42:53,90,0,3875.5,796
2022-09-19 09:42:54,220,100,3875.75,896
2022-09-19 09:42:55,327,96,3876.75,992
2022-09-19 09:42:56,224,-27,3877.0,965
2022-09-19 09:42:57,167,-12,3876.75,953
2022-09-19 09:42:58,54,-14,3876.75,939
2022-09-19 09:42:59,72,16,3877.0,955
2022-09-19 09:43:00,146,32,3877.5,987
2022-09-19 09:43:01,199,-30,3877.5,957
2022-09-19 09:43:02,118,16,3877.25,973
2022-09-19 09:43:03,150,0,3877.0,973
2022-09-19 09:43:04,165,-47,3876.5,926
2022-09-19 09:43:05,62,-14,3876.25,912
2022-09-19 09:43:06,75,-10,3876.0,902
2022-09-19 09:43:07,87,7,3876.25,909
2022-09-19 09:43:08,79,-13,3876.25,896
2022-09-19 09:43:09,168,15,3876.0,911
2022-09-19 09:43:10,111,23,3876.25,934
2022-09-19 09:43:11,99,-22,3875.75,912
2022-09-19 09:43:12,244,-27,3875.75,885
2022-09-19 09:43:13,139,6,3876.0,891
2022-09-19 09:43:14,66,-16,3876.0,875
2022-09-19 09:43:15,106,22,3876.5,897
2022-09-19 09:43:16,114,5,3876.25,902
2022-09-19 09:43:17,25,-1,3876.0,901
2022-09-19 09:43:18,50,-1,3876.0,900
2022-09-19 09:43:19,34,1,3876.25,901
2022-09-19 09:43:20,54,-2,3876.25,899
2022-09-19 09:43:21,74,6,3876.25,905
2022-09-19 09:43:22,45,5,3876.5,910
2022-09-19 09:43:23,71,1,3876.75,911
2022-09-19 09:43:24,123,-7,3876.75,904
2022-09-19 09:43:25,27,13,3876.25,917
2022-09-19 09:43:26,115,-2,3876.75,915
2022-09-19 09:43:27,41,8,3876.25,923
2022-09-19 09:43:28,34,-3,3876.25,920
2022-09-19 09:43:29,82,22,3876.5,942
2022-09-19 09:43:30,24,-1,3876.5,941
2022-09-19 09:43:31,33,-7,3876.5,934
2022-09-19 09:43:32,88,-38,3876.0,896
2022-09-19 09:43:33,107,1,3876.0,897
2022-09-19 09:43:34,37,-7,3876.25,890
2022-09-19 09:43:35,23,7,3875.75,897
2022-09-19 09:43:36,172,-55,3875.75,842
2022-09-19 09:43:37,372,-60,3875.75,782
2022-09-19 09:43:38,72,13,3875.25,795
2022-09-19 09:43:39,57,-1,3875.5,794
2022-09-19 09:43:40,14,3,3875.5,797
2022-09-19 09:43:41,68,-1,3875.75,796
2022-09-19 09:43:42,15,-7,3875.75,789
2022-09-19 09:43:43,95,25,3875.75,814
2022-09-19 09:43:44,73,13,3876.0,827
2022-09-19 09:43:45,27,7,3876.25,834
2022-09-19 09:43:46,68,5,3876.5,839
2022-09-19 09:43:47,45,-1,3876.25,838
2022-09-19 09:43:48,130,66,3876.25,904
2022-09-19 09:43:49,128,-49,3876.75,855
2022-09-19 09:43:50,67,-5,3876.5,850
2022-09-19 09:43:51,86,17,3876.75,867
2022-09-19 09:43:52,58,-21,3876.75,846
2022-09-19 09:43:53,30,0,3876.5,846
2022-09-19 09:43:54,132,19,3877.0,865
2022-09-19 09:43:55,34,2,3877.25,867
2022-09-19 09:43:56,67,-5,3877.0,862
2022-09-19 09:43:57,17,-3,3876.5,859
2022-09-19 09:43:58,171,-50,3876.25,809
2022-09-19 09:43:59,82,-21,3876.0,788
2022-09-19 09:44:00,76,3,3875.75,791
2022-09-19 09:44:01,66,-20,3875.5,771
2022-09-19 09:44:02,80,18,3876.0,789
2022-09-19 09:44:03,93,0,3876.25,789
2022-09-19 09:44:04,190,-95,3876.25,694
2022-09-19 09:44:05,31,-4,3876.0,690
2022-09-19 09:44:06,104,-3,3876.0,687
2022-09-19 09:44:07,52,33,3876.0,720
2022-09-19 09:44:08,110,21,3876.25,741
2022-09-19 09:44:09,196,-42,3876.25,699
2022-09-19 09:44:10,53,-8,3876.25,691
2022-09-19 09:44:11,61,2,3876.0,693
2022-09-19 09:44:12,63,-1,3876.0,692
2022-09-19 09:44:13,54,-3,3876.25,689
2022-09-19 09:44:14,66,26,3876.5,715
2022-09-19 09:44:15,38,15,3876.25,730
2022-09-19 09:44:16,143,61,3876.5,791
2022-09-19 09:44:17,107,-6,3876.5,785
2022-09-19 09:44:18,59,-20,3876.5,765
2022-09-19 09:44:19,116,11,3876.5,776
2022-09-19 09:44:20,77,-1,3876.5,775
2022-09-19 09:44:21,61,-13,3876.5,762
2022-09-19 09:44:22,75,10,3876.25,772
2022-09-19 09:44:23,64,20,3876.5,792
2022-09-19 09:44:24,176,3,3876.75,795
2022-09-19 09:44:25,149,-6,3876.25,789
2022-09-19 09:44:26,152,-13,3876.25,776
2022-09-19 09:44:27,65,6,3876.25,782
2022-09-19 09:44:28,49,5,3876.25,787
2022-09-19 09:44:29,72,3,3876.25,790
2022-09-19 09:44:30,128,-1,3876.5,789
2022-09-19 09:44:31,110,-30,3876.0,759
2022-09-19 09:44:32,35,-2,3876.25,757
2022-09-19 09:44:33,28,-8,3876.0,749
2022-09-19 09:44:34,135,-7,3876.0,742
2022-09-19 09:44:35,59,-22,3876.25,720
2022-09-19 09:44:36,24,-12,3876.0,708
2022-09-19 09:44:37,104,-27,3875.75,681
2022-09-19 09:44:38,264,-66,3875.25,615
2022-09-19 09:44:39,172,-71,3875.0,544
2022-09-19 09:44:40,129,26,3874.75,570
2022-09-19 09:44:41,88,16,3875.0,586
2022-09-19 09:44:42,29,-5,3874.75,581
2022-09-19 09:44:43,65,25,3875.5,606
2022-09-19 09:44:44,80,-19,3875.5,587
2022-09-19 09:44:45,59,-21,3875.0,566
2022-09-19 09:44:46,94,-14,3874.75,552
2022-09-19 09:44:47,123,13,3874.75,565
2022-09-19 09:44:48,89,-22,3874.5,543
2022-09-19 09:44:49,96,0,3875.0,543
2022-09-19 09:44:50,30,-8,3875.0,535
2022-09-19 09:44:51,20,-10,3874.75,525
2022-09-19 09:44:52,79,24,3875.0,549
2022-09-19 09:44:53,46,-6,3875.25,543
2022-09-19 09:44:54,105,-16,3875.0,527
2022-09-19 09:44:55,48,-6,3874.75,521
2022-09-19 09:44:56,51,-5,3874.75,516
2022-09-19 09:44:57,72,18,3875.0,534
2022-09-19 09:44:58,118,32,3875.25,566
2022-09-19 09:44:59,124,16,3875.75,582
2022-09-19 09:45:00,183,-9,3875.75,573
2022-09-19 09:45:01,131,-13,3875.25,560
2022-09-19 09:45:02,52,7,3875.0,567
2022-09-19 09:45:03,163,-87,3875.0,480
2022-09-19 09:45:04,137,3,3874.75,483
2022-09-19 09:45:05,120,6,3875.0,489
2022-09-19 09:45:06,147,-38,3875.0,451
2022-09-19 09:45:07,18,2,3875.0,453
2022-09-19 09:45:08,165,-16,3875.0,437
2022-09-19 09:45:09,212,-13,3875.25,424
2022-09-19 09:45:10,87,2,3875.25,426
2022-09-19 09:45:11,110,-1,3875.25,425
2022-09-19 09:45:12,129,-22,3875.0,403
2022-09-19 09:45:13,32,-6,3875.0,397
2022-09-19 09:45:14,28,15,3875.5,412
2022-09-19 09:45:15,160,38,3875.75,450
2022-09-19 09:45:16,269,50,3876.25,500
2022-09-19 09:45:17,98,27,3876.0,527
2022-09-19 09:45:18,191,38,3876.5,565
2022-09-19 09:45:19,156,-5,3876.75,560
2022-09-19 09:45:20,210,85,3877.25,645
2022-09-19 09:45:21,40,9,3877.25,654
2022-09-19 09:45:22,144,15,3877.25,669
2022-09-19 09:45:23,114,-22,3877.0,647
2022-09-19 09:45:24,91,-8,3876.5,639
2022-09-19 09:45:25,149,-43,3876.25,596
2022-09-19 09:45:26,145,-3,3875.75,593
2022-09-19 09:45:27,67,23,3875.75,616
2022-09-19 09:45:28,186,116,3877.75,732
2022-09-19 09:45:29,154,-41,3877.75,691
2022-09-19 09:45:30,117,33,3877.75,724
2022-09-19 09:45:31,60,11,3877.75,735
2022-09-19 09:45:32,98,14,3877.75,749
2022-09-19 09:45:33,317,69,3878.25,818
2022-09-19 09:45:34,81,10,3878.25,828
2022-09-19 09:45:35,261,65,3878.75,893
2022-09-19 09:45:36,162,34,3878.75,927
2022-09-19 09:45:37,129,32,3879.0,959
2022-09-19 09:45:38,85,4,3879.0,963
2022-09-19 09:45:39,218,-55,3878.75,908
2022-09-19 09:45:40,47,-6,3878.5,902
2022-09-19 09:45:41,327,35,3878.75,937
2022-09-19 09:45:42,99,-18,3879.0,919
2022-09-19 09:45:43,210,108,3879.25,1027
2022-09-19 09:45:44,159,1,3879.5,1028
2022-09-19 09:45:45,140,2,3879.5,1030
2022-09-19 09:45:46,251,20,3880.0,1050
2022-09-19 09:45:47,76,0,3879.75,1050
2022-09-19 09:45:48,112,-35,3879.5,1015
2022-09-19 09:45:49,204,54,3879.5,1069
2022-09-19 09:45:50,115,-32,3879.75,1037
2022-09-19 09:45:51,253,-46,3879.0,991
2022-09-19 09:45:52,78,-9,3879.0,982
2022-09-19 09:45:53,97,-10,3878.75,972
2022-09-19 09:45:54,146,16,3879.0,988
2022-09-19 09:45:55,129,-20,3879.0,968
2022-09-19 09:45:56,144,59,3879.75,1027
2022-09-19 09:45:57,102,9,3879.75,1036
2022-09-19 09:45:58,55,-13,3879.75,1023
2022-09-19 09:45:59,123,8,3880.0,1031
2022-09-19 09:46:00,48,-3,3880.0,1028
2022-09-19 09:46:01,62,3,3880.0,1031
2022-09-19 09:46:02,163,-51,3879.75,980
2022-09-19 09:46:03,48,15,3879.5,995
2022-09-19 09:46:04,103,-20,3879.0,975
2022-09-19 09:46:05,146,9,3878.75,984
2022-09-19 09:46:06,122,-48,3878.75,936
2022-09-19 09:46:07,126,-3,3878.0,933
2022-09-19 09:46:08,81,-9,3877.75,924
2022-09-19 09:46:09,143,-42,3877.75,882
2022-09-19 09:46:10,133,12,3877.5,894
2022-09-19 09:46:11,410,-89,3877.25,805
2022-09-19 09:46:12,155,18,3877.5,823
2022-09-19 09:46:13,91,26,3877.5,849
2022-09-19 09:46:14,82,-26,3877.5,823
2022-09-19 09:46:15,81,-6,3877.5,817
2022-09-19 09:46:16,93,-25,3877.0,792
2022-09-19 09:46:17,121,3,3877.0,795
2022-09-19 09:46:18,57,-6,3877.0,789
2022-09-19 09:46:19,25,-2,3877.0,787
2022-09-19 09:46:20,39,-8,3877.0,779
2022-09-19 09:46:21,67,4,3877.0,783
2022-09-19 09:46:22,37,22,3877.0,805
2022-09-19 09:46:23,113,24,3877.25,829
2022-09-19 09:46:24,83,-35,3877.0,794
2022-09-19 09:46:25,123,12,3876.75,806
2022-09-19 09:46:26,244,-90,3876.5,716
2022-09-19 09:46:27,165,16,3876.5,732
2022-09-19 09:46:28,86,-5,3876.5,727
2022-09-19 09:46:29,151,-11,3876.5,716
2022-09-19 09:46:30,229,2,3877.0,718
2022-09-19 09:46:31,119,42,3877.5,760
2022-09-19 09:46:32,67,-25,3877.25,735
2022-09-19 09:46:33,167,1,3877.5,736
2022-09-19 09:46:34,88,6,3877.75,742
2022-09-19 09:46:35,55,-5,3877.75,737
2022-09-19 09:46:36,90,0,3877.5,737
2022-09-19 09:46:37,63,31,3878.0,768
2022-09-19 09:46:38,34,13,3878.0,781
2022-09-19 09:46:39,223,36,3878.5,817
2022-09-19 09:46:40,114,16,3878.25,833
2022-09-19 09:46:41,397,-69,3878.0,764
2022-09-19 09:46:42,102,4,3877.5,768
2022-09-19 09:46:43,312,-208,3877.5,560
2022-09-19 09:46:44,38,-3,3877.25,557
2022-09-19 09:46:45,112,-16,3877.0,541
2022-09-19 09:46:46,133,-10,3876.75,531
2022-09-19 09:46:47,52,-8,3876.75,523
2022-09-19 09:46:48,33,-10,3876.75,513
2022-09-19 09:46:49,66,11,3877.0,524
2022-09-19 09:46:50,99,-12,3877.25,512
2022-09-19 09:46:51,112,38,3877.25,550
2022-09-19 09:46:52,66,21,3877.25,571
2022-09-19 09:46:53,22,-8,3877.25,563
2022-09-19 09:46:54,130,1,3877.75,564
2022-09-19 09:46:55,25,-4,3877.25,560
2022-09-19 09:46:56,63,12,3877.5,572
2022-09-19 09:46:57,161,97,3877.75,669
2022-09-19 09:46:58,404,84,3877.75,753
2022-09-19 09:46:59,108,7,3877.5,760
2022-09-19 09:47:00,98,11,3878.0,771
2022-09-19 09:47:01,106,-9,3877.75,762
2022-09-19 09:47:02,73,0,3877.25,762
2022-09-19 09:47:03,50,-4,3877.25,758
2022-09-19 09:47:04,91,-15,3877.0,743
2022-09-19 09:47:05,85,19,3877.25,762
2022-09-19 09:47:06,85,0,3877.25,762
2022-09-19 09:47:07,19,3,3877.0,765
2022-09-19 09:47:08,107,-13,3877.0,752
2022-09-19 09:47:09,80,3,3876.75,755
2022-09-19 09:47:10,36,-6,3876.75,749
2022-09-19 09:47:11,54,-28,3876.5,721
2022-09-19 09:47:12,42,-3,3876.5,718
2022-09-19 09:47:13,209,-79,3876.25,639
2022-09-19 09:47:14,76,28,3875.5,667
2022-09-19 09:47:15,48,-20,3875.5,647
2022-09-19 09:47:16,98,14,3875.5,661
2022-09-19 09:47:17,124,18,3876.25,679
2022-09-19 09:47:18,44,-4,3876.0,675
2022-09-19 09:47:19,14,-9,3875.75,666
2022-09-19 09:47:20,198,-48,3875.5,618
2022-09-19 09:47:21,150,11,3875.5,629
2022-09-19 09:47:22,28,3,3875.25,632
2022-09-19 09:47:23,157,4,3875.5,636
2022-09-19 09:47:24,64,1,3875.5,637
2022-09-19 09:47:25,100,-28,3875.75,609
2022-09-19 09:47:26,63,-2,3875.25,607
2022-09-19 09:47:27,57,-12,3875.25,595
2022-09-19 09:47:28,11,-10,3875.25,585
2022-09-19 09:47:29,51,-16,3875.25,569
2022-09-19 09:47:30,113,-48,3875.25,521
2022-09-19 09:47:31,285,-83,3874.75,438
2022-09-19 09:47:32,140,3,3874.75,441
2022-09-19 09:47:33,75,-10,3875.0,431
2022-09-19 09:47:34,112,36,3875.25,467
2022-09-19 09:47:35,63,-5,3875.0,462
2022-09-19 09:47:36,26,6,3875.0,468
2022-09-19 09:47:37,79,-1,3875.25,467
2022-09-19 09:47:38,27,-13,3875.0,454
2022-09-19 09:47:39,46,24,3875.25,478
2022-09-19 09:47:40,69,-13,3875.25,465
2022-09-19 09:47:41,122,-21,3874.75,444
2022-09-19 09:47:42,71,7,3874.5,451
2022-09-19 09:47:43,104,-2,3874.75,449
2022-09-19 09:47:44,112,13,3875.0,462
2022-09-19 09:47:45,106,-2,3875.0,460
2022-09-19 09:47:46,135,29,3875.5,489
2022-09-19 09:47:47,70,14,3875.25,503
2022-09-19 09:47:48,82,-10,3875.5,493
2022-09-19 09:47:49,40,-7,3875.25,486
2022-09-19 09:47:50,80,20,3875.75,506
2022-09-19 09:47:51,30,13,3875.5,519
2022-09-19 09:47:52,159,42,3876.0,561
2022-09-19 09:47:53,55,-3,3876.0,558
2022-09-19 09:47:54,79,42,3876.0,600
2022-09-19 09:47:55,40,-3,3876.0,597
2022-09-19 09:47:56,71,5,3876.25,602
2022-09-19 09:47:57,126,23,3876.0,625
2022-09-19 09:47:58,46,1,3876.25,626
2022-09-19 09:47:59,152,15,3876.25,641
2022-09-19 09:48:00,105,2,3876.25,643
2022-09-19 09:48:01,117,-27,3876.0,616
2022-09-19 09:48:02,229,-91,3875.25,525
2022-09-19 09:48:03,110,10,3875.0,535
2022-09-19 09:48:04,72,11,3875.5,546
2022-09-19 09:48:05,90,-11,3875.25,535
2022-09-19 09:48:06,101,-4,3875.25,531
2022-09-19 09:48:07,168,-96,3875.5,435
2022-09-19 09:48:08,1,1,3875.25,436
2022-09-19 09:48:09,47,-30,3875.25,406
2022-09-19 09:48:10,98,-21,3875.0,385
2022-09-19 09:48:11,118,-65,3874.5,320
2022-09-19 09:48:12,66,-12,3874.0,308
2022-09-19 09:48:13,139,19,3874.75,327
2022-09-19 09:48:14,101,20,3875.25,347
2022-09-19 09:48:15,35,-15,3875.0,332
2022-09-19 09:48:16,99,28,3875.5,360
2022-09-19 09:48:17,164,-13,3875.75,347
2022-09-19 09:48:18,50,-12,3875.5,335
2022-09-19 09:48:19,17,9,3875.5,344
2022-09-19 09:48:20,58,-9,3875.5,335
2022-09-19 09:48:21,59,-11,3875.25,324
2022-09-19 09:48:22,69,-18,3874.75,306
2022-09-19 09:48:23,61,8,3874.5,314
2022-09-19 09:48:24,46,8,3874.75,322
2022-09-19 09:48:25,39,2,3874.75,324
2022-09-19 09:48:26,20,2,3874.75,326
2022-09-19 09:48:27,43,14,3874.75,340
2022-09-19 09:48:28,102,20,3875.5,360
2022-09-19 09:48:29,73,4,3875.75,364
2022-09-19 09:48:30,55,-2,3876.0,362
2022-09-19 09:48:31,27,3,3876.0,365
2022-09-19 09:48:32,40,6,3876.0,371
2022-09-19 09:48:33,58,-23,3875.75,348
2022-09-19 09:48:34,27,-12,3875.75,336
2022-09-19 09:48:35,89,11,3876.25,347
2022-09-19 09:48:36,23,6,3876.25,353
2022-09-19 09:48:37,176,21,3876.25,374
2022-09-19 09:48:38,67,-13,3876.0,361
2022-09-19 09:48:39,165,10,3876.25,371
2022-09-19 09:48:40,164,7,3877.0,378
2022-09-19 09:48:41,85,13,3877.0,391
2022-09-19 09:48:42,99,-11,3877.25,380
2022-09-19 09:48:43,62,20,3876.75,400
2022-09-19 09:48:44,39,-3,3876.75,397
2022-09-19 09:48:45,22,0,3877.0,397
2022-09-19 09:48:46,71,-9,3877.0,388
2022-09-19 09:48:47,230,48,3877.0,436
2022-09-19 09:48:48,80,3,3876.75,439
2022-09-19 09:48:49,86,12,3876.25,451
2022-09-19 09:48:50,89,-34,3876.5,417
2022-09-19 09:48:51,30,-4,3876.0,413
2022-09-19 09:48:52,77,-6,3876.25,407
2022-09-19 09:48:53,149,-51,3876.0,356
2022-09-19 09:48:54,56,21,3876.0,377
2022-09-19 09:48:55,37,7,3876.0,384
2022-09-19 09:48:56,33,2,3876.0,386
2022-09-19 09:48:57,96,8,3876.5,394
2022-09-19 09:48:58,24,10,3876.5,404
2022-09-19 09:48:59,51,-18,3876.25,386
2022-09-19 09:49:00,172,38,3876.5,424
2022-09-19 09:49:01,52,-8,3877.0,416
2022-09-19 09:49:02,35,-9,3876.75,407
2022-09-19 09:49:03,71,-9,3876.5,398
2022-09-19 09:49:04,113,15,3877.25,413
2022-09-19 09:49:05,85,-14,3877.25,399
2022-09-19 09:49:06,84,-24,3877.0,375
2022-09-19 09:49:07,95,-27,3876.75,348
2022-09-19 09:49:08,91,17,3876.75,365
2022-09-19 09:49:09,62,-13,3876.5,352
2022-09-19 09:49:10,68,-17,3876.75,335
2022-09-19 09:49:11,115,-50,3876.5,285
2022-09-19 09:49:12,64,11,3876.0,296
2022-09-19 09:49:13,52,7,3876.0,303
2022-09-19 09:49:14,66,8,3876.0,311
2022-09-19 09:49:15,83,12,3876.25,323
2022-09-19 09:49:16,40,0,3876.0,323
2022-09-19 09:49:17,11,9,3875.75,332
2022-09-19 09:49:18,90,10,3876.5,342
2022-09-19 09:49:19,43,-10,3876.5,332
2022-09-19 09:49:20,45,3,3876.5,335
2022-09-19 09:49:21,40,-9,3876.25,326
2022-09-19 09:49:22,17,-1,3876.25,325
2022-09-19 09:49:23,13,-3,3876.25,322
2022-09-19 09:49:24,38,-1,3876.5,321
2022-09-19 09:49:25,19,-2,3876.25,319
2022-09-19 09:49:26,35,-7,3876.25,312
2022-09-19 09:49:27,58,7,3876.75,319
2022-09-19 09:49:28,58,7,3876.75,326
2022-09-19 09:49:29,35,-2,3876.75,324
2022-09-19 09:49:30,145,-50,3877.0,274
2022-09-19 09:49:31,145,-23,3876.75,251
2022-09-19 09:49:32,82,-42,3876.5,209
2022-09-19 09:49:33,51,7,3876.5,216
2022-09-19 09:49:34,65,10,3876.5,226
2022-09-19 09:49:35,80,-3,3876.5,223
2022-09-19 09:49:36,78,-5,3876.0,218
2022-09-19 09:49:37,97,31,3876.0,249
2022-09-19 09:49:38,62,0,3876.5,249
2022-09-19 09:49:39,52,17,3877.25,266
2022-09-19 09:49:40,52,23,3877.25,289
2022-09-19 09:49:41,40,-8,3877.25,281
2022-09-19 09:49:42,38,-2,3877.0,279
2022-09-19 09:49:43,13,5,3877.0,284
2022-09-19 09:49:44,8,-8,3876.75,276
2022-09-19 09:49:45,67,3,3877.0,279
2022-09-19 09:49:46,57,22,3877.25,301
2022-09-19 09:49:47,61,7,3877.5,308
2022-09-19 09:49:48,41,-5,3877.5,303
2022-09-19 09:49:49,11,6,3877.5,309
2022-09-19 09:49:50,81,-19,3877.25,290
2022-09-19 09:49:51,120,-22,3877.0,268
2022-09-19 09:49:52,24,5,3876.5,273
2022-09-19 09:49:53,8,6,3876.5,279
2022-09-19 09:49:54,99,-6,3876.75,273
2022-09-19 09:49:55,40,6,3876.5,279
2022-09-19 09:49:56,105,0,3876.75,279
2022-09-19 09:49:57,32,5,3876.25,284
2022-09-19 09:49:58,26,5,3876.5,289
2022-09-19 09:49:59,111,12,3877.0,301
2022-09-19 09:50:00,39,2,3877.0,303
2022-09-19 09:50:01,88,21,3877.25,324
2022-09-19 09:50:02,67,38,3877.5,362
2022-09-19 09:50:03,108,13,3877.5,375
2022-09-19 09:50:04,166,37,3878.0,412
2022-09-19 09:50:05,149,36,3878.0,448
2022-09-19 09:50:06,105,1,3877.75,449
2022-09-19 09:50:07,73,-18,3877.75,431
2022-09-19 09:50:08,43,1,3877.5,432
2022-09-19 09:50:09,86,-6,3877.75,426
2022-09-19 09:50:10,42,-8,3877.5,418
2022-09-19 09:50:11,28,14,3877.5,432
2022-09-19 09:50:12,177,-52,3877.5,380
2022-09-19 09:50:13,313,-71,3876.75,309
2022-09-19 09:50:14,26,-9,3876.75,300
2022-09-19 09:50:15,74,2,3877.0,302
2022-09-19 09:50:16,45,2,3876.75,304
2022-09-19 09:50:17,68,-22,3876.75,282
2022-09-19 09:50:18,68,17,3876.75,299
2022-09-19 09:50:19,58,14,3877.25,313
2022-09-19 09:50:20,82,-23,3877.5,290
2022-09-19 09:50:21,35,7,3877.25,297
2022-09-19 09:50:22,61,-11,3877.25,286
2022-09-19 09:50:23,17,-4,3877.0,282
2022-09-19 09:50:24,29,-1,3876.5,281
2022-09-19 09:50:25,84,-6,3877.0,275
2022-09-19 09:50:26,17,-2,3877.0,273
2022-09-19 09:50:27,48,9,3877.0,282
2022-09-19 09:50:28,62,-18,3877.0,264
2022-09-19 09:50:29,61,-21,3877.0,243
2022-09-19 09:50:30,42,-6,3876.75,237
2022-09-19 09:50:31,76,30,3877.25,267
2022-09-19 09:50:32,168,-37,3877.25,230
2022-09-19 09:50:33,104,20,3877.5,250
2022-09-19 09:50:34,48,7,3877.75,257
2022-09-19 09:50:35,251,12,3878.5,269
2022-09-19 09:50:36,53,6,3878.0,275
2022-09-19 09:50:37,53,5,3878.5,280
2022-09-19 09:50:38,52,5,3878.25,285
2022-09-19 09:50:39,56,-23,3878.0,262
2022-09-19 09:50:40,235,-60,3877.75,202
2022-09-19 09:50:41,169,-36,3877.0,166
2022-09-19 09:50:42,110,50,3877.25,216
2022-09-19 09:50:43,100,14,3877.5,230
2022-09-19 09:50:44,14,-2,3877.5,228
2022-09-19 09:50:45,69,6,3877.75,234
2022-09-19 09:50:46,37,-17,3877.5,217
2022-09-19 09:50:47,136,7,3878.5,224
2022-09-19 09:50:48,109,-35,3878.25,189
2022-09-19 09:50:49,12,5,3878.0,194
2022-09-19 09:50:50,26,4,3878.25,198
2022-09-19 09:50:51,19,12,3878.5,210
2022-09-19 09:50:52,239,0,3878.75,210
2022-09-19 09:50:53,16,8,3878.5,218
2022-09-19 09:50:54,212,37,3879.0,255
2022-09-19 09:50:55,270,-1,3879.0,254
2022-09-19 09:50:56,76,7,3878.75,261
2022-09-19 09:50:57,30,-21,3878.75,240
2022-09-19 09:50:58,31,13,3879.0,253
2022-09-19 09:50:59,165,-2,3879.0,251
2022-09-19 09:51:00,181,47,3879.5,298
2022-09-19 09:51:01,158,6,3879.5,304
2022-09-19 09:51:02,59,5,3879.75,309
2022-09-19 09:51:03,42,-10,3879.5,299
2022-09-19 09:51:04,160,35,3879.75,334
2022-09-19 09:51:05,238,35,3880.0,369
2022-09-19 09:51:06,28,6,3880.0,375
2022-09-19 09:51:07,28,-2,3880.0,373
2022-09-19 09:51:08,16,4,3880.0,377
2022-09-19 09:51:09,755,274,3881.5,651
2022-09-19 09:51:10,317,-83,3881.5,568
2022-09-19 09:51:11,91,13,3881.5,581
2022-09-19 09:51:12,97,-7,3881.5,574
2022-09-19 09:51:13,209,70,3881.5,644
2022-09-19 09:51:14,122,17,3881.75,661
2022-09-19 09:51:15,199,72,3882.25,733
2022-09-19 09:51:16,184,-16,3882.25,717
2022-09-19 09:51:17,458,131,3883.0,848
2022-09-19 09:51:18,153,-13,3883.0,835
2022-09-19 09:51:19,152,8,3882.75,843
2022-09-19 09:51:20,190,-41,3882.25,802
2022-09-19 09:51:21,90,18,3882.25,820
2022-09-19 09:51:22,139,-58,3882.0,762
2022-09-19 09:51:23,123,-60,3881.5,702
2022-09-19 09:51:24,244,-80,3881.0,622
2022-09-19 09:51:25,155,-1,3880.75,621
2022-09-19 09:51:26,128,16,3880.5,637
2022-09-19 09:51:27,93,5,3880.75,642
2022-09-19 09:51:28,159,-46,3880.75,596
2022-09-19 09:51:29,109,25,3880.75,621
2022-09-19 09:51:30,84,22,3880.75,643
2022-09-19 09:51:31,119,-28,3881.0,615
2022-09-19 09:51:32,62,11,3881.0,626
2022-09-19 09:51:33,139,2,3881.0,628
2022-09-19 09:51:34,195,-31,3880.5,597
2022-09-19 09:51:35,132,-5,3880.25,592
2022-09-19 09:51:36,73,-21,3880.0,571
2022-09-19 09:51:37,87,21,3879.75,592
2022-09-19 09:51:38,134,-34,3879.75,558
2022-09-19 09:51:39,107,-8,3879.5,550
2022-09-19 09:51:40,108,18,3879.75,568
2022-09-19 09:51:41,39,-4,3879.75,564
2022-09-19 09:51:42,63,12,3880.0,576
2022-09-19 09:51:43,112,30,3880.0,606
2022-09-19 09:51:44,73,-10,3880.25,596
2022-09-19 09:51:45,36,2,3880.25,598
2022-09-19 09:51:46,83,42,3880.5,640
2022-09-19 09:51:47,99,-44,3880.5,596
2022-09-19 09:51:48,64,-7,3880.25,589
2022-09-19 09:51:49,67,35,3880.75,624
2022-09-19 09:51:50,186,34,3881.0,658
2022-09-19 09:51:51,38,7,3880.75,665
2022-09-19 09:51:52,111,-4,3881.0,661
2022-09-19 09:51:53,12,-2,3881.0,659
2022-09-19 09:51:54,39,-9,3881.0,650
2022-09-19 09:51:55,34,3,3881.0,653
2022-09-19 09:51:56,44,21,3881.5,674
2022-09-19 09:51:57,83,54,3881.5,728
2022-09-19 09:51:58,18,-6,3881.25,722
2022-09-19 09:51:59,39,-9,3881.25,713
2022-09-19 09:52:00,110,-10,3881.25,703
2022-09-19 09:52:01,59,-20,3881.0,683
2022-09-19 09:52:02,77,9,3881.25,692
2022-09-19 09:52:03,83,13,3881.5,705
2022-09-19 09:52:04,136,71,3882.0,776
2022-09-19 09:52:05,127,9,3882.0,785
2022-09-19 09:52:06,8,4,3881.75,789
2022-09-19 09:52:07,12,3,3881.75,792
2022-09-19 09:52:08,54,-29,3881.75,763
2022-09-19 09:52:09,75,-9,3881.75,754
2022-09-19 09:52:10,41,14,3882.0,768
2022-09-19 09:52:11,43,-11,3882.0,757
2022-09-19 09:52:12,202,-7,3882.0,750
2022-09-19 09:52:13,21,-7,3881.75,743
2022-09-19 09:52:14,45,8,3882.0,751
2022-09-19 09:52:15,222,72,3882.5,823
2022-09-19 09:52:16,83,4,3882.25,827
2022-09-19 09:52:17,87,44,3882.75,871
2022-09-19 09:52:18,54,-6,3882.75,865
2022-09-19 09:52:19,147,33,3882.75,898
2022-09-19 09:52:20,85,-22,3882.5,876
2022-09-19 09:52:21,41,5,3882.75,881
2022-09-19 09:52:22,94,-18,3882.5,863
2022-09-19 09:52:23,70,4,3882.5,867
2022-09-19 09:52:24,81,-36,3882.5,831
2022-09-19 09:52:25,68,-10,3882.0,821
2022-09-19 09:52:26,69,-15,3882.0,806
2022-09-19 09:52:27,80,15,3882.25,821
2022-09-19 09:52:28,17,9,3882.5,830
2022-09-19 09:52:29,66,4,3882.5,834
2022-09-19 09:52:30,64,6,3883.0,840
2022-09-19 09:52:31,132,28,3883.25,868
2022-09-19 09:52:32,182,-8,3883.0,860
2022-09-19 09:52:33,90,23,3882.75,883
2022-09-19 09:52:34,199,2,3882.75,885
2022-09-19 09:52:35,88,-17,3882.75,868
2022-09-19 09:52:36,39,11,3882.5,879
2022-09-19 09:52:37,77,7,3882.5,886
2022-09-19 09:52:38,185,40,3883.0,926
2022-09-19 09:52:39,31,-10,3882.75,916
2022-09-19 09:52:40,74,4,3883.0,920
2022-09-19 09:52:41,88,4,3882.75,924
2022-09-19 09:52:42,32,-5,3882.5,919
2022-09-19 09:52:43,60,-17,3882.5,902
2022-09-19 09:52:44,62,-23,3882.25,879
2022-09-19 09:52:45,38,20,3882.25,899
2022-09-19 09:52:46,161,16,3883.0,915
2022-09-19 09:52:47,458,227,3884.0,1142
2022-09-19 09:52:48,96,-11,3883.75,1131
2022-09-19 09:52:49,147,9,3883.5,1140
2022-09-19 09:52:50,29,-4,3883.25,1136
2022-09-19 09:52:51,33,-19,3883.5,1117
2022-09-19 09:52:52,67,16,3883.5,1133
2022-09-19 09:52:53,123,13,3883.5,1146
2022-09-19 09:52:54,111,16,3883.75,1162
2022-09-19 09:52:55,62,30,3883.75,1192
2022-09-19 09:52:56,50,-7,3883.75,1185
2022-09-19 09:52:57,125,-21,3883.5,1164
2022-09-19 09:52:58,150,19,3884.0,1183
2022-09-19 09:52:59,231,28,3884.0,1211
2022-09-19 09:53:00,115,25,3884.25,1236
2022-09-19 09:53:01,565,265,3885.0,1501
2022-09-19 09:53:02,250,-61,3885.0,1440
2022-09-19 09:53:03,208,-45,3884.5,1395
2022-09-19 09:53:04,120,-4,3884.0,1391
2022-09-19 09:53:05,109,3,3884.0,1394
2022-09-19 09:53:06,118,10,3884.25,1404
2022-09-19 09:53:07,96,16,3884.25,1420
2022-09-19 09:53:08,40,-4,3884.25,1416
2022-09-19 09:53:09,95,-6,3884.25,1410
2022-09-19 09:53:10,108,15,3884.25,1425
2022-09-19 09:53:11,74,-3,3884.25,1422
2022-09-19 09:53:12,137,17,3884.5,1439
2022-09-19 09:53:13,39,0,3884.5,1439
2022-09-19 09:53:14,84,-1,3884.5,1438
2022-09-19 09:53:15,79,-36,3884.5,1402
2022-09-19 09:53:16,36,18,3884.5,1420
2022-09-19 09:53:17,81,-19,3884.75,1401
2022-09-19 09:53:18,355,-1,3885.0,1400
2022-09-19 09:53:19,35,-9,3885.0,1391
2022-09-19 09:53:20,86,-5,3885.0,1386
2022-09-19 09:53:21,112,-38,3884.75,1348
2022-09-19 09:53:22,191,-69,3884.75,1279
2022-09-19 09:53:23,193,-40,3883.75,1239
2022-09-19 09:53:24,17,1,3883.5,1240
2022-09-19 09:53:25,207,-28,3883.5,1212
2022-09-19 09:53:26,118,-1,3883.5,1211
2022-09-19 09:53:27,89,15,3883.25,1226
2022-09-19 09:53:28,18,-2,3883.25,1224
2022-09-19 09:53:29,212,-68,3883.0,1156
2022-09-19 09:53:30,198,7,3883.25,1163
2022-09-19 09:53:31,105,0,3883.5,1163
2022-09-19 09:53:32,117,-4,3883.25,1159
2022-09-19 09:53:33,31,-5,3883.5,1154
2022-09-19 09:53:34,92,-2,3883.25,1152
2022-09-19 09:53:35,151,5,3883.5,1157
2022-09-19 09:53:36,56,0,3883.5,1157
2022-09-19 09:53:37,110,56,3884.0,1213
2022-09-19 09:53:38,167,2,3884.25,1215
2022-09-19 09:53:39,67,-13,3884.0,1202
2022-09-19 09:53:40,13,2,3884.0,1204
2022-09-19 09:53:41,32,-3,3884.25,1201
2022-09-19 09:53:42,94,12,3884.75,1213
2022-09-19 09:53:43,35,22,3884.75,1235
2022-09-19 09:53:44,70,-15,3884.75,1220
2022-09-19 09:53:45,117,22,3885.0,1242
2022-09-19 09:53:46,178,-7,3885.0,1235
2022-09-19 09:53:47,14,-11,3885.0,1224
2022-09-19 09:53:48,106,-19,3885.0,1205
2022-09-19 09:53:49,348,91,3885.0,1296
2022-09-19 09:53:50,574,333,3886.0,1629
2022-09-19 09:53:51,173,40,3886.5,1669
2022-09-19 09:53:52,244,47,3886.75,1716
2022-09-19 09:53:53,158,-45,3886.5,1671
2022-09-19 09:53:54,135,-33,3886.25,1638
2022-09-19 09:53:55,89,-11,3885.75,1627
2022-09-19 09:53:56,43,0,3885.75,1627
2022-09-19 09:53:57,62,-3,3885.5,1624
2022-09-19 09:53:58,137,-39,3885.25,1585
2022-09-19 09:53:59,410,-4,3884.75,1581
2022-09-19 09:54:00,110,-28,3884.25,1553
2022-09-19 09:54:01,71,16,3884.75,1569
2022-09-19 09:54:02,105,-16,3884.75,1553
2022-09-19 09:54:03,138,15,3884.5,1568
2022-09-19 09:54:04,123,7,3884.5,1575
2022-09-19 09:54:05,192,-6,3884.5,1569
2022-09-19 09:54:06,60,2,3884.5,1571
2022-09-19 09:54:07,139,-38,3884.5,1533
2022-09-19 09:54:08,67,-15,3884.5,1518
2022-09-19 09:54:09,98,-43,3884.0,1475
2022-09-19 09:54:10,136,9,3884.0,1484
2022-09-19 09:54:11,49,-1,3884.25,1483
2022-09-19 09:54:12,100,-13,3884.25,1470
2022-09-19 09:54:13,64,-9,3884.0,1461
2022-09-19 09:54:14,139,-24,3883.75,1437
2022-09-19 09:54:15,151,39,3884.0,1476
2022-09-19 09:54:16,81,-10,3884.0,1466
2022-09-19 09:54:17,126,-9,3884.0,1457
2022-09-19 09:54:18,34,1,3883.75,1458
2022-09-19 09:54:19,81,-32,3883.75,1426
2022-09-19 09:54:20,204,-77,3883.25,1349
2022-09-19 09:54:21,64,-30,3883.25,1319
2022-09-19 09:54:22,218,24,3883.5,1343
2022-09-19 09:54:23,40,10,3883.75,1353
2022-09-19 09:54:24,7,-2,3883.5,1351
2022-09-19 09:54:25,127,14,3883.75,1365
2022-09-19 09:54:26,93,-5,3883.75,1360
2022-09-19 09:54:27,41,0,3883.75,1360
2022-09-19 09:54:28,33,-1,3884.0,1359
2022-09-19 09:54:29,70,-15,3883.75,1344
2022-09-19 09:54:30,113,-11,3883.75,1333
2022-09-19 09:54:31,138,24,3884.0,1357
2022-09-19 09:54:32,131,-32,3883.5,1325
2022-09-19 09:54:33,47,-16,3883.5,1309
2022-09-19 09:54:34,128,-6,3883.5,1303
2022-09-19 09:54:35,26,-15,3883.5,1288
2022-09-19 09:54:36,122,7,3883.5,1295
2022-09-19 09:54:37,154,-11,3883.75,1284
2022-09-19 09:54:38,54,-22,3883.5,1262
2022-09-19 09:54:39,57,32,3883.5,1294
2022-09-19 09:54:40,100,23,3883.75,1317
2022-09-19 09:54:41,44,15,3883.75,1332
2022-09-19 09:54:42,25,1,3883.75,1333
2022-09-19 09:54:43,99,-1,3884.0,1332
2022-09-19 09:54:44,54,-33,3883.5,1299
2022-09-19 09:54:45,126,-15,3883.25,1284
2022-09-19 09:54:46,311,-226,3883.5,1058
2022-09-19 09:54:47,87,-21,3883.0,1037
2022-09-19 09:54:48,134,-14,3882.75,1023
2022-09-19 09:54:49,124,23,3883.0,1046
2022-09-19 09:54:50,86,-14,3883.0,1032
2022-09-19 09:54:51,206,-113,3882.75,919
2022-09-19 09:54:52,287,-94,3881.75,825
2022-09-19 09:54:53,48,8,3881.75,833
2022-09-19 09:54:54,74,3,3881.75,836
2022-09-19 09:54:55,37,-5,3881.5,831
2022-09-19 09:54:56,107,13,3881.75,844
2022-09-19 09:54:57,37,4,3881.5,848
2022-09-19 09:54:58,263,-117,3881.25,731
2022-09-19 09:54:59,155,35,3881.5,766
2022-09-19 09:55:00,246,5,3882.0,771
2022-09-19 09:55:01,64,21,3881.5,792
2022-09-19 09:55:02,103,-29,3881.5,763
2022-09-19 09:55:03,179,-31,3881.25,732
2022-09-19 09:55:04,97,18,3881.25,750
2022-09-19 09:55:05,111,22,3881.5,772
2022-09-19 09:55:06,66,3,3881.5,775
2022-09-19 09:55:07,69,-14,3881.25,761
2022-09-19 09:55:08,94,-16,3881.25,745
2022-09-19 09:55:09,97,-11,3881.0,734
2022-09-19 09:55:10,85,12,3880.75,746
2022-09-19 09:55:11,59,-4,3881.0,742
2022-09-19 09:55:12,378,-111,3880.75,631
2022-09-19 09:55:13,193,-21,3880.75,610
2022-09-19 09:55:14,60,-4,3880.75,606
2022-09-19 09:55:15,86,-7,3881.0,599
2022-09-19 09:55:16,53,4,3881.0,603
2022-09-19 09:55:17,110,16,3881.0,619
2022-09-19 09:55:18,131,0,3881.5,619
2022-09-19 09:55:19,166,19,3882.0,638
2022-09-19 09:55:20,195,21,3882.5,659
2022-09-19 09:55:21,158,23,3882.5,682
2022-09-19 09:55:22,35,-2,3882.25,680
2022-09-19 09:55:23,120,19,3883.0,699
2022-09-19 09:55:24,54,13,3883.0,712
2022-09-19 09:55:25,97,-17,3883.0,695
2022-09-19 09:55:26,410,34,3884.0,729
2022-09-19 09:55:27,157,-8,3883.75,721
2022-09-19 09:55:28,121,37,3883.75,758
2022-09-19 09:55:29,205,-11,3883.75,747
2022-09-19 09:55:30,128,-32,3883.25,715
2022-09-19 09:55:31,114,-6,3883.0,709
2022-09-19 09:55:32,42,-4,3883.0,705
2022-09-19 09:55:33,46,11,3883.0,716
2022-09-19 09:55:34,20,-8,3883.25,708
2022-09-19 09:55:35,38,-11,3882.75,697
2022-09-19 09:55:36,116,-14,3882.5,683
2022-09-19 09:55:37,112,5,3882.5,688
2022-09-19 09:55:38,114,25,3883.0,713
2022-09-19 09:55:39,73,-16,3883.0,697
2022-09-19 09:55:40,85,-35,3883.25,662
2022-09-19 09:55:41,234,5,3883.0,667
2022-09-19 09:55:42,12,-3,3883.0,664
2022-09-19 09:55:43,53,39,3883.5,703
2022-09-19 09:55:44,46,4,3883.75,707
2022-09-19 09:55:45,22,-7,3883.5,700
2022-09-19 09:55:46,277,14,3884.0,714
2022-09-19 09:55:47,83,-17,3884.0,697
2022-09-19 09:55:48,68,4,3884.0,701
2022-09-19 09:55:49,320,-14,3884.25,687
2022-09-19 09:55:50,119,-10,3884.0,677
2022-09-19 09:55:51,151,-5,3884.0,672
2022-09-19 09:55:52,99,4,3884.0,676
2022-09-19 09:55:53,125,-44,3883.75,632
2022-09-19 09:55:54,103,-20,3883.5,612
2022-09-19 09:55:55,59,-13,3883.25,599
2022-09-19 09:55:56,198,14,3883.5,613
2022-09-19 09:55:57,95,23,3883.5,636
2022-09-19 09:55:58,118,-5,3883.5,631
2022-09-19 09:55:59,121,-42,3883.25,589
2022-09-19 09:56:00,79,-18,3883.0,571
2022-09-19 09:56:01,44,-3,3882.5,568
2022-09-19 09:56:02,82,22,3882.75,590
2022-09-19 09:56:03,77,-8,3882.75,582
2022-09-19 09:56:04,81,-16,3882.75,566
2022-09-19 09:56:05,64,23,3883.0,589
2022-09-19 09:56:06,79,-3,3883.0,586
2022-09-19 09:56:07,110,-3,3882.5,583
2022-09-19 09:56:08,82,12,3882.75,595
2022-09-19 09:56:09,42,13,3882.5,608
2022-09-19 09:56:10,81,17,3882.75,625
2022-09-19 09:56:11,38,-9,3882.75,616
2022-09-19 09:56:12,64,-7,3882.5,609
2022-09-19 09:56:13,67,22,3882.5,631
2022-09-19 09:56:14,217,37,3883.0,668
2022-09-19 09:56:15,58,-14,3883.0,654
2022-09-19 09:56:16,343,20,3883.25,674
2022-09-19 09:56:17,59,-26,3882.75,648
2022-09-19 09:56:18,32,-8,3882.75,640
2022-09-19 09:56:19,38,2,3882.75,642
2022-09-19 09:56:20,44,-22,3882.25,620
2022-09-19 09:56:21,80,-18,3882.5,602
2022-09-19 09:56:22,8,-5,3882.25,597
2022-09-19 09:56:23,135,-19,3882.25,578
2022-09-19 09:56:24,232,-65,3882.25,513
2022-09-19 09:56:25,122,14,3881.75,527
2022-09-19 09:56:26,65,4,3882.0,531
2022-09-19 09:56:27,59,21,3882.0,552
2022-09-19 09:56:28,45,3,3882.0,555
2022-09-19 09:56:29,137,-5,3882.25,550
2022-09-19 09:56:30,59,3,3882.25,553
2022-09-19 09:56:31,159,3,3882.5,556
2022-09-19 09:56:32,46,-5,3882.25,551
2022-09-19 09:56:33,45,-27,3882.25,524
2022-09-19 09:56:34,24,0,3881.75,524
2022-09-19 09:56:35,78,7,3881.75,531
2022-09-19 09:56:36,12,-2,3881.5,529
2022-09-19 09:56:37,147,-68,3881.75,461
2022-09-19 09:56:38,166,-53,3881.0,408
2022-09-19 09:56:39,73,26,3880.75,434
2022-09-19 09:56:40,20,-16,3880.75,418
2022-09-19 09:56:41,27,-6,3880.5,412
2022-09-19 09:56:42,77,25,3880.5,437
2022-09-19 09:56:43,61,-24,3880.5,413
2022-09-19 09:56:44,250,-80,3880.25,333
2022-09-19 09:56:45,82,16,3880.0,349
2022-09-19 09:56:46,73,-7,3880.0,342
2022-09-19 09:56:47,76,13,3880.0,355
2022-09-19 09:56:48,207,-57,3880.0,298
2022-09-19 09:56:49,29,6,3879.75,304
2022-09-19 09:56:50,29,3,3879.75,307
2022-09-19 09:56:51,35,-14,3879.75,293
2022-09-19 09:56:52,33,-9,3880.0,284
2022-09-19 09:56:53,38,11,3880.0,295
2022-09-19 09:56:54,46,-3,3880.25,292
2022-09-19 09:56:55,47,22,3880.0,314
2022-09-19 09:56:56,169,-36,3880.0,278
2022-09-19 09:56:57,64,-3,3880.25,275
2022-09-19 09:56:58,57,8,3880.25,283
2022-09-19 09:56:59,115,2,3880.25,285
2022-09-19 09:57:00,174,-4,3880.0,281
2022-09-19 09:57:01,63,-15,3879.75,266
2022-09-19 09:57:02,89,3,3879.75,269
2022-09-19 09:57:03,254,-131,3879.5,138
2022-09-19 09:57:04,395,-157,3879.25,-19
2022-09-19 09:57:05,154,13,3879.0,-6
2022-09-19 09:57:06,48,-5,3879.0,-11
2022-09-19 09:57:07,151,2,3879.25,-9
2022-09-19 09:57:08,69,-16,3879.25,-25
2022-09-19 09:57:09,110,27,3879.5,2
2022-09-19 09:57:10,163,-21,3879.75,-19
2022-09-19 09:57:11,209,-108,3879.5,-127
2022-09-19 09:57:12,6,1,3879.0,-126
2022-09-19 09:57:13,61,13,3879.0,-113
2022-09-19 09:57:14,74,-17,3879.0,-130
2022-09-19 09:57:15,93,-15,3878.75,-145
2022-09-19 09:57:16,115,7,3878.5,-138
2022-09-19 09:57:17,38,-1,3878.75,-139
2022-09-19 09:57:18,145,29,3879.0,-110
2022-09-19 09:57:19,82,8,3879.0,-102
2022-09-19 09:57:20,46,-14,3879.0,-116
2022-09-19 09:57:21,160,-13,3878.75,-129
2022-09-19 09:57:22,64,6,3878.75,-123
2022-09-19 09:57:23,127,-35,3878.5,-158
2022-09-19 09:57:24,148,-30,3878.5,-188
2022-09-19 09:57:25,77,8,3878.5,-180
2022-09-19 09:57:26,42,15,3878.75,-165
2022-09-19 09:57:27,39,13,3878.75,-152
2022-09-19 09:57:28,174,45,3879.0,-107
2022-09-19 09:57:29,132,-27,3879.0,-134
2022-09-19 09:57:30,171,-39,3879.0,-173
2022-09-19 09:57:31,122,-22,3878.25,-195
2022-09-19 09:57:32,97,18,3878.5,-177
2022-09-19 09:57:33,55,-10,3878.25,-187
2022-09-19 09:57:34,90,11,3878.5,-176
2022-09-19 09:57:35,62,-15,3878.5,-191
2022-09-19 09:57:36,50,14,3878.75,-177
2022-09-19 09:57:37,35,-13,3878.75,-190
2022-09-19 09:57:38,110,-11,3878.75,-201
2022-09-19 09:57:39,56,0,3878.5,-201
2022-09-19 09:57:40,31,5,3878.5,-196
2022-09-19 09:57:41,19,-9,3878.5,-205
2022-09-19 09:57:42,132,-38,3878.25,-243
2022-09-19 09:57:43,85,33,3878.5,-210
2022-09-19 09:57:44,102,-9,3878.5,-219
2022-09-19 09:57:45,33,-14,3878.25,-233
2022-09-19 09:57:46,21,13,3878.25,-220
2022-09-19 09:57:47,3,-1,3878.5,-221
2022-09-19 09:57:48,125,-33,3878.25,-254
2022-09-19 09:57:49,20,4,3878.5,-250
2022-09-19 09:57:50,15,-3,3878.5,-253
2022-09-19 09:57:51,69,2,3878.5,-251
2022-09-19 09:57:52,173,37,3878.75,-214
2022-09-19 09:57:53,124,29,3879.0,-185
2022-09-19 09:57:54,194,33,3879.5,-152
2022-09-19 09:57:55,69,12,3879.5,-140
2022-09-19 09:57:56,117,7,3879.5,-133
2022-09-19 09:57:57,74,-3,3879.5,-136
2022-09-19 09:57:58,20,3,3879.25,-133
2022-09-19 09:57:59,24,6,3879.25,-127
2022-09-19 09:58:00,74,-9,3879.0,-136
2022-09-19 09:58:01,52,-8,3879.0,-144
2022-09-19 09:58:02,170,-38,3878.5,-182
2022-09-19 09:58:03,149,-57,3878.0,-239
2022-09-19 09:58:04,87,17,3878.0,-222
2022-09-19 09:58:05,142,-49,3878.0,-271
2022-09-19 09:58:06,95,-13,3877.75,-284
2022-09-19 09:58:07,198,40,3878.25,-244
2022-09-19 09:58:08,114,40,3879.0,-204
2022-09-19 09:58:09,120,-20,3879.0,-224
2022-09-19 09:58:10,86,-36,3878.5,-260
2022-09-19 09:58:11,22,-4,3878.25,-264
2022-09-19 09:58:12,81,-2,3878.5,-266
2022-09-19 09:58:13,3,-3,3878.25,-269
2022-09-19 09:58:14,77,-1,3878.5,-270
2022-09-19 09:58:15,172,119,3879.0,-151
2022-09-19 09:58:16,28,-11,3879.0,-162
2022-09-19 09:58:17,64,0,3879.0,-162
2022-09-19 09:58:18,72,9,3878.75,-153
2022-09-19 09:58:19,44,1,3879.25,-152
2022-09-19 09:58:20,41,6,3879.5,-146
2022-09-19 09:58:21,91,2,3879.5,-144
2022-09-19 09:58:22,62,-4,3879.5,-148
2022-09-19 09:58:23,77,30,3879.75,-118
2022-09-19 09:58:24,140,-14,3879.75,-132
2022-09-19 09:58:25,58,-1,3879.5,-133
2022-09-19 09:58:26,35,-31,3879.25,-164
2022-09-19 09:58:27,143,-13,3879.0,-177
2022-09-19 09:58:28,15,-3,3879.0,-180
2022-09-19 09:58:29,40,-16,3879.0,-196
2022-09-19 09:58:30,60,-8,3878.75,-204
2022-09-19 09:58:31,67,0,3879.0,-204
2022-09-19 09:58:32,146,8,3879.25,-196
2022-09-19 09:58:33,78,16,3879.25,-180
2022-09-19 09:58:34,199,17,3879.5,-163
2022-09-19 09:58:35,52,6,3879.5,-157
2022-09-19 09:58:36,147,-30,3879.75,-187
2022-09-19 09:58:37,71,-8,3879.75,-195
2022-09-19 09:58:38,237,67,3880.0,-128
2022-09-19 09:58:39,91,-1,3879.75,-129
2022-09-19 09:58:40,35,4,3880.0,-125
2022-09-19 09:58:41,80,-28,3880.0,-153
2022-09-19 09:58:42,38,2,3879.75,-151
2022-09-19 09:58:43,80,-33,3879.5,-184
2022-09-19 09:58:44,152,-41,3879.25,-225
2022-09-19 09:58:45,12,8,3879.0,-217
2022-09-19 09:58:46,16,10,3879.25,-207
2022-09-19 09:58:47,81,-12,3879.0,-219
2022-09-19 09:58:48,83,-15,3879.25,-234
2022-09-19 09:58:49,189,19,3879.5,-215
2022-09-19 09:58:50,100,32,3879.5,-183
2022-09-19 09:58:51,265,75,3880.0,-108
2022-09-19 09:58:52,9,7,3879.75,-101
2022-09-19 09:58:53,113,8,3880.0,-93
2022-09-19 09:58:54,117,-83,3880.0,-176
2022-09-19 09:58:55,121,15,3880.25,-161
2022-09-19 09:58:56,125,17,3880.5,-144
2022-09-19 09:58:57,77,2,3880.0,-142
2022-09-19 09:58:58,10,7,3880.25,-135
2022-09-19 09:58:59,5,3,3880.25,-132
2022-09-19 09:59:00,135,20,3880.5,-112
2022-09-19 09:59:01,65,17,3880.25,-95
2022-09-19 09:59:02,91,8,3880.0,-87
2022-09-19 09:59:03,68,-1,3879.75,-88
2022-09-19 09:59:04,82,-19,3879.75,-107
2022-09-19 09:59:05,95,14,3879.75,-93
2022-09-19 09:59:06,77,28,3880.0,-65
2022-09-19 09:59:07,62,1,3880.0,-64
2022-09-19 09:59:08,112,-30,3880.0,-94
2022-09-19 09:59:09,93,5,3879.5,-89
2022-09-19 09:59:10,46,9,3879.75,-80
2022-09-19 09:59:11,88,-12,3879.75,-92
2022-09-19 09:59:12,172,-20,3879.5,-112
2022-09-19 09:59:13,51,21,3879.75,-91
2022-09-19 09:59:14,13,-5,3880.0,-96
2022-09-19 09:59:15,30,1,3880.25,-95
2022-09-19 09:59:16,46,3,3880.25,-92
2022-09-19 09:59:17,36,-9,3880.25,-101
2022-09-19 09:59:18,78,-2,3880.0,-103
2022-09-19 09:59:19,60,10,3879.75,-93
2022-09-19 09:59:20,29,1,3879.75,-92
2022-09-19 09:59:21,69,-35,3879.75,-127
2022-09-19 09:59:22,21,-15,3879.75,-142
2022-09-19 09:59:24,239,-17,3879.25,-159
2022-09-19 09:59:25,56,-1,3879.25,-160
2022-09-19 09:59:26,40,2,3879.25,-158
2022-09-19 09:59:27,35,5,3879.5,-153
2022-09-19 09:59:28,39,26,3880.25,-127
2022-09-19 09:59:29,23,21,3880.5,-106
2022-09-19 09:59:30,263,71,3881.0,-35
2022-09-19 09:59:31,119,46,3881.25,11
2022-09-19 09:59:32,249,-51,3881.25,-40
2022-09-19 09:59:33,7,1,3880.5,-39
2022-09-19 09:59:34,3,1,3880.5,-38
2022-09-19 09:59:35,212,71,3880.5,33
2022-09-19 09:59:36,70,10,3880.5,43
2022-09-19 09:59:37,61,-21,3880.75,22
2022-09-19 09:59:38,25,1,3880.5,23
2022-09-19 09:59:39,26,7,3880.5,30
2022-09-19 09:59:40,145,-56,3880.0,-26
2022-09-19 09:59:41,48,-3,3880.0,-29
2022-09-19 09:59:42,8,-5,3880.0,-34
2022-09-19 09:59:43,16,7,3880.25,-27
2022-09-19 09:59:44,18,-3,3880.0,-30
2022-09-19 09:59:45,13,-5,3880.0,-35
2022-09-19 09:59:46,72,-10,3880.0,-45
2022-09-19 09:59:47,7,-7,3879.75,-52
2022-09-19 09:59:48,24,6,3880.25,-46
2022-09-19 09:59:49,28,-3,3880.0,-49
2022-09-19 09:59:50,26,14,3880.0,-35
2022-09-19 09:59:51,18,-7,3880.0,-42
2022-09-19 09:59:52,132,-34,3879.75,-76
2022-09-19 09:59:53,44,14,3880.0,-62
2022-09-19 09:59:54,34,11,3880.0,-51
2022-09-19 09:59:55,65,19,3880.5,-32
2022-09-19 09:59:56,3,0,3880.5,-32
2022-09-19 09:59:57,68,-16,3880.25,-48
2022-09-19 09:59:58,27,21,3880.5,-27
2022-09-19 09:59:59,44,5,3880.5,-22
2022-09-19 10:00:00,151,5,3880.75,-17
2022-09-19 10:00:01,93,-36,3880.75,-53
2022-09-19 10:00:02,65,12,3880.75,-41
2022-09-19 10:00:03,59,-32,3880.5,-73
2022-09-19 10:00:04,86,-15,3880.0,-88
2022-09-19 10:00:05,50,3,3879.75,-85
2022-09-19 10:00:06,57,-35,3879.75,-120
2022-09-19 10:00:07,170,-27,3879.25,-147
2022-09-19 10:00:08,99,2,3878.75,-145
2022-09-19 10:00:09,63,7,3878.75,-138
2022-09-19 10:00:10,50,0,3879.0,-138
2022-09-19 10:00:11,242,-111,3878.75,-249
2022-09-19 10:00:12,150,31,3878.0,-218
2022-09-19 10:00:13,104,-47,3878.0,-265
2022-09-19 10:00:14,152,33,3878.25,-232
2022-09-19 10:00:15,226,-67,3878.0,-299
2022-09-19 10:00:16,235,-28,3877.5,-327
2022-09-19 10:00:17,115,27,3877.75,-300
2022-09-19 10:00:18,133,6,3877.75,-294
2022-09-19 10:00:19,47,3,3877.75,-291
2022-09-19 10:00:20,87,-7,3877.75,-298
2022-09-19 10:00:21,148,-43,3877.25,-341
2022-09-19 10:00:22,185,-50,3877.25,-391
2022-09-19 10:00:23,117,27,3877.25,-364
2022-09-19 10:00:24,91,11,3877.25,-353
2022-09-19 10:00:25,46,10,3877.25,-343
2022-09-19 10:00:26,131,28,3877.5,-315
2022-09-19 10:00:27,53,-9,3877.25,-324
2022-09-19 10:00:28,64,8,3877.5,-316
2022-09-19 10:00:29,73,-13,3877.25,-329
2022-09-19 10:00:30,274,-76,3877.0,-405
2022-09-19 10:00:31,311,-77,3876.5,-482
2022-09-19 10:00:32,123,-8,3876.25,-490
2022-09-19 10:00:33,103,2,3876.25,-488
2022-09-19 10:00:34,88,18,3876.25,-470
2022-09-19 10:00:35,54,-24,3876.25,-494
2022-09-19 10:00:36,101,4,3876.25,-490
2022-09-19 10:00:37,103,-2,3876.25,-492
2022-09-19 10:00:38,39,-15,3876.25,-507
2022-09-19 10:00:39,218,-88,3876.0,-595
2022-09-19 10:00:40,297,-146,3875.25,-741
2022-09-19 10:00:41,300,77,3875.0,-664
2022-09-19 10:00:42,93,30,3875.25,-634
2022-09-19 10:00:43,181,31,3875.75,-603
2022-09-19 10:00:44,111,4,3875.5,-599
2022-09-19 10:00:45,107,-32,3875.5,-631
2022-09-19 10:00:46,73,23,3875.0,-608
2022-09-19 10:00:47,111,36,3875.25,-572
2022-09-19 10:00:48,132,32,3875.5,-540
2022-09-19 10:00:49,100,-2,3875.5,-542
2022-09-19 10:00:50,124,8,3875.75,-534
2022-09-19 10:00:51,38,-15,3875.75,-549
2022-09-19 10:00:52,150,-16,3875.25,-565
2022-09-19 10:00:53,23,14,3875.25,-551
2022-09-19 10:00:54,45,-21,3875.25,-572
2022-09-19 10:00:55,136,4,3875.25,-568
2022-09-19 10:00:56,29,1,3875.0,-567
2022-09-19 10:00:57,52,10,3875.0,-557
2022-09-19 10:00:58,95,22,3875.25,-535
2022-09-19 10:00:59,188,21,3875.5,-514
2022-09-19 10:01:00,120,34,3875.5,-480
2022-09-19 10:01:01,117,25,3875.5,-455
2022-09-19 10:01:02,118,-40,3875.25,-495
2022-09-19 10:01:03,114,-22,3875.0,-517
2022-09-19 10:01:04,126,20,3875.0,-497
2022-09-19 10:01:05,96,33,3875.0,-464
2022-09-19 10:01:06,52,20,3875.0,-444
2022-09-19 10:01:07,69,14,3875.25,-430
2022-09-19 10:01:08,19,-12,3875.25,-442
2022-09-19 10:01:09,284,-9,3875.0,-451
2022-09-19 10:01:10,60,-5,3875.0,-456
2022-09-19 10:01:11,28,-17,3874.75,-473
2022-09-19 10:01:12,92,-8,3874.75,-481
2022-09-19 10:01:13,9,7,3874.5,-474
2022-09-19 10:01:14,143,-8,3874.5,-482
2022-09-19 10:01:15,133,-48,3874.5,-530
2022-09-19 10:01:16,183,-90,3874.5,-620
2022-09-19 10:01:17,322,-7,3874.0,-627
2022-09-19 10:01:18,98,-6,3874.0,-633
2022-09-19 10:01:19,210,-45,3873.5,-678
2022-09-19 10:01:20,259,41,3873.75,-637
2022-09-19 10:01:21,149,-20,3873.25,-657
2022-09-19 10:01:22,144,2,3873.25,-655
2022-09-19 10:01:23,77,6,3873.5,-649
2022-09-19 10:01:24,152,34,3873.5,-615
2022-09-19 10:01:25,121,24,3873.5,-591
2022-09-19 10:01:26,51,21,3873.75,-570
2022-09-19 10:01:27,166,77,3874.25,-493
2022-09-19 10:01:28,157,-11,3874.25,-504
2022-09-19 10:01:29,51,-5,3874.0,-509
2022-09-19 10:01:30,118,-31,3873.75,-540
2022-09-19 10:01:31,37,1,3873.75,-539
2022-09-19 10:01:32,66,-15,3873.75,-554
2022-09-19 10:01:33,63,2,3873.5,-552
2022-09-19 10:01:34,250,-58,3873.75,-610
2022-09-19 10:01:35,30,-7,3873.0,-617
2022-09-19 10:01:36,47,11,3873.25,-606
2022-09-19 10:01:37,114,-7,3873.25,-613
2022-09-19 10:01:38,370,-114,3873.25,-727
2022-09-19 10:01:39,191,59,3872.75,-668
2022-09-19 10:01:40,151,-39,3872.5,-707
2022-09-19 10:01:41,359,179,3873.0,-528
2022-09-19 10:01:42,164,30,3873.25,-498
2022-09-19 10:01:43,69,9,3873.25,-489
2022-09-19 10:01:44,107,-7,3873.25,-496
2022-09-19 10:01:45,156,-8,3873.25,-504
2022-09-19 10:01:46,71,4,3873.25,-500
2022-09-19 10:01:47,33,3,3873.25,-497
2022-09-19 10:01:48,73,-10,3873.25,-507
2022-09-19 10:01:49,164,49,3873.5,-458
2022-09-19 10:01:50,108,1,3873.5,-457
2022-09-19 10:01:51,77,-30,3873.5,-487
2022-09-19 10:01:52,135,13,3873.5,-474
2022-09-19 10:01:53,98,49,3873.75,-425
2022-09-19 10:01:54,50,-5,3873.75,-430
2022-09-19 10:01:55,142,60,3874.25,-370
2022-09-19 10:01:56,196,58,3874.75,-312
2022-09-19 10:01:57,304,86,3875.25,-226
2022-09-19 10:01:58,272,86,3876.0,-140
2022-09-19 10:01:59,100,-6,3875.25,-146
2022-09-19 10:02:00,188,21,3875.25,-125
2022-09-19 10:02:01,56,12,3875.0,-113
2022-09-19 10:02:02,121,19,3875.75,-94
2022-09-19 10:02:03,72,20,3875.5,-74
2022-09-19 10:02:04,56,18,3875.5,-56
2022-09-19 10:02:05,53,1,3875.5,-55
2022-09-19 10:02:06,36,-4,3875.5,-59
2022-09-19 10:02:07,183,-54,3875.25,-113
2022-09-19 10:02:08,65,-10,3875.25,-123
2022-09-19 10:02:09,169,-11,3875.25,-134
2022-09-19 10:02:10,125,40,3876.25,-94
2022-09-19 10:02:11,206,-58,3876.0,-152
2022-09-19 10:02:12,83,2,3876.0,-150
2022-09-19 10:02:13,88,0,3876.25,-150
2022-09-19 10:02:14,225,23,3876.25,-127
2022-09-19 10:02:15,47,-2,3875.75,-129
2022-09-19 10:02:16,180,-4,3875.75,-133
2022-09-19 10:02:17,50,8,3876.0,-125
2022-09-19 10:02:18,166,7,3876.25,-118
2022-09-19 10:02:19,139,-14,3876.0,-132
2022-09-19 10:02:20,32,-4,3876.0,-136
2022-09-19 10:02:21,23,4,3876.0,-132
2022-09-19 10:02:22,48,13,3876.25,-119
2022-09-19 10:02:23,39,-5,3876.5,-124
2022-09-19 10:02:24,109,20,3876.0,-104
2022-09-19 10:02:25,44,-22,3876.0,-126
2022-09-19 10:02:26,93,-5,3875.75,-131
2022-09-19 10:02:27,15,-13,3875.5,-144
2022-09-19 10:02:28,421,-58,3875.25,-202
2022-09-19 10:02:29,65,-1,3875.25,-203
2022-09-19 10:02:30,13,-12,3875.25,-215
2022-09-19 10:02:31,119,25,3875.25,-190
2022-09-19 10:02:32,69,-14,3875.25,-204
2022-09-19 10:02:33,67,-3,3874.75,-207
2022-09-19 10:02:34,39,-17,3874.5,-224
2022-09-19 10:02:35,15,-4,3874.5,-228
2022-09-19 10:02:36,98,13,3874.75,-215
2022-09-19 10:02:37,45,-28,3874.75,-243
2022-09-19 10:02:38,65,20,3874.75,-223
2022-09-19 10:02:39,79,-27,3874.75,-250
2022-09-19 10:02:40,8,2,3874.25,-248
2022-09-19 10:02:41,69,7,3874.75,-241
2022-09-19 10:02:42,43,2,3874.75,-239
2022-09-19 10:02:43,88,17,3875.0,-222
2022-09-19 10:02:44,9,2,3875.0,-220
2022-09-19 10:02:45,121,-11,3875.0,-231
2022-09-19 10:02:46,135,-5,3875.0,-236
2022-09-19 10:02:47,13,-7,3875.0,-243
2022-09-19 10:02:48,48,-3,3874.75,-246
2022-09-19 10:02:49,44,-13,3874.25,-259
2022-09-19 10:02:50,28,9,3874.25,-250
2022-09-19 10:02:51,313,-107,3874.0,-357
2022-09-19 10:02:52,211,-41,3873.5,-398
2022-09-19 10:02:53,47,-2,3873.5,-400
2022-09-19 10:02:54,29,-8,3873.5,-408
2022-09-19 10:02:55,105,25,3873.25,-383
2022-09-19 10:02:56,38,13,3873.0,-370
2022-09-19 10:02:57,6,-1,3873.0,-371
2022-09-19 10:02:58,41,4,3873.0,-367
2022-09-19 10:02:59,123,-46,3873.0,-413
2022-09-19 10:03:00,91,-15,3872.75,-428
2022-09-19 10:03:01,160,-9,3873.0,-437
2022-09-19 10:03:02,165,36,3873.25,-401
2022-09-19 10:03:03,55,5,3873.5,-396
2022-09-19 10:03:04,51,5,3873.0,-391
2022-09-19 10:03:05,47,15,3873.25,-376
2022-09-19 10:03:06,68,-23,3873.5,-399
2022-09-19 10:03:07,42,1,3873.0,-398
2022-09-19 10:03:08,78,-41,3872.75,-439
2022-09-19 10:03:09,43,16,3872.75,-423
2022-09-19 10:03:10,89,15,3873.0,-408
2022-09-19 10:03:11,29,-3,3872.75,-411
2022-09-19 10:03:12,88,27,3873.5,-384
2022-09-19 10:03:13,120,3,3873.5,-381
2022-09-19 10:03:14,7,-3,3873.5,-384
2022-09-19 10:03:15,29,0,3873.5,-384
2022-09-19 10:03:16,62,13,3873.75,-371
2022-09-19 10:03:17,59,-9,3873.75,-380
2022-09-19 10:03:18,71,1,3874.0,-379
2022-09-19 10:03:19,173,-1,3874.5,-380
2022-09-19 10:03:20,42,8,3874.5,-372
2022-09-19 10:03:21,49,-1,3874.5,-373
2022-09-19 10:03:22,116,30,3875.25,-343
2022-09-19 10:03:23,113,3,3875.5,-340
2022-09-19 10:03:24,33,17,3875.0,-323
2022-09-19 10:03:25,57,-1,3875.0,-324
2022-09-19 10:03:26,93,-36,3875.25,-360
2022-09-19 10:03:27,39,0,3875.25,-360
2022-09-19 10:03:28,85,6,3875.25,-354
2022-09-19 10:03:29,58,-4,3875.0,-358
2022-09-19 10:03:30,63,10,3875.25,-348
2022-09-19 10:03:31,86,22,3875.5,-326
2022-09-19 10:03:32,116,20,3875.75,-306
2022-09-19 10:03:33,28,3,3875.75,-303
2022-09-19 10:03:34,3,-1,3875.75,-304
2022-09-19 10:03:35,149,5,3876.0,-299
2022-09-19 10:03:36,87,26,3876.25,-273
2022-09-19 10:03:37,118,4,3876.25,-269
2022-09-19 10:03:38,36,-10,3876.25,-279
2022-09-19 10:03:39,6,-5,3876.0,-284
2022-09-19 10:03:40,62,-21,3876.0,-305
2022-09-19 10:03:41,8,4,3876.0,-301
2022-09-19 10:03:42,25,-1,3876.25,-302
2022-09-19 10:03:43,49,10,3876.0,-292
2022-09-19 10:03:44,10,-2,3876.0,-294
2022-09-19 10:03:45,31,3,3876.25,-291
2022-09-19 10:03:46,23,4,3876.0,-287
2022-09-19 10:03:47,232,-5,3876.25,-292
2022-09-19 10:03:48,135,-22,3876.0,-314
2022-09-19 10:03:49,50,-22,3875.25,-336
2022-09-19 10:03:50,73,-24,3875.0,-360
2022-09-19 10:03:51,83,-6,3875.0,-366
2022-09-19 10:03:52,52,-12,3874.75,-378
2022-09-19 10:03:53,115,11,3874.75,-367
2022-09-19 10:03:54,30,-3,3874.5,-370
2022-09-19 10:03:55,57,31,3874.75,-339
2022-09-19 10:03:56,19,11,3874.75,-328
2022-09-19 10:03:57,75,7,3875.0,-321
2022-09-19 10:03:58,81,-17,3875.0,-338
2022-09-19 10:03:59,42,10,3874.75,-328
2022-09-19 10:04:00,157,-22,3874.5,-350
2022-09-19 10:04:01,65,3,3874.0,-347
2022-09-19 10:04:02,26,11,3874.0,-336
2022-09-19 10:04:03,73,-7,3874.5,-343
2022-09-19 10:04:04,15,-7,3874.0,-350
2022-09-19 10:04:05,21,-6,3873.75,-356
2022-09-19 10:04:06,99,1,3873.75,-355
2022-09-19 10:04:07,33,12,3873.75,-343
2022-09-19 10:04:08,32,-14,3873.75,-357
2022-09-19 10:04:09,7,-4,3873.75,-361
2022-09-19 10:04:10,52,24,3874.0,-337
2022-09-19 10:04:11,88,17,3874.25,-320
2022-09-19 10:04:12,22,5,3874.0,-315
2022-09-19 10:04:13,16,12,3874.0,-303
2022-09-19 10:04:14,40,-20,3874.0,-323
2022-09-19 10:04:15,70,-6,3874.25,-329
2022-09-19 10:04:16,69,-1,3874.5,-330
2022-09-19 10:04:17,27,-4,3874.5,-334
2022-09-19 10:04:18,4,-2,3874.25,-336
2022-09-19 10:04:19,16,5,3874.5,-331
2022-09-19 10:04:20,48,20,3874.5,-311
2022-09-19 10:04:21,52,-28,3874.5,-339
2022-09-19 10:04:22,67,-1,3874.0,-340
2022-09-19 10:04:23,25,10,3874.0,-330
2022-09-19 10:04:24,28,-3,3874.25,-333
2022-09-19 10:04:25,51,-23,3874.0,-356
2022-09-19 10:04:26,3,-3,3873.75,-359
2022-09-19 10:04:27,26,-7,3874.0,-366
2022-09-19 10:04:28,31,-8,3874.0,-374
2022-09-19 10:04:29,22,13,3874.0,-361
2022-09-19 10:04:30,102,21,3874.5,-340
2022-09-19 10:04:31,60,-12,3874.5,-352
2022-09-19 10:04:32,64,-2,3874.5,-354
2022-09-19 10:04:33,8,4,3874.5,-350
2022-09-19 10:04:34,23,6,3874.25,-344
2022-09-19 10:04:35,7,2,3874.5,-342
2022-09-19 10:04:36,101,-1,3874.75,-343
2022-09-19 10:04:37,22,13,3874.25,-330
2022-09-19 10:04:38,26,1,3874.5,-329
2022-09-19 10:04:39,8,2,3874.5,-327
2022-09-19 10:04:40,14,9,3874.5,-318
2022-09-19 10:04:41,26,3,3874.5,-315
2022-09-19 10:04:42,76,-24,3874.25,-339
2022-09-19 10:04:43,29,-16,3873.75,-355
2022-09-19 10:04:44,53,-1,3873.5,-356
2022-09-19 10:04:45,59,-11,3873.75,-367
2022-09-19 10:04:46,28,-16,3873.5,-383
2022-09-19 10:04:47,62,8,3873.75,-375
2022-09-19 10:04:48,29,-4,3873.75,-379
2022-09-19 10:04:49,66,-42,3873.75,-421
2022-09-19 10:04:50,25,-5,3873.5,-426
2022-09-19 10:04:51,12,-4,3873.5,-430
2022-09-19 10:04:52,20,18,3874.0,-412
2022-09-19 10:04:53,39,20,3874.0,-392
2022-09-19 10:04:54,64,-33,3873.75,-425
2022-09-19 10:04:55,63,10,3874.25,-415
2022-09-19 10:04:56,3,-3,3874.0,-418
2022-09-19 10:04:57,44,-9,3874.0,-427
2022-09-19 10:04:58,34,-1,3873.75,-428
2022-09-19 10:04:59,50,-2,3874.0,-430
2022-09-19 10:05:00,53,19,3874.0,-411
2022-09-19 10:05:01,108,-26,3873.75,-437
2022-09-19 10:05:02,28,4,3873.75,-433
2022-09-19 10:05:03,26,-10,3873.75,-443
2022-09-19 10:05:04,51,-5,3873.5,-448
2022-09-19 10:05:05,360,-36,3874.0,-484
2022-09-19 10:05:06,135,-75,3873.5,-559
2022-09-19 10:05:07,69,36,3874.5,-523
2022-09-19 10:05:08,23,4,3874.5,-519
2022-09-19 10:05:09,80,16,3874.5,-503
2022-09-19 10:05:10,226,52,3875.25,-451
2022-09-19 10:05:11,41,8,3875.25,-443
2022-09-19 10:05:12,53,-10,3875.5,-453
2022-09-19 10:05:13,23,12,3875.25,-441
2022-09-19 10:05:14,54,20,3875.5,-421
2022-09-19 10:05:15,92,35,3876.0,-386
2022-09-19 10:05:16,87,-16,3875.5,-402
2022-09-19 10:05:17,124,-9,3875.5,-411
2022-09-19 10:05:18,50,28,3875.25,-383
2022-09-19 10:05:19,21,1,3875.5,-382
2022-09-19 10:05:20,11,-9,3875.5,-391
2022-09-19 10:05:21,26,3,3875.25,-388
2022-09-19 10:05:22,56,-10,3875.0,-398
2022-09-19 10:05:23,44,-15,3875.0,-413
2022-09-19 10:05:24,47,-27,3874.75,-440
2022-09-19 10:05:25,69,14,3875.0,-426
2022-09-19 10:05:26,41,7,3875.25,-419
2022-09-19 10:05:27,37,-11,3875.5,-430
2022-09-19 10:05:28,21,-7,3875.25,-437
2022-09-19 10:05:29,47,7,3875.5,-430
2022-09-19 10:05:30,60,12,3875.75,-418
2022-09-19 10:05:31,92,12,3875.75,-406
2022-09-19 10:05:32,54,-9,3875.75,-415
2022-09-19 10:05:33,54,1,3875.5,-414
2022-09-19 10:05:34,11,8,3875.5,-406
2022-09-19 10:05:35,222,29,3876.0,-377
2022-09-19 10:05:36,42,-13,3876.0,-390
2022-09-19 10:05:37,62,-2,3876.0,-392
2022-09-19 10:05:38,72,42,3876.25,-350
2022-09-19 10:05:39,137,13,3876.5,-337
2022-09-19 10:05:40,52,-6,3876.25,-343
2022-09-19 10:05:41,14,-6,3876.0,-349
2022-09-19 10:05:42,39,-8,3876.0,-357
2022-09-19 10:05:43,26,-1,3876.0,-358
2022-09-19 10:05:44,56,11,3876.25,-347
2022-09-19 10:05:45,110,-45,3876.25,-392
2022-09-19 10:05:46,91,5,3876.0,-387
2022-09-19 10:05:47,93,-15,3875.75,-402
2022-09-19 10:05:48,33,-6,3875.5,-408
2022-09-19 10:05:49,56,22,3875.25,-386
2022-09-19 10:05:50,20,-2,3875.25,-388
2022-09-19 10:05:51,252,115,3876.0,-273
2022-09-19 10:05:52,11,0,3875.75,-273
2022-09-19 10:05:53,18,8,3876.0,-265
2022-09-19 10:05:54,69,37,3876.25,-228
2022-09-19 10:05:55,32,10,3876.25,-218
2022-09-19 10:05:56,101,47,3876.75,-171
2022-09-19 10:05:57,173,68,3877.25,-103
2022-09-19 10:05:58,129,-10,3877.25,-113
2022-09-19 10:05:59,83,6,3877.25,-107
2022-09-19 10:06:00,69,23,3877.75,-84
2022-09-19 10:06:01,208,42,3877.5,-42
2022-09-19 10:06:02,54,-11,3877.25,-53
2022-09-19 10:06:03,23,-9,3877.25,-62
2022-09-19 10:06:04,79,-2,3877.5,-64
2022-09-19 10:06:05,58,1,3877.25,-63
2022-09-19 10:06:06,152,-61,3877.25,-124
2022-09-19 10:06:07,60,0,3877.0,-124
2022-09-19 10:06:08,31,-10,3877.25,-134
2022-09-19 10:06:09,20,2,3877.25,-132
2022-09-19 10:06:10,147,-50,3877.25,-182
2022-09-19 10:06:11,147,-19,3876.5,-201
2022-09-19 10:06:12,32,-2,3876.75,-203
2022-09-19 10:06:13,157,-9,3876.75,-212
2022-09-19 10:06:14,73,7,3876.25,-205
2022-09-19 10:06:15,67,20,3876.75,-185
2022-09-19 10:06:16,167,-29,3876.75,-214
2022-09-19 10:06:17,14,-8,3876.75,-222
2022-09-19 10:06:18,36,7,3877.0,-215
2022-09-19 10:06:19,36,5,3877.5,-210
2022-09-19 10:06:20,66,28,3877.75,-182
2022-09-19 10:06:21,55,21,3877.75,-161
2022-09-19 10:06:22,221,36,3878.0,-125
2022-09-19 10:06:23,18,9,3878.0,-116
2022-09-19 10:06:24,207,64,3878.75,-52
2022-09-19 10:06:25,66,11,3878.75,-41
2022-09-19 10:06:26,66,-15,3878.75,-56
2022-09-19 10:06:27,83,-23,3878.75,-79
2022-09-19 10:06:28,26,-13,3878.5,-92
2022-09-19 10:06:29,139,-10,3878.75,-102
2022-09-19 10:06:30,120,38,3879.0,-64
2022-09-19 10:06:31,373,124,3880.0,60
2022-09-19 10:06:32,115,-18,3880.0,42
2022-09-19 10:06:33,36,18,3879.75,60
2022-09-19 10:06:34,71,-14,3879.75,46
2022-09-19 10:06:35,83,-14,3879.75,32
2022-09-19 10:06:36,27,17,3880.0,49
2022-09-19 10:06:37,70,-32,3880.0,17
2022-09-19 10:06:38,73,5,3880.0,22
2022-09-19 10:06:39,59,6,3880.0,28
2022-09-19 10:06:40,15,1,3880.0,29
2022-09-19 10:06:41,107,13,3880.0,42
2022-09-19 10:06:42,78,-21,3880.0,21
2022-09-19 10:06:43,157,81,3880.5,102
2022-09-19 10:06:44,106,102,3881.0,204
2022-09-19 10:06:45,65,10,3881.0,214
2022-09-19 10:06:46,13,9,3881.0,223
2022-09-19 10:06:47,169,29,3881.25,252
2022-09-19 10:06:48,133,-37,3881.0,215
2022-09-19 10:06:49,152,-11,3881.25,204
2022-09-19 10:06:50,291,73,3881.5,277
2022-09-19 10:06:51,130,-22,3881.25,255
2022-09-19 10:06:52,61,9,3881.25,264
2022-09-19 10:06:53,68,-34,3881.0,230
2022-09-19 10:06:54,10,1,3881.0,231
2022-09-19 10:06:55,159,-46,3881.0,185
2022-09-19 10:06:56,208,-31,3880.75,154
2022-09-19 10:06:57,32,-8,3880.5,146
2022-09-19 10:06:58,49,-14,3880.75,132
2022-09-19 10:06:59,56,-7,3880.5,125
2022-09-19 10:07:00,109,-10,3880.5,115
2022-09-19 10:07:01,48,-2,3880.5,113
2022-09-19 10:07:02,126,-30,3880.25,83
2022-09-19 10:07:03,136,-14,3879.75,69
2022-09-19 10:07:04,32,17,3879.75,86
2022-09-19 10:07:05,68,-8,3879.75,78
2022-09-19 10:07:06,252,-29,3879.75,49
2022-09-19 10:07:07,442,-58,3879.25,-9
2022-09-19 10:07:08,89,-35,3878.0,-44
2022-09-19 10:07:09,53,11,3878.0,-33
2022-09-19 10:07:10,58,-2,3878.0,-35
2022-09-19 10:07:11,52,-2,3878.0,-37
2022-09-19 10:07:12,126,-26,3877.5,-63
2022-09-19 10:07:13,124,-3,3877.25,-66
2022-09-19 10:07:14,90,-25,3877.0,-91
2022-09-19 10:07:15,141,15,3877.25,-76
2022-09-19 10:07:16,48,-1,3877.5,-77
2022-09-19 10:07:17,94,-11,3877.25,-88
2022-09-19 10:07:18,55,-27,3876.75,-115
2022-09-19 10:07:19,94,-14,3876.5,-129
2022-09-19 10:07:20,92,-59,3876.0,-188
2022-09-19 10:07:21,78,15,3876.5,-173
2022-09-19 10:07:22,122,14,3877.0,-159
2022-09-19 10:07:23,146,32,3877.75,-127
2022-09-19 10:07:24,75,8,3877.5,-119
2022-09-19 10:07:25,19,-12,3877.5,-131
2022-09-19 10:07:26,119,-15,3877.25,-146
2022-09-19 10:07:27,19,-2,3877.25,-148
2022-09-19 10:07:28,39,17,3877.25,-131
2022-09-19 10:07:29,48,20,3877.25,-111
2022-09-19 10:07:30,44,-2,3877.25,-113
2022-09-19 10:07:31,73,-18,3877.25,-131
2022-09-19 10:07:32,80,-22,3876.75,-153
2022-09-19 10:07:33,192,23,3877.25,-130
2022-09-19 10:07:34,94,42,3877.5,-88
2022-09-19 10:07:35,175,53,3878.0,-35
2022-09-19 10:07:36,35,-4,3878.0,-39
2022-09-19 10:07:37,44,17,3878.0,-22
2022-09-19 10:07:38,40,8,3878.25,-14
2022-09-19 10:07:39,159,9,3878.0,-5
2022-09-19 10:07:40,64,-10,3878.0,-15
2022-09-19 10:07:41,56,8,3878.0,-7
2022-09-19 10:07:42,119,-31,3877.75,-38
2022-09-19 10:07:43,72,1,3877.25,-37
2022-09-19 10:07:44,43,-25,3877.25,-62
2022-09-19 10:07:45,12,6,3877.25,-56
2022-09-19 10:07:46,50,-4,3877.25,-60
2022-09-19 10:07:47,34,-7,3877.0,-67
2022-09-19 10:07:48,42,6,3877.25,-61
2022-09-19 10:07:49,34,-10,3877.0,-71
2022-09-19 10:07:50,58,-2,3876.5,-73
2022-09-19 10:07:51,5,-5,3876.25,-78
2022-09-19 10:07:52,41,-9,3876.25,-87
2022-09-19 10:07:53,1,1,3876.5,-86
2022-09-19 10:07:54,73,-18,3876.25,-104
2022-09-19 10:07:55,66,-23,3876.0,-127
2022-09-19 10:07:56,94,3,3875.5,-124
2022-09-19 10:07:57,164,-44,3875.5,-168
2022-09-19 10:07:58,47,-4,3875.5,-172
2022-09-19 10:07:59,42,-17,3875.25,-189
2022-09-19 10:08:00,100,-2,3875.25,-191
2022-09-19 10:08:01,101,14,3875.25,-177
2022-09-19 10:08:02,16,3,3875.0,-174
2022-09-19 10:08:03,75,-12,3875.0,-186
2022-09-19 10:08:04,135,32,3875.5,-154
2022-09-19 10:08:05,70,4,3875.75,-150
2022-09-19 10:08:06,29,-3,3875.75,-153
2022-09-19 10:08:07,110,27,3876.0,-126
2022-09-19 10:08:08,48,-5,3875.75,-131
2022-09-19 10:08:09,54,17,3875.75,-114
2022-09-19 10:08:10,58,26,3876.0,-88
2022-09-19 10:08:11,66,38,3876.5,-50
2022-09-19 10:08:12,70,3,3876.75,-47
2022-09-19 10:08:13,30,-9,3876.5,-56
2022-09-19 10:08:14,15,5,3876.5,-51
2022-09-19 10:08:15,102,4,3876.75,-47
2022-09-19 10:08:16,24,-3,3876.75,-50
2022-09-19 10:08:17,63,29,3877.0,-21
2022-09-19 10:08:18,71,16,3876.75,-5
2022-09-19 10:08:19,15,-10,3876.75,-15
2022-09-19 10:08:20,58,19,3877.0,4
2022-09-19 10:08:21,125,1,3877.25,5
2022-09-19 10:08:22,6,0,3876.5,5
2022-09-19 10:08:23,119,54,3876.5,59
2022-09-19 10:08:24,88,-27,3876.5,32
2022-09-19 10:08:25,72,0,3876.0,32
2022-09-19 10:08:26,71,-17,3876.0,15
2022-09-19 10:08:27,56,12,3876.0,27
2022-09-19 10:08:28,7,-5,3875.75,22
2022-09-19 10:08:29,43,-6,3875.75,16
2022-09-19 10:08:30,205,-48,3875.5,-32
2022-09-19 10:08:31,205,85,3875.0,53
2022-09-19 10:08:32,55,-7,3875.25,46
2022-09-19 10:08:33,56,-6,3875.0,40
2022-09-19 10:08:34,56,12,3875.5,52
2022-09-19 10:08:35,42,-15,3875.25,37
2022-09-19 10:08:36,30,2,3875.25,39
2022-09-19 10:08:37,26,-6,3875.0,33
2022-09-19 10:08:38,6,-6,3874.75,27
2022-09-19 10:08:39,39,4,3875.0,31
2022-09-19 10:08:40,23,-13,3875.0,18
2022-09-19 10:08:41,16,-8,3875.0,10
2022-09-19 10:08:42,141,28,3875.25,38
2022-09-19 10:08:43,16,-6,3875.0,32
2022-09-19 10:08:44,84,-8,3875.25,24
2022-09-19 10:08:45,16,4,3875.0,28
2022-09-19 10:08:46,51,-15,3875.0,13
2022-09-19 10:08:47,139,-47,3874.75,-34
2022-09-19 10:08:48,89,13,3874.75,-21
2022-09-19 10:08:49,39,7,3875.0,-14
2022-09-19 10:08:50,10,6,3874.75,-8
2022-09-19 10:08:51,103,-67,3874.75,-75
2022-09-19 10:08:52,23,-15,3874.25,-90
2022-09-19 10:08:53,438,-265,3874.0,-355
2022-09-19 10:08:54,92,11,3873.75,-344
2022-09-19 10:08:55,84,16,3874.25,-328
2022-09-19 10:08:56,116,28,3874.5,-300
2022-09-19 10:08:57,27,4,3874.5,-296
2022-09-19 10:08:58,26,5,3874.75,-291
2022-09-19 10:08:59,161,18,3875.5,-273
2022-09-19 10:09:00,50,-3,3875.0,-276
2022-09-19 10:09:01,80,-18,3875.0,-294
2022-09-19 10:09:02,112,-19,3874.75,-313
2022-09-19 10:09:03,111,11,3875.0,-302
2022-09-19 10:09:04,93,-12,3875.0,-314
2022-09-19 10:09:05,81,12,3875.0,-302
2022-09-19 10:09:06,60,-23,3874.75,-325
2022-09-19 10:09:07,36,-1,3874.5,-326
2022-09-19 10:09:08,140,2,3875.0,-324
2022-09-19 10:09:09,45,-8,3875.0,-332
2022-09-19 10:09:10,245,105,3875.5,-227
2022-09-19 10:09:11,181,-44,3875.5,-271
2022-09-19 10:09:12,80,8,3875.25,-263
2022-09-19 10:09:13,140,17,3875.75,-246
2022-09-19 10:09:14,370,67,3876.0,-179
2022-09-19 10:09:15,142,31,3875.75,-148
2022-09-19 10:09:16,107,0,3875.5,-148
2022-09-19 10:09:17,7,1,3875.75,-147
2022-09-19 10:09:18,60,13,3875.75,-134
2022-09-19 10:09:19,159,64,3876.25,-70
2022-09-19 10:09:20,233,81,3876.75,11
2022-09-19 10:09:21,25,20,3876.75,31
2022-09-19 10:09:22,121,7,3877.0,38
2022-09-19 10:09:23,85,-20,3876.75,18
2022-09-19 10:09:24,76,1,3876.75,19
2022-09-19 10:09:25,33,6,3876.75,25
2022-09-19 10:09:26,88,-15,3876.5,10
2022-09-19 10:09:27,36,-15,3876.5,-5
2022-09-19 10:09:28,62,-24,3876.25,-29
2022-09-19 10:09:29,27,-2,3876.0,-31
2022-09-19 10:09:30,39,-3,3876.0,-34
2022-09-19 10:09:31,1,1,3876.25,-33
2022-09-19 10:09:32,51,-12,3876.5,-45
2022-09-19 10:09:33,34,-11,3876.25,-56
2022-09-19 10:09:34,53,1,3876.25,-55
2022-09-19 10:09:35,73,20,3876.75,-35
2022-09-19 10:09:36,35,8,3877.0,-27
2022-09-19 10:09:37,21,-6,3877.0,-33
2022-09-19 10:09:38,79,19,3877.0,-14
2022-09-19 10:09:39,71,-19,3877.0,-33
2022-09-19 10:09:40,84,-14,3877.0,-47
2022-09-19 10:09:41,11,-3,3877.0,-50
2022-09-19 10:09:42,105,11,3876.5,-39
2022-09-19 10:09:43,23,-9,3876.25,-48
2022-09-19 10:09:44,25,1,3876.25,-47
2022-09-19 10:09:45,45,-1,3876.25,-48
2022-09-19 10:09:46,5,-1,3876.0,-49
2022-09-19 10:09:47,27,4,3876.25,-45
2022-09-19 10:09:48,58,12,3876.5,-33
2022-09-19 10:09:49,8,-2,3876.25,-35
2022-09-19 10:09:50,23,-6,3876.25,-41
2022-09-19 10:09:51,16,9,3876.25,-32
2022-09-19 10:09:52,52,-9,3876.5,-41
2022-09-19 10:09:53,59,14,3876.75,-27
2022-09-19 10:09:54,116,39,3877.5,12
2022-09-19 10:09:55,27,-7,3877.25,5
2022-09-19 10:09:56,27,8,3877.25,13
2022-09-19 10:09:57,94,-10,3877.0,3
2022-09-19 10:09:58,54,10,3877.25,13
2022-09-19 10:09:59,143,9,3877.25,22
2022-09-19 10:10:00,241,-17,3877.0,5
2022-09-19 10:10:01,51,4,3877.0,9
2022-09-19 10:10:02,19,-11,3877.0,-2
2022-09-19 10:10:03,18,-2,3876.75,-4
2022-09-19 10:10:04,50,-14,3877.0,-18
2022-09-19 10:10:05,103,-22,3876.5,-40
2022-09-19 10:10:06,11,-9,3876.5,-49
2022-09-19 10:10:07,129,-31,3876.5,-80
2022-09-19 10:10:08,45,2,3876.5,-78
2022-09-19 10:10:09,20,1,3876.75,-77
2022-09-19 10:10:10,88,50,3877.25,-27
2022-09-19 10:10:11,91,-10,3877.0,-37
2022-09-19 10:10:12,38,28,3877.25,-9
2022-09-19 10:10:13,101,-23,3877.25,-32
2022-09-19 10:10:14,110,39,3877.5,7
2022-09-19 10:10:15,126,15,3877.75,22
2022-09-19 10:10:16,69,-35,3877.75,-13
2022-09-19 10:10:17,32,4,3877.75,-9
2022-09-19 10:10:18,25,9,3877.5,0
2022-09-19 10:10:19,103,11,3877.75,11
2022-09-19 10:10:20,566,203,3878.75,214
2022-09-19 10:10:21,229,98,3879.0,312
2022-09-19 10:10:22,447,277,3880.0,589
2022-09-19 10:10:23,126,-23,3880.25,566
2022-09-19 10:10:24,94,7,3880.0,573
2022-09-19 10:10:25,48,-6,3879.75,567
2022-09-19 10:10:26,127,-6,3879.75,561
2022-09-19 10:10:27,124,-13,3879.75,548
2022-09-19 10:10:28,55,-4,3879.75,544
2022-09-19 10:10:29,105,-1,3880.0,543
2022-09-19 10:10:30,11,-2,3880.0,541
2022-09-19 10:10:31,177,9,3880.25,550
2022-09-19 10:10:32,49,17,3880.25,567
2022-09-19 10:10:33,133,-36,3880.0,531
2022-09-19 10:10:34,41,3,3880.0,534
2022-09-19 10:10:35,63,-2,3880.25,532
2022-09-19 10:10:36,112,-16,3880.5,516
2022-09-19 10:10:37,34,-6,3880.0,510
2022-09-19 10:10:38,74,-8,3880.0,502
2022-09-19 10:10:39,80,23,3880.0,525
2022-09-19 10:10:40,101,2,3880.25,527
2022-09-19 10:10:41,119,-38,3879.75,489
2022-09-19 10:10:42,199,-32,3879.5,457
2022-09-19 10:10:43,53,-10,3879.25,447
2022-09-19 10:10:44,184,-64,3879.25,383
2022-09-19 10:10:45,40,1,3879.0,384
2022-09-19 10:10:46,223,-45,3879.0,339
2022-09-19 10:10:47,88,17,3877.75,356
2022-09-19 10:10:48,62,9,3878.0,365
2022-09-19 10:10:49,21,-4,3877.75,361
2022-09-19 10:10:50,45,3,3877.75,364
2022-09-19 10:10:51,16,0,3877.75,364
2022-09-19 10:10:52,57,-17,3877.75,347
2022-09-19 10:10:53,97,-5,3877.5,342
2022-09-19 10:10:54,101,18,3878.0,360
2022-09-19 10:10:55,112,28,3878.25,388
2022-09-19 10:10:56,17,7,3878.0,395
2022-09-19 10:10:57,75,-14,3877.75,381
2022-09-19 10:10:58,28,-12,3877.75,369
2022-09-19 10:10:59,156,-12,3877.5,357
2022-09-19 10:11:00,67,18,3878.0,375
2022-09-19 10:11:01,166,53,3879.25,428
2022-09-19 10:11:02,79,16,3879.25,444
2022-09-19 10:11:03,72,-4,3879.25,440
2022-09-19 10:11:04,4,2,3879.25,442
2022-09-19 10:11:05,81,34,3879.75,476
2022-09-19 10:11:06,115,39,3879.75,515
2022-09-19 10:11:07,110,-4,3879.75,511
2022-09-19 10:11:08,130,-7,3879.25,504
2022-09-19 10:11:09,41,4,3879.25,508
2022-09-19 10:11:10,42,-2,3879.5,506
2022-09-19 10:11:11,268,105,3881.0,611
2022-09-19 10:11:12,251,52,3881.25,663
2022-09-19 10:11:13,84,-24,3881.0,639
2022-09-19 10:11:14,52,-11,3881.0,628
2022-09-19 10:11:15,83,15,3881.25,643
2022-09-19 10:11:16,131,-20,3881.0,623
2022-09-19 10:11:17,121,-31,3880.75,592
2022-09-19 10:11:18,63,3,3880.75,595
2022-09-19 10:11:19,50,6,3881.0,601
2022-09-19 10:11:20,43,-4,3880.75,597
2022-09-19 10:11:21,401,39,3881.5,636
2022-09-19 10:11:22,64,-9,3881.0,627
2022-09-19 10:11:23,20,3,3881.25,630
2022-09-19 10:11:24,39,-7,3881.25,623
2022-09-19 10:11:25,69,-39,3880.75,584
2022-09-19 10:11:26,22,2,3880.5,586
2022-09-19 10:11:27,62,-3,3880.5,583
2022-09-19 10:11:28,95,-9,3880.75,574
2022-09-19 10:11:29,277,-32,3880.25,542
2022-09-19 10:11:30,114,7,3879.75,549
2022-09-19 10:11:31,100,-20,3879.5,529
2022-09-19 10:11:32,29,14,3879.75,543
2022-09-19 10:11:33,26,-2,3879.5,541
2022-09-19 10:11:34,63,-1,3879.5,540
2022-09-19 10:11:35,27,5,3879.25,545
2022-09-19 10:11:36,80,-3,3879.5,542
2022-09-19 10:11:37,116,-19,3879.5,523
2022-09-19 10:11:38,86,-15,3879.25,508
2022-09-19 10:11:39,70,6,3879.25,514
2022-09-19 10:11:40,24,-13,3879.0,501
2022-09-19 10:11:41,109,2,3878.75,503
2022-09-19 10:11:42,114,39,3879.75,542
2022-09-19 10:11:43,29,8,3880.25,550
2022-09-19 10:11:44,79,3,3880.25,553
2022-09-19 10:11:45,43,7,3880.5,560
2022-09-19 10:11:46,121,19,3880.5,579
2022-09-19 10:11:47,14,-14,3880.25,565
2022-09-19 10:11:48,99,-12,3880.0,553
2022-09-19 10:11:49,2,-2,3879.75,551
2022-09-19 10:11:50,39,29,3880.5,580
2022-09-19 10:11:51,77,19,3880.75,599
2022-09-19 10:11:52,12,0,3880.75,599
2022-09-19 10:11:53,6,-1,3880.75,598
2022-09-19 10:11:54,163,42,3880.75,640
2022-09-19 10:11:55,26,6,3880.75,646
2022-09-19 10:11:56,23,-1,3880.75,645
2022-09-19 10:11:57,56,-18,3880.75,627
2022-09-19 10:11:58,11,5,3880.5,632
2022-09-19 10:11:59,38,9,3880.75,641
2022-09-19 10:12:00,40,-20,3880.75,621
2022-09-19 10:12:01,5,5,3880.5,626
2022-09-19 10:12:02,43,1,3880.5,627
2022-09-19 10:12:03,37,-2,3880.5,625
2022-09-19 10:12:04,140,-19,3880.25,606
2022-09-19 10:12:05,86,-33,3880.25,573
2022-09-19 10:12:06,120,28,3879.75,601
2022-09-19 10:12:07,54,10,3879.75,611
2022-09-19 10:12:08,27,15,3880.0,626
2022-09-19 10:12:09,76,-5,3879.75,621
2022-09-19 10:12:10,57,-13,3879.75,608
2022-09-19 10:12:11,155,-19,3879.25,589
2022-09-19 10:12:12,69,-8,3878.25,581
2022-09-19 10:12:13,75,-10,3878.5,571
2022-09-19 10:12:14,73,30,3878.5,601
2022-09-19 10:12:15,50,15,3878.75,616
2022-09-19 10:12:16,42,-3,3878.5,613
2022-09-19 10:12:17,67,17,3879.0,630
2022-09-19 10:12:18,65,7,3879.5,637
2022-09-19 10:12:19,68,-11,3879.5,626
2022-09-19 10:12:20,51,18,3879.75,644
2022-09-19 10:12:21,88,26,3880.0,670
2022-09-19 10:12:22,14,-7,3879.75,663
2022-09-19 10:12:23,87,-23,3879.75,640
2022-09-19 10:12:24,58,17,3879.75,657
2022-09-19 10:12:25,29,3,3880.0,660
2022-09-19 10:12:26,22,7,3880.0,667
2022-09-19 10:12:27,14,-13,3880.0,654
2022-09-19 10:12:28,13,2,3879.75,656
2022-09-19 10:12:29,86,7,3880.0,663
2022-09-19 10:12:30,23,3,3880.0,666
2022-09-19 10:12:31,49,1,3880.25,667
2022-09-19 10:12:32,55,33,3880.5,700
2022-09-19 10:12:33,91,3,3880.5,703
2022-09-19 10:12:34,65,-30,3880.5,673
2022-09-19 10:12:35,78,28,3880.75,701
2022-09-19 10:12:36,24,-2,3880.75,699
2022-09-19 10:12:37,34,1,3881.0,700
2022-09-19 10:12:38,64,-13,3881.0,687
2022-09-19 10:12:39,25,6,3881.0,693
2022-09-19 10:12:40,3,1,3880.75,694
2022-09-19 10:12:41,104,23,3880.75,717
2022-09-19 10:12:42,140,37,3881.5,754
2022-09-19 10:12:43,208,111,3882.0,865
2022-09-19 10:12:44,192,78,3882.75,943
2022-09-19 10:12:45,305,100,3883.5,1043
2022-09-19 10:12:46,316,158,3884.75,1201
2022-09-19 10:12:47,132,0,3884.75,1201
2022-09-19 10:12:48,301,90,3885.25,1291
2022-09-19 10:12:49,297,-53,3885.0,1238
2022-09-19 10:12:50,228,27,3885.75,1265
2022-09-19 10:12:51,183,-18,3885.75,1247
2022-09-19 10:12:52,256,14,3885.75,1261
2022-09-19 10:12:53,272,2,3885.75,1263
2022-09-19 10:12:54,116,-13,3885.25,1250
2022-09-19 10:12:55,135,-43,3885.0,1207
2022-09-19 10:12:56,161,-7,3884.5,1200
2022-09-19 10:12:57,78,-20,3884.5,1180
2022-09-19 10:12:58,116,73,3885.0,1253
2022-09-19 10:12:59,238,-18,3885.25,1235
2022-09-19 10:13:00,119,32,3885.5,1267
2022-09-19 10:13:01,86,19,3885.75,1286
2022-09-19 10:13:02,136,-11,3885.5,1275
2022-09-19 10:13:03,370,219,3886.0,1494
2022-09-19 10:13:04,113,13,3885.5,1507
2022-09-19 10:13:05,96,-28,3885.75,1479
2022-09-19 10:13:06,180,22,3886.0,1501
2022-09-19 10:13:07,55,-4,3885.75,1497
2022-09-19 10:13:08,123,-16,3885.25,1481
2022-09-19 10:13:09,101,26,3886.0,1507
2022-09-19 10:13:10,31,-1,3886.0,1506
2022-09-19 10:13:11,498,48,3886.5,1554
2022-09-19 10:13:12,58,-5,3886.0,1549
2022-09-19 10:13:13,118,23,3886.0,1572
2022-09-19 10:13:14,420,76,3887.25,1648
2022-09-19 10:13:15,608,260,3888.0,1908
2022-09-19 10:13:16,257,101,3888.0,2009
2022-09-19 10:13:17,285,42,3888.25,2051
2022-09-19 10:13:18,398,229,3888.5,2280
2022-09-19 10:13:19,193,-46,3888.0,2234
2022-09-19 10:13:20,192,77,3888.0,2311
2022-09-19 10:13:21,75,-25,3888.0,2286
2022-09-19 10:13:22,140,-5,3887.75,2281
2022-09-19 10:13:23,77,0,3887.75,2281
2022-09-19 10:13:24,430,153,3889.0,2434
2022-09-19 10:13:25,233,1,3889.5,2435
2022-09-19 10:13:26,161,1,3889.25,2436
2022-09-19 10:13:27,70,-16,3889.25,2420
2022-09-19 10:13:28,91,24,3889.25,2444
2022-09-19 10:13:29,242,10,3889.25,2454
2022-09-19 10:13:30,383,15,3889.5,2469
2022-09-19 10:13:31,241,65,3889.5,2534
2022-09-19 10:13:32,118,7,3889.25,2541
2022-09-19 10:13:33,146,39,3889.25,2580
2022-09-19 10:13:34,541,290,3890.25,2870
2022-09-19 10:13:35,190,-10,3890.25,2860
2022-09-19 10:13:36,358,112,3891.25,2972
2022-09-19 10:13:37,186,-20,3891.0,2952
2022-09-19 10:13:38,93,-3,3891.0,2949
2022-09-19 10:13:39,255,36,3890.75,2985
2022-09-19 10:13:40,195,10,3891.25,2995
2022-09-19 10:13:41,136,-18,3891.0,2977
2022-09-19 10:13:42,131,1,3891.0,2978
2022-09-19 10:13:43,151,-17,3891.0,2961
2022-09-19 10:13:44,167,-21,3891.0,2940
2022-09-19 10:13:45,106,14,3891.25,2954
2022-09-19 10:13:46,142,13,3891.25,2967
2022-09-19 10:13:47,211,7,3890.75,2974
2022-09-19 10:13:48,195,-77,3890.5,2897
2022-09-19 10:13:49,94,-3,3890.5,2894
2022-09-19 10:13:50,198,5,3890.75,2899
2022-09-19 10:13:51,135,-64,3890.5,2835
2022-09-19 10:13:52,249,13,3890.5,2848
2022-09-19 10:13:53,142,-31,3890.0,2817
2022-09-19 10:13:54,183,-23,3889.75,2794
2022-09-19 10:13:55,227,-38,3889.5,2756
2022-09-19 10:13:56,315,-29,3889.25,2727
2022-09-19 10:13:57,84,13,3889.5,2740
2022-09-19 10:13:58,48,1,3889.5,2741
2022-09-19 10:13:59,64,-12,3889.25,2729
2022-09-19 10:14:00,75,18,3889.25,2747
2022-09-19 10:14:01,218,20,3889.5,2767
2022-09-19 10:14:02,133,6,3889.75,2773
2022-09-19 10:14:03,45,-18,3889.75,2755
2022-09-19 10:14:04,172,-5,3889.25,2750
2022-09-19 10:14:05,103,3,3889.25,2753
2022-09-19 10:14:06,126,-16,3889.25,2737
2022-09-19 10:14:07,175,-9,3889.25,2728
2022-09-19 10:14:08,60,-13,3889.25,2715
2022-09-19 10:14:09,157,38,3889.75,2753
2022-09-19 10:14:10,146,25,3890.25,2778
2022-09-19 10:14:11,26,15,3890.25,2793
2022-09-19 10:14:12,114,56,3890.25,2849
2022-09-19 10:14:13,101,-39,3890.25,2810
2022-09-19 10:14:14,66,1,3890.5,2811
2022-09-19 10:14:15,65,12,3890.5,2823
2022-09-19 10:14:16,117,20,3890.5,2843
2022-09-19 10:14:17,210,-22,3890.75,2821
2022-09-19 10:14:18,137,37,3890.5,2858
2022-09-19 10:14:19,104,-3,3890.75,2855
2022-09-19 10:14:20,106,0,3891.0,2855
2022-09-19 10:14:21,327,-63,3890.75,2792
2022-09-19 10:14:22,161,-18,3890.25,2774
2022-09-19 10:14:23,87,-32,3890.0,2742
2022-09-19 10:14:24,25,17,3890.0,2759
2022-09-19 10:14:25,29,-7,3890.0,2752
2022-09-19 10:14:26,153,-42,3889.5,2710
2022-09-19 10:14:27,111,-13,3889.5,2697
2022-09-19 10:14:28,50,3,3889.0,2700
2022-09-19 10:14:29,323,-105,3889.0,2595
2022-09-19 10:14:30,250,-24,3888.75,2571
2022-09-19 10:14:31,224,-47,3888.5,2524
2022-09-19 10:14:32,143,27,3888.25,2551
2022-09-19 10:14:33,113,-22,3888.0,2529
2022-09-19 10:14:34,206,-38,3887.75,2491
2022-09-19 10:14:35,466,-65,3887.5,2426
2022-09-19 10:14:36,192,-85,3887.25,2341
2022-09-19 10:14:37,227,7,3886.75,2348
2022-09-19 10:14:38,155,49,3887.25,2397
2022-09-19 10:14:39,73,-11,3887.0,2386
2022-09-19 10:14:40,157,5,3887.25,2391
2022-09-19 10:14:41,145,-15,3887.0,2376
2022-09-19 10:14:42,112,8,3887.5,2384
2022-09-19 10:14:43,130,6,3887.5,2390
2022-09-19 10:14:44,133,4,3887.5,2394
2022-09-19 10:14:45,116,-12,3887.25,2382
2022-09-19 10:14:46,70,15,3887.0,2397
2022-09-19 10:14:47,66,4,3887.0,2401
2022-09-19 10:14:48,102,-21,3887.0,2380
2022-09-19 10:14:49,124,28,3886.75,2408
2022-09-19 10:14:50,99,-10,3886.5,2398
2022-09-19 10:14:51,44,-10,3886.25,2388
2022-09-19 10:14:52,112,-77,3886.5,2311
2022-09-19 10:14:53,307,-1,3885.75,2310
2022-09-19 10:14:54,107,24,3886.25,2334
2022-09-19 10:14:55,42,4,3886.25,2338
2022-09-19 10:14:56,125,-3,3886.25,2335
2022-09-19 10:14:57,35,-3,3886.5,2332
2022-09-19 10:14:58,178,-16,3886.0,2316
2022-09-19 10:14:59,84,-10,3886.0,2306
2022-09-19 10:15:00,196,-65,3886.0,2241
2022-09-19 10:15:01,138,23,3886.0,2264
2022-09-19 10:15:02,54,-2,3885.75,2262
2022-09-19 10:15:03,51,-26,3885.5,2236
2022-09-19 10:15:04,340,-153,3885.0,2083
2022-09-19 10:15:05,430,-94,3884.0,1989
2022-09-19 10:15:06,171,37,3883.5,2026
2022-09-19 10:15:07,252,15,3883.75,2041
2022-09-19 10:15:08,258,15,3884.25,2056
2022-09-19 10:15:09,50,18,3883.75,2074
2022-09-19 10:15:10,115,6,3883.75,2080
2022-09-19 10:15:11,149,-2,3884.0,2078
2022-09-19 10:15:12,112,-10,3883.5,2068
2022-09-19 10:15:13,100,26,3884.0,2094
2022-09-19 10:15:14,236,-45,3884.0,2049
2022-09-19 10:15:15,127,12,3884.25,2061
2022-09-19 10:15:16,87,16,3884.0,2077
2022-09-19 10:15:17,36,14,3884.25,2091
2022-09-19 10:15:18,83,-42,3884.25,2049
2022-09-19 10:15:19,103,16,3883.75,2065
2022-09-19 10:15:20,30,13,3883.5,2078
2022-09-19 10:15:21,64,8,3883.75,2086
2022-09-19 10:15:22,123,21,3883.75,2107
2022-09-19 10:15:23,70,-23,3884.0,2084
2022-09-19 10:15:24,203,39,3884.75,2123
2022-09-19 10:15:25,49,1,3885.0,2124
2022-09-19 10:15:26,72,15,3885.25,2139
2022-09-19 10:15:27,136,45,3885.5,2184
2022-09-19 10:15:28,5,3,3885.25,2187
2022-09-19 10:15:29,100,-12,3885.25,2175
2022-09-19 10:15:30,177,50,3885.75,2225
2022-09-19 10:15:31,34,-7,3885.75,2218
2022-09-19 10:15:32,83,42,3885.5,2260
2022-09-19 10:15:33,79,-8,3885.5,2252
2022-09-19 10:15:34,151,-65,3885.5,2187
2022-09-19 10:15:35,111,-50,3885.0,2137
2022-09-19 10:15:36,95,37,3885.5,2174
2022-09-19 10:15:37,24,8,3885.5,2182
2022-09-19 10:15:38,91,-12,3885.75,2170
2022-09-19 10:15:39,259,129,3887.25,2299
2022-09-19 10:15:40,106,4,3887.25,2303
2022-09-19 10:15:41,57,22,3887.25,2325
2022-09-19 10:15:42,21,10,3887.25,2335
2022-09-19 10:15:43,136,6,3887.25,2341
2022-09-19 10:15:44,71,25,3887.0,2366
2022-09-19 10:15:45,72,-7,3887.0,2359
2022-09-19 10:15:46,46,-6,3886.75,2353
2022-09-19 10:15:47,11,10,3886.75,2363
2022-09-19 10:15:48,25,5,3886.75,2368
2022-09-19 10:15:49,31,3,3886.75,2371
2022-09-19 10:15:50,182,-20,3887.0,2351
2022-09-19 10:15:51,72,-5,3886.25,2346
2022-09-19 10:15:52,47,7,3886.25,2353
2022-09-19 10:15:53,77,-19,3885.75,2334
2022-09-19 10:15:54,76,-6,3886.0,2328
2022-09-19 10:15:55,23,-7,3886.0,2321
2022-09-19 10:15:56,26,12,3886.0,2333
2022-09-19 10:15:57,72,3,3886.25,2336
2022-09-19 10:15:58,33,-15,3886.25,2321
2022-09-19 10:15:59,40,-2,3886.25,2319
2022-09-19 10:16:00,143,3,3886.0,2322
2022-09-19 10:16:01,81,10,3886.0,2332
2022-09-19 10:16:02,26,-14,3885.75,2318
2022-09-19 10:16:03,106,-48,3886.0,2270
2022-09-19 10:16:04,204,-62,3885.5,2208
2022-09-19 10:16:05,117,-12,3885.25,2196
2022-09-19 10:16:06,199,-14,3885.75,2182
2022-09-19 10:16:07,29,-7,3885.75,2175
2022-09-19 10:16:08,27,-8,3885.5,2167
2022-09-19 10:16:09,43,8,3885.25,2175
2022-09-19 10:16:10,30,14,3885.5,2189
2022-09-19 10:16:11,59,10,3885.25,2199
2022-09-19 10:16:12,81,13,3885.75,2212
2022-09-19 10:16:13,56,-15,3885.75,2197
2022-09-19 10:16:14,62,45,3886.5,2242
2022-09-19 10:16:15,238,73,3887.75,2315
2022-09-19 10:16:16,148,-15,3887.5,2300
2022-09-19 10:16:17,60,-26,3886.75,2274
2022-09-19 10:16:18,34,20,3886.25,2294
2022-09-19 10:16:19,62,25,3886.75,2319
2022-09-19 10:16:20,25,-3,3887.0,2316
2022-09-19 10:16:21,89,13,3886.75,2329
2022-09-19 10:16:22,93,-21,3886.75,2308
2022-09-19 10:16:23,120,-19,3886.5,2289
2022-09-19 10:16:24,58,7,3886.25,2296
2022-09-19 10:16:25,26,-4,3886.0,2292
2022-09-19 10:16:26,14,4,3886.0,2296
2022-09-19 10:16:27,62,14,3886.25,2310
2022-09-19 10:16:28,15,-11,3886.25,2299
2022-09-19 10:16:29,58,13,3886.25,2312
2022-09-19 10:16:30,16,5,3886.25,2317
2022-09-19 10:16:31,48,26,3886.5,2343
2022-09-19 10:16:32,94,-25,3886.5,2318
2022-09-19 10:16:33,10,-8,3886.25,2310
2022-09-19 10:16:34,85,-17,3886.0,2293
2022-09-19 10:16:35,63,-16,3886.0,2277
2022-09-19 10:16:36,79,15,3886.0,2292
2022-09-19 10:16:37,114,1,3885.75,2293
2022-09-19 10:16:38,7,-1,3885.75,2292
2022-09-19 10:16:39,22,-4,3885.75,2288
2022-09-19 10:16:40,53,3,3885.5,2291
2022-09-19 10:16:41,188,-46,3885.0,2245
2022-09-19 10:16:42,3,-1,3885.0,2244
2022-09-19 10:16:43,86,-3,3885.25,2241
2022-09-19 10:16:44,111,6,3885.25,2247
2022-09-19 10:16:45,76,-28,3885.25,2219
2022-09-19 10:16:46,52,-24,3885.0,2195
2022-09-19 10:16:47,82,2,3884.75,2197
2022-09-19 10:16:48,132,-38,3884.5,2159
2022-09-19 10:16:49,86,-22,3884.5,2137
2022-09-19 10:16:50,29,7,3884.75,2144
2022-09-19 10:16:51,113,3,3884.75,2147
2022-09-19 10:16:52,144,50,3885.0,2197
2022-09-19 10:16:53,19,-1,3885.25,2196
2022-09-19 10:16:54,47,-24,3885.5,2172
2022-09-19 10:16:55,55,17,3885.5,2189
2022-09-19 10:16:56,77,5,3885.5,2194
2022-09-19 10:16:57,79,4,3885.75,2198
2022-09-19 10:16:58,57,-14,3885.5,2184
2022-09-19 10:16:59,30,-3,3885.5,2181
2022-09-19 10:17:00,82,12,3885.75,2193
2022-09-19 10:17:01,109,-17,3885.25,2176
2022-09-19 10:17:02,37,3,3885.5,2179
2022-09-19 10:17:03,25,-5,3885.5,2174
2022-09-19 10:17:04,78,30,3886.0,2204
2022-09-19 10:17:05,75,-14,3886.0,2190
2022-09-19 10:17:06,19,4,3885.75,2194
2022-09-19 10:17:07,7,5,3886.0,2199
2022-09-19 10:17:08,57,40,3886.5,2239
2022-09-19 10:17:09,72,-12,3886.5,2227
2022-09-19 10:17:10,50,-2,3886.5,2225
2022-09-19 10:17:11,119,55,3887.25,2280
2022-09-19 10:17:12,84,-17,3887.25,2263
2022-09-19 10:17:13,26,10,3887.25,2273
2022-09-19 10:17:14,101,-21,3887.25,2252
2022-09-19 10:17:15,42,-4,3886.5,2248
2022-09-19 10:17:16,19,1,3886.5,2249
2022-09-19 10:17:17,57,-14,3886.25,2235
2022-09-19 10:17:18,59,13,3886.0,2248
2022-09-19 10:17:19,60,-12,3886.0,2236
2022-09-19 10:17:20,31,1,3886.0,2237
2022-09-19 10:17:21,37,7,3886.5,2244
2022-09-19 10:17:22,12,1,3886.75,2245
2022-09-19 10:17:23,34,25,3887.25,2270
2022-09-19 10:17:24,24,-8,3887.0,2262
2022-09-19 10:17:25,58,-24,3887.25,2238
2022-09-19 10:17:26,28,-2,3887.0,2236
2022-09-19 10:17:27,35,-15,3887.0,2221
2022-09-19 10:17:28,41,-4,3886.75,2217
2022-09-19 10:17:29,40,-6,3886.75,2211
2022-09-19 10:17:30,28,-1,3887.0,2210
2022-09-19 10:17:31,16,-13,3886.75,2197
2022-09-19 10:17:32,34,-1,3886.75,2196
2022-09-19 10:17:33,39,-2,3887.0,2194
2022-09-19 10:17:34,124,10,3887.25,2204
2022-09-19 10:17:35,51,-8,3887.0,2196
2022-09-19 10:17:36,62,-12,3886.5,2184
2022-09-19 10:17:37,10,-5,3886.5,2179
2022-09-19 10:17:38,37,-6,3886.5,2173
2022-09-19 10:17:39,11,-1,3886.75,2172
2022-09-19 10:17:40,5,-4,3886.75,2168
2022-09-19 10:17:41,58,46,3886.75,2214
2022-09-19 10:17:42,57,-7,3886.75,2207
2022-09-19 10:17:43,17,5,3886.5,2212
2022-09-19 10:17:44,29,-5,3886.5,2207
2022-09-19 10:17:45,35,-9,3886.5,2198
2022-09-19 10:17:46,100,8,3886.75,2206
2022-09-19 10:17:47,37,14,3886.75,2220
2022-09-19 10:17:48,57,10,3886.75,2230
2022-09-19 10:17:49,13,-3,3886.75,2227
2022-09-19 10:17:50,38,-6,3886.75,2221
2022-09-19 10:17:51,15,8,3886.5,2229
2022-09-19 10:17:52,98,-20,3886.5,2209
2022-09-19 10:17:53,54,-13,3886.5,2196
2022-09-19 10:17:54,66,-5,3886.5,2191
2022-09-19 10:17:55,32,2,3886.25,2193
2022-09-19 10:17:56,30,-4,3886.0,2189
2022-09-19 10:17:57,80,-23,3886.25,2166
2022-09-19 10:17:58,49,-5,3885.75,2161
2022-09-19 10:17:59,80,3,3885.75,2164
2022-09-19 10:18:00,44,-11,3885.5,2153
2022-09-19 10:18:01,43,1,3885.75,2154
2022-09-19 10:18:02,31,-11,3885.5,2143
2022-09-19 10:18:03,84,-20,3885.5,2123
2022-09-19 10:18:04,56,-2,3885.5,2121
2022-09-19 10:18:05,73,-41,3885.5,2080
2022-09-19 10:18:06,31,-10,3885.5,2070
2022-09-19 10:18:07,118,-62,3885.5,2008
2022-09-19 10:18:08,91,53,3885.5,2061
2022-09-19 10:18:09,32,-9,3885.25,2052
2022-09-19 10:18:10,78,-14,3885.0,2038
2022-09-19 10:18:11,50,6,3885.0,2044
2022-09-19 10:18:12,63,-15,3884.75,2029
2022-09-19 10:18:13,112,-8,3884.5,2021
2022-09-19 10:18:14,143,-36,3884.25,1985
2022-09-19 10:18:15,49,-4,3884.5,1981
2022-09-19 10:18:16,69,-2,3884.25,1979
2022-09-19 10:18:17,6,-4,3884.25,1975
2022-09-19 10:18:18,85,-24,3884.0,1951
2022-09-19 10:18:19,58,3,3883.75,1954
2022-09-19 10:18:20,32,6,3884.25,1960
2022-09-19 10:18:21,143,-18,3884.0,1942
2022-09-19 10:18:22,62,4,3883.5,1946
2022-09-19 10:18:23,136,31,3883.75,1977
2022-09-19 10:18:24,12,-8,3883.5,1969
2022-09-19 10:18:25,144,-46,3883.5,1923
2022-09-19 10:18:26,63,17,3883.75,1940
2022-09-19 10:18:27,65,7,3884.0,1947
2022-09-19 10:18:28,32,17,3883.75,1964
2022-09-19 10:18:29,99,-31,3883.5,1933
2022-09-19 10:18:30,146,22,3884.0,1955
2022-09-19 10:18:31,48,-2,3884.0,1953
2022-09-19 10:18:32,27,8,3884.0,1961
2022-09-19 10:18:33,124,15,3884.5,1976
2022-09-19 10:18:34,78,7,3884.5,1983
2022-09-19 10:18:35,3,1,3884.25,1984
2022-09-19 10:18:36,29,8,3884.25,1992
2022-09-19 10:18:37,78,-16,3884.25,1976
2022-09-19 10:18:38,30,-2,3883.75,1974
2022-09-19 10:18:39,47,-13,3884.0,1961
2022-09-19 10:18:40,45,-20,3883.75,1941
2022-09-19 10:18:41,65,2,3883.75,1943
2022-09-19 10:18:42,37,1,3883.75,1944
2022-09-19 10:18:43,273,-104,3883.5,1840
2022-09-19 10:18:44,80,26,3883.0,1866
2022-09-19 10:18:45,95,-42,3882.75,1824
2022-09-19 10:18:46,100,20,3883.0,1844
2022-09-19 10:18:47,72,15,3883.5,1859
2022-09-19 10:18:48,70,0,3883.25,1859
2022-09-19 10:18:49,156,-113,3883.0,1746
2022-09-19 10:18:50,98,-14,3882.75,1732
2022-09-19 10:18:51,68,-14,3882.75,1718
2022-09-19 10:18:52,82,20,3883.0,1738
2022-09-19 10:18:53,47,-4,3883.0,1734
2022-09-19 10:18:54,112,4,3883.0,1738
2022-09-19 10:18:55,30,16,3883.0,1754
2022-09-19 10:18:56,37,0,3883.0,1754
2022-09-19 10:18:57,25,-1,3883.25,1753
2022-09-19 10:18:58,53,24,3883.75,1777
2022-09-19 10:18:59,148,24,3883.75,1801
2022-09-19 10:19:00,179,-38,3884.0,1763
2022-09-19 10:19:01,66,11,3884.0,1774
2022-09-19 10:19:02,160,-39,3883.5,1735
2022-09-19 10:19:03,33,-3,3883.25,1732
2022-09-19 10:19:04,67,-15,3883.25,1717
2022-09-19 10:19:05,54,-25,3883.25,1692
2022-09-19 10:19:06,88,31,3883.0,1723
2022-09-19 10:19:07,93,2,3883.25,1725
2022-09-19 10:19:08,38,-11,3883.25,1714
2022-09-19 10:19:09,56,-9,3883.0,1705
2022-09-19 10:19:10,154,-75,3883.0,1630
2022-09-19 10:19:11,55,-36,3882.25,1594
2022-09-19 10:19:12,85,-42,3882.25,1552
2022-09-19 10:19:13,348,-223,3881.75,1329
2022-09-19 10:19:14,133,-7,3881.0,1322
2022-09-19 10:19:15,152,32,3881.25,1354
2022-09-19 10:19:16,57,-9,3881.5,1345
2022-09-19 10:19:17,85,-1,3881.75,1344
2022-09-19 10:19:18,64,-10,3881.5,1334
2022-09-19 10:19:19,183,-17,3881.0,1317
2022-09-19 10:19:20,84,2,3881.25,1319
2022-09-19 10:19:21,325,-18,3881.0,1301
2022-09-19 10:19:22,61,-24,3881.0,1277
2022-09-19 10:19:23,119,2,3881.0,1279
2022-09-19 10:19:24,90,-17,3880.75,1262
2022-09-19 10:19:25,77,-10,3880.75,1252
2022-09-19 10:19:26,87,-32,3880.5,1220
2022-09-19 10:19:27,555,-269,3880.0,951
2022-09-19 10:19:28,107,7,3879.5,958
2022-09-19 10:19:29,127,16,3880.0,974
2022-09-19 10:19:30,74,16,3880.5,990
2022-09-19 10:19:31,62,-19,3880.25,971
2022-09-19 10:19:32,34,7,3880.0,978
2022-09-19 10:19:33,45,6,3880.25,984
2022-09-19 10:19:34,34,4,3880.25,988
2022-09-19 10:19:35,176,44,3880.25,1032
2022-09-19 10:19:36,143,-11,3880.5,1021
2022-09-19 10:19:37,27,-10,3880.5,1011
2022-09-19 10:19:38,77,1,3880.5,1012
2022-09-19 10:19:39,16,5,3880.0,1017
2022-09-19 10:19:40,91,-3,3880.0,1014
2022-09-19 10:19:41,189,-20,3880.0,994
2022-09-19 10:19:42,131,-47,3880.0,947
2022-09-19 10:19:43,43,-14,3880.0,933
2022-09-19 10:19:44,52,-15,3879.75,918
2022-09-19 10:19:45,12,0,3879.75,918
2022-09-19 10:19:46,62,-4,3879.75,914
2022-09-19 10:19:47,116,46,3880.5,960
2022-09-19 10:19:48,180,57,3880.75,1017
2022-09-19 10:19:49,43,-1,3880.25,1016
2022-09-19 10:19:50,247,-104,3880.25,912
2022-09-19 10:19:51,36,-13,3879.75,899
2022-09-19 10:19:52,234,79,3880.25,978
2022-09-19 10:19:53,115,18,3879.75,996
2022-09-19 10:19:54,98,-25,3879.75,971
2022-09-19 10:19:55,118,4,3879.75,975
2022-09-19 10:19:56,47,-11,3879.75,964
2022-09-19 10:19:57,57,8,3880.0,972
2022-09-19 10:19:58,81,-11,3880.0,961
2022-09-19 10:19:59,69,-43,3880.0,918
2022-09-19 10:20:00,203,-36,3880.0,882
2022-09-19 10:20:01,71,17,3880.0,899
2022-09-19 10:20:02,169,-3,3880.25,896
2022-09-19 10:20:03,63,-15,3879.75,881
2022-09-19 10:20:04,117,23,3880.25,904
2022-09-19 10:20:05,54,-6,3880.25,898
2022-09-19 10:20:06,164,35,3880.75,933
2022-09-19 10:20:07,142,30,3881.0,963
2022-09-19 10:20:08,68,9,3880.75,972
2022-09-19 10:20:09,43,16,3881.0,988
2022-09-19 10:20:10,110,-10,3880.75,978
2022-09-19 10:20:11,74,-23,3880.5,955
2022-09-19 10:20:12,80,-6,3880.5,949
2022-09-19 10:20:13,20,0,3880.5,949
2022-09-19 10:20:14,81,-28,3880.25,921
2022-09-19 10:20:15,126,0,3880.75,921
2022-09-19 10:20:16,72,12,3880.75,933
2022-09-19 10:20:17,22,-5,3880.5,928
2022-09-19 10:20:18,70,-15,3880.5,913
2022-09-19 10:20:19,108,-21,3880.75,892
2022-09-19 10:20:20,112,-27,3880.5,865
2022-09-19 10:20:21,88,17,3880.75,882
2022-09-19 10:20:22,36,-18,3880.25,864
2022-09-19 10:20:23,112,-17,3880.0,847
2022-09-19 10:20:24,41,-5,3880.0,842
2022-09-19 10:20:25,75,-11,3879.5,831
2022-09-19 10:20:26,213,-49,3879.75,782
2022-09-19 10:20:27,204,-64,3878.75,718
2022-09-19 10:20:28,120,-11,3878.5,707
2022-09-19 10:20:29,189,-48,3878.5,659
2022-09-19 10:20:30,202,-20,3878.5,639
2022-09-19 10:20:31,112,-35,3878.0,604
2022-09-19 10:20:32,132,-18,3878.0,586
2022-09-19 10:20:33,88,-15,3878.25,571
2022-09-19 10:20:34,117,-22,3877.75,549
2022-09-19 10:20:35,80,9,3878.0,558
2022-09-19 10:20:36,59,23,3878.5,581
2022-09-19 10:20:37,77,1,3878.25,582
2022-09-19 10:20:38,179,43,3878.75,625
2022-09-19 10:20:39,91,-44,3878.75,581
2022-09-19 10:20:40,106,11,3878.75,592
2022-09-19 10:20:41,72,1,3879.0,593
2022-09-19 10:20:42,63,19,3878.5,612
2022-09-19 10:20:43,98,21,3879.0,633
2022-09-19 10:20:44,55,-13,3878.75,620
2022-09-19 10:20:45,58,2,3878.75,622
2022-09-19 10:20:46,102,-18,3878.5,604
2022-09-19 10:20:47,196,-44,3878.25,560
2022-09-19 10:20:48,69,5,3878.25,565
2022-09-19 10:20:49,69,-3,3878.5,562
2022-09-19 10:20:50,133,-35,3878.25,527
2022-09-19 10:20:51,55,11,3878.25,538
2022-09-19 10:20:52,45,-26,3878.0,512
2022-09-19 10:20:53,27,6,3878.25,518
2022-09-19 10:20:54,187,125,3879.0,643
2022-09-19 10:20:55,59,4,3878.75,647
2022-09-19 10:20:56,39,-26,3878.75,621
2022-09-19 10:20:57,137,-29,3878.0,592
2022-09-19 10:20:58,61,4,3878.0,596
2022-09-19 10:20:59,54,-4,3878.5,592
2022-09-19 10:21:00,93,9,3878.25,601
2022-09-19 10:21:01,222,-45,3878.25,556
2022-09-19 10:21:02,65,11,3878.0,567
2022-09-19 10:21:03,16,0,3878.25,567
2022-09-19 10:21:04,68,10,3878.25,577
2022-09-19 10:21:05,99,-8,3878.75,569
2022-09-19 10:21:06,125,-3,3878.75,566
2022-09-19 10:21:07,65,16,3878.75,582
2022-09-19 10:21:08,91,-11,3879.0,571
2022-09-19 10:21:09,52,3,3878.75,574
2022-09-19 10:21:10,78,22,3878.75,596
2022-09-19 10:21:11,53,-1,3878.75,595
2022-09-19 10:21:12,296,47,3879.5,642
2022-09-19 10:21:13,61,-7,3879.25,635
2022-09-19 10:21:14,35,6,3879.25,641
2022-09-19 10:21:15,72,-7,3879.5,634
2022-09-19 10:21:16,219,-11,3879.5,623
2022-09-19 10:21:17,97,6,3879.5,629
2022-09-19 10:21:18,34,5,3879.25,634
2022-09-19 10:21:19,98,0,3879.5,634
2022-09-19 10:21:20,52,1,3879.0,635
2022-09-19 10:21:21,53,3,3879.0,638
2022-09-19 10:21:22,84,-25,3879.0,613
2022-09-19 10:21:23,33,-8,3879.0,605
2022-09-19 10:21:24,17,-1,3878.75,604
2022-09-19 10:21:25,71,-10,3879.0,594
2022-09-19 10:21:26,9,-3,3879.0,591
2022-09-19 10:21:27,229,-68,3879.0,523
2022-09-19 10:21:28,60,-8,3878.25,515
2022-09-19 10:21:29,224,-93,3878.0,422
2022-09-19 10:21:30,319,-34,3877.5,388
2022-09-19 10:21:31,142,-3,3877.75,385
2022-09-19 10:21:32,146,21,3878.25,406
2022-09-19 10:21:33,97,-8,3878.0,398
2022-09-19 10:21:34,85,-3,3877.75,395
2022-09-19 10:21:35,83,0,3878.0,395
2022-09-19 10:21:36,106,-20,3877.75,375
2022-09-19 10:21:37,24,-11,3877.5,364
2022-09-19 10:21:38,70,4,3877.5,368
2022-09-19 10:21:39,107,9,3878.0,377
2022-09-19 10:21:40,42,-5,3878.25,372
2022-09-19 10:21:41,112,-27,3877.75,345
2022-09-19 10:21:42,66,-1,3877.75,344
2022-09-19 10:21:43,137,-30,3877.5,314
2022-09-19 10:21:44,51,-2,3877.75,312
2022-09-19 10:21:45,40,-5,3877.75,307
2022-09-19 10:21:46,118,-28,3877.5,279
2022-09-19 10:21:47,224,-84,3877.25,195
2022-09-19 10:21:48,181,-58,3876.75,137
2022-09-19 10:21:49,73,-2,3876.5,135
2022-09-19 10:21:50,183,-25,3876.5,110
2022-09-19 10:21:51,135,-22,3876.5,88
2022-09-19 10:21:52,19,-2,3876.5,86
2022-09-19 10:21:53,79,-16,3876.5,70
2022-09-19 10:21:54,181,18,3876.5,88
2022-09-19 10:21:55,68,35,3877.0,123
2022-09-19 10:21:56,561,-361,3877.0,-238
2022-09-19 10:21:57,119,1,3877.0,-237
2022-09-19 10:21:58,75,-4,3877.0,-241
2022-09-19 10:21:59,194,75,3877.5,-166
2022-09-19 10:22:00,76,-28,3877.5,-194
2022-09-19 10:22:01,107,17,3877.75,-177
2022-09-19 10:22:02,54,-6,3877.75,-183
2022-09-19 10:22:03,79,9,3878.0,-174
2022-09-19 10:22:04,66,6,3878.0,-168
2022-09-19 10:22:05,89,28,3878.0,-140
2022-09-19 10:22:06,34,4,3878.0,-136
2022-09-19 10:22:07,53,13,3878.0,-123
2022-09-19 10:22:08,253,54,3878.75,-69
2022-09-19 10:22:09,388,38,3879.25,-31
2022-09-19 10:22:10,207,-33,3879.0,-64
2022-09-19 10:22:11,138,-11,3878.0,-75
2022-09-19 10:22:12,52,4,3877.5,-71
2022-09-19 10:22:13,193,16,3878.0,-55
2022-09-19 10:22:14,99,-20,3877.25,-75
2022-09-19 10:22:15,107,-24,3877.25,-99
2022-09-19 10:22:16,152,-9,3877.25,-108
2022-09-19 10:22:17,280,-94,3876.75,-202
2022-09-19 10:22:18,54,2,3876.25,-200
2022-09-19 10:22:19,54,22,3877.0,-178
2022-09-19 10:22:20,71,-17,3877.0,-195
2022-09-19 10:22:21,76,-12,3876.75,-207
2022-09-19 10:22:22,34,4,3877.25,-203
2022-09-19 10:22:23,253,-33,3877.5,-236
2022-09-19 10:22:24,49,7,3877.25,-229
2022-09-19 10:22:25,33,6,3877.5,-223
2022-09-19 10:22:26,4,3,3877.5,-220
2022-09-19 10:22:27,64,5,3877.5,-215
2022-09-19 10:22:28,11,8,3877.5,-207
2022-09-19 10:22:29,102,12,3878.0,-195
2022-09-19 10:22:30,134,-91,3877.75,-286
2022-09-19 10:22:31,107,0,3877.75,-286
2022-09-19 10:22:32,42,-5,3877.75,-291
2022-09-19 10:22:33,62,15,3877.5,-276
2022-09-19 10:22:34,27,5,3877.5,-271
2022-09-19 10:22:35,33,12,3878.0,-259
2022-09-19 10:22:36,330,95,3880.0,-164
2022-09-19 10:22:37,35,-12,3879.5,-176
2022-09-19 10:22:38,109,-11,3879.0,-187
2022-09-19 10:22:39,59,-17,3878.75,-204
2022-09-19 10:22:40,30,-2,3878.75,-206
2022-09-19 10:22:41,50,0,3878.25,-206
2022-09-19 10:22:42,67,-19,3877.75,-225
2022-09-19 10:22:43,48,3,3877.75,-222
2022-09-19 10:22:44,45,34,3878.25,-188
2022-09-19 10:22:45,53,-27,3878.5,-215
2022-09-19 10:22:46,128,19,3879.0,-196
2022-09-19 10:22:47,55,15,3878.75,-181
2022-09-19 10:22:48,382,183,3879.5,2
2022-09-19 10:22:49,132,0,3879.5,2
2022-09-19 10:22:50,291,122,3881.0,124
2022-09-19 10:22:51,104,8,3881.0,132
2022-09-19 10:22:52,96,-28,3880.75,104
2022-09-19 10:22:53,230,22,3880.5,126
2022-09-19 10:22:54,30,2,3880.5,128
2022-09-19 10:22:55,77,1,3880.25,129
2022-09-19 10:22:56,72,-11,3880.5,118
2022-09-19 10:22:57,75,-8,3880.5,110
2022-09-19 10:22:58,28,8,3880.25,118
2022-09-19 10:22:59,180,12,3880.5,130
2022-09-19 10:23:00,67,1,3880.5,131
2022-09-19 10:23:01,164,11,3880.5,142
2022-09-19 10:23:02,170,-43,3880.25,99
2022-09-19 10:23:03,125,-24,3879.25,75
2022-09-19 10:23:04,119,-32,3878.75,43
2022-09-19 10:23:05,90,-8,3878.5,35
2022-09-19 10:23:06,91,14,3878.75,49
2022-09-19 10:23:07,87,10,3878.75,59
2022-09-19 10:23:08,79,1,3878.75,60
2022-09-19 10:23:09,106,24,3878.75,84
2022-09-19 10:23:10,85,21,3879.0,105
2022-09-19 10:23:11,157,52,3880.0,157
2022-09-19 10:23:12,42,4,3880.0,161
2022-09-19 10:23:13,42,-11,3879.5,150
2022-09-19 10:23:14,3,2,3879.75,152
2022-09-19 10:23:15,96,7,3879.75,159
2022-09-19 10:23:16,75,-8,3879.75,151
2022-09-19 10:23:17,90,3,3879.75,154
2022-09-19 10:23:18,55,-3,3879.75,151
2022-09-19 10:23:19,31,-16,3879.5,135
2022-09-19 10:23:20,88,32,3880.0,167
2022-09-19 10:23:21,106,29,3880.25,196
2022-09-19 10:23:22,20,12,3880.0,208
2022-09-19 10:23:23,70,11,3880.0,219
2022-09-19 10:23:24,22,-9,3880.25,210
2022-09-19 10:23:25,6,6,3880.0,216
2022-09-19 10:23:26,64,-11,3879.75,205
2022-09-19 10:23:27,75,13,3880.0,218
2022-09-19 10:23:28,26,0,3880.0,218
2022-09-19 10:23:29,36,0,3879.5,218
2022-09-19 10:23:30,64,-4,3880.25,214
2022-09-19 10:23:31,34,-4,3880.0,210
2022-09-19 10:23:32,47,6,3879.75,216
2022-09-19 10:23:33,52,25,3879.75,241
2022-09-19 10:23:34,44,1,3880.0,242
2022-09-19 10:23:35,37,-3,3879.75,239
2022-09-19 10:23:36,50,1,3879.75,240
2022-09-19 10:23:37,30,17,3880.0,257
2022-09-19 10:23:38,67,-11,3880.0,246
2022-09-19 10:23:39,37,-5,3879.5,241
2022-09-19 10:23:40,71,-28,3879.75,213
2022-09-19 10:23:41,68,8,3879.5,221
2022-09-19 10:23:42,34,-4,3879.25,217
2022-09-19 10:23:43,34,-14,3879.0,203
2022-09-19 10:23:44,91,-11,3879.0,192
2022-09-19 10:23:45,63,-7,3878.75,185
2022-09-19 10:23:46,30,28,3879.25,213
2022-09-19 10:23:47,20,-3,3879.25,210
2022-09-19 10:23:48,34,2,3879.5,212
2022-09-19 10:23:49,81,-13,3879.5,199
2022-09-19 10:23:50,11,-1,3879.25,198
2022-09-19 10:23:51,14,2,3879.25,200
2022-09-19 10:23:52,11,-4,3879.25,196
2022-09-19 10:23:53,17,1,3879.25,197
2022-09-19 10:23:54,64,15,3880.0,212
2022-09-19 10:23:55,38,0,3880.0,212
2022-09-19 10:23:56,19,2,3879.75,214
2022-09-19 10:23:57,32,-8,3879.75,206
2022-09-19 10:23:58,12,-6,3879.5,200
2022-09-19 10:23:59,17,7,3879.75,207
2022-09-19 10:24:00,55,27,3880.5,234
2022-09-19 10:24:01,43,-1,3880.25,233
2022-09-19 10:24:02,82,-5,3879.75,228
2022-09-19 10:24:03,33,2,3880.0,230
2022-09-19 10:24:04,58,8,3880.25,238
2022-09-19 10:24:05,357,69,3880.75,307
2022-09-19 10:24:06,55,17,3880.5,324
2022-09-19 10:24:07,232,-64,3880.75,260
2022-09-19 10:24:08,9,3,3880.5,263
2022-09-19 10:24:09,3,-1,3880.5,262
2022-09-19 10:24:10,62,31,3880.5,293
2022-09-19 10:24:11,174,-45,3880.25,248
2022-09-19 10:24:12,136,-19,3879.75,229
2022-09-19 10:24:13,43,5,3880.0,234
2022-09-19 10:24:14,619,363,3882.5,597
2022-09-19 10:24:15,142,10,3882.5,607
2022-09-19 10:24:16,160,-13,3882.5,594
2022-09-19 10:24:17,175,72,3882.25,666
2022-09-19 10:24:18,72,25,3882.5,691
2022-09-19 10:24:19,154,24,3882.75,715
2022-09-19 10:24:20,137,5,3882.5,720
2022-09-19 10:24:21,336,159,3882.75,879
2022-09-19 10:24:22,114,-15,3882.5,864
2022-09-19 10:24:23,169,12,3882.25,876
2022-09-19 10:24:24,161,1,3882.25,877
2022-09-19 10:24:25,252,-87,3882.25,790
2022-09-19 10:24:26,57,-26,3881.5,764
2022-09-19 10:24:27,89,-15,3880.75,749
2022-09-19 10:24:28,18,-1,3880.75,748
2022-09-19 10:24:29,61,-6,3880.5,742
2022-09-19 10:24:30,117,-19,3880.25,723
2022-09-19 10:24:31,65,-1,3880.5,722
2022-09-19 10:24:32,36,4,3881.0,726
2022-09-19 10:24:33,55,-1,3881.25,725
2022-09-19 10:24:34,21,3,3881.25,728
2022-09-19 10:24:35,2,-1,3881.0,727
2022-09-19 10:24:36,102,10,3881.25,737
2022-09-19 10:24:37,26,-4,3881.25,733
2022-09-19 10:24:38,8,7,3881.25,740
2022-09-19 10:24:39,29,2,3881.5,742
2022-09-19 10:24:40,29,-5,3881.25,737
2022-09-19 10:24:41,30,-6,3881.25,731
2022-09-19 10:24:42,61,-43,3881.5,688
2022-09-19 10:24:43,77,18,3881.75,706
2022-09-19 10:24:44,34,12,3882.0,718
2022-09-19 10:24:45,15,-6,3881.75,712
2022-09-19 10:24:46,81,-9,3881.75,703
2022-09-19 10:24:47,35,6,3881.75,709
2022-09-19 10:24:48,35,-3,3881.75,706
2022-09-19 10:24:49,117,24,3882.25,730
2022-09-19 10:24:50,50,31,3882.25,761
2022-09-19 10:24:51,5,-1,3882.0,760
2022-09-19 10:24:52,7,-3,3882.0,757
2022-09-19 10:24:53,93,47,3882.5,804
2022-09-19 10:24:54,180,16,3882.5,820
2022-09-19 10:24:55,73,34,3882.5,854
2022-09-19 10:24:56,46,25,3882.5,879
2022-09-19 10:24:57,8,3,3882.75,882
2022-09-19 10:24:58,74,-14,3882.75,868
2022-09-19 10:24:59,39,16,3883.0,884
2022-09-19 10:25:00,121,86,3883.5,970
2022-09-19 10:25:01,121,71,3884.25,1041
2022-09-19 10:25:02,44,17,3884.25,1058
2022-09-19 10:25:03,83,-22,3884.5,1036
2022-09-19 10:25:04,179,-84,3884.25,952
2022-09-19 10:25:05,359,-11,3885.0,941
2022-09-19 10:25:06,242,5,3885.25,946
2022-09-19 10:25:07,146,24,3885.0,970
2022-09-19 10:25:08,94,-26,3884.75,944
2022-09-19 10:25:09,95,20,3884.75,964
2022-09-19 10:25:10,69,9,3884.5,973
2022-09-19 10:25:11,201,5,3884.5,978
2022-09-19 10:25:12,61,-11,3884.75,967
2022-09-19 10:25:13,109,5,3884.25,972
2022-09-19 10:25:14,56,23,3884.25,995
2022-09-19 10:25:15,110,31,3884.25,1026
2022-09-19 10:25:16,72,20,3885.0,1046
2022-09-19 10:25:17,53,-18,3884.75,1028
2022-09-19 10:25:18,101,2,3885.0,1030
2022-09-19 10:25:19,23,1,3885.0,1031
2022-09-19 10:25:20,115,1,3884.5,1032
2022-09-19 10:25:21,226,-57,3884.5,975
2022-09-19 10:25:22,128,8,3883.75,983
2022-09-19 10:25:23,54,21,3883.5,1004
2022-09-19 10:25:24,113,22,3884.0,1026
2022-09-19 10:25:25,186,-39,3883.75,987
2022-09-19 10:25:26,125,-23,3883.5,964
2022-09-19 10:25:27,259,-32,3883.5,932
2022-09-19 10:25:28,43,14,3883.25,946
2022-09-19 10:25:29,84,12,3883.75,958
2022-09-19 10:25:30,123,-3,3883.75,955
2022-09-19 10:25:31,396,85,3885.0,1040
2022-09-19 10:25:32,66,-15,3885.0,1025
2022-09-19 10:25:33,54,2,3885.0,1027
2022-09-19 10:25:34,7,0,3885.0,1027
2022-09-19 10:25:35,62,-19,3885.0,1008
2022-09-19 10:25:36,70,-3,3884.75,1005
2022-09-19 10:25:37,107,3,3884.75,1008
2022-09-19 10:25:38,142,17,3885.0,1025
2022-09-19 10:25:39,81,-1,3884.5,1024
2022-09-19 10:25:40,7,5,3884.5,1029
2022-09-19 10:25:41,79,-17,3884.75,1012
2022-09-19 10:25:42,146,-15,3884.5,997
2022-09-19 10:25:43,37,2,3884.5,999
2022-09-19 10:25:44,44,0,3884.25,999
2022-09-19 10:25:45,37,21,3884.75,1020
2022-09-19 10:25:46,61,-8,3884.75,1012
2022-09-19 10:25:47,35,-1,3884.5,1011
2022-09-19 10:25:48,120,-9,3884.5,1002
2022-09-19 10:25:49,84,19,3884.5,1021
2022-09-19 10:25:50,6,-6,3884.25,1015
2022-09-19 10:25:51,100,-13,3884.5,1002
2022-09-19 10:25:52,82,-5,3884.25,997
2022-09-19 10:25:53,107,5,3884.0,1002
2022-09-19 10:25:54,36,-11,3884.0,991
2022-09-19 10:25:55,36,1,3884.0,992
2022-09-19 10:25:56,143,21,3884.0,1013
2022-09-19 10:25:57,56,3,3884.0,1016
2022-09-19 10:25:58,38,-3,3884.0,1013
2022-09-19 10:25:59,63,10,3884.5,1023
2022-09-19 10:26:00,68,19,3885.0,1042
2022-09-19 10:26:01,369,71,3886.0,1113
2022-09-19 10:26:02,165,43,3885.75,1156
2022-09-19 10:26:03,47,19,3885.75,1175
2022-09-19 10:26:04,59,-14,3885.75,1161
2022-09-19 10:26:05,33,-4,3885.5,1157
2022-09-19 10:26:06,120,-44,3885.0,1113
2022-09-19 10:26:07,45,7,3884.75,1120
2022-09-19 10:26:08,49,10,3885.0,1130
2022-09-19 10:26:09,13,7,3885.25,1137
2022-09-19 10:26:10,71,-10,3885.25,1127
2022-09-19 10:26:11,88,4,3885.5,1131
2022-09-19 10:26:12,73,-23,3885.25,1108
2022-09-19 10:26:13,67,29,3885.5,1137
2022-09-19 10:26:14,20,0,3885.75,1137
2022-09-19 10:26:15,71,32,3885.75,1169
2022-09-19 10:26:16,229,39,3885.75,1208
2022-09-19 10:26:17,61,-5,3885.25,1203
2022-09-19 10:26:18,94,-6,3885.25,1197
2022-09-19 10:26:19,46,-4,3885.25,1193
2022-09-19 10:26:20,54,-1,3885.25,1192
2022-09-19 10:26:21,95,49,3885.5,1241
2022-09-19 10:26:22,197,49,3886.25,1290
2022-09-19 10:26:23,142,13,3886.25,1303
2022-09-19 10:26:24,79,-8,3886.25,1295
2022-09-19 10:26:25,95,0,3886.0,1295
2022-09-19 10:26:26,53,-14,3885.75,1281
2022-09-19 10:26:27,148,4,3885.75,1285
2022-09-19 10:26:28,3,1,3885.5,1286
2022-09-19 10:26:29,43,-10,3885.25,1276
2022-09-19 10:26:30,242,-59,3885.25,1217
2022-09-19 10:26:31,61,12,3885.75,1229
2022-09-19 10:26:32,34,0,3885.75,1229
2022-09-19 10:26:33,56,-18,3885.75,1211
2022-09-19 10:26:34,30,2,3885.5,1213
2022-09-19 10:26:35,18,7,3885.25,1220
2022-09-19 10:26:36,94,3,3885.5,1223
2022-09-19 10:26:37,35,-1,3885.5,1222
2022-09-19 10:26:38,49,-8,3885.5,1214
2022-09-19 10:26:39,34,-6,3885.75,1208
2022-09-19 10:26:40,74,4,3885.5,1212
2022-09-19 10:26:41,77,-4,3885.5,1208
2022-09-19 10:26:42,24,-8,3885.5,1200
2022-09-19 10:26:43,42,2,3885.5,1202
2022-09-19 10:26:44,41,-4,3885.5,1198
2022-09-19 10:26:45,118,10,3885.75,1208
2022-09-19 10:26:46,101,-18,3885.75,1190
2022-09-19 10:26:47,11,5,3885.75,1195
2022-09-19 10:26:48,458,-47,3886.75,1148
2022-09-19 10:26:49,164,12,3886.75,1160
2022-09-19 10:26:50,307,138,3887.75,1298
2022-09-19 10:26:51,121,-9,3887.75,1289
2022-09-19 10:26:52,134,9,3887.75,1298
2022-09-19 10:26:53,341,128,3888.75,1426
2022-09-19 10:26:54,162,-12,3888.75,1414
2022-09-19 10:26:55,192,13,3889.0,1427
2022-09-19 10:26:56,147,8,3889.0,1435
2022-09-19 10:26:57,44,12,3889.0,1447
2022-09-19 10:26:58,107,-23,3888.75,1424
2022-09-19 10:26:59,157,58,3889.25,1482
2022-09-19 10:27:00,495,-138,3889.5,1344
2022-09-19 10:27:01,191,-8,3889.0,1336
2022-09-19 10:27:02,65,3,3889.0,1339
2022-09-19 10:27:03,132,-22,3888.5,1317
2022-09-19 10:27:04,247,85,3888.5,1402
2022-09-19 10:27:05,160,-53,3888.25,1349
2022-09-19 10:27:06,101,-25,3887.25,1324
2022-09-19 10:27:07,49,-20,3887.0,1304
2022-09-19 10:27:08,50,3,3887.0,1307
2022-09-19 10:27:09,163,-21,3887.0,1286
2022-09-19 10:27:10,302,198,3887.0,1484
2022-09-19 10:27:11,115,1,3886.75,1485
2022-09-19 10:27:12,135,24,3886.75,1509
2022-09-19 10:27:13,34,-7,3887.0,1502
2022-09-19 10:27:14,25,5,3886.75,1507
2022-09-19 10:27:15,74,5,3887.0,1512
2022-09-19 10:27:16,42,2,3886.75,1514
2022-09-19 10:27:17,96,32,3887.75,1546
2022-09-19 10:27:18,81,18,3888.5,1564
2022-09-19 10:27:19,116,-22,3888.5,1542
2022-09-19 10:27:20,180,18,3888.25,1560
2022-09-19 10:27:21,130,17,3888.75,1577
2022-09-19 10:27:22,302,-158,3888.75,1419
2022-09-19 10:27:23,33,7,3888.75,1426
2022-09-19 10:27:24,54,-17,3888.5,1409
2022-09-19 10:27:25,44,-11,3888.5,1398
2022-09-19 10:27:26,165,-74,3888.0,1324
2022-09-19 10:27:27,346,96,3887.5,1420
2022-09-19 10:27:28,97,-27,3887.25,1393
2022-09-19 10:27:29,63,29,3887.25,1422
2022-09-19 10:27:30,113,4,3887.25,1426
2022-09-19 10:27:31,55,-4,3887.25,1422
2022-09-19 10:27:32,65,4,3887.25,1426
2022-09-19 10:27:33,91,-19,3887.25,1407
2022-09-19 10:27:34,4,-4,3886.75,1403
2022-09-19 10:27:35,72,6,3887.5,1409
2022-09-19 10:27:36,33,17,3887.25,1426
2022-09-19 10:27:37,120,-17,3887.25,1409
2022-09-19 10:27:38,25,13,3887.25,1422
2022-09-19 10:27:39,42,-9,3887.0,1413
2022-09-19 10:27:40,78,24,3887.5,1437
2022-09-19 10:27:41,97,31,3888.0,1468
2022-09-19 10:27:42,28,-5,3887.75,1463
2022-09-19 10:27:43,62,-13,3887.75,1450
2022-09-19 10:27:44,200,-57,3888.0,1393
2022-09-19 10:27:45,22,-4,3888.25,1389
2022-09-19 10:27:46,41,3,3888.0,1392
2022-09-19 10:27:47,283,54,3888.25,1446
2022-09-19 10:27:48,72,-24,3888.0,1422
2022-09-19 10:27:49,41,-9,3888.0,1413
2022-09-19 10:27:50,29,5,3887.75,1418
2022-09-19 10:27:51,151,-31,3887.75,1387
2022-09-19 10:27:52,27,-4,3887.25,1383
2022-09-19 10:27:53,33,-22,3887.0,1361
2022-09-19 10:27:54,227,-52,3886.5,1309
2022-09-19 10:27:55,107,-6,3886.0,1303
2022-09-19 10:27:56,110,4,3886.0,1307
2022-09-19 10:27:57,75,-17,3886.0,1290
2022-09-19 10:27:58,28,2,3886.0,1292
2022-09-19 10:27:59,188,58,3886.0,1350
2022-09-19 10:28:00,77,-3,3886.25,1347
2022-09-19 10:28:01,22,7,3886.5,1354
2022-09-19 10:28:02,71,31,3887.0,1385
2022-09-19 10:28:03,90,5,3887.5,1390
2022-09-19 10:28:04,76,-4,3887.5,1386
2022-09-19 10:28:05,76,-12,3887.25,1374
2022-09-19 10:28:06,34,3,3887.25,1377
2022-09-19 10:28:07,81,-1,3887.25,1376
2022-09-19 10:28:08,27,3,3887.25,1379
2022-09-19 10:28:09,98,-16,3887.25,1363
2022-09-19 10:28:10,150,-2,3887.25,1361
2022-09-19 10:28:11,43,-5,3887.25,1356
2022-09-19 10:28:12,27,7,3887.0,1363
2022-09-19 10:28:13,8,6,3887.0,1369
2022-09-19 10:28:14,31,7,3887.0,1376
2022-09-19 10:28:15,94,-13,3887.0,1363
2022-09-19 10:28:16,9,7,3887.0,1370
2022-09-19 10:28:17,138,36,3888.0,1406
2022-09-19 10:28:18,145,22,3888.25,1428
2022-09-19 10:28:19,38,-4,3888.0,1424
2022-09-19 10:28:20,71,-14,3887.75,1410
2022-09-19 10:28:21,33,4,3887.5,1414
2022-09-19 10:28:22,98,-20,3887.5,1394
2022-09-19 10:28:23,15,-3,3887.5,1391
2022-09-19 10:28:24,1,-1,3887.5,1390
2022-09-19 10:28:25,6,-4,3887.75,1386
2022-09-19 10:28:26,167,38,3888.25,1424
2022-09-19 10:28:27,382,65,3888.5,1489
2022-09-19 10:28:28,10,-2,3888.0,1487
2022-09-19 10:28:29,50,13,3888.25,1500
2022-09-19 10:28:30,62,15,3888.25,1515
2022-09-19 10:28:31,49,-9,3888.25,1506
2022-09-19 10:28:32,54,10,3888.5,1516
2022-09-19 10:28:33,148,2,3888.5,1518
2022-09-19 10:28:34,249,8,3887.5,1526
2022-09-19 10:28:35,81,-4,3887.75,1522
2022-09-19 10:28:36,29,-6,3887.5,1516
2022-09-19 10:28:37,47,-13,3887.25,1503
2022-09-19 10:28:38,121,11,3888.25,1514
2022-09-19 10:28:39,21,-10,3888.5,1504
2022-09-19 10:28:40,117,6,3888.0,1510
2022-09-19 10:28:41,60,7,3888.25,1517
2022-09-19 10:28:42,18,0,3888.25,1517
2022-09-19 10:28:43,3,-3,3888.0,1514
2022-09-19 10:28:44,110,-3,3888.25,1511
2022-09-19 10:28:45,281,-38,3888.25,1473
2022-09-19 10:28:47,7,5,3888.0,1478
2022-09-19 10:28:48,46,-3,3888.25,1475
2022-09-19 10:28:49,76,-17,3888.5,1458
2022-09-19 10:28:50,96,-32,3888.0,1426
2022-09-19 10:28:51,143,-22,3887.0,1404
2022-09-19 10:28:52,81,3,3887.5,1407
2022-09-19 10:28:53,26,-3,3887.5,1404
2022-09-19 10:28:54,28,-9,3887.25,1395
2022-09-19 10:28:55,122,23,3887.75,1418
2022-09-19 10:28:56,148,19,3888.25,1437
2022-09-19 10:28:57,164,-41,3888.0,1396
2022-09-19 10:28:58,41,18,3887.75,1414
2022-09-19 10:28:59,29,10,3888.0,1424
2022-09-19 10:29:00,51,-4,3888.25,1420
2022-09-19 10:29:01,46,3,3888.0,1423
2022-09-19 10:29:02,137,-17,3887.75,1406
2022-09-19 10:29:03,80,25,3888.0,1431
2022-09-19 10:29:04,34,4,3887.5,1435
2022-09-19 10:29:05,51,-1,3887.75,1434
2022-09-19 10:29:06,16,-2,3887.75,1432
2022-09-19 10:29:07,74,-33,3887.5,1399
2022-09-19 10:29:08,33,-3,3887.75,1396
2022-09-19 10:29:09,109,-5,3887.75,1391
2022-09-19 10:29:10,107,-9,3887.25,1382
2022-09-19 10:29:11,155,-2,3887.25,1380
2022-09-19 10:29:12,61,-2,3887.25,1378
2022-09-19 10:29:13,37,-2,3887.25,1376
2022-09-19 10:29:14,30,4,3887.5,1380
2022-09-19 10:29:15,46,8,3887.25,1388
2022-09-19 10:29:17,48,-22,3887.25,1366
2022-09-19 10:29:18,65,1,3887.5,1367
2022-09-19 10:29:19,51,-4,3887.5,1363
2022-09-19 10:29:20,50,7,3887.5,1370
2022-09-19 10:29:21,80,9,3887.75,1379
2022-09-19 10:29:22,27,-5,3887.75,1374
2022-09-19 10:29:23,121,-18,3887.75,1356
2022-09-19 10:29:24,26,-5,3887.75,1351
2022-09-19 10:29:25,139,61,3888.5,1412
2022-09-19 10:29:26,130,60,3888.5,1472
2022-09-19 10:29:27,45,31,3888.5,1503
2022-09-19 10:29:28,2,-2,3888.25,1501
2022-09-19 10:29:29,72,-3,3888.5,1498
2022-09-19 10:29:30,239,105,3889.0,1603
2022-09-19 10:29:31,179,-72,3888.75,1531
2022-09-19 10:29:32,88,13,3888.75,1544
2022-09-19 10:29:33,182,63,3889.0,1607
2022-09-19 10:29:34,14,8,3889.25,1615
2022-09-19 10:29:35,53,8,3889.25,1623
2022-09-19 10:29:36,134,-55,3889.25,1568
2022-09-19 10:29:37,80,23,3888.25,1591
2022-09-19 10:29:38,16,7,3888.25,1598
2022-09-19 10:29:39,37,-17,3888.0,1581
2022-09-19 10:29:40,127,-23,3888.25,1558
2022-09-19 10:29:41,7,3,3888.25,1561
2022-09-19 10:29:42,128,-10,3888.5,1551
2022-09-19 10:29:43,45,0,3888.25,1551
2022-09-19 10:29:44,55,1,3888.25,1552
2022-09-19 10:29:45,38,16,3888.75,1568
2022-09-19 10:29:46,125,-39,3888.5,1529
2022-09-19 10:29:47,44,3,3888.0,1532
2022-09-19 10:29:48,82,41,3888.75,1573
2022-09-19 10:29:49,33,-5,3888.75,1568
2022-09-19 10:29:50,43,-4,3888.5,1564
2022-09-19 10:29:51,24,2,3888.5,1566
2022-09-19 10:29:52,59,-12,3888.5,1554
2022-09-19 10:29:53,34,4,3888.5,1558
2022-09-19 10:29:54,195,-69,3888.25,1489
2022-09-19 10:29:55,217,28,3888.25,1517
2022-09-19 10:29:56,37,13,3888.5,1530
2022-09-19 10:29:57,12,-4,3888.5,1526
2022-09-19 10:29:58,202,107,3889.25,1633
2022-09-19 10:29:59,186,40,3889.25,1673
2022-09-19 10:30:00,188,-1,3889.25,1672
2022-09-19 10:30:01,107,-2,3889.25,1670
2022-09-19 10:30:02,485,-87,3888.75,1583
2022-09-19 10:30:03,267,-50,3887.5,1533
2022-09-19 10:30:04,306,93,3887.75,1626
2022-09-19 10:30:05,82,-5,3888.0,1621
2022-09-19 10:30:06,24,-8,3888.0,1613
2022-09-19 10:30:07,139,-46,3887.75,1567
2022-09-19 10:30:08,322,-42,3887.5,1525
2022-09-19 10:30:09,386,-77,3886.75,1448
2022-09-19 10:30:10,88,-10,3886.25,1438
2022-09-19 10:30:11,149,37,3886.75,1475
2022-09-19 10:30:12,175,5,3887.5,1480
2022-09-19 10:30:13,41,1,3887.25,1481
2022-09-19 10:30:14,101,-18,3887.25,1463
2022-09-19 10:30:15,99,21,3887.75,1484
2022-09-19 10:30:16,36,1,3887.75,1485
2022-09-19 10:30:17,109,1,3888.0,1486
2022-09-19 10:30:18,234,-41,3888.0,1445
2022-09-19 10:30:19,96,-25,3888.0,1420
2022-09-19 10:30:20,5,1,3888.0,1421
2022-09-19 10:30:21,191,-14,3888.5,1407
2022-09-19 10:30:22,107,25,3888.75,1432
2022-09-19 10:30:23,82,-26,3888.25,1406
2022-09-19 10:30:24,66,5,3888.0,1411
2022-09-19 10:30:25,78,7,3888.25,1418
2022-09-19 10:30:26,27,-1,3888.25,1417
2022-09-19 10:30:27,130,-16,3888.25,1401
2022-09-19 10:30:28,155,45,3888.5,1446
2022-09-19 10:30:29,34,-18,3888.25,1428
2022-09-19 10:30:30,173,25,3888.5,1453
2022-09-19 10:30:31,175,0,3888.5,1453
2022-09-19 10:30:32,25,0,3888.25,1453
2022-09-19 10:30:33,26,-5,3888.25,1448
2022-09-19 10:30:34,222,88,3889.25,1536
2022-09-19 10:30:35,46,25,3889.25,1561
2022-09-19 10:30:36,121,-7,3889.0,1554
2022-09-19 10:30:37,285,43,3889.5,1597
2022-09-19 10:30:38,683,246,3890.75,1843
2022-09-19 10:30:39,169,52,3890.75,1895
2022-09-19 10:30:40,788,284,3891.75,2179
2022-09-19 10:30:41,142,-13,3891.75,2166
2022-09-19 10:30:42,160,2,3891.25,2168
2022-09-19 10:30:43,162,30,3891.25,2198
2022-09-19 10:30:44,97,-5,3891.25,2193
2022-09-19 10:30:45,132,-66,3890.75,2127
2022-09-19 10:30:46,322,-41,3889.75,2086
2022-09-19 10:30:47,203,-34,3889.25,2052
2022-09-19 10:30:48,154,24,3889.0,2076
2022-09-19 10:30:49,22,11,3889.0,2087
2022-09-19 10:30:50,428,-84,3889.25,2003
2022-09-19 10:30:51,52,2,3888.5,2005
2022-09-19 10:30:52,255,-105,3888.25,1900
2022-09-19 10:30:53,180,-57,3887.75,1843
2022-09-19 10:30:54,154,5,3887.75,1848
2022-09-19 10:30:55,118,33,3888.0,1881
2022-09-19 10:30:56,171,-22,3888.5,1859
2022-09-19 10:30:57,37,-19,3888.5,1840
2022-09-19 10:30:58,135,3,3888.25,1843
2022-09-19 10:30:59,86,-2,3888.25,1841
2022-09-19 10:31:00,414,-69,3888.5,1772
2022-09-19 10:31:01,50,20,3888.25,1792
2022-09-19 10:31:02,150,6,3888.5,1798
2022-09-19 10:31:03,180,2,3888.25,1800
2022-09-19 10:31:04,455,53,3889.0,1853
2022-09-19 10:31:05,450,-60,3889.5,1793
2022-09-19 10:31:06,230,83,3889.0,1876
2022-09-19 10:31:07,413,-208,3889.0,1668
2022-09-19 10:31:08,139,-35,3888.25,1633
2022-09-19 10:31:09,165,-9,3887.75,1624
2022-09-19 10:31:10,151,-1,3888.0,1623
2022-09-19 10:31:11,261,150,3888.25,1773
2022-09-19 10:31:12,83,-22,3888.0,1751
2022-09-19 10:31:13,266,-24,3888.0,1727
2022-09-19 10:31:14,188,-83,3887.25,1644
2022-09-19 10:31:15,129,11,3887.25,1655
2022-09-19 10:31:16,152,-41,3887.25,1614
2022-09-19 10:31:17,120,-8,3887.25,1606
2022-09-19 10:31:18,566,-129,3886.75,1477
2022-09-19 10:31:19,345,-53,3886.0,1424
2022-09-19 10:31:20,166,-33,3885.75,1391
2022-09-19 10:31:21,324,-41,3885.75,1350
2022-09-19 10:31:22,222,-45,3885.5,1305
2022-09-19 10:31:23,103,8,3886.0,1313
2022-09-19 10:31:24,149,-16,3885.5,1297
2022-09-19 10:31:25,196,14,3885.75,1311
2022-09-19 10:31:26,50,-17,3885.5,1294
2022-09-19 10:31:27,123,29,3885.5,1323
2022-09-19 10:31:28,151,-72,3885.5,1251
2022-09-19 10:31:29,220,-13,3884.5,1238
2022-09-19 10:31:30,203,36,3885.25,1274
2022-09-19 10:31:31,99,-13,3885.5,1261
2022-09-19 10:31:32,113,10,3885.25,1271
2022-09-19 10:31:33,196,37,3885.75,1308
2022-09-19 10:31:34,244,133,3886.5,1441
2022-09-19 10:31:35,100,8,3886.5,1449
2022-09-19 10:31:36,53,13,3886.75,1462
2022-09-19 10:31:37,193,20,3887.5,1482
2022-09-19 10:31:38,122,-15,3887.25,1467
2022-09-19 10:31:39,113,3,3887.5,1470
2022-09-19 10:31:40,139,-12,3887.5,1458
2022-09-19 10:31:41,102,-30,3887.25,1428
2022-09-19 10:31:42,39,-15,3886.5,1413
2022-09-19 10:31:43,82,-10,3886.5,1403
2022-09-19 10:31:44,31,3,3886.75,1406
2022-09-19 10:31:45,41,-6,3886.75,1400
2022-09-19 10:31:46,74,17,3886.5,1417
2022-09-19 10:31:47,25,-4,3886.5,1413
2022-09-19 10:31:48,195,-33,3886.5,1380
2022-09-19 10:31:49,105,-4,3886.0,1376
2022-09-19 10:31:50,65,-23,3885.75,1353
2022-09-19 10:31:51,153,-25,3885.75,1328
2022-09-19 10:31:52,91,-32,3885.5,1296
2022-09-19 10:31:53,52,-20,3885.0,1276
2022-09-19 10:31:54,116,-14,3885.0,1262
2022-09-19 10:31:55,60,27,3885.25,1289
2022-09-19 10:31:56,133,-25,3885.5,1264
2022-09-19 10:31:57,39,1,3885.5,1265
2022-09-19 10:31:58,34,2,3885.75,1267
2022-09-19 10:31:59,71,-21,3885.5,1246
2022-09-19 10:32:00,152,33,3886.0,1279
2022-09-19 10:32:01,57,3,3885.75,1282
2022-09-19 10:32:02,69,-16,3885.5,1266
2022-09-19 10:32:03,55,-5,3885.0,1261
2022-09-19 10:32:04,62,13,3885.5,1274
2022-09-19 10:32:05,50,11,3885.25,1285
2022-09-19 10:32:06,43,4,3885.5,1289
2022-09-19 10:32:07,52,-8,3885.75,1281
2022-09-19 10:32:08,115,19,3886.5,1300
2022-09-19 10:32:09,103,-15,3886.25,1285
2022-09-19 10:32:10,33,5,3886.0,1290
2022-09-19 10:32:11,36,-9,3886.0,1281
2022-09-19 10:32:12,87,-13,3886.25,1268
2022-09-19 10:32:13,90,29,3886.75,1297
2022-09-19 10:32:14,82,0,3887.0,1297
2022-09-19 10:32:15,24,8,3886.75,1305
2022-09-19 10:32:16,85,-19,3886.25,1286
2022-09-19 10:32:17,43,0,3886.5,1286
2022-09-19 10:32:18,87,36,3886.75,1322
2022-09-19 10:32:19,179,2,3887.0,1324
2022-09-19 10:32:20,8,7,3886.75,1331
2022-09-19 10:32:21,70,-3,3886.75,1328
2022-09-19 10:32:22,105,-25,3886.75,1303
2022-09-19 10:32:23,27,-19,3886.5,1284
2022-09-19 10:32:24,140,-26,3886.25,1258
2022-09-19 10:32:25,93,6,3886.25,1264
2022-09-19 10:32:26,63,22,3886.75,1286
2022-09-19 10:32:27,34,-13,3886.5,1273
2022-09-19 10:32:28,223,10,3887.25,1283
2022-09-19 10:32:29,31,-3,3887.25,1280
2022-09-19 10:32:30,175,-25,3887.0,1255
2022-09-19 10:32:31,164,-21,3886.5,1234
2022-09-19 10:32:32,353,-10,3886.25,1224
2022-09-19 10:32:33,122,30,3886.0,1254
2022-09-19 10:32:34,39,11,3886.0,1265
2022-09-19 10:32:35,66,17,3886.5,1282
2022-09-19 10:32:36,211,-47,3886.25,1235
2022-09-19 10:32:37,67,-13,3886.0,1222
2022-09-19 10:32:38,145,8,3886.0,1230
2022-09-19 10:32:39,91,-10,3886.0,1220
2022-09-19 10:32:40,124,17,3886.0,1237
2022-09-19 10:32:41,59,-19,3885.75,1218
2022-09-19 10:32:42,101,-17,3885.5,1201
2022-09-19 10:32:43,17,-8,3885.5,1193
2022-09-19 10:32:44,82,7,3885.5,1200
2022-09-19 10:32:45,80,-10,3885.5,1190
2022-09-19 10:32:46,143,-21,3885.25,1169
2022-09-19 10:32:47,18,5,3885.0,1174
2022-09-19 10:32:48,255,-24,3885.0,1150
2022-09-19 10:32:49,63,-1,3885.0,1149
2022-09-19 10:32:50,146,-19,3885.25,1130
2022-09-19 10:32:51,61,-25,3884.5,1105
2022-09-19 10:32:52,140,-10,3884.75,1095
2022-09-19 10:32:53,109,-20,3884.5,1075
2022-09-19 10:32:54,206,7,3884.5,1082
2022-09-19 10:32:55,83,6,3884.75,1088
2022-09-19 10:32:56,47,-7,3885.25,1081
2022-09-19 10:32:57,80,-40,3884.75,1041
2022-09-19 10:32:58,76,20,3884.25,1061
2022-09-19 10:32:59,86,21,3884.75,1082
2022-09-19 10:33:00,196,-67,3885.0,1015
2022-09-19 10:33:01,69,-26,3884.75,989
2022-09-19 10:33:02,81,1,3885.0,990
2022-09-19 10:33:03,117,9,3884.75,999
2022-09-19 10:33:04,135,24,3885.0,1023
2022-09-19 10:33:05,51,15,3884.75,1038
2022-09-19 10:33:06,73,-10,3885.0,1028
2022-09-19 10:33:07,48,12,3884.75,1040
2022-09-19 10:33:08,68,1,3885.0,1041
2022-09-19 10:33:09,127,11,3885.5,1052
2022-09-19 10:33:10,78,-9,3885.5,1043
2022-09-19 10:33:11,48,14,3885.5,1057
2022-09-19 10:33:12,676,169,3887.5,1226
2022-09-19 10:33:13,272,89,3887.5,1315
2022-09-19 10:33:14,121,-19,3887.0,1296
2022-09-19 10:33:15,9,1,3887.0,1297
2022-09-19 10:33:16,94,-21,3886.75,1276
2022-09-19 10:33:17,47,-5,3886.5,1271
2022-09-19 10:33:18,26,-4,3886.5,1267
2022-09-19 10:33:19,23,-13,3886.5,1254
2022-09-19 10:33:20,70,-24,3886.25,1230
2022-09-19 10:33:21,131,76,3886.25,1306
2022-09-19 10:33:22,132,74,3886.25,1380
2022-09-19 10:33:23,2,-2,3886.0,1378
2022-09-19 10:33:24,79,5,3886.25,1383
2022-09-19 10:33:25,112,25,3886.5,1408
2022-09-19 10:33:26,71,10,3887.0,1418
2022-09-19 10:33:27,85,12,3886.75,1430
2022-09-19 10:33:28,9,-4,3886.75,1426
2022-09-19 10:33:29,137,-10,3887.0,1416
2022-09-19 10:33:30,98,29,3887.25,1445
2022-09-19 10:33:31,12,2,3887.0,1447
2022-09-19 10:33:32,210,37,3887.75,1484
2022-09-19 10:33:33,85,40,3887.75,1524
2022-09-19 10:33:34,21,1,3887.75,1525
2022-09-19 10:33:35,136,1,3888.0,1526
2022-09-19 10:33:36,111,-20,3888.0,1506
2022-09-19 10:33:37,22,-9,3887.75,1497
2022-09-19 10:33:38,75,-31,3887.25,1466
2022-09-19 10:33:39,121,-19,3886.75,1447
2022-09-19 10:33:40,99,-10,3886.5,1437
2022-09-19 10:33:41,85,28,3887.0,1465
2022-09-19 10:33:42,13,-7,3886.75,1458
2022-09-19 10:33:43,30,-11,3886.75,1447
2022-09-19 10:33:44,209,-40,3886.5,1407
2022-09-19 10:33:45,24,2,3886.5,1409
2022-09-19 10:33:46,240,-38,3886.25,1371
2022-09-19 10:33:47,80,-6,3886.0,1365
2022-09-19 10:33:48,77,0,3886.25,1365
2022-09-19 10:33:49,74,16,3886.75,1381
2022-09-19 10:33:50,72,-19,3886.75,1362
2022-09-19 10:33:51,35,1,3886.25,1363
2022-09-19 10:33:52,124,-16,3886.25,1347
2022-09-19 10:33:53,2,2,3886.25,1349
2022-09-19 10:33:54,69,-13,3886.0,1336
2022-09-19 10:33:55,56,-21,3886.25,1315
2022-09-19 10:33:56,40,-10,3886.5,1305
2022-09-19 10:33:57,34,-5,3886.5,1300
2022-09-19 10:33:58,108,-9,3886.25,1291
2022-09-19 10:33:59,13,7,3886.5,1298
2022-09-19 10:34:00,75,11,3886.5,1309
2022-09-19 10:34:01,11,10,3886.75,1319
2022-09-19 10:34:02,88,-15,3886.75,1304
2022-09-19 10:34:03,66,-15,3886.75,1289
2022-09-19 10:34:04,21,6,3886.75,1295
2022-09-19 10:34:05,116,-18,3886.5,1277
2022-09-19 10:34:06,65,-9,3886.5,1268
2022-09-19 10:34:07,85,-14,3886.25,1254
2022-09-19 10:34:08,94,11,3886.5,1265
2022-09-19 10:34:09,55,6,3886.5,1271
2022-09-19 10:34:10,17,-3,3886.5,1268
2022-09-19 10:34:11,61,-9,3886.5,1259
2022-09-19 10:34:12,83,13,3886.75,1272
2022-09-19 10:34:13,161,42,3886.75,1314
2022-09-19 10:34:14,46,0,3886.75,1314
2022-09-19 10:34:15,1,1,3886.75,1315
2022-09-19 10:34:16,25,-2,3886.75,1313
2022-09-19 10:34:17,105,2,3886.75,1315
2022-09-19 10:34:18,83,11,3887.0,1326
2022-09-19 10:34:19,93,-3,3887.5,1323
2022-09-19 10:34:20,494,222,3889.0,1545
2022-09-19 10:34:21,159,-41,3889.25,1504
2022-09-19 10:34:22,119,-22,3888.75,1482
2022-09-19 10:34:23,90,17,3888.5,1499
2022-09-19 10:34:24,63,9,3888.5,1508
2022-09-19 10:34:25,57,6,3888.25,1514
2022-09-19 10:34:26,207,-36,3888.25,1478
2022-09-19 10:34:27,63,-3,3887.75,1475
2022-09-19 10:34:28,57,8,3888.0,1483
2022-09-19 10:34:29,60,-2,3888.0,1481
2022-09-19 10:34:30,17,-4,3888.0,1477
2022-09-19 10:34:31,3,3,3888.25,1480
2022-09-19 10:34:32,55,-13,3888.0,1467
2022-09-19 10:34:33,12,3,3887.75,1470
2022-09-19 10:34:34,148,-53,3887.75,1417
2022-09-19 10:34:35,73,-7,3887.75,1410
2022-09-19 10:34:36,10,10,3888.0,1420
2022-09-19 10:34:37,22,-8,3887.75,1412
2022-09-19 10:34:38,41,-5,3888.0,1407
2022-09-19 10:34:39,74,-18,3888.0,1389
2022-09-19 10:34:40,39,0,3887.75,1389
2022-09-19 10:34:41,51,-1,3887.75,1388
2022-09-19 10:34:42,83,-13,3887.75,1375
2022-09-19 10:34:43,62,-18,3887.75,1357
2022-09-19 10:34:44,55,-15,3887.0,1342
2022-09-19 10:34:45,25,-5,3887.0,1337
2022-09-19 10:34:46,30,8,3887.0,1345
2022-09-19 10:34:47,114,14,3887.25,1359
2022-09-19 10:34:48,88,17,3887.75,1376
2022-09-19 10:34:49,47,-17,3887.75,1359
2022-09-19 10:34:50,90,1,3887.75,1360
2022-09-19 10:34:51,20,-8,3887.75,1352
2022-09-19 10:34:52,12,2,3887.75,1354
2022-09-19 10:34:53,65,6,3888.0,1360
2022-09-19 10:34:54,45,2,3888.0,1362
2022-09-19 10:34:55,27,10,3887.5,1372
2022-09-19 10:34:56,24,-1,3887.5,1371
2022-09-19 10:34:57,54,3,3887.25,1374
2022-09-19 10:34:58,80,15,3887.5,1389
2022-09-19 10:34:59,101,19,3888.0,1408
2022-09-19 10:35:00,267,23,3888.5,1431
2022-09-19 10:35:01,38,-5,3888.5,1426
2022-09-19 10:35:02,13,-3,3888.5,1423
2022-09-19 10:35:03,17,7,3888.5,1430
2022-09-19 10:35:04,42,-9,3888.75,1421
2022-09-19 10:35:05,36,0,3888.5,1421
2022-09-19 10:35:06,9,7,3888.25,1428
2022-09-19 10:35:07,302,152,3890.0,1580
2022-09-19 10:35:08,70,4,3890.0,1584
2022-09-19 10:35:09,103,-2,3889.75,1582
2022-09-19 10:35:10,63,0,3890.0,1582
2022-09-19 10:35:11,95,9,3890.0,1591
2022-09-19 10:35:12,163,55,3890.75,1646
2022-09-19 10:35:13,166,71,3891.25,1717
2022-09-19 10:35:14,127,29,3891.5,1746
2022-09-19 10:35:15,89,-16,3891.5,1730
2022-09-19 10:35:16,162,33,3891.5,1763
2022-09-19 10:35:17,347,107,3891.75,1870
2022-09-19 10:35:18,110,16,3891.5,1886
2022-09-19 10:35:19,111,-17,3891.25,1869
2022-09-19 10:35:20,61,8,3891.0,1877
2022-09-19 10:35:21,50,0,3891.0,1877
2022-09-19 10:35:22,161,-34,3891.25,1843
2022-09-19 10:35:23,119,-25,3890.75,1818
2022-09-19 10:35:24,37,2,3890.25,1820
2022-09-19 10:35:25,76,-6,3890.25,1814
2022-09-19 10:35:26,61,-5,3890.5,1809
2022-09-19 10:35:27,131,12,3890.25,1821
2022-09-19 10:35:28,132,3,3890.25,1824
2022-09-19 10:35:29,56,30,3891.0,1854
2022-09-19 10:35:30,105,-14,3891.25,1840
2022-09-19 10:35:31,22,7,3890.75,1847
2022-09-19 10:35:32,150,-19,3890.75,1828
2022-09-19 10:35:33,27,18,3890.5,1846
2022-09-19 10:35:34,106,37,3891.25,1883
2022-09-19 10:35:35,96,3,3891.5,1886
2022-09-19 10:35:36,9,3,3891.5,1889
2022-09-19 10:35:37,859,337,3892.5,2226
2022-09-19 10:35:38,420,39,3893.0,2265
2022-09-19 10:35:39,121,19,3893.0,2284
2022-09-19 10:35:40,370,141,3894.0,2425
2022-09-19 10:35:41,198,56,3894.25,2481
2022-09-19 10:35:42,288,-51,3894.25,2430
2022-09-19 10:35:43,97,8,3893.5,2438
2022-09-19 10:35:44,130,3,3893.25,2441
2022-09-19 10:35:45,64,-7,3893.0,2434
2022-09-19 10:35:46,119,-51,3893.0,2383
2022-09-19 10:35:47,152,112,3893.0,2495
2022-09-19 10:35:48,100,37,3893.5,2532
2022-09-19 10:35:49,130,4,3893.25,2536
2022-09-19 10:35:50,28,-9,3893.0,2527
2022-09-19 10:35:51,86,-3,3893.25,2524
2022-09-19 10:35:52,41,-8,3893.0,2516
2022-09-19 10:35:53,126,44,3893.25,2560
2022-09-19 10:35:54,314,169,3894.0,2729
2022-09-19 10:35:55,160,-73,3894.0,2656
2022-09-19 10:35:56,42,8,3894.0,2664
2022-09-19 10:35:57,150,12,3894.0,2676
2022-09-19 10:35:58,150,-56,3894.0,2620
2022-09-19 10:35:59,241,12,3894.5,2632
2022-09-19 10:36:00,522,109,3895.25,2741
2022-09-19 10:36:01,62,-14,3895.25,2727
2022-09-19 10:36:02,377,169,3895.75,2896
2022-09-19 10:36:03,86,-27,3895.5,2869
2022-09-19 10:36:04,108,21,3895.25,2890
2022-09-19 10:36:05,115,20,3895.25,2910
2022-09-19 10:36:06,95,28,3895.75,2938
2022-09-19 10:36:07,128,-20,3895.75,2918
2022-09-19 10:36:08,230,32,3896.0,2950
2022-09-19 10:36:09,240,86,3896.0,3036
2022-09-19 10:36:10,162,-1,3896.25,3035
2022-09-19 10:36:11,116,-5,3896.25,3030
2022-09-19 10:36:12,159,-15,3895.75,3015
2022-09-19 10:36:13,101,-2,3895.75,3013
2022-09-19 10:36:14,88,28,3895.75,3041
2022-09-19 10:36:15,50,-17,3896.0,3024
2022-09-19 10:36:16,297,-31,3895.5,2993
2022-09-19 10:36:17,65,-18,3895.5,2975
2022-09-19 10:36:18,60,-25,3895.25,2950
2022-09-19 10:36:19,95,6,3895.75,2956
2022-09-19 10:36:20,67,-2,3896.0,2954
2022-09-19 10:36:21,53,-15,3895.75,2939
2022-09-19 10:36:22,97,-4,3895.5,2935
2022-09-19 10:36:23,114,-14,3895.25,2921
2022-09-19 10:36:24,197,3,3895.25,2924
2022-09-19 10:36:25,86,-7,3895.0,2917
2022-09-19 10:36:26,46,3,3895.25,2920
2022-09-19 10:36:27,99,27,3895.5,2947
2022-09-19 10:36:28,91,10,3895.5,2957
2022-09-19 10:36:29,105,-25,3895.25,2932
2022-09-19 10:36:30,115,-50,3894.75,2882
2022-09-19 10:36:31,113,-14,3894.5,2868
2022-09-19 10:36:32,80,45,3895.25,2913
2022-09-19 10:36:33,258,40,3896.0,2953
2022-09-19 10:36:34,9,3,3896.0,2956
2022-09-19 10:36:35,64,15,3896.25,2971
2022-09-19 10:36:36,150,28,3896.25,2999
2022-09-19 10:36:37,174,-36,3896.25,2963
2022-09-19 10:36:38,86,-24,3896.0,2939
2022-09-19 10:36:39,35,19,3896.0,2958
2022-09-19 10:36:40,111,-6,3895.75,2952
2022-09-19 10:36:41,82,21,3895.5,2973
2022-09-19 10:36:42,86,-9,3895.5,2964
2022-09-19 10:36:43,15,-1,3895.5,2963
2022-09-19 10:36:44,172,6,3896.0,2969
2022-09-19 10:36:45,45,9,3896.25,2978
2022-09-19 10:36:46,42,-5,3896.0,2973
2022-09-19 10:36:47,69,-7,3896.0,2966
2022-09-19 10:36:48,196,58,3896.25,3024
2022-09-19 10:36:49,336,23,3896.5,3047
2022-09-19 10:36:50,115,68,3896.5,3115
2022-09-19 10:36:51,61,14,3896.5,3129
2022-09-19 10:36:52,21,10,3896.5,3139
2022-09-19 10:36:53,292,-65,3896.5,3074
2022-09-19 10:36:54,220,66,3896.5,3140
2022-09-19 10:36:55,102,48,3896.5,3188
2022-09-19 10:36:56,123,-2,3896.5,3186
2022-09-19 10:36:57,109,-5,3896.5,3181
2022-09-19 10:36:58,138,77,3896.5,3258
2022-09-19 10:36:59,42,-28,3896.5,3230
2022-09-19 10:37:00,159,26,3896.75,3256
2022-09-19 10:37:01,182,-30,3896.5,3226
2022-09-19 10:37:02,231,-37,3896.0,3189
2022-09-19 10:37:03,68,4,3895.5,3193
2022-09-19 10:37:04,8,-1,3895.25,3192
2022-09-19 10:37:05,683,-275,3895.25,2917
2022-09-19 10:37:06,261,48,3894.0,2965
2022-09-19 10:37:07,173,23,3894.5,2988
2022-09-19 10:37:08,144,17,3894.75,3005
2022-09-19 10:37:09,101,3,3895.25,3008
2022-09-19 10:37:10,57,1,3894.75,3009
2022-09-19 10:37:11,56,6,3894.5,3015
2022-09-19 10:37:12,63,-11,3894.5,3004
2022-09-19 10:37:13,33,8,3894.25,3012
2022-09-19 10:37:14,88,14,3894.75,3026
2022-09-19 10:37:15,33,-22,3894.25,3004
2022-09-19 10:37:16,72,5,3894.25,3009
2022-09-19 10:37:17,80,-6,3894.0,3003
2022-09-19 10:37:18,159,29,3894.0,3032
2022-09-19 10:37:19,99,11,3894.25,3043
2022-09-19 10:37:20,59,-8,3894.0,3035
2022-09-19 10:37:21,54,-29,3893.75,3006
2022-09-19 10:37:22,54,0,3894.0,3006
2022-09-19 10:37:23,110,4,3893.75,3010
2022-09-19 10:37:24,242,-28,3894.0,2982
2022-09-19 10:37:25,80,3,3894.0,2985
2022-09-19 10:37:26,76,1,3894.0,2986
2022-09-19 10:37:27,77,-32,3894.25,2954
2022-09-19 10:37:28,52,-3,3894.25,2951
2022-09-19 10:37:29,20,-6,3894.25,2945
2022-09-19 10:37:30,193,-73,3894.25,2872
2022-09-19 10:37:31,73,0,3893.25,2872
2022-09-19 10:37:32,9,-4,3893.25,2868
2022-09-19 10:37:33,5,5,3893.25,2873
2022-09-19 10:37:34,390,-64,3893.75,2809
2022-09-19 10:37:35,93,-22,3893.75,2787
2022-09-19 10:37:36,22,-10,3893.25,2777
2022-09-19 10:37:37,30,-10,3893.0,2767
2022-09-19 10:37:38,196,-40,3893.75,2727
2022-09-19 10:37:39,209,67,3894.75,2794
2022-09-19 10:37:40,200,84,3895.25,2878
2022-09-19 10:37:41,96,-43,3895.25,2835
2022-09-19 10:37:42,112,20,3895.75,2855
2022-09-19 10:37:43,4,4,3895.75,2859
2022-09-19 10:37:44,149,-18,3896.0,2841
2022-09-19 10:37:45,74,-7,3895.25,2834
2022-09-19 10:37:46,100,27,3895.25,2861
2022-09-19 10:37:47,6,6,3895.25,2867
2022-09-19 10:37:48,81,3,3895.25,2870
2022-09-19 10:37:49,81,-28,3894.75,2842
2022-09-19 10:37:50,49,-11,3894.5,2831
2022-09-19 10:37:51,40,-4,3894.75,2827
2022-09-19 10:37:52,42,11,3894.75,2838
2022-09-19 10:37:53,21,7,3894.75,2845
2022-09-19 10:37:54,14,6,3894.75,2851
2022-09-19 10:37:55,109,-5,3894.75,2846
2022-09-19 10:37:56,8,7,3894.75,2853
2022-09-19 10:37:57,33,8,3895.25,2861
2022-09-19 10:37:58,19,-1,3894.75,2860
2022-09-19 10:37:59,44,0,3895.0,2860
2022-09-19 10:38:00,121,-11,3894.75,2849
2022-09-19 10:38:01,75,-9,3894.75,2840
2022-09-19 10:38:02,20,8,3894.75,2848
2022-09-19 10:38:03,108,-13,3895.0,2835
2022-09-19 10:38:04,97,-1,3895.0,2834
2022-09-19 10:38:05,91,-7,3895.25,2827
2022-09-19 10:38:06,76,-42,3895.0,2785
2022-09-19 10:38:07,67,14,3894.75,2799
2022-09-19 10:38:08,12,-4,3894.75,2795
2022-09-19 10:38:09,67,-3,3895.0,2792
2022-09-19 10:38:10,51,-5,3895.0,2787
2022-09-19 10:38:11,34,7,3894.5,2794
2022-09-19 10:38:12,47,-23,3894.75,2771
2022-09-19 10:38:13,61,32,3895.25,2803
2022-09-19 10:38:14,43,2,3895.5,2805
2022-09-19 10:38:15,55,-1,3895.25,2804
2022-09-19 10:38:16,54,3,3895.25,2807
2022-09-19 10:38:17,137,-33,3895.25,2774
2022-09-19 10:38:18,68,-2,3894.75,2772
2022-09-19 10:38:19,19,-3,3894.75,2769
2022-09-19 10:38:20,21,5,3894.75,2774
2022-09-19 10:38:21,63,12,3895.0,2786
2022-09-19 10:38:22,47,-16,3894.75,2770
2022-09-19 10:38:23,44,19,3894.75,2789
2022-09-19 10:38:24,15,-3,3894.75,2786
2022-09-19 10:38:25,17,-8,3894.75,2778
2022-09-19 10:38:26,39,6,3894.75,2784
2022-09-19 10:38:27,13,3,3894.75,2787
2022-09-19 10:38:28,57,-6,3894.75,2781
2022-09-19 10:38:29,169,99,3895.0,2880
2022-09-19 10:38:30,13,-9,3895.0,2871
2022-09-19 10:38:31,108,24,3894.75,2895
2022-09-19 10:38:32,40,-29,3894.75,2866
2022-09-19 10:38:33,72,4,3894.75,2870
2022-09-19 10:38:34,229,-41,3894.5,2829
2022-09-19 10:38:35,48,-6,3894.25,2823
2022-09-19 10:38:36,97,22,3894.5,2845
2022-09-19 10:38:37,56,-15,3894.5,2830
2022-09-19 10:38:38,102,40,3894.0,2870
2022-09-19 10:38:39,50,-8,3894.25,2862
2022-09-19 10:38:40,45,-3,3894.0,2859
2022-09-19 10:38:41,114,66,3895.5,2925
2022-09-19 10:38:42,99,-32,3895.25,2893
2022-09-19 10:38:43,47,-9,3895.25,2884
2022-09-19 10:38:44,78,22,3895.75,2906
2022-09-19 10:38:45,153,4,3896.0,2910
2022-09-19 10:38:46,263,74,3896.25,2984
2022-09-19 10:38:47,91,-22,3896.25,2962
2022-09-19 10:38:48,66,7,3896.0,2969
2022-09-19 10:38:49,119,12,3896.0,2981
2022-09-19 10:38:50,510,31,3896.5,3012
2022-09-19 10:38:51,110,-29,3896.0,2983
2022-09-19 10:38:52,108,-56,3895.5,2927
2022-09-19 10:38:53,166,59,3895.5,2986
2022-09-19 10:38:54,44,-2,3895.5,2984
2022-09-19 10:38:55,175,42,3895.75,3026
2022-09-19 10:38:56,26,4,3895.5,3030
2022-09-19 10:38:57,49,4,3895.5,3034
2022-09-19 10:38:58,31,-4,3895.5,3030
2022-09-19 10:38:59,50,8,3895.5,3038
2022-09-19 10:39:00,15,-3,3895.5,3035
2022-09-19 10:39:01,112,0,3895.75,3035
2022-09-19 10:39:02,78,-18,3895.0,3017
2022-09-19 10:39:03,44,1,3895.0,3018
2022-09-19 10:39:04,86,-35,3894.75,2983
2022-09-19 10:39:05,106,-32,3894.75,2951
2022-09-19 10:39:06,35,3,3894.75,2954
2022-09-19 10:39:07,95,-1,3895.0,2953
2022-09-19 10:39:08,84,-8,3895.0,2945
2022-09-19 10:39:09,106,-18,3895.0,2927
2022-09-19 10:39:10,85,13,3895.25,2940
2022-09-19 10:39:11,7,1,3895.25,2941
2022-09-19 10:39:12,66,-7,3895.25,2934
2022-09-19 10:39:13,85,-36,3894.75,2898
2022-09-19 10:39:14,34,-13,3894.75,2885
2022-09-19 10:39:15,85,-5,3894.75,2880
2022-09-19 10:39:16,88,22,3895.0,2902
2022-09-19 10:39:17,8,-4,3895.0,2898
2022-09-19 10:39:18,44,-4,3895.0,2894
2022-09-19 10:39:19,23,10,3895.0,2904
2022-09-19 10:39:20,43,-5,3895.0,2899
2022-09-19 10:39:21,182,4,3895.25,2903
2022-09-19 10:39:22,36,-3,3894.75,2900
2022-09-19 10:39:23,64,-17,3894.75,2883
2022-09-19 10:39:24,43,18,3894.75,2901
2022-09-19 10:39:25,216,20,3895.25,2921
2022-09-19 10:39:26,20,-6,3895.0,2915
2022-09-19 10:39:27,44,8,3895.0,2923
2022-09-19 10:39:28,59,2,3895.25,2925
2022-09-19 10:39:29,11,7,3895.0,2932
2022-09-19 10:39:30,153,67,3895.75,2999
2022-09-19 10:39:31,96,10,3896.0,3009
2022-09-19 10:39:32,42,0,3896.0,3009
2022-09-19 10:39:33,56,-2,3896.0,3007
2022-09-19 10:39:34,38,12,3896.0,3019
2022-09-19 10:39:35,67,7,3896.25,3026
2022-09-19 10:39:36,34,-15,3896.25,3011
2022-09-19 10:39:37,51,1,3896.0,3012
2022-09-19 10:39:38,82,-10,3895.75,3002
2022-09-19 10:39:39,21,-16,3895.5,2986
2022-09-19 10:39:40,159,-66,3895.25,2920
2022-09-19 10:39:41,48,4,3895.5,2924
2022-09-19 10:39:42,10,0,3895.25,2924
2022-09-19 10:39:43,48,-4,3895.5,2920
2022-09-19 10:39:44,34,-12,3895.25,2908
2022-09-19 10:39:45,17,3,3895.0,2911
2022-09-19 10:39:46,77,-16,3894.75,2895
2022-09-19 10:39:47,116,-32,3894.5,2863
2022-09-19 10:39:48,219,154,3895.0,3017
2022-09-19 10:39:49,100,13,3894.75,3030
2022-09-19 10:39:50,260,156,3895.25,3186
2022-09-19 10:39:51,129,43,3895.25,3229
2022-09-19 10:39:52,42,13,3895.25,3242
2022-09-19 10:39:54,49,-12,3895.0,3230
2022-09-19 10:39:55,18,-3,3895.0,3227
2022-09-19 10:39:56,43,5,3895.25,3232
2022-09-19 10:39:57,538,-104,3895.25,3128
2022-09-19 10:39:58,73,25,3895.75,3153
2022-09-19 10:39:59,158,10,3896.0,3163
2022-09-19 10:40:00,17,-2,3895.75,3161
2022-09-19 10:40:01,62,-9,3896.0,3152
2022-09-19 10:40:02,98,-7,3896.25,3145
2022-09-19 10:40:03,137,-19,3896.0,3126
2022-09-19 10:40:04,32,-21,3895.75,3105
2022-09-19 10:40:05,94,-16,3895.75,3089
2022-09-19 10:40:06,167,-80,3895.5,3009
2022-09-19 10:40:07,164,39,3895.75,3048
2022-09-19 10:40:08,71,36,3896.0,3084
2022-09-19 10:40:09,116,-4,3896.0,3080
2022-09-19 10:40:10,226,53,3896.5,3133
2022-09-19 10:40:11,120,49,3897.0,3182
2022-09-19 10:40:12,291,60,3897.25,3242
2022-09-19 10:40:13,1298,593,3898.75,3835
2022-09-19 10:40:14,263,-11,3898.5,3824
2022-09-19 10:40:15,166,9,3898.25,3833
2022-09-19 10:40:16,213,49,3898.5,3882
2022-09-19 10:40:17,83,11,3898.5,3893
2022-09-19 10:40:18,187,107,3898.5,4000
2022-09-19 10:40:19,59,14,3898.25,4014
2022-09-19 10:40:20,130,25,3898.5,4039
2022-09-19 10:40:21,84,-38,3897.75,4001
2022-09-19 10:40:22,201,9,3898.0,4010
2022-09-19 10:40:23,79,3,3898.0,4013
2022-09-19 10:40:24,95,-13,3897.75,4000
2022-09-19 10:40:25,282,-78,3897.25,3922
2022-09-19 10:40:26,40,-17,3896.75,3905
2022-09-19 10:40:27,186,-32,3896.75,3873
2022-09-19 10:40:28,120,-10,3896.5,3863
2022-09-19 10:40:29,320,-101,3896.5,3762
2022-09-19 10:40:30,48,13,3896.25,3775
2022-09-19 10:40:31,94,-15,3896.25,3760
2022-09-19 10:40:32,79,13,3896.0,3773
2022-09-19 10:40:33,65,42,3896.25,3815
2022-09-19 10:40:34,29,-14,3896.25,3801
2022-09-19 10:40:35,39,22,3896.5,3823
2022-09-19 10:40:36,171,51,3897.5,3874
2022-09-19 10:40:37,161,49,3898.0,3923
2022-09-19 10:40:38,41,-23,3898.0,3900
2022-09-19 10:40:39,73,8,3897.5,3908
2022-09-19 10:40:40,143,24,3897.75,3932
2022-09-19 10:40:41,16,-1,3897.5,3931
2022-09-19 10:40:42,27,17,3897.75,3948
2022-09-19 10:40:43,290,-2,3898.0,3946
2022-09-19 10:40:44,53,-4,3898.0,3942
2022-09-19 10:40:45,21,3,3898.0,3945
2022-09-19 10:40:46,97,36,3898.0,3981
2022-09-19 10:40:47,171,53,3898.25,4034
2022-09-19 10:40:48,59,3,3898.25,4037
2022-09-19 10:40:49,29,10,3898.25,4047
2022-09-19 10:40:50,21,10,3898.5,4057
2022-09-19 10:40:51,123,32,3898.75,4089
2022-09-19 10:40:52,71,-9,3898.5,4080
2022-09-19 10:40:53,12,-6,3898.25,4074
2022-09-19 10:40:54,25,22,3898.5,4096
2022-09-19 10:40:55,73,7,3898.75,4103
2022-09-19 10:40:56,85,2,3899.0,4105
2022-09-19 10:40:57,29,9,3898.75,4114
2022-09-19 10:40:58,90,-20,3898.75,4094
2022-09-19 10:40:59,36,-7,3898.75,4087
2022-09-19 10:41:00,448,158,3899.25,4245
2022-09-19 10:41:01,851,231,3900.0,4476
2022-09-19 10:41:02,192,62,3900.0,4538
2022-09-19 10:41:03,356,83,3900.75,4621
2022-09-19 10:41:04,109,-21,3900.75,4600
2022-09-19 10:41:05,179,-29,3900.5,4571
2022-09-19 10:41:06,164,-36,3900.25,4535
2022-09-19 10:41:07,73,-38,3899.75,4497
2022-09-19 10:41:08,201,-2,3899.5,4495
2022-09-19 10:41:09,32,18,3899.5,4513
2022-09-19 10:41:10,133,-42,3899.5,4471
2022-09-19 10:41:11,132,-7,3899.25,4464
2022-09-19 10:41:12,61,-8,3899.0,4456
2022-09-19 10:41:13,79,-3,3899.0,4453
2022-09-19 10:41:14,52,-11,3898.75,4442
2022-09-19 10:41:15,97,-45,3898.5,4397
2022-09-19 10:41:16,55,15,3898.75,4412
2022-09-19 10:41:17,12,2,3899.0,4414
2022-09-19 10:41:18,2,-2,3898.75,4412
2022-09-19 10:41:19,283,34,3899.0,4446
2022-09-19 10:41:20,329,-115,3899.0,4331
2022-09-19 10:41:21,219,31,3898.5,4362
2022-09-19 10:41:22,44,-2,3898.75,4360
2022-09-19 10:41:23,135,7,3898.75,4367
2022-09-19 10:41:24,2,-2,3898.5,4365
2022-09-19 10:41:25,2,0,3898.75,4365
2022-09-19 10:41:26,78,7,3898.5,4372
2022-09-19 10:41:27,13,-1,3898.75,4371
2022-09-19 10:41:28,17,8,3898.75,4379
2022-09-19 10:41:29,142,10,3898.75,4389
2022-09-19 10:41:30,59,-14,3898.5,4375
2022-09-19 10:41:31,176,-22,3898.75,4353
2022-09-19 10:41:32,114,-67,3898.5,4286
2022-09-19 10:41:33,79,-12,3898.75,4274
2022-09-19 10:41:34,54,4,3898.75,4278
2022-09-19 10:41:35,204,57,3899.5,4335
2022-09-19 10:41:36,115,36,3899.75,4371
2022-09-19 10:41:37,60,6,3900.0,4377
2022-09-19 10:41:38,54,-11,3899.75,4366
2022-09-19 10:41:39,32,-1,3899.75,4365
2022-09-19 10:41:40,67,29,3900.0,4394
2022-09-19 10:41:41,112,23,3900.25,4417
2022-09-19 10:41:42,188,75,3900.25,4492
2022-09-19 10:41:43,272,-30,3900.5,4462
2022-09-19 10:41:44,89,-10,3900.0,4452
2022-09-19 10:41:45,48,-20,3900.0,4432
2022-09-19 10:41:46,100,-7,3899.75,4425
2022-09-19 10:41:47,18,-4,3899.75,4421
2022-09-19 10:41:48,76,26,3899.75,4447
2022-09-19 10:41:49,750,-62,3899.75,4385
2022-09-19 10:41:50,79,1,3899.75,4386
2022-09-19 10:41:51,98,7,3899.75,4393
2022-09-19 10:41:52,215,-2,3899.5,4391
2022-09-19 10:41:53,105,12,3899.5,4403
2022-09-19 10:41:54,112,45,3899.5,4448
2022-09-19 10:41:55,111,13,3899.75,4461
2022-09-19 10:41:56,55,7,3900.0,4468
2022-09-19 10:41:57,479,35,3900.25,4503
2022-09-19 10:41:58,75,29,3900.5,4532
2022-09-19 10:41:59,70,21,3900.5,4553
2022-09-19 10:42:00,48,3,3900.25,4556
2022-09-19 10:42:01,154,-36,3900.5,4520
2022-09-19 10:42:02,203,69,3900.5,4589
2022-09-19 10:42:03,371,31,3900.75,4620
2022-09-19 10:42:04,382,72,3901.0,4692
2022-09-19 10:42:05,65,6,3901.0,4698
2022-09-19 10:42:06,115,39,3901.25,4737
2022-09-19 10:42:07,311,-26,3901.25,4711
2022-09-19 10:42:08,17,2,3901.25,4713
2022-09-19 10:42:09,42,1,3901.25,4714
2022-09-19 10:42:10,178,-39,3901.25,4675
2022-09-19 10:42:11,81,-49,3901.0,4626
2022-09-19 10:42:12,206,32,3901.25,4658
2022-09-19 10:42:13,209,54,3901.25,4712
2022-09-19 10:42:14,375,-38,3901.0,4674
2022-09-19 10:42:15,358,-37,3900.75,4637
2022-09-19 10:42:16,76,-22,3900.5,4615
2022-09-19 10:42:17,813,-160,3900.0,4455
2022-09-19 10:42:18,113,7,3900.0,4462
2022-09-19 10:42:19,145,-50,3899.5,4412
2022-09-19 10:42:20,214,35,3900.0,4447
2022-09-19 10:42:21,55,9,3900.0,4456
2022-09-19 10:42:22,119,-2,3899.75,4454
2022-09-19 10:42:23,25,5,3899.75,4459
2022-09-19 10:42:24,44,5,3900.0,4464
2022-09-19 10:42:25,105,21,3900.25,4485
2022-09-19 10:42:26,103,22,3900.5,4507
2022-09-19 10:42:27,145,16,3901.0,4523
2022-09-19 10:42:28,87,38,3901.25,4561
2022-09-19 10:42:29,76,8,3901.25,4569
2022-09-19 10:42:30,413,125,3902.0,4694
2022-09-19 10:42:31,141,7,3902.0,4701
2022-09-19 10:42:32,92,-28,3902.0,4673
2022-09-19 10:42:33,96,19,3901.5,4692
2022-09-19 10:42:34,152,-1,3901.75,4691
2022-09-19 10:42:35,166,7,3901.75,4698
2022-09-19 10:42:36,42,-6,3901.75,4692
2022-09-19 10:42:37,81,-15,3901.75,4677
2022-09-19 10:42:38,64,-6,3901.25,4671
2022-09-19 10:42:39,24,6,3901.0,4677
2022-09-19 10:42:40,133,-3,3901.0,4674
2022-09-19 10:42:41,40,1,3900.75,4675
2022-09-19 10:42:42,86,2,3900.75,4677
2022-09-19 10:42:43,103,10,3901.25,4687
2022-09-19 10:42:44,46,-3,3901.0,4684
2022-09-19 10:42:45,76,-18,3901.25,4666
2022-09-19 10:42:46,113,-4,3901.0,4662
2022-09-19 10:42:47,40,-1,3900.75,4661
2022-09-19 10:42:48,40,2,3901.0,4663
2022-09-19 10:42:49,12,6,3901.0,4669
2022-09-19 10:42:50,59,-8,3900.75,4661
2022-09-19 10:42:51,47,19,3901.0,4680
2022-09-19 10:42:52,72,-1,3901.0,4679
2022-09-19 10:42:53,64,16,3901.0,4695
2022-09-19 10:42:54,16,9,3901.25,4704
2022-09-19 10:42:55,25,-22,3901.0,4682
2022-09-19 10:42:56,73,-29,3900.75,4653
2022-09-19 10:42:57,18,-2,3900.5,4651
2022-09-19 10:42:58,131,-22,3900.5,4629
2022-09-19 10:42:59,69,24,3900.5,4653
2022-09-19 10:43:00,68,12,3900.75,4665
2022-09-19 10:43:01,87,13,3901.0,4678
2022-09-19 10:43:02,43,-14,3901.0,4664
2022-09-19 10:43:03,62,-22,3900.5,4642
2022-09-19 10:43:04,55,-13,3900.25,4629
2022-09-19 10:43:05,239,-43,3900.5,4586
2022-09-19 10:43:06,33,18,3900.5,4604
2022-09-19 10:43:07,105,-21,3900.5,4583
2022-09-19 10:43:08,68,21,3900.75,4604
2022-09-19 10:43:09,116,-11,3901.0,4593
2022-09-19 10:43:10,50,20,3900.75,4613
2022-09-19 10:43:11,47,21,3901.0,4634
2022-09-19 10:43:12,222,16,3901.5,4650
2022-09-19 10:43:13,91,15,3901.75,4665
2022-09-19 10:43:14,161,87,3901.75,4752
2022-09-19 10:43:15,131,47,3902.0,4799
2022-09-19 10:43:16,147,-26,3902.0,4773
2022-09-19 10:43:17,69,-16,3902.0,4757
2022-09-19 10:43:18,54,-39,3902.0,4718
2022-09-19 10:43:19,80,-26,3901.5,4692
2022-09-19 10:43:20,73,10,3901.25,4702
2022-09-19 10:43:21,71,17,3901.5,4719
2022-09-19 10:43:22,77,3,3902.0,4722
2022-09-19 10:43:23,121,-54,3901.75,4668
2022-09-19 10:43:24,79,11,3901.0,4679
2022-09-19 10:43:25,32,-1,3901.25,4678
2022-09-19 10:43:26,73,13,3901.25,4691
2022-09-19 10:43:27,15,1,3901.0,4692
2022-09-19 10:43:28,92,5,3901.0,4697
2022-09-19 10:43:29,59,-14,3900.75,4683
2022-09-19 10:43:30,110,-9,3900.5,4674
2022-09-19 10:43:31,146,-9,3900.5,4665
2022-09-19 10:43:32,18,-2,3900.75,4663
2022-09-19 10:43:33,52,-8,3900.75,4655
2022-09-19 10:43:34,70,-6,3900.5,4649
2022-09-19 10:43:35,49,-15,3900.25,4634
2022-09-19 10:43:36,51,10,3900.75,4644
2022-09-19 10:43:37,72,10,3900.75,4654
2022-09-19 10:43:38,133,-27,3900.5,4627
2022-09-19 10:43:39,41,2,3900.25,4629
2022-09-19 10:43:40,54,20,3900.75,4649
2022-09-19 10:43:41,64,7,3901.25,4656
2022-09-19 10:43:42,60,15,3901.0,4671
2022-09-19 10:43:43,52,-19,3900.75,4652
2022-09-19 10:43:44,100,-6,3900.75,4646
2022-09-19 10:43:45,85,32,3901.25,4678
2022-09-19 10:43:46,22,0,3901.0,4678
2022-09-19 10:43:47,47,7,3901.0,4685
2022-09-19 10:43:48,73,-44,3900.75,4641
2022-09-19 10:43:49,85,-10,3900.5,4631
2022-09-19 10:43:50,26,2,3900.5,4633
2022-09-19 10:43:51,37,21,3900.75,4654
2022-09-19 10:43:52,133,4,3900.75,4658
2022-09-19 10:43:53,42,8,3900.75,4666
2022-09-19 10:43:54,15,1,3900.75,4667
2022-09-19 10:43:55,25,-2,3901.0,4665
2022-09-19 10:43:56,60,-23,3900.5,4642
2022-09-19 10:43:57,154,-41,3900.0,4601
2022-09-19 10:43:58,137,21,3900.5,4622
2022-09-19 10:43:59,30,4,3900.5,4626
2022-09-19 10:44:00,60,6,3900.5,4632
2022-09-19 10:44:01,29,-20,3900.5,4612
2022-09-19 10:44:02,12,-4,3899.75,4608
2022-09-19 10:44:03,219,-37,3900.0,4571
2022-09-19 10:44:04,41,-20,3899.75,4551
2022-09-19 10:44:05,123,21,3899.75,4572
2022-09-19 10:44:06,124,-33,3899.75,4539
2022-09-19 10:44:07,56,-4,3899.75,4535
2022-09-19 10:44:08,251,-68,3899.75,4467
2022-09-19 10:44:09,176,-30,3899.25,4437
2022-09-19 10:44:10,71,15,3899.5,4452
2022-09-19 10:44:11,140,-44,3899.75,4408
2022-09-19 10:44:12,107,5,3899.75,4413
2022-09-19 10:44:13,35,-5,3900.0,4408
2022-09-19 10:44:14,148,-36,3899.75,4372
2022-09-19 10:44:15,95,8,3899.5,4380
2022-09-19 10:44:16,18,4,3899.75,4384
2022-09-19 10:44:17,116,-36,3899.5,4348
2022-09-19 10:44:18,76,-13,3899.5,4335
2022-09-19 10:44:19,24,-17,3899.25,4318
2022-09-19 10:44:20,178,-39,3899.25,4279
2022-09-19 10:44:21,45,16,3899.75,4295
2022-09-19 10:44:22,22,-13,3899.25,4282
2022-09-19 10:44:23,166,-47,3899.0,4235
2022-09-19 10:44:24,65,15,3899.5,4250
2022-09-19 10:44:25,56,0,3899.5,4250
2022-09-19 10:44:26,83,-34,3899.0,4216
2022-09-19 10:44:27,27,-4,3899.25,4212
2022-09-19 10:44:28,195,-51,3899.5,4161
2022-09-19 10:44:29,71,29,3899.5,4190
2022-09-19 10:44:30,33,26,3899.75,4216
2022-09-19 10:44:31,57,23,3900.0,4239
2022-09-19 10:44:32,164,60,3900.75,4299
2022-09-19 10:44:33,95,14,3901.0,4313
2022-09-19 10:44:34,20,-1,3900.5,4312
2022-09-19 10:44:35,37,6,3900.5,4318
2022-09-19 10:44:36,96,11,3900.5,4329
2022-09-19 10:44:37,40,-13,3900.5,4316
2022-09-19 10:44:38,54,0,3900.5,4316
2022-09-19 10:44:39,14,4,3900.5,4320
2022-09-19 10:44:40,223,-16,3901.25,4304
2022-09-19 10:44:41,64,4,3901.25,4308
2022-09-19 10:44:42,69,-3,3901.0,4305
2022-09-19 10:44:43,44,26,3901.25,4331
2022-09-19 10:44:44,411,94,3902.0,4425
2022-09-19 10:44:45,174,-53,3901.75,4372
2022-09-19 10:44:46,81,15,3901.25,4387
2022-09-19 10:44:47,141,1,3900.75,4388
2022-09-19 10:44:48,76,-6,3900.5,4382
2022-09-19 10:44:49,25,7,3900.5,4389
2022-09-19 10:44:50,5,5,3900.5,4394
2022-09-19 10:44:51,35,-12,3900.25,4382
2022-09-19 10:44:52,28,-23,3900.0,4359
2022-09-19 10:44:53,13,3,3900.25,4362
2022-09-19 10:44:54,88,35,3900.75,4397
2022-09-19 10:44:55,23,5,3901.0,4402
2022-09-19 10:44:56,35,-11,3900.5,4391
2022-09-19 10:44:57,43,-10,3900.75,4381
2022-09-19 10:44:58,91,-5,3900.5,4376
2022-09-19 10:44:59,25,8,3900.75,4384
2022-09-19 10:45:00,110,-11,3900.5,4373
2022-09-19 10:45:01,63,15,3901.0,4388
2022-09-19 10:45:02,127,23,3901.25,4411
2022-09-19 10:45:03,128,38,3901.5,4449
2022-09-19 10:45:04,36,3,3901.5,4452
2022-09-19 10:45:05,129,15,3901.5,4467
2022-09-19 10:45:06,184,-21,3901.0,4446
2022-09-19 10:45:07,28,1,3900.75,4447
2022-09-19 10:45:08,134,-25,3900.75,4422
2022-09-19 10:45:09,26,12,3900.75,4434
2022-09-19 10:45:10,26,-1,3900.75,4433
2022-09-19 10:45:11,24,11,3901.0,4444
2022-09-19 10:45:12,34,-9,3900.75,4435
2022-09-19 10:45:13,29,3,3900.75,4438
2022-09-19 10:45:14,174,27,3901.0,4465
2022-09-19 10:45:15,23,-14,3900.75,4451
2022-09-19 10:45:16,28,2,3901.0,4453
2022-09-19 10:45:17,11,4,3901.0,4457
2022-09-19 10:45:18,105,12,3901.25,4469
2022-09-19 10:45:19,31,18,3901.5,4487
2022-09-19 10:45:20,24,-2,3901.25,4485
2022-09-19 10:45:21,70,-18,3901.25,4467
2022-09-19 10:45:22,37,-8,3901.0,4459
2022-09-19 10:45:23,127,-12,3901.25,4447
2022-09-19 10:45:24,41,-5,3901.5,4442
2022-09-19 10:45:25,25,12,3901.5,4454
2022-09-19 10:45:26,12,6,3901.5,4460
2022-09-19 10:45:27,18,10,3901.75,4470
2022-09-19 10:45:28,555,192,3903.5,4662
2022-09-19 10:45:29,395,43,3903.75,4705
2022-09-19 10:45:30,122,-10,3903.75,4695
2022-09-19 10:45:31,107,29,3903.5,4724
2022-09-19 10:45:32,178,-15,3903.5,4709
2022-09-19 10:45:33,30,-6,3903.25,4703
2022-09-19 10:45:34,54,18,3903.25,4721
2022-09-19 10:45:35,43,-19,3903.25,4702
2022-09-19 10:45:36,7,2,3903.0,4704
2022-09-19 10:45:37,79,-18,3902.75,4686
2022-09-19 10:45:38,59,-5,3902.75,4681
2022-09-19 10:45:39,144,-7,3902.75,4674
2022-09-19 10:45:40,93,-44,3902.75,4630
2022-09-19 10:45:41,103,-25,3902.0,4605
2022-09-19 10:45:42,61,2,3902.0,4607
2022-09-19 10:45:43,203,23,3902.5,4630
2022-09-19 10:45:44,36,1,3902.75,4631
2022-09-19 10:45:45,80,9,3903.0,4640
2022-09-19 10:45:46,28,-21,3902.75,4619
2022-09-19 10:45:47,65,9,3902.75,4628
2022-09-19 10:45:48,204,19,3903.0,4647
2022-09-19 10:45:49,186,-16,3903.0,4631
2022-09-19 10:45:50,293,44,3903.25,4675
2022-09-19 10:45:51,75,8,3902.75,4683
2022-09-19 10:45:52,99,-6,3902.5,4677
2022-09-19 10:45:53,71,10,3902.75,4687
2022-09-19 10:45:54,58,-7,3902.75,4680
2022-09-19 10:45:55,101,-5,3902.75,4675
2022-09-19 10:45:56,91,6,3902.75,4681
2022-09-19 10:45:57,68,-8,3902.5,4673
2022-09-19 10:45:58,29,-5,3902.5,4668
2022-09-19 10:45:59,98,-29,3902.0,4639
2022-09-19 10:46:00,99,-20,3902.0,4619
2022-09-19 10:46:01,43,5,3901.75,4624
2022-09-19 10:46:02,250,-75,3901.5,4549
2022-09-19 10:46:03,250,-43,3900.75,4506
2022-09-19 10:46:04,97,-47,3901.0,4459
2022-09-19 10:46:05,309,-19,3900.5,4440
2022-09-19 10:46:06,9,1,3900.75,4441
2022-09-19 10:46:07,148,10,3900.75,4451
2022-09-19 10:46:08,162,62,3900.5,4513
2022-09-19 10:46:09,4,-2,3900.25,4511
2022-09-19 10:46:10,111,7,3900.25,4518
2022-09-19 10:46:11,92,-18,3900.0,4500
2022-09-19 10:46:12,118,-5,3900.25,4495
2022-09-19 10:46:13,17,-8,3900.25,4487
2022-09-19 10:46:14,111,14,3900.5,4501
2022-09-19 10:46:15,22,6,3900.5,4507
2022-09-19 10:46:16,34,6,3900.5,4513
2022-09-19 10:46:17,73,14,3900.75,4527
2022-09-19 10:46:18,53,0,3901.25,4527
2022-09-19 10:46:19,48,13,3901.25,4540
2022-09-19 10:46:20,47,1,3901.25,4541
2022-09-19 10:46:21,101,-19,3901.25,4522
2022-09-19 10:46:22,144,9,3901.25,4531
2022-09-19 10:46:23,91,14,3900.75,4545
2022-09-19 10:46:24,77,-51,3900.5,4494
2022-09-19 10:46:25,45,8,3900.25,4502
2022-09-19 10:46:26,29,-4,3900.5,4498
2022-09-19 10:46:27,22,-4,3900.25,4494
2022-09-19 10:46:28,14,-6,3900.25,4488
2022-09-19 10:46:29,77,-45,3900.25,4443
2022-09-19 10:46:30,217,-35,3900.25,4408
2022-09-19 10:46:31,28,-1,3900.5,4407
2022-09-19 10:46:32,85,-24,3900.5,4383
2022-09-19 10:46:33,115,20,3901.0,4403
2022-09-19 10:46:34,123,-76,3901.0,4327
2022-09-19 10:46:35,55,-20,3900.75,4307
2022-09-19 10:46:36,25,15,3900.75,4322
2022-09-19 10:46:37,74,-14,3901.0,4308
2022-09-19 10:46:38,48,-5,3900.5,4303
2022-09-19 10:46:39,118,-7,3900.5,4296
2022-09-19 10:46:40,80,-4,3900.25,4292
2022-09-19 10:46:41,75,-14,3900.5,4278
2022-09-19 10:46:42,35,19,3900.75,4297
2022-09-19 10:46:43,31,-5,3900.75,4292
2022-09-19 10:46:44,156,10,3901.0,4302
2022-09-19 10:46:45,47,6,3901.0,4308
2022-09-19 10:46:46,32,-27,3900.75,4281
2022-09-19 10:46:47,33,9,3901.0,4290
2022-09-19 10:46:48,56,11,3901.25,4301
2022-09-19 10:46:49,100,49,3901.5,4350
2022-09-19 10:46:50,38,8,3901.5,4358
2022-09-19 10:46:51,125,-28,3901.75,4330
2022-09-19 10:46:52,67,23,3901.25,4353
2022-09-19 10:46:53,48,-22,3901.0,4331
2022-09-19 10:46:54,15,5,3901.0,4336
2022-09-19 10:46:55,36,-6,3900.75,4330
2022-09-19 10:46:56,6,4,3900.75,4334
2022-09-19 10:46:57,153,1,3901.25,4335
2022-09-19 10:46:58,56,-3,3901.25,4332
2022-09-19 10:46:59,156,-28,3901.0,4304
2022-09-19 10:47:00,60,6,3900.75,4310
2022-09-19 10:47:01,46,-4,3900.75,4306
2022-09-19 10:47:02,15,4,3900.5,4310
2022-09-19 10:47:03,23,-1,3900.5,4309
2022-09-19 10:47:04,6,1,3900.5,4310
2022-09-19 10:47:05,68,11,3900.75,4321
2022-09-19 10:47:06,34,-27,3900.75,4294
2022-09-19 10:47:07,60,-22,3900.25,4272
2022-09-19 10:47:08,174,-89,3900.0,4183
2022-09-19 10:47:09,74,-22,3900.0,4161
2022-09-19 10:47:10,44,3,3900.0,4164
2022-09-19 10:47:11,58,0,3900.25,4164
2022-09-19 10:47:12,33,2,3900.25,4166
2022-09-19 10:47:13,124,-1,3900.25,4165
2022-09-19 10:47:14,142,119,3900.75,4284
2022-09-19 10:47:15,365,-220,3900.5,4064
2022-09-19 10:47:16,85,-12,3900.0,4052
2022-09-19 10:47:17,50,13,3900.0,4065
2022-09-19 10:47:18,53,7,3900.25,4072
2022-09-19 10:47:19,59,-13,3900.25,4059
2022-09-19 10:47:20,142,-61,3900.5,3998
2022-09-19 10:47:21,48,-9,3900.25,3989
2022-09-19 10:47:22,114,31,3900.5,4020
2022-09-19 10:47:23,91,-3,3900.5,4017
2022-09-19 10:47:24,72,-4,3900.5,4013
2022-09-19 10:47:25,125,32,3900.5,4045
2022-09-19 10:47:26,59,12,3901.0,4057
2022-09-19 10:47:27,16,-6,3900.75,4051
2022-09-19 10:47:28,21,-1,3900.5,4050
2022-09-19 10:47:29,11,3,3900.5,4053
2022-09-19 10:47:30,54,15,3900.75,4068
2022-09-19 10:47:31,209,-23,3901.25,4045
2022-09-19 10:47:32,438,-114,3901.5,3931
2022-09-19 10:47:33,86,13,3901.5,3944
2022-09-19 10:47:34,86,-14,3901.5,3930
2022-09-19 10:47:35,44,-16,3901.25,3914
2022-09-19 10:47:36,97,0,3900.75,3914
2022-09-19 10:47:37,50,22,3901.0,3936
2022-09-19 10:47:38,110,25,3901.5,3961
2022-09-19 10:47:39,125,-138,3901.25,3823
2022-09-19 10:47:40,38,24,3901.25,3847
2022-09-19 10:47:41,117,26,3901.75,3873
2022-09-19 10:47:42,34,-1,3901.75,3872
2022-09-19 10:47:43,13,1,3901.5,3873
2022-09-19 10:47:44,24,2,3901.5,3875
2022-09-19 10:47:45,100,9,3901.25,3884
2022-09-19 10:47:46,133,-14,3901.0,3870
2022-09-19 10:47:47,18,-4,3900.75,3866
2022-09-19 10:47:48,50,-21,3900.5,3845
2022-09-19 10:47:49,24,-1,3900.5,3844
2022-09-19 10:47:50,37,-2,3900.5,3842
2022-09-19 10:47:51,21,-9,3900.5,3833
2022-09-19 10:47:52,12,5,3900.75,3838
2022-09-19 10:47:53,29,20,3901.0,3858
2022-09-19 10:47:54,49,-11,3900.75,3847
2022-09-19 10:47:55,241,-25,3900.75,3822
2022-09-19 10:47:56,56,16,3900.5,3838
2022-09-19 10:47:57,81,-35,3900.25,3803
2022-09-19 10:47:58,44,6,3900.25,3809
2022-09-19 10:47:59,25,13,3900.25,3822
2022-09-19 10:48:00,170,-36,3900.25,3786
2022-09-19 10:48:01,94,15,3900.0,3801
2022-09-19 10:48:02,25,-9,3900.25,3792
2022-09-19 10:48:03,244,-52,3900.0,3740
2022-09-19 10:48:04,53,-18,3899.5,3722
2022-09-19 10:48:05,67,-17,3899.75,3705
2022-09-19 10:48:06,22,-12,3899.5,3693
2022-09-19 10:48:07,205,-1,3899.75,3692
2022-09-19 10:48:08,99,10,3900.25,3702
2022-09-19 10:48:09,42,9,3900.0,3711
2022-09-19 10:48:10,151,-29,3899.75,3682
2022-09-19 10:48:11,171,-58,3899.5,3624
2022-09-19 10:48:12,603,-322,3899.25,3302
2022-09-19 10:48:13,149,52,3898.5,3354
2022-09-19 10:48:14,57,-9,3898.75,3345
2022-09-19 10:48:15,100,43,3899.0,3388
2022-09-19 10:48:16,113,-19,3899.0,3369
2022-09-19 10:48:17,128,30,3899.5,3399
2022-09-19 10:48:18,51,-7,3899.0,3392
2022-09-19 10:48:19,65,-18,3899.0,3374
2022-09-19 10:48:20,114,-3,3899.0,3371
2022-09-19 10:48:21,158,13,3899.5,3384
2022-09-19 10:48:22,67,-2,3899.75,3382
2022-09-19 10:48:23,32,-5,3899.5,3377
2022-09-19 10:48:24,50,17,3899.5,3394
2022-09-19 10:48:25,56,26,3899.5,3420
2022-09-19 10:48:26,65,0,3899.25,3420
2022-09-19 10:48:27,61,9,3899.25,3429
2022-09-19 10:48:28,24,3,3899.5,3432
2022-09-19 10:48:29,51,1,3899.5,3433
2022-09-19 10:48:30,32,7,3899.5,3440
2022-09-19 10:48:31,114,13,3899.25,3453
2022-09-19 10:48:32,146,23,3899.75,3476
2022-09-19 10:48:33,44,-9,3899.5,3467
2022-09-19 10:48:34,144,34,3900.0,3501
2022-09-19 10:48:35,79,-53,3899.75,3448
2022-09-19 10:48:36,99,-17,3899.75,3431
2022-09-19 10:48:37,63,-14,3900.0,3417
2022-09-19 10:48:38,68,-1,3899.25,3416
2022-09-19 10:48:39,31,1,3899.0,3417
2022-09-19 10:48:40,46,8,3899.25,3425
2022-09-19 10:48:41,40,10,3899.5,3435
2022-09-19 10:48:42,31,-19,3899.25,3416
2022-09-19 10:48:43,35,11,3899.25,3427
2022-09-19 10:48:44,41,6,3899.0,3433
2022-09-19 10:48:45,238,-84,3899.0,3349
2022-09-19 10:48:46,47,2,3899.0,3351
2022-09-19 10:48:47,89,30,3899.25,3381
2022-09-19 10:48:48,19,-10,3899.25,3371
2022-09-19 10:48:49,60,-12,3898.75,3359
2022-09-19 10:48:50,68,16,3898.75,3375
2022-09-19 10:48:51,52,-1,3899.25,3374
2022-09-19 10:48:52,131,34,3899.25,3408
2022-09-19 10:48:53,15,-13,3899.0,3395
2022-09-19 10:48:54,86,20,3899.0,3415
2022-09-19 10:48:55,82,11,3899.25,3426
2022-09-19 10:48:56,24,12,3899.25,3438
2022-09-19 10:48:57,93,9,3899.25,3447
2022-09-19 10:48:58,19,-12,3899.25,3435
2022-09-19 10:48:59,85,5,3899.5,3440
2022-09-19 10:49:00,305,44,3900.5,3484
2022-09-19 10:49:01,138,-1,3900.0,3483
2022-09-19 10:49:02,30,-2,3900.0,3481
2022-09-19 10:49:03,70,-12,3899.75,3469
2022-09-19 10:49:04,97,-5,3899.5,3464
2022-09-19 10:49:05,150,1,3899.5,3465
2022-09-19 10:49:06,22,2,3899.5,3467
2022-09-19 10:49:07,80,-17,3899.25,3450
2022-09-19 10:49:08,118,7,3899.5,3457
2022-09-19 10:49:09,56,-1,3900.0,3456
2022-09-19 10:49:10,21,13,3900.0,3469
2022-09-19 10:49:11,58,19,3900.25,3488
2022-09-19 10:49:12,42,-1,3900.25,3487
2022-09-19 10:49:13,82,-5,3900.25,3482
2022-09-19 10:49:14,52,-5,3900.25,3477
2022-09-19 10:49:15,37,-8,3900.25,3469
2022-09-19 10:49:16,303,-80,3900.0,3389
2022-09-19 10:49:17,56,35,3899.5,3424
2022-09-19 10:49:18,28,-13,3899.25,3411
2022-09-19 10:49:19,52,-15,3899.25,3396
2022-09-19 10:49:20,63,7,3898.75,3403
2022-09-19 10:49:21,56,-26,3898.75,3377
2022-09-19 10:49:22,48,-8,3898.5,3369
2022-09-19 10:49:23,136,-64,3898.5,3305
2022-09-19 10:49:24,141,-52,3898.25,3253
2022-09-19 10:49:25,218,12,3898.25,3265
2022-09-19 10:49:26,21,-13,3898.25,3252
2022-09-19 10:49:27,37,-26,3898.0,3226
2022-09-19 10:49:28,122,14,3898.25,3240
2022-09-19 10:49:29,247,-29,3899.0,3211
2022-09-19 10:49:30,100,18,3899.0,3229
2022-09-19 10:49:31,67,6,3899.0,3235
2022-09-19 10:49:32,28,11,3899.25,3246
2022-09-19 10:49:33,31,5,3899.5,3251
2022-09-19 10:49:34,43,11,3899.5,3262
2022-09-19 10:49:35,35,9,3899.25,3271
2022-09-19 10:49:36,156,-13,3899.75,3258
2022-09-19 10:49:37,61,-15,3899.75,3243
2022-09-19 10:49:38,19,-8,3899.75,3235
2022-09-19 10:49:39,96,3,3899.75,3238
2022-09-19 10:49:40,137,-52,3899.75,3186
2022-09-19 10:49:41,41,-13,3899.5,3173
2022-09-19 10:49:42,82,34,3899.5,3207
2022-09-19 10:49:43,70,-10,3899.5,3197
2022-09-19 10:49:44,1,-1,3899.25,3196
2022-09-19 10:49:45,77,-5,3899.25,3191
2022-09-19 10:49:46,47,-26,3899.25,3165
2022-09-19 10:49:47,38,18,3899.0,3183
2022-09-19 10:49:48,63,10,3899.5,3193
2022-09-19 10:49:49,55,-8,3899.25,3185
2022-09-19 10:49:50,28,3,3899.0,3188
2022-09-19 10:49:51,73,-19,3899.0,3169
2022-09-19 10:49:52,59,0,3899.0,3169
2022-09-19 10:49:53,4,-4,3898.75,3165
2022-09-19 10:49:54,17,7,3898.75,3172
2022-09-19 10:49:55,150,-3,3899.0,3169
2022-09-19 10:49:56,48,-3,3898.5,3166
2022-09-19 10:49:57,47,16,3898.75,3182
2022-09-19 10:49:58,63,-23,3898.75,3159
2022-09-19 10:49:59,70,-11,3898.5,3148
2022-09-19 10:50:00,123,-33,3898.0,3115
2022-09-19 10:50:01,88,16,3898.0,3131
2022-09-19 10:50:02,17,-7,3898.0,3124
2022-09-19 10:50:03,215,-13,3897.75,3111
2022-09-19 10:50:04,82,21,3898.25,3132
2022-09-19 10:50:05,102,3,3898.25,3135
2022-09-19 10:50:06,143,-17,3898.5,3118
2022-09-19 10:50:07,7,7,3898.0,3125
2022-09-19 10:50:08,66,12,3898.25,3137
2022-09-19 10:50:09,226,-73,3897.5,3064
2022-09-19 10:50:10,67,4,3897.5,3068
2022-09-19 10:50:11,110,12,3897.75,3080
2022-09-19 10:50:12,57,-5,3897.75,3075
2022-09-19 10:50:13,59,28,3898.0,3103
2022-09-19 10:50:14,61,20,3898.5,3123
2022-09-19 10:50:15,116,4,3898.0,3127
2022-09-19 10:50:16,8,0,3897.75,3127
2022-09-19 10:50:17,92,-9,3897.5,3118
2022-09-19 10:50:18,39,7,3897.25,3125
2022-09-19 10:50:19,119,-39,3897.25,3086
2022-09-19 10:50:20,168,-60,3897.0,3026
2022-09-19 10:50:21,106,40,3897.5,3066
2022-09-19 10:50:22,27,7,3897.5,3073
2022-09-19 10:50:23,69,13,3898.0,3086
2022-09-19 10:50:24,131,6,3898.0,3092
2022-09-19 10:50:25,80,-24,3898.0,3068
2022-09-19 10:50:26,80,1,3897.5,3069
2022-09-19 10:50:27,39,3,3897.5,3072
2022-09-19 10:50:28,155,-55,3897.25,3017
2022-09-19 10:50:29,55,0,3897.0,3017
2022-09-19 10:50:30,47,12,3897.0,3029
2022-09-19 10:50:31,30,1,3897.25,3030
2022-09-19 10:50:32,35,-6,3897.25,3024
2022-09-19 10:50:33,247,207,3897.75,3231
2022-09-19 10:50:34,75,14,3897.25,3245
2022-09-19 10:50:35,109,40,3897.25,3285
2022-09-19 10:50:36,39,3,3897.0,3288
2022-09-19 10:50:37,31,15,3897.25,3303
2022-09-19 10:50:38,53,-4,3897.0,3299
2022-09-19 10:50:39,55,-8,3897.0,3291
2022-09-19 10:50:40,137,64,3897.25,3355
2022-09-19 10:50:41,164,-59,3897.0,3296
2022-09-19 10:50:42,54,-20,3897.0,3276
2022-09-19 10:50:43,60,-24,3896.75,3252
2022-09-19 10:50:44,97,33,3897.25,3285
2022-09-19 10:50:45,25,2,3897.25,3287
2022-09-19 10:50:46,134,-61,3897.0,3226
2022-09-19 10:50:47,97,-6,3896.5,3220
2022-09-19 10:50:48,53,-19,3896.75,3201
2022-09-19 10:50:49,135,-22,3896.5,3179
2022-09-19 10:50:50,297,-138,3896.25,3041
2022-09-19 10:50:51,435,-105,3895.25,2936
2022-09-19 10:50:52,234,26,3895.0,2962
2022-09-19 10:50:53,113,-11,3894.75,2951
2022-09-19 10:50:54,140,2,3895.0,2953
2022-09-19 10:50:55,89,14,3895.0,2967
2022-09-19 10:50:56,511,-11,3895.75,2956
2022-09-19 10:50:57,205,40,3895.75,2996
2022-09-19 10:50:58,92,-15,3896.0,2981
2022-09-19 10:50:59,28,11,3896.0,2992
2022-09-19 10:51:00,292,-34,3896.25,2958
2022-09-19 10:51:01,115,-9,3896.25,2949
2022-09-19 10:51:02,26,14,3896.25,2963
2022-09-19 10:51:03,530,-90,3896.25,2873
2022-09-19 10:51:04,68,14,3896.0,2887
2022-09-19 10:51:05,69,-6,3896.0,2881
2022-09-19 10:51:06,79,-45,3895.75,2836
2022-09-19 10:51:07,112,-11,3895.0,2825
2022-09-19 10:51:08,143,-32,3894.5,2793
2022-09-19 10:51:09,119,33,3894.75,2826
2022-09-19 10:51:10,159,13,3895.0,2839
2022-09-19 10:51:11,179,29,3895.25,2868
2022-09-19 10:51:12,125,33,3896.0,2901
2022-09-19 10:51:13,99,21,3896.0,2922
2022-09-19 10:51:14,85,-16,3895.75,2906
2022-09-19 10:51:15,218,62,3895.5,2968
2022-09-19 10:51:16,103,21,3895.75,2989
2022-09-19 10:51:17,63,-22,3895.75,2967
2022-09-19 10:51:18,79,-6,3895.25,2961
2022-09-19 10:51:19,56,14,3895.25,2975
2022-09-19 10:51:20,153,33,3895.5,3008
2022-09-19 10:51:21,91,-25,3895.5,2983
2022-09-19 10:51:22,21,10,3895.25,2993
2022-09-19 10:51:23,110,13,3895.5,3006
2022-09-19 10:51:24,12,-7,3895.75,2999
2022-09-19 10:51:25,62,-4,3895.5,2995
2022-09-19 10:51:26,68,-14,3895.5,2981
2022-09-19 10:51:27,52,13,3896.0,2994
2022-09-19 10:51:28,49,-7,3896.0,2987
2022-09-19 10:51:29,39,24,3896.25,3011
2022-09-19 10:51:30,105,4,3896.5,3015
2022-09-19 10:51:31,55,15,3896.75,3030
2022-09-19 10:51:32,43,-5,3897.0,3025
2022-09-19 10:51:33,27,-6,3896.75,3019
2022-09-19 10:51:34,14,11,3896.75,3030
2022-09-19 10:51:35,55,-24,3896.75,3006
2022-09-19 10:51:36,44,4,3896.5,3010
2022-09-19 10:51:37,29,-4,3896.25,3006
2022-09-19 10:51:38,64,2,3896.5,3008
2022-09-19 10:51:39,56,21,3896.75,3029
2022-09-19 10:51:40,86,-6,3896.75,3023
2022-09-19 10:51:41,74,-6,3896.5,3017
2022-09-19 10:51:42,15,-4,3896.5,3013
2022-09-19 10:51:43,48,0,3896.75,3013
2022-09-19 10:51:44,64,-20,3896.25,2993
2022-09-19 10:51:45,42,10,3896.0,3003
2022-09-19 10:51:46,64,-6,3896.0,2997
2022-09-19 10:51:47,18,-2,3896.0,2995
2022-09-19 10:51:48,55,14,3896.25,3009
2022-09-19 10:51:49,85,-17,3896.25,2992
2022-09-19 10:51:50,40,-12,3896.5,2980
2022-09-19 10:51:51,34,-10,3896.0,2970
2022-09-19 10:51:52,108,-6,3895.5,2964
2022-09-19 10:51:53,55,-18,3895.5,2946
2022-09-19 10:51:54,66,14,3896.0,2960
2022-09-19 10:51:55,44,13,3896.25,2973
2022-09-19 10:51:56,143,-37,3896.0,2936
2022-09-19 10:51:57,32,21,3896.25,2957
2022-09-19 10:51:58,137,23,3896.75,2980
2022-09-19 10:51:59,48,-1,3896.5,2979
2022-09-19 10:52:00,350,108,3897.25,3087
2022-09-19 10:52:01,34,4,3897.25,3091
2022-09-19 10:52:02,107,9,3897.25,3100
2022-09-19 10:52:03,157,39,3897.75,3139
2022-09-19 10:52:04,111,27,3897.75,3166
2022-09-19 10:52:05,142,13,3897.75,3179
2022-09-19 10:52:06,131,25,3897.75,3204
2022-09-19 10:52:07,144,56,3898.25,3260
2022-09-19 10:52:08,106,32,3898.75,3292
2022-09-19 10:52:09,156,-11,3898.5,3281
2022-09-19 10:52:10,147,-26,3898.75,3255
2022-09-19 10:52:11,55,-11,3898.5,3244
2022-09-19 10:52:12,128,11,3898.5,3255
2022-09-19 10:52:13,39,-7,3898.5,3248
2022-09-19 10:52:14,90,8,3898.75,3256
2022-09-19 10:52:15,6,6,3898.5,3262
2022-09-19 10:52:16,46,-5,3898.5,3257
2022-09-19 10:52:17,59,-20,3898.0,3237
2022-09-19 10:52:18,116,-12,3898.0,3225
2022-09-19 10:52:19,42,-6,3898.0,3219
2022-09-19 10:52:20,30,0,3898.25,3219
2022-09-19 10:52:21,50,-23,3898.0,3196
2022-09-19 10:52:22,89,-6,3897.75,3190
2022-09-19 10:52:23,29,-8,3897.75,3182
2022-09-19 10:52:24,36,-12,3897.5,3170
2022-09-19 10:52:25,335,-45,3897.0,3125
2022-09-19 10:52:26,134,9,3897.25,3134
2022-09-19 10:52:27,183,95,3897.5,3229
2022-09-19 10:52:28,25,6,3897.5,3235
2022-09-19 10:52:29,44,-8,3897.25,3227
2022-09-19 10:52:30,40,-1,3897.75,3226
2022-09-19 10:52:31,146,-10,3897.75,3216
2022-09-19 10:52:32,41,28,3898.0,3244
2022-09-19 10:52:33,21,-1,3898.0,3243
2022-09-19 10:52:34,49,-2,3898.25,3241
2022-09-19 10:52:35,15,-8,3898.5,3233
2022-09-19 10:52:36,11,0,3898.25,3233
2022-09-19 10:52:37,411,-23,3898.5,3210
2022-09-19 10:52:38,153,54,3898.25,3264
2022-09-19 10:52:39,45,7,3898.0,3271
2022-09-19 10:52:40,88,1,3898.0,3272
2022-09-19 10:52:41,20,4,3898.0,3276
2022-09-19 10:52:42,26,-12,3898.0,3264
2022-09-19 10:52:43,37,2,3897.75,3266
2022-09-19 10:52:44,36,3,3897.75,3269
2022-09-19 10:52:45,22,0,3897.75,3269
2022-09-19 10:52:46,27,4,3897.75,3273
2022-09-19 10:52:47,68,-27,3897.5,3246
2022-09-19 10:52:48,36,-24,3897.25,3222
2022-09-19 10:52:49,128,-23,3897.25,3199
2022-09-19 10:52:50,51,9,3897.0,3208
2022-09-19 10:52:51,60,-13,3896.75,3195
2022-09-19 10:52:52,14,-9,3896.75,3186
2022-09-19 10:52:53,22,-5,3896.75,3181
2022-09-19 10:52:54,94,29,3897.25,3210
2022-09-19 10:52:55,40,9,3897.25,3219
2022-09-19 10:52:56,30,-4,3897.25,3215
2022-09-19 10:52:57,80,-28,3897.0,3187
2022-09-19 10:52:58,26,-13,3896.75,3174
2022-09-19 10:52:59,252,-71,3896.75,3103
2022-09-19 10:53:00,302,-33,3895.75,3070
2022-09-19 10:53:01,86,-15,3895.5,3055
2022-09-19 10:53:02,10,-4,3895.5,3051
2022-09-19 10:53:03,25,1,3895.5,3052
2022-09-19 10:53:04,149,-10,3895.5,3042
2022-09-19 10:53:05,108,-68,3895.5,2974
2022-09-19 10:53:06,23,0,3895.25,2974
2022-09-19 10:53:07,57,-31,3895.25,2943
2022-09-19 10:53:08,212,-21,3895.0,2922
2022-09-19 10:53:09,128,-8,3894.75,2914
2022-09-19 10:53:10,130,-30,3895.0,2884
2022-09-19 10:53:11,58,11,3894.5,2895
2022-09-19 10:53:12,35,5,3894.75,2900
2022-09-19 10:53:13,87,3,3894.75,2903
2022-09-19 10:53:14,162,53,3895.0,2956
2022-09-19 10:53:15,106,3,3894.5,2959
2022-09-19 10:53:16,77,11,3894.25,2970
2022-09-19 10:53:17,99,-30,3894.25,2940
2022-09-19 10:53:18,60,7,3894.75,2947
2022-09-19 10:53:19,109,-1,3895.0,2946
2022-09-19 10:53:20,25,-12,3894.5,2934
2022-09-19 10:53:21,30,-16,3894.25,2918
2022-09-19 10:53:22,481,-356,3894.0,2562
2022-09-19 10:53:23,130,2,3894.25,2564
2022-09-19 10:53:24,125,-33,3894.25,2531
2022-09-19 10:53:25,77,0,3894.0,2531
2022-09-19 10:53:26,61,-16,3893.75,2515
2022-09-19 10:53:27,49,-6,3893.5,2509
2022-09-19 10:53:28,84,-7,3893.75,2502
2022-09-19 10:53:29,148,11,3894.0,2513
2022-09-19 10:53:30,104,-17,3894.0,2496
2022-09-19 10:53:31,85,34,3894.25,2530
2022-09-19 10:53:32,117,7,3894.25,2537
2022-09-19 10:53:33,59,0,3894.25,2537
2022-09-19 10:53:34,19,10,3894.25,2547
2022-09-19 10:53:35,117,-12,3894.25,2535
2022-09-19 10:53:36,49,-2,3894.5,2533
2022-09-19 10:53:37,48,-20,3894.5,2513
2022-09-19 10:53:38,69,-8,3894.25,2505
2022-09-19 10:53:39,35,-12,3894.25,2493
2022-09-19 10:53:40,36,0,3894.0,2493
2022-09-19 10:53:41,105,-21,3894.25,2472
2022-09-19 10:53:42,20,3,3894.25,2475
2022-09-19 10:53:43,45,-4,3894.5,2471
2022-09-19 10:53:44,96,9,3894.0,2480
2022-09-19 10:53:45,64,7,3894.0,2487
2022-09-19 10:53:46,37,17,3894.25,2504
2022-09-19 10:53:47,134,51,3894.75,2555
2022-09-19 10:53:48,42,-2,3894.75,2553
2022-09-19 10:53:49,54,-16,3894.5,2537
2022-09-19 10:53:50,71,13,3894.5,2550
2022-09-19 10:53:51,28,7,3894.75,2557
2022-09-19 10:53:52,62,14,3894.75,2571
2022-09-19 10:53:53,111,-7,3894.75,2564
2022-09-19 10:53:54,24,-9,3894.25,2555
2022-09-19 10:53:55,108,-27,3894.0,2528
2022-09-19 10:53:56,10,-8,3894.0,2520
2022-09-19 10:53:57,19,2,3894.0,2522
2022-09-19 10:53:58,31,-8,3894.0,2514
2022-09-19 10:53:59,28,-1,3894.0,2513
2022-09-19 10:54:00,22,-11,3894.0,2502
2022-09-19 10:54:01,35,-8,3894.0,2494
2022-09-19 10:54:02,94,35,3894.75,2529
2022-09-19 10:54:03,52,15,3895.0,2544
2022-09-19 10:54:04,63,18,3895.0,2562
2022-09-19 10:54:05,44,-2,3894.75,2560
2022-09-19 10:54:06,38,4,3894.75,2564
2022-09-19 10:54:07,61,-11,3894.75,2553
2022-09-19 10:54:08,73,5,3895.0,2558
2022-09-19 10:54:09,143,54,3895.75,2612
2022-09-19 10:54:10,45,17,3895.25,2629
2022-09-19 10:54:11,63,-7,3895.25,2622
2022-09-19 10:54:12,62,16,3895.25,2638
2022-09-19 10:54:13,48,-21,3895.0,2617
2022-09-19 10:54:14,73,-20,3894.75,2597
2022-09-19 10:54:15,40,12,3894.5,2609
2022-09-19 10:54:16,26,-5,3894.5,2604
2022-09-19 10:54:17,37,-1,3894.5,2603
2022-09-19 10:54:18,58,3,3894.5,2606
2022-09-19 10:54:19,34,3,3894.75,2609
2022-09-19 10:54:20,40,2,3894.75,2611
2022-09-19 10:54:21,43,0,3894.75,2611
2022-09-19 10:54:22,45,-17,3894.25,2594
2022-09-19 10:54:23,27,0,3894.5,2594
2022-09-19 10:54:24,13,6,3894.25,2600
2022-09-19 10:54:25,92,-34,3894.0,2566
2022-09-19 10:54:26,30,10,3894.25,2576
2022-09-19 10:54:27,20,-7,3894.25,2569
2022-09-19 10:54:28,31,-8,3894.25,2561
2022-09-19 10:54:29,19,4,3894.25,2565
2022-09-19 10:54:30,22,-9,3894.25,2556
2022-09-19 10:54:31,33,7,3894.25,2563
2022-09-19 10:54:32,175,12,3894.25,2575
2022-09-19 10:54:33,39,-12,3894.25,2563
2022-09-19 10:54:34,26,-11,3894.5,2552
2022-09-19 10:54:35,55,-13,3894.25,2539
2022-09-19 10:54:36,15,4,3894.0,2543
2022-09-19 10:54:37,17,7,3894.25,2550
2022-09-19 10:54:38,113,-14,3894.25,2536
2022-09-19 10:54:39,33,-5,3894.0,2531
2022-09-19 10:54:40,31,3,3894.25,2534
2022-09-19 10:54:41,9,-4,3894.25,2530
2022-09-19 10:54:42,15,-5,3894.0,2525
2022-09-19 10:54:43,34,12,3894.25,2537
2022-09-19 10:54:44,27,13,3894.25,2550
2022-09-19 10:54:45,39,1,3894.25,2551
2022-09-19 10:54:46,61,19,3894.75,2570
2022-09-19 10:54:47,43,9,3894.75,2579
2022-09-19 10:54:48,54,-29,3894.75,2550
2022-09-19 10:54:49,26,1,3894.25,2551
2022-09-19 10:54:50,28,-1,3894.5,2550
2022-09-19 10:54:51,14,5,3894.25,2555
2022-09-19 10:54:52,20,-3,3894.0,2552
2022-09-19 10:54:53,63,1,3894.25,2553
2022-09-19 10:54:54,177,-97,3894.0,2456
2022-09-19 10:54:55,156,-46,3893.5,2410
2022-09-19 10:54:56,84,-29,3893.0,2381
2022-09-19 10:54:57,22,-8,3893.0,2373
2022-09-19 10:54:58,14,-1,3892.75,2372
2022-09-19 10:54:59,133,-25,3893.0,2347
2022-09-19 10:55:00,88,8,3893.0,2355
2022-09-19 10:55:01,81,12,3893.25,2367
2022-09-19 10:55:02,46,-6,3893.0,2361
2022-09-19 10:55:03,38,3,3893.0,2364
2022-09-19 10:55:04,42,1,3892.75,2365
2022-09-19 10:55:05,48,-14,3892.75,2351
2022-09-19 10:55:06,99,-28,3892.5,2323
2022-09-19 10:55:07,82,2,3893.0,2325
2022-09-19 10:55:08,44,7,3892.75,2332
2022-09-19 10:55:09,42,-14,3893.0,2318
2022-09-19 10:55:10,49,16,3893.0,2334
2022-09-19 10:55:11,67,18,3893.25,2352
2022-09-19 10:55:12,97,3,3893.25,2355
2022-09-19 10:55:13,23,7,3893.25,2362
2022-09-19 10:55:14,162,42,3893.5,2404
2022-09-19 10:55:15,67,14,3893.25,2418
2022-09-19 10:55:16,13,3,3893.25,2421
2022-09-19 10:55:17,83,38,3893.75,2459
2022-09-19 10:55:18,8,0,3893.5,2459
2022-09-19 10:55:19,31,1,3893.5,2460
2022-09-19 10:55:20,26,-17,3893.5,2443
2022-09-19 10:55:22,33,4,3893.75,2447
2022-09-19 10:55:23,14,-2,3893.75,2445
2022-09-19 10:55:24,15,4,3893.75,2449
2022-09-19 10:55:25,126,42,3894.25,2491
2022-09-19 10:55:26,6,-4,3894.25,2487
2022-09-19 10:55:27,106,12,3894.5,2499
2022-09-19 10:55:28,100,44,3895.0,2543
2022-09-19 10:55:29,55,-16,3894.5,2527
2022-09-19 10:55:30,59,-6,3894.75,2521
2022-09-19 10:55:31,5,3,3894.5,2524
2022-09-19 10:55:32,37,5,3894.75,2529
2022-09-19 10:55:33,59,12,3894.75,2541
2022-09-19 10:55:34,53,-6,3895.0,2535
2022-09-19 10:55:35,49,-22,3895.0,2513
2022-09-19 10:55:36,128,22,3894.5,2535
2022-09-19 10:55:37,6,2,3894.25,2537
2022-09-19 10:55:38,86,-27,3894.0,2510
2022-09-19 10:55:39,14,-10,3893.5,2500
2022-09-19 10:55:40,27,11,3894.0,2511
2022-09-19 10:55:41,40,31,3894.5,2542
2022-09-19 10:55:42,69,27,3895.0,2569
2022-09-19 10:55:43,43,-5,3895.0,2564
2022-09-19 10:55:44,56,-15,3894.75,2549
2022-09-19 10:55:45,4,0,3895.0,2549
2022-09-19 10:55:46,26,-9,3895.0,2540
2022-09-19 10:55:47,252,49,3895.0,2589
2022-09-19 10:55:48,54,-9,3895.0,2580
2022-09-19 10:55:49,18,8,3894.75,2588
2022-09-19 10:55:50,60,-8,3894.75,2580
2022-09-19 10:55:51,6,5,3894.5,2585
2022-09-19 10:55:52,12,5,3894.5,2590
2022-09-19 10:55:53,14,11,3894.5,2601
2022-09-19 10:55:54,9,6,3894.5,2607
2022-09-19 10:55:55,49,-1,3894.5,2606
2022-09-19 10:55:56,17,1,3894.75,2607
2022-09-19 10:55:57,41,17,3894.75,2624
2022-09-19 10:55:58,52,23,3895.0,2647
2022-09-19 10:55:59,342,102,3896.0,2749
2022-09-19 10:56:00,100,15,3896.25,2764
2022-09-19 10:56:01,74,-17,3896.25,2747
2022-09-19 10:56:02,41,-1,3895.75,2746
2022-09-19 10:56:03,67,18,3896.0,2764
2022-09-19 10:56:04,35,-5,3896.0,2759
2022-09-19 10:56:05,61,18,3896.0,2777
2022-09-19 10:56:06,19,18,3896.25,2795
2022-09-19 10:56:07,100,21,3896.5,2816
2022-09-19 10:56:08,80,1,3896.5,2817
2022-09-19 10:56:09,21,9,3896.5,2826
2022-09-19 10:56:10,82,-39,3896.5,2787
2022-09-19 10:56:11,91,-12,3896.25,2775
2022-09-19 10:56:12,190,-38,3896.0,2737
2022-09-19 10:56:13,81,-10,3895.75,2727
2022-09-19 10:56:14,42,-12,3895.5,2715
2022-09-19 10:56:15,12,-9,3895.0,2706
2022-09-19 10:56:16,154,31,3895.0,2737
2022-09-19 10:56:17,46,19,3895.0,2756
2022-09-19 10:56:18,62,5,3895.25,2761
2022-09-19 10:56:19,19,-5,3895.25,2756
2022-09-19 10:56:20,35,11,3895.0,2767
2022-09-19 10:56:21,58,4,3895.25,2771
2022-09-19 10:56:22,47,23,3895.75,2794
2022-09-19 10:56:23,58,24,3895.75,2818
2022-09-19 10:56:24,19,-6,3895.5,2812
2022-09-19 10:56:25,8,6,3895.5,2818
2022-09-19 10:56:26,14,7,3895.5,2825
2022-09-19 10:56:27,39,9,3895.75,2834
2022-09-19 10:56:28,29,-5,3895.5,2829
2022-09-19 10:56:29,24,7,3895.5,2836
2022-09-19 10:56:30,32,-7,3895.5,2829
2022-09-19 10:56:31,49,2,3895.0,2831
2022-09-19 10:56:32,110,-22,3895.0,2809
2022-09-19 10:56:33,50,16,3895.0,2825
2022-09-19 10:56:34,66,-9,3895.0,2816
2022-09-19 10:56:35,49,-5,3895.0,2811
2022-09-19 10:56:36,5,-5,3894.75,2806
2022-09-19 10:56:37,130,-22,3894.5,2784
2022-09-19 10:56:38,189,-16,3894.25,2768
2022-09-19 10:56:39,74,-1,3893.75,2767
2022-09-19 10:56:40,71,-23,3893.75,2744
2022-09-19 10:56:41,56,-8,3893.25,2736
2022-09-19 10:56:42,127,-34,3893.0,2702
2022-09-19 10:56:43,111,25,3893.25,2727
2022-09-19 10:56:44,188,-19,3893.25,2708
2022-09-19 10:56:45,64,8,3893.5,2716
2022-09-19 10:56:46,38,-10,3893.5,2706
2022-09-19 10:56:47,21,2,3893.5,2708
2022-09-19 10:56:48,36,9,3893.5,2717
2022-09-19 10:56:49,19,4,3893.75,2721
2022-09-19 10:56:50,66,20,3894.25,2741
2022-09-19 10:56:51,10,6,3894.0,2747
2022-09-19 10:56:52,72,-16,3894.0,2731
2022-09-19 10:56:53,28,-12,3894.0,2719
2022-09-19 10:56:54,19,6,3894.0,2725
2022-09-19 10:56:55,89,-25,3894.0,2700
2022-09-19 10:56:56,55,7,3893.75,2707
2022-09-19 10:56:57,8,-8,3893.75,2699
2022-09-19 10:56:58,29,-11,3893.5,2688
2022-09-19 10:56:59,66,-17,3893.25,2671
2022-09-19 10:57:00,42,16,3893.25,2687
2022-09-19 10:57:01,50,22,3893.5,2709
2022-09-19 10:57:02,29,17,3893.75,2726
2022-09-19 10:57:03,43,-12,3893.5,2714
2022-09-19 10:57:04,56,-11,3893.25,2703
2022-09-19 10:57:05,64,0,3893.0,2703
2022-09-19 10:57:06,54,-9,3892.75,2694
2022-09-19 10:57:07,46,-2,3892.75,2692
2022-09-19 10:57:08,5,-4,3892.75,2688
2022-09-19 10:57:09,72,-15,3892.75,2673
2022-09-19 10:57:10,238,-34,3892.75,2639
2022-09-19 10:57:11,28,-6,3892.25,2633
2022-09-19 10:57:12,46,-2,3892.5,2631
2022-09-19 10:57:13,62,-9,3892.5,2622
2022-09-19 10:57:14,36,7,3892.25,2629
2022-09-19 10:57:15,50,-9,3892.5,2620
2022-09-19 10:57:16,7,5,3892.25,2625
2022-09-19 10:57:17,85,8,3892.25,2633
2022-09-19 10:57:18,95,18,3892.5,2651
2022-09-19 10:57:19,77,19,3892.75,2670
2022-09-19 10:57:20,39,-2,3893.0,2668
2022-09-19 10:57:21,31,-7,3893.0,2661
2022-09-19 10:57:22,24,-6,3892.75,2655
2022-09-19 10:57:23,101,17,3893.25,2672
2022-09-19 10:57:24,35,-7,3893.0,2665
2022-09-19 10:57:25,41,-15,3893.0,2650
2022-09-19 10:57:26,51,-14,3892.75,2636
2022-09-19 10:57:27,138,-2,3892.5,2634
2022-09-19 10:57:28,61,8,3892.25,2642
2022-09-19 10:57:29,11,3,3892.5,2645
2022-09-19 10:57:30,58,-7,3892.5,2638
2022-09-19 10:57:31,17,4,3892.75,2642
2022-09-19 10:57:32,10,-9,3892.75,2633
2022-09-19 10:57:33,76,16,3893.0,2649
2022-09-19 10:57:34,58,1,3893.25,2650
2022-09-19 10:57:35,50,-3,3892.75,2647
2022-09-19 10:57:36,27,0,3893.25,2647
2022-09-19 10:57:37,39,-12,3893.0,2635
2022-09-19 10:57:38,15,4,3892.75,2639
2022-09-19 10:57:39,40,-4,3892.75,2635
2022-09-19 10:57:40,42,1,3892.5,2636
2022-09-19 10:57:41,1,-1,3892.25,2635
2022-09-19 10:57:42,1,1,3892.5,2636
2022-09-19 10:57:43,41,-2,3892.5,2634
2022-09-19 10:57:44,29,10,3892.75,2644
2022-09-19 10:57:45,8,6,3892.75,2650
2022-09-19 10:57:46,103,16,3893.25,2666
2022-09-19 10:57:47,3,-1,3893.25,2665
2022-09-19 10:57:48,30,-17,3893.25,2648
2022-09-19 10:57:49,22,3,3892.75,2651
2022-09-19 10:57:50,58,18,3893.0,2669
2022-09-19 10:57:51,5,-3,3892.75,2666
2022-09-19 10:57:52,14,1,3893.0,2667
2022-09-19 10:57:53,22,-6,3892.75,2661
2022-09-19 10:57:54,19,-3,3893.0,2658
2022-09-19 10:57:55,24,3,3893.0,2661
2022-09-19 10:57:56,38,-4,3893.0,2657
2022-09-19 10:57:57,70,5,3893.0,2662
2022-09-19 10:57:58,11,4,3893.25,2666
2022-09-19 10:57:59,36,-6,3893.25,2660
2022-09-19 10:58:00,98,9,3893.25,2669
2022-09-19 10:58:01,21,2,3893.25,2671
2022-09-19 10:58:02,26,2,3893.0,2673
2022-09-19 10:58:03,7,5,3893.25,2678
2022-09-19 10:58:04,103,27,3893.5,2705
2022-09-19 10:58:05,13,-7,3893.5,2698
2022-09-19 10:58:06,27,-4,3893.5,2694
2022-09-19 10:58:07,21,8,3893.5,2702
2022-09-19 10:58:08,31,-12,3893.5,2690
2022-09-19 10:58:09,23,-10,3893.0,2680
2022-09-19 10:58:10,27,-2,3893.0,2678
2022-09-19 10:58:11,2,2,3893.0,2680
2022-09-19 10:58:12,79,-8,3893.0,2672
2022-09-19 10:58:13,20,-5,3893.0,2667
2022-09-19 10:58:14,24,-9,3893.0,2658
2022-09-19 10:58:15,28,-15,3892.75,2643
2022-09-19 10:58:16,4,-1,3892.75,2642
2022-09-19 10:58:17,41,14,3892.5,2656
2022-09-19 10:58:18,14,-4,3892.75,2652
2022-09-19 10:58:19,15,6,3892.5,2658
2022-09-19 10:58:20,338,-93,3892.25,2565
2022-09-19 10:58:21,2,-2,3892.25,2563
2022-09-19 10:58:22,63,-10,3892.5,2553
2022-09-19 10:58:23,58,-13,3892.25,2540
2022-09-19 10:58:24,37,-18,3892.25,2522
2022-09-19 10:58:25,50,-10,3892.0,2512
2022-09-19 10:58:26,102,24,3892.25,2536
2022-09-19 10:58:27,51,-22,3892.0,2514
2022-09-19 10:58:28,2,-2,3891.75,2512
2022-09-19 10:58:29,6,-4,3892.0,2508
2022-09-19 10:58:30,7,3,3892.0,2511
2022-09-19 10:58:31,52,-22,3892.0,2489
2022-09-19 10:58:32,16,-1,3891.75,2488
2022-09-19 10:58:33,41,-1,3891.75,2487
2022-09-19 10:58:34,21,-5,3891.75,2482
2022-09-19 10:58:35,11,2,3891.75,2484
2022-09-19 10:58:36,5,-5,3891.5,2479
2022-09-19 10:58:37,215,-43,3891.5,2436
2022-09-19 10:58:38,81,10,3891.75,2446
2022-09-19 10:58:39,74,22,3892.0,2468
2022-09-19 10:58:40,51,-13,3892.0,2455
2022-09-19 10:58:41,11,5,3892.0,2460
2022-09-19 10:58:42,4,-4,3891.75,2456
2022-09-19 10:58:43,121,42,3892.25,2498
2022-09-19 10:58:44,59,9,3892.5,2507
2022-09-19 10:58:45,48,-8,3892.75,2499
2022-09-19 10:58:46,54,24,3892.75,2523
2022-09-19 10:58:47,30,-2,3892.75,2521
2022-09-19 10:58:48,38,-13,3892.5,2508
2022-09-19 10:58:49,19,4,3892.5,2512
2022-09-19 10:58:50,24,-2,3892.5,2510
2022-09-19 10:58:51,17,12,3892.75,2522
2022-09-19 10:58:52,84,19,3892.75,2541
2022-09-19 10:58:53,41,15,3892.75,2556
2022-09-19 10:58:54,183,61,3893.5,2617
2022-09-19 10:58:55,923,187,3895.0,2804
2022-09-19 10:58:56,88,-32,3894.25,2772
2022-09-19 10:58:57,85,-1,3893.75,2771
2022-09-19 10:58:58,6,3,3893.75,2774
2022-09-19 10:58:59,49,10,3893.75,2784
2022-09-19 10:59:00,149,18,3894.5,2802
2022-09-19 10:59:01,108,17,3894.25,2819
2022-09-19 10:59:02,56,13,3894.25,2832
2022-09-19 10:59:03,56,2,3894.25,2834
2022-09-19 10:59:04,82,-25,3894.25,2809
2022-09-19 10:59:05,9,1,3894.0,2810
2022-09-19 10:59:06,82,5,3893.75,2815
2022-09-19 10:59:07,90,37,3894.25,2852
2022-09-19 10:59:08,48,3,3894.25,2855
2022-09-19 10:59:09,1,1,3894.25,2856
2022-09-19 10:59:10,94,-19,3894.0,2837
2022-09-19 10:59:11,53,1,3894.25,2838
2022-09-19 10:59:12,23,14,3894.25,2852
2022-09-19 10:59:13,6,4,3894.5,2856
2022-09-19 10:59:14,96,-13,3894.75,2843
2022-09-19 10:59:15,51,-10,3894.5,2833
2022-09-19 10:59:16,55,-2,3894.5,2831
2022-09-19 10:59:17,26,4,3894.5,2835
2022-09-19 10:59:18,16,-7,3894.5,2828
2022-09-19 10:59:19,37,6,3894.5,2834
2022-09-19 10:59:20,73,20,3894.75,2854
2022-09-19 10:59:21,30,3,3894.75,2857
2022-09-19 10:59:22,12,8,3894.75,2865
2022-09-19 10:59:23,61,-15,3895.0,2850
2022-09-19 10:59:24,63,-18,3895.0,2832
2022-09-19 10:59:25,44,2,3894.75,2834
2022-09-19 10:59:26,71,6,3895.0,2840
2022-09-19 10:59:27,55,36,3895.0,2876
2022-09-19 10:59:28,177,47,3895.5,2923
2022-09-19 10:59:29,64,-4,3895.25,2919
2022-09-19 10:59:30,52,-5,3895.0,2914
2022-09-19 10:59:31,24,19,3895.0,2933
2022-09-19 10:59:32,34,-7,3895.0,2926
2022-09-19 10:59:33,57,-9,3895.0,2917
2022-09-19 10:59:34,31,-3,3895.0,2914
2022-09-19 10:59:35,1,1,3895.0,2915
2022-09-19 10:59:36,48,15,3895.0,2930
2022-09-19 10:59:37,67,-2,3894.75,2928
2022-09-19 10:59:38,7,-3,3894.75,2925
2022-09-19 10:59:39,35,-1,3895.0,2924
2022-09-19 10:59:40,92,-22,3894.75,2902
2022-09-19 10:59:41,67,19,3895.0,2921
2022-09-19 10:59:42,35,-8,3895.25,2913
2022-09-19 10:59:43,148,-70,3894.75,2843
2022-09-19 10:59:44,127,29,3893.75,2872
2022-09-19 10:59:45,114,-9,3894.0,2863
2022-09-19 10:59:46,21,-2,3893.5,2861
2022-09-19 10:59:47,33,0,3893.5,2861
2022-09-19 10:59:48,86,21,3894.25,2882
2022-09-19 10:59:49,107,22,3894.25,2904
2022-09-19 10:59:50,31,-3,3894.25,2901
2022-09-19 10:59:51,22,-12,3894.0,2889
2022-09-19 10:59:52,32,-11,3894.0,2878
2022-09-19 10:59:53,18,-12,3893.5,2866
2022-09-19 10:59:54,3,-1,3893.5,2865
2022-09-19 10:59:55,76,44,3893.75,2909
2022-09-19 10:59:56,9,9,3893.75,2918
2022-09-19 10:59:57,65,10,3893.75,2928
2022-09-19 10:59:58,60,20,3894.0,2948
2022-09-19 10:59:59,32,4,3894.25,2952
2022-09-19 11:00:00,315,-24,3895.0,2928
2022-09-19 11:00:01,94,7,3894.75,2935
2022-09-19 11:00:02,86,-17,3894.5,2918
2022-09-19 11:00:03,115,18,3894.5,2936
2022-09-19 11:00:04,84,-18,3895.0,2918
2022-09-19 11:00:05,16,8,3895.0,2926
2022-09-19 11:00:06,48,12,3895.0,2938
2022-09-19 11:00:07,32,3,3894.75,2941
2022-09-19 11:00:08,48,-17,3894.5,2924
2022-09-19 11:00:09,24,6,3895.0,2930
2022-09-19 11:00:10,71,-12,3895.25,2918
2022-09-19 11:00:11,52,10,3895.25,2928
2022-09-19 11:00:12,36,7,3895.5,2935
2022-09-19 11:00:13,236,51,3896.0,2986
2022-09-19 11:00:14,78,30,3896.0,3016
2022-09-19 11:00:15,115,11,3896.0,3027
2022-09-19 11:00:16,63,0,3895.75,3027
2022-09-19 11:00:17,45,23,3896.0,3050
2022-09-19 11:00:18,126,43,3896.25,3093
2022-09-19 11:00:19,57,2,3896.0,3095
2022-09-19 11:00:20,135,-30,3896.0,3065
2022-09-19 11:00:21,13,3,3895.75,3068
2022-09-19 11:00:22,43,-22,3895.75,3046
2022-09-19 11:00:23,28,11,3895.75,3057
2022-09-19 11:00:24,26,-8,3895.75,3049
2022-09-19 11:00:25,61,-17,3895.75,3032
2022-09-19 11:00:26,58,29,3895.75,3061
2022-09-19 11:00:27,16,-3,3895.5,3058
2022-09-19 11:00:28,78,-9,3896.0,3049
2022-09-19 11:00:29,58,1,3896.0,3050
2022-09-19 11:00:30,26,-12,3895.5,3038
2022-09-19 11:00:31,13,-12,3895.25,3026
2022-09-19 11:00:32,185,-28,3895.25,2998
2022-09-19 11:00:33,55,-8,3895.25,2990
2022-09-19 11:00:34,187,-5,3895.0,2985
2022-09-19 11:00:35,18,2,3895.0,2987
2022-09-19 11:00:36,8,4,3895.25,2991
2022-09-19 11:00:37,99,5,3895.75,2996
2022-09-19 11:00:38,2,2,3895.5,2998
2022-09-19 11:00:39,51,-5,3895.5,2993
2022-09-19 11:00:40,6,1,3895.5,2994
2022-09-19 11:00:41,161,-24,3895.75,2970
2022-09-19 11:00:42,52,-9,3895.25,2961
2022-09-19 11:00:43,14,5,3895.5,2966
2022-09-19 11:00:44,36,7,3895.75,2973
2022-09-19 11:00:45,100,-10,3895.5,2963
2022-09-19 11:00:46,49,2,3895.5,2965
2022-09-19 11:00:47,1,1,3895.5,2966
2022-09-19 11:00:48,16,-5,3895.25,2961
2022-09-19 11:00:49,21,-2,3895.25,2959
2022-09-19 11:00:50,51,19,3895.75,2978
2022-09-19 11:00:51,233,55,3896.75,3033
2022-09-19 11:00:52,86,1,3896.25,3034
2022-09-19 11:00:53,37,-7,3896.0,3027
2022-09-19 11:00:54,15,3,3895.5,3030
2022-09-19 11:00:55,25,15,3895.75,3045
2022-09-19 11:00:56,83,-10,3895.75,3035
2022-09-19 11:00:57,52,6,3895.25,3041
2022-09-19 11:00:58,69,-23,3895.25,3018
2022-09-19 11:00:59,3,-3,3894.75,3015
2022-09-19 11:01:00,155,-20,3894.75,2995
2022-09-19 11:01:01,24,-9,3894.5,2986
2022-09-19 11:01:02,42,7,3894.5,2993
2022-09-19 11:01:03,54,3,3895.0,2996
2022-09-19 11:01:04,92,23,3895.0,3019
2022-09-19 11:01:05,22,-3,3895.25,3016
2022-09-19 11:01:06,59,11,3895.5,3027
2022-09-19 11:01:07,41,-13,3895.25,3014
2022-09-19 11:01:08,2,0,3895.0,3014
2022-09-19 11:01:09,187,-59,3894.75,2955
2022-09-19 11:01:10,87,17,3895.0,2972
2022-09-19 11:01:11,16,7,3895.0,2979
2022-09-19 11:01:12,36,-5,3894.75,2974
2022-09-19 11:01:13,104,-16,3894.5,2958
2022-09-19 11:01:14,97,-28,3894.75,2930
2022-09-19 11:01:15,16,3,3894.5,2933
2022-09-19 11:01:16,42,-9,3894.5,2924
2022-09-19 11:01:17,26,-7,3894.25,2917
2022-09-19 11:01:18,41,8,3894.25,2925
2022-09-19 11:01:19,199,-36,3894.25,2889
2022-09-19 11:01:20,96,-10,3893.5,2879
2022-09-19 11:01:21,34,1,3893.5,2880
2022-09-19 11:01:22,103,11,3893.75,2891
2022-09-19 11:01:23,395,-68,3893.5,2823
2022-09-19 11:01:24,411,-141,3892.75,2682
2022-09-19 11:01:25,111,-11,3892.75,2671
2022-09-19 11:01:26,140,12,3893.5,2683
2022-09-19 11:01:27,79,5,3893.25,2688
2022-09-19 11:01:28,45,9,3893.25,2697
2022-09-19 11:01:29,40,8,3893.25,2705
2022-09-19 11:01:30,45,8,3893.25,2713
2022-09-19 11:01:31,38,6,3893.25,2719
2022-09-19 11:01:32,51,22,3893.5,2741
2022-09-19 11:01:33,47,13,3893.75,2754
2022-09-19 11:01:34,30,13,3894.25,2767
2022-09-19 11:01:35,145,21,3894.75,2788
2022-09-19 11:01:36,6,-3,3894.5,2785
2022-09-19 11:01:37,78,-15,3894.5,2770
2022-09-19 11:01:38,114,57,3896.0,2827
2022-09-19 11:01:39,161,-13,3896.0,2814
2022-09-19 11:01:40,109,10,3896.25,2824
2022-09-19 11:01:41,116,38,3896.5,2862
2022-09-19 11:01:42,53,2,3896.5,2864
2022-09-19 11:01:43,63,-32,3896.25,2832
2022-09-19 11:01:44,67,-2,3896.0,2830
2022-09-19 11:01:45,35,-3,3896.0,2827
2022-09-19 11:01:46,78,-9,3895.75,2818
2022-09-19 11:01:47,1,-1,3895.5,2817
2022-09-19 11:01:48,96,10,3896.0,2827
2022-09-19 11:01:49,43,-2,3896.25,2825
2022-09-19 11:01:50,104,8,3896.5,2833
2022-09-19 11:01:51,190,35,3897.0,2868
2022-09-19 11:01:52,171,49,3897.5,2917
2022-09-19 11:01:53,90,-11,3897.5,2906
2022-09-19 11:01:54,105,11,3897.75,2917
2022-09-19 11:01:55,22,6,3897.75,2923
2022-09-19 11:01:56,110,-7,3897.5,2916
2022-09-19 11:01:57,215,75,3898.25,2991
2022-09-19 11:01:58,75,18,3898.25,3009
2022-09-19 11:01:59,211,-22,3898.25,2987
2022-09-19 11:02:00,95,3,3898.25,2990
2022-09-19 11:02:01,141,-21,3898.5,2969
2022-09-19 11:02:02,141,-24,3898.0,2945
2022-09-19 11:02:03,189,-8,3897.5,2937
2022-09-19 11:02:04,42,-26,3897.0,2911
2022-09-19 11:02:05,58,45,3897.25,2956
2022-09-19 11:02:06,64,23,3897.5,2979
2022-09-19 11:02:07,111,-26,3897.5,2953
2022-09-19 11:02:08,72,6,3897.75,2959
2022-09-19 11:02:09,64,21,3897.75,2980
2022-09-19 11:02:10,62,-16,3897.75,2964
2022-09-19 11:02:11,54,-6,3897.75,2958
2022-09-19 11:02:12,82,16,3897.75,2974
2022-09-19 11:02:13,28,-7,3897.5,2967
2022-09-19 11:02:14,42,3,3897.75,2970
2022-09-19 11:02:15,101,7,3898.0,2977
2022-09-19 11:02:16,57,-1,3898.0,2976
2022-09-19 11:02:17,55,-7,3898.0,2969
2022-09-19 11:02:18,80,4,3898.0,2973
2022-09-19 11:02:19,23,-3,3898.0,2970
2022-09-19 11:02:20,122,12,3898.0,2982
2022-09-19 11:02:21,81,20,3898.25,3002
2022-09-19 11:02:22,55,21,3898.5,3023
2022-09-19 11:02:23,764,254,3900.25,3277
2022-09-19 11:02:24,163,16,3900.5,3293
2022-09-19 11:02:25,173,20,3900.5,3313
2022-09-19 11:02:26,456,90,3901.5,3403
2022-09-19 11:02:27,319,-29,3901.25,3374
2022-09-19 11:02:28,82,-19,3901.5,3355
2022-09-19 11:02:29,120,23,3901.75,3378
2022-09-19 11:02:30,182,-45,3901.5,3333
2022-09-19 11:02:31,127,-39,3901.25,3294
2022-09-19 11:02:32,127,-3,3901.0,3291
2022-09-19 11:02:33,140,-5,3901.0,3286
2022-09-19 11:02:34,28,2,3900.75,3288
2022-09-19 11:02:35,199,-16,3900.5,3272
2022-09-19 11:02:36,52,6,3900.0,3278
2022-09-19 11:02:37,155,-30,3900.0,3248
2022-09-19 11:02:38,157,-1,3899.75,3247
2022-09-19 11:02:39,114,24,3899.25,3271
2022-09-19 11:02:40,76,24,3899.25,3295
2022-09-19 11:02:41,117,12,3899.5,3307
2022-09-19 11:02:42,41,7,3899.5,3314
2022-09-19 11:02:43,79,31,3899.75,3345
2022-09-19 11:02:44,79,-24,3899.25,3321
2022-09-19 11:02:45,110,19,3899.25,3340
2022-09-19 11:02:46,93,-2,3899.5,3338
2022-09-19 11:02:47,6,6,3899.25,3344
2022-09-19 11:02:48,110,-3,3899.25,3341
2022-09-19 11:02:49,256,-71,3898.75,3270
2022-09-19 11:02:50,186,-63,3898.25,3207
2022-09-19 11:02:51,77,5,3897.75,3212
2022-09-19 11:02:52,135,61,3898.5,3273
2022-09-19 11:02:53,44,7,3898.75,3280
2022-09-19 11:02:54,48,10,3898.75,3290
2022-09-19 11:02:55,64,26,3899.0,3316
2022-09-19 11:02:56,82,8,3898.75,3324
2022-09-19 11:02:57,48,26,3898.75,3350
2022-09-19 11:02:58,25,3,3898.75,3353
2022-09-19 11:02:59,136,-33,3899.0,3320
2022-09-19 11:03:00,88,13,3899.25,3333
2022-09-19 11:03:01,145,-36,3899.0,3297
2022-09-19 11:03:02,86,17,3899.0,3314
2022-09-19 11:03:03,74,20,3899.25,3334
2022-09-19 11:03:04,94,5,3899.5,3339
2022-09-19 11:03:05,49,14,3899.75,3353
2022-09-19 11:03:06,81,63,3900.0,3416
2022-09-19 11:03:07,102,-31,3899.75,3385
2022-09-19 11:03:08,64,-2,3900.0,3383
2022-09-19 11:03:09,2,2,3899.75,3385
2022-09-19 11:03:10,110,-12,3900.0,3373
2022-09-19 11:03:11,80,20,3900.25,3393
2022-09-19 11:03:12,84,15,3900.25,3408
2022-09-19 11:03:13,11,-2,3900.25,3406
2022-09-19 11:03:14,99,-1,3900.25,3405
2022-09-19 11:03:15,19,-2,3900.25,3403
2022-09-19 11:03:16,8,4,3900.0,3407
2022-09-19 11:03:17,17,9,3900.25,3416
2022-09-19 11:03:18,40,4,3900.25,3420
2022-09-19 11:03:19,81,32,3900.75,3452
2022-09-19 11:03:20,6,4,3900.75,3456
2022-09-19 11:03:21,65,-12,3900.75,3444
2022-09-19 11:03:22,79,-44,3900.0,3400
2022-09-19 11:03:23,44,9,3899.5,3409
2022-09-19 11:03:24,56,-25,3899.5,3384
2022-09-19 11:03:25,46,-26,3899.25,3358
2022-09-19 11:03:26,97,-43,3898.75,3315
2022-09-19 11:03:27,161,-46,3898.0,3269
2022-09-19 11:03:28,71,14,3897.75,3283
2022-09-19 11:03:29,77,-15,3897.5,3268
2022-09-19 11:03:30,130,-1,3897.75,3267
2022-09-19 11:03:31,24,-3,3897.75,3264
2022-09-19 11:03:32,78,15,3898.25,3279
2022-09-19 11:03:33,44,28,3898.0,3307
2022-09-19 11:03:34,35,-3,3898.0,3304
2022-09-19 11:03:35,67,-6,3897.75,3298
2022-09-19 11:03:36,78,-28,3897.75,3270
2022-09-19 11:03:37,135,-81,3897.0,3189
2022-09-19 11:03:38,111,27,3897.0,3216
2022-09-19 11:03:39,114,-17,3897.25,3199
2022-09-19 11:03:40,65,-17,3897.0,3182
2022-09-19 11:03:41,140,40,3896.75,3222
2022-09-19 11:03:42,75,17,3897.25,3239
2022-09-19 11:03:43,21,-10,3897.25,3229
2022-09-19 11:03:44,74,7,3896.5,3236
2022-09-19 11:03:45,36,-2,3896.75,3234
2022-09-19 11:03:46,63,14,3897.25,3248
2022-09-19 11:03:47,31,-9,3896.75,3239
2022-09-19 11:03:48,201,-6,3896.5,3233
2022-09-19 11:03:49,97,-16,3896.75,3217
2022-09-19 11:03:50,40,0,3896.5,3217
2022-09-19 11:03:51,49,11,3896.75,3228
2022-09-19 11:03:52,62,-1,3896.5,3227
2022-09-19 11:03:53,16,-8,3896.5,3219
2022-09-19 11:03:54,25,-2,3896.25,3217
2022-09-19 11:03:55,63,2,3896.5,3219
2022-09-19 11:03:56,44,2,3896.75,3221
2022-09-19 11:03:57,12,-10,3896.5,3211
2022-09-19 11:03:58,20,1,3896.5,3212
2022-09-19 11:03:59,52,-3,3896.25,3209
2022-09-19 11:04:00,19,5,3896.25,3214
2022-09-19 11:04:01,103,-29,3896.25,3185
2022-09-19 11:04:02,137,-17,3896.25,3168
2022-09-19 11:04:03,29,12,3896.25,3180
2022-09-19 11:04:04,63,-10,3896.25,3170
2022-09-19 11:04:05,41,1,3896.25,3171
2022-09-19 11:04:06,2,2,3896.25,3173
2022-09-19 11:04:07,89,-6,3896.25,3167
2022-09-19 11:04:08,66,-3,3896.25,3164
2022-09-19 11:04:09,4,4,3896.25,3168
2022-09-19 11:04:10,109,14,3896.75,3182
2022-09-19 11:04:11,77,7,3896.5,3189
2022-09-19 11:04:12,63,13,3896.5,3202
2022-09-19 11:04:13,61,15,3896.75,3217
2022-09-19 11:04:14,148,9,3897.5,3226
2022-09-19 11:04:15,85,-11,3897.25,3215
2022-09-19 11:04:16,64,-10,3897.5,3205
2022-09-19 11:04:17,23,-5,3897.5,3200
2022-09-19 11:04:18,43,4,3897.5,3204
2022-09-19 11:04:19,46,1,3897.5,3205
2022-09-19 11:04:20,90,20,3897.75,3225
2022-09-19 11:04:21,154,-112,3897.75,3113
2022-09-19 11:04:22,43,-10,3897.5,3103
2022-09-19 11:04:23,18,6,3897.5,3109
2022-09-19 11:04:24,34,7,3897.75,3116
2022-09-19 11:04:25,92,10,3897.5,3126
2022-09-19 11:04:26,69,-12,3897.25,3114
2022-09-19 11:04:27,41,-11,3897.25,3103
2022-09-19 11:04:28,16,0,3897.25,3103
2022-09-19 11:04:29,46,-8,3897.25,3095
2022-09-19 11:04:30,14,6,3897.25,3101
2022-09-19 11:04:31,38,5,3897.5,3106
2022-09-19 11:04:32,97,15,3897.5,3121
2022-09-19 11:04:33,76,-49,3897.0,3072
2022-09-19 11:04:34,120,-38,3896.5,3034
2022-09-19 11:04:35,24,6,3896.5,3040
2022-09-19 11:04:36,67,16,3896.75,3056
2022-09-19 11:04:37,48,3,3897.0,3059
2022-09-19 11:04:38,26,5,3897.0,3064
2022-09-19 11:04:39,26,-4,3897.0,3060
2022-09-19 11:04:40,11,1,3897.0,3061
2022-09-19 11:04:41,59,-19,3897.0,3042
2022-09-19 11:04:42,33,17,3897.25,3059
2022-09-19 11:04:43,101,36,3898.0,3095
2022-09-19 11:04:44,109,-3,3897.75,3092
2022-09-19 11:04:45,46,16,3897.5,3108
2022-09-19 11:04:46,33,-11,3897.5,3097
2022-09-19 11:04:47,56,9,3897.25,3106
2022-09-19 11:04:48,17,-2,3897.5,3104
2022-09-19 11:04:49,28,-2,3897.25,3102
2022-09-19 11:04:50,16,16,3897.75,3118
2022-09-19 11:04:51,32,2,3897.75,3120
2022-09-19 11:04:53,30,-18,3897.5,3102
2022-09-19 11:04:54,15,7,3897.5,3109
2022-09-19 11:04:55,13,-1,3897.5,3108
2022-09-19 11:04:56,7,3,3897.5,3111
2022-09-19 11:04:57,74,-18,3897.25,3093
2022-09-19 11:04:58,19,3,3897.25,3096
2022-09-19 11:04:59,90,31,3897.25,3127
2022-09-19 11:05:00,40,-12,3897.25,3115
2022-09-19 11:05:01,92,-2,3897.0,3113
2022-09-19 11:05:02,22,-11,3897.0,3102
2022-09-19 11:05:03,52,-13,3897.0,3089
2022-09-19 11:05:04,58,-12,3897.0,3077
2022-09-19 11:05:05,35,-17,3896.5,3060
2022-09-19 11:05:06,39,3,3896.75,3063
2022-09-19 11:05:07,2,0,3897.0,3063
2022-09-19 11:05:08,46,-14,3896.75,3049
2022-09-19 11:05:09,198,-44,3896.5,3005
2022-09-19 11:05:10,18,1,3896.5,3006
2022-09-19 11:05:11,26,11,3896.5,3017
2022-09-19 11:05:12,76,55,3897.0,3072
2022-09-19 11:05:13,52,-9,3897.0,3063
2022-09-19 11:05:14,58,15,3897.0,3078
2022-09-19 11:05:15,79,1,3897.0,3079
2022-09-19 11:05:16,68,32,3897.5,3111
2022-09-19 11:05:17,44,18,3897.25,3129
2022-09-19 11:05:18,45,-7,3897.5,3122
2022-09-19 11:05:19,97,25,3897.5,3147
2022-09-19 11:05:20,43,-5,3897.5,3142
2022-09-19 11:05:21,1,1,3897.25,3143
2022-09-19 11:05:22,81,-23,3897.0,3120
2022-09-19 11:05:23,70,9,3896.5,3129
2022-09-19 11:05:24,47,-8,3896.75,3121
2022-09-19 11:05:25,27,8,3897.0,3129
2022-09-19 11:05:26,47,-19,3896.75,3110
2022-09-19 11:05:27,78,26,3897.25,3136
2022-09-19 11:05:28,58,-5,3897.0,3131
2022-09-19 11:05:29,18,-5,3897.0,3126
2022-09-19 11:05:30,2,2,3897.25,3128
2022-09-19 11:05:31,66,5,3897.25,3133
2022-09-19 11:05:32,12,12,3897.75,3145
2022-09-19 11:05:33,25,-14,3897.5,3131
2022-09-19 11:05:34,39,-8,3897.25,3123
2022-09-19 11:05:35,41,10,3897.75,3133
2022-09-19 11:05:36,152,61,3898.5,3194
2022-09-19 11:05:37,81,-6,3898.25,3188
2022-09-19 11:05:38,29,-2,3898.0,3186
2022-09-19 11:05:39,27,-6,3898.0,3180
2022-09-19 11:05:40,67,19,3898.0,3199
2022-09-19 11:05:41,62,9,3898.5,3208
2022-09-19 11:05:42,21,5,3898.5,3213
2022-09-19 11:05:43,36,13,3898.5,3226
2022-09-19 11:05:44,67,-13,3898.5,3213
2022-09-19 11:05:45,90,-30,3897.75,3183
2022-09-19 11:05:46,40,-5,3897.5,3178
2022-09-19 11:05:47,64,-2,3897.5,3176
2022-09-19 11:05:48,48,3,3898.0,3179
2022-09-19 11:05:49,40,13,3898.0,3192
2022-09-19 11:05:50,80,11,3898.0,3203
2022-09-19 11:05:51,24,21,3898.25,3224
2022-09-19 11:05:52,30,8,3898.25,3232
2022-09-19 11:05:53,83,1,3898.75,3233
2022-09-19 11:05:54,98,23,3899.0,3256
2022-09-19 11:05:55,90,-3,3898.75,3253
2022-09-19 11:05:56,16,7,3898.75,3260
2022-09-19 11:05:57,32,-9,3898.5,3251
2022-09-19 11:05:58,18,-11,3898.5,3240
2022-09-19 11:05:59,25,4,3898.75,3244
2022-09-19 11:06:00,140,27,3899.0,3271
2022-09-19 11:06:01,70,-32,3898.5,3239
2022-09-19 11:06:02,109,-8,3898.0,3231
2022-09-19 11:06:03,79,-14,3898.25,3217
2022-09-19 11:06:04,22,-1,3898.0,3216
2022-09-19 11:06:05,64,-6,3898.0,3210
2022-09-19 11:06:06,46,6,3897.75,3216
2022-09-19 11:06:07,64,16,3898.25,3232
2022-09-19 11:06:08,21,-9,3898.25,3223
2022-09-19 11:06:09,43,3,3898.25,3226
2022-09-19 11:06:10,49,14,3898.25,3240
2022-09-19 11:06:11,47,-7,3898.25,3233
2022-09-19 11:06:12,49,10,3898.5,3243
2022-09-19 11:06:13,51,4,3898.5,3247
2022-09-19 11:06:14,16,5,3898.5,3252
2022-09-19 11:06:15,12,-2,3898.5,3250
2022-09-19 11:06:16,28,3,3898.5,3253
2022-09-19 11:06:17,38,-13,3898.5,3240
2022-09-19 11:06:18,31,17,3898.75,3257
2022-09-19 11:06:20,2,0,3899.0,3257
2022-09-19 11:06:21,118,25,3899.25,3282
2022-09-19 11:06:22,14,-8,3899.25,3274
2022-09-19 11:06:23,65,-2,3899.0,3272
2022-09-19 11:06:24,27,-9,3899.0,3263
2022-09-19 11:06:25,71,-17,3898.75,3246
2022-09-19 11:06:26,21,5,3898.75,3251
2022-09-19 11:06:27,1,1,3899.0,3252
2022-09-19 11:06:28,213,50,3899.75,3302
2022-09-19 11:06:29,155,29,3900.0,3331
2022-09-19 11:06:30,12,-5,3899.75,3326
2022-09-19 11:06:31,43,7,3899.5,3333
2022-09-19 11:06:32,69,3,3899.5,3336
2022-09-19 11:06:33,114,32,3900.0,3368
2022-09-19 11:06:34,29,-3,3899.75,3365
2022-09-19 11:06:35,68,-1,3899.5,3364
2022-09-19 11:06:36,65,6,3899.5,3370
2022-09-19 11:06:37,129,35,3899.75,3405
2022-09-19 11:06:38,16,7,3899.5,3412
2022-09-19 11:06:39,58,4,3899.75,3416
2022-09-19 11:06:40,37,7,3899.25,3423
2022-09-19 11:06:41,20,-15,3899.25,3408
2022-09-19 11:06:42,194,-36,3899.0,3372
2022-09-19 11:06:43,4,-3,3898.25,3369
2022-09-19 11:06:44,45,5,3898.25,3374
2022-09-19 11:06:45,35,-5,3898.0,3369
2022-09-19 11:06:46,44,20,3898.5,3389
2022-09-19 11:06:47,40,1,3898.75,3390
2022-09-19 11:06:48,23,-2,3898.5,3388
2022-09-19 11:06:49,21,-5,3898.5,3383
2022-09-19 11:06:50,49,22,3899.0,3405
2022-09-19 11:06:51,30,1,3899.0,3406
2022-09-19 11:06:52,32,4,3898.5,3410
2022-09-19 11:06:53,41,-3,3898.75,3407
2022-09-19 11:06:54,89,5,3898.5,3412
2022-09-19 11:06:55,52,-10,3898.5,3402
2022-09-19 11:06:56,30,8,3898.75,3410
2022-09-19 11:06:57,27,4,3898.25,3414
2022-09-19 11:06:58,31,1,3898.25,3415
2022-09-19 11:06:59,23,3,3898.25,3418
2022-09-19 11:07:00,105,-3,3898.25,3415
2022-09-19 11:07:01,35,-5,3898.25,3410
2022-09-19 11:07:02,50,-11,3898.25,3399
2022-09-19 11:07:03,39,1,3898.25,3400
2022-09-19 11:07:04,25,-1,3898.25,3399
2022-09-19 11:07:05,35,2,3898.5,3401
2022-09-19 11:07:06,45,-14,3898.25,3387
2022-09-19 11:07:07,37,12,3898.25,3399
2022-09-19 11:07:08,52,-16,3898.25,3383
2022-09-19 11:07:09,24,1,3898.25,3384
2022-09-19 11:07:10,123,-34,3897.75,3350
2022-09-19 11:07:11,121,-45,3897.25,3305
2022-09-19 11:07:12,63,27,3897.5,3332
2022-09-19 11:07:13,94,18,3898.0,3350
2022-09-19 11:07:14,61,-1,3897.75,3349
2022-09-19 11:07:15,34,0,3898.0,3349
2022-09-19 11:07:16,20,0,3898.0,3349
2022-09-19 11:07:17,69,-24,3897.75,3325
2022-09-19 11:07:18,28,13,3897.75,3338
2022-09-19 11:07:19,52,-3,3897.5,3335
2022-09-19 11:07:20,85,-42,3897.25,3293
2022-09-19 11:07:21,15,-11,3897.0,3282
2022-09-19 11:07:22,47,6,3897.0,3288
2022-09-19 11:07:23,32,1,3897.0,3289
2022-09-19 11:07:24,27,-3,3897.0,3286
2022-09-19 11:07:25,173,54,3897.75,3340
2022-09-19 11:07:26,151,16,3898.75,3356
2022-09-19 11:07:27,55,31,3898.75,3387
2022-09-19 11:07:28,87,3,3899.0,3390
2022-09-19 11:07:29,206,29,3899.5,3419
2022-09-19 11:07:30,34,8,3899.25,3427
2022-09-19 11:07:31,203,-86,3899.25,3341
2022-09-19 11:07:32,133,11,3898.75,3352
2022-09-19 11:07:33,97,-21,3898.0,3331
2022-09-19 11:07:34,119,1,3897.5,3332
2022-09-19 11:07:35,36,12,3897.5,3344
2022-09-19 11:07:36,29,-24,3897.5,3320
2022-09-19 11:07:37,54,-17,3897.5,3303
2022-09-19 11:07:38,25,6,3898.0,3309
2022-09-19 11:07:39,2,0,3898.0,3309
2022-09-19 11:07:40,33,-4,3898.0,3305
2022-09-19 11:07:41,18,-7,3898.0,3298
2022-09-19 11:07:42,31,-11,3897.75,3287
2022-09-19 11:07:43,16,8,3897.75,3295
2022-09-19 11:07:44,7,-6,3897.5,3289
2022-09-19 11:07:45,21,-14,3897.25,3275
2022-09-19 11:07:46,96,11,3897.25,3286
2022-09-19 11:07:47,2,-2,3897.0,3284
2022-09-19 11:07:48,60,13,3897.25,3297
2022-09-19 11:07:49,7,5,3897.5,3302
2022-09-19 11:07:50,1,1,3897.5,3303
2022-09-19 11:07:51,4,2,3897.5,3305
2022-09-19 11:07:52,70,-11,3897.25,3294
2022-09-19 11:07:53,21,11,3897.25,3305
2022-09-19 11:07:54,134,73,3897.75,3378
2022-09-19 11:07:55,27,-8,3897.5,3370
2022-09-19 11:07:56,8,6,3897.75,3376
2022-09-19 11:07:57,71,27,3898.5,3403
2022-09-19 11:07:58,59,-1,3898.25,3402
2022-09-19 11:07:59,17,3,3898.0,3405
2022-09-19 11:08:00,11,-9,3897.75,3396
2022-09-19 11:08:01,29,-2,3897.75,3394
2022-09-19 11:08:02,52,-8,3898.0,3386
2022-09-19 11:08:03,12,7,3898.25,3393
2022-09-19 11:08:04,40,-8,3898.0,3385
2022-09-19 11:08:05,58,-22,3897.75,3363
2022-09-19 11:08:06,18,-2,3897.25,3361
2022-09-19 11:08:07,101,-29,3897.0,3332
2022-09-19 11:08:08,717,227,3897.75,3559
2022-09-19 11:08:09,19,-6,3897.75,3553
2022-09-19 11:08:10,12,5,3897.75,3558
2022-09-19 11:08:11,86,-20,3898.0,3538
2022-09-19 11:08:12,9,-9,3897.25,3529
2022-09-19 11:08:13,82,23,3897.75,3552
2022-09-19 11:08:14,43,-18,3897.75,3534
2022-09-19 11:08:15,110,49,3898.0,3583
2022-09-19 11:08:16,28,-2,3897.75,3581
2022-09-19 11:08:17,13,1,3898.0,3582
2022-09-19 11:08:18,28,-4,3898.0,3578
2022-09-19 11:08:19,94,-9,3897.75,3569
2022-09-19 11:08:20,121,1,3897.75,3570
2022-09-19 11:08:21,17,0,3897.5,3570
2022-09-19 11:08:22,15,-4,3897.5,3566
2022-09-19 11:08:23,23,-1,3897.75,3565
2022-09-19 11:08:24,1,1,3897.75,3566
2022-09-19 11:08:25,23,4,3897.75,3570
2022-09-19 11:08:26,31,-19,3897.75,3551
2022-09-19 11:08:27,78,-27,3897.25,3524
2022-09-19 11:08:28,53,1,3897.5,3525
2022-09-19 11:08:29,22,4,3897.5,3529
2022-09-19 11:08:30,15,1,3897.5,3530
2022-09-19 11:08:31,19,2,3897.25,3532
2022-09-19 11:08:32,2,-2,3897.25,3530
2022-09-19 11:08:33,74,-14,3897.5,3516
2022-09-19 11:08:34,41,3,3897.5,3519
2022-09-19 11:08:35,51,-3,3897.75,3516
2022-09-19 11:08:36,43,24,3898.25,3540
2022-09-19 11:08:37,104,35,3898.75,3575
2022-09-19 11:08:38,27,0,3898.5,3575
2022-09-19 11:08:39,10,0,3898.5,3575
2022-09-19 11:08:40,93,25,3899.0,3600
2022-09-19 11:08:41,31,2,3898.75,3602
2022-09-19 11:08:42,14,-7,3899.0,3595
2022-09-19 11:08:43,28,1,3898.75,3596
2022-09-19 11:08:44,38,-22,3898.5,3574
2022-09-19 11:08:45,89,-9,3898.25,3565
2022-09-19 11:08:46,73,0,3898.5,3565
2022-09-19 11:08:47,76,7,3898.75,3572
2022-09-19 11:08:48,56,-12,3898.5,3560
2022-09-19 11:08:49,24,-5,3898.5,3555
2022-09-19 11:08:50,9,7,3898.5,3562
2022-09-19 11:08:51,42,17,3898.75,3579
2022-09-19 11:08:52,36,-3,3898.75,3576
2022-09-19 11:08:53,31,19,3898.75,3595
2022-09-19 11:08:54,49,19,3899.0,3614
2022-09-19 11:08:55,147,-14,3899.0,3600
2022-09-19 11:08:56,42,5,3898.5,3605
2022-09-19 11:08:57,67,-9,3898.5,3596
2022-09-19 11:08:58,76,-14,3898.75,3582
2022-09-19 11:08:59,57,2,3898.75,3584
2022-09-19 11:09:00,46,-6,3898.5,3578
2022-09-19 11:09:01,13,2,3898.75,3580
2022-09-19 11:09:02,21,-7,3898.75,3573
2022-09-19 11:09:03,17,-5,3898.75,3568
2022-09-19 11:09:04,29,-6,3898.75,3562
2022-09-19 11:09:05,44,-12,3898.75,3550
2022-09-19 11:09:06,15,-1,3898.5,3549
2022-09-19 11:09:07,105,41,3899.25,3590
2022-09-19 11:09:08,35,-8,3899.0,3582
2022-09-19 11:09:09,45,-14,3899.0,3568
2022-09-19 11:09:10,57,-9,3898.75,3559
2022-09-19 11:09:11,101,-36,3898.5,3523
2022-09-19 11:09:12,86,13,3898.0,3536
2022-09-19 11:09:13,22,-7,3897.75,3529
2022-09-19 11:09:14,26,4,3897.75,3533
2022-09-19 11:09:15,51,8,3897.5,3541
2022-09-19 11:09:16,19,7,3897.5,3548
2022-09-19 11:09:17,113,-45,3897.5,3503
2022-09-19 11:09:18,52,-11,3897.25,3492
2022-09-19 11:09:19,2,2,3897.25,3494
2022-09-19 11:09:20,14,10,3897.25,3504
2022-09-19 11:09:21,136,-42,3897.0,3462
2022-09-19 11:09:22,1,1,3897.0,3463
2022-09-19 11:09:23,57,3,3897.0,3466
2022-09-19 11:09:24,15,4,3897.0,3470
2022-09-19 11:09:25,5,-5,3896.75,3465
2022-09-19 11:09:26,55,5,3897.0,3470
2022-09-19 11:09:27,47,-32,3896.75,3438
2022-09-19 11:09:28,125,0,3896.5,3438
2022-09-19 11:09:29,62,4,3896.75,3442
2022-09-19 11:09:30,64,6,3896.75,3448
2022-09-19 11:09:31,113,-31,3896.25,3417
2022-09-19 11:09:32,179,-18,3896.5,3399
2022-09-19 11:09:33,141,42,3896.5,3441
2022-09-19 11:09:34,88,-10,3896.25,3431
2022-09-19 11:09:35,19,-13,3896.0,3418
2022-09-19 11:09:36,317,-109,3895.75,3309
2022-09-19 11:09:37,115,30,3895.75,3339
2022-09-19 11:09:38,71,0,3895.75,3339
2022-09-19 11:09:39,23,-4,3895.75,3335
2022-09-19 11:09:40,59,-1,3895.75,3334
2022-09-19 11:09:41,51,34,3896.0,3368
2022-09-19 11:09:42,25,7,3896.0,3375
2022-09-19 11:09:43,43,-3,3896.0,3372
2022-09-19 11:09:44,70,-21,3895.75,3351
2022-09-19 11:09:45,27,-5,3895.5,3346
2022-09-19 11:09:46,52,-7,3895.5,3339
2022-09-19 11:09:47,69,14,3895.75,3353
2022-09-19 11:09:48,25,0,3895.75,3353
2022-09-19 11:09:49,17,0,3895.5,3353
2022-09-19 11:09:50,11,7,3895.5,3360
2022-09-19 11:09:51,28,8,3896.0,3368
2022-09-19 11:09:52,79,3,3896.0,3371
2022-09-19 11:09:53,147,44,3896.75,3415
2022-09-19 11:09:54,77,-19,3896.5,3396
2022-09-19 11:09:55,23,-3,3896.5,3393
2022-09-19 11:09:56,38,-5,3896.5,3388
2022-09-19 11:09:57,52,-10,3896.5,3378
2022-09-19 11:09:58,40,9,3896.5,3387
2022-09-19 11:09:59,31,17,3896.75,3404
2022-09-19 11:10:00,122,14,3897.0,3418
2022-09-19 11:10:01,89,8,3897.0,3426
2022-09-19 11:10:02,15,-12,3896.5,3414
2022-09-19 11:10:03,186,62,3897.75,3476
2022-09-19 11:10:04,82,0,3897.5,3476
2022-09-19 11:10:05,60,-8,3897.25,3468
2022-09-19 11:10:06,3,-2,3897.0,3466
2022-09-19 11:10:07,83,11,3897.5,3477
2022-09-19 11:10:08,95,23,3897.75,3500
2022-09-19 11:10:09,108,-24,3897.5,3476
2022-09-19 11:10:10,19,-10,3897.5,3466
2022-09-19 11:10:11,148,26,3897.5,3492
2022-09-19 11:10:12,29,-9,3897.5,3483
2022-09-19 11:10:13,54,2,3897.25,3485
2022-09-19 11:10:14,53,0,3897.75,3485
2022-09-19 11:10:15,156,56,3898.0,3541
2022-09-19 11:10:16,102,9,3898.25,3550
2022-09-19 11:10:17,55,-11,3898.25,3539
2022-09-19 11:10:18,46,-15,3898.25,3524
2022-09-19 11:10:19,38,7,3898.25,3531
2022-09-19 11:10:20,127,52,3898.75,3583
2022-09-19 11:10:21,91,6,3898.5,3589
2022-09-19 11:10:22,39,-3,3898.5,3586
2022-09-19 11:10:23,15,-3,3898.5,3583
2022-09-19 11:10:24,17,-4,3898.5,3579
2022-09-19 11:10:25,47,2,3898.75,3581
2022-09-19 11:10:26,60,-20,3898.75,3561
2022-09-19 11:10:27,24,-1,3898.5,3560
2022-09-19 11:10:28,39,-9,3898.75,3551
2022-09-19 11:10:29,16,-6,3898.5,3545
2022-09-19 11:10:30,97,15,3899.0,3560
2022-09-19 11:10:31,51,4,3899.25,3564
2022-09-19 11:10:32,21,6,3898.75,3570
2022-09-19 11:10:33,44,8,3899.0,3578
2022-09-19 11:10:34,249,34,3899.5,3612
2022-09-19 11:10:35,126,21,3899.5,3633
2022-09-19 11:10:36,129,7,3899.5,3640
2022-09-19 11:10:37,13,4,3899.25,3644
2022-09-19 11:10:38,102,-30,3899.25,3614
2022-09-19 11:10:39,185,-47,3898.75,3567
2022-09-19 11:10:40,84,-26,3897.75,3541
2022-09-19 11:10:41,210,-16,3897.75,3525
2022-09-19 11:10:42,21,-1,3897.5,3524
2022-09-19 11:10:43,76,15,3897.5,3539
2022-09-19 11:10:44,44,4,3897.75,3543
2022-09-19 11:10:45,20,-2,3898.0,3541
2022-09-19 11:10:46,80,-14,3897.5,3527
2022-09-19 11:10:47,42,-10,3897.25,3517
2022-09-19 11:10:48,145,18,3897.0,3535
2022-09-19 11:10:49,64,22,3897.5,3557
2022-09-19 11:10:50,6,-5,3897.25,3552
2022-09-19 11:10:51,82,-4,3897.25,3548
2022-09-19 11:10:52,104,-21,3897.25,3527
2022-09-19 11:10:53,77,12,3897.0,3539
2022-09-19 11:10:54,31,1,3897.0,3540
2022-09-19 11:10:55,188,-56,3897.0,3484
2022-09-19 11:10:56,69,-21,3897.0,3463
2022-09-19 11:10:57,21,-7,3896.75,3456
2022-09-19 11:10:58,145,-12,3896.5,3444
2022-09-19 11:10:59,91,-25,3896.5,3419
2022-09-19 11:11:00,83,-26,3896.25,3393
2022-09-19 11:11:01,142,-21,3895.75,3372
2022-09-19 11:11:02,59,12,3895.75,3384
2022-09-19 11:11:03,85,14,3896.25,3398
2022-09-19 11:11:04,58,-2,3896.0,3396
2022-09-19 11:11:05,48,-41,3895.75,3355
2022-09-19 11:11:06,49,-29,3895.25,3326
2022-09-19 11:11:07,72,2,3895.5,3328
2022-09-19 11:11:08,59,-19,3895.5,3309
2022-09-19 11:11:09,87,19,3895.5,3328
2022-09-19 11:11:10,38,-10,3895.25,3318
2022-09-19 11:11:11,121,-24,3895.25,3294
2022-09-19 11:11:12,176,18,3895.25,3312
2022-09-19 11:11:13,194,0,3895.0,3312
2022-09-19 11:11:14,251,-31,3894.75,3281
2022-09-19 11:11:15,87,-2,3895.0,3279
2022-09-19 11:11:16,118,22,3895.5,3301
2022-09-19 11:11:17,62,2,3895.25,3303
2022-09-19 11:11:18,66,20,3895.0,3323
2022-09-19 11:11:19,73,-29,3894.75,3294
2022-09-19 11:11:20,238,-42,3894.25,3252
2022-09-19 11:11:21,158,-29,3894.5,3223
2022-09-19 11:11:22,78,2,3894.75,3225
2022-09-19 11:11:23,24,3,3894.5,3228
2022-09-19 11:11:24,55,3,3894.5,3231
2022-09-19 11:11:25,116,39,3894.5,3270
2022-09-19 11:11:26,13,2,3894.25,3272
2022-09-19 11:11:27,1,-1,3894.0,3271
2022-09-19 11:11:28,271,-36,3894.5,3235
2022-09-19 11:11:29,83,-1,3894.5,3234
2022-09-19 11:11:30,33,-3,3894.25,3231
2022-09-19 11:11:31,48,1,3894.25,3232
2022-09-19 11:11:32,45,3,3894.25,3235
2022-09-19 11:11:33,62,-6,3894.5,3229
2022-09-19 11:11:34,63,-4,3894.25,3225
2022-09-19 11:11:35,49,2,3894.5,3227
2022-09-19 11:11:36,126,2,3895.0,3229
2022-09-19 11:11:37,49,-8,3894.5,3221
2022-09-19 11:11:38,33,4,3894.5,3225
2022-09-19 11:11:39,45,6,3894.75,3231
2022-09-19 11:11:40,20,-3,3894.5,3228
2022-09-19 11:11:41,10,2,3894.5,3230
2022-09-19 11:11:42,91,29,3895.0,3259
2022-09-19 11:11:43,103,17,3895.25,3276
2022-09-19 11:11:44,61,-3,3895.5,3273
2022-09-19 11:11:45,65,-2,3895.5,3271
2022-09-19 11:11:46,34,-1,3895.5,3270
2022-09-19 11:11:47,199,41,3896.5,3311
2022-09-19 11:11:48,302,96,3897.25,3407
2022-09-19 11:11:49,64,2,3897.0,3409
2022-09-19 11:11:50,22,6,3897.25,3415
2022-09-19 11:11:51,78,-8,3897.5,3407
2022-09-19 11:11:52,80,18,3897.75,3425
2022-09-19 11:11:53,137,32,3897.75,3457
2022-09-19 11:11:54,54,35,3898.0,3492
2022-09-19 11:11:55,172,24,3898.5,3516
2022-09-19 11:11:56,94,-29,3898.25,3487
2022-09-19 11:11:57,55,-3,3898.0,3484
2022-09-19 11:11:58,23,-8,3898.0,3476
2022-09-19 11:11:59,53,12,3898.0,3488
2022-09-19 11:12:00,71,-17,3898.0,3471
2022-09-19 11:12:01,74,20,3898.0,3491
2022-09-19 11:12:02,102,2,3898.25,3493
2022-09-19 11:12:03,22,9,3898.25,3502
2022-09-19 11:12:04,16,2,3898.0,3504
2022-09-19 11:12:05,67,-6,3898.0,3498
2022-09-19 11:12:06,92,26,3898.0,3524
2022-09-19 11:12:07,82,12,3898.25,3536
2022-09-19 11:12:08,93,3,3898.25,3539
2022-09-19 11:12:09,9,-6,3898.0,3533
2022-09-19 11:12:10,125,14,3898.25,3547
2022-09-19 11:12:11,127,27,3898.5,3574
2022-09-19 11:12:12,42,-3,3898.5,3571
2022-09-19 11:12:13,11,-4,3898.5,3567
2022-09-19 11:12:14,189,-10,3898.5,3557
2022-09-19 11:12:15,31,2,3898.25,3559
2022-09-19 11:12:16,58,1,3898.25,3560
2022-09-19 11:12:17,92,-3,3898.5,3557
2022-09-19 11:12:18,51,-13,3898.25,3544
2022-09-19 11:12:19,51,4,3898.25,3548
2022-09-19 11:12:20,37,-12,3898.25,3536
2022-09-19 11:12:21,20,-11,3898.0,3525
2022-09-19 11:12:22,11,-1,3898.0,3524
2022-09-19 11:12:23,36,-5,3897.75,3519
2022-09-19 11:12:24,32,-15,3898.0,3504
2022-09-19 11:12:25,77,16,3898.0,3520
2022-09-19 11:12:26,84,-9,3898.5,3511
2022-09-19 11:12:27,21,0,3898.0,3511
2022-09-19 11:12:28,45,1,3898.25,3512
2022-09-19 11:12:29,91,11,3898.5,3523
2022-09-19 11:12:30,64,-13,3898.5,3510
2022-09-19 11:12:31,16,-10,3898.5,3500
2022-09-19 11:12:32,70,-9,3898.25,3491
2022-09-19 11:12:33,46,8,3898.0,3499
2022-09-19 11:12:34,13,-1,3898.0,3498
2022-09-19 11:12:35,19,10,3898.0,3508
2022-09-19 11:12:36,78,-19,3898.0,3489
2022-09-19 11:12:37,20,4,3898.25,3493
2022-09-19 11:12:38,30,-2,3898.0,3491
2022-09-19 11:12:39,93,-23,3897.75,3468
2022-09-19 11:12:40,52,-24,3897.25,3444
2022-09-19 11:12:41,70,-13,3897.25,3431
2022-09-19 11:12:42,12,5,3896.75,3436
2022-09-19 11:12:43,14,-4,3897.0,3432
2022-09-19 11:12:44,39,3,3896.75,3435
2022-09-19 11:12:45,65,8,3896.75,3443
2022-09-19 11:12:46,80,-7,3896.5,3436
2022-09-19 11:12:47,10,-8,3896.75,3428
2022-09-19 11:12:48,34,12,3897.0,3440
2022-09-19 11:12:49,1,1,3897.0,3441
2022-09-19 11:12:50,27,-9,3896.75,3432
2022-09-19 11:12:51,45,-11,3897.0,3421
2022-09-19 11:12:52,42,13,3896.5,3434
2022-09-19 11:12:53,194,-85,3896.25,3349
2022-09-19 11:12:54,59,9,3895.75,3358
2022-09-19 11:12:55,93,22,3895.75,3380
2022-09-19 11:12:56,151,-41,3895.5,3339
2022-09-19 11:12:57,73,1,3895.0,3340
2022-09-19 11:12:58,65,-13,3895.0,3327
2022-09-19 11:12:59,37,14,3895.5,3341
2022-09-19 11:13:00,85,-18,3895.25,3323
2022-09-19 11:13:01,25,18,3895.0,3341
2022-09-19 11:13:02,88,1,3894.75,3342
2022-09-19 11:13:03,56,4,3895.25,3346
2022-09-19 11:13:04,52,-14,3895.25,3332
2022-09-19 11:13:05,12,-1,3895.25,3331
2022-09-19 11:13:06,77,1,3895.25,3332
2022-09-19 11:13:07,88,-5,3895.0,3327
2022-09-19 11:13:08,87,-9,3895.0,3318
2022-09-19 11:13:09,64,-7,3894.75,3311
2022-09-19 11:13:10,43,7,3894.75,3318
2022-09-19 11:13:11,35,-4,3894.5,3314
2022-09-19 11:13:12,36,-3,3894.5,3311
2022-09-19 11:13:13,109,-46,3894.5,3265
2022-09-19 11:13:14,385,-148,3894.25,3117
2022-09-19 11:13:15,55,-5,3894.0,3112
2022-09-19 11:13:16,96,15,3894.25,3127
2022-09-19 11:13:17,112,-5,3894.25,3122
2022-09-19 11:13:18,56,2,3893.75,3124
2022-09-19 11:13:19,80,18,3894.0,3142
2022-09-19 11:13:20,24,6,3894.25,3148
2022-09-19 11:13:21,20,-4,3894.25,3144
2022-09-19 11:13:22,84,-6,3894.25,3138
2022-09-19 11:13:23,5,-1,3893.75,3137
2022-09-19 11:13:24,180,-48,3893.75,3089
2022-09-19 11:13:25,96,-18,3893.5,3071
2022-09-19 11:13:26,83,-4,3893.25,3067
2022-09-19 11:13:27,20,-3,3893.5,3064
2022-09-19 11:13:28,2,0,3893.5,3064
2022-09-19 11:13:29,76,4,3893.5,3068
2022-09-19 11:13:30,67,18,3893.5,3086
2022-09-19 11:13:31,35,24,3894.0,3110
2022-09-19 11:13:32,49,-9,3893.75,3101
2022-09-19 11:13:33,98,14,3894.0,3115
2022-09-19 11:13:34,54,7,3894.25,3122
2022-09-19 11:13:35,159,51,3894.75,3173
2022-09-19 11:13:36,37,4,3894.5,3177
2022-09-19 11:13:37,17,-2,3894.25,3175
2022-09-19 11:13:38,74,0,3894.5,3175
2022-09-19 11:13:39,61,-6,3894.5,3169
2022-09-19 11:13:40,2,0,3894.5,3169
2022-09-19 11:13:41,45,12,3894.5,3181
2022-09-19 11:13:42,60,4,3894.25,3185
2022-09-19 11:13:43,9,-1,3894.25,3184
2022-09-19 11:13:44,38,-9,3894.25,3175
2022-09-19 11:13:45,120,-30,3894.25,3145
2022-09-19 11:13:46,1,-1,3893.75,3144
2022-09-19 11:13:47,64,-2,3894.0,3142
2022-09-19 11:13:48,29,1,3894.0,3143
2022-09-19 11:13:49,45,16,3894.5,3159
2022-09-19 11:13:50,93,13,3894.75,3172
2022-09-19 11:13:51,12,0,3894.75,3172
2022-09-19 11:13:52,67,-5,3894.75,3167
2022-09-19 11:13:53,71,-5,3895.0,3162
2022-09-19 11:13:54,3,-1,3894.75,3161
2022-09-19 11:13:55,103,35,3895.25,3196
2022-09-19 11:13:56,102,1,3895.25,3197
2022-09-19 11:13:57,39,-6,3894.75,3191
2022-09-19 11:13:58,57,-13,3894.5,3178
2022-09-19 11:13:59,34,-1,3894.75,3177
2022-09-19 11:14:00,24,7,3894.5,3184
2022-09-19 11:14:01,60,-7,3894.5,3177
2022-09-19 11:14:02,39,9,3894.5,3186
2022-09-19 11:14:03,56,-16,3894.5,3170
2022-09-19 11:14:04,17,-1,3894.25,3169
2022-09-19 11:14:05,69,-19,3894.0,3150
2022-09-19 11:14:06,80,16,3894.25,3166
2022-09-19 11:14:07,10,-5,3894.0,3161
2022-09-19 11:14:08,44,-3,3894.0,3158
2022-09-19 11:14:09,99,-4,3894.0,3154
2022-09-19 11:14:10,32,1,3894.25,3155
2022-09-19 11:14:11,17,1,3894.0,3156
2022-09-19 11:14:12,74,-20,3894.0,3136
2022-09-19 11:14:13,30,-15,3893.75,3121
2022-09-19 11:14:14,31,-6,3893.25,3115
2022-09-19 11:14:15,64,1,3893.25,3116
2022-09-19 11:14:16,75,12,3893.25,3128
2022-09-19 11:14:17,22,-5,3893.25,3123
2022-09-19 11:14:18,169,-5,3893.25,3118
2022-09-19 11:14:19,5,-3,3893.5,3115
2022-09-19 11:14:20,23,3,3893.5,3118
2022-09-19 11:14:21,24,-17,3893.25,3101
2022-09-19 11:14:22,75,19,3893.0,3120
2022-09-19 11:14:23,24,-4,3893.25,3116
2022-09-19 11:14:24,31,-1,3893.0,3115
2022-09-19 11:14:25,146,-127,3893.0,2988
2022-09-19 11:14:26,89,-5,3893.0,2983
2022-09-19 11:14:27,34,12,3893.0,2995
2022-09-19 11:14:28,50,29,3893.5,3024
2022-09-19 11:14:29,89,28,3893.75,3052
2022-09-19 11:14:30,72,-13,3893.75,3039
2022-09-19 11:14:31,63,-5,3893.5,3034
2022-09-19 11:14:32,19,-6,3893.5,3028
2022-09-19 11:14:33,5,-2,3893.75,3026
2022-09-19 11:14:34,58,-13,3893.75,3013
2022-09-19 11:14:35,26,6,3893.75,3019
2022-09-19 11:14:36,36,5,3894.0,3024
2022-09-19 11:14:37,19,10,3894.0,3034
2022-09-19 11:14:38,61,3,3894.0,3037
2022-09-19 11:14:39,22,5,3894.0,3042
2022-09-19 11:14:40,61,-16,3894.0,3026
2022-09-19 11:14:41,85,-12,3894.0,3014
2022-09-19 11:14:42,53,1,3894.0,3015
2022-09-19 11:14:43,46,7,3894.5,3022
2022-09-19 11:14:44,52,23,3894.5,3045
2022-09-19 11:14:45,83,29,3895.0,3074
2022-09-19 11:14:46,64,-13,3894.75,3061
2022-09-19 11:14:47,84,-6,3894.25,3055
2022-09-19 11:14:48,116,3,3894.0,3058
2022-09-19 11:14:49,8,4,3893.5,3062
2022-09-19 11:14:50,57,18,3894.25,3080
2022-09-19 11:14:51,59,18,3894.75,3098
2022-09-19 11:14:52,11,-9,3894.5,3089
2022-09-19 11:14:53,37,-10,3894.25,3079
2022-09-19 11:14:54,1,1,3894.25,3080
2022-09-19 11:14:55,36,-5,3894.25,3075
2022-09-19 11:14:56,20,0,3894.0,3075
2022-09-19 11:14:57,63,-9,3894.25,3066
2022-09-19 11:14:58,61,-3,3894.25,3063
2022-09-19 11:14:59,28,13,3894.25,3076
2022-09-19 11:15:00,95,-24,3894.25,3052
2022-09-19 11:15:01,45,1,3894.0,3053
2022-09-19 11:15:02,15,2,3894.0,3055
2022-09-19 11:15:03,47,21,3894.25,3076
2022-09-19 11:15:04,97,29,3894.5,3105
2022-09-19 11:15:05,65,-12,3894.5,3093
2022-09-19 11:15:06,36,-6,3894.25,3087
2022-09-19 11:15:07,62,17,3894.75,3104
2022-09-19 11:15:08,17,-3,3895.0,3101
2022-09-19 11:15:09,54,1,3895.0,3102
2022-09-19 11:15:10,116,28,3895.25,3130
2022-09-19 11:15:11,74,-25,3895.25,3105
2022-09-19 11:15:12,68,8,3895.0,3113
2022-09-19 11:15:13,42,9,3894.75,3122
2022-09-19 11:15:14,3,1,3895.0,3123
2022-09-19 11:15:15,43,-15,3895.0,3108
2022-09-19 11:15:16,56,0,3894.75,3108
2022-09-19 11:15:17,60,2,3894.5,3110
2022-09-19 11:15:18,4,-3,3894.5,3107
2022-09-19 11:15:19,110,-7,3894.5,3100
2022-09-19 11:15:20,1,-1,3894.5,3099
2022-09-19 11:15:21,49,4,3894.75,3103
2022-09-19 11:15:22,11,-5,3894.5,3098
2022-09-19 11:15:23,45,-24,3894.5,3074
2022-09-19 11:15:24,121,-29,3893.75,3045
2022-09-19 11:15:25,170,49,3893.5,3094
2022-09-19 11:15:26,127,-38,3893.25,3056
2022-09-19 11:15:27,79,-1,3893.25,3055
2022-09-19 11:15:28,68,17,3893.75,3072
2022-09-19 11:15:29,77,-4,3893.75,3068
2022-09-19 11:15:30,8,2,3893.75,3070
2022-09-19 11:15:31,233,47,3894.0,3117
2022-09-19 11:15:32,12,5,3894.25,3122
2022-09-19 11:15:33,6,2,3894.25,3124
2022-09-19 11:15:34,103,47,3895.0,3171
2022-09-19 11:15:35,254,87,3895.75,3258
2022-09-19 11:15:36,115,8,3895.5,3266
2022-09-19 11:15:37,36,-13,3895.5,3253
2022-09-19 11:15:38,48,-17,3895.25,3236
2022-09-19 11:15:39,137,-54,3895.5,3182
2022-09-19 11:15:40,57,-5,3894.75,3177
2022-09-19 11:15:41,17,2,3894.75,3179
2022-09-19 11:15:42,12,-4,3895.0,3175
2022-09-19 11:15:43,59,2,3895.25,3177
2022-09-19 11:15:44,46,-4,3895.25,3173
2022-09-19 11:15:45,7,3,3895.0,3176
2022-09-19 11:15:46,3,1,3895.0,3177
2022-09-19 11:15:47,18,8,3895.0,3185
2022-09-19 11:15:48,6,2,3895.0,3187
2022-09-19 11:15:49,49,6,3895.5,3193
2022-09-19 11:15:50,55,-16,3895.75,3177
2022-09-19 11:15:51,166,101,3896.0,3278
2022-09-19 11:15:52,33,-6,3895.5,3272
2022-09-19 11:15:53,37,-1,3895.5,3271
2022-09-19 11:15:54,8,8,3895.75,3279
2022-09-19 11:15:55,54,-21,3895.75,3258
2022-09-19 11:15:56,18,-1,3895.25,3257
2022-09-19 11:15:57,68,0,3895.25,3257
2022-09-19 11:15:58,30,6,3895.5,3263
2022-09-19 11:15:59,58,-2,3895.75,3261
2022-09-19 11:16:00,106,18,3896.0,3279
2022-09-19 11:16:01,138,-13,3896.0,3266
2022-09-19 11:16:02,7,-2,3896.0,3264
2022-09-19 11:16:03,42,-6,3896.0,3258
2022-09-19 11:16:04,70,15,3896.25,3273
2022-09-19 11:16:05,58,14,3896.25,3287
2022-09-19 11:16:06,147,37,3896.75,3324
2022-09-19 11:16:07,185,48,3897.25,3372
2022-09-19 11:16:08,12,9,3897.0,3381
2022-09-19 11:16:09,97,-15,3897.0,3366
2022-09-19 11:16:10,23,-12,3896.75,3354
2022-09-19 11:16:11,32,1,3896.5,3355
2022-09-19 11:16:12,216,23,3897.5,3378
2022-09-19 11:16:13,83,-5,3897.0,3373
2022-09-19 11:16:14,91,-3,3897.0,3370
2022-09-19 11:16:15,41,8,3897.0,3378
2022-09-19 11:16:16,68,1,3897.0,3379
2022-09-19 11:16:17,60,4,3897.0,3383
2022-09-19 11:16:18,26,-3,3897.25,3380
2022-09-19 11:16:19,34,3,3897.0,3383
2022-09-19 11:16:20,111,-27,3897.0,3356
2022-09-19 11:16:21,13,-5,3896.75,3351
2022-09-19 11:16:22,16,-2,3896.5,3349
2022-09-19 11:16:23,135,4,3897.0,3353
2022-09-19 11:16:24,25,-13,3896.75,3340
2022-09-19 11:16:25,29,5,3896.75,3345
2022-09-19 11:16:26,3,-1,3896.75,3344
2022-09-19 11:16:27,39,12,3897.0,3356
2022-09-19 11:16:28,38,-8,3897.0,3348
2022-09-19 11:16:29,32,-10,3897.0,3338
2022-09-19 11:16:30,41,-7,3897.0,3331
2022-09-19 11:16:31,43,20,3897.0,3351
2022-09-19 11:16:32,40,-7,3897.0,3344
2022-09-19 11:16:33,6,2,3897.0,3346
2022-09-19 11:16:34,91,-35,3897.0,3311
2022-09-19 11:16:35,111,-22,3896.25,3289
2022-09-19 11:16:36,57,18,3895.75,3307
2022-09-19 11:16:37,58,17,3896.0,3324
2022-09-19 11:16:38,20,8,3896.25,3332
2022-09-19 11:16:39,31,-8,3896.0,3324
2022-09-19 11:16:40,55,-30,3896.0,3294
2022-09-19 11:16:41,120,-13,3895.5,3281
2022-09-19 11:16:42,49,-3,3895.75,3278
2022-09-19 11:16:43,84,37,3896.0,3315
2022-09-19 11:16:44,47,-4,3896.0,3311
2022-09-19 11:16:45,15,-3,3896.0,3308
2022-09-19 11:16:46,20,17,3896.25,3325
2022-09-19 11:16:47,72,-14,3896.25,3311
2022-09-19 11:16:48,37,14,3896.0,3325
2022-09-19 11:16:49,23,20,3896.5,3345
2022-09-19 11:16:50,37,-8,3896.25,3337
2022-09-19 11:16:51,23,13,3896.5,3350
2022-09-19 11:16:52,101,-6,3896.5,3344
2022-09-19 11:16:53,61,13,3896.5,3357
2022-09-19 11:16:54,55,4,3896.5,3361
2022-09-19 11:16:55,18,0,3896.5,3361
2022-09-19 11:16:56,230,61,3896.5,3422
2022-09-19 11:16:57,33,-11,3896.25,3411
2022-09-19 11:16:58,23,1,3896.5,3412
2022-09-19 11:16:59,159,31,3897.0,3443
2022-09-19 11:17:00,110,17,3897.5,3460
2022-09-19 11:17:01,90,-12,3897.5,3448
2022-09-19 11:17:02,65,-8,3897.0,3440
2022-09-19 11:17:03,60,11,3896.75,3451
2022-09-19 11:17:04,26,2,3896.75,3453
2022-09-19 11:17:05,59,15,3897.25,3468
2022-09-19 11:17:06,58,11,3897.0,3479
2022-09-19 11:17:07,81,38,3897.25,3517
2022-09-19 11:17:08,34,0,3897.25,3517
2022-09-19 11:17:09,42,13,3897.0,3530
2022-09-19 11:17:10,50,-10,3897.0,3520
2022-09-19 11:17:11,22,0,3897.0,3520
2022-09-19 11:17:12,49,21,3897.25,3541
2022-09-19 11:17:13,4,2,3897.25,3543
2022-09-19 11:17:14,1,1,3897.25,3544
2022-09-19 11:17:15,58,-14,3897.25,3530
2022-09-19 11:17:16,175,-70,3896.75,3460
2022-09-19 11:17:17,56,3,3896.5,3463
2022-09-19 11:17:18,4,-4,3896.25,3459
2022-09-19 11:17:19,38,11,3896.25,3470
2022-09-19 11:17:20,3,1,3896.25,3471
2022-09-19 11:17:21,35,2,3896.25,3473
2022-09-19 11:17:22,61,-18,3896.0,3455
2022-09-19 11:17:23,82,6,3896.25,3461
2022-09-19 11:17:24,4,0,3896.5,3461
2022-09-19 11:17:25,46,9,3896.75,3470
2022-09-19 11:17:26,52,-17,3896.75,3453
2022-09-19 11:17:27,53,14,3896.25,3467
2022-09-19 11:17:28,18,3,3896.25,3470
2022-09-19 11:17:29,79,-1,3896.25,3469
2022-09-19 11:17:30,112,0,3896.75,3469
2022-09-19 11:17:31,8,-5,3896.5,3464
2022-09-19 11:17:32,29,10,3897.0,3474
2022-09-19 11:17:33,39,10,3897.0,3484
2022-09-19 11:17:34,25,14,3897.25,3498
2022-09-19 11:17:35,409,176,3898.5,3674
2022-09-19 11:17:36,62,4,3898.0,3678
2022-09-19 11:17:37,163,58,3898.25,3736
2022-09-19 11:17:38,43,-5,3898.0,3731
2022-09-19 11:17:39,55,10,3898.0,3741
2022-09-19 11:17:40,32,14,3898.25,3755
2022-09-19 11:17:41,86,0,3898.0,3755
2022-09-19 11:17:42,14,2,3897.75,3757
2022-09-19 11:17:43,64,-20,3897.75,3737
2022-09-19 11:17:44,7,1,3897.75,3738
2022-09-19 11:17:45,51,-5,3897.75,3733
2022-09-19 11:17:46,35,7,3898.0,3740
2022-09-19 11:17:47,17,-9,3898.25,3731
2022-09-19 11:17:48,6,-6,3898.0,3725
2022-09-19 11:17:49,41,6,3898.0,3731
2022-09-19 11:17:50,58,-9,3898.0,3722
2022-09-19 11:17:51,2,-2,3898.0,3720
2022-09-19 11:17:52,129,24,3898.5,3744
2022-09-19 11:17:53,24,7,3898.25,3751
2022-09-19 11:17:54,4,1,3898.5,3752
2022-09-19 11:17:55,41,1,3898.5,3753
2022-09-19 11:17:56,144,64,3898.75,3817
2022-09-19 11:17:57,178,-3,3898.75,3814
2022-09-19 11:17:58,6,6,3898.75,3820
2022-09-19 11:17:59,92,34,3899.25,3854
2022-09-19 11:18:00,158,28,3899.25,3882
2022-09-19 11:18:01,98,6,3899.5,3888
2022-09-19 11:18:02,60,-10,3899.25,3878
2022-09-19 11:18:03,77,1,3899.25,3879
2022-09-19 11:18:04,8,8,3899.25,3887
2022-09-19 11:18:05,114,41,3899.5,3928
2022-09-19 11:18:06,62,34,3899.75,3962
2022-09-19 11:18:07,375,187,3900.75,4149
2022-09-19 11:18:08,200,77,3901.25,4226
2022-09-19 11:18:09,317,23,3901.75,4249
2022-09-19 11:18:10,129,13,3901.25,4262
2022-09-19 11:18:11,266,27,3901.5,4289
2022-09-19 11:18:12,88,-16,3901.5,4273
2022-09-19 11:18:13,91,-13,3901.5,4260
2022-09-19 11:18:14,603,208,3902.75,4468
2022-09-19 11:18:15,324,38,3902.5,4506
2022-09-19 11:18:16,363,-73,3902.5,4433
2022-09-19 11:18:17,148,-32,3902.5,4401
2022-09-19 11:18:18,126,9,3901.5,4410
2022-09-19 11:18:19,204,12,3902.25,4422
2022-09-19 11:18:20,89,-5,3902.25,4417
2022-09-19 11:18:21,305,11,3902.25,4428
2022-09-19 11:18:22,123,-4,3902.5,4424
2022-09-19 11:18:23,128,11,3902.25,4435
2022-09-19 11:18:24,54,-5,3902.5,4430
2022-09-19 11:18:25,200,-29,3902.25,4401
2022-09-19 11:18:26,174,-4,3901.75,4397
2022-09-19 11:18:27,125,15,3902.25,4412
2022-09-19 11:18:28,5,-4,3902.0,4408
2022-09-19 11:18:29,82,4,3902.0,4412
2022-09-19 11:18:30,78,-24,3902.25,4388
2022-09-19 11:18:31,113,-33,3902.0,4355
2022-09-19 11:18:32,76,-16,3902.0,4339
2022-09-19 11:18:33,29,-10,3901.5,4329
2022-09-19 11:18:34,56,6,3901.5,4335
2022-09-19 11:18:35,45,-5,3901.5,4330
2022-09-19 11:18:36,15,5,3901.5,4335
2022-09-19 11:18:37,39,-13,3901.5,4322
2022-09-19 11:18:38,123,-21,3901.5,4301
2022-09-19 11:18:39,209,-1,3901.25,4300
2022-09-19 11:18:40,162,-53,3900.75,4247
2022-09-19 11:18:41,155,23,3900.5,4270
2022-09-19 11:18:42,92,-49,3900.25,4221
2022-09-19 11:18:43,263,-3,3900.25,4218
2022-09-19 11:18:44,420,-113,3900.0,4105
2022-09-19 11:18:45,85,-9,3899.25,4096
2022-09-19 11:18:46,88,-7,3899.0,4089
2022-09-19 11:18:47,40,14,3898.75,4103
2022-09-19 11:18:48,64,-12,3898.75,4091
2022-09-19 11:18:49,108,9,3899.0,4100
2022-09-19 11:18:50,33,22,3899.0,4122
2022-09-19 11:18:51,53,-6,3899.25,4116
2022-09-19 11:18:52,57,-6,3899.0,4110
2022-09-19 11:18:53,118,-24,3899.0,4086
2022-09-19 11:18:54,15,-2,3898.75,4084
2022-09-19 11:18:55,42,14,3898.75,4098
2022-09-19 11:18:56,23,-13,3899.0,4085
2022-09-19 11:18:57,3,-1,3898.75,4084
2022-09-19 11:18:58,229,-26,3898.5,4058
2022-09-19 11:18:59,146,-9,3898.5,4049
2022-09-19 11:19:00,202,-48,3898.0,4001
2022-09-19 11:19:01,9,-5,3897.75,3996
2022-09-19 11:19:02,234,15,3898.25,4011
2022-09-19 11:19:03,143,-11,3898.5,4000
2022-09-19 11:19:04,92,48,3898.5,4048
2022-09-19 11:19:05,15,-6,3898.5,4042
2022-09-19 11:19:06,36,-9,3898.5,4033
2022-09-19 11:19:07,2,2,3898.5,4035
2022-09-19 11:19:08,301,-14,3898.25,4021
2022-09-19 11:19:09,253,-23,3898.25,3998
2022-09-19 11:19:10,243,32,3898.25,4030
2022-09-19 11:19:11,113,-37,3898.0,3993
2022-09-19 11:19:12,26,-12,3897.75,3981
2022-09-19 11:19:13,69,-44,3897.75,3937
2022-09-19 11:19:14,69,-8,3897.25,3929
2022-09-19 11:19:15,64,-2,3897.25,3927
2022-09-19 11:19:16,34,3,3897.25,3930
2022-09-19 11:19:17,83,-26,3897.0,3904
2022-09-19 11:19:18,6,-2,3897.0,3902
2022-09-19 11:19:19,49,3,3897.0,3905
2022-09-19 11:19:20,44,13,3897.0,3918
2022-09-19 11:19:21,42,-11,3896.75,3907
2022-09-19 11:19:22,91,-4,3897.0,3903
2022-09-19 11:19:23,20,4,3896.75,3907
2022-09-19 11:19:24,44,4,3896.75,3911
2022-09-19 11:19:25,37,-3,3897.0,3908
2022-09-19 11:19:26,238,-119,3897.0,3789
2022-09-19 11:19:27,97,-1,3896.5,3788
2022-09-19 11:19:28,8,-6,3896.5,3782
2022-09-19 11:19:29,98,3,3896.25,3785
2022-09-19 11:19:30,87,-20,3896.25,3765
2022-09-19 11:19:31,40,-4,3896.25,3761
2022-09-19 11:19:32,40,3,3896.25,3764
2022-09-19 11:19:33,83,0,3896.25,3764
2022-09-19 11:19:34,27,-6,3896.0,3758
2022-09-19 11:19:35,65,1,3896.0,3759
2022-09-19 11:19:36,54,-9,3896.0,3750
2022-09-19 11:19:37,85,-24,3895.75,3726
2022-09-19 11:19:38,49,-12,3895.75,3714
2022-09-19 11:19:39,20,1,3895.75,3715
2022-09-19 11:19:40,26,1,3895.5,3716
2022-09-19 11:19:41,128,21,3896.25,3737
2022-09-19 11:19:42,44,5,3896.25,3742
2022-09-19 11:19:43,71,-7,3896.0,3735
2022-09-19 11:19:44,9,5,3896.0,3740
2022-09-19 11:19:45,39,-7,3896.25,3733
2022-09-19 11:19:46,51,-3,3896.25,3730
2022-09-19 11:19:47,265,43,3896.5,3773
2022-09-19 11:19:48,40,-3,3896.75,3770
2022-09-19 11:19:49,76,0,3896.75,3770
2022-09-19 11:19:50,356,-11,3896.25,3759
2022-09-19 11:19:51,34,-5,3896.5,3754
2022-09-19 11:19:52,1,-1,3896.0,3753
2022-09-19 11:19:53,125,-34,3896.25,3719
2022-09-19 11:19:54,98,0,3896.0,3719
2022-09-19 11:19:55,73,6,3895.75,3725
2022-09-19 11:19:56,2,2,3895.75,3727
2022-09-19 11:19:57,19,3,3895.75,3730
2022-09-19 11:19:58,47,5,3895.75,3735
2022-09-19 11:19:59,49,-16,3895.75,3719
2022-09-19 11:20:00,88,4,3896.0,3723
2022-09-19 11:20:01,126,-33,3895.75,3690
2022-09-19 11:20:02,66,-9,3895.5,3681
2022-09-19 11:20:03,49,13,3895.5,3694
2022-09-19 11:20:04,73,26,3896.25,3720
2022-09-19 11:20:05,8,-7,3896.0,3713
2022-09-19 11:20:06,74,-10,3896.0,3703
2022-09-19 11:20:07,142,35,3896.0,3738
2022-09-19 11:20:08,243,-65,3896.0,3673
2022-09-19 11:20:09,310,-43,3896.0,3630
2022-09-19 11:20:10,102,-31,3895.0,3599
2022-09-19 11:20:11,31,2,3895.25,3601
2022-09-19 11:20:12,56,-10,3895.25,3591
2022-09-19 11:20:13,76,-21,3895.25,3570
2022-09-19 11:20:14,72,5,3895.0,3575
2022-09-19 11:20:15,38,4,3895.0,3579
2022-09-19 11:20:16,38,-25,3894.75,3554
2022-09-19 11:20:17,43,-26,3894.75,3528
2022-09-19 11:20:18,93,4,3894.75,3532
2022-09-19 11:20:19,46,17,3895.0,3549
2022-09-19 11:20:20,5,-3,3894.75,3546
2022-09-19 11:20:21,65,-12,3895.0,3534
2022-09-19 11:20:22,40,-2,3894.75,3532
2022-09-19 11:20:23,38,8,3895.0,3540
2022-09-19 11:20:24,82,31,3895.25,3571
2022-09-19 11:20:25,56,15,3895.25,3586
2022-09-19 11:20:26,36,-4,3895.0,3582
2022-09-19 11:20:27,6,2,3895.0,3584
2022-09-19 11:20:28,16,-10,3895.0,3574
2022-09-19 11:20:29,30,-17,3895.0,3557
2022-09-19 11:20:30,71,0,3895.0,3557
2022-09-19 11:20:31,47,-1,3894.75,3556
2022-09-19 11:20:32,20,-9,3894.75,3547
2022-09-19 11:20:33,12,9,3894.75,3556
2022-09-19 11:20:34,258,56,3895.75,3612
2022-09-19 11:20:35,154,4,3895.5,3616
2022-09-19 11:20:36,104,-66,3894.75,3550
2022-09-19 11:20:37,2,2,3894.25,3552
2022-09-19 11:20:38,255,7,3894.25,3559
2022-09-19 11:20:39,261,-92,3894.0,3467
2022-09-19 11:20:40,93,27,3894.0,3494
2022-09-19 11:20:41,74,-3,3894.0,3491
2022-09-19 11:20:42,6,-4,3893.75,3487
2022-09-19 11:20:43,74,-9,3893.75,3478
2022-09-19 11:20:44,31,-11,3893.5,3467
2022-09-19 11:20:45,75,5,3893.5,3472
2022-09-19 11:20:46,56,-5,3893.25,3467
2022-09-19 11:20:47,88,-19,3893.25,3448
2022-09-19 11:20:48,142,10,3893.5,3458
2022-09-19 11:20:49,56,-15,3893.75,3443
2022-09-19 11:20:50,36,-7,3893.75,3436
2022-09-19 11:20:51,176,-52,3893.75,3384
2022-09-19 11:20:52,3,1,3893.75,3385
2022-09-19 11:20:53,431,36,3893.75,3421
2022-09-19 11:20:54,45,34,3894.0,3455
2022-09-19 11:20:55,58,-17,3894.0,3438
2022-09-19 11:20:56,43,3,3893.75,3441
2022-09-19 11:20:57,2,-2,3893.5,3439
2022-09-19 11:20:58,50,-22,3893.75,3417
2022-09-19 11:20:59,92,7,3893.5,3424
2022-09-19 11:21:00,104,-12,3893.75,3412
2022-09-19 11:21:01,41,13,3893.5,3425
2022-09-19 11:21:02,7,-2,3893.5,3423
2022-09-19 11:21:03,64,-18,3893.25,3405
2022-09-19 11:21:04,59,-3,3893.5,3402
2022-09-19 11:21:05,340,-99,3893.25,3303
2022-09-19 11:21:06,46,-23,3893.0,3280
2022-09-19 11:21:07,260,17,3893.0,3297
2022-09-19 11:21:08,99,-30,3892.75,3267
2022-09-19 11:21:09,95,-3,3892.5,3264
2022-09-19 11:21:10,352,-92,3892.25,3172
2022-09-19 11:21:11,97,-5,3891.75,3167
2022-09-19 11:21:12,60,-8,3891.75,3159
2022-09-19 11:21:13,63,7,3892.0,3166
2022-09-19 11:21:14,52,-25,3891.75,3141
2022-09-19 11:21:15,46,10,3891.75,3151
2022-09-19 11:21:16,136,8,3891.5,3159
2022-09-19 11:21:17,89,8,3891.75,3167
2022-09-19 11:21:18,82,-30,3891.75,3137
2022-09-19 11:21:19,134,-71,3891.5,3066
2022-09-19 11:21:20,133,-2,3891.5,3064
2022-09-19 11:21:21,138,-26,3891.25,3038
2022-09-19 11:21:22,72,29,3891.75,3067
2022-09-19 11:21:23,64,-8,3891.75,3059
2022-09-19 11:21:24,50,5,3891.5,3064
2022-09-19 11:21:25,80,21,3891.5,3085
2022-09-19 11:21:26,91,-1,3891.5,3084
2022-09-19 11:21:27,532,-21,3891.5,3063
2022-09-19 11:21:28,42,-2,3891.25,3061
2022-09-19 11:21:29,100,-20,3891.25,3041
2022-09-19 11:21:30,224,10,3891.5,3051
2022-09-19 11:21:31,96,7,3891.75,3058
2022-09-19 11:21:32,156,66,3891.75,3124
2022-09-19 11:21:33,39,-8,3891.5,3116
2022-09-19 11:21:34,94,-11,3891.5,3105
2022-09-19 11:21:35,44,-19,3891.5,3086
2022-09-19 11:21:36,41,5,3891.5,3091
2022-09-19 11:21:37,137,-16,3891.5,3075
2022-09-19 11:21:38,86,-2,3891.25,3073
2022-09-19 11:21:39,210,-19,3891.0,3054
2022-09-19 11:21:40,99,-8,3891.25,3046
2022-09-19 11:21:41,64,12,3891.5,3058
2022-09-19 11:21:42,7,2,3891.25,3060
2022-09-19 11:21:43,39,0,3891.25,3060
2022-09-19 11:21:44,123,-61,3891.0,2999
2022-09-19 11:21:45,31,15,3891.25,3014
2022-09-19 11:21:46,83,-33,3891.0,2981
2022-09-19 11:21:47,193,58,3891.0,3039
2022-09-19 11:21:48,138,-56,3891.0,2983
2022-09-19 11:21:49,169,43,3891.25,3026
2022-09-19 11:21:50,169,6,3891.5,3032
2022-09-19 11:21:51,62,-1,3891.5,3031
2022-09-19 11:21:52,98,-28,3891.25,3003
2022-09-19 11:21:53,242,-84,3891.25,2919
2022-09-19 11:21:54,254,-63,3891.0,2856
2022-09-19 11:21:55,87,-9,3890.75,2847
2022-09-19 11:21:56,104,-81,3891.0,2766
2022-09-19 11:21:57,7,-2,3890.5,2764
2022-09-19 11:21:58,140,13,3891.0,2777
2022-09-19 11:21:59,99,22,3891.0,2799
2022-09-19 11:22:00,80,-17,3891.0,2782
2022-09-19 11:22:01,93,-23,3891.0,2759
2022-09-19 11:22:02,185,16,3891.25,2775
2022-09-19 11:22:03,213,-58,3891.5,2717
2022-09-19 11:22:04,224,51,3891.5,2768
2022-09-19 11:22:05,44,12,3891.5,2780
2022-09-19 11:22:06,81,-11,3891.75,2769
2022-09-19 11:22:07,29,8,3891.75,2777
2022-09-19 11:22:08,125,13,3891.75,2790
2022-09-19 11:22:09,73,8,3892.0,2798
2022-09-19 11:22:10,125,43,3892.5,2841
2022-09-19 11:22:11,282,55,3892.75,2896
2022-09-19 11:22:12,92,-33,3892.25,2863
2022-09-19 11:22:13,48,13,3892.25,2876
2022-09-19 11:22:14,123,28,3892.25,2904
2022-09-19 11:22:15,16,-9,3892.0,2895
2022-09-19 11:22:16,182,-2,3892.25,2893
2022-09-19 11:22:17,73,-11,3892.25,2882
2022-09-19 11:22:18,24,12,3892.0,2894
2022-09-19 11:22:19,36,6,3892.0,2900
2022-09-19 11:22:20,289,199,3892.75,3099
2022-09-19 11:22:21,105,15,3892.5,3114
2022-09-19 11:22:22,4,2,3892.5,3116
2022-09-19 11:22:23,54,-15,3892.5,3101
2022-09-19 11:22:24,254,-67,3892.25,3034
2022-09-19 11:22:25,68,-6,3892.25,3028
2022-09-19 11:22:26,75,31,3892.5,3059
2022-09-19 11:22:27,159,-76,3892.5,2983
2022-09-19 11:22:28,28,-14,3892.5,2969
2022-09-19 11:22:29,64,15,3892.25,2984
2022-09-19 11:22:30,61,-29,3892.0,2955
2022-09-19 11:22:31,66,-11,3891.5,2944
2022-09-19 11:22:32,28,1,3892.0,2945
2022-09-19 11:22:33,17,-3,3892.0,2942
2022-09-19 11:22:34,30,7,3892.0,2949
2022-09-19 11:22:35,40,10,3892.0,2959
2022-09-19 11:22:36,18,-16,3891.75,2943
2022-09-19 11:22:37,1,1,3891.75,2944
2022-09-19 11:22:38,2,0,3891.75,2944
2022-09-19 11:22:39,73,5,3892.0,2949
2022-09-19 11:22:40,18,5,3892.0,2954
2022-09-19 11:22:41,86,10,3892.25,2964
2022-09-19 11:22:42,17,-6,3892.0,2958
2022-09-19 11:22:43,48,-12,3892.25,2946
2022-09-19 11:22:44,93,4,3891.75,2950
2022-09-19 11:22:45,4,1,3892.0,2951
2022-09-19 11:22:47,33,-8,3892.0,2943
2022-09-19 11:22:48,25,-2,3891.75,2941
2022-09-19 11:22:49,37,0,3892.0,2941
2022-09-19 11:22:50,64,-19,3892.25,2922
2022-09-19 11:22:51,47,-24,3892.25,2898
2022-09-19 11:22:52,36,-6,3892.25,2892
2022-09-19 11:22:53,187,42,3892.25,2934
2022-09-19 11:22:54,104,-30,3892.25,2904
2022-09-19 11:22:55,45,-9,3892.5,2895
2022-09-19 11:22:56,21,6,3892.25,2901
2022-09-19 11:22:57,81,-47,3892.25,2854
2022-09-19 11:22:58,122,42,3892.75,2896
2022-09-19 11:22:59,383,114,3893.75,3010
2022-09-19 11:23:00,65,16,3893.5,3026
2022-09-19 11:23:01,37,-15,3893.0,3011
2022-09-19 11:23:02,80,-56,3892.75,2955
2022-09-19 11:23:03,2,-2,3892.25,2953
2022-09-19 11:23:04,190,24,3892.25,2977
2022-09-19 11:23:05,33,17,3892.0,2994
2022-09-19 11:23:06,64,-15,3892.25,2979
2022-09-19 11:23:07,54,-25,3892.25,2954
2022-09-19 11:23:08,47,-2,3892.0,2952
2022-09-19 11:23:09,28,-18,3892.0,2934
2022-09-19 11:23:10,46,-12,3892.0,2922
2022-09-19 11:23:11,95,-13,3891.75,2909
2022-09-19 11:23:12,141,-87,3891.5,2822
2022-09-19 11:23:13,22,-11,3891.25,2811
2022-09-19 11:23:14,49,3,3891.5,2814
2022-09-19 11:23:15,83,-40,3891.5,2774
2022-09-19 11:23:16,48,3,3891.25,2777
2022-09-19 11:23:17,174,-54,3891.25,2723
2022-09-19 11:23:18,40,5,3891.0,2728
2022-09-19 11:23:19,49,-4,3891.0,2724
2022-09-19 11:23:20,16,7,3891.25,2731
2022-09-19 11:23:21,61,-11,3891.0,2720
2022-09-19 11:23:22,53,6,3891.25,2726
2022-09-19 11:23:23,26,-18,3891.25,2708
2022-09-19 11:23:24,56,2,3891.0,2710
2022-09-19 11:23:25,16,-13,3891.0,2697
2022-09-19 11:23:26,116,-44,3891.0,2653
2022-09-19 11:23:27,48,4,3891.25,2657
2022-09-19 11:23:28,2,0,3891.25,2657
2022-09-19 11:23:29,91,19,3891.25,2676
2022-09-19 11:23:30,39,-27,3891.25,2649
2022-09-19 11:23:31,51,1,3891.25,2650
2022-09-19 11:23:32,9,6,3891.25,2656
2022-09-19 11:23:33,66,2,3891.0,2658
2022-09-19 11:23:34,42,7,3891.25,2665
2022-09-19 11:23:35,56,7,3891.25,2672
2022-09-19 11:23:36,23,-10,3891.25,2662
2022-09-19 11:23:37,38,-4,3891.5,2658
2022-09-19 11:23:38,113,52,3892.25,2710
2022-09-19 11:23:39,206,12,3892.75,2722
2022-09-19 11:23:40,160,24,3893.25,2746
2022-09-19 11:23:41,152,-5,3893.5,2741
2022-09-19 11:23:42,15,-4,3893.0,2737
2022-09-19 11:23:43,48,0,3892.75,2737
2022-09-19 11:23:44,23,-1,3892.5,2736
2022-09-19 11:23:45,45,1,3892.5,2737
2022-09-19 11:23:46,24,5,3892.75,2742
2022-09-19 11:23:47,31,4,3893.0,2746
2022-09-19 11:23:48,44,-4,3893.25,2742
2022-09-19 11:23:49,53,-5,3893.0,2737
2022-09-19 11:23:50,26,-2,3893.0,2735
2022-09-19 11:23:51,41,-8,3892.75,2727
2022-09-19 11:23:52,36,8,3892.5,2735
2022-09-19 11:23:53,108,24,3892.75,2759
2022-09-19 11:23:54,44,18,3892.5,2777
2022-09-19 11:23:55,67,-8,3892.75,2769
2022-09-19 11:23:57,18,1,3892.75,2770
2022-09-19 11:23:58,19,6,3893.0,2776
2022-09-19 11:23:59,55,1,3893.0,2777
2022-09-19 11:24:00,166,9,3893.5,2786
2022-09-19 11:24:01,103,-42,3893.25,2744
2022-09-19 11:24:02,36,1,3893.5,2745
2022-09-19 11:24:03,8,5,3893.5,2750
2022-09-19 11:24:04,90,4,3893.5,2754
2022-09-19 11:24:05,46,1,3893.5,2755
2022-09-19 11:24:06,84,5,3893.75,2760
2022-09-19 11:24:07,39,1,3894.0,2761
2022-09-19 11:24:08,43,-10,3893.5,2751
2022-09-19 11:24:09,134,-22,3893.25,2729
2022-09-19 11:24:10,46,-11,3893.0,2718
2022-09-19 11:24:11,133,-36,3892.75,2682
2022-09-19 11:24:12,42,-7,3892.25,2675
2022-09-19 11:24:13,5,-5,3892.25,2670
2022-09-19 11:24:14,50,-9,3892.25,2661
2022-09-19 11:24:15,318,52,3892.5,2713
2022-09-19 11:24:16,267,-49,3892.75,2664
2022-09-19 11:24:17,93,32,3893.0,2696
2022-09-19 11:24:18,17,12,3892.75,2708
2022-09-19 11:24:19,21,5,3892.75,2713
2022-09-19 11:24:20,55,-13,3892.5,2700
2022-09-19 11:24:21,57,-6,3892.75,2694
2022-09-19 11:24:22,51,8,3893.0,2702
2022-09-19 11:24:23,48,-9,3892.75,2693
2022-09-19 11:24:24,63,-35,3892.75,2658
2022-09-19 11:24:25,148,-52,3892.0,2606
2022-09-19 11:24:26,29,3,3892.0,2609
2022-09-19 11:24:27,29,-17,3892.0,2592
2022-09-19 11:24:28,98,-7,3891.75,2585
2022-09-19 11:24:29,122,-11,3891.25,2574
2022-09-19 11:24:30,59,-2,3891.0,2572
2022-09-19 11:24:31,60,-31,3891.0,2541
2022-09-19 11:24:32,81,-31,3890.75,2510
2022-09-19 11:24:33,60,13,3890.5,2523
2022-09-19 11:24:34,73,14,3891.0,2537
2022-09-19 11:24:35,79,-4,3891.0,2533
2022-09-19 11:24:36,26,-7,3891.0,2526
2022-09-19 11:24:37,579,-54,3891.5,2472
2022-09-19 11:24:38,53,-32,3891.0,2440
2022-09-19 11:24:39,48,2,3890.75,2442
2022-09-19 11:24:40,34,-22,3890.5,2420
2022-09-19 11:24:41,90,-1,3890.5,2419
2022-09-19 11:24:42,17,-5,3890.5,2414
2022-09-19 11:24:43,27,12,3890.75,2426
2022-09-19 11:24:44,37,-1,3891.0,2425
2022-09-19 11:24:45,1,1,3891.0,2426
2022-09-19 11:24:46,30,-15,3891.0,2411
2022-09-19 11:24:47,74,-7,3890.75,2404
2022-09-19 11:24:48,88,16,3891.0,2420
2022-09-19 11:24:49,172,-77,3891.25,2343
2022-09-19 11:24:50,455,-327,3890.75,2016
2022-09-19 11:24:51,153,-31,3890.0,1985
2022-09-19 11:24:52,2042,-398,3889.75,1587
2022-09-19 11:24:53,497,-43,3889.5,1544
2022-09-19 11:24:54,200,-7,3889.5,1537
2022-09-19 11:24:55,133,7,3889.5,1544
2022-09-19 11:24:56,96,8,3889.75,1552
2022-09-19 11:24:57,260,38,3889.75,1590
2022-09-19 11:24:58,200,-26,3889.5,1564
2022-09-19 11:24:59,197,11,3890.0,1575
2022-09-19 11:25:00,168,-19,3889.75,1556
2022-09-19 11:25:01,162,-21,3889.25,1535
2022-09-19 11:25:02,102,-42,3889.5,1493
2022-09-19 11:25:03,131,29,3889.75,1522
2022-09-19 11:25:04,148,39,3889.75,1561
2022-09-19 11:25:05,32,17,3889.75,1578
2022-09-19 11:25:06,66,-21,3889.5,1557
2022-09-19 11:25:07,88,-12,3890.0,1545
2022-09-19 11:25:08,31,-10,3890.0,1535
2022-09-19 11:25:09,2,0,3889.75,1535
2022-09-19 11:25:10,131,-12,3889.75,1523
2022-09-19 11:25:11,58,10,3890.0,1533
2022-09-19 11:25:12,255,-66,3889.5,1467
2022-09-19 11:25:13,251,-63,3889.0,1404
2022-09-19 11:25:14,157,-15,3888.75,1389
2022-09-19 11:25:15,13,2,3889.0,1391
2022-09-19 11:25:16,311,-25,3888.75,1366
2022-09-19 11:25:17,37,16,3888.5,1382
2022-09-19 11:25:18,80,-10,3888.25,1372
2022-09-19 11:25:19,312,-32,3888.25,1340
2022-09-19 11:25:20,27,-19,3888.0,1321
2022-09-19 11:25:21,72,23,3888.5,1344
2022-09-19 11:25:22,71,-12,3888.5,1332
2022-09-19 11:25:23,197,31,3888.5,1363
2022-09-19 11:25:24,70,7,3888.5,1370
2022-09-19 11:25:25,78,-16,3888.5,1354
2022-09-19 11:25:26,80,2,3888.75,1356
2022-09-19 11:25:27,5,-1,3888.75,1355
2022-09-19 11:25:28,98,6,3889.0,1361
2022-09-19 11:25:29,268,79,3890.0,1440
2022-09-19 11:25:30,402,65,3891.0,1505
2022-09-19 11:25:31,326,-106,3890.75,1399
2022-09-19 11:25:32,99,3,3890.25,1402
2022-09-19 11:25:33,79,12,3890.5,1414
2022-09-19 11:25:34,22,-1,3890.5,1413
2022-09-19 11:25:35,114,-21,3890.75,1392
2022-09-19 11:25:36,55,11,3890.75,1403
2022-09-19 11:25:37,85,-8,3890.75,1395
2022-09-19 11:25:38,121,40,3891.0,1435
2022-09-19 11:25:39,82,30,3891.25,1465
2022-09-19 11:25:40,128,4,3891.25,1469
2022-09-19 11:25:41,172,-65,3891.0,1404
2022-09-19 11:25:42,38,11,3890.75,1415
2022-09-19 11:25:43,142,-38,3890.5,1377
2022-09-19 11:25:44,46,-33,3890.25,1344
2022-09-19 11:25:45,75,13,3890.25,1357
2022-09-19 11:25:46,35,9,3890.5,1366
2022-09-19 11:25:47,50,-8,3890.5,1358
2022-09-19 11:25:48,97,-3,3890.25,1355
2022-09-19 11:25:49,54,5,3890.25,1360
2022-09-19 11:25:50,21,-11,3890.25,1349
2022-09-19 11:25:51,50,13,3890.25,1362
2022-09-19 11:25:52,50,14,3890.5,1376
2022-09-19 11:25:53,29,20,3890.5,1396
2022-09-19 11:25:54,10,-3,3890.25,1393
2022-09-19 11:25:55,192,-58,3890.0,1335
2022-09-19 11:25:56,43,-15,3889.0,1320
2022-09-19 11:25:57,14,7,3889.25,1327
2022-09-19 11:25:58,34,-7,3889.25,1320
2022-09-19 11:25:59,70,-13,3889.25,1307
2022-09-19 11:26:00,84,-27,3888.75,1280
2022-09-19 11:26:01,439,-56,3888.5,1224
2022-09-19 11:26:02,101,18,3888.75,1242
2022-09-19 11:26:03,75,-18,3889.0,1224
2022-09-19 11:26:04,34,-7,3888.75,1217
2022-09-19 11:26:05,18,2,3888.5,1219
2022-09-19 11:26:06,150,17,3888.5,1236
2022-09-19 11:26:07,128,-64,3888.25,1172
2022-09-19 11:26:08,70,13,3888.0,1185
2022-09-19 11:26:09,569,-271,3888.0,914
2022-09-19 11:26:10,16,-6,3888.25,908
2022-09-19 11:26:11,59,-2,3888.0,906
2022-09-19 11:26:12,105,-41,3888.0,865
2022-09-19 11:26:13,47,9,3887.5,874
2022-09-19 11:26:14,13,7,3888.0,881
2022-09-19 11:26:15,82,-1,3888.0,880
2022-09-19 11:26:16,131,42,3888.25,922
2022-09-19 11:26:17,131,17,3888.75,939
2022-09-19 11:26:18,108,-3,3888.5,936
2022-09-19 11:26:19,138,2,3888.5,938
2022-09-19 11:26:20,2,0,3888.25,938
2022-09-19 11:26:21,68,-11,3888.25,927
2022-09-19 11:26:22,2,-2,3888.0,925
2022-09-19 11:26:23,5,1,3888.25,926
2022-09-19 11:26:24,93,-30,3888.25,896
2022-09-19 11:26:25,46,-11,3888.0,885
2022-09-19 11:26:26,101,38,3888.0,923
2022-09-19 11:26:27,596,-351,3888.0,572
2022-09-19 11:26:28,41,15,3887.5,587
2022-09-19 11:26:29,13,1,3887.5,588
2022-09-19 11:26:30,86,-28,3887.5,560
2022-09-19 11:26:31,151,-11,3887.25,549
2022-09-19 11:26:32,20,5,3887.0,554
2022-09-19 11:26:33,78,4,3887.0,558
2022-09-19 11:26:34,77,-24,3887.25,534
2022-09-19 11:26:35,130,-3,3886.75,531
2022-09-19 11:26:36,54,15,3887.0,546
2022-09-19 11:26:37,241,-5,3887.5,541
2022-09-19 11:26:38,134,-1,3887.25,540
2022-09-19 11:26:39,40,5,3886.75,545
2022-09-19 11:26:40,21,10,3887.0,555
2022-09-19 11:26:41,80,-18,3886.75,537
2022-09-19 11:26:42,78,-9,3886.75,528
2022-09-19 11:26:43,103,16,3887.0,544
2022-09-19 11:26:44,110,18,3887.25,562
2022-09-19 11:26:45,66,18,3887.25,580
2022-09-19 11:26:46,32,8,3887.25,588
2022-09-19 11:26:47,92,38,3887.5,626
2022-09-19 11:26:48,115,-37,3887.5,589
2022-09-19 11:26:49,277,40,3887.75,629
2022-09-19 11:26:50,55,8,3887.5,637
2022-09-19 11:26:51,23,2,3887.75,639
2022-09-19 11:26:52,62,17,3887.75,656
2022-09-19 11:26:53,2,2,3887.75,658
2022-09-19 11:26:54,8,-2,3887.75,656
2022-09-19 11:26:55,39,16,3887.75,672
2022-09-19 11:26:56,49,-19,3887.75,653
2022-09-19 11:26:57,126,-38,3887.5,615
2022-09-19 11:26:58,10,5,3887.25,620
2022-09-19 11:26:59,81,2,3887.5,622
2022-09-19 11:27:00,342,-6,3887.25,616
2022-09-19 11:27:01,28,17,3887.0,633
2022-09-19 11:27:02,38,-5,3887.25,628
2022-09-19 11:27:03,40,-1,3887.25,627
2022-09-19 11:27:04,45,-11,3887.25,616
2022-09-19 11:27:05,49,22,3887.25,638
2022-09-19 11:27:06,80,-8,3887.25,630
2022-09-19 11:27:07,140,45,3887.5,675
2022-09-19 11:27:08,50,7,3887.25,682
2022-09-19 11:27:09,14,6,3887.5,688
2022-09-19 11:27:10,44,-6,3887.5,682
2022-09-19 11:27:11,77,6,3887.5,688
2022-09-19 11:27:12,110,11,3887.75,699
2022-09-19 11:27:13,6,6,3887.75,705
2022-09-19 11:27:14,65,-17,3887.75,688
2022-09-19 11:27:15,44,-26,3887.5,662
2022-09-19 11:27:16,38,-21,3887.25,641
2022-09-19 11:27:17,84,-16,3887.0,625
2022-09-19 11:27:18,32,-6,3887.0,619
2022-09-19 11:27:19,103,-50,3886.5,569
2022-09-19 11:27:20,212,-50,3886.5,519
2022-09-19 11:27:21,33,9,3886.25,528
2022-09-19 11:27:22,167,34,3887.0,562
2022-09-19 11:27:23,42,-8,3886.75,554
2022-09-19 11:27:24,85,23,3886.5,577
2022-09-19 11:27:25,14,12,3886.5,589
2022-09-19 11:27:26,46,-1,3886.75,588
2022-09-19 11:27:27,43,-15,3886.75,573
2022-09-19 11:27:28,83,2,3887.0,575
2022-09-19 11:27:29,33,4,3886.75,579
2022-09-19 11:27:30,3,-3,3886.5,576
2022-09-19 11:27:31,70,11,3886.75,587
2022-09-19 11:27:32,2,2,3887.0,589
2022-09-19 11:27:33,62,21,3887.0,610
2022-09-19 11:27:34,81,18,3887.25,628
2022-09-19 11:27:35,83,10,3887.25,638
2022-09-19 11:27:36,107,-91,3887.25,547
2022-09-19 11:27:37,19,-11,3886.75,536
2022-09-19 11:27:38,68,-12,3886.5,524
2022-09-19 11:27:39,107,-28,3886.75,496
2022-09-19 11:27:40,103,-9,3886.5,487
2022-09-19 11:27:41,31,-1,3886.25,486
2022-09-19 11:27:42,4,-4,3886.25,482
2022-09-19 11:27:43,34,-14,3886.25,468
2022-09-19 11:27:44,251,-15,3886.25,453
2022-09-19 11:27:45,54,2,3886.0,455
2022-09-19 11:27:46,33,-3,3886.0,452
2022-09-19 11:27:47,83,13,3886.25,465
2022-09-19 11:27:48,10,-6,3886.25,459
2022-09-19 11:27:49,31,-13,3886.25,446
2022-09-19 11:27:50,23,-11,3886.25,435
2022-09-19 11:27:51,79,10,3886.25,445
2022-09-19 11:27:52,49,0,3886.0,445
2022-09-19 11:27:53,3,1,3886.0,446
2022-09-19 11:27:54,204,-11,3886.0,435
2022-09-19 11:27:55,47,3,3886.25,438
2022-09-19 11:27:56,26,6,3886.25,444
2022-09-19 11:27:57,35,-8,3886.25,436
2022-09-19 11:27:58,17,11,3886.25,447
2022-09-19 11:27:59,1,1,3886.25,448
2022-09-19 11:28:00,143,12,3886.25,460
2022-09-19 11:28:01,129,25,3886.5,485
2022-09-19 11:28:02,61,-28,3886.5,457
2022-09-19 11:28:03,31,-12,3886.0,445
2022-09-19 11:28:04,156,-57,3886.0,388
2022-09-19 11:28:05,89,-17,3885.5,371
2022-09-19 11:28:06,66,-6,3885.75,365
2022-09-19 11:28:07,17,-5,3885.75,360
2022-09-19 11:28:08,25,2,3885.5,362
2022-09-19 11:28:09,24,-6,3885.5,356
2022-09-19 11:28:10,36,-25,3885.25,331
2022-09-19 11:28:11,9,2,3885.5,333
2022-09-19 11:28:12,29,-12,3885.25,321
2022-09-19 11:28:13,24,16,3885.5,337
2022-09-19 11:28:14,50,-9,3885.5,328
2022-09-19 11:28:15,13,-11,3885.25,317
2022-09-19 11:28:16,31,5,3885.5,322
2022-09-19 11:28:17,6,3,3885.5,325
2022-09-19 11:28:18,83,-10,3885.5,315
2022-09-19 11:28:19,61,13,3885.5,328
2022-09-19 11:28:20,56,9,3885.75,337
2022-09-19 11:28:21,33,11,3885.75,348
2022-09-19 11:28:22,63,7,3885.75,355
2022-09-19 11:28:23,476,-266,3885.5,89
2022-09-19 11:28:24,72,25,3885.25,114
2022-09-19 11:28:25,138,24,3885.75,138
2022-09-19 11:28:26,37,-3,3886.0,135
2022-09-19 11:28:27,59,2,3885.75,137
2022-09-19 11:28:28,62,35,3886.0,172
2022-09-19 11:28:29,30,-1,3886.0,171
2022-09-19 11:28:30,32,-1,3886.25,170
2022-09-19 11:28:31,121,51,3886.0,221
2022-09-19 11:28:32,137,-31,3886.0,190
2022-09-19 11:28:33,28,-13,3885.75,177
2022-09-19 11:28:34,3,1,3885.75,178
2022-09-19 11:28:35,30,-1,3885.75,177
2022-09-19 11:28:36,5,4,3885.75,181
2022-09-19 11:28:37,74,24,3885.75,205
2022-09-19 11:28:38,54,-18,3885.75,187
2022-09-19 11:28:39,62,11,3885.75,198
2022-09-19 11:28:40,51,3,3885.75,201
2022-09-19 11:28:41,52,0,3885.75,201
2022-09-19 11:28:42,130,16,3886.0,217
2022-09-19 11:28:43,38,-15,3886.0,202
2022-09-19 11:28:44,12,8,3885.75,210
2022-09-19 11:28:45,36,11,3886.0,221
2022-09-19 11:28:46,59,-13,3886.0,208
2022-09-19 11:28:47,59,-4,3885.5,204
2022-09-19 11:28:48,41,11,3885.5,215
2022-09-19 11:28:49,27,5,3885.75,220
2022-09-19 11:28:50,107,-59,3885.25,161
2022-09-19 11:28:51,9,9,3885.5,170
2022-09-19 11:28:52,33,20,3886.0,190
2022-09-19 11:28:53,121,32,3886.0,222
2022-09-19 11:28:54,40,-24,3886.0,198
2022-09-19 11:28:55,83,4,3885.5,202
2022-09-19 11:28:56,50,-2,3885.25,200
2022-09-19 11:28:57,40,-1,3885.5,199
2022-09-19 11:28:58,26,-4,3885.5,195
2022-09-19 11:28:59,56,7,3885.25,202
2022-09-19 11:29:00,91,-50,3885.25,152
2022-09-19 11:29:01,182,16,3885.0,168
2022-09-19 11:29:02,145,6,3884.75,174
2022-09-19 11:29:03,162,-17,3884.75,157
2022-09-19 11:29:04,15,4,3884.75,161
2022-09-19 11:29:05,110,-4,3884.75,157
2022-09-19 11:29:06,140,44,3885.0,201
2022-09-19 11:29:07,39,-3,3885.25,198
2022-09-19 11:29:08,69,17,3885.25,215
2022-09-19 11:29:09,37,-2,3885.25,213
2022-09-19 11:29:10,44,2,3885.0,215
2022-09-19 11:29:11,105,-9,3884.75,206
2022-09-19 11:29:12,2,0,3884.75,206
2022-09-19 11:29:13,4,0,3884.75,206
2022-09-19 11:29:14,59,-7,3884.5,199
2022-09-19 11:29:15,93,-28,3884.25,171
2022-09-19 11:29:16,38,-16,3884.5,155
2022-09-19 11:29:17,63,1,3884.5,156
2022-09-19 11:29:18,104,-18,3884.25,138
2022-09-19 11:29:19,81,-7,3884.0,131
2022-09-19 11:29:20,177,-21,3884.0,110
2022-09-19 11:29:21,79,37,3884.0,147
2022-09-19 11:29:22,111,14,3884.5,161
2022-09-19 11:29:23,102,6,3884.5,167
2022-09-19 11:29:24,189,-83,3884.5,84
2022-09-19 11:29:25,127,26,3884.25,110
2022-09-19 11:29:26,106,-13,3884.5,97
2022-09-19 11:29:27,50,25,3884.5,122
2022-09-19 11:29:28,40,8,3884.5,130
2022-09-19 11:29:29,28,16,3884.5,146
2022-09-19 11:29:30,15,4,3884.5,150
2022-09-19 11:29:31,102,-17,3884.5,133
2022-09-19 11:29:32,12,7,3884.25,140
2022-09-19 11:29:33,1,1,3884.25,141
2022-09-19 11:29:34,84,-17,3884.0,124
2022-09-19 11:29:35,11,1,3884.0,125
2022-09-19 11:29:36,88,0,3884.0,125
2022-09-19 11:29:37,22,12,3884.0,137
2022-09-19 11:29:38,218,119,3884.5,256
2022-09-19 11:29:39,93,14,3884.75,270
2022-09-19 11:29:40,126,15,3884.5,285
2022-09-19 11:29:41,49,19,3884.5,304
2022-09-19 11:29:42,45,-8,3884.75,296
2022-09-19 11:29:43,24,13,3884.5,309
2022-09-19 11:29:44,174,80,3885.0,389
2022-09-19 11:29:45,67,-14,3884.75,375
2022-09-19 11:29:46,127,17,3884.75,392
2022-09-19 11:29:47,2,1,3884.75,393
2022-09-19 11:29:48,36,11,3884.75,404
2022-09-19 11:29:49,43,-18,3884.75,386
2022-09-19 11:29:50,158,-16,3884.75,370
2022-09-19 11:29:51,21,7,3884.75,377
2022-09-19 11:29:52,49,10,3885.0,387
2022-09-19 11:29:53,33,-13,3885.0,374
2022-09-19 11:29:54,20,-7,3885.0,367
2022-09-19 11:29:55,25,-17,3884.75,350
2022-09-19 11:29:56,78,-20,3884.5,330
2022-09-19 11:29:57,209,-3,3884.25,327
2022-09-19 11:29:58,20,-15,3884.0,312
2022-09-19 11:29:59,43,-6,3884.0,306
2022-09-19 11:30:00,225,-14,3883.75,292
2022-09-19 11:30:01,59,-14,3883.75,278
2022-09-19 11:30:02,83,3,3883.75,281
2022-09-19 11:30:03,94,16,3883.75,297
2022-09-19 11:30:04,47,2,3884.0,299
2022-09-19 11:30:05,51,-12,3883.75,287
2022-09-19 11:30:06,257,-151,3883.5,136
2022-09-19 11:30:07,184,28,3883.5,164
2022-09-19 11:30:08,42,-3,3883.5,161
2022-09-19 11:30:09,52,-8,3883.5,153
2022-09-19 11:30:10,16,-7,3883.5,146
2022-09-19 11:30:11,54,23,3883.75,169
2022-09-19 11:30:12,50,-9,3884.0,160
2022-09-19 11:30:13,29,-4,3883.75,156
2022-09-19 11:30:14,144,30,3883.75,186
2022-09-19 11:30:15,13,-9,3883.5,177
2022-09-19 11:30:16,59,1,3883.5,178
2022-09-19 11:30:17,64,8,3883.75,186
2022-09-19 11:30:18,74,17,3883.75,203
2022-09-19 11:30:19,24,2,3884.0,205
2022-09-19 11:30:20,57,8,3884.0,213
2022-09-19 11:30:21,36,-9,3884.0,204
2022-09-19 11:30:22,130,36,3884.0,240
2022-09-19 11:30:23,58,22,3884.25,262
2022-09-19 11:30:24,36,22,3884.5,284
2022-09-19 11:30:25,45,20,3884.5,304
2022-09-19 11:30:26,15,8,3884.5,312
2022-09-19 11:30:27,137,-26,3884.5,286
2022-09-19 11:30:28,148,-25,3884.0,261
2022-09-19 11:30:29,90,-9,3884.0,252
2022-09-19 11:30:30,14,14,3884.0,266
2022-09-19 11:30:31,61,13,3884.0,279
2022-09-19 11:30:32,32,5,3884.25,284
2022-09-19 11:30:33,82,-28,3884.0,256
2022-09-19 11:30:34,5,3,3883.75,259
2022-09-19 11:30:35,227,66,3884.25,325
2022-09-19 11:30:36,3,0,3884.0,325
2022-09-19 11:30:37,110,22,3884.25,347
2022-09-19 11:30:38,83,-7,3884.75,340
2022-09-19 11:30:39,78,-17,3884.25,323
2022-09-19 11:30:40,54,34,3884.0,357
2022-09-19 11:30:41,60,11,3884.0,368
2022-09-19 11:30:42,60,-30,3884.0,338
2022-09-19 11:30:43,62,0,3883.75,338
2022-09-19 11:30:44,210,1,3883.75,339
2022-09-19 11:30:45,42,1,3883.75,340
2022-09-19 11:30:46,12,4,3883.75,344
2022-09-19 11:30:47,62,35,3884.25,379
2022-09-19 11:30:48,81,-5,3884.25,374
2022-09-19 11:30:49,170,10,3884.5,384
2022-09-19 11:30:51,89,33,3884.5,417
2022-09-19 11:30:52,17,0,3884.5,417
2022-09-19 11:30:53,147,-28,3884.5,389
2022-09-19 11:30:54,52,14,3884.25,403
2022-09-19 11:30:55,17,5,3884.25,408
2022-09-19 11:30:56,106,1,3884.0,409
2022-09-19 11:30:57,66,-15,3884.25,394
2022-09-19 11:30:58,98,-22,3884.0,372
2022-09-19 11:30:59,18,7,3884.25,379
2022-09-19 11:31:00,227,-20,3884.25,359
2022-09-19 11:31:01,167,-28,3883.5,331
2022-09-19 11:31:02,38,-28,3883.0,303
2022-09-19 11:31:03,64,0,3883.0,303
2022-09-19 11:31:04,206,-20,3883.0,283
2022-09-19 11:31:05,12,0,3883.0,283
2022-09-19 11:31:06,578,-146,3883.0,137
2022-09-19 11:31:07,201,14,3881.75,151
2022-09-19 11:31:08,382,-68,3881.5,83
2022-09-19 11:31:09,207,25,3881.75,108
2022-09-19 11:31:10,198,-23,3881.5,85
2022-09-19 11:31:11,384,-17,3880.75,68
2022-09-19 11:31:12,300,-55,3881.0,13
2022-09-19 11:31:13,129,-4,3881.0,9
2022-09-19 11:31:14,195,44,3881.0,53
2022-09-19 11:31:15,45,-8,3881.0,45
2022-09-19 11:31:16,88,12,3881.0,57
2022-09-19 11:31:17,76,5,3881.0,62
2022-09-19 11:31:18,135,-17,3880.75,45
2022-09-19 11:31:19,113,4,3881.0,49
2022-09-19 11:31:20,25,1,3880.75,50
2022-09-19 11:31:21,61,12,3880.75,62
2022-09-19 11:31:22,191,15,3881.0,77
2022-09-19 11:31:23,28,-1,3881.0,76
2022-09-19 11:31:24,104,14,3881.0,90
2022-09-19 11:31:25,60,-27,3880.75,63
2022-09-19 11:31:26,120,-39,3880.5,24
2022-09-19 11:31:27,187,20,3880.75,44
2022-09-19 11:31:28,56,-4,3880.75,40
2022-09-19 11:31:29,39,4,3880.75,44
2022-09-19 11:31:30,88,-10,3880.75,34
2022-09-19 11:31:31,86,3,3880.25,37
2022-09-19 11:31:32,94,-8,3880.5,29
2022-09-19 11:31:33,68,-10,3880.25,19
2022-09-19 11:31:34,241,-98,3880.25,-79
2022-09-19 11:31:35,131,-38,3879.5,-117
2022-09-19 11:31:36,88,-18,3879.75,-135
2022-09-19 11:31:37,96,-1,3879.75,-136
2022-09-19 11:31:38,58,-7,3879.5,-143
2022-09-19 11:31:39,81,-12,3879.5,-155
2022-09-19 11:31:40,109,2,3879.25,-153
2022-09-19 11:31:41,58,5,3879.25,-148
2022-09-19 11:31:42,53,8,3879.5,-140
2022-09-19 11:31:43,70,19,3879.5,-121
2022-09-19 11:31:44,72,7,3879.5,-114
2022-09-19 11:31:45,36,2,3879.25,-112
2022-09-19 11:31:46,281,49,3879.75,-63
2022-09-19 11:31:47,154,-16,3879.75,-79
2022-09-19 11:31:48,34,6,3879.75,-73
2022-09-19 11:31:49,159,8,3879.25,-65
2022-09-19 11:31:50,16,-10,3879.25,-75
2022-09-19 11:31:51,112,11,3879.5,-64
2022-09-19 11:31:52,29,4,3879.25,-60
2022-09-19 11:31:53,149,37,3880.0,-23
2022-09-19 11:31:54,82,19,3880.25,-4
2022-09-19 11:31:55,160,36,3880.5,32
2022-09-19 11:31:56,25,5,3880.75,37
2022-09-19 11:31:57,160,9,3880.75,46
2022-09-19 11:31:58,77,7,3880.5,53
2022-09-19 11:31:59,200,-42,3880.5,11
2022-09-19 11:32:00,189,-37,3879.75,-26
2022-09-19 11:32:01,82,3,3879.5,-23
2022-09-19 11:32:02,77,-2,3879.5,-25
2022-09-19 11:32:03,69,29,3879.5,4
2022-09-19 11:32:04,46,4,3879.75,8
2022-09-19 11:32:05,53,22,3880.5,30
2022-09-19 11:32:06,79,2,3880.5,32
2022-09-19 11:32:07,40,-6,3880.25,26
2022-09-19 11:32:08,152,39,3881.0,65
2022-09-19 11:32:09,61,1,3881.0,66
2022-09-19 11:32:10,111,-3,3881.0,63
2022-09-19 11:32:11,272,36,3881.5,99
2022-09-19 11:32:12,107,42,3881.75,141
2022-09-19 11:32:13,142,12,3882.0,153
2022-09-19 11:32:14,14,7,3881.75,160
2022-09-19 11:32:15,119,-11,3881.75,149
2022-09-19 11:32:16,158,-10,3881.25,139
2022-09-19 11:32:17,44,12,3881.0,151
2022-09-19 11:32:18,89,-12,3881.25,139
2022-09-19 11:32:19,33,5,3881.5,144
2022-09-19 11:32:20,26,13,3881.75,157
2022-09-19 11:32:21,148,-19,3881.75,138
2022-09-19 11:32:22,98,9,3881.25,147
2022-09-19 11:32:23,87,4,3881.75,151
2022-09-19 11:32:24,1,1,3881.75,152
2022-09-19 11:32:25,297,39,3882.0,191
2022-09-19 11:32:26,125,25,3882.5,216
2022-09-19 11:32:27,107,-30,3882.0,186
2022-09-19 11:32:28,37,-2,3882.0,184
2022-09-19 11:32:29,44,-8,3881.75,176
2022-09-19 11:32:30,49,10,3882.0,186
2022-09-19 11:32:31,160,10,3882.25,196
2022-09-19 11:32:32,53,15,3882.25,211
2022-09-19 11:32:33,49,-13,3882.0,198
2022-09-19 11:32:34,56,1,3882.25,199
2022-09-19 11:32:35,47,-4,3882.25,195
2022-09-19 11:32:36,46,-12,3882.25,183
2022-09-19 11:32:37,76,-32,3882.0,151
2022-09-19 11:32:38,67,-2,3881.5,149
2022-09-19 11:32:39,26,-22,3881.5,127
2022-09-19 11:32:40,85,-7,3881.25,120
2022-09-19 11:32:41,97,-76,3881.0,44
2022-09-19 11:32:42,10,-1,3881.0,43
2022-09-19 11:32:43,1,-1,3880.75,42
2022-09-19 11:32:44,52,29,3881.0,71
2022-09-19 11:32:45,130,5,3881.25,76
2022-09-19 11:32:46,18,-5,3881.25,71
2022-09-19 11:32:47,18,13,3881.25,84
2022-09-19 11:32:48,85,-4,3881.5,80
2022-09-19 11:32:49,104,-7,3881.5,73
2022-09-19 11:32:50,53,-2,3881.5,71
2022-09-19 11:32:52,60,-6,3881.25,65
2022-09-19 11:32:53,36,-21,3881.0,44
2022-09-19 11:32:54,285,-32,3880.75,12
2022-09-19 11:32:55,46,11,3881.0,23
2022-09-19 11:32:56,329,75,3881.5,98
2022-09-19 11:32:57,178,22,3881.5,120
2022-09-19 11:32:58,8,4,3881.75,124
2022-09-19 11:32:59,49,-7,3881.5,117
2022-09-19 11:33:00,46,2,3881.75,119
2022-09-19 11:33:01,72,-16,3881.5,103
2022-09-19 11:33:02,144,23,3881.5,126
2022-09-19 11:33:03,93,17,3881.75,143
2022-09-19 11:33:04,42,-9,3882.0,134
2022-09-19 11:33:05,6,6,3882.0,140
2022-09-19 11:33:06,82,34,3882.25,174
2022-09-19 11:33:07,247,50,3883.0,224
2022-09-19 11:33:08,113,-14,3882.75,210
2022-09-19 11:33:09,153,-20,3882.75,190
2022-09-19 11:33:10,70,14,3882.75,204
2022-09-19 11:33:11,87,-10,3882.75,194
2022-09-19 11:33:12,184,-36,3882.25,158
2022-09-19 11:33:13,95,1,3882.0,159
2022-09-19 11:33:14,49,11,3882.5,170
2022-09-19 11:33:15,9,-9,3882.25,161
2022-09-19 11:33:16,103,-35,3882.25,126
2022-09-19 11:33:17,16,-2,3882.25,124
2022-09-19 11:33:18,115,-34,3882.25,90
2022-09-19 11:33:19,53,8,3881.75,98
2022-09-19 11:33:20,24,-7,3882.0,91
2022-09-19 11:33:21,47,2,3882.0,93
2022-09-19 11:33:22,13,-8,3882.0,85
2022-09-19 11:33:23,55,-3,3882.0,82
2022-09-19 11:33:24,101,-12,3882.0,70
2022-09-19 11:33:25,3,2,3881.75,72
2022-09-19 11:33:26,95,3,3882.0,75
2022-09-19 11:33:27,42,-5,3882.25,70
2022-09-19 11:33:28,127,9,3882.5,79
2022-09-19 11:33:29,66,-13,3882.5,66
2022-09-19 11:33:30,150,-8,3882.25,58
2022-09-19 11:33:31,50,14,3882.25,72
2022-09-19 11:33:32,39,9,3882.5,81
2022-09-19 11:33:33,4,0,3882.75,81
2022-09-19 11:33:34,109,18,3882.75,99
2022-09-19 11:33:35,54,-8,3882.75,91
2022-09-19 11:33:36,4,4,3882.75,95
2022-09-19 11:33:37,85,1,3883.0,96
2022-09-19 11:33:38,36,6,3882.75,102
2022-09-19 11:33:39,236,19,3883.25,121
2022-09-19 11:33:40,50,-4,3883.25,117
2022-09-19 11:33:41,92,24,3883.25,141
2022-09-19 11:33:42,43,23,3883.5,164
2022-09-19 11:33:43,357,67,3884.0,231
2022-09-19 11:33:44,107,-21,3883.75,210
2022-09-19 11:33:45,138,-22,3883.5,188
2022-09-19 11:33:46,35,6,3883.5,194
2022-09-19 11:33:47,142,12,3883.5,206
2022-09-19 11:33:48,34,-4,3883.0,202
2022-09-19 11:33:49,53,-1,3883.0,201
2022-09-19 11:33:50,42,4,3883.0,205
2022-09-19 11:33:51,44,1,3883.25,206
2022-09-19 11:33:52,163,-56,3883.0,150
2022-09-19 11:33:53,53,-3,3882.5,147
2022-09-19 11:33:54,205,-12,3882.5,135
2022-09-19 11:33:55,15,-11,3882.25,124
2022-09-19 11:33:56,120,2,3882.25,126
2022-09-19 11:33:57,26,-5,3882.0,121
2022-09-19 11:33:58,58,10,3882.0,131
2022-09-19 11:33:59,89,18,3882.0,149
2022-09-19 11:34:00,93,-12,3882.5,137
2022-09-19 11:34:01,104,-9,3882.0,128
2022-09-19 11:34:02,54,12,3882.0,140
2022-09-19 11:34:03,2,-2,3882.0,138
2022-09-19 11:34:04,119,-36,3882.25,102
2022-09-19 11:34:05,14,5,3882.0,107
2022-09-19 11:34:06,9,-5,3882.0,102
2022-09-19 11:34:07,83,-27,3882.0,75
2022-09-19 11:34:08,38,10,3881.75,85
2022-09-19 11:34:09,16,-14,3881.75,71
2022-09-19 11:34:11,111,7,3881.75,78
2022-09-19 11:34:12,1,-1,3881.75,77
2022-09-19 11:34:13,57,4,3882.0,81
2022-09-19 11:34:14,70,-7,3881.75,74
2022-09-19 11:34:15,71,13,3882.25,87
2022-09-19 11:34:16,1,-1,3882.0,86
2022-09-19 11:34:17,2,-1,3882.0,85
2022-09-19 11:34:18,211,28,3882.25,113
2022-09-19 11:34:19,5,1,3882.25,114
2022-09-19 11:34:20,244,108,3882.75,222
2022-09-19 11:34:21,6,-4,3882.5,218
2022-09-19 11:34:22,36,-10,3882.25,208
2022-09-19 11:34:23,82,-37,3882.5,171
2022-09-19 11:34:24,14,4,3882.0,175
2022-09-19 11:34:25,43,8,3882.25,183
2022-09-19 11:34:26,100,0,3882.75,183
2022-09-19 11:34:27,26,-10,3882.75,173
2022-09-19 11:34:28,43,3,3882.5,176
2022-09-19 11:34:29,8,-1,3882.5,175
2022-09-19 11:34:30,28,9,3882.75,184
2022-09-19 11:34:31,67,11,3882.75,195
2022-09-19 11:34:32,70,-17,3882.75,178
2022-09-19 11:34:33,20,0,3882.75,178
2022-09-19 11:34:34,92,-4,3882.75,174
2022-09-19 11:34:35,10,-8,3882.5,166
2022-09-19 11:34:36,23,21,3882.75,187
2022-09-19 11:34:37,28,-6,3882.75,181
2022-09-19 11:34:38,472,-168,3882.5,13
2022-09-19 11:34:39,69,2,3882.0,15
2022-09-19 11:34:40,6,0,3882.0,15
2022-09-19 11:34:41,2,2,3882.0,17
2022-09-19 11:34:42,164,-6,3882.0,11
2022-09-19 11:34:43,130,23,3882.5,34
2022-09-19 11:34:44,7,0,3882.25,34
2022-09-19 11:34:45,51,2,3882.25,36
2022-09-19 11:34:46,82,-12,3882.25,24
2022-09-19 11:34:47,57,-11,3882.25,13
2022-09-19 11:34:48,41,-29,3882.0,-16
2022-09-19 11:34:49,24,-8,3882.0,-24
2022-09-19 11:34:50,42,15,3881.75,-9
2022-09-19 11:34:51,89,42,3882.0,33
2022-09-19 11:34:52,58,0,3881.75,33
2022-09-19 11:34:53,20,-10,3881.75,23
2022-09-19 11:34:54,128,-31,3881.5,-8
2022-09-19 11:34:55,59,2,3881.75,-6
2022-09-19 11:34:56,6,-2,3881.75,-8
2022-09-19 11:34:57,234,-89,3881.5,-97
2022-09-19 11:34:58,77,10,3881.0,-87
2022-09-19 11:34:59,133,9,3881.25,-78
2022-09-19 11:35:00,62,-9,3881.25,-87
2022-09-19 11:35:01,99,14,3881.0,-73
2022-09-19 11:35:02,100,6,3881.0,-67
2022-09-19 11:35:03,44,3,3881.25,-64
2022-09-19 11:35:04,126,30,3880.75,-34
2022-09-19 11:35:05,114,5,3881.25,-29
2022-09-19 11:35:06,11,-1,3880.75,-30
2022-09-19 11:35:07,3,-1,3880.75,-31
2022-09-19 11:35:08,36,-5,3880.5,-36
2022-09-19 11:35:09,75,-42,3880.25,-78
2022-09-19 11:35:10,158,10,3880.5,-68
2022-09-19 11:35:11,51,5,3880.25,-63
2022-09-19 11:35:12,12,-5,3880.5,-68
2022-09-19 11:35:13,74,-3,3880.25,-71
2022-09-19 11:35:14,114,-28,3880.25,-99
2022-09-19 11:35:15,62,-21,3880.0,-120
2022-09-19 11:35:16,54,-11,3879.75,-131
2022-09-19 11:35:17,204,-23,3879.75,-154
2022-09-19 11:35:18,74,-8,3879.75,-162
2022-09-19 11:35:19,109,14,3879.75,-148
2022-09-19 11:35:20,12,2,3879.75,-146
2022-09-19 11:35:21,71,32,3879.75,-114
2022-09-19 11:35:22,82,5,3879.75,-109
2022-09-19 11:35:23,83,-10,3879.75,-119
2022-09-19 11:35:24,48,5,3879.5,-114
2022-09-19 11:35:25,132,23,3879.75,-91
2022-09-19 11:35:26,60,-6,3879.75,-97
2022-09-19 11:35:27,54,3,3879.75,-94
2022-09-19 11:35:28,84,-12,3879.75,-106
2022-09-19 11:35:29,59,0,3879.5,-106
2022-09-19 11:35:30,53,-10,3879.5,-116
2022-09-19 11:35:31,4,4,3879.25,-112
2022-09-19 11:35:32,251,-82,3879.0,-194
2022-09-19 11:35:33,471,-285,3878.75,-479
2022-09-19 11:35:34,219,-38,3878.5,-517
2022-09-19 11:35:35,63,-30,3878.5,-547
2022-09-19 11:35:36,143,-2,3878.5,-549
2022-09-19 11:35:37,66,-15,3878.25,-564
2022-09-19 11:35:38,122,11,3878.25,-553
2022-09-19 11:35:39,30,-12,3878.5,-565
2022-09-19 11:35:40,351,-45,3878.5,-610
2022-09-19 11:35:41,241,-44,3878.0,-654
2022-09-19 11:35:42,55,19,3878.75,-635
2022-09-19 11:35:43,20,-10,3878.75,-645
2022-09-19 11:35:44,43,-21,3878.25,-666
2022-09-19 11:35:45,155,-10,3879.0,-676
2022-09-19 11:35:46,96,-38,3879.0,-714
2022-09-19 11:35:47,80,-13,3879.0,-727
2022-09-19 11:35:48,130,26,3879.5,-701
2022-09-19 11:35:49,83,3,3879.5,-698
2022-09-19 11:35:50,86,-26,3879.0,-724
2022-09-19 11:35:51,71,3,3878.75,-721
2022-09-19 11:35:52,44,7,3878.75,-714
2022-09-19 11:35:53,22,-5,3878.75,-719
2022-09-19 11:35:54,28,20,3878.75,-699
2022-09-19 11:35:55,54,-6,3878.75,-705
2022-09-19 11:35:56,67,5,3878.75,-700
2022-09-19 11:35:57,14,7,3879.0,-693
2022-09-19 11:35:58,44,6,3878.75,-687
2022-09-19 11:35:59,71,1,3878.75,-686
2022-09-19 11:36:00,135,-63,3878.5,-749
2022-09-19 11:36:01,105,-1,3878.0,-750
2022-09-19 11:36:02,108,-24,3878.0,-774
2022-09-19 11:36:03,43,-9,3877.75,-783
2022-09-19 11:36:04,111,-9,3878.0,-792
2022-09-19 11:36:05,95,7,3878.25,-785
2022-09-19 11:36:06,35,10,3878.25,-775
2022-09-19 11:36:07,155,27,3878.5,-748
2022-09-19 11:36:08,146,42,3878.75,-706
2022-09-19 11:36:09,74,12,3879.0,-694
2022-09-19 11:36:10,86,-29,3878.75,-723
2022-09-19 11:36:11,146,-14,3878.75,-737
2022-09-19 11:36:12,62,11,3878.75,-726
2022-09-19 11:36:13,26,-6,3878.5,-732
2022-09-19 11:36:14,89,3,3878.75,-729
2022-09-19 11:36:15,333,77,3879.25,-652
2022-09-19 11:36:16,205,-107,3879.5,-759
2022-09-19 11:36:17,129,36,3879.5,-723
2022-09-19 11:36:18,15,-5,3879.5,-728
2022-09-19 11:36:19,40,3,3879.5,-725
2022-09-19 11:36:20,131,106,3879.75,-619
2022-09-19 11:36:21,75,15,3880.0,-604
2022-09-19 11:36:22,69,-7,3879.75,-611
2022-09-19 11:36:23,79,32,3879.75,-579
2022-09-19 11:36:24,12,-4,3879.25,-583
2022-09-19 11:36:25,30,6,3879.25,-577
2022-09-19 11:36:26,134,14,3879.25,-563
2022-09-19 11:36:27,69,9,3878.75,-554
2022-09-19 11:36:28,31,5,3878.75,-549
2022-09-19 11:36:29,20,2,3878.75,-547
2022-09-19 11:36:30,263,-81,3878.75,-628
2022-09-19 11:36:31,21,9,3878.75,-619
2022-09-19 11:36:32,24,-3,3878.75,-622
2022-09-19 11:36:33,59,-18,3878.75,-640
2022-09-19 11:36:34,89,6,3878.5,-634
2022-09-19 11:36:35,30,16,3878.25,-618
2022-09-19 11:36:36,48,-9,3878.25,-627
2022-09-19 11:36:37,32,9,3878.25,-618
2022-09-19 11:36:38,10,4,3878.25,-614
2022-09-19 11:36:39,10,-6,3878.25,-620
2022-09-19 11:36:41,44,18,3878.25,-602
2022-09-19 11:36:42,73,3,3878.25,-599
2022-09-19 11:36:43,22,3,3878.25,-596
2022-09-19 11:36:44,26,5,3878.25,-591
2022-09-19 11:36:45,46,7,3878.5,-584
2022-09-19 11:36:46,7,5,3878.75,-579
2022-09-19 11:36:47,31,1,3878.75,-578
2022-09-19 11:36:48,185,-44,3878.5,-622
2022-09-19 11:36:49,227,-97,3877.75,-719
2022-09-19 11:36:50,173,-41,3877.5,-760
2022-09-19 11:36:51,509,-228,3877.25,-988
2022-09-19 11:36:52,266,-64,3876.75,-1052
2022-09-19 11:36:53,161,19,3877.0,-1033
2022-09-19 11:36:54,72,-24,3876.75,-1057
2022-09-19 11:36:55,127,47,3876.75,-1010
2022-09-19 11:36:56,133,43,3877.5,-967
2022-09-19 11:36:57,38,11,3877.25,-956
2022-09-19 11:36:58,41,-5,3877.25,-961
2022-09-19 11:36:59,168,18,3877.75,-943
2022-09-19 11:37:00,77,-25,3877.75,-968
2022-09-19 11:37:01,84,40,3878.25,-928
2022-09-19 11:37:02,464,56,3878.5,-872
2022-09-19 11:37:03,27,14,3878.25,-858
2022-09-19 11:37:04,56,-10,3878.25,-868
2022-09-19 11:37:05,62,4,3878.0,-864
2022-09-19 11:37:06,89,11,3878.0,-853
2022-09-19 11:37:07,116,7,3878.25,-846
2022-09-19 11:37:08,89,-30,3877.75,-876
2022-09-19 11:37:09,34,-8,3877.5,-884
2022-09-19 11:37:10,49,-30,3877.25,-914
2022-09-19 11:37:11,32,-14,3877.0,-928
2022-09-19 11:37:12,18,-10,3877.0,-938
2022-09-19 11:37:13,462,-109,3876.5,-1047
2022-09-19 11:37:14,329,-13,3876.0,-1060
2022-09-19 11:37:15,67,10,3876.0,-1050
2022-09-19 11:37:16,108,-5,3876.0,-1055
2022-09-19 11:37:17,129,-23,3876.0,-1078
2022-09-19 11:37:18,87,16,3876.0,-1062
2022-09-19 11:37:19,50,2,3876.0,-1060
2022-09-19 11:37:20,65,18,3876.25,-1042
2022-09-19 11:37:21,107,-15,3876.25,-1057
2022-09-19 11:37:22,64,9,3876.25,-1048
2022-09-19 11:37:23,51,-7,3876.25,-1055
2022-09-19 11:37:24,58,-15,3876.0,-1070
2022-09-19 11:37:25,249,4,3876.25,-1066
2022-09-19 11:37:26,147,-33,3876.5,-1099
2022-09-19 11:37:27,68,26,3876.25,-1073
2022-09-19 11:37:28,25,-1,3876.0,-1074
2022-09-19 11:37:29,42,-17,3876.0,-1091
2022-09-19 11:37:30,68,27,3876.5,-1064
2022-09-19 11:37:31,94,13,3876.5,-1051
2022-09-19 11:37:32,111,-6,3876.5,-1057
2022-09-19 11:37:33,468,27,3876.0,-1030
2022-09-19 11:37:34,187,-2,3876.0,-1032
2022-09-19 11:37:35,90,9,3876.0,-1023
2022-09-19 11:37:36,20,-9,3876.0,-1032
2022-09-19 11:37:37,113,-10,3875.75,-1042
2022-09-19 11:37:38,99,-3,3875.75,-1045
2022-09-19 11:37:39,14,2,3876.0,-1043
2022-09-19 11:37:40,40,-14,3875.5,-1057
2022-09-19 11:37:41,9,5,3875.5,-1052
2022-09-19 11:37:42,869,-380,3875.5,-1432
2022-09-19 11:37:43,112,-16,3875.0,-1448
2022-09-19 11:37:44,258,13,3875.0,-1435
2022-09-19 11:37:45,179,6,3875.0,-1429
2022-09-19 11:37:46,205,14,3875.0,-1415
2022-09-19 11:37:47,26,13,3874.75,-1402
2022-09-19 11:37:48,36,3,3874.75,-1399
2022-09-19 11:37:49,92,10,3875.0,-1389
2022-09-19 11:37:50,96,49,3875.0,-1340
2022-09-19 11:37:51,96,10,3875.5,-1330
2022-09-19 11:37:52,74,7,3875.5,-1323
2022-09-19 11:37:53,73,-2,3875.5,-1325
2022-09-19 11:37:54,46,3,3875.25,-1322
2022-09-19 11:37:55,10,5,3875.25,-1317
2022-09-19 11:37:56,51,-24,3875.25,-1341
2022-09-19 11:37:57,107,15,3875.25,-1326
2022-09-19 11:37:58,79,22,3875.5,-1304
2022-09-19 11:37:59,45,-19,3875.5,-1323
2022-09-19 11:38:00,65,17,3875.25,-1306
2022-09-19 11:38:01,142,-71,3875.25,-1377
2022-09-19 11:38:02,498,-133,3874.5,-1510
2022-09-19 11:38:03,64,14,3874.5,-1496
2022-09-19 11:38:04,160,14,3874.5,-1482
2022-09-19 11:38:05,30,-7,3874.25,-1489
2022-09-19 11:38:06,134,-2,3874.5,-1491
2022-09-19 11:38:07,115,-14,3874.25,-1505
2022-09-19 11:38:08,65,25,3874.25,-1480
2022-09-19 11:38:09,61,-9,3874.5,-1489
2022-09-19 11:38:10,85,36,3874.75,-1453
2022-09-19 11:38:11,39,13,3874.75,-1440
2022-09-19 11:38:12,183,8,3875.25,-1432
2022-09-19 11:38:13,69,-6,3875.25,-1438
2022-09-19 11:38:14,252,15,3875.5,-1423
2022-09-19 11:38:15,79,14,3875.25,-1409
2022-09-19 11:38:16,24,-12,3875.25,-1421
2022-09-19 11:38:17,69,13,3875.5,-1408
2022-09-19 11:38:18,69,-5,3875.75,-1413
2022-09-19 11:38:19,70,-25,3875.5,-1438
2022-09-19 11:38:20,270,-49,3875.5,-1487
2022-09-19 11:38:21,115,20,3875.5,-1467
2022-09-19 11:38:22,51,5,3875.5,-1462
2022-09-19 11:38:23,44,23,3875.5,-1439
2022-09-19 11:38:24,58,-4,3875.75,-1443
2022-09-19 11:38:25,155,-2,3875.75,-1445
2022-09-19 11:38:26,45,1,3875.75,-1444
2022-09-19 11:38:27,49,0,3875.5,-1444
2022-09-19 11:38:28,392,22,3875.75,-1422
2022-09-19 11:38:29,95,-14,3875.75,-1436
2022-09-19 11:38:30,57,12,3875.5,-1424
2022-09-19 11:38:31,113,4,3875.5,-1420
2022-09-19 11:38:32,59,-6,3875.75,-1426
2022-09-19 11:38:33,66,-12,3875.5,-1438
2022-09-19 11:38:34,87,14,3875.5,-1424
2022-09-19 11:38:35,129,0,3875.25,-1424
2022-09-19 11:38:36,42,-6,3875.25,-1430
2022-09-19 11:38:37,47,5,3875.5,-1425
2022-09-19 11:38:38,20,0,3875.25,-1425
2022-09-19 11:38:39,154,14,3875.75,-1411
2022-09-19 11:38:40,26,3,3875.75,-1408
2022-09-19 11:38:41,240,70,3876.5,-1338
2022-09-19 11:38:42,700,157,3877.75,-1181
2022-09-19 11:38:43,114,3,3877.5,-1178
2022-09-19 11:38:44,39,24,3877.5,-1154
2022-09-19 11:38:45,143,-25,3877.75,-1179
2022-09-19 11:38:46,94,8,3877.5,-1171
2022-09-19 11:38:47,106,-12,3877.5,-1183
2022-09-19 11:38:48,120,38,3877.25,-1145
2022-09-19 11:38:49,108,-20,3877.25,-1165
2022-09-19 11:38:50,48,1,3876.75,-1164
2022-09-19 11:38:51,67,7,3876.75,-1157
2022-09-19 11:38:52,66,-5,3876.5,-1162
2022-09-19 11:38:53,26,7,3877.0,-1155
2022-09-19 11:38:54,139,29,3877.5,-1126
2022-09-19 11:38:55,144,-36,3877.75,-1162
2022-09-19 11:38:56,132,-29,3877.5,-1191
2022-09-19 11:38:57,57,-15,3877.5,-1206
2022-09-19 11:38:58,49,11,3877.0,-1195
2022-09-19 11:38:59,103,18,3877.25,-1177
2022-09-19 11:39:00,30,2,3877.25,-1175
2022-09-19 11:39:01,53,4,3877.0,-1171
2022-09-19 11:39:02,16,-10,3877.25,-1181
2022-09-19 11:39:03,38,5,3877.0,-1176
2022-09-19 11:39:04,3,-1,3877.0,-1177
2022-09-19 11:39:05,54,0,3877.5,-1177
2022-09-19 11:39:06,2,2,3877.25,-1175
2022-09-19 11:39:07,42,5,3877.25,-1170
2022-09-19 11:39:08,85,8,3877.5,-1162
2022-09-19 11:39:09,38,15,3877.75,-1147
2022-09-19 11:39:10,69,11,3877.75,-1136
2022-09-19 11:39:11,146,-6,3877.75,-1142
2022-09-19 11:39:12,27,-3,3877.5,-1145
2022-09-19 11:39:13,69,6,3877.75,-1139
2022-09-19 11:39:14,86,15,3877.75,-1124
2022-09-19 11:39:15,97,15,3878.0,-1109
2022-09-19 11:39:16,41,-1,3878.0,-1110
2022-09-19 11:39:17,13,4,3878.0,-1106
2022-09-19 11:39:18,28,9,3878.0,-1097
2022-09-19 11:39:19,153,31,3878.0,-1066
2022-09-19 11:39:20,117,17,3878.5,-1049
2022-09-19 11:39:21,113,-30,3878.5,-1079
2022-09-19 11:39:22,53,7,3877.75,-1072
2022-09-19 11:39:23,65,14,3877.75,-1058
2022-09-19 11:39:24,92,13,3878.0,-1045
2022-09-19 11:39:25,42,8,3878.25,-1037
2022-09-19 11:39:26,71,-11,3878.25,-1048
2022-09-19 11:39:27,40,3,3878.0,-1045
2022-09-19 11:39:28,2,-2,3877.75,-1047
2022-09-19 11:39:29,66,-17,3878.0,-1064
2022-09-19 11:39:30,170,25,3878.0,-1039
2022-09-19 11:39:31,95,-13,3878.0,-1052
2022-09-19 11:39:32,10,3,3878.0,-1049
2022-09-19 11:39:33,161,-25,3877.75,-1074
2022-09-19 11:39:34,18,-11,3877.5,-1085
2022-09-19 11:39:35,81,3,3877.5,-1082
2022-09-19 11:39:36,51,3,3877.5,-1079
2022-09-19 11:39:37,94,3,3877.5,-1076
2022-09-19 11:39:38,18,-5,3877.25,-1081
2022-09-19 11:39:39,77,6,3877.75,-1075
2022-09-19 11:39:40,11,-1,3877.75,-1076
2022-09-19 11:39:41,11,-5,3877.75,-1081
2022-09-19 11:39:42,61,18,3877.5,-1063
2022-09-19 11:39:43,43,7,3877.5,-1056
2022-09-19 11:39:44,17,-1,3877.75,-1057
2022-09-19 11:39:45,49,-8,3877.75,-1065
2022-09-19 11:39:46,63,2,3877.5,-1063
2022-09-19 11:39:47,46,2,3877.5,-1061
2022-09-19 11:39:48,7,-7,3877.25,-1068
2022-09-19 11:39:49,51,-35,3877.0,-1103
2022-09-19 11:39:50,49,10,3877.0,-1093
2022-09-19 11:39:51,99,-60,3877.0,-1153
2022-09-19 11:39:52,70,-3,3876.75,-1156
2022-09-19 11:39:53,92,-7,3876.5,-1163
2022-09-19 11:39:54,65,-14,3876.5,-1177
2022-09-19 11:39:55,21,3,3876.5,-1174
2022-09-19 11:39:56,18,-13,3876.25,-1187
2022-09-19 11:39:57,57,0,3876.25,-1187
2022-09-19 11:39:58,96,-23,3876.25,-1210
2022-09-19 11:39:59,73,-19,3876.0,-1229
2022-09-19 11:40:00,49,-13,3876.0,-1242
2022-09-19 11:40:01,77,-3,3875.75,-1245
2022-09-19 11:40:02,133,-28,3875.75,-1273
2022-09-19 11:40:03,296,-94,3875.5,-1367
2022-09-19 11:40:04,33,-16,3875.0,-1383
2022-09-19 11:40:05,113,14,3875.25,-1369
2022-09-19 11:40:06,72,0,3875.5,-1369
2022-09-19 11:40:07,47,11,3875.75,-1358
2022-09-19 11:40:08,47,0,3875.5,-1358
2022-09-19 11:40:09,54,13,3875.75,-1345
2022-09-19 11:40:10,104,18,3876.25,-1327
2022-09-19 11:40:11,19,8,3876.5,-1319
2022-09-19 11:40:12,104,-26,3876.5,-1345
2022-09-19 11:40:13,82,14,3876.5,-1331
2022-09-19 11:40:14,59,-6,3876.5,-1337
2022-09-19 11:40:15,45,10,3876.5,-1327
2022-09-19 11:40:16,11,4,3876.75,-1323
2022-09-19 11:40:17,172,24,3877.5,-1299
2022-09-19 11:40:18,24,3,3877.5,-1296
2022-09-19 11:40:19,5,1,3877.5,-1295
2022-09-19 11:40:20,468,66,3878.25,-1229
2022-09-19 11:40:21,70,-16,3878.0,-1245
2022-09-19 11:40:22,39,12,3878.25,-1233
2022-09-19 11:40:23,86,-12,3878.25,-1245
2022-09-19 11:40:24,81,-17,3878.25,-1262
2022-09-19 11:40:25,53,-19,3878.25,-1281
2022-09-19 11:40:26,57,22,3878.0,-1259
2022-09-19 11:40:27,40,-6,3878.25,-1265
2022-09-19 11:40:28,9,7,3878.5,-1258
2022-09-19 11:40:29,210,-2,3878.75,-1260
2022-09-19 11:40:30,70,10,3878.75,-1250
2022-09-19 11:40:31,96,9,3879.0,-1241
2022-09-19 11:40:32,75,22,3878.75,-1219
2022-09-19 11:40:33,118,19,3879.0,-1200
2022-09-19 11:40:34,52,-4,3878.75,-1204
2022-09-19 11:40:35,123,-17,3878.25,-1221
2022-09-19 11:40:36,56,-6,3878.0,-1227
2022-09-19 11:40:37,74,3,3878.0,-1224
2022-09-19 11:40:38,49,-8,3878.0,-1232
2022-09-19 11:40:39,39,-2,3878.0,-1234
2022-09-19 11:40:40,169,-38,3877.75,-1272
2022-09-19 11:40:42,44,2,3877.0,-1270
2022-09-19 11:40:43,144,-20,3877.25,-1290
2022-09-19 11:40:44,69,-11,3877.0,-1301
2022-09-19 11:40:45,37,-12,3876.5,-1313
2022-09-19 11:40:46,46,8,3876.5,-1305
2022-09-19 11:40:47,47,-5,3876.5,-1310
2022-09-19 11:40:48,29,-11,3876.25,-1321
2022-09-19 11:40:49,78,6,3876.5,-1315
2022-09-19 11:40:50,12,2,3876.5,-1313
2022-09-19 11:40:51,12,5,3876.75,-1308
2022-09-19 11:40:52,39,24,3877.25,-1284
2022-09-19 11:40:53,92,-11,3877.5,-1295
2022-09-19 11:40:54,68,-13,3876.75,-1308
2022-09-19 11:40:55,15,8,3876.5,-1300
2022-09-19 11:40:56,142,29,3876.75,-1271
2022-09-19 11:40:57,32,-1,3877.0,-1272
2022-09-19 11:40:58,8,3,3877.0,-1269
2022-09-19 11:40:59,1,1,3877.0,-1268
2022-09-19 11:41:00,57,-4,3877.0,-1272
2022-09-19 11:41:01,1,-1,3876.75,-1273
2022-09-19 11:41:02,18,-14,3876.75,-1287
2022-09-19 11:41:04,69,16,3876.75,-1271
2022-09-19 11:41:05,92,-1,3876.75,-1272
2022-09-19 11:41:06,26,-5,3876.5,-1277
2022-09-19 11:41:07,65,-6,3876.75,-1283
2022-09-19 11:41:08,19,1,3876.75,-1282
2022-09-19 11:41:09,84,6,3876.75,-1276
2022-09-19 11:41:10,26,-7,3876.25,-1283
2022-09-19 11:41:11,63,-19,3876.0,-1302
2022-09-19 11:41:12,43,9,3876.25,-1293
2022-09-19 11:41:13,63,8,3876.5,-1285
2022-09-19 11:41:14,10,6,3876.5,-1279
2022-09-19 11:41:15,40,15,3876.75,-1264
2022-09-19 11:41:16,84,42,3877.25,-1222
2022-09-19 11:41:17,21,17,3877.5,-1205
2022-09-19 11:41:18,124,19,3878.25,-1186
2022-09-19 11:41:19,83,1,3878.25,-1185
2022-09-19 11:41:20,14,-4,3878.25,-1189
2022-09-19 11:41:21,41,1,3878.25,-1188
2022-09-19 11:41:22,38,8,3878.0,-1180
2022-09-19 11:41:23,36,-18,3878.0,-1198
2022-09-19 11:41:24,222,118,3878.5,-1080
2022-09-19 11:41:25,80,-21,3878.5,-1101
2022-09-19 11:41:26,5,-1,3878.0,-1102
2022-09-19 11:41:27,68,-4,3878.25,-1106
2022-09-19 11:41:28,66,-1,3878.25,-1107
2022-09-19 11:41:29,24,-5,3878.0,-1112
2022-09-19 11:41:30,39,17,3878.0,-1095
2022-09-19 11:41:31,214,68,3878.5,-1027
2022-09-19 11:41:32,40,-7,3878.25,-1034
2022-09-19 11:41:33,31,7,3878.25,-1027
2022-09-19 11:41:34,26,-10,3878.25,-1037
2022-09-19 11:41:35,29,-3,3878.5,-1040
2022-09-19 11:41:36,32,1,3878.0,-1039
2022-09-19 11:41:37,15,-5,3878.0,-1044
2022-09-19 11:41:38,5,-3,3877.75,-1047
2022-09-19 11:41:39,37,-8,3877.75,-1055
2022-09-19 11:41:40,48,-5,3877.75,-1060
2022-09-19 11:41:41,45,8,3878.0,-1052
2022-09-19 11:41:42,43,30,3878.0,-1022
2022-09-19 11:41:43,51,-5,3878.0,-1027
2022-09-19 11:41:44,85,4,3878.0,-1023
2022-09-19 11:41:45,49,11,3878.25,-1012
2022-09-19 11:41:47,52,-11,3878.0,-1023
2022-09-19 11:41:48,51,-4,3877.75,-1027
2022-09-19 11:41:49,70,6,3878.0,-1021
2022-09-19 11:41:50,34,11,3878.25,-1010
2022-09-19 11:41:51,18,-2,3878.25,-1012
2022-09-19 11:41:52,78,21,3878.5,-991
2022-09-19 11:41:53,27,-4,3878.5,-995
2022-09-19 11:41:54,80,15,3878.5,-980
2022-09-19 11:41:55,59,-1,3878.75,-981
2022-09-19 11:41:56,63,-6,3878.5,-987
2022-09-19 11:41:57,60,-16,3878.5,-1003
2022-09-19 11:41:58,18,-4,3878.25,-1007
2022-09-19 11:41:59,222,-84,3877.75,-1091
2022-09-19 11:42:00,40,8,3877.75,-1083
2022-09-19 11:42:01,128,8,3878.0,-1075
2022-09-19 11:42:02,53,8,3877.75,-1067
2022-09-19 11:42:03,80,-20,3877.75,-1087
2022-09-19 11:42:04,43,-2,3877.75,-1089
2022-09-19 11:42:05,61,-10,3877.5,-1099
2022-09-19 11:42:06,4,4,3877.75,-1095
2022-09-19 11:42:07,71,-7,3877.5,-1102
2022-09-19 11:42:08,19,8,3877.5,-1094
2022-09-19 11:42:09,59,-8,3877.25,-1102
2022-09-19 11:42:10,28,15,3877.25,-1087
2022-09-19 11:42:11,7,-3,3877.25,-1090
2022-09-19 11:42:12,14,3,3877.5,-1087
2022-09-19 11:42:13,1,1,3877.5,-1086
2022-09-19 11:42:14,30,0,3877.75,-1086
2022-09-19 11:42:15,16,4,3877.75,-1082
2022-09-19 11:42:16,66,1,3878.0,-1081
2022-09-19 11:42:17,16,14,3878.0,-1067
2022-09-19 11:42:18,41,10,3878.0,-1057
2022-09-19 11:42:19,87,2,3878.25,-1055
2022-09-19 11:42:20,38,1,3878.5,-1054
2022-09-19 11:42:21,119,-26,3878.25,-1080
2022-09-19 11:42:22,111,-43,3878.0,-1123
2022-09-19 11:42:23,2,0,3877.5,-1123
2022-09-19 11:42:24,35,-5,3877.5,-1128
2022-09-19 11:42:25,1,1,3877.75,-1127
2022-09-19 11:42:26,15,7,3877.75,-1120
2022-09-19 11:42:27,25,-11,3877.75,-1131
2022-09-19 11:42:28,7,-2,3877.75,-1133
2022-09-19 11:42:29,36,8,3877.75,-1125
2022-09-19 11:42:30,12,-8,3877.75,-1133
2022-09-19 11:42:31,26,-8,3877.75,-1141
2022-09-19 11:42:32,56,-29,3877.75,-1170
2022-09-19 11:42:33,68,10,3877.75,-1160
2022-09-19 11:42:34,48,12,3878.0,-1148
2022-09-19 11:42:35,6,-4,3878.0,-1152
2022-09-19 11:42:36,41,7,3878.25,-1145
2022-09-19 11:42:37,20,-5,3878.0,-1150
2022-09-19 11:42:38,52,4,3878.25,-1146
2022-09-19 11:42:39,43,11,3878.25,-1135
2022-09-19 11:42:40,14,3,3878.25,-1132
2022-09-19 11:42:41,20,-2,3878.25,-1134
2022-09-19 11:42:42,77,23,3878.25,-1111
2022-09-19 11:42:43,47,-2,3878.25,-1113
2022-09-19 11:42:44,90,18,3878.25,-1095
2022-09-19 11:42:45,65,7,3878.5,-1088
2022-09-19 11:42:46,171,-4,3878.25,-1092
2022-09-19 11:42:47,92,-25,3878.25,-1117
2022-09-19 11:42:48,420,51,3878.0,-1066
2022-09-19 11:42:49,70,-14,3877.75,-1080
2022-09-19 11:42:50,145,44,3878.0,-1036
2022-09-19 11:42:51,105,12,3878.25,-1024
2022-09-19 11:42:52,63,-25,3878.0,-1049
2022-09-19 11:42:53,18,1,3878.0,-1048
2022-09-19 11:42:54,58,-10,3878.0,-1058
2022-09-19 11:42:55,16,-6,3878.0,-1064
2022-09-19 11:42:56,118,23,3878.5,-1041
2022-09-19 11:42:57,102,7,3878.75,-1034
2022-09-19 11:42:58,87,13,3878.75,-1021
2022-09-19 11:42:59,256,-36,3878.75,-1057
2022-09-19 11:43:00,326,-46,3878.0,-1103
2022-09-19 11:43:01,34,-3,3877.25,-1106
2022-09-19 11:43:02,86,-11,3877.25,-1117
2022-09-19 11:43:03,27,16,3877.25,-1101
2022-09-19 11:43:04,11,4,3877.25,-1097
2022-09-19 11:43:05,33,4,3877.25,-1093
2022-09-19 11:43:06,39,-5,3877.5,-1098
2022-09-19 11:43:07,43,-3,3877.25,-1101
2022-09-19 11:43:08,218,27,3877.5,-1074
2022-09-19 11:43:09,18,-2,3877.5,-1076
2022-09-19 11:43:10,59,-24,3877.5,-1100
2022-09-19 11:43:11,62,9,3877.5,-1091
2022-09-19 11:43:12,90,-38,3877.75,-1129
2022-09-19 11:43:13,35,11,3877.75,-1118
2022-09-19 11:43:14,23,-18,3877.75,-1136
2022-09-19 11:43:15,34,-10,3877.5,-1146
2022-09-19 11:43:16,30,9,3877.5,-1137
2022-09-19 11:43:17,125,-20,3877.25,-1157
2022-09-19 11:43:18,43,19,3877.75,-1138
2022-09-19 11:43:19,71,-8,3878.0,-1146
2022-09-19 11:43:20,10,5,3877.5,-1141
2022-09-19 11:43:21,96,-7,3877.5,-1148
2022-09-19 11:43:22,32,8,3877.5,-1140
2022-09-19 11:43:23,65,20,3877.5,-1120
2022-09-19 11:43:24,12,10,3877.75,-1110
2022-09-19 11:43:25,138,14,3878.25,-1096
2022-09-19 11:43:26,31,1,3878.25,-1095
2022-09-19 11:43:27,31,-16,3878.5,-1111
2022-09-19 11:43:28,26,2,3878.0,-1109
2022-09-19 11:43:30,94,32,3878.5,-1077
2022-09-19 11:43:31,34,-5,3878.5,-1082
2022-09-19 11:43:32,11,4,3878.25,-1078
2022-09-19 11:43:33,43,-12,3878.0,-1090
2022-09-19 11:43:34,10,-4,3878.25,-1094
2022-09-19 11:43:35,51,18,3878.5,-1076
2022-09-19 11:43:36,41,-7,3878.5,-1083
2022-09-19 11:43:37,71,8,3878.5,-1075
2022-09-19 11:43:38,54,-15,3878.75,-1090
2022-09-19 11:43:39,112,-21,3878.5,-1111
2022-09-19 11:43:40,65,-3,3877.75,-1114
2022-09-19 11:43:41,9,9,3878.0,-1105
2022-09-19 11:43:42,8,0,3878.25,-1105
2022-09-19 11:43:43,36,1,3878.25,-1104
2022-09-19 11:43:44,4,-2,3878.25,-1106
2022-09-19 11:43:45,14,7,3878.25,-1099
2022-09-19 11:43:46,29,8,3878.25,-1091
2022-09-19 11:43:47,10,-2,3878.25,-1093
2022-09-19 11:43:48,37,-11,3878.25,-1104
2022-09-19 11:43:49,7,-1,3878.0,-1105
2022-09-19 11:43:50,57,-12,3878.25,-1117
2022-09-19 11:43:51,40,-4,3878.0,-1121
2022-09-19 11:43:52,43,6,3878.25,-1115
2022-09-19 11:43:53,25,-3,3878.25,-1118
2022-09-19 11:43:54,32,0,3878.25,-1118
2022-09-19 11:43:55,49,19,3878.25,-1099
2022-09-19 11:43:56,44,9,3878.5,-1090
2022-09-19 11:43:57,126,50,3879.0,-1040
2022-09-19 11:43:58,152,70,3879.5,-970
2022-09-19 11:43:59,93,-22,3879.5,-992
2022-09-19 11:44:00,50,8,3879.25,-984
2022-09-19 11:44:01,37,-7,3879.25,-991
2022-09-19 11:44:02,30,9,3879.25,-982
2022-09-19 11:44:03,8,3,3879.5,-979
2022-09-19 11:44:04,45,22,3879.5,-957
2022-09-19 11:44:05,36,-19,3879.5,-976
2022-09-19 11:44:06,18,11,3879.5,-965
2022-09-19 11:44:07,45,6,3879.75,-959
2022-09-19 11:44:08,76,-14,3879.25,-973
2022-09-19 11:44:09,58,-3,3879.25,-976
2022-09-19 11:44:10,103,-32,3879.0,-1008
2022-09-19 11:44:11,64,1,3878.5,-1007
2022-09-19 11:44:12,93,22,3878.75,-985
2022-09-19 11:44:13,27,-5,3879.0,-990
2022-09-19 11:44:14,14,4,3879.25,-986
2022-09-19 11:44:15,22,-11,3879.25,-997
2022-09-19 11:44:16,64,-12,3879.0,-1009
2022-09-19 11:44:17,62,-17,3878.75,-1026
2022-09-19 11:44:18,20,0,3879.0,-1026
2022-09-19 11:44:19,27,10,3879.0,-1016
2022-09-19 11:44:20,45,0,3879.25,-1016
2022-09-19 11:44:21,30,6,3879.0,-1010
2022-09-19 11:44:22,21,-9,3879.0,-1019
2022-09-19 11:44:23,3,1,3878.75,-1018
2022-09-19 11:44:24,4,-1,3878.75,-1019
2022-09-19 11:44:25,109,-18,3878.5,-1037
2022-09-19 11:44:26,45,-9,3878.25,-1046
2022-09-19 11:44:27,40,-3,3878.25,-1049
2022-09-19 11:44:28,5,-4,3878.25,-1053
2022-09-19 11:44:30,21,10,3878.5,-1043
2022-09-19 11:44:31,25,-10,3878.75,-1053
2022-09-19 11:44:32,18,1,3878.5,-1052
2022-09-19 11:44:33,32,3,3878.5,-1049
2022-09-19 11:44:34,53,-4,3878.75,-1053
2022-09-19 11:44:35,31,-5,3878.5,-1058
2022-09-19 11:44:36,1,1,3878.5,-1057
2022-09-19 11:44:37,30,-2,3878.5,-1059
2022-09-19 11:44:38,47,9,3879.0,-1050
2022-09-19 11:44:40,22,1,3878.75,-1049
2022-09-19 11:44:41,21,1,3878.75,-1048
2022-09-19 11:44:43,1,1,3879.0,-1047
2022-09-19 11:44:44,149,53,3879.5,-994
2022-09-19 11:44:45,186,-58,3879.5,-1052
2022-09-19 11:44:46,19,1,3878.75,-1051
2022-09-19 11:44:47,25,13,3879.0,-1038
2022-09-19 11:44:48,50,6,3879.0,-1032
2022-09-19 11:44:49,32,-9,3879.0,-1041
2022-09-19 11:44:50,69,-11,3879.25,-1052
2022-09-19 11:44:51,10,-7,3879.0,-1059
2022-09-19 11:44:52,10,-8,3878.75,-1067
2022-09-19 11:44:53,17,4,3878.75,-1063
2022-09-19 11:44:54,118,3,3879.0,-1060
2022-09-19 11:44:55,45,1,3878.75,-1059
2022-09-19 11:44:56,76,-14,3878.75,-1073
2022-09-19 11:44:57,41,8,3878.5,-1065
2022-09-19 11:44:58,24,0,3878.25,-1065
2022-09-19 11:44:59,15,8,3878.25,-1057
2022-09-19 11:45:00,114,1,3878.25,-1056
2022-09-19 11:45:01,15,2,3878.25,-1054
2022-09-19 11:45:02,72,10,3879.0,-1044
2022-09-19 11:45:03,35,12,3878.75,-1032
2022-09-19 11:45:04,24,-6,3878.75,-1038
2022-09-19 11:45:05,10,-7,3878.25,-1045
2022-09-19 11:45:06,51,-1,3878.25,-1046
2022-09-19 11:45:07,117,-33,3878.25,-1079
2022-09-19 11:45:08,5,5,3878.25,-1074
2022-09-19 11:45:09,119,66,3879.25,-1008
2022-09-19 11:45:10,39,7,3879.25,-1001
2022-09-19 11:45:11,53,-2,3879.5,-1003
2022-09-19 11:45:12,34,6,3879.75,-997
2022-09-19 11:45:13,32,-11,3879.75,-1008
2022-09-19 11:45:14,7,4,3879.5,-1004
2022-09-19 11:45:15,126,-34,3879.5,-1038
2022-09-19 11:45:16,41,7,3879.25,-1031
2022-09-19 11:45:17,69,24,3879.5,-1007
2022-09-19 11:45:18,105,0,3879.75,-1007
2022-09-19 11:45:19,28,3,3879.5,-1004
2022-09-19 11:45:20,57,0,3879.5,-1004
2022-09-19 11:45:21,309,132,3880.25,-872
2022-09-19 11:45:22,28,5,3880.0,-867
2022-09-19 11:45:23,36,-3,3880.0,-870
2022-09-19 11:45:24,51,7,3880.25,-863
2022-09-19 11:45:25,78,-11,3880.25,-874
2022-09-19 11:45:26,133,85,3880.25,-789
2022-09-19 11:45:27,66,-3,3880.25,-792
2022-09-19 11:45:28,3,1,3880.25,-791
2022-09-19 11:45:29,64,12,3880.25,-779
2022-09-19 11:45:30,387,253,3881.0,-526
2022-09-19 11:45:31,90,-3,3880.5,-529
2022-09-19 11:45:32,38,-19,3880.75,-548
2022-09-19 11:45:33,47,11,3880.5,-537
2022-09-19 11:45:34,37,17,3880.5,-520
2022-09-19 11:45:35,56,-22,3880.5,-542
2022-09-19 11:45:36,84,6,3880.5,-536
2022-09-19 11:45:37,16,7,3880.5,-529
2022-09-19 11:45:38,48,22,3880.5,-507
2022-09-19 11:45:39,22,-8,3880.75,-515
2022-09-19 11:45:40,185,-44,3880.25,-559
2022-09-19 11:45:41,70,10,3880.25,-549
2022-09-19 11:45:42,37,5,3880.5,-544
2022-09-19 11:45:43,122,6,3880.75,-538
2022-09-19 11:45:44,80,-1,3880.75,-539
2022-09-19 11:45:45,55,-26,3880.5,-565
2022-09-19 11:45:46,13,8,3880.5,-557
2022-09-19 11:45:47,16,10,3881.0,-547
2022-09-19 11:45:48,241,89,3881.25,-458
2022-09-19 11:45:49,84,-14,3881.0,-472
2022-09-19 11:45:50,66,0,3880.5,-472
2022-09-19 11:45:51,58,-2,3880.5,-474
2022-09-19 11:45:52,90,23,3881.0,-451
2022-09-19 11:45:53,39,-15,3881.0,-466
2022-09-19 11:45:54,47,1,3881.0,-465
2022-09-19 11:45:55,38,17,3881.0,-448
2022-09-19 11:45:56,18,-4,3881.0,-452
2022-09-19 11:45:57,35,-2,3881.25,-454
2022-09-19 11:45:58,42,0,3881.25,-454
2022-09-19 11:45:59,19,6,3881.25,-448
2022-09-19 11:46:00,21,-9,3881.0,-457
2022-09-19 11:46:01,5,-3,3881.25,-460
2022-09-19 11:46:02,88,-28,3881.25,-488
2022-09-19 11:46:03,129,5,3881.25,-483
2022-09-19 11:46:04,69,3,3881.0,-480
2022-09-19 11:46:05,33,-10,3880.75,-490
2022-09-19 11:46:06,82,-13,3880.75,-503
2022-09-19 11:46:07,64,-7,3880.75,-510
2022-09-19 11:46:08,33,14,3881.0,-496
2022-09-19 11:46:09,136,-2,3881.25,-498
2022-09-19 11:46:10,18,4,3881.0,-494
2022-09-19 11:46:11,30,-3,3881.25,-497
2022-09-19 11:46:12,18,8,3881.0,-489
2022-09-19 11:46:13,18,0,3881.0,-489
2022-09-19 11:46:14,21,0,3881.0,-489
2022-09-19 11:46:15,77,-8,3881.0,-497
2022-09-19 11:46:16,6,5,3881.25,-492
2022-09-19 11:46:17,38,1,3881.25,-491
2022-09-19 11:46:18,52,-14,3881.25,-505
2022-09-19 11:46:19,300,26,3880.75,-479
2022-09-19 11:46:20,13,2,3880.5,-477
2022-09-19 11:46:21,18,-10,3880.25,-487
2022-09-19 11:46:22,98,-23,3880.25,-510
2022-09-19 11:46:23,9,8,3880.5,-502
2022-09-19 11:46:24,2,-2,3880.25,-504
2022-09-19 11:46:25,45,-12,3880.5,-516
2022-09-19 11:46:26,215,33,3881.0,-483
2022-09-19 11:46:27,19,8,3881.0,-475
2022-09-19 11:46:28,23,-13,3880.75,-488
2022-09-19 11:46:29,20,-7,3881.0,-495
2022-09-19 11:46:30,49,-6,3881.0,-501
2022-09-19 11:46:31,61,13,3881.25,-488
2022-09-19 11:46:32,1,1,3881.25,-487
2022-09-19 11:46:34,2,0,3881.25,-487
2022-09-19 11:46:35,242,186,3881.5,-301
2022-09-19 11:46:36,174,38,3882.0,-263
2022-09-19 11:46:37,37,8,3882.0,-255
2022-09-19 11:46:38,84,-14,3881.5,-269
2022-09-19 11:46:39,8,2,3881.75,-267
2022-09-19 11:46:40,72,-39,3881.5,-306
2022-09-19 11:46:41,4,4,3881.25,-302
2022-09-19 11:46:42,513,-109,3881.0,-411
2022-09-19 11:46:43,28,0,3880.25,-411
2022-09-19 11:46:44,38,20,3880.25,-391
2022-09-19 11:46:45,250,-30,3880.0,-421
2022-09-19 11:46:46,223,-108,3880.0,-529
2022-09-19 11:46:47,87,6,3880.0,-523
2022-09-19 11:46:48,31,-1,3880.0,-524
2022-09-19 11:46:49,19,-1,3880.25,-525
2022-09-19 11:46:50,194,10,3880.25,-515
2022-09-19 11:46:51,125,-26,3880.25,-541
2022-09-19 11:46:52,49,-11,3880.5,-552
2022-09-19 11:46:53,55,-1,3880.5,-553
2022-09-19 11:46:54,3,-1,3880.5,-554
2022-09-19 11:46:55,1,-1,3880.25,-555
2022-09-19 11:46:56,328,225,3881.25,-330
2022-09-19 11:46:57,6,6,3881.0,-324
2022-09-19 11:46:58,4,0,3881.0,-324
2022-09-19 11:46:59,39,12,3880.75,-312
2022-09-19 11:47:00,33,3,3881.0,-309
2022-09-19 11:47:01,1,1,3881.0,-308
2022-09-19 11:47:02,38,3,3881.0,-305
2022-09-19 11:47:03,14,10,3881.0,-295
2022-09-19 11:47:04,45,13,3881.25,-282
2022-09-19 11:47:05,26,-5,3881.25,-287
2022-09-19 11:47:06,59,11,3881.25,-276
2022-09-19 11:47:07,31,5,3881.25,-271
2022-09-19 11:47:08,61,-21,3881.25,-292
2022-09-19 11:47:09,34,-18,3881.0,-310
2022-09-19 11:47:10,98,-22,3880.75,-332
2022-09-19 11:47:11,45,-2,3880.5,-334
2022-09-19 11:47:12,49,-1,3880.75,-335
2022-09-19 11:47:13,61,3,3880.5,-332
2022-09-19 11:47:14,25,15,3881.0,-317
2022-09-19 11:47:15,85,8,3880.75,-309
2022-09-19 11:47:16,19,-2,3880.75,-311
2022-09-19 11:47:17,3,-3,3880.75,-314
2022-09-19 11:47:18,14,-8,3880.5,-322
2022-09-19 11:47:19,60,-9,3880.5,-331
2022-09-19 11:47:20,3,-1,3880.25,-332
2022-09-19 11:47:21,30,2,3880.25,-330
2022-09-19 11:47:22,6,-4,3880.25,-334
2022-09-19 11:47:23,25,5,3880.25,-329
2022-09-19 11:47:24,19,1,3880.5,-328
2022-09-19 11:47:25,26,4,3880.5,-324
2022-09-19 11:47:26,1,-1,3880.25,-325
2022-09-19 11:47:28,15,8,3880.5,-317
2022-09-19 11:47:29,42,23,3881.0,-294
2022-09-19 11:47:30,93,24,3881.25,-270
2022-09-19 11:47:31,36,6,3881.25,-264
2022-09-19 11:47:32,131,-6,3881.75,-270
2022-09-19 11:47:33,94,16,3882.0,-254
2022-09-19 11:47:34,10,4,3882.0,-250
2022-09-19 11:47:35,5,2,3882.0,-248
2022-09-19 11:47:36,2,2,3882.0,-246
2022-09-19 11:47:37,119,39,3882.0,-207
2022-09-19 11:47:38,11,8,3882.0,-199
2022-09-19 11:47:39,105,34,3882.5,-165
2022-09-19 11:47:40,32,-12,3882.25,-177
2022-09-19 11:47:41,197,-49,3881.75,-226
2022-09-19 11:47:42,24,-6,3881.75,-232
2022-09-19 11:47:43,33,10,3881.75,-222
2022-09-19 11:47:44,128,-29,3881.75,-251
2022-09-19 11:47:45,95,-31,3881.5,-282
2022-09-19 11:47:46,1,1,3881.75,-281
2022-09-19 11:47:48,103,-17,3881.5,-298
2022-09-19 11:47:49,3,-1,3881.75,-299
2022-09-19 11:47:50,889,266,3882.75,-33
2022-09-19 11:47:51,22,19,3882.25,-14
2022-09-19 11:47:52,89,8,3882.25,-6
2022-09-19 11:47:53,238,176,3883.0,170
2022-09-19 11:47:54,213,-83,3882.75,87
2022-09-19 11:47:55,8,3,3882.75,90
2022-09-19 11:47:56,259,48,3883.0,138
2022-09-19 11:47:57,6,6,3883.0,144
2022-09-19 11:47:58,15,-6,3883.0,138
2022-09-19 11:47:59,18,2,3883.0,140
2022-09-19 11:48:00,60,-4,3883.0,136
2022-09-19 11:48:01,36,-24,3882.75,112
2022-09-19 11:48:02,8,2,3882.5,114
2022-09-19 11:48:03,55,-13,3882.5,101
2022-09-19 11:48:04,5,1,3882.75,102
2022-09-19 11:48:05,109,26,3883.0,128
2022-09-19 11:48:06,43,-14,3882.75,114
2022-09-19 11:48:07,93,-4,3883.25,110
2022-09-19 11:48:08,54,12,3883.0,122
2022-09-19 11:48:09,4,0,3883.0,122
2022-09-19 11:48:10,24,-14,3882.75,108
2022-09-19 11:48:11,50,-20,3882.5,88
2022-09-19 11:48:12,126,-33,3882.25,55
2022-09-19 11:48:13,65,0,3882.25,55
2022-09-19 11:48:14,10,4,3882.5,59
2022-09-19 11:48:15,30,12,3882.5,71
2022-09-19 11:48:16,223,52,3882.5,123
2022-09-19 11:48:17,9,-5,3882.25,118
2022-09-19 11:48:18,94,-38,3882.25,80
2022-09-19 11:48:19,37,-19,3882.0,61
2022-09-19 11:48:20,74,-19,3881.75,42
2022-09-19 11:48:21,40,9,3881.75,51
2022-09-19 11:48:22,23,-7,3881.75,44
2022-09-19 11:48:23,18,-11,3881.75,33
2022-09-19 11:48:24,80,-17,3881.25,16
2022-09-19 11:48:25,14,5,3881.5,21
2022-09-19 11:48:26,13,-1,3881.75,20
2022-09-19 11:48:27,105,-55,3881.5,-35
2022-09-19 11:48:28,145,27,3881.0,-8
2022-09-19 11:48:29,85,-11,3881.5,-19
2022-09-19 11:48:30,57,16,3881.5,-3
2022-09-19 11:48:31,10,2,3881.75,-1
2022-09-19 11:48:32,76,-42,3881.75,-43
2022-09-19 11:48:33,175,-16,3882.0,-59
2022-09-19 11:48:34,11,-7,3881.75,-66
2022-09-19 11:48:35,26,7,3881.75,-59
2022-09-19 11:48:36,4,1,3882.0,-58
2022-09-19 11:48:37,13,-8,3882.0,-66
2022-09-19 11:48:38,5,5,3882.0,-61
2022-09-19 11:48:39,43,-7,3882.0,-68
2022-09-19 11:48:40,2,0,3882.0,-68
2022-09-19 11:48:41,40,6,3882.0,-62
2022-09-19 11:48:42,22,1,3882.0,-61
2022-09-19 11:48:43,6,-3,3882.0,-64
2022-09-19 11:48:44,8,-6,3882.0,-70
2022-09-19 11:48:46,74,-4,3882.0,-74
2022-09-19 11:48:47,18,14,3882.5,-60
2022-09-19 11:48:48,28,-15,3882.25,-75
2022-09-19 11:48:49,2,2,3882.0,-73
2022-09-19 11:48:50,12,4,3882.0,-69
2022-09-19 11:48:51,37,-7,3882.0,-76
2022-09-19 11:48:52,14,6,3882.0,-70
2022-09-19 11:48:53,49,-1,3881.75,-71
2022-09-19 11:48:54,15,-1,3881.75,-72
2022-09-19 11:48:55,24,0,3882.0,-72
2022-09-19 11:48:56,19,-5,3881.75,-77
2022-09-19 11:48:57,32,-6,3882.0,-83
2022-09-19 11:48:58,29,1,3882.0,-82
2022-09-19 11:48:59,10,-2,3882.0,-84
2022-09-19 11:49:00,105,-1,3882.0,-85
2022-09-19 11:49:01,95,-36,3881.5,-121
2022-09-19 11:49:02,60,-34,3881.5,-155
2022-09-19 11:49:03,37,2,3881.25,-153
2022-09-19 11:49:04,5,3,3881.5,-150
2022-09-19 11:49:05,30,-23,3881.25,-173
2022-09-19 11:49:06,60,2,3881.25,-171
2022-09-19 11:49:07,10,-3,3881.25,-174
2022-09-19 11:49:08,19,-2,3881.5,-176
2022-09-19 11:49:09,19,-13,3881.25,-189
2022-09-19 11:49:10,7,1,3881.25,-188
2022-09-19 11:49:11,89,-29,3881.0,-217
2022-09-19 11:49:12,26,8,3881.0,-209
2022-09-19 11:49:13,21,-12,3881.0,-221
2022-09-19 11:49:14,45,-13,3881.0,-234
2022-09-19 11:49:15,64,-30,3880.75,-264
2022-09-19 11:49:16,96,23,3881.25,-241
2022-09-19 11:49:17,72,-33,3881.25,-274
2022-09-19 11:49:18,5,3,3881.25,-271
2022-09-19 11:49:19,32,-17,3881.25,-288
2022-09-19 11:49:20,45,23,3881.5,-265
2022-09-19 11:49:21,15,12,3881.75,-253
2022-09-19 11:49:22,68,4,3881.75,-249
2022-09-19 11:49:23,105,8,3882.0,-241
2022-09-19 11:49:24,87,-28,3882.0,-269
2022-09-19 11:49:25,13,9,3882.0,-260
2022-09-19 11:49:26,100,12,3882.5,-248
2022-09-19 11:49:27,14,6,3882.5,-242
2022-09-19 11:49:28,65,-30,3882.5,-272
2022-09-19 11:49:29,8,4,3882.0,-268
2022-09-19 11:49:30,109,-13,3882.0,-281
2022-09-19 11:49:31,59,-15,3882.25,-296
2022-09-19 11:49:33,18,0,3882.0,-296
2022-09-19 11:49:35,19,3,3882.0,-293
2022-09-19 11:49:36,100,17,3882.5,-276
2022-09-19 11:49:37,189,18,3882.75,-258
2022-09-19 11:49:38,79,6,3882.75,-252
2022-09-19 11:49:39,39,-1,3882.75,-253
2022-09-19 11:49:40,9,4,3882.75,-249
2022-09-19 11:49:41,104,12,3882.5,-237
2022-09-19 11:49:42,18,-7,3882.5,-244
2022-09-19 11:49:43,14,5,3882.5,-239
2022-09-19 11:49:44,27,-5,3882.75,-244
2022-09-19 11:49:45,135,-67,3882.5,-311
2022-09-19 11:49:46,39,-26,3882.0,-337
2022-09-19 11:49:47,162,19,3882.25,-318
2022-09-19 11:49:48,31,-6,3882.0,-324
2022-09-19 11:49:49,16,1,3882.25,-323
2022-09-19 11:49:50,92,1,3882.25,-322
2022-09-19 11:49:51,14,2,3882.25,-320
2022-09-19 11:49:52,6,-5,3882.25,-325
2022-09-19 11:49:53,10,-5,3882.25,-330
2022-09-19 11:49:54,35,2,3882.25,-328
2022-09-19 11:49:55,97,13,3882.0,-315
2022-09-19 11:49:56,30,-5,3882.5,-320
2022-09-19 11:49:57,13,-13,3882.25,-333
2022-09-19 11:49:58,29,-7,3882.25,-340
2022-09-19 11:49:59,49,0,3882.25,-340
2022-09-19 11:50:00,27,-9,3882.0,-349
2022-09-19 11:50:01,3,-1,3882.0,-350
2022-09-19 11:50:02,17,-10,3881.75,-360
2022-09-19 11:50:03,29,7,3882.0,-353
2022-09-19 11:50:04,5,-2,3882.0,-355
2022-09-19 11:50:05,98,-7,3882.0,-362
2022-09-19 11:50:06,19,3,3881.75,-359
2022-09-19 11:50:07,19,7,3882.0,-352
2022-09-19 11:50:08,48,11,3882.0,-341
2022-09-19 11:50:09,40,-13,3881.5,-354
2022-09-19 11:50:10,97,6,3881.25,-348
2022-09-19 11:50:11,63,0,3881.75,-348
2022-09-19 11:50:12,4,-4,3881.5,-352
2022-09-19 11:50:13,42,18,3881.75,-334
2022-09-19 11:50:14,22,-5,3881.75,-339
2022-09-19 11:50:15,21,6,3881.75,-333
2022-09-19 11:50:16,20,2,3881.75,-331
2022-09-19 11:50:17,31,-11,3881.5,-342
2022-09-19 11:50:18,107,-15,3881.25,-357
2022-09-19 11:50:19,63,7,3881.25,-350
2022-09-19 11:50:20,62,24,3881.0,-326
2022-09-19 11:50:21,42,-2,3881.25,-328
2022-09-19 11:50:22,126,-4,3881.0,-332
2022-09-19 11:50:23,11,4,3881.0,-328
2022-09-19 11:50:24,3,-2,3881.0,-330
2022-09-19 11:50:25,33,-17,3881.25,-347
2022-09-19 11:50:26,14,-1,3881.0,-348
2022-09-19 11:50:27,71,16,3881.5,-332
2022-09-19 11:50:28,33,13,3881.25,-319
2022-09-19 11:50:29,13,7,3881.5,-312
2022-09-19 11:50:30,129,42,3882.25,-270
2022-09-19 11:50:31,2,0,3882.25,-270
2022-09-19 11:50:32,3,-3,3882.0,-273
2022-09-19 11:50:33,2,0,3882.25,-273
2022-09-19 11:50:34,119,17,3882.5,-256
2022-09-19 11:50:35,102,24,3882.75,-232
2022-09-19 11:50:36,10,-10,3882.5,-242
2022-09-19 11:50:37,22,5,3882.5,-237
2022-09-19 11:50:38,46,-7,3882.25,-244
2022-09-19 11:50:39,1,-1,3882.0,-245
2022-09-19 11:50:40,53,-17,3882.0,-262
2022-09-19 11:50:41,24,-14,3882.0,-276
2022-09-19 11:50:42,26,14,3881.5,-262
2022-09-19 11:50:43,43,-2,3881.5,-264
2022-09-19 11:50:44,26,4,3881.5,-260
2022-09-19 11:50:45,52,1,3881.5,-259
2022-09-19 11:50:46,29,-1,3881.5,-260
2022-09-19 11:50:47,24,-2,3881.75,-262
2022-09-19 11:50:48,34,11,3881.75,-251
2022-09-19 11:50:49,24,-8,3881.75,-259
2022-09-19 11:50:50,70,14,3882.25,-245
2022-09-19 11:50:51,48,0,3882.0,-245
2022-09-19 11:50:53,27,10,3882.25,-235
2022-09-19 11:50:54,41,7,3882.5,-228
2022-09-19 11:50:55,34,4,3882.25,-224
2022-09-19 11:50:56,1,-1,3882.0,-225
2022-09-19 11:50:57,19,12,3882.25,-213
2022-09-19 11:50:58,21,1,3882.25,-212
2022-09-19 11:51:00,29,13,3882.25,-199
2022-09-19 11:51:01,32,16,3882.5,-183
2022-09-19 11:51:02,29,0,3882.5,-183
2022-09-19 11:51:03,36,2,3882.5,-181
2022-09-19 11:51:04,7,2,3882.5,-179
2022-09-19 11:51:05,36,0,3882.5,-179
2022-09-19 11:51:06,50,7,3882.5,-172
2022-09-19 11:51:07,7,4,3882.75,-168
2022-09-19 11:51:08,195,57,3883.0,-111
2022-09-19 11:51:09,144,-4,3883.25,-115
2022-09-19 11:51:10,86,12,3883.25,-103
2022-09-19 11:51:11,116,-17,3883.0,-120
2022-09-19 11:51:13,26,-19,3882.75,-139
2022-09-19 11:51:14,130,-12,3882.0,-151
2022-09-19 11:51:15,39,12,3882.5,-139
2022-09-19 11:51:16,77,-2,3882.5,-141
2022-09-19 11:51:17,45,18,3882.25,-123
2022-09-19 11:51:18,34,13,3882.5,-110
2022-09-19 11:51:19,135,-30,3882.25,-140
2022-09-19 11:51:20,1,1,3882.5,-139
2022-09-19 11:51:21,30,6,3882.5,-133
2022-09-19 11:51:22,29,1,3882.25,-132
2022-09-19 11:51:23,23,-3,3882.0,-135
2022-09-19 11:51:24,15,3,3882.25,-132
2022-09-19 11:51:25,1,-1,3882.0,-133
2022-09-19 11:51:26,36,-12,3882.0,-145
2022-09-19 11:51:27,12,-5,3882.25,-150
2022-09-19 11:51:28,3,3,3882.0,-147
2022-09-19 11:51:29,46,-13,3882.0,-160
2022-09-19 11:51:30,12,0,3882.0,-160
2022-09-19 11:51:31,19,2,3882.0,-158
2022-09-19 11:51:32,13,0,3882.0,-158
2022-09-19 11:51:33,53,3,3882.0,-155
2022-09-19 11:51:34,43,7,3882.5,-148
2022-09-19 11:51:35,2,-1,3882.25,-149
2022-09-19 11:51:36,36,8,3882.5,-141
2022-09-19 11:51:37,38,-9,3882.5,-150
2022-09-19 11:51:38,76,-5,3882.5,-155
2022-09-19 11:51:39,29,13,3882.75,-142
2022-09-19 11:51:40,42,-5,3882.75,-147
2022-09-19 11:51:41,121,-30,3882.25,-177
2022-09-19 11:51:42,79,12,3882.25,-165
2022-09-19 11:51:43,18,5,3882.0,-160
2022-09-19 11:51:44,25,-6,3881.75,-166
2022-09-19 11:51:45,43,7,3882.25,-159
2022-09-19 11:51:47,130,33,3882.5,-126
2022-09-19 11:51:48,1,-1,3882.5,-127
2022-09-19 11:51:49,37,-8,3882.5,-135
2022-09-19 11:51:50,16,10,3882.75,-125
2022-09-19 11:51:51,8,-4,3882.5,-129
2022-09-19 11:51:52,25,4,3882.75,-125
2022-09-19 11:51:53,25,4,3882.5,-121
2022-09-19 11:51:56,46,-16,3882.25,-137
2022-09-19 11:51:57,29,13,3882.0,-124
2022-09-19 11:51:58,6,4,3882.0,-120
2022-09-19 11:51:59,95,-3,3882.0,-123
2022-09-19 11:52:00,29,-2,3882.25,-125
2022-09-19 11:52:01,71,-6,3882.5,-131
2022-09-19 11:52:02,16,-3,3882.25,-134
2022-09-19 11:52:03,27,-6,3882.25,-140
2022-09-19 11:52:04,12,2,3882.25,-138
2022-09-19 11:52:05,24,2,3882.0,-136
2022-09-19 11:52:06,53,17,3882.25,-119
2022-09-19 11:52:07,7,-7,3882.0,-126
2022-09-19 11:52:08,36,4,3882.0,-122
2022-09-19 11:52:09,76,-16,3881.75,-138
2022-09-19 11:52:10,19,-3,3882.25,-141
2022-09-19 11:52:11,79,15,3882.25,-126
2022-09-19 11:52:12,30,2,3882.25,-124
2022-09-19 11:52:13,8,7,3882.25,-117
2022-09-19 11:52:14,157,12,3882.5,-105
2022-09-19 11:52:15,31,15,3882.5,-90
2022-09-19 11:52:16,79,4,3882.25,-86
2022-09-19 11:52:18,37,-10,3882.25,-96
2022-09-19 11:52:19,38,-2,3882.0,-98
2022-09-19 11:52:20,34,-13,3882.0,-111
2022-09-19 11:52:21,20,3,3882.0,-108
2022-09-19 11:52:22,10,2,3882.0,-106
2022-09-19 11:52:23,32,8,3882.0,-98
2022-09-19 11:52:24,4,2,3882.25,-96
2022-09-19 11:52:25,7,-7,3882.0,-103
2022-09-19 11:52:26,10,0,3882.25,-103
2022-09-19 11:52:27,2,-2,3882.0,-105
2022-09-19 11:52:28,1,1,3882.25,-104
2022-09-19 11:52:29,37,2,3882.0,-102
2022-09-19 11:52:30,66,26,3882.25,-76
2022-09-19 11:52:31,34,-2,3882.0,-78
2022-09-19 11:52:32,19,-8,3882.0,-86
2022-09-19 11:52:33,54,13,3882.0,-73
2022-09-19 11:52:34,4,0,3882.0,-73
2022-09-19 11:52:35,142,43,3882.75,-30
2022-09-19 11:52:36,129,47,3883.25,17
2022-09-19 11:52:37,366,112,3884.0,129
2022-09-19 11:52:38,167,63,3884.25,192
2022-09-19 11:52:39,223,40,3884.75,232
2022-09-19 11:52:40,87,-6,3884.75,226
2022-09-19 11:52:41,141,-8,3884.75,218
2022-09-19 11:52:42,65,1,3884.0,219
2022-09-19 11:52:43,32,7,3884.0,226
2022-09-19 11:52:44,31,5,3884.0,231
2022-09-19 11:52:45,37,17,3884.25,248
2022-09-19 11:52:46,30,-12,3884.25,236
2022-09-19 11:52:47,169,19,3884.75,255
2022-09-19 11:52:48,119,-11,3884.75,244
2022-09-19 11:52:49,41,-9,3884.5,235
2022-09-19 11:52:50,91,-4,3884.25,231
2022-09-19 11:52:51,26,0,3884.25,231
2022-09-19 11:52:52,34,8,3884.5,239
2022-09-19 11:52:53,187,-35,3884.75,204
2022-09-19 11:52:54,70,13,3884.0,217
2022-09-19 11:52:55,8,3,3884.0,220
2022-09-19 11:52:56,54,2,3884.0,222
2022-09-19 11:52:57,37,-18,3883.75,204
2022-09-19 11:52:58,52,-26,3883.5,178
2022-09-19 11:52:59,28,4,3883.5,182
2022-09-19 11:53:00,5,4,3883.5,186
2022-09-19 11:53:01,75,9,3883.5,195
2022-09-19 11:53:02,42,12,3883.75,207
2022-09-19 11:53:03,39,28,3884.0,235
2022-09-19 11:53:04,43,-7,3884.0,228
2022-09-19 11:53:05,38,14,3883.5,242
2022-09-19 11:53:06,25,-1,3883.5,241
2022-09-19 11:53:07,125,31,3884.0,272
2022-09-19 11:53:08,12,2,3884.0,274
2022-09-19 11:53:09,76,-31,3884.25,243
2022-09-19 11:53:10,16,11,3883.5,254
2022-09-19 11:53:11,57,-14,3883.5,240
2022-09-19 11:53:12,87,-34,3883.5,206
2022-09-19 11:53:13,73,13,3883.75,219
2022-09-19 11:53:14,11,-7,3883.75,212
2022-09-19 11:53:15,22,15,3884.0,227
2022-09-19 11:53:16,17,7,3884.25,234
2022-09-19 11:53:17,63,10,3884.25,244
2022-09-19 11:53:18,9,-9,3884.0,235
2022-09-19 11:53:19,6,3,3884.0,238
2022-09-19 11:53:20,100,-29,3883.75,209
2022-09-19 11:53:21,18,0,3883.25,209
2022-09-19 11:53:22,212,-88,3883.25,121
2022-09-19 11:53:23,253,-62,3882.0,59
2022-09-19 11:53:24,71,10,3882.0,69
2022-09-19 11:53:25,41,-7,3882.0,62
2022-09-19 11:53:26,42,-8,3882.0,54
2022-09-19 11:53:27,19,7,3881.75,61
2022-09-19 11:53:28,4,-4,3881.5,57
2022-09-19 11:53:29,5,-2,3881.5,55
2022-09-19 11:53:30,87,-29,3881.5,26
2022-09-19 11:53:31,28,-6,3881.5,20
2022-09-19 11:53:32,86,-29,3881.5,-9
2022-09-19 11:53:33,67,-4,3881.5,-13
2022-09-19 11:53:34,73,-6,3881.25,-19
2022-09-19 11:53:35,16,-6,3881.25,-25
2022-09-19 11:53:36,146,-47,3880.75,-72
2022-09-19 11:53:37,29,-8,3880.75,-80
2022-09-19 11:53:38,38,18,3881.0,-62
2022-09-19 11:53:39,7,-1,3881.0,-63
2022-09-19 11:53:40,7,-5,3881.0,-68
2022-09-19 11:53:41,151,24,3881.25,-44
2022-09-19 11:53:42,47,11,3881.5,-33
2022-09-19 11:53:43,49,-3,3881.25,-36
2022-09-19 11:53:44,106,-12,3881.25,-48
2022-09-19 11:53:45,34,-14,3881.25,-62
2022-09-19 11:53:46,44,-17,3881.25,-79
2022-09-19 11:53:47,13,4,3881.25,-75
2022-09-19 11:53:48,96,-3,3881.5,-78
2022-09-19 11:53:49,59,-14,3881.25,-92
2022-09-19 11:53:50,77,-12,3881.0,-104
2022-09-19 11:53:51,42,-9,3881.25,-113
2022-09-19 11:53:52,54,2,3881.0,-111
2022-09-19 11:53:53,54,-13,3881.0,-124
2022-09-19 11:53:54,94,0,3880.75,-124
2022-09-19 11:53:55,1,-1,3880.75,-125
2022-09-19 11:53:56,87,-10,3881.0,-135
2022-09-19 11:53:57,24,7,3880.75,-128
2022-09-19 11:53:58,12,1,3880.75,-127
2022-09-19 11:53:59,61,-13,3880.5,-140
2022-09-19 11:54:00,66,9,3880.75,-131
2022-09-19 11:54:01,52,15,3881.0,-116
2022-09-19 11:54:02,20,-9,3880.75,-125
2022-09-19 11:54:03,49,-25,3880.5,-150
2022-09-19 11:54:04,132,11,3880.5,-139
2022-09-19 11:54:05,7,-3,3880.75,-142
2022-09-19 11:54:06,14,-5,3880.75,-147
2022-09-19 11:54:07,199,-60,3880.25,-207
2022-09-19 11:54:08,63,1,3880.0,-206
2022-09-19 11:54:09,92,20,3880.0,-186
2022-09-19 11:54:10,46,0,3880.5,-186
2022-09-19 11:54:11,58,-3,3880.25,-189
2022-09-19 11:54:12,21,3,3880.25,-186
2022-09-19 11:54:13,19,-3,3880.25,-189
2022-09-19 11:54:14,30,9,3880.5,-180
2022-09-19 11:54:15,58,-12,3880.5,-192
2022-09-19 11:54:16,12,-4,3880.0,-196
2022-09-19 11:54:17,168,-39,3879.75,-235
2022-09-19 11:54:18,25,8,3880.0,-227
2022-09-19 11:54:19,29,9,3880.0,-218
2022-09-19 11:54:20,21,-8,3880.0,-226
2022-09-19 11:54:21,43,4,3879.75,-222
2022-09-19 11:54:22,41,-10,3879.75,-232
2022-09-19 11:54:23,110,-54,3879.75,-286
2022-09-19 11:54:24,49,27,3879.75,-259
2022-09-19 11:54:25,8,4,3880.0,-255
2022-09-19 11:54:26,123,13,3880.25,-242
2022-09-19 11:54:27,13,1,3880.25,-241
2022-09-19 11:54:28,17,-1,3880.25,-242
2022-09-19 11:54:29,18,-13,3880.0,-255
2022-09-19 11:54:30,27,8,3880.0,-247
2022-09-19 11:54:31,52,31,3880.25,-216
2022-09-19 11:54:32,49,27,3880.75,-189
2022-09-19 11:54:33,7,3,3880.75,-186
2022-09-19 11:54:34,64,-1,3880.75,-187
2022-09-19 11:54:35,18,12,3881.0,-175
2022-09-19 11:54:36,91,-12,3881.0,-187
2022-09-19 11:54:37,7,-2,3880.75,-189
2022-09-19 11:54:38,3,-1,3880.75,-190
2022-09-19 11:54:39,60,17,3881.0,-173
2022-09-19 11:54:40,22,-4,3880.75,-177
2022-09-19 11:54:42,24,-1,3880.5,-178
2022-09-19 11:54:43,49,-15,3880.5,-193
2022-09-19 11:54:44,84,0,3880.75,-193
2022-09-19 11:54:45,35,6,3881.0,-187
2022-09-19 11:54:46,53,-10,3880.75,-197
2022-09-19 11:54:47,57,18,3881.0,-179
2022-09-19 11:54:48,108,-3,3881.25,-182
2022-09-19 11:54:49,131,42,3882.0,-140
2022-09-19 11:54:50,131,-23,3881.75,-163
2022-09-19 11:54:51,45,-20,3881.5,-183
2022-09-19 11:54:52,49,12,3881.75,-171
2022-09-19 11:54:53,6,-4,3881.75,-175
2022-09-19 11:54:54,46,10,3881.75,-165
2022-09-19 11:54:55,100,8,3881.75,-157
2022-09-19 11:54:56,9,5,3881.75,-152
2022-09-19 11:54:57,42,10,3882.0,-142
2022-09-19 11:54:58,27,-1,3882.0,-143
2022-09-19 11:54:59,15,6,3882.0,-137
2022-09-19 11:55:00,127,32,3882.75,-105
2022-09-19 11:55:01,47,18,3883.0,-87
2022-09-19 11:55:02,67,10,3883.0,-77
2022-09-19 11:55:03,9,5,3883.0,-72
2022-09-19 11:55:04,24,-13,3882.75,-85
2022-09-19 11:55:05,26,4,3883.0,-81
2022-09-19 11:55:07,4,2,3883.0,-79
2022-09-19 11:55:08,106,27,3883.25,-52
2022-09-19 11:55:09,76,-26,3883.0,-78
2022-09-19 11:55:10,43,0,3883.0,-78
2022-09-19 11:55:11,123,-6,3882.75,-84
2022-09-19 11:55:12,75,-2,3882.5,-86
2022-09-19 11:55:13,11,0,3882.75,-86
2022-09-19 11:55:14,68,-4,3882.75,-90
2022-09-19 11:55:15,93,-26,3882.5,-116
2022-09-19 11:55:16,46,20,3882.75,-96
2022-09-19 11:55:17,15,-5,3882.75,-101
2022-09-19 11:55:18,3,-1,3882.5,-102
2022-09-19 11:55:19,1,1,3882.75,-101
2022-09-19 11:55:20,12,-7,3882.5,-108
2022-09-19 11:55:21,17,7,3882.5,-101
2022-09-19 11:55:22,26,-5,3882.5,-106
2022-09-19 11:55:23,74,7,3882.5,-99
2022-09-19 11:55:24,192,-74,3882.25,-173
2022-09-19 11:55:25,108,-18,3881.0,-191
2022-09-19 11:55:26,209,4,3881.0,-187
2022-09-19 11:55:27,39,5,3880.5,-182
2022-09-19 11:55:28,41,-7,3880.5,-189
2022-09-19 11:55:29,114,-3,3880.5,-192
2022-09-19 11:55:30,79,22,3880.75,-170
2022-09-19 11:55:31,66,-18,3880.75,-188
2022-09-19 11:55:32,221,206,3881.0,18
2022-09-19 11:55:33,63,-1,3880.75,17
2022-09-19 11:55:34,163,-14,3880.5,3
2022-09-19 11:55:35,21,0,3880.25,3
2022-09-19 11:55:36,25,7,3880.5,10
2022-09-19 11:55:37,306,-58,3880.25,-48
2022-09-19 11:55:38,393,-53,3880.5,-101
2022-09-19 11:55:39,11,10,3880.5,-91
2022-09-19 11:55:40,106,-9,3880.75,-100
2022-09-19 11:55:41,427,-37,3880.5,-137
2022-09-19 11:55:42,98,18,3880.5,-119
2022-09-19 11:55:43,116,-51,3880.5,-170
2022-09-19 11:55:44,38,-9,3880.5,-179
2022-09-19 11:55:45,59,1,3880.5,-178
2022-09-19 11:55:46,2,-2,3880.25,-180
2022-09-19 11:55:47,14,-1,3880.5,-181
2022-09-19 11:55:48,42,-26,3880.25,-207
2022-09-19 11:55:49,189,53,3880.75,-154
2022-09-19 11:55:50,140,-16,3880.75,-170
2022-09-19 11:55:51,177,-55,3880.75,-225
2022-09-19 11:55:52,93,15,3880.75,-210
2022-09-19 11:55:53,344,-75,3880.75,-285
2022-09-19 11:55:54,38,-19,3880.75,-304
2022-09-19 11:55:55,233,-12,3880.75,-316
2022-09-19 11:55:56,128,-12,3881.0,-328
2022-09-19 11:55:57,43,13,3881.25,-315
2022-09-19 11:55:58,109,17,3881.75,-298
2022-09-19 11:55:59,60,9,3882.0,-289
2022-09-19 11:56:00,20,5,3881.5,-284
2022-09-19 11:56:01,155,-33,3881.25,-317
2022-09-19 11:56:02,48,3,3880.75,-314
2022-09-19 11:56:03,23,3,3881.0,-311
2022-09-19 11:56:04,21,-7,3880.75,-318
2022-09-19 11:56:05,289,-58,3880.5,-376
2022-09-19 11:56:06,41,-3,3880.0,-379
2022-09-19 11:56:07,73,6,3880.0,-373
2022-09-19 11:56:08,69,-12,3880.0,-385
2022-09-19 11:56:09,21,-1,3880.0,-386
2022-09-19 11:56:10,40,15,3879.75,-371
2022-09-19 11:56:11,39,-3,3880.0,-374
2022-09-19 11:56:12,82,-32,3879.75,-406
2022-09-19 11:56:13,91,12,3879.5,-394
2022-09-19 11:56:14,59,8,3879.5,-386
2022-09-19 11:56:15,22,-5,3879.5,-391
2022-09-19 11:56:16,5,1,3879.5,-390
2022-09-19 11:56:17,36,5,3879.5,-385
2022-09-19 11:56:18,76,13,3880.0,-372
2022-09-19 11:56:19,37,15,3880.0,-357
2022-09-19 11:56:20,51,-16,3880.0,-373
2022-09-19 11:56:21,8,7,3879.75,-366
2022-09-19 11:56:22,1,-1,3879.5,-367
2022-09-19 11:56:23,37,7,3879.75,-360
2022-09-19 11:56:24,79,11,3880.0,-349
2022-09-19 11:56:25,49,10,3880.25,-339
2022-09-19 11:56:26,28,-6,3880.25,-345
2022-09-19 11:56:27,108,-6,3880.25,-351
2022-09-19 11:56:28,24,-16,3880.0,-367
2022-09-19 11:56:29,12,1,3880.0,-366
2022-09-19 11:56:30,22,-8,3879.75,-374
2022-09-19 11:56:31,46,2,3879.75,-372
2022-09-19 11:56:32,14,-4,3879.75,-376
2022-09-19 11:56:33,34,-4,3879.75,-380
2022-09-19 11:56:34,29,-9,3879.5,-389
2022-09-19 11:56:35,91,-31,3879.5,-420
2022-09-19 11:56:36,22,-12,3879.5,-432
2022-09-19 11:56:37,128,-77,3879.0,-509
2022-09-19 11:56:38,170,-34,3878.75,-543
2022-09-19 11:56:39,65,-2,3878.75,-545
2022-09-19 11:56:40,29,-7,3879.0,-552
2022-09-19 11:56:41,367,-212,3879.0,-764
2022-09-19 11:56:42,179,13,3878.5,-751
2022-09-19 11:56:43,30,-13,3878.5,-764
2022-09-19 11:56:44,68,15,3878.5,-749
2022-09-19 11:56:45,52,11,3878.75,-738
2022-09-19 11:56:46,3,-1,3878.75,-739
2022-09-19 11:56:47,4,2,3878.75,-737
2022-09-19 11:56:48,22,4,3878.75,-733
2022-09-19 11:56:49,69,31,3879.0,-702
2022-09-19 11:56:50,42,-8,3879.25,-710
2022-09-19 11:56:51,3,-3,3878.75,-713
2022-09-19 11:56:52,90,-38,3878.75,-751
2022-09-19 11:56:53,30,4,3878.5,-747
2022-09-19 11:56:54,9,-2,3878.25,-749
2022-09-19 11:56:55,44,-5,3878.5,-754
2022-09-19 11:56:56,24,0,3878.25,-754
2022-09-19 11:56:57,61,16,3878.75,-738
2022-09-19 11:56:58,14,-6,3878.75,-744
2022-09-19 11:56:59,2,-2,3878.25,-746
2022-09-19 11:57:00,2,-2,3878.25,-748
2022-09-19 11:57:01,404,-97,3878.25,-845
2022-09-19 11:57:02,102,14,3878.0,-831
2022-09-19 11:57:03,122,16,3878.0,-815
2022-09-19 11:57:04,129,2,3877.5,-813
2022-09-19 11:57:05,125,-26,3877.5,-839
2022-09-19 11:57:06,53,-12,3877.5,-851
2022-09-19 11:57:07,89,-8,3877.5,-859
2022-09-19 11:57:08,23,-15,3877.5,-874
2022-09-19 11:57:09,46,13,3877.5,-861
2022-09-19 11:57:10,28,6,3877.5,-855
2022-09-19 11:57:11,36,-2,3877.5,-857
2022-09-19 11:57:12,22,-7,3877.5,-864
2022-09-19 11:57:13,133,-30,3877.25,-894
2022-09-19 11:57:14,17,-4,3877.0,-898
2022-09-19 11:57:15,113,-53,3877.25,-951
2022-09-19 11:57:16,9,-7,3876.75,-958
2022-09-19 11:57:17,123,-12,3876.5,-970
2022-09-19 11:57:18,133,4,3876.75,-966
2022-09-19 11:57:19,345,-210,3876.75,-1176
2022-09-19 11:57:20,93,-1,3876.5,-1177
2022-09-19 11:57:21,76,-5,3876.5,-1182
2022-09-19 11:57:22,24,-10,3876.5,-1192
2022-09-19 11:57:23,61,4,3876.5,-1188
2022-09-19 11:57:24,183,2,3877.0,-1186
2022-09-19 11:57:25,46,-6,3877.0,-1192
2022-09-19 11:57:26,7,5,3877.0,-1187
2022-09-19 11:57:27,97,20,3877.5,-1167
2022-09-19 11:57:28,63,0,3877.25,-1167
2022-09-19 11:57:29,88,-22,3877.5,-1189
2022-09-19 11:57:30,46,5,3877.25,-1184
2022-09-19 11:57:31,241,26,3878.0,-1158
2022-09-19 11:57:32,68,-14,3878.0,-1172
2022-09-19 11:57:33,26,8,3878.0,-1164
2022-09-19 11:57:34,59,-11,3878.0,-1175
2022-09-19 11:57:35,122,43,3878.5,-1132
2022-09-19 11:57:36,32,-1,3878.25,-1133
2022-09-19 11:57:37,81,-27,3877.75,-1160
2022-09-19 11:57:39,64,-27,3877.5,-1187
2022-09-19 11:57:40,48,-14,3877.0,-1201
2022-09-19 11:57:41,16,-9,3877.0,-1210
2022-09-19 11:57:42,104,31,3877.0,-1179
2022-09-19 11:57:43,77,-27,3876.5,-1206
2022-09-19 11:57:44,13,-11,3876.5,-1217
2022-09-19 11:57:45,293,30,3876.5,-1187
2022-09-19 11:57:46,4,-4,3876.25,-1191
2022-09-19 11:57:47,86,-41,3876.5,-1232
2022-09-19 11:57:48,4,2,3876.5,-1230
2022-09-19 11:57:49,196,30,3877.25,-1200
2022-09-19 11:57:50,104,-37,3876.75,-1237
2022-09-19 11:57:51,303,-26,3876.75,-1263
2022-09-19 11:57:52,108,20,3876.75,-1243
2022-09-19 11:57:53,41,8,3877.0,-1235
2022-09-19 11:57:54,11,-10,3877.0,-1245
2022-09-19 11:57:55,16,-6,3877.0,-1251
2022-09-19 11:57:56,78,-31,3877.0,-1282
2022-09-19 11:57:57,46,11,3877.0,-1271
2022-09-19 11:57:58,2,2,3877.0,-1269
2022-09-19 11:57:59,48,-17,3877.0,-1286
2022-09-19 11:58:00,9,1,3877.0,-1285
2022-09-19 11:58:02,7,5,3877.0,-1280
2022-09-19 11:58:03,13,4,3877.0,-1276
2022-09-19 11:58:05,191,-47,3876.75,-1323
2022-09-19 11:58:06,405,48,3876.75,-1275
2022-09-19 11:58:07,41,21,3876.75,-1254
2022-09-19 11:58:08,1,-1,3876.75,-1255
2022-09-19 11:58:09,132,36,3877.0,-1219
2022-09-19 11:58:10,34,24,3877.5,-1195
2022-09-19 11:58:11,92,-7,3877.5,-1202
2022-09-19 11:58:12,13,10,3877.5,-1192
2022-09-19 11:58:13,68,18,3878.0,-1174
2022-09-19 11:58:14,131,58,3878.75,-1116
2022-09-19 11:58:15,29,2,3878.5,-1114
2022-09-19 11:58:16,37,-8,3878.25,-1122
2022-09-19 11:58:17,33,15,3878.5,-1107
2022-09-19 11:58:18,78,-1,3879.0,-1108
2022-09-19 11:58:19,59,-13,3878.75,-1121
2022-09-19 11:58:20,35,-17,3878.75,-1138
2022-09-19 11:58:21,53,-15,3878.5,-1153
2022-09-19 11:58:22,58,-5,3878.25,-1158
2022-09-19 11:58:23,7,-7,3878.25,-1165
2022-09-19 11:58:24,2,1,3878.25,-1164
2022-09-19 11:58:25,102,-7,3878.0,-1171
2022-09-19 11:58:26,10,-10,3877.75,-1181
2022-09-19 11:58:27,45,-11,3877.75,-1192
2022-09-19 11:58:28,49,16,3877.5,-1176
2022-09-19 11:58:29,9,-9,3877.25,-1185
2022-09-19 11:58:30,50,-5,3877.25,-1190
2022-09-19 11:58:31,18,-6,3877.25,-1196
2022-09-19 11:58:32,33,16,3877.25,-1180
2022-09-19 11:58:33,55,-16,3877.0,-1196
2022-09-19 11:58:34,37,-16,3876.75,-1212
2022-09-19 11:58:35,14,-5,3876.5,-1217
2022-09-19 11:58:36,63,-19,3876.75,-1236
2022-09-19 11:58:37,46,2,3876.75,-1234
2022-09-19 11:58:38,2,2,3876.5,-1232
2022-09-19 11:58:39,44,-29,3876.5,-1261
2022-09-19 11:58:40,33,14,3876.5,-1247
2022-09-19 11:58:41,70,4,3876.75,-1243
2022-09-19 11:58:42,8,-6,3876.75,-1249
2022-09-19 11:58:44,7,-2,3877.0,-1251
2022-09-19 11:58:45,88,27,3877.25,-1224
2022-09-19 11:58:46,12,8,3877.5,-1216
2022-09-19 11:58:47,32,-4,3877.5,-1220
2022-09-19 11:58:48,86,21,3877.75,-1199
2022-09-19 11:58:49,61,-22,3877.75,-1221
2022-09-19 11:58:50,2,2,3877.25,-1219
2022-09-19 11:58:51,105,26,3877.5,-1193
2022-09-19 11:58:52,37,7,3877.5,-1186
2022-09-19 11:58:53,21,2,3877.5,-1184
2022-09-19 11:58:54,16,6,3877.75,-1178
2022-09-19 11:58:55,30,0,3878.0,-1178
2022-09-19 11:58:56,42,21,3878.0,-1157
2022-09-19 11:58:57,22,0,3878.0,-1157
2022-09-19 11:58:58,69,-28,3878.0,-1185
2022-09-19 11:58:59,87,51,3877.75,-1134
2022-09-19 11:59:00,38,-1,3877.75,-1135
2022-09-19 11:59:01,29,14,3878.0,-1121
2022-09-19 11:59:02,1,-1,3878.0,-1122
2022-09-19 11:59:03,9,9,3878.25,-1113
2022-09-19 11:59:04,44,24,3878.25,-1089
2022-09-19 11:59:05,9,-5,3878.25,-1094
2022-09-19 11:59:06,47,3,3878.5,-1091
2022-09-19 11:59:07,16,-12,3878.5,-1103
2022-09-19 11:59:08,16,12,3878.25,-1091
2022-09-19 11:59:09,84,52,3878.75,-1039
2022-09-19 11:59:10,98,-20,3878.75,-1059
2022-09-19 11:59:11,35,4,3878.75,-1055
2022-09-19 11:59:12,35,11,3879.0,-1044
2022-09-19 11:59:13,232,-46,3879.0,-1090
2022-09-19 11:59:14,70,17,3878.25,-1073
2022-09-19 11:59:15,44,-7,3878.5,-1080
2022-09-19 11:59:16,12,6,3878.25,-1074
2022-09-19 11:59:17,103,-15,3878.25,-1089
2022-09-19 11:59:18,13,-5,3878.25,-1094
2022-09-19 11:59:19,20,0,3878.0,-1094
2022-09-19 11:59:21,109,21,3878.5,-1073
2022-09-19 11:59:22,26,-5,3878.5,-1078
2022-09-19 11:59:23,17,-1,3878.25,-1079
2022-09-19 11:59:24,52,2,3878.25,-1077
2022-09-19 11:59:26,43,-3,3878.5,-1080
2022-09-19 11:59:27,11,0,3878.25,-1080
2022-09-19 11:59:28,29,-2,3878.25,-1082
2022-09-19 11:59:29,33,-4,3878.25,-1086
2022-09-19 11:59:30,22,1,3878.25,-1085
2022-09-19 11:59:31,1,-1,3878.0,-1086
2022-09-19 11:59:32,15,-5,3878.25,-1091
2022-09-19 11:59:33,93,-7,3877.75,-1098
2022-09-19 11:59:34,3,-1,3878.0,-1099
2022-09-19 11:59:35,42,10,3877.75,-1089
2022-09-19 11:59:36,47,-5,3877.75,-1094
2022-09-19 11:59:37,35,-5,3878.0,-1099
2022-09-19 11:59:38,61,-2,3878.0,-1101
2022-09-19 11:59:39,34,22,3878.25,-1079
2022-09-19 11:59:40,13,-11,3878.0,-1090
2022-09-19 11:59:41,37,4,3877.75,-1086
2022-09-19 11:59:42,6,-5,3877.75,-1091
2022-09-19 11:59:43,65,3,3877.75,-1088
2022-09-19 11:59:44,85,13,3878.0,-1075
2022-09-19 11:59:45,34,-18,3877.75,-1093
2022-09-19 11:59:46,52,-6,3877.75,-1099
2022-09-19 11:59:47,25,2,3877.75,-1097
2022-09-19 11:59:48,65,-21,3877.75,-1118
2022-09-19 11:59:49,44,2,3877.25,-1116
2022-09-19 11:59:50,20,5,3877.25,-1111
2022-09-19 11:59:51,45,-1,3877.5,-1112
2022-09-19 11:59:52,31,-14,3877.25,-1126
2022-09-19 11:59:53,29,-11,3877.0,-1137
2022-09-19 11:59:54,6,6,3877.25,-1131
2022-09-19 11:59:55,7,-4,3877.25,-1135
2022-09-19 11:59:56,57,-23,3876.75,-1158
2022-09-19 11:59:57,1,1,3877.0,-1157
2022-09-19 11:59:58,2,1,3877.0,-1156
2022-09-19 11:59:59,92,14,3877.0,-1142
2022-09-19 12:00:00,148,-24,3877.0,-1166
2022-09-19 12:00:01,151,41,3877.75,-1125
2022-09-19 12:00:02,86,-2,3878.0,-1127
2022-09-19 12:00:03,41,6,3878.0,-1121
2022-09-19 12:00:04,521,226,3880.0,-895
2022-09-19 12:00:05,205,-15,3880.0,-910
2022-09-19 12:00:06,130,20,3880.0,-890
2022-09-19 12:00:07,365,147,3881.0,-743
2022-09-19 12:00:08,117,2,3880.75,-741
2022-09-19 12:00:09,107,-8,3880.5,-749
2022-09-19 12:00:10,342,146,3881.0,-603
2022-09-19 12:00:11,119,5,3881.0,-598
2022-09-19 12:00:12,145,20,3880.5,-578
2022-09-19 12:00:13,75,-20,3880.5,-598
2022-09-19 12:00:14,53,-5,3880.25,-603
2022-09-19 12:00:15,43,3,3880.25,-600
2022-09-19 12:00:16,53,-31,3879.75,-631
2022-09-19 12:00:17,41,7,3879.75,-624
2022-09-19 12:00:18,32,-13,3879.75,-637
2022-09-19 12:00:19,46,-7,3879.75,-644
2022-09-19 12:00:20,69,-20,3879.5,-664
2022-09-19 12:00:21,61,-12,3879.25,-676
2022-09-19 12:00:22,32,5,3879.25,-671
2022-09-19 12:00:23,18,-10,3879.25,-681
2022-09-19 12:00:24,48,4,3879.5,-677
2022-09-19 12:00:25,9,-3,3879.75,-680
2022-09-19 12:00:26,59,13,3880.0,-667
2022-09-19 12:00:27,59,-9,3880.0,-676
2022-09-19 12:00:28,76,11,3880.0,-665
2022-09-19 12:00:29,123,37,3880.5,-628
2022-09-19 12:00:30,21,-21,3880.25,-649
2022-09-19 12:00:31,48,9,3880.5,-640
2022-09-19 12:00:32,21,7,3880.75,-633
2022-09-19 12:00:33,22,-6,3880.75,-639
2022-09-19 12:00:34,71,-8,3880.5,-647
2022-09-19 12:00:35,32,0,3880.5,-647
2022-09-19 12:00:36,56,10,3880.5,-637
2022-09-19 12:00:37,1,-1,3880.0,-638
2022-09-19 12:00:38,55,9,3880.25,-629
2022-09-19 12:00:39,75,24,3880.75,-605
2022-09-19 12:00:40,81,8,3880.75,-597
2022-09-19 12:00:41,19,15,3880.75,-582
2022-09-19 12:00:42,34,2,3880.5,-580
2022-09-19 12:00:43,37,-29,3880.5,-609
2022-09-19 12:00:44,11,7,3880.25,-602
2022-09-19 12:00:45,153,-53,3880.25,-655
2022-09-19 12:00:46,70,-8,3880.75,-663
2022-09-19 12:00:47,35,5,3880.75,-658
2022-09-19 12:00:48,28,20,3881.0,-638
2022-09-19 12:00:49,56,7,3881.25,-631
2022-09-19 12:00:50,111,-3,3881.5,-634
2022-09-19 12:00:51,119,-19,3881.25,-653
2022-09-19 12:00:52,37,13,3881.0,-640
2022-09-19 12:00:53,71,-6,3881.25,-646
2022-09-19 12:00:54,67,1,3881.0,-645
2022-09-19 12:00:55,94,4,3881.0,-641
2022-09-19 12:00:56,14,-7,3880.75,-648
2022-09-19 12:00:57,28,-1,3880.75,-649
2022-09-19 12:00:58,33,13,3881.0,-636
2022-09-19 12:00:59,74,1,3880.75,-635
2022-09-19 12:01:00,31,9,3880.75,-626
2022-09-19 12:01:01,59,-13,3881.0,-639
2022-09-19 12:01:02,94,11,3881.25,-628
2022-09-19 12:01:03,50,-5,3881.25,-633
2022-09-19 12:01:04,11,9,3881.0,-624
2022-09-19 12:01:05,58,12,3881.25,-612
2022-09-19 12:01:06,74,3,3881.5,-609
2022-09-19 12:01:07,1,1,3881.0,-608
2022-09-19 12:01:08,68,-10,3881.25,-618
2022-09-19 12:01:09,7,5,3881.5,-613
2022-09-19 12:01:10,25,-11,3881.25,-624
2022-09-19 12:01:11,19,2,3881.25,-622
2022-09-19 12:01:12,21,0,3881.5,-622
2022-09-19 12:01:13,138,22,3881.5,-600
2022-09-19 12:01:14,131,-28,3881.25,-628
2022-09-19 12:01:15,27,1,3881.0,-627
2022-09-19 12:01:16,14,-7,3881.25,-634
2022-09-19 12:01:17,26,-4,3881.0,-638
2022-09-19 12:01:18,19,6,3880.75,-632
2022-09-19 12:01:19,81,7,3881.0,-625
2022-09-19 12:01:20,25,-7,3881.0,-632
2022-09-19 12:01:21,3,1,3880.75,-631
2022-09-19 12:01:22,28,-14,3880.75,-645
2022-09-19 12:01:23,28,-6,3880.75,-651
2022-09-19 12:01:24,25,2,3880.5,-649
2022-09-19 12:01:25,131,-60,3880.5,-709
2022-09-19 12:01:26,81,-13,3879.5,-722
2022-09-19 12:01:27,41,-14,3879.5,-736
2022-09-19 12:01:28,6,-5,3879.25,-741
2022-09-19 12:01:29,87,23,3879.75,-718
2022-09-19 12:01:30,51,7,3879.75,-711
2022-09-19 12:01:31,48,-11,3879.5,-722
2022-09-19 12:01:32,33,9,3879.75,-713
2022-09-19 12:01:33,24,0,3879.75,-713
2022-09-19 12:01:34,5,-1,3879.75,-714
2022-09-19 12:01:35,16,3,3879.75,-711
2022-09-19 12:01:36,24,-5,3880.0,-716
2022-09-19 12:01:37,49,-3,3879.75,-719
2022-09-19 12:01:38,15,-2,3879.75,-721
2022-09-19 12:01:39,2,-1,3879.75,-722
2022-09-19 12:01:40,16,-9,3879.75,-731
2022-09-19 12:01:41,68,34,3880.25,-697
2022-09-19 12:01:42,20,6,3880.25,-691
2022-09-19 12:01:43,6,4,3880.25,-687
2022-09-19 12:01:44,73,3,3880.5,-684
2022-09-19 12:01:45,27,0,3880.0,-684
2022-09-19 12:01:46,51,11,3880.25,-673
2022-09-19 12:01:47,11,-6,3880.0,-679
2022-09-19 12:01:48,39,-2,3880.25,-681
2022-09-19 12:01:49,11,4,3880.25,-677
2022-09-19 12:01:50,49,9,3880.25,-668
2022-09-19 12:01:51,43,3,3880.5,-665
2022-09-19 12:01:52,43,14,3880.5,-651
2022-09-19 12:01:53,4,-2,3880.5,-653
2022-09-19 12:01:54,48,-3,3880.25,-656
2022-09-19 12:01:55,4,-1,3880.5,-657
2022-09-19 12:01:56,146,13,3880.75,-644
2022-09-19 12:01:57,66,-24,3880.75,-668
2022-09-19 12:01:58,95,-18,3880.5,-686
2022-09-19 12:01:59,4,0,3880.25,-686
2022-09-19 12:02:00,63,-10,3880.25,-696
2022-09-19 12:02:01,71,4,3880.0,-692
2022-09-19 12:02:02,61,-3,3880.0,-695
2022-09-19 12:02:03,24,-13,3880.0,-708
2022-09-19 12:02:04,83,2,3879.75,-706
2022-09-19 12:02:05,15,6,3880.0,-700
2022-09-19 12:02:06,103,8,3880.5,-692
2022-09-19 12:02:07,12,-8,3880.25,-700
2022-09-19 12:02:08,9,-7,3880.0,-707
2022-09-19 12:02:09,27,7,3880.0,-700
2022-09-19 12:02:10,7,6,3880.0,-694
2022-09-19 12:02:11,79,11,3880.25,-683
2022-09-19 12:02:12,1,-1,3879.75,-684
2022-09-19 12:02:13,49,-16,3879.75,-700
2022-09-19 12:02:14,11,-7,3879.75,-707
2022-09-19 12:02:15,8,2,3879.75,-705
2022-09-19 12:02:16,9,-8,3879.75,-713
2022-09-19 12:02:17,45,-12,3879.5,-725
2022-09-19 12:02:18,109,-3,3879.75,-728
2022-09-19 12:02:19,37,-5,3879.75,-733
2022-09-19 12:02:20,116,108,3880.5,-625
2022-09-19 12:02:21,48,6,3880.25,-619
2022-09-19 12:02:22,31,22,3880.5,-597
2022-09-19 12:02:23,42,-14,3880.75,-611
2022-09-19 12:02:24,51,5,3880.75,-606
2022-09-19 12:02:25,52,5,3880.75,-601
2022-09-19 12:02:26,50,17,3881.25,-584
2022-09-19 12:02:27,57,22,3881.0,-562
2022-09-19 12:02:28,53,-11,3880.75,-573
2022-09-19 12:02:29,47,-10,3880.5,-583
2022-09-19 12:02:30,74,16,3880.75,-567
2022-09-19 12:02:31,30,2,3881.0,-565
2022-09-19 12:02:32,33,13,3881.25,-552
2022-09-19 12:02:33,22,-11,3881.0,-563
2022-09-19 12:02:34,37,6,3881.25,-557
2022-09-19 12:02:35,111,47,3881.75,-510
2022-09-19 12:02:36,66,-2,3881.5,-512
2022-09-19 12:02:37,47,-1,3881.25,-513
2022-09-19 12:02:38,141,-69,3881.5,-582
2022-09-19 12:02:39,70,-11,3881.25,-593
2022-09-19 12:02:40,30,19,3881.5,-574
2022-09-19 12:02:41,60,16,3881.75,-558
2022-09-19 12:02:42,32,10,3881.75,-548
2022-09-19 12:02:43,52,-17,3881.75,-565
2022-09-19 12:02:44,15,-8,3881.5,-573
2022-09-19 12:02:45,27,7,3881.5,-566
2022-09-19 12:02:46,45,6,3881.75,-560
2022-09-19 12:02:47,123,-32,3882.0,-592
2022-09-19 12:02:48,53,-3,3880.75,-595
2022-09-19 12:02:49,64,14,3881.0,-581
2022-09-19 12:02:50,94,2,3881.5,-579
2022-09-19 12:02:51,25,-1,3881.75,-580
2022-09-19 12:02:52,48,-5,3881.5,-585
2022-09-19 12:02:53,16,-4,3881.5,-589
2022-09-19 12:02:54,39,-5,3881.75,-594
2022-09-19 12:02:55,31,-12,3881.0,-606
2022-09-19 12:02:56,21,8,3881.0,-598
2022-09-19 12:02:57,10,2,3881.0,-596
2022-09-19 12:02:58,39,-7,3881.0,-603
2022-09-19 12:02:59,106,14,3881.25,-589
2022-09-19 12:03:00,104,-3,3881.0,-592
2022-09-19 12:03:01,73,2,3880.75,-590
2022-09-19 12:03:02,65,-6,3880.75,-596
2022-09-19 12:03:03,17,2,3881.0,-594
2022-09-19 12:03:04,12,-2,3881.0,-596
2022-09-19 12:03:05,1,-1,3880.75,-597
2022-09-19 12:03:06,17,0,3881.25,-597
2022-09-19 12:03:07,27,6,3881.0,-591
2022-09-19 12:03:08,6,-4,3881.25,-595
2022-09-19 12:03:09,21,-15,3880.75,-610
2022-09-19 12:03:10,15,-2,3880.75,-612
2022-09-19 12:03:11,26,-8,3880.5,-620
2022-09-19 12:03:12,7,-6,3880.5,-626
2022-09-19 12:03:13,52,-3,3880.5,-629
2022-09-19 12:03:14,23,-7,3880.5,-636
2022-09-19 12:03:15,64,-11,3880.5,-647
2022-09-19 12:03:16,33,1,3880.25,-646
2022-09-19 12:03:17,1,-1,3880.0,-647
2022-09-19 12:03:18,20,-15,3880.0,-662
2022-09-19 12:03:19,3,-3,3879.75,-665
2022-09-19 12:03:20,98,-28,3879.75,-693
2022-09-19 12:03:21,26,2,3880.0,-691
2022-09-19 12:03:22,45,11,3880.0,-680
2022-09-19 12:03:23,7,-5,3880.0,-685
2022-09-19 12:03:24,15,-6,3879.75,-691
2022-09-19 12:03:25,68,6,3879.75,-685
2022-09-19 12:03:26,67,-14,3879.75,-699
2022-09-19 12:03:27,32,7,3879.5,-692
2022-09-19 12:03:28,10,-2,3879.5,-694
2022-09-19 12:03:29,195,-48,3879.75,-742
2022-09-19 12:03:30,313,-78,3878.75,-820
2022-09-19 12:03:31,96,-10,3878.25,-830
2022-09-19 12:03:32,33,4,3878.5,-826
2022-09-19 12:03:33,84,4,3878.5,-822
2022-09-19 12:03:34,41,-3,3878.5,-825
2022-09-19 12:03:35,86,12,3878.25,-813
2022-09-19 12:03:36,4,-4,3878.0,-817
2022-09-19 12:03:37,88,-15,3878.25,-832
2022-09-19 12:03:38,54,-48,3878.0,-880
2022-09-19 12:03:39,125,22,3878.0,-858
2022-09-19 12:03:40,13,0,3878.25,-858
2022-09-19 12:03:41,66,8,3878.0,-850
2022-09-19 12:03:42,85,6,3878.0,-844
2022-09-19 12:03:43,1,-1,3878.0,-845
2022-09-19 12:03:44,47,4,3878.25,-841
2022-09-19 12:03:45,29,-5,3878.5,-846
2022-09-19 12:03:46,92,36,3879.25,-810
2022-09-19 12:03:47,113,-6,3879.25,-816
2022-09-19 12:03:48,40,-27,3879.0,-843
2022-09-19 12:03:49,96,8,3879.25,-835
2022-09-19 12:03:50,42,-14,3879.25,-849
2022-09-19 12:03:51,3,3,3879.25,-846
2022-09-19 12:03:52,34,-1,3879.25,-847
2022-09-19 12:03:53,109,-52,3879.0,-899
2022-09-19 12:03:54,25,-5,3878.5,-904
2022-09-19 12:03:55,49,22,3878.75,-882
2022-09-19 12:03:56,12,-8,3879.0,-890
2022-09-19 12:03:57,33,-14,3878.75,-904
2022-09-19 12:03:58,32,2,3878.75,-902
2022-09-19 12:03:59,1,1,3878.75,-901
2022-09-19 12:04:00,83,-17,3878.5,-918
2022-09-19 12:04:01,28,6,3878.25,-912
2022-09-19 12:04:02,47,-19,3878.0,-931
2022-09-19 12:04:03,13,-3,3878.0,-934
2022-09-19 12:04:04,34,-4,3878.0,-938
2022-09-19 12:04:05,11,-1,3878.25,-939
2022-09-19 12:04:06,63,-25,3878.25,-964
2022-09-19 12:04:07,45,16,3878.0,-948
2022-09-19 12:04:08,60,-8,3878.0,-956
2022-09-19 12:04:09,41,14,3878.0,-942
2022-09-19 12:04:10,24,-4,3877.5,-946
2022-09-19 12:04:11,35,-7,3877.75,-953
2022-09-19 12:04:12,45,-2,3877.75,-955
2022-09-19 12:04:13,10,4,3877.75,-951
2022-09-19 12:04:14,23,-13,3877.75,-964
2022-09-19 12:04:15,40,17,3878.25,-947
2022-09-19 12:04:16,53,-13,3877.75,-960
2022-09-19 12:04:17,57,-14,3877.75,-974
2022-09-19 12:04:18,17,8,3877.5,-966
2022-09-19 12:04:19,23,7,3877.75,-959
2022-09-19 12:04:20,9,-8,3877.5,-967
2022-09-19 12:04:21,36,10,3877.5,-957
2022-09-19 12:04:22,35,-25,3877.25,-982
2022-09-19 12:04:23,21,-1,3877.5,-983
2022-09-19 12:04:24,42,28,3877.75,-955
2022-09-19 12:04:25,35,-2,3877.75,-957
2022-09-19 12:04:26,7,4,3877.75,-953
2022-09-19 12:04:27,41,16,3878.0,-937
2022-09-19 12:04:28,35,-2,3878.25,-939
2022-09-19 12:04:29,29,17,3878.5,-922
2022-09-19 12:04:30,4,1,3878.5,-921
2022-09-19 12:04:31,48,-10,3878.5,-931
2022-09-19 12:04:32,12,3,3878.25,-928
2022-09-19 12:04:33,21,-4,3878.0,-932
2022-09-19 12:04:34,15,-11,3877.75,-943
2022-09-19 12:04:35,17,8,3878.0,-935
2022-09-19 12:04:36,101,-19,3877.75,-954
2022-09-19 12:04:37,48,10,3877.75,-944
2022-09-19 12:04:38,7,-4,3877.75,-948
2022-09-19 12:04:39,3,-1,3877.75,-949
2022-09-19 12:04:40,24,2,3877.75,-947
2022-09-19 12:04:41,4,-4,3877.5,-951
2022-09-19 12:04:42,45,-1,3877.5,-952
2022-09-19 12:04:43,8,-4,3877.5,-956
2022-09-19 12:04:44,64,-39,3877.25,-995
2022-09-19 12:04:45,6,-3,3877.25,-998
2022-09-19 12:04:46,25,10,3877.25,-988
2022-09-19 12:04:47,189,-30,3877.0,-1018
2022-09-19 12:04:48,63,-9,3877.0,-1027
2022-09-19 12:04:49,7,-5,3877.0,-1032
2022-09-19 12:04:50,71,14,3877.25,-1018
2022-09-19 12:04:51,44,-2,3877.25,-1020
2022-09-19 12:04:52,4,-2,3877.0,-1022
2022-09-19 12:04:53,29,7,3877.25,-1015
2022-09-19 12:04:54,42,10,3877.5,-1005
2022-09-19 12:04:55,12,4,3877.25,-1001
2022-09-19 12:04:56,26,-11,3877.0,-1012
2022-09-19 12:04:57,98,-8,3876.75,-1020
2022-09-19 12:04:58,54,-11,3876.75,-1031
2022-09-19 12:04:59,6,0,3877.0,-1031
2022-09-19 12:05:00,59,7,3877.0,-1024
2022-09-19 12:05:01,16,-14,3876.5,-1038
2022-09-19 12:05:03,4,-2,3876.75,-1040
2022-09-19 12:05:04,191,-38,3876.75,-1078
2022-09-19 12:05:05,135,45,3877.75,-1033
2022-09-19 12:05:06,83,-10,3877.75,-1043
2022-09-19 12:05:07,30,-8,3878.0,-1051
2022-09-19 12:05:08,24,-16,3877.75,-1067
2022-09-19 12:05:09,32,3,3878.0,-1064
2022-09-19 12:05:10,11,-5,3878.0,-1069
2022-09-19 12:05:11,23,6,3877.75,-1063
2022-09-19 12:05:12,3,-1,3877.75,-1064
2022-09-19 12:05:14,33,5,3878.0,-1059
2022-09-19 12:05:15,43,0,3878.25,-1059
2022-09-19 12:05:16,78,-6,3877.75,-1065
2022-09-19 12:05:17,18,3,3877.75,-1062
2022-09-19 12:05:18,38,-5,3878.0,-1067
2022-09-19 12:05:19,22,-5,3878.0,-1072
2022-09-19 12:05:20,41,20,3878.25,-1052
2022-09-19 12:05:21,73,9,3878.5,-1043
2022-09-19 12:05:22,12,6,3878.5,-1037
2022-09-19 12:05:23,69,-31,3878.5,-1068
2022-09-19 12:05:24,33,6,3878.25,-1062
2022-09-19 12:05:25,19,6,3878.25,-1056
2022-09-19 12:05:26,21,-6,3878.25,-1062
2022-09-19 12:05:27,20,3,3878.25,-1059
2022-09-19 12:05:28,34,-9,3878.25,-1068
2022-09-19 12:05:29,17,-5,3878.25,-1073
2022-09-19 12:05:30,16,-8,3878.0,-1081
2022-09-19 12:05:32,72,21,3878.75,-1060
2022-09-19 12:05:33,19,-14,3878.5,-1074
2022-09-19 12:05:34,29,5,3878.5,-1069
2022-09-19 12:05:35,19,-1,3878.5,-1070
2022-09-19 12:05:36,63,-24,3878.5,-1094
2022-09-19 12:05:37,89,-19,3878.25,-1113
2022-09-19 12:05:38,49,-17,3877.5,-1130
2022-09-19 12:05:39,75,-30,3877.5,-1160
2022-09-19 12:05:40,22,-1,3877.25,-1161
2022-09-19 12:05:41,77,13,3877.5,-1148
2022-09-19 12:05:42,22,-1,3877.75,-1149
2022-09-19 12:05:44,5,4,3877.5,-1145
2022-09-19 12:05:45,3,-3,3877.5,-1148
2022-09-19 12:05:46,19,8,3877.5,-1140
2022-09-19 12:05:47,41,-17,3877.25,-1157
2022-09-19 12:05:48,99,-1,3876.75,-1158
2022-09-19 12:05:49,20,-10,3876.5,-1168
2022-09-19 12:05:50,135,-51,3876.5,-1219
2022-09-19 12:05:51,466,-255,3876.5,-1474
2022-09-19 12:05:52,36,12,3876.0,-1462
2022-09-19 12:05:53,2,2,3876.0,-1460
2022-09-19 12:05:54,48,-11,3876.0,-1471
2022-09-19 12:05:55,124,-35,3875.75,-1506
2022-09-19 12:05:56,89,-7,3875.5,-1513
2022-09-19 12:05:57,69,4,3875.75,-1509
2022-09-19 12:05:58,83,14,3876.25,-1495
2022-09-19 12:05:59,105,-46,3875.75,-1541
2022-09-19 12:06:00,19,3,3875.75,-1538
2022-09-19 12:06:01,74,-3,3875.5,-1541
2022-09-19 12:06:02,44,-3,3875.25,-1544
2022-09-19 12:06:03,179,-42,3875.25,-1586
2022-09-19 12:06:04,70,14,3875.25,-1572
2022-09-19 12:06:05,48,24,3875.25,-1548
2022-09-19 12:06:06,6,0,3875.25,-1548
2022-09-19 12:06:07,70,-12,3875.25,-1560
2022-09-19 12:06:08,26,-5,3875.25,-1565
2022-09-19 12:06:09,141,-4,3875.0,-1569
2022-09-19 12:06:10,56,-10,3875.0,-1579
2022-09-19 12:06:11,161,18,3875.25,-1561
2022-09-19 12:06:12,49,-11,3875.25,-1572
2022-09-19 12:06:13,14,-10,3875.0,-1582
2022-09-19 12:06:14,56,9,3875.25,-1573
2022-09-19 12:06:15,20,-2,3875.0,-1575
2022-09-19 12:06:16,59,-20,3875.0,-1595
2022-09-19 12:06:17,81,-35,3874.75,-1630
2022-09-19 12:06:18,65,-22,3874.5,-1652
2022-09-19 12:06:19,132,2,3874.5,-1650
2022-09-19 12:06:20,141,-2,3874.75,-1652
2022-09-19 12:06:21,55,-2,3874.75,-1654
2022-09-19 12:06:22,48,-15,3875.0,-1669
2022-09-19 12:06:23,51,12,3875.0,-1657
2022-09-19 12:06:24,287,-60,3875.25,-1717
2022-09-19 12:06:25,2,1,3875.25,-1716
2022-09-19 12:06:26,267,-26,3875.25,-1742
2022-09-19 12:06:27,87,-45,3875.0,-1787
2022-09-19 12:06:28,937,-450,3875.25,-2237
2022-09-19 12:06:29,69,-8,3874.25,-2245
2022-09-19 12:06:30,782,-419,3874.0,-2664
2022-09-19 12:06:31,123,-23,3872.75,-2687
2022-09-19 12:06:32,102,1,3872.5,-2686
2022-09-19 12:06:33,78,10,3872.75,-2676
2022-09-19 12:06:34,94,-2,3872.75,-2678
2022-09-19 12:06:35,93,-27,3872.75,-2705
2022-09-19 12:06:36,53,-15,3872.75,-2720
2022-09-19 12:06:37,770,-368,3872.5,-3088
2022-09-19 12:06:38,194,-14,3871.75,-3102
2022-09-19 12:06:39,494,131,3872.0,-2971
2022-09-19 12:06:40,113,-12,3872.0,-2983
2022-09-19 12:06:41,196,-16,3872.0,-2999
2022-09-19 12:06:42,80,23,3872.0,-2976
2022-09-19 12:06:43,97,-38,3872.25,-3014
2022-09-19 12:06:44,100,-46,3872.25,-3060
2022-09-19 12:06:45,83,-32,3872.25,-3092
2022-09-19 12:06:46,186,-110,3872.25,-3202
2022-09-19 12:06:47,180,-47,3872.0,-3249
2022-09-19 12:06:48,57,-3,3872.0,-3252
2022-09-19 12:06:49,17,-11,3871.75,-3263
2022-09-19 12:06:50,20,17,3871.75,-3246
2022-09-19 12:06:51,63,-5,3872.0,-3251
2022-09-19 12:06:52,33,8,3872.25,-3243
2022-09-19 12:06:53,64,-27,3872.0,-3270
2022-09-19 12:06:54,852,-397,3871.75,-3667
2022-09-19 12:06:55,91,20,3871.25,-3647
2022-09-19 12:06:56,257,20,3871.5,-3627
2022-09-19 12:06:57,11,9,3871.25,-3618
2022-09-19 12:06:58,32,-4,3871.5,-3622
2022-09-19 12:06:59,153,29,3871.25,-3593
2022-09-19 12:07:00,98,13,3871.25,-3580
2022-09-19 12:07:01,114,-19,3871.0,-3599
2022-09-19 12:07:02,142,-7,3871.0,-3606
2022-09-19 12:07:03,59,-10,3871.0,-3616
2022-09-19 12:07:04,172,-39,3871.0,-3655
2022-09-19 12:07:05,111,82,3871.25,-3573
2022-09-19 12:07:06,76,3,3871.5,-3570
2022-09-19 12:07:07,105,30,3872.0,-3540
2022-09-19 12:07:08,332,62,3873.0,-3478
2022-09-19 12:07:09,250,1,3873.0,-3477
2022-09-19 12:07:10,72,-3,3872.75,-3480
2022-09-19 12:07:11,8,2,3872.5,-3478
2022-09-19 12:07:12,131,15,3873.0,-3463
2022-09-19 12:07:13,96,9,3873.25,-3454
2022-09-19 12:07:14,134,-20,3873.25,-3474
2022-09-19 12:07:15,21,11,3873.25,-3463
2022-09-19 12:07:16,182,99,3873.5,-3364
2022-09-19 12:07:17,91,-2,3873.25,-3366
2022-09-19 12:07:18,55,4,3873.5,-3362
2022-09-19 12:07:19,321,-66,3873.5,-3428
2022-09-19 12:07:20,274,78,3874.25,-3350
2022-09-19 12:07:21,581,122,3875.75,-3228
2022-09-19 12:07:22,244,54,3876.75,-3174
2022-09-19 12:07:23,86,-12,3876.25,-3186
2022-09-19 12:07:24,79,-6,3876.0,-3192
2022-09-19 12:07:25,107,-14,3876.25,-3206
2022-09-19 12:07:26,135,-42,3876.0,-3248
2022-09-19 12:07:27,95,22,3875.5,-3226
2022-09-19 12:07:28,94,1,3876.0,-3225
2022-09-19 12:07:29,68,-24,3876.25,-3249
2022-09-19 12:07:30,84,-20,3876.25,-3269
2022-09-19 12:07:31,219,48,3876.75,-3221
2022-09-19 12:07:32,204,81,3877.75,-3140
2022-09-19 12:07:33,482,254,3878.5,-2886
2022-09-19 12:07:34,525,78,3879.5,-2808
2022-09-19 12:07:35,135,-7,3879.25,-2815
2022-09-19 12:07:36,255,7,3879.0,-2808
2022-09-19 12:07:37,93,-7,3879.5,-2815
2022-09-19 12:07:38,158,-17,3879.25,-2832
2022-09-19 12:07:39,148,8,3879.0,-2824
2022-09-19 12:07:40,208,37,3879.0,-2787
2022-09-19 12:07:41,140,-11,3879.0,-2798
2022-09-19 12:07:42,96,-9,3878.25,-2807
2022-09-19 12:07:43,160,-16,3878.25,-2823
2022-09-19 12:07:44,50,10,3878.75,-2813
2022-09-19 12:07:45,63,-18,3879.0,-2831
2022-09-19 12:07:46,119,-16,3878.75,-2847
2022-09-19 12:07:47,60,-1,3878.75,-2848
2022-09-19 12:07:48,111,-4,3878.5,-2852
2022-09-19 12:07:49,63,-9,3878.5,-2861
2022-09-19 12:07:50,60,-4,3879.0,-2865
2022-09-19 12:07:51,15,4,3878.75,-2861
2022-09-19 12:07:52,129,39,3879.25,-2822
2022-09-19 12:07:53,86,-40,3879.25,-2862
2022-09-19 12:07:54,74,16,3879.25,-2846
2022-09-19 12:07:55,66,-2,3879.25,-2848
2022-09-19 12:07:56,22,-2,3879.0,-2850
2022-09-19 12:07:57,51,-1,3879.5,-2851
2022-09-19 12:07:58,21,10,3879.5,-2841
2022-09-19 12:07:59,95,12,3879.75,-2829
2022-09-19 12:08:00,146,19,3879.75,-2810
2022-09-19 12:08:01,224,15,3880.0,-2795
2022-09-19 12:08:02,48,15,3880.0,-2780
2022-09-19 12:08:03,55,3,3880.25,-2777
2022-09-19 12:08:04,91,-9,3880.25,-2786
2022-09-19 12:08:05,114,-1,3880.25,-2787
2022-09-19 12:08:06,34,12,3880.5,-2775
2022-09-19 12:08:07,34,-16,3880.5,-2791
2022-09-19 12:08:08,237,-30,3880.5,-2821
2022-09-19 12:08:09,163,-13,3880.0,-2834
2022-09-19 12:08:10,55,4,3880.0,-2830
2022-09-19 12:08:11,164,30,3880.5,-2800
2022-09-19 12:08:12,46,13,3880.5,-2787
2022-09-19 12:08:13,83,-7,3880.5,-2794
2022-09-19 12:08:14,125,-7,3880.5,-2801
2022-09-19 12:08:15,60,-4,3880.5,-2805
2022-09-19 12:08:16,18,-14,3880.25,-2819
2022-09-19 12:08:17,58,-6,3880.25,-2825
2022-09-19 12:08:18,143,25,3880.5,-2800
2022-09-19 12:08:19,75,-3,3880.75,-2803
2022-09-19 12:08:20,59,-7,3880.5,-2810
2022-09-19 12:08:21,55,-4,3880.5,-2814
2022-09-19 12:08:22,28,12,3880.5,-2802
2022-09-19 12:08:23,60,-16,3880.5,-2818
2022-09-19 12:08:24,65,-3,3880.25,-2821
2022-09-19 12:08:25,91,-8,3880.25,-2829
2022-09-19 12:08:26,44,1,3880.0,-2828
2022-09-19 12:08:27,42,-10,3880.0,-2838
2022-09-19 12:08:28,32,-5,3879.75,-2843
2022-09-19 12:08:29,34,3,3879.75,-2840
2022-09-19 12:08:30,11,2,3879.75,-2838
2022-09-19 12:08:31,38,-11,3880.0,-2849
2022-09-19 12:08:32,1,-1,3879.75,-2850
2022-09-19 12:08:33,148,30,3880.25,-2820
2022-09-19 12:08:34,60,-2,3880.25,-2822
2022-09-19 12:08:35,115,32,3880.5,-2790
2022-09-19 12:08:36,44,-19,3880.5,-2809
2022-09-19 12:08:37,112,-25,3880.25,-2834
2022-09-19 12:08:38,109,-7,3880.0,-2841
2022-09-19 12:08:39,138,-40,3879.5,-2881
2022-09-19 12:08:40,69,12,3879.25,-2869
2022-09-19 12:08:41,4,-4,3879.25,-2873
2022-09-19 12:08:42,76,17,3879.5,-2856
2022-09-19 12:08:43,2,-2,3879.25,-2858
2022-09-19 12:08:44,76,-22,3879.25,-2880
2022-09-19 12:08:45,74,-4,3879.25,-2884
2022-09-19 12:08:46,13,2,3879.5,-2882
2022-09-19 12:08:47,78,36,3880.0,-2846
2022-09-19 12:08:48,106,23,3880.75,-2823
2022-09-19 12:08:49,2,0,3880.5,-2823
2022-09-19 12:08:50,97,19,3880.75,-2804
2022-09-19 12:08:51,25,9,3880.75,-2795
2022-09-19 12:08:52,8,4,3881.0,-2791
2022-09-19 12:08:53,54,-9,3881.0,-2800
2022-09-19 12:08:54,81,15,3881.0,-2785
2022-09-19 12:08:55,102,9,3881.25,-2776
2022-09-19 12:08:56,116,-13,3881.0,-2789
2022-09-19 12:08:57,117,-2,3881.0,-2791
2022-09-19 12:08:58,22,6,3880.75,-2785
2022-09-19 12:08:59,66,14,3880.75,-2771
2022-09-19 12:09:00,175,7,3881.25,-2764
2022-09-19 12:09:01,180,59,3881.75,-2705
2022-09-19 12:09:02,72,-12,3881.5,-2717
2022-09-19 12:09:03,72,18,3881.5,-2699
2022-09-19 12:09:04,30,20,3881.75,-2679
2022-09-19 12:09:05,132,-32,3881.75,-2711
2022-09-19 12:09:06,62,25,3882.0,-2686
2022-09-19 12:09:07,84,0,3881.75,-2686
2022-09-19 12:09:08,28,-9,3881.75,-2695
2022-09-19 12:09:09,132,-33,3881.75,-2728
2022-09-19 12:09:10,33,3,3881.25,-2725
2022-09-19 12:09:11,139,-4,3881.25,-2729
2022-09-19 12:09:12,61,2,3881.0,-2727
2022-09-19 12:09:13,80,4,3881.0,-2723
2022-09-19 12:09:14,155,-24,3880.5,-2747
2022-09-19 12:09:15,21,8,3880.75,-2739
2022-09-19 12:09:16,19,3,3880.75,-2736
2022-09-19 12:09:17,18,-12,3880.5,-2748
2022-09-19 12:09:18,353,-67,3880.5,-2815
2022-09-19 12:09:19,136,-27,3879.75,-2842
2022-09-19 12:09:20,67,-2,3879.75,-2844
2022-09-19 12:09:21,76,2,3879.5,-2842
2022-09-19 12:09:22,10,8,3879.25,-2834
2022-09-19 12:09:23,58,0,3879.5,-2834
2022-09-19 12:09:24,38,-6,3879.75,-2840
2022-09-19 12:09:25,22,3,3879.75,-2837
2022-09-19 12:09:26,4,-1,3879.75,-2838
2022-09-19 12:09:27,18,13,3879.75,-2825
2022-09-19 12:09:28,68,3,3880.25,-2822
2022-09-19 12:09:29,80,-1,3880.0,-2823
2022-09-19 12:09:30,90,20,3880.25,-2803
2022-09-19 12:09:31,47,13,3880.5,-2790
2022-09-19 12:09:32,79,-6,3880.75,-2796
2022-09-19 12:09:33,31,0,3880.75,-2796
2022-09-19 12:09:34,65,2,3880.75,-2794
2022-09-19 12:09:35,29,-5,3880.25,-2799
2022-09-19 12:09:36,39,-3,3880.25,-2802
2022-09-19 12:09:37,55,-10,3880.5,-2812
2022-09-19 12:09:38,65,-1,3880.25,-2813
2022-09-19 12:09:39,18,14,3880.75,-2799
2022-09-19 12:09:40,86,-12,3880.5,-2811
2022-09-19 12:09:41,26,10,3880.5,-2801
2022-09-19 12:09:42,28,-3,3880.25,-2804
2022-09-19 12:09:43,6,3,3880.25,-2801
2022-09-19 12:09:44,67,4,3880.25,-2797
2022-09-19 12:09:45,34,5,3880.5,-2792
2022-09-19 12:09:46,69,1,3880.75,-2791
2022-09-19 12:09:47,16,-4,3880.5,-2795
2022-09-19 12:09:48,32,1,3880.5,-2794
2022-09-19 12:09:49,64,-6,3880.5,-2800
2022-09-19 12:09:50,53,-25,3880.25,-2825
2022-09-19 12:09:51,153,-11,3880.0,-2836
2022-09-19 12:09:52,8,-6,3879.75,-2842
2022-09-19 12:09:53,61,3,3880.0,-2839
2022-09-19 12:09:54,13,-2,3880.0,-2841
2022-09-19 12:09:55,12,-10,3879.75,-2851
2022-09-19 12:09:56,1,-1,3879.25,-2852
2022-09-19 12:09:57,22,10,3879.5,-2842
2022-09-19 12:09:58,97,0,3880.0,-2842
2022-09-19 12:09:59,50,9,3879.75,-2833
2022-09-19 12:10:00,56,-2,3879.75,-2835
2022-09-19 12:10:01,42,-13,3879.75,-2848
2022-09-19 12:10:02,20,-6,3880.0,-2854
2022-09-19 12:10:03,21,-2,3880.0,-2856
2022-09-19 12:10:04,35,6,3880.0,-2850
2022-09-19 12:10:05,34,-1,3879.75,-2851
2022-09-19 12:10:06,18,-7,3879.75,-2858
2022-09-19 12:10:08,55,-14,3879.5,-2872
2022-09-19 12:10:09,111,23,3879.75,-2849
2022-09-19 12:10:10,102,12,3879.75,-2837
2022-09-19 12:10:11,13,-3,3879.75,-2840
2022-09-19 12:10:12,51,3,3880.0,-2837
2022-09-19 12:10:13,91,15,3880.0,-2822
2022-09-19 12:10:14,81,19,3880.25,-2803
2022-09-19 12:10:15,130,16,3881.0,-2787
2022-09-19 12:10:16,31,2,3880.5,-2785
2022-09-19 12:10:17,54,6,3880.5,-2779
2022-09-19 12:10:18,53,-15,3880.5,-2794
2022-09-19 12:10:19,44,7,3880.75,-2787
2022-09-19 12:10:20,65,-21,3880.75,-2808
2022-09-19 12:10:21,36,8,3880.5,-2800
2022-09-19 12:10:22,70,18,3880.75,-2782
2022-09-19 12:10:23,20,5,3881.0,-2777
2022-09-19 12:10:24,1,1,3881.0,-2776
2022-09-19 12:10:25,56,10,3881.0,-2766
2022-09-19 12:10:26,72,-8,3881.0,-2774
2022-09-19 12:10:27,98,37,3881.0,-2737
2022-09-19 12:10:28,38,-2,3880.75,-2739
2022-09-19 12:10:29,113,-22,3880.5,-2761
2022-09-19 12:10:30,64,5,3880.5,-2756
2022-09-19 12:10:31,48,-9,3880.5,-2765
2022-09-19 12:10:32,14,8,3880.5,-2757
2022-09-19 12:10:33,140,40,3881.5,-2717
2022-09-19 12:10:34,47,-16,3881.5,-2733
2022-09-19 12:10:35,2,2,3881.0,-2731
2022-09-19 12:10:36,50,4,3881.0,-2727
2022-09-19 12:10:37,51,4,3881.25,-2723
2022-09-19 12:10:38,33,22,3881.25,-2701
2022-09-19 12:10:39,8,-4,3881.25,-2705
2022-09-19 12:10:40,53,10,3881.25,-2695
2022-09-19 12:10:41,12,0,3881.25,-2695
2022-09-19 12:10:42,131,6,3881.75,-2689
2022-09-19 12:10:43,54,4,3881.25,-2685
2022-09-19 12:10:44,52,-10,3881.5,-2695
2022-09-19 12:10:45,23,9,3881.5,-2686
2022-09-19 12:10:46,27,6,3881.75,-2680
2022-09-19 12:10:47,29,-3,3881.75,-2683
2022-09-19 12:10:48,39,-8,3881.5,-2691
2022-09-19 12:10:49,28,5,3881.5,-2686
2022-09-19 12:10:50,38,24,3881.75,-2662
2022-09-19 12:10:51,62,4,3881.75,-2658
2022-09-19 12:10:52,47,-6,3881.75,-2664
2022-09-19 12:10:53,121,-4,3881.75,-2668
2022-09-19 12:10:54,83,10,3881.75,-2658
2022-09-19 12:10:55,12,-2,3881.75,-2660
2022-09-19 12:10:56,108,34,3882.0,-2626
2022-09-19 12:10:57,7,0,3882.0,-2626
2022-09-19 12:10:58,101,-26,3881.75,-2652
2022-09-19 12:10:59,29,-13,3881.5,-2665
2022-09-19 12:11:00,30,8,3881.5,-2657
2022-09-19 12:11:01,24,0,3881.5,-2657
2022-09-19 12:11:02,62,3,3881.5,-2654
2022-09-19 12:11:03,28,9,3881.5,-2645
2022-09-19 12:11:04,53,-5,3881.5,-2650
2022-09-19 12:11:05,52,-4,3881.5,-2654
2022-09-19 12:11:06,25,-6,3881.25,-2660
2022-09-19 12:11:07,11,6,3881.25,-2654
2022-09-19 12:11:08,200,-8,3881.5,-2662
2022-09-19 12:11:09,12,9,3881.75,-2653
2022-09-19 12:11:10,94,13,3882.0,-2640
2022-09-19 12:11:11,42,2,3882.0,-2638
2022-09-19 12:11:12,100,-12,3881.75,-2650
2022-09-19 12:11:13,27,11,3882.0,-2639
2022-09-19 12:11:14,55,-5,3882.0,-2644
2022-09-19 12:11:15,16,-5,3881.75,-2649
2022-09-19 12:11:16,68,7,3882.0,-2642
2022-09-19 12:11:17,99,-15,3881.75,-2657
2022-09-19 12:11:18,26,-7,3881.25,-2664
2022-09-19 12:11:19,31,8,3881.5,-2656
2022-09-19 12:11:20,29,4,3881.25,-2652
2022-09-19 12:11:21,10,-7,3881.25,-2659
2022-09-19 12:11:22,20,4,3881.25,-2655
2022-09-19 12:11:23,36,-12,3881.25,-2667
2022-09-19 12:11:24,69,4,3881.25,-2663
2022-09-19 12:11:25,13,8,3881.25,-2655
2022-09-19 12:11:26,216,-72,3881.25,-2727
2022-09-19 12:11:27,36,10,3881.0,-2717
2022-09-19 12:11:28,10,-6,3880.75,-2723
2022-09-19 12:11:29,111,11,3881.0,-2712
2022-09-19 12:11:30,20,-5,3880.75,-2717
2022-09-19 12:11:31,19,3,3880.75,-2714
2022-09-19 12:11:32,62,7,3881.0,-2707
2022-09-19 12:11:33,24,2,3881.5,-2705
2022-09-19 12:11:34,71,-6,3881.25,-2711
2022-09-19 12:11:35,47,-16,3881.0,-2727
2022-09-19 12:11:36,11,2,3881.0,-2725
2022-09-19 12:11:37,29,-1,3880.75,-2726
2022-09-19 12:11:38,41,-5,3881.0,-2731
2022-09-19 12:11:39,19,6,3881.25,-2725
2022-09-19 12:11:40,32,5,3881.0,-2720
2022-09-19 12:11:41,17,5,3881.0,-2715
2022-09-19 12:11:42,16,1,3881.0,-2714
2022-09-19 12:11:43,36,-17,3881.0,-2731
2022-09-19 12:11:44,20,0,3881.0,-2731
2022-09-19 12:11:45,58,5,3880.5,-2726
2022-09-19 12:11:46,78,-21,3880.75,-2747
2022-09-19 12:11:47,40,-6,3880.75,-2753
2022-09-19 12:11:48,46,3,3881.0,-2750
2022-09-19 12:11:49,93,29,3881.25,-2721
2022-09-19 12:11:50,17,3,3881.25,-2718
2022-09-19 12:11:51,7,-7,3881.0,-2725
2022-09-19 12:11:52,34,7,3881.25,-2718
2022-09-19 12:11:53,6,-2,3881.0,-2720
2022-09-19 12:11:54,13,5,3881.0,-2715
2022-09-19 12:11:55,31,3,3881.25,-2712
2022-09-19 12:11:56,21,-5,3881.0,-2717
2022-09-19 12:11:57,17,7,3881.25,-2710
2022-09-19 12:11:58,14,-6,3881.0,-2716
2022-09-19 12:11:59,44,-24,3881.0,-2740
2022-09-19 12:12:00,30,10,3880.75,-2730
2022-09-19 12:12:01,45,0,3880.75,-2730
2022-09-19 12:12:02,11,-9,3880.25,-2739
2022-09-19 12:12:03,15,-2,3880.25,-2741
2022-09-19 12:12:04,2,-2,3880.0,-2743
2022-09-19 12:12:05,26,-11,3880.25,-2754
2022-09-19 12:12:06,100,-24,3880.0,-2778
2022-09-19 12:12:07,53,-12,3879.75,-2790
2022-09-19 12:12:08,39,-6,3879.75,-2796
2022-09-19 12:12:09,126,16,3879.75,-2780
2022-09-19 12:12:10,54,4,3880.0,-2776
2022-09-19 12:12:11,21,1,3880.25,-2775
2022-09-19 12:12:12,25,-12,3880.0,-2787
2022-09-19 12:12:13,19,5,3879.5,-2782
2022-09-19 12:12:14,97,19,3880.0,-2763
2022-09-19 12:12:15,29,18,3880.25,-2745
2022-09-19 12:12:16,41,-11,3880.0,-2756
2022-09-19 12:12:17,35,-3,3879.5,-2759
2022-09-19 12:12:18,29,-4,3879.25,-2763
2022-09-19 12:12:19,27,-4,3879.25,-2767
2022-09-19 12:12:20,63,29,3880.25,-2738
2022-09-19 12:12:21,18,-10,3880.25,-2748
2022-09-19 12:12:22,62,12,3880.25,-2736
2022-09-19 12:12:23,1,1,3880.25,-2735
2022-09-19 12:12:24,22,0,3880.25,-2735
2022-09-19 12:12:25,48,-5,3880.0,-2740
2022-09-19 12:12:26,16,3,3880.25,-2737
2022-09-19 12:12:27,123,60,3881.5,-2677
2022-09-19 12:12:28,39,4,3881.75,-2673
2022-09-19 12:12:29,37,1,3881.5,-2672
2022-09-19 12:12:30,78,4,3881.5,-2668
2022-09-19 12:12:31,15,5,3881.75,-2663
2022-09-19 12:12:32,29,1,3881.5,-2662
2022-09-19 12:12:34,6,0,3881.75,-2662
2022-09-19 12:12:35,45,0,3881.5,-2662
2022-09-19 12:12:36,1,1,3881.5,-2661
2022-09-19 12:12:37,36,2,3881.5,-2659
2022-09-19 12:12:38,27,0,3881.5,-2659
2022-09-19 12:12:40,72,-5,3881.75,-2664
2022-09-19 12:12:41,37,-14,3881.5,-2678
2022-09-19 12:12:42,28,4,3881.5,-2674
2022-09-19 12:12:43,59,-21,3881.75,-2695
2022-09-19 12:12:44,11,3,3881.5,-2692
2022-09-19 12:12:45,17,1,3881.5,-2691
2022-09-19 12:12:46,1,-1,3881.5,-2692
2022-09-19 12:12:47,48,-11,3881.75,-2703
2022-09-19 12:12:48,2,0,3881.75,-2703
2022-09-19 12:12:49,18,-1,3881.5,-2704
2022-09-19 12:12:50,41,-2,3881.25,-2706
2022-09-19 12:12:51,7,-5,3881.25,-2711
2022-09-19 12:12:52,21,3,3881.25,-2708
2022-09-19 12:12:53,4,2,3881.25,-2706
2022-09-19 12:12:54,3,3,3881.25,-2703
2022-09-19 12:12:55,10,6,3881.5,-2697
2022-09-19 12:12:56,1,1,3881.75,-2696
2022-09-19 12:12:57,52,0,3881.75,-2696
2022-09-19 12:12:58,37,-17,3881.5,-2713
2022-09-19 12:12:59,27,3,3881.5,-2710
2022-09-19 12:13:00,52,-16,3881.5,-2726
2022-09-19 12:13:01,57,-15,3881.25,-2741
2022-09-19 12:13:02,34,3,3881.5,-2738
2022-09-19 12:13:03,25,10,3881.5,-2728
2022-09-19 12:13:04,6,-5,3881.5,-2733
2022-09-19 12:13:06,13,13,3881.75,-2720
2022-09-19 12:13:07,47,16,3881.75,-2704
2022-09-19 12:13:08,58,33,3882.0,-2671
2022-09-19 12:13:09,126,68,3882.5,-2603
2022-09-19 12:13:10,42,-15,3882.5,-2618
2022-09-19 12:13:11,71,-6,3882.25,-2624
2022-09-19 12:13:12,79,8,3882.25,-2616
2022-09-19 12:13:13,36,10,3882.25,-2606
2022-09-19 12:13:14,48,1,3882.0,-2605
2022-09-19 12:13:15,59,6,3882.25,-2599
2022-09-19 12:13:16,12,1,3882.25,-2598
2022-09-19 12:13:17,76,25,3882.5,-2573
2022-09-19 12:13:18,25,-4,3882.5,-2577
2022-09-19 12:13:19,14,0,3882.5,-2577
2022-09-19 12:13:20,4,1,3882.5,-2576
2022-09-19 12:13:21,4,4,3882.5,-2572
2022-09-19 12:13:22,55,-6,3882.5,-2578
2022-09-19 12:13:23,16,-15,3882.25,-2593
2022-09-19 12:13:24,27,-4,3882.25,-2597
2022-09-19 12:13:25,54,2,3882.5,-2595
2022-09-19 12:13:26,52,-6,3882.25,-2601
2022-09-19 12:13:27,208,-43,3882.0,-2644
2022-09-19 12:13:28,2,0,3881.25,-2644
2022-09-19 12:13:29,103,21,3881.5,-2623
2022-09-19 12:13:30,68,12,3881.75,-2611
2022-09-19 12:13:31,63,-1,3881.5,-2612
2022-09-19 12:13:32,92,-19,3881.25,-2631
2022-09-19 12:13:33,66,-14,3881.0,-2645
2022-09-19 12:13:34,59,-1,3881.5,-2646
2022-09-19 12:13:35,62,-4,3881.5,-2650
2022-09-19 12:13:36,37,3,3881.25,-2647
2022-09-19 12:13:37,19,-1,3881.25,-2648
2022-09-19 12:13:38,51,-16,3881.25,-2664
2022-09-19 12:13:39,45,-1,3881.0,-2665
2022-09-19 12:13:41,76,-37,3881.0,-2702
2022-09-19 12:13:42,32,22,3880.75,-2680
2022-09-19 12:13:43,80,-4,3880.75,-2684
2022-09-19 12:13:44,24,0,3880.5,-2684
2022-09-19 12:13:45,18,-3,3880.5,-2687
2022-09-19 12:13:46,98,-23,3880.5,-2710
2022-09-19 12:13:47,32,0,3880.25,-2710
2022-09-19 12:13:48,45,-1,3880.25,-2711
2022-09-19 12:13:49,14,2,3880.25,-2709
2022-09-19 12:13:50,5,4,3880.5,-2705
2022-09-19 12:13:51,37,2,3880.25,-2703
2022-09-19 12:13:52,24,-8,3880.5,-2711
2022-09-19 12:13:53,61,13,3881.0,-2698
2022-09-19 12:13:54,1,-1,3880.75,-2699
2022-09-19 12:13:56,17,16,3881.5,-2683
2022-09-19 12:13:57,15,-7,3881.5,-2690
2022-09-19 12:13:58,17,5,3881.75,-2685
2022-09-19 12:13:59,15,10,3882.0,-2675
2022-09-19 12:14:00,135,38,3882.5,-2637
2022-09-19 12:14:01,73,36,3882.5,-2601
2022-09-19 12:14:02,70,-11,3882.5,-2612
2022-09-19 12:14:03,51,4,3882.5,-2608
2022-09-19 12:14:04,2,2,3882.5,-2606
2022-09-19 12:14:05,51,-13,3882.5,-2619
2022-09-19 12:14:06,63,7,3882.5,-2612
2022-09-19 12:14:07,41,4,3882.5,-2608
2022-09-19 12:14:08,79,-1,3882.5,-2609
2022-09-19 12:14:09,14,-4,3882.5,-2613
2022-09-19 12:14:10,110,-29,3882.25,-2642
2022-09-19 12:14:11,4,0,3881.75,-2642
2022-09-19 12:14:12,89,-22,3881.5,-2664
2022-09-19 12:14:13,87,-18,3881.25,-2682
2022-09-19 12:14:14,40,13,3881.0,-2669
2022-09-19 12:14:15,47,0,3881.5,-2669
2022-09-19 12:14:16,18,-5,3881.25,-2674
2022-09-19 12:14:17,34,2,3881.25,-2672
2022-09-19 12:14:18,3,-3,3881.0,-2675
2022-09-19 12:14:19,48,7,3881.25,-2668
2022-09-19 12:14:20,29,-4,3881.25,-2672
2022-09-19 12:14:21,16,0,3881.25,-2672
2022-09-19 12:14:22,47,-3,3881.0,-2675
2022-09-19 12:14:23,24,-12,3880.75,-2687
2022-09-19 12:14:24,21,-7,3880.5,-2694
2022-09-19 12:14:25,61,-6,3880.5,-2700
2022-09-19 12:14:26,448,-131,3880.25,-2831
2022-09-19 12:14:27,59,11,3879.5,-2820
2022-09-19 12:14:28,77,7,3879.5,-2813
2022-09-19 12:14:29,16,-3,3879.5,-2816
2022-09-19 12:14:30,60,27,3879.5,-2789
2022-09-19 12:14:31,37,-4,3879.25,-2793
2022-09-19 12:14:32,65,-30,3879.25,-2823
2022-09-19 12:14:33,50,3,3879.25,-2820
2022-09-19 12:14:34,89,29,3879.75,-2791
2022-09-19 12:14:35,70,-10,3879.5,-2801
2022-09-19 12:14:36,28,-3,3879.75,-2804
2022-09-19 12:14:37,16,-13,3879.5,-2817
2022-09-19 12:14:38,63,0,3879.25,-2817
2022-09-19 12:14:39,12,10,3879.25,-2807
2022-09-19 12:14:40,73,14,3879.75,-2793
2022-09-19 12:14:41,35,-1,3879.75,-2794
2022-09-19 12:14:42,81,40,3880.0,-2754
2022-09-19 12:14:43,26,9,3880.25,-2745
2022-09-19 12:14:44,86,-9,3880.25,-2754
2022-09-19 12:14:45,5,3,3879.75,-2751
2022-09-19 12:14:46,19,-2,3879.75,-2753
2022-09-19 12:14:47,41,10,3879.75,-2743
2022-09-19 12:14:48,37,7,3879.75,-2736
2022-09-19 12:14:49,33,3,3880.0,-2733
2022-09-19 12:14:50,38,-19,3880.0,-2752
2022-09-19 12:14:51,67,21,3880.0,-2731
2022-09-19 12:14:52,5,5,3879.75,-2726
2022-09-19 12:14:53,2,1,3880.0,-2725
2022-09-19 12:14:54,39,-26,3879.75,-2751
2022-09-19 12:14:55,38,-1,3879.5,-2752
2022-09-19 12:14:56,1,-1,3879.25,-2753
2022-09-19 12:14:57,61,4,3879.5,-2749
2022-09-19 12:14:58,18,-13,3879.25,-2762
2022-09-19 12:14:59,80,7,3879.5,-2755
2022-09-19 12:15:00,26,-6,3879.5,-2761
2022-09-19 12:15:01,6,4,3879.25,-2757
2022-09-19 12:15:02,66,9,3879.5,-2748
2022-09-19 12:15:03,25,-1,3879.5,-2749
2022-09-19 12:15:04,40,-9,3879.25,-2758
2022-09-19 12:15:05,26,-7,3879.25,-2765
2022-09-19 12:15:06,33,-5,3879.0,-2770
2022-09-19 12:15:07,30,-8,3879.25,-2778
2022-09-19 12:15:08,54,9,3879.25,-2769
2022-09-19 12:15:09,28,-11,3879.0,-2780
2022-09-19 12:15:10,125,-17,3879.0,-2797
2022-09-19 12:15:11,97,-21,3878.75,-2818
2022-09-19 12:15:12,88,-6,3878.75,-2824
2022-09-19 12:15:13,34,-7,3878.75,-2831
2022-09-19 12:15:14,66,7,3879.0,-2824
2022-09-19 12:15:15,169,-33,3878.75,-2857
2022-09-19 12:15:16,67,-4,3879.0,-2861
2022-09-19 12:15:17,26,-5,3878.75,-2866
2022-09-19 12:15:18,17,-6,3878.75,-2872
2022-09-19 12:15:19,49,-29,3878.5,-2901
2022-09-19 12:15:20,204,-54,3878.5,-2955
2022-09-19 12:15:21,78,2,3878.0,-2953
2022-09-19 12:15:22,62,-12,3878.25,-2965
2022-09-19 12:15:23,64,-29,3878.0,-2994
2022-09-19 12:15:24,78,2,3877.75,-2992
2022-09-19 12:15:25,300,-207,3878.0,-3199
2022-09-19 12:15:26,76,-9,3877.75,-3208
2022-09-19 12:15:28,7,-1,3877.5,-3209
2022-09-19 12:15:29,110,-6,3877.5,-3215
2022-09-19 12:15:30,54,28,3877.75,-3187
2022-09-19 12:15:31,45,11,3878.0,-3176
2022-09-19 12:15:32,17,0,3878.0,-3176
2022-09-19 12:15:33,76,-13,3877.75,-3189
2022-09-19 12:15:34,5,0,3877.75,-3189
2022-09-19 12:15:35,3,-3,3877.5,-3192
2022-09-19 12:15:36,7,-2,3877.75,-3194
2022-09-19 12:15:37,59,14,3878.0,-3180
2022-09-19 12:15:38,141,16,3878.5,-3164
2022-09-19 12:15:39,154,18,3879.25,-3146
2022-09-19 12:15:40,42,12,3879.0,-3134
2022-09-19 12:15:41,52,2,3879.25,-3132
2022-09-19 12:15:42,33,-8,3879.0,-3140
2022-09-19 12:15:43,37,1,3878.75,-3139
2022-09-19 12:15:44,45,3,3878.25,-3136
2022-09-19 12:15:45,18,-20,3878.25,-3156
2022-09-19 12:15:46,20,3,3878.25,-3153
2022-09-19 12:15:47,10,-5,3878.0,-3158
2022-09-19 12:15:48,60,13,3878.25,-3145
2022-09-19 12:15:49,42,-10,3878.25,-3155
2022-09-19 12:15:50,28,11,3878.5,-3144
2022-09-19 12:15:51,4,4,3878.5,-3140
2022-09-19 12:15:52,14,-9,3878.25,-3149
2022-09-19 12:15:53,8,-5,3878.25,-3154
2022-09-19 12:15:54,40,20,3878.75,-3134
2022-09-19 12:15:55,12,0,3879.0,-3134
2022-09-19 12:15:56,24,12,3879.0,-3122
2022-09-19 12:15:57,11,6,3879.25,-3116
2022-09-19 12:15:58,59,25,3879.75,-3091
2022-09-19 12:15:59,51,-26,3879.75,-3117
2022-09-19 12:16:00,105,2,3879.0,-3115
2022-09-19 12:16:01,10,8,3879.0,-3107
2022-09-19 12:16:02,50,-1,3879.25,-3108
2022-09-19 12:16:03,59,-1,3879.25,-3109
2022-09-19 12:16:04,27,1,3879.0,-3108
2022-09-19 12:16:05,30,0,3878.75,-3108
2022-09-19 12:16:06,28,-3,3878.5,-3111
2022-09-19 12:16:07,77,-31,3878.5,-3142
2022-09-19 12:16:08,4,-4,3877.75,-3146
2022-09-19 12:16:09,52,-30,3877.75,-3176
2022-09-19 12:16:10,56,-1,3877.75,-3177
2022-09-19 12:16:11,29,9,3877.75,-3168
2022-09-19 12:16:12,63,-17,3877.5,-3185
2022-09-19 12:16:13,1,-1,3877.25,-3186
2022-09-19 12:16:14,53,-14,3877.5,-3200
2022-09-19 12:16:15,45,14,3877.5,-3186
2022-09-19 12:16:16,238,-136,3877.5,-3322
2022-09-19 12:16:17,36,7,3877.5,-3315
2022-09-19 12:16:18,7,-7,3877.5,-3322
2022-09-19 12:16:19,39,-23,3877.5,-3345
2022-09-19 12:16:21,11,9,3877.25,-3336
2022-09-19 12:16:22,34,0,3877.5,-3336
2022-09-19 12:16:23,39,-5,3877.25,-3341
2022-09-19 12:16:24,17,0,3877.25,-3341
2022-09-19 12:16:25,25,7,3877.25,-3334
2022-09-19 12:16:26,15,8,3877.5,-3326
2022-09-19 12:16:27,15,-1,3877.5,-3327
2022-09-19 12:16:28,32,12,3877.5,-3315
2022-09-19 12:16:29,44,1,3877.75,-3314
2022-09-19 12:16:30,398,-26,3877.5,-3340
2022-09-19 12:16:31,52,-19,3877.5,-3359
2022-09-19 12:16:32,529,99,3877.5,-3260
2022-09-19 12:16:33,55,12,3877.5,-3248
2022-09-19 12:16:34,38,-10,3877.5,-3258
2022-09-19 12:16:35,252,-22,3877.5,-3280
2022-09-19 12:16:36,26,-2,3877.25,-3282
2022-09-19 12:16:37,69,-26,3877.5,-3308
2022-09-19 12:16:38,7,-2,3877.5,-3310
2022-09-19 12:16:39,60,-24,3877.5,-3334
2022-09-19 12:16:40,11,-5,3877.25,-3339
2022-09-19 12:16:41,441,14,3877.5,-3325
2022-09-19 12:16:42,216,-12,3877.5,-3337
2022-09-19 12:16:43,184,-19,3877.25,-3356
2022-09-19 12:16:44,22,2,3877.75,-3354
2022-09-19 12:16:45,71,14,3878.25,-3340
2022-09-19 12:16:46,52,-5,3878.0,-3345
2022-09-19 12:16:47,52,1,3878.25,-3344
2022-09-19 12:16:48,30,14,3878.25,-3330
2022-09-19 12:16:49,133,39,3879.0,-3291
2022-09-19 12:16:50,127,26,3879.75,-3265
2022-09-19 12:16:51,27,13,3879.5,-3252
2022-09-19 12:16:52,78,7,3879.75,-3245
2022-09-19 12:16:53,23,9,3879.5,-3236
2022-09-19 12:16:54,66,41,3880.25,-3195
2022-09-19 12:16:55,210,94,3880.5,-3101
2022-09-19 12:16:56,77,-10,3880.0,-3111
2022-09-19 12:16:57,73,-7,3879.75,-3118
2022-09-19 12:16:58,28,20,3879.75,-3098
2022-09-19 12:16:59,37,-4,3879.75,-3102
2022-09-19 12:17:00,51,11,3879.75,-3091
2022-09-19 12:17:01,5,5,3879.75,-3086
2022-09-19 12:17:02,3,-1,3879.75,-3087
2022-09-19 12:17:03,60,-4,3879.5,-3091
2022-09-19 12:17:04,55,10,3879.75,-3081
2022-09-19 12:17:05,138,20,3880.0,-3061
2022-09-19 12:17:06,104,2,3880.5,-3059
2022-09-19 12:17:07,18,13,3880.25,-3046
2022-09-19 12:17:08,90,7,3880.5,-3039
2022-09-19 12:17:09,100,2,3880.75,-3037
2022-09-19 12:17:10,86,8,3880.5,-3029
2022-09-19 12:17:11,29,-23,3880.25,-3052
2022-09-19 12:17:12,2,2,3880.25,-3050
2022-09-19 12:17:13,41,14,3880.25,-3036
2022-09-19 12:17:14,152,-6,3880.25,-3042
2022-09-19 12:17:15,121,-15,3880.25,-3057
2022-09-19 12:17:16,28,-14,3880.0,-3071
2022-09-19 12:17:17,67,10,3880.5,-3061
2022-09-19 12:17:19,99,-27,3880.5,-3088
2022-09-19 12:17:20,284,-93,3880.25,-3181
2022-09-19 12:17:21,60,7,3880.25,-3174
2022-09-19 12:17:22,166,92,3880.25,-3082
2022-09-19 12:17:23,81,14,3880.25,-3068
2022-09-19 12:17:24,496,-139,3880.0,-3207
2022-09-19 12:17:25,164,26,3878.5,-3181
2022-09-19 12:17:26,65,-3,3878.75,-3184
2022-09-19 12:17:27,70,8,3878.75,-3176
2022-09-19 12:17:28,208,-61,3878.75,-3237
2022-09-19 12:17:29,9,1,3878.75,-3236
2022-09-19 12:17:30,282,-18,3878.75,-3254
2022-09-19 12:17:31,87,-9,3878.5,-3263
2022-09-19 12:17:32,13,-6,3878.25,-3269
2022-09-19 12:17:33,42,-2,3878.25,-3271
2022-09-19 12:17:34,69,13,3878.0,-3258
2022-09-19 12:17:35,55,10,3878.25,-3248
2022-09-19 12:17:36,38,16,3878.5,-3232
2022-09-19 12:17:37,23,-7,3878.5,-3239
2022-09-19 12:17:38,16,-5,3878.5,-3244
2022-09-19 12:17:39,28,-6,3878.5,-3250
2022-09-19 12:17:40,430,-35,3878.5,-3285
2022-09-19 12:17:41,86,-16,3878.25,-3301
2022-09-19 12:17:42,46,19,3878.75,-3282
2022-09-19 12:17:43,31,17,3879.0,-3265
2022-09-19 12:17:44,89,13,3879.25,-3252
2022-09-19 12:17:45,33,7,3879.75,-3245
2022-09-19 12:17:46,30,3,3879.75,-3242
2022-09-19 12:17:47,49,5,3879.75,-3237
2022-09-19 12:17:48,48,27,3880.25,-3210
2022-09-19 12:17:49,25,-4,3880.0,-3214
2022-09-19 12:17:50,72,-10,3880.0,-3224
2022-09-19 12:17:51,113,21,3880.25,-3203
2022-09-19 12:17:52,62,-11,3880.0,-3214
2022-09-19 12:17:53,27,4,3880.25,-3210
2022-09-19 12:17:54,46,6,3880.5,-3204
2022-09-19 12:17:55,92,-11,3880.5,-3215
2022-09-19 12:17:56,8,-8,3880.25,-3223
2022-09-19 12:17:57,236,13,3880.75,-3210
2022-09-19 12:17:58,66,-15,3880.5,-3225
2022-09-19 12:17:59,262,-24,3880.25,-3249
2022-09-19 12:18:01,21,9,3880.25,-3240
2022-09-19 12:18:02,64,-23,3880.25,-3263
2022-09-19 12:18:03,127,-33,3880.25,-3296
2022-09-19 12:18:04,137,2,3880.0,-3294
2022-09-19 12:18:05,2,2,3880.25,-3292
2022-09-19 12:18:06,136,13,3880.0,-3279
2022-09-19 12:18:07,63,-12,3880.25,-3291
2022-09-19 12:18:08,93,33,3880.25,-3258
2022-09-19 12:18:09,28,-12,3880.0,-3270
2022-09-19 12:18:10,1,1,3880.0,-3269
2022-09-19 12:18:11,65,-6,3880.0,-3275
2022-09-19 12:18:12,47,13,3880.25,-3262
2022-09-19 12:18:13,26,-8,3880.0,-3270
2022-09-19 12:18:14,62,28,3880.25,-3242
2022-09-19 12:18:15,37,-5,3880.25,-3247
2022-09-19 12:18:16,16,3,3880.0,-3244
2022-09-19 12:18:17,90,-14,3880.75,-3258
2022-09-19 12:18:18,11,3,3880.5,-3255
2022-09-19 12:18:19,44,-25,3880.25,-3280
2022-09-19 12:18:20,36,19,3880.5,-3261
2022-09-19 12:18:21,15,5,3880.5,-3256
2022-09-19 12:18:22,3,3,3880.5,-3253
2022-09-19 12:18:23,41,14,3880.75,-3239
2022-09-19 12:18:24,14,7,3881.0,-3232
2022-09-19 12:18:25,43,-4,3881.0,-3236
2022-09-19 12:18:26,47,3,3881.0,-3233
2022-09-19 12:18:27,89,48,3881.0,-3185
2022-09-19 12:18:28,221,62,3882.0,-3123
2022-09-19 12:18:29,34,9,3881.5,-3114
2022-09-19 12:18:30,61,0,3881.75,-3114
2022-09-19 12:18:31,76,-16,3881.5,-3130
2022-09-19 12:18:32,25,15,3882.0,-3115
2022-09-19 12:18:33,104,8,3882.25,-3107
2022-09-19 12:18:34,33,-2,3882.25,-3109
2022-09-19 12:18:35,83,-13,3882.0,-3122
2022-09-19 12:18:36,60,-7,3881.75,-3129
2022-09-19 12:18:37,19,-10,3881.75,-3139
2022-09-19 12:18:38,33,10,3882.0,-3129
2022-09-19 12:18:39,67,11,3882.0,-3118
2022-09-19 12:18:40,87,-9,3882.5,-3127
2022-09-19 12:18:41,25,-7,3882.0,-3134
2022-09-19 12:18:42,44,-4,3882.0,-3138
2022-09-19 12:18:43,46,-15,3881.75,-3153
2022-09-19 12:18:44,20,9,3881.75,-3144
2022-09-19 12:18:45,9,3,3881.75,-3141
2022-09-19 12:18:46,23,-7,3881.5,-3148
2022-09-19 12:18:47,43,-12,3881.25,-3160
2022-09-19 12:18:48,50,-30,3881.25,-3190
2022-09-19 12:18:49,103,16,3881.0,-3174
2022-09-19 12:18:50,31,-19,3881.0,-3193
2022-09-19 12:18:51,15,-6,3881.0,-3199
2022-09-19 12:18:52,13,-2,3880.75,-3201
2022-09-19 12:18:53,66,28,3881.25,-3173
2022-09-19 12:18:54,15,-12,3881.25,-3185
2022-09-19 12:18:55,45,1,3881.5,-3184
2022-09-19 12:18:56,2,0,3881.75,-3184
2022-09-19 12:18:57,25,3,3881.75,-3181
2022-09-19 12:18:58,46,-16,3881.5,-3197
2022-09-19 12:18:59,22,10,3881.5,-3187
2022-09-19 12:19:00,50,0,3881.75,-3187
2022-09-19 12:19:01,88,-9,3881.5,-3196
2022-09-19 12:19:02,39,5,3881.5,-3191
2022-09-19 12:19:04,40,-9,3881.5,-3200
2022-09-19 12:19:05,80,-7,3881.5,-3207
2022-09-19 12:19:06,34,7,3881.5,-3200
2022-09-19 12:19:07,125,15,3881.75,-3185
2022-09-19 12:19:08,26,-5,3881.5,-3190
2022-09-19 12:19:09,37,16,3881.75,-3174
2022-09-19 12:19:10,63,16,3882.0,-3158
2022-09-19 12:19:11,37,-15,3882.0,-3173
2022-09-19 12:19:12,13,11,3882.0,-3162
2022-09-19 12:19:13,77,-26,3882.25,-3188
2022-09-19 12:19:14,17,-3,3882.25,-3191
2022-09-19 12:19:15,39,4,3882.0,-3187
2022-09-19 12:19:16,5,3,3882.0,-3184
2022-09-19 12:19:17,1,1,3882.25,-3183
2022-09-19 12:19:18,113,47,3882.5,-3136
2022-09-19 12:19:19,808,413,3883.75,-2723
2022-09-19 12:19:20,255,2,3883.5,-2721
2022-09-19 12:19:21,80,-19,3883.25,-2740
2022-09-19 12:19:22,24,9,3883.25,-2731
2022-09-19 12:19:23,78,-19,3883.0,-2750
2022-09-19 12:19:24,42,-7,3882.75,-2757
2022-09-19 12:19:25,40,-17,3882.25,-2774
2022-09-19 12:19:26,72,12,3882.75,-2762
2022-09-19 12:19:27,24,-4,3882.5,-2766
2022-09-19 12:19:28,32,-8,3882.75,-2774
2022-09-19 12:19:29,31,-3,3882.5,-2777
2022-09-19 12:19:30,34,9,3882.5,-2768
2022-09-19 12:19:31,23,-2,3882.25,-2770
2022-09-19 12:19:32,17,-1,3882.25,-2771
2022-09-19 12:19:33,62,-3,3882.5,-2774
2022-09-19 12:19:34,23,3,3882.75,-2771
2022-09-19 12:19:35,18,-10,3882.5,-2781
2022-09-19 12:19:36,73,6,3882.5,-2775
2022-09-19 12:19:37,6,-2,3882.25,-2777
2022-09-19 12:19:38,25,2,3882.25,-2775
2022-09-19 12:19:39,22,-17,3882.0,-2792
2022-09-19 12:19:40,64,-10,3882.0,-2802
2022-09-19 12:19:41,135,67,3882.0,-2735
2022-09-19 12:19:42,64,0,3882.0,-2735
2022-09-19 12:19:43,46,-15,3881.5,-2750
2022-09-19 12:19:44,23,2,3882.0,-2748
2022-09-19 12:19:45,45,-3,3881.75,-2751
2022-09-19 12:19:46,35,-12,3881.5,-2763
2022-09-19 12:19:47,50,-21,3881.5,-2784
2022-09-19 12:19:48,42,-6,3881.5,-2790
2022-09-19 12:19:49,26,3,3881.5,-2787
2022-09-19 12:19:50,42,9,3881.75,-2778
2022-09-19 12:19:51,32,-5,3881.5,-2783
2022-09-19 12:19:52,63,-11,3881.25,-2794
2022-09-19 12:19:53,35,-1,3881.0,-2795
2022-09-19 12:19:54,25,-16,3881.0,-2811
2022-09-19 12:19:55,2,-2,3881.0,-2813
2022-09-19 12:19:56,57,-7,3881.25,-2820
2022-09-19 12:19:57,59,2,3881.5,-2818
2022-09-19 12:19:58,59,-19,3881.25,-2837
2022-09-19 12:19:59,142,-17,3880.75,-2854
2022-09-19 12:20:00,121,-25,3880.25,-2879
2022-09-19 12:20:01,8,7,3880.5,-2872
2022-09-19 12:20:02,68,16,3880.5,-2856
2022-09-19 12:20:03,22,-7,3880.5,-2863
2022-09-19 12:20:04,1,1,3880.5,-2862
2022-09-19 12:20:05,33,-5,3880.5,-2867
2022-09-19 12:20:06,31,17,3880.5,-2850
2022-09-19 12:20:07,347,-194,3880.75,-3044
2022-09-19 12:20:08,5,0,3880.25,-3044
2022-09-19 12:20:09,4,-1,3880.25,-3045
2022-09-19 12:20:10,30,-12,3880.0,-3057
2022-09-19 12:20:11,33,-19,3879.75,-3076
2022-09-19 12:20:12,119,20,3880.25,-3056
2022-09-19 12:20:13,37,-4,3880.25,-3060
2022-09-19 12:20:14,65,1,3880.25,-3059
2022-09-19 12:20:15,42,-2,3880.25,-3061
2022-09-19 12:20:16,23,-1,3880.25,-3062
2022-09-19 12:20:17,76,4,3880.5,-3058
2022-09-19 12:20:18,42,15,3880.5,-3043
2022-09-19 12:20:19,40,9,3880.5,-3034
2022-09-19 12:20:21,67,-27,3880.0,-3061
2022-09-19 12:20:22,1,-1,3879.75,-3062
2022-09-19 12:20:23,63,10,3879.75,-3052
2022-09-19 12:20:24,258,-49,3879.75,-3101
2022-09-19 12:20:25,9,-3,3879.0,-3104
2022-09-19 12:20:26,396,-204,3879.25,-3308
2022-09-19 12:20:27,5,1,3879.0,-3307
2022-09-19 12:20:28,70,14,3879.0,-3293
2022-09-19 12:20:29,2,2,3879.0,-3291
2022-09-19 12:20:30,87,-38,3878.75,-3329
2022-09-19 12:20:31,18,-7,3878.5,-3336
2022-09-19 12:20:32,23,8,3878.5,-3328
2022-09-19 12:20:33,172,-28,3878.75,-3356
2022-09-19 12:20:34,29,-2,3878.5,-3358
2022-09-19 12:20:35,18,5,3878.75,-3353
2022-09-19 12:20:36,44,-9,3879.0,-3362
2022-09-19 12:20:37,11,7,3878.5,-3355
2022-09-19 12:20:38,14,-2,3878.75,-3357
2022-09-19 12:20:39,20,-17,3878.75,-3374
2022-09-19 12:20:40,48,7,3878.5,-3367
2022-09-19 12:20:41,68,-1,3878.75,-3368
2022-09-19 12:20:42,1,1,3878.75,-3367
2022-09-19 12:20:43,1,-1,3878.5,-3368
2022-09-19 12:20:44,66,16,3879.0,-3352
2022-09-19 12:20:45,8,-6,3878.75,-3358
2022-09-19 12:20:46,13,-7,3878.75,-3365
2022-09-19 12:20:47,20,5,3878.5,-3360
2022-09-19 12:20:48,31,-14,3878.25,-3374
2022-09-19 12:20:49,75,5,3878.25,-3369
2022-09-19 12:20:50,26,1,3878.5,-3368
2022-09-19 12:20:51,19,-4,3878.25,-3372
2022-09-19 12:20:52,2,-2,3878.25,-3374
2022-09-19 12:20:53,22,-10,3878.25,-3384
2022-09-19 12:20:54,244,-65,3878.0,-3449
2022-09-19 12:20:55,178,-34,3877.5,-3483
2022-09-19 12:20:56,69,3,3877.25,-3480
2022-09-19 12:20:57,131,-7,3877.25,-3487
2022-09-19 12:20:58,2,-2,3877.25,-3489
2022-09-19 12:20:59,68,20,3877.5,-3469
2022-09-19 12:21:00,73,-4,3877.75,-3473
2022-09-19 12:21:01,27,1,3877.5,-3472
2022-09-19 12:21:02,20,-3,3877.25,-3475
2022-09-19 12:21:03,52,12,3877.75,-3463
2022-09-19 12:21:04,117,20,3878.25,-3443
2022-09-19 12:21:05,31,7,3878.0,-3436
2022-09-19 12:21:06,107,15,3878.5,-3421
2022-09-19 12:21:07,39,-16,3878.25,-3437
2022-09-19 12:21:08,13,8,3878.25,-3429
2022-09-19 12:21:09,31,0,3878.25,-3429
2022-09-19 12:21:10,84,7,3878.25,-3422
2022-09-19 12:21:11,22,6,3878.25,-3416
2022-09-19 12:21:12,16,1,3878.5,-3415
2022-09-19 12:21:13,8,2,3878.5,-3413
2022-09-19 12:21:14,14,-5,3878.25,-3418
2022-09-19 12:21:15,55,-7,3878.25,-3425
2022-09-19 12:21:16,86,17,3878.5,-3408
2022-09-19 12:21:17,53,5,3878.5,-3403
2022-09-19 12:21:18,6,3,3878.5,-3400
2022-09-19 12:21:19,4,1,3878.5,-3399
2022-09-19 12:21:20,48,23,3878.75,-3376
2022-09-19 12:21:21,72,27,3878.75,-3349
2022-09-19 12:21:22,494,213,3881.0,-3136
2022-09-19 12:21:23,477,32,3881.75,-3104
2022-09-19 12:21:24,166,-20,3880.25,-3124
2022-09-19 12:21:25,72,-5,3880.0,-3129
2022-09-19 12:21:26,40,18,3880.0,-3111
2022-09-19 12:21:27,75,29,3880.0,-3082
2022-09-19 12:21:28,6,4,3880.0,-3078
2022-09-19 12:21:29,32,-12,3879.75,-3090
2022-09-19 12:21:30,48,-1,3879.75,-3091
2022-09-19 12:21:31,32,1,3879.5,-3090
2022-09-19 12:21:32,121,10,3879.75,-3080
2022-09-19 12:21:33,75,5,3879.75,-3075
2022-09-19 12:21:34,133,14,3880.0,-3061
2022-09-19 12:21:35,26,12,3880.0,-3049
2022-09-19 12:21:36,107,5,3880.25,-3044
2022-09-19 12:21:37,50,-5,3880.25,-3049
2022-09-19 12:21:38,16,-11,3880.25,-3060
2022-09-19 12:21:39,155,1,3880.25,-3059
2022-09-19 12:21:40,58,1,3880.25,-3058
2022-09-19 12:21:41,62,-14,3879.75,-3072
2022-09-19 12:21:42,13,-5,3879.5,-3077
2022-09-19 12:21:43,78,9,3879.25,-3068
2022-09-19 12:21:44,9,-8,3879.0,-3076
2022-09-19 12:21:45,135,15,3879.75,-3061
2022-09-19 12:21:46,20,2,3879.75,-3059
2022-09-19 12:21:47,34,-10,3879.75,-3069
2022-09-19 12:21:48,452,-30,3879.75,-3099
2022-09-19 12:21:49,102,-21,3880.0,-3120
2022-09-19 12:21:50,71,-30,3879.75,-3150
2022-09-19 12:21:51,3,-3,3879.75,-3153
2022-09-19 12:21:52,143,12,3880.0,-3141
2022-09-19 12:21:53,2,1,3880.0,-3140
2022-09-19 12:21:54,208,5,3880.0,-3135
2022-09-19 12:21:55,352,117,3880.5,-3018
2022-09-19 12:21:56,31,0,3880.5,-3018
2022-09-19 12:21:57,13,-7,3880.0,-3025
2022-09-19 12:21:58,18,-13,3879.75,-3038
2022-09-19 12:21:59,15,5,3879.75,-3033
2022-09-19 12:22:00,39,14,3880.25,-3019
2022-09-19 12:22:01,34,3,3880.75,-3016
2022-09-19 12:22:02,303,68,3881.25,-2948
2022-09-19 12:22:03,407,-14,3881.0,-2962
2022-09-19 12:22:04,64,-17,3881.0,-2979
2022-09-19 12:22:05,36,-4,3881.0,-2983
2022-09-19 12:22:06,81,-12,3881.25,-2995
2022-09-19 12:22:07,17,5,3881.25,-2990
2022-09-19 12:22:08,50,-8,3881.25,-2998
2022-09-19 12:22:09,60,-25,3881.0,-3023
2022-09-19 12:22:10,35,-1,3880.75,-3024
2022-09-19 12:22:11,28,4,3880.75,-3020
2022-09-19 12:22:12,126,-19,3880.75,-3039
2022-09-19 12:22:13,27,-6,3880.75,-3045
2022-09-19 12:22:14,74,9,3880.75,-3036
2022-09-19 12:22:15,2,1,3880.75,-3035
2022-09-19 12:22:16,86,-2,3880.5,-3037
2022-09-19 12:22:17,110,44,3880.75,-2993
2022-09-19 12:22:18,28,-6,3880.5,-2999
2022-09-19 12:22:19,49,-2,3880.25,-3001
2022-09-19 12:22:20,23,0,3880.25,-3001
2022-09-19 12:22:21,17,-5,3880.25,-3006
2022-09-19 12:22:22,42,-9,3880.5,-3015
2022-09-19 12:22:23,9,8,3880.5,-3007
2022-09-19 12:22:24,34,17,3881.0,-2990
2022-09-19 12:22:25,30,-14,3880.75,-3004
2022-09-19 12:22:26,41,7,3880.75,-2997
2022-09-19 12:22:27,65,-9,3880.75,-3006
2022-09-19 12:22:28,141,-30,3880.5,-3036
2022-09-19 12:22:29,50,-8,3880.25,-3044
2022-09-19 12:22:30,45,7,3880.5,-3037
2022-09-19 12:22:31,21,3,3880.75,-3034
2022-09-19 12:22:32,15,-12,3880.75,-3046
2022-09-19 12:22:33,25,4,3880.25,-3042
2022-09-19 12:22:34,54,0,3880.25,-3042
2022-09-19 12:22:35,142,-19,3880.25,-3061
2022-09-19 12:22:36,35,-5,3880.0,-3066
2022-09-19 12:22:37,28,6,3880.25,-3060
2022-09-19 12:22:38,31,-3,3880.0,-3063
2022-09-19 12:22:39,35,-15,3880.0,-3078
2022-09-19 12:22:40,37,1,3880.0,-3077
2022-09-19 12:22:41,124,-40,3879.75,-3117
2022-09-19 12:22:42,199,-26,3878.75,-3143
2022-09-19 12:22:43,42,-12,3878.75,-3155
2022-09-19 12:22:44,54,2,3878.75,-3153
2022-09-19 12:22:45,60,-2,3878.75,-3155
2022-09-19 12:22:46,18,5,3878.75,-3150
2022-09-19 12:22:47,24,-1,3878.75,-3151
2022-09-19 12:22:48,8,-6,3878.5,-3157
2022-09-19 12:22:49,3,-1,3878.5,-3158
2022-09-19 12:22:50,118,-9,3878.25,-3167
2022-09-19 12:22:51,34,12,3878.5,-3155
2022-09-19 12:22:52,42,1,3878.5,-3154
2022-09-19 12:22:53,52,6,3878.75,-3148
2022-09-19 12:22:54,34,-10,3878.75,-3158
2022-09-19 12:22:55,27,-12,3878.75,-3170
2022-09-19 12:22:56,18,-3,3878.5,-3173
2022-09-19 12:22:57,14,4,3878.5,-3169
2022-09-19 12:22:58,40,2,3878.75,-3167
2022-09-19 12:22:59,64,0,3878.75,-3167
2022-09-19 12:23:00,35,-1,3878.5,-3168
2022-09-19 12:23:01,88,-3,3878.25,-3171
2022-09-19 12:23:02,12,5,3878.5,-3166
2022-09-19 12:23:03,32,5,3878.75,-3161
2022-09-19 12:23:04,53,-1,3878.75,-3162
2022-09-19 12:23:05,67,19,3878.5,-3143
2022-09-19 12:23:06,14,-6,3878.5,-3149
2022-09-19 12:23:07,53,20,3878.75,-3129
2022-09-19 12:23:08,12,4,3878.75,-3125
2022-09-19 12:23:09,50,18,3879.25,-3107
2022-09-19 12:23:10,58,8,3879.75,-3099
2022-09-19 12:23:11,19,0,3879.75,-3099
2022-09-19 12:23:12,1,1,3879.75,-3098
2022-09-19 12:23:14,86,-21,3879.75,-3119
2022-09-19 12:23:15,16,-1,3879.5,-3120
2022-09-19 12:23:16,25,10,3879.75,-3110
2022-09-19 12:23:17,15,-10,3879.5,-3120
2022-09-19 12:23:18,14,-6,3879.5,-3126
2022-09-19 12:23:19,20,-5,3879.25,-3131
2022-09-19 12:23:20,34,-1,3879.75,-3132
2022-09-19 12:23:21,1,1,3879.75,-3131
2022-09-19 12:23:22,44,-10,3880.0,-3141
2022-09-19 12:23:23,26,14,3880.0,-3127
2022-09-19 12:23:24,11,-8,3879.75,-3135
2022-09-19 12:23:25,12,2,3879.75,-3133
2022-09-19 12:23:26,55,-21,3879.75,-3154
2022-09-19 12:23:27,10,8,3879.25,-3146
2022-09-19 12:23:28,28,5,3879.75,-3141
2022-09-19 12:23:29,3,3,3879.5,-3138
2022-09-19 12:23:30,17,-3,3879.5,-3141
2022-09-19 12:23:31,11,-3,3879.5,-3144
2022-09-19 12:23:32,11,3,3879.5,-3141
2022-09-19 12:23:33,32,13,3879.75,-3128
2022-09-19 12:23:34,43,3,3879.75,-3125
2022-09-19 12:23:35,46,7,3879.5,-3118
2022-09-19 12:23:36,56,-26,3879.5,-3144
2022-09-19 12:23:37,9,5,3879.25,-3139
2022-09-19 12:23:38,15,4,3879.25,-3135
2022-09-19 12:23:39,38,15,3879.75,-3120
2022-09-19 12:23:41,22,7,3879.75,-3113
2022-09-19 12:23:43,17,4,3879.75,-3109
2022-09-19 12:23:44,157,37,3880.5,-3072
2022-09-19 12:23:45,26,6,3880.25,-3066
2022-09-19 12:23:48,1,-1,3880.0,-3067
2022-09-19 12:23:49,18,-2,3880.25,-3069
2022-09-19 12:23:50,18,-4,3880.5,-3073
2022-09-19 12:23:51,38,20,3880.75,-3053
2022-09-19 12:23:52,128,33,3881.0,-3020
2022-09-19 12:23:53,50,4,3881.25,-3016
2022-09-19 12:23:54,7,-1,3881.0,-3017
2022-09-19 12:23:55,12,10,3881.25,-3007
2022-09-19 12:23:56,112,-1,3881.25,-3008
2022-09-19 12:23:57,2,-2,3881.25,-3010
2022-09-19 12:23:58,68,-4,3881.5,-3014
2022-09-19 12:23:59,54,2,3881.25,-3012
2022-09-19 12:24:00,78,-8,3881.0,-3020
2022-09-19 12:24:01,65,-19,3881.0,-3039
2022-09-19 12:24:02,41,1,3880.75,-3038
2022-09-19 12:24:03,6,2,3880.75,-3036
2022-09-19 12:24:04,80,-7,3881.0,-3043
2022-09-19 12:24:05,51,21,3881.5,-3022
2022-09-19 12:24:06,97,20,3881.5,-3002
2022-09-19 12:24:07,4,-4,3881.25,-3006
2022-09-19 12:24:08,34,-1,3881.5,-3007
2022-09-19 12:24:09,6,1,3881.5,-3006
2022-09-19 12:24:10,59,0,3881.5,-3006
2022-09-19 12:24:11,18,-3,3881.75,-3009
2022-09-19 12:24:12,33,8,3881.75,-3001
2022-09-19 12:24:13,27,-1,3881.75,-3002
2022-09-19 12:24:14,28,5,3881.75,-2997
2022-09-19 12:24:15,2,-2,3881.5,-2999
2022-09-19 12:24:16,51,-2,3881.75,-3001
2022-09-19 12:24:17,9,-1,3881.75,-3002
2022-09-19 12:24:18,52,-24,3881.75,-3026
2022-09-19 12:24:19,67,-18,3881.25,-3044
2022-09-19 12:24:20,28,9,3881.5,-3035
2022-09-19 12:24:21,5,-4,3881.25,-3039
2022-09-19 12:24:22,120,-32,3881.25,-3071
2022-09-19 12:24:23,67,-19,3880.75,-3090
2022-09-19 12:24:24,12,-4,3880.5,-3094
2022-09-19 12:24:25,12,9,3880.75,-3085
2022-09-19 12:24:26,10,-9,3880.75,-3094
2022-09-19 12:24:27,43,-6,3881.0,-3100
2022-09-19 12:24:28,15,-3,3880.75,-3103
2022-09-19 12:24:29,23,-2,3880.5,-3105
2022-09-19 12:24:30,15,2,3880.5,-3103
2022-09-19 12:24:31,8,-6,3880.5,-3109
2022-09-19 12:24:32,10,7,3880.5,-3102
2022-09-19 12:24:33,1,-1,3880.5,-3103
2022-09-19 12:24:34,40,-4,3880.5,-3107
2022-09-19 12:24:35,24,-1,3880.5,-3108
2022-09-19 12:24:36,17,-12,3880.5,-3120
2022-09-19 12:24:37,30,3,3880.25,-3117
2022-09-19 12:24:38,24,1,3880.25,-3116
2022-09-19 12:24:39,8,6,3880.5,-3110
2022-09-19 12:24:40,18,-7,3880.25,-3117
2022-09-19 12:24:41,22,5,3880.25,-3112
2022-09-19 12:24:42,13,-4,3880.25,-3116
2022-09-19 12:24:44,36,-4,3880.5,-3120
2022-09-19 12:24:45,37,-4,3880.25,-3124
2022-09-19 12:24:46,4,-4,3880.25,-3128
2022-09-19 12:24:47,21,-3,3880.25,-3131
2022-09-19 12:24:48,4,-4,3880.0,-3135
2022-09-19 12:24:49,91,-12,3880.25,-3147
2022-09-19 12:24:50,1,1,3880.5,-3146
2022-09-19 12:24:51,54,-35,3880.25,-3181
2022-09-19 12:24:52,46,8,3880.0,-3173
2022-09-19 12:24:53,13,1,3880.0,-3172
2022-09-19 12:24:54,34,-7,3879.75,-3179
2022-09-19 12:24:55,52,9,3880.0,-3170
2022-09-19 12:24:57,7,5,3880.0,-3165
2022-09-19 12:24:58,2,-2,3879.75,-3167
2022-09-19 12:24:59,78,22,3880.0,-3145
2022-09-19 12:25:00,109,-38,3879.75,-3183
2022-09-19 12:25:01,131,4,3879.75,-3179
2022-09-19 12:25:02,175,-45,3879.5,-3224
2022-09-19 12:25:03,95,6,3879.25,-3218
2022-09-19 12:25:04,52,6,3879.5,-3212
2022-09-19 12:25:05,40,0,3879.75,-3212
2022-09-19 12:25:06,31,15,3879.75,-3197
2022-09-19 12:25:07,17,0,3879.75,-3197
2022-09-19 12:25:08,59,15,3880.25,-3182
2022-09-19 12:25:09,46,7,3880.0,-3175
2022-09-19 12:25:10,45,13,3880.0,-3162
2022-09-19 12:25:11,10,1,3880.0,-3161
2022-09-19 12:25:12,84,-12,3879.75,-3173
2022-09-19 12:25:13,78,18,3880.25,-3155
2022-09-19 12:25:14,25,4,3880.25,-3151
2022-09-19 12:25:15,8,0,3880.25,-3151
2022-09-19 12:25:16,86,12,3880.5,-3139
2022-09-19 12:25:17,57,-5,3880.5,-3144
2022-09-19 12:25:18,41,6,3880.0,-3138
2022-09-19 12:25:19,1,-1,3879.5,-3139
2022-09-19 12:25:20,50,2,3880.0,-3137
2022-09-19 12:25:21,10,2,3879.75,-3135
2022-09-19 12:25:22,17,3,3879.75,-3132
2022-09-19 12:25:23,12,4,3880.0,-3128
2022-09-19 12:25:24,10,-2,3880.0,-3130
2022-09-19 12:25:25,5,1,3880.0,-3129
2022-09-19 12:25:26,8,8,3880.0,-3121
2022-09-19 12:25:27,28,0,3880.0,-3121
2022-09-19 12:25:28,69,7,3880.5,-3114
2022-09-19 12:25:29,16,-3,3880.25,-3117
2022-09-19 12:25:30,57,8,3880.5,-3109
2022-09-19 12:25:31,130,-14,3881.0,-3123
2022-09-19 12:25:32,44,12,3880.75,-3111
2022-09-19 12:25:33,13,8,3880.5,-3103
2022-09-19 12:25:34,32,-10,3880.75,-3113
2022-09-19 12:25:35,13,3,3880.5,-3110
2022-09-19 12:25:36,16,-5,3880.5,-3115
2022-09-19 12:25:37,1,-1,3880.25,-3116
2022-09-19 12:25:38,18,5,3880.5,-3111
2022-09-19 12:25:39,9,-6,3880.25,-3117
2022-09-19 12:25:40,23,-1,3880.0,-3118
2022-09-19 12:25:41,2,-2,3879.75,-3120
2022-09-19 12:25:42,25,14,3880.0,-3106
2022-09-19 12:25:43,21,-12,3879.75,-3118
2022-09-19 12:25:44,181,-25,3879.5,-3143
2022-09-19 12:25:45,77,-15,3878.75,-3158
2022-09-19 12:25:46,14,8,3878.75,-3150
2022-09-19 12:25:47,61,-13,3879.0,-3163
2022-09-19 12:25:48,17,-8,3879.0,-3171
2022-09-19 12:25:49,22,3,3879.0,-3168
2022-09-19 12:25:50,75,12,3879.0,-3156
2022-09-19 12:25:51,27,-21,3879.0,-3177
2022-09-19 12:25:52,24,6,3879.25,-3171
2022-09-19 12:25:53,36,0,3879.5,-3171
2022-09-19 12:25:54,11,2,3879.25,-3169
2022-09-19 12:25:55,35,-4,3879.25,-3173
2022-09-19 12:25:57,58,-24,3878.75,-3197
2022-09-19 12:25:58,41,1,3878.5,-3196
2022-09-19 12:25:59,39,-10,3878.5,-3206
2022-09-19 12:26:00,83,-3,3878.5,-3209
2022-09-19 12:26:01,107,-32,3878.25,-3241
2022-09-19 12:26:02,21,-13,3878.25,-3254
2022-09-19 12:26:03,40,-3,3878.25,-3257
2022-09-19 12:26:04,121,0,3878.25,-3257
2022-09-19 12:26:05,54,1,3878.5,-3256
2022-09-19 12:26:06,80,6,3878.5,-3250
2022-09-19 12:26:07,17,2,3878.5,-3248
2022-09-19 12:26:08,40,-4,3878.5,-3252
2022-09-19 12:26:09,13,-13,3878.25,-3265
2022-09-19 12:26:10,1,1,3878.25,-3264
2022-09-19 12:26:11,60,11,3878.25,-3253
2022-09-19 12:26:12,2,0,3878.25,-3253
2022-09-19 12:26:13,114,26,3878.5,-3227
2022-09-19 12:26:14,56,7,3878.75,-3220
2022-09-19 12:26:15,1,1,3878.75,-3219
2022-09-19 12:26:16,15,3,3878.75,-3216
2022-09-19 12:26:17,25,-6,3878.75,-3222
2022-09-19 12:26:19,88,-17,3878.75,-3239
2022-09-19 12:26:20,2,2,3878.75,-3237
2022-09-19 12:26:21,74,-17,3879.0,-3254
2022-09-19 12:26:22,23,-10,3879.0,-3264
2022-09-19 12:26:23,53,3,3878.25,-3261
2022-09-19 12:26:24,45,0,3878.5,-3261
2022-09-19 12:26:25,76,-17,3878.0,-3278
2022-09-19 12:26:26,13,5,3878.0,-3273
2022-09-19 12:26:27,48,-8,3877.75,-3281
2022-09-19 12:26:28,41,10,3877.75,-3271
2022-09-19 12:26:29,26,6,3878.25,-3265
2022-09-19 12:26:30,107,7,3878.5,-3258
2022-09-19 12:26:31,20,-6,3878.25,-3264
2022-09-19 12:26:32,28,3,3878.5,-3261
2022-09-19 12:26:33,30,-3,3878.5,-3264
2022-09-19 12:26:34,13,-5,3878.5,-3269
2022-09-19 12:26:35,11,1,3878.5,-3268
2022-09-19 12:26:36,2,-2,3878.5,-3270
2022-09-19 12:26:37,36,14,3878.75,-3256
2022-09-19 12:26:38,1,1,3878.75,-3255
2022-09-19 12:26:39,1,-1,3878.5,-3256
2022-09-19 12:26:40,77,-2,3878.5,-3258
2022-09-19 12:26:41,17,2,3878.25,-3256
2022-09-19 12:26:42,19,8,3878.5,-3248
2022-09-19 12:26:43,2,-2,3878.25,-3250
2022-09-19 12:26:44,14,-8,3878.25,-3258
2022-09-19 12:26:45,49,1,3878.5,-3257
2022-09-19 12:26:46,6,1,3878.5,-3256
2022-09-19 12:26:47,23,2,3878.75,-3254
2022-09-19 12:26:48,97,19,3879.25,-3235
2022-09-19 12:26:49,57,-12,3879.0,-3247
2022-09-19 12:26:50,29,5,3878.75,-3242
2022-09-19 12:26:51,14,6,3879.0,-3236
2022-09-19 12:26:52,55,0,3879.0,-3236
2022-09-19 12:26:53,25,6,3878.75,-3230
2022-09-19 12:26:54,30,4,3879.0,-3226
2022-09-19 12:26:55,12,4,3879.0,-3222
2022-09-19 12:26:56,79,-18,3878.5,-3240
2022-09-19 12:26:57,5,2,3878.25,-3238
2022-09-19 12:26:58,13,-4,3878.25,-3242
2022-09-19 12:26:59,89,-11,3878.5,-3253
2022-09-19 12:27:00,59,-5,3878.0,-3258
2022-09-19 12:27:01,69,-2,3878.0,-3260
2022-09-19 12:27:02,13,4,3878.25,-3256
2022-09-19 12:27:03,23,-20,3878.0,-3276
2022-09-19 12:27:04,217,0,3877.5,-3276
2022-09-19 12:27:05,9,-1,3877.25,-3277
2022-09-19 12:27:06,111,-51,3877.25,-3328
2022-09-19 12:27:07,72,19,3877.75,-3309
2022-09-19 12:27:08,74,6,3877.75,-3303
2022-09-19 12:27:09,18,-9,3877.75,-3312
2022-09-19 12:27:10,29,-6,3877.5,-3318
2022-09-19 12:27:11,5,-2,3877.75,-3320
2022-09-19 12:27:12,40,-20,3877.5,-3340
2022-09-19 12:27:13,28,0,3877.25,-3340
2022-09-19 12:27:14,58,-2,3877.0,-3342
2022-09-19 12:27:15,145,-32,3877.0,-3374
2022-09-19 12:27:16,42,-14,3876.75,-3388
2022-09-19 12:27:17,35,-12,3876.75,-3400
2022-09-19 12:27:18,27,-5,3877.0,-3405
2022-09-19 12:27:19,21,12,3877.0,-3393
2022-09-19 12:27:20,40,-14,3876.75,-3407
2022-09-19 12:27:21,34,-11,3876.5,-3418
2022-09-19 12:27:22,76,0,3876.5,-3418
2022-09-19 12:27:23,157,-38,3876.5,-3456
2022-09-19 12:27:24,135,-54,3876.0,-3510
2022-09-19 12:27:25,115,17,3876.5,-3493
2022-09-19 12:27:26,17,-7,3876.25,-3500
2022-09-19 12:27:27,42,-8,3876.0,-3508
2022-09-19 12:27:28,44,-5,3876.0,-3513
2022-09-19 12:27:29,62,12,3876.5,-3501
2022-09-19 12:27:30,49,7,3876.75,-3494
2022-09-19 12:27:31,140,3,3876.75,-3491
2022-09-19 12:27:32,7,7,3876.75,-3484
2022-09-19 12:27:33,5,5,3876.75,-3479
2022-09-19 12:27:34,16,-1,3876.75,-3480
2022-09-19 12:27:35,51,-1,3876.75,-3481
2022-09-19 12:27:36,19,6,3876.5,-3475
2022-09-19 12:27:37,77,12,3876.5,-3463
2022-09-19 12:27:38,26,0,3876.5,-3463
2022-09-19 12:27:39,134,-9,3876.25,-3472
2022-09-19 12:27:40,19,4,3876.25,-3468
2022-09-19 12:27:41,16,12,3876.25,-3456
2022-09-19 12:27:42,37,9,3876.5,-3447
2022-09-19 12:27:43,35,4,3876.75,-3443
2022-09-19 12:27:44,75,-12,3876.75,-3455
2022-09-19 12:27:45,84,-3,3876.5,-3458
2022-09-19 12:27:46,28,-14,3876.0,-3472
2022-09-19 12:27:47,1,1,3876.25,-3471
2022-09-19 12:27:48,24,-7,3876.0,-3478
2022-09-19 12:27:49,40,-13,3876.0,-3491
2022-09-19 12:27:50,56,0,3876.0,-3491
2022-09-19 12:27:51,21,1,3876.0,-3490
2022-09-19 12:27:53,7,-3,3876.0,-3493
2022-09-19 12:27:54,32,-1,3876.0,-3494
2022-09-19 12:27:55,51,-9,3876.25,-3503
2022-09-19 12:27:56,2,-2,3875.75,-3505
2022-09-19 12:27:57,141,-36,3875.75,-3541
2022-09-19 12:27:58,9,-6,3875.5,-3547
2022-09-19 12:27:59,87,-13,3875.5,-3560
2022-09-19 12:28:00,178,-70,3875.0,-3630
2022-09-19 12:28:01,116,-2,3875.0,-3632
2022-09-19 12:28:02,71,10,3875.0,-3622
2022-09-19 12:28:03,48,9,3875.0,-3613
2022-09-19 12:28:04,45,0,3875.25,-3613
2022-09-19 12:28:05,89,24,3875.75,-3589
2022-09-19 12:28:06,134,41,3876.5,-3548
2022-09-19 12:28:07,148,8,3876.5,-3540
2022-09-19 12:28:08,95,-5,3876.75,-3545
2022-09-19 12:28:09,43,0,3876.75,-3545
2022-09-19 12:28:10,147,37,3877.0,-3508
2022-09-19 12:28:11,53,1,3877.0,-3507
2022-09-19 12:28:12,48,5,3877.25,-3502
2022-09-19 12:28:13,76,-11,3877.0,-3513
2022-09-19 12:28:14,23,0,3876.5,-3513
2022-09-19 12:28:15,6,4,3876.25,-3509
2022-09-19 12:28:16,16,-9,3876.0,-3518
2022-09-19 12:28:17,27,4,3876.0,-3514
2022-09-19 12:28:18,88,-11,3875.75,-3525
2022-09-19 12:28:19,44,10,3875.75,-3515
2022-09-19 12:28:20,23,-7,3875.75,-3522
2022-09-19 12:28:21,166,-26,3875.75,-3548
2022-09-19 12:28:22,45,14,3876.0,-3534
2022-09-19 12:28:23,61,18,3876.5,-3516
2022-09-19 12:28:24,23,-5,3876.25,-3521
2022-09-19 12:28:25,7,5,3876.5,-3516
2022-09-19 12:28:26,64,4,3876.5,-3512
2022-09-19 12:28:27,40,-12,3876.25,-3524
2022-09-19 12:28:28,36,-15,3876.0,-3539
2022-09-19 12:28:29,12,2,3875.75,-3537
2022-09-19 12:28:30,37,3,3875.75,-3534
2022-09-19 12:28:31,1,-1,3875.75,-3535
2022-09-19 12:28:32,25,-3,3875.75,-3538
2022-09-19 12:28:33,17,-10,3875.75,-3548
2022-09-19 12:28:34,32,0,3876.0,-3548
2022-09-19 12:28:35,42,-2,3876.25,-3550
2022-09-19 12:28:36,13,1,3876.25,-3549
2022-09-19 12:28:37,13,7,3876.25,-3542
2022-09-19 12:28:39,45,-25,3876.25,-3567
2022-09-19 12:28:40,33,4,3876.0,-3563
2022-09-19 12:28:41,1,1,3876.0,-3562
2022-09-19 12:28:42,9,-3,3875.75,-3565
2022-09-19 12:28:43,16,6,3876.0,-3559
2022-09-19 12:28:44,145,3,3876.0,-3556
2022-09-19 12:28:45,13,3,3875.75,-3553
2022-09-19 12:28:46,29,8,3876.0,-3545
2022-09-19 12:28:47,33,-4,3876.0,-3549
2022-09-19 12:28:48,1,-1,3876.0,-3550
2022-09-19 12:28:49,23,2,3876.25,-3548
2022-09-19 12:28:50,12,-2,3876.0,-3550
2022-09-19 12:28:51,27,-1,3876.25,-3551
2022-09-19 12:28:52,10,-8,3876.0,-3559
2022-09-19 12:28:53,34,13,3876.0,-3546
2022-09-19 12:28:54,83,44,3876.75,-3502
2022-09-19 12:28:55,364,39,3877.75,-3463
2022-09-19 12:28:56,36,5,3877.5,-3458
2022-09-19 12:28:57,9,4,3877.25,-3454
2022-09-19 12:28:58,34,7,3877.5,-3447
2022-09-19 12:28:59,72,6,3877.75,-3441
2022-09-19 12:29:00,72,-14,3877.5,-3455
2022-09-19 12:29:01,66,4,3877.25,-3451
2022-09-19 12:29:02,39,2,3877.0,-3449
2022-09-19 12:29:03,84,-13,3877.0,-3462
2022-09-19 12:29:04,37,-4,3876.75,-3466
2022-09-19 12:29:05,37,2,3876.5,-3464
2022-09-19 12:29:06,40,1,3876.75,-3463
2022-09-19 12:29:07,21,-7,3876.75,-3470
2022-09-19 12:29:08,41,5,3877.0,-3465
2022-09-19 12:29:09,38,4,3877.25,-3461
2022-09-19 12:29:10,26,6,3877.25,-3455
2022-09-19 12:29:11,32,-12,3877.25,-3467
2022-09-19 12:29:12,34,1,3877.5,-3466
2022-09-19 12:29:13,74,3,3877.75,-3463
2022-09-19 12:29:14,70,0,3877.5,-3463
2022-09-19 12:29:15,6,3,3877.5,-3460
2022-09-19 12:29:16,77,27,3878.0,-3433
2022-09-19 12:29:17,10,4,3877.75,-3429
2022-09-19 12:29:18,79,-11,3878.0,-3440
2022-09-19 12:29:19,58,-5,3878.0,-3445
2022-09-19 12:29:20,53,16,3878.0,-3429
2022-09-19 12:29:21,101,5,3878.25,-3424
2022-09-19 12:29:22,47,4,3878.25,-3420
2022-09-19 12:29:23,50,3,3878.25,-3417
2022-09-19 12:29:24,63,26,3878.5,-3391
2022-09-19 12:29:25,49,3,3878.5,-3388
2022-09-19 12:29:26,12,-7,3878.25,-3395
2022-09-19 12:29:27,28,-1,3878.25,-3396
2022-09-19 12:29:28,50,20,3878.5,-3376
2022-09-19 12:29:29,27,-6,3878.5,-3382
2022-09-19 12:29:30,5,3,3878.5,-3379
2022-09-19 12:29:31,32,7,3878.5,-3372
2022-09-19 12:29:32,113,1,3878.75,-3371
2022-09-19 12:29:33,25,-6,3878.75,-3377
2022-09-19 12:29:34,31,-1,3878.5,-3378
2022-09-19 12:29:35,57,-38,3878.25,-3416
2022-09-19 12:29:36,39,10,3878.0,-3406
2022-09-19 12:29:37,24,0,3878.0,-3406
2022-09-19 12:29:38,1,-1,3877.75,-3407
2022-09-19 12:29:39,35,-8,3877.75,-3415
2022-09-19 12:29:40,35,-5,3877.75,-3420
2022-09-19 12:29:41,18,9,3878.0,-3411
2022-09-19 12:29:42,23,-9,3878.25,-3420
2022-09-19 12:29:44,34,6,3878.5,-3414
2022-09-19 12:29:45,10,-8,3878.25,-3422
2022-09-19 12:29:46,24,-13,3878.0,-3435
2022-09-19 12:29:47,35,21,3878.25,-3414
2022-09-19 12:29:48,39,-14,3878.0,-3428
2022-09-19 12:29:49,52,-18,3877.75,-3446
2022-09-19 12:29:50,12,-1,3877.5,-3447
2022-09-19 12:29:51,2,0,3877.75,-3447
2022-09-19 12:29:52,49,-3,3877.5,-3450
2022-09-19 12:29:54,59,10,3877.75,-3440
2022-09-19 12:29:55,26,-10,3877.75,-3450
2022-09-19 12:29:56,13,-2,3877.5,-3452
2022-09-19 12:29:57,19,4,3877.5,-3448
2022-09-19 12:29:58,13,3,3877.5,-3445
2022-09-19 12:29:59,3,0,3877.5,-3445
2022-09-19 12:30:00,71,-12,3877.5,-3457
2022-09-19 12:30:01,58,3,3877.25,-3454
2022-09-19 12:30:02,16,3,3877.25,-3451
2022-09-19 12:30:03,8,-2,3877.25,-3453
2022-09-19 12:30:04,96,-19,3877.0,-3472
2022-09-19 12:30:05,141,5,3877.0,-3467
2022-09-19 12:30:06,51,-15,3877.25,-3482
2022-09-19 12:30:07,66,-12,3876.75,-3494
2022-09-19 12:30:08,70,7,3876.75,-3487
2022-09-19 12:30:09,32,6,3877.0,-3481
2022-09-19 12:30:10,30,5,3877.0,-3476
2022-09-19 12:30:11,54,5,3876.75,-3471
2022-09-19 12:30:12,31,4,3877.0,-3467
2022-09-19 12:30:13,44,-5,3877.0,-3472
2022-09-19 12:30:14,32,-8,3876.75,-3480
2022-09-19 12:30:15,20,1,3876.75,-3479
2022-09-19 12:30:16,27,-7,3876.75,-3486
2022-09-19 12:30:17,17,4,3876.75,-3482
2022-09-19 12:30:18,54,21,3877.5,-3461
2022-09-19 12:30:19,188,34,3878.25,-3427
2022-09-19 12:30:20,31,-7,3878.0,-3434
2022-09-19 12:30:21,45,4,3878.0,-3430
2022-09-19 12:30:22,24,0,3878.25,-3430
2022-09-19 12:30:23,106,1,3878.25,-3429
2022-09-19 12:30:24,24,4,3878.25,-3425
2022-09-19 12:30:25,22,15,3878.5,-3410
2022-09-19 12:30:26,73,12,3878.75,-3398
2022-09-19 12:30:27,93,35,3879.0,-3363
2022-09-19 12:30:28,62,11,3879.0,-3352
2022-09-19 12:30:29,143,-33,3879.0,-3385
2022-09-19 12:30:30,42,7,3878.75,-3378
2022-09-19 12:30:31,53,-5,3878.25,-3383
2022-09-19 12:30:32,23,7,3878.25,-3376
2022-09-19 12:30:33,29,7,3878.5,-3369
2022-09-19 12:30:34,24,12,3878.75,-3357
2022-09-19 12:30:35,21,2,3878.75,-3355
2022-09-19 12:30:36,49,23,3879.25,-3332
2022-09-19 12:30:37,106,-12,3879.0,-3344
2022-09-19 12:30:38,49,-8,3878.75,-3352
2022-09-19 12:30:39,33,0,3878.5,-3352
2022-09-19 12:30:40,13,-1,3878.5,-3353
2022-09-19 12:30:41,31,1,3878.5,-3352
2022-09-19 12:30:43,18,-11,3878.5,-3363
2022-09-19 12:30:44,85,7,3879.0,-3356
2022-09-19 12:30:45,1,1,3879.0,-3355
2022-09-19 12:30:46,52,-3,3879.0,-3358
2022-09-19 12:30:47,28,-12,3879.0,-3370
2022-09-19 12:30:48,54,7,3879.5,-3363
2022-09-19 12:30:49,33,-2,3879.0,-3365
2022-09-19 12:30:50,13,-5,3879.0,-3370
2022-09-19 12:30:51,13,9,3879.0,-3361
2022-09-19 12:30:52,35,3,3879.25,-3358
2022-09-19 12:30:53,25,-2,3879.0,-3360
2022-09-19 12:30:54,55,-7,3879.0,-3367
2022-09-19 12:30:55,55,-28,3878.75,-3395
2022-09-19 12:30:56,106,-7,3878.0,-3402
2022-09-19 12:30:57,13,-11,3877.75,-3413
2022-09-19 12:30:58,95,-18,3877.5,-3431
2022-09-19 12:30:59,1,-1,3877.25,-3432
2022-09-19 12:31:00,38,-13,3877.25,-3445
2022-09-19 12:31:01,70,-22,3877.0,-3467
2022-09-19 12:31:02,33,17,3877.25,-3450
2022-09-19 12:31:03,61,2,3877.25,-3448
2022-09-19 12:31:04,5,3,3877.25,-3445
2022-09-19 12:31:05,28,7,3877.25,-3438
2022-09-19 12:31:06,51,16,3877.5,-3422
2022-09-19 12:31:07,156,-2,3878.25,-3424
2022-09-19 12:31:08,5,1,3878.25,-3423
2022-09-19 12:31:09,33,-20,3877.75,-3443
2022-09-19 12:31:10,1877,808,3880.25,-2635
2022-09-19 12:31:11,263,11,3880.5,-2624
2022-09-19 12:31:12,216,33,3880.75,-2591
2022-09-19 12:31:13,65,-18,3880.75,-2609
2022-09-19 12:31:14,67,16,3880.75,-2593
2022-09-19 12:31:15,125,-4,3880.75,-2597
2022-09-19 12:31:16,72,-8,3880.75,-2605
2022-09-19 12:31:17,170,30,3880.5,-2575
2022-09-19 12:31:18,82,19,3880.5,-2556
2022-09-19 12:31:19,20,12,3880.75,-2544
2022-09-19 12:31:20,26,7,3880.5,-2537
2022-09-19 12:31:21,102,-18,3880.5,-2555
2022-09-19 12:31:22,34,-21,3880.5,-2576
2022-09-19 12:31:23,91,7,3880.5,-2569
2022-09-19 12:31:24,26,-7,3880.25,-2576
2022-09-19 12:31:25,48,2,3880.25,-2574
2022-09-19 12:31:26,87,32,3880.5,-2542
2022-09-19 12:31:27,32,-3,3880.5,-2545
2022-09-19 12:31:28,3,-1,3880.75,-2546
2022-09-19 12:31:29,14,-4,3880.75,-2550
2022-09-19 12:31:30,17,12,3880.75,-2538
2022-09-19 12:31:31,218,37,3881.0,-2501
2022-09-19 12:31:32,71,-10,3881.0,-2511
2022-09-19 12:31:33,52,1,3880.75,-2510
2022-09-19 12:31:34,19,-7,3880.75,-2517
2022-09-19 12:31:35,73,-28,3880.75,-2545
2022-09-19 12:31:36,30,4,3880.5,-2541
2022-09-19 12:31:37,41,-1,3880.75,-2542
2022-09-19 12:31:38,15,3,3880.75,-2539
2022-09-19 12:31:39,21,-7,3880.75,-2546
2022-09-19 12:31:40,3,3,3880.5,-2543
2022-09-19 12:31:41,85,-31,3880.25,-2574
2022-09-19 12:31:42,108,7,3880.25,-2567
2022-09-19 12:31:43,31,-4,3880.5,-2571
2022-09-19 12:31:44,74,7,3881.0,-2564
2022-09-19 12:31:46,172,-38,3881.25,-2602
2022-09-19 12:31:47,20,6,3881.0,-2596
2022-09-19 12:31:48,33,-2,3881.0,-2598
2022-09-19 12:31:49,45,-6,3881.0,-2604
2022-09-19 12:31:50,34,-12,3880.75,-2616
2022-09-19 12:31:51,9,-1,3880.75,-2617
2022-09-19 12:31:52,25,4,3881.0,-2613
2022-09-19 12:31:53,48,6,3881.25,-2607
2022-09-19 12:31:54,15,-12,3881.0,-2619
2022-09-19 12:31:55,31,1,3881.0,-2618
2022-09-19 12:31:56,29,-8,3881.0,-2626
2022-09-19 12:31:57,26,-5,3880.75,-2631
2022-09-19 12:31:58,61,4,3880.75,-2627
2022-09-19 12:31:59,11,0,3880.75,-2627
2022-09-19 12:32:00,77,9,3881.0,-2618
2022-09-19 12:32:01,129,0,3881.25,-2618
2022-09-19 12:32:02,39,1,3880.75,-2617
2022-09-19 12:32:03,27,-8,3880.75,-2625
2022-09-19 12:32:04,42,20,3880.75,-2605
2022-09-19 12:32:05,71,-19,3880.75,-2624
2022-09-19 12:32:06,40,15,3880.75,-2609
2022-09-19 12:32:07,9,-3,3880.75,-2612
2022-09-19 12:32:08,35,-8,3880.75,-2620
2022-09-19 12:32:09,28,0,3881.0,-2620
2022-09-19 12:32:10,60,8,3880.75,-2612
2022-09-19 12:32:11,13,-3,3880.5,-2615
2022-09-19 12:32:12,35,17,3881.0,-2598
2022-09-19 12:32:13,70,-22,3881.0,-2620
2022-09-19 12:32:14,14,5,3880.75,-2615
2022-09-19 12:32:15,18,4,3881.0,-2611
2022-09-19 12:32:16,104,33,3881.5,-2578
2022-09-19 12:32:17,30,-2,3881.5,-2580
2022-09-19 12:32:18,54,2,3881.5,-2578
2022-09-19 12:32:19,83,32,3881.75,-2546
2022-09-19 12:32:20,29,1,3881.75,-2545
2022-09-19 12:32:21,31,-16,3881.5,-2561
2022-09-19 12:32:22,2,2,3881.5,-2559
2022-09-19 12:32:23,166,47,3882.0,-2512
2022-09-19 12:32:24,44,-8,3882.0,-2520
2022-09-19 12:32:25,54,-13,3881.75,-2533
2022-09-19 12:32:26,15,13,3882.0,-2520
2022-09-19 12:32:27,148,39,3882.25,-2481
2022-09-19 12:32:28,112,-24,3882.0,-2505
2022-09-19 12:32:29,47,-16,3881.25,-2521
2022-09-19 12:32:30,64,4,3881.25,-2517
2022-09-19 12:32:31,39,-19,3881.25,-2536
2022-09-19 12:32:32,79,-23,3881.25,-2559
2022-09-19 12:32:33,7,5,3881.25,-2554
2022-09-19 12:32:34,50,-24,3881.25,-2578
2022-09-19 12:32:35,37,-18,3881.0,-2596
2022-09-19 12:32:36,30,-7,3881.0,-2603
2022-09-19 12:32:37,2,0,3881.0,-2603
2022-09-19 12:32:38,2,-2,3880.75,-2605
2022-09-19 12:32:40,194,-49,3880.75,-2654
2022-09-19 12:32:41,182,23,3880.5,-2631
2022-09-19 12:32:42,30,-20,3880.5,-2651
2022-09-19 12:32:43,184,-28,3879.75,-2679
2022-09-19 12:32:44,63,3,3880.0,-2676
2022-09-19 12:32:45,34,-3,3880.25,-2679
2022-09-19 12:32:46,18,-6,3880.0,-2685
2022-09-19 12:32:47,69,10,3880.0,-2675
2022-09-19 12:32:48,21,-8,3880.0,-2683
2022-09-19 12:32:49,51,-11,3879.75,-2694
2022-09-19 12:32:50,67,-4,3879.75,-2698
2022-09-19 12:32:51,21,-2,3879.75,-2700
2022-09-19 12:32:52,1,-1,3879.5,-2701
2022-09-19 12:32:53,21,-10,3879.5,-2711
2022-09-19 12:32:54,67,1,3879.75,-2710
2022-09-19 12:32:55,27,-18,3879.75,-2728
2022-09-19 12:32:57,47,0,3879.75,-2728
2022-09-19 12:32:58,31,-1,3880.0,-2729
2022-09-19 12:32:59,41,-10,3880.25,-2739
2022-09-19 12:33:00,68,-5,3879.75,-2744
2022-09-19 12:33:01,72,-3,3879.5,-2747
2022-09-19 12:33:02,2,0,3879.5,-2747
2022-09-19 12:33:03,46,-6,3879.25,-2753
2022-09-19 12:33:04,73,-6,3879.0,-2759
2022-09-19 12:33:05,6,1,3879.25,-2758
2022-09-19 12:33:06,77,4,3879.75,-2754
2022-09-19 12:33:07,75,-1,3879.25,-2755
2022-09-19 12:33:09,14,1,3879.25,-2754
2022-09-19 12:33:10,8,-6,3879.0,-2760
2022-09-19 12:33:11,35,3,3879.25,-2757
2022-09-19 12:33:12,11,-7,3879.25,-2764
2022-09-19 12:33:13,21,-4,3879.25,-2768
2022-09-19 12:33:14,34,-13,3879.0,-2781
2022-09-19 12:33:15,2,-1,3878.75,-2782
2022-09-19 12:33:16,65,-10,3879.0,-2792
2022-09-19 12:33:17,28,7,3879.25,-2785
2022-09-19 12:33:18,36,0,3879.75,-2785
2022-09-19 12:33:19,94,19,3880.0,-2766
2022-09-19 12:33:20,86,-6,3880.0,-2772
2022-09-19 12:33:21,33,-2,3880.25,-2774
2022-09-19 12:33:23,11,11,3880.25,-2763
2022-09-19 12:33:24,5,3,3880.5,-2760
2022-09-19 12:33:25,35,7,3880.5,-2753
2022-09-19 12:33:26,109,38,3881.25,-2715
2022-09-19 12:33:27,4,1,3881.0,-2714
2022-09-19 12:33:28,52,-5,3881.0,-2719
2022-09-19 12:33:29,45,-17,3880.75,-2736
2022-09-19 12:33:31,8,5,3880.5,-2731
2022-09-19 12:33:33,55,0,3880.75,-2731
2022-09-19 12:33:34,21,-9,3880.5,-2740
2022-09-19 12:33:35,11,1,3880.5,-2739
2022-09-19 12:33:36,1,-1,3880.5,-2740
2022-09-19 12:33:37,24,-5,3880.5,-2745
2022-09-19 12:33:38,9,3,3880.5,-2742
2022-09-19 12:33:39,3,3,3880.75,-2739
2022-09-19 12:33:41,11,11,3881.0,-2728
2022-09-19 12:33:42,12,-4,3881.0,-2732
2022-09-19 12:33:43,75,-30,3881.0,-2762
2022-09-19 12:33:44,16,0,3881.0,-2762
2022-09-19 12:33:45,11,-3,3880.75,-2765
2022-09-19 12:33:46,7,3,3880.75,-2762
2022-09-19 12:33:47,18,-5,3880.5,-2767
2022-09-19 12:33:48,24,-8,3880.5,-2775
2022-09-19 12:33:50,12,-7,3880.5,-2782
2022-09-19 12:33:51,14,-4,3880.5,-2786
2022-09-19 12:33:52,73,37,3881.25,-2749
2022-09-19 12:33:53,64,8,3881.75,-2741
2022-09-19 12:33:54,86,-22,3881.5,-2763
2022-09-19 12:33:55,11,7,3881.75,-2756
2022-09-19 12:33:56,46,-5,3881.5,-2761
2022-09-19 12:33:57,33,-12,3881.0,-2773
2022-09-19 12:33:58,21,-7,3881.0,-2780
2022-09-19 12:33:59,22,8,3881.25,-2772
2022-09-19 12:34:00,83,7,3881.5,-2765
2022-09-19 12:34:01,8,-8,3881.25,-2773
2022-09-19 12:34:02,7,2,3881.25,-2771
2022-09-19 12:34:03,29,-6,3881.0,-2777
2022-09-19 12:34:04,14,-2,3881.0,-2779
2022-09-19 12:34:05,32,-7,3881.0,-2786
2022-09-19 12:34:06,2,0,3881.0,-2786
2022-09-19 12:34:07,33,-1,3881.0,-2787
2022-09-19 12:34:08,20,18,3881.25,-2769
2022-09-19 12:34:09,42,-15,3881.25,-2784
2022-09-19 12:34:11,32,7,3881.25,-2777
2022-09-19 12:34:12,5,3,3881.0,-2774
2022-09-19 12:34:13,6,2,3881.0,-2772
2022-09-19 12:34:14,16,-4,3881.0,-2776
2022-09-19 12:34:16,5,-1,3881.0,-2777
2022-09-19 12:34:17,24,-13,3880.75,-2790
2022-09-19 12:34:18,43,3,3880.75,-2787
2022-09-19 12:34:19,2,-2,3880.5,-2789
2022-09-19 12:34:20,21,3,3880.75,-2786
2022-09-19 12:34:22,66,-26,3880.75,-2812
2022-09-19 12:34:23,11,6,3880.5,-2806
2022-09-19 12:34:24,57,6,3881.25,-2800
2022-09-19 12:34:25,24,7,3881.0,-2793
2022-09-19 12:34:26,22,-5,3880.75,-2798
2022-09-19 12:34:27,8,-2,3880.5,-2800
2022-09-19 12:34:28,5,5,3880.75,-2795
2022-09-19 12:34:29,45,-11,3881.0,-2806
2022-09-19 12:34:30,19,-2,3880.75,-2808
2022-09-19 12:34:32,65,-3,3880.75,-2811
2022-09-19 12:34:33,3,2,3880.5,-2809
2022-09-19 12:34:34,44,-1,3880.75,-2810
2022-09-19 12:34:35,23,-2,3880.75,-2812
2022-09-19 12:34:36,25,14,3881.0,-2798
2022-09-19 12:34:37,59,16,3881.25,-2782
2022-09-19 12:34:38,3,3,3881.25,-2779
2022-09-19 12:34:40,10,7,3881.25,-2772
2022-09-19 12:34:41,11,9,3881.75,-2763
2022-09-19 12:34:42,42,4,3881.5,-2759
2022-09-19 12:34:43,3,3,3881.5,-2756
2022-09-19 12:34:44,18,-1,3881.5,-2757
2022-09-19 12:34:45,22,-4,3881.75,-2761
2022-09-19 12:34:46,17,-2,3881.75,-2763
2022-09-19 12:34:47,29,-9,3881.5,-2772
2022-09-19 12:34:48,21,-4,3881.25,-2776
2022-09-19 12:34:49,15,9,3881.5,-2767
2022-09-19 12:34:50,1,1,3881.75,-2766
2022-09-19 12:34:51,93,8,3881.75,-2758
2022-09-19 12:34:52,16,3,3882.0,-2755
2022-09-19 12:34:53,77,27,3882.0,-2728
2022-09-19 12:34:54,9,4,3881.75,-2724
2022-09-19 12:34:55,18,-10,3881.75,-2734
2022-09-19 12:34:56,40,28,3882.0,-2706
2022-09-19 12:34:57,26,0,3882.25,-2706
2022-09-19 12:34:58,116,5,3882.5,-2701
2022-09-19 12:34:59,26,-1,3882.5,-2702
2022-09-19 12:35:00,8,6,3882.25,-2696
2022-09-19 12:35:01,54,-8,3882.25,-2704
2022-09-19 12:35:02,1,1,3882.25,-2703
2022-09-19 12:35:03,3,-3,3882.0,-2706
2022-09-19 12:35:04,45,-1,3882.25,-2707
2022-09-19 12:35:06,197,41,3882.75,-2666
2022-09-19 12:35:07,114,-14,3882.75,-2680
2022-09-19 12:35:08,27,3,3882.5,-2677
2022-09-19 12:35:09,14,4,3882.75,-2673
2022-09-19 12:35:10,11,0,3882.75,-2673
2022-09-19 12:35:11,32,3,3882.5,-2670
2022-09-19 12:35:12,67,-11,3882.5,-2681
2022-09-19 12:35:13,21,-4,3882.5,-2685
2022-09-19 12:35:14,19,9,3882.5,-2676
2022-09-19 12:35:15,55,1,3882.5,-2675
2022-09-19 12:35:16,288,109,3883.75,-2566
2022-09-19 12:35:17,214,-12,3883.75,-2578
2022-09-19 12:35:18,123,-22,3883.5,-2600
2022-09-19 12:35:19,64,15,3883.5,-2585
2022-09-19 12:35:20,33,-5,3883.25,-2590
2022-09-19 12:35:21,16,-3,3882.75,-2593
2022-09-19 12:35:22,60,20,3883.0,-2573
2022-09-19 12:35:23,2,0,3883.0,-2573
2022-09-19 12:35:24,115,30,3883.5,-2543
2022-09-19 12:35:25,79,12,3883.75,-2531
2022-09-19 12:35:26,168,74,3884.0,-2457
2022-09-19 12:35:27,150,23,3884.5,-2434
2022-09-19 12:35:28,121,-22,3884.25,-2456
2022-09-19 12:35:29,79,-5,3884.0,-2461
2022-09-19 12:35:30,41,2,3884.0,-2459
2022-09-19 12:35:31,45,9,3884.25,-2450
2022-09-19 12:35:32,148,15,3884.5,-2435
2022-09-19 12:35:33,23,9,3884.25,-2426
2022-09-19 12:35:34,97,8,3884.5,-2418
2022-09-19 12:35:35,98,30,3884.75,-2388
2022-09-19 12:35:36,1357,669,3886.5,-1719
2022-09-19 12:35:37,298,15,3886.75,-1704
2022-09-19 12:35:38,502,-57,3886.25,-1761
2022-09-19 12:35:39,87,-14,3886.0,-1775
2022-09-19 12:35:40,87,18,3886.25,-1757
2022-09-19 12:35:41,131,31,3886.75,-1726
2022-09-19 12:35:42,109,10,3887.0,-1716
2022-09-19 12:35:43,66,4,3886.5,-1712
2022-09-19 12:35:44,260,28,3887.0,-1684
2022-09-19 12:35:45,112,15,3887.0,-1669
2022-09-19 12:35:46,434,196,3887.5,-1473
2022-09-19 12:35:47,330,41,3886.75,-1432
2022-09-19 12:35:48,99,-4,3887.0,-1436
2022-09-19 12:35:49,89,15,3886.75,-1421
2022-09-19 12:35:50,82,-7,3886.5,-1428
2022-09-19 12:35:51,15,-4,3886.5,-1432
2022-09-19 12:35:52,77,26,3887.0,-1406
2022-09-19 12:35:53,11,-4,3886.75,-1410
2022-09-19 12:35:54,50,-7,3886.75,-1417
2022-09-19 12:35:55,59,-25,3886.25,-1442
2022-09-19 12:35:56,164,17,3886.5,-1425
2022-09-19 12:35:57,244,64,3886.75,-1361
2022-09-19 12:35:58,65,-28,3887.0,-1389
2022-09-19 12:35:59,53,6,3887.0,-1383
2022-09-19 12:36:00,98,21,3887.25,-1362
2022-09-19 12:36:01,281,126,3887.75,-1236
2022-09-19 12:36:02,112,-14,3887.75,-1250
2022-09-19 12:36:03,118,-1,3887.75,-1251
2022-09-19 12:36:04,122,-18,3887.25,-1269
2022-09-19 12:36:05,116,41,3887.25,-1228
2022-09-19 12:36:06,95,-16,3887.25,-1244
2022-09-19 12:36:07,69,-13,3887.25,-1257
2022-09-19 12:36:08,2,2,3887.25,-1255
2022-09-19 12:36:09,61,11,3887.25,-1244
2022-09-19 12:36:10,69,-29,3887.5,-1273
2022-09-19 12:36:11,132,0,3887.5,-1273
2022-09-19 12:36:12,41,-12,3887.25,-1285
2022-09-19 12:36:13,74,18,3887.75,-1267
2022-09-19 12:36:14,285,88,3888.5,-1179
2022-09-19 12:36:15,169,-3,3888.5,-1182
2022-09-19 12:36:16,104,-13,3888.5,-1195
2022-09-19 12:36:17,501,101,3889.5,-1094
2022-09-19 12:36:18,559,129,3890.0,-965
2022-09-19 12:36:19,188,-47,3890.0,-1012
2022-09-19 12:36:20,75,4,3889.5,-1008
2022-09-19 12:36:21,103,-18,3889.5,-1026
2022-09-19 12:36:22,4,-4,3889.25,-1030
2022-09-19 12:36:23,11,-9,3889.5,-1039
2022-09-19 12:36:24,38,18,3889.25,-1021
2022-09-19 12:36:25,114,49,3889.75,-972
2022-09-19 12:36:26,121,-34,3890.0,-1006
2022-09-19 12:36:27,464,211,3890.25,-795
2022-09-19 12:36:28,92,-43,3889.75,-838
2022-09-19 12:36:29,76,-3,3889.75,-841
2022-09-19 12:36:30,63,-25,3889.5,-866
2022-09-19 12:36:31,66,33,3889.75,-833
2022-09-19 12:36:32,75,8,3889.75,-825
2022-09-19 12:36:33,25,9,3889.75,-816
2022-09-19 12:36:34,20,5,3890.0,-811
2022-09-19 12:36:35,172,-55,3890.0,-866
2022-09-19 12:36:36,66,-20,3889.25,-886
2022-09-19 12:36:37,202,-89,3889.25,-975
2022-09-19 12:36:38,173,-13,3888.75,-988
2022-09-19 12:36:39,53,-10,3888.75,-998
2022-09-19 12:36:40,8,-8,3888.5,-1006
2022-09-19 12:36:41,54,12,3888.75,-994
2022-09-19 12:36:42,54,-13,3888.75,-1007
2022-09-19 12:36:43,28,-3,3888.5,-1010
2022-09-19 12:36:44,100,-12,3888.75,-1022
2022-09-19 12:36:45,40,-10,3888.75,-1032
2022-09-19 12:36:46,98,-25,3888.5,-1057
2022-09-19 12:36:47,78,4,3888.25,-1053
2022-09-19 12:36:48,55,-10,3888.25,-1063
2022-09-19 12:36:49,48,-1,3888.25,-1064
2022-09-19 12:36:50,46,-17,3888.25,-1081
2022-09-19 12:36:51,119,34,3888.25,-1047
2022-09-19 12:36:52,60,-7,3888.25,-1054
2022-09-19 12:36:53,12,-4,3888.0,-1058
2022-09-19 12:36:54,35,-20,3887.75,-1078
2022-09-19 12:36:55,78,5,3888.0,-1073
2022-09-19 12:36:56,71,1,3888.0,-1072
2022-09-19 12:36:57,32,-11,3887.75,-1083
2022-09-19 12:36:58,65,-11,3888.0,-1094
2022-09-19 12:36:59,61,-12,3887.5,-1106
2022-09-19 12:37:00,73,-16,3887.5,-1122
2022-09-19 12:37:01,33,2,3887.5,-1120
2022-09-19 12:37:02,33,-11,3887.5,-1131
2022-09-19 12:37:03,128,-60,3887.25,-1191
2022-09-19 12:37:04,810,-212,3886.75,-1403
2022-09-19 12:37:05,301,35,3885.5,-1368
2022-09-19 12:37:06,288,28,3886.25,-1340
2022-09-19 12:37:07,80,-13,3886.75,-1353
2022-09-19 12:37:08,57,-11,3886.5,-1364
2022-09-19 12:37:09,52,0,3886.75,-1364
2022-09-19 12:37:10,42,8,3887.0,-1356
2022-09-19 12:37:11,45,-7,3886.75,-1363
2022-09-19 12:37:12,62,19,3887.0,-1344
2022-09-19 12:37:13,26,9,3887.25,-1335
2022-09-19 12:37:14,25,-7,3887.25,-1342
2022-09-19 12:37:15,22,-6,3887.0,-1348
2022-09-19 12:37:16,66,12,3887.25,-1336
2022-09-19 12:37:17,40,-10,3887.25,-1346
2022-09-19 12:37:18,48,8,3887.5,-1338
2022-09-19 12:37:19,29,15,3887.75,-1323
2022-09-19 12:37:20,76,-7,3887.25,-1330
2022-09-19 12:37:21,72,2,3887.25,-1328
2022-09-19 12:37:22,7,-3,3887.25,-1331
2022-09-19 12:37:23,1,1,3887.25,-1330
2022-09-19 12:37:24,17,-13,3887.25,-1343
2022-09-19 12:37:25,15,6,3886.75,-1337
2022-09-19 12:37:26,48,-11,3886.75,-1348
2022-09-19 12:37:27,22,0,3886.75,-1348
2022-09-19 12:37:28,23,4,3886.75,-1344
2022-09-19 12:37:29,48,13,3887.0,-1331
2022-09-19 12:37:30,184,37,3887.5,-1294
2022-09-19 12:37:31,51,27,3888.0,-1267
2022-09-19 12:37:32,99,-15,3888.0,-1282
2022-09-19 12:37:33,26,1,3887.75,-1281
2022-09-19 12:37:34,40,8,3887.75,-1273
2022-09-19 12:37:35,30,7,3887.75,-1266
2022-09-19 12:37:36,26,0,3887.75,-1266
2022-09-19 12:37:37,32,-4,3887.75,-1270
2022-09-19 12:37:38,21,-1,3887.75,-1271
2022-09-19 12:37:39,45,-5,3887.5,-1276
2022-09-19 12:37:40,39,12,3887.5,-1264
2022-09-19 12:37:41,24,-5,3887.25,-1269
2022-09-19 12:37:42,40,-7,3887.5,-1276
2022-09-19 12:37:43,40,3,3887.0,-1273
2022-09-19 12:37:44,39,6,3887.25,-1267
2022-09-19 12:37:46,19,4,3887.25,-1263
2022-09-19 12:37:47,35,1,3887.75,-1262
2022-09-19 12:37:48,26,3,3887.5,-1259
2022-09-19 12:37:49,27,2,3887.5,-1257
2022-09-19 12:37:50,146,36,3888.0,-1221
2022-09-19 12:37:51,168,85,3888.25,-1136
2022-09-19 12:37:52,73,35,3888.0,-1101
2022-09-19 12:37:53,126,-4,3888.25,-1105
2022-09-19 12:37:54,48,16,3888.5,-1089
2022-09-19 12:37:55,55,-16,3888.5,-1105
2022-09-19 12:37:56,41,-18,3887.75,-1123
2022-09-19 12:37:57,29,3,3888.0,-1120
2022-09-19 12:37:58,22,3,3888.0,-1117
2022-09-19 12:37:59,28,8,3888.25,-1109
2022-09-19 12:38:00,74,27,3888.5,-1082
2022-09-19 12:38:01,106,-6,3889.0,-1088
2022-09-19 12:38:02,8,-7,3888.5,-1095
2022-09-19 12:38:03,35,-15,3888.75,-1110
2022-09-19 12:38:04,20,2,3888.75,-1108
2022-09-19 12:38:05,7,1,3888.75,-1107
2022-09-19 12:38:06,54,-11,3888.5,-1118
2022-09-19 12:38:07,94,22,3888.75,-1096
2022-09-19 12:38:08,11,-3,3888.5,-1099
2022-09-19 12:38:09,28,8,3888.75,-1091
2022-09-19 12:38:10,34,-3,3888.5,-1094
2022-09-19 12:38:11,8,-4,3888.5,-1098
2022-09-19 12:38:12,24,10,3888.75,-1088
2022-09-19 12:38:13,3,-3,3888.5,-1091
2022-09-19 12:38:14,23,-9,3888.5,-1100
2022-09-19 12:38:15,31,0,3888.75,-1100
2022-09-19 12:38:16,37,-10,3888.75,-1110
2022-09-19 12:38:17,43,13,3888.75,-1097
2022-09-19 12:38:18,30,14,3889.0,-1083
2022-09-19 12:38:19,48,-1,3889.0,-1084
2022-09-19 12:38:20,53,9,3889.25,-1075
2022-09-19 12:38:21,64,5,3889.25,-1070
2022-09-19 12:38:22,51,2,3889.25,-1068
2022-09-19 12:38:23,89,45,3889.5,-1023
2022-09-19 12:38:24,80,42,3890.0,-981
2022-09-19 12:38:25,68,-14,3890.0,-995
2022-09-19 12:38:26,57,-27,3890.0,-1022
2022-09-19 12:38:27,86,-23,3889.75,-1045
2022-09-19 12:38:28,40,-25,3889.25,-1070
2022-09-19 12:38:29,16,-3,3889.0,-1073
2022-09-19 12:38:30,77,-21,3888.75,-1094
2022-09-19 12:38:31,84,1,3888.25,-1093
2022-09-19 12:38:32,105,-30,3888.25,-1123
2022-09-19 12:38:33,108,12,3888.0,-1111
2022-09-19 12:38:34,18,7,3888.5,-1104
2022-09-19 12:38:35,24,-15,3888.25,-1119
2022-09-19 12:38:36,59,9,3888.5,-1110
2022-09-19 12:38:37,36,-3,3888.5,-1113
2022-09-19 12:38:38,2,-2,3888.25,-1115
2022-09-19 12:38:39,19,1,3888.5,-1114
2022-09-19 12:38:41,67,-17,3888.5,-1131
2022-09-19 12:38:42,5,1,3888.25,-1130
2022-09-19 12:38:43,13,4,3888.25,-1126
2022-09-19 12:38:44,21,-15,3888.25,-1141
2022-09-19 12:38:45,17,-16,3888.0,-1157
2022-09-19 12:38:46,36,11,3888.25,-1146
2022-09-19 12:38:47,191,-93,3888.25,-1239
2022-09-19 12:38:48,48,-6,3888.25,-1245
2022-09-19 12:38:49,41,10,3888.25,-1235
2022-09-19 12:38:50,62,-12,3888.25,-1247
2022-09-19 12:38:51,16,-3,3888.0,-1250
2022-09-19 12:38:52,77,8,3888.25,-1242
2022-09-19 12:38:54,44,8,3888.25,-1234
2022-09-19 12:38:55,58,8,3888.25,-1226
2022-09-19 12:38:56,10,8,3888.25,-1218
2022-09-19 12:38:57,31,3,3888.25,-1215
2022-09-19 12:38:58,1,-1,3888.25,-1216
2022-09-19 12:38:59,19,-10,3888.25,-1226
2022-09-19 12:39:00,39,7,3888.5,-1219
2022-09-19 12:39:01,14,-4,3888.25,-1223
2022-09-19 12:39:02,34,-17,3888.5,-1240
2022-09-19 12:39:03,94,17,3889.0,-1223
2022-09-19 12:39:04,50,7,3889.25,-1216
2022-09-19 12:39:05,14,-7,3889.25,-1223
2022-09-19 12:39:06,46,-8,3888.75,-1231
2022-09-19 12:39:07,33,-1,3888.75,-1232
2022-09-19 12:39:08,16,-1,3889.0,-1233
2022-09-19 12:39:09,41,2,3888.75,-1231
2022-09-19 12:39:10,18,1,3889.0,-1230
2022-09-19 12:39:11,50,-2,3889.0,-1232
2022-09-19 12:39:12,29,-1,3889.0,-1233
2022-09-19 12:39:13,19,-13,3888.75,-1246
2022-09-19 12:39:14,53,6,3889.0,-1240
2022-09-19 12:39:15,29,11,3889.0,-1229
2022-09-19 12:39:16,124,-4,3889.0,-1233
2022-09-19 12:39:17,17,3,3889.0,-1230
2022-09-19 12:39:19,48,-16,3888.75,-1246
2022-09-19 12:39:20,84,-4,3888.5,-1250
2022-09-19 12:39:21,41,-4,3888.5,-1254
2022-09-19 12:39:22,90,39,3888.5,-1215
2022-09-19 12:39:23,28,-1,3888.75,-1216
2022-09-19 12:39:24,44,-5,3888.75,-1221
2022-09-19 12:39:25,11,-7,3888.25,-1228
2022-09-19 12:39:26,11,-6,3888.25,-1234
2022-09-19 12:39:27,43,-17,3888.25,-1251
2022-09-19 12:39:28,11,8,3888.0,-1243
2022-09-19 12:39:29,2,-2,3888.0,-1245
2022-09-19 12:39:30,1,-1,3888.0,-1246
2022-09-19 12:39:31,34,12,3888.5,-1234
2022-09-19 12:39:32,20,15,3888.75,-1219
2022-09-19 12:39:33,37,-14,3888.75,-1233
2022-09-19 12:39:34,16,-3,3888.5,-1236
2022-09-19 12:39:35,85,-39,3888.5,-1275
2022-09-19 12:39:37,1,1,3888.0,-1274
2022-09-19 12:39:38,101,14,3888.0,-1260
2022-09-19 12:39:39,57,10,3888.5,-1250
2022-09-19 12:39:40,30,2,3888.5,-1248
2022-09-19 12:39:41,18,1,3888.5,-1247
2022-09-19 12:39:42,74,-5,3888.75,-1252
2022-09-19 12:39:43,39,0,3889.0,-1252
2022-09-19 12:39:44,62,-4,3888.75,-1256
2022-09-19 12:39:45,20,-10,3888.75,-1266
2022-09-19 12:39:46,1,1,3888.75,-1265
2022-09-19 12:39:47,6,-6,3888.5,-1271
2022-09-19 12:39:48,15,5,3888.25,-1266
2022-09-19 12:39:49,1,-1,3888.25,-1267
2022-09-19 12:39:50,30,-4,3888.5,-1271
2022-09-19 12:39:51,1,-1,3888.25,-1272
2022-09-19 12:39:52,30,-18,3888.5,-1290
2022-09-19 12:39:53,18,-5,3888.25,-1295
2022-09-19 12:39:54,110,-15,3888.25,-1310
2022-09-19 12:39:55,168,25,3888.0,-1285
2022-09-19 12:39:56,74,-9,3888.0,-1294
2022-09-19 12:39:57,153,-40,3888.0,-1334
2022-09-19 12:39:58,2,-2,3887.75,-1336
2022-09-19 12:39:59,50,7,3888.0,-1329
2022-09-19 12:40:00,69,21,3888.25,-1308
2022-09-19 12:40:01,26,-1,3888.0,-1309
2022-09-19 12:40:02,48,0,3887.75,-1309
2022-09-19 12:40:03,57,-20,3887.5,-1329
2022-09-19 12:40:04,949,-262,3887.25,-1591
2022-09-19 12:40:05,148,33,3886.25,-1558
2022-09-19 12:40:06,134,-22,3886.75,-1580
2022-09-19 12:40:07,31,-6,3886.5,-1586
2022-09-19 12:40:08,128,-22,3886.75,-1608
2022-09-19 12:40:09,52,2,3886.75,-1606
2022-09-19 12:40:10,38,-6,3887.0,-1612
2022-09-19 12:40:11,26,-6,3886.75,-1618
2022-09-19 12:40:12,7,-2,3887.0,-1620
2022-09-19 12:40:13,610,34,3887.25,-1586
2022-09-19 12:40:14,94,-20,3887.0,-1606
2022-09-19 12:40:15,43,9,3886.5,-1597
2022-09-19 12:40:16,25,1,3886.75,-1596
2022-09-19 12:40:18,61,12,3887.0,-1584
2022-09-19 12:40:19,29,12,3887.5,-1572
2022-09-19 12:40:20,46,3,3887.5,-1569
2022-09-19 12:40:21,5,-1,3887.25,-1570
2022-09-19 12:40:22,61,-10,3887.25,-1580
2022-09-19 12:40:23,47,-1,3887.25,-1581
2022-09-19 12:40:24,31,-4,3887.25,-1585
2022-09-19 12:40:25,30,-2,3886.75,-1587
2022-09-19 12:40:26,20,-2,3886.75,-1589
2022-09-19 12:40:27,8,2,3886.75,-1587
2022-09-19 12:40:28,37,-18,3886.75,-1605
2022-09-19 12:40:29,59,18,3886.75,-1587
2022-09-19 12:40:30,9,-7,3886.75,-1594
2022-09-19 12:40:31,33,-3,3886.75,-1597
2022-09-19 12:40:32,26,1,3887.0,-1596
2022-09-19 12:40:33,48,8,3887.0,-1588
2022-09-19 12:40:34,24,-2,3886.75,-1590
2022-09-19 12:40:35,17,-4,3886.75,-1594
2022-09-19 12:40:36,22,9,3886.75,-1585
2022-09-19 12:40:37,30,-9,3886.75,-1594
2022-09-19 12:40:38,38,-11,3886.5,-1605
2022-09-19 12:40:39,22,-3,3886.5,-1608
2022-09-19 12:40:40,8,-4,3886.5,-1612
2022-09-19 12:40:41,21,-2,3886.5,-1614
2022-09-19 12:40:42,15,-4,3886.75,-1618
2022-09-19 12:40:43,12,-3,3886.5,-1621
2022-09-19 12:40:44,18,2,3886.5,-1619
2022-09-19 12:40:45,101,9,3886.75,-1610
2022-09-19 12:40:46,82,-20,3886.25,-1630
2022-09-19 12:40:47,108,29,3886.25,-1601
2022-09-19 12:40:48,74,-40,3886.25,-1641
2022-09-19 12:40:49,38,12,3886.0,-1629
2022-09-19 12:40:50,37,6,3886.0,-1623
2022-09-19 12:40:51,76,-8,3886.0,-1631
2022-09-19 12:40:52,49,7,3885.75,-1624
2022-09-19 12:40:53,21,4,3885.75,-1620
2022-09-19 12:40:54,26,5,3885.75,-1615
2022-09-19 12:40:55,21,14,3886.0,-1601
2022-09-19 12:40:56,46,-5,3886.0,-1606
2022-09-19 12:40:57,60,-5,3886.0,-1611
2022-09-19 12:40:58,47,-4,3885.75,-1615
2022-09-19 12:40:59,46,-6,3885.75,-1621
2022-09-19 12:41:00,61,2,3886.0,-1619
2022-09-19 12:41:01,38,8,3885.75,-1611
2022-09-19 12:41:02,6,6,3885.75,-1605
2022-09-19 12:41:03,38,-4,3885.75,-1609
2022-09-19 12:41:04,25,5,3886.25,-1604
2022-09-19 12:41:05,10,-5,3886.0,-1609
2022-09-19 12:41:06,35,-3,3886.0,-1612
2022-09-19 12:41:07,29,12,3886.0,-1600
2022-09-19 12:41:08,30,-5,3886.25,-1605
2022-09-19 12:41:09,91,-14,3886.0,-1619
2022-09-19 12:41:10,9,1,3886.0,-1618
2022-09-19 12:41:11,60,6,3886.75,-1612
2022-09-19 12:41:12,53,4,3886.0,-1608
2022-09-19 12:41:13,3,1,3886.0,-1607
2022-09-19 12:41:14,26,-17,3885.75,-1624
2022-09-19 12:41:15,2,0,3885.75,-1624
2022-09-19 12:41:16,55,27,3886.25,-1597
2022-09-19 12:41:17,128,10,3886.75,-1587
2022-09-19 12:41:18,13,-8,3886.25,-1595
2022-09-19 12:41:19,37,-7,3885.75,-1602
2022-09-19 12:41:20,15,10,3886.0,-1592
2022-09-19 12:41:21,23,6,3886.25,-1586
2022-09-19 12:41:24,38,5,3886.25,-1581
2022-09-19 12:41:25,3,0,3886.5,-1581
2022-09-19 12:41:26,41,-4,3886.5,-1585
2022-09-19 12:41:27,202,-69,3886.0,-1654
2022-09-19 12:41:28,34,-3,3885.75,-1657
2022-09-19 12:41:29,36,-6,3885.75,-1663
2022-09-19 12:41:30,138,-28,3886.0,-1691
2022-09-19 12:41:32,15,9,3886.25,-1682
2022-09-19 12:41:33,22,-10,3886.25,-1692
2022-09-19 12:41:34,37,3,3886.25,-1689
2022-09-19 12:41:35,16,5,3886.0,-1684
2022-09-19 12:41:36,72,-12,3886.0,-1696
2022-09-19 12:41:37,3,1,3885.75,-1695
2022-09-19 12:41:39,41,8,3885.75,-1687
2022-09-19 12:41:40,155,-44,3885.5,-1731
2022-09-19 12:41:41,52,8,3885.5,-1723
2022-09-19 12:41:42,27,3,3885.5,-1720
2022-09-19 12:41:43,8,2,3885.75,-1718
2022-09-19 12:41:44,201,-68,3885.0,-1786
2022-09-19 12:41:45,67,1,3885.25,-1785
2022-09-19 12:41:46,24,-3,3885.0,-1788
2022-09-19 12:41:47,22,-17,3885.0,-1805
2022-09-19 12:41:48,50,7,3885.0,-1798
2022-09-19 12:41:49,15,0,3885.0,-1798
2022-09-19 12:41:50,20,-11,3885.0,-1809
2022-09-19 12:41:51,36,-4,3885.0,-1813
2022-09-19 12:41:52,8,5,3884.75,-1808
2022-09-19 12:41:53,73,7,3884.75,-1801
2022-09-19 12:41:54,9,-5,3885.0,-1806
2022-09-19 12:41:55,30,5,3884.75,-1801
2022-09-19 12:41:56,33,-14,3884.75,-1815
2022-09-19 12:41:57,2,2,3884.75,-1813
2022-09-19 12:41:58,54,2,3884.75,-1811
2022-09-19 12:41:59,72,0,3884.75,-1811
2022-09-19 12:42:00,83,16,3885.0,-1795
2022-09-19 12:42:01,62,3,3884.75,-1792
2022-09-19 12:42:02,34,3,3884.75,-1789
2022-09-19 12:42:03,40,8,3885.0,-1781
2022-09-19 12:42:04,32,24,3885.25,-1757
2022-09-19 12:42:05,49,13,3885.75,-1744
2022-09-19 12:42:06,95,-18,3885.75,-1762
2022-09-19 12:42:07,15,11,3885.5,-1751
2022-09-19 12:42:08,25,-13,3885.25,-1764
2022-09-19 12:42:09,59,0,3885.25,-1764
2022-09-19 12:42:10,14,-1,3885.5,-1765
2022-09-19 12:42:11,28,0,3885.25,-1765
2022-09-19 12:42:12,7,1,3885.25,-1764
2022-09-19 12:42:13,231,73,3886.25,-1691
2022-09-19 12:42:14,49,-9,3886.25,-1700
2022-09-19 12:42:15,13,10,3885.75,-1690
2022-09-19 12:42:16,7,1,3885.75,-1689
2022-09-19 12:42:17,69,-23,3886.25,-1712
2022-09-19 12:42:18,3,3,3886.0,-1709
2022-09-19 12:42:19,51,-3,3886.0,-1712
2022-09-19 12:42:20,8,-6,3885.75,-1718
2022-09-19 12:42:21,42,8,3885.75,-1710
2022-09-19 12:42:22,28,-12,3885.75,-1722
2022-09-19 12:42:23,2,2,3886.0,-1720
2022-09-19 12:42:24,49,-1,3885.75,-1721
2022-09-19 12:42:25,7,-2,3885.75,-1723
2022-09-19 12:42:27,33,12,3886.0,-1711
2022-09-19 12:42:28,35,-6,3885.75,-1717
2022-09-19 12:42:30,94,37,3886.75,-1680
2022-09-19 12:42:31,87,-12,3886.5,-1692
2022-09-19 12:42:32,24,9,3886.5,-1683
2022-09-19 12:42:33,7,2,3886.5,-1681
2022-09-19 12:42:34,26,13,3886.5,-1668
2022-09-19 12:42:35,23,8,3886.75,-1660
2022-09-19 12:42:36,25,-17,3886.5,-1677
2022-09-19 12:42:37,52,5,3886.5,-1672
2022-09-19 12:42:38,8,0,3886.5,-1672
2022-09-19 12:42:39,52,-10,3886.5,-1682
2022-09-19 12:42:40,14,-5,3886.25,-1687
2022-09-19 12:42:41,52,19,3886.25,-1668
2022-09-19 12:42:42,7,-7,3886.0,-1675
2022-09-19 12:42:43,23,10,3886.0,-1665
2022-09-19 12:42:44,5,3,3886.0,-1662
2022-09-19 12:42:45,84,21,3886.75,-1641
2022-09-19 12:42:46,37,-11,3886.75,-1652
2022-09-19 12:42:47,153,77,3888.0,-1575
2022-09-19 12:42:48,59,23,3888.25,-1552
2022-09-19 12:42:49,73,-27,3888.25,-1579
2022-09-19 12:42:50,18,3,3887.75,-1576
2022-09-19 12:42:51,16,-12,3887.75,-1588
2022-09-19 12:42:52,47,5,3887.75,-1583
2022-09-19 12:42:53,31,10,3888.0,-1573
2022-09-19 12:42:54,102,6,3888.25,-1567
2022-09-19 12:42:55,10,0,3888.25,-1567
2022-09-19 12:42:56,49,12,3888.25,-1555
2022-09-19 12:42:57,58,5,3888.5,-1550
2022-09-19 12:42:58,68,11,3888.75,-1539
2022-09-19 12:42:59,83,5,3888.5,-1534
2022-09-19 12:43:00,95,30,3888.5,-1504
2022-09-19 12:43:01,40,-4,3888.25,-1508
2022-09-19 12:43:02,8,-6,3888.25,-1514
2022-09-19 12:43:03,50,-12,3888.25,-1526
2022-09-19 12:43:04,199,-23,3888.5,-1549
2022-09-19 12:43:05,36,18,3888.75,-1531
2022-09-19 12:43:06,20,13,3888.75,-1518
2022-09-19 12:43:07,156,21,3889.0,-1497
2022-09-19 12:43:08,8,0,3888.75,-1497
2022-09-19 12:43:09,9,-3,3888.75,-1500
2022-09-19 12:43:10,3,1,3888.75,-1499
2022-09-19 12:43:11,45,2,3888.75,-1497
2022-09-19 12:43:12,79,13,3888.75,-1484
2022-09-19 12:43:13,12,7,3888.75,-1477
2022-09-19 12:43:14,27,-10,3888.75,-1487
2022-09-19 12:43:15,10,-4,3888.75,-1491
2022-09-19 12:43:16,18,-6,3888.5,-1497
2022-09-19 12:43:17,102,22,3888.5,-1475
2022-09-19 12:43:18,11,5,3888.25,-1470
2022-09-19 12:43:19,58,5,3888.25,-1465
2022-09-19 12:43:20,38,-6,3888.25,-1471
2022-09-19 12:43:21,90,-40,3888.0,-1511
2022-09-19 12:43:22,38,-12,3887.75,-1523
2022-09-19 12:43:23,2,-1,3887.75,-1524
2022-09-19 12:43:24,164,36,3888.5,-1488
2022-09-19 12:43:25,11,1,3888.5,-1487
2022-09-19 12:43:26,37,-6,3888.5,-1493
2022-09-19 12:43:27,146,73,3889.0,-1420
2022-09-19 12:43:28,46,11,3888.75,-1409
2022-09-19 12:43:29,46,14,3888.75,-1395
2022-09-19 12:43:30,96,-22,3888.75,-1417
2022-09-19 12:43:31,29,6,3888.5,-1411
2022-09-19 12:43:32,109,3,3888.75,-1408
2022-09-19 12:43:33,28,-8,3888.75,-1416
2022-09-19 12:43:34,25,9,3888.5,-1407
2022-09-19 12:43:35,9,0,3888.5,-1407
2022-09-19 12:43:36,11,5,3888.75,-1402
2022-09-19 12:43:37,9,-9,3888.5,-1411
2022-09-19 12:43:38,14,2,3888.5,-1409
2022-09-19 12:43:39,3,1,3888.5,-1408
2022-09-19 12:43:40,30,-10,3888.5,-1418
2022-09-19 12:43:41,66,22,3889.0,-1396
2022-09-19 12:43:42,33,13,3889.0,-1383
2022-09-19 12:43:43,165,124,3889.5,-1259
2022-09-19 12:43:44,23,5,3889.5,-1254
2022-09-19 12:43:45,28,4,3889.5,-1250
2022-09-19 12:43:46,53,24,3889.5,-1226
2022-09-19 12:43:47,29,-14,3889.5,-1240
2022-09-19 12:43:48,16,-6,3889.5,-1246
2022-09-19 12:43:49,17,5,3889.5,-1241
2022-09-19 12:43:50,51,7,3889.5,-1234
2022-09-19 12:43:51,5,1,3889.5,-1233
2022-09-19 12:43:52,24,8,3889.5,-1225
2022-09-19 12:43:53,11,7,3889.5,-1218
2022-09-19 12:43:54,162,-27,3889.5,-1245
2022-09-19 12:43:55,2,-2,3888.75,-1247
2022-09-19 12:43:56,9,-5,3889.0,-1252
2022-09-19 12:43:57,23,-6,3888.5,-1258
2022-09-19 12:43:58,27,-9,3888.25,-1267
2022-09-19 12:43:59,32,5,3888.75,-1262
2022-09-19 12:44:00,27,5,3888.75,-1257
2022-09-19 12:44:01,51,2,3888.75,-1255
2022-09-19 12:44:02,24,-1,3888.75,-1256
2022-09-19 12:44:03,16,-7,3888.5,-1263
2022-09-19 12:44:04,7,2,3888.5,-1261
2022-09-19 12:44:05,36,2,3888.5,-1259
2022-09-19 12:44:06,48,10,3888.75,-1249
2022-09-19 12:44:07,15,-8,3888.5,-1257
2022-09-19 12:44:08,9,1,3888.5,-1256
2022-09-19 12:44:09,13,10,3888.75,-1246
2022-09-19 12:44:10,19,13,3889.0,-1233
2022-09-19 12:44:11,82,6,3889.25,-1227
2022-09-19 12:44:12,1,1,3889.25,-1226
2022-09-19 12:44:13,16,10,3889.5,-1216
2022-09-19 12:44:14,18,-9,3889.25,-1225
2022-09-19 12:44:15,26,-11,3889.25,-1236
2022-09-19 12:44:16,1,1,3888.75,-1235
2022-09-19 12:44:17,14,7,3888.75,-1228
2022-09-19 12:44:18,12,7,3889.25,-1221
2022-09-19 12:44:19,12,-7,3889.0,-1228
2022-09-19 12:44:20,28,-4,3889.0,-1232
2022-09-19 12:44:21,17,-3,3889.25,-1235
2022-09-19 12:44:22,19,-13,3889.25,-1248
2022-09-19 12:44:24,13,-2,3889.0,-1250
2022-09-19 12:44:25,16,8,3889.0,-1242
2022-09-19 12:44:26,6,-2,3889.0,-1244
2022-09-19 12:44:27,22,-12,3888.75,-1256
2022-09-19 12:44:28,27,26,3889.25,-1230
2022-09-19 12:44:29,31,8,3889.5,-1222
2022-09-19 12:44:30,4,2,3889.25,-1220
2022-09-19 12:44:31,12,12,3889.5,-1208
2022-09-19 12:44:32,36,7,3889.5,-1201
2022-09-19 12:44:33,3,-3,3889.25,-1204
2022-09-19 12:44:34,1,-1,3889.0,-1205
2022-09-19 12:44:35,14,-10,3889.0,-1215
2022-09-19 12:44:36,76,0,3889.0,-1215
2022-09-19 12:44:37,46,-13,3889.0,-1228
2022-09-19 12:44:38,83,25,3889.25,-1203
2022-09-19 12:44:39,6,-2,3889.25,-1205
2022-09-19 12:44:40,14,7,3889.25,-1198
2022-09-19 12:44:41,57,-10,3889.0,-1208
2022-09-19 12:44:42,27,-15,3888.75,-1223
2022-09-19 12:44:44,42,12,3889.0,-1211
2022-09-19 12:44:45,62,17,3889.25,-1194
2022-09-19 12:44:46,17,-3,3889.25,-1197
2022-09-19 12:44:47,43,-5,3888.75,-1202
2022-09-19 12:44:48,14,6,3889.0,-1196
2022-09-19 12:44:49,50,-3,3888.75,-1199
2022-09-19 12:44:50,8,4,3888.75,-1195
2022-09-19 12:44:51,82,19,3889.25,-1176
2022-09-19 12:44:52,3,-3,3889.25,-1179
2022-09-19 12:44:53,13,-4,3889.25,-1183
2022-09-19 12:44:54,30,-11,3889.25,-1194
2022-09-19 12:44:55,10,2,3889.0,-1192
2022-09-19 12:44:56,27,6,3889.0,-1186
2022-09-19 12:44:58,156,61,3889.75,-1125
2022-09-19 12:44:59,148,49,3889.75,-1076
2022-09-19 12:45:00,88,14,3889.75,-1062
2022-09-19 12:45:01,21,14,3889.25,-1048
2022-09-19 12:45:02,31,-12,3889.25,-1060
2022-09-19 12:45:03,37,-17,3889.0,-1077
2022-09-19 12:45:04,30,20,3889.25,-1057
2022-09-19 12:45:05,58,6,3889.25,-1051
2022-09-19 12:45:06,112,1,3889.75,-1050
2022-09-19 12:45:07,54,-7,3889.5,-1057
2022-09-19 12:45:09,17,15,3890.0,-1042
2022-09-19 12:45:10,32,-3,3889.75,-1045
2022-09-19 12:45:11,2,-2,3889.5,-1047
2022-09-19 12:45:12,47,-27,3889.5,-1074
2022-09-19 12:45:13,33,-11,3889.25,-1085
2022-09-19 12:45:14,90,-41,3888.75,-1126
2022-09-19 12:45:15,27,-20,3888.25,-1146
2022-09-19 12:45:16,57,2,3888.25,-1144
2022-09-19 12:45:17,109,5,3888.5,-1139
2022-09-19 12:45:18,43,-1,3888.5,-1140
2022-09-19 12:45:19,20,12,3888.75,-1128
2022-09-19 12:45:20,37,3,3888.75,-1125
2022-09-19 12:45:21,16,-3,3888.5,-1128
2022-09-19 12:45:22,33,3,3888.75,-1125
2022-09-19 12:45:23,29,-12,3888.75,-1137
2022-09-19 12:45:24,8,5,3888.75,-1132
2022-09-19 12:45:25,14,-14,3888.75,-1146
2022-09-19 12:45:26,4,0,3888.5,-1146
2022-09-19 12:45:27,65,12,3888.5,-1134
2022-09-19 12:45:28,9,-4,3888.75,-1138
2022-09-19 12:45:29,35,-7,3888.5,-1145
2022-09-19 12:45:30,53,23,3889.0,-1122
2022-09-19 12:45:31,34,-14,3888.75,-1136
2022-09-19 12:45:32,4,-4,3888.25,-1140
2022-09-19 12:45:33,23,-9,3888.25,-1149
2022-09-19 12:45:34,14,-6,3888.0,-1155
2022-09-19 12:45:35,38,2,3888.25,-1153
2022-09-19 12:45:36,20,17,3888.75,-1136
2022-09-19 12:45:37,49,-11,3888.75,-1147
2022-09-19 12:45:38,12,1,3888.75,-1146
2022-09-19 12:45:39,10,-10,3888.75,-1156
2022-09-19 12:45:40,38,-14,3888.75,-1170
2022-09-19 12:45:41,31,-10,3888.5,-1180
2022-09-19 12:45:42,18,-7,3888.5,-1187
2022-09-19 12:45:43,11,5,3888.5,-1182
2022-09-19 12:45:44,23,-4,3888.25,-1186
2022-09-19 12:45:45,17,4,3888.25,-1182
2022-09-19 12:45:46,44,8,3888.5,-1174
2022-09-19 12:45:47,37,8,3888.5,-1166
2022-09-19 12:45:48,47,21,3888.75,-1145
2022-09-19 12:45:49,1,-1,3888.75,-1146
2022-09-19 12:45:50,2,-2,3888.75,-1148
2022-09-19 12:45:51,9,-8,3888.75,-1156
2022-09-19 12:45:52,15,11,3888.75,-1145
2022-09-19 12:45:53,2,-2,3888.75,-1147
2022-09-19 12:45:54,12,-10,3888.75,-1157
2022-09-19 12:45:55,12,5,3888.75,-1152
2022-09-19 12:45:56,2,2,3889.0,-1150
2022-09-19 12:45:57,90,14,3889.25,-1136
2022-09-19 12:45:58,231,95,3890.0,-1041
2022-09-19 12:45:59,55,-18,3890.0,-1059
2022-09-19 12:46:00,18,-7,3889.75,-1066
2022-09-19 12:46:01,52,-32,3889.5,-1098
2022-09-19 12:46:02,92,10,3889.0,-1088
2022-09-19 12:46:03,8,4,3889.25,-1084
2022-09-19 12:46:04,33,0,3889.25,-1084
2022-09-19 12:46:05,8,-6,3889.25,-1090
2022-09-19 12:46:06,42,-13,3889.0,-1103
2022-09-19 12:46:07,22,13,3888.75,-1090
2022-09-19 12:46:08,40,11,3889.0,-1079
2022-09-19 12:46:09,12,9,3889.25,-1070
2022-09-19 12:46:10,50,-8,3889.25,-1078
2022-09-19 12:46:11,14,-2,3889.0,-1080
2022-09-19 12:46:12,37,-4,3889.0,-1084
2022-09-19 12:46:13,31,2,3889.0,-1082
2022-09-19 12:46:14,25,1,3889.0,-1081
2022-09-19 12:46:15,13,5,3889.0,-1076
2022-09-19 12:46:16,14,-3,3889.0,-1079
2022-09-19 12:46:17,24,-5,3889.0,-1084
2022-09-19 12:46:18,19,-7,3889.0,-1091
2022-09-19 12:46:19,19,6,3889.25,-1085
2022-09-19 12:46:20,29,-5,3889.0,-1090
2022-09-19 12:46:21,37,9,3889.0,-1081
2022-09-19 12:46:22,11,-1,3889.0,-1082
2022-09-19 12:46:23,40,-11,3889.0,-1093
2022-09-19 12:46:24,18,2,3888.75,-1091
2022-09-19 12:46:25,13,6,3888.75,-1085
2022-09-19 12:46:26,23,-5,3889.0,-1090
2022-09-19 12:46:27,29,-1,3889.0,-1091
2022-09-19 12:46:28,45,-10,3889.0,-1101
2022-09-19 12:46:29,1,1,3889.0,-1100
2022-09-19 12:46:30,34,12,3889.0,-1088
2022-09-19 12:46:31,15,-10,3888.75,-1098
2022-09-19 12:46:32,9,-3,3888.75,-1101
2022-09-19 12:46:33,32,-15,3888.75,-1116
2022-09-19 12:46:34,32,8,3889.0,-1108
2022-09-19 12:46:35,6,-5,3889.0,-1113
2022-09-19 12:46:36,22,4,3889.0,-1109
2022-09-19 12:46:37,17,-7,3889.0,-1116
2022-09-19 12:46:38,19,-5,3888.75,-1121
2022-09-19 12:46:39,6,-5,3888.75,-1126
2022-09-19 12:46:40,1,-1,3888.5,-1127
2022-09-19 12:46:41,20,6,3888.75,-1121
2022-09-19 12:46:42,34,-5,3888.75,-1126
2022-09-19 12:46:43,15,-7,3889.0,-1133
2022-09-19 12:46:44,12,-7,3888.5,-1140
2022-09-19 12:46:45,26,8,3889.0,-1132
2022-09-19 12:46:46,70,-1,3889.0,-1133
2022-09-19 12:46:47,32,2,3889.0,-1131
2022-09-19 12:46:48,20,-3,3889.0,-1134
2022-09-19 12:46:49,34,-7,3889.0,-1141
2022-09-19 12:46:50,3,-1,3889.0,-1142
2022-09-19 12:46:51,22,2,3889.0,-1140
2022-09-19 12:46:52,42,15,3889.25,-1125
2022-09-19 12:46:53,61,25,3889.75,-1100
2022-09-19 12:46:54,27,-12,3889.5,-1112
2022-09-19 12:46:55,7,-3,3889.5,-1115
2022-09-19 12:46:57,58,23,3889.5,-1092
2022-09-19 12:46:58,1,-1,3889.0,-1093
2022-09-19 12:46:59,35,-10,3889.0,-1103
2022-09-19 12:47:00,7,3,3889.25,-1100
2022-09-19 12:47:01,22,9,3889.25,-1091
2022-09-19 12:47:02,57,-32,3889.0,-1123
2022-09-19 12:47:03,21,2,3889.0,-1121
2022-09-19 12:47:04,28,-3,3889.0,-1124
2022-09-19 12:47:05,9,-9,3889.0,-1133
2022-09-19 12:47:06,13,12,3889.0,-1121
2022-09-19 12:47:07,29,-4,3889.0,-1125
2022-09-19 12:47:08,27,4,3889.0,-1121
2022-09-19 12:47:09,46,-20,3889.0,-1141
2022-09-19 12:47:10,598,-266,3888.25,-1407
2022-09-19 12:47:11,44,10,3887.25,-1397
2022-09-19 12:47:12,53,19,3887.5,-1378
2022-09-19 12:47:13,11,8,3887.5,-1370
2022-09-19 12:47:14,41,-3,3887.75,-1373
2022-09-19 12:47:15,136,13,3888.0,-1360
2022-09-19 12:47:16,2,2,3887.75,-1358
2022-09-19 12:47:17,50,16,3888.0,-1342
2022-09-19 12:47:18,17,16,3888.5,-1326
2022-09-19 12:47:19,204,13,3888.5,-1313
2022-09-19 12:47:20,12,6,3888.5,-1307
2022-09-19 12:47:21,16,7,3888.5,-1300
2022-09-19 12:47:22,33,3,3888.5,-1297
2022-09-19 12:47:23,7,-2,3888.5,-1299
2022-09-19 12:47:24,61,-2,3888.25,-1301
2022-09-19 12:47:25,49,-17,3888.25,-1318
2022-09-19 12:47:26,13,-8,3888.0,-1326
2022-09-19 12:47:27,19,-8,3887.75,-1334
2022-09-19 12:47:28,17,1,3888.0,-1333
2022-09-19 12:47:29,38,1,3888.25,-1332
2022-09-19 12:47:30,9,4,3888.25,-1328
2022-09-19 12:47:31,76,4,3888.25,-1324
2022-09-19 12:47:32,1,-1,3887.5,-1325
2022-09-19 12:47:33,16,3,3887.75,-1322
2022-09-19 12:47:34,19,-17,3887.5,-1339
2022-09-19 12:47:35,10,7,3887.75,-1332
2022-09-19 12:47:36,43,4,3887.75,-1328
2022-09-19 12:47:37,42,-8,3887.5,-1336
2022-09-19 12:47:38,7,-7,3887.5,-1343
2022-09-19 12:47:39,7,1,3887.5,-1342
2022-09-19 12:47:40,54,4,3887.75,-1338
2022-09-19 12:47:41,12,-7,3887.5,-1345
2022-09-19 12:47:42,54,-7,3887.25,-1352
2022-09-19 12:47:43,22,11,3887.5,-1341
2022-09-19 12:47:44,82,-5,3887.5,-1346
2022-09-19 12:47:45,19,6,3887.25,-1340
2022-09-19 12:47:46,16,0,3887.5,-1340
2022-09-19 12:47:47,47,-9,3887.5,-1349
2022-09-19 12:47:48,6,-3,3887.5,-1352
2022-09-19 12:47:49,29,10,3887.75,-1342
2022-09-19 12:47:50,15,2,3887.75,-1340
2022-09-19 12:47:51,17,-4,3887.75,-1344
2022-09-19 12:47:52,34,9,3887.75,-1335
2022-09-19 12:47:53,16,-16,3887.5,-1351
2022-09-19 12:47:54,30,-9,3887.5,-1360
2022-09-19 12:47:55,49,6,3887.75,-1354
2022-09-19 12:47:56,54,-9,3887.75,-1363
2022-09-19 12:47:57,25,2,3888.0,-1361
2022-09-19 12:47:58,34,-1,3888.25,-1362
2022-09-19 12:47:59,58,8,3888.25,-1354
2022-09-19 12:48:00,19,10,3888.25,-1344
2022-09-19 12:48:01,64,15,3888.5,-1329
2022-09-19 12:48:02,16,-1,3888.0,-1330
2022-09-19 12:48:03,38,-6,3887.75,-1336
2022-09-19 12:48:04,12,-4,3887.75,-1340
2022-09-19 12:48:06,58,7,3888.0,-1333
2022-09-19 12:48:07,21,-7,3888.0,-1340
2022-09-19 12:48:08,14,1,3887.75,-1339
2022-09-19 12:48:09,29,-3,3887.5,-1342
2022-09-19 12:48:10,1,1,3887.75,-1341
2022-09-19 12:48:12,13,-1,3887.75,-1342
2022-09-19 12:48:13,20,-11,3887.5,-1353
2022-09-19 12:48:14,33,4,3887.75,-1349
2022-09-19 12:48:15,28,-9,3887.75,-1358
2022-09-19 12:48:17,20,-2,3887.75,-1360
2022-09-19 12:48:18,11,-8,3887.5,-1368
2022-09-19 12:48:19,73,-34,3887.75,-1402
2022-09-19 12:48:20,24,-5,3887.5,-1407
2022-09-19 12:48:21,46,20,3887.75,-1387
2022-09-19 12:48:22,43,0,3887.75,-1387
2022-09-19 12:48:23,48,-21,3887.75,-1408
2022-09-19 12:48:24,56,-16,3887.75,-1424
2022-09-19 12:48:25,36,-2,3888.0,-1426
2022-09-19 12:48:26,44,2,3888.0,-1424
2022-09-19 12:48:27,46,12,3887.75,-1412
2022-09-19 12:48:28,45,6,3887.5,-1406
2022-09-19 12:48:29,14,-4,3887.75,-1410
2022-09-19 12:48:30,25,-13,3887.25,-1423
2022-09-19 12:48:31,2,2,3887.25,-1421
2022-09-19 12:48:32,35,4,3887.25,-1417
2022-09-19 12:48:33,47,15,3887.25,-1402
2022-09-19 12:48:34,95,0,3887.25,-1402
2022-09-19 12:48:35,34,7,3887.5,-1395
2022-09-19 12:48:36,39,-10,3887.75,-1405
2022-09-19 12:48:37,16,-8,3887.5,-1413
2022-09-19 12:48:38,31,-16,3887.5,-1429
2022-09-19 12:48:39,10,-8,3887.5,-1437
2022-09-19 12:48:40,37,10,3887.5,-1427
2022-09-19 12:48:41,16,3,3887.5,-1424
2022-09-19 12:48:42,23,-3,3887.5,-1427
2022-09-19 12:48:43,8,0,3887.25,-1427
2022-09-19 12:48:44,13,6,3887.5,-1421
2022-09-19 12:48:45,1,-1,3887.25,-1422
2022-09-19 12:48:46,28,-2,3887.5,-1424
2022-09-19 12:48:47,2,-2,3887.5,-1426
2022-09-19 12:48:48,42,-5,3887.75,-1431
2022-09-19 12:48:50,1,1,3887.5,-1430
2022-09-19 12:48:51,11,-10,3887.25,-1440
2022-09-19 12:48:52,12,-7,3887.25,-1447
2022-09-19 12:48:53,6,5,3887.25,-1442
2022-09-19 12:48:54,1,-1,3887.25,-1443
2022-09-19 12:48:56,40,21,3887.75,-1422
2022-09-19 12:48:58,59,-21,3887.5,-1443
2022-09-19 12:48:59,109,33,3888.0,-1410
2022-09-19 12:49:00,56,-11,3888.0,-1421
2022-09-19 12:49:01,55,-8,3887.75,-1429
2022-09-19 12:49:02,34,-6,3887.5,-1435
2022-09-19 12:49:03,19,6,3887.5,-1429
2022-09-19 12:49:04,5,-2,3887.5,-1431
2022-09-19 12:49:05,25,-1,3887.5,-1432
2022-09-19 12:49:06,7,-5,3887.5,-1437
2022-09-19 12:49:07,14,6,3887.5,-1431
2022-09-19 12:49:08,11,-9,3887.25,-1440
2022-09-19 12:49:09,42,0,3887.5,-1440
2022-09-19 12:49:10,16,0,3887.25,-1440
2022-09-19 12:49:12,13,4,3887.25,-1436
2022-09-19 12:49:14,12,-11,3887.25,-1447
2022-09-19 12:49:15,34,-9,3887.0,-1456
2022-09-19 12:49:16,37,-12,3887.25,-1468
2022-09-19 12:49:18,47,-8,3887.25,-1476
2022-09-19 12:49:19,75,-32,3887.0,-1508
2022-09-19 12:49:20,31,-19,3886.75,-1527
2022-09-19 12:49:21,31,-7,3886.75,-1534
2022-09-19 12:49:22,11,-10,3886.75,-1544
2022-09-19 12:49:23,28,-15,3886.75,-1559
2022-09-19 12:49:24,136,13,3886.5,-1546
2022-09-19 12:49:25,8,0,3886.5,-1546
2022-09-19 12:49:26,21,14,3886.75,-1532
2022-09-19 12:49:27,77,-26,3886.5,-1558
2022-09-19 12:49:28,25,10,3886.25,-1548
2022-09-19 12:49:29,29,6,3886.5,-1542
2022-09-19 12:49:30,6,-2,3886.5,-1544
2022-09-19 12:49:31,98,0,3886.25,-1544
2022-09-19 12:49:32,30,-9,3886.25,-1553
2022-09-19 12:49:33,29,14,3886.25,-1539
2022-09-19 12:49:34,8,5,3886.25,-1534
2022-09-19 12:49:35,3,-2,3886.0,-1536
2022-09-19 12:49:36,48,-10,3886.25,-1546
2022-09-19 12:49:37,11,-7,3886.0,-1553
2022-09-19 12:49:38,3,-1,3886.25,-1554
2022-09-19 12:49:39,33,0,3886.25,-1554
2022-09-19 12:49:41,48,11,3886.75,-1543
2022-09-19 12:49:42,10,8,3886.75,-1535
2022-09-19 12:49:43,38,-2,3886.5,-1537
2022-09-19 12:49:44,1,1,3886.75,-1536
2022-09-19 12:49:45,70,1,3886.75,-1535
2022-09-19 12:49:46,1,1,3886.75,-1534
2022-09-19 12:49:47,10,5,3886.75,-1529
2022-09-19 12:49:48,1,-1,3886.5,-1530
2022-09-19 12:49:49,2,2,3886.75,-1528
2022-09-19 12:49:50,23,6,3886.75,-1522
2022-09-19 12:49:51,1,-1,3886.75,-1523
2022-09-19 12:49:52,81,18,3887.0,-1505
2022-09-19 12:49:53,14,7,3887.0,-1498
2022-09-19 12:49:54,40,-4,3886.75,-1502
2022-09-19 12:49:55,9,-6,3886.75,-1508
2022-09-19 12:49:56,26,5,3887.0,-1503
2022-09-19 12:49:57,53,-7,3887.0,-1510
2022-09-19 12:49:59,1,-1,3887.0,-1511
2022-09-19 12:50:00,30,6,3887.25,-1505
2022-09-19 12:50:01,149,30,3887.75,-1475
2022-09-19 12:50:02,195,4,3888.25,-1471
2022-09-19 12:50:03,72,4,3888.25,-1467
2022-09-19 12:50:04,15,1,3888.5,-1466
2022-09-19 12:50:05,3,3,3888.5,-1463
2022-09-19 12:50:06,5,-2,3888.25,-1465
2022-09-19 12:50:07,34,9,3888.5,-1456
2022-09-19 12:50:08,82,-7,3888.25,-1463
2022-09-19 12:50:09,9,5,3888.5,-1458
2022-09-19 12:50:10,62,-13,3888.25,-1471
2022-09-19 12:50:11,9,-5,3888.25,-1476
2022-09-19 12:50:12,31,-16,3888.0,-1492
2022-09-19 12:50:13,16,8,3888.0,-1484
2022-09-19 12:50:14,1,1,3888.25,-1483
2022-09-19 12:50:15,26,12,3888.25,-1471
2022-09-19 12:50:16,71,34,3889.0,-1437
2022-09-19 12:50:17,39,-19,3888.75,-1456
2022-09-19 12:50:18,26,4,3888.75,-1452
2022-09-19 12:50:19,26,1,3889.0,-1451
2022-09-19 12:50:20,2,2,3888.75,-1449
2022-09-19 12:50:21,33,9,3888.75,-1440
2022-09-19 12:50:22,46,-10,3888.5,-1450
2022-09-19 12:50:23,11,-3,3888.5,-1453
2022-09-19 12:50:25,50,3,3888.5,-1450
2022-09-19 12:50:26,12,-1,3888.5,-1451
2022-09-19 12:50:28,47,0,3889.0,-1451
2022-09-19 12:50:29,37,16,3889.0,-1435
2022-09-19 12:50:30,175,48,3889.25,-1387
2022-09-19 12:50:31,15,-5,3889.0,-1392
2022-09-19 12:50:32,39,8,3888.75,-1384
2022-09-19 12:50:33,30,-4,3889.0,-1388
2022-09-19 12:50:34,15,12,3888.75,-1376
2022-09-19 12:50:35,40,-2,3889.0,-1378
2022-09-19 12:50:36,16,-5,3888.75,-1383
2022-09-19 12:50:38,111,49,3889.5,-1334
2022-09-19 12:50:39,44,-2,3889.5,-1336
2022-09-19 12:50:40,27,0,3889.5,-1336
2022-09-19 12:50:41,55,17,3889.5,-1319
2022-09-19 12:50:42,48,-3,3889.5,-1322
2022-09-19 12:50:43,64,-3,3889.5,-1325
2022-09-19 12:50:44,16,5,3889.5,-1320
2022-09-19 12:50:45,5,0,3889.25,-1320
2022-09-19 12:50:46,22,1,3889.5,-1319
2022-09-19 12:50:47,6,0,3889.5,-1319
2022-09-19 12:50:48,57,-8,3889.5,-1327
2022-09-19 12:50:49,90,18,3889.75,-1309
2022-09-19 12:50:50,62,44,3890.0,-1265
2022-09-19 12:50:51,35,18,3890.0,-1247
2022-09-19 12:50:52,35,7,3890.0,-1240
2022-09-19 12:50:53,303,148,3890.5,-1092
2022-09-19 12:50:54,44,-10,3890.5,-1102
2022-09-19 12:50:55,19,-6,3890.0,-1108
2022-09-19 12:50:56,90,-15,3889.75,-1123
2022-09-19 12:50:57,32,-3,3889.75,-1126
2022-09-19 12:50:58,34,20,3889.75,-1106
2022-09-19 12:50:59,30,4,3890.0,-1102
2022-09-19 12:51:00,44,4,3890.0,-1098
2022-09-19 12:51:01,89,49,3890.0,-1049
2022-09-19 12:51:02,21,-2,3890.0,-1051
2022-09-19 12:51:03,26,4,3890.25,-1047
2022-09-19 12:51:04,47,17,3890.5,-1030
2022-09-19 12:51:05,399,148,3891.25,-882
2022-09-19 12:51:06,72,6,3891.0,-876
2022-09-19 12:51:07,73,-6,3891.25,-882
2022-09-19 12:51:08,25,2,3891.0,-880
2022-09-19 12:51:09,81,-2,3890.75,-882
2022-09-19 12:51:10,53,-10,3890.5,-892
2022-09-19 12:51:11,34,4,3890.5,-888
2022-09-19 12:51:12,48,-4,3890.25,-892
2022-09-19 12:51:13,45,-4,3890.25,-896
2022-09-19 12:51:14,2,0,3890.5,-896
2022-09-19 12:51:15,9,-3,3890.5,-899
2022-09-19 12:51:16,27,13,3890.5,-886
2022-09-19 12:51:17,48,-12,3890.25,-898
2022-09-19 12:51:18,50,17,3890.5,-881
2022-09-19 12:51:19,23,5,3890.25,-876
2022-09-19 12:51:20,21,10,3890.5,-866
2022-09-19 12:51:21,21,10,3890.5,-856
2022-09-19 12:51:22,3,-1,3890.5,-857
2022-09-19 12:51:23,37,10,3890.5,-847
2022-09-19 12:51:24,49,-24,3890.25,-871
2022-09-19 12:51:25,41,-11,3890.0,-882
2022-09-19 12:51:26,11,6,3890.25,-876
2022-09-19 12:51:27,57,3,3890.25,-873
2022-09-19 12:51:28,4,-3,3890.25,-876
2022-09-19 12:51:29,6,-1,3890.25,-877
2022-09-19 12:51:30,18,-9,3890.25,-886
2022-09-19 12:51:31,9,-4,3890.0,-890
2022-09-19 12:51:32,34,-14,3889.75,-904
2022-09-19 12:51:33,63,-19,3890.0,-923
2022-09-19 12:51:34,2,-2,3890.0,-925
2022-09-19 12:51:36,87,-19,3890.0,-944
2022-09-19 12:51:37,13,-13,3889.75,-957
2022-09-19 12:51:38,24,-5,3889.5,-962
2022-09-19 12:51:39,7,-7,3889.25,-969
2022-09-19 12:51:40,33,-10,3889.25,-979
2022-09-19 12:51:41,10,-5,3889.25,-984
2022-09-19 12:51:42,143,-13,3889.5,-997
2022-09-19 12:51:43,27,-4,3889.25,-1001
2022-09-19 12:51:44,17,-3,3889.5,-1004
2022-09-19 12:51:45,33,12,3889.5,-992
2022-09-19 12:51:46,30,0,3889.5,-992
2022-09-19 12:51:48,36,-5,3889.25,-997
2022-09-19 12:51:49,7,6,3889.5,-991
2022-09-19 12:51:50,59,34,3890.25,-957
2022-09-19 12:51:52,7,-1,3890.25,-958
2022-09-19 12:51:53,58,1,3890.25,-957
2022-09-19 12:51:54,72,13,3890.75,-944
2022-09-19 12:51:55,45,-10,3890.5,-954
2022-09-19 12:51:56,24,6,3890.5,-948
2022-09-19 12:51:57,160,-54,3890.25,-1002
2022-09-19 12:51:58,4,3,3890.25,-999
2022-09-19 12:51:59,52,5,3890.5,-994
2022-09-19 12:52:01,25,-13,3890.25,-1007
2022-09-19 12:52:02,62,23,3890.25,-984
2022-09-19 12:52:03,13,-6,3890.25,-990
2022-09-19 12:52:04,34,-14,3890.25,-1004
2022-09-19 12:52:05,65,26,3890.5,-978
2022-09-19 12:52:06,15,0,3890.25,-978
2022-09-19 12:52:07,111,-84,3890.5,-1062
2022-09-19 12:52:08,14,9,3890.5,-1053
2022-09-19 12:52:09,34,7,3890.5,-1046
2022-09-19 12:52:10,36,13,3890.75,-1033
2022-09-19 12:52:11,71,-44,3890.5,-1077
2022-09-19 12:52:12,1,1,3890.5,-1076
2022-09-19 12:52:13,63,33,3890.75,-1043
2022-09-19 12:52:14,69,-32,3890.5,-1075
2022-09-19 12:52:15,13,8,3890.75,-1067
2022-09-19 12:52:16,14,-10,3890.5,-1077
2022-09-19 12:52:17,15,10,3890.5,-1067
2022-09-19 12:52:18,32,8,3890.75,-1059
2022-09-19 12:52:19,36,-10,3891.0,-1069
2022-09-19 12:52:20,40,0,3890.75,-1069
2022-09-19 12:52:21,159,-2,3890.75,-1071
2022-09-19 12:52:22,13,2,3890.75,-1069
2022-09-19 12:52:23,27,-1,3890.75,-1070
2022-09-19 12:52:24,30,-4,3890.5,-1074
2022-09-19 12:52:25,8,0,3890.5,-1074
2022-09-19 12:52:26,18,4,3890.5,-1070
2022-09-19 12:52:27,5,2,3890.75,-1068
2022-09-19 12:52:28,7,-7,3890.5,-1075
2022-09-19 12:52:29,28,17,3890.75,-1058
2022-09-19 12:52:30,24,-12,3890.75,-1070
2022-09-19 12:52:31,46,15,3891.0,-1055
2022-09-19 12:52:32,36,2,3891.0,-1053
2022-09-19 12:52:33,54,33,3891.25,-1020
2022-09-19 12:52:34,72,27,3891.5,-993
2022-09-19 12:52:35,16,-8,3891.25,-1001
2022-09-19 12:52:36,22,4,3891.25,-997
2022-09-19 12:52:37,74,4,3891.25,-993
2022-09-19 12:52:38,40,4,3891.25,-989
2022-09-19 12:52:39,76,-1,3891.5,-990
2022-09-19 12:52:40,23,-1,3891.25,-991
2022-09-19 12:52:41,12,5,3891.5,-986
2022-09-19 12:52:42,89,26,3891.5,-960
2022-09-19 12:52:43,17,0,3891.5,-960
2022-09-19 12:52:44,89,23,3891.5,-937
2022-09-19 12:52:45,15,11,3891.75,-926
2022-09-19 12:52:46,155,-44,3891.75,-970
2022-09-19 12:52:47,10,6,3891.5,-964
2022-09-19 12:52:48,84,30,3891.75,-934
2022-09-19 12:52:49,2,0,3891.75,-934
2022-09-19 12:52:50,11,6,3891.75,-928
2022-09-19 12:52:51,112,-23,3891.5,-951
2022-09-19 12:52:52,29,8,3891.5,-943
2022-09-19 12:52:53,156,87,3892.0,-856
2022-09-19 12:52:54,7,1,3892.0,-855
2022-09-19 12:52:55,46,0,3892.0,-855
2022-09-19 12:52:56,46,18,3892.0,-837
2022-09-19 12:52:57,16,7,3892.25,-830
2022-09-19 12:52:58,73,-2,3892.25,-832
2022-09-19 12:52:59,150,26,3892.5,-806
2022-09-19 12:53:00,66,-12,3892.25,-818
2022-09-19 12:53:01,28,4,3892.25,-814
2022-09-19 12:53:02,8,3,3892.25,-811
2022-09-19 12:53:03,71,-26,3892.0,-837
2022-09-19 12:53:04,9,-4,3892.0,-841
2022-09-19 12:53:05,110,-3,3892.25,-844
2022-09-19 12:53:06,84,-13,3892.0,-857
2022-09-19 12:53:07,298,109,3892.25,-748
2022-09-19 12:53:08,12,-6,3891.75,-754
2022-09-19 12:53:09,49,-12,3891.75,-766
2022-09-19 12:53:10,56,-3,3891.5,-769
2022-09-19 12:53:11,22,3,3891.75,-766
2022-09-19 12:53:12,25,9,3891.75,-757
2022-09-19 12:53:13,13,4,3891.75,-753
2022-09-19 12:53:14,5,3,3891.75,-750
2022-09-19 12:53:15,17,1,3891.75,-749
2022-09-19 12:53:16,2,-2,3891.5,-751
2022-09-19 12:53:17,16,-8,3891.5,-759
2022-09-19 12:53:18,119,17,3891.5,-742
2022-09-19 12:53:19,210,191,3892.25,-551
2022-09-19 12:53:20,76,-10,3892.0,-561
2022-09-19 12:53:21,9,4,3892.0,-557
2022-09-19 12:53:22,16,6,3892.0,-551
2022-09-19 12:53:23,43,-3,3892.0,-554
2022-09-19 12:53:24,26,-7,3892.0,-561
2022-09-19 12:53:25,5,3,3891.75,-558
2022-09-19 12:53:26,13,-3,3891.75,-561
2022-09-19 12:53:27,1,1,3891.75,-560
2022-09-19 12:53:28,30,-12,3891.5,-572
2022-09-19 12:53:29,10,-2,3891.5,-574
2022-09-19 12:53:30,77,-7,3891.75,-581
2022-09-19 12:53:31,2,0,3891.75,-581
2022-09-19 12:53:32,18,-5,3891.75,-586
2022-09-19 12:53:33,2,2,3891.75,-584
2022-09-19 12:53:34,33,6,3892.0,-578
2022-09-19 12:53:35,48,19,3892.0,-559
2022-09-19 12:53:36,80,-18,3892.0,-577
2022-09-19 12:53:37,14,13,3892.25,-564
2022-09-19 12:53:38,1,-1,3892.25,-565
2022-09-19 12:53:39,126,47,3892.75,-518
2022-09-19 12:53:40,54,-3,3892.5,-521
2022-09-19 12:53:41,10,-3,3892.5,-524
2022-09-19 12:53:42,17,-6,3892.5,-530
2022-09-19 12:53:43,8,5,3892.25,-525
2022-09-19 12:53:44,50,-11,3892.5,-536
2022-09-19 12:53:45,139,7,3893.0,-529
2022-09-19 12:53:46,93,-9,3893.0,-538
2022-09-19 12:53:47,2,-2,3892.5,-540
2022-09-19 12:53:48,135,-12,3892.5,-552
2022-09-19 12:53:49,1,1,3892.5,-551
2022-09-19 12:53:50,22,-8,3892.5,-559
2022-09-19 12:53:51,43,5,3892.5,-554
2022-09-19 12:53:52,56,18,3892.5,-536
2022-09-19 12:53:53,2,-2,3892.5,-538
2022-09-19 12:53:54,2,0,3892.75,-538
2022-09-19 12:53:55,4,-1,3892.75,-539
2022-09-19 12:53:56,2,2,3892.75,-537
2022-09-19 12:53:57,41,-10,3892.75,-547
2022-09-19 12:53:58,14,6,3892.75,-541
2022-09-19 12:53:59,26,8,3892.75,-533
2022-09-19 12:54:00,56,-15,3892.75,-548
2022-09-19 12:54:01,73,11,3892.75,-537
2022-09-19 12:54:02,89,-55,3892.5,-592
2022-09-19 12:54:03,47,6,3892.0,-586
2022-09-19 12:54:04,110,-45,3891.75,-631
2022-09-19 12:54:05,35,-13,3891.75,-644
2022-09-19 12:54:06,5,-5,3891.25,-649
2022-09-19 12:54:07,43,-8,3891.25,-657
2022-09-19 12:54:08,86,18,3891.5,-639
2022-09-19 12:54:09,51,6,3891.75,-633
2022-09-19 12:54:10,24,16,3892.0,-617
2022-09-19 12:54:11,34,2,3892.0,-615
2022-09-19 12:54:12,46,0,3892.0,-615
2022-09-19 12:54:13,10,9,3892.25,-606
2022-09-19 12:54:14,27,6,3892.25,-600
2022-09-19 12:54:15,9,-5,3892.25,-605
2022-09-19 12:54:16,22,-1,3892.25,-606
2022-09-19 12:54:17,29,-5,3892.25,-611
2022-09-19 12:54:18,27,2,3892.25,-609
2022-09-19 12:54:19,3,-3,3892.25,-612
2022-09-19 12:54:20,2,-1,3892.25,-613
2022-09-19 12:54:21,1,-1,3892.25,-614
2022-09-19 12:54:22,13,8,3892.5,-606
2022-09-19 12:54:23,25,15,3892.75,-591
2022-09-19 12:54:24,7,3,3892.75,-588
2022-09-19 12:54:25,55,-14,3892.5,-602
2022-09-19 12:54:26,21,-3,3892.5,-605
2022-09-19 12:54:27,2,-2,3892.25,-607
2022-09-19 12:54:28,1,1,3892.5,-606
2022-09-19 12:54:29,115,50,3893.0,-556
2022-09-19 12:54:30,146,4,3893.0,-552
2022-09-19 12:54:31,37,-4,3892.75,-556
2022-09-19 12:54:33,19,11,3893.0,-545
2022-09-19 12:54:34,30,0,3893.25,-545
2022-09-19 12:54:35,13,3,3893.0,-542
2022-09-19 12:54:36,14,-2,3893.0,-544
2022-09-19 12:54:37,10,5,3893.0,-539
2022-09-19 12:54:38,4,-2,3893.0,-541
2022-09-19 12:54:39,1,-1,3893.0,-542
2022-09-19 12:54:41,47,-22,3893.25,-564
2022-09-19 12:54:42,51,-5,3893.0,-569
2022-09-19 12:54:43,14,-1,3893.25,-570
2022-09-19 12:54:44,15,-3,3893.25,-573
2022-09-19 12:54:45,23,10,3893.0,-563
2022-09-19 12:54:46,4,0,3893.0,-563
2022-09-19 12:54:47,7,-3,3893.0,-566
2022-09-19 12:54:48,3,1,3893.0,-565
2022-09-19 12:54:49,3,3,3893.0,-562
2022-09-19 12:54:51,1,-1,3892.75,-563
2022-09-19 12:54:52,88,23,3893.0,-540
2022-09-19 12:54:53,12,-1,3892.75,-541
2022-09-19 12:54:54,13,5,3892.75,-536
2022-09-19 12:54:55,37,7,3893.0,-529
2022-09-19 12:54:56,20,-8,3893.0,-537
2022-09-19 12:54:58,184,9,3893.25,-528
2022-09-19 12:54:59,12,-4,3893.25,-532
2022-09-19 12:55:00,421,74,3893.75,-458
2022-09-19 12:55:01,20,-9,3893.75,-467
2022-09-19 12:55:02,15,1,3893.75,-466
2022-09-19 12:55:03,18,-2,3893.75,-468
2022-09-19 12:55:04,27,-18,3893.5,-486
2022-09-19 12:55:05,5,-3,3893.25,-489
2022-09-19 12:55:06,52,5,3893.5,-484
2022-09-19 12:55:07,54,27,3893.5,-457
2022-09-19 12:55:08,58,-8,3893.75,-465
2022-09-19 12:55:09,97,36,3893.75,-429
2022-09-19 12:55:10,29,1,3893.75,-428
2022-09-19 12:55:11,27,-6,3893.75,-434
2022-09-19 12:55:12,3,2,3893.5,-432
2022-09-19 12:55:13,19,-11,3893.25,-443
2022-09-19 12:55:14,4,-4,3893.0,-447
2022-09-19 12:55:15,30,-2,3893.25,-449
2022-09-19 12:55:16,43,9,3893.5,-440
2022-09-19 12:55:17,66,-18,3893.25,-458
2022-09-19 12:55:18,18,-1,3893.0,-459
2022-09-19 12:55:19,1,1,3893.25,-458
2022-09-19 12:55:20,120,15,3893.25,-443
2022-09-19 12:55:21,21,3,3893.0,-440
2022-09-19 12:55:22,11,-6,3893.0,-446
2022-09-19 12:55:23,200,-88,3892.75,-534
2022-09-19 12:55:24,69,-21,3893.0,-555
2022-09-19 12:55:25,89,4,3892.5,-551
2022-09-19 12:55:26,94,-40,3892.25,-591
2022-09-19 12:55:27,56,9,3892.25,-582
2022-09-19 12:55:28,3,-2,3892.25,-584
2022-09-19 12:55:29,117,-5,3892.5,-589
2022-09-19 12:55:30,25,2,3892.25,-587
2022-09-19 12:55:31,36,-23,3892.25,-610
2022-09-19 12:55:33,9,-9,3892.25,-619
2022-09-19 12:55:34,23,-16,3892.25,-635
2022-09-19 12:55:35,80,-4,3892.25,-639
2022-09-19 12:55:36,22,8,3892.5,-631
2022-09-19 12:55:37,309,-25,3892.75,-656
2022-09-19 12:55:38,33,6,3892.75,-650
2022-09-19 12:55:39,47,9,3893.0,-641
2022-09-19 12:55:40,1,-1,3892.75,-642
2022-09-19 12:55:41,72,7,3893.25,-635
2022-09-19 12:55:42,19,0,3893.0,-635
2022-09-19 12:55:44,12,5,3893.0,-630
2022-09-19 12:55:46,1,-1,3892.75,-631
2022-09-19 12:55:47,85,-19,3892.75,-650
2022-09-19 12:55:48,2,0,3893.0,-650
2022-09-19 12:55:49,17,12,3893.0,-638
2022-09-19 12:55:50,43,3,3893.0,-635
2022-09-19 12:55:51,47,1,3893.0,-634
2022-09-19 12:55:52,9,-4,3893.0,-638
2022-09-19 12:55:53,14,-5,3892.75,-643
2022-09-19 12:55:54,2,0,3893.0,-643
2022-09-19 12:55:55,78,50,3893.25,-593
2022-09-19 12:55:56,52,26,3893.5,-567
2022-09-19 12:55:57,57,35,3894.0,-532
2022-09-19 12:55:58,124,15,3894.0,-517
2022-09-19 12:55:59,5,4,3894.0,-513
2022-09-19 12:56:00,57,3,3894.0,-510
2022-09-19 12:56:01,33,-4,3894.0,-514
2022-09-19 12:56:02,85,-16,3894.25,-530
2022-09-19 12:56:03,7,3,3893.75,-527
2022-09-19 12:56:04,5,5,3893.75,-522
2022-09-19 12:56:05,50,-6,3893.75,-528
2022-09-19 12:56:06,35,22,3893.75,-506
2022-09-19 12:56:07,19,11,3894.0,-495
2022-09-19 12:56:08,106,-10,3894.0,-505
2022-09-19 12:56:09,68,5,3893.75,-500
2022-09-19 12:56:10,11,3,3893.5,-497
2022-09-19 12:56:11,40,11,3893.75,-486
2022-09-19 12:56:12,8,-2,3893.5,-488
2022-09-19 12:56:13,87,-25,3893.25,-513
2022-09-19 12:56:14,17,10,3893.25,-503
2022-09-19 12:56:15,33,-14,3893.25,-517
2022-09-19 12:56:16,91,3,3893.5,-514
2022-09-19 12:56:17,13,1,3893.5,-513
2022-09-19 12:56:18,20,-7,3893.5,-520
2022-09-19 12:56:19,16,-6,3893.25,-526
2022-09-19 12:56:20,3,-3,3893.25,-529
2022-09-19 12:56:21,17,2,3893.5,-527
2022-09-19 12:56:22,135,-31,3893.25,-558
2022-09-19 12:56:23,45,-4,3892.75,-562
2022-09-19 12:56:24,79,2,3893.0,-560
2022-09-19 12:56:25,29,-1,3892.75,-561
2022-09-19 12:56:26,8,-4,3892.5,-565
2022-09-19 12:56:27,53,-16,3892.5,-581
2022-09-19 12:56:28,86,-16,3892.75,-597
2022-09-19 12:56:29,2,-2,3892.25,-599
2022-09-19 12:56:30,71,-7,3892.25,-606
2022-09-19 12:56:31,2,0,3892.5,-606
2022-09-19 12:56:32,28,-11,3892.25,-617
2022-09-19 12:56:33,5,-5,3892.0,-622
2022-09-19 12:56:34,160,-13,3892.5,-635
2022-09-19 12:56:35,15,-4,3892.5,-639
2022-09-19 12:56:36,111,41,3893.0,-598
2022-09-19 12:56:37,35,5,3893.0,-593
2022-09-19 12:56:38,6,3,3893.25,-590
2022-09-19 12:56:39,13,-11,3893.0,-601
2022-09-19 12:56:40,20,-2,3893.0,-603
2022-09-19 12:56:41,28,-9,3893.0,-612
2022-09-19 12:56:42,33,1,3892.75,-611
2022-09-19 12:56:43,15,3,3892.75,-608
2022-09-19 12:56:44,12,-2,3892.75,-610
2022-09-19 12:56:45,36,-15,3892.75,-625
2022-09-19 12:56:46,61,-16,3892.5,-641
2022-09-19 12:56:47,22,6,3892.5,-635
2022-09-19 12:56:48,17,3,3892.5,-632
2022-09-19 12:56:49,34,-11,3892.25,-643
2022-09-19 12:56:50,30,-7,3892.25,-650
2022-09-19 12:56:51,14,7,3892.5,-643
2022-09-19 12:56:52,5,3,3892.5,-640
2022-09-19 12:56:53,70,14,3892.75,-626
2022-09-19 12:56:54,2,2,3892.75,-624
2022-09-19 12:56:55,15,-6,3892.5,-630
2022-09-19 12:56:56,70,-22,3892.5,-652
2022-09-19 12:56:57,35,-11,3892.25,-663
2022-09-19 12:56:58,8,-4,3892.0,-667
2022-09-19 12:56:59,19,2,3892.25,-665
2022-09-19 12:57:01,142,0,3892.5,-665
2022-09-19 12:57:02,33,-7,3892.75,-672
2022-09-19 12:57:03,14,-4,3892.75,-676
2022-09-19 12:57:04,5,1,3892.75,-675
2022-09-19 12:57:05,23,10,3893.0,-665
2022-09-19 12:57:07,66,13,3892.75,-652
2022-09-19 12:57:08,11,1,3893.0,-651
2022-09-19 12:57:09,2,0,3892.75,-651
2022-09-19 12:57:10,2,-2,3892.75,-653
2022-09-19 12:57:11,44,0,3893.0,-653
2022-09-19 12:57:12,3,-1,3893.0,-654
2022-09-19 12:57:13,36,1,3893.0,-653
2022-09-19 12:57:14,3,-3,3892.75,-656
2022-09-19 12:57:15,22,6,3893.0,-650
2022-09-19 12:57:16,1,1,3893.0,-649
2022-09-19 12:57:18,1,1,3893.0,-648
2022-09-19 12:57:19,8,1,3893.25,-647
2022-09-19 12:57:20,14,-4,3893.0,-651
2022-09-19 12:57:21,5,-4,3893.0,-655
2022-09-19 12:57:22,10,1,3893.0,-654
2022-09-19 12:57:25,34,-15,3892.75,-669
2022-09-19 12:57:27,28,1,3893.0,-668
2022-09-19 12:57:29,61,27,3893.25,-641
2022-09-19 12:57:30,247,-212,3893.25,-853
2022-09-19 12:57:31,25,-3,3892.75,-856
2022-09-19 12:57:32,19,-1,3892.5,-857
2022-09-19 12:57:33,62,-10,3893.0,-867
2022-09-19 12:57:34,17,-5,3892.75,-872
2022-09-19 12:57:35,2,0,3893.0,-872
2022-09-19 12:57:36,83,13,3893.0,-859
2022-09-19 12:57:37,35,5,3893.0,-854
2022-09-19 12:57:38,1,-1,3892.75,-855
2022-09-19 12:57:41,28,-14,3892.75,-869
2022-09-19 12:57:43,54,3,3892.5,-866
2022-09-19 12:57:44,41,-18,3892.5,-884
2022-09-19 12:57:45,115,-45,3892.25,-929
2022-09-19 12:57:46,28,-4,3892.25,-933
2022-09-19 12:57:47,7,-6,3892.0,-939
2022-09-19 12:57:48,33,-7,3892.0,-946
2022-09-19 12:57:49,217,-30,3891.75,-976
2022-09-19 12:57:50,3,-3,3891.5,-979
2022-09-19 12:57:51,37,-10,3891.5,-989
2022-09-19 12:57:52,7,-3,3891.75,-992
2022-09-19 12:57:53,1,-1,3891.5,-993
2022-09-19 12:57:54,33,-9,3891.5,-1002
2022-09-19 12:57:55,61,1,3891.5,-1001
2022-09-19 12:57:56,3,-2,3891.5,-1003
2022-09-19 12:57:57,42,-1,3891.5,-1004
2022-09-19 12:57:58,53,23,3891.5,-981
2022-09-19 12:57:59,2,-2,3891.25,-983
2022-09-19 12:58:00,58,15,3891.75,-968
2022-09-19 12:58:01,13,-2,3891.5,-970
2022-09-19 12:58:02,1,1,3891.75,-969
2022-09-19 12:58:03,61,-1,3891.5,-970
2022-09-19 12:58:04,3,-1,3891.75,-971
2022-09-19 12:58:05,2,0,3891.75,-971
2022-09-19 12:58:06,34,10,3892.0,-961
2022-09-19 12:58:07,83,8,3892.0,-953
2022-09-19 12:58:08,217,-19,3892.5,-972
2022-09-19 12:58:09,2,2,3892.5,-970
2022-09-19 12:58:10,67,-10,3892.75,-980
2022-09-19 12:58:12,1,-1,3892.5,-981
2022-09-19 12:58:13,18,0,3892.75,-981
2022-09-19 12:58:15,1,-1,3892.5,-982
2022-09-19 12:58:16,1,-1,3892.5,-983
2022-09-19 12:58:17,62,-22,3892.5,-1005
2022-09-19 12:58:19,20,-15,3892.5,-1020
2022-09-19 12:58:20,42,-2,3892.5,-1022
2022-09-19 12:58:21,1,-1,3892.5,-1023
2022-09-19 12:58:22,3,-1,3892.75,-1024
2022-09-19 12:58:23,165,3,3892.75,-1021
2022-09-19 12:58:24,61,-7,3892.75,-1028
2022-09-19 12:58:25,70,-4,3892.75,-1032
2022-09-19 12:58:26,68,4,3892.5,-1028
2022-09-19 12:58:28,29,-1,3892.5,-1029
2022-09-19 12:58:29,35,8,3892.75,-1021
2022-09-19 12:58:30,23,7,3892.75,-1014
2022-09-19 12:58:31,1,-1,3892.75,-1015
2022-09-19 12:58:32,169,11,3893.25,-1004
2022-09-19 12:58:33,44,24,3893.5,-980
2022-09-19 12:58:34,22,4,3893.5,-976
2022-09-19 12:58:35,61,22,3893.75,-954
2022-09-19 12:58:36,11,3,3893.75,-951
2022-09-19 12:58:37,37,7,3893.75,-944
2022-09-19 12:58:38,34,-19,3893.75,-963
2022-09-19 12:58:39,1,1,3893.75,-962
2022-09-19 12:58:40,1,1,3893.75,-961
2022-09-19 12:58:41,74,-17,3893.5,-978
2022-09-19 12:58:42,97,8,3893.5,-970
2022-09-19 12:58:43,117,-4,3893.75,-974
2022-09-19 12:58:44,8,0,3894.0,-974
2022-09-19 12:58:45,52,31,3894.0,-943
2022-09-19 12:58:46,81,15,3894.25,-928
2022-09-19 12:58:47,997,202,3895.25,-726
2022-09-19 12:58:48,49,19,3895.5,-707
2022-09-19 12:58:49,104,13,3895.25,-694
2022-09-19 12:58:50,1,1,3895.25,-693
2022-09-19 12:58:51,248,-29,3895.25,-722
2022-09-19 12:58:52,76,-5,3895.0,-727
2022-09-19 12:58:53,38,4,3895.0,-723
2022-09-19 12:58:54,12,7,3895.25,-716
2022-09-19 12:58:55,58,-35,3895.25,-751
2022-09-19 12:58:56,68,-1,3895.0,-752
2022-09-19 12:58:57,16,2,3895.0,-750
2022-09-19 12:58:58,26,-6,3894.75,-756
2022-09-19 12:58:59,43,-14,3894.75,-770
2022-09-19 12:59:00,158,36,3894.75,-734
2022-09-19 12:59:01,17,8,3894.75,-726
2022-09-19 12:59:02,65,6,3894.5,-720
2022-09-19 12:59:03,2,-2,3894.5,-722
2022-09-19 12:59:04,5,-1,3894.75,-723
2022-09-19 12:59:05,67,-11,3894.75,-734
2022-09-19 12:59:06,33,-3,3894.5,-737
2022-09-19 12:59:07,61,12,3894.75,-725
2022-09-19 12:59:08,37,6,3894.75,-719
2022-09-19 12:59:09,32,8,3894.75,-711
2022-09-19 12:59:10,7,0,3895.0,-711
2022-09-19 12:59:11,33,-14,3894.75,-725
2022-09-19 12:59:12,79,-16,3894.75,-741
2022-09-19 12:59:13,22,3,3895.0,-738
2022-09-19 12:59:14,50,8,3894.75,-730
2022-09-19 12:59:15,154,-20,3894.25,-750
2022-09-19 12:59:16,90,10,3894.0,-740
2022-09-19 12:59:17,41,10,3894.0,-730
2022-09-19 12:59:18,15,-2,3894.25,-732
2022-09-19 12:59:19,6,5,3894.0,-727
2022-09-19 12:59:20,60,-9,3893.75,-736
2022-09-19 12:59:21,25,8,3894.0,-728
2022-09-19 12:59:22,21,-10,3894.25,-738
2022-09-19 12:59:23,27,-10,3894.0,-748
2022-09-19 12:59:24,18,7,3894.0,-741
2022-09-19 12:59:25,14,-1,3894.0,-742
2022-09-19 12:59:26,22,-3,3894.25,-745
2022-09-19 12:59:27,32,-11,3893.75,-756
2022-09-19 12:59:29,124,-15,3893.5,-771
2022-09-19 12:59:30,59,-38,3893.5,-809
2022-09-19 12:59:31,96,26,3893.0,-783
2022-09-19 12:59:32,2,-2,3892.75,-785
2022-09-19 12:59:33,4,0,3893.0,-785
2022-09-19 12:59:34,54,23,3893.0,-762
2022-09-19 12:59:35,57,7,3893.25,-755
2022-09-19 12:59:36,23,-14,3893.25,-769
2022-09-19 12:59:37,12,1,3893.25,-768
2022-09-19 12:59:38,76,-32,3893.0,-800
2022-09-19 12:59:39,12,6,3893.0,-794
2022-09-19 12:59:40,76,-23,3892.75,-817
2022-09-19 12:59:41,1,-1,3892.5,-818
2022-09-19 12:59:42,89,-45,3892.5,-863
2022-09-19 12:59:43,84,13,3892.5,-850
2022-09-19 12:59:44,19,13,3892.75,-837
2022-09-19 12:59:45,45,2,3893.25,-835
2022-09-19 12:59:46,30,4,3893.25,-831
2022-09-19 12:59:47,23,1,3893.0,-830
2022-09-19 12:59:48,105,-30,3893.25,-860
2022-09-19 12:59:49,3,3,3893.25,-857
2022-09-19 12:59:50,30,5,3893.25,-852
2022-09-19 12:59:51,4,-4,3893.0,-856
2022-09-19 12:59:52,97,15,3893.5,-841
2022-09-19 12:59:53,7,-1,3893.75,-842
2022-09-19 12:59:54,140,-8,3893.75,-850
2022-09-19 12:59:56,2,-2,3893.5,-852
2022-09-19 12:59:57,8,8,3893.75,-844
2022-09-19 12:59:58,24,-24,3893.75,-868
2022-09-19 12:59:59,21,-5,3893.5,-873
2022-09-19 13:00:00,44,0,3893.5,-873
2022-09-19 13:00:01,81,-14,3893.5,-887
2022-09-19 13:00:02,1,1,3893.5,-886
2022-09-19 13:00:03,13,-7,3893.5,-893
2022-09-19 13:00:05,41,0,3893.5,-893
2022-09-19 13:00:06,44,11,3893.75,-882
2022-09-19 13:00:07,182,58,3894.5,-824
2022-09-19 13:00:08,55,17,3894.5,-807
2022-09-19 13:00:09,156,6,3894.75,-801
2022-09-19 13:00:10,38,8,3894.75,-793
2022-09-19 13:00:11,280,-7,3894.75,-800
2022-09-19 13:00:12,45,-18,3894.75,-818
2022-09-19 13:00:13,62,0,3894.5,-818
2022-09-19 13:00:14,2,-2,3894.25,-820
2022-09-19 13:00:15,34,-13,3894.25,-833
2022-09-19 13:00:16,62,27,3894.75,-806
2022-09-19 13:00:17,99,-30,3894.5,-836
2022-09-19 13:00:18,2,2,3894.0,-834
2022-09-19 13:00:19,31,-3,3893.75,-837
2022-09-19 13:00:20,25,3,3894.0,-834
2022-09-19 13:00:21,52,-8,3894.0,-842
2022-09-19 13:00:22,67,6,3894.0,-836
2022-09-19 13:00:23,20,-7,3893.75,-843
2022-09-19 13:00:24,49,3,3894.0,-840
2022-09-19 13:00:25,22,9,3893.75,-831
2022-09-19 13:00:26,69,-3,3893.75,-834
2022-09-19 13:00:27,48,-31,3893.75,-865
2022-09-19 13:00:28,34,-9,3893.5,-874
2022-09-19 13:00:29,5,-4,3893.0,-878
2022-09-19 13:00:30,8,-8,3893.0,-886
2022-09-19 13:00:31,7,-4,3893.25,-890
2022-09-19 13:00:32,76,25,3893.25,-865
2022-09-19 13:00:33,118,-51,3892.75,-916
2022-09-19 13:00:34,81,17,3892.75,-899
2022-09-19 13:00:35,13,-3,3892.75,-902
2022-09-19 13:00:36,8,-2,3892.75,-904
2022-09-19 13:00:37,66,3,3892.75,-901
2022-09-19 13:00:38,1,-1,3892.5,-902
2022-09-19 13:00:39,15,-13,3892.75,-915
2022-09-19 13:00:40,8,-2,3892.75,-917
2022-09-19 13:00:41,1,-1,3892.5,-918
2022-09-19 13:00:42,16,8,3892.75,-910
2022-09-19 13:00:43,27,8,3892.75,-902
2022-09-19 13:00:44,86,20,3893.0,-882
2022-09-19 13:00:45,105,11,3893.25,-871
2022-09-19 13:00:46,17,14,3893.25,-857
2022-09-19 13:00:47,158,28,3893.75,-829
2022-09-19 13:00:48,94,-22,3893.75,-851
2022-09-19 13:00:49,37,1,3893.75,-850
2022-09-19 13:00:50,2,-2,3893.5,-852
2022-09-19 13:00:51,52,6,3893.75,-846
2022-09-19 13:00:52,29,-6,3894.0,-852
2022-09-19 13:00:53,44,-2,3894.0,-854
2022-09-19 13:00:54,50,-3,3893.75,-857
2022-09-19 13:00:55,69,-9,3893.75,-866
2022-09-19 13:00:56,9,5,3893.75,-861
2022-09-19 13:00:57,24,13,3893.75,-848
2022-09-19 13:00:58,3,-1,3894.0,-849
2022-09-19 13:00:59,210,16,3893.75,-833
2022-09-19 13:01:00,48,-11,3893.5,-844
2022-09-19 13:01:01,8,-6,3893.75,-850
2022-09-19 13:01:02,135,36,3893.75,-814
2022-09-19 13:01:03,5,3,3893.75,-811
2022-09-19 13:01:04,32,13,3893.75,-798
2022-09-19 13:01:05,92,-10,3893.75,-808
2022-09-19 13:01:06,21,13,3893.75,-795
2022-09-19 13:01:07,180,71,3894.5,-724
2022-09-19 13:01:08,43,-25,3894.75,-749
2022-09-19 13:01:09,29,-2,3894.0,-751
2022-09-19 13:01:10,22,-5,3894.0,-756
2022-09-19 13:01:11,22,-8,3893.75,-764
2022-09-19 13:01:12,28,7,3893.75,-757
2022-09-19 13:01:13,51,7,3894.0,-750
2022-09-19 13:01:14,120,-4,3894.25,-754
2022-09-19 13:01:15,1,1,3894.25,-753
2022-09-19 13:01:16,98,-10,3894.25,-763
2022-09-19 13:01:19,20,8,3894.0,-755
2022-09-19 13:01:20,53,4,3894.0,-751
2022-09-19 13:01:22,75,-10,3893.75,-761
2022-09-19 13:01:23,1,-1,3893.5,-762
2022-09-19 13:01:24,143,-17,3893.5,-779
2022-09-19 13:01:25,47,6,3893.25,-773
2022-09-19 13:01:26,74,2,3893.25,-771
2022-09-19 13:01:27,32,3,3892.75,-768
2022-09-19 13:01:28,20,5,3893.0,-763
2022-09-19 13:01:29,40,4,3893.0,-759
2022-09-19 13:01:30,3,-1,3893.0,-760
2022-09-19 13:01:31,1,-1,3893.0,-761
2022-09-19 13:01:33,43,27,3893.25,-734
2022-09-19 13:01:34,8,-4,3893.25,-738
2022-09-19 13:01:35,1,-1,3892.75,-739
2022-09-19 13:01:36,44,-3,3893.0,-742
2022-09-19 13:01:38,1,-1,3892.75,-743
2022-09-19 13:01:39,56,46,3893.5,-697
2022-09-19 13:01:40,11,2,3893.75,-695
2022-09-19 13:01:41,37,-11,3893.5,-706
2022-09-19 13:01:42,11,4,3893.75,-702
2022-09-19 13:01:43,34,2,3893.5,-700
2022-09-19 13:01:44,13,1,3893.5,-699
2022-09-19 13:01:45,10,-9,3893.5,-708
2022-09-19 13:01:46,13,10,3893.5,-698
2022-09-19 13:01:47,25,5,3893.75,-693
2022-09-19 13:01:48,29,-13,3893.5,-706
2022-09-19 13:01:49,16,1,3893.5,-705
2022-09-19 13:01:50,38,0,3893.75,-705
2022-09-19 13:01:51,4,-4,3893.5,-709
2022-09-19 13:01:52,13,-3,3893.5,-712
2022-09-19 13:01:54,66,-30,3893.25,-742
2022-09-19 13:01:55,41,-5,3893.0,-747
2022-09-19 13:01:56,3,0,3893.0,-747
2022-09-19 13:01:57,61,9,3893.25,-738
2022-09-19 13:01:58,33,5,3893.5,-733
2022-09-19 13:01:59,5,-4,3893.25,-737
2022-09-19 13:02:00,112,9,3893.5,-728
2022-09-19 13:02:01,44,-14,3893.5,-742
2022-09-19 13:02:02,13,0,3893.25,-742
2022-09-19 13:02:03,17,-11,3893.25,-753
2022-09-19 13:02:04,29,4,3893.25,-749
2022-09-19 13:02:05,86,-21,3893.5,-770
2022-09-19 13:02:06,24,-4,3893.25,-774
2022-09-19 13:02:07,18,0,3893.0,-774
2022-09-19 13:02:08,8,-4,3893.0,-778
2022-09-19 13:02:09,10,2,3893.0,-776
2022-09-19 13:02:10,47,-8,3892.75,-784
2022-09-19 13:02:11,18,3,3893.0,-781
2022-09-19 13:02:12,43,17,3893.25,-764
2022-09-19 13:02:13,3,-1,3893.25,-765
2022-09-19 13:02:14,19,-6,3893.25,-771
2022-09-19 13:02:15,79,2,3893.0,-769
2022-09-19 13:02:16,28,7,3892.75,-762
2022-09-19 13:02:17,2,-2,3892.5,-764
2022-09-19 13:02:18,24,8,3892.75,-756
2022-09-19 13:02:19,16,-9,3893.0,-765
2022-09-19 13:02:20,4,3,3892.75,-762
2022-09-19 13:02:21,37,13,3893.0,-749
2022-09-19 13:02:22,43,8,3893.0,-741
2022-09-19 13:02:23,3,3,3893.25,-738
2022-09-19 13:02:25,49,9,3893.25,-729
2022-09-19 13:02:26,56,-1,3893.0,-730
2022-09-19 13:02:27,9,6,3893.0,-724
2022-09-19 13:02:29,67,18,3893.0,-706
2022-09-19 13:02:30,34,-5,3893.0,-711
2022-09-19 13:02:32,16,-14,3892.75,-725
2022-09-19 13:02:33,1,1,3892.75,-724
2022-09-19 13:02:34,93,-8,3892.75,-732
2022-09-19 13:02:35,338,-130,3892.25,-862
2022-09-19 13:02:36,15,-5,3892.5,-867
2022-09-19 13:02:37,101,-23,3892.5,-890
2022-09-19 13:02:38,39,0,3892.25,-890
2022-09-19 13:02:39,142,26,3892.5,-864
2022-09-19 13:02:40,26,10,3892.5,-854
2022-09-19 13:02:41,1,1,3892.75,-853
2022-09-19 13:02:42,79,-15,3892.5,-868
2022-09-19 13:02:43,17,7,3892.5,-861
2022-09-19 13:02:45,347,-47,3892.5,-908
2022-09-19 13:02:46,52,-5,3892.0,-913
2022-09-19 13:02:47,30,-5,3892.25,-918
2022-09-19 13:02:48,67,0,3892.25,-918
2022-09-19 13:02:49,6,-4,3892.25,-922
2022-09-19 13:02:50,50,-8,3892.0,-930
2022-09-19 13:02:51,46,-10,3892.0,-940
2022-09-19 13:02:52,79,7,3892.25,-933
2022-09-19 13:02:53,11,-1,3892.0,-934
2022-09-19 13:02:54,8,2,3892.25,-932
2022-09-19 13:02:55,6,-1,3892.25,-933
2022-09-19 13:02:56,42,0,3892.25,-933
2022-09-19 13:02:57,173,59,3893.0,-874
2022-09-19 13:02:58,91,31,3893.25,-843
2022-09-19 13:02:59,63,7,3893.5,-836
2022-09-19 13:03:00,44,12,3893.75,-824
2022-09-19 13:03:01,16,-9,3893.5,-833
2022-09-19 13:03:02,175,-96,3893.5,-929
2022-09-19 13:03:03,77,10,3893.5,-919
2022-09-19 13:03:04,150,-21,3893.5,-940
2022-09-19 13:03:05,44,-7,3893.5,-947
2022-09-19 13:03:06,63,0,3893.0,-947
2022-09-19 13:03:09,156,-77,3893.0,-1024
2022-09-19 13:03:10,2,0,3893.0,-1024
2022-09-19 13:03:11,27,7,3893.0,-1017
2022-09-19 13:03:12,26,-22,3892.75,-1039
2022-09-19 13:03:13,5,-5,3892.5,-1044
2022-09-19 13:03:14,1,-1,3892.5,-1045
2022-09-19 13:03:15,40,2,3892.5,-1043
2022-09-19 13:03:16,71,20,3892.75,-1023
2022-09-19 13:03:17,12,-4,3892.75,-1027
2022-09-19 13:03:18,11,-9,3892.75,-1036
2022-09-19 13:03:19,40,7,3892.75,-1029
2022-09-19 13:03:20,18,-5,3892.5,-1034
2022-09-19 13:03:21,48,-14,3892.5,-1048
2022-09-19 13:03:22,39,0,3892.75,-1048
2022-09-19 13:03:23,60,-22,3892.5,-1070
2022-09-19 13:03:24,19,1,3892.75,-1069
2022-09-19 13:03:25,69,21,3892.5,-1048
2022-09-19 13:03:26,89,-26,3892.5,-1074
2022-09-19 13:03:27,20,-15,3892.75,-1089
2022-09-19 13:03:28,125,-7,3892.25,-1096
2022-09-19 13:03:29,4,-3,3891.75,-1099
2022-09-19 13:03:30,69,26,3892.0,-1073
2022-09-19 13:03:31,83,-6,3892.0,-1079
2022-09-19 13:03:32,5,1,3891.75,-1078
2022-09-19 13:03:33,437,165,3892.25,-913
2022-09-19 13:03:34,6,-3,3892.0,-916
2022-09-19 13:03:35,26,-6,3891.75,-922
2022-09-19 13:03:36,56,29,3892.0,-893
2022-09-19 13:03:37,6,-6,3892.0,-899
2022-09-19 13:03:38,8,-6,3892.0,-905
2022-09-19 13:03:39,4,-2,3891.5,-907
2022-09-19 13:03:40,2,2,3891.75,-905
2022-09-19 13:03:41,141,-57,3891.5,-962
2022-09-19 13:03:42,76,14,3891.75,-948
2022-09-19 13:03:43,25,10,3891.75,-938
2022-09-19 13:03:44,59,33,3892.0,-905
2022-09-19 13:03:45,37,-8,3891.75,-913
2022-09-19 13:03:46,20,7,3891.75,-906
2022-09-19 13:03:47,30,-18,3891.75,-924
2022-09-19 13:03:48,259,-55,3891.5,-979
2022-09-19 13:03:49,34,-8,3891.5,-987
2022-09-19 13:03:50,3,-3,3891.25,-990
2022-09-19 13:03:51,2,-2,3891.25,-992
2022-09-19 13:03:52,65,-22,3891.25,-1014
2022-09-19 13:03:53,121,17,3891.5,-997
2022-09-19 13:03:54,34,16,3892.0,-981
2022-09-19 13:03:55,56,-1,3892.0,-982
2022-09-19 13:03:56,84,4,3892.25,-978
2022-09-19 13:03:57,48,3,3892.0,-975
2022-09-19 13:03:58,6,-2,3892.0,-977
2022-09-19 13:03:59,38,3,3892.25,-974
2022-09-19 13:04:00,76,19,3892.75,-955
2022-09-19 13:04:01,36,-8,3892.5,-963
2022-09-19 13:04:02,105,10,3893.0,-953
2022-09-19 13:04:03,6,-1,3892.75,-954
2022-09-19 13:04:04,35,15,3892.75,-939
2022-09-19 13:04:05,36,1,3892.75,-938
2022-09-19 13:04:06,13,2,3892.5,-936
2022-09-19 13:04:07,13,5,3892.75,-931
2022-09-19 13:04:08,6,0,3892.75,-931
2022-09-19 13:04:09,12,-8,3892.5,-939
2022-09-19 13:04:10,46,6,3892.75,-933
2022-09-19 13:04:11,5,-5,3892.5,-938
2022-09-19 13:04:12,41,0,3892.5,-938
2022-09-19 13:04:13,14,-3,3892.5,-941
2022-09-19 13:04:14,21,6,3892.75,-935
2022-09-19 13:04:15,47,7,3893.0,-928
2022-09-19 13:04:16,15,-10,3893.0,-938
2022-09-19 13:04:17,33,-1,3892.75,-939
2022-09-19 13:04:18,28,10,3893.25,-929
2022-09-19 13:04:19,23,0,3893.25,-929
2022-09-19 13:04:20,4,2,3893.25,-927
2022-09-19 13:04:21,66,15,3893.25,-912
2022-09-19 13:04:22,173,39,3894.0,-873
2022-09-19 13:04:23,115,-6,3894.0,-879
2022-09-19 13:04:24,55,-12,3893.75,-891
2022-09-19 13:04:25,4,3,3893.5,-888
2022-09-19 13:04:26,11,6,3893.5,-882
2022-09-19 13:04:27,2,-2,3893.5,-884
2022-09-19 13:04:29,28,-6,3893.5,-890
2022-09-19 13:04:30,29,13,3893.75,-877
2022-09-19 13:04:31,42,-6,3893.75,-883
2022-09-19 13:04:32,85,-3,3893.75,-886
2022-09-19 13:04:33,105,1,3893.75,-885
2022-09-19 13:04:35,15,-8,3893.75,-893
2022-09-19 13:04:36,66,-7,3893.5,-900
2022-09-19 13:04:37,7,-7,3893.5,-907
2022-09-19 13:04:38,253,-13,3893.25,-920
2022-09-19 13:04:39,42,-13,3892.75,-933
2022-09-19 13:04:40,79,-5,3892.5,-938
2022-09-19 13:04:41,4,-4,3892.5,-942
2022-09-19 13:04:42,116,28,3892.5,-914
2022-09-19 13:04:43,3,1,3892.5,-913
2022-09-19 13:04:44,141,-6,3892.5,-919
2022-09-19 13:04:45,3,1,3892.5,-918
2022-09-19 13:04:47,24,-17,3892.25,-935
2022-09-19 13:04:48,30,-24,3892.0,-959
2022-09-19 13:04:49,23,4,3892.0,-955
2022-09-19 13:04:50,68,-5,3892.0,-960
2022-09-19 13:04:51,113,-42,3891.5,-1002
2022-09-19 13:04:52,262,-90,3891.0,-1092
2022-09-19 13:04:53,56,9,3891.25,-1083
2022-09-19 13:04:55,58,-13,3891.25,-1096
2022-09-19 13:04:56,46,4,3891.25,-1092
2022-09-19 13:04:57,12,1,3891.5,-1091
2022-09-19 13:04:58,54,-11,3891.25,-1102
2022-09-19 13:04:59,16,-8,3891.25,-1110
2022-09-19 13:05:00,310,-51,3891.0,-1161
2022-09-19 13:05:01,106,-23,3891.0,-1184
2022-09-19 13:05:02,42,-19,3891.0,-1203
2022-09-19 13:05:03,31,0,3891.0,-1203
2022-09-19 13:05:04,119,9,3891.0,-1194
2022-09-19 13:05:05,72,38,3890.75,-1156
2022-09-19 13:05:06,4,2,3890.75,-1154
2022-09-19 13:05:07,109,-17,3890.75,-1171
2022-09-19 13:05:08,36,13,3891.0,-1158
2022-09-19 13:05:09,86,23,3891.0,-1135
2022-09-19 13:05:10,22,4,3891.0,-1131
2022-09-19 13:05:11,13,-8,3891.0,-1139
2022-09-19 13:05:12,43,0,3890.75,-1139
2022-09-19 13:05:13,20,-9,3890.5,-1148
2022-09-19 13:05:14,17,-13,3890.75,-1161
2022-09-19 13:05:15,7,-3,3890.5,-1164
2022-09-19 13:05:16,5,-4,3890.25,-1168
2022-09-19 13:05:17,62,-33,3890.25,-1201
2022-09-19 13:05:18,217,-47,3890.25,-1248
2022-09-19 13:05:19,81,-10,3890.5,-1258
2022-09-19 13:05:20,10,-1,3890.25,-1259
2022-09-19 13:05:21,3,-2,3890.0,-1261
2022-09-19 13:05:22,555,-205,3890.0,-1466
2022-09-19 13:05:23,188,26,3889.25,-1440
2022-09-19 13:05:24,101,10,3889.25,-1430
2022-09-19 13:05:25,61,34,3889.25,-1396
2022-09-19 13:05:26,5,-3,3889.0,-1399
2022-09-19 13:05:27,158,23,3889.5,-1376
2022-09-19 13:05:28,159,-35,3889.75,-1411
2022-09-19 13:05:29,75,8,3890.0,-1403
2022-09-19 13:05:30,20,-2,3889.75,-1405
2022-09-19 13:05:31,110,35,3889.75,-1370
2022-09-19 13:05:32,3,1,3889.75,-1369
2022-09-19 13:05:33,101,-16,3889.75,-1385
2022-09-19 13:05:34,43,5,3889.5,-1380
2022-09-19 13:05:35,25,0,3889.5,-1380
2022-09-19 13:05:36,77,16,3889.75,-1364
2022-09-19 13:05:37,2,-2,3889.5,-1366
2022-09-19 13:05:38,89,-25,3889.5,-1391
2022-09-19 13:05:39,7,-3,3889.25,-1394
2022-09-19 13:05:40,2,2,3889.5,-1392
2022-09-19 13:05:41,56,-12,3889.25,-1404
2022-09-19 13:05:42,35,8,3889.25,-1396
2022-09-19 13:05:43,13,3,3889.25,-1393
2022-09-19 13:05:44,144,-12,3889.25,-1405
2022-09-19 13:05:45,1,1,3889.25,-1404
2022-09-19 13:05:46,39,10,3889.25,-1394
2022-09-19 13:05:47,17,-4,3889.25,-1398
2022-09-19 13:05:48,34,-2,3889.5,-1400
2022-09-19 13:05:49,6,-2,3889.5,-1402
2022-09-19 13:05:50,31,0,3889.25,-1402
2022-09-19 13:05:51,42,5,3889.5,-1397
2022-09-19 13:05:52,4,-3,3889.25,-1400
2022-09-19 13:05:53,146,16,3889.5,-1384
2022-09-19 13:05:54,53,9,3889.75,-1375
2022-09-19 13:05:55,3,0,3889.75,-1375
2022-09-19 13:05:56,52,11,3889.75,-1364
2022-09-19 13:05:57,40,-10,3889.75,-1374
2022-09-19 13:05:58,17,2,3889.75,-1372
2022-09-19 13:05:59,27,-11,3889.75,-1383
2022-09-19 13:06:00,92,-24,3889.75,-1407
2022-09-19 13:06:01,28,14,3889.75,-1393
2022-09-19 13:06:02,29,-3,3889.75,-1396
2022-09-19 13:06:03,6,1,3890.0,-1395
2022-09-19 13:06:04,148,54,3890.25,-1341
2022-09-19 13:06:05,211,8,3890.5,-1333
2022-09-19 13:06:06,8,8,3890.5,-1325
2022-09-19 13:06:07,262,36,3891.0,-1289
2022-09-19 13:06:08,63,8,3891.0,-1281
2022-09-19 13:06:09,68,-17,3890.75,-1298
2022-09-19 13:06:10,56,0,3891.0,-1298
2022-09-19 13:06:11,127,22,3891.25,-1276
2022-09-19 13:06:12,74,-25,3891.0,-1301
2022-09-19 13:06:13,58,-23,3890.75,-1324
2022-09-19 13:06:14,24,9,3890.75,-1315
2022-09-19 13:06:15,55,12,3890.75,-1303
2022-09-19 13:06:16,28,-10,3890.5,-1313
2022-09-19 13:06:17,16,3,3890.5,-1310
2022-09-19 13:06:18,79,-4,3891.0,-1314
2022-09-19 13:06:19,65,7,3891.0,-1307
2022-09-19 13:06:20,45,0,3891.0,-1307
2022-09-19 13:06:21,45,6,3891.0,-1301
2022-09-19 13:06:22,31,-12,3891.0,-1313
2022-09-19 13:06:23,76,-45,3890.5,-1358
2022-09-19 13:06:24,171,40,3890.5,-1318
2022-09-19 13:06:25,69,17,3890.5,-1301
2022-09-19 13:06:26,16,-7,3890.5,-1308
2022-09-19 13:06:27,11,-5,3890.5,-1313
2022-09-19 13:06:28,20,1,3890.75,-1312
2022-09-19 13:06:29,4,-4,3890.75,-1316
2022-09-19 13:06:30,3,-3,3890.75,-1319
2022-09-19 13:06:31,35,-21,3890.75,-1340
2022-09-19 13:06:32,10,8,3890.75,-1332
2022-09-19 13:06:33,1,-1,3890.75,-1333
2022-09-19 13:06:34,89,-5,3891.0,-1338
2022-09-19 13:06:35,5,3,3891.25,-1335
2022-09-19 13:06:36,94,2,3891.25,-1333
2022-09-19 13:06:37,91,-32,3891.0,-1365
2022-09-19 13:06:39,49,13,3891.5,-1352
2022-09-19 13:06:40,85,17,3891.75,-1335
2022-09-19 13:06:41,35,-2,3891.75,-1337
2022-09-19 13:06:42,13,-5,3891.75,-1342
2022-09-19 13:06:43,2,-2,3891.25,-1344
2022-09-19 13:06:44,46,-7,3891.5,-1351
2022-09-19 13:06:45,44,-1,3891.25,-1352
2022-09-19 13:06:46,35,3,3891.25,-1349
2022-09-19 13:06:47,60,-8,3891.25,-1357
2022-09-19 13:06:48,31,-2,3891.25,-1359
2022-09-19 13:06:49,29,18,3891.5,-1341
2022-09-19 13:06:50,95,28,3891.75,-1313
2022-09-19 13:06:51,101,45,3892.5,-1268
2022-09-19 13:06:52,24,-4,3892.25,-1272
2022-09-19 13:06:53,130,-10,3892.5,-1282
2022-09-19 13:06:54,74,2,3892.75,-1280
2022-09-19 13:06:55,98,-5,3893.0,-1285
2022-09-19 13:06:56,77,-9,3893.0,-1294
2022-09-19 13:06:57,41,-8,3892.75,-1302
2022-09-19 13:06:58,15,1,3892.5,-1301
2022-09-19 13:06:59,62,-23,3892.5,-1324
2022-09-19 13:07:00,19,-4,3892.5,-1328
2022-09-19 13:07:01,33,17,3892.25,-1311
2022-09-19 13:07:02,11,-1,3892.25,-1312
2022-09-19 13:07:03,4,2,3892.25,-1310
2022-09-19 13:07:04,42,-3,3892.25,-1313
2022-09-19 13:07:05,28,-14,3892.0,-1327
2022-09-19 13:07:06,6,-2,3891.75,-1329
2022-09-19 13:07:07,25,5,3891.75,-1324
2022-09-19 13:07:08,2,2,3891.75,-1322
2022-09-19 13:07:09,2,2,3891.75,-1320
2022-09-19 13:07:10,112,8,3891.5,-1312
2022-09-19 13:07:11,37,-3,3891.5,-1315
2022-09-19 13:07:12,83,18,3891.5,-1297
2022-09-19 13:07:13,58,-11,3891.25,-1308
2022-09-19 13:07:14,19,-9,3891.0,-1317
2022-09-19 13:07:15,65,-12,3891.0,-1329
2022-09-19 13:07:16,45,13,3891.0,-1316
2022-09-19 13:07:17,120,9,3891.25,-1307
2022-09-19 13:07:18,39,8,3891.25,-1299
2022-09-19 13:07:19,4,4,3891.25,-1295
2022-09-19 13:07:20,97,-17,3891.0,-1312
2022-09-19 13:07:21,11,-8,3890.75,-1320
2022-09-19 13:07:22,15,0,3891.0,-1320
2022-09-19 13:07:23,17,-9,3890.75,-1329
2022-09-19 13:07:24,2,0,3890.75,-1329
2022-09-19 13:07:25,52,-7,3890.75,-1336
2022-09-19 13:07:26,2,2,3890.75,-1334
2022-09-19 13:07:28,100,-28,3890.5,-1362
2022-09-19 13:07:29,21,3,3890.5,-1359
2022-09-19 13:07:30,4,-4,3890.25,-1363
2022-09-19 13:07:31,95,-20,3890.5,-1383
2022-09-19 13:07:32,21,0,3890.5,-1383
2022-09-19 13:07:34,29,-4,3890.25,-1387
2022-09-19 13:07:35,4,-2,3890.5,-1389
2022-09-19 13:07:36,10,6,3890.5,-1383
2022-09-19 13:07:37,57,14,3890.75,-1369
2022-09-19 13:07:38,11,-2,3891.0,-1371
2022-09-19 13:07:39,2,2,3890.75,-1369
2022-09-19 13:07:40,19,11,3890.75,-1358
2022-09-19 13:07:41,27,-1,3890.75,-1359
2022-09-19 13:07:42,15,4,3890.75,-1355
2022-09-19 13:07:43,5,0,3890.75,-1355
2022-09-19 13:07:44,4,4,3890.75,-1351
2022-09-19 13:07:46,11,9,3891.0,-1342
2022-09-19 13:07:47,44,9,3891.25,-1333
2022-09-19 13:07:48,50,-8,3891.5,-1341
2022-09-19 13:07:49,68,36,3891.5,-1305
2022-09-19 13:07:50,24,-2,3891.5,-1307
2022-09-19 13:07:51,21,-9,3891.25,-1316
2022-09-19 13:07:52,16,2,3891.5,-1314
2022-09-19 13:07:54,47,-18,3891.25,-1332
2022-09-19 13:07:56,8,3,3891.25,-1329
2022-09-19 13:07:57,2,2,3891.5,-1327
2022-09-19 13:07:58,41,10,3891.5,-1317
2022-09-19 13:07:59,13,6,3891.75,-1311
2022-09-19 13:08:00,60,-14,3891.5,-1325
2022-09-19 13:08:01,40,11,3891.75,-1314
2022-09-19 13:08:02,48,8,3892.25,-1306
2022-09-19 13:08:03,59,-6,3892.0,-1312
2022-09-19 13:08:04,10,7,3892.0,-1305
2022-09-19 13:08:05,24,-2,3892.0,-1307
2022-09-19 13:08:06,4,4,3891.75,-1303
2022-09-19 13:08:07,33,5,3892.0,-1298
2022-09-19 13:08:08,28,-11,3892.25,-1309
2022-09-19 13:08:09,29,-17,3892.0,-1326
2022-09-19 13:08:10,2,2,3891.75,-1324
2022-09-19 13:08:11,9,7,3891.75,-1317
2022-09-19 13:08:12,62,11,3892.0,-1306
2022-09-19 13:08:13,1,-1,3892.0,-1307
2022-09-19 13:08:14,91,5,3892.25,-1302
2022-09-19 13:08:15,12,-6,3892.0,-1308
2022-09-19 13:08:16,2,1,3892.0,-1307
2022-09-19 13:08:17,11,-11,3891.75,-1318
2022-09-19 13:08:18,3,-1,3891.75,-1319
2022-09-19 13:08:19,69,-1,3891.75,-1320
2022-09-19 13:08:20,58,-4,3891.5,-1324
2022-09-19 13:08:21,1,-1,3891.25,-1325
2022-09-19 13:08:22,1,-1,3891.25,-1326
2022-09-19 13:08:23,69,-18,3891.25,-1344
2022-09-19 13:08:24,28,-8,3891.25,-1352
2022-09-19 13:08:25,31,1,3891.25,-1351
2022-09-19 13:08:27,28,-11,3891.0,-1362
2022-09-19 13:08:28,24,3,3890.75,-1359
2022-09-19 13:08:30,4,3,3891.0,-1356
2022-09-19 13:08:31,17,-11,3890.75,-1367
2022-09-19 13:08:32,93,-12,3890.5,-1379
2022-09-19 13:08:33,135,-15,3890.5,-1394
2022-09-19 13:08:34,8,6,3890.5,-1388
2022-09-19 13:08:35,1,-1,3890.5,-1389
2022-09-19 13:08:36,2,2,3890.75,-1387
2022-09-19 13:08:37,22,-2,3890.5,-1389
2022-09-19 13:08:38,2,-1,3890.25,-1390
2022-09-19 13:08:39,23,7,3890.5,-1383
2022-09-19 13:08:40,36,7,3890.5,-1376
2022-09-19 13:08:41,3,-2,3890.25,-1378
2022-09-19 13:08:42,33,-21,3890.25,-1399
2022-09-19 13:08:43,20,-1,3890.25,-1400
2022-09-19 13:08:44,53,4,3890.25,-1396
2022-09-19 13:08:45,23,6,3890.25,-1390
2022-09-19 13:08:46,26,2,3890.25,-1388
2022-09-19 13:08:47,22,10,3890.25,-1378
2022-09-19 13:08:48,2,-2,3890.25,-1380
2022-09-19 13:08:49,1,-1,3890.25,-1381
2022-09-19 13:08:50,1,1,3890.5,-1380
2022-09-19 13:08:51,51,13,3890.5,-1367
2022-09-19 13:08:52,90,-7,3890.5,-1374
2022-09-19 13:08:53,15,2,3890.25,-1372
2022-09-19 13:08:54,37,-14,3890.25,-1386
2022-09-19 13:08:55,43,-10,3890.25,-1396
2022-09-19 13:08:56,16,-13,3890.0,-1409
2022-09-19 13:08:57,40,14,3890.0,-1395
2022-09-19 13:08:58,24,-4,3890.0,-1399
2022-09-19 13:08:59,62,11,3890.0,-1388
2022-09-19 13:09:00,9,-6,3890.0,-1394
2022-09-19 13:09:01,35,-14,3890.0,-1408
2022-09-19 13:09:02,54,-2,3890.0,-1410
2022-09-19 13:09:03,21,-6,3889.75,-1416
2022-09-19 13:09:04,67,-15,3889.75,-1431
2022-09-19 13:09:05,32,-9,3889.75,-1440
2022-09-19 13:09:06,23,-6,3889.75,-1446
2022-09-19 13:09:07,76,3,3889.75,-1443
2022-09-19 13:09:08,113,23,3890.25,-1420
2022-09-19 13:09:09,10,-3,3890.25,-1423
2022-09-19 13:09:10,91,10,3890.5,-1413
2022-09-19 13:09:11,16,2,3890.25,-1411
2022-09-19 13:09:12,8,8,3890.5,-1403
2022-09-19 13:09:13,9,-8,3890.5,-1411
2022-09-19 13:09:14,32,4,3890.5,-1407
2022-09-19 13:09:15,11,-7,3890.5,-1414
2022-09-19 13:09:16,62,-6,3890.75,-1420
2022-09-19 13:09:17,4,4,3890.75,-1416
2022-09-19 13:09:18,2,-2,3890.5,-1418
2022-09-19 13:09:19,30,10,3890.75,-1408
2022-09-19 13:09:20,23,6,3890.75,-1402
2022-09-19 13:09:21,8,-4,3890.75,-1406
2022-09-19 13:09:22,25,4,3890.5,-1402
2022-09-19 13:09:24,11,1,3890.75,-1401
2022-09-19 13:09:25,3,1,3890.75,-1400
2022-09-19 13:09:26,44,23,3891.0,-1377
2022-09-19 13:09:27,11,-6,3891.0,-1383
2022-09-19 13:09:28,23,-4,3891.0,-1387
2022-09-19 13:09:29,54,13,3891.25,-1374
2022-09-19 13:09:30,2,-2,3891.0,-1376
2022-09-19 13:09:31,21,18,3891.5,-1358
2022-09-19 13:09:32,48,17,3891.5,-1341
2022-09-19 13:09:33,10,-1,3891.75,-1342
2022-09-19 13:09:34,32,-16,3891.75,-1358
2022-09-19 13:09:35,36,1,3891.5,-1357
2022-09-19 13:09:36,13,9,3891.75,-1348
2022-09-19 13:09:37,28,-8,3892.0,-1356
2022-09-19 13:09:38,72,15,3892.0,-1341
2022-09-19 13:09:39,30,3,3892.0,-1338
2022-09-19 13:09:40,65,25,3892.0,-1313
2022-09-19 13:09:41,51,-7,3891.75,-1320
2022-09-19 13:09:43,51,-8,3891.5,-1328
2022-09-19 13:09:44,50,44,3892.0,-1284
2022-09-19 13:09:45,10,2,3892.0,-1282
2022-09-19 13:09:46,66,2,3892.25,-1280
2022-09-19 13:09:47,33,-6,3891.75,-1286
2022-09-19 13:09:48,14,-5,3891.75,-1291
2022-09-19 13:09:49,55,-10,3892.0,-1301
2022-09-19 13:09:50,25,-1,3891.75,-1302
2022-09-19 13:09:52,40,-8,3891.75,-1310
2022-09-19 13:09:53,12,-8,3891.75,-1318
2022-09-19 13:09:54,21,-19,3891.5,-1337
2022-09-19 13:09:55,20,10,3891.5,-1327
2022-09-19 13:09:56,45,-16,3891.5,-1343
2022-09-19 13:09:57,10,8,3891.5,-1335
2022-09-19 13:10:00,124,38,3892.25,-1297
2022-09-19 13:10:01,67,0,3892.25,-1297
2022-09-19 13:10:02,69,-9,3892.25,-1306
2022-09-19 13:10:03,21,9,3892.25,-1297
2022-09-19 13:10:05,134,-25,3892.25,-1322
2022-09-19 13:10:06,39,-12,3892.25,-1334
2022-09-19 13:10:07,133,-19,3892.0,-1353
2022-09-19 13:10:08,26,11,3892.25,-1342
2022-09-19 13:10:09,75,-17,3892.25,-1359
2022-09-19 13:10:10,44,5,3892.25,-1354
2022-09-19 13:10:11,16,12,3892.0,-1342
2022-09-19 13:10:12,61,-16,3892.25,-1358
2022-09-19 13:10:14,28,-14,3891.75,-1372
2022-09-19 13:10:15,56,-9,3891.75,-1381
2022-09-19 13:10:16,26,10,3891.75,-1371
2022-09-19 13:10:17,121,4,3891.75,-1367
2022-09-19 13:10:18,12,-8,3891.75,-1375
2022-09-19 13:10:19,49,-14,3891.75,-1389
2022-09-19 13:10:20,8,6,3891.5,-1383
2022-09-19 13:10:21,3,-3,3891.5,-1386
2022-09-19 13:10:22,37,-24,3891.25,-1410
2022-09-19 13:10:23,101,14,3891.5,-1396
2022-09-19 13:10:24,5,2,3891.5,-1394
2022-09-19 13:10:25,11,-6,3891.5,-1400
2022-09-19 13:10:26,45,8,3891.5,-1392
2022-09-19 13:10:27,28,-3,3891.5,-1395
2022-09-19 13:10:28,12,6,3891.5,-1389
2022-09-19 13:10:29,182,-16,3891.5,-1405
2022-09-19 13:10:30,42,4,3891.5,-1401
2022-09-19 13:10:31,40,-16,3891.5,-1417
2022-09-19 13:10:32,9,-6,3891.5,-1423
2022-09-19 13:10:33,2,1,3891.5,-1422
2022-09-19 13:10:34,2,0,3891.5,-1422
2022-09-19 13:10:35,67,1,3891.5,-1421
2022-09-19 13:10:36,10,2,3891.25,-1419
2022-09-19 13:10:37,9,5,3891.25,-1414
2022-09-19 13:10:38,31,-12,3891.0,-1426
2022-09-19 13:10:39,5,4,3891.25,-1422
2022-09-19 13:10:40,37,-3,3891.25,-1425
2022-09-19 13:10:41,56,-30,3891.0,-1455
2022-09-19 13:10:42,71,6,3890.5,-1449
2022-09-19 13:10:43,10,6,3890.75,-1443
2022-09-19 13:10:44,7,-7,3890.5,-1450
2022-09-19 13:10:46,26,17,3890.75,-1433
2022-09-19 13:10:47,19,10,3891.0,-1423
2022-09-19 13:10:48,2,-2,3890.75,-1425
2022-09-19 13:10:49,17,-7,3890.75,-1432
2022-09-19 13:10:50,9,1,3890.75,-1431
2022-09-19 13:10:51,10,-10,3890.5,-1441
2022-09-19 13:10:52,1,-1,3890.25,-1442
2022-09-19 13:10:53,55,-1,3890.25,-1443
2022-09-19 13:10:54,117,-91,3890.5,-1534
2022-09-19 13:10:55,46,-4,3890.0,-1538
2022-09-19 13:10:56,56,-16,3890.0,-1554
2022-09-19 13:10:57,83,15,3889.75,-1539
2022-09-19 13:10:58,8,2,3889.75,-1537
2022-09-19 13:10:59,7,-7,3889.5,-1544
2022-09-19 13:11:00,56,6,3889.75,-1538
2022-09-19 13:11:01,50,3,3889.75,-1535
2022-09-19 13:11:02,14,0,3889.75,-1535
2022-09-19 13:11:03,9,4,3889.75,-1531
2022-09-19 13:11:04,13,3,3890.0,-1528
2022-09-19 13:11:05,108,21,3890.0,-1507
2022-09-19 13:11:06,33,3,3889.75,-1504
2022-09-19 13:11:07,20,4,3889.5,-1500
2022-09-19 13:11:08,13,-5,3889.75,-1505
2022-09-19 13:11:09,23,1,3889.75,-1504
2022-09-19 13:11:10,19,2,3889.5,-1502
2022-09-19 13:11:11,90,6,3889.75,-1496
2022-09-19 13:11:12,1,1,3889.75,-1495
2022-09-19 13:11:13,168,-61,3889.75,-1556
2022-09-19 13:11:14,3,-3,3889.25,-1559
2022-09-19 13:11:15,26,-10,3889.5,-1569
2022-09-19 13:11:16,36,3,3889.25,-1566
2022-09-19 13:11:17,141,-58,3889.5,-1624
2022-09-19 13:11:18,101,-14,3888.75,-1638
2022-09-19 13:11:19,37,12,3889.0,-1626
2022-09-19 13:11:20,46,11,3889.0,-1615
2022-09-19 13:11:21,13,-3,3888.75,-1618
2022-09-19 13:11:22,37,-5,3888.75,-1623
2022-09-19 13:11:23,2,0,3889.0,-1623
2022-09-19 13:11:24,48,-3,3889.0,-1626
2022-09-19 13:11:25,11,3,3889.0,-1623
2022-09-19 13:11:26,18,-9,3888.75,-1632
2022-09-19 13:11:27,26,1,3889.0,-1631
2022-09-19 13:11:28,15,-1,3889.0,-1632
2022-09-19 13:11:29,54,11,3889.0,-1621
2022-09-19 13:11:30,19,-13,3889.0,-1634
2022-09-19 13:11:31,5,1,3888.75,-1633
2022-09-19 13:11:32,75,-24,3888.75,-1657
2022-09-19 13:11:33,2,-2,3888.5,-1659
2022-09-19 13:11:34,51,-5,3888.5,-1664
2022-09-19 13:11:35,249,-63,3888.25,-1727
2022-09-19 13:11:36,104,-11,3888.5,-1738
2022-09-19 13:11:37,26,-1,3888.25,-1739
2022-09-19 13:11:38,193,32,3888.5,-1707
2022-09-19 13:11:39,20,-4,3888.5,-1711
2022-09-19 13:11:40,148,-25,3888.75,-1736
2022-09-19 13:11:41,34,-5,3888.5,-1741
2022-09-19 13:11:42,1,1,3888.75,-1740
2022-09-19 13:11:43,1,1,3888.75,-1739
2022-09-19 13:11:44,1,1,3888.75,-1738
2022-09-19 13:11:45,49,-17,3888.75,-1755
2022-09-19 13:11:46,18,-12,3888.5,-1767
2022-09-19 13:11:48,85,-5,3888.0,-1772
2022-09-19 13:11:49,40,8,3888.25,-1764
2022-09-19 13:11:50,4,-2,3888.25,-1766
2022-09-19 13:11:51,120,41,3888.5,-1725
2022-09-19 13:11:52,3,3,3888.75,-1722
2022-09-19 13:11:53,19,-2,3888.75,-1724
2022-09-19 13:11:54,11,-3,3888.5,-1727
2022-09-19 13:11:55,60,16,3888.75,-1711
2022-09-19 13:11:56,12,-5,3888.75,-1716
2022-09-19 13:11:57,77,18,3888.75,-1698
2022-09-19 13:11:58,34,11,3888.75,-1687
2022-09-19 13:11:59,11,-3,3888.75,-1690
2022-09-19 13:12:00,24,5,3888.75,-1685
2022-09-19 13:12:01,147,-23,3888.5,-1708
2022-09-19 13:12:02,35,-8,3888.75,-1716
2022-09-19 13:12:03,31,-11,3888.75,-1727
2022-09-19 13:12:04,40,-12,3888.25,-1739
2022-09-19 13:12:05,89,-24,3888.25,-1763
2022-09-19 13:12:06,35,1,3888.0,-1762
2022-09-19 13:12:07,61,-21,3888.0,-1783
2022-09-19 13:12:08,131,14,3887.75,-1769
2022-09-19 13:12:09,79,19,3888.0,-1750
2022-09-19 13:12:10,48,14,3887.5,-1736
2022-09-19 13:12:11,6,-6,3887.25,-1742
2022-09-19 13:12:12,61,-22,3887.25,-1764
2022-09-19 13:12:13,140,-36,3887.25,-1800
2022-09-19 13:12:14,124,2,3887.0,-1798
2022-09-19 13:12:15,50,10,3887.25,-1788
2022-09-19 13:12:16,16,-2,3887.25,-1790
2022-09-19 13:12:17,65,-12,3887.0,-1802
2022-09-19 13:12:18,52,-1,3887.0,-1803
2022-09-19 13:12:19,63,-30,3887.0,-1833
2022-09-19 13:12:20,131,35,3887.0,-1798
2022-09-19 13:12:21,104,-8,3887.0,-1806
2022-09-19 13:12:22,7,4,3887.0,-1802
2022-09-19 13:12:23,104,-24,3887.0,-1826
2022-09-19 13:12:24,43,13,3887.25,-1813
2022-09-19 13:12:25,18,8,3887.0,-1805
2022-09-19 13:12:26,8,-8,3887.0,-1813
2022-09-19 13:12:27,31,-7,3886.75,-1820
2022-09-19 13:12:28,8,-7,3886.75,-1827
2022-09-19 13:12:29,4,0,3887.0,-1827
2022-09-19 13:12:30,4,-4,3886.75,-1831
2022-09-19 13:12:31,40,-6,3886.75,-1837
2022-09-19 13:12:32,4,2,3886.75,-1835
2022-09-19 13:12:33,86,-6,3886.5,-1841
2022-09-19 13:12:34,9,7,3886.5,-1834
2022-09-19 13:12:35,15,-9,3886.5,-1843
2022-09-19 13:12:36,5,-5,3886.5,-1848
2022-09-19 13:12:37,51,11,3886.75,-1837
2022-09-19 13:12:38,19,-4,3886.75,-1841
2022-09-19 13:12:39,16,-9,3886.5,-1850
2022-09-19 13:12:40,38,8,3887.0,-1842
2022-09-19 13:12:41,81,7,3887.0,-1835
2022-09-19 13:12:42,11,-2,3886.75,-1837
2022-09-19 13:12:43,93,-4,3887.0,-1841
2022-09-19 13:12:44,33,-5,3887.0,-1846
2022-09-19 13:12:45,33,6,3887.0,-1840
2022-09-19 13:12:46,11,2,3887.0,-1838
2022-09-19 13:12:47,23,3,3887.25,-1835
2022-09-19 13:12:48,2,0,3887.25,-1835
2022-09-19 13:12:49,100,-20,3887.0,-1855
2022-09-19 13:12:50,65,-12,3886.75,-1867
2022-09-19 13:12:51,12,6,3887.0,-1861
2022-09-19 13:12:52,13,-9,3887.0,-1870
2022-09-19 13:12:53,57,16,3886.5,-1854
2022-09-19 13:12:54,57,-14,3886.75,-1868
2022-09-19 13:12:55,39,-19,3886.25,-1887
2022-09-19 13:12:56,49,2,3886.5,-1885
2022-09-19 13:12:57,23,2,3886.75,-1883
2022-09-19 13:12:58,2,0,3886.5,-1883
2022-09-19 13:12:59,51,-7,3886.25,-1890
2022-09-19 13:13:00,97,-41,3886.25,-1931
2022-09-19 13:13:01,43,-8,3886.0,-1939
2022-09-19 13:13:02,17,4,3886.25,-1935
2022-09-19 13:13:03,3,-1,3886.25,-1936
2022-09-19 13:13:04,35,-6,3886.25,-1942
2022-09-19 13:13:05,62,10,3886.25,-1932
2022-09-19 13:13:06,80,-75,3886.0,-2007
2022-09-19 13:13:07,103,6,3886.0,-2001
2022-09-19 13:13:08,19,-5,3886.0,-2006
2022-09-19 13:13:09,93,-6,3886.0,-2012
2022-09-19 13:13:10,52,-12,3885.75,-2024
2022-09-19 13:13:11,15,-1,3885.75,-2025
2022-09-19 13:13:12,43,13,3885.75,-2012
2022-09-19 13:13:13,9,-7,3885.75,-2019
2022-09-19 13:13:14,31,-18,3885.75,-2037
2022-09-19 13:13:15,56,9,3885.75,-2028
2022-09-19 13:13:16,80,32,3886.25,-1996
2022-09-19 13:13:17,53,-5,3886.25,-2001
2022-09-19 13:13:18,50,-4,3886.25,-2005
2022-09-19 13:13:19,42,16,3886.25,-1989
2022-09-19 13:13:20,58,15,3886.5,-1974
2022-09-19 13:13:21,3,3,3886.5,-1971
2022-09-19 13:13:22,31,-3,3886.5,-1974
2022-09-19 13:13:23,21,-1,3886.25,-1975
2022-09-19 13:13:24,21,6,3886.5,-1969
2022-09-19 13:13:25,8,0,3886.5,-1969
2022-09-19 13:13:26,66,-12,3886.5,-1981
2022-09-19 13:13:27,16,-6,3886.0,-1987
2022-09-19 13:13:28,49,1,3886.25,-1986
2022-09-19 13:13:29,93,-24,3886.25,-2010
2022-09-19 13:13:30,43,-11,3885.75,-2021
2022-09-19 13:13:31,50,18,3886.0,-2003
2022-09-19 13:13:32,36,14,3886.25,-1989
2022-09-19 13:13:35,5,1,3886.5,-1988
2022-09-19 13:13:36,12,6,3886.5,-1982
2022-09-19 13:13:37,10,0,3886.25,-1982
2022-09-19 13:13:38,28,22,3886.5,-1960
2022-09-19 13:13:39,9,2,3886.75,-1958
2022-09-19 13:13:40,42,11,3886.75,-1947
2022-09-19 13:13:41,73,30,3887.0,-1917
2022-09-19 13:13:42,11,-3,3886.5,-1920
2022-09-19 13:13:43,27,1,3886.5,-1919
2022-09-19 13:13:44,15,15,3887.0,-1904
2022-09-19 13:13:45,9,-3,3887.0,-1907
2022-09-19 13:13:46,50,5,3887.0,-1902
2022-09-19 13:13:47,48,-1,3887.0,-1903
2022-09-19 13:13:48,10,-5,3886.5,-1908
2022-09-19 13:13:49,35,-4,3886.5,-1912
2022-09-19 13:13:50,32,10,3886.5,-1902
2022-09-19 13:13:51,13,1,3886.5,-1901
2022-09-19 13:13:52,16,-1,3886.5,-1902
2022-09-19 13:13:53,7,2,3886.5,-1900
2022-09-19 13:13:54,27,-2,3886.5,-1902
2022-09-19 13:13:55,2,2,3886.75,-1900
2022-09-19 13:13:57,42,9,3887.0,-1891
2022-09-19 13:13:58,83,25,3887.25,-1866
2022-09-19 13:13:59,113,16,3887.75,-1850
2022-09-19 13:14:00,122,21,3888.0,-1829
2022-09-19 13:14:01,3,3,3888.0,-1826
2022-09-19 13:14:02,2,0,3888.0,-1826
2022-09-19 13:14:03,6,4,3888.0,-1822
2022-09-19 13:14:04,77,-10,3888.0,-1832
2022-09-19 13:14:05,96,-36,3887.75,-1868
2022-09-19 13:14:06,11,3,3887.5,-1865
2022-09-19 13:14:07,11,2,3887.5,-1863
2022-09-19 13:14:08,35,-17,3887.5,-1880
2022-09-19 13:14:09,13,1,3887.5,-1879
2022-09-19 13:14:10,12,-6,3887.25,-1885
2022-09-19 13:14:11,24,-4,3887.25,-1889
2022-09-19 13:14:12,34,18,3887.5,-1871
2022-09-19 13:14:13,12,-5,3887.25,-1876
2022-09-19 13:14:14,3,3,3887.5,-1873
2022-09-19 13:14:15,7,-7,3887.25,-1880
2022-09-19 13:14:16,4,2,3887.25,-1878
2022-09-19 13:14:17,50,13,3887.5,-1865
2022-09-19 13:14:18,61,20,3887.75,-1845
2022-09-19 13:14:19,46,16,3888.0,-1829
2022-09-19 13:14:20,27,15,3888.0,-1814
2022-09-19 13:14:21,12,-2,3888.25,-1816
2022-09-19 13:14:22,2,1,3888.0,-1815
2022-09-19 13:14:23,3,1,3888.0,-1814
2022-09-19 13:14:24,4,4,3888.0,-1810
2022-09-19 13:14:25,1,1,3888.0,-1809
2022-09-19 13:14:26,80,23,3888.0,-1786
2022-09-19 13:14:27,120,22,3888.0,-1764
2022-09-19 13:14:28,50,11,3888.25,-1753
2022-09-19 13:14:29,6,-1,3888.25,-1754
2022-09-19 13:14:30,86,-13,3888.0,-1767
2022-09-19 13:14:31,135,44,3888.25,-1723
2022-09-19 13:14:32,19,-2,3888.25,-1725
2022-09-19 13:14:33,5,-5,3888.25,-1730
2022-09-19 13:14:34,24,7,3888.5,-1723
2022-09-19 13:14:35,29,-16,3888.25,-1739
2022-09-19 13:14:36,19,-1,3888.0,-1740
2022-09-19 13:14:37,1,-1,3887.75,-1741
2022-09-19 13:14:38,131,23,3888.25,-1718
2022-09-19 13:14:39,16,-10,3888.25,-1728
2022-09-19 13:14:40,9,3,3888.0,-1725
2022-09-19 13:14:42,66,-2,3888.25,-1727
2022-09-19 13:14:43,45,3,3888.0,-1724
2022-09-19 13:14:44,5,-5,3888.0,-1729
2022-09-19 13:14:45,6,6,3888.0,-1723
2022-09-19 13:14:46,10,4,3888.0,-1719
2022-09-19 13:14:47,6,-4,3888.0,-1723
2022-09-19 13:14:48,2,-2,3887.75,-1725
2022-09-19 13:14:49,85,-18,3887.75,-1743
2022-09-19 13:14:50,61,21,3887.5,-1722
2022-09-19 13:14:51,59,-19,3887.5,-1741
2022-09-19 13:14:52,57,-2,3887.5,-1743
2022-09-19 13:14:53,89,-17,3887.25,-1760
2022-09-19 13:14:54,16,-6,3887.0,-1766
2022-09-19 13:14:55,2,0,3887.25,-1766
2022-09-19 13:14:56,2,0,3887.25,-1766
2022-09-19 13:14:57,122,1,3887.0,-1765
2022-09-19 13:14:58,49,0,3887.0,-1765
2022-09-19 13:14:59,46,-23,3886.75,-1788
2022-09-19 13:15:00,31,-4,3886.75,-1792
2022-09-19 13:15:01,87,-17,3886.75,-1809
2022-09-19 13:15:02,21,-6,3886.25,-1815
2022-09-19 13:15:03,125,-8,3886.0,-1823
2022-09-19 13:15:04,73,-2,3886.0,-1825
2022-09-19 13:15:05,50,-17,3886.0,-1842
2022-09-19 13:15:06,55,10,3886.0,-1832
2022-09-19 13:15:07,9,-3,3886.0,-1835
2022-09-19 13:15:08,67,19,3886.0,-1816
2022-09-19 13:15:10,32,-11,3886.0,-1827
2022-09-19 13:15:11,94,21,3886.0,-1806
2022-09-19 13:15:12,23,-14,3885.75,-1820
2022-09-19 13:15:13,88,34,3886.25,-1786
2022-09-19 13:15:14,45,-12,3886.25,-1798
2022-09-19 13:15:15,3,-1,3886.25,-1799
2022-09-19 13:15:16,25,16,3886.25,-1783
2022-09-19 13:15:17,46,-15,3886.25,-1798
2022-09-19 13:15:18,40,-2,3886.0,-1800
2022-09-19 13:15:19,2,-2,3885.75,-1802
2022-09-19 13:15:20,67,10,3886.0,-1792
2022-09-19 13:15:21,24,10,3886.25,-1782
2022-09-19 13:15:22,30,10,3886.5,-1772
2022-09-19 13:15:23,16,5,3886.5,-1767
2022-09-19 13:15:24,15,-9,3886.25,-1776
2022-09-19 13:15:25,54,6,3886.25,-1770
2022-09-19 13:15:26,3,-3,3886.25,-1773
2022-09-19 13:15:27,28,17,3886.5,-1756
2022-09-19 13:15:28,1,1,3886.5,-1755
2022-09-19 13:15:29,36,-17,3886.5,-1772
2022-09-19 13:15:30,32,-8,3886.0,-1780
2022-09-19 13:15:31,23,-18,3886.0,-1798
2022-09-19 13:15:32,67,-22,3885.75,-1820
2022-09-19 13:15:33,461,-232,3885.75,-2052
2022-09-19 13:15:34,26,-20,3885.5,-2072
2022-09-19 13:15:35,75,5,3885.5,-2067
2022-09-19 13:15:37,71,26,3886.0,-2041
2022-09-19 13:15:39,30,5,3886.0,-2036
2022-09-19 13:15:40,22,-12,3886.0,-2048
2022-09-19 13:15:41,17,-6,3886.0,-2054
2022-09-19 13:15:43,2,0,3886.0,-2054
2022-09-19 13:15:45,74,20,3886.0,-2034
2022-09-19 13:15:46,33,27,3886.25,-2007
2022-09-19 13:15:47,82,-9,3886.25,-2016
2022-09-19 13:15:48,7,-5,3886.0,-2021
2022-09-19 13:15:49,28,7,3886.0,-2014
2022-09-19 13:15:50,8,2,3886.0,-2012
2022-09-19 13:15:51,29,1,3886.0,-2011
2022-09-19 13:15:52,19,-14,3885.75,-2025
2022-09-19 13:15:54,22,-16,3885.5,-2041
2022-09-19 13:15:55,29,-5,3885.5,-2046
2022-09-19 13:15:56,50,14,3885.5,-2032
2022-09-19 13:15:57,1,1,3885.75,-2031
2022-09-19 13:15:59,79,-3,3885.75,-2034
2022-09-19 13:16:00,9,-1,3886.0,-2035
2022-09-19 13:16:01,34,10,3886.25,-2025
2022-09-19 13:16:02,20,-6,3886.0,-2031
2022-09-19 13:16:03,10,-6,3885.75,-2037
2022-09-19 13:16:05,26,-11,3885.75,-2048
2022-09-19 13:16:06,97,-15,3885.75,-2063
2022-09-19 13:16:07,4,-3,3885.0,-2066
2022-09-19 13:16:08,56,16,3885.25,-2050
2022-09-19 13:16:09,37,-7,3885.25,-2057
2022-09-19 13:16:10,18,3,3885.25,-2054
2022-09-19 13:16:11,26,5,3885.5,-2049
2022-09-19 13:16:12,37,-12,3885.25,-2061
2022-09-19 13:16:13,72,7,3885.5,-2054
2022-09-19 13:16:14,10,-4,3885.25,-2058
2022-09-19 13:16:15,71,21,3885.75,-2037
2022-09-19 13:16:16,22,0,3885.75,-2037
2022-09-19 13:16:17,28,15,3886.0,-2022
2022-09-19 13:16:18,12,-10,3885.75,-2032
2022-09-19 13:16:19,1,-1,3885.5,-2033
2022-09-19 13:16:20,17,-8,3885.5,-2041
2022-09-19 13:16:21,26,-14,3885.25,-2055
2022-09-19 13:16:22,64,-2,3885.25,-2057
2022-09-19 13:16:23,16,-12,3885.0,-2069
2022-09-19 13:16:24,1,-1,3885.0,-2070
2022-09-19 13:16:25,124,-36,3885.0,-2106
2022-09-19 13:16:26,35,12,3885.5,-2094
2022-09-19 13:16:27,93,28,3885.75,-2066
2022-09-19 13:16:28,1,1,3885.5,-2065
2022-09-19 13:16:29,4,-1,3885.25,-2066
2022-09-19 13:16:30,43,1,3885.25,-2065
2022-09-19 13:16:31,6,6,3885.25,-2059
2022-09-19 13:16:32,31,-3,3885.25,-2062
2022-09-19 13:16:33,260,-30,3884.75,-2092
2022-09-19 13:16:34,27,9,3885.0,-2083
2022-09-19 13:16:35,3,-2,3884.75,-2085
2022-09-19 13:16:36,28,14,3885.0,-2071
2022-09-19 13:16:37,25,-17,3884.75,-2088
2022-09-19 13:16:38,40,1,3884.75,-2087
2022-09-19 13:16:39,13,-9,3885.0,-2096
2022-09-19 13:16:40,84,-17,3884.5,-2113
2022-09-19 13:16:41,46,-6,3884.75,-2119
2022-09-19 13:16:42,19,0,3884.75,-2119
2022-09-19 13:16:43,1,-1,3884.5,-2120
2022-09-19 13:16:44,89,4,3884.75,-2116
2022-09-19 13:16:45,29,7,3885.0,-2109
2022-09-19 13:16:46,29,3,3885.0,-2106
2022-09-19 13:16:47,62,-15,3885.0,-2121
2022-09-19 13:16:48,42,2,3884.5,-2119
2022-09-19 13:16:49,134,-18,3884.5,-2137
2022-09-19 13:16:50,69,-4,3884.25,-2141
2022-09-19 13:16:51,18,4,3884.25,-2137
2022-09-19 13:16:52,41,17,3884.5,-2120
2022-09-19 13:16:53,26,-15,3884.5,-2135
2022-09-19 13:16:54,3,-1,3884.5,-2136
2022-09-19 13:16:55,39,3,3884.5,-2133
2022-09-19 13:16:56,47,7,3884.5,-2126
2022-09-19 13:16:57,25,-5,3884.5,-2131
2022-09-19 13:16:58,28,-2,3884.75,-2133
2022-09-19 13:16:59,18,-1,3884.5,-2134
2022-09-19 13:17:00,20,-5,3884.75,-2139
2022-09-19 13:17:01,49,-14,3884.75,-2153
2022-09-19 13:17:02,17,-1,3884.75,-2154
2022-09-19 13:17:03,32,-8,3884.75,-2162
2022-09-19 13:17:04,93,-18,3884.5,-2180
2022-09-19 13:17:05,26,-7,3884.25,-2187
2022-09-19 13:17:06,79,12,3884.5,-2175
2022-09-19 13:17:07,2,0,3884.5,-2175
2022-09-19 13:17:08,41,13,3884.5,-2162
2022-09-19 13:17:09,20,-4,3884.75,-2166
2022-09-19 13:17:10,45,0,3884.5,-2166
2022-09-19 13:17:11,28,-9,3884.75,-2175
2022-09-19 13:17:12,64,-40,3884.25,-2215
2022-09-19 13:17:13,51,3,3884.25,-2212
2022-09-19 13:17:14,1,-1,3884.0,-2213
2022-09-19 13:17:15,138,-39,3884.0,-2252
2022-09-19 13:17:16,3,3,3884.0,-2249
2022-09-19 13:17:17,240,50,3884.5,-2199
2022-09-19 13:17:18,355,57,3885.25,-2142
2022-09-19 13:17:19,149,-12,3885.5,-2154
2022-09-19 13:17:20,58,-16,3885.25,-2170
2022-09-19 13:17:21,31,6,3885.25,-2164
2022-09-19 13:17:22,71,12,3885.25,-2152
2022-09-19 13:17:23,3,-3,3885.25,-2155
2022-09-19 13:17:24,68,41,3885.75,-2114
2022-09-19 13:17:25,102,35,3886.0,-2079
2022-09-19 13:17:26,81,-15,3886.0,-2094
2022-09-19 13:17:27,21,-14,3885.25,-2108
2022-09-19 13:17:28,4,2,3885.25,-2106
2022-09-19 13:17:29,32,13,3885.25,-2093
2022-09-19 13:17:30,19,-7,3885.25,-2100
2022-09-19 13:17:31,106,7,3885.25,-2093
2022-09-19 13:17:32,9,4,3885.25,-2089
2022-09-19 13:17:33,21,2,3885.25,-2087
2022-09-19 13:17:34,10,7,3885.5,-2080
2022-09-19 13:17:35,35,-5,3885.5,-2085
2022-09-19 13:17:36,15,-3,3885.5,-2088
2022-09-19 13:17:37,82,8,3885.75,-2080
2022-09-19 13:17:38,27,5,3885.75,-2075
2022-09-19 13:17:39,47,20,3886.0,-2055
2022-09-19 13:17:40,28,-6,3885.5,-2061
2022-09-19 13:17:41,26,5,3886.0,-2056
2022-09-19 13:17:42,79,1,3885.75,-2055
2022-09-19 13:17:43,3,3,3886.0,-2052
2022-09-19 13:17:44,63,11,3886.0,-2041
2022-09-19 13:17:45,4,4,3886.0,-2037
2022-09-19 13:17:46,30,-13,3886.0,-2050
2022-09-19 13:17:47,107,45,3886.25,-2005
2022-09-19 13:17:48,187,13,3887.0,-1992
2022-09-19 13:17:49,108,-19,3887.0,-2011
2022-09-19 13:17:50,1,-1,3886.25,-2012
2022-09-19 13:17:51,3,-3,3886.25,-2015
2022-09-19 13:17:52,6,-3,3886.5,-2018
2022-09-19 13:17:53,26,-18,3886.25,-2036
2022-09-19 13:17:54,59,18,3886.5,-2018
2022-09-19 13:17:55,15,-8,3886.25,-2026
2022-09-19 13:17:56,53,-7,3886.5,-2033
2022-09-19 13:17:57,17,5,3886.5,-2028
2022-09-19 13:17:58,4,2,3886.5,-2026
2022-09-19 13:17:59,61,-3,3886.25,-2029
2022-09-19 13:18:00,49,-14,3886.25,-2043
2022-09-19 13:18:01,68,31,3886.25,-2012
2022-09-19 13:18:02,58,-3,3886.25,-2015
2022-09-19 13:18:03,39,0,3886.25,-2015
2022-09-19 13:18:04,70,40,3886.5,-1975
2022-09-19 13:18:05,11,5,3886.5,-1970
2022-09-19 13:18:06,14,2,3886.75,-1968
2022-09-19 13:18:07,70,-10,3886.75,-1978
2022-09-19 13:18:08,19,6,3886.75,-1972
2022-09-19 13:18:09,19,11,3886.75,-1961
2022-09-19 13:18:11,70,-21,3886.5,-1982
2022-09-19 13:18:12,47,5,3886.5,-1977
2022-09-19 13:18:15,47,24,3887.0,-1953
2022-09-19 13:18:16,102,2,3887.0,-1951
2022-09-19 13:18:17,33,-9,3886.5,-1960
2022-09-19 13:18:18,68,-15,3886.25,-1975
2022-09-19 13:18:19,61,2,3886.0,-1973
2022-09-19 13:18:20,26,-3,3885.75,-1976
2022-09-19 13:18:21,1,-1,3885.75,-1977
2022-09-19 13:18:22,25,-8,3885.75,-1985
2022-09-19 13:18:23,3,1,3886.0,-1984
2022-09-19 13:18:24,7,6,3886.0,-1978
2022-09-19 13:18:25,27,-5,3885.75,-1983
2022-09-19 13:18:26,77,6,3886.0,-1977
2022-09-19 13:18:27,85,-16,3885.5,-1993
2022-09-19 13:18:28,52,22,3885.5,-1971
2022-09-19 13:18:29,36,0,3885.75,-1971
2022-09-19 13:18:30,68,-14,3885.75,-1985
2022-09-19 13:18:31,33,2,3885.5,-1983
2022-09-19 13:18:32,3,-3,3885.25,-1986
2022-09-19 13:18:34,41,-12,3885.5,-1998
2022-09-19 13:18:35,160,-45,3885.0,-2043
2022-09-19 13:18:36,34,7,3884.5,-2036
2022-09-19 13:18:37,40,-11,3884.75,-2047
2022-09-19 13:18:38,22,-1,3884.5,-2048
2022-09-19 13:18:39,74,-32,3884.75,-2080
2022-09-19 13:18:40,27,24,3884.75,-2056
2022-09-19 13:18:41,48,-1,3885.25,-2057
2022-09-19 13:18:42,46,-4,3885.0,-2061
2022-09-19 13:18:43,16,0,3885.0,-2061
2022-09-19 13:18:44,12,1,3885.0,-2060
2022-09-19 13:18:45,27,3,3885.25,-2057
2022-09-19 13:18:46,3,0,3885.25,-2057
2022-09-19 13:18:48,57,-1,3885.5,-2058
2022-09-19 13:18:49,36,-11,3885.5,-2069
2022-09-19 13:18:50,16,0,3885.25,-2069
2022-09-19 13:18:51,4,-2,3885.25,-2071
2022-09-19 13:18:52,1,1,3885.25,-2070
2022-09-19 13:18:53,2,0,3885.25,-2070
2022-09-19 13:18:54,18,3,3885.25,-2067
2022-09-19 13:18:55,12,9,3885.25,-2058
2022-09-19 13:18:56,3,-2,3885.25,-2060
2022-09-19 13:18:57,5,3,3885.5,-2057
2022-09-19 13:18:58,71,-23,3885.5,-2080
2022-09-19 13:18:59,44,-1,3885.25,-2081
2022-09-19 13:19:00,14,4,3885.25,-2077
2022-09-19 13:19:01,17,5,3885.25,-2072
2022-09-19 13:19:02,86,-24,3885.0,-2096
2022-09-19 13:19:03,34,4,3885.0,-2092
2022-09-19 13:19:04,15,-8,3885.25,-2100
2022-09-19 13:19:05,4,-2,3885.0,-2102
2022-09-19 13:19:06,1,-1,3884.75,-2103
2022-09-19 13:19:07,89,19,3885.25,-2084
2022-09-19 13:19:08,29,-2,3885.25,-2086
2022-09-19 13:19:09,4,2,3885.5,-2084
2022-09-19 13:19:10,20,6,3885.25,-2078
2022-09-19 13:19:12,39,16,3886.0,-2062
2022-09-19 13:19:13,53,3,3886.0,-2059
2022-09-19 13:19:14,8,-5,3886.0,-2064
2022-09-19 13:19:15,1,-1,3886.0,-2065
2022-09-19 13:19:16,42,11,3886.25,-2054
2022-09-19 13:19:17,48,15,3886.5,-2039
2022-09-19 13:19:18,20,3,3886.75,-2036
2022-09-19 13:19:19,82,-10,3886.75,-2046
2022-09-19 13:19:20,28,-5,3886.25,-2051
2022-09-19 13:19:21,90,27,3886.5,-2024
2022-09-19 13:19:22,15,-3,3886.5,-2027
2022-09-19 13:19:23,78,1,3886.75,-2026
2022-09-19 13:19:24,1,1,3886.5,-2025
2022-09-19 13:19:25,39,-13,3886.5,-2038
2022-09-19 13:19:27,35,-13,3886.25,-2051
2022-09-19 13:19:28,73,-5,3886.5,-2056
2022-09-19 13:19:29,8,-1,3886.25,-2057
2022-09-19 13:19:30,35,14,3886.25,-2043
2022-09-19 13:19:31,40,13,3886.75,-2030
2022-09-19 13:19:32,4,3,3886.75,-2027
2022-09-19 13:19:33,60,4,3887.0,-2023
2022-09-19 13:19:34,60,25,3887.0,-1998
2022-09-19 13:19:35,21,0,3887.0,-1998
2022-09-19 13:19:36,59,0,3887.25,-1998
2022-09-19 13:19:37,4,3,3887.0,-1995
2022-09-19 13:19:38,27,-5,3887.0,-2000
2022-09-19 13:19:40,32,9,3887.0,-1991
2022-09-19 13:19:41,47,-17,3887.25,-2008
2022-09-19 13:19:42,9,5,3887.25,-2003
2022-09-19 13:19:43,23,-5,3887.25,-2008
2022-09-19 13:19:44,12,-7,3887.0,-2015
2022-09-19 13:19:45,30,-19,3887.25,-2034
2022-09-19 13:19:46,30,13,3887.25,-2021
2022-09-19 13:19:47,8,2,3887.0,-2019
2022-09-19 13:19:48,53,-9,3887.0,-2028
2022-09-19 13:19:49,10,0,3887.25,-2028
2022-09-19 13:19:50,12,-3,3887.0,-2031
2022-09-19 13:19:51,29,8,3887.25,-2023
2022-09-19 13:19:52,27,2,3887.25,-2021
2022-09-19 13:19:53,21,-2,3887.25,-2023
2022-09-19 13:19:54,25,9,3887.25,-2014
2022-09-19 13:19:55,2,-2,3887.0,-2016
2022-09-19 13:19:56,2,0,3887.25,-2016
2022-09-19 13:19:57,5,3,3887.25,-2013
2022-09-19 13:19:58,51,-2,3887.25,-2015
2022-09-19 13:19:59,153,43,3888.0,-1972
2022-09-19 13:20:00,121,20,3888.0,-1952
2022-09-19 13:20:01,48,-12,3887.5,-1964
2022-09-19 13:20:02,29,1,3887.75,-1963
2022-09-19 13:20:04,34,28,3887.5,-1935
2022-09-19 13:20:06,44,10,3887.5,-1925
2022-09-19 13:20:07,25,-12,3887.25,-1937
2022-09-19 13:20:08,59,-13,3887.0,-1950
2022-09-19 13:20:09,28,8,3887.25,-1942
2022-09-19 13:20:10,2,0,3887.25,-1942
2022-09-19 13:20:12,20,12,3887.25,-1930
2022-09-19 13:20:13,1,-1,3887.25,-1931
2022-09-19 13:20:14,69,12,3887.5,-1919
2022-09-19 13:20:15,31,-9,3887.25,-1928
2022-09-19 13:20:16,89,58,3887.75,-1870
2022-09-19 13:20:17,58,10,3887.75,-1860
2022-09-19 13:20:18,2,-2,3887.75,-1862
2022-09-19 13:20:19,20,-2,3887.75,-1864
2022-09-19 13:20:20,63,-18,3888.0,-1882
2022-09-19 13:20:21,13,5,3887.75,-1877
2022-09-19 13:20:22,3,3,3887.75,-1874
2022-09-19 13:20:23,1,1,3888.0,-1873
2022-09-19 13:20:24,60,30,3888.0,-1843
2022-09-19 13:20:25,40,-11,3887.75,-1854
2022-09-19 13:20:26,20,-2,3887.25,-1856
2022-09-19 13:20:27,17,-9,3887.25,-1865
2022-09-19 13:20:30,72,28,3887.5,-1837
2022-09-19 13:20:31,1,-1,3887.25,-1838
2022-09-19 13:20:32,46,2,3887.5,-1836
2022-09-19 13:20:33,7,7,3887.5,-1829
2022-09-19 13:20:34,21,0,3887.75,-1829
2022-09-19 13:20:35,13,-2,3887.5,-1831
2022-09-19 13:20:36,19,-9,3887.5,-1840
2022-09-19 13:20:37,53,28,3887.75,-1812
2022-09-19 13:20:38,1,-1,3887.75,-1813
2022-09-19 13:20:39,1,-1,3887.75,-1814
2022-09-19 13:20:42,138,12,3888.0,-1802
2022-09-19 13:20:43,79,-6,3888.25,-1808
2022-09-19 13:20:44,38,-2,3888.0,-1810
2022-09-19 13:20:46,79,-6,3887.75,-1816
2022-09-19 13:20:47,29,6,3887.75,-1810
2022-09-19 13:20:48,19,11,3888.25,-1799
2022-09-19 13:20:49,30,2,3888.25,-1797
2022-09-19 13:20:50,2,2,3888.25,-1795
2022-09-19 13:20:51,33,-12,3888.25,-1807
2022-09-19 13:20:52,59,6,3888.25,-1801
2022-09-19 13:20:53,28,-5,3888.5,-1806
2022-09-19 13:20:54,58,1,3888.5,-1805
2022-09-19 13:20:55,15,-2,3888.5,-1807
2022-09-19 13:20:56,23,-5,3888.25,-1812
2022-09-19 13:20:57,19,-11,3888.0,-1823
2022-09-19 13:20:58,26,11,3888.25,-1812
2022-09-19 13:20:59,26,2,3888.25,-1810
2022-09-19 13:21:00,7,6,3888.25,-1804
2022-09-19 13:21:01,1,-1,3888.25,-1805
2022-09-19 13:21:02,72,21,3888.5,-1784
2022-09-19 13:21:03,1,1,3888.5,-1783
2022-09-19 13:21:05,1,1,3888.5,-1782
2022-09-19 13:21:06,52,-14,3888.5,-1796
2022-09-19 13:21:07,76,10,3888.5,-1786
2022-09-19 13:21:08,139,49,3889.0,-1737
2022-09-19 13:21:09,27,-9,3888.75,-1746
2022-09-19 13:21:10,5,5,3888.5,-1741
2022-09-19 13:21:11,32,-5,3888.25,-1746
2022-09-19 13:21:12,7,4,3888.5,-1742
2022-09-19 13:21:13,1,1,3888.5,-1741
2022-09-19 13:21:14,51,-1,3888.25,-1742
2022-09-19 13:21:15,39,9,3888.25,-1733
2022-09-19 13:21:16,19,0,3888.25,-1733
2022-09-19 13:21:17,45,-7,3888.25,-1740
2022-09-19 13:21:18,77,-10,3888.25,-1750
2022-09-19 13:21:19,4,-2,3888.25,-1752
2022-09-19 13:21:20,49,3,3888.25,-1749
2022-09-19 13:21:21,49,-16,3888.0,-1765
2022-09-19 13:21:22,37,6,3888.0,-1759
2022-09-19 13:21:23,46,14,3888.0,-1745
2022-09-19 13:21:24,122,-45,3888.25,-1790
2022-09-19 13:21:25,297,-13,3887.25,-1803
2022-09-19 13:21:26,44,-10,3887.0,-1813
2022-09-19 13:21:27,58,-24,3887.0,-1837
2022-09-19 13:21:28,7,-3,3886.75,-1840
2022-09-19 13:21:29,77,3,3886.5,-1837
2022-09-19 13:21:30,84,10,3887.0,-1827
2022-09-19 13:21:31,27,2,3887.0,-1825
2022-09-19 13:21:32,2,-2,3886.75,-1827
2022-09-19 13:21:33,124,7,3886.75,-1820
2022-09-19 13:21:34,25,-3,3886.75,-1823
2022-09-19 13:21:35,38,3,3886.75,-1820
2022-09-19 13:21:36,209,19,3886.75,-1801
2022-09-19 13:21:37,81,22,3887.0,-1779
2022-09-19 13:21:38,62,0,3886.75,-1779
2022-09-19 13:21:39,2,1,3886.75,-1778
2022-09-19 13:21:40,10,-7,3886.75,-1785
2022-09-19 13:21:41,59,0,3886.75,-1785
2022-09-19 13:21:42,45,-1,3886.75,-1786
2022-09-19 13:21:43,3,-3,3886.5,-1789
2022-09-19 13:21:44,15,-10,3886.5,-1799
2022-09-19 13:21:46,143,-31,3886.25,-1830
2022-09-19 13:21:47,112,-3,3886.0,-1833
2022-09-19 13:21:48,8,-4,3886.25,-1837
2022-09-19 13:21:49,53,29,3886.5,-1808
2022-09-19 13:21:50,9,0,3886.75,-1808
2022-09-19 13:21:51,31,11,3886.75,-1797
2022-09-19 13:21:52,25,5,3886.75,-1792
2022-09-19 13:21:53,66,23,3887.0,-1769
2022-09-19 13:21:54,2,2,3887.0,-1767
2022-09-19 13:21:55,42,-8,3886.75,-1775
2022-09-19 13:21:56,21,4,3886.75,-1771
2022-09-19 13:21:57,2,-2,3886.75,-1773
2022-09-19 13:21:59,51,3,3887.0,-1770
2022-09-19 13:22:00,10,9,3887.0,-1761
2022-09-19 13:22:01,1,1,3887.0,-1760
2022-09-19 13:22:02,2,2,3887.0,-1758
2022-09-19 13:22:03,28,-2,3887.25,-1760
2022-09-19 13:22:04,1,1,3887.0,-1759
2022-09-19 13:22:05,31,2,3887.0,-1757
2022-09-19 13:22:06,20,0,3887.25,-1757
2022-09-19 13:22:07,22,3,3887.25,-1754
2022-09-19 13:22:08,41,-9,3887.5,-1763
2022-09-19 13:22:09,27,18,3887.5,-1745
2022-09-19 13:22:10,151,-14,3888.25,-1759
2022-09-19 13:22:11,19,-5,3888.25,-1764
2022-09-19 13:22:12,3,3,3888.5,-1761
2022-09-19 13:22:13,2,2,3888.5,-1759
2022-09-19 13:22:14,88,-13,3888.25,-1772
2022-09-19 13:22:15,3,1,3888.5,-1771
2022-09-19 13:22:16,10,-3,3888.5,-1774
2022-09-19 13:22:17,66,10,3888.75,-1764
2022-09-19 13:22:18,33,-12,3888.75,-1776
2022-09-19 13:22:19,51,3,3888.5,-1773
2022-09-19 13:22:20,24,-7,3888.5,-1780
2022-09-19 13:22:21,27,0,3888.25,-1780
2022-09-19 13:22:22,28,0,3888.5,-1780
2022-09-19 13:22:23,17,1,3888.25,-1779
2022-09-19 13:22:24,1,-1,3888.25,-1780
2022-09-19 13:22:25,42,-2,3888.25,-1782
2022-09-19 13:22:26,1,-1,3888.25,-1783
2022-09-19 13:22:27,18,11,3888.75,-1772
2022-09-19 13:22:28,93,13,3889.0,-1759
2022-09-19 13:22:29,59,1,3889.0,-1758
2022-09-19 13:22:30,2,0,3888.75,-1758
2022-09-19 13:22:31,27,10,3888.75,-1748
2022-09-19 13:22:32,69,50,3889.0,-1698
2022-09-19 13:22:33,56,-7,3888.75,-1705
2022-09-19 13:22:34,2,2,3888.75,-1703
2022-09-19 13:22:35,22,7,3888.75,-1696
2022-09-19 13:22:36,15,-2,3888.75,-1698
2022-09-19 13:22:37,7,7,3889.0,-1691
2022-09-19 13:22:38,25,-14,3889.0,-1705
2022-09-19 13:22:39,15,1,3888.75,-1704
2022-09-19 13:22:40,2,2,3888.75,-1702
2022-09-19 13:22:41,72,0,3889.25,-1702
2022-09-19 13:22:42,7,-1,3889.25,-1703
2022-09-19 13:22:43,57,-11,3889.25,-1714
2022-09-19 13:22:44,53,-14,3889.5,-1728
2022-09-19 13:22:45,71,-12,3889.25,-1740
2022-09-19 13:22:46,4,0,3889.0,-1740
2022-09-19 13:22:47,5,0,3889.0,-1740
2022-09-19 13:22:48,3,1,3889.0,-1739
2022-09-19 13:22:49,2,0,3889.0,-1739
2022-09-19 13:22:50,1,-1,3888.75,-1740
2022-09-19 13:22:52,1,1,3889.0,-1739
2022-09-19 13:22:53,80,-8,3889.0,-1747
2022-09-19 13:22:54,47,-19,3888.75,-1766
2022-09-19 13:22:55,16,-2,3888.5,-1768
2022-09-19 13:22:56,2,-1,3888.25,-1769
2022-09-19 13:22:57,4,-4,3888.25,-1773
2022-09-19 13:22:58,108,-16,3888.25,-1789
2022-09-19 13:22:59,29,7,3888.25,-1782
2022-09-19 13:23:00,18,11,3888.5,-1771
2022-09-19 13:23:01,2,2,3888.75,-1769
2022-09-19 13:23:02,79,5,3888.5,-1764
2022-09-19 13:23:03,7,-5,3888.75,-1769
2022-09-19 13:23:04,5,1,3888.5,-1768
2022-09-19 13:23:05,45,-6,3888.25,-1774
2022-09-19 13:23:06,24,-2,3888.0,-1776
2022-09-19 13:23:07,25,-3,3888.25,-1779
2022-09-19 13:23:08,32,4,3888.5,-1775
2022-09-19 13:23:09,25,-6,3888.5,-1781
2022-09-19 13:23:10,2,-2,3888.25,-1783
2022-09-19 13:23:11,1,-1,3888.25,-1784
2022-09-19 13:23:12,36,-7,3888.25,-1791
2022-09-19 13:23:13,11,8,3888.5,-1783
2022-09-19 13:23:14,7,-7,3888.5,-1790
2022-09-19 13:23:15,20,10,3888.5,-1780
2022-09-19 13:23:16,42,-18,3888.5,-1798
2022-09-19 13:23:17,5,5,3888.5,-1793
2022-09-19 13:23:18,13,-8,3888.5,-1801
2022-09-19 13:23:19,2,-2,3888.25,-1803
2022-09-19 13:23:21,35,-19,3888.25,-1822
2022-09-19 13:23:22,21,14,3888.25,-1808
2022-09-19 13:23:24,27,0,3888.5,-1808
2022-09-19 13:23:26,39,-3,3888.5,-1811
2022-09-19 13:23:27,31,2,3888.75,-1809
2022-09-19 13:23:28,43,-3,3888.75,-1812
2022-09-19 13:23:29,22,7,3889.0,-1805
2022-09-19 13:23:30,45,-5,3889.0,-1810
2022-09-19 13:23:31,7,7,3888.75,-1803
2022-09-19 13:23:32,28,9,3889.0,-1794
2022-09-19 13:23:33,366,-31,3889.0,-1825
2022-09-19 13:23:34,475,-16,3889.0,-1841
2022-09-19 13:23:35,154,-2,3889.25,-1843
2022-09-19 13:23:36,26,-9,3889.0,-1852
2022-09-19 13:23:37,76,21,3889.25,-1831
2022-09-19 13:23:38,26,-7,3889.5,-1838
2022-09-19 13:23:39,6,-3,3889.5,-1841
2022-09-19 13:23:40,49,27,3889.75,-1814
2022-09-19 13:23:41,6,6,3889.5,-1808
2022-09-19 13:23:42,15,6,3889.5,-1802
2022-09-19 13:23:43,5,1,3889.5,-1801
2022-09-19 13:23:44,36,-3,3889.25,-1804
2022-09-19 13:23:45,34,-17,3889.25,-1821
2022-09-19 13:23:46,4,-3,3889.0,-1824
2022-09-19 13:23:47,20,19,3889.25,-1805
2022-09-19 13:23:48,10,5,3889.25,-1800
2022-09-19 13:23:49,19,-6,3889.0,-1806
2022-09-19 13:23:50,11,1,3889.0,-1805
2022-09-19 13:23:51,60,13,3889.5,-1792
2022-09-19 13:23:52,2,-1,3889.25,-1793
2022-09-19 13:23:53,8,0,3889.5,-1793
2022-09-19 13:23:54,66,3,3889.5,-1790
2022-09-19 13:23:55,14,-9,3889.5,-1799
2022-09-19 13:23:56,51,-10,3889.75,-1809
2022-09-19 13:23:57,14,5,3889.5,-1804
2022-09-19 13:23:58,170,129,3890.0,-1675
2022-09-19 13:23:59,72,-2,3890.0,-1677
2022-09-19 13:24:00,47,7,3890.0,-1670
2022-09-19 13:24:01,3,1,3890.0,-1669
2022-09-19 13:24:02,22,-17,3890.0,-1686
2022-09-19 13:24:03,25,-3,3889.75,-1689
2022-09-19 13:24:04,48,6,3889.75,-1683
2022-09-19 13:24:05,41,-6,3889.75,-1689
2022-09-19 13:24:06,367,160,3890.25,-1529
2022-09-19 13:24:07,83,-4,3890.0,-1533
2022-09-19 13:24:08,29,-17,3890.0,-1550
2022-09-19 13:24:09,28,14,3889.75,-1536
2022-09-19 13:24:10,5,-2,3889.75,-1538
2022-09-19 13:24:11,61,-4,3889.5,-1542
2022-09-19 13:24:12,2,0,3889.75,-1542
2022-09-19 13:24:13,17,-3,3889.5,-1545
2022-09-19 13:24:14,1,-1,3889.5,-1546
2022-09-19 13:24:15,14,-5,3889.75,-1551
2022-09-19 13:24:16,24,-3,3889.75,-1554
2022-09-19 13:24:18,29,-14,3889.5,-1568
2022-09-19 13:24:20,124,52,3889.75,-1516
2022-09-19 13:24:21,4,-3,3889.25,-1519
2022-09-19 13:24:22,3,3,3889.5,-1516
2022-09-19 13:24:23,38,3,3889.25,-1513
2022-09-19 13:24:24,45,2,3889.75,-1511
2022-09-19 13:24:26,17,-11,3889.25,-1522
2022-09-19 13:24:27,34,-16,3889.25,-1538
2022-09-19 13:24:28,26,4,3889.25,-1534
2022-09-19 13:24:29,11,-2,3889.25,-1536
2022-09-19 13:24:30,3,3,3889.5,-1533
2022-09-19 13:24:31,5,-5,3889.25,-1538
2022-09-19 13:24:32,50,22,3889.75,-1516
2022-09-19 13:24:33,26,-5,3889.75,-1521
2022-09-19 13:24:34,4,2,3890.0,-1519
2022-09-19 13:24:35,6,-6,3889.75,-1525
2022-09-19 13:24:36,12,-5,3889.75,-1530
2022-09-19 13:24:37,21,12,3889.75,-1518
2022-09-19 13:24:39,4,-2,3889.75,-1520
2022-09-19 13:24:40,30,4,3890.0,-1516
2022-09-19 13:24:41,13,9,3890.0,-1507
2022-09-19 13:24:42,168,49,3890.5,-1458
2022-09-19 13:24:43,158,-3,3890.75,-1461
2022-09-19 13:24:44,38,7,3890.25,-1454
2022-09-19 13:24:45,36,-5,3890.5,-1459
2022-09-19 13:24:46,14,-1,3890.5,-1460
2022-09-19 13:24:47,48,-7,3890.5,-1467
2022-09-19 13:24:48,25,3,3890.25,-1464
2022-09-19 13:24:49,79,34,3890.75,-1430
2022-09-19 13:24:50,67,17,3890.75,-1413
2022-09-19 13:24:51,332,-10,3890.75,-1423
2022-09-19 13:24:52,1,-1,3890.5,-1424
2022-09-19 13:24:53,3,2,3890.75,-1422
2022-09-19 13:24:54,5,5,3890.75,-1417
2022-09-19 13:24:55,56,1,3890.75,-1416
2022-09-19 13:24:56,54,0,3891.0,-1416
2022-09-19 13:24:57,10,7,3891.0,-1409
2022-09-19 13:24:58,19,4,3891.0,-1405
2022-09-19 13:24:59,36,-1,3891.0,-1406
2022-09-19 13:25:00,51,22,3891.0,-1384
2022-09-19 13:25:01,28,8,3891.0,-1376
2022-09-19 13:25:02,111,15,3891.0,-1361
2022-09-19 13:25:03,22,-6,3890.75,-1367
2022-09-19 13:25:04,25,0,3890.75,-1367
2022-09-19 13:25:05,80,-23,3890.75,-1390
2022-09-19 13:25:06,41,0,3890.75,-1390
2022-09-19 13:25:07,27,-4,3890.75,-1394
2022-09-19 13:25:08,205,35,3891.0,-1359
2022-09-19 13:25:09,62,30,3891.5,-1329
2022-09-19 13:25:10,11,-1,3891.5,-1330
2022-09-19 13:25:11,136,37,3892.0,-1293
2022-09-19 13:25:12,9,-2,3891.75,-1295
2022-09-19 13:25:13,44,-14,3891.75,-1309
2022-09-19 13:25:14,14,-5,3891.75,-1314
2022-09-19 13:25:15,55,-35,3891.5,-1349
2022-09-19 13:25:16,69,-3,3891.25,-1352
2022-09-19 13:25:17,65,-19,3890.5,-1371
2022-09-19 13:25:18,61,10,3891.0,-1361
2022-09-19 13:25:19,60,-11,3890.75,-1372
2022-09-19 13:25:20,16,1,3890.5,-1371
2022-09-19 13:25:22,29,6,3890.75,-1365
2022-09-19 13:25:24,36,-4,3890.75,-1369
2022-09-19 13:25:25,98,5,3891.0,-1364
2022-09-19 13:25:26,6,0,3891.0,-1364
2022-09-19 13:25:27,39,19,3891.0,-1345
2022-09-19 13:25:28,2,-1,3891.0,-1346
2022-09-19 13:25:29,2,2,3891.25,-1344
2022-09-19 13:25:30,31,-4,3891.0,-1348
2022-09-19 13:25:31,25,-17,3890.75,-1365
2022-09-19 13:25:32,3,-1,3890.75,-1366
2022-09-19 13:25:33,16,-9,3890.5,-1375
2022-09-19 13:25:34,36,3,3890.5,-1372
2022-09-19 13:25:35,22,-13,3890.25,-1385
2022-09-19 13:25:36,10,-5,3890.25,-1390
2022-09-19 13:25:37,53,-10,3890.0,-1400
2022-09-19 13:25:38,35,-6,3890.0,-1406
2022-09-19 13:25:39,2,-2,3889.75,-1408
2022-09-19 13:25:40,38,-10,3889.75,-1418
2022-09-19 13:25:41,64,13,3890.0,-1405
2022-09-19 13:25:42,4,-4,3889.75,-1409
2022-09-19 13:25:43,15,-6,3890.0,-1415
2022-09-19 13:25:44,32,17,3890.5,-1398
2022-09-19 13:25:45,40,9,3890.5,-1389
2022-09-19 13:25:46,28,-11,3890.5,-1400
2022-09-19 13:25:47,16,2,3890.5,-1398
2022-09-19 13:25:48,13,9,3890.75,-1389
2022-09-19 13:25:49,2,2,3890.75,-1387
2022-09-19 13:25:50,23,-8,3890.5,-1395
2022-09-19 13:25:51,16,4,3890.5,-1391
2022-09-19 13:25:52,4,-4,3890.5,-1395
2022-09-19 13:25:53,4,4,3890.5,-1391
2022-09-19 13:25:55,22,-12,3890.25,-1403
2022-09-19 13:25:56,21,1,3890.25,-1402
2022-09-19 13:25:57,12,6,3890.5,-1396
2022-09-19 13:25:58,28,10,3890.75,-1386
2022-09-19 13:25:59,3,-2,3890.5,-1388
2022-09-19 13:26:00,14,3,3890.75,-1385
2022-09-19 13:26:01,14,-5,3890.75,-1390
2022-09-19 13:26:02,30,-8,3890.5,-1398
2022-09-19 13:26:03,16,4,3890.75,-1394
2022-09-19 13:26:04,2,2,3891.0,-1392
2022-09-19 13:26:05,81,11,3891.0,-1381
2022-09-19 13:26:06,14,4,3890.75,-1377
2022-09-19 13:26:07,103,27,3891.5,-1350
2022-09-19 13:26:08,37,3,3891.0,-1347
2022-09-19 13:26:09,13,-3,3891.0,-1350
2022-09-19 13:26:10,12,-6,3890.75,-1356
2022-09-19 13:26:11,15,7,3890.75,-1349
2022-09-19 13:26:12,1,1,3890.75,-1348
2022-09-19 13:26:13,14,-6,3890.5,-1354
2022-09-19 13:26:15,14,9,3890.75,-1345
2022-09-19 13:26:16,1,-1,3890.5,-1346
2022-09-19 13:26:19,49,-7,3890.5,-1353
2022-09-19 13:26:20,18,-1,3890.25,-1354
2022-09-19 13:26:21,40,-1,3890.25,-1355
2022-09-19 13:26:22,6,0,3890.25,-1355
2022-09-19 13:26:23,20,15,3890.25,-1340
2022-09-19 13:26:24,2,0,3890.25,-1340
2022-09-19 13:26:25,82,33,3890.75,-1307
2022-09-19 13:26:26,35,-14,3890.75,-1321
2022-09-19 13:26:27,31,10,3891.0,-1311
2022-09-19 13:26:28,1,1,3891.0,-1310
2022-09-19 13:26:30,32,16,3891.0,-1294
2022-09-19 13:26:31,167,59,3891.75,-1235
2022-09-19 13:26:32,292,44,3892.25,-1191
2022-09-19 13:26:33,70,-14,3892.25,-1205
2022-09-19 13:26:34,1,1,3892.0,-1204
2022-09-19 13:26:35,9,3,3892.0,-1201
2022-09-19 13:26:36,37,7,3892.0,-1194
2022-09-19 13:26:37,4,1,3892.0,-1193
2022-09-19 13:26:38,29,-12,3892.0,-1205
2022-09-19 13:26:39,7,5,3892.0,-1200
2022-09-19 13:26:40,35,2,3892.25,-1198
2022-09-19 13:26:41,37,5,3892.25,-1193
2022-09-19 13:26:42,12,8,3892.25,-1185
2022-09-19 13:26:43,189,43,3892.75,-1142
2022-09-19 13:26:44,45,12,3892.75,-1130
2022-09-19 13:26:45,27,7,3892.5,-1123
2022-09-19 13:26:46,11,5,3892.5,-1118
2022-09-19 13:26:47,34,-1,3892.5,-1119
2022-09-19 13:26:48,6,-2,3892.5,-1121
2022-09-19 13:26:49,30,-11,3892.25,-1132
2022-09-19 13:26:50,66,2,3892.0,-1130
2022-09-19 13:26:51,12,-8,3892.0,-1138
2022-09-19 13:26:52,51,-11,3891.75,-1149
2022-09-19 13:26:53,6,-3,3891.75,-1152
2022-09-19 13:26:54,42,-6,3891.75,-1158
2022-09-19 13:26:55,8,-5,3891.5,-1163
2022-09-19 13:26:56,2,2,3891.75,-1161
2022-09-19 13:26:57,46,3,3891.75,-1158
2022-09-19 13:26:58,49,-10,3891.5,-1168
2022-09-19 13:26:59,40,-14,3891.25,-1182
2022-09-19 13:27:00,20,6,3891.5,-1176
2022-09-19 13:27:01,16,-2,3891.5,-1178
2022-09-19 13:27:02,7,-5,3891.25,-1183
2022-09-19 13:27:03,42,5,3891.25,-1178
2022-09-19 13:27:05,28,16,3891.25,-1162
2022-09-19 13:27:06,2,0,3891.5,-1162
2022-09-19 13:27:07,29,1,3891.5,-1161
2022-09-19 13:27:08,36,-2,3891.25,-1163
2022-09-19 13:27:09,193,-28,3891.0,-1191
2022-09-19 13:27:10,36,-6,3890.75,-1197
2022-09-19 13:27:11,23,-11,3890.5,-1208
2022-09-19 13:27:12,7,-6,3890.5,-1214
2022-09-19 13:27:13,31,6,3891.0,-1208
2022-09-19 13:27:14,51,-7,3891.0,-1215
2022-09-19 13:27:15,42,6,3891.25,-1209
2022-09-19 13:27:16,7,2,3891.0,-1207
2022-09-19 13:27:18,111,63,3891.25,-1144
2022-09-19 13:27:19,14,9,3891.25,-1135
2022-09-19 13:27:20,10,2,3891.25,-1133
2022-09-19 13:27:21,5,5,3891.5,-1128
2022-09-19 13:27:22,56,20,3891.75,-1108
2022-09-19 13:27:23,19,-6,3891.75,-1114
2022-09-19 13:27:24,20,3,3891.75,-1111
2022-09-19 13:27:25,50,-8,3891.5,-1119
2022-09-19 13:27:26,5,-2,3891.25,-1121
2022-09-19 13:27:27,31,-3,3891.25,-1124
2022-09-19 13:27:29,4,1,3891.5,-1123
2022-09-19 13:27:31,2,2,3891.5,-1121
2022-09-19 13:27:32,19,9,3891.5,-1112
2022-09-19 13:27:33,9,-6,3891.5,-1118
2022-09-19 13:27:34,21,-6,3891.5,-1124
2022-09-19 13:27:35,41,4,3891.75,-1120
2022-09-19 13:27:36,15,-2,3892.0,-1122
2022-09-19 13:27:37,8,3,3891.75,-1119
2022-09-19 13:27:38,13,-1,3891.75,-1120
2022-09-19 13:27:39,24,-16,3891.5,-1136
2022-09-19 13:27:40,88,27,3891.5,-1109
2022-09-19 13:27:41,2,2,3891.5,-1107
2022-09-19 13:27:43,8,-6,3891.25,-1113
2022-09-19 13:27:44,2,0,3891.5,-1113
2022-09-19 13:27:45,2,-2,3891.25,-1115
2022-09-19 13:27:47,53,6,3891.75,-1109
2022-09-19 13:27:48,1,-1,3891.75,-1110
2022-09-19 13:27:49,27,23,3892.0,-1087
2022-09-19 13:27:50,55,-10,3892.25,-1097
2022-09-19 13:27:51,11,7,3892.0,-1090
2022-09-19 13:27:52,15,1,3892.0,-1089
2022-09-19 13:27:53,64,15,3892.25,-1074
2022-09-19 13:27:54,7,5,3892.25,-1069
2022-09-19 13:27:55,63,-21,3892.25,-1090
2022-09-19 13:27:56,29,-15,3891.75,-1105
2022-09-19 13:27:57,22,-7,3891.5,-1112
2022-09-19 13:27:59,27,-16,3891.25,-1128
2022-09-19 13:28:00,1,1,3891.5,-1127
2022-09-19 13:28:01,35,-7,3891.25,-1134
2022-09-19 13:28:02,40,-4,3891.0,-1138
2022-09-19 13:28:03,74,-13,3891.0,-1151
2022-09-19 13:28:04,9,-6,3890.75,-1157
2022-09-19 13:28:05,4,-1,3890.75,-1158
2022-09-19 13:28:06,43,3,3890.75,-1155
2022-09-19 13:28:07,83,3,3890.75,-1152
2022-09-19 13:28:08,18,8,3890.75,-1144
2022-09-19 13:28:09,34,0,3891.25,-1144
2022-09-19 13:28:10,14,4,3891.25,-1140
2022-09-19 13:28:11,68,-2,3891.0,-1142
2022-09-19 13:28:12,19,2,3891.0,-1140
2022-09-19 13:28:13,1,-1,3891.0,-1141
2022-09-19 13:28:15,80,2,3891.75,-1139
2022-09-19 13:28:16,68,-31,3891.75,-1170
2022-09-19 13:28:17,2,2,3891.75,-1168
2022-09-19 13:28:18,9,7,3891.75,-1161
2022-09-19 13:28:19,45,22,3892.25,-1139
2022-09-19 13:28:20,3,-3,3892.0,-1142
2022-09-19 13:28:21,72,-20,3892.0,-1162
2022-09-19 13:28:23,109,4,3892.5,-1158
2022-09-19 13:28:24,7,-3,3892.5,-1161
2022-09-19 13:28:25,17,-2,3892.25,-1163
2022-09-19 13:28:26,9,1,3892.0,-1162
2022-09-19 13:28:27,1,-1,3891.75,-1163
2022-09-19 13:28:28,27,7,3892.0,-1156
2022-09-19 13:28:30,1,1,3892.0,-1155
2022-09-19 13:28:31,55,3,3891.75,-1152
2022-09-19 13:28:32,19,-1,3891.5,-1153
2022-09-19 13:28:33,8,2,3891.75,-1151
2022-09-19 13:28:34,1,1,3891.75,-1150
2022-09-19 13:28:35,57,-16,3891.5,-1166
2022-09-19 13:28:36,18,-1,3891.5,-1167
2022-09-19 13:28:37,22,3,3891.5,-1164
2022-09-19 13:28:38,27,-2,3891.5,-1166
2022-09-19 13:28:39,63,-1,3891.5,-1167
2022-09-19 13:28:40,16,-3,3891.5,-1170
2022-09-19 13:28:41,3,0,3891.75,-1170
2022-09-19 13:28:45,3,3,3891.75,-1167
2022-09-19 13:28:46,20,-12,3891.5,-1179
2022-09-19 13:28:47,47,13,3891.5,-1166
2022-09-19 13:28:48,28,-4,3891.5,-1170
2022-09-19 13:28:49,3,1,3891.5,-1169
2022-09-19 13:28:50,101,-52,3891.75,-1221
2022-09-19 13:28:51,58,-31,3891.5,-1252
2022-09-19 13:28:52,1,1,3891.5,-1251
2022-09-19 13:28:55,26,21,3891.75,-1230
2022-09-19 13:28:56,25,-9,3891.75,-1239
2022-09-19 13:28:57,39,15,3892.0,-1224
2022-09-19 13:28:58,69,-3,3891.75,-1227
2022-09-19 13:28:59,91,2,3891.75,-1225
2022-09-19 13:29:00,48,15,3892.0,-1210
2022-09-19 13:29:01,1,-1,3891.75,-1211
2022-09-19 13:29:02,2,2,3892.0,-1209
2022-09-19 13:29:03,2,2,3892.0,-1207
2022-09-19 13:29:04,3,3,3892.0,-1204
2022-09-19 13:29:06,78,-5,3892.0,-1209
2022-09-19 13:29:07,15,-6,3891.75,-1215
2022-09-19 13:29:08,41,15,3891.75,-1200
2022-09-19 13:29:09,10,-6,3891.75,-1206
2022-09-19 13:29:11,56,12,3891.5,-1194
2022-09-19 13:29:12,8,-4,3891.5,-1198
2022-09-19 13:29:13,97,28,3891.75,-1170
2022-09-19 13:29:14,14,-9,3892.0,-1179
2022-09-19 13:29:15,22,-8,3891.75,-1187
2022-09-19 13:29:16,46,17,3892.0,-1170
2022-09-19 13:29:17,8,0,3892.0,-1170
2022-09-19 13:29:18,10,7,3892.0,-1163
2022-09-19 13:29:19,40,28,3892.5,-1135
2022-09-19 13:29:20,128,5,3892.5,-1130
2022-09-19 13:29:21,13,11,3892.5,-1119
2022-09-19 13:29:22,15,-12,3892.5,-1131
2022-09-19 13:29:23,3,2,3892.5,-1129
2022-09-19 13:29:24,44,-6,3892.25,-1135
2022-09-19 13:29:25,2,-2,3892.25,-1137
2022-09-19 13:29:26,62,8,3892.5,-1129
2022-09-19 13:29:27,33,-4,3892.75,-1133
2022-09-19 13:29:28,22,-8,3892.75,-1141
2022-09-19 13:29:29,15,14,3892.75,-1127
2022-09-19 13:29:30,1,1,3892.75,-1126
2022-09-19 13:29:31,15,-7,3892.75,-1133
2022-09-19 13:29:32,1,1,3892.5,-1132
2022-09-19 13:29:33,26,0,3892.5,-1132
2022-09-19 13:29:34,13,-1,3892.5,-1133
2022-09-19 13:29:35,76,8,3892.75,-1125
2022-09-19 13:29:36,24,-11,3892.5,-1136
2022-09-19 13:29:37,116,92,3893.0,-1044
2022-09-19 13:29:38,57,21,3892.75,-1023
2022-09-19 13:29:39,1,-1,3892.5,-1024
2022-09-19 13:29:40,46,-4,3892.5,-1028
2022-09-19 13:29:41,5,-1,3892.5,-1029
2022-09-19 13:29:42,1,1,3892.5,-1028
2022-09-19 13:29:43,30,8,3892.5,-1020
2022-09-19 13:29:44,4,-4,3892.25,-1024
2022-09-19 13:29:45,40,-21,3892.25,-1045
2022-09-19 13:29:46,39,6,3892.5,-1039
2022-09-19 13:29:47,37,1,3892.5,-1038
2022-09-19 13:29:48,22,-3,3892.5,-1041
2022-09-19 13:29:49,21,3,3892.5,-1038
2022-09-19 13:29:50,33,0,3892.5,-1038
2022-09-19 13:29:51,9,5,3892.75,-1033
2022-09-19 13:29:52,1,1,3892.75,-1032
2022-09-19 13:29:54,77,-7,3892.5,-1039
2022-09-19 13:29:55,84,-20,3892.75,-1059
2022-09-19 13:29:56,16,-10,3892.5,-1069
2022-09-19 13:29:57,38,6,3892.75,-1063
2022-09-19 13:29:58,13,4,3893.0,-1059
2022-09-19 13:29:59,21,-8,3892.75,-1067
2022-09-19 13:30:00,139,14,3893.0,-1053
2022-09-19 13:30:01,57,-7,3893.0,-1060
2022-09-19 13:30:02,3,1,3893.0,-1059
2022-09-19 13:30:03,73,4,3893.0,-1055
2022-09-19 13:30:04,36,-12,3892.75,-1067
2022-09-19 13:30:05,3,1,3892.75,-1066
2022-09-19 13:30:06,23,-9,3892.75,-1075
2022-09-19 13:30:07,25,5,3892.5,-1070
2022-09-19 13:30:08,2,-2,3892.5,-1072
2022-09-19 13:30:09,45,-9,3892.75,-1081
2022-09-19 13:30:10,34,21,3892.75,-1060
2022-09-19 13:30:11,4,-2,3892.75,-1062
2022-09-19 13:30:12,4,0,3892.75,-1062
2022-09-19 13:30:13,21,-3,3892.5,-1065
2022-09-19 13:30:14,154,-14,3892.5,-1079
2022-09-19 13:30:15,32,1,3892.0,-1078
2022-09-19 13:30:16,51,1,3892.0,-1077
2022-09-19 13:30:17,24,0,3892.0,-1077
2022-09-19 13:30:18,4,0,3892.25,-1077
2022-09-19 13:30:19,17,-3,3892.0,-1080
2022-09-19 13:30:20,47,-9,3891.75,-1089
2022-09-19 13:30:21,27,-9,3891.5,-1098
2022-09-19 13:30:22,28,-13,3891.5,-1111
2022-09-19 13:30:23,36,-1,3891.5,-1112
2022-09-19 13:30:24,21,-1,3891.75,-1113
2022-09-19 13:30:25,7,-1,3891.75,-1114
2022-09-19 13:30:26,46,3,3891.5,-1111
2022-09-19 13:30:27,7,-7,3891.5,-1118
2022-09-19 13:30:28,21,7,3891.5,-1111
2022-09-19 13:30:29,2,-2,3891.25,-1113
2022-09-19 13:30:30,50,7,3891.5,-1106
2022-09-19 13:30:31,27,-1,3891.5,-1107
2022-09-19 13:30:32,1,-1,3891.25,-1108
2022-09-19 13:30:33,42,-12,3891.5,-1120
2022-09-19 13:30:34,20,0,3891.5,-1120
2022-09-19 13:30:35,5,2,3891.75,-1118
2022-09-19 13:30:36,2,-2,3891.5,-1120
2022-09-19 13:30:37,19,-14,3891.5,-1134
2022-09-19 13:30:38,8,4,3891.75,-1130
2022-09-19 13:30:40,15,-13,3891.5,-1143
2022-09-19 13:30:41,39,14,3891.5,-1129
2022-09-19 13:30:42,71,23,3892.25,-1106
2022-09-19 13:30:43,16,7,3892.25,-1099
2022-09-19 13:30:44,34,-9,3892.0,-1108
2022-09-19 13:30:45,25,3,3892.25,-1105
2022-09-19 13:30:46,3,1,3892.25,-1104
2022-09-19 13:30:47,221,41,3893.0,-1063
2022-09-19 13:30:48,3,-1,3893.0,-1064
2022-09-19 13:30:49,22,-11,3892.75,-1075
2022-09-19 13:30:50,30,3,3892.5,-1072
2022-09-19 13:30:51,17,0,3892.5,-1072
2022-09-19 13:30:52,1,1,3892.75,-1071
2022-09-19 13:30:53,92,21,3892.75,-1050
2022-09-19 13:30:55,32,5,3892.75,-1045
2022-09-19 13:30:56,19,-5,3892.75,-1050
2022-09-19 13:30:57,31,-1,3892.75,-1051
2022-09-19 13:30:58,29,4,3892.5,-1047
2022-09-19 13:30:59,5,3,3892.5,-1044
2022-09-19 13:31:00,49,14,3892.5,-1030
2022-09-19 13:31:01,17,-6,3892.25,-1036
2022-09-19 13:31:02,21,6,3892.25,-1030
2022-09-19 13:31:03,4,-3,3892.25,-1033
2022-09-19 13:31:04,56,-8,3892.25,-1041
2022-09-19 13:31:05,4,1,3892.5,-1040
2022-09-19 13:31:06,1,-1,3892.25,-1041
2022-09-19 13:31:07,40,-19,3892.25,-1060
2022-09-19 13:31:09,53,10,3892.25,-1050
2022-09-19 13:31:10,33,1,3892.0,-1049
2022-09-19 13:31:12,58,-3,3892.0,-1052
2022-09-19 13:31:13,41,-8,3892.0,-1060
2022-09-19 13:31:14,3,1,3892.0,-1059
2022-09-19 13:31:15,2,-1,3891.75,-1060
2022-09-19 13:31:16,96,-12,3891.75,-1072
2022-09-19 13:31:17,7,-7,3891.75,-1079
2022-09-19 13:31:19,75,-13,3891.75,-1092
2022-09-19 13:31:20,10,-1,3891.5,-1093
2022-09-19 13:31:21,6,-2,3891.5,-1095
2022-09-19 13:31:22,17,13,3891.75,-1082
2022-09-19 13:31:23,3,-3,3891.75,-1085
2022-09-19 13:31:24,23,0,3891.75,-1085
2022-09-19 13:31:25,3,-1,3891.75,-1086
2022-09-19 13:31:26,2,0,3891.75,-1086
2022-09-19 13:31:27,29,-10,3891.5,-1096
2022-09-19 13:31:28,60,-15,3891.25,-1111
2022-09-19 13:31:29,51,14,3891.5,-1097
2022-09-19 13:31:30,186,-49,3891.5,-1146
2022-09-19 13:31:31,2,-2,3891.0,-1148
2022-09-19 13:31:32,37,8,3891.25,-1140
2022-09-19 13:31:33,24,-10,3891.25,-1150
2022-09-19 13:31:34,14,-6,3891.25,-1156
2022-09-19 13:31:35,30,2,3891.0,-1154
2022-09-19 13:31:36,20,6,3891.0,-1148
2022-09-19 13:31:37,40,4,3891.0,-1144
2022-09-19 13:31:38,36,6,3891.0,-1138
2022-09-19 13:31:39,46,-26,3891.0,-1164
2022-09-19 13:31:40,2,2,3891.0,-1162
2022-09-19 13:31:41,44,1,3891.0,-1161
2022-09-19 13:31:42,40,10,3891.0,-1151
2022-09-19 13:31:43,10,6,3891.0,-1145
2022-09-19 13:31:44,3,-1,3891.0,-1146
2022-09-19 13:31:45,53,0,3891.0,-1146
2022-09-19 13:31:46,15,4,3891.0,-1142
2022-09-19 13:31:48,9,-7,3891.0,-1149
2022-09-19 13:31:49,16,8,3891.0,-1141
2022-09-19 13:31:50,115,-43,3890.75,-1184
2022-09-19 13:31:51,19,-9,3890.5,-1193
2022-09-19 13:31:52,5,2,3890.5,-1191
2022-09-19 13:31:53,86,-18,3890.25,-1209
2022-09-19 13:31:54,71,-24,3890.25,-1233
2022-09-19 13:31:55,27,-21,3890.0,-1254
2022-09-19 13:31:56,36,10,3890.0,-1244
2022-09-19 13:31:57,3,1,3890.25,-1243
2022-09-19 13:31:58,5,-4,3890.0,-1247
2022-09-19 13:31:59,4,1,3890.25,-1246
2022-09-19 13:32:00,46,-27,3890.25,-1273
2022-09-19 13:32:01,11,2,3890.0,-1271
2022-09-19 13:32:02,73,0,3890.0,-1271
2022-09-19 13:32:03,61,10,3890.0,-1261
2022-09-19 13:32:04,87,-12,3890.0,-1273
2022-09-19 13:32:05,10,-3,3890.0,-1276
2022-09-19 13:32:06,9,-7,3889.75,-1283
2022-09-19 13:32:07,2,-2,3889.75,-1285
2022-09-19 13:32:08,43,11,3890.0,-1274
2022-09-19 13:32:09,2,-2,3890.0,-1276
2022-09-19 13:32:10,4,-3,3890.0,-1279
2022-09-19 13:32:11,63,-5,3890.25,-1284
2022-09-19 13:32:12,22,7,3890.25,-1277
2022-09-19 13:32:13,3,2,3890.25,-1275
2022-09-19 13:32:14,1,1,3890.25,-1274
2022-09-19 13:32:15,29,18,3890.25,-1256
2022-09-19 13:32:16,82,14,3890.5,-1242
2022-09-19 13:32:17,51,14,3890.75,-1228
2022-09-19 13:32:18,59,-8,3890.5,-1236
2022-09-19 13:32:20,30,-8,3890.5,-1244
2022-09-19 13:32:21,29,-7,3890.75,-1251
2022-09-19 13:32:22,7,1,3890.25,-1250
2022-09-19 13:32:23,2,-2,3890.0,-1252
2022-09-19 13:32:24,41,11,3890.25,-1241
2022-09-19 13:32:25,1,-1,3890.25,-1242
2022-09-19 13:32:26,23,1,3890.25,-1241
2022-09-19 13:32:27,33,-4,3890.5,-1245
2022-09-19 13:32:28,7,-7,3890.25,-1252
2022-09-19 13:32:31,1,1,3890.25,-1251
2022-09-19 13:32:32,143,-25,3890.0,-1276
2022-09-19 13:32:33,1,-1,3889.75,-1277
2022-09-19 13:32:34,219,-76,3890.0,-1353
2022-09-19 13:32:35,4,2,3889.75,-1351
2022-09-19 13:32:36,27,-2,3889.5,-1353
2022-09-19 13:32:37,4,-4,3889.5,-1357
2022-09-19 13:32:38,52,5,3889.5,-1352
2022-09-19 13:32:39,20,-3,3889.5,-1355
2022-09-19 13:32:40,8,1,3889.5,-1354
2022-09-19 13:32:41,14,-6,3889.5,-1360
2022-09-19 13:32:42,58,23,3890.0,-1337
2022-09-19 13:32:43,51,11,3890.25,-1326
2022-09-19 13:32:44,46,-1,3890.25,-1327
2022-09-19 13:32:45,29,-1,3890.25,-1328
2022-09-19 13:32:46,7,-4,3890.0,-1332
2022-09-19 13:32:47,25,6,3890.25,-1326
2022-09-19 13:32:48,6,-1,3890.25,-1327
2022-09-19 13:32:49,29,1,3890.0,-1326
2022-09-19 13:32:50,21,-3,3890.0,-1329
2022-09-19 13:32:51,54,19,3890.25,-1310
2022-09-19 13:32:52,15,-11,3890.0,-1321
2022-09-19 13:32:53,1,1,3890.0,-1320
2022-09-19 13:32:54,27,19,3890.0,-1301
2022-09-19 13:32:55,21,17,3890.25,-1284
2022-09-19 13:32:56,60,2,3890.0,-1282
2022-09-19 13:32:58,30,-4,3890.25,-1286
2022-09-19 13:32:59,37,9,3890.25,-1277
2022-09-19 13:33:00,33,-11,3890.25,-1288
2022-09-19 13:33:01,21,0,3890.0,-1288
2022-09-19 13:33:02,44,5,3889.75,-1283
2022-09-19 13:33:04,29,-23,3889.5,-1306
2022-09-19 13:33:05,78,-10,3889.25,-1316
2022-09-19 13:33:06,49,-35,3889.25,-1351
2022-09-19 13:33:07,56,15,3889.0,-1336
2022-09-19 13:33:08,35,5,3889.0,-1331
2022-09-19 13:33:09,28,-2,3889.0,-1333
2022-09-19 13:33:10,56,-21,3889.0,-1354
2022-09-19 13:33:11,37,1,3889.0,-1353
2022-09-19 13:33:12,68,6,3889.0,-1347
2022-09-19 13:33:13,5,0,3889.0,-1347
2022-09-19 13:33:14,2,-2,3888.75,-1349
2022-09-19 13:33:15,59,4,3889.0,-1345
2022-09-19 13:33:16,33,-2,3888.75,-1347
2022-09-19 13:33:17,20,-13,3888.75,-1360
2022-09-19 13:33:18,314,-100,3888.5,-1460
2022-09-19 13:33:19,549,-115,3887.5,-1575
2022-09-19 13:33:20,76,22,3887.25,-1553
2022-09-19 13:33:21,127,7,3887.25,-1546
2022-09-19 13:33:22,85,-6,3887.25,-1552
2022-09-19 13:33:23,94,-3,3887.25,-1555
2022-09-19 13:33:24,37,12,3887.5,-1543
2022-09-19 13:33:25,82,25,3887.5,-1518
2022-09-19 13:33:26,68,16,3887.75,-1502
2022-09-19 13:33:27,267,2,3887.25,-1500
2022-09-19 13:33:28,173,30,3887.25,-1470
2022-09-19 13:33:29,133,-11,3887.0,-1481
2022-09-19 13:33:30,108,-1,3886.75,-1482
2022-09-19 13:33:31,105,-13,3886.5,-1495
2022-09-19 13:33:32,102,-5,3886.5,-1500
2022-09-19 13:33:33,7,-3,3886.5,-1503
2022-09-19 13:33:34,19,-15,3886.25,-1518
2022-09-19 13:33:35,64,10,3886.5,-1508
2022-09-19 13:33:36,51,-5,3886.75,-1513
2022-09-19 13:33:37,23,-9,3886.5,-1522
2022-09-19 13:33:38,61,-22,3886.5,-1544
2022-09-19 13:33:39,35,11,3886.75,-1533
2022-09-19 13:33:40,46,5,3886.75,-1528
2022-09-19 13:33:41,72,-16,3886.25,-1544
2022-09-19 13:33:42,50,0,3886.0,-1544
2022-09-19 13:33:43,41,9,3886.0,-1535
2022-09-19 13:33:44,113,-24,3886.0,-1559
2022-09-19 13:33:45,29,-8,3885.75,-1567
2022-09-19 13:33:46,138,-3,3886.25,-1570
2022-09-19 13:33:47,27,3,3886.25,-1567
2022-09-19 13:33:48,29,2,3886.5,-1565
2022-09-19 13:33:49,1,1,3886.5,-1564
2022-09-19 13:33:50,4,0,3886.5,-1564
2022-09-19 13:33:51,16,8,3886.5,-1556
2022-09-19 13:33:52,60,2,3886.5,-1554
2022-09-19 13:33:53,129,40,3887.0,-1514
2022-09-19 13:33:54,91,-13,3887.0,-1527
2022-09-19 13:33:55,186,23,3887.25,-1504
2022-09-19 13:33:56,27,7,3887.25,-1497
2022-09-19 13:33:57,6,6,3887.25,-1491
2022-09-19 13:33:58,16,10,3887.25,-1481
2022-09-19 13:33:59,136,32,3887.5,-1449
2022-09-19 13:34:00,233,-74,3887.25,-1523
2022-09-19 13:34:01,179,-60,3887.25,-1583
2022-09-19 13:34:02,10,3,3887.25,-1580
2022-09-19 13:34:03,6,-4,3887.0,-1584
2022-09-19 13:34:04,20,-19,3886.75,-1603
2022-09-19 13:34:05,76,-12,3886.75,-1615
2022-09-19 13:34:06,29,1,3886.5,-1614
2022-09-19 13:34:07,63,7,3886.5,-1607
2022-09-19 13:34:08,69,4,3886.5,-1603
2022-09-19 13:34:09,46,6,3886.75,-1597
2022-09-19 13:34:10,31,14,3886.75,-1583
2022-09-19 13:34:11,204,72,3886.75,-1511
2022-09-19 13:34:13,115,-28,3886.5,-1539
2022-09-19 13:34:14,60,13,3886.75,-1526
2022-09-19 13:34:15,60,-6,3886.75,-1532
2022-09-19 13:34:16,40,-4,3887.0,-1536
2022-09-19 13:34:17,10,-4,3887.0,-1540
2022-09-19 13:34:18,37,-7,3886.75,-1547
2022-09-19 13:34:19,63,-11,3886.5,-1558
2022-09-19 13:34:20,53,-3,3886.5,-1561
2022-09-19 13:34:21,24,1,3886.25,-1560
2022-09-19 13:34:22,21,-17,3886.25,-1577
2022-09-19 13:34:23,44,-2,3886.25,-1579
2022-09-19 13:34:24,21,-4,3886.25,-1583
2022-09-19 13:34:25,34,21,3886.5,-1562
2022-09-19 13:34:26,11,-4,3886.5,-1566
2022-09-19 13:34:27,8,0,3886.5,-1566
2022-09-19 13:34:28,2,2,3886.5,-1564
2022-09-19 13:34:29,31,-2,3886.5,-1566
2022-09-19 13:34:30,38,3,3886.75,-1563
2022-09-19 13:34:31,36,-13,3886.5,-1576
2022-09-19 13:34:32,3,-1,3886.25,-1577
2022-09-19 13:34:33,3,-3,3886.0,-1580
2022-09-19 13:34:34,15,6,3886.25,-1574
2022-09-19 13:34:35,27,3,3886.25,-1571
2022-09-19 13:34:36,1,-1,3886.0,-1572
2022-09-19 13:34:37,1,-1,3886.0,-1573
2022-09-19 13:34:38,77,-35,3886.0,-1608
2022-09-19 13:34:39,43,-2,3886.25,-1610
2022-09-19 13:34:40,75,-24,3886.0,-1634
2022-09-19 13:34:41,19,-11,3885.75,-1645
2022-09-19 13:34:42,131,-16,3885.75,-1661
2022-09-19 13:34:43,12,7,3885.75,-1654
2022-09-19 13:34:44,2,2,3885.75,-1652
2022-09-19 13:34:45,66,10,3885.75,-1642
2022-09-19 13:34:46,37,-6,3885.5,-1648
2022-09-19 13:34:47,22,1,3885.5,-1647
2022-09-19 13:34:48,15,-6,3885.5,-1653
2022-09-19 13:34:50,62,5,3885.75,-1648
2022-09-19 13:34:51,56,-10,3885.75,-1658
2022-09-19 13:34:52,77,-3,3885.75,-1661
2022-09-19 13:34:53,41,6,3886.0,-1655
2022-09-19 13:34:54,58,8,3886.0,-1647
2022-09-19 13:34:55,25,-18,3885.5,-1665
2022-09-19 13:34:56,1,1,3885.5,-1664
2022-09-19 13:34:57,3,-3,3885.25,-1667
2022-09-19 13:34:58,55,6,3885.5,-1661
2022-09-19 13:34:59,21,-6,3885.75,-1667
2022-09-19 13:35:00,39,-13,3885.75,-1680
2022-09-19 13:35:01,5,-3,3885.5,-1683
2022-09-19 13:35:02,116,26,3885.5,-1657
2022-09-19 13:35:03,14,-10,3885.5,-1667
2022-09-19 13:35:04,55,4,3885.25,-1663
2022-09-19 13:35:05,27,-13,3885.5,-1676
2022-09-19 13:35:06,57,25,3885.5,-1651
2022-09-19 13:35:07,67,-15,3885.25,-1666
2022-09-19 13:35:08,64,-23,3885.25,-1689
2022-09-19 13:35:09,60,-22,3885.0,-1711
2022-09-19 13:35:10,7,-7,3885.0,-1718
2022-09-19 13:35:11,44,-3,3885.0,-1721
2022-09-19 13:35:12,79,12,3885.25,-1709
2022-09-19 13:35:13,15,-7,3885.25,-1716
2022-09-19 13:35:14,2,0,3885.5,-1716
2022-09-19 13:35:15,12,-1,3885.5,-1717
2022-09-19 13:35:16,34,23,3885.5,-1694
2022-09-19 13:35:17,35,-9,3885.5,-1703
2022-09-19 13:35:18,13,-8,3885.5,-1711
2022-09-19 13:35:19,27,18,3885.75,-1693
2022-09-19 13:35:20,54,-8,3885.5,-1701
2022-09-19 13:35:21,11,3,3885.25,-1698
2022-09-19 13:35:22,21,-10,3885.0,-1708
2022-09-19 13:35:23,104,4,3885.75,-1704
2022-09-19 13:35:24,15,-2,3885.75,-1706
2022-09-19 13:35:25,77,25,3885.75,-1681
2022-09-19 13:35:26,119,-56,3885.75,-1737
2022-09-19 13:35:27,40,8,3885.75,-1729
2022-09-19 13:35:28,66,-8,3885.75,-1737
2022-09-19 13:35:29,13,-1,3885.75,-1738
2022-09-19 13:35:30,61,36,3886.25,-1702
2022-09-19 13:35:31,22,-1,3886.0,-1703
2022-09-19 13:35:32,4,4,3886.0,-1699
2022-09-19 13:35:33,11,10,3886.0,-1689
2022-09-19 13:35:34,5,-3,3886.0,-1692
2022-09-19 13:35:35,3,-1,3886.0,-1693
2022-09-19 13:35:36,2,0,3886.0,-1693
2022-09-19 13:35:37,4,2,3886.0,-1691
2022-09-19 13:35:38,123,47,3886.5,-1644
2022-09-19 13:35:39,80,-3,3886.75,-1647
2022-09-19 13:35:40,57,-12,3886.75,-1659
2022-09-19 13:35:41,187,36,3887.5,-1623
2022-09-19 13:35:42,62,2,3887.0,-1621
2022-09-19 13:35:43,44,-32,3886.75,-1653
2022-09-19 13:35:44,32,18,3886.75,-1635
2022-09-19 13:35:45,35,-6,3887.0,-1641
2022-09-19 13:35:46,10,8,3886.75,-1633
2022-09-19 13:35:47,25,-5,3886.5,-1638
2022-09-19 13:35:48,2,-2,3886.5,-1640
2022-09-19 13:35:49,49,5,3886.5,-1635
2022-09-19 13:35:50,146,-24,3886.75,-1659
2022-09-19 13:35:51,1,1,3886.5,-1658
2022-09-19 13:35:52,19,5,3886.5,-1653
2022-09-19 13:35:53,80,-9,3886.75,-1662
2022-09-19 13:35:54,16,-12,3886.25,-1674
2022-09-19 13:35:55,62,2,3886.0,-1672
2022-09-19 13:35:56,21,-5,3886.0,-1677
2022-09-19 13:35:57,17,1,3886.0,-1676
2022-09-19 13:35:58,5,1,3886.25,-1675
2022-09-19 13:36:00,43,-14,3886.25,-1689
2022-09-19 13:36:01,133,21,3886.25,-1668
2022-09-19 13:36:02,8,6,3886.0,-1662
2022-09-19 13:36:03,212,19,3886.25,-1643
2022-09-19 13:36:04,72,17,3886.0,-1626
2022-09-19 13:36:05,116,14,3886.25,-1612
2022-09-19 13:36:06,27,-14,3885.75,-1626
2022-09-19 13:36:07,80,-40,3885.5,-1666
2022-09-19 13:36:08,143,14,3885.25,-1652
2022-09-19 13:36:09,23,-4,3885.25,-1656
2022-09-19 13:36:10,1,1,3885.5,-1655
2022-09-19 13:36:11,12,-8,3885.25,-1663
2022-09-19 13:36:12,30,7,3885.25,-1656
2022-09-19 13:36:13,25,0,3885.5,-1656
2022-09-19 13:36:14,10,-4,3885.25,-1660
2022-09-19 13:36:15,93,-24,3885.0,-1684
2022-09-19 13:36:16,62,24,3884.75,-1660
2022-09-19 13:36:17,17,6,3884.75,-1654
2022-09-19 13:36:18,419,17,3884.75,-1637
2022-09-19 13:36:19,159,20,3884.75,-1617
2022-09-19 13:36:20,38,12,3884.75,-1605
2022-09-19 13:36:21,16,2,3884.75,-1603
2022-09-19 13:36:22,35,-6,3884.75,-1609
2022-09-19 13:36:23,55,-2,3885.0,-1611
2022-09-19 13:36:24,5,-3,3884.75,-1614
2022-09-19 13:36:25,20,14,3885.0,-1600
2022-09-19 13:36:27,45,9,3885.0,-1591
2022-09-19 13:36:28,9,-2,3885.0,-1593
2022-09-19 13:36:29,161,38,3884.75,-1555
2022-09-19 13:36:30,3,3,3884.75,-1552
2022-09-19 13:36:31,12,9,3884.75,-1543
2022-09-19 13:36:32,21,-4,3884.75,-1547
2022-09-19 13:36:33,62,-15,3884.75,-1562
2022-09-19 13:36:34,31,19,3885.0,-1543
2022-09-19 13:36:35,5,5,3885.0,-1538
2022-09-19 13:36:36,51,7,3885.0,-1531
2022-09-19 13:36:38,102,-20,3885.0,-1551
2022-09-19 13:36:39,55,-13,3884.75,-1564
2022-09-19 13:36:40,53,-21,3884.5,-1585
2022-09-19 13:36:41,186,32,3884.75,-1553
2022-09-19 13:36:42,121,9,3885.0,-1544
2022-09-19 13:36:43,286,-104,3884.75,-1648
2022-09-19 13:36:44,262,-60,3884.5,-1708
2022-09-19 13:36:45,57,8,3884.25,-1700
2022-09-19 13:36:46,134,35,3884.75,-1665
2022-09-19 13:36:47,2,0,3884.75,-1665
2022-09-19 13:36:48,280,10,3884.75,-1655
2022-09-19 13:36:49,10,2,3884.5,-1653
2022-09-19 13:36:50,11,-4,3884.5,-1657
2022-09-19 13:36:51,140,-66,3884.75,-1723
2022-09-19 13:36:52,32,7,3884.75,-1716
2022-09-19 13:36:53,1,-1,3884.75,-1717
2022-09-19 13:36:54,96,-12,3884.75,-1729
2022-09-19 13:36:55,13,-6,3885.0,-1735
2022-09-19 13:36:56,16,-10,3884.75,-1745
2022-09-19 13:36:57,25,3,3884.5,-1742
2022-09-19 13:36:58,53,-16,3884.25,-1758
2022-09-19 13:36:59,196,-22,3884.25,-1780
2022-09-19 13:37:00,74,-22,3884.0,-1802
2022-09-19 13:37:01,255,-89,3883.5,-1891
2022-09-19 13:37:02,56,12,3884.0,-1879
2022-09-19 13:37:03,82,-2,3884.0,-1881
2022-09-19 13:37:04,630,-254,3884.25,-2135
2022-09-19 13:37:05,108,7,3884.0,-2128
2022-09-19 13:37:06,29,-4,3884.0,-2132
2022-09-19 13:37:07,28,-3,3884.0,-2135
2022-09-19 13:37:08,51,-10,3884.0,-2145
2022-09-19 13:37:09,2,2,3883.75,-2143
2022-09-19 13:37:10,2,-2,3883.5,-2145
2022-09-19 13:37:11,5,-2,3883.75,-2147
2022-09-19 13:37:12,32,-1,3883.75,-2148
2022-09-19 13:37:13,3,-2,3883.75,-2150
2022-09-19 13:37:14,38,18,3884.0,-2132
2022-09-19 13:37:15,56,-11,3884.0,-2143
2022-09-19 13:37:16,12,-7,3883.75,-2150
2022-09-19 13:37:17,41,-7,3883.75,-2157
2022-09-19 13:37:18,144,-36,3883.5,-2193
2022-09-19 13:37:19,26,4,3883.25,-2189
2022-09-19 13:37:20,36,13,3883.25,-2176
2022-09-19 13:37:21,34,-7,3883.0,-2183
2022-09-19 13:37:22,97,-41,3882.75,-2224
2022-09-19 13:37:23,114,0,3883.0,-2224
2022-09-19 13:37:24,48,8,3883.0,-2216
2022-09-19 13:37:25,23,-16,3882.75,-2232
2022-09-19 13:37:26,214,-17,3882.75,-2249
2022-09-19 13:37:27,94,-75,3882.75,-2324
2022-09-19 13:37:28,8,-7,3882.5,-2331
2022-09-19 13:37:29,401,42,3882.75,-2289
2022-09-19 13:37:30,41,-3,3882.75,-2292
2022-09-19 13:37:31,332,-44,3882.25,-2336
2022-09-19 13:37:32,85,-2,3882.25,-2338
2022-09-19 13:37:33,240,18,3882.25,-2320
2022-09-19 13:37:34,58,1,3882.25,-2319
2022-09-19 13:37:35,7,-3,3882.5,-2322
2022-09-19 13:37:36,84,0,3882.25,-2322
2022-09-19 13:37:37,143,40,3882.5,-2282
2022-09-19 13:37:38,39,18,3882.5,-2264
2022-09-19 13:37:39,40,-12,3882.75,-2276
2022-09-19 13:37:40,1,1,3882.5,-2275
2022-09-19 13:37:41,336,-4,3882.5,-2279
2022-09-19 13:37:42,7,2,3882.5,-2277
2022-09-19 13:37:43,81,-7,3882.5,-2284
2022-09-19 13:37:44,18,13,3882.5,-2271
2022-09-19 13:37:45,85,37,3883.5,-2234
2022-09-19 13:37:46,37,-1,3883.5,-2235
2022-09-19 13:37:47,210,16,3883.75,-2219
2022-09-19 13:37:48,180,45,3884.5,-2174
2022-09-19 13:37:49,41,-4,3884.25,-2178
2022-09-19 13:37:50,9,-9,3883.75,-2187
2022-09-19 13:37:51,46,4,3883.75,-2183
2022-09-19 13:37:52,9,4,3883.75,-2179
2022-09-19 13:37:53,92,-4,3883.75,-2183
2022-09-19 13:37:54,55,24,3883.75,-2159
2022-09-19 13:37:55,225,4,3883.75,-2155
2022-09-19 13:37:56,183,-22,3883.5,-2177
2022-09-19 13:37:57,22,-14,3883.5,-2191
2022-09-19 13:37:58,129,-36,3883.25,-2227
2022-09-19 13:37:59,78,-1,3883.0,-2228
2022-09-19 13:38:00,177,-17,3883.0,-2245
2022-09-19 13:38:01,2,-2,3882.75,-2247
2022-09-19 13:38:02,13,4,3882.75,-2243
2022-09-19 13:38:03,5,-5,3882.75,-2248
2022-09-19 13:38:04,48,1,3883.0,-2247
2022-09-19 13:38:05,15,13,3883.25,-2234
2022-09-19 13:38:06,27,9,3883.25,-2225
2022-09-19 13:38:07,11,7,3883.25,-2218
2022-09-19 13:38:08,49,-1,3883.25,-2219
2022-09-19 13:38:09,10,10,3883.5,-2209
2022-09-19 13:38:10,69,-7,3883.75,-2216
2022-09-19 13:38:11,1,1,3883.75,-2215
2022-09-19 13:38:12,46,3,3883.75,-2212
2022-09-19 13:38:13,51,-4,3883.75,-2216
2022-09-19 13:38:14,4,-4,3883.5,-2220
2022-09-19 13:38:15,32,-14,3883.25,-2234
2022-09-19 13:38:16,6,4,3883.25,-2230
2022-09-19 13:38:17,63,9,3883.5,-2221
2022-09-19 13:38:18,177,15,3883.75,-2206
2022-09-19 13:38:19,6,4,3883.75,-2202
2022-09-19 13:38:20,34,6,3884.0,-2196
2022-09-19 13:38:21,35,11,3884.25,-2185
2022-09-19 13:38:22,656,149,3885.75,-2036
2022-09-19 13:38:23,114,18,3885.75,-2018
2022-09-19 13:38:24,48,-12,3885.5,-2030
2022-09-19 13:38:25,37,-2,3885.5,-2032
2022-09-19 13:38:26,14,11,3885.5,-2021
2022-09-19 13:38:27,27,4,3885.5,-2017
2022-09-19 13:38:28,21,7,3885.5,-2010
2022-09-19 13:38:29,12,8,3885.5,-2002
2022-09-19 13:38:30,38,-4,3885.5,-2006
2022-09-19 13:38:31,36,20,3885.5,-1986
2022-09-19 13:38:32,51,5,3885.75,-1981
2022-09-19 13:38:33,34,0,3886.0,-1981
2022-09-19 13:38:34,52,-13,3886.0,-1994
2022-09-19 13:38:35,34,16,3885.75,-1978
2022-09-19 13:38:36,32,5,3886.0,-1973
2022-09-19 13:38:37,38,35,3886.0,-1938
2022-09-19 13:38:38,117,27,3886.0,-1911
2022-09-19 13:38:39,23,1,3886.0,-1910
2022-09-19 13:38:40,43,22,3886.25,-1888
2022-09-19 13:38:41,25,2,3886.25,-1886
2022-09-19 13:38:42,55,-7,3886.25,-1893
2022-09-19 13:38:43,3,1,3886.25,-1892
2022-09-19 13:38:44,44,-13,3886.25,-1905
2022-09-19 13:38:45,14,-2,3886.25,-1907
2022-09-19 13:38:46,59,-9,3886.0,-1916
2022-09-19 13:38:47,79,-15,3885.75,-1931
2022-09-19 13:38:48,58,-3,3885.5,-1934
2022-09-19 13:38:49,39,-8,3885.5,-1942
2022-09-19 13:38:50,47,-9,3885.5,-1951
2022-09-19 13:38:51,24,2,3885.25,-1949
2022-09-19 13:38:53,31,-20,3885.25,-1969
2022-09-19 13:38:54,26,3,3885.25,-1966
2022-09-19 13:38:56,98,16,3885.25,-1950
2022-09-19 13:38:57,24,4,3885.25,-1946
2022-09-19 13:38:58,66,-10,3885.25,-1956
2022-09-19 13:38:59,35,-17,3885.0,-1973
2022-09-19 13:39:00,3,-1,3884.75,-1974
2022-09-19 13:39:01,122,25,3885.0,-1949
2022-09-19 13:39:02,2,0,3885.0,-1949
2022-09-19 13:39:03,57,2,3885.0,-1947
2022-09-19 13:39:04,51,1,3885.0,-1946
2022-09-19 13:39:05,17,17,3885.5,-1929
2022-09-19 13:39:06,30,-25,3885.25,-1954
2022-09-19 13:39:07,16,4,3885.25,-1950
2022-09-19 13:39:08,7,3,3885.0,-1947
2022-09-19 13:39:09,2,-2,3885.0,-1949
2022-09-19 13:39:10,26,-4,3885.25,-1953
2022-09-19 13:39:11,37,23,3885.75,-1930
2022-09-19 13:39:12,4,2,3885.75,-1928
2022-09-19 13:39:13,11,5,3885.75,-1923
2022-09-19 13:39:14,72,-7,3886.0,-1930
2022-09-19 13:39:15,15,-10,3886.0,-1940
2022-09-19 13:39:16,74,-9,3885.75,-1949
2022-09-19 13:39:17,32,-7,3886.0,-1956
2022-09-19 13:39:18,16,-4,3886.0,-1960
2022-09-19 13:39:19,22,-11,3885.75,-1971
2022-09-19 13:39:20,101,29,3885.75,-1942
2022-09-19 13:39:21,4,-2,3885.5,-1944
2022-09-19 13:39:22,24,-5,3885.5,-1949
2022-09-19 13:39:23,5,-5,3885.25,-1954
2022-09-19 13:39:24,5,3,3885.25,-1951
2022-09-19 13:39:26,70,-1,3885.5,-1952
2022-09-19 13:39:27,9,5,3885.25,-1947
2022-09-19 13:39:28,2,0,3885.5,-1947
2022-09-19 13:39:29,18,-6,3885.5,-1953
2022-09-19 13:39:30,1,-1,3885.5,-1954
2022-09-19 13:39:31,49,20,3885.75,-1934
2022-09-19 13:39:32,46,-15,3886.0,-1949
2022-09-19 13:39:33,13,0,3886.0,-1949
2022-09-19 13:39:34,25,-5,3886.25,-1954
2022-09-19 13:39:35,42,4,3885.75,-1950
2022-09-19 13:39:36,2,2,3885.75,-1948
2022-09-19 13:39:38,100,27,3886.0,-1921
2022-09-19 13:39:39,60,-9,3886.0,-1930
2022-09-19 13:39:40,88,20,3886.0,-1910
2022-09-19 13:39:41,77,5,3885.75,-1905
2022-09-19 13:39:42,2,-2,3885.75,-1907
2022-09-19 13:39:43,127,-19,3885.75,-1926
2022-09-19 13:39:44,17,0,3886.25,-1926
2022-09-19 13:39:45,1,-1,3886.0,-1927
2022-09-19 13:39:47,57,-11,3886.0,-1938
2022-09-19 13:39:48,104,-18,3886.0,-1956
2022-09-19 13:39:49,4,1,3885.75,-1955
2022-09-19 13:39:50,42,-3,3885.75,-1958
2022-09-19 13:39:52,4,4,3885.75,-1954
2022-09-19 13:39:54,79,25,3885.75,-1929
2022-09-19 13:39:55,2,-1,3885.75,-1930
2022-09-19 13:39:56,120,27,3886.0,-1903
2022-09-19 13:39:57,53,-15,3886.0,-1918
2022-09-19 13:39:58,118,-4,3885.75,-1922
2022-09-19 13:39:59,19,1,3885.75,-1921
2022-09-19 13:40:00,32,4,3886.0,-1917
2022-09-19 13:40:01,195,-12,3885.75,-1929
2022-09-19 13:40:02,37,13,3886.0,-1916
2022-09-19 13:40:03,41,13,3886.25,-1903
2022-09-19 13:40:04,21,8,3886.25,-1895
2022-09-19 13:40:05,8,3,3886.25,-1892
2022-09-19 13:40:06,156,22,3886.5,-1870
2022-09-19 13:40:07,28,-5,3886.25,-1875
2022-09-19 13:40:08,139,-20,3886.0,-1895
2022-09-19 13:40:09,161,-57,3886.0,-1952
2022-09-19 13:40:10,106,-5,3885.5,-1957
2022-09-19 13:40:11,34,-1,3885.25,-1958
2022-09-19 13:40:12,16,7,3885.5,-1951
2022-09-19 13:40:13,58,6,3885.75,-1945
2022-09-19 13:40:14,24,3,3885.5,-1942
2022-09-19 13:40:15,3,-3,3885.5,-1945
2022-09-19 13:40:16,32,-8,3885.5,-1953
2022-09-19 13:40:17,46,-1,3885.25,-1954
2022-09-19 13:40:18,4,-3,3885.0,-1957
2022-09-19 13:40:19,37,14,3885.5,-1943
2022-09-19 13:40:20,5,-1,3885.5,-1944
2022-09-19 13:40:21,21,-4,3885.5,-1948
2022-09-19 13:40:22,9,7,3885.5,-1941
2022-09-19 13:40:23,16,-7,3885.5,-1948
2022-09-19 13:40:24,1,1,3885.5,-1947
2022-09-19 13:40:25,11,6,3885.75,-1941
2022-09-19 13:40:27,25,-8,3885.5,-1949
2022-09-19 13:40:28,1,-1,3885.5,-1950
2022-09-19 13:40:29,28,6,3885.75,-1944
2022-09-19 13:40:30,20,11,3885.75,-1933
2022-09-19 13:40:31,29,19,3886.0,-1914
2022-09-19 13:40:32,1,1,3886.0,-1913
2022-09-19 13:40:33,25,-9,3886.0,-1922
2022-09-19 13:40:34,4,2,3886.0,-1920
2022-09-19 13:40:36,5,1,3886.25,-1919
2022-09-19 13:40:37,10,10,3886.25,-1909
2022-09-19 13:40:38,17,-3,3886.0,-1912
2022-09-19 13:40:39,25,3,3886.25,-1909
2022-09-19 13:40:40,132,26,3886.75,-1883
2022-09-19 13:40:41,128,34,3887.25,-1849
2022-09-19 13:40:42,77,-2,3887.25,-1851
2022-09-19 13:40:43,7,-2,3887.0,-1853
2022-09-19 13:40:44,20,5,3887.0,-1848
2022-09-19 13:40:46,36,-3,3887.0,-1851
2022-09-19 13:40:47,40,15,3887.0,-1836
2022-09-19 13:40:48,12,7,3887.25,-1829
2022-09-19 13:40:49,99,17,3887.25,-1812
2022-09-19 13:40:50,21,1,3887.0,-1811
2022-09-19 13:40:51,35,6,3887.25,-1805
2022-09-19 13:40:52,40,15,3887.5,-1790
2022-09-19 13:40:53,19,-12,3887.5,-1802
2022-09-19 13:40:54,103,4,3887.5,-1798
2022-09-19 13:40:55,79,-13,3887.0,-1811
2022-09-19 13:40:56,46,1,3886.75,-1810
2022-09-19 13:40:57,39,6,3886.75,-1804
2022-09-19 13:40:58,84,5,3887.0,-1799
2022-09-19 13:40:59,25,-2,3887.0,-1801
2022-09-19 13:41:00,1,1,3887.0,-1800
2022-09-19 13:41:01,27,13,3887.0,-1787
2022-09-19 13:41:02,49,5,3887.0,-1782
2022-09-19 13:41:03,154,-12,3887.0,-1794
2022-09-19 13:41:04,10,6,3887.25,-1788
2022-09-19 13:41:05,30,6,3887.25,-1782
2022-09-19 13:41:06,9,-6,3887.5,-1788
2022-09-19 13:41:07,22,-6,3887.25,-1794
2022-09-19 13:41:08,32,3,3887.5,-1791
2022-09-19 13:41:09,1,1,3887.5,-1790
2022-09-19 13:41:10,6,1,3887.5,-1789
2022-09-19 13:41:11,47,15,3887.5,-1774
2022-09-19 13:41:12,3,-1,3887.5,-1775
2022-09-19 13:41:13,33,-13,3887.25,-1788
2022-09-19 13:41:14,10,-10,3887.25,-1798
2022-09-19 13:41:15,110,8,3887.75,-1790
2022-09-19 13:41:16,28,-18,3887.75,-1808
2022-09-19 13:41:17,9,9,3887.25,-1799
2022-09-19 13:41:18,49,5,3887.5,-1794
2022-09-19 13:41:20,20,2,3887.75,-1792
2022-09-19 13:41:21,1,1,3887.75,-1791
2022-09-19 13:41:22,20,4,3887.75,-1787
2022-09-19 13:41:23,60,5,3888.0,-1782
2022-09-19 13:41:24,22,-4,3888.0,-1786
2022-09-19 13:41:25,20,-9,3887.75,-1795
2022-09-19 13:41:26,48,-9,3887.25,-1804
2022-09-19 13:41:27,16,0,3887.5,-1804
2022-09-19 13:41:28,10,0,3887.25,-1804
2022-09-19 13:41:29,8,0,3887.5,-1804
2022-09-19 13:41:30,1,1,3887.5,-1803
2022-09-19 13:41:32,14,11,3887.5,-1792
2022-09-19 13:41:33,36,0,3887.75,-1792
2022-09-19 13:41:34,11,3,3887.75,-1789
2022-09-19 13:41:35,19,-5,3887.75,-1794
2022-09-19 13:41:36,52,14,3887.75,-1780
2022-09-19 13:41:37,9,9,3888.0,-1771
2022-09-19 13:41:38,113,30,3888.25,-1741
2022-09-19 13:41:39,26,-5,3888.25,-1746
2022-09-19 13:41:40,20,10,3888.25,-1736
2022-09-19 13:41:41,6,3,3888.25,-1733
2022-09-19 13:41:42,35,-4,3888.25,-1737
2022-09-19 13:41:43,1,-1,3888.0,-1738
2022-09-19 13:41:44,2,2,3888.25,-1736
2022-09-19 13:41:45,8,8,3888.25,-1728
2022-09-19 13:41:46,46,-4,3888.25,-1732
2022-09-19 13:41:47,10,5,3888.25,-1727
2022-09-19 13:41:48,9,1,3888.25,-1726
2022-09-19 13:41:49,3,-1,3888.25,-1727
2022-09-19 13:41:50,349,18,3888.25,-1709
2022-09-19 13:41:51,325,-5,3888.25,-1714
2022-09-19 13:41:52,126,-3,3888.0,-1717
2022-09-19 13:41:53,163,12,3888.0,-1705
2022-09-19 13:41:54,4,-1,3887.75,-1706
2022-09-19 13:41:55,88,37,3888.0,-1669
2022-09-19 13:41:56,69,34,3888.0,-1635
2022-09-19 13:41:57,95,9,3888.0,-1626
2022-09-19 13:41:58,101,21,3888.0,-1605
2022-09-19 13:41:59,291,-15,3888.0,-1620
2022-09-19 13:42:00,265,-22,3888.0,-1642
2022-09-19 13:42:01,67,11,3888.0,-1631
2022-09-19 13:42:02,68,-13,3887.75,-1644
2022-09-19 13:42:04,107,3,3888.0,-1641
2022-09-19 13:42:05,1,1,3888.0,-1640
2022-09-19 13:42:07,134,-62,3887.75,-1702
2022-09-19 13:42:08,46,6,3887.75,-1696
2022-09-19 13:42:09,29,-17,3887.75,-1713
2022-09-19 13:42:10,50,-12,3887.25,-1725
2022-09-19 13:42:11,158,-18,3887.25,-1743
2022-09-19 13:42:12,90,24,3887.75,-1719
2022-09-19 13:42:13,139,16,3888.0,-1703
2022-09-19 13:42:15,120,-22,3888.0,-1725
2022-09-19 13:42:16,217,34,3888.0,-1691
2022-09-19 13:42:17,72,-12,3888.25,-1703
2022-09-19 13:42:18,2,2,3888.25,-1701
2022-09-19 13:42:19,89,16,3888.5,-1685
2022-09-19 13:42:20,119,4,3888.5,-1681
2022-09-19 13:42:21,101,0,3888.5,-1681
2022-09-19 13:42:22,34,-7,3888.5,-1688
2022-09-19 13:42:23,67,-22,3888.5,-1710
2022-09-19 13:42:24,7,-2,3888.5,-1712
2022-09-19 13:42:25,61,-6,3888.5,-1718
2022-09-19 13:42:26,46,-4,3888.5,-1722
2022-09-19 13:42:27,3,1,3888.25,-1721
2022-09-19 13:42:28,27,9,3888.5,-1712
2022-09-19 13:42:29,13,2,3888.5,-1710
2022-09-19 13:42:30,25,6,3888.5,-1704
2022-09-19 13:42:31,17,0,3888.5,-1704
2022-09-19 13:42:33,5,5,3888.5,-1699
2022-09-19 13:42:34,17,-6,3888.5,-1705
2022-09-19 13:42:35,50,2,3888.75,-1703
2022-09-19 13:42:36,11,-3,3888.75,-1706
2022-09-19 13:42:37,20,-2,3888.5,-1708
2022-09-19 13:42:38,97,-14,3888.5,-1722
2022-09-19 13:42:39,13,-2,3888.25,-1724
2022-09-19 13:42:40,2,-2,3888.0,-1726
2022-09-19 13:42:41,75,-15,3888.25,-1741
2022-09-19 13:42:42,57,8,3888.0,-1733
2022-09-19 13:42:43,94,10,3888.25,-1723
2022-09-19 13:42:44,22,4,3888.5,-1719
2022-09-19 13:42:45,45,-15,3888.5,-1734
2022-09-19 13:42:46,20,-7,3888.25,-1741
2022-09-19 13:42:48,1,-1,3888.0,-1742
2022-09-19 13:42:49,25,-13,3888.0,-1755
2022-09-19 13:42:50,53,16,3888.0,-1739
2022-09-19 13:42:51,19,13,3888.25,-1726
2022-09-19 13:42:52,1,-1,3888.25,-1727
2022-09-19 13:42:53,1,-1,3888.25,-1728
2022-09-19 13:42:54,67,20,3888.5,-1708
2022-09-19 13:42:55,11,-5,3888.5,-1713
2022-09-19 13:42:56,11,-5,3888.75,-1718
2022-09-19 13:42:57,26,-10,3888.75,-1728
2022-09-19 13:42:59,104,34,3888.75,-1694
2022-09-19 13:43:00,105,-3,3888.75,-1697
2022-09-19 13:43:01,4,4,3888.5,-1693
2022-09-19 13:43:02,13,11,3888.5,-1682
2022-09-19 13:43:03,11,-2,3888.5,-1684
2022-09-19 13:43:04,32,10,3888.5,-1674
2022-09-19 13:43:05,72,-16,3888.5,-1690
2022-09-19 13:43:06,58,-7,3888.25,-1697
2022-09-19 13:43:07,1,-1,3888.25,-1698
2022-09-19 13:43:08,170,-10,3888.5,-1708
2022-09-19 13:43:09,122,7,3887.5,-1701
2022-09-19 13:43:10,2,0,3887.5,-1701
2022-09-19 13:43:11,40,20,3887.5,-1681
2022-09-19 13:43:12,29,-5,3887.25,-1686
2022-09-19 13:43:13,53,-1,3887.5,-1687
2022-09-19 13:43:14,14,2,3887.75,-1685
2022-09-19 13:43:15,21,-14,3887.5,-1699
2022-09-19 13:43:16,1,1,3887.5,-1698
2022-09-19 13:43:17,31,-8,3887.25,-1706
2022-09-19 13:43:18,50,17,3887.25,-1689
2022-09-19 13:43:19,138,-50,3887.0,-1739
2022-09-19 13:43:20,82,-25,3886.75,-1764
2022-09-19 13:43:21,201,-27,3886.5,-1791
2022-09-19 13:43:22,108,-8,3885.75,-1799
2022-09-19 13:43:23,69,-10,3885.75,-1809
2022-09-19 13:43:24,24,-5,3886.0,-1814
2022-09-19 13:43:25,44,14,3886.0,-1800
2022-09-19 13:43:26,7,-3,3886.25,-1803
2022-09-19 13:43:27,8,4,3886.25,-1799
2022-09-19 13:43:28,48,-8,3886.25,-1807
2022-09-19 13:43:29,31,-11,3885.75,-1818
2022-09-19 13:43:30,116,-13,3886.0,-1831
2022-09-19 13:43:31,47,-17,3886.0,-1848
2022-09-19 13:43:32,341,37,3886.5,-1811
2022-09-19 13:43:33,31,5,3886.25,-1806
2022-09-19 13:43:34,248,13,3886.25,-1793
2022-09-19 13:43:35,2,0,3886.25,-1793
2022-09-19 13:43:36,38,2,3886.25,-1791
2022-09-19 13:43:37,19,13,3886.5,-1778
2022-09-19 13:43:38,23,18,3887.0,-1760
2022-09-19 13:43:39,1,-1,3886.75,-1761
2022-09-19 13:43:40,59,-10,3886.75,-1771
2022-09-19 13:43:41,34,-1,3886.75,-1772
2022-09-19 13:43:42,2,0,3886.75,-1772
2022-09-19 13:43:43,5,-5,3886.5,-1777
2022-09-19 13:43:44,2,2,3886.75,-1775
2022-09-19 13:43:45,22,-4,3886.75,-1779
2022-09-19 13:43:46,17,-5,3886.25,-1784
2022-09-19 13:43:47,25,-3,3886.25,-1787
2022-09-19 13:43:48,6,0,3886.25,-1787
2022-09-19 13:43:49,445,-21,3886.5,-1808
2022-09-19 13:43:50,82,-5,3886.5,-1813
2022-09-19 13:43:51,1,-1,3886.25,-1814
2022-09-19 13:43:52,52,-25,3886.25,-1839
2022-09-19 13:43:53,15,-11,3886.25,-1850
2022-09-19 13:43:54,170,42,3886.5,-1808
2022-09-19 13:43:55,189,-31,3886.25,-1839
2022-09-19 13:43:56,49,5,3886.25,-1834
2022-09-19 13:43:57,26,2,3886.5,-1832
2022-09-19 13:43:58,49,-3,3886.5,-1835
2022-09-19 13:43:59,25,11,3886.75,-1824
2022-09-19 13:44:00,27,-1,3887.0,-1825
2022-09-19 13:44:02,18,-13,3886.75,-1838
2022-09-19 13:44:03,12,1,3886.75,-1837
2022-09-19 13:44:04,13,0,3886.75,-1837
2022-09-19 13:44:05,24,-10,3886.5,-1847
2022-09-19 13:44:06,2,2,3886.5,-1845
2022-09-19 13:44:07,42,5,3887.0,-1840
2022-09-19 13:44:08,23,-17,3887.0,-1857
2022-09-19 13:44:09,1,1,3887.0,-1856
2022-09-19 13:44:11,34,-5,3886.75,-1861
2022-09-19 13:44:12,3,-1,3886.75,-1862
2022-09-19 13:44:14,162,-15,3886.25,-1877
2022-09-19 13:44:15,35,11,3886.25,-1866
2022-09-19 13:44:16,45,-17,3886.25,-1883
2022-09-19 13:44:17,21,3,3886.75,-1880
2022-09-19 13:44:18,13,-10,3886.5,-1890
2022-09-19 13:44:19,1,1,3886.5,-1889
2022-09-19 13:44:20,62,0,3886.75,-1889
2022-09-19 13:44:22,73,-12,3886.5,-1901
2022-09-19 13:44:23,16,-7,3886.75,-1908
2022-09-19 13:44:24,2,-1,3886.5,-1909
2022-09-19 13:44:25,20,-2,3886.5,-1911
2022-09-19 13:44:26,69,1,3886.5,-1910
2022-09-19 13:44:27,5,-4,3886.5,-1914
2022-09-19 13:44:28,21,5,3886.75,-1909
2022-09-19 13:44:29,18,7,3886.75,-1902
2022-09-19 13:44:30,4,-3,3886.5,-1905
2022-09-19 13:44:31,21,-3,3886.75,-1908
2022-09-19 13:44:32,15,-2,3886.5,-1910
2022-09-19 13:44:33,13,3,3886.5,-1907
2022-09-19 13:44:34,21,-3,3886.5,-1910
2022-09-19 13:44:35,20,-3,3886.5,-1913
2022-09-19 13:44:36,17,3,3886.75,-1910
2022-09-19 13:44:37,10,2,3886.75,-1908
2022-09-19 13:44:38,10,1,3886.75,-1907
2022-09-19 13:44:40,41,15,3887.0,-1892
2022-09-19 13:44:41,55,25,3887.25,-1867
2022-09-19 13:44:42,9,6,3887.25,-1861
2022-09-19 13:44:43,39,-7,3887.5,-1868
2022-09-19 13:44:44,16,12,3887.25,-1856
2022-09-19 13:44:45,14,-2,3887.5,-1858
2022-09-19 13:44:46,26,2,3887.5,-1856
2022-09-19 13:44:47,12,3,3887.25,-1853
2022-09-19 13:44:48,81,22,3887.75,-1831
2022-09-19 13:44:49,35,6,3887.75,-1825
2022-09-19 13:44:50,78,-5,3887.75,-1830
2022-09-19 13:44:52,25,-8,3887.5,-1838
2022-09-19 13:44:53,14,2,3887.5,-1836
2022-09-19 13:44:54,1,-1,3887.5,-1837
2022-09-19 13:44:55,22,-14,3887.5,-1851
2022-09-19 13:44:56,28,9,3887.5,-1842
2022-09-19 13:44:57,46,4,3887.75,-1838
2022-09-19 13:44:58,4,0,3887.75,-1838
2022-09-19 13:44:59,67,-19,3887.75,-1857
2022-09-19 13:45:00,98,43,3887.75,-1814
2022-09-19 13:45:01,125,-19,3887.25,-1833
2022-09-19 13:45:02,21,3,3887.25,-1830
2022-09-19 13:45:03,69,-4,3887.75,-1834
2022-09-19 13:45:04,46,14,3888.0,-1820
2022-09-19 13:45:05,87,0,3888.25,-1820
2022-09-19 13:45:06,36,4,3888.0,-1816
2022-09-19 13:45:07,70,1,3888.0,-1815
2022-09-19 13:45:08,4,2,3888.0,-1813
2022-09-19 13:45:09,74,12,3888.25,-1801
2022-09-19 13:45:10,14,8,3888.5,-1793
2022-09-19 13:45:11,51,13,3888.5,-1780
2022-09-19 13:45:12,134,-20,3888.5,-1800
2022-09-19 13:45:13,68,-9,3888.5,-1809
2022-09-19 13:45:14,21,0,3888.5,-1809
2022-09-19 13:45:15,25,0,3888.5,-1809
2022-09-19 13:45:17,69,-30,3888.0,-1839
2022-09-19 13:45:18,11,10,3888.25,-1829
2022-09-19 13:45:19,91,-13,3888.5,-1842
2022-09-19 13:45:20,300,-19,3888.5,-1861
2022-09-19 13:45:21,1,-1,3888.25,-1862
2022-09-19 13:45:22,31,14,3888.5,-1848
2022-09-19 13:45:23,1,-1,3888.5,-1849
2022-09-19 13:45:24,3,3,3888.75,-1846
2022-09-19 13:45:25,2,-2,3888.5,-1848
2022-09-19 13:45:26,111,-69,3888.75,-1917
2022-09-19 13:45:27,5,5,3888.75,-1912
2022-09-19 13:45:28,259,23,3888.75,-1889
2022-09-19 13:45:29,91,-28,3888.5,-1917
2022-09-19 13:45:30,82,-5,3888.5,-1922
2022-09-19 13:45:31,225,-51,3888.5,-1973
2022-09-19 13:45:32,21,8,3888.75,-1965
2022-09-19 13:45:33,2,2,3888.75,-1963
2022-09-19 13:45:34,249,39,3888.75,-1924
2022-09-19 13:45:35,10,-2,3888.5,-1926
2022-09-19 13:45:36,148,-61,3888.5,-1987
2022-09-19 13:45:37,37,1,3888.75,-1986
2022-09-19 13:45:38,1,-1,3888.5,-1987
2022-09-19 13:45:39,1,-1,3888.5,-1988
2022-09-19 13:45:40,15,7,3888.75,-1981
2022-09-19 13:45:41,35,1,3889.0,-1980
2022-09-19 13:45:42,351,136,3889.5,-1844
2022-09-19 13:45:43,134,6,3889.5,-1838
2022-09-19 13:45:44,22,12,3889.25,-1826
2022-09-19 13:45:45,20,11,3889.5,-1815
2022-09-19 13:45:46,65,12,3889.5,-1803
2022-09-19 13:45:47,52,3,3889.75,-1800
2022-09-19 13:45:48,41,17,3889.75,-1783
2022-09-19 13:45:49,8,4,3889.75,-1779
2022-09-19 13:45:50,61,27,3890.0,-1752
2022-09-19 13:45:51,48,22,3889.75,-1730
2022-09-19 13:45:52,6,4,3890.0,-1726
2022-09-19 13:45:53,27,-8,3889.75,-1734
2022-09-19 13:45:54,46,11,3889.75,-1723
2022-09-19 13:45:55,16,13,3889.75,-1710
2022-09-19 13:45:56,35,-11,3890.0,-1721
2022-09-19 13:45:57,110,25,3890.5,-1696
2022-09-19 13:45:58,31,-14,3890.5,-1710
2022-09-19 13:45:59,94,-14,3890.25,-1724
2022-09-19 13:46:00,81,12,3890.25,-1712
2022-09-19 13:46:01,49,8,3890.25,-1704
2022-09-19 13:46:02,31,5,3890.0,-1699
2022-09-19 13:46:03,5,5,3890.25,-1694
2022-09-19 13:46:04,69,-1,3890.0,-1695
2022-09-19 13:46:05,31,3,3890.25,-1692
2022-09-19 13:46:06,61,-8,3890.25,-1700
2022-09-19 13:46:07,8,-2,3890.5,-1702
2022-09-19 13:46:08,21,10,3890.5,-1692
2022-09-19 13:46:09,17,8,3890.5,-1684
2022-09-19 13:46:10,108,12,3890.5,-1672
2022-09-19 13:46:11,91,-10,3890.5,-1682
2022-09-19 13:46:12,10,0,3890.5,-1682
2022-09-19 13:46:13,1,-1,3890.25,-1683
2022-09-19 13:46:14,37,11,3890.5,-1672
2022-09-19 13:46:15,21,-8,3890.5,-1680
2022-09-19 13:46:16,10,-6,3890.5,-1686
2022-09-19 13:46:17,2,2,3890.5,-1684
2022-09-19 13:46:18,142,41,3890.75,-1643
2022-09-19 13:46:19,312,47,3891.25,-1596
2022-09-19 13:46:20,37,3,3891.0,-1593
2022-09-19 13:46:21,4,-1,3891.0,-1594
2022-09-19 13:46:22,14,3,3891.0,-1591
2022-09-19 13:46:23,15,-13,3890.75,-1604
2022-09-19 13:46:24,63,-3,3890.75,-1607
2022-09-19 13:46:25,86,-14,3890.75,-1621
2022-09-19 13:46:27,56,13,3890.5,-1608
2022-09-19 13:46:28,5,1,3890.75,-1607
2022-09-19 13:46:29,24,-6,3890.5,-1613
2022-09-19 13:46:30,38,-14,3890.25,-1627
2022-09-19 13:46:31,50,12,3890.75,-1615
2022-09-19 13:46:32,32,3,3890.5,-1612
2022-09-19 13:46:33,59,5,3890.5,-1607
2022-09-19 13:46:34,9,2,3890.5,-1605
2022-09-19 13:46:35,16,-7,3890.5,-1612
2022-09-19 13:46:36,29,11,3890.5,-1601
2022-09-19 13:46:37,2,2,3890.5,-1599
2022-09-19 13:46:38,26,-2,3890.5,-1601
2022-09-19 13:46:39,27,-1,3890.5,-1602
2022-09-19 13:46:40,44,-1,3890.75,-1603
2022-09-19 13:46:41,53,-24,3890.5,-1627
2022-09-19 13:46:42,105,-9,3890.25,-1636
2022-09-19 13:46:43,1,1,3890.25,-1635
2022-09-19 13:46:44,67,-15,3890.25,-1650
2022-09-19 13:46:45,89,0,3890.0,-1650
2022-09-19 13:46:46,37,21,3890.0,-1629
2022-09-19 13:46:47,9,-6,3890.25,-1635
2022-09-19 13:46:48,103,20,3890.5,-1615
2022-09-19 13:46:49,27,-7,3890.75,-1622
2022-09-19 13:46:50,7,-3,3890.25,-1625
2022-09-19 13:46:51,65,-6,3890.5,-1631
2022-09-19 13:46:52,11,-9,3890.5,-1640
2022-09-19 13:46:53,14,3,3890.5,-1637
2022-09-19 13:46:54,55,12,3890.75,-1625
2022-09-19 13:46:55,3,1,3890.75,-1624
2022-09-19 13:46:56,20,-2,3890.75,-1626
2022-09-19 13:46:57,45,-3,3891.0,-1629
2022-09-19 13:46:58,26,0,3891.0,-1629
2022-09-19 13:46:59,13,4,3890.75,-1625
2022-09-19 13:47:00,97,22,3891.25,-1603
2022-09-19 13:47:01,77,21,3891.25,-1582
2022-09-19 13:47:02,83,19,3891.5,-1563
2022-09-19 13:47:03,36,0,3891.5,-1563
2022-09-19 13:47:04,54,1,3891.5,-1562
2022-09-19 13:47:05,15,11,3891.5,-1551
2022-09-19 13:47:06,2,0,3891.5,-1551
2022-09-19 13:47:07,61,15,3891.5,-1536
2022-09-19 13:47:08,23,7,3891.5,-1529
2022-09-19 13:47:09,1,1,3891.5,-1528
2022-09-19 13:47:10,20,-4,3891.5,-1532
2022-09-19 13:47:11,8,8,3891.5,-1524
2022-09-19 13:47:12,2,-2,3891.5,-1526
2022-09-19 13:47:13,133,91,3892.0,-1435
2022-09-19 13:47:14,28,-4,3891.75,-1439
2022-09-19 13:47:15,27,-15,3891.5,-1454
2022-09-19 13:47:16,24,-8,3891.5,-1462
2022-09-19 13:47:17,138,-12,3891.5,-1474
2022-09-19 13:47:18,28,-7,3891.75,-1481
2022-09-19 13:47:19,12,-6,3891.5,-1487
2022-09-19 13:47:20,2,1,3891.5,-1486
2022-09-19 13:47:21,460,208,3892.0,-1278
2022-09-19 13:47:22,18,4,3891.75,-1274
2022-09-19 13:47:23,85,24,3891.75,-1250
2022-09-19 13:47:25,2,2,3891.75,-1248
2022-09-19 13:47:27,82,-5,3891.75,-1253
2022-09-19 13:47:28,74,-2,3891.75,-1255
2022-09-19 13:47:29,45,7,3892.0,-1248
2022-09-19 13:47:30,99,27,3892.5,-1221
2022-09-19 13:47:31,112,-28,3892.5,-1249
2022-09-19 13:47:32,10,-3,3892.25,-1252
2022-09-19 13:47:33,21,2,3892.25,-1250
2022-09-19 13:47:34,4,2,3892.5,-1248
2022-09-19 13:47:35,3,-1,3892.5,-1249
2022-09-19 13:47:36,18,-8,3892.5,-1257
2022-09-19 13:47:37,4,-1,3892.5,-1258
2022-09-19 13:47:38,33,-22,3892.5,-1280
2022-09-19 13:47:39,52,13,3892.25,-1267
2022-09-19 13:47:40,108,-30,3892.0,-1297
2022-09-19 13:47:41,43,7,3891.75,-1290
2022-09-19 13:47:42,26,-2,3891.75,-1292
2022-09-19 13:47:43,49,2,3891.75,-1290
2022-09-19 13:47:44,25,4,3891.75,-1286
2022-09-19 13:47:45,52,-13,3891.5,-1299
2022-09-19 13:47:46,65,6,3891.5,-1293
2022-09-19 13:47:47,21,-1,3891.5,-1294
2022-09-19 13:47:48,12,3,3891.5,-1291
2022-09-19 13:47:49,38,4,3891.5,-1287
2022-09-19 13:47:50,6,1,3891.75,-1286
2022-09-19 13:47:51,1,1,3891.75,-1285
2022-09-19 13:47:52,30,22,3891.75,-1263
2022-09-19 13:47:53,18,-3,3891.75,-1266
2022-09-19 13:47:54,12,9,3891.75,-1257
2022-09-19 13:47:56,35,28,3892.0,-1229
2022-09-19 13:47:57,34,-3,3892.0,-1232
2022-09-19 13:47:58,13,3,3892.25,-1229
2022-09-19 13:47:59,13,-7,3892.0,-1236
2022-09-19 13:48:00,61,2,3892.25,-1234
2022-09-19 13:48:01,58,4,3892.25,-1230
2022-09-19 13:48:02,25,-13,3892.0,-1243
2022-09-19 13:48:03,33,-8,3891.5,-1251
2022-09-19 13:48:05,21,-9,3891.75,-1260
2022-09-19 13:48:06,46,-1,3891.5,-1261
2022-09-19 13:48:07,33,-27,3891.25,-1288
2022-09-19 13:48:08,108,-1,3891.25,-1289
2022-09-19 13:48:09,83,-19,3891.0,-1308
2022-09-19 13:48:10,64,-5,3890.75,-1313
2022-09-19 13:48:11,11,0,3891.0,-1313
2022-09-19 13:48:12,27,19,3891.25,-1294
2022-09-19 13:48:13,30,8,3891.25,-1286
2022-09-19 13:48:14,372,42,3891.5,-1244
2022-09-19 13:48:16,37,-6,3891.25,-1250
2022-09-19 13:48:17,600,6,3891.25,-1244
2022-09-19 13:48:18,99,10,3891.25,-1234
2022-09-19 13:48:19,527,-32,3891.25,-1266
2022-09-19 13:48:20,134,-34,3891.5,-1300
2022-09-19 13:48:21,293,21,3891.75,-1279
2022-09-19 13:48:22,55,24,3891.75,-1255
2022-09-19 13:48:23,21,9,3891.75,-1246
2022-09-19 13:48:24,15,10,3891.75,-1236
2022-09-19 13:48:25,6,2,3891.75,-1234
2022-09-19 13:48:26,26,12,3891.75,-1222
2022-09-19 13:48:27,1,-1,3891.75,-1223
2022-09-19 13:48:28,49,19,3892.0,-1204
2022-09-19 13:48:29,45,-1,3892.0,-1205
2022-09-19 13:48:30,153,-4,3892.0,-1209
2022-09-19 13:48:31,34,-1,3892.0,-1210
2022-09-19 13:48:32,14,3,3891.75,-1207
2022-09-19 13:48:33,50,-28,3891.5,-1235
2022-09-19 13:48:34,2,-2,3891.5,-1237
2022-09-19 13:48:35,110,-10,3891.5,-1247
2022-09-19 13:48:36,11,6,3891.5,-1241
2022-09-19 13:48:37,126,9,3891.75,-1232
2022-09-19 13:48:38,14,6,3891.75,-1226
2022-09-19 13:48:39,84,8,3892.0,-1218
2022-09-19 13:48:40,26,-2,3891.75,-1220
2022-09-19 13:48:41,137,-38,3891.75,-1258
2022-09-19 13:48:42,2,-2,3891.75,-1260
2022-09-19 13:48:43,215,-7,3892.0,-1267
2022-09-19 13:48:44,90,-17,3891.75,-1284
2022-09-19 13:48:45,20,-6,3891.5,-1290
2022-09-19 13:48:46,321,-94,3891.75,-1384
2022-09-19 13:48:47,5,-4,3891.5,-1388
2022-09-19 13:48:48,22,-14,3891.5,-1402
2022-09-19 13:48:49,246,-34,3891.5,-1436
2022-09-19 13:48:50,94,30,3891.5,-1406
2022-09-19 13:48:51,44,-15,3891.5,-1421
2022-09-19 13:48:52,47,-6,3891.5,-1427
2022-09-19 13:48:53,84,-27,3891.5,-1454
2022-09-19 13:48:54,23,-3,3891.25,-1457
2022-09-19 13:48:56,1,1,3891.25,-1456
2022-09-19 13:48:58,32,-4,3891.25,-1460
2022-09-19 13:48:59,74,-26,3891.0,-1486
2022-09-19 13:49:00,62,5,3891.25,-1481
2022-09-19 13:49:01,26,-10,3891.25,-1491
2022-09-19 13:49:02,10,-6,3891.0,-1497
2022-09-19 13:49:03,101,-2,3891.5,-1499
2022-09-19 13:49:04,57,-6,3891.0,-1505
2022-09-19 13:49:05,73,-47,3890.75,-1552
2022-09-19 13:49:07,18,-9,3890.5,-1561
2022-09-19 13:49:08,161,13,3890.5,-1548
2022-09-19 13:49:09,3,-3,3890.25,-1551
2022-09-19 13:49:10,56,-7,3890.25,-1558
2022-09-19 13:49:11,37,-8,3890.25,-1566
2022-09-19 13:49:12,12,8,3890.5,-1558
2022-09-19 13:49:13,5,-5,3890.5,-1563
2022-09-19 13:49:14,9,-4,3890.5,-1567
2022-09-19 13:49:15,61,-5,3890.5,-1572
2022-09-19 13:49:16,25,-4,3890.75,-1576
2022-09-19 13:49:17,15,-8,3890.5,-1584
2022-09-19 13:49:18,3,-2,3890.25,-1586
2022-09-19 13:49:19,94,-3,3890.25,-1589
2022-09-19 13:49:20,29,-7,3890.0,-1596
2022-09-19 13:49:21,7,-5,3890.0,-1601
2022-09-19 13:49:22,34,14,3890.25,-1587
2022-09-19 13:49:23,93,-25,3890.0,-1612
2022-09-19 13:49:24,57,-20,3889.5,-1632
2022-09-19 13:49:25,174,-3,3889.75,-1635
2022-09-19 13:49:26,8,0,3889.75,-1635
2022-09-19 13:49:27,21,-2,3889.75,-1637
2022-09-19 13:49:28,36,0,3889.5,-1637
2022-09-19 13:49:29,23,7,3889.75,-1630
2022-09-19 13:49:30,14,-7,3889.75,-1637
2022-09-19 13:49:31,2,2,3889.75,-1635
2022-09-19 13:49:32,23,-9,3889.75,-1644
2022-09-19 13:49:34,40,-21,3889.5,-1665
2022-09-19 13:49:36,88,-3,3889.25,-1668
2022-09-19 13:49:37,53,-3,3889.5,-1671
2022-09-19 13:49:38,3,3,3889.5,-1668
2022-09-19 13:49:39,57,14,3889.5,-1654
2022-09-19 13:49:40,32,-8,3889.5,-1662
2022-09-19 13:49:41,83,1,3889.0,-1661
2022-09-19 13:49:42,51,11,3889.25,-1650
2022-09-19 13:49:43,7,-4,3889.25,-1654
2022-09-19 13:49:44,8,-4,3889.25,-1658
2022-09-19 13:49:45,4,-1,3889.25,-1659
2022-09-19 13:49:46,49,14,3889.5,-1645
2022-09-19 13:49:47,445,-228,3889.5,-1873
2022-09-19 13:49:48,1,-1,3889.0,-1874
2022-09-19 13:49:49,89,-15,3889.25,-1889
2022-09-19 13:49:50,73,-28,3889.0,-1917
2022-09-19 13:49:51,14,6,3888.75,-1911
2022-09-19 13:49:52,20,5,3888.75,-1906
2022-09-19 13:49:53,26,-3,3889.0,-1909
2022-09-19 13:49:54,4,4,3889.0,-1905
2022-09-19 13:49:56,19,0,3889.0,-1905
2022-09-19 13:49:57,1,1,3889.0,-1904
2022-09-19 13:49:58,23,-19,3888.75,-1923
2022-09-19 13:49:59,15,-10,3888.75,-1933
2022-09-19 13:50:00,113,-43,3888.75,-1976
2022-09-19 13:50:01,101,-30,3888.25,-2006
2022-09-19 13:50:02,24,-2,3888.5,-2008
2022-09-19 13:50:03,9,-6,3888.25,-2014
2022-09-19 13:50:04,60,11,3888.5,-2003
2022-09-19 13:50:05,49,5,3888.75,-1998
2022-09-19 13:50:06,18,10,3888.75,-1988
2022-09-19 13:50:07,79,1,3888.75,-1987
2022-09-19 13:50:08,12,-2,3888.5,-1989
2022-09-19 13:50:09,3,1,3888.5,-1988
2022-09-19 13:50:10,6,4,3888.5,-1984
2022-09-19 13:50:11,1,1,3888.5,-1983
2022-09-19 13:50:12,13,9,3888.5,-1974
2022-09-19 13:50:13,17,-10,3888.5,-1984
2022-09-19 13:50:14,24,22,3888.75,-1962
2022-09-19 13:50:15,11,11,3889.0,-1951
2022-09-19 13:50:16,84,-3,3889.0,-1954
2022-09-19 13:50:17,52,-10,3889.25,-1964
2022-09-19 13:50:18,8,-6,3889.25,-1970
2022-09-19 13:50:19,53,-4,3889.25,-1974
2022-09-19 13:50:20,53,12,3889.5,-1962
2022-09-19 13:50:21,161,17,3890.0,-1945
2022-09-19 13:50:22,59,13,3889.75,-1932
2022-09-19 13:50:23,3,3,3889.5,-1929
2022-09-19 13:50:24,24,13,3889.5,-1916
2022-09-19 13:50:25,3,-3,3889.25,-1919
2022-09-19 13:50:26,26,0,3889.5,-1919
2022-09-19 13:50:27,18,-16,3889.75,-1935
2022-09-19 13:50:28,32,11,3889.5,-1924
2022-09-19 13:50:29,27,3,3889.75,-1921
2022-09-19 13:50:30,10,-6,3889.5,-1927
2022-09-19 13:50:31,65,-1,3890.0,-1928
2022-09-19 13:50:32,44,-21,3889.75,-1949
2022-09-19 13:50:33,34,-1,3889.5,-1950
2022-09-19 13:50:35,42,2,3889.5,-1948
2022-09-19 13:50:36,38,7,3889.75,-1941
2022-09-19 13:50:37,8,-2,3889.75,-1943
2022-09-19 13:50:38,2,2,3889.75,-1941
2022-09-19 13:50:39,12,12,3889.75,-1929
2022-09-19 13:50:40,8,1,3890.0,-1928
2022-09-19 13:50:41,214,70,3890.0,-1858
2022-09-19 13:50:42,2,0,3890.0,-1858
2022-09-19 13:50:43,4,1,3890.0,-1857
2022-09-19 13:50:44,416,-71,3890.25,-1928
2022-09-19 13:50:45,11,0,3890.25,-1928
2022-09-19 13:50:46,60,-15,3890.25,-1943
2022-09-19 13:50:47,33,18,3890.0,-1925
2022-09-19 13:50:48,3,1,3890.0,-1924
2022-09-19 13:50:49,46,0,3890.0,-1924
2022-09-19 13:50:50,223,39,3890.25,-1885
2022-09-19 13:50:51,70,-14,3890.25,-1899
2022-09-19 13:50:52,1,1,3890.25,-1898
2022-09-19 13:50:53,42,21,3890.25,-1877
2022-09-19 13:50:54,1,1,3890.25,-1876
2022-09-19 13:50:55,1,1,3890.25,-1875
2022-09-19 13:50:56,54,9,3890.25,-1866
2022-09-19 13:50:57,163,-47,3890.0,-1913
2022-09-19 13:50:58,4,1,3890.25,-1912
2022-09-19 13:50:59,4,1,3890.25,-1911
2022-09-19 13:51:00,103,4,3890.0,-1907
2022-09-19 13:51:01,30,-15,3889.75,-1922
2022-09-19 13:51:02,27,2,3889.75,-1920
2022-09-19 13:51:03,44,-9,3889.75,-1929
2022-09-19 13:51:04,473,-96,3889.5,-2025
2022-09-19 13:51:05,94,-3,3888.5,-2028
2022-09-19 13:51:06,69,2,3888.5,-2026
2022-09-19 13:51:07,38,-5,3888.0,-2031
2022-09-19 13:51:08,90,-11,3888.0,-2042
2022-09-19 13:51:09,32,9,3888.25,-2033
2022-09-19 13:51:10,2,2,3888.25,-2031
2022-09-19 13:51:11,6,3,3888.25,-2028
2022-09-19 13:51:12,116,-26,3888.25,-2054
2022-09-19 13:51:13,85,8,3888.0,-2046
2022-09-19 13:51:14,39,3,3888.0,-2043
2022-09-19 13:51:15,59,-14,3888.0,-2057
2022-09-19 13:51:16,24,5,3888.25,-2052
2022-09-19 13:51:17,29,14,3888.5,-2038
2022-09-19 13:51:18,17,-1,3888.25,-2039
2022-09-19 13:51:19,8,-6,3888.25,-2045
2022-09-19 13:51:20,2,-2,3888.0,-2047
2022-09-19 13:51:21,57,1,3888.25,-2046
2022-09-19 13:51:22,5,-5,3888.25,-2051
2022-09-19 13:51:23,50,4,3888.25,-2047
2022-09-19 13:51:24,11,-10,3888.25,-2057
2022-09-19 13:51:25,19,-4,3888.0,-2061
2022-09-19 13:51:26,56,-11,3888.25,-2072
2022-09-19 13:51:27,4,-4,3888.25,-2076
2022-09-19 13:51:28,21,2,3888.25,-2074
2022-09-19 13:51:29,133,-119,3888.25,-2193
2022-09-19 13:51:31,16,-11,3888.0,-2204
2022-09-19 13:51:32,7,-6,3887.75,-2210
2022-09-19 13:51:33,61,6,3888.0,-2204
2022-09-19 13:51:34,49,12,3887.75,-2192
2022-09-19 13:51:35,29,-11,3887.5,-2203
2022-09-19 13:51:36,9,-4,3887.5,-2207
2022-09-19 13:51:37,31,-11,3887.5,-2218
2022-09-19 13:51:38,104,-1,3887.75,-2219
2022-09-19 13:51:39,8,-4,3887.5,-2223
2022-09-19 13:51:40,109,13,3887.75,-2210
2022-09-19 13:51:41,31,7,3887.75,-2203
2022-09-19 13:51:42,23,-11,3887.5,-2214
2022-09-19 13:51:43,4,-4,3887.25,-2218
2022-09-19 13:51:44,46,17,3887.75,-2201
2022-09-19 13:51:45,20,-13,3887.75,-2214
2022-09-19 13:51:46,1,-1,3887.5,-2215
2022-09-19 13:51:47,41,8,3887.75,-2207
2022-09-19 13:51:48,327,-92,3887.75,-2299
2022-09-19 13:51:50,22,-20,3887.5,-2319
2022-09-19 13:51:51,56,-37,3887.25,-2356
2022-09-19 13:51:52,64,26,3887.5,-2330
2022-09-19 13:51:53,1,-1,3887.5,-2331
2022-09-19 13:51:54,30,22,3887.75,-2309
2022-09-19 13:51:55,235,49,3888.0,-2260
2022-09-19 13:51:56,27,3,3888.0,-2257
2022-09-19 13:51:57,82,2,3888.0,-2255
2022-09-19 13:51:58,3,-1,3888.0,-2256
2022-09-19 13:51:59,8,5,3888.0,-2251
2022-09-19 13:52:00,10,7,3888.0,-2244
2022-09-19 13:52:01,16,-14,3888.0,-2258
2022-09-19 13:52:02,26,-5,3888.0,-2263
2022-09-19 13:52:03,19,-3,3888.0,-2266
2022-09-19 13:52:04,13,1,3888.0,-2265
2022-09-19 13:52:05,4,2,3888.0,-2263
2022-09-19 13:52:06,3,3,3888.0,-2260
2022-09-19 13:52:07,2,2,3888.25,-2258
2022-09-19 13:52:08,62,20,3888.5,-2238
2022-09-19 13:52:09,25,4,3888.5,-2234
2022-09-19 13:52:10,69,-11,3888.25,-2245
2022-09-19 13:52:11,34,-2,3888.0,-2247
2022-09-19 13:52:12,2,-2,3887.75,-2249
2022-09-19 13:52:13,1,-1,3887.75,-2250
2022-09-19 13:52:14,50,28,3888.0,-2222
2022-09-19 13:52:15,5,-1,3887.75,-2223
2022-09-19 13:52:16,59,-10,3887.75,-2233
2022-09-19 13:52:18,3,3,3888.0,-2230
2022-09-19 13:52:19,78,20,3888.0,-2210
2022-09-19 13:52:20,10,6,3888.0,-2204
2022-09-19 13:52:21,60,-3,3888.0,-2207
2022-09-19 13:52:22,16,-12,3888.0,-2219
2022-09-19 13:52:23,1,1,3888.0,-2218
2022-09-19 13:52:24,109,-30,3887.75,-2248
2022-09-19 13:52:25,5,5,3887.75,-2243
2022-09-19 13:52:26,13,-7,3887.75,-2250
2022-09-19 13:52:27,23,-13,3887.75,-2263
2022-09-19 13:52:28,1,-1,3887.5,-2264
2022-09-19 13:52:29,108,-25,3887.5,-2289
2022-09-19 13:52:30,2,-2,3887.0,-2291
2022-09-19 13:52:31,153,-40,3887.0,-2331
2022-09-19 13:52:32,59,15,3887.25,-2316
2022-09-19 13:52:33,242,114,3887.25,-2202
2022-09-19 13:52:34,383,-32,3887.25,-2234
2022-09-19 13:52:35,69,0,3887.25,-2234
2022-09-19 13:52:36,149,-66,3887.25,-2300
2022-09-19 13:52:37,91,5,3887.25,-2295
2022-09-19 13:52:38,38,-2,3887.5,-2297
2022-09-19 13:52:39,116,80,3887.25,-2217
2022-09-19 13:52:40,19,-16,3887.0,-2233
2022-09-19 13:52:41,51,3,3887.0,-2230
2022-09-19 13:52:42,40,17,3887.0,-2213
2022-09-19 13:52:43,250,-90,3887.25,-2303
2022-09-19 13:52:44,2,2,3887.5,-2301
2022-09-19 13:52:45,22,-5,3887.25,-2306
2022-09-19 13:52:47,44,20,3887.5,-2286
2022-09-19 13:52:48,216,70,3887.75,-2216
2022-09-19 13:52:49,39,-14,3887.5,-2230
2022-09-19 13:52:50,5,1,3887.5,-2229
2022-09-19 13:52:51,6,-4,3887.5,-2233
2022-09-19 13:52:52,181,-51,3887.25,-2284
2022-09-19 13:52:53,133,13,3887.5,-2271
2022-09-19 13:52:55,107,-34,3887.5,-2305
2022-09-19 13:52:57,311,33,3887.75,-2272
2022-09-19 13:52:58,4,2,3888.0,-2270
2022-09-19 13:52:59,211,-15,3888.0,-2285
2022-09-19 13:53:00,95,-8,3888.0,-2293
2022-09-19 13:53:01,14,2,3887.75,-2291
2022-09-19 13:53:02,41,-28,3887.5,-2319
2022-09-19 13:53:03,56,-6,3887.5,-2325
2022-09-19 13:53:04,25,-5,3887.5,-2330
2022-09-19 13:53:05,19,-10,3887.25,-2340
2022-09-19 13:53:06,11,-3,3887.25,-2343
2022-09-19 13:53:07,60,-44,3887.0,-2387
2022-09-19 13:53:08,8,-7,3887.0,-2394
2022-09-19 13:53:09,23,5,3887.0,-2389
2022-09-19 13:53:10,10,-7,3886.75,-2396
2022-09-19 13:53:11,98,-1,3887.0,-2397
2022-09-19 13:53:12,30,13,3887.0,-2384
2022-09-19 13:53:13,42,2,3887.5,-2382
2022-09-19 13:53:14,22,-7,3887.25,-2389
2022-09-19 13:53:16,26,-6,3887.25,-2395
2022-09-19 13:53:17,2,0,3887.25,-2395
2022-09-19 13:53:19,26,6,3887.25,-2389
2022-09-19 13:53:20,35,2,3887.25,-2387
2022-09-19 13:53:22,31,0,3887.0,-2387
2022-09-19 13:53:24,82,-28,3887.25,-2415
2022-09-19 13:53:25,147,-48,3886.5,-2463
2022-09-19 13:53:26,194,-46,3886.0,-2509
2022-09-19 13:53:27,33,-12,3886.0,-2521
2022-09-19 13:53:28,18,-3,3885.75,-2524
2022-09-19 13:53:29,47,-2,3886.0,-2526
2022-09-19 13:53:30,217,122,3886.5,-2404
2022-09-19 13:53:31,68,2,3886.0,-2402
2022-09-19 13:53:32,60,14,3886.25,-2388
2022-09-19 13:53:33,36,3,3886.25,-2385
2022-09-19 13:53:34,79,3,3886.0,-2382
2022-09-19 13:53:35,51,-9,3885.75,-2391
2022-09-19 13:53:36,36,13,3886.0,-2378
2022-09-19 13:53:37,55,-3,3886.25,-2381
2022-09-19 13:53:38,44,8,3886.25,-2373
2022-09-19 13:53:39,7,-1,3886.25,-2374
2022-09-19 13:53:40,11,7,3886.25,-2367
2022-09-19 13:53:42,24,9,3886.5,-2358
2022-09-19 13:53:43,4,2,3886.75,-2356
2022-09-19 13:53:44,303,-9,3886.75,-2365
2022-09-19 13:53:45,29,18,3886.75,-2347
2022-09-19 13:53:46,51,-5,3886.5,-2352
2022-09-19 13:53:47,30,-9,3886.75,-2361
2022-09-19 13:53:48,32,7,3886.75,-2354
2022-09-19 13:53:49,89,-30,3886.75,-2384
2022-09-19 13:53:50,12,-8,3886.75,-2392
2022-09-19 13:53:51,25,-6,3886.5,-2398
2022-09-19 13:53:52,9,8,3886.75,-2390
2022-09-19 13:53:53,48,4,3887.0,-2386
2022-09-19 13:53:54,61,5,3887.0,-2381
2022-09-19 13:53:55,1,1,3887.0,-2380
2022-09-19 13:53:56,34,15,3887.0,-2365
2022-09-19 13:53:57,1,-1,3886.75,-2366
2022-09-19 13:53:58,23,-5,3887.0,-2371
2022-09-19 13:53:59,98,21,3887.5,-2350
2022-09-19 13:54:00,77,-16,3887.75,-2366
2022-09-19 13:54:01,2,2,3887.5,-2364
2022-09-19 13:54:02,12,1,3887.5,-2363
2022-09-19 13:54:03,42,-15,3887.75,-2378
2022-09-19 13:54:04,17,-7,3887.75,-2385
2022-09-19 13:54:05,55,-10,3887.25,-2395
2022-09-19 13:54:06,61,-15,3886.75,-2410
2022-09-19 13:54:07,24,4,3886.5,-2406
2022-09-19 13:54:08,32,-11,3886.75,-2417
2022-09-19 13:54:09,82,1,3886.75,-2416
2022-09-19 13:54:10,20,-2,3886.75,-2418
2022-09-19 13:54:11,24,-4,3886.75,-2422
2022-09-19 13:54:12,29,0,3886.75,-2422
2022-09-19 13:54:13,14,0,3886.5,-2422
2022-09-19 13:54:14,51,-12,3886.75,-2434
2022-09-19 13:54:15,18,7,3886.75,-2427
2022-09-19 13:54:17,4,2,3886.75,-2425
2022-09-19 13:54:18,9,1,3886.75,-2424
2022-09-19 13:54:19,89,17,3887.0,-2407
2022-09-19 13:54:20,10,4,3887.0,-2403
2022-09-19 13:54:21,80,29,3887.5,-2374
2022-09-19 13:54:24,51,14,3887.75,-2360
2022-09-19 13:54:25,104,8,3888.0,-2352
2022-09-19 13:54:26,48,4,3888.0,-2348
2022-09-19 13:54:27,93,-6,3888.0,-2354
2022-09-19 13:54:28,60,-1,3887.75,-2355
2022-09-19 13:54:29,12,0,3887.75,-2355
2022-09-19 13:54:30,11,-9,3887.75,-2364
2022-09-19 13:54:31,61,9,3888.0,-2355
2022-09-19 13:54:32,5,-3,3887.75,-2358
2022-09-19 13:54:33,3,-1,3888.0,-2359
2022-09-19 13:54:34,21,7,3888.0,-2352
2022-09-19 13:54:35,61,-12,3887.75,-2364
2022-09-19 13:54:36,8,-4,3887.5,-2368
2022-09-19 13:54:37,12,10,3887.5,-2358
2022-09-19 13:54:38,5,-3,3887.5,-2361
2022-09-19 13:54:39,22,-2,3887.25,-2363
2022-09-19 13:54:40,34,-9,3887.5,-2372
2022-09-19 13:54:41,1,-1,3887.25,-2373
2022-09-19 13:54:42,223,-57,3887.5,-2430
2022-09-19 13:54:43,27,8,3887.5,-2422
2022-09-19 13:54:44,2,-2,3887.5,-2424
2022-09-19 13:54:45,6,-1,3887.75,-2425
2022-09-19 13:54:46,204,18,3887.75,-2407
2022-09-19 13:54:47,80,-13,3887.75,-2420
2022-09-19 13:54:48,28,-9,3887.75,-2429
2022-09-19 13:54:49,82,-21,3887.5,-2450
2022-09-19 13:54:50,87,3,3887.25,-2447
2022-09-19 13:54:51,20,2,3887.5,-2445
2022-09-19 13:54:52,3,-3,3887.25,-2448
2022-09-19 13:54:53,200,-34,3887.5,-2482
2022-09-19 13:54:55,163,35,3887.75,-2447
2022-09-19 13:54:57,1,1,3887.75,-2446
2022-09-19 13:54:58,68,5,3887.75,-2441
2022-09-19 13:55:00,133,-24,3887.5,-2465
2022-09-19 13:55:01,19,5,3887.25,-2460
2022-09-19 13:55:02,32,15,3887.5,-2445
2022-09-19 13:55:03,12,-6,3887.5,-2451
2022-09-19 13:55:04,89,18,3888.0,-2433
2022-09-19 13:55:05,34,23,3888.0,-2410
2022-09-19 13:55:06,6,5,3887.75,-2405
2022-09-19 13:55:07,101,21,3888.25,-2384
2022-09-19 13:55:08,73,25,3888.75,-2359
2022-09-19 13:55:09,59,-10,3888.5,-2369
2022-09-19 13:55:10,37,5,3888.5,-2364
2022-09-19 13:55:11,15,14,3888.5,-2350
2022-09-19 13:55:12,12,-2,3888.5,-2352
2022-09-19 13:55:13,75,-12,3888.25,-2364
2022-09-19 13:55:14,28,2,3888.25,-2362
2022-09-19 13:55:15,42,-10,3888.25,-2372
2022-09-19 13:55:16,35,-6,3888.25,-2378
2022-09-19 13:55:17,15,5,3888.25,-2373
2022-09-19 13:55:18,18,10,3888.5,-2363
2022-09-19 13:55:19,19,-4,3888.5,-2367
2022-09-19 13:55:21,94,-7,3888.25,-2374
2022-09-19 13:55:22,22,7,3888.5,-2367
2022-09-19 13:55:23,13,-3,3888.5,-2370
2022-09-19 13:55:24,5,1,3888.5,-2369
2022-09-19 13:55:25,101,-33,3888.25,-2402
2022-09-19 13:55:26,21,16,3888.0,-2386
2022-09-19 13:55:27,5,-5,3888.0,-2391
2022-09-19 13:55:28,25,0,3888.0,-2391
2022-09-19 13:55:29,15,4,3888.0,-2387
2022-09-19 13:55:30,36,12,3888.25,-2375
2022-09-19 13:55:31,1,1,3888.25,-2374
2022-09-19 13:55:32,5,-5,3888.0,-2379
2022-09-19 13:55:33,65,30,3888.25,-2349
2022-09-19 13:55:34,19,1,3888.25,-2348
2022-09-19 13:55:35,21,-2,3888.25,-2350
2022-09-19 13:55:36,5,3,3888.25,-2347
2022-09-19 13:55:37,44,-7,3888.25,-2354
2022-09-19 13:55:38,109,67,3888.75,-2287
2022-09-19 13:55:39,60,0,3888.75,-2287
2022-09-19 13:55:40,95,18,3889.25,-2269
2022-09-19 13:55:41,11,-7,3888.75,-2276
2022-09-19 13:55:42,30,-2,3889.0,-2278
2022-09-19 13:55:43,30,0,3888.75,-2278
2022-09-19 13:55:44,37,17,3888.75,-2261
2022-09-19 13:55:45,107,-18,3888.75,-2279
2022-09-19 13:55:46,54,-13,3888.25,-2292
2022-09-19 13:55:47,19,-3,3888.5,-2295
2022-09-19 13:55:48,31,8,3888.75,-2287
2022-09-19 13:55:49,4,2,3888.75,-2285
2022-09-19 13:55:50,2,0,3889.0,-2285
2022-09-19 13:55:51,52,11,3888.75,-2274
2022-09-19 13:55:52,40,4,3889.0,-2270
2022-09-19 13:55:54,10,5,3888.75,-2265
2022-09-19 13:55:55,3,3,3889.0,-2262
2022-09-19 13:55:56,1,-1,3888.75,-2263
2022-09-19 13:55:58,15,2,3889.0,-2261
2022-09-19 13:55:59,10,1,3888.75,-2260
2022-09-19 13:56:00,84,33,3889.25,-2227
2022-09-19 13:56:01,39,-2,3889.25,-2229
2022-09-19 13:56:02,107,-17,3889.0,-2246
2022-09-19 13:56:03,26,5,3889.0,-2241
2022-09-19 13:56:04,3,3,3889.0,-2238
2022-09-19 13:56:05,18,-13,3889.0,-2251
2022-09-19 13:56:06,15,9,3889.0,-2242
2022-09-19 13:56:07,4,2,3889.25,-2240
2022-09-19 13:56:08,43,-10,3889.0,-2250
2022-09-19 13:56:09,51,4,3889.25,-2246
2022-09-19 13:56:10,1,1,3889.25,-2245
2022-09-19 13:56:11,42,28,3889.5,-2217
2022-09-19 13:56:12,94,-6,3889.75,-2223
2022-09-19 13:56:13,41,-20,3889.5,-2243
2022-09-19 13:56:14,44,-3,3889.25,-2246
2022-09-19 13:56:15,30,2,3889.25,-2244
2022-09-19 13:56:16,13,11,3889.5,-2233
2022-09-19 13:56:17,73,0,3889.75,-2233
2022-09-19 13:56:18,38,-4,3889.5,-2237
2022-09-19 13:56:20,10,7,3889.5,-2230
2022-09-19 13:56:21,16,-12,3889.5,-2242
2022-09-19 13:56:22,118,-22,3889.25,-2264
2022-09-19 13:56:23,1,-1,3889.25,-2265
2022-09-19 13:56:24,5,-5,3889.25,-2270
2022-09-19 13:56:25,73,-43,3889.5,-2313
2022-09-19 13:56:26,99,-16,3889.5,-2329
2022-09-19 13:56:27,19,-12,3889.25,-2341
2022-09-19 13:56:28,6,-4,3889.5,-2345
2022-09-19 13:56:29,36,-11,3889.25,-2356
2022-09-19 13:56:30,25,-2,3889.0,-2358
2022-09-19 13:56:31,27,11,3889.0,-2347
2022-09-19 13:56:32,52,33,3889.0,-2314
2022-09-19 13:56:33,85,23,3889.25,-2291
2022-09-19 13:56:34,40,-16,3889.25,-2307
2022-09-19 13:56:35,230,2,3889.5,-2305
2022-09-19 13:56:37,102,-23,3889.5,-2328
2022-09-19 13:56:38,11,-9,3889.25,-2337
2022-09-19 13:56:39,13,12,3889.25,-2325
2022-09-19 13:56:40,13,-5,3889.25,-2330
2022-09-19 13:56:42,56,7,3889.25,-2323
2022-09-19 13:56:43,52,11,3889.25,-2312
2022-09-19 13:56:44,3,3,3889.25,-2309
2022-09-19 13:56:45,32,8,3889.25,-2301
2022-09-19 13:56:46,82,24,3889.25,-2277
2022-09-19 13:56:47,59,25,3889.5,-2252
2022-09-19 13:56:48,1,-1,3889.5,-2253
2022-09-19 13:56:49,21,-20,3889.5,-2273
2022-09-19 13:56:50,25,-5,3889.5,-2278
2022-09-19 13:56:51,8,-5,3889.25,-2283
2022-09-19 13:56:52,19,4,3889.25,-2279
2022-09-19 13:56:53,56,-7,3889.0,-2286
2022-09-19 13:56:54,12,2,3889.25,-2284
2022-09-19 13:56:55,77,30,3889.25,-2254
2022-09-19 13:56:56,2,2,3889.5,-2252
2022-09-19 13:56:57,1,-1,3889.25,-2253
2022-09-19 13:56:58,160,51,3889.75,-2202
2022-09-19 13:56:59,24,11,3890.0,-2191
2022-09-19 13:57:00,63,-10,3890.0,-2201
2022-09-19 13:57:01,68,-40,3889.5,-2241
2022-09-19 13:57:02,49,-3,3889.0,-2244
2022-09-19 13:57:03,51,-5,3889.0,-2249
2022-09-19 13:57:04,91,-18,3889.0,-2267
2022-09-19 13:57:05,110,5,3888.75,-2262
2022-09-19 13:57:06,67,-15,3888.5,-2277
2022-09-19 13:57:07,63,-39,3888.25,-2316
2022-09-19 13:57:08,162,14,3887.75,-2302
2022-09-19 13:57:09,33,9,3887.75,-2293
2022-09-19 13:57:10,72,25,3887.75,-2268
2022-09-19 13:57:11,33,4,3887.75,-2264
2022-09-19 13:57:12,21,-11,3887.5,-2275
2022-09-19 13:57:13,7,-6,3887.5,-2281
2022-09-19 13:57:14,16,-10,3887.75,-2291
2022-09-19 13:57:15,105,-47,3887.5,-2338
2022-09-19 13:57:16,278,-46,3887.5,-2384
2022-09-19 13:57:17,116,12,3887.5,-2372
2022-09-19 13:57:18,116,-11,3887.0,-2383
2022-09-19 13:57:19,79,-12,3887.0,-2395
2022-09-19 13:57:20,35,17,3887.0,-2378
2022-09-19 13:57:21,99,41,3887.25,-2337
2022-09-19 13:57:23,30,-15,3887.0,-2352
2022-09-19 13:57:24,41,-3,3887.0,-2355
2022-09-19 13:57:25,44,-1,3887.25,-2356
2022-09-19 13:57:26,13,8,3887.0,-2348
2022-09-19 13:57:27,38,-7,3887.25,-2355
2022-09-19 13:57:28,25,-8,3887.25,-2363
2022-09-19 13:57:29,80,5,3887.25,-2358
2022-09-19 13:57:30,181,-29,3887.0,-2387
2022-09-19 13:57:31,196,50,3887.0,-2337
2022-09-19 13:57:32,25,17,3887.0,-2320
2022-09-19 13:57:33,4,-2,3887.0,-2322
2022-09-19 13:57:34,151,-7,3887.0,-2329
2022-09-19 13:57:35,26,-21,3886.75,-2350
2022-09-19 13:57:36,1,1,3887.0,-2349
2022-09-19 13:57:37,1,-1,3886.75,-2350
2022-09-19 13:57:38,3,-3,3886.75,-2353
2022-09-19 13:57:39,207,-50,3887.0,-2403
2022-09-19 13:57:40,84,-21,3886.5,-2424
2022-09-19 13:57:41,3,-3,3886.25,-2427
2022-09-19 13:57:42,197,-47,3886.5,-2474
2022-09-19 13:57:43,120,-37,3886.0,-2511
2022-09-19 13:57:44,173,-60,3885.75,-2571
2022-09-19 13:57:45,71,-10,3885.5,-2581
2022-09-19 13:57:46,148,-13,3885.75,-2594
2022-09-19 13:57:47,234,-61,3886.0,-2655
2022-09-19 13:57:48,266,25,3886.0,-2630
2022-09-19 13:57:49,30,3,3886.0,-2627
2022-09-19 13:57:50,44,0,3886.0,-2627
2022-09-19 13:57:51,234,37,3886.25,-2590
2022-09-19 13:57:52,87,-27,3886.0,-2617
2022-09-19 13:57:53,9,-6,3886.25,-2623
2022-09-19 13:57:54,36,-3,3886.25,-2626
2022-09-19 13:57:55,80,32,3886.5,-2594
2022-09-19 13:57:56,12,8,3886.5,-2586
2022-09-19 13:57:58,33,-10,3886.5,-2596
2022-09-19 13:57:59,93,-22,3886.25,-2618
2022-09-19 13:58:00,19,-17,3886.0,-2635
2022-09-19 13:58:02,219,-78,3886.0,-2713
2022-09-19 13:58:03,1,1,3886.0,-2712
2022-09-19 13:58:04,2,-1,3885.75,-2713
2022-09-19 13:58:05,11,1,3886.0,-2712
2022-09-19 13:58:06,457,-40,3886.0,-2752
2022-09-19 13:58:07,124,-56,3885.5,-2808
2022-09-19 13:58:08,32,13,3885.5,-2795
2022-09-19 13:58:09,24,10,3885.5,-2785
2022-09-19 13:58:10,71,-7,3885.5,-2792
2022-09-19 13:58:11,44,-28,3885.25,-2820
2022-09-19 13:58:12,10,6,3885.25,-2814
2022-09-19 13:58:13,45,-10,3885.25,-2824
2022-09-19 13:58:14,1,1,3885.5,-2823
2022-09-19 13:58:15,151,-5,3885.5,-2828
2022-09-19 13:58:16,53,8,3885.5,-2820
2022-09-19 13:58:17,23,-6,3885.25,-2826
2022-09-19 13:58:18,43,-21,3885.25,-2847
2022-09-19 13:58:19,138,-12,3885.25,-2859
2022-09-19 13:58:20,46,9,3885.25,-2850
2022-09-19 13:58:21,6,-2,3885.5,-2852
2022-09-19 13:58:22,77,30,3885.5,-2822
2022-09-19 13:58:23,10,9,3885.75,-2813
2022-09-19 13:58:24,27,-1,3885.5,-2814
2022-09-19 13:58:26,69,2,3885.5,-2812
2022-09-19 13:58:27,34,1,3885.5,-2811
2022-09-19 13:58:28,40,12,3885.75,-2799
2022-09-19 13:58:29,13,9,3886.0,-2790
2022-09-19 13:58:30,162,29,3886.25,-2761
2022-09-19 13:58:31,1,1,3886.25,-2760
2022-09-19 13:58:32,57,9,3886.25,-2751
2022-09-19 13:58:33,8,3,3886.25,-2748
2022-09-19 13:58:34,164,35,3886.5,-2713
2022-09-19 13:58:35,98,-8,3887.0,-2721
2022-09-19 13:58:36,42,-11,3886.75,-2732
2022-09-19 13:58:37,57,1,3887.0,-2731
2022-09-19 13:58:38,632,-56,3887.0,-2787
2022-09-19 13:58:39,44,2,3887.0,-2785
2022-09-19 13:58:40,15,6,3886.75,-2779
2022-09-19 13:58:41,4,-1,3887.0,-2780
2022-09-19 13:58:42,16,1,3886.75,-2779
2022-09-19 13:58:43,29,1,3886.75,-2778
2022-09-19 13:58:44,110,-43,3886.5,-2821
2022-09-19 13:58:45,68,13,3886.75,-2808
2022-09-19 13:58:46,66,13,3886.75,-2795
2022-09-19 13:58:48,128,-38,3886.5,-2833
2022-09-19 13:58:49,24,-11,3886.0,-2844
2022-09-19 13:58:50,2,2,3886.25,-2842
2022-09-19 13:58:51,31,-2,3886.0,-2844
2022-09-19 13:58:52,7,-7,3886.0,-2851
2022-09-19 13:58:53,47,1,3886.0,-2850
2022-09-19 13:58:54,10,-4,3886.0,-2854
2022-09-19 13:58:55,32,6,3886.0,-2848
2022-09-19 13:58:56,14,6,3886.0,-2842
2022-09-19 13:58:57,16,-3,3886.0,-2845
2022-09-19 13:58:59,18,10,3886.0,-2835
2022-09-19 13:59:00,67,-14,3886.25,-2849
2022-09-19 13:59:01,233,-38,3886.0,-2887
2022-09-19 13:59:02,149,-14,3886.25,-2901
2022-09-19 13:59:03,66,1,3886.5,-2900
2022-09-19 13:59:04,78,-15,3886.5,-2915
2022-09-19 13:59:05,97,42,3886.75,-2873
2022-09-19 13:59:06,189,96,3886.75,-2777
2022-09-19 13:59:07,43,-27,3886.75,-2804
2022-09-19 13:59:08,12,0,3886.75,-2804
2022-09-19 13:59:09,45,12,3887.0,-2792
2022-09-19 13:59:10,19,-1,3887.0,-2793
2022-09-19 13:59:13,156,-28,3886.75,-2821
2022-09-19 13:59:14,22,-2,3886.5,-2823
2022-09-19 13:59:15,54,19,3887.0,-2804
2022-09-19 13:59:16,14,-11,3886.75,-2815
2022-09-19 13:59:17,1,-1,3886.75,-2816
2022-09-19 13:59:18,282,-78,3886.5,-2894
2022-09-19 13:59:19,36,-15,3886.0,-2909
2022-09-19 13:59:20,187,-66,3885.5,-2975
2022-09-19 13:59:21,197,17,3885.25,-2958
2022-09-19 13:59:23,90,11,3885.25,-2947
2022-09-19 13:59:24,86,17,3885.75,-2930
2022-09-19 13:59:25,41,5,3885.75,-2925
2022-09-19 13:59:26,51,-1,3885.75,-2926
2022-09-19 13:59:27,38,0,3886.0,-2926
2022-09-19 13:59:28,11,5,3885.75,-2921
2022-09-19 13:59:29,50,0,3886.0,-2921
2022-09-19 13:59:30,20,-1,3885.75,-2922
2022-09-19 13:59:31,7,-2,3885.75,-2924
2022-09-19 13:59:32,1,-1,3885.75,-2925
2022-09-19 13:59:33,76,13,3886.0,-2912
2022-09-19 13:59:34,20,3,3886.25,-2909
2022-09-19 13:59:35,79,-21,3886.5,-2930
2022-09-19 13:59:37,139,-22,3886.25,-2952
2022-09-19 13:59:38,1,-1,3886.25,-2953
2022-09-19 13:59:40,1,1,3886.5,-2952
2022-09-19 13:59:41,281,52,3886.5,-2900
2022-09-19 13:59:42,51,-16,3886.25,-2916
2022-09-19 13:59:43,4,3,3886.5,-2913
2022-09-19 13:59:44,26,10,3886.75,-2903
2022-09-19 13:59:45,275,-24,3886.75,-2927
2022-09-19 13:59:46,13,2,3887.0,-2925
2022-09-19 13:59:47,115,-39,3886.75,-2964
2022-09-19 13:59:48,50,-34,3886.75,-2998
2022-09-19 13:59:49,50,6,3886.25,-2992
2022-09-19 13:59:50,19,7,3886.25,-2985
2022-09-19 13:59:52,207,-49,3886.25,-3034
2022-09-19 13:59:54,2,1,3886.5,-3033
2022-09-19 13:59:55,17,-5,3886.25,-3038
2022-09-19 13:59:56,49,21,3886.5,-3017
2022-09-19 13:59:58,2,-2,3886.25,-3019
2022-09-19 13:59:59,1,1,3886.5,-3018
2022-09-19 14:00:00,363,64,3887.0,-2954
2022-09-19 14:00:02,662,75,3887.5,-2879
2022-09-19 14:00:03,65,14,3887.75,-2865
2022-09-19 14:00:04,103,-24,3887.25,-2889
2022-09-19 14:00:05,2,0,3887.5,-2889
2022-09-19 14:00:06,264,-42,3887.5,-2931
2022-09-19 14:00:07,39,-8,3887.5,-2939
2022-09-19 14:00:08,123,4,3887.25,-2935
2022-09-19 14:00:09,15,-11,3887.5,-2946
2022-09-19 14:00:10,86,-31,3887.25,-2977
2022-09-19 14:00:11,175,32,3887.5,-2945
2022-09-19 14:00:12,78,5,3888.0,-2940
2022-09-19 14:00:13,34,4,3888.0,-2936
2022-09-19 14:00:14,62,-16,3887.75,-2952
2022-09-19 14:00:15,50,3,3887.25,-2949
2022-09-19 14:00:16,28,9,3887.5,-2940
2022-09-19 14:00:17,392,26,3887.5,-2914
2022-09-19 14:00:18,68,-19,3887.25,-2933
2022-09-19 14:00:19,98,-23,3887.5,-2956
2022-09-19 14:00:20,10,-3,3887.25,-2959
2022-09-19 14:00:21,225,24,3887.5,-2935
2022-09-19 14:00:22,58,13,3887.75,-2922
2022-09-19 14:00:23,62,-40,3888.0,-2962
2022-09-19 14:00:25,42,4,3887.5,-2958
2022-09-19 14:00:26,102,-32,3887.5,-2990
2022-09-19 14:00:27,5,3,3887.75,-2987
2022-09-19 14:00:28,218,-67,3887.5,-3054
2022-09-19 14:00:29,87,-20,3887.5,-3074
2022-09-19 14:00:30,129,-47,3887.5,-3121
2022-09-19 14:00:31,174,5,3887.0,-3116
2022-09-19 14:00:32,85,6,3887.0,-3110
2022-09-19 14:00:33,25,6,3887.25,-3104
2022-09-19 14:00:34,31,-14,3887.5,-3118
2022-09-19 14:00:35,2,0,3887.25,-3118
2022-09-19 14:00:36,274,-38,3887.0,-3156
2022-09-19 14:00:37,44,-4,3887.0,-3160
2022-09-19 14:00:39,220,46,3887.5,-3114
2022-09-19 14:00:40,88,-49,3887.5,-3163
2022-09-19 14:00:41,145,-76,3887.75,-3239
2022-09-19 14:00:42,85,-45,3887.5,-3284
2022-09-19 14:00:43,106,-26,3887.0,-3310
2022-09-19 14:00:44,9,2,3886.75,-3308
2022-09-19 14:00:45,58,-6,3886.5,-3314
2022-09-19 14:00:46,382,-61,3886.25,-3375
2022-09-19 14:00:47,227,11,3885.25,-3364
2022-09-19 14:00:48,22,-17,3885.25,-3381
2022-09-19 14:00:49,142,-39,3885.0,-3420
2022-09-19 14:00:50,110,25,3884.75,-3395
2022-09-19 14:00:51,7,-6,3884.75,-3401
2022-09-19 14:00:52,53,-9,3885.0,-3410
2022-09-19 14:00:53,49,23,3885.0,-3387
2022-09-19 14:00:54,66,-2,3885.0,-3389
2022-09-19 14:00:55,8,-3,3884.75,-3392
2022-09-19 14:00:56,30,-14,3884.75,-3406
2022-09-19 14:00:57,70,1,3884.75,-3405
2022-09-19 14:00:58,49,-2,3885.0,-3407
2022-09-19 14:00:59,49,-15,3884.75,-3422
2022-09-19 14:01:00,240,-1,3885.0,-3423
2022-09-19 14:01:01,49,-12,3885.0,-3435
2022-09-19 14:01:02,41,15,3885.5,-3420
2022-09-19 14:01:03,67,4,3885.75,-3416
2022-09-19 14:01:04,63,-13,3885.75,-3429
2022-09-19 14:01:05,131,41,3885.5,-3388
2022-09-19 14:01:06,38,-4,3885.25,-3392
2022-09-19 14:01:07,81,-1,3885.25,-3393
2022-09-19 14:01:08,110,-58,3885.25,-3451
2022-09-19 14:01:09,42,-7,3885.25,-3458
2022-09-19 14:01:10,2,0,3885.25,-3458
2022-09-19 14:01:11,39,-12,3885.0,-3470
2022-09-19 14:01:12,143,24,3885.5,-3446
2022-09-19 14:01:13,41,4,3885.5,-3442
2022-09-19 14:01:14,261,-53,3885.0,-3495
2022-09-19 14:01:15,2,2,3885.0,-3493
2022-09-19 14:01:16,42,18,3885.0,-3475
2022-09-19 14:01:17,49,11,3885.25,-3464
2022-09-19 14:01:18,69,-16,3885.5,-3480
2022-09-19 14:01:19,143,-6,3885.5,-3486
2022-09-19 14:01:20,57,16,3885.25,-3470
2022-09-19 14:01:21,44,-8,3885.5,-3478
2022-09-19 14:01:22,62,12,3885.25,-3466
2022-09-19 14:01:23,10,2,3885.25,-3464
2022-09-19 14:01:24,26,15,3885.25,-3449
2022-09-19 14:01:25,3,3,3885.5,-3446
2022-09-19 14:01:26,62,8,3885.5,-3438
2022-09-19 14:01:27,43,12,3885.75,-3426
2022-09-19 14:01:28,9,1,3886.0,-3425
2022-09-19 14:01:29,506,24,3887.25,-3401
2022-09-19 14:01:30,54,-5,3886.75,-3406
2022-09-19 14:01:31,35,-6,3886.5,-3412
2022-09-19 14:01:32,76,-8,3886.5,-3420
2022-09-19 14:01:33,258,-15,3886.5,-3435
2022-09-19 14:01:34,110,-57,3886.25,-3492
2022-09-19 14:01:35,57,-11,3886.5,-3503
2022-09-19 14:01:36,8,2,3886.25,-3501
2022-09-19 14:01:37,232,54,3886.25,-3447
2022-09-19 14:01:38,52,11,3886.5,-3436
2022-09-19 14:01:39,162,16,3886.75,-3420
2022-09-19 14:01:40,76,-29,3886.5,-3449
2022-09-19 14:01:41,263,50,3886.5,-3399
2022-09-19 14:01:42,11,-1,3886.5,-3400
2022-09-19 14:01:43,4,3,3886.75,-3397
2022-09-19 14:01:44,225,-13,3886.75,-3410
2022-09-19 14:01:45,31,20,3887.25,-3390
2022-09-19 14:01:46,151,24,3887.25,-3366
2022-09-19 14:01:47,375,26,3888.0,-3340
2022-09-19 14:01:48,73,-9,3888.0,-3349
2022-09-19 14:01:49,187,-57,3887.75,-3406
2022-09-19 14:01:50,103,-23,3887.75,-3429
2022-09-19 14:01:51,46,-11,3887.75,-3440
2022-09-19 14:01:52,210,-77,3887.75,-3517
2022-09-19 14:01:53,165,-44,3887.75,-3561
2022-09-19 14:01:54,24,1,3887.5,-3560
2022-09-19 14:01:55,56,-26,3887.25,-3586
2022-09-19 14:01:56,57,19,3886.75,-3567
2022-09-19 14:01:57,35,11,3887.0,-3556
2022-09-19 14:01:58,40,3,3886.75,-3553
2022-09-19 14:01:59,27,7,3887.0,-3546
2022-09-19 14:02:00,582,123,3887.75,-3423
2022-09-19 14:02:01,19,-14,3887.5,-3437
2022-09-19 14:02:02,5,3,3887.5,-3434
2022-09-19 14:02:03,56,28,3887.5,-3406
2022-09-19 14:02:04,149,36,3887.5,-3370
2022-09-19 14:02:05,20,-14,3887.25,-3384
2022-09-19 14:02:06,116,15,3887.5,-3369
2022-09-19 14:02:07,61,-6,3887.75,-3375
2022-09-19 14:02:08,106,18,3887.75,-3357
2022-09-19 14:02:09,5,4,3887.75,-3353
2022-09-19 14:02:10,107,25,3888.25,-3328
2022-09-19 14:02:11,56,0,3888.0,-3328
2022-09-19 14:02:12,85,-17,3888.25,-3345
2022-09-19 14:02:13,87,-31,3888.25,-3376
2022-09-19 14:02:14,77,0,3888.0,-3376
2022-09-19 14:02:15,71,1,3888.25,-3375
2022-09-19 14:02:16,28,12,3888.25,-3363
2022-09-19 14:02:17,45,8,3888.5,-3355
2022-09-19 14:02:18,35,-7,3888.5,-3362
2022-09-19 14:02:19,63,-8,3888.75,-3370
2022-09-19 14:02:20,70,-16,3888.5,-3386
2022-09-19 14:02:21,20,4,3888.0,-3382
2022-09-19 14:02:22,70,-24,3888.0,-3406
2022-09-19 14:02:23,44,-27,3887.5,-3433
2022-09-19 14:02:24,243,-29,3887.25,-3462
2022-09-19 14:02:25,23,-12,3886.75,-3474
2022-09-19 14:02:26,205,40,3887.0,-3434
2022-09-19 14:02:27,119,-2,3886.75,-3436
2022-09-19 14:02:28,79,-4,3886.75,-3440
2022-09-19 14:02:29,31,8,3886.5,-3432
2022-09-19 14:02:30,4,-1,3886.75,-3433
2022-09-19 14:02:31,101,10,3886.75,-3423
2022-09-19 14:02:32,7,-5,3886.5,-3428
2022-09-19 14:02:33,101,-5,3886.5,-3433
2022-09-19 14:02:34,97,-5,3886.25,-3438
2022-09-19 14:02:35,56,3,3886.25,-3435
2022-09-19 14:02:36,6,5,3886.5,-3430
2022-09-19 14:02:37,91,-16,3886.5,-3446
2022-09-19 14:02:38,10,-2,3886.5,-3448
2022-09-19 14:02:39,76,1,3886.75,-3447
2022-09-19 14:02:40,22,2,3886.5,-3445
2022-09-19 14:02:41,22,-1,3886.5,-3446
2022-09-19 14:02:43,33,6,3886.75,-3440
2022-09-19 14:02:44,48,-22,3886.5,-3462
2022-09-19 14:02:45,46,2,3886.25,-3460
2022-09-19 14:02:46,47,-3,3886.0,-3463
2022-09-19 14:02:47,57,-20,3886.0,-3483
2022-09-19 14:02:48,6,-4,3885.75,-3487
2022-09-19 14:02:49,6,-6,3885.75,-3493
2022-09-19 14:02:50,7,0,3886.0,-3493
2022-09-19 14:02:51,20,-15,3885.75,-3508
2022-09-19 14:02:52,44,8,3885.75,-3500
2022-09-19 14:02:53,2,-1,3885.75,-3501
2022-09-19 14:02:54,57,5,3885.75,-3496
2022-09-19 14:02:55,55,-3,3885.75,-3499
2022-09-19 14:02:56,47,-25,3885.75,-3524
2022-09-19 14:02:57,247,-12,3885.75,-3536
2022-09-19 14:02:58,84,18,3886.25,-3518
2022-09-19 14:02:59,47,3,3886.0,-3515
2022-09-19 14:03:00,2,2,3886.0,-3513
2022-09-19 14:03:01,388,149,3886.75,-3364
2022-09-19 14:03:02,151,9,3886.75,-3355
2022-09-19 14:03:03,50,21,3887.0,-3334
2022-09-19 14:03:04,43,-6,3886.75,-3340
2022-09-19 14:03:05,15,-7,3886.5,-3347
2022-09-19 14:03:06,38,0,3886.5,-3347
2022-09-19 14:03:07,58,7,3886.5,-3340
2022-09-19 14:03:08,54,-12,3886.0,-3352
2022-09-19 14:03:09,77,10,3886.25,-3342
2022-09-19 14:03:10,48,-8,3886.25,-3350
2022-09-19 14:03:11,15,-1,3886.0,-3351
2022-09-19 14:03:12,97,-13,3885.75,-3364
2022-09-19 14:03:13,61,-7,3885.5,-3371
2022-09-19 14:03:14,29,7,3885.5,-3364
2022-09-19 14:03:15,23,8,3885.5,-3356
2022-09-19 14:03:16,84,-12,3885.75,-3368
2022-09-19 14:03:17,49,-3,3885.5,-3371
2022-09-19 14:03:18,19,-9,3885.5,-3380
2022-09-19 14:03:19,10,-4,3885.25,-3384
2022-09-19 14:03:20,2,0,3885.5,-3384
2022-09-19 14:03:21,1,-1,3885.25,-3385
2022-09-19 14:03:22,57,4,3885.5,-3381
2022-09-19 14:03:23,52,-17,3885.25,-3398
2022-09-19 14:03:24,40,0,3885.5,-3398
2022-09-19 14:03:25,14,7,3885.5,-3391
2022-09-19 14:03:26,9,9,3885.75,-3382
2022-09-19 14:03:28,379,-41,3885.75,-3423
2022-09-19 14:03:30,135,33,3886.25,-3390
2022-09-19 14:03:31,60,29,3886.25,-3361
2022-09-19 14:03:32,158,-24,3886.75,-3385
2022-09-19 14:03:33,85,-33,3886.0,-3418
2022-09-19 14:03:34,280,-64,3885.75,-3482
2022-09-19 14:03:35,70,-11,3885.25,-3493
2022-09-19 14:03:36,39,7,3885.25,-3486
2022-09-19 14:03:37,83,37,3885.5,-3449
2022-09-19 14:03:39,172,-55,3885.25,-3504
2022-09-19 14:03:40,85,11,3885.25,-3493
2022-09-19 14:03:41,63,-24,3885.0,-3517
2022-09-19 14:03:42,85,-24,3884.75,-3541
2022-09-19 14:03:43,52,8,3884.75,-3533
2022-09-19 14:03:44,7,-6,3884.5,-3539
2022-09-19 14:03:45,20,-15,3884.75,-3554
2022-09-19 14:03:46,39,14,3885.0,-3540
2022-09-19 14:03:47,22,14,3885.0,-3526
2022-09-19 14:03:48,30,2,3885.25,-3524
2022-09-19 14:03:49,199,0,3885.25,-3524
2022-09-19 14:03:52,5,-5,3885.0,-3529
2022-09-19 14:03:53,77,-23,3885.0,-3552
2022-09-19 14:03:54,63,15,3885.5,-3537
2022-09-19 14:03:55,206,40,3885.5,-3497
2022-09-19 14:03:57,145,-39,3885.5,-3536
2022-09-19 14:03:58,125,-44,3885.5,-3580
2022-09-19 14:03:59,62,-8,3885.25,-3588
2022-09-19 14:04:00,102,-38,3884.75,-3626
2022-09-19 14:04:01,18,8,3884.75,-3618
2022-09-19 14:04:02,18,9,3885.25,-3609
2022-09-19 14:04:03,126,4,3885.0,-3605
2022-09-19 14:04:04,40,14,3885.25,-3591
2022-09-19 14:04:05,61,-9,3885.0,-3600
2022-09-19 14:04:06,48,6,3885.0,-3594
2022-09-19 14:04:07,48,4,3885.25,-3590
2022-09-19 14:04:08,35,24,3885.75,-3566
2022-09-19 14:04:09,18,9,3885.75,-3557
2022-09-19 14:04:10,74,2,3885.75,-3555
2022-09-19 14:04:11,45,2,3885.75,-3553
2022-09-19 14:04:12,44,8,3886.0,-3545
2022-09-19 14:04:13,56,13,3886.0,-3532
2022-09-19 14:04:14,65,-10,3885.75,-3542
2022-09-19 14:04:15,12,0,3885.75,-3542
2022-09-19 14:04:16,18,5,3885.75,-3537
2022-09-19 14:04:17,46,18,3886.5,-3519
2022-09-19 14:04:18,53,-17,3886.25,-3536
2022-09-19 14:04:19,10,-4,3885.75,-3540
2022-09-19 14:04:20,61,-3,3885.5,-3543
2022-09-19 14:04:21,9,-5,3885.5,-3548
2022-09-19 14:04:22,22,-3,3885.25,-3551
2022-09-19 14:04:23,30,-2,3885.25,-3553
2022-09-19 14:04:24,42,-8,3885.0,-3561
2022-09-19 14:04:25,90,0,3885.0,-3561
2022-09-19 14:04:26,74,-23,3885.0,-3584
2022-09-19 14:04:27,61,-31,3884.5,-3615
2022-09-19 14:04:28,48,-3,3884.5,-3618
2022-09-19 14:04:29,32,-6,3884.5,-3624
2022-09-19 14:04:30,260,-58,3884.25,-3682
2022-09-19 14:04:31,65,-3,3884.0,-3685
2022-09-19 14:04:32,46,0,3884.25,-3685
2022-09-19 14:04:33,28,-18,3884.25,-3703
2022-09-19 14:04:34,1,-1,3884.0,-3704
2022-09-19 14:04:35,117,-22,3884.0,-3726
2022-09-19 14:04:36,76,-6,3883.75,-3732
2022-09-19 14:04:37,8,-4,3883.75,-3736
2022-09-19 14:04:38,28,11,3883.75,-3725
2022-09-19 14:04:39,112,-29,3884.0,-3754
2022-09-19 14:04:40,149,-47,3884.0,-3801
2022-09-19 14:04:41,76,-6,3883.75,-3807
2022-09-19 14:04:42,2,-2,3883.75,-3809
2022-09-19 14:04:43,27,15,3883.75,-3794
2022-09-19 14:04:44,21,-4,3883.75,-3798
2022-09-19 14:04:45,16,-13,3883.75,-3811
2022-09-19 14:04:46,13,7,3883.75,-3804
2022-09-19 14:04:47,140,46,3884.25,-3758
2022-09-19 14:04:48,84,1,3884.25,-3757
2022-09-19 14:04:49,85,-40,3883.75,-3797
2022-09-19 14:04:50,11,-5,3883.75,-3802
2022-09-19 14:04:51,23,16,3884.0,-3786
2022-09-19 14:04:52,1,-1,3883.75,-3787
2022-09-19 14:04:53,54,-16,3883.75,-3803
2022-09-19 14:04:54,63,-15,3883.5,-3818
2022-09-19 14:04:55,28,-3,3883.75,-3821
2022-09-19 14:04:56,1,1,3883.75,-3820
2022-09-19 14:04:57,12,8,3883.75,-3812
2022-09-19 14:04:58,1,1,3884.0,-3811
2022-09-19 14:04:59,97,0,3884.0,-3811
2022-09-19 14:05:00,63,-4,3883.75,-3815
2022-09-19 14:05:01,48,11,3884.25,-3804
2022-09-19 14:05:02,195,34,3884.25,-3770
2022-09-19 14:05:03,356,103,3885.0,-3667
2022-09-19 14:05:04,197,-42,3884.25,-3709
2022-09-19 14:05:05,3,-1,3884.5,-3710
2022-09-19 14:05:06,105,24,3884.75,-3686
2022-09-19 14:05:07,43,-9,3884.75,-3695
2022-09-19 14:05:08,59,-21,3884.75,-3716
2022-09-19 14:05:09,14,4,3884.75,-3712
2022-09-19 14:05:10,37,-3,3884.5,-3715
2022-09-19 14:05:12,33,-10,3884.5,-3725
2022-09-19 14:05:13,80,13,3884.75,-3712
2022-09-19 14:05:14,6,-4,3884.75,-3716
2022-09-19 14:05:15,31,13,3884.75,-3703
2022-09-19 14:05:16,131,-1,3884.5,-3704
2022-09-19 14:05:17,3,-3,3884.25,-3707
2022-09-19 14:05:18,13,-8,3884.5,-3715
2022-09-19 14:05:19,38,-11,3884.25,-3726
2022-09-19 14:05:20,34,0,3884.25,-3726
2022-09-19 14:05:21,42,-19,3884.25,-3745
2022-09-19 14:05:22,293,-39,3883.75,-3784
2022-09-19 14:05:23,38,-18,3883.75,-3802
2022-09-19 14:05:24,26,2,3883.75,-3800
2022-09-19 14:05:25,90,38,3884.0,-3762
2022-09-19 14:05:26,60,-23,3884.25,-3785
2022-09-19 14:05:27,2,2,3884.0,-3783
2022-09-19 14:05:28,62,-25,3883.75,-3808
2022-09-19 14:05:29,12,-5,3883.5,-3813
2022-09-19 14:05:30,10,-6,3883.25,-3819
2022-09-19 14:05:31,219,-75,3883.25,-3894
2022-09-19 14:05:32,72,4,3883.25,-3890
2022-09-19 14:05:33,130,18,3883.5,-3872
2022-09-19 14:05:34,21,6,3883.5,-3866
2022-09-19 14:05:35,9,-5,3883.5,-3871
2022-09-19 14:05:36,55,4,3883.5,-3867
2022-09-19 14:05:37,59,-19,3883.25,-3886
2022-09-19 14:05:38,26,18,3883.5,-3868
2022-09-19 14:05:39,75,-34,3883.25,-3902
2022-09-19 14:05:40,7,-3,3883.0,-3905
2022-09-19 14:05:41,48,-15,3883.0,-3920
2022-09-19 14:05:42,45,4,3883.25,-3916
2022-09-19 14:05:43,72,-2,3883.25,-3918
2022-09-19 14:05:44,65,-9,3883.0,-3927
2022-09-19 14:05:45,8,-4,3883.0,-3931
2022-09-19 14:05:46,81,10,3883.25,-3921
2022-09-19 14:05:47,9,-7,3883.25,-3928
2022-09-19 14:05:48,13,-1,3883.25,-3929
2022-09-19 14:05:49,24,3,3883.25,-3926
2022-09-19 14:05:50,46,0,3883.0,-3926
2022-09-19 14:05:51,22,4,3883.5,-3922
2022-09-19 14:05:52,2,-1,3883.0,-3923
2022-09-19 14:05:53,20,3,3883.25,-3920
2022-09-19 14:05:54,12,9,3883.5,-3911
2022-09-19 14:05:55,39,5,3883.5,-3906
2022-09-19 14:05:56,15,-3,3883.25,-3909
2022-09-19 14:05:57,6,-5,3883.25,-3914
2022-09-19 14:05:58,38,-5,3883.0,-3919
2022-09-19 14:05:59,48,13,3883.5,-3906
2022-09-19 14:06:00,39,5,3883.5,-3901
2022-09-19 14:06:01,50,0,3883.25,-3901
2022-09-19 14:06:02,24,4,3883.5,-3897
2022-09-19 14:06:03,17,1,3883.0,-3896
2022-09-19 14:06:04,72,10,3883.5,-3886
2022-09-19 14:06:05,130,19,3883.75,-3867
2022-09-19 14:06:06,27,-9,3884.0,-3876
2022-09-19 14:06:07,54,-1,3883.75,-3877
2022-09-19 14:06:08,16,-4,3883.75,-3881
2022-09-19 14:06:09,1,1,3883.5,-3880
2022-09-19 14:06:10,48,-6,3883.5,-3886
2022-09-19 14:06:11,1,-1,3883.25,-3887
2022-09-19 14:06:12,36,-15,3883.25,-3902
2022-09-19 14:06:13,78,-42,3882.75,-3944
2022-09-19 14:06:14,313,-121,3882.75,-4065
2022-09-19 14:06:15,40,2,3882.25,-4063
2022-09-19 14:06:16,59,11,3882.25,-4052
2022-09-19 14:06:17,169,-31,3882.0,-4083
2022-09-19 14:06:18,72,-14,3882.0,-4097
2022-09-19 14:06:19,7,-1,3882.25,-4098
2022-09-19 14:06:20,13,-8,3882.0,-4106
2022-09-19 14:06:21,67,48,3882.5,-4058
2022-09-19 14:06:22,29,7,3882.5,-4051
2022-09-19 14:06:23,13,9,3882.75,-4042
2022-09-19 14:06:24,84,40,3883.0,-4002
2022-09-19 14:06:25,4,-2,3883.0,-4004
2022-09-19 14:06:26,3,-1,3883.0,-4005
2022-09-19 14:06:27,67,-3,3883.0,-4008
2022-09-19 14:06:28,44,-1,3883.0,-4009
2022-09-19 14:06:29,191,49,3883.25,-3960
2022-09-19 14:06:30,1,1,3883.25,-3959
2022-09-19 14:06:31,36,-15,3883.25,-3974
2022-09-19 14:06:32,42,-23,3883.0,-3997
2022-09-19 14:06:33,110,4,3883.25,-3993
2022-09-19 14:06:34,179,-42,3883.0,-4035
2022-09-19 14:06:35,145,14,3883.25,-4021
2022-09-19 14:06:36,14,-4,3883.0,-4025
2022-09-19 14:06:37,69,5,3883.0,-4020
2022-09-19 14:06:39,15,11,3883.25,-4009
2022-09-19 14:06:40,53,19,3883.75,-3990
2022-09-19 14:06:41,131,54,3884.25,-3936
2022-09-19 14:06:42,50,-19,3884.0,-3955
2022-09-19 14:06:43,53,6,3883.75,-3949
2022-09-19 14:06:44,24,8,3883.75,-3941
2022-09-19 14:06:45,10,-4,3884.0,-3945
2022-09-19 14:06:46,37,-20,3883.75,-3965
2022-09-19 14:06:47,52,-14,3883.5,-3979
2022-09-19 14:06:48,25,-7,3883.25,-3986
2022-09-19 14:06:49,91,-10,3883.25,-3996
2022-09-19 14:06:50,38,9,3883.0,-3987
2022-09-19 14:06:51,27,-10,3883.0,-3997
2022-09-19 14:06:52,122,-18,3883.0,-4015
2022-09-19 14:06:53,39,8,3883.0,-4007
2022-09-19 14:06:54,22,-8,3883.25,-4015
2022-09-19 14:06:55,41,16,3883.25,-3999
2022-09-19 14:06:56,40,6,3883.5,-3993
2022-09-19 14:06:57,23,-5,3883.5,-3998
2022-09-19 14:06:58,237,-19,3883.25,-4017
2022-09-19 14:07:00,1,-1,3883.0,-4018
2022-09-19 14:07:01,39,14,3883.25,-4004
2022-09-19 14:07:02,2,2,3883.25,-4002
2022-09-19 14:07:03,1,1,3883.25,-4001
2022-09-19 14:07:05,78,-3,3883.25,-4004
2022-09-19 14:07:06,96,15,3883.75,-3989
2022-09-19 14:07:07,40,4,3883.75,-3985
2022-09-19 14:07:08,19,11,3884.0,-3974
2022-09-19 14:07:09,24,-12,3883.75,-3986
2022-09-19 14:07:10,55,-6,3883.75,-3992
2022-09-19 14:07:11,40,16,3884.0,-3976
2022-09-19 14:07:12,44,9,3884.0,-3967
2022-09-19 14:07:13,199,20,3884.25,-3947
2022-09-19 14:07:14,42,-2,3884.25,-3949
2022-09-19 14:07:15,20,-10,3884.25,-3959
2022-09-19 14:07:16,40,10,3884.5,-3949
2022-09-19 14:07:17,15,7,3884.5,-3942
2022-09-19 14:07:18,52,3,3884.5,-3939
2022-09-19 14:07:19,71,6,3884.75,-3933
2022-09-19 14:07:20,60,37,3884.5,-3896
2022-09-19 14:07:21,13,5,3884.5,-3891
2022-09-19 14:07:22,39,-6,3884.5,-3897
2022-09-19 14:07:23,195,-30,3884.25,-3927
2022-09-19 14:07:24,30,-6,3884.0,-3933
2022-09-19 14:07:25,34,1,3884.0,-3932
2022-09-19 14:07:26,4,-4,3884.0,-3936
2022-09-19 14:07:27,75,40,3884.0,-3896
2022-09-19 14:07:28,2,0,3884.0,-3896
2022-09-19 14:07:29,21,15,3884.0,-3881
2022-09-19 14:07:30,88,-12,3884.0,-3893
2022-09-19 14:07:31,14,13,3884.5,-3880
2022-09-19 14:07:32,2,0,3884.5,-3880
2022-09-19 14:07:33,41,-3,3884.5,-3883
2022-09-19 14:07:34,25,5,3884.5,-3878
2022-09-19 14:07:35,44,-14,3884.25,-3892
2022-09-19 14:07:36,75,-14,3883.75,-3906
2022-09-19 14:07:37,31,-7,3883.75,-3913
2022-09-19 14:07:38,127,-60,3883.75,-3973
2022-09-19 14:07:39,22,20,3883.75,-3953
2022-09-19 14:07:40,25,0,3884.0,-3953
2022-09-19 14:07:41,195,-62,3883.75,-4015
2022-09-19 14:07:43,18,11,3883.75,-4004
2022-09-19 14:07:44,48,-9,3883.75,-4013
2022-09-19 14:07:45,30,-11,3883.5,-4024
2022-09-19 14:07:46,75,-3,3883.5,-4027
2022-09-19 14:07:47,10,-8,3883.25,-4035
2022-09-19 14:07:48,133,-36,3883.25,-4071
2022-09-19 14:07:49,19,8,3882.75,-4063
2022-09-19 14:07:50,14,10,3883.0,-4053
2022-09-19 14:07:51,37,6,3883.25,-4047
2022-09-19 14:07:52,1,-1,3883.0,-4048
2022-09-19 14:07:53,24,-2,3883.25,-4050
2022-09-19 14:07:54,163,56,3883.75,-3994
2022-09-19 14:07:55,28,-16,3884.0,-4010
2022-09-19 14:07:56,42,8,3883.5,-4002
2022-09-19 14:07:57,24,-13,3883.5,-4015
2022-09-19 14:07:58,8,5,3883.5,-4010
2022-09-19 14:08:00,66,27,3883.75,-3983
2022-09-19 14:08:01,35,-14,3883.75,-3997
2022-09-19 14:08:02,79,-14,3883.75,-4011
2022-09-19 14:08:03,82,-11,3883.75,-4022
2022-09-19 14:08:04,28,-7,3883.75,-4029
2022-09-19 14:08:05,12,-9,3883.75,-4038
2022-09-19 14:08:07,2,2,3884.0,-4036
2022-09-19 14:08:08,207,79,3884.5,-3957
2022-09-19 14:08:09,105,-16,3884.5,-3973
2022-09-19 14:08:10,88,-5,3884.25,-3978
2022-09-19 14:08:11,2,2,3884.25,-3976
2022-09-19 14:08:12,73,-43,3884.25,-4019
2022-09-19 14:08:13,3,-1,3884.25,-4020
2022-09-19 14:08:14,6,3,3884.25,-4017
2022-09-19 14:08:15,130,47,3884.5,-3970
2022-09-19 14:08:16,6,4,3884.5,-3966
2022-09-19 14:08:17,108,-20,3884.5,-3986
2022-09-19 14:08:18,102,58,3885.0,-3928
2022-09-19 14:08:19,123,41,3885.25,-3887
2022-09-19 14:08:20,44,28,3885.5,-3859
2022-09-19 14:08:21,307,120,3885.75,-3739
2022-09-19 14:08:22,248,2,3886.0,-3737
2022-09-19 14:08:23,22,13,3885.75,-3724
2022-09-19 14:08:24,7,3,3886.0,-3721
2022-09-19 14:08:25,3,-1,3886.0,-3722
2022-09-19 14:08:26,327,29,3886.25,-3693
2022-09-19 14:08:27,96,-27,3886.25,-3720
2022-09-19 14:08:28,206,-18,3886.0,-3738
2022-09-19 14:08:29,2,2,3886.0,-3736
2022-09-19 14:08:30,104,4,3886.0,-3732
2022-09-19 14:08:31,6,0,3886.25,-3732
2022-09-19 14:08:32,67,-12,3886.25,-3744
2022-09-19 14:08:33,9,-9,3886.0,-3753
2022-09-19 14:08:34,40,3,3886.0,-3750
2022-09-19 14:08:35,32,-6,3886.0,-3756
2022-09-19 14:08:36,9,6,3886.0,-3750
2022-09-19 14:08:37,333,71,3886.5,-3679
2022-09-19 14:08:38,25,-2,3886.5,-3681
2022-09-19 14:08:39,78,-6,3886.5,-3687
2022-09-19 14:08:40,38,6,3886.5,-3681
2022-09-19 14:08:41,14,-7,3886.25,-3688
2022-09-19 14:08:43,68,-25,3886.0,-3713
2022-09-19 14:08:44,11,-9,3886.25,-3722
2022-09-19 14:08:45,32,1,3886.25,-3721
2022-09-19 14:08:46,12,-10,3886.25,-3731
2022-09-19 14:08:47,57,3,3886.5,-3728
2022-09-19 14:08:48,97,-19,3886.75,-3747
2022-09-19 14:08:49,25,-3,3886.75,-3750
2022-09-19 14:08:50,1,1,3886.5,-3749
2022-09-19 14:08:51,56,4,3886.5,-3745
2022-09-19 14:08:52,31,1,3886.5,-3744
2022-09-19 14:08:53,321,70,3887.0,-3674
2022-09-19 14:08:54,54,-1,3887.0,-3675
2022-09-19 14:08:55,37,-5,3886.75,-3680
2022-09-19 14:08:56,29,4,3887.0,-3676
2022-09-19 14:08:57,64,23,3887.0,-3653
2022-09-19 14:08:58,58,-15,3886.75,-3668
2022-09-19 14:08:59,23,4,3886.5,-3664
2022-09-19 14:09:00,4,1,3886.5,-3663
2022-09-19 14:09:01,19,0,3886.75,-3663
2022-09-19 14:09:02,11,-10,3886.5,-3673
2022-09-19 14:09:03,172,-41,3886.5,-3714
2022-09-19 14:09:04,16,-8,3886.0,-3722
2022-09-19 14:09:05,35,-16,3886.0,-3738
2022-09-19 14:09:06,16,-8,3885.75,-3746
2022-09-19 14:09:07,42,-16,3885.5,-3762
2022-09-19 14:09:08,53,14,3885.75,-3748
2022-09-19 14:09:09,33,3,3885.75,-3745
2022-09-19 14:09:10,27,-4,3885.75,-3749
2022-09-19 14:09:11,1,-1,3885.5,-3750
2022-09-19 14:09:12,23,-4,3885.5,-3754
2022-09-19 14:09:13,4,-3,3885.25,-3757
2022-09-19 14:09:14,204,-23,3885.25,-3780
2022-09-19 14:09:15,6,-2,3885.25,-3782
2022-09-19 14:09:16,1,-1,3885.25,-3783
2022-09-19 14:09:17,137,24,3885.75,-3759
2022-09-19 14:09:18,47,25,3886.0,-3734
2022-09-19 14:09:19,80,7,3886.0,-3727
2022-09-19 14:09:20,9,5,3886.25,-3722
2022-09-19 14:09:21,19,14,3886.25,-3708
2022-09-19 14:09:22,205,-4,3886.5,-3712
2022-09-19 14:09:23,42,-6,3886.5,-3718
2022-09-19 14:09:24,15,-8,3886.75,-3726
2022-09-19 14:09:25,43,-7,3886.5,-3733
2022-09-19 14:09:26,14,3,3886.5,-3730
2022-09-19 14:09:27,8,-8,3886.5,-3738
2022-09-19 14:09:28,9,-8,3886.25,-3746
2022-09-19 14:09:29,10,6,3886.25,-3740
2022-09-19 14:09:31,38,-5,3886.5,-3745
2022-09-19 14:09:32,117,-16,3886.5,-3761
2022-09-19 14:09:33,166,58,3886.75,-3703
2022-09-19 14:09:34,71,16,3887.0,-3687
2022-09-19 14:09:35,94,41,3887.25,-3646
2022-09-19 14:09:36,46,-10,3887.0,-3656
2022-09-19 14:09:37,312,-53,3887.0,-3709
2022-09-19 14:09:38,138,-10,3887.0,-3719
2022-09-19 14:09:39,35,-15,3887.0,-3734
2022-09-19 14:09:40,66,-6,3887.0,-3740
2022-09-19 14:09:41,127,-22,3887.0,-3762
2022-09-19 14:09:42,1,-1,3886.75,-3763
2022-09-19 14:09:43,13,5,3887.0,-3758
2022-09-19 14:09:44,41,-12,3887.25,-3770
2022-09-19 14:09:45,14,5,3887.0,-3765
2022-09-19 14:09:46,27,-9,3887.0,-3774
2022-09-19 14:09:47,12,3,3887.0,-3771
2022-09-19 14:09:48,36,-18,3886.5,-3789
2022-09-19 14:09:49,43,-18,3886.5,-3807
2022-09-19 14:09:50,25,-3,3886.75,-3810
2022-09-19 14:09:51,21,-6,3886.5,-3816
2022-09-19 14:09:52,17,4,3886.5,-3812
2022-09-19 14:09:53,6,-6,3886.5,-3818
2022-09-19 14:09:54,13,12,3886.5,-3806
2022-09-19 14:09:55,9,-5,3886.5,-3811
2022-09-19 14:09:56,1,1,3886.5,-3810
2022-09-19 14:09:57,10,4,3886.5,-3806
2022-09-19 14:09:58,19,-1,3886.5,-3807
2022-09-19 14:09:59,20,-4,3886.5,-3811
2022-09-19 14:10:00,77,-27,3886.25,-3838
2022-09-19 14:10:01,7,-3,3886.25,-3841
2022-09-19 14:10:02,52,6,3886.25,-3835
2022-09-19 14:10:03,42,9,3886.25,-3826
2022-09-19 14:10:04,18,3,3886.25,-3823
2022-09-19 14:10:05,9,4,3886.25,-3819
2022-09-19 14:10:06,16,3,3886.5,-3816
2022-09-19 14:10:07,4,0,3886.5,-3816
2022-09-19 14:10:08,117,31,3886.5,-3785
2022-09-19 14:10:09,43,-10,3886.75,-3795
2022-09-19 14:10:10,111,32,3886.75,-3763
2022-09-19 14:10:11,45,-29,3886.5,-3792
2022-09-19 14:10:12,110,9,3886.5,-3783
2022-09-19 14:10:13,29,27,3887.0,-3756
2022-09-19 14:10:14,134,-18,3887.0,-3774
2022-09-19 14:10:15,24,7,3887.0,-3767
2022-09-19 14:10:17,245,-1,3887.0,-3768
2022-09-19 14:10:18,57,-9,3886.75,-3777
2022-09-19 14:10:19,56,-6,3886.25,-3783
2022-09-19 14:10:20,6,-6,3886.25,-3789
2022-09-19 14:10:21,108,-11,3886.0,-3800
2022-09-19 14:10:22,78,16,3885.75,-3784
2022-09-19 14:10:24,11,-7,3885.75,-3791
2022-09-19 14:10:25,20,6,3885.5,-3785
2022-09-19 14:10:26,32,14,3885.75,-3771
2022-09-19 14:10:27,39,-16,3885.75,-3787
2022-09-19 14:10:28,61,-13,3885.25,-3800
2022-09-19 14:10:29,194,-55,3884.75,-3855
2022-09-19 14:10:30,97,-13,3884.5,-3868
2022-09-19 14:10:31,70,6,3885.0,-3862
2022-09-19 14:10:32,68,1,3885.0,-3861
2022-09-19 14:10:33,54,-14,3884.5,-3875
2022-09-19 14:10:34,10,2,3884.75,-3873
2022-09-19 14:10:35,53,-29,3884.75,-3902
2022-09-19 14:10:36,69,29,3884.5,-3873
2022-09-19 14:10:37,57,-10,3884.25,-3883
2022-09-19 14:10:38,37,15,3884.75,-3868
2022-09-19 14:10:39,22,-5,3884.75,-3873
2022-09-19 14:10:40,28,-5,3884.75,-3878
2022-09-19 14:10:41,16,2,3884.75,-3876
2022-09-19 14:10:42,107,-52,3884.75,-3928
2022-09-19 14:10:43,24,-13,3884.75,-3941
2022-09-19 14:10:44,35,10,3884.75,-3931
2022-09-19 14:10:45,21,7,3884.75,-3924
2022-09-19 14:10:46,65,16,3884.75,-3908
2022-09-19 14:10:47,83,6,3884.75,-3902
2022-09-19 14:10:48,193,-15,3884.75,-3917
2022-09-19 14:10:49,160,-26,3884.5,-3943
2022-09-19 14:10:50,88,0,3884.75,-3943
2022-09-19 14:10:51,2,2,3884.75,-3941
2022-09-19 14:10:52,49,-3,3884.75,-3944
2022-09-19 14:10:53,1,1,3884.75,-3943
2022-09-19 14:10:55,1,1,3884.75,-3942
2022-09-19 14:10:56,28,-19,3884.5,-3961
2022-09-19 14:10:57,1,1,3884.75,-3960
2022-09-19 14:10:58,102,20,3884.75,-3940
2022-09-19 14:10:59,2,2,3884.75,-3938
2022-09-19 14:11:00,197,-84,3884.5,-4022
2022-09-19 14:11:01,82,-48,3884.0,-4070
2022-09-19 14:11:02,90,23,3884.25,-4047
2022-09-19 14:11:03,53,3,3884.25,-4044
2022-09-19 14:11:04,21,-5,3884.25,-4049
2022-09-19 14:11:05,55,-13,3884.25,-4062
2022-09-19 14:11:06,110,31,3884.5,-4031
2022-09-19 14:11:07,66,15,3884.5,-4016
2022-09-19 14:11:08,329,90,3884.75,-3926
2022-09-19 14:11:09,33,-3,3884.5,-3929
2022-09-19 14:11:10,216,-60,3884.5,-3989
2022-09-19 14:11:11,2,0,3884.5,-3989
2022-09-19 14:11:12,127,31,3884.5,-3958
2022-09-19 14:11:13,73,11,3884.5,-3947
2022-09-19 14:11:14,34,-1,3884.75,-3948
2022-09-19 14:11:15,28,-17,3884.75,-3965
2022-09-19 14:11:16,52,3,3884.5,-3962
2022-09-19 14:11:17,16,-3,3884.5,-3965
2022-09-19 14:11:18,35,1,3884.75,-3964
2022-09-19 14:11:19,97,32,3885.25,-3932
2022-09-19 14:11:20,38,8,3885.5,-3924
2022-09-19 14:11:21,55,-5,3885.25,-3929
2022-09-19 14:11:22,14,-12,3885.0,-3941
2022-09-19 14:11:23,39,17,3884.75,-3924
2022-09-19 14:11:24,34,-11,3884.5,-3935
2022-09-19 14:11:26,199,-37,3884.5,-3972
2022-09-19 14:11:27,59,-10,3884.25,-3982
2022-09-19 14:11:29,1,-1,3884.25,-3983
2022-09-19 14:11:31,314,28,3884.5,-3955
2022-09-19 14:11:33,1,1,3884.5,-3954
2022-09-19 14:11:34,12,0,3884.75,-3954
2022-09-19 14:11:35,147,-28,3884.5,-3982
2022-09-19 14:11:36,78,18,3884.5,-3964
2022-09-19 14:11:37,26,14,3884.75,-3950
2022-09-19 14:11:38,7,-6,3884.75,-3956
2022-09-19 14:11:39,6,-3,3884.75,-3959
2022-09-19 14:11:41,303,-85,3884.75,-4044
2022-09-19 14:11:42,145,-73,3885.0,-4117
2022-09-19 14:11:43,31,24,3884.75,-4093
2022-09-19 14:11:44,5,-4,3884.5,-4097
2022-09-19 14:11:45,1,1,3884.75,-4096
2022-09-19 14:11:46,210,15,3884.75,-4081
2022-09-19 14:11:47,2,1,3884.75,-4080
2022-09-19 14:11:48,15,-11,3884.5,-4091
2022-09-19 14:11:49,18,-7,3884.5,-4098
2022-09-19 14:11:50,9,3,3884.5,-4095
2022-09-19 14:11:51,54,-12,3884.75,-4107
2022-09-19 14:11:52,132,-18,3884.25,-4125
2022-09-19 14:11:53,28,-21,3884.0,-4146
2022-09-19 14:11:54,82,22,3883.5,-4124
2022-09-19 14:11:55,15,7,3883.75,-4117
2022-09-19 14:11:56,30,-2,3884.0,-4119
2022-09-19 14:11:58,7,4,3884.0,-4115
2022-09-19 14:11:59,48,2,3884.25,-4113
2022-09-19 14:12:00,53,-1,3884.0,-4114
2022-09-19 14:12:01,48,-1,3884.0,-4115
2022-09-19 14:12:02,6,3,3884.0,-4112
2022-09-19 14:12:03,13,0,3883.75,-4112
2022-09-19 14:12:04,13,-6,3883.75,-4118
2022-09-19 14:12:05,10,-2,3883.75,-4120
2022-09-19 14:12:06,52,13,3884.25,-4107
2022-09-19 14:12:07,10,8,3884.25,-4099
2022-09-19 14:12:08,20,-5,3884.25,-4104
2022-09-19 14:12:09,2,-2,3884.25,-4106
2022-09-19 14:12:10,22,3,3884.25,-4103
2022-09-19 14:12:11,12,5,3884.5,-4098
2022-09-19 14:12:12,170,12,3884.75,-4086
2022-09-19 14:12:13,127,16,3885.25,-4070
2022-09-19 14:12:14,1,1,3885.25,-4069
2022-09-19 14:12:15,83,-20,3885.0,-4089
2022-09-19 14:12:16,39,0,3885.25,-4089
2022-09-19 14:12:17,54,-16,3885.0,-4105
2022-09-19 14:12:18,126,49,3885.75,-4056
2022-09-19 14:12:19,51,4,3885.75,-4052
2022-09-19 14:12:20,38,3,3885.75,-4049
2022-09-19 14:12:21,16,-2,3885.75,-4051
2022-09-19 14:12:22,65,30,3885.75,-4021
2022-09-19 14:12:23,115,-32,3885.75,-4053
2022-09-19 14:12:24,63,-9,3885.5,-4062
2022-09-19 14:12:25,64,0,3885.5,-4062
2022-09-19 14:12:26,49,-11,3885.5,-4073
2022-09-19 14:12:27,50,-4,3885.75,-4077
2022-09-19 14:12:28,16,-2,3885.5,-4079
2022-09-19 14:12:29,10,-9,3885.5,-4088
2022-09-19 14:12:30,37,-16,3885.75,-4104
2022-09-19 14:12:31,187,32,3886.0,-4072
2022-09-19 14:12:32,28,9,3886.0,-4063
2022-09-19 14:12:33,32,-7,3885.75,-4070
2022-09-19 14:12:34,13,1,3885.75,-4069
2022-09-19 14:12:35,235,-13,3886.0,-4082
2022-09-19 14:12:36,112,30,3886.25,-4052
2022-09-19 14:12:37,34,12,3886.25,-4040
2022-09-19 14:12:38,65,-1,3886.25,-4041
2022-09-19 14:12:39,10,6,3886.5,-4035
2022-09-19 14:12:40,66,24,3886.5,-4011
2022-09-19 14:12:41,116,-2,3886.75,-4013
2022-09-19 14:12:42,29,7,3886.75,-4006
2022-09-19 14:12:43,34,-16,3886.75,-4022
2022-09-19 14:12:44,38,3,3886.5,-4019
2022-09-19 14:12:45,14,-7,3886.75,-4026
2022-09-19 14:12:46,15,-6,3886.75,-4032
2022-09-19 14:12:47,49,-24,3886.25,-4056
2022-09-19 14:12:48,113,5,3886.25,-4051
2022-09-19 14:12:49,125,-16,3886.0,-4067
2022-09-19 14:12:50,27,-5,3885.75,-4072
2022-09-19 14:12:51,14,7,3886.0,-4065
2022-09-19 14:12:52,20,-8,3885.75,-4073
2022-09-19 14:12:53,25,3,3886.0,-4070
2022-09-19 14:12:54,50,5,3886.25,-4065
2022-09-19 14:12:55,1,1,3886.25,-4064
2022-09-19 14:12:56,5,0,3886.25,-4064
2022-09-19 14:12:57,16,-2,3886.0,-4066
2022-09-19 14:12:58,27,11,3886.0,-4055
2022-09-19 14:12:59,21,-3,3886.0,-4058
2022-09-19 14:13:00,52,18,3886.25,-4040
2022-09-19 14:13:01,130,24,3886.25,-4016
2022-09-19 14:13:02,6,4,3886.0,-4012
2022-09-19 14:13:03,26,-2,3886.0,-4014
2022-09-19 14:13:04,104,-32,3885.75,-4046
2022-09-19 14:13:06,73,-18,3885.75,-4064
2022-09-19 14:13:07,6,-2,3886.0,-4066
2022-09-19 14:13:08,60,-17,3885.5,-4083
2022-09-19 14:13:09,28,20,3885.75,-4063
2022-09-19 14:13:10,123,31,3886.25,-4032
2022-09-19 14:13:11,6,-3,3886.25,-4035
2022-09-19 14:13:12,31,0,3886.0,-4035
2022-09-19 14:13:13,38,10,3886.25,-4025
2022-09-19 14:13:14,38,-13,3886.0,-4038
2022-09-19 14:13:15,129,0,3885.75,-4038
2022-09-19 14:13:16,99,-9,3886.0,-4047
2022-09-19 14:13:18,29,-17,3885.75,-4064
2022-09-19 14:13:20,88,12,3885.75,-4052
2022-09-19 14:13:22,10,8,3885.75,-4044
2022-09-19 14:13:23,1,1,3886.0,-4043
2022-09-19 14:13:24,77,-18,3885.75,-4061
2022-09-19 14:13:25,17,14,3885.75,-4047
2022-09-19 14:13:27,57,-6,3885.75,-4053
2022-09-19 14:13:28,51,-12,3885.5,-4065
2022-09-19 14:13:29,16,-11,3885.25,-4076
2022-09-19 14:13:30,3,1,3885.25,-4075
2022-09-19 14:13:31,23,3,3885.25,-4072
2022-09-19 14:13:32,75,13,3885.5,-4059
2022-09-19 14:13:33,11,3,3885.5,-4056
2022-09-19 14:13:34,14,3,3885.5,-4053
2022-09-19 14:13:36,22,-4,3885.25,-4057
2022-09-19 14:13:38,20,10,3885.5,-4047
2022-09-19 14:13:39,29,-4,3885.75,-4051
2022-09-19 14:13:40,12,-4,3885.5,-4055
2022-09-19 14:13:41,6,-2,3885.5,-4057
2022-09-19 14:13:42,49,-5,3885.0,-4062
2022-09-19 14:13:43,112,-14,3884.5,-4076
2022-09-19 14:13:44,76,1,3884.5,-4075
2022-09-19 14:13:45,1,-1,3884.25,-4076
2022-09-19 14:13:46,31,2,3884.25,-4074
2022-09-19 14:13:47,17,5,3884.5,-4069
2022-09-19 14:13:48,21,3,3884.25,-4066
2022-09-19 14:13:49,297,-75,3884.0,-4141
2022-09-19 14:13:50,17,-11,3883.75,-4152
2022-09-19 14:13:51,38,-3,3883.75,-4155
2022-09-19 14:13:52,5,3,3883.75,-4152
2022-09-19 14:13:53,29,18,3883.75,-4134
2022-09-19 14:13:54,69,33,3883.75,-4101
2022-09-19 14:13:55,39,-9,3883.75,-4110
2022-09-19 14:13:56,3,1,3883.75,-4109
2022-09-19 14:13:57,84,-14,3883.75,-4123
2022-09-19 14:13:58,94,10,3884.25,-4113
2022-09-19 14:13:59,11,0,3884.0,-4113
2022-09-19 14:14:00,80,-15,3884.25,-4128
2022-09-19 14:14:01,53,-7,3884.25,-4135
2022-09-19 14:14:02,23,1,3884.0,-4134
2022-09-19 14:14:03,11,-5,3884.0,-4139
2022-09-19 14:14:04,67,-10,3884.0,-4149
2022-09-19 14:14:05,112,-15,3883.75,-4164
2022-09-19 14:14:06,33,13,3883.75,-4151
2022-09-19 14:14:07,7,5,3883.75,-4146
2022-09-19 14:14:08,46,-33,3883.5,-4179
2022-09-19 14:14:09,38,-20,3883.5,-4199
2022-09-19 14:14:10,102,-26,3883.25,-4225
2022-09-19 14:14:11,9,7,3883.25,-4218
2022-09-19 14:14:12,35,-10,3883.25,-4228
2022-09-19 14:14:13,6,-6,3883.0,-4234
2022-09-19 14:14:14,37,-15,3883.0,-4249
2022-09-19 14:14:15,45,-12,3883.0,-4261
2022-09-19 14:14:16,16,0,3883.0,-4261
2022-09-19 14:14:17,25,11,3883.25,-4250
2022-09-19 14:14:18,59,17,3883.5,-4233
2022-09-19 14:14:19,40,-4,3883.5,-4237
2022-09-19 14:14:20,69,0,3883.75,-4237
2022-09-19 14:14:21,22,-4,3883.75,-4241
2022-09-19 14:14:22,32,-5,3884.0,-4246
2022-09-19 14:14:23,21,-8,3883.75,-4254
2022-09-19 14:14:24,47,24,3883.75,-4230
2022-09-19 14:14:25,11,-6,3883.5,-4236
2022-09-19 14:14:26,88,21,3883.75,-4215
2022-09-19 14:14:27,1,-1,3883.75,-4216
2022-09-19 14:14:28,111,19,3884.0,-4197
2022-09-19 14:14:29,32,3,3884.25,-4194
2022-09-19 14:14:30,21,-13,3884.25,-4207
2022-09-19 14:14:31,42,-1,3883.5,-4208
2022-09-19 14:14:32,18,4,3883.5,-4204
2022-09-19 14:14:33,7,-5,3883.5,-4209
2022-09-19 14:14:34,16,-14,3883.25,-4223
2022-09-19 14:14:35,93,-14,3883.5,-4237
2022-09-19 14:14:36,42,-28,3883.25,-4265
2022-09-19 14:14:37,8,-4,3883.25,-4269
2022-09-19 14:14:38,97,-1,3883.0,-4270
2022-09-19 14:14:39,66,27,3883.25,-4243
2022-09-19 14:14:40,32,-13,3883.0,-4256
2022-09-19 14:14:41,3,0,3883.25,-4256
2022-09-19 14:14:43,42,3,3883.0,-4253
2022-09-19 14:14:44,3,-3,3883.0,-4256
2022-09-19 14:14:45,1,-1,3883.0,-4257
2022-09-19 14:14:46,3,1,3883.25,-4256
2022-09-19 14:14:47,50,10,3883.25,-4246
2022-09-19 14:14:48,3,-1,3883.25,-4247
2022-09-19 14:14:49,29,22,3883.5,-4225
2022-09-19 14:14:50,27,-7,3883.25,-4232
2022-09-19 14:14:51,32,6,3883.25,-4226
2022-09-19 14:14:52,109,14,3883.5,-4212
2022-09-19 14:14:53,85,-29,3883.25,-4241
2022-09-19 14:14:54,151,-1,3883.0,-4242
2022-09-19 14:14:55,22,-14,3882.75,-4256
2022-09-19 14:14:57,77,-38,3882.75,-4294
2022-09-19 14:14:58,46,-4,3882.5,-4298
2022-09-19 14:14:59,237,-27,3882.5,-4325
2022-09-19 14:15:00,120,9,3882.25,-4316
2022-09-19 14:15:01,63,0,3882.25,-4316
2022-09-19 14:15:02,35,7,3882.25,-4309
2022-09-19 14:15:03,10,-4,3882.25,-4313
2022-09-19 14:15:04,54,21,3882.25,-4292
2022-09-19 14:15:05,6,0,3882.25,-4292
2022-09-19 14:15:06,66,-18,3882.25,-4310
2022-09-19 14:15:07,11,-9,3882.0,-4319
2022-09-19 14:15:08,27,-8,3882.25,-4327
2022-09-19 14:15:09,63,7,3882.5,-4320
2022-09-19 14:15:10,239,38,3883.25,-4282
2022-09-19 14:15:11,8,3,3883.0,-4279
2022-09-19 14:15:12,50,9,3883.25,-4270
2022-09-19 14:15:13,43,-9,3883.5,-4279
2022-09-19 14:15:14,219,-53,3883.0,-4332
2022-09-19 14:15:15,66,2,3883.25,-4330
2022-09-19 14:15:16,1,1,3883.25,-4329
2022-09-19 14:15:17,79,14,3883.25,-4315
2022-09-19 14:15:18,191,-1,3883.5,-4316
2022-09-19 14:15:19,257,-5,3884.0,-4321
2022-09-19 14:15:20,7,-1,3884.0,-4322
2022-09-19 14:15:21,44,-1,3884.0,-4323
2022-09-19 14:15:22,18,-17,3883.75,-4340
2022-09-19 14:15:23,41,-12,3883.5,-4352
2022-09-19 14:15:24,45,-8,3883.25,-4360
2022-09-19 14:15:25,79,-26,3883.25,-4386
2022-09-19 14:15:26,2,0,3883.5,-4386
2022-09-19 14:15:27,46,25,3883.75,-4361
2022-09-19 14:15:28,12,-4,3883.75,-4365
2022-09-19 14:15:29,94,2,3883.5,-4363
2022-09-19 14:15:30,55,-2,3883.25,-4365
2022-09-19 14:15:31,60,15,3883.0,-4350
2022-09-19 14:15:33,8,1,3883.25,-4349
2022-09-19 14:15:34,48,2,3883.25,-4347
2022-09-19 14:15:35,1,1,3883.25,-4346
2022-09-19 14:15:36,72,-2,3883.25,-4348
2022-09-19 14:15:37,22,-15,3883.25,-4363
2022-09-19 14:15:39,5,5,3883.5,-4358
2022-09-19 14:15:40,120,26,3883.5,-4332
2022-09-19 14:15:41,11,7,3883.5,-4325
2022-09-19 14:15:42,125,-36,3883.5,-4361
2022-09-19 14:15:45,11,9,3883.75,-4352
2022-09-19 14:15:46,91,18,3883.75,-4334
2022-09-19 14:15:47,29,-9,3883.5,-4343
2022-09-19 14:15:48,41,-7,3883.5,-4350
2022-09-19 14:15:49,2,2,3883.5,-4348
2022-09-19 14:15:50,2,0,3883.5,-4348
2022-09-19 14:15:51,40,0,3883.5,-4348
2022-09-19 14:15:52,32,9,3883.5,-4339
2022-09-19 14:15:53,44,3,3883.75,-4336
2022-09-19 14:15:54,141,17,3884.0,-4319
2022-09-19 14:15:55,11,5,3883.75,-4314
2022-09-19 14:15:57,26,-2,3884.0,-4316
2022-09-19 14:15:59,62,-32,3884.0,-4348
2022-09-19 14:16:00,141,17,3884.0,-4331
2022-09-19 14:16:01,148,4,3884.25,-4327
2022-09-19 14:16:02,1,-1,3884.0,-4328
2022-09-19 14:16:04,164,31,3884.25,-4297
2022-09-19 14:16:05,26,1,3884.25,-4296
2022-09-19 14:16:06,38,10,3884.5,-4286
2022-09-19 14:16:07,66,-1,3884.5,-4287
2022-09-19 14:16:08,214,-37,3884.25,-4324
2022-09-19 14:16:09,85,-10,3884.25,-4334
2022-09-19 14:16:10,187,45,3884.5,-4289
2022-09-19 14:16:11,175,41,3885.25,-4248
2022-09-19 14:16:12,88,22,3885.75,-4226
2022-09-19 14:16:13,44,-17,3885.5,-4243
2022-09-19 14:16:14,1,-1,3885.25,-4244
2022-09-19 14:16:15,69,-9,3885.5,-4253
2022-09-19 14:16:16,56,-12,3885.5,-4265
2022-09-19 14:16:17,3,1,3885.5,-4264
2022-09-19 14:16:18,33,8,3885.5,-4256
2022-09-19 14:16:19,93,40,3885.75,-4216
2022-09-19 14:16:20,1,-1,3885.75,-4217
2022-09-19 14:16:21,230,-87,3885.75,-4304
2022-09-19 14:16:22,69,-32,3886.0,-4336
2022-09-19 14:16:23,274,-68,3886.0,-4404
2022-09-19 14:16:24,164,-2,3885.75,-4406
2022-09-19 14:16:25,77,-14,3885.25,-4420
2022-09-19 14:16:26,123,31,3885.5,-4389
2022-09-19 14:16:27,2,-1,3885.25,-4390
2022-09-19 14:16:28,16,-13,3885.25,-4403
2022-09-19 14:16:29,59,-13,3885.5,-4416
2022-09-19 14:16:30,41,1,3885.25,-4415
2022-09-19 14:16:31,51,14,3885.75,-4401
2022-09-19 14:16:32,26,10,3885.25,-4391
2022-09-19 14:16:33,1,-1,3885.25,-4392
2022-09-19 14:16:34,22,17,3885.75,-4375
2022-09-19 14:16:35,66,-17,3885.75,-4392
2022-09-19 14:16:36,196,10,3886.0,-4382
2022-09-19 14:16:37,13,-8,3885.5,-4390
2022-09-19 14:16:38,1,-1,3885.25,-4391
2022-09-19 14:16:39,59,16,3885.5,-4375
2022-09-19 14:16:40,2,-2,3885.25,-4377
2022-09-19 14:16:41,2,2,3885.5,-4375
2022-09-19 14:16:42,36,-6,3885.5,-4381
2022-09-19 14:16:43,41,-20,3885.25,-4401
2022-09-19 14:16:44,47,20,3885.5,-4381
2022-09-19 14:16:45,8,-4,3885.5,-4385
2022-09-19 14:16:46,7,3,3885.75,-4382
2022-09-19 14:16:47,2,0,3885.75,-4382
2022-09-19 14:16:48,14,-11,3885.5,-4393
2022-09-19 14:16:49,51,-2,3885.25,-4395
2022-09-19 14:16:50,2,-2,3885.25,-4397
2022-09-19 14:16:51,26,-5,3885.25,-4402
2022-09-19 14:16:52,9,-1,3885.25,-4403
2022-09-19 14:16:53,47,-28,3885.25,-4431
2022-09-19 14:16:54,38,9,3885.25,-4422
2022-09-19 14:16:55,76,27,3885.5,-4395
2022-09-19 14:16:56,69,28,3885.75,-4367
2022-09-19 14:16:57,5,2,3885.75,-4365
2022-09-19 14:16:58,21,9,3886.0,-4356
2022-09-19 14:16:59,111,28,3886.25,-4328
2022-09-19 14:17:00,123,-18,3886.25,-4346
2022-09-19 14:17:01,33,6,3886.25,-4340
2022-09-19 14:17:02,5,-1,3886.25,-4341
2022-09-19 14:17:03,9,6,3886.25,-4335
2022-09-19 14:17:04,2,2,3886.25,-4333
2022-09-19 14:17:05,7,2,3886.25,-4331
2022-09-19 14:17:06,6,6,3886.25,-4325
2022-09-19 14:17:07,9,4,3886.25,-4321
2022-09-19 14:17:09,541,118,3886.5,-4203
2022-09-19 14:17:10,124,0,3886.5,-4203
2022-09-19 14:17:11,256,-9,3886.25,-4212
2022-09-19 14:17:12,181,27,3886.25,-4185
2022-09-19 14:17:13,86,26,3886.5,-4159
2022-09-19 14:17:14,184,32,3887.0,-4127
2022-09-19 14:17:15,63,-11,3887.0,-4138
2022-09-19 14:17:16,234,-64,3886.75,-4202
2022-09-19 14:17:17,116,-20,3886.75,-4222
2022-09-19 14:17:18,226,53,3887.0,-4169
2022-09-19 14:17:19,5,-3,3887.0,-4172
2022-09-19 14:17:20,180,16,3887.0,-4156
2022-09-19 14:17:21,198,58,3887.25,-4098
2022-09-19 14:17:22,128,24,3887.5,-4074
2022-09-19 14:17:23,343,-45,3887.5,-4119
2022-09-19 14:17:24,46,-12,3887.5,-4131
2022-09-19 14:17:25,73,21,3887.5,-4110
2022-09-19 14:17:26,32,3,3887.5,-4107
2022-09-19 14:17:27,142,-49,3887.25,-4156
2022-09-19 14:17:28,88,12,3887.0,-4144
2022-09-19 14:17:29,49,-6,3886.75,-4150
2022-09-19 14:17:30,47,7,3887.0,-4143
2022-09-19 14:17:31,16,-10,3887.0,-4153
2022-09-19 14:17:33,47,6,3887.0,-4147
2022-09-19 14:17:35,180,26,3887.5,-4121
2022-09-19 14:17:36,44,-5,3887.5,-4126
2022-09-19 14:17:37,47,13,3887.5,-4113
2022-09-19 14:17:38,84,30,3887.5,-4083
2022-09-19 14:17:39,2,-2,3887.5,-4085
2022-09-19 14:17:40,104,-30,3887.75,-4115
2022-09-19 14:17:41,33,-16,3887.75,-4131
2022-09-19 14:17:42,63,4,3887.5,-4127
2022-09-19 14:17:43,25,-18,3887.5,-4145
2022-09-19 14:17:44,2,0,3887.5,-4145
2022-09-19 14:17:45,21,3,3887.25,-4142
2022-09-19 14:17:46,21,11,3887.75,-4131
2022-09-19 14:17:47,39,2,3887.75,-4129
2022-09-19 14:17:48,3,-1,3887.75,-4130
2022-09-19 14:17:49,209,44,3887.75,-4086
2022-09-19 14:17:50,4,2,3887.75,-4084
2022-09-19 14:17:51,142,36,3888.0,-4048
2022-09-19 14:17:52,136,66,3888.5,-3982
2022-09-19 14:17:53,66,-12,3888.5,-3994
2022-09-19 14:17:54,3,-3,3888.0,-3997
2022-09-19 14:17:55,36,-4,3888.25,-4001
2022-09-19 14:17:56,78,-23,3888.0,-4024
2022-09-19 14:17:57,8,-6,3887.75,-4030
2022-09-19 14:17:58,66,-1,3887.75,-4031
2022-09-19 14:17:59,42,9,3887.75,-4022
2022-09-19 14:18:00,118,16,3887.75,-4006
2022-09-19 14:18:01,38,5,3887.75,-4001
2022-09-19 14:18:02,49,16,3888.0,-3985
2022-09-19 14:18:03,79,-9,3888.25,-3994
2022-09-19 14:18:04,68,-6,3888.25,-4000
2022-09-19 14:18:05,58,12,3888.5,-3988
2022-09-19 14:18:06,153,-11,3888.5,-3999
2022-09-19 14:18:07,32,12,3888.75,-3987
2022-09-19 14:18:08,39,7,3888.75,-3980
2022-09-19 14:18:09,14,-1,3888.75,-3981
2022-09-19 14:18:10,15,-2,3888.5,-3983
2022-09-19 14:18:11,91,-38,3888.5,-4021
2022-09-19 14:18:12,34,1,3888.0,-4020
2022-09-19 14:18:13,36,2,3888.0,-4018
2022-09-19 14:18:14,26,1,3888.25,-4017
2022-09-19 14:18:15,3,0,3888.25,-4017
2022-09-19 14:18:16,6,-3,3888.0,-4020
2022-09-19 14:18:17,69,-24,3888.25,-4044
2022-09-19 14:18:18,42,-4,3887.75,-4048
2022-09-19 14:18:19,62,22,3887.75,-4026
2022-09-19 14:18:20,21,-3,3888.0,-4029
2022-09-19 14:18:22,2,2,3888.0,-4027
2022-09-19 14:18:23,2,0,3888.0,-4027
2022-09-19 14:18:24,94,-27,3888.0,-4054
2022-09-19 14:18:25,103,-40,3887.5,-4094
2022-09-19 14:18:26,34,-11,3887.25,-4105
2022-09-19 14:18:27,110,-4,3887.25,-4109
2022-09-19 14:18:28,87,-12,3887.0,-4121
2022-09-19 14:18:29,53,24,3886.75,-4097
2022-09-19 14:18:30,49,12,3886.75,-4085
2022-09-19 14:18:31,27,-7,3886.75,-4092
2022-09-19 14:18:32,105,-33,3886.75,-4125
2022-09-19 14:18:33,124,11,3886.75,-4114
2022-09-19 14:18:34,111,49,3887.5,-4065
2022-09-19 14:18:35,44,20,3887.75,-4045
2022-09-19 14:18:36,239,69,3887.75,-3976
2022-09-19 14:18:38,7,-2,3887.75,-3978
2022-09-19 14:18:39,2,-2,3887.5,-3980
2022-09-19 14:18:41,2,1,3887.75,-3979
2022-09-19 14:18:43,16,6,3887.75,-3973
2022-09-19 14:18:44,113,29,3887.75,-3944
2022-09-19 14:18:45,35,-10,3887.75,-3954
2022-09-19 14:18:47,1,1,3887.75,-3953
2022-09-19 14:18:48,417,-67,3887.5,-4020
2022-09-19 14:18:49,172,42,3887.75,-3978
2022-09-19 14:18:50,177,9,3888.0,-3969
2022-09-19 14:18:51,58,16,3888.0,-3953
2022-09-19 14:18:52,334,-27,3888.25,-3980
2022-09-19 14:18:53,23,-10,3888.0,-3990
2022-09-19 14:18:54,146,-74,3887.75,-4064
2022-09-19 14:18:55,83,27,3887.75,-4037
2022-09-19 14:18:56,47,-5,3887.5,-4042
2022-09-19 14:18:57,3,0,3887.5,-4042
2022-09-19 14:18:58,63,-4,3887.5,-4046
2022-09-19 14:19:00,26,-7,3887.5,-4053
2022-09-19 14:19:01,34,-26,3887.25,-4079
2022-09-19 14:19:02,74,-29,3887.25,-4108
2022-09-19 14:19:03,116,-16,3886.5,-4124
2022-09-19 14:19:04,1015,-202,3886.5,-4326
2022-09-19 14:19:05,365,21,3885.0,-4305
2022-09-19 14:19:06,119,-11,3884.75,-4316
2022-09-19 14:19:07,78,5,3884.75,-4311
2022-09-19 14:19:08,54,18,3884.75,-4293
2022-09-19 14:19:09,122,-14,3885.0,-4307
2022-09-19 14:19:10,39,-19,3885.0,-4326
2022-09-19 14:19:11,5,2,3884.75,-4324
2022-09-19 14:19:12,165,31,3884.75,-4293
2022-09-19 14:19:13,31,4,3884.75,-4289
2022-09-19 14:19:14,41,-12,3884.75,-4301
2022-09-19 14:19:15,65,8,3885.0,-4293
2022-09-19 14:19:16,11,6,3884.75,-4287
2022-09-19 14:19:17,9,-4,3884.75,-4291
2022-09-19 14:19:18,104,-25,3884.5,-4316
2022-09-19 14:19:19,27,-22,3884.0,-4338
2022-09-19 14:19:20,69,-3,3884.0,-4341
2022-09-19 14:19:21,96,38,3884.75,-4303
2022-09-19 14:19:22,2,0,3884.75,-4303
2022-09-19 14:19:23,1,1,3884.75,-4302
2022-09-19 14:19:24,31,-22,3884.5,-4324
2022-09-19 14:19:25,27,4,3884.5,-4320
2022-09-19 14:19:26,60,5,3885.0,-4315
2022-09-19 14:19:27,2,2,3885.0,-4313
2022-09-19 14:19:28,6,-2,3885.0,-4315
2022-09-19 14:19:29,159,27,3885.0,-4288
2022-09-19 14:19:30,7,5,3885.25,-4283
2022-09-19 14:19:31,107,-34,3885.25,-4317
2022-09-19 14:19:32,1,-1,3885.0,-4318
2022-09-19 14:19:33,34,-28,3885.0,-4346
2022-09-19 14:19:34,29,8,3885.0,-4338
2022-09-19 14:19:35,3,-1,3885.25,-4339
2022-09-19 14:19:36,9,-7,3885.0,-4346
2022-09-19 14:19:37,31,8,3885.0,-4338
2022-09-19 14:19:38,2,-2,3885.0,-4340
2022-09-19 14:19:39,97,20,3885.25,-4320
2022-09-19 14:19:40,19,-13,3885.25,-4333
2022-09-19 14:19:41,21,5,3885.25,-4328
2022-09-19 14:19:42,46,-13,3885.25,-4341
2022-09-19 14:19:43,20,-3,3885.0,-4344
2022-09-19 14:19:44,72,17,3885.0,-4327
2022-09-19 14:19:45,22,-2,3885.0,-4329
2022-09-19 14:19:46,18,-4,3885.25,-4333
2022-09-19 14:19:47,1,1,3885.25,-4332
2022-09-19 14:19:48,2,0,3885.25,-4332
2022-09-19 14:19:49,88,-23,3885.0,-4355
2022-09-19 14:19:50,1,-1,3884.75,-4356
2022-09-19 14:19:51,36,-6,3885.0,-4362
2022-09-19 14:19:52,6,4,3884.75,-4358
2022-09-19 14:19:53,27,0,3884.5,-4358
2022-09-19 14:19:54,6,-2,3884.75,-4360
2022-09-19 14:19:55,67,0,3884.5,-4360
2022-09-19 14:19:56,22,4,3884.75,-4356
2022-09-19 14:19:57,83,29,3884.75,-4327
2022-09-19 14:19:58,2,2,3884.75,-4325
2022-09-19 14:19:59,53,1,3884.75,-4324
2022-09-19 14:20:00,166,-55,3884.75,-4379
2022-09-19 14:20:01,1,1,3885.0,-4378
2022-09-19 14:20:03,112,5,3885.0,-4373
2022-09-19 14:20:05,39,13,3884.75,-4360
2022-09-19 14:20:06,229,52,3885.0,-4308
2022-09-19 14:20:07,89,17,3885.25,-4291
2022-09-19 14:20:08,73,5,3885.5,-4286
2022-09-19 14:20:09,111,-10,3886.0,-4296
2022-09-19 14:20:10,16,-5,3886.0,-4301
2022-09-19 14:20:11,8,5,3885.75,-4296
2022-09-19 14:20:12,45,7,3886.0,-4289
2022-09-19 14:20:13,14,-3,3885.75,-4292
2022-09-19 14:20:14,33,-12,3885.75,-4304
2022-09-19 14:20:15,8,0,3885.75,-4304
2022-09-19 14:20:16,32,-1,3885.75,-4305
2022-09-19 14:20:17,14,0,3885.75,-4305
2022-09-19 14:20:18,3,-2,3885.5,-4307
2022-09-19 14:20:19,114,34,3886.0,-4273
2022-09-19 14:20:20,22,18,3886.25,-4255
2022-09-19 14:20:21,69,-6,3886.75,-4261
2022-09-19 14:20:22,19,-4,3886.25,-4265
2022-09-19 14:20:23,24,4,3886.25,-4261
2022-09-19 14:20:24,13,-4,3886.0,-4265
2022-09-19 14:20:25,35,-15,3885.75,-4280
2022-09-19 14:20:26,11,-10,3885.25,-4290
2022-09-19 14:20:27,9,7,3885.25,-4283
2022-09-19 14:20:28,40,-1,3885.25,-4284
2022-09-19 14:20:29,46,9,3885.5,-4275
2022-09-19 14:20:30,65,8,3885.5,-4267
2022-09-19 14:20:31,36,4,3885.5,-4263
2022-09-19 14:20:32,18,-6,3885.25,-4269
2022-09-19 14:20:33,19,-5,3885.25,-4274
2022-09-19 14:20:34,3,3,3885.25,-4271
2022-09-19 14:20:35,99,-14,3885.25,-4285
2022-09-19 14:20:36,421,-51,3885.0,-4336
2022-09-19 14:20:37,47,11,3884.75,-4325
2022-09-19 14:20:38,115,22,3885.0,-4303
2022-09-19 14:20:39,20,-8,3885.0,-4311
2022-09-19 14:20:40,49,-12,3884.75,-4323
2022-09-19 14:20:41,31,15,3884.5,-4308
2022-09-19 14:20:42,31,-14,3884.5,-4322
2022-09-19 14:20:43,18,-3,3884.5,-4325
2022-09-19 14:20:44,30,10,3884.5,-4315
2022-09-19 14:20:45,75,4,3884.5,-4311
2022-09-19 14:20:46,350,17,3884.75,-4294
2022-09-19 14:20:47,184,47,3885.0,-4247
2022-09-19 14:20:48,13,-6,3884.75,-4253
2022-09-19 14:20:49,18,-9,3884.5,-4262
2022-09-19 14:20:50,22,-3,3884.5,-4265
2022-09-19 14:20:51,18,-12,3884.25,-4277
2022-09-19 14:20:52,1,1,3884.25,-4276
2022-09-19 14:20:53,10,8,3884.25,-4268
2022-09-19 14:20:55,2,-1,3884.25,-4269
2022-09-19 14:20:56,2,0,3884.5,-4269
2022-09-19 14:20:58,72,-11,3884.25,-4280
2022-09-19 14:20:59,4,1,3884.5,-4279
2022-09-19 14:21:00,62,3,3884.75,-4276
2022-09-19 14:21:01,3,-1,3884.75,-4277
2022-09-19 14:21:02,14,8,3884.75,-4269
2022-09-19 14:21:03,50,-1,3885.0,-4270
2022-09-19 14:21:04,44,21,3885.0,-4249
2022-09-19 14:21:05,9,-5,3884.75,-4254
2022-09-19 14:21:06,1,1,3884.75,-4253
2022-09-19 14:21:07,3,1,3884.75,-4252
2022-09-19 14:21:08,53,-1,3885.25,-4253
2022-09-19 14:21:09,65,8,3885.25,-4245
2022-09-19 14:21:10,16,6,3885.0,-4239
2022-09-19 14:21:11,41,0,3885.25,-4239
2022-09-19 14:21:12,27,0,3885.25,-4239
2022-09-19 14:21:13,28,-2,3885.25,-4241
2022-09-19 14:21:14,35,15,3885.25,-4226
2022-09-19 14:21:15,4,0,3885.25,-4226
2022-09-19 14:21:16,51,7,3885.25,-4219
2022-09-19 14:21:17,11,3,3885.25,-4216
2022-09-19 14:21:18,18,-6,3885.25,-4222
2022-09-19 14:21:19,15,0,3885.25,-4222
2022-09-19 14:21:20,19,4,3885.25,-4218
2022-09-19 14:21:21,72,8,3885.75,-4210
2022-09-19 14:21:22,246,64,3886.25,-4146
2022-09-19 14:21:23,53,-15,3886.25,-4161
2022-09-19 14:21:24,63,-17,3886.0,-4178
2022-09-19 14:21:25,33,-8,3885.75,-4186
2022-09-19 14:21:26,15,9,3886.0,-4177
2022-09-19 14:21:27,37,8,3886.25,-4169
2022-09-19 14:21:29,67,-3,3886.25,-4172
2022-09-19 14:21:30,44,6,3886.0,-4166
2022-09-19 14:21:31,13,3,3886.0,-4163
2022-09-19 14:21:32,50,-5,3885.75,-4168
2022-09-19 14:21:33,28,-2,3885.75,-4170
2022-09-19 14:21:34,47,10,3886.5,-4160
2022-09-19 14:21:35,38,14,3886.75,-4146
2022-09-19 14:21:36,71,-3,3886.75,-4149
2022-09-19 14:21:37,26,8,3886.75,-4141
2022-09-19 14:21:38,69,-20,3886.5,-4161
2022-09-19 14:21:39,39,5,3886.75,-4156
2022-09-19 14:21:40,7,-1,3886.5,-4157
2022-09-19 14:21:41,189,-81,3886.5,-4238
2022-09-19 14:21:42,9,-8,3885.75,-4246
2022-09-19 14:21:43,2,-2,3885.75,-4248
2022-09-19 14:21:44,58,12,3886.25,-4236
2022-09-19 14:21:45,4,-1,3886.0,-4237
2022-09-19 14:21:46,7,-3,3886.0,-4240
2022-09-19 14:21:47,3,3,3886.25,-4237
2022-09-19 14:21:48,22,12,3886.25,-4225
2022-09-19 14:21:49,32,0,3886.0,-4225
2022-09-19 14:21:50,28,19,3886.5,-4206
2022-09-19 14:21:51,1,1,3886.5,-4205
2022-09-19 14:21:52,102,30,3886.5,-4175
2022-09-19 14:21:53,66,-23,3886.25,-4198
2022-09-19 14:21:54,40,2,3886.75,-4196
2022-09-19 14:21:55,27,-10,3886.5,-4206
2022-09-19 14:21:56,3,-2,3886.25,-4208
2022-09-19 14:21:57,17,5,3886.5,-4203
2022-09-19 14:21:58,33,-10,3886.75,-4213
2022-09-19 14:21:59,5,3,3886.75,-4210
2022-09-19 14:22:00,52,14,3887.0,-4196
2022-09-19 14:22:01,82,-22,3887.0,-4218
2022-09-19 14:22:02,11,6,3886.25,-4212
2022-09-19 14:22:03,41,11,3886.5,-4201
2022-09-19 14:22:04,1,1,3886.5,-4200
2022-09-19 14:22:05,40,-7,3886.25,-4207
2022-09-19 14:22:06,145,-88,3886.25,-4295
2022-09-19 14:22:07,56,-6,3886.0,-4301
2022-09-19 14:22:08,199,-29,3885.75,-4330
2022-09-19 14:22:09,1,-1,3885.75,-4331
2022-09-19 14:22:10,7,4,3886.0,-4327
2022-09-19 14:22:11,12,-11,3885.75,-4338
2022-09-19 14:22:12,209,-42,3885.75,-4380
2022-09-19 14:22:13,41,7,3885.75,-4373
2022-09-19 14:22:14,9,-2,3885.75,-4375
2022-09-19 14:22:15,26,8,3885.75,-4367
2022-09-19 14:22:16,3,3,3885.75,-4364
2022-09-19 14:22:17,31,12,3886.0,-4352
2022-09-19 14:22:18,20,-9,3886.0,-4361
2022-09-19 14:22:19,4,1,3886.0,-4360
2022-09-19 14:22:20,3,-2,3885.75,-4362
2022-09-19 14:22:22,140,3,3886.0,-4359
2022-09-19 14:22:23,35,18,3886.25,-4341
2022-09-19 14:22:24,11,0,3886.25,-4341
2022-09-19 14:22:25,28,-10,3886.25,-4351
2022-09-19 14:22:26,19,0,3886.25,-4351
2022-09-19 14:22:27,9,-6,3886.25,-4357
2022-09-19 14:22:28,53,13,3886.25,-4344
2022-09-19 14:22:29,31,-11,3886.25,-4355
2022-09-19 14:22:30,16,-6,3886.25,-4361
2022-09-19 14:22:31,23,8,3886.25,-4353
2022-09-19 14:22:32,54,-22,3886.0,-4375
2022-09-19 14:22:33,138,-44,3885.5,-4419
2022-09-19 14:22:34,129,-35,3885.0,-4454
2022-09-19 14:22:35,35,2,3885.0,-4452
2022-09-19 14:22:36,126,-34,3884.5,-4486
2022-09-19 14:22:37,24,-17,3884.25,-4503
2022-09-19 14:22:38,89,1,3884.5,-4502
2022-09-19 14:22:39,149,-38,3883.75,-4540
2022-09-19 14:22:40,82,6,3883.75,-4534
2022-09-19 14:22:41,22,-3,3883.75,-4537
2022-09-19 14:22:42,17,8,3884.0,-4529
2022-09-19 14:22:43,105,-48,3883.75,-4577
2022-09-19 14:22:44,79,5,3883.75,-4572
2022-09-19 14:22:45,41,21,3884.0,-4551
2022-09-19 14:22:46,34,0,3884.0,-4551
2022-09-19 14:22:48,30,-12,3883.75,-4563
2022-09-19 14:22:49,25,-4,3883.75,-4567
2022-09-19 14:22:50,165,-20,3883.75,-4587
2022-09-19 14:22:51,44,-12,3883.5,-4599
2022-09-19 14:22:52,62,9,3883.75,-4590
2022-09-19 14:22:53,1,-1,3883.5,-4591
2022-09-19 14:22:54,1,-1,3883.5,-4592
2022-09-19 14:22:55,45,-2,3883.75,-4594
2022-09-19 14:22:56,53,-19,3883.5,-4613
2022-09-19 14:22:57,23,5,3883.5,-4608
2022-09-19 14:22:58,71,25,3883.75,-4583
2022-09-19 14:22:59,24,-12,3883.75,-4595
2022-09-19 14:23:00,45,-8,3883.25,-4603
2022-09-19 14:23:01,87,-11,3883.25,-4614
2022-09-19 14:23:02,74,3,3883.25,-4611
2022-09-19 14:23:03,71,-26,3883.0,-4637
2022-09-19 14:23:04,29,-5,3883.0,-4642
2022-09-19 14:23:05,64,-4,3883.0,-4646
2022-09-19 14:23:06,57,16,3883.0,-4630
2022-09-19 14:23:07,16,-11,3882.75,-4641
2022-09-19 14:23:08,65,-23,3883.0,-4664
2022-09-19 14:23:09,66,0,3882.5,-4664
2022-09-19 14:23:10,102,-5,3882.75,-4669
2022-09-19 14:23:11,64,-38,3882.5,-4707
2022-09-19 14:23:12,207,-61,3882.5,-4768
2022-09-19 14:23:13,319,-94,3881.75,-4862
2022-09-19 14:23:14,49,-6,3881.75,-4868
2022-09-19 14:23:15,74,-16,3881.5,-4884
2022-09-19 14:23:16,138,-38,3881.5,-4922
2022-09-19 14:23:17,228,25,3881.5,-4897
2022-09-19 14:23:18,65,-11,3881.75,-4908
2022-09-19 14:23:19,33,-9,3881.75,-4917
2022-09-19 14:23:20,50,8,3881.75,-4909
2022-09-19 14:23:21,143,-18,3881.75,-4927
2022-09-19 14:23:22,55,-10,3881.25,-4937
2022-09-19 14:23:23,89,-12,3881.25,-4949
2022-09-19 14:23:24,73,16,3881.25,-4933
2022-09-19 14:23:25,368,-149,3880.75,-5082
2022-09-19 14:23:26,279,19,3880.25,-5063
2022-09-19 14:23:27,101,-14,3880.25,-5077
2022-09-19 14:23:28,81,11,3880.25,-5066
2022-09-19 14:23:29,13,-9,3880.25,-5075
2022-09-19 14:23:30,94,-33,3880.25,-5108
2022-09-19 14:23:31,225,-25,3880.5,-5133
2022-09-19 14:23:32,44,4,3880.5,-5129
2022-09-19 14:23:33,104,4,3880.75,-5125
2022-09-19 14:23:34,84,15,3881.0,-5110
2022-09-19 14:23:35,135,8,3881.25,-5102
2022-09-19 14:23:36,83,-40,3881.0,-5142
2022-09-19 14:23:37,17,0,3880.75,-5142
2022-09-19 14:23:38,65,9,3880.75,-5133
2022-09-19 14:23:39,72,-35,3880.75,-5168
2022-09-19 14:23:40,10,4,3880.5,-5164
2022-09-19 14:23:41,6,-1,3880.5,-5165
2022-09-19 14:23:42,85,-5,3880.5,-5170
2022-09-19 14:23:43,33,-14,3880.5,-5184
2022-09-19 14:23:44,59,12,3880.25,-5172
2022-09-19 14:23:45,43,6,3880.5,-5166
2022-09-19 14:23:46,155,-38,3880.25,-5204
2022-09-19 14:23:47,92,-7,3880.0,-5211
2022-09-19 14:23:48,67,-13,3880.0,-5224
2022-09-19 14:23:49,110,-30,3879.5,-5254
2022-09-19 14:23:50,6,2,3879.5,-5252
2022-09-19 14:23:51,32,3,3879.5,-5249
2022-09-19 14:23:52,48,-24,3879.5,-5273
2022-09-19 14:23:53,40,6,3879.75,-5267
2022-09-19 14:23:54,23,-10,3879.5,-5277
2022-09-19 14:23:55,57,-8,3879.75,-5285
2022-09-19 14:23:56,42,-6,3879.5,-5291
2022-09-19 14:23:57,86,-23,3879.0,-5314
2022-09-19 14:23:58,61,10,3879.25,-5304
2022-09-19 14:23:59,107,33,3879.25,-5271
2022-09-19 14:24:00,151,-10,3879.25,-5281
2022-09-19 14:24:01,87,-16,3879.25,-5297
2022-09-19 14:24:02,74,6,3879.25,-5291
2022-09-19 14:24:03,49,-10,3879.25,-5301
2022-09-19 14:24:04,151,7,3879.5,-5294
2022-09-19 14:24:05,91,28,3879.5,-5266
2022-09-19 14:24:06,25,-1,3879.75,-5267
2022-09-19 14:24:07,237,4,3879.75,-5263
2022-09-19 14:24:08,113,101,3880.0,-5162
2022-09-19 14:24:09,97,22,3880.0,-5140
2022-09-19 14:24:10,43,-4,3880.0,-5144
2022-09-19 14:24:11,139,7,3880.25,-5137
2022-09-19 14:24:12,16,1,3880.25,-5136
2022-09-19 14:24:13,198,131,3880.75,-5005
2022-09-19 14:24:14,63,-15,3880.5,-5020
2022-09-19 14:24:15,221,-37,3880.75,-5057
2022-09-19 14:24:16,260,29,3880.75,-5028
2022-09-19 14:24:17,63,2,3880.75,-5026
2022-09-19 14:24:18,51,-1,3880.75,-5027
2022-09-19 14:24:19,33,-12,3880.75,-5039
2022-09-19 14:24:20,45,2,3880.75,-5037
2022-09-19 14:24:21,44,2,3880.75,-5035
2022-09-19 14:24:22,66,22,3881.0,-5013
2022-09-19 14:24:23,3,0,3881.0,-5013
2022-09-19 14:24:24,64,0,3881.0,-5013
2022-09-19 14:24:25,29,-5,3881.0,-5018
2022-09-19 14:24:26,106,0,3881.0,-5018
2022-09-19 14:24:27,80,-45,3880.5,-5063
2022-09-19 14:24:28,308,-115,3880.25,-5178
2022-09-19 14:24:29,22,-16,3879.75,-5194
2022-09-19 14:24:30,43,-20,3879.75,-5214
2022-09-19 14:24:31,67,-3,3879.75,-5217
2022-09-19 14:24:32,168,-25,3879.25,-5242
2022-09-19 14:24:33,78,41,3879.75,-5201
2022-09-19 14:24:34,86,12,3880.0,-5189
2022-09-19 14:24:35,88,37,3880.25,-5152
2022-09-19 14:24:36,86,-7,3880.25,-5159
2022-09-19 14:24:37,9,-5,3880.25,-5164
2022-09-19 14:24:38,8,-4,3880.25,-5168
2022-09-19 14:24:39,14,-1,3880.25,-5169
2022-09-19 14:24:40,60,-4,3880.25,-5173
2022-09-19 14:24:41,52,-23,3880.25,-5196
2022-09-19 14:24:42,63,-10,3880.0,-5206
2022-09-19 14:24:43,39,12,3879.75,-5194
2022-09-19 14:24:44,2,-1,3879.5,-5195
2022-09-19 14:24:45,5,4,3879.75,-5191
2022-09-19 14:24:46,128,10,3880.0,-5181
2022-09-19 14:24:47,5,-5,3879.75,-5186
2022-09-19 14:24:48,51,-3,3880.0,-5189
2022-09-19 14:24:49,22,-2,3880.0,-5191
2022-09-19 14:24:50,18,-8,3880.0,-5199
2022-09-19 14:24:51,67,5,3880.25,-5194
2022-09-19 14:24:52,41,10,3880.25,-5184
2022-09-19 14:24:53,33,-1,3880.25,-5185
2022-09-19 14:24:54,30,15,3880.25,-5170
2022-09-19 14:24:55,9,4,3880.5,-5166
2022-09-19 14:24:56,79,-29,3880.5,-5195
2022-09-19 14:24:57,159,-2,3880.25,-5197
2022-09-19 14:24:58,23,-14,3880.0,-5211
2022-09-19 14:24:59,34,19,3880.0,-5192
2022-09-19 14:25:00,122,-29,3880.0,-5221
2022-09-19 14:25:01,105,-29,3879.75,-5250
2022-09-19 14:25:02,60,5,3879.75,-5245
2022-09-19 14:25:03,3,-1,3879.5,-5246
2022-09-19 14:25:04,22,14,3879.75,-5232
2022-09-19 14:25:05,22,-11,3880.0,-5243
2022-09-19 14:25:06,364,-67,3879.75,-5310
2022-09-19 14:25:07,34,-24,3880.0,-5334
2022-09-19 14:25:08,5,-1,3879.75,-5335
2022-09-19 14:25:09,83,35,3880.0,-5300
2022-09-19 14:25:10,1,1,3880.0,-5299
2022-09-19 14:25:11,113,29,3880.0,-5270
2022-09-19 14:25:12,2,0,3880.0,-5270
2022-09-19 14:25:13,229,-65,3880.25,-5335
2022-09-19 14:25:14,28,-5,3880.25,-5340
2022-09-19 14:25:15,13,2,3880.25,-5338
2022-09-19 14:25:16,382,-11,3880.25,-5349
2022-09-19 14:25:17,8,-1,3880.25,-5350
2022-09-19 14:25:18,289,25,3880.25,-5325
2022-09-19 14:25:19,1,-1,3880.0,-5326
2022-09-19 14:25:20,24,-12,3880.25,-5338
2022-09-19 14:25:21,94,-35,3879.75,-5373
2022-09-19 14:25:22,50,41,3880.0,-5332
2022-09-19 14:25:23,86,6,3880.0,-5326
2022-09-19 14:25:24,3,3,3880.25,-5323
2022-09-19 14:25:25,24,-10,3880.25,-5333
2022-09-19 14:25:26,30,-18,3880.25,-5351
2022-09-19 14:25:27,40,-20,3880.25,-5371
2022-09-19 14:25:28,29,9,3880.0,-5362
2022-09-19 14:25:29,7,-5,3879.75,-5367
2022-09-19 14:25:30,65,-5,3880.0,-5372
2022-09-19 14:25:31,30,-19,3880.0,-5391
2022-09-19 14:25:32,29,-14,3879.5,-5405
2022-09-19 14:25:33,67,-4,3879.5,-5409
2022-09-19 14:25:34,24,-2,3879.75,-5411
2022-09-19 14:25:35,132,-6,3879.75,-5417
2022-09-19 14:25:36,59,30,3880.0,-5387
2022-09-19 14:25:38,15,-7,3880.0,-5394
2022-09-19 14:25:39,34,-3,3879.5,-5397
2022-09-19 14:25:40,193,5,3880.25,-5392
2022-09-19 14:25:41,54,2,3880.25,-5390
2022-09-19 14:25:42,162,-52,3880.25,-5442
2022-09-19 14:25:43,4,0,3880.5,-5442
2022-09-19 14:25:44,9,4,3880.5,-5438
2022-09-19 14:25:45,2,2,3880.5,-5436
2022-09-19 14:25:46,637,227,3881.75,-5209
2022-09-19 14:25:47,142,-12,3881.75,-5221
2022-09-19 14:25:48,71,-7,3881.75,-5228
2022-09-19 14:25:49,48,-7,3881.5,-5235
2022-09-19 14:25:50,83,59,3882.0,-5176
2022-09-19 14:25:51,118,4,3882.25,-5172
2022-09-19 14:25:52,199,19,3883.0,-5153
2022-09-19 14:25:53,105,-14,3883.0,-5167
2022-09-19 14:25:54,44,-15,3882.75,-5182
2022-09-19 14:25:55,60,-8,3882.5,-5190
2022-09-19 14:25:56,24,-9,3882.5,-5199
2022-09-19 14:25:57,60,-5,3882.5,-5204
2022-09-19 14:25:58,12,-9,3882.5,-5213
2022-09-19 14:25:59,120,14,3882.25,-5199
2022-09-19 14:26:00,229,-79,3882.25,-5278
2022-09-19 14:26:01,65,14,3882.25,-5264
2022-09-19 14:26:02,56,-1,3882.0,-5265
2022-09-19 14:26:03,91,18,3882.25,-5247
2022-09-19 14:26:04,64,13,3882.5,-5234
2022-09-19 14:26:05,80,22,3883.0,-5212
2022-09-19 14:26:06,29,11,3883.0,-5201
2022-09-19 14:26:07,33,-14,3883.0,-5215
2022-09-19 14:26:08,93,-20,3883.0,-5235
2022-09-19 14:26:09,2,2,3882.75,-5233
2022-09-19 14:26:10,18,9,3882.75,-5224
2022-09-19 14:26:11,26,-2,3883.0,-5226
2022-09-19 14:26:12,47,-16,3882.75,-5242
2022-09-19 14:26:13,33,-5,3882.5,-5247
2022-09-19 14:26:14,145,-43,3882.25,-5290
2022-09-19 14:26:15,131,-44,3881.75,-5334
2022-09-19 14:26:16,73,-26,3881.25,-5360
2022-09-19 14:26:17,70,-16,3881.0,-5376
2022-09-19 14:26:18,37,8,3881.0,-5368
2022-09-19 14:26:19,3,-3,3881.0,-5371
2022-09-19 14:26:20,29,7,3881.25,-5364
2022-09-19 14:26:21,9,-4,3881.0,-5368
2022-09-19 14:26:22,52,6,3881.25,-5362
2022-09-19 14:26:23,43,26,3881.5,-5336
2022-09-19 14:26:24,2,-2,3881.25,-5338
2022-09-19 14:26:25,52,-10,3881.5,-5348
2022-09-19 14:26:26,4,-4,3881.0,-5352
2022-09-19 14:26:27,16,4,3881.0,-5348
2022-09-19 14:26:28,23,0,3881.25,-5348
2022-09-19 14:26:29,58,-9,3881.0,-5357
2022-09-19 14:26:30,8,-4,3881.25,-5361
2022-09-19 14:26:31,4,-3,3880.75,-5364
2022-09-19 14:26:32,14,-8,3881.0,-5372
2022-09-19 14:26:33,18,12,3881.0,-5360
2022-09-19 14:26:34,28,-1,3881.0,-5361
2022-09-19 14:26:35,48,-3,3880.75,-5364
2022-09-19 14:26:36,39,7,3881.0,-5357
2022-09-19 14:26:37,9,-5,3881.0,-5362
2022-09-19 14:26:38,30,-9,3880.75,-5371
2022-09-19 14:26:39,50,35,3881.5,-5336
2022-09-19 14:26:40,5,5,3881.5,-5331
2022-09-19 14:26:41,9,-5,3881.5,-5336
2022-09-19 14:26:42,1,1,3881.5,-5335
2022-09-19 14:26:43,66,-32,3881.25,-5367
2022-09-19 14:26:44,36,-14,3881.0,-5381
2022-09-19 14:26:45,28,7,3881.0,-5374
2022-09-19 14:26:46,16,1,3881.25,-5373
2022-09-19 14:26:47,87,-12,3881.0,-5385
2022-09-19 14:26:48,108,-12,3880.75,-5397
2022-09-19 14:26:49,107,1,3880.5,-5396
2022-09-19 14:26:50,38,-10,3880.5,-5406
2022-09-19 14:26:51,56,0,3880.25,-5406
2022-09-19 14:26:52,44,-26,3880.5,-5432
2022-09-19 14:26:53,46,11,3880.5,-5421
2022-09-19 14:26:54,19,-10,3880.5,-5431
2022-09-19 14:26:55,22,8,3880.25,-5423
2022-09-19 14:26:56,8,4,3880.25,-5419
2022-09-19 14:26:57,15,11,3880.5,-5408
2022-09-19 14:26:58,55,15,3880.75,-5393
2022-09-19 14:26:59,27,1,3881.0,-5392
2022-09-19 14:27:00,50,-2,3880.75,-5394
2022-09-19 14:27:01,4,1,3880.75,-5393
2022-09-19 14:27:02,41,-1,3880.75,-5394
2022-09-19 14:27:03,18,3,3880.5,-5391
2022-09-19 14:27:04,20,-1,3880.5,-5392
2022-09-19 14:27:05,43,8,3880.75,-5384
2022-09-19 14:27:06,28,-4,3880.5,-5388
2022-09-19 14:27:07,61,18,3880.5,-5370
2022-09-19 14:27:08,8,2,3880.5,-5368
2022-09-19 14:27:09,42,-9,3880.25,-5377
2022-09-19 14:27:10,20,11,3880.5,-5366
2022-09-19 14:27:11,54,16,3881.0,-5350
2022-09-19 14:27:12,80,3,3881.25,-5347
2022-09-19 14:27:13,72,-3,3881.25,-5350
2022-09-19 14:27:14,500,107,3881.75,-5243
2022-09-19 14:27:15,78,-35,3882.0,-5278
2022-09-19 14:27:16,41,17,3882.0,-5261
2022-09-19 14:27:17,257,-13,3882.0,-5274
2022-09-19 14:27:18,41,-6,3882.0,-5280
2022-09-19 14:27:19,198,-57,3882.0,-5337
2022-09-19 14:27:20,3,-1,3881.75,-5338
2022-09-19 14:27:21,194,-14,3882.0,-5352
2022-09-19 14:27:22,27,-18,3881.75,-5370
2022-09-19 14:27:23,74,-1,3881.75,-5371
2022-09-19 14:27:24,5,-3,3881.75,-5374
2022-09-19 14:27:25,1,-1,3881.75,-5375
2022-09-19 14:27:26,90,12,3882.0,-5363
2022-09-19 14:27:27,39,-11,3882.0,-5374
2022-09-19 14:27:28,133,5,3882.25,-5369
2022-09-19 14:27:29,46,-1,3882.25,-5370
2022-09-19 14:27:30,84,1,3882.0,-5369
2022-09-19 14:27:31,60,12,3881.75,-5357
2022-09-19 14:27:33,47,-2,3881.75,-5359
2022-09-19 14:27:34,6,-6,3881.75,-5365
2022-09-19 14:27:35,53,-14,3881.5,-5379
2022-09-19 14:27:36,47,19,3882.0,-5360
2022-09-19 14:27:38,78,-23,3882.0,-5383
2022-09-19 14:27:39,40,-19,3881.75,-5402
2022-09-19 14:27:40,2,-1,3881.75,-5403
2022-09-19 14:27:41,174,29,3882.0,-5374
2022-09-19 14:27:42,173,-14,3882.25,-5388
2022-09-19 14:27:43,3,3,3882.25,-5385
2022-09-19 14:27:44,66,10,3882.5,-5375
2022-09-19 14:27:45,82,37,3883.25,-5338
2022-09-19 14:27:46,243,47,3883.5,-5291
2022-09-19 14:27:47,22,-2,3883.25,-5293
2022-09-19 14:27:48,71,-15,3883.25,-5308
2022-09-19 14:27:49,51,22,3883.25,-5286
2022-09-19 14:27:50,96,-7,3883.25,-5293
2022-09-19 14:27:51,49,6,3883.0,-5287
2022-09-19 14:27:52,19,-1,3882.75,-5288
2022-09-19 14:27:53,47,3,3883.0,-5285
2022-09-19 14:27:54,4,2,3883.25,-5283
2022-09-19 14:27:55,1,1,3883.25,-5282
2022-09-19 14:27:56,16,6,3883.25,-5276
2022-09-19 14:27:57,5,1,3883.25,-5275
2022-09-19 14:27:58,24,10,3883.25,-5265
2022-09-19 14:27:59,24,-3,3883.5,-5268
2022-09-19 14:28:00,170,34,3883.75,-5234
2022-09-19 14:28:01,10,2,3883.75,-5232
2022-09-19 14:28:02,124,19,3883.75,-5213
2022-09-19 14:28:03,238,50,3884.25,-5163
2022-09-19 14:28:04,10,8,3884.25,-5155
2022-09-19 14:28:05,108,-23,3884.0,-5178
2022-09-19 14:28:06,18,0,3883.75,-5178
2022-09-19 14:28:07,25,-12,3883.5,-5190
2022-09-19 14:28:08,7,-1,3883.75,-5191
2022-09-19 14:28:09,21,13,3884.0,-5178
2022-09-19 14:28:10,11,-7,3884.0,-5185
2022-09-19 14:28:11,10,-7,3883.75,-5192
2022-09-19 14:28:12,47,16,3883.5,-5176
2022-09-19 14:28:13,29,-7,3883.75,-5183
2022-09-19 14:28:14,69,-10,3884.0,-5193
2022-09-19 14:28:15,1,1,3883.75,-5192
2022-09-19 14:28:16,2,0,3883.75,-5192
2022-09-19 14:28:17,24,-8,3883.5,-5200
2022-09-19 14:28:18,29,-2,3883.75,-5202
2022-09-19 14:28:19,16,-7,3883.75,-5209
2022-09-19 14:28:20,51,3,3883.75,-5206
2022-09-19 14:28:21,12,7,3883.5,-5199
2022-09-19 14:28:22,17,0,3883.5,-5199
2022-09-19 14:28:23,1,-1,3883.5,-5200
2022-09-19 14:28:24,45,9,3883.75,-5191
2022-09-19 14:28:25,6,2,3884.0,-5189
2022-09-19 14:28:26,3,-1,3884.0,-5190
2022-09-19 14:28:28,9,6,3884.0,-5184
2022-09-19 14:28:29,143,24,3884.25,-5160
2022-09-19 14:28:30,12,1,3884.25,-5159
2022-09-19 14:28:31,30,-4,3884.25,-5163
2022-09-19 14:28:32,148,-24,3884.0,-5187
2022-09-19 14:28:33,1,1,3883.75,-5186
2022-09-19 14:28:34,1,-1,3883.5,-5187
2022-09-19 14:28:35,23,-4,3883.5,-5191
2022-09-19 14:28:36,54,7,3883.75,-5184
2022-09-19 14:28:37,130,28,3883.75,-5156
2022-09-19 14:28:38,59,25,3883.75,-5131
2022-09-19 14:28:40,27,-11,3884.0,-5142
2022-09-19 14:28:41,38,-7,3883.5,-5149
2022-09-19 14:28:42,16,6,3883.75,-5143
2022-09-19 14:28:43,32,9,3884.0,-5134
2022-09-19 14:28:44,11,-8,3883.75,-5142
2022-09-19 14:28:45,10,4,3883.75,-5138
2022-09-19 14:28:46,2,0,3884.0,-5138
2022-09-19 14:28:47,58,41,3884.25,-5097
2022-09-19 14:28:48,129,34,3884.75,-5063
2022-09-19 14:28:49,182,36,3884.75,-5027
2022-09-19 14:28:50,25,15,3885.0,-5012
2022-09-19 14:28:51,45,-21,3885.0,-5033
2022-09-19 14:28:52,44,-1,3885.0,-5034
2022-09-19 14:28:53,31,-4,3885.0,-5038
2022-09-19 14:28:54,255,-16,3884.75,-5054
2022-09-19 14:28:55,35,-15,3884.75,-5069
2022-09-19 14:28:56,16,3,3884.75,-5066
2022-09-19 14:28:57,27,3,3884.75,-5063
2022-09-19 14:28:58,10,10,3884.75,-5053
2022-09-19 14:28:59,13,12,3885.0,-5041
2022-09-19 14:29:00,83,25,3885.25,-5016
2022-09-19 14:29:01,60,12,3885.25,-5004
2022-09-19 14:29:02,39,3,3885.0,-5001
2022-09-19 14:29:03,104,-22,3885.0,-5023
2022-09-19 14:29:04,54,-8,3884.75,-5031
2022-09-19 14:29:05,3,-1,3884.75,-5032
2022-09-19 14:29:06,37,1,3884.75,-5031
2022-09-19 14:29:07,14,-4,3884.75,-5035
2022-09-19 14:29:08,22,15,3885.0,-5020
2022-09-19 14:29:09,35,-5,3884.75,-5025
2022-09-19 14:29:10,27,-4,3884.75,-5029
2022-09-19 14:29:11,114,-14,3884.5,-5043
2022-09-19 14:29:12,188,-35,3884.25,-5078
2022-09-19 14:29:13,97,57,3884.25,-5021
2022-09-19 14:29:14,26,-6,3884.5,-5027
2022-09-19 14:29:15,10,-4,3884.0,-5031
2022-09-19 14:29:16,65,-14,3884.0,-5045
2022-09-19 14:29:17,26,-4,3884.0,-5049
2022-09-19 14:29:18,54,4,3884.0,-5045
2022-09-19 14:29:19,8,-8,3884.0,-5053
2022-09-19 14:29:20,6,-6,3883.75,-5059
2022-09-19 14:29:21,198,-13,3883.75,-5072
2022-09-19 14:29:22,45,-9,3883.5,-5081
2022-09-19 14:29:23,21,1,3883.75,-5080
2022-09-19 14:29:24,24,4,3883.5,-5076
2022-09-19 14:29:25,19,5,3883.5,-5071
2022-09-19 14:29:27,21,5,3883.75,-5066
2022-09-19 14:29:28,26,8,3883.75,-5058
2022-09-19 14:29:29,9,4,3884.0,-5054
2022-09-19 14:29:31,48,-2,3884.0,-5056
2022-09-19 14:29:32,149,23,3884.25,-5033
2022-09-19 14:29:33,2,1,3884.25,-5032
2022-09-19 14:29:34,30,1,3884.25,-5031
2022-09-19 14:29:35,19,-13,3884.0,-5044
2022-09-19 14:29:37,68,-33,3884.0,-5077
2022-09-19 14:29:38,11,6,3883.75,-5071
2022-09-19 14:29:39,122,24,3884.5,-5047
2022-09-19 14:29:40,39,14,3884.5,-5033
2022-09-19 14:29:41,3,3,3884.75,-5030
2022-09-19 14:29:42,80,26,3884.75,-5004
2022-09-19 14:29:43,55,-2,3884.5,-5006
2022-09-19 14:29:44,27,5,3884.5,-5001
2022-09-19 14:29:45,4,-2,3884.25,-5003
2022-09-19 14:29:46,60,-11,3884.25,-5014
2022-09-19 14:29:47,31,-10,3884.0,-5024
2022-09-19 14:29:48,29,-14,3883.75,-5038
2022-09-19 14:29:49,37,-8,3883.75,-5046
2022-09-19 14:29:50,55,34,3884.25,-5012
2022-09-19 14:29:51,33,3,3884.25,-5009
2022-09-19 14:29:52,11,-9,3884.25,-5018
2022-09-19 14:29:53,11,-1,3884.0,-5019
2022-09-19 14:29:54,3,1,3884.0,-5018
2022-09-19 14:29:55,15,-1,3884.0,-5019
2022-09-19 14:29:56,17,11,3884.0,-5008
2022-09-19 14:29:57,1,-1,3884.0,-5009
2022-09-19 14:29:58,46,-8,3884.0,-5017
2022-09-19 14:29:59,16,-2,3884.0,-5019
2022-09-19 14:30:00,55,5,3884.25,-5014
2022-09-19 14:30:01,28,-2,3884.25,-5016
2022-09-19 14:30:02,16,-4,3884.25,-5020
2022-09-19 14:30:03,24,0,3884.25,-5020
2022-09-19 14:30:04,61,-4,3884.5,-5024
2022-09-19 14:30:05,4,-2,3884.25,-5026
2022-09-19 14:30:06,105,9,3884.5,-5017
2022-09-19 14:30:07,64,-3,3884.5,-5020
2022-09-19 14:30:08,51,9,3884.5,-5011
2022-09-19 14:30:09,10,6,3884.5,-5005
2022-09-19 14:30:10,14,-8,3884.5,-5013
2022-09-19 14:30:11,31,-7,3884.75,-5020
2022-09-19 14:30:12,1,-1,3884.5,-5021
2022-09-19 14:30:13,1,1,3884.75,-5020
2022-09-19 14:30:14,6,3,3884.75,-5017
2022-09-19 14:30:15,100,0,3884.5,-5017
2022-09-19 14:30:16,76,17,3884.75,-5000
2022-09-19 14:30:17,102,-28,3884.75,-5028
2022-09-19 14:30:18,6,-4,3884.75,-5032
2022-09-19 14:30:19,62,2,3884.5,-5030
2022-09-19 14:30:20,269,74,3884.75,-4956
2022-09-19 14:30:21,111,-29,3884.75,-4985
2022-09-19 14:30:22,87,-4,3884.5,-4989
2022-09-19 14:30:23,36,-8,3884.75,-4997
2022-09-19 14:30:24,105,18,3884.75,-4979
2022-09-19 14:30:25,113,26,3885.0,-4953
2022-09-19 14:30:26,84,18,3885.25,-4935
2022-09-19 14:30:28,102,0,3884.75,-4935
2022-09-19 14:30:29,3,1,3884.75,-4934
2022-09-19 14:30:30,48,-27,3884.75,-4961
2022-09-19 14:30:31,141,-24,3884.75,-4985
2022-09-19 14:30:32,1,1,3884.75,-4984
2022-09-19 14:30:33,68,35,3884.75,-4949
2022-09-19 14:30:34,146,32,3885.25,-4917
2022-09-19 14:30:35,62,16,3885.5,-4901
2022-09-19 14:30:36,292,41,3886.0,-4860
2022-09-19 14:30:37,179,26,3886.5,-4834
2022-09-19 14:30:38,73,8,3886.0,-4826
2022-09-19 14:30:39,52,-27,3886.0,-4853
2022-09-19 14:30:40,51,2,3886.0,-4851
2022-09-19 14:30:41,75,11,3885.75,-4840
2022-09-19 14:30:42,24,14,3886.0,-4826
2022-09-19 14:30:43,2,-2,3885.75,-4828
2022-09-19 14:30:44,160,82,3886.5,-4746
2022-09-19 14:30:45,64,14,3886.5,-4732
2022-09-19 14:30:46,197,-26,3886.5,-4758
2022-09-19 14:30:47,286,45,3887.0,-4713
2022-09-19 14:30:48,105,13,3886.75,-4700
2022-09-19 14:30:49,96,-11,3886.75,-4711
2022-09-19 14:30:50,56,3,3886.75,-4708
2022-09-19 14:30:51,96,-10,3886.5,-4718
2022-09-19 14:30:52,91,-20,3886.5,-4738
2022-09-19 14:30:53,215,-81,3885.75,-4819
2022-09-19 14:30:54,87,26,3885.75,-4793
2022-09-19 14:30:55,178,31,3886.25,-4762
2022-09-19 14:30:56,22,17,3886.0,-4745
2022-09-19 14:30:57,58,-6,3886.0,-4751
2022-09-19 14:30:58,25,-18,3886.25,-4769
2022-09-19 14:30:59,36,3,3886.0,-4766
2022-09-19 14:31:00,54,4,3886.0,-4762
2022-09-19 14:31:01,12,0,3886.0,-4762
2022-09-19 14:31:02,203,2,3886.0,-4760
2022-09-19 14:31:03,52,25,3886.0,-4735
2022-09-19 14:31:04,82,-42,3886.0,-4777
2022-09-19 14:31:05,167,-26,3886.0,-4803
2022-09-19 14:31:06,129,37,3886.25,-4766
2022-09-19 14:31:07,38,-4,3886.25,-4770
2022-09-19 14:31:08,41,0,3885.75,-4770
2022-09-19 14:31:09,54,0,3885.75,-4770
2022-09-19 14:31:10,106,-11,3886.0,-4781
2022-09-19 14:31:11,42,22,3886.25,-4759
2022-09-19 14:31:12,135,35,3886.25,-4724
2022-09-19 14:31:13,13,7,3886.5,-4717
2022-09-19 14:31:14,35,-16,3886.5,-4733
2022-09-19 14:31:15,96,11,3886.25,-4722
2022-09-19 14:31:16,196,42,3886.5,-4680
2022-09-19 14:31:17,499,76,3887.0,-4604
2022-09-19 14:31:18,171,39,3887.5,-4565
2022-09-19 14:31:19,61,-2,3887.5,-4567
2022-09-19 14:31:20,22,-1,3887.5,-4568
2022-09-19 14:31:21,63,-14,3887.5,-4582
2022-09-19 14:31:22,25,9,3887.25,-4573
2022-09-19 14:31:23,50,-8,3887.5,-4581
2022-09-19 14:31:24,54,-5,3887.5,-4586
2022-09-19 14:31:25,45,15,3887.5,-4571
2022-09-19 14:31:26,75,3,3887.5,-4568
2022-09-19 14:31:27,4,2,3887.5,-4566
2022-09-19 14:31:28,79,-4,3887.75,-4570
2022-09-19 14:31:29,78,-20,3887.25,-4590
2022-09-19 14:31:30,109,18,3887.0,-4572
2022-09-19 14:31:31,52,-4,3887.25,-4576
2022-09-19 14:31:32,40,8,3887.25,-4568
2022-09-19 14:31:33,45,-5,3887.5,-4573
2022-09-19 14:31:34,28,-1,3887.5,-4574
2022-09-19 14:31:35,35,8,3887.5,-4566
2022-09-19 14:31:36,93,-29,3887.5,-4595
2022-09-19 14:31:37,17,6,3887.25,-4589
2022-09-19 14:31:38,4,-4,3887.25,-4593
2022-09-19 14:31:39,102,-48,3887.5,-4641
2022-09-19 14:31:40,98,-7,3886.5,-4648
2022-09-19 14:31:41,13,-5,3886.5,-4653
2022-09-19 14:31:42,13,-13,3886.25,-4666
2022-09-19 14:31:43,22,0,3886.25,-4666
2022-09-19 14:31:44,67,6,3886.5,-4660
2022-09-19 14:31:45,144,-11,3886.75,-4671
2022-09-19 14:31:46,4,2,3886.75,-4669
2022-09-19 14:31:47,80,29,3887.0,-4640
2022-09-19 14:31:48,6,0,3887.0,-4640
2022-09-19 14:31:49,74,-19,3886.75,-4659
2022-09-19 14:31:50,10,6,3886.5,-4653
2022-09-19 14:31:51,28,-1,3886.5,-4654
2022-09-19 14:31:52,88,6,3886.5,-4648
2022-09-19 14:31:53,7,5,3886.5,-4643
2022-09-19 14:31:54,46,-9,3886.75,-4652
2022-09-19 14:31:55,70,-27,3886.75,-4679
2022-09-19 14:31:56,48,16,3886.75,-4663
2022-09-19 14:31:57,63,-7,3887.0,-4670
2022-09-19 14:31:58,30,-19,3887.0,-4689
2022-09-19 14:31:59,236,43,3887.25,-4646
2022-09-19 14:32:00,111,-2,3887.25,-4648
2022-09-19 14:32:01,67,-15,3887.25,-4663
2022-09-19 14:32:02,100,-22,3886.5,-4685
2022-09-19 14:32:03,20,7,3886.5,-4678
2022-09-19 14:32:04,107,40,3887.0,-4638
2022-09-19 14:32:05,87,20,3887.5,-4618
2022-09-19 14:32:06,80,43,3887.5,-4575
2022-09-19 14:32:07,78,-45,3887.25,-4620
2022-09-19 14:32:08,6,-3,3887.5,-4623
2022-09-19 14:32:09,45,9,3887.5,-4614
2022-09-19 14:32:10,60,1,3887.5,-4613
2022-09-19 14:32:11,4,-2,3887.25,-4615
2022-09-19 14:32:12,119,-3,3887.5,-4618
2022-09-19 14:32:13,158,-41,3887.5,-4659
2022-09-19 14:32:14,124,-15,3887.75,-4674
2022-09-19 14:32:15,98,-43,3887.25,-4717
2022-09-19 14:32:16,11,8,3886.75,-4709
2022-09-19 14:32:17,14,-7,3887.0,-4716
2022-09-19 14:32:18,16,-14,3887.0,-4730
2022-09-19 14:32:20,72,-5,3887.0,-4735
2022-09-19 14:32:21,25,-1,3887.0,-4736
2022-09-19 14:32:23,53,1,3886.75,-4735
2022-09-19 14:32:24,69,22,3886.75,-4713
2022-09-19 14:32:25,68,-28,3886.75,-4741
2022-09-19 14:32:26,16,-4,3886.75,-4745
2022-09-19 14:32:27,56,-22,3886.25,-4767
2022-09-19 14:32:28,196,-48,3886.0,-4815
2022-09-19 14:32:29,21,-14,3885.75,-4829
2022-09-19 14:32:30,304,4,3886.0,-4825
2022-09-19 14:32:31,1,1,3886.0,-4824
2022-09-19 14:32:32,188,22,3886.25,-4802
2022-09-19 14:32:33,39,7,3886.5,-4795
2022-09-19 14:32:34,39,3,3886.75,-4792
2022-09-19 14:32:35,2,0,3886.25,-4792
2022-09-19 14:32:36,17,9,3886.5,-4783
2022-09-19 14:32:37,47,0,3886.75,-4783
2022-09-19 14:32:38,5,-1,3886.75,-4784
2022-09-19 14:32:39,21,-10,3886.5,-4794
2022-09-19 14:32:40,14,10,3886.5,-4784
2022-09-19 14:32:41,15,-4,3886.75,-4788
2022-09-19 14:32:42,51,20,3886.5,-4768
2022-09-19 14:32:43,62,-14,3886.25,-4782
2022-09-19 14:32:44,32,10,3886.25,-4772
2022-09-19 14:32:45,39,2,3886.25,-4770
2022-09-19 14:32:46,8,0,3886.25,-4770
2022-09-19 14:32:47,3,1,3886.25,-4769
2022-09-19 14:32:48,41,14,3886.25,-4755
2022-09-19 14:32:49,2,-2,3886.25,-4757
2022-09-19 14:32:50,1,-1,3886.25,-4758
2022-09-19 14:32:51,31,8,3886.5,-4750
2022-09-19 14:32:52,14,-12,3886.25,-4762
2022-09-19 14:32:53,82,-12,3886.0,-4774
2022-09-19 14:32:54,8,-5,3885.75,-4779
2022-09-19 14:32:55,41,8,3886.0,-4771
2022-09-19 14:32:56,17,0,3886.0,-4771
2022-09-19 14:32:57,37,19,3886.25,-4752
2022-09-19 14:32:58,2,2,3886.25,-4750
2022-09-19 14:32:59,54,-6,3886.25,-4756
2022-09-19 14:33:00,48,5,3886.25,-4751
2022-09-19 14:33:01,103,-8,3886.0,-4759
2022-09-19 14:33:02,61,11,3886.0,-4748
2022-09-19 14:33:03,84,17,3886.25,-4731
2022-09-19 14:33:04,7,-1,3886.25,-4732
2022-09-19 14:33:05,67,45,3886.75,-4687
2022-09-19 14:33:06,6,2,3887.0,-4685
2022-09-19 14:33:07,54,21,3887.25,-4664
2022-09-19 14:33:08,72,-3,3887.0,-4667
2022-09-19 14:33:09,70,9,3887.25,-4658
2022-09-19 14:33:10,16,2,3887.25,-4656
2022-09-19 14:33:11,42,4,3887.25,-4652
2022-09-19 14:33:12,9,1,3887.25,-4651
2022-09-19 14:33:13,36,19,3887.25,-4632
2022-09-19 14:33:14,69,-7,3887.5,-4639
2022-09-19 14:33:15,18,4,3887.25,-4635
2022-09-19 14:33:16,3,3,3887.25,-4632
2022-09-19 14:33:17,41,5,3887.5,-4627
2022-09-19 14:33:18,16,-6,3887.25,-4633
2022-09-19 14:33:19,17,2,3887.25,-4631
2022-09-19 14:33:20,107,52,3887.5,-4579
2022-09-19 14:33:21,98,-25,3887.5,-4604
2022-09-19 14:33:22,32,-2,3887.25,-4606
2022-09-19 14:33:23,69,-30,3887.25,-4636
2022-09-19 14:33:24,290,-53,3887.0,-4689
2022-09-19 14:33:25,1,-1,3887.0,-4690
2022-09-19 14:33:26,33,-5,3887.0,-4695
2022-09-19 14:33:27,4,-2,3887.25,-4697
2022-09-19 14:33:28,45,10,3887.5,-4687
2022-09-19 14:33:29,16,-1,3887.25,-4688
2022-09-19 14:33:30,24,0,3887.25,-4688
2022-09-19 14:33:31,18,4,3887.5,-4684
2022-09-19 14:33:32,35,-5,3887.5,-4689
2022-09-19 14:33:33,15,-8,3887.0,-4697
2022-09-19 14:33:34,46,-16,3886.75,-4713
2022-09-19 14:33:35,19,2,3886.75,-4711
2022-09-19 14:33:36,39,7,3886.75,-4704
2022-09-19 14:33:37,23,-6,3886.75,-4710
2022-09-19 14:33:38,103,25,3886.75,-4685
2022-09-19 14:33:40,57,7,3887.0,-4678
2022-09-19 14:33:41,83,-2,3887.0,-4680
2022-09-19 14:33:42,10,-8,3886.5,-4688
2022-09-19 14:33:43,38,5,3886.75,-4683
2022-09-19 14:33:44,6,-1,3886.75,-4684
2022-09-19 14:33:46,160,19,3887.0,-4665
2022-09-19 14:33:47,51,-3,3886.75,-4668
2022-09-19 14:33:48,90,6,3887.25,-4662
2022-09-19 14:33:49,15,8,3887.5,-4654
2022-09-19 14:33:50,20,8,3887.5,-4646
2022-09-19 14:33:51,44,-11,3887.25,-4657
2022-09-19 14:33:52,40,-12,3887.0,-4669
2022-09-19 14:33:53,18,0,3886.75,-4669
2022-09-19 14:33:54,46,11,3887.0,-4658
2022-09-19 14:33:55,74,-1,3887.0,-4659
2022-09-19 14:33:56,70,-28,3886.75,-4687
2022-09-19 14:33:57,36,-5,3886.75,-4692
2022-09-19 14:33:58,86,-39,3886.75,-4731
2022-09-19 14:33:59,15,6,3886.75,-4725
2022-09-19 14:34:00,111,-7,3887.0,-4732
2022-09-19 14:34:01,33,1,3887.0,-4731
2022-09-19 14:34:03,17,-5,3886.75,-4736
2022-09-19 14:34:04,7,0,3886.75,-4736
2022-09-19 14:34:05,16,3,3886.75,-4733
2022-09-19 14:34:06,8,2,3886.75,-4731
2022-09-19 14:34:07,26,-4,3886.75,-4735
2022-09-19 14:34:08,30,2,3886.5,-4733
2022-09-19 14:34:09,35,12,3886.75,-4721
2022-09-19 14:34:10,31,-1,3886.75,-4722
2022-09-19 14:34:11,354,57,3887.0,-4665
2022-09-19 14:34:12,47,21,3887.0,-4644
2022-09-19 14:34:13,1,1,3887.0,-4643
2022-09-19 14:34:15,6,0,3887.0,-4643
2022-09-19 14:34:16,135,15,3887.5,-4628
2022-09-19 14:34:17,4,-2,3887.5,-4630
2022-09-19 14:34:18,37,2,3887.5,-4628
2022-09-19 14:34:19,18,9,3887.5,-4619
2022-09-19 14:34:20,32,0,3887.5,-4619
2022-09-19 14:34:21,31,-12,3887.25,-4631
2022-09-19 14:34:22,389,-74,3887.25,-4705
2022-09-19 14:34:23,63,14,3887.0,-4691
2022-09-19 14:34:24,11,-1,3887.25,-4692
2022-09-19 14:34:25,11,8,3887.5,-4684
2022-09-19 14:34:29,76,-25,3887.25,-4709
2022-09-19 14:34:30,3,1,3887.0,-4708
2022-09-19 14:34:31,11,-7,3887.0,-4715
2022-09-19 14:34:32,59,2,3887.0,-4713
2022-09-19 14:34:33,34,-3,3887.0,-4716
2022-09-19 14:34:35,35,2,3886.75,-4714
2022-09-19 14:34:36,70,-14,3886.75,-4728
2022-09-19 14:34:37,99,-4,3886.75,-4732
2022-09-19 14:34:38,19,-8,3886.5,-4740
2022-09-19 14:34:39,72,-38,3886.25,-4778
2022-09-19 14:34:40,51,-36,3886.0,-4814
2022-09-19 14:34:41,31,10,3886.0,-4804
2022-09-19 14:34:42,50,11,3886.0,-4793
2022-09-19 14:34:43,37,2,3886.25,-4791
2022-09-19 14:34:44,81,2,3886.75,-4789
2022-09-19 14:34:45,9,-5,3886.25,-4794
2022-09-19 14:34:46,2,2,3886.25,-4792
2022-09-19 14:34:47,29,10,3886.25,-4782
2022-09-19 14:34:48,95,40,3887.0,-4742
2022-09-19 14:34:49,56,27,3887.0,-4715
2022-09-19 14:34:50,49,3,3887.25,-4712
2022-09-19 14:34:51,19,-7,3887.0,-4719
2022-09-19 14:34:52,47,0,3887.0,-4719
2022-09-19 14:34:53,22,-8,3886.75,-4727
2022-09-19 14:34:54,19,3,3886.75,-4724
2022-09-19 14:34:55,103,50,3887.5,-4674
2022-09-19 14:34:56,104,40,3887.75,-4634
2022-09-19 14:34:57,64,0,3887.75,-4634
2022-09-19 14:34:58,6,1,3887.5,-4633
2022-09-19 14:34:59,110,-3,3887.25,-4636
2022-09-19 14:35:00,69,0,3887.25,-4636
2022-09-19 14:35:01,32,1,3887.0,-4635
2022-09-19 14:35:02,54,-21,3887.0,-4656
2022-09-19 14:35:04,3,-3,3887.0,-4659
2022-09-19 14:35:05,60,-31,3886.75,-4690
2022-09-19 14:35:06,68,-6,3886.75,-4696
2022-09-19 14:35:07,4,-2,3887.0,-4698
2022-09-19 14:35:08,106,7,3887.0,-4691
2022-09-19 14:35:09,15,-10,3887.0,-4701
2022-09-19 14:35:10,19,2,3887.0,-4699
2022-09-19 14:35:11,10,-2,3887.0,-4701
2022-09-19 14:35:12,2,-2,3886.75,-4703
2022-09-19 14:35:13,31,-9,3886.75,-4712
2022-09-19 14:35:14,10,7,3886.75,-4705
2022-09-19 14:35:15,216,-56,3886.5,-4761
2022-09-19 14:35:16,20,11,3886.75,-4750
2022-09-19 14:35:17,8,-8,3886.5,-4758
2022-09-19 14:35:18,2,2,3886.75,-4756
2022-09-19 14:35:19,1,1,3886.75,-4755
2022-09-19 14:35:20,1,-1,3886.5,-4756
2022-09-19 14:35:21,2,0,3886.75,-4756
2022-09-19 14:35:22,5,-3,3886.5,-4759
2022-09-19 14:35:23,1,-1,3886.5,-4760
2022-09-19 14:35:24,303,-21,3886.75,-4781
2022-09-19 14:35:25,19,-6,3886.5,-4787
2022-09-19 14:35:26,544,26,3886.5,-4761
2022-09-19 14:35:27,44,-9,3886.5,-4770
2022-09-19 14:35:28,2,-2,3886.5,-4772
2022-09-19 14:35:29,2,2,3886.75,-4770
2022-09-19 14:35:30,25,-1,3886.75,-4771
2022-09-19 14:35:31,10,-3,3886.5,-4774
2022-09-19 14:35:32,14,3,3886.5,-4771
2022-09-19 14:35:33,328,-81,3886.5,-4852
2022-09-19 14:35:34,113,-22,3886.5,-4874
2022-09-19 14:35:35,320,-110,3885.75,-4984
2022-09-19 14:35:36,150,11,3885.25,-4973
2022-09-19 14:35:37,1,1,3885.5,-4972
2022-09-19 14:35:38,3,1,3885.5,-4971
2022-09-19 14:35:39,150,-46,3885.5,-5017
2022-09-19 14:35:40,1,1,3885.5,-5016
2022-09-19 14:35:41,225,16,3885.75,-5000
2022-09-19 14:35:42,195,-62,3886.0,-5062
2022-09-19 14:35:43,25,-7,3886.25,-5069
2022-09-19 14:35:44,5,-1,3886.0,-5070
2022-09-19 14:35:45,134,36,3886.5,-5034
2022-09-19 14:35:46,35,-14,3886.25,-5048
2022-09-19 14:35:47,4,-3,3886.25,-5051
2022-09-19 14:35:48,88,3,3886.25,-5048
2022-09-19 14:35:50,78,22,3886.25,-5026
2022-09-19 14:35:51,5,3,3886.25,-5023
2022-09-19 14:35:52,48,-15,3886.0,-5038
2022-09-19 14:35:53,70,26,3885.75,-5012
2022-09-19 14:35:54,1,-1,3885.75,-5013
2022-09-19 14:35:55,44,-15,3886.0,-5028
2022-09-19 14:35:56,49,0,3886.0,-5028
2022-09-19 14:35:57,65,-12,3886.0,-5040
2022-09-19 14:35:58,13,-5,3885.5,-5045
2022-09-19 14:35:59,45,9,3885.5,-5036
2022-09-19 14:36:00,26,-4,3885.5,-5040
2022-09-19 14:36:01,5,1,3885.75,-5039
2022-09-19 14:36:03,28,2,3885.75,-5037
2022-09-19 14:36:05,51,-10,3885.5,-5047
2022-09-19 14:36:06,10,0,3885.5,-5047
2022-09-19 14:36:07,119,7,3885.5,-5040
2022-09-19 14:36:08,7,-4,3885.5,-5044
2022-09-19 14:36:09,81,18,3885.5,-5026
2022-09-19 14:36:10,57,-30,3885.5,-5056
2022-09-19 14:36:11,77,-4,3885.25,-5060
2022-09-19 14:36:12,63,9,3885.25,-5051
2022-09-19 14:36:13,40,16,3885.75,-5035
2022-09-19 14:36:14,5,5,3885.5,-5030
2022-09-19 14:36:15,10,-1,3885.5,-5031
2022-09-19 14:36:16,5,-2,3885.5,-5033
2022-09-19 14:36:17,59,-5,3885.75,-5038
2022-09-19 14:36:18,10,10,3885.75,-5028
2022-09-19 14:36:19,85,13,3886.25,-5015
2022-09-19 14:36:20,22,-3,3886.5,-5018
2022-09-19 14:36:21,41,8,3886.5,-5010
2022-09-19 14:36:22,32,-8,3886.5,-5018
2022-09-19 14:36:23,19,-12,3886.75,-5030
2022-09-19 14:36:24,57,-8,3886.5,-5038
2022-09-19 14:36:25,4,-2,3886.0,-5040
2022-09-19 14:36:26,65,11,3886.25,-5029
2022-09-19 14:36:27,2,1,3886.25,-5028
2022-09-19 14:36:28,15,-6,3886.25,-5034
2022-09-19 14:36:29,237,-71,3886.25,-5105
2022-09-19 14:36:30,7,-2,3886.25,-5107
2022-09-19 14:36:31,27,-17,3886.0,-5124
2022-09-19 14:36:33,1,-1,3886.0,-5125
2022-09-19 14:36:34,199,18,3886.25,-5107
2022-09-19 14:36:35,4,1,3886.25,-5106
2022-09-19 14:36:36,192,-52,3886.0,-5158
2022-09-19 14:36:37,6,6,3885.75,-5152
2022-09-19 14:36:38,13,-3,3885.75,-5155
2022-09-19 14:36:39,1,-1,3885.25,-5156
2022-09-19 14:36:41,16,-1,3885.5,-5157
2022-09-19 14:36:42,1,1,3885.75,-5156
2022-09-19 14:36:43,3,3,3885.75,-5153
2022-09-19 14:36:44,33,8,3885.75,-5145
2022-09-19 14:36:45,370,47,3886.0,-5098
2022-09-19 14:36:46,41,28,3886.0,-5070
2022-09-19 14:36:47,23,-16,3885.75,-5086
2022-09-19 14:36:48,28,-2,3886.0,-5088
2022-09-19 14:36:49,6,2,3886.0,-5086
2022-09-19 14:36:50,2,-1,3885.75,-5087
2022-09-19 14:36:51,274,-15,3886.25,-5102
2022-09-19 14:36:52,66,13,3886.0,-5089
2022-09-19 14:36:53,44,-6,3886.0,-5095
2022-09-19 14:36:54,237,27,3886.25,-5068
2022-09-19 14:36:55,32,8,3886.5,-5060
2022-09-19 14:36:56,4,2,3886.5,-5058
2022-09-19 14:36:57,15,-2,3886.5,-5060
2022-09-19 14:36:58,49,7,3886.5,-5053
2022-09-19 14:36:59,28,-5,3886.5,-5058
2022-09-19 14:37:00,37,8,3886.5,-5050
2022-09-19 14:37:01,74,12,3886.75,-5038
2022-09-19 14:37:02,79,16,3887.25,-5022
2022-09-19 14:37:03,11,7,3887.25,-5015
2022-09-19 14:37:04,21,-2,3887.25,-5017
2022-09-19 14:37:05,34,-11,3887.0,-5028
2022-09-19 14:37:06,19,11,3887.0,-5017
2022-09-19 14:37:07,113,6,3887.25,-5011
2022-09-19 14:37:08,163,51,3887.5,-4960
2022-09-19 14:37:09,75,3,3887.5,-4957
2022-09-19 14:37:10,3,2,3887.5,-4955
2022-09-19 14:37:11,35,-10,3887.5,-4965
2022-09-19 14:37:12,10,8,3887.5,-4957
2022-09-19 14:37:13,22,-8,3887.25,-4965
2022-09-19 14:37:14,40,-1,3887.25,-4966
2022-09-19 14:37:15,50,-25,3887.0,-4991
2022-09-19 14:37:16,51,-22,3886.75,-5013
2022-09-19 14:37:17,41,-2,3886.75,-5015
2022-09-19 14:37:18,12,2,3887.0,-5013
2022-09-19 14:37:19,50,-9,3886.75,-5022
2022-09-19 14:37:20,82,14,3886.75,-5008
2022-09-19 14:37:21,185,-32,3886.25,-5040
2022-09-19 14:37:22,79,3,3886.5,-5037
2022-09-19 14:37:23,32,-6,3886.25,-5043
2022-09-19 14:37:24,11,-4,3886.25,-5047
2022-09-19 14:37:25,100,21,3886.5,-5026
2022-09-19 14:37:26,12,-6,3886.25,-5032
2022-09-19 14:37:27,11,-11,3886.25,-5043
2022-09-19 14:37:28,20,12,3886.25,-5031
2022-09-19 14:37:29,2,0,3886.25,-5031
2022-09-19 14:37:30,24,14,3886.25,-5017
2022-09-19 14:37:31,323,170,3886.75,-4847
2022-09-19 14:37:32,262,-15,3886.75,-4862
2022-09-19 14:37:33,52,1,3886.5,-4861
2022-09-19 14:37:34,1,-1,3886.5,-4862
2022-09-19 14:37:35,1,1,3886.75,-4861
2022-09-19 14:37:36,4,4,3886.75,-4857
2022-09-19 14:37:37,2,2,3886.75,-4855
2022-09-19 14:37:39,115,-31,3886.75,-4886
2022-09-19 14:37:40,238,89,3886.75,-4797
2022-09-19 14:37:41,12,-5,3886.5,-4802
2022-09-19 14:37:42,84,27,3886.5,-4775
2022-09-19 14:37:43,23,5,3886.75,-4770
2022-09-19 14:37:44,74,17,3886.75,-4753
2022-09-19 14:37:45,1,-1,3886.5,-4754
2022-09-19 14:37:46,25,1,3886.75,-4753
2022-09-19 14:37:47,67,-19,3886.75,-4772
2022-09-19 14:37:48,2,-2,3886.5,-4774
2022-09-19 14:37:49,117,54,3887.25,-4720
2022-09-19 14:37:50,143,19,3887.5,-4701
2022-09-19 14:37:51,39,-3,3887.25,-4704
2022-09-19 14:37:52,53,-4,3887.25,-4708
2022-09-19 14:37:53,24,14,3887.25,-4694
2022-09-19 14:37:54,2,1,3887.25,-4693
2022-09-19 14:37:56,27,2,3887.25,-4691
2022-09-19 14:37:57,65,-27,3887.0,-4718
2022-09-19 14:37:58,46,8,3887.0,-4710
2022-09-19 14:37:59,7,4,3886.75,-4706
2022-09-19 14:38:00,70,-14,3886.75,-4720
2022-09-19 14:38:01,145,-13,3886.75,-4733
2022-09-19 14:38:02,75,18,3886.75,-4715
2022-09-19 14:38:03,5,3,3887.0,-4712
2022-09-19 14:38:04,37,-7,3887.0,-4719
2022-09-19 14:38:05,10,0,3886.75,-4719
2022-09-19 14:38:06,39,-13,3886.75,-4732
2022-09-19 14:38:08,137,-10,3886.5,-4742
2022-09-19 14:38:09,13,-11,3886.25,-4753
2022-09-19 14:38:10,96,4,3886.25,-4749
2022-09-19 14:38:11,25,5,3886.5,-4744
2022-09-19 14:38:12,11,-11,3886.25,-4755
2022-09-19 14:38:13,18,14,3886.25,-4741
2022-09-19 14:38:14,11,7,3886.25,-4734
2022-09-19 14:38:15,63,30,3886.5,-4704
2022-09-19 14:38:16,2,-2,3886.5,-4706
2022-09-19 14:38:18,115,22,3887.0,-4684
2022-09-19 14:38:19,1,-1,3886.75,-4685
2022-09-19 14:38:20,47,20,3887.0,-4665
2022-09-19 14:38:21,220,68,3887.75,-4597
2022-09-19 14:38:22,8,2,3887.75,-4595
2022-09-19 14:38:23,200,91,3888.25,-4504
2022-09-19 14:38:24,112,34,3888.25,-4470
2022-09-19 14:38:25,6,1,3888.25,-4469
2022-09-19 14:38:26,13,7,3888.25,-4462
2022-09-19 14:38:27,160,-12,3888.25,-4474
2022-09-19 14:38:28,118,16,3888.5,-4458
2022-09-19 14:38:29,307,35,3888.75,-4423
2022-09-19 14:38:30,19,5,3888.75,-4418
2022-09-19 14:38:31,8,5,3888.75,-4413
2022-09-19 14:38:32,1,-1,3888.5,-4414
2022-09-19 14:38:33,1904,658,3890.75,-3756
2022-09-19 14:38:34,458,-23,3890.5,-3779
2022-09-19 14:38:35,330,-5,3890.25,-3784
2022-09-19 14:38:36,95,66,3890.25,-3718
2022-09-19 14:38:37,203,62,3890.25,-3656
2022-09-19 14:38:38,165,2,3890.25,-3654
2022-09-19 14:38:39,225,28,3890.25,-3626
2022-09-19 14:38:40,67,23,3890.25,-3603
2022-09-19 14:38:41,224,-2,3890.5,-3605
2022-09-19 14:38:42,17,-4,3890.25,-3609
2022-09-19 14:38:43,17,9,3890.25,-3600
2022-09-19 14:38:44,104,-10,3890.25,-3610
2022-09-19 14:38:45,18,0,3890.25,-3610
2022-09-19 14:38:46,168,11,3890.5,-3599
2022-09-19 14:38:47,96,33,3890.5,-3566
2022-09-19 14:38:48,172,40,3890.5,-3526
2022-09-19 14:38:49,271,8,3890.75,-3518
2022-09-19 14:38:50,7,1,3890.75,-3517
2022-09-19 14:38:51,180,7,3890.75,-3510
2022-09-19 14:38:52,171,9,3891.0,-3501
2022-09-19 14:38:53,253,-65,3890.75,-3566
2022-09-19 14:38:54,145,12,3890.75,-3554
2022-09-19 14:38:55,5,0,3890.75,-3554
2022-09-19 14:38:56,204,-11,3890.75,-3565
2022-09-19 14:38:57,69,47,3891.25,-3518
2022-09-19 14:38:58,48,8,3891.25,-3510
2022-09-19 14:38:59,136,1,3891.25,-3509
2022-09-19 14:39:00,160,-12,3891.5,-3521
2022-09-19 14:39:01,83,-35,3891.0,-3556
2022-09-19 14:39:02,122,-13,3891.0,-3569
2022-09-19 14:39:03,99,51,3891.25,-3518
2022-09-19 14:39:04,166,-41,3891.25,-3559
2022-09-19 14:39:05,149,-77,3890.75,-3636
2022-09-19 14:39:06,116,17,3890.5,-3619
2022-09-19 14:39:07,480,78,3891.0,-3541
2022-09-19 14:39:08,45,-29,3891.0,-3570
2022-09-19 14:39:09,208,48,3891.0,-3522
2022-09-19 14:39:10,113,-24,3891.0,-3546
2022-09-19 14:39:11,4,2,3890.75,-3544
2022-09-19 14:39:12,158,36,3891.0,-3508
2022-09-19 14:39:13,47,-11,3891.0,-3519
2022-09-19 14:39:14,1,1,3890.75,-3518
2022-09-19 14:39:15,4,1,3890.75,-3517
2022-09-19 14:39:16,79,-11,3890.75,-3528
2022-09-19 14:39:17,32,-11,3890.5,-3539
2022-09-19 14:39:18,43,-16,3890.25,-3555
2022-09-19 14:39:19,107,-18,3890.0,-3573
2022-09-19 14:39:20,82,-39,3890.25,-3612
2022-09-19 14:39:21,138,14,3890.25,-3598
2022-09-19 14:39:22,33,-6,3890.5,-3604
2022-09-19 14:39:23,16,2,3890.25,-3602
2022-09-19 14:39:24,3,3,3890.5,-3599
2022-09-19 14:39:25,191,-26,3890.25,-3625
2022-09-19 14:39:26,114,-51,3890.0,-3676
2022-09-19 14:39:27,47,11,3889.75,-3665
2022-09-19 14:39:28,112,-22,3889.5,-3687
2022-09-19 14:39:29,54,3,3889.5,-3684
2022-09-19 14:39:30,96,-5,3889.5,-3689
2022-09-19 14:39:31,60,-3,3889.75,-3692
2022-09-19 14:39:32,14,6,3890.0,-3686
2022-09-19 14:39:33,34,16,3890.0,-3670
2022-09-19 14:39:34,10,-6,3890.0,-3676
2022-09-19 14:39:35,2,2,3890.0,-3674
2022-09-19 14:39:36,10,-7,3889.75,-3681
2022-09-19 14:39:37,10,-2,3889.75,-3683
2022-09-19 14:39:38,79,-37,3889.75,-3720
2022-09-19 14:39:40,34,23,3889.75,-3697
2022-09-19 14:39:41,47,-5,3889.75,-3702
2022-09-19 14:39:42,23,-4,3889.75,-3706
2022-09-19 14:39:43,28,17,3890.0,-3689
2022-09-19 14:39:44,2,-2,3890.0,-3691
2022-09-19 14:39:45,2,-2,3890.0,-3693
2022-09-19 14:39:48,117,40,3890.25,-3653
2022-09-19 14:39:50,2,-2,3890.0,-3655
2022-09-19 14:39:51,218,13,3890.75,-3642
2022-09-19 14:39:52,59,9,3890.75,-3633
2022-09-19 14:39:53,3,0,3890.75,-3633
2022-09-19 14:39:54,13,-5,3890.5,-3638
2022-09-19 14:39:55,11,-7,3890.5,-3645
2022-09-19 14:39:56,43,4,3890.5,-3641
2022-09-19 14:39:57,68,-9,3890.25,-3650
2022-09-19 14:39:58,60,-4,3890.25,-3654
2022-09-19 14:39:59,35,-3,3890.25,-3657
2022-09-19 14:40:00,25,-2,3890.5,-3659
2022-09-19 14:40:01,85,-13,3890.0,-3672
2022-09-19 14:40:02,36,1,3890.25,-3671
2022-09-19 14:40:03,9,3,3890.25,-3668
2022-09-19 14:40:04,145,-19,3890.25,-3687
2022-09-19 14:40:05,1,-1,3889.75,-3688
2022-09-19 14:40:06,9,-5,3890.0,-3693
2022-09-19 14:40:07,738,-271,3889.75,-3964
2022-09-19 14:40:08,517,-62,3888.5,-4026
2022-09-19 14:40:09,210,18,3888.25,-4008
2022-09-19 14:40:10,101,1,3888.25,-4007
2022-09-19 14:40:11,11,-1,3888.0,-4008
2022-09-19 14:40:12,149,22,3888.25,-3986
2022-09-19 14:40:13,26,-4,3888.0,-3990
2022-09-19 14:40:14,74,-12,3887.75,-4002
2022-09-19 14:40:15,100,-14,3887.5,-4016
2022-09-19 14:40:16,58,1,3887.5,-4015
2022-09-19 14:40:17,95,5,3887.5,-4010
2022-09-19 14:40:18,138,-28,3887.75,-4038
2022-09-19 14:40:19,60,1,3887.75,-4037
2022-09-19 14:40:20,105,46,3888.0,-3991
2022-09-19 14:40:21,102,-4,3888.25,-3995
2022-09-19 14:40:22,60,18,3888.25,-3977
2022-09-19 14:40:23,48,-32,3888.25,-4009
2022-09-19 14:40:24,47,-15,3887.75,-4024
2022-09-19 14:40:25,21,17,3887.75,-4007
2022-09-19 14:40:26,12,-2,3887.75,-4009
2022-09-19 14:40:27,21,19,3887.75,-3990
2022-09-19 14:40:28,10,8,3887.75,-3982
2022-09-19 14:40:29,13,-5,3887.5,-3987
2022-09-19 14:40:30,18,-10,3887.5,-3997
2022-09-19 14:40:31,53,16,3888.0,-3981
2022-09-19 14:40:32,63,1,3888.0,-3980
2022-09-19 14:40:33,13,1,3888.0,-3979
2022-09-19 14:40:34,24,6,3887.75,-3973
2022-09-19 14:40:35,5,-4,3887.5,-3977
2022-09-19 14:40:36,36,-17,3887.5,-3994
2022-09-19 14:40:37,32,11,3887.5,-3983
2022-09-19 14:40:38,34,4,3887.75,-3979
2022-09-19 14:40:39,47,20,3888.0,-3959
2022-09-19 14:40:40,392,58,3888.75,-3901
2022-09-19 14:40:41,115,-39,3888.75,-3940
2022-09-19 14:40:42,155,45,3888.75,-3895
2022-09-19 14:40:43,50,-11,3889.0,-3906
2022-09-19 14:40:44,39,-15,3889.0,-3921
2022-09-19 14:40:46,44,-3,3889.0,-3924
2022-09-19 14:40:47,3,1,3889.0,-3923
2022-09-19 14:40:48,10,-9,3888.75,-3932
2022-09-19 14:40:49,219,38,3889.25,-3894
2022-09-19 14:40:50,64,35,3889.25,-3859
2022-09-19 14:40:51,1,1,3889.25,-3858
2022-09-19 14:40:52,97,-34,3889.0,-3892
2022-09-19 14:40:53,191,15,3889.25,-3877
2022-09-19 14:40:55,173,-28,3889.0,-3905
2022-09-19 14:40:56,217,44,3889.25,-3861
2022-09-19 14:40:57,206,44,3889.5,-3817
2022-09-19 14:40:58,238,1,3889.75,-3816
2022-09-19 14:40:59,16,-11,3889.75,-3827
2022-09-19 14:41:00,54,15,3889.5,-3812
2022-09-19 14:41:01,7,-7,3889.5,-3819
2022-09-19 14:41:02,318,-20,3889.25,-3839
2022-09-19 14:41:03,220,-5,3889.25,-3844
2022-09-19 14:41:04,30,0,3889.0,-3844
2022-09-19 14:41:05,51,-6,3889.0,-3850
2022-09-19 14:41:06,67,-14,3889.0,-3864
2022-09-19 14:41:07,42,5,3889.0,-3859
2022-09-19 14:41:08,144,-34,3888.75,-3893
2022-09-19 14:41:09,194,-4,3888.5,-3897
2022-09-19 14:41:10,9,-3,3888.25,-3900
2022-09-19 14:41:12,460,-117,3888.0,-4017
2022-09-19 14:41:13,82,3,3887.25,-4014
2022-09-19 14:41:14,5,-3,3887.25,-4017
2022-09-19 14:41:15,5,-1,3887.25,-4018
2022-09-19 14:41:16,91,-12,3887.5,-4030
2022-09-19 14:41:17,108,-26,3887.25,-4056
2022-09-19 14:41:18,48,11,3887.5,-4045
2022-09-19 14:41:19,17,11,3887.5,-4034
2022-09-19 14:41:20,237,28,3887.75,-4006
2022-09-19 14:41:21,49,-2,3887.75,-4008
2022-09-19 14:41:22,112,-30,3887.5,-4038
2022-09-19 14:41:23,74,-27,3887.5,-4065
2022-09-19 14:41:24,3,-2,3887.5,-4067
2022-09-19 14:41:25,14,-10,3887.5,-4077
2022-09-19 14:41:26,66,20,3887.5,-4057
2022-09-19 14:41:27,19,-4,3887.5,-4061
2022-09-19 14:41:28,8,8,3887.5,-4053
2022-09-19 14:41:29,80,8,3887.75,-4045
2022-09-19 14:41:30,21,-11,3887.5,-4056
2022-09-19 14:41:31,24,-7,3887.5,-4063
2022-09-19 14:41:32,18,11,3887.5,-4052
2022-09-19 14:41:33,46,-17,3887.5,-4069
2022-09-19 14:41:34,28,-2,3887.25,-4071
2022-09-19 14:41:35,1,1,3887.25,-4070
2022-09-19 14:41:36,15,7,3887.25,-4063
2022-09-19 14:41:37,28,-17,3887.25,-4080
2022-09-19 14:41:38,11,7,3887.0,-4073
2022-09-19 14:41:39,35,2,3887.0,-4071
2022-09-19 14:41:41,102,40,3887.5,-4031
2022-09-19 14:41:42,80,-5,3887.75,-4036
2022-09-19 14:41:43,16,-8,3887.5,-4044
2022-09-19 14:41:44,34,5,3887.75,-4039
2022-09-19 14:41:45,27,13,3888.25,-4026
2022-09-19 14:41:46,18,-1,3888.25,-4027
2022-09-19 14:41:47,4,4,3888.0,-4023
2022-09-19 14:41:48,61,-21,3888.0,-4044
2022-09-19 14:41:49,84,-11,3887.5,-4055
2022-09-19 14:41:50,33,-1,3887.25,-4056
2022-09-19 14:41:51,64,-7,3887.25,-4063
2022-09-19 14:41:52,1,1,3887.25,-4062
2022-09-19 14:41:54,73,-31,3887.25,-4093
2022-09-19 14:41:55,97,32,3887.5,-4061
2022-09-19 14:41:56,11,1,3887.5,-4060
2022-09-19 14:41:57,29,-8,3887.25,-4068
2022-09-19 14:41:58,1,-1,3887.25,-4069
2022-09-19 14:41:59,66,26,3887.5,-4043
2022-09-19 14:42:00,34,-14,3887.5,-4057
2022-09-19 14:42:01,145,-6,3887.5,-4063
2022-09-19 14:42:02,35,12,3887.25,-4051
2022-09-19 14:42:03,53,-4,3887.25,-4055
2022-09-19 14:42:04,62,-15,3887.0,-4070
2022-09-19 14:42:05,7,1,3887.0,-4069
2022-09-19 14:42:06,81,-33,3886.75,-4102
2022-09-19 14:42:07,29,18,3886.75,-4084
2022-09-19 14:42:08,32,-7,3886.75,-4091
2022-09-19 14:42:09,44,14,3887.0,-4077
2022-09-19 14:42:10,24,-4,3886.75,-4081
2022-09-19 14:42:11,90,27,3887.0,-4054
2022-09-19 14:42:12,183,34,3887.5,-4020
2022-09-19 14:42:13,34,-7,3887.25,-4027
2022-09-19 14:42:14,48,19,3887.25,-4008
2022-09-19 14:42:15,409,-253,3887.0,-4261
2022-09-19 14:42:16,55,2,3886.5,-4259
2022-09-19 14:42:17,60,40,3887.0,-4219
2022-09-19 14:42:18,16,0,3887.0,-4219
2022-09-19 14:42:19,408,-44,3887.25,-4263
2022-09-19 14:42:20,52,16,3887.25,-4247
2022-09-19 14:42:21,9,-6,3887.25,-4253
2022-09-19 14:42:22,90,24,3887.25,-4229
2022-09-19 14:42:23,46,-11,3887.25,-4240
2022-09-19 14:42:24,32,-3,3887.25,-4243
2022-09-19 14:42:25,21,7,3887.25,-4236
2022-09-19 14:42:26,1,1,3887.5,-4235
2022-09-19 14:42:27,157,45,3887.5,-4190
2022-09-19 14:42:28,197,28,3888.25,-4162
2022-09-19 14:42:29,133,35,3888.5,-4127
2022-09-19 14:42:30,84,44,3888.75,-4083
2022-09-19 14:42:31,8,5,3888.75,-4078
2022-09-19 14:42:32,7,4,3888.75,-4074
2022-09-19 14:42:33,96,-10,3888.75,-4084
2022-09-19 14:42:34,60,11,3888.75,-4073
2022-09-19 14:42:35,115,20,3889.0,-4053
2022-09-19 14:42:36,42,-8,3889.0,-4061
2022-09-19 14:42:37,24,2,3889.0,-4059
2022-09-19 14:42:38,4,4,3889.0,-4055
2022-09-19 14:42:39,25,-17,3889.0,-4072
2022-09-19 14:42:40,11,-10,3888.5,-4082
2022-09-19 14:42:41,5,3,3888.5,-4079
2022-09-19 14:42:42,64,-14,3888.5,-4093
2022-09-19 14:42:43,36,-7,3888.0,-4100
2022-09-19 14:42:44,46,5,3888.0,-4095
2022-09-19 14:42:45,7,-1,3888.0,-4096
2022-09-19 14:42:46,53,23,3888.25,-4073
2022-09-19 14:42:47,6,2,3888.0,-4071
2022-09-19 14:42:48,1,-1,3887.75,-4072
2022-09-19 14:42:49,94,-16,3887.75,-4088
2022-09-19 14:42:50,3,-2,3887.5,-4090
2022-09-19 14:42:51,34,7,3887.75,-4083
2022-09-19 14:42:52,46,17,3888.0,-4066
2022-09-19 14:42:53,27,-11,3887.75,-4077
2022-09-19 14:42:54,15,9,3888.0,-4068
2022-09-19 14:42:55,5,-4,3887.75,-4072
2022-09-19 14:42:56,723,-328,3887.5,-4400
2022-09-19 14:42:57,127,-18,3886.75,-4418
2022-09-19 14:42:58,30,-18,3886.75,-4436
2022-09-19 14:42:59,130,2,3887.0,-4434
2022-09-19 14:43:00,60,-19,3886.75,-4453
2022-09-19 14:43:01,31,-13,3886.75,-4466
2022-09-19 14:43:02,22,1,3886.75,-4465
2022-09-19 14:43:03,36,8,3886.75,-4457
2022-09-19 14:43:04,63,11,3887.0,-4446
2022-09-19 14:43:05,27,-6,3887.0,-4452
2022-09-19 14:43:06,4,1,3887.0,-4451
2022-09-19 14:43:07,33,-14,3886.75,-4465
2022-09-19 14:43:08,82,-12,3886.75,-4477
2022-09-19 14:43:09,15,9,3886.75,-4468
2022-09-19 14:43:10,99,-33,3886.75,-4501
2022-09-19 14:43:11,67,11,3886.5,-4490
2022-09-19 14:43:12,16,5,3886.75,-4485
2022-09-19 14:43:13,50,9,3886.75,-4476
2022-09-19 14:43:14,65,-10,3886.5,-4486
2022-09-19 14:43:15,7,-4,3886.25,-4490
2022-09-19 14:43:16,97,-17,3886.5,-4507
2022-09-19 14:43:17,38,-1,3886.5,-4508
2022-09-19 14:43:18,35,12,3886.75,-4496
2022-09-19 14:43:19,39,5,3887.0,-4491
2022-09-19 14:43:20,36,9,3887.0,-4482
2022-09-19 14:43:21,44,-18,3886.75,-4500
2022-09-19 14:43:22,80,-23,3887.0,-4523
2022-09-19 14:43:23,79,9,3886.75,-4514
2022-09-19 14:43:24,25,4,3886.5,-4510
2022-09-19 14:43:25,7,-3,3886.5,-4513
2022-09-19 14:43:26,37,-3,3886.5,-4516
2022-09-19 14:43:27,51,8,3886.5,-4508
2022-09-19 14:43:28,16,9,3886.75,-4499
2022-09-19 14:43:29,1,-1,3886.5,-4500
2022-09-19 14:43:30,37,-11,3886.5,-4511
2022-09-19 14:43:31,21,10,3886.75,-4501
2022-09-19 14:43:32,36,23,3886.75,-4478
2022-09-19 14:43:33,259,51,3887.0,-4427
2022-09-19 14:43:34,30,1,3887.0,-4426
2022-09-19 14:43:35,4,3,3887.0,-4423
2022-09-19 14:43:36,2,2,3887.0,-4421
2022-09-19 14:43:37,2,1,3887.0,-4420
2022-09-19 14:43:38,164,-20,3887.0,-4440
2022-09-19 14:43:39,3,3,3887.0,-4437
2022-09-19 14:43:40,339,73,3886.75,-4364
2022-09-19 14:43:41,61,-21,3886.25,-4385
2022-09-19 14:43:42,26,-19,3886.25,-4404
2022-09-19 14:43:43,5,-2,3886.25,-4406
2022-09-19 14:43:44,60,7,3886.25,-4399
2022-09-19 14:43:45,19,9,3886.25,-4390
2022-09-19 14:43:46,1,-1,3886.0,-4391
2022-09-19 14:43:47,1,-1,3886.0,-4392
2022-09-19 14:43:48,6,-5,3886.0,-4397
2022-09-19 14:43:49,66,27,3886.75,-4370
2022-09-19 14:43:50,1,1,3887.0,-4369
2022-09-19 14:43:51,79,3,3887.0,-4366
2022-09-19 14:43:52,120,56,3887.25,-4310
2022-09-19 14:43:53,115,-22,3887.5,-4332
2022-09-19 14:43:54,16,13,3887.5,-4319
2022-09-19 14:43:55,221,40,3887.75,-4279
2022-09-19 14:43:56,43,-25,3887.75,-4304
2022-09-19 14:43:57,75,-16,3887.5,-4320
2022-09-19 14:43:58,94,3,3887.25,-4317
2022-09-19 14:43:59,14,-4,3887.25,-4321
2022-09-19 14:44:00,18,7,3887.25,-4314
2022-09-19 14:44:01,21,-1,3887.5,-4315
2022-09-19 14:44:02,12,6,3887.5,-4309
2022-09-19 14:44:03,116,-24,3887.25,-4333
2022-09-19 14:44:04,30,8,3886.75,-4325
2022-09-19 14:44:05,162,46,3887.0,-4279
2022-09-19 14:44:08,49,9,3887.0,-4270
2022-09-19 14:44:09,44,-30,3886.5,-4300
2022-09-19 14:44:10,225,-43,3886.25,-4343
2022-09-19 14:44:11,89,6,3886.25,-4337
2022-09-19 14:44:12,65,-8,3886.25,-4345
2022-09-19 14:44:13,51,7,3886.5,-4338
2022-09-19 14:44:14,70,-1,3886.0,-4339
2022-09-19 14:44:15,26,-1,3886.0,-4340
2022-09-19 14:44:16,31,8,3886.0,-4332
2022-09-19 14:44:17,97,2,3886.0,-4330
2022-09-19 14:44:18,88,-9,3886.0,-4339
2022-09-19 14:44:19,25,11,3886.0,-4328
2022-09-19 14:44:20,3,3,3886.0,-4325
2022-09-19 14:44:21,42,-9,3886.25,-4334
2022-09-19 14:44:22,13,0,3886.0,-4334
2022-09-19 14:44:23,123,-42,3886.0,-4376
2022-09-19 14:44:24,1,-1,3886.0,-4377
2022-09-19 14:44:25,34,2,3886.0,-4375
2022-09-19 14:44:26,238,-43,3885.75,-4418
2022-09-19 14:44:27,25,-5,3885.75,-4423
2022-09-19 14:44:28,34,-10,3885.5,-4433
2022-09-19 14:44:29,119,-28,3885.75,-4461
2022-09-19 14:44:30,60,-3,3885.75,-4464
2022-09-19 14:44:31,33,4,3885.75,-4460
2022-09-19 14:44:32,137,12,3886.0,-4448
2022-09-19 14:44:33,134,-49,3886.0,-4497
2022-09-19 14:44:34,57,16,3885.75,-4481
2022-09-19 14:44:35,17,0,3885.75,-4481
2022-09-19 14:44:36,117,45,3886.0,-4436
2022-09-19 14:44:37,213,75,3886.0,-4361
2022-09-19 14:44:38,4,2,3886.0,-4359
2022-09-19 14:44:39,69,-7,3886.0,-4366
2022-09-19 14:44:40,17,4,3886.0,-4362
2022-09-19 14:44:41,10,0,3886.25,-4362
2022-09-19 14:44:43,150,30,3886.25,-4332
2022-09-19 14:44:45,107,-8,3886.25,-4340
2022-09-19 14:44:46,67,-8,3886.5,-4348
2022-09-19 14:44:47,4,2,3886.5,-4346
2022-09-19 14:44:48,10,-9,3886.25,-4355
2022-09-19 14:44:49,92,-25,3886.25,-4380
2022-09-19 14:44:50,19,-7,3885.75,-4387
2022-09-19 14:44:51,21,-5,3885.75,-4392
2022-09-19 14:44:52,26,12,3886.0,-4380
2022-09-19 14:44:53,39,4,3886.25,-4376
2022-09-19 14:44:54,20,-3,3886.0,-4379
2022-09-19 14:44:55,120,1,3886.0,-4378
2022-09-19 14:44:56,39,-7,3886.0,-4385
2022-09-19 14:44:57,57,-25,3885.5,-4410
2022-09-19 14:44:58,25,-16,3885.75,-4426
2022-09-19 14:44:59,85,-16,3885.75,-4442
2022-09-19 14:45:00,178,-34,3885.75,-4476
2022-09-19 14:45:01,84,16,3885.5,-4460
2022-09-19 14:45:02,50,9,3885.75,-4451
2022-09-19 14:45:03,35,4,3886.0,-4447
2022-09-19 14:45:04,11,3,3885.75,-4444
2022-09-19 14:45:05,1,1,3885.75,-4443
2022-09-19 14:45:06,152,-36,3885.75,-4479
2022-09-19 14:45:07,51,-1,3885.75,-4480
2022-09-19 14:45:08,15,-8,3885.5,-4488
2022-09-19 14:45:09,82,45,3886.0,-4443
2022-09-19 14:45:10,36,-11,3886.25,-4454
2022-09-19 14:45:11,18,3,3886.0,-4451
2022-09-19 14:45:12,36,10,3886.0,-4441
2022-09-19 14:45:13,16,-13,3886.0,-4454
2022-09-19 14:45:14,46,-26,3885.5,-4480
2022-09-19 14:45:15,25,0,3885.75,-4480
2022-09-19 14:45:16,55,11,3886.0,-4469
2022-09-19 14:45:17,8,6,3886.0,-4463
2022-09-19 14:45:18,47,-15,3886.25,-4478
2022-09-19 14:45:19,17,1,3886.25,-4477
2022-09-19 14:45:20,50,22,3886.0,-4455
2022-09-19 14:45:21,48,-4,3886.0,-4459
2022-09-19 14:45:22,6,5,3885.75,-4454
2022-09-19 14:45:23,4,4,3886.0,-4450
2022-09-19 14:45:25,31,-4,3885.75,-4454
2022-09-19 14:45:26,109,-44,3885.75,-4498
2022-09-19 14:45:27,187,-65,3886.0,-4563
2022-09-19 14:45:28,130,-50,3885.5,-4613
2022-09-19 14:45:29,6,-6,3885.0,-4619
2022-09-19 14:45:30,5,-4,3885.0,-4623
2022-09-19 14:45:31,24,-13,3885.0,-4636
2022-09-19 14:45:32,104,-1,3885.25,-4637
2022-09-19 14:45:33,104,13,3885.25,-4624
2022-09-19 14:45:34,112,-27,3885.25,-4651
2022-09-19 14:45:35,47,-32,3885.0,-4683
2022-09-19 14:45:36,58,17,3885.0,-4666
2022-09-19 14:45:37,21,-10,3885.25,-4676
2022-09-19 14:45:38,21,-14,3885.0,-4690
2022-09-19 14:45:39,48,-24,3885.0,-4714
2022-09-19 14:45:40,139,20,3885.0,-4694
2022-09-19 14:45:41,152,-28,3885.25,-4722
2022-09-19 14:45:42,25,-13,3885.0,-4735
2022-09-19 14:45:43,78,21,3885.25,-4714
2022-09-19 14:45:44,8,0,3885.25,-4714
2022-09-19 14:45:45,4,-4,3885.0,-4718
2022-09-19 14:45:46,49,16,3885.25,-4702
2022-09-19 14:45:47,14,9,3885.25,-4693
2022-09-19 14:45:48,2,-2,3885.25,-4695
2022-09-19 14:45:49,98,31,3885.5,-4664
2022-09-19 14:45:50,2,2,3885.25,-4662
2022-09-19 14:45:51,26,-8,3885.25,-4670
2022-09-19 14:45:52,55,-11,3885.0,-4681
2022-09-19 14:45:53,28,6,3884.75,-4675
2022-09-19 14:45:54,16,9,3884.75,-4666
2022-09-19 14:45:55,8,-6,3884.75,-4672
2022-09-19 14:45:56,168,-52,3884.75,-4724
2022-09-19 14:45:57,60,0,3884.75,-4724
2022-09-19 14:45:58,94,-9,3884.75,-4733
2022-09-19 14:45:59,14,-4,3884.5,-4737
2022-09-19 14:46:00,88,-2,3884.5,-4739
2022-09-19 14:46:01,55,28,3884.5,-4711
2022-09-19 14:46:02,113,-14,3884.5,-4725
2022-09-19 14:46:03,58,-8,3884.5,-4733
2022-09-19 14:46:04,12,-11,3884.5,-4744
2022-09-19 14:46:05,5,1,3884.5,-4743
2022-09-19 14:46:06,146,-56,3884.25,-4799
2022-09-19 14:46:07,184,-63,3884.25,-4862
2022-09-19 14:46:08,82,5,3884.25,-4857
2022-09-19 14:46:09,58,0,3884.25,-4857
2022-09-19 14:46:10,52,24,3885.0,-4833
2022-09-19 14:46:11,10,-3,3884.75,-4836
2022-09-19 14:46:12,4,2,3884.75,-4834
2022-09-19 14:46:13,48,10,3885.0,-4824
2022-09-19 14:46:14,11,4,3885.0,-4820
2022-09-19 14:46:15,72,40,3885.0,-4780
2022-09-19 14:46:16,2,2,3885.0,-4778
2022-09-19 14:46:17,172,18,3885.5,-4760
2022-09-19 14:46:18,326,67,3886.25,-4693
2022-09-19 14:46:19,92,-8,3885.75,-4701
2022-09-19 14:46:20,18,0,3885.75,-4701
2022-09-19 14:46:21,132,-8,3885.75,-4709
2022-09-19 14:46:22,10,-7,3885.5,-4716
2022-09-19 14:46:23,35,1,3885.75,-4715
2022-09-19 14:46:24,69,-15,3885.5,-4730
2022-09-19 14:46:25,44,2,3885.5,-4728
2022-09-19 14:46:26,2,2,3885.5,-4726
2022-09-19 14:46:27,4,2,3885.5,-4724
2022-09-19 14:46:28,42,7,3885.5,-4717
2022-09-19 14:46:29,33,25,3886.0,-4692
2022-09-19 14:46:30,82,-13,3886.25,-4705
2022-09-19 14:46:31,51,-4,3886.0,-4709
2022-09-19 14:46:32,79,-3,3885.75,-4712
2022-09-19 14:46:33,18,7,3885.75,-4705
2022-09-19 14:46:34,33,2,3885.75,-4703
2022-09-19 14:46:35,49,5,3886.0,-4698
2022-09-19 14:46:36,23,-5,3885.75,-4703
2022-09-19 14:46:37,4,4,3885.75,-4699
2022-09-19 14:46:38,33,3,3886.25,-4696
2022-09-19 14:46:39,52,-8,3886.25,-4704
2022-09-19 14:46:40,66,32,3886.25,-4672
2022-09-19 14:46:42,69,29,3886.25,-4643
2022-09-19 14:46:43,5,3,3886.25,-4640
2022-09-19 14:46:44,182,62,3886.5,-4578
2022-09-19 14:46:45,72,-14,3886.5,-4592
2022-09-19 14:46:46,55,-10,3886.25,-4602
2022-09-19 14:46:47,33,-1,3886.25,-4603
2022-09-19 14:46:48,23,-1,3886.25,-4604
2022-09-19 14:46:50,124,-14,3886.0,-4618
2022-09-19 14:46:51,29,-3,3886.25,-4621
2022-09-19 14:46:52,23,-14,3886.25,-4635
2022-09-19 14:46:53,1,1,3886.0,-4634
2022-09-19 14:46:54,6,6,3886.0,-4628
2022-09-19 14:46:55,1,-1,3886.0,-4629
2022-09-19 14:46:56,49,-1,3886.0,-4630
2022-09-19 14:46:57,73,-16,3885.75,-4646
2022-09-19 14:46:58,4,-4,3885.5,-4650
2022-09-19 14:47:00,154,-30,3885.75,-4680
2022-09-19 14:47:01,36,7,3885.75,-4673
2022-09-19 14:47:02,65,5,3885.5,-4668
2022-09-19 14:47:03,87,14,3885.25,-4654
2022-09-19 14:47:04,5,3,3885.5,-4651
2022-09-19 14:47:05,16,-5,3885.25,-4656
2022-09-19 14:47:06,1,1,3885.25,-4655
2022-09-19 14:47:07,5,-3,3885.25,-4658
2022-09-19 14:47:08,33,20,3885.25,-4638
2022-09-19 14:47:09,18,5,3885.25,-4633
2022-09-19 14:47:10,32,2,3885.25,-4631
2022-09-19 14:47:11,11,10,3885.5,-4621
2022-09-19 14:47:12,25,-9,3885.5,-4630
2022-09-19 14:47:13,7,5,3885.5,-4625
2022-09-19 14:47:14,29,8,3885.5,-4617
2022-09-19 14:47:15,100,43,3885.75,-4574
2022-09-19 14:47:16,74,-13,3885.75,-4587
2022-09-19 14:47:17,46,-9,3885.75,-4596
2022-09-19 14:47:18,40,5,3886.25,-4591
2022-09-19 14:47:19,73,11,3886.0,-4580
2022-09-19 14:47:20,33,7,3885.75,-4573
2022-09-19 14:47:21,34,9,3886.0,-4564
2022-09-19 14:47:22,1,1,3886.0,-4563
2022-09-19 14:47:23,70,-25,3885.75,-4588
2022-09-19 14:47:24,15,6,3885.5,-4582
2022-09-19 14:47:25,33,-2,3885.25,-4584
2022-09-19 14:47:26,8,6,3885.25,-4578
2022-09-19 14:47:27,24,5,3885.5,-4573
2022-09-19 14:47:28,21,3,3885.75,-4570
2022-09-19 14:47:29,35,-1,3885.75,-4571
2022-09-19 14:47:30,11,-3,3885.75,-4574
2022-09-19 14:47:31,59,7,3886.0,-4567
2022-09-19 14:47:32,47,-6,3885.75,-4573
2022-09-19 14:47:33,443,-9,3885.75,-4582
2022-09-19 14:47:34,1,1,3885.75,-4581
2022-09-19 14:47:35,35,-16,3885.5,-4597
2022-09-19 14:47:36,87,34,3885.5,-4563
2022-09-19 14:47:37,1,-1,3885.25,-4564
2022-09-19 14:47:38,44,16,3885.5,-4548
2022-09-19 14:47:39,2,-2,3885.25,-4550
2022-09-19 14:47:40,46,12,3885.5,-4538
2022-09-19 14:47:41,1,-1,3885.25,-4539
2022-09-19 14:47:42,151,-43,3885.25,-4582
2022-09-19 14:47:43,115,-26,3885.0,-4608
2022-09-19 14:47:44,106,-3,3885.0,-4611
2022-09-19 14:47:45,121,-34,3884.75,-4645
2022-09-19 14:47:46,102,17,3884.75,-4628
2022-09-19 14:47:47,69,-35,3884.75,-4663
2022-09-19 14:47:48,28,-16,3884.5,-4679
2022-09-19 14:47:49,6,4,3884.5,-4675
2022-09-19 14:47:50,242,-31,3884.25,-4706
2022-09-19 14:47:51,74,22,3884.5,-4684
2022-09-19 14:47:52,22,3,3884.75,-4681
2022-09-19 14:47:53,33,-4,3884.5,-4685
2022-09-19 14:47:54,35,-7,3884.5,-4692
2022-09-19 14:47:55,36,3,3884.5,-4689
2022-09-19 14:47:56,9,-8,3884.25,-4697
2022-09-19 14:47:57,32,1,3884.5,-4696
2022-09-19 14:47:58,38,-7,3884.25,-4703
2022-09-19 14:47:59,61,-15,3884.25,-4718
2022-09-19 14:48:00,225,-46,3884.0,-4764
2022-09-19 14:48:01,77,-21,3883.5,-4785
2022-09-19 14:48:02,47,6,3883.75,-4779
2022-09-19 14:48:03,59,19,3884.0,-4760
2022-09-19 14:48:04,36,6,3884.0,-4754
2022-09-19 14:48:05,3,1,3884.25,-4753
2022-09-19 14:48:06,45,-6,3884.0,-4759
2022-09-19 14:48:07,40,6,3884.25,-4753
2022-09-19 14:48:08,41,8,3884.25,-4745
2022-09-19 14:48:09,31,-8,3884.25,-4753
2022-09-19 14:48:10,3,-1,3884.25,-4754
2022-09-19 14:48:11,49,3,3884.5,-4751
2022-09-19 14:48:12,25,-7,3884.25,-4758
2022-09-19 14:48:13,52,3,3884.25,-4755
2022-09-19 14:48:14,19,-3,3884.0,-4758
2022-09-19 14:48:15,11,9,3884.25,-4749
2022-09-19 14:48:16,41,3,3884.5,-4746
2022-09-19 14:48:17,168,28,3885.0,-4718
2022-09-19 14:48:18,1,-1,3884.5,-4719
2022-09-19 14:48:19,163,-10,3884.5,-4729
2022-09-19 14:48:20,333,31,3884.75,-4698
2022-09-19 14:48:21,148,-10,3884.5,-4708
2022-09-19 14:48:22,65,-13,3884.5,-4721
2022-09-19 14:48:23,79,6,3884.5,-4715
2022-09-19 14:48:24,138,42,3884.5,-4673
2022-09-19 14:48:25,118,-38,3884.25,-4711
2022-09-19 14:48:26,2,-1,3884.25,-4712
2022-09-19 14:48:27,2,-1,3884.25,-4713
2022-09-19 14:48:28,69,-10,3884.25,-4723
2022-09-19 14:48:30,2,2,3884.5,-4721
2022-09-19 14:48:31,1,-1,3884.25,-4722
2022-09-19 14:48:32,180,14,3884.75,-4708
2022-09-19 14:48:33,19,-2,3884.5,-4710
2022-09-19 14:48:34,11,-7,3884.5,-4717
2022-09-19 14:48:35,141,-32,3884.25,-4749
2022-09-19 14:48:36,34,-5,3883.75,-4754
2022-09-19 14:48:37,74,-36,3883.75,-4790
2022-09-19 14:48:38,1,1,3883.75,-4789
2022-09-19 14:48:40,32,15,3883.75,-4774
2022-09-19 14:48:41,3,-2,3883.75,-4776
2022-09-19 14:48:42,216,42,3884.25,-4734
2022-09-19 14:48:43,22,-16,3884.25,-4750
2022-09-19 14:48:44,13,-7,3883.75,-4757
2022-09-19 14:48:45,161,-16,3883.75,-4773
2022-09-19 14:48:46,77,0,3883.75,-4773
2022-09-19 14:48:47,19,1,3883.5,-4772
2022-09-19 14:48:48,1,-1,3883.5,-4773
2022-09-19 14:48:49,33,11,3883.75,-4762
2022-09-19 14:48:50,40,7,3883.75,-4755
2022-09-19 14:48:51,1,-1,3883.5,-4756
2022-09-19 14:48:53,172,-70,3883.5,-4826
2022-09-19 14:48:54,105,-3,3883.25,-4829
2022-09-19 14:48:55,85,6,3883.25,-4823
2022-09-19 14:48:56,249,-12,3883.25,-4835
2022-09-19 14:48:57,37,11,3883.25,-4824
2022-09-19 14:48:58,7,-5,3883.25,-4829
2022-09-19 14:48:59,40,-20,3883.5,-4849
2022-09-19 14:49:00,47,3,3883.25,-4846
2022-09-19 14:49:01,36,-11,3883.25,-4857
2022-09-19 14:49:02,89,21,3883.5,-4836
2022-09-19 14:49:03,5,2,3883.25,-4834
2022-09-19 14:49:04,223,-54,3883.25,-4888
2022-09-19 14:49:05,68,-24,3883.25,-4912
2022-09-19 14:49:06,33,-9,3883.25,-4921
2022-09-19 14:49:07,165,30,3883.5,-4891
2022-09-19 14:49:08,61,48,3883.5,-4843
2022-09-19 14:49:09,68,11,3883.75,-4832
2022-09-19 14:49:10,26,-4,3883.5,-4836
2022-09-19 14:49:11,13,-7,3883.5,-4843
2022-09-19 14:49:12,8,6,3883.5,-4837
2022-09-19 14:49:13,14,11,3883.75,-4826
2022-09-19 14:49:14,14,-6,3883.5,-4832
2022-09-19 14:49:15,4,2,3883.5,-4830
2022-09-19 14:49:16,5,-5,3883.5,-4835
2022-09-19 14:49:17,35,-6,3883.5,-4841
2022-09-19 14:49:18,17,-3,3883.25,-4844
2022-09-19 14:49:19,45,25,3883.75,-4819
2022-09-19 14:49:20,35,-4,3883.75,-4823
2022-09-19 14:49:21,122,-26,3883.75,-4849
2022-09-19 14:49:22,32,5,3883.5,-4844
2022-09-19 14:49:23,8,-1,3883.5,-4845
2022-09-19 14:49:24,1,-1,3883.5,-4846
2022-09-19 14:49:26,142,50,3884.0,-4796
2022-09-19 14:49:27,51,-6,3883.75,-4802
2022-09-19 14:49:28,70,9,3883.75,-4793
2022-09-19 14:49:30,79,6,3883.5,-4787
2022-09-19 14:49:31,21,9,3883.5,-4778
2022-09-19 14:49:33,4,3,3883.75,-4775
2022-09-19 14:49:34,4,-2,3883.75,-4777
2022-09-19 14:49:35,10,6,3883.75,-4771
2022-09-19 14:49:36,2,2,3884.0,-4769
2022-09-19 14:49:37,3,-1,3884.0,-4770
2022-09-19 14:49:38,253,-4,3884.0,-4774
2022-09-19 14:49:39,320,-81,3884.0,-4855
2022-09-19 14:49:40,71,20,3883.75,-4835
2022-09-19 14:49:41,36,5,3883.75,-4830
2022-09-19 14:49:42,12,2,3883.75,-4828
2022-09-19 14:49:43,3,3,3883.75,-4825
2022-09-19 14:49:44,54,11,3883.75,-4814
2022-09-19 14:49:45,62,-26,3883.75,-4840
2022-09-19 14:49:46,80,-15,3883.25,-4855
2022-09-19 14:49:47,35,0,3883.25,-4855
2022-09-19 14:49:48,54,20,3883.5,-4835
2022-09-19 14:49:49,88,-3,3883.25,-4838
2022-09-19 14:49:50,56,15,3883.5,-4823
2022-09-19 14:49:51,61,-14,3883.5,-4837
2022-09-19 14:49:53,15,10,3883.75,-4827
2022-09-19 14:49:54,313,12,3883.75,-4815
2022-09-19 14:49:55,161,-2,3884.25,-4817
2022-09-19 14:49:56,189,-45,3884.0,-4862
2022-09-19 14:49:57,30,11,3884.0,-4851
2022-09-19 14:49:58,59,11,3884.0,-4840
2022-09-19 14:49:59,85,13,3884.25,-4827
2022-09-19 14:50:00,140,-22,3884.0,-4849
2022-09-19 14:50:01,20,7,3883.75,-4842
2022-09-19 14:50:02,82,18,3884.25,-4824
2022-09-19 14:50:03,195,-20,3884.25,-4844
2022-09-19 14:50:04,95,10,3884.5,-4834
2022-09-19 14:50:05,56,15,3884.5,-4819
2022-09-19 14:50:06,1,-1,3884.25,-4820
2022-09-19 14:50:07,11,-4,3884.25,-4824
2022-09-19 14:50:08,1,1,3884.5,-4823
2022-09-19 14:50:09,42,-17,3884.5,-4840
2022-09-19 14:50:10,77,-31,3884.25,-4871
2022-09-19 14:50:11,51,-31,3884.25,-4902
2022-09-19 14:50:12,134,20,3884.25,-4882
2022-09-19 14:50:13,31,15,3884.25,-4867
2022-09-19 14:50:14,197,20,3885.0,-4847
2022-09-19 14:50:15,245,28,3885.75,-4819
2022-09-19 14:50:16,96,9,3885.5,-4810
2022-09-19 14:50:17,42,-6,3885.25,-4816
2022-09-19 14:50:18,69,18,3885.5,-4798
2022-09-19 14:50:19,10,0,3885.25,-4798
2022-09-19 14:50:20,47,-19,3885.5,-4817
2022-09-19 14:50:21,12,11,3885.25,-4806
2022-09-19 14:50:22,18,10,3885.25,-4796
2022-09-19 14:50:23,15,-8,3885.25,-4804
2022-09-19 14:50:24,148,-2,3885.75,-4806
2022-09-19 14:50:25,13,10,3885.75,-4796
2022-09-19 14:50:26,14,5,3885.75,-4791
2022-09-19 14:50:27,148,48,3885.75,-4743
2022-09-19 14:50:28,5,0,3885.75,-4743
2022-09-19 14:50:29,82,-1,3886.0,-4744
2022-09-19 14:50:30,23,12,3885.75,-4732
2022-09-19 14:50:31,49,22,3885.75,-4710
2022-09-19 14:50:32,45,5,3886.0,-4705
2022-09-19 14:50:33,4,1,3885.75,-4704
2022-09-19 14:50:34,121,-17,3886.0,-4721
2022-09-19 14:50:35,15,7,3885.75,-4714
2022-09-19 14:50:36,34,-15,3885.75,-4729
2022-09-19 14:50:37,121,-7,3885.75,-4736
2022-09-19 14:50:38,77,-28,3885.75,-4764
2022-09-19 14:50:39,24,-3,3885.75,-4767
2022-09-19 14:50:40,18,-9,3885.5,-4776
2022-09-19 14:50:41,69,17,3885.75,-4759
2022-09-19 14:50:42,316,-15,3885.75,-4774
2022-09-19 14:50:43,13,13,3885.75,-4761
2022-09-19 14:50:44,87,9,3885.75,-4752
2022-09-19 14:50:45,78,-16,3885.75,-4768
2022-09-19 14:50:46,20,11,3885.75,-4757
2022-09-19 14:50:47,119,95,3886.0,-4662
2022-09-19 14:50:48,139,54,3886.5,-4608
2022-09-19 14:50:49,416,101,3887.25,-4507
2022-09-19 14:50:50,63,-9,3887.0,-4516
2022-09-19 14:50:51,131,2,3887.25,-4514
2022-09-19 14:50:52,27,14,3887.0,-4500
2022-09-19 14:50:53,71,-11,3887.0,-4511
2022-09-19 14:50:54,87,2,3887.0,-4509
2022-09-19 14:50:55,64,-18,3886.75,-4527
2022-09-19 14:50:56,1,1,3887.0,-4526
2022-09-19 14:50:57,41,-13,3887.0,-4539
2022-09-19 14:50:59,66,1,3887.0,-4538
2022-09-19 14:51:00,22,10,3887.25,-4528
2022-09-19 14:51:01,114,-11,3887.25,-4539
2022-09-19 14:51:02,13,6,3886.75,-4533
2022-09-19 14:51:03,107,18,3887.0,-4515
2022-09-19 14:51:04,12,10,3887.0,-4505
2022-09-19 14:51:05,32,9,3887.0,-4496
2022-09-19 14:51:06,104,12,3887.5,-4484
2022-09-19 14:51:07,47,-7,3887.25,-4491
2022-09-19 14:51:08,18,11,3887.5,-4480
2022-09-19 14:51:09,14,12,3887.5,-4468
2022-09-19 14:51:10,67,10,3887.75,-4458
2022-09-19 14:51:11,4,0,3887.75,-4458
2022-09-19 14:51:12,38,18,3888.0,-4440
2022-09-19 14:51:13,3,1,3888.0,-4439
2022-09-19 14:51:14,45,1,3888.0,-4438
2022-09-19 14:51:15,19,-8,3888.0,-4446
2022-09-19 14:51:16,102,-18,3887.75,-4464
2022-09-19 14:51:17,77,-11,3887.5,-4475
2022-09-19 14:51:18,2,2,3887.75,-4473
2022-09-19 14:51:19,174,-33,3887.5,-4506
2022-09-19 14:51:20,37,-8,3887.5,-4514
2022-09-19 14:51:21,52,-19,3887.5,-4533
2022-09-19 14:51:22,89,-42,3887.0,-4575
2022-09-19 14:51:23,46,3,3886.5,-4572
2022-09-19 14:51:24,60,38,3887.0,-4534
2022-09-19 14:51:25,3,3,3887.25,-4531
2022-09-19 14:51:27,43,10,3887.5,-4521
2022-09-19 14:51:28,1,-1,3887.25,-4522
2022-09-19 14:51:29,48,8,3887.5,-4514
2022-09-19 14:51:30,47,-14,3887.5,-4528
2022-09-19 14:51:31,12,4,3887.25,-4524
2022-09-19 14:51:32,13,-4,3887.5,-4528
2022-09-19 14:51:33,13,-11,3887.5,-4539
2022-09-19 14:51:34,36,-6,3887.0,-4545
2022-09-19 14:51:35,22,14,3887.25,-4531
2022-09-19 14:51:36,23,-11,3887.25,-4542
2022-09-19 14:51:37,11,-6,3887.25,-4548
2022-09-19 14:51:38,63,14,3887.5,-4534
2022-09-19 14:51:39,12,-3,3887.5,-4537
2022-09-19 14:51:40,66,12,3888.0,-4525
2022-09-19 14:51:41,48,22,3888.0,-4503
2022-09-19 14:51:42,272,59,3888.75,-4444
2022-09-19 14:51:43,83,-8,3888.0,-4452
2022-09-19 14:51:44,33,3,3888.25,-4449
2022-09-19 14:51:45,18,1,3888.0,-4448
2022-09-19 14:51:46,69,-13,3888.0,-4461
2022-09-19 14:51:47,154,-47,3888.25,-4508
2022-09-19 14:51:48,2,-2,3888.0,-4510
2022-09-19 14:51:49,142,36,3888.25,-4474
2022-09-19 14:51:50,140,8,3888.25,-4466
2022-09-19 14:51:51,55,6,3888.5,-4460
2022-09-19 14:51:52,114,21,3888.25,-4439
2022-09-19 14:51:53,10,7,3888.25,-4432
2022-09-19 14:51:54,21,2,3888.25,-4430
2022-09-19 14:51:55,38,9,3888.75,-4421
2022-09-19 14:51:56,72,3,3888.75,-4418
2022-09-19 14:51:57,19,7,3888.75,-4411
2022-09-19 14:51:58,41,-5,3888.75,-4416
2022-09-19 14:51:59,28,-7,3889.0,-4423
2022-09-19 14:52:00,26,8,3889.0,-4415
2022-09-19 14:52:01,3,3,3889.0,-4412
2022-09-19 14:52:02,82,14,3889.0,-4398
2022-09-19 14:52:03,7,-3,3888.75,-4401
2022-09-19 14:52:04,24,11,3889.0,-4390
2022-09-19 14:52:05,94,-3,3889.0,-4393
2022-09-19 14:52:06,197,36,3889.25,-4357
2022-09-19 14:52:07,424,130,3890.25,-4227
2022-09-19 14:52:08,319,-60,3890.0,-4287
2022-09-19 14:52:09,151,5,3889.5,-4282
2022-09-19 14:52:10,140,-26,3889.5,-4308
2022-09-19 14:52:11,55,0,3889.25,-4308
2022-09-19 14:52:12,15,-7,3889.5,-4315
2022-09-19 14:52:13,69,0,3889.5,-4315
2022-09-19 14:52:14,66,-3,3889.25,-4318
2022-09-19 14:52:15,114,-10,3889.0,-4328
2022-09-19 14:52:16,1,1,3889.0,-4327
2022-09-19 14:52:17,151,-58,3888.75,-4385
2022-09-19 14:52:18,327,-7,3888.5,-4392
2022-09-19 14:52:19,85,18,3888.5,-4374
2022-09-19 14:52:20,31,11,3888.5,-4363
2022-09-19 14:52:21,40,2,3888.75,-4361
2022-09-19 14:52:22,148,-79,3888.75,-4440
2022-09-19 14:52:23,43,0,3889.0,-4440
2022-09-19 14:52:24,23,11,3889.0,-4429
2022-09-19 14:52:25,9,-5,3889.0,-4434
2022-09-19 14:52:26,20,10,3889.5,-4424
2022-09-19 14:52:27,106,21,3889.75,-4403
2022-09-19 14:52:28,27,-16,3889.75,-4419
2022-09-19 14:52:29,18,-10,3889.5,-4429
2022-09-19 14:52:30,2,-2,3889.25,-4431
2022-09-19 14:52:31,97,13,3889.5,-4418
2022-09-19 14:52:32,1,-1,3889.25,-4419
2022-09-19 14:52:33,2,2,3889.5,-4417
2022-09-19 14:52:34,61,5,3889.75,-4412
2022-09-19 14:52:35,24,2,3889.75,-4410
2022-09-19 14:52:36,59,-24,3890.0,-4434
2022-09-19 14:52:37,67,-9,3889.75,-4443
2022-09-19 14:52:38,30,-12,3889.5,-4455
2022-09-19 14:52:39,610,-125,3889.25,-4580
2022-09-19 14:52:41,78,-6,3889.25,-4586
2022-09-19 14:52:43,527,-102,3889.0,-4688
2022-09-19 14:52:44,150,-9,3888.75,-4697
2022-09-19 14:52:45,121,-22,3889.0,-4719
2022-09-19 14:52:46,260,-52,3888.5,-4771
2022-09-19 14:52:47,80,1,3888.0,-4770
2022-09-19 14:52:48,86,3,3888.5,-4767
2022-09-19 14:52:49,25,4,3888.25,-4763
2022-09-19 14:52:50,71,1,3888.25,-4762
2022-09-19 14:52:51,38,0,3888.5,-4762
2022-09-19 14:52:52,34,19,3888.5,-4743
2022-09-19 14:52:53,38,20,3888.5,-4723
2022-09-19 14:52:55,5,-5,3888.5,-4728
2022-09-19 14:52:56,2,0,3888.75,-4728
2022-09-19 14:52:57,132,32,3888.75,-4696
2022-09-19 14:52:58,5,3,3889.0,-4693
2022-09-19 14:52:59,141,35,3889.0,-4658
2022-09-19 14:53:00,116,40,3889.25,-4618
2022-09-19 14:53:01,2,1,3889.25,-4617
2022-09-19 14:53:02,257,-79,3889.25,-4696
2022-09-19 14:53:03,69,-4,3888.75,-4700
2022-09-19 14:53:04,6,-6,3888.5,-4706
2022-09-19 14:53:05,33,-9,3888.75,-4715
2022-09-19 14:53:06,87,14,3888.75,-4701
2022-09-19 14:53:07,54,-7,3888.5,-4708
2022-09-19 14:53:08,104,-13,3888.25,-4721
2022-09-19 14:53:09,41,12,3888.5,-4709
2022-09-19 14:53:10,7,-5,3888.25,-4714
2022-09-19 14:53:11,29,3,3888.5,-4711
2022-09-19 14:53:12,118,-44,3888.0,-4755
2022-09-19 14:53:13,87,-14,3887.5,-4769
2022-09-19 14:53:14,57,12,3887.75,-4757
2022-09-19 14:53:15,31,-4,3887.5,-4761
2022-09-19 14:53:16,35,1,3887.5,-4760
2022-09-19 14:53:17,23,10,3887.5,-4750
2022-09-19 14:53:18,136,-11,3887.25,-4761
2022-09-19 14:53:19,84,-8,3887.5,-4769
2022-09-19 14:53:20,48,20,3887.75,-4749
2022-09-19 14:53:22,43,-9,3887.75,-4758
2022-09-19 14:53:23,6,6,3888.0,-4752
2022-09-19 14:53:24,19,-9,3887.75,-4761
2022-09-19 14:53:25,13,3,3887.75,-4758
2022-09-19 14:53:26,53,23,3888.0,-4735
2022-09-19 14:53:27,53,1,3888.5,-4734
2022-09-19 14:53:28,72,-1,3888.25,-4735
2022-09-19 14:53:30,26,5,3888.5,-4730
2022-09-19 14:53:31,34,-1,3888.75,-4731
2022-09-19 14:53:33,11,-8,3888.75,-4739
2022-09-19 14:53:34,105,24,3888.75,-4715
2022-09-19 14:53:35,5,5,3889.0,-4710
2022-09-19 14:53:37,14,-5,3889.0,-4715
2022-09-19 14:53:38,300,2,3889.25,-4713
2022-09-19 14:53:39,37,4,3889.25,-4709
2022-09-19 14:53:40,26,-21,3889.0,-4730
2022-09-19 14:53:41,33,7,3888.75,-4723
2022-09-19 14:53:42,1,-1,3888.75,-4724
2022-09-19 14:53:43,2,0,3888.75,-4724
2022-09-19 14:53:44,19,4,3888.75,-4720
2022-09-19 14:53:45,15,-5,3888.75,-4725
2022-09-19 14:53:46,14,12,3889.0,-4713
2022-09-19 14:53:47,15,-10,3889.25,-4723
2022-09-19 14:53:48,7,1,3889.0,-4722
2022-09-19 14:53:49,15,-1,3889.0,-4723
2022-09-19 14:53:50,32,-10,3888.75,-4733
2022-09-19 14:53:51,127,-16,3888.75,-4749
2022-09-19 14:53:52,74,18,3889.0,-4731
2022-09-19 14:53:53,2,-2,3889.0,-4733
2022-09-19 14:53:54,8,-3,3889.0,-4736
2022-09-19 14:53:56,2,-2,3889.0,-4738
2022-09-19 14:53:57,57,-6,3888.75,-4744
2022-09-19 14:53:58,34,-1,3888.5,-4745
2022-09-19 14:53:59,9,-6,3888.5,-4751
2022-09-19 14:54:00,104,-25,3888.25,-4776
2022-09-19 14:54:01,59,3,3887.75,-4773
2022-09-19 14:54:02,3,-3,3887.75,-4776
2022-09-19 14:54:03,112,0,3887.5,-4776
2022-09-19 14:54:04,4,0,3887.5,-4776
2022-09-19 14:54:05,4,2,3887.5,-4774
2022-09-19 14:54:06,69,-11,3887.5,-4785
2022-09-19 14:54:07,38,9,3887.5,-4776
2022-09-19 14:54:08,160,-40,3887.25,-4816
2022-09-19 14:54:09,71,-3,3886.5,-4819
2022-09-19 14:54:10,39,-7,3886.75,-4826
2022-09-19 14:54:11,49,9,3886.75,-4817
2022-09-19 14:54:12,12,-5,3887.0,-4822
2022-09-19 14:54:13,80,10,3887.0,-4812
2022-09-19 14:54:14,9,-6,3887.0,-4818
2022-09-19 14:54:15,63,-12,3887.5,-4830
2022-09-19 14:54:17,4,2,3887.5,-4828
2022-09-19 14:54:18,24,-9,3887.5,-4837
2022-09-19 14:54:19,54,4,3887.75,-4833
2022-09-19 14:54:20,15,9,3887.5,-4824
2022-09-19 14:54:21,16,2,3887.75,-4822
2022-09-19 14:54:22,1,-1,3887.5,-4823
2022-09-19 14:54:23,86,-11,3887.5,-4834
2022-09-19 14:54:24,31,1,3887.5,-4833
2022-09-19 14:54:25,25,-7,3887.5,-4840
2022-09-19 14:54:26,27,3,3887.5,-4837
2022-09-19 14:54:27,40,22,3888.0,-4815
2022-09-19 14:54:28,43,-10,3887.75,-4825
2022-09-19 14:54:29,13,9,3887.75,-4816
2022-09-19 14:54:31,16,10,3887.75,-4806
2022-09-19 14:54:32,29,4,3888.0,-4802
2022-09-19 14:54:33,29,-7,3887.75,-4809
2022-09-19 14:54:34,51,3,3887.75,-4806
2022-09-19 14:54:35,1,-1,3887.5,-4807
2022-09-19 14:54:36,56,3,3888.0,-4804
2022-09-19 14:54:37,37,-10,3888.25,-4814
2022-09-19 14:54:38,10,-1,3888.0,-4815
2022-09-19 14:54:39,17,-4,3888.25,-4819
2022-09-19 14:54:40,3,3,3888.0,-4816
2022-09-19 14:54:41,15,13,3888.25,-4803
2022-09-19 14:54:42,47,11,3888.5,-4792
2022-09-19 14:54:43,31,-7,3888.5,-4799
2022-09-19 14:54:44,6,4,3888.75,-4795
2022-09-19 14:54:45,81,11,3889.0,-4784
2022-09-19 14:54:46,64,-8,3888.75,-4792
2022-09-19 14:54:47,26,8,3888.5,-4784
2022-09-19 14:54:48,9,-5,3888.5,-4789
2022-09-19 14:54:49,60,-21,3888.5,-4810
2022-09-19 14:54:50,55,3,3888.25,-4807
2022-09-19 14:54:51,22,6,3888.25,-4801
2022-09-19 14:54:53,1,-1,3888.0,-4802
2022-09-19 14:54:54,3,-1,3888.25,-4803
2022-09-19 14:54:56,103,9,3888.25,-4794
2022-09-19 14:54:57,21,-6,3888.5,-4800
2022-09-19 14:54:58,130,2,3888.5,-4798
2022-09-19 14:54:59,9,-6,3888.25,-4804
2022-09-19 14:55:00,382,33,3888.25,-4771
2022-09-19 14:55:01,70,-3,3888.25,-4774
2022-09-19 14:55:02,61,-8,3888.5,-4782
2022-09-19 14:55:03,87,16,3888.75,-4766
2022-09-19 14:55:04,5,-5,3888.25,-4771
2022-09-19 14:55:05,58,7,3888.75,-4764
2022-09-19 14:55:06,58,-1,3889.0,-4765
2022-09-19 14:55:07,48,-15,3888.75,-4780
2022-09-19 14:55:08,8,6,3888.75,-4774
2022-09-19 14:55:09,11,5,3888.75,-4769
2022-09-19 14:55:10,1,1,3888.75,-4768
2022-09-19 14:55:12,17,8,3888.75,-4760
2022-09-19 14:55:13,19,-3,3888.75,-4763
2022-09-19 14:55:14,52,19,3889.0,-4744
2022-09-19 14:55:15,47,-3,3889.0,-4747
2022-09-19 14:55:18,47,-19,3889.0,-4766
2022-09-19 14:55:19,41,9,3889.0,-4757
2022-09-19 14:55:20,36,-2,3889.0,-4759
2022-09-19 14:55:21,53,8,3888.75,-4751
2022-09-19 14:55:22,13,1,3888.75,-4750
2022-09-19 14:55:23,9,3,3888.75,-4747
2022-09-19 14:55:24,49,-7,3888.5,-4754
2022-09-19 14:55:25,41,-13,3888.75,-4767
2022-09-19 14:55:26,149,11,3888.5,-4756
2022-09-19 14:55:28,4,1,3888.25,-4755
2022-09-19 14:55:29,120,8,3888.5,-4747
2022-09-19 14:55:30,13,10,3888.5,-4737
2022-09-19 14:55:31,50,7,3888.5,-4730
2022-09-19 14:55:32,39,5,3888.75,-4725
2022-09-19 14:55:33,109,-2,3888.75,-4727
2022-09-19 14:55:34,34,-15,3888.25,-4742
2022-09-19 14:55:35,39,-24,3888.25,-4766
2022-09-19 14:55:36,42,-5,3888.0,-4771
2022-09-19 14:55:37,11,-3,3888.0,-4774
2022-09-19 14:55:38,66,14,3887.75,-4760
2022-09-19 14:55:39,61,18,3888.0,-4742
2022-09-19 14:55:40,89,12,3888.25,-4730
2022-09-19 14:55:41,62,23,3888.75,-4707
2022-09-19 14:55:42,5,-1,3888.75,-4708
2022-09-19 14:55:43,193,65,3889.75,-4643
2022-09-19 14:55:44,49,-2,3889.25,-4645
2022-09-19 14:55:45,21,-8,3889.0,-4653
2022-09-19 14:55:46,2,-2,3888.75,-4655
2022-09-19 14:55:47,29,1,3889.0,-4654
2022-09-19 14:55:48,26,-3,3889.0,-4657
2022-09-19 14:55:49,26,13,3889.0,-4644
2022-09-19 14:55:50,26,-11,3888.75,-4655
2022-09-19 14:55:51,43,-14,3888.75,-4669
2022-09-19 14:55:52,14,7,3888.75,-4662
2022-09-19 14:55:53,14,-2,3888.75,-4664
2022-09-19 14:55:54,112,-53,3888.75,-4717
2022-09-19 14:55:55,8,5,3889.0,-4712
2022-09-19 14:55:56,35,18,3889.25,-4694
2022-09-19 14:55:57,65,-15,3889.5,-4709
2022-09-19 14:55:58,52,-25,3889.25,-4734
2022-09-19 14:55:59,2,-2,3889.25,-4736
2022-09-19 14:56:01,99,29,3889.5,-4707
2022-09-19 14:56:02,16,5,3889.75,-4702
2022-09-19 14:56:03,52,9,3889.5,-4693
2022-09-19 14:56:04,22,-1,3889.5,-4694
2022-09-19 14:56:05,58,6,3889.75,-4688
2022-09-19 14:56:06,33,15,3889.5,-4673
2022-09-19 14:56:07,2,-2,3889.5,-4675
2022-09-19 14:56:08,25,-8,3889.75,-4683
2022-09-19 14:56:09,15,3,3889.5,-4680
2022-09-19 14:56:10,55,29,3889.5,-4651
2022-09-19 14:56:11,4,0,3889.5,-4651
2022-09-19 14:56:12,36,-5,3889.25,-4656
2022-09-19 14:56:13,1,-1,3889.25,-4657
2022-09-19 14:56:14,16,14,3889.5,-4643
2022-09-19 14:56:15,12,-8,3889.5,-4651
2022-09-19 14:56:16,57,-2,3889.0,-4653
2022-09-19 14:56:17,16,2,3889.25,-4651
2022-09-19 14:56:18,31,3,3889.5,-4648
2022-09-19 14:56:19,85,39,3889.75,-4609
2022-09-19 14:56:20,26,7,3890.0,-4602
2022-09-19 14:56:21,3,-3,3889.75,-4605
2022-09-19 14:56:22,125,35,3890.25,-4570
2022-09-19 14:56:23,15,0,3890.0,-4570
2022-09-19 14:56:24,49,-3,3890.25,-4573
2022-09-19 14:56:25,99,0,3890.25,-4573
2022-09-19 14:56:26,35,4,3890.25,-4569
2022-09-19 14:56:28,9,0,3890.25,-4569
2022-09-19 14:56:29,58,18,3890.25,-4551
2022-09-19 14:56:30,127,41,3890.5,-4510
2022-09-19 14:56:31,31,-7,3890.75,-4517
2022-09-19 14:56:32,96,26,3890.5,-4491
2022-09-19 14:56:33,5,3,3890.5,-4488
2022-09-19 14:56:34,47,1,3890.5,-4487
2022-09-19 14:56:35,12,-7,3890.75,-4494
2022-09-19 14:56:36,77,-24,3890.5,-4518
2022-09-19 14:56:37,584,155,3891.25,-4363
2022-09-19 14:56:38,14,-10,3891.0,-4373
2022-09-19 14:56:39,58,-16,3890.75,-4389
2022-09-19 14:56:40,22,-7,3890.75,-4396
2022-09-19 14:56:41,154,1,3890.75,-4395
2022-09-19 14:56:42,22,-12,3890.75,-4407
2022-09-19 14:56:43,24,-2,3891.0,-4409
2022-09-19 14:56:44,10,7,3891.0,-4402
2022-09-19 14:56:45,74,-20,3890.75,-4422
2022-09-19 14:56:46,1,-1,3890.5,-4423
2022-09-19 14:56:47,53,54,3891.0,-4369
2022-09-19 14:56:48,28,-10,3891.0,-4379
2022-09-19 14:56:49,26,15,3890.75,-4364
2022-09-19 14:56:50,158,30,3891.0,-4334
2022-09-19 14:56:51,60,22,3891.0,-4312
2022-09-19 14:56:52,5,-3,3891.0,-4315
2022-09-19 14:56:53,10,5,3891.0,-4310
2022-09-19 14:56:54,68,-10,3891.0,-4320
2022-09-19 14:56:55,38,3,3890.75,-4317
2022-09-19 14:56:56,132,-46,3890.75,-4363
2022-09-19 14:56:57,29,7,3890.5,-4356
2022-09-19 14:56:58,75,-30,3890.25,-4386
2022-09-19 14:56:59,13,4,3890.5,-4382
2022-09-19 14:57:00,7,4,3890.5,-4378
2022-09-19 14:57:01,69,-13,3890.25,-4391
2022-09-19 14:57:02,52,-17,3890.25,-4408
2022-09-19 14:57:03,32,0,3890.25,-4408
2022-09-19 14:57:04,9,7,3890.25,-4401
2022-09-19 14:57:05,257,45,3890.5,-4356
2022-09-19 14:57:06,15,2,3890.5,-4354
2022-09-19 14:57:07,50,-22,3890.5,-4376
2022-09-19 14:57:08,49,-7,3890.25,-4383
2022-09-19 14:57:09,38,-3,3890.25,-4386
2022-09-19 14:57:10,157,-1,3890.25,-4387
2022-09-19 14:57:11,79,5,3890.5,-4382
2022-09-19 14:57:12,20,6,3890.5,-4376
2022-09-19 14:57:13,26,21,3890.75,-4355
2022-09-19 14:57:14,5,-4,3890.75,-4359
2022-09-19 14:57:15,77,42,3891.0,-4317
2022-09-19 14:57:16,284,26,3891.25,-4291
2022-09-19 14:57:17,47,-13,3891.25,-4304
2022-09-19 14:57:18,6,-4,3891.0,-4308
2022-09-19 14:57:19,1,-1,3891.0,-4309
2022-09-19 14:57:20,15,-6,3891.0,-4315
2022-09-19 14:57:21,44,-20,3890.75,-4335
2022-09-19 14:57:22,33,15,3891.0,-4320
2022-09-19 14:57:23,13,4,3891.0,-4316
2022-09-19 14:57:24,3,1,3891.0,-4315
2022-09-19 14:57:25,14,6,3891.0,-4309
2022-09-19 14:57:26,48,5,3891.5,-4304
2022-09-19 14:57:27,44,-15,3891.5,-4319
2022-09-19 14:57:28,22,-9,3891.0,-4328
2022-09-19 14:57:29,73,-6,3891.25,-4334
2022-09-19 14:57:30,21,3,3891.0,-4331
2022-09-19 14:57:31,9,2,3891.0,-4329
2022-09-19 14:57:32,23,13,3891.0,-4316
2022-09-19 14:57:33,42,-2,3891.0,-4318
2022-09-19 14:57:34,13,-7,3891.0,-4325
2022-09-19 14:57:35,88,-32,3890.75,-4357
2022-09-19 14:57:36,4,-4,3890.75,-4361
2022-09-19 14:57:37,53,1,3890.5,-4360
2022-09-19 14:57:38,159,-64,3890.5,-4424
2022-09-19 14:57:39,143,2,3890.25,-4422
2022-09-19 14:57:40,122,-8,3890.0,-4430
2022-09-19 14:57:41,39,-2,3890.0,-4432
2022-09-19 14:57:42,18,2,3889.75,-4430
2022-09-19 14:57:43,78,-15,3889.5,-4445
2022-09-19 14:57:44,14,9,3889.75,-4436
2022-09-19 14:57:45,1,1,3890.0,-4435
2022-09-19 14:57:46,66,17,3890.25,-4418
2022-09-19 14:57:47,15,11,3890.25,-4407
2022-09-19 14:57:48,92,-47,3890.25,-4454
2022-09-19 14:57:49,34,1,3890.25,-4453
2022-09-19 14:57:50,22,1,3890.5,-4452
2022-09-19 14:57:51,18,8,3890.25,-4444
2022-09-19 14:57:52,11,-9,3890.25,-4453
2022-09-19 14:57:54,12,-1,3890.0,-4454
2022-09-19 14:57:55,78,4,3889.75,-4450
2022-09-19 14:57:56,17,0,3890.0,-4450
2022-09-19 14:57:57,56,8,3889.75,-4442
2022-09-19 14:57:58,44,12,3890.5,-4430
2022-09-19 14:57:59,6,5,3890.25,-4425
2022-09-19 14:58:00,32,-13,3890.25,-4438
2022-09-19 14:58:01,41,-1,3890.25,-4439
2022-09-19 14:58:02,15,-5,3890.25,-4444
2022-09-19 14:58:03,17,0,3890.25,-4444
2022-09-19 14:58:05,92,13,3890.75,-4431
2022-09-19 14:58:06,2,-2,3890.5,-4433
2022-09-19 14:58:07,20,16,3890.75,-4417
2022-09-19 14:58:08,39,13,3890.75,-4404
2022-09-19 14:58:10,168,23,3891.0,-4381
2022-09-19 14:58:11,24,6,3890.75,-4375
2022-09-19 14:58:12,21,-9,3891.0,-4384
2022-09-19 14:58:13,66,-22,3890.75,-4406
2022-09-19 14:58:14,2,0,3890.75,-4406
2022-09-19 14:58:15,1,1,3890.75,-4405
2022-09-19 14:58:16,121,0,3890.75,-4405
2022-09-19 14:58:17,29,-10,3890.25,-4415
2022-09-19 14:58:18,56,-6,3890.25,-4421
2022-09-19 14:58:19,18,-6,3890.25,-4427
2022-09-19 14:58:20,81,-3,3890.0,-4430
2022-09-19 14:58:21,175,-2,3890.0,-4432
2022-09-19 14:58:22,33,-13,3890.0,-4445
2022-09-19 14:58:23,71,1,3890.0,-4444
2022-09-19 14:58:24,30,-1,3890.0,-4445
2022-09-19 14:58:25,23,2,3890.25,-4443
2022-09-19 14:58:26,11,0,3890.25,-4443
2022-09-19 14:58:27,43,-8,3890.25,-4451
2022-09-19 14:58:28,81,-21,3890.25,-4472
2022-09-19 14:58:29,15,-5,3890.25,-4477
2022-09-19 14:58:30,13,-8,3890.0,-4485
2022-09-19 14:58:31,104,-11,3889.75,-4496
2022-09-19 14:58:32,13,2,3889.5,-4494
2022-09-19 14:58:33,32,14,3889.5,-4480
2022-09-19 14:58:34,21,-2,3889.5,-4482
2022-09-19 14:58:35,91,-10,3889.75,-4492
2022-09-19 14:58:36,76,-1,3890.0,-4493
2022-09-19 14:58:38,61,0,3890.0,-4493
2022-09-19 14:58:39,24,-9,3890.0,-4502
2022-09-19 14:58:40,6,-2,3890.0,-4504
2022-09-19 14:58:41,12,6,3890.25,-4498
2022-09-19 14:58:42,38,3,3890.0,-4495
2022-09-19 14:58:43,17,0,3889.75,-4495
2022-09-19 14:58:44,30,10,3890.0,-4485
2022-09-19 14:58:45,45,2,3890.25,-4483
2022-09-19 14:58:46,19,-3,3890.0,-4486
2022-09-19 14:58:47,28,-5,3889.75,-4491
2022-09-19 14:58:48,32,2,3890.0,-4489
2022-09-19 14:58:50,13,7,3890.0,-4482
2022-09-19 14:58:51,7,-3,3890.0,-4485
2022-09-19 14:58:52,83,-35,3889.75,-4520
2022-09-19 14:58:53,137,-11,3889.75,-4531
2022-09-19 14:58:54,130,9,3890.0,-4522
2022-09-19 14:58:55,8,-1,3890.0,-4523
2022-09-19 14:58:56,35,-15,3889.75,-4538
2022-09-19 14:58:57,35,9,3889.75,-4529
2022-09-19 14:58:58,4,-1,3890.0,-4530
2022-09-19 14:58:59,131,79,3890.0,-4451
2022-09-19 14:59:00,20,-15,3889.75,-4466
2022-09-19 14:59:02,50,-17,3889.5,-4483
2022-09-19 14:59:03,38,2,3889.5,-4481
2022-09-19 14:59:04,6,-4,3889.5,-4485
2022-09-19 14:59:05,10,-10,3889.25,-4495
2022-09-19 14:59:06,36,-19,3889.25,-4514
2022-09-19 14:59:07,22,1,3889.25,-4513
2022-09-19 14:59:08,6,5,3889.5,-4508
2022-09-19 14:59:09,15,-3,3889.25,-4511
2022-09-19 14:59:10,42,23,3890.0,-4488
2022-09-19 14:59:11,1,1,3889.75,-4487
2022-09-19 14:59:12,24,5,3889.75,-4482
2022-09-19 14:59:13,19,-2,3889.75,-4484
2022-09-19 14:59:15,62,-10,3889.75,-4494
2022-09-19 14:59:16,19,-11,3890.0,-4505
2022-09-19 14:59:17,26,-7,3890.0,-4512
2022-09-19 14:59:19,4,1,3890.0,-4511
2022-09-19 14:59:20,57,14,3890.0,-4497
2022-09-19 14:59:21,21,18,3890.5,-4479
2022-09-19 14:59:22,84,11,3890.5,-4468
2022-09-19 14:59:23,46,4,3890.5,-4464
2022-09-19 14:59:24,1,1,3890.75,-4463
2022-09-19 14:59:25,21,-18,3890.5,-4481
2022-09-19 14:59:26,2,1,3890.5,-4480
2022-09-19 14:59:27,15,-7,3890.25,-4487
2022-09-19 14:59:28,40,-12,3890.25,-4499
2022-09-19 14:59:29,94,5,3890.0,-4494
2022-09-19 14:59:30,45,-12,3889.75,-4506
2022-09-19 14:59:31,18,-6,3890.0,-4512
2022-09-19 14:59:32,1179,330,3891.0,-4182
2022-09-19 14:59:33,151,19,3891.25,-4163
2022-09-19 14:59:34,26,-19,3891.25,-4182
2022-09-19 14:59:35,27,-6,3891.0,-4188
2022-09-19 14:59:36,29,1,3891.0,-4187
2022-09-19 14:59:37,57,3,3890.75,-4184
2022-09-19 14:59:38,39,-27,3890.5,-4211
2022-09-19 14:59:39,4,3,3890.75,-4208
2022-09-19 14:59:40,1,1,3890.75,-4207
2022-09-19 14:59:41,130,-17,3890.5,-4224
2022-09-19 14:59:42,82,19,3890.75,-4205
2022-09-19 14:59:43,4,0,3891.0,-4205
2022-09-19 14:59:44,115,13,3890.75,-4192
2022-09-19 14:59:45,60,-20,3891.0,-4212
2022-09-19 14:59:46,87,0,3890.75,-4212
2022-09-19 14:59:47,42,-18,3890.75,-4230
2022-09-19 14:59:48,80,-11,3890.75,-4241
2022-09-19 14:59:49,31,17,3890.75,-4224
2022-09-19 14:59:50,10,6,3891.0,-4218
2022-09-19 14:59:51,10,-1,3891.0,-4219
2022-09-19 14:59:52,381,-20,3890.5,-4239
2022-09-19 14:59:53,135,25,3890.5,-4214
2022-09-19 14:59:54,2,-2,3890.5,-4216
2022-09-19 14:59:55,2,-2,3890.5,-4218
2022-09-19 14:59:56,134,-6,3890.75,-4224
2022-09-19 14:59:57,58,-36,3890.75,-4260
2022-09-19 14:59:58,35,0,3890.5,-4260
2022-09-19 14:59:59,71,4,3891.0,-4256
2022-09-19 15:00:00,219,11,3891.25,-4245
2022-09-19 15:00:01,92,57,3891.25,-4188
2022-09-19 15:00:02,254,43,3891.75,-4145
2022-09-19 15:00:03,92,-8,3891.25,-4153
2022-09-19 15:00:04,22,10,3891.25,-4143
2022-09-19 15:00:05,69,-7,3891.25,-4150
2022-09-19 15:00:06,121,39,3891.75,-4111
2022-09-19 15:00:07,104,42,3892.0,-4069
2022-09-19 15:00:08,65,-30,3892.0,-4099
2022-09-19 15:00:09,40,9,3892.0,-4090
2022-09-19 15:00:10,58,-5,3891.75,-4095
2022-09-19 15:00:11,82,42,3892.0,-4053
2022-09-19 15:00:12,46,44,3892.25,-4009
2022-09-19 15:00:13,116,-20,3892.0,-4029
2022-09-19 15:00:14,13,-2,3892.0,-4031
2022-09-19 15:00:15,149,43,3892.5,-3988
2022-09-19 15:00:16,181,8,3892.5,-3980
2022-09-19 15:00:17,52,-7,3892.5,-3987
2022-09-19 15:00:18,66,-4,3892.5,-3991
2022-09-19 15:00:19,17,-3,3892.25,-3994
2022-09-19 15:00:20,21,-13,3892.25,-4007
2022-09-19 15:00:21,65,11,3892.5,-3996
2022-09-19 15:00:22,356,131,3893.0,-3865
2022-09-19 15:00:23,275,21,3893.5,-3844
2022-09-19 15:00:24,61,7,3893.25,-3837
2022-09-19 15:00:25,83,-12,3893.25,-3849
2022-09-19 15:00:26,65,14,3893.25,-3835
2022-09-19 15:00:27,113,-62,3893.0,-3897
2022-09-19 15:00:28,66,9,3892.25,-3888
2022-09-19 15:00:29,62,23,3892.5,-3865
2022-09-19 15:00:30,35,17,3893.0,-3848
2022-09-19 15:00:31,80,11,3893.0,-3837
2022-09-19 15:00:32,32,-17,3893.0,-3854
2022-09-19 15:00:33,42,-8,3892.5,-3862
2022-09-19 15:00:34,63,24,3893.0,-3838
2022-09-19 15:00:35,65,-27,3893.25,-3865
2022-09-19 15:00:36,65,3,3893.0,-3862
2022-09-19 15:00:37,41,26,3893.5,-3836
2022-09-19 15:00:38,81,-11,3893.5,-3847
2022-09-19 15:00:39,5,2,3893.25,-3845
2022-09-19 15:00:40,665,254,3894.25,-3591
2022-09-19 15:00:41,62,4,3894.0,-3587
2022-09-19 15:00:42,98,-11,3894.0,-3598
2022-09-19 15:00:43,22,8,3894.0,-3590
2022-09-19 15:00:44,78,-23,3894.0,-3613
2022-09-19 15:00:45,168,-1,3894.0,-3614
2022-09-19 15:00:46,30,7,3894.0,-3607
2022-09-19 15:00:47,60,8,3894.25,-3599
2022-09-19 15:00:48,26,-12,3894.25,-3611
2022-09-19 15:00:49,149,7,3894.5,-3604
2022-09-19 15:00:50,18,-5,3894.25,-3609
2022-09-19 15:00:51,134,-30,3894.25,-3639
2022-09-19 15:00:52,441,163,3894.5,-3476
2022-09-19 15:00:53,406,188,3895.25,-3288
2022-09-19 15:00:54,194,-7,3895.25,-3295
2022-09-19 15:00:55,88,0,3895.25,-3295
2022-09-19 15:00:56,42,3,3895.25,-3292
2022-09-19 15:00:57,6,-2,3895.25,-3294
2022-09-19 15:00:58,94,19,3895.25,-3275
2022-09-19 15:00:59,114,-35,3895.0,-3310
2022-09-19 15:01:00,184,2,3895.25,-3308
2022-09-19 15:01:01,94,-55,3895.0,-3363
2022-09-19 15:01:02,198,-40,3894.5,-3403
2022-09-19 15:01:03,110,4,3894.0,-3399
2022-09-19 15:01:04,97,2,3894.0,-3397
2022-09-19 15:01:05,22,6,3894.5,-3391
2022-09-19 15:01:06,84,-14,3894.25,-3405
2022-09-19 15:01:07,54,25,3894.5,-3380
2022-09-19 15:01:08,14,-4,3894.75,-3384
2022-09-19 15:01:09,86,10,3894.75,-3374
2022-09-19 15:01:10,53,-1,3894.75,-3375
2022-09-19 15:01:11,106,28,3895.0,-3347
2022-09-19 15:01:12,450,299,3896.5,-3048
2022-09-19 15:01:13,339,21,3896.25,-3027
2022-09-19 15:01:14,77,9,3896.5,-3018
2022-09-19 15:01:15,115,18,3896.75,-3000
2022-09-19 15:01:16,202,1,3896.5,-2999
2022-09-19 15:01:17,53,-3,3896.5,-3002
2022-09-19 15:01:18,4,2,3896.25,-3000
2022-09-19 15:01:19,117,6,3896.25,-2994
2022-09-19 15:01:20,8,6,3896.5,-2988
2022-09-19 15:01:21,147,40,3896.75,-2948
2022-09-19 15:01:22,161,-26,3896.75,-2974
2022-09-19 15:01:23,96,-1,3896.75,-2975
2022-09-19 15:01:24,51,-18,3896.25,-2993
2022-09-19 15:01:25,102,18,3896.25,-2975
2022-09-19 15:01:26,77,-12,3896.0,-2987
2022-09-19 15:01:27,35,14,3896.25,-2973
2022-09-19 15:01:28,153,35,3896.75,-2938
2022-09-19 15:01:29,51,9,3897.0,-2929
2022-09-19 15:01:30,151,25,3897.25,-2904
2022-09-19 15:01:31,22,-3,3897.0,-2907
2022-09-19 15:01:32,117,-16,3896.5,-2923
2022-09-19 15:01:33,24,2,3896.5,-2921
2022-09-19 15:01:34,111,-18,3896.5,-2939
2022-09-19 15:01:35,69,24,3896.75,-2915
2022-09-19 15:01:36,33,-8,3897.0,-2923
2022-09-19 15:01:37,146,3,3897.0,-2920
2022-09-19 15:01:38,89,9,3897.0,-2911
2022-09-19 15:01:39,34,-8,3897.0,-2919
2022-09-19 15:01:40,112,23,3897.0,-2896
2022-09-19 15:01:41,80,-17,3896.75,-2913
2022-09-19 15:01:42,38,-5,3896.75,-2918
2022-09-19 15:01:43,17,-3,3896.75,-2921
2022-09-19 15:01:44,55,-6,3896.75,-2927
2022-09-19 15:01:45,141,-20,3897.25,-2947
2022-09-19 15:01:46,114,58,3897.25,-2889
2022-09-19 15:01:47,158,8,3897.5,-2881
2022-09-19 15:01:48,68,-17,3897.5,-2898
2022-09-19 15:01:49,124,29,3897.75,-2869
2022-09-19 15:01:50,21,8,3897.75,-2861
2022-09-19 15:01:51,131,21,3898.0,-2840
2022-09-19 15:01:52,33,-5,3898.0,-2845
2022-09-19 15:01:53,98,45,3898.0,-2800
2022-09-19 15:01:54,97,-17,3897.75,-2817
2022-09-19 15:01:55,47,-5,3897.5,-2822
2022-09-19 15:01:56,156,-26,3897.25,-2848
2022-09-19 15:01:57,159,-67,3896.5,-2915
2022-09-19 15:01:58,55,-8,3896.25,-2923
2022-09-19 15:01:59,47,9,3896.5,-2914
2022-09-19 15:02:00,120,17,3896.5,-2897
2022-09-19 15:02:01,31,17,3896.75,-2880
2022-09-19 15:02:02,62,-7,3896.75,-2887
2022-09-19 15:02:03,4,1,3896.75,-2886
2022-09-19 15:02:04,2,2,3896.75,-2884
2022-09-19 15:02:05,31,3,3896.75,-2881
2022-09-19 15:02:06,89,5,3896.75,-2876
2022-09-19 15:02:07,44,7,3896.75,-2869
2022-09-19 15:02:08,128,28,3897.0,-2841
2022-09-19 15:02:09,76,-19,3897.25,-2860
2022-09-19 15:02:10,16,3,3897.25,-2857
2022-09-19 15:02:11,4,-2,3897.25,-2859
2022-09-19 15:02:12,41,-4,3897.5,-2863
2022-09-19 15:02:13,59,26,3897.75,-2837
2022-09-19 15:02:14,43,18,3897.75,-2819
2022-09-19 15:02:15,17,9,3897.75,-2810
2022-09-19 15:02:16,5,2,3897.75,-2808
2022-09-19 15:02:17,130,12,3898.0,-2796
2022-09-19 15:02:18,54,-9,3897.75,-2805
2022-09-19 15:02:19,63,-10,3897.75,-2815
2022-09-19 15:02:20,68,6,3897.5,-2809
2022-09-19 15:02:21,29,-14,3897.5,-2823
2022-09-19 15:02:22,16,2,3897.25,-2821
2022-09-19 15:02:23,194,-57,3896.75,-2878
2022-09-19 15:02:24,264,-48,3896.25,-2926
2022-09-19 15:02:25,80,25,3896.0,-2901
2022-09-19 15:02:26,44,3,3895.75,-2898
2022-09-19 15:02:27,68,0,3896.0,-2898
2022-09-19 15:02:28,55,4,3896.0,-2894
2022-09-19 15:02:29,56,4,3896.25,-2890
2022-09-19 15:02:30,161,2,3896.5,-2888
2022-09-19 15:02:31,80,-2,3896.75,-2890
2022-09-19 15:02:32,45,-10,3896.75,-2900
2022-09-19 15:02:33,75,-37,3896.75,-2937
2022-09-19 15:02:34,16,-7,3896.75,-2944
2022-09-19 15:02:35,44,7,3896.75,-2937
2022-09-19 15:02:36,30,-3,3896.75,-2940
2022-09-19 15:02:37,11,1,3896.75,-2939
2022-09-19 15:02:38,48,18,3897.25,-2921
2022-09-19 15:02:39,46,-7,3896.75,-2928
2022-09-19 15:02:40,14,5,3897.25,-2923
2022-09-19 15:02:41,35,4,3897.25,-2919
2022-09-19 15:02:42,37,-10,3897.25,-2929
2022-09-19 15:02:43,233,-40,3897.25,-2969
2022-09-19 15:02:44,10,-9,3897.0,-2978
2022-09-19 15:02:45,39,1,3897.0,-2977
2022-09-19 15:02:46,19,-7,3897.0,-2984
2022-09-19 15:02:47,36,-8,3896.75,-2992
2022-09-19 15:02:48,25,17,3896.75,-2975
2022-09-19 15:02:49,52,28,3897.0,-2947
2022-09-19 15:02:50,80,-1,3897.0,-2948
2022-09-19 15:02:51,7,3,3897.25,-2945
2022-09-19 15:02:52,141,-3,3897.25,-2948
2022-09-19 15:02:53,117,23,3897.75,-2925
2022-09-19 15:02:54,264,58,3898.0,-2867
2022-09-19 15:02:55,57,-7,3897.75,-2874
2022-09-19 15:02:56,115,-27,3897.5,-2901
2022-09-19 15:02:57,110,0,3897.25,-2901
2022-09-19 15:02:58,26,11,3897.0,-2890
2022-09-19 15:02:59,54,-27,3897.25,-2917
2022-09-19 15:03:00,64,28,3897.25,-2889
2022-09-19 15:03:01,126,36,3897.5,-2853
2022-09-19 15:03:02,114,3,3897.75,-2850
2022-09-19 15:03:03,81,-20,3897.5,-2870
2022-09-19 15:03:04,42,-12,3897.5,-2882
2022-09-19 15:03:05,253,114,3898.0,-2768
2022-09-19 15:03:06,4,4,3898.0,-2764
2022-09-19 15:03:07,95,-4,3898.0,-2768
2022-09-19 15:03:08,7,5,3898.0,-2763
2022-09-19 15:03:09,79,-5,3897.75,-2768
2022-09-19 15:03:10,98,16,3897.75,-2752
2022-09-19 15:03:11,8,7,3897.75,-2745
2022-09-19 15:03:12,64,-12,3897.75,-2757
2022-09-19 15:03:13,43,7,3897.5,-2750
2022-09-19 15:03:14,178,74,3898.0,-2676
2022-09-19 15:03:15,471,243,3898.75,-2433
2022-09-19 15:03:16,36,16,3898.5,-2417
2022-09-19 15:03:17,254,71,3899.0,-2346
2022-09-19 15:03:18,114,-13,3899.0,-2359
2022-09-19 15:03:19,71,-10,3898.75,-2369
2022-09-19 15:03:20,98,34,3899.0,-2335
2022-09-19 15:03:21,1644,546,3900.25,-1789
2022-09-19 15:03:22,213,22,3900.5,-1767
2022-09-19 15:03:23,149,20,3900.5,-1747
2022-09-19 15:03:24,9,-2,3900.5,-1749
2022-09-19 15:03:25,265,66,3900.5,-1683
2022-09-19 15:03:26,57,-6,3900.5,-1689
2022-09-19 15:03:27,126,9,3900.5,-1680
2022-09-19 15:03:28,30,-1,3900.5,-1681
2022-09-19 15:03:29,172,0,3900.75,-1681
2022-09-19 15:03:30,666,68,3901.0,-1613
2022-09-19 15:03:31,152,-1,3901.0,-1614
2022-09-19 15:03:32,25,-9,3901.0,-1623
2022-09-19 15:03:33,82,-10,3900.75,-1633
2022-09-19 15:03:34,99,-9,3900.75,-1642
2022-09-19 15:03:35,65,-29,3900.25,-1671
2022-09-19 15:03:36,92,31,3900.25,-1640
2022-09-19 15:03:37,39,0,3900.0,-1640
2022-09-19 15:03:38,138,-38,3900.25,-1678
2022-09-19 15:03:39,490,166,3900.75,-1512
2022-09-19 15:03:40,21,-3,3900.5,-1515
2022-09-19 15:03:41,1,1,3900.5,-1514
2022-09-19 15:03:42,60,3,3900.5,-1511
2022-09-19 15:03:43,169,-34,3900.25,-1545
2022-09-19 15:03:44,46,2,3900.0,-1543
2022-09-19 15:03:45,56,0,3900.0,-1543
2022-09-19 15:03:46,88,-5,3900.5,-1548
2022-09-19 15:03:47,11,-9,3900.25,-1557
2022-09-19 15:03:48,24,-3,3900.25,-1560
2022-09-19 15:03:49,79,28,3900.0,-1532
2022-09-19 15:03:50,68,8,3900.5,-1524
2022-09-19 15:03:51,101,-15,3900.0,-1539
2022-09-19 15:03:52,26,14,3900.25,-1525
2022-09-19 15:03:53,50,-1,3900.25,-1526
2022-09-19 15:03:54,39,5,3900.5,-1521
2022-09-19 15:03:55,85,6,3900.5,-1515
2022-09-19 15:03:56,30,-3,3900.25,-1518
2022-09-19 15:03:57,11,0,3900.25,-1518
2022-09-19 15:03:58,112,-39,3900.75,-1557
2022-09-19 15:03:59,100,-27,3900.5,-1584
2022-09-19 15:04:00,178,10,3900.5,-1574
2022-09-19 15:04:01,16,6,3900.5,-1568
2022-09-19 15:04:02,35,1,3900.75,-1567
2022-09-19 15:04:03,177,-85,3900.5,-1652
2022-09-19 15:04:04,100,23,3900.75,-1629
2022-09-19 15:04:05,81,-13,3901.0,-1642
2022-09-19 15:04:06,185,23,3901.0,-1619
2022-09-19 15:04:07,86,-5,3901.0,-1624
2022-09-19 15:04:08,157,48,3901.25,-1576
2022-09-19 15:04:09,214,38,3901.5,-1538
2022-09-19 15:04:10,47,-5,3901.5,-1543
2022-09-19 15:04:11,57,-16,3901.5,-1559
2022-09-19 15:04:12,16,-5,3901.25,-1564
2022-09-19 15:04:13,10,5,3901.5,-1559
2022-09-19 15:04:14,194,38,3901.75,-1521
2022-09-19 15:04:15,136,-20,3901.75,-1541
2022-09-19 15:04:16,26,0,3901.75,-1541
2022-09-19 15:04:17,97,10,3901.75,-1531
2022-09-19 15:04:18,783,198,3902.75,-1333
2022-09-19 15:04:19,203,9,3902.75,-1324
2022-09-19 15:04:20,130,-18,3902.75,-1342
2022-09-19 15:04:21,21,7,3902.25,-1335
2022-09-19 15:04:22,81,15,3902.5,-1320
2022-09-19 15:04:23,37,10,3902.25,-1310
2022-09-19 15:04:24,56,-5,3902.25,-1315
2022-09-19 15:04:25,137,-33,3901.75,-1348
2022-09-19 15:04:26,91,-18,3901.5,-1366
2022-09-19 15:04:27,206,-35,3901.25,-1401
2022-09-19 15:04:28,64,-10,3901.25,-1411
2022-09-19 15:04:29,7,-2,3901.5,-1413
2022-09-19 15:04:30,194,-50,3901.5,-1463
2022-09-19 15:04:31,23,-7,3901.0,-1470
2022-09-19 15:04:32,50,-8,3900.75,-1478
2022-09-19 15:04:33,153,-25,3900.75,-1503
2022-09-19 15:04:34,65,-5,3901.0,-1508
2022-09-19 15:04:35,94,-32,3900.5,-1540
2022-09-19 15:04:36,30,12,3900.5,-1528
2022-09-19 15:04:37,56,-5,3900.5,-1533
2022-09-19 15:04:38,203,-42,3900.25,-1575
2022-09-19 15:04:39,20,14,3900.25,-1561
2022-09-19 15:04:40,82,-14,3900.25,-1575
2022-09-19 15:04:41,85,30,3900.5,-1545
2022-09-19 15:04:42,45,-14,3900.75,-1559
2022-09-19 15:04:43,4,-2,3900.5,-1561
2022-09-19 15:04:44,40,-7,3900.5,-1568
2022-09-19 15:04:45,66,-13,3900.75,-1581
2022-09-19 15:04:46,1,-1,3900.75,-1582
2022-09-19 15:04:47,122,42,3901.5,-1540
2022-09-19 15:04:48,31,-9,3901.25,-1549
2022-09-19 15:04:49,63,-14,3901.25,-1563
2022-09-19 15:04:50,155,1,3901.5,-1562
2022-09-19 15:04:51,67,-1,3901.5,-1563
2022-09-19 15:04:52,12,8,3901.5,-1555
2022-09-19 15:04:53,130,-23,3901.75,-1578
2022-09-19 15:04:54,17,7,3901.5,-1571
2022-09-19 15:04:55,45,-8,3901.5,-1579
2022-09-19 15:04:56,77,-39,3901.25,-1618
2022-09-19 15:04:57,31,-7,3901.25,-1625
2022-09-19 15:04:58,175,7,3901.75,-1618
2022-09-19 15:04:59,10,-7,3901.5,-1625
2022-09-19 15:05:00,89,2,3901.5,-1623
2022-09-19 15:05:01,107,-12,3901.25,-1635
2022-09-19 15:05:02,124,4,3901.0,-1631
2022-09-19 15:05:03,43,9,3901.25,-1622
2022-09-19 15:05:04,377,-134,3901.5,-1756
2022-09-19 15:05:05,87,3,3901.75,-1753
2022-09-19 15:05:06,121,25,3901.75,-1728
2022-09-19 15:05:07,89,-4,3901.5,-1732
2022-09-19 15:05:08,30,-12,3901.0,-1744
2022-09-19 15:05:09,111,23,3901.25,-1721
2022-09-19 15:05:10,54,-13,3901.5,-1734
2022-09-19 15:05:11,134,11,3901.75,-1723
2022-09-19 15:05:12,36,-1,3902.0,-1724
2022-09-19 15:05:13,484,-22,3902.0,-1746
2022-09-19 15:05:14,204,-43,3901.5,-1789
2022-09-19 15:05:15,91,-39,3901.0,-1828
2022-09-19 15:05:16,170,12,3901.0,-1816
2022-09-19 15:05:17,69,-16,3901.0,-1832
2022-09-19 15:05:18,3,-3,3900.75,-1835
2022-09-19 15:05:19,65,3,3901.0,-1832
2022-09-19 15:05:20,226,-12,3901.5,-1844
2022-09-19 15:05:21,35,9,3901.75,-1835
2022-09-19 15:05:22,24,11,3902.0,-1824
2022-09-19 15:05:23,1,-1,3901.75,-1825
2022-09-19 15:05:24,123,-22,3902.0,-1847
2022-09-19 15:05:25,76,-14,3901.75,-1861
2022-09-19 15:05:26,29,15,3901.75,-1846
2022-09-19 15:05:27,111,20,3902.0,-1826
2022-09-19 15:05:28,39,25,3901.75,-1801
2022-09-19 15:05:29,67,14,3902.0,-1787
2022-09-19 15:05:30,147,46,3902.25,-1741
2022-09-19 15:05:31,283,51,3902.5,-1690
2022-09-19 15:05:32,37,-11,3902.0,-1701
2022-09-19 15:05:33,87,7,3901.75,-1694
2022-09-19 15:05:34,183,49,3901.75,-1645
2022-09-19 15:05:35,6,4,3902.0,-1641
2022-09-19 15:05:36,165,16,3902.25,-1625
2022-09-19 15:05:37,143,-57,3902.0,-1682
2022-09-19 15:05:38,5,3,3902.0,-1679
2022-09-19 15:05:39,114,-2,3902.0,-1681
2022-09-19 15:05:40,79,2,3901.75,-1679
2022-09-19 15:05:41,33,1,3902.0,-1678
2022-09-19 15:05:42,74,-36,3901.75,-1714
2022-09-19 15:05:43,28,-4,3901.25,-1718
2022-09-19 15:05:44,40,12,3901.5,-1706
2022-09-19 15:05:45,34,-5,3901.5,-1711
2022-09-19 15:05:46,80,24,3901.5,-1687
2022-09-19 15:05:47,2,-2,3901.25,-1689
2022-09-19 15:05:48,46,-3,3901.25,-1692
2022-09-19 15:05:49,177,39,3902.0,-1653
2022-09-19 15:05:50,63,13,3902.0,-1640
2022-09-19 15:05:51,124,5,3902.25,-1635
2022-09-19 15:05:52,186,47,3902.75,-1588
2022-09-19 15:05:53,147,7,3902.75,-1581
2022-09-19 15:05:54,270,2,3903.0,-1579
2022-09-19 15:05:55,13,-2,3902.5,-1581
2022-09-19 15:05:56,134,33,3903.0,-1548
2022-09-19 15:05:57,138,31,3903.0,-1517
2022-09-19 15:05:58,101,-7,3903.0,-1524
2022-09-19 15:05:59,118,-36,3902.75,-1560
2022-09-19 15:06:00,178,-15,3902.5,-1575
2022-09-19 15:06:01,126,29,3902.25,-1546
2022-09-19 15:06:02,59,-10,3902.25,-1556
2022-09-19 15:06:03,54,4,3902.0,-1552
2022-09-19 15:06:04,29,3,3902.0,-1549
2022-09-19 15:06:05,118,-32,3901.75,-1581
2022-09-19 15:06:06,91,9,3901.75,-1572
2022-09-19 15:06:07,75,-14,3901.5,-1586
2022-09-19 15:06:08,76,-1,3901.5,-1587
2022-09-19 15:06:09,16,2,3901.5,-1585
2022-09-19 15:06:10,69,14,3901.5,-1571
2022-09-19 15:06:11,338,-117,3901.75,-1688
2022-09-19 15:06:12,36,0,3901.5,-1688
2022-09-19 15:06:13,5,-3,3901.5,-1691
2022-09-19 15:06:14,103,15,3901.75,-1676
2022-09-19 15:06:15,12,2,3901.75,-1674
2022-09-19 15:06:16,24,1,3902.0,-1673
2022-09-19 15:06:17,34,18,3902.25,-1655
2022-09-19 15:06:18,3,0,3902.5,-1655
2022-09-19 15:06:19,11,-3,3902.25,-1658
2022-09-19 15:06:20,128,9,3902.5,-1649
2022-09-19 15:06:21,75,17,3902.5,-1632
2022-09-19 15:06:22,88,-10,3902.5,-1642
2022-09-19 15:06:23,155,16,3902.5,-1626
2022-09-19 15:06:24,97,-26,3902.5,-1652
2022-09-19 15:06:25,190,-56,3902.25,-1708
2022-09-19 15:06:26,31,-9,3901.75,-1717
2022-09-19 15:06:27,137,-21,3902.0,-1738
2022-09-19 15:06:28,24,-10,3901.75,-1748
2022-09-19 15:06:29,74,-24,3901.75,-1772
2022-09-19 15:06:30,112,-13,3901.75,-1785
2022-09-19 15:06:31,57,7,3901.5,-1778
2022-09-19 15:06:32,191,31,3901.75,-1747
2022-09-19 15:06:33,282,-170,3901.25,-1917
2022-09-19 15:06:34,34,0,3901.0,-1917
2022-09-19 15:06:35,471,-40,3900.5,-1957
2022-09-19 15:06:36,160,9,3900.5,-1948
2022-09-19 15:06:37,122,-1,3900.25,-1949
2022-09-19 15:06:38,81,11,3900.5,-1938
2022-09-19 15:06:39,74,-4,3900.5,-1942
2022-09-19 15:06:40,36,-9,3900.25,-1951
2022-09-19 15:06:41,119,24,3900.25,-1927
2022-09-19 15:06:42,199,3,3900.5,-1924
2022-09-19 15:06:43,55,3,3900.5,-1921
2022-09-19 15:06:44,35,3,3900.5,-1918
2022-09-19 15:06:45,65,-8,3900.5,-1926
2022-09-19 15:06:46,55,-10,3900.25,-1936
2022-09-19 15:06:47,3,-3,3900.0,-1939
2022-09-19 15:06:48,54,8,3900.5,-1931
2022-09-19 15:06:49,102,4,3900.5,-1927
2022-09-19 15:06:50,41,-1,3901.0,-1928
2022-09-19 15:06:51,20,-10,3900.25,-1938
2022-09-19 15:06:52,196,-67,3900.25,-2005
2022-09-19 15:06:53,72,7,3900.0,-1998
2022-09-19 15:06:54,6,-4,3900.25,-2002
2022-09-19 15:06:55,1,1,3900.25,-2001
2022-09-19 15:06:56,104,2,3900.25,-1999
2022-09-19 15:06:57,15,3,3900.25,-1996
2022-09-19 15:06:58,212,44,3900.5,-1952
2022-09-19 15:06:59,140,27,3900.5,-1925
2022-09-19 15:07:00,64,14,3901.0,-1911
2022-09-19 15:07:01,91,-19,3901.0,-1930
2022-09-19 15:07:02,25,-2,3901.0,-1932
2022-09-19 15:07:03,107,22,3900.5,-1910
2022-09-19 15:07:04,10,-8,3900.5,-1918
2022-09-19 15:07:05,37,-5,3900.5,-1923
2022-09-19 15:07:06,28,2,3900.25,-1921
2022-09-19 15:07:07,48,12,3900.75,-1909
2022-09-19 15:07:08,19,11,3900.75,-1898
2022-09-19 15:07:09,24,0,3901.0,-1898
2022-09-19 15:07:10,72,6,3901.0,-1892
2022-09-19 15:07:11,22,7,3901.0,-1885
2022-09-19 15:07:12,39,0,3901.0,-1885
2022-09-19 15:07:13,187,71,3901.75,-1814
2022-09-19 15:07:14,102,22,3901.75,-1792
2022-09-19 15:07:15,91,8,3902.0,-1784
2022-09-19 15:07:16,36,1,3901.75,-1783
2022-09-19 15:07:17,70,-15,3901.75,-1798
2022-09-19 15:07:18,22,-4,3901.25,-1802
2022-09-19 15:07:19,36,14,3901.5,-1788
2022-09-19 15:07:20,55,5,3901.5,-1783
2022-09-19 15:07:21,46,3,3902.0,-1780
2022-09-19 15:07:22,4,-2,3902.0,-1782
2022-09-19 15:07:23,128,12,3902.25,-1770
2022-09-19 15:07:24,4,1,3902.0,-1769
2022-09-19 15:07:25,73,3,3902.0,-1766
2022-09-19 15:07:26,40,8,3902.0,-1758
2022-09-19 15:07:27,1,1,3902.0,-1757
2022-09-19 15:07:28,114,-4,3902.5,-1761
2022-09-19 15:07:29,25,-5,3902.5,-1766
2022-09-19 15:07:30,15,-5,3902.5,-1771
2022-09-19 15:07:31,4,-2,3902.5,-1773
2022-09-19 15:07:32,176,-25,3902.5,-1798
2022-09-19 15:07:33,31,-6,3902.5,-1804
2022-09-19 15:07:34,41,-2,3902.5,-1806
2022-09-19 15:07:35,1,1,3902.5,-1805
2022-09-19 15:07:36,62,27,3902.5,-1778
2022-09-19 15:07:37,27,-5,3902.5,-1783
2022-09-19 15:07:38,23,-14,3902.5,-1797
2022-09-19 15:07:39,2,-2,3902.25,-1799
2022-09-19 15:07:40,35,-7,3902.5,-1806
2022-09-19 15:07:41,1,-1,3902.25,-1807
2022-09-19 15:07:42,126,-19,3902.25,-1826
2022-09-19 15:07:43,84,6,3902.25,-1820
2022-09-19 15:07:44,46,3,3902.25,-1817
2022-09-19 15:07:45,24,-14,3902.0,-1831
2022-09-19 15:07:46,63,-18,3901.75,-1849
2022-09-19 15:07:47,80,6,3901.5,-1843
2022-09-19 15:07:48,49,-6,3901.25,-1849
2022-09-19 15:07:49,11,3,3901.25,-1846
2022-09-19 15:07:50,62,7,3901.25,-1839
2022-09-19 15:07:51,55,-15,3901.25,-1854
2022-09-19 15:07:52,22,-2,3901.25,-1856
2022-09-19 15:07:53,92,7,3901.0,-1849
2022-09-19 15:07:54,15,0,3900.75,-1849
2022-09-19 15:07:55,5,-5,3900.5,-1854
2022-09-19 15:07:56,83,-6,3900.5,-1860
2022-09-19 15:07:57,55,26,3900.75,-1834
2022-09-19 15:07:58,35,7,3900.75,-1827
2022-09-19 15:07:59,96,-19,3900.5,-1846
2022-09-19 15:08:00,82,-4,3900.75,-1850
2022-09-19 15:08:01,3,2,3900.5,-1848
2022-09-19 15:08:02,105,-14,3900.5,-1862
2022-09-19 15:08:03,19,-8,3900.5,-1870
2022-09-19 15:08:04,60,23,3900.75,-1847
2022-09-19 15:08:05,80,0,3901.25,-1847
2022-09-19 15:08:06,81,-12,3901.75,-1859
2022-09-19 15:08:07,189,64,3902.0,-1795
2022-09-19 15:08:08,2,2,3902.0,-1793
2022-09-19 15:08:09,6,6,3902.0,-1787
2022-09-19 15:08:10,7,1,3902.0,-1786
2022-09-19 15:08:11,140,3,3902.0,-1783
2022-09-19 15:08:12,84,-16,3902.0,-1799
2022-09-19 15:08:13,53,-1,3902.25,-1800
2022-09-19 15:08:14,57,14,3902.25,-1786
2022-09-19 15:08:15,13,8,3902.5,-1778
2022-09-19 15:08:16,6,-2,3902.5,-1780
2022-09-19 15:08:17,4,-1,3902.5,-1781
2022-09-19 15:08:18,204,-41,3902.5,-1822
2022-09-19 15:08:19,12,-4,3901.75,-1826
2022-09-19 15:08:20,63,-36,3902.0,-1862
2022-09-19 15:08:21,148,21,3902.0,-1841
2022-09-19 15:08:22,85,5,3902.0,-1836
2022-09-19 15:08:23,8,-5,3901.75,-1841
2022-09-19 15:08:24,127,-5,3901.75,-1846
2022-09-19 15:08:25,27,8,3901.75,-1838
2022-09-19 15:08:26,44,-4,3901.75,-1842
2022-09-19 15:08:27,71,26,3901.75,-1816
2022-09-19 15:08:28,43,9,3902.0,-1807
2022-09-19 15:08:29,63,4,3902.0,-1803
2022-09-19 15:08:30,23,-10,3901.75,-1813
2022-09-19 15:08:31,36,13,3901.75,-1800
2022-09-19 15:08:32,30,-13,3902.0,-1813
2022-09-19 15:08:33,1,-1,3901.75,-1814
2022-09-19 15:08:34,40,-3,3901.75,-1817
2022-09-19 15:08:35,104,-1,3902.0,-1818
2022-09-19 15:08:36,7,3,3901.5,-1815
2022-09-19 15:08:37,142,-26,3901.5,-1841
2022-09-19 15:08:38,83,7,3901.0,-1834
2022-09-19 15:08:39,62,-3,3901.0,-1837
2022-09-19 15:08:41,6,6,3901.25,-1831
2022-09-19 15:08:42,93,6,3901.5,-1825
2022-09-19 15:08:43,60,16,3901.5,-1809
2022-09-19 15:08:44,13,3,3901.75,-1806
2022-09-19 15:08:45,91,-25,3901.75,-1831
2022-09-19 15:08:46,29,-7,3901.75,-1838
2022-09-19 15:08:47,41,-12,3901.5,-1850
2022-09-19 15:08:48,11,0,3901.5,-1850
2022-09-19 15:08:49,63,-20,3901.5,-1870
2022-09-19 15:08:50,207,58,3901.25,-1812
2022-09-19 15:08:51,68,19,3901.25,-1793
2022-09-19 15:08:53,169,40,3901.75,-1753
2022-09-19 15:08:54,49,-17,3901.5,-1770
2022-09-19 15:08:55,62,-11,3901.25,-1781
2022-09-19 15:08:56,148,10,3901.5,-1771
2022-09-19 15:08:57,55,0,3901.5,-1771
2022-09-19 15:08:58,65,7,3902.0,-1764
2022-09-19 15:08:59,87,-11,3902.0,-1775
2022-09-19 15:09:00,32,6,3901.75,-1769
2022-09-19 15:09:01,123,30,3902.0,-1739
2022-09-19 15:09:02,89,-38,3902.0,-1777
2022-09-19 15:09:03,75,-13,3901.25,-1790
2022-09-19 15:09:04,1,1,3901.25,-1789
2022-09-19 15:09:05,18,8,3901.25,-1781
2022-09-19 15:09:06,135,28,3901.75,-1753
2022-09-19 15:09:07,61,-1,3901.5,-1754
2022-09-19 15:09:08,4,-1,3901.75,-1755
2022-09-19 15:09:09,100,39,3902.0,-1716
2022-09-19 15:09:10,117,24,3902.25,-1692
2022-09-19 15:09:11,43,11,3902.0,-1681
2022-09-19 15:09:12,88,15,3902.25,-1666
2022-09-19 15:09:14,368,107,3903.0,-1559
2022-09-19 15:09:15,17,5,3902.75,-1554
2022-09-19 15:09:16,35,-7,3902.75,-1561
2022-09-19 15:09:17,47,-20,3902.75,-1581
2022-09-19 15:09:18,112,-19,3903.0,-1600
2022-09-19 15:09:19,145,74,3903.25,-1526
2022-09-19 15:09:20,51,-5,3903.0,-1531
2022-09-19 15:09:21,35,-8,3902.75,-1539
2022-09-19 15:09:22,52,-1,3902.75,-1540
2022-09-19 15:09:23,1,-1,3902.75,-1541
2022-09-19 15:09:24,28,-11,3902.75,-1552
2022-09-19 15:09:25,34,12,3902.75,-1540
2022-09-19 15:09:26,35,-17,3902.75,-1557
2022-09-19 15:09:27,65,-6,3902.75,-1563
2022-09-19 15:09:28,31,0,3902.75,-1563
2022-09-19 15:09:29,37,-1,3902.5,-1564
2022-09-19 15:09:30,41,8,3902.5,-1556
2022-09-19 15:09:31,19,7,3902.5,-1549
2022-09-19 15:09:32,19,8,3902.5,-1541
2022-09-19 15:09:33,54,0,3902.75,-1541
2022-09-19 15:09:34,38,1,3902.75,-1540
2022-09-19 15:09:35,23,4,3902.75,-1536
2022-09-19 15:09:36,104,-9,3902.75,-1545
2022-09-19 15:09:37,73,4,3902.25,-1541
2022-09-19 15:09:38,51,2,3902.25,-1539
2022-09-19 15:09:39,8,-1,3902.0,-1540
2022-09-19 15:09:40,94,-8,3902.0,-1548
2022-09-19 15:09:41,5,1,3902.25,-1547
2022-09-19 15:09:42,84,18,3902.25,-1529
2022-09-19 15:09:43,16,-11,3902.25,-1540
2022-09-19 15:09:44,28,-14,3902.25,-1554
2022-09-19 15:09:45,122,23,3902.0,-1531
2022-09-19 15:09:46,93,-12,3902.0,-1543
2022-09-19 15:09:47,54,7,3902.5,-1536
2022-09-19 15:09:48,57,-20,3902.5,-1556
2022-09-19 15:09:49,42,-19,3902.25,-1575
2022-09-19 15:09:50,59,4,3902.5,-1571
2022-09-19 15:09:51,17,-6,3902.25,-1577
2022-09-19 15:09:52,70,9,3902.25,-1568
2022-09-19 15:09:53,56,-2,3902.0,-1570
2022-09-19 15:09:54,2,-2,3902.0,-1572
2022-09-19 15:09:55,20,18,3902.25,-1554
2022-09-19 15:09:56,2,-2,3902.0,-1556
2022-09-19 15:09:57,183,-55,3902.0,-1611
2022-09-19 15:09:59,20,7,3901.75,-1604
2022-09-19 15:10:00,121,22,3902.0,-1582
2022-09-19 15:10:01,69,7,3902.25,-1575
2022-09-19 15:10:02,7,7,3902.0,-1568
2022-09-19 15:10:03,81,8,3902.5,-1560
2022-09-19 15:10:04,53,-9,3902.25,-1569
2022-09-19 15:10:05,131,-29,3902.0,-1598
2022-09-19 15:10:06,33,17,3902.25,-1581
2022-09-19 15:10:07,33,-6,3902.0,-1587
2022-09-19 15:10:08,32,-22,3902.0,-1609
2022-09-19 15:10:09,6,2,3902.0,-1607
2022-09-19 15:10:10,17,-12,3901.75,-1619
2022-09-19 15:10:11,13,-4,3901.75,-1623
2022-09-19 15:10:12,117,-18,3902.0,-1641
2022-09-19 15:10:13,164,-12,3901.5,-1653
2022-09-19 15:10:14,35,9,3901.25,-1644
2022-09-19 15:10:15,63,-53,3901.0,-1697
2022-09-19 15:10:16,136,-12,3900.75,-1709
2022-09-19 15:10:17,73,1,3900.5,-1708
2022-09-19 15:10:18,4,-2,3900.75,-1710
2022-09-19 15:10:19,59,-33,3900.5,-1743
2022-09-19 15:10:20,44,-14,3900.75,-1757
2022-09-19 15:10:21,4,-2,3900.5,-1759
2022-09-19 15:10:22,32,21,3900.5,-1738
2022-09-19 15:10:23,28,-12,3900.5,-1750
2022-09-19 15:10:24,99,-7,3900.75,-1757
2022-09-19 15:10:25,19,-3,3900.75,-1760
2022-09-19 15:10:26,19,4,3900.5,-1756
2022-09-19 15:10:27,22,-3,3900.5,-1759
2022-09-19 15:10:28,26,5,3900.5,-1754
2022-09-19 15:10:29,32,3,3900.5,-1751
2022-09-19 15:10:30,3,-3,3900.5,-1754
2022-09-19 15:10:31,80,21,3901.0,-1733
2022-09-19 15:10:32,70,-2,3901.25,-1735
2022-09-19 15:10:33,28,-2,3901.25,-1737
2022-09-19 15:10:34,74,6,3901.0,-1731
2022-09-19 15:10:35,9,-5,3901.0,-1736
2022-09-19 15:10:36,13,-13,3900.75,-1749
2022-09-19 15:10:37,42,11,3901.0,-1738
2022-09-19 15:10:38,119,19,3901.25,-1719
2022-09-19 15:10:39,44,21,3901.5,-1698
2022-09-19 15:10:40,39,-22,3901.25,-1720
2022-09-19 15:10:41,16,8,3901.25,-1712
2022-09-19 15:10:42,51,-21,3901.5,-1733
2022-09-19 15:10:43,47,1,3901.5,-1732
2022-09-19 15:10:44,20,2,3901.75,-1730
2022-09-19 15:10:45,254,161,3902.5,-1569
2022-09-19 15:10:46,96,-1,3902.75,-1570
2022-09-19 15:10:47,28,-11,3902.75,-1581
2022-09-19 15:10:48,60,6,3903.0,-1575
2022-09-19 15:10:49,519,273,3903.75,-1302
2022-09-19 15:10:50,234,2,3903.75,-1300
2022-09-19 15:10:51,37,23,3903.5,-1277
2022-09-19 15:10:52,80,-20,3903.5,-1297
2022-09-19 15:10:53,85,11,3903.5,-1286
2022-09-19 15:10:54,3182,2622,3910.75,1336
2022-09-19 15:10:59,2613,-26,3914.0,1310
2022-09-19 15:11:00,1443,-62,3912.5,1248
2022-09-19 15:11:01,1392,-187,3911.75,1061
2022-09-19 15:11:02,532,28,3908.75,1089
2022-09-19 15:11:03,904,-99,3909.0,990
2022-09-19 15:11:04,168,-55,3909.0,935
2022-09-19 15:11:05,474,-55,3909.25,880
2022-09-19 15:11:06,567,7,3910.0,887
2022-09-19 15:11:07,267,66,3910.5,953
2022-09-19 15:11:08,92,-31,3910.5,922
2022-09-19 15:11:09,305,-39,3910.75,883
2022-09-19 15:11:10,212,10,3910.0,893
2022-09-19 15:11:11,140,-24,3910.0,869
2022-09-19 15:11:12,218,-41,3909.75,828
2022-09-19 15:11:13,185,-55,3909.25,773
2022-09-19 15:11:14,143,-18,3909.0,755
2022-09-19 15:11:15,350,-72,3909.25,683
2022-09-19 15:11:16,98,-49,3909.0,634
2022-09-19 15:11:17,71,-11,3909.0,623
2022-09-19 15:11:18,23,-13,3909.0,610
2022-09-19 15:11:19,119,-31,3908.75,579
2022-09-19 15:11:20,94,-5,3908.5,574
2022-09-19 15:11:21,379,-118,3908.25,456
2022-09-19 15:11:22,56,-18,3907.75,438
2022-09-19 15:11:23,845,-55,3907.75,383
2022-09-19 15:11:24,90,-10,3907.5,373
2022-09-19 15:11:25,166,-94,3907.75,279
2022-09-19 15:11:26,274,-33,3907.75,246
2022-09-19 15:11:27,97,-10,3907.5,236
2022-09-19 15:11:28,52,-18,3907.0,218
2022-09-19 15:11:29,243,-85,3907.5,133
2022-09-19 15:11:30,74,42,3907.5,175
2022-09-19 15:11:31,143,6,3907.75,181
2022-09-19 15:11:32,138,-35,3907.75,146
2022-09-19 15:11:33,65,-19,3907.75,127
2022-09-19 15:11:34,34,9,3907.5,136
2022-09-19 15:11:35,536,223,3909.75,359
2022-09-19 15:11:36,195,5,3909.75,364
2022-09-19 15:11:37,127,-57,3909.5,307
2022-09-19 15:11:38,26,6,3909.5,313
2022-09-19 15:11:39,103,-4,3909.5,309
2022-09-19 15:11:40,113,-13,3909.0,296
2022-09-19 15:11:41,29,2,3908.75,298
2022-09-19 15:11:42,38,29,3909.0,327
2022-09-19 15:11:43,146,0,3909.25,327
2022-09-19 15:11:44,57,-38,3909.25,289
2022-09-19 15:11:45,38,-2,3909.25,287
2022-09-19 15:11:46,38,0,3909.25,287
2022-09-19 15:11:47,16,5,3909.5,292
2022-09-19 15:11:48,4,2,3909.5,294
2022-09-19 15:11:49,105,16,3910.0,310
2022-09-19 15:11:50,109,-28,3910.0,282
2022-09-19 15:11:51,5,-1,3909.75,281
2022-09-19 15:11:52,27,4,3909.75,285
2022-09-19 15:11:53,165,28,3910.25,313
2022-09-19 15:11:54,56,-2,3910.25,311
2022-09-19 15:11:55,88,-12,3910.0,299
2022-09-19 15:11:56,18,-8,3909.75,291
2022-09-19 15:11:57,46,-24,3909.75,267
2022-09-19 15:11:58,57,22,3910.0,289
2022-09-19 15:11:59,285,-19,3910.25,270
2022-09-19 15:12:00,322,17,3910.5,287
2022-09-19 15:12:01,20,2,3910.5,289
2022-09-19 15:12:02,132,-19,3910.25,270
2022-09-19 15:12:03,176,-16,3910.0,254
2022-09-19 15:12:04,250,35,3910.75,289
2022-09-19 15:12:05,303,31,3911.5,320
2022-09-19 15:12:06,188,51,3911.0,371
2022-09-19 15:12:07,109,-17,3911.25,354
2022-09-19 15:12:08,176,29,3911.25,383
2022-09-19 15:12:09,126,-8,3911.25,375
2022-09-19 15:12:10,140,-9,3911.0,366
2022-09-19 15:12:11,92,4,3911.0,370
2022-09-19 15:12:12,215,15,3911.5,385
2022-09-19 15:12:13,58,10,3911.75,395
2022-09-19 15:12:14,84,-10,3911.75,385
2022-09-19 15:12:15,183,-37,3911.5,348
2022-09-19 15:12:16,179,-38,3911.25,310
2022-09-19 15:12:17,730,235,3912.0,545
2022-09-19 15:12:18,82,-11,3911.75,534
2022-09-19 15:12:19,218,-9,3911.5,525
2022-09-19 15:12:20,131,3,3911.75,528
2022-09-19 15:12:21,9,7,3911.75,535
2022-09-19 15:12:22,148,-80,3911.5,455
2022-09-19 15:12:23,69,-7,3910.75,448
2022-09-19 15:12:24,19,3,3911.0,451
2022-09-19 15:12:25,104,-8,3911.0,443
2022-09-19 15:12:26,25,-2,3911.0,441
2022-09-19 15:12:27,138,-12,3910.5,429
2022-09-19 15:12:28,174,-15,3910.75,414
2022-09-19 15:12:29,91,-4,3911.25,410
2022-09-19 15:12:30,101,-7,3911.5,403
2022-09-19 15:12:31,69,-8,3911.0,395
2022-09-19 15:12:32,62,16,3910.75,411
2022-09-19 15:12:33,132,-34,3910.75,377
2022-09-19 15:12:34,118,-1,3911.0,376
2022-09-19 15:12:35,66,5,3910.75,381
2022-09-19 15:12:36,112,7,3911.0,388
2022-09-19 15:12:37,110,-50,3911.0,338
2022-09-19 15:12:38,99,-47,3910.75,291
2022-09-19 15:12:39,47,7,3910.5,298
2022-09-19 15:12:40,183,-42,3911.25,256
2022-09-19 15:12:41,190,30,3911.25,286
2022-09-19 15:12:42,54,8,3911.0,294
2022-09-19 15:12:43,85,57,3911.75,351
2022-09-19 15:12:44,167,-17,3911.5,334
2022-09-19 15:12:45,161,-54,3911.0,280
2022-09-19 15:12:46,149,-19,3911.0,261
2022-09-19 15:12:47,34,8,3911.0,269
2022-09-19 15:12:48,76,-18,3910.5,251
2022-09-19 15:12:49,155,17,3910.5,268
2022-09-19 15:12:50,51,7,3911.0,275
2022-09-19 15:12:51,229,-10,3911.75,265
2022-09-19 15:12:52,43,-10,3911.75,255
2022-09-19 15:12:53,74,-19,3911.75,236
2022-09-19 15:12:54,166,-7,3911.25,229
2022-09-19 15:12:55,71,20,3911.75,249
2022-09-19 15:12:56,21,15,3911.75,264
2022-09-19 15:12:57,79,-12,3911.75,252
2022-09-19 15:12:58,80,3,3911.75,255
2022-09-19 15:12:59,98,-20,3911.75,235
2022-09-19 15:13:00,62,20,3911.5,255
2022-09-19 15:13:01,327,-17,3912.0,238
2022-09-19 15:13:02,80,12,3911.75,250
2022-09-19 15:13:03,94,-10,3912.0,240
2022-09-19 15:13:04,60,14,3912.0,254
2022-09-19 15:13:05,109,-2,3912.0,252
2022-09-19 15:13:06,99,2,3911.75,254
2022-09-19 15:13:07,218,-21,3911.75,233
2022-09-19 15:13:08,233,-55,3911.25,178
2022-09-19 15:13:09,256,159,3911.5,337
2022-09-19 15:13:10,35,-4,3911.5,333
2022-09-19 15:13:11,61,-3,3911.25,330
2022-09-19 15:13:12,167,52,3911.5,382
2022-09-19 15:13:13,218,51,3912.25,433
2022-09-19 15:13:14,295,11,3912.5,444
2022-09-19 15:13:15,82,-3,3912.5,441
2022-09-19 15:13:16,66,15,3912.5,456
2022-09-19 15:13:17,86,-2,3912.5,454
2022-09-19 15:13:18,185,-38,3912.0,416
2022-09-19 15:13:19,99,-15,3912.0,401
2022-09-19 15:13:20,60,13,3911.75,414
2022-09-19 15:13:21,65,-32,3911.75,382
2022-09-19 15:13:22,66,11,3911.25,393
2022-09-19 15:13:23,90,29,3911.5,422
2022-09-19 15:13:24,143,-26,3911.5,396
2022-09-19 15:13:25,230,-38,3910.75,358
2022-09-19 15:13:26,411,-135,3910.25,223
2022-09-19 15:13:27,90,-21,3910.25,202
2022-09-19 15:13:28,82,-9,3910.25,193
2022-09-19 15:13:29,154,-3,3910.0,190
2022-09-19 15:13:30,166,25,3910.25,215
2022-09-19 15:13:31,76,55,3910.75,270
2022-09-19 15:13:32,88,0,3910.75,270
2022-09-19 15:13:33,39,4,3911.0,274
2022-09-19 15:13:34,1,1,3910.75,275
2022-09-19 15:13:35,156,-35,3910.5,240
2022-09-19 15:13:36,210,38,3911.25,278
2022-09-19 15:13:37,194,-34,3911.0,244
2022-09-19 15:13:38,26,15,3910.5,259
2022-09-19 15:13:39,65,-4,3910.5,255
2022-09-19 15:13:40,60,-14,3910.75,241
2022-09-19 15:13:41,61,19,3911.0,260
2022-09-19 15:13:42,44,-17,3911.0,243
2022-09-19 15:13:43,29,11,3911.0,254
2022-09-19 15:13:44,66,-10,3910.75,244
2022-09-19 15:13:45,49,-2,3910.75,242
2022-09-19 15:13:46,101,5,3911.0,247
2022-09-19 15:13:47,185,29,3911.0,276
2022-09-19 15:13:48,135,25,3911.0,301
2022-09-19 15:13:49,52,3,3911.25,304
2022-09-19 15:13:50,108,-25,3911.0,279
2022-09-19 15:13:51,40,-15,3910.75,264
2022-09-19 15:13:52,1,-1,3910.5,263
2022-09-19 15:13:53,33,-18,3910.75,245
2022-09-19 15:13:54,195,38,3910.25,283
2022-09-19 15:13:55,326,-7,3910.25,276
2022-09-19 15:13:56,48,-3,3910.25,273
2022-09-19 15:13:57,9,-8,3909.75,265
2022-09-19 15:13:58,409,-131,3909.75,134
2022-09-19 15:13:59,18,-3,3909.25,131
2022-09-19 15:14:00,194,31,3909.5,162
2022-09-19 15:14:01,127,-12,3909.75,150
2022-09-19 15:14:02,106,36,3910.25,186
2022-09-19 15:14:03,46,2,3910.25,188
2022-09-19 15:14:04,70,12,3910.25,200
2022-09-19 15:14:05,104,-9,3910.25,191
2022-09-19 15:14:06,35,11,3910.25,202
2022-09-19 15:14:07,2,2,3910.0,204
2022-09-19 15:14:08,49,13,3910.0,217
2022-09-19 15:14:09,69,16,3910.25,233
2022-09-19 15:14:10,13,7,3910.5,240
2022-09-19 15:14:11,128,21,3910.5,261
2022-09-19 15:14:12,110,19,3910.75,280
2022-09-19 15:14:13,58,22,3910.75,302
2022-09-19 15:14:14,57,-10,3910.5,292
2022-09-19 15:14:15,39,20,3910.5,312
2022-09-19 15:14:16,83,-10,3910.5,302
2022-09-19 15:14:17,79,-11,3910.25,291
2022-09-19 15:14:19,74,32,3910.5,323
2022-09-19 15:14:20,147,17,3910.75,340
2022-09-19 15:14:21,2,1,3910.75,341
2022-09-19 15:14:22,33,1,3910.75,342
2022-09-19 15:14:23,26,-3,3910.5,339
2022-09-19 15:14:24,18,-14,3910.25,325
2022-09-19 15:14:25,39,8,3910.5,333
2022-09-19 15:14:26,103,-33,3910.0,300
2022-09-19 15:14:27,190,19,3910.0,319
2022-09-19 15:14:28,10,-5,3909.25,314
2022-09-19 15:14:29,161,-56,3909.25,258
2022-09-19 15:14:30,160,-31,3909.0,227
2022-09-19 15:14:31,16,1,3908.75,228
2022-09-19 15:14:32,22,-2,3909.0,226
2022-09-19 15:14:33,23,16,3909.0,242
2022-09-19 15:14:34,18,-17,3909.0,225
2022-09-19 15:14:35,142,-2,3908.75,223
2022-09-19 15:14:36,186,-22,3908.75,201
2022-09-19 15:14:37,187,-37,3908.75,164
2022-09-19 15:14:38,3,-1,3909.0,163
2022-09-19 15:14:39,306,-157,3909.0,6
2022-09-19 15:14:40,91,24,3908.5,30
2022-09-19 15:14:41,90,11,3908.75,41
2022-09-19 15:14:42,485,-336,3908.25,-295
2022-09-19 15:14:43,108,21,3908.25,-274
2022-09-19 15:14:44,50,1,3908.5,-273
2022-09-19 15:14:45,247,38,3909.0,-235
2022-09-19 15:14:46,22,0,3909.0,-235
2022-09-19 15:14:47,7,-1,3909.0,-236
2022-09-19 15:14:48,41,13,3909.25,-223
2022-09-19 15:14:49,66,12,3909.5,-211
2022-09-19 15:14:50,287,3,3909.75,-208
2022-09-19 15:14:51,10,-2,3909.5,-210
2022-09-19 15:14:52,29,-13,3909.25,-223
2022-09-19 15:14:53,74,-5,3909.25,-228
2022-09-19 15:14:54,38,10,3909.5,-218
2022-09-19 15:14:55,19,-11,3909.25,-229
2022-09-19 15:14:56,4,-4,3909.0,-233
2022-09-19 15:14:57,1,-1,3909.0,-234
2022-09-19 15:14:58,48,1,3909.25,-233
2022-09-19 15:14:59,158,36,3909.75,-197
2022-09-19 15:15:00,323,84,3910.75,-113
2022-09-19 15:15:01,261,65,3910.75,-48
2022-09-19 15:15:02,109,-48,3910.5,-96
2022-09-19 15:15:03,17,-10,3909.5,-106
2022-09-19 15:15:04,140,9,3909.75,-97
2022-09-19 15:15:05,78,-10,3909.75,-107
2022-09-19 15:15:06,4,-4,3909.25,-111
2022-09-19 15:15:07,258,-23,3909.5,-134
2022-09-19 15:15:08,115,14,3909.75,-120
2022-09-19 15:15:09,76,21,3909.75,-99
2022-09-19 15:15:10,75,3,3909.5,-96
2022-09-19 15:15:11,101,-11,3909.5,-107
2022-09-19 15:15:12,69,-16,3909.0,-123
2022-09-19 15:15:13,140,-70,3909.0,-193
2022-09-19 15:15:14,145,-19,3908.75,-212
2022-09-19 15:15:15,49,-3,3909.0,-215
2022-09-19 15:15:16,69,38,3909.5,-177
2022-09-19 15:15:17,155,-96,3909.5,-273
2022-09-19 15:15:18,19,4,3909.25,-269
2022-09-19 15:15:19,69,-22,3909.0,-291
2022-09-19 15:15:20,181,-16,3908.75,-307
2022-09-19 15:15:21,83,-17,3908.75,-324
2022-09-19 15:15:22,40,12,3909.0,-312
2022-09-19 15:15:23,30,11,3909.0,-301
2022-09-19 15:15:24,171,45,3909.25,-256
2022-09-19 15:15:25,26,-17,3909.25,-273
2022-09-19 15:15:26,63,15,3909.0,-258
2022-09-19 15:15:27,59,-15,3909.0,-273
2022-09-19 15:15:28,119,-14,3908.5,-287
2022-09-19 15:15:29,29,12,3908.75,-275
2022-09-19 15:15:30,23,-15,3908.75,-290
2022-09-19 15:15:31,144,61,3908.75,-229
2022-09-19 15:15:32,10,1,3908.5,-228
2022-09-19 15:15:33,183,-40,3909.0,-268
2022-09-19 15:15:34,123,45,3909.5,-223
2022-09-19 15:15:35,108,44,3910.0,-179
2022-09-19 15:15:36,53,-23,3910.0,-202
2022-09-19 15:15:37,30,5,3909.75,-197
2022-09-19 15:15:38,116,-29,3909.75,-226
2022-09-19 15:15:39,25,5,3909.5,-221
2022-09-19 15:15:40,1,1,3909.75,-220
2022-09-19 15:15:41,14,5,3909.75,-215
2022-09-19 15:15:42,22,10,3909.75,-205
2022-09-19 15:15:43,470,81,3911.0,-124
2022-09-19 15:15:44,10,-6,3910.75,-130
2022-09-19 15:15:45,36,17,3910.75,-113
2022-09-19 15:15:46,97,-6,3910.75,-119
2022-09-19 15:15:47,57,32,3910.75,-87
2022-09-19 15:15:48,46,-11,3910.75,-98
2022-09-19 15:15:49,4,4,3910.5,-94
2022-09-19 15:15:50,42,-7,3910.25,-101
2022-09-19 15:15:51,90,7,3910.25,-94
2022-09-19 15:15:52,117,-12,3910.25,-106
2022-09-19 15:15:53,3,0,3910.25,-106
2022-09-19 15:15:54,57,1,3910.5,-105
2022-09-19 15:15:55,47,-3,3910.25,-108
2022-09-19 15:15:56,35,4,3910.5,-104
2022-09-19 15:15:57,51,5,3910.5,-99
2022-09-19 15:15:58,15,-5,3910.5,-104
2022-09-19 15:15:59,66,8,3910.5,-96
2022-09-19 15:16:00,92,-10,3910.5,-106
2022-09-19 15:16:01,76,-31,3910.25,-137
2022-09-19 15:16:02,94,13,3910.25,-124
2022-09-19 15:16:03,35,-12,3910.0,-136
2022-09-19 15:16:04,19,13,3910.25,-123
2022-09-19 15:16:05,60,10,3910.25,-113
2022-09-19 15:16:06,83,27,3910.0,-86
2022-09-19 15:16:07,41,-2,3910.25,-88
2022-09-19 15:16:08,26,-3,3910.0,-91
2022-09-19 15:16:09,24,14,3910.25,-77
2022-09-19 15:16:10,110,-11,3910.25,-88
2022-09-19 15:16:11,17,9,3910.5,-79
2022-09-19 15:16:12,62,6,3910.5,-73
2022-09-19 15:16:13,71,-7,3910.25,-80
2022-09-19 15:16:14,9,3,3910.5,-77
2022-09-19 15:16:15,64,0,3910.5,-77
2022-09-19 15:16:16,25,8,3910.5,-69
2022-09-19 15:16:17,221,50,3910.75,-19
2022-09-19 15:16:18,56,-16,3910.75,-35
2022-09-19 15:16:19,64,-13,3910.75,-48
2022-09-19 15:16:20,41,13,3910.75,-35
2022-09-19 15:16:21,53,2,3911.0,-33
2022-09-19 15:16:22,95,-40,3911.0,-73
2022-09-19 15:16:23,9,3,3910.75,-70
2022-09-19 15:16:24,13,-6,3910.5,-76
2022-09-19 15:16:25,44,4,3910.5,-72
2022-09-19 15:16:26,93,13,3910.75,-59
2022-09-19 15:16:27,30,-16,3910.75,-75
2022-09-19 15:16:28,23,-22,3910.25,-97
2022-09-19 15:16:29,156,-41,3910.0,-138
2022-09-19 15:16:30,263,-17,3909.5,-155
2022-09-19 15:16:31,53,-4,3909.0,-159
2022-09-19 15:16:32,77,20,3909.5,-139
2022-09-19 15:16:33,33,11,3909.75,-128
2022-09-19 15:16:34,41,-5,3909.5,-133
2022-09-19 15:16:35,79,4,3909.75,-129
2022-09-19 15:16:36,86,6,3909.75,-123
2022-09-19 15:16:37,28,0,3909.5,-123
2022-09-19 15:16:38,7,5,3909.75,-118
2022-09-19 15:16:39,73,2,3910.0,-116
2022-09-19 15:16:40,48,7,3910.5,-109
2022-09-19 15:16:41,72,-9,3910.25,-118
2022-09-19 15:16:42,5,3,3910.0,-115
2022-09-19 15:16:43,42,-7,3910.0,-122
2022-09-19 15:16:44,39,-25,3910.0,-147
2022-09-19 15:16:45,23,-12,3909.75,-159
2022-09-19 15:16:46,14,2,3909.5,-157
2022-09-19 15:16:47,3,0,3909.5,-157
2022-09-19 15:16:48,66,-5,3909.25,-162
2022-09-19 15:16:49,75,24,3910.0,-138
2022-09-19 15:16:51,62,-14,3910.25,-152
2022-09-19 15:16:52,67,22,3910.0,-130
2022-09-19 15:16:53,1,1,3910.0,-129
2022-09-19 15:16:54,71,42,3910.25,-87
2022-09-19 15:16:55,1,1,3910.25,-86
2022-09-19 15:16:56,186,-6,3910.5,-92
2022-09-19 15:16:57,76,27,3910.75,-65
2022-09-19 15:16:58,30,-4,3910.75,-69
2022-09-19 15:16:59,51,9,3910.75,-60
2022-09-19 15:17:00,27,-12,3910.5,-72
2022-09-19 15:17:01,7,4,3910.5,-68
2022-09-19 15:17:02,73,-6,3910.25,-74
2022-09-19 15:17:03,15,-1,3910.5,-75
2022-09-19 15:17:04,31,5,3910.5,-70
2022-09-19 15:17:05,64,17,3910.75,-53
2022-09-19 15:17:06,40,0,3910.75,-53
2022-09-19 15:17:07,50,-15,3910.75,-68
2022-09-19 15:17:08,24,3,3910.5,-65
2022-09-19 15:17:09,37,-9,3910.25,-74
2022-09-19 15:17:10,85,-2,3910.5,-76
2022-09-19 15:17:11,43,-2,3910.25,-78
2022-09-19 15:17:12,36,-3,3910.25,-81
2022-09-19 15:17:13,45,-17,3910.25,-98
2022-09-19 15:17:14,47,-15,3910.0,-113
2022-09-19 15:17:15,107,11,3910.25,-102
2022-09-19 15:17:16,137,14,3910.75,-88
2022-09-19 15:17:17,160,42,3911.25,-46
2022-09-19 15:17:18,123,60,3911.5,14
2022-09-19 15:17:19,246,4,3911.5,18
2022-09-19 15:17:20,83,20,3911.75,38
2022-09-19 15:17:21,134,-7,3911.75,31
2022-09-19 15:17:22,71,-19,3911.5,12
2022-09-19 15:17:23,131,8,3911.25,20
2022-09-19 15:17:24,118,79,3911.25,99
2022-09-19 15:17:25,38,-2,3911.25,97
2022-09-19 15:17:26,48,-18,3911.0,79
2022-09-19 15:17:27,80,-25,3910.5,54
2022-09-19 15:17:28,77,2,3910.25,56
2022-09-19 15:17:29,40,9,3910.25,65
2022-09-19 15:17:30,55,4,3910.5,69
2022-09-19 15:17:31,39,25,3910.5,94
2022-09-19 15:17:32,46,-9,3910.5,85
2022-09-19 15:17:33,90,6,3910.25,91
2022-09-19 15:17:34,21,16,3910.25,107
2022-09-19 15:17:35,27,-12,3910.5,95
2022-09-19 15:17:36,65,-9,3910.25,86
2022-09-19 15:17:37,80,22,3910.5,108
2022-09-19 15:17:38,95,-44,3910.25,64
2022-09-19 15:17:39,13,-7,3909.75,57
2022-09-19 15:17:40,123,-3,3909.75,54
2022-09-19 15:17:41,46,12,3909.5,66
2022-09-19 15:17:42,1246,-339,3909.5,-273
2022-09-19 15:17:43,187,-60,3908.25,-333
2022-09-19 15:17:44,89,-22,3908.0,-355
2022-09-19 15:17:45,64,3,3908.0,-352
2022-09-19 15:17:46,152,-15,3908.0,-367
2022-09-19 15:17:47,67,6,3908.0,-361
2022-09-19 15:17:48,118,21,3908.0,-340
2022-09-19 15:17:49,54,5,3908.25,-335
2022-09-19 15:17:50,61,6,3908.5,-329
2022-09-19 15:17:51,302,-25,3908.75,-354
2022-09-19 15:17:52,31,-16,3908.5,-370
2022-09-19 15:17:53,50,-22,3908.5,-392
2022-09-19 15:17:55,856,7,3908.75,-385
2022-09-19 15:17:56,270,4,3909.0,-381
2022-09-19 15:17:57,61,13,3909.25,-368
2022-09-19 15:17:58,87,-29,3909.25,-397
2022-09-19 15:17:59,46,19,3908.5,-378
2022-09-19 15:18:00,170,-26,3908.5,-404
2022-09-19 15:18:01,36,-8,3908.5,-412
2022-09-19 15:18:02,146,-49,3908.25,-461
2022-09-19 15:18:03,3,-3,3908.0,-464
2022-09-19 15:18:04,63,3,3908.0,-461
2022-09-19 15:18:05,27,1,3908.0,-460
2022-09-19 15:18:06,35,6,3908.25,-454
2022-09-19 15:18:07,52,-28,3908.0,-482
2022-09-19 15:18:08,100,-38,3907.75,-520
2022-09-19 15:18:09,27,5,3907.5,-515
2022-09-19 15:18:10,59,6,3907.75,-509
2022-09-19 15:18:11,14,2,3907.75,-507
2022-09-19 15:18:12,57,23,3908.0,-484
2022-09-19 15:18:13,133,-3,3908.0,-487
2022-09-19 15:18:14,94,-11,3908.0,-498
2022-09-19 15:18:15,158,38,3908.5,-460
2022-09-19 15:18:16,166,35,3909.0,-425
2022-09-19 15:18:17,24,19,3909.0,-406
2022-09-19 15:18:18,194,59,3909.25,-347
2022-09-19 15:18:19,66,-11,3909.25,-358
2022-09-19 15:18:20,84,28,3909.25,-330
2022-09-19 15:18:21,42,-24,3909.5,-354
2022-09-19 15:18:22,36,-15,3909.0,-369
2022-09-19 15:18:23,74,12,3909.0,-357
2022-09-19 15:18:24,38,-15,3908.75,-372
2022-09-19 15:18:25,114,-21,3908.75,-393
2022-09-19 15:18:26,38,18,3908.5,-375
2022-09-19 15:18:27,51,14,3908.25,-361
2022-09-19 15:18:28,28,5,3908.25,-356
2022-09-19 15:18:30,149,-47,3908.25,-403
2022-09-19 15:18:31,14,-8,3908.0,-411
2022-09-19 15:18:32,8,-7,3907.75,-418
2022-09-19 15:18:33,125,-1,3907.75,-419
2022-09-19 15:18:34,89,-23,3907.75,-442
2022-09-19 15:18:35,26,-5,3907.75,-447
2022-09-19 15:18:36,53,14,3908.0,-433
2022-09-19 15:18:37,27,-9,3907.75,-442
2022-09-19 15:18:38,59,11,3907.5,-431
2022-09-19 15:18:39,41,25,3907.75,-406
2022-09-19 15:18:40,102,18,3908.0,-388
2022-09-19 15:18:41,17,-8,3908.0,-396
2022-09-19 15:18:42,11,-6,3908.0,-402
2022-09-19 15:18:43,112,30,3908.25,-372
2022-09-19 15:18:44,21,4,3908.25,-368
2022-09-19 15:18:45,41,-18,3908.0,-386
2022-09-19 15:18:46,105,-4,3907.75,-390
2022-09-19 15:18:47,5,-3,3907.75,-393
2022-09-19 15:18:48,116,39,3907.75,-354
2022-09-19 15:18:49,10,0,3907.5,-354
2022-09-19 15:18:50,253,-72,3907.5,-426
2022-09-19 15:18:51,66,-4,3907.25,-430
2022-09-19 15:18:52,24,9,3907.25,-421
2022-09-19 15:18:53,49,6,3907.75,-415
2022-09-19 15:18:54,87,52,3908.0,-363
2022-09-19 15:18:55,58,10,3908.0,-353
2022-09-19 15:18:56,22,-7,3908.0,-360
2022-09-19 15:18:57,56,12,3908.25,-348
2022-09-19 15:18:58,39,-28,3908.0,-376
2022-09-19 15:18:59,91,1,3908.0,-375
2022-09-19 15:19:00,269,53,3908.5,-322
2022-09-19 15:19:01,12,-6,3908.5,-328
2022-09-19 15:19:02,95,6,3908.0,-322
2022-09-19 15:19:03,6,-3,3908.0,-325
2022-09-19 15:19:04,30,16,3908.25,-309
2022-09-19 15:19:05,63,-14,3908.0,-323
2022-09-19 15:19:06,17,-5,3908.0,-328
2022-09-19 15:19:07,40,4,3908.0,-324
2022-09-19 15:19:08,16,-7,3907.75,-331
2022-09-19 15:19:09,1,-1,3907.5,-332
2022-09-19 15:19:10,120,-23,3907.75,-355
2022-09-19 15:19:11,79,29,3908.0,-326
2022-09-19 15:19:12,20,-4,3907.75,-330
2022-09-19 15:19:13,16,-12,3907.5,-342
2022-09-19 15:19:14,3,1,3907.5,-341
2022-09-19 15:19:15,3,-3,3907.25,-344
2022-09-19 15:19:16,6,-4,3907.5,-348
2022-09-19 15:19:17,13,2,3907.5,-346
2022-09-19 15:19:18,17,-9,3907.5,-355
2022-09-19 15:19:19,87,-15,3907.0,-370
2022-09-19 15:19:20,58,-7,3907.25,-377
2022-09-19 15:19:21,69,-31,3907.0,-408
2022-09-19 15:19:22,82,28,3907.0,-380
2022-09-19 15:19:23,9,-7,3907.0,-387
2022-09-19 15:19:24,2,-2,3906.75,-389
2022-09-19 15:19:25,81,7,3907.0,-382
2022-09-19 15:19:26,16,3,3907.25,-379
2022-09-19 15:19:27,193,-38,3907.0,-417
2022-09-19 15:19:28,371,-77,3906.5,-494
2022-09-19 15:19:29,116,13,3906.5,-481
2022-09-19 15:19:30,30,-10,3906.75,-491
2022-09-19 15:19:31,45,0,3906.5,-491
2022-09-19 15:19:32,43,-3,3906.75,-494
2022-09-19 15:19:33,30,12,3907.0,-482
2022-09-19 15:19:34,18,-4,3907.0,-486
2022-09-19 15:19:35,167,30,3907.0,-456
2022-09-19 15:19:36,4,-1,3907.0,-457
2022-09-19 15:19:37,1,-1,3906.75,-458
2022-09-19 15:19:38,30,-15,3906.75,-473
2022-09-19 15:19:39,22,-2,3907.0,-475
2022-09-19 15:19:40,4,1,3907.0,-474
2022-09-19 15:19:41,3,-3,3906.75,-477
2022-09-19 15:19:42,24,2,3907.0,-475
2022-09-19 15:19:43,99,6,3907.0,-469
2022-09-19 15:19:44,80,17,3907.0,-452
2022-09-19 15:19:45,183,24,3907.25,-428
2022-09-19 15:19:46,129,-8,3907.5,-436
2022-09-19 15:19:47,17,9,3907.5,-427
2022-09-19 15:19:48,27,-2,3907.5,-429
2022-09-19 15:19:49,77,-17,3907.25,-446
2022-09-19 15:19:50,32,-5,3907.25,-451
2022-09-19 15:19:51,1,1,3907.25,-450
2022-09-19 15:19:52,102,21,3907.5,-429
2022-09-19 15:19:53,11,0,3907.5,-429
2022-09-19 15:19:54,50,-18,3907.25,-447
2022-09-19 15:19:55,50,4,3907.0,-443
2022-09-19 15:19:56,9,7,3907.25,-436
2022-09-19 15:19:57,76,27,3907.5,-409
2022-09-19 15:19:58,5,4,3907.5,-405
2022-09-19 15:19:59,83,-25,3907.25,-430
2022-09-19 15:20:00,44,9,3907.5,-421
2022-09-19 15:20:01,103,-27,3907.25,-448
2022-09-19 15:20:02,32,6,3907.0,-442
2022-09-19 15:20:03,30,-6,3907.25,-448
2022-09-19 15:20:04,72,-15,3907.0,-463
2022-09-19 15:20:05,53,-27,3906.5,-490
2022-09-19 15:20:06,303,-93,3906.5,-583
2022-09-19 15:20:07,371,-82,3905.75,-665
2022-09-19 15:20:08,70,-24,3905.75,-689
2022-09-19 15:20:09,20,-10,3905.75,-699
2022-09-19 15:20:10,32,2,3905.75,-697
2022-09-19 15:20:11,33,3,3905.75,-694
2022-09-19 15:20:12,105,-15,3905.5,-709
2022-09-19 15:20:13,52,6,3905.75,-703
2022-09-19 15:20:14,87,-15,3905.75,-718
2022-09-19 15:20:15,167,-75,3905.25,-793
2022-09-19 15:20:16,137,49,3905.25,-744
2022-09-19 15:20:17,47,15,3905.75,-729
2022-09-19 15:20:18,54,17,3906.0,-712
2022-09-19 15:20:19,114,-43,3906.25,-755
2022-09-19 15:20:20,21,-2,3906.0,-757
2022-09-19 15:20:21,56,-8,3905.75,-765
2022-09-19 15:20:22,2,2,3905.75,-763
2022-09-19 15:20:23,75,6,3905.75,-757
2022-09-19 15:20:24,93,-8,3905.75,-765
2022-09-19 15:20:25,143,-28,3905.75,-793
2022-09-19 15:20:26,38,15,3905.75,-778
2022-09-19 15:20:27,32,12,3906.0,-766
2022-09-19 15:20:28,25,-4,3906.0,-770
2022-09-19 15:20:29,41,-21,3905.75,-791
2022-09-19 15:20:30,42,16,3906.0,-775
2022-09-19 15:20:31,13,-7,3906.25,-782
2022-09-19 15:20:32,46,-8,3906.25,-790
2022-09-19 15:20:33,146,21,3906.25,-769
2022-09-19 15:20:34,124,-6,3906.5,-775
2022-09-19 15:20:35,53,-3,3906.5,-778
2022-09-19 15:20:36,32,20,3906.75,-758
2022-09-19 15:20:37,173,28,3906.75,-730
2022-09-19 15:20:38,11,-7,3906.5,-737
2022-09-19 15:20:39,55,4,3906.75,-733
2022-09-19 15:20:40,27,5,3907.0,-728
2022-09-19 15:20:41,41,-1,3907.0,-729
2022-09-19 15:20:42,96,-38,3906.75,-767
2022-09-19 15:20:43,36,22,3907.0,-745
2022-09-19 15:20:44,52,5,3907.0,-740
2022-09-19 15:20:45,8,5,3907.0,-735
2022-09-19 15:20:46,28,-14,3907.0,-749
2022-09-19 15:20:47,49,3,3907.0,-746
2022-09-19 15:20:48,8,5,3907.25,-741
2022-09-19 15:20:49,273,-2,3907.25,-743
2022-09-19 15:20:50,160,66,3907.75,-677
2022-09-19 15:20:51,91,1,3908.0,-676
2022-09-19 15:20:52,198,-58,3907.75,-734
2022-09-19 15:20:53,37,12,3907.5,-722
2022-09-19 15:20:54,31,-4,3907.75,-726
2022-09-19 15:20:55,21,5,3907.5,-721
2022-09-19 15:20:56,23,5,3907.5,-716
2022-09-19 15:20:58,25,-11,3907.5,-727
2022-09-19 15:21:00,63,31,3907.75,-696
2022-09-19 15:21:01,274,115,3908.5,-581
2022-09-19 15:21:02,82,7,3908.5,-574
2022-09-19 15:21:03,66,-27,3908.5,-601
2022-09-19 15:21:04,26,4,3908.25,-597
2022-09-19 15:21:05,108,-12,3908.25,-609
2022-09-19 15:21:06,26,9,3908.0,-600
2022-09-19 15:21:07,63,29,3908.0,-571
2022-09-19 15:21:08,2,2,3908.25,-569
2022-09-19 15:21:09,81,-10,3908.0,-579
2022-09-19 15:21:10,82,-27,3908.0,-606
2022-09-19 15:21:11,104,4,3907.75,-602
2022-09-19 15:21:12,45,1,3907.5,-601
2022-09-19 15:21:13,17,3,3907.5,-598
2022-09-19 15:21:14,78,5,3907.75,-593
2022-09-19 15:21:15,37,5,3908.0,-588
2022-09-19 15:21:16,2,0,3908.25,-588
2022-09-19 15:21:17,97,18,3908.5,-570
2022-09-19 15:21:18,31,-5,3908.25,-575
2022-09-19 15:21:19,18,4,3908.25,-571
2022-09-19 15:21:20,51,28,3908.5,-543
2022-09-19 15:21:21,54,5,3908.75,-538
2022-09-19 15:21:22,124,-8,3908.75,-546
2022-09-19 15:21:23,178,63,3909.0,-483
2022-09-19 15:21:24,7,4,3909.0,-479
2022-09-19 15:21:25,50,2,3909.25,-477
2022-09-19 15:21:26,137,39,3909.5,-438
2022-09-19 15:21:27,20,14,3909.25,-424
2022-09-19 15:21:28,19,3,3909.25,-421
2022-09-19 15:21:29,5,1,3909.25,-420
2022-09-19 15:21:30,19,14,3909.5,-406
2022-09-19 15:21:31,71,-12,3909.5,-418
2022-09-19 15:21:32,89,-24,3909.5,-442
2022-09-19 15:21:33,22,17,3909.25,-425
2022-09-19 15:21:34,40,18,3909.5,-407
2022-09-19 15:21:35,15,6,3909.75,-401
2022-09-19 15:21:36,68,1,3909.5,-400
2022-09-19 15:21:37,35,9,3909.5,-391
2022-09-19 15:21:38,32,2,3909.75,-389
2022-09-19 15:21:39,19,-14,3909.5,-403
2022-09-19 15:21:40,64,2,3909.75,-401
2022-09-19 15:21:41,24,5,3909.75,-396
2022-09-19 15:21:42,2,0,3909.75,-396
2022-09-19 15:21:43,28,-6,3909.75,-402
2022-09-19 15:21:44,78,-8,3909.5,-410
2022-09-19 15:21:45,10,-6,3909.25,-416
2022-09-19 15:21:46,105,-13,3909.25,-429
2022-09-19 15:21:47,136,24,3909.0,-405
2022-09-19 15:21:48,12,-7,3908.75,-412
2022-09-19 15:21:49,81,24,3909.25,-388
2022-09-19 15:21:50,42,-12,3909.5,-400
2022-09-19 15:21:51,21,-14,3909.0,-414
2022-09-19 15:21:52,29,-10,3909.25,-424
2022-09-19 15:21:53,103,9,3909.0,-415
2022-09-19 15:21:54,13,-6,3908.75,-421
2022-09-19 15:21:55,88,-4,3908.75,-425
2022-09-19 15:21:56,16,-15,3908.75,-440
2022-09-19 15:21:57,119,28,3909.0,-412
2022-09-19 15:21:58,47,3,3909.0,-409
2022-09-19 15:21:59,67,3,3908.5,-406
2022-09-19 15:22:00,38,13,3908.75,-393
2022-09-19 15:22:01,45,-6,3909.0,-399
2022-09-19 15:22:02,35,1,3909.0,-398
2022-09-19 15:22:03,63,-7,3908.75,-405
2022-09-19 15:22:04,41,5,3908.25,-400
2022-09-19 15:22:05,245,6,3908.0,-394
2022-09-19 15:22:06,105,-27,3907.5,-421
2022-09-19 15:22:07,19,6,3907.25,-415
2022-09-19 15:22:08,93,55,3908.0,-360
2022-09-19 15:22:09,54,-1,3908.25,-361
2022-09-19 15:22:10,42,-1,3908.25,-362
2022-09-19 15:22:11,60,8,3908.25,-354
2022-09-19 15:22:12,37,12,3908.5,-342
2022-09-19 15:22:13,31,5,3908.5,-337
2022-09-19 15:22:14,54,-5,3908.5,-342
2022-09-19 15:22:15,46,-4,3908.75,-346
2022-09-19 15:22:16,23,-11,3908.5,-357
2022-09-19 15:22:17,4,-2,3908.5,-359
2022-09-19 15:22:18,29,11,3908.5,-348
2022-09-19 15:22:19,2,2,3908.75,-346
2022-09-19 15:22:20,8,4,3908.75,-342
2022-09-19 15:22:21,2,-2,3908.5,-344
2022-09-19 15:22:22,67,-20,3908.5,-364
2022-09-19 15:22:23,25,-3,3908.5,-367
2022-09-19 15:22:24,1,-1,3908.5,-368
2022-09-19 15:22:25,41,3,3908.75,-365
2022-09-19 15:22:26,146,48,3909.25,-317
2022-09-19 15:22:27,56,-18,3909.25,-335
2022-09-19 15:22:28,27,-5,3909.25,-340
2022-09-19 15:22:29,60,0,3909.25,-340
2022-09-19 15:22:30,5,3,3909.25,-337
2022-09-19 15:22:31,35,1,3909.25,-336
2022-09-19 15:22:32,1,1,3909.5,-335
2022-09-19 15:22:34,31,-8,3909.5,-343
2022-09-19 15:22:35,78,27,3909.5,-316
2022-09-19 15:22:36,42,-17,3909.25,-333
2022-09-19 15:22:37,10,-3,3909.25,-336
2022-09-19 15:22:38,51,-11,3909.25,-347
2022-09-19 15:22:39,18,4,3909.25,-343
2022-09-19 15:22:40,45,6,3909.5,-337
2022-09-19 15:22:41,13,5,3909.25,-332
2022-09-19 15:22:42,2,2,3909.25,-330
2022-09-19 15:22:43,100,-24,3909.25,-354
2022-09-19 15:22:44,29,-11,3909.0,-365
2022-09-19 15:22:45,21,-6,3908.75,-371
2022-09-19 15:22:46,3,-2,3908.5,-373
2022-09-19 15:22:47,97,32,3909.0,-341
2022-09-19 15:22:48,5,1,3909.0,-340
2022-09-19 15:22:50,1,1,3909.0,-339
2022-09-19 15:22:51,61,-1,3909.0,-340
2022-09-19 15:22:52,1,-1,3909.0,-341
2022-09-19 15:22:53,2,-1,3909.0,-342
2022-09-19 15:22:54,114,11,3909.5,-331
2022-09-19 15:22:55,57,-21,3909.25,-352
2022-09-19 15:22:56,16,7,3908.75,-345
2022-09-19 15:22:57,95,26,3909.5,-319
2022-09-19 15:22:58,34,-3,3909.5,-322
2022-09-19 15:22:59,41,4,3909.5,-318
2022-09-19 15:23:00,22,7,3909.25,-311
2022-09-19 15:23:01,24,11,3909.5,-300
2022-09-19 15:23:02,45,-15,3909.25,-315
2022-09-19 15:23:03,60,-3,3908.75,-318
2022-09-19 15:23:04,34,9,3909.0,-309
2022-09-19 15:23:05,19,5,3909.0,-304
2022-09-19 15:23:06,55,-25,3908.5,-329
2022-09-19 15:23:07,6,0,3908.5,-329
2022-09-19 15:23:08,77,11,3908.5,-318
2022-09-19 15:23:09,61,6,3908.5,-312
2022-09-19 15:23:10,16,-2,3908.75,-314
2022-09-19 15:23:11,48,7,3908.75,-307
2022-09-19 15:23:12,12,-8,3908.75,-315
2022-09-19 15:23:13,1,-1,3908.5,-316
2022-09-19 15:23:14,73,-22,3908.5,-338
2022-09-19 15:23:15,101,67,3908.75,-271
2022-09-19 15:23:16,46,7,3908.75,-264
2022-09-19 15:23:17,22,-8,3908.75,-272
2022-09-19 15:23:18,40,-9,3908.5,-281
2022-09-19 15:23:19,83,0,3908.75,-281
2022-09-19 15:23:20,42,-8,3909.0,-289
2022-09-19 15:23:21,79,-1,3909.0,-290
2022-09-19 15:23:22,22,4,3909.0,-286
2022-09-19 15:23:23,6,6,3909.0,-280
2022-09-19 15:23:24,2,-2,3908.75,-282
2022-09-19 15:23:25,49,5,3909.25,-277
2022-09-19 15:23:26,36,2,3909.25,-275
2022-09-19 15:23:27,27,14,3909.5,-261
2022-09-19 15:23:28,15,4,3909.25,-257
2022-09-19 15:23:29,22,-10,3909.5,-267
2022-09-19 15:23:30,46,-8,3909.25,-275
2022-09-19 15:23:31,59,23,3909.5,-252
2022-09-19 15:23:32,28,10,3909.5,-242
2022-09-19 15:23:33,31,7,3909.25,-235
2022-09-19 15:23:34,60,15,3909.5,-220
2022-09-19 15:23:35,7,3,3909.5,-217
2022-09-19 15:23:37,1,1,3909.5,-216
2022-09-19 15:23:38,1,-1,3909.25,-217
2022-09-19 15:23:39,80,10,3909.5,-207
2022-09-19 15:23:40,28,21,3909.75,-186
2022-09-19 15:23:41,411,93,3910.5,-93
2022-09-19 15:23:42,159,64,3910.5,-29
2022-09-19 15:23:43,1,1,3910.25,-28
2022-09-19 15:23:44,2,2,3910.25,-26
2022-09-19 15:23:45,27,-19,3910.0,-45
2022-09-19 15:23:46,8,3,3910.25,-42
2022-09-19 15:23:47,99,-1,3910.25,-43
2022-09-19 15:23:48,3,-1,3910.0,-44
2022-09-19 15:23:49,36,5,3910.0,-39
2022-09-19 15:23:50,31,-17,3910.0,-56
2022-09-19 15:23:51,81,-17,3909.5,-73
2022-09-19 15:23:52,4,-4,3909.5,-77
2022-09-19 15:23:53,30,-13,3909.75,-90
2022-09-19 15:23:54,6,-1,3909.5,-91
2022-09-19 15:23:55,67,9,3909.5,-82
2022-09-19 15:23:56,6,-2,3909.25,-84
2022-09-19 15:23:57,76,-7,3909.0,-91
2022-09-19 15:23:58,144,-37,3909.0,-128
2022-09-19 15:23:59,29,-20,3908.5,-148
2022-09-19 15:24:00,114,-25,3908.25,-173
2022-09-19 15:24:01,180,-109,3908.0,-282
2022-09-19 15:24:02,74,-5,3907.75,-287
2022-09-19 15:24:03,50,1,3907.75,-286
2022-09-19 15:24:04,43,-2,3907.75,-288
2022-09-19 15:24:05,62,-7,3907.5,-295
2022-09-19 15:24:06,42,11,3907.75,-284
2022-09-19 15:24:07,33,-5,3907.75,-289
2022-09-19 15:24:08,28,3,3908.0,-286
2022-09-19 15:24:09,168,15,3908.25,-271
2022-09-19 15:24:10,113,6,3908.25,-265
2022-09-19 15:24:11,43,-2,3908.25,-267
2022-09-19 15:24:12,63,2,3908.25,-265
2022-09-19 15:24:13,2,-2,3907.75,-267
2022-09-19 15:24:14,19,15,3908.0,-252
2022-09-19 15:24:15,106,3,3908.75,-249
2022-09-19 15:24:16,32,-3,3909.0,-252
2022-09-19 15:24:17,196,43,3909.25,-209
2022-09-19 15:24:18,28,1,3909.25,-208
2022-09-19 15:24:19,8,5,3909.25,-203
2022-09-19 15:24:20,31,-11,3909.25,-214
2022-09-19 15:24:21,23,0,3909.25,-214
2022-09-19 15:24:22,22,-5,3909.5,-219
2022-09-19 15:24:23,3,-2,3909.0,-221
2022-09-19 15:24:24,116,16,3909.5,-205
2022-09-19 15:24:25,6,-2,3909.75,-207
2022-09-19 15:24:26,18,-9,3909.5,-216
2022-09-19 15:24:27,31,16,3909.5,-200
2022-09-19 15:24:28,1,-1,3909.5,-201
2022-09-19 15:24:29,573,197,3910.5,-4
2022-09-19 15:24:30,61,17,3910.5,13
2022-09-19 15:24:31,58,0,3910.75,13
2022-09-19 15:24:32,283,16,3910.5,29
2022-09-19 15:24:33,110,16,3910.5,45
2022-09-19 15:24:34,179,7,3910.25,52
2022-09-19 15:24:35,41,22,3910.5,74
2022-09-19 15:24:36,85,-20,3910.75,54
2022-09-19 15:24:37,22,-14,3910.25,40
2022-09-19 15:24:38,79,-28,3910.25,12
2022-09-19 15:24:39,69,6,3910.5,18
2022-09-19 15:24:40,52,16,3910.5,34
2022-09-19 15:24:41,44,-17,3910.5,17
2022-09-19 15:24:42,82,3,3910.5,20
2022-09-19 15:24:43,30,8,3910.5,28
2022-09-19 15:24:44,2,-2,3910.5,26
2022-09-19 15:24:45,79,-4,3910.75,22
2022-09-19 15:24:46,26,5,3910.75,27
2022-09-19 15:24:47,59,8,3910.5,35
2022-09-19 15:24:48,21,0,3910.5,35
2022-09-19 15:24:49,29,12,3910.5,47
2022-09-19 15:24:50,25,9,3910.5,56
2022-09-19 15:24:51,82,-17,3910.75,39
2022-09-19 15:24:52,3,3,3910.75,42
2022-09-19 15:24:53,36,-28,3910.75,14
2022-09-19 15:24:54,57,-4,3910.5,10
2022-09-19 15:24:55,71,-23,3909.75,-13
2022-09-19 15:24:56,61,-5,3909.5,-18
2022-09-19 15:24:57,158,36,3909.5,18
2022-09-19 15:24:58,7,7,3909.5,25
2022-09-19 15:24:59,92,29,3910.25,54
2022-09-19 15:25:00,56,17,3910.25,71
2022-09-19 15:25:01,63,-11,3910.5,60
2022-09-19 15:25:02,91,39,3910.5,99
2022-09-19 15:25:03,59,-4,3910.5,95
2022-09-19 15:25:04,22,2,3910.25,97
2022-09-19 15:25:05,27,-14,3910.25,83
2022-09-19 15:25:06,49,20,3910.5,103
2022-09-19 15:25:07,1,-1,3910.25,102
2022-09-19 15:25:08,59,21,3910.5,123
2022-09-19 15:25:09,190,-74,3910.25,49
2022-09-19 15:25:10,63,26,3910.5,75
2022-09-19 15:25:11,51,-10,3910.5,65
2022-09-19 15:25:12,10,-1,3910.5,64
2022-09-19 15:25:13,53,25,3910.5,89
2022-09-19 15:25:14,44,-11,3910.5,78
2022-09-19 15:25:15,31,14,3910.5,92
2022-09-19 15:25:16,113,40,3911.0,132
2022-09-19 15:25:17,34,23,3910.75,155
2022-09-19 15:25:18,75,0,3910.75,155
2022-09-19 15:25:19,3,-1,3910.75,154
2022-09-19 15:25:20,4,0,3910.75,154
2022-09-19 15:25:21,37,17,3910.75,171
2022-09-19 15:25:22,139,14,3911.0,185
2022-09-19 15:25:23,85,7,3911.25,192
2022-09-19 15:25:24,36,0,3911.0,192
2022-09-19 15:25:25,172,26,3910.75,218
2022-09-19 15:25:26,74,-4,3910.75,214
2022-09-19 15:25:27,94,-17,3910.75,197
2022-09-19 15:25:28,22,10,3910.75,207
2022-09-19 15:25:29,72,-15,3910.5,192
2022-09-19 15:25:30,65,7,3910.5,199
2022-09-19 15:25:31,143,-17,3910.75,182
2022-09-19 15:25:32,97,29,3911.25,211
2022-09-19 15:25:33,39,2,3911.25,213
2022-09-19 15:25:34,1,1,3911.25,214
2022-09-19 15:25:35,16,-10,3911.25,204
2022-09-19 15:25:36,24,-10,3911.25,194
2022-09-19 15:25:37,115,-23,3910.75,171
2022-09-19 15:25:38,25,12,3910.5,183
2022-09-19 15:25:39,42,14,3910.75,197
2022-09-19 15:25:40,95,37,3911.0,234
2022-09-19 15:25:41,1,-1,3911.0,233
2022-09-19 15:25:42,88,-4,3911.25,229
2022-09-19 15:25:43,42,-9,3911.0,220
2022-09-19 15:25:44,48,-12,3910.75,208
2022-09-19 15:25:45,65,-8,3910.75,200
2022-09-19 15:25:46,2,0,3910.75,200
2022-09-19 15:25:47,81,22,3911.0,222
2022-09-19 15:25:48,4,0,3910.75,222
2022-09-19 15:25:49,35,11,3911.0,233
2022-09-19 15:25:50,144,11,3911.0,244
2022-09-19 15:25:51,49,-5,3911.0,239
2022-09-19 15:25:52,46,2,3911.0,241
2022-09-19 15:25:53,7,3,3910.75,244
2022-09-19 15:25:54,17,5,3911.0,249
2022-09-19 15:25:55,104,-7,3910.75,242
2022-09-19 15:25:56,17,-8,3910.75,234
2022-09-19 15:25:57,15,5,3910.75,239
2022-09-19 15:25:58,41,13,3911.25,252
2022-09-19 15:25:59,282,68,3911.75,320
2022-09-19 15:26:00,86,7,3911.5,327
2022-09-19 15:26:01,119,16,3911.5,343
2022-09-19 15:26:02,57,-2,3911.5,341
2022-09-19 15:26:03,42,-23,3911.25,318
2022-09-19 15:26:04,82,20,3911.25,338
2022-09-19 15:26:05,3,2,3911.25,340
2022-09-19 15:26:06,108,8,3911.75,348
2022-09-19 15:26:07,12,-10,3911.5,338
2022-09-19 15:26:08,60,-24,3911.5,314
2022-09-19 15:26:09,46,14,3911.25,328
2022-09-19 15:26:10,42,-32,3911.0,296
2022-09-19 15:26:11,84,1,3911.0,297
2022-09-19 15:26:12,19,15,3911.25,312
2022-09-19 15:26:13,56,11,3911.75,323
2022-09-19 15:26:14,76,6,3911.75,329
2022-09-19 15:26:15,85,31,3911.75,360
2022-09-19 15:26:16,66,9,3911.75,369
2022-09-19 15:26:17,38,14,3912.0,383
2022-09-19 15:26:18,79,0,3912.0,383
2022-09-19 15:26:19,12,-2,3912.0,381
2022-09-19 15:26:20,237,96,3912.5,477
2022-09-19 15:26:21,56,2,3912.5,479
2022-09-19 15:26:22,55,9,3912.25,488
2022-09-19 15:26:23,8,5,3912.25,493
2022-09-19 15:26:24,43,-21,3912.25,472
2022-09-19 15:26:25,55,-15,3912.0,457
2022-09-19 15:26:26,15,10,3912.0,467
2022-09-19 15:26:27,100,10,3912.25,477
2022-09-19 15:26:28,38,8,3912.0,485
2022-09-19 15:26:29,11,-3,3912.0,482
2022-09-19 15:26:30,94,0,3911.75,482
2022-09-19 15:26:31,80,-14,3911.75,468
2022-09-19 15:26:32,33,-13,3911.5,455
2022-09-19 15:26:33,31,3,3911.75,458
2022-09-19 15:26:34,28,-3,3911.75,455
2022-09-19 15:26:35,45,-15,3911.5,440
2022-09-19 15:26:36,2,0,3911.5,440
2022-09-19 15:26:37,142,-44,3911.25,396
2022-09-19 15:26:38,22,5,3910.75,401
2022-09-19 15:26:39,36,-4,3910.75,397
2022-09-19 15:26:40,45,0,3910.75,397
2022-09-19 15:26:41,44,4,3910.75,401
2022-09-19 15:26:42,21,6,3911.0,407
2022-09-19 15:26:43,9,4,3910.75,411
2022-09-19 15:26:44,69,-20,3910.75,391
2022-09-19 15:26:45,54,-17,3910.5,374
2022-09-19 15:26:46,49,-28,3910.75,346
2022-09-19 15:26:47,60,1,3910.75,347
2022-09-19 15:26:48,47,11,3910.75,358
2022-09-19 15:26:49,4,-4,3910.5,354
2022-09-19 15:26:50,1,-1,3910.5,353
2022-09-19 15:26:51,33,21,3911.0,374
2022-09-19 15:26:52,12,-2,3910.75,372
2022-09-19 15:26:53,148,43,3911.25,415
2022-09-19 15:26:54,74,-1,3911.25,414
2022-09-19 15:26:55,102,-23,3911.0,391
2022-09-19 15:26:56,66,26,3911.25,417
2022-09-19 15:26:57,9,-3,3911.25,414
2022-09-19 15:26:58,17,-4,3911.25,410
2022-09-19 15:26:59,30,-12,3911.25,398
2022-09-19 15:27:00,216,-43,3910.5,355
2022-09-19 15:27:01,160,-9,3909.75,346
2022-09-19 15:27:02,2,0,3910.0,346
2022-09-19 15:27:03,25,2,3910.0,348
2022-09-19 15:27:04,32,5,3910.25,353
2022-09-19 15:27:05,41,17,3910.5,370
2022-09-19 15:27:06,23,5,3910.75,375
2022-09-19 15:27:07,101,46,3911.0,421
2022-09-19 15:27:08,23,-2,3911.0,419
2022-09-19 15:27:09,61,2,3911.0,421
2022-09-19 15:27:10,58,-12,3911.25,409
2022-09-19 15:27:11,14,-6,3911.25,403
2022-09-19 15:27:12,16,10,3911.0,413
2022-09-19 15:27:13,4,4,3911.25,417
2022-09-19 15:27:14,118,5,3911.5,422
2022-09-19 15:27:15,30,6,3911.5,428
2022-09-19 15:27:16,131,44,3912.25,472
2022-09-19 15:27:17,119,-17,3912.25,455
2022-09-19 15:27:18,41,3,3912.0,458
2022-09-19 15:27:19,22,-1,3911.75,457
2022-09-19 15:27:20,32,7,3912.0,464
2022-09-19 15:27:21,57,11,3912.25,475
2022-09-19 15:27:22,49,21,3912.5,496
2022-09-19 15:27:23,117,9,3912.5,505
2022-09-19 15:27:24,50,-1,3912.5,504
2022-09-19 15:27:25,19,2,3912.25,506
2022-09-19 15:27:26,63,12,3912.5,518
2022-09-19 15:27:27,14,5,3912.25,523
2022-09-19 15:27:28,49,4,3912.25,527
2022-09-19 15:27:29,62,9,3912.5,536
2022-09-19 15:27:30,98,2,3912.5,538
2022-09-19 15:27:31,21,3,3912.5,541
2022-09-19 15:27:32,56,24,3912.75,565
2022-09-19 15:27:33,336,122,3913.0,687
2022-09-19 15:27:34,110,28,3913.25,715
2022-09-19 15:27:35,24,-5,3913.0,710
2022-09-19 15:27:36,3,3,3912.75,713
2022-09-19 15:27:37,37,-23,3912.5,690
2022-09-19 15:27:38,65,12,3912.75,702
2022-09-19 15:27:39,10,-8,3912.75,694
2022-09-19 15:27:40,6,-2,3912.75,692
2022-09-19 15:27:41,119,14,3912.75,706
2022-09-19 15:27:42,106,-21,3912.5,685
2022-09-19 15:27:43,11,-9,3912.5,676
2022-09-19 15:27:44,111,-8,3912.0,668
2022-09-19 15:27:45,37,10,3911.75,678
2022-09-19 15:27:46,164,-68,3911.75,610
2022-09-19 15:27:47,4,2,3911.75,612
2022-09-19 15:27:48,9,6,3911.75,618
2022-09-19 15:27:49,76,14,3912.0,632
2022-09-19 15:27:51,41,-6,3912.0,626
2022-09-19 15:27:52,2,-2,3912.0,624
2022-09-19 15:27:53,64,-21,3912.25,603
2022-09-19 15:27:54,91,-4,3912.25,599
2022-09-19 15:27:55,2,0,3912.25,599
2022-09-19 15:27:56,120,-23,3912.25,576
2022-09-19 15:27:57,37,-18,3912.25,558
2022-09-19 15:27:58,42,10,3912.0,568
2022-09-19 15:27:59,79,3,3912.0,571
2022-09-19 15:28:00,107,18,3912.0,589
2022-09-19 15:28:01,56,2,3912.0,591
2022-09-19 15:28:02,115,28,3912.5,619
2022-09-19 15:28:03,115,23,3912.75,642
2022-09-19 15:28:04,180,49,3913.0,691
2022-09-19 15:28:05,73,6,3913.25,697
2022-09-19 15:28:06,119,40,3913.25,737
2022-09-19 15:28:07,12,4,3913.5,741
2022-09-19 15:28:08,7,5,3913.5,746
2022-09-19 15:28:09,195,29,3913.5,775
2022-09-19 15:28:10,85,5,3913.75,780
2022-09-19 15:28:11,148,60,3913.75,840
2022-09-19 15:28:12,387,22,3914.0,862
2022-09-19 15:28:13,64,1,3914.0,863
2022-09-19 15:28:14,139,6,3914.0,869
2022-09-19 15:28:15,69,-14,3914.0,855
2022-09-19 15:28:16,67,11,3913.75,866
2022-09-19 15:28:17,90,-43,3913.75,823
2022-09-19 15:28:18,111,64,3913.75,887
2022-09-19 15:28:19,17,-11,3913.5,876
2022-09-19 15:28:20,166,-21,3913.25,855
2022-09-19 15:28:21,74,5,3913.0,860
2022-09-19 15:28:22,64,11,3913.0,871
2022-09-19 15:28:23,15,-11,3912.5,860
2022-09-19 15:28:24,61,21,3912.75,881
2022-09-19 15:28:25,10,6,3912.75,887
2022-09-19 15:28:26,67,-15,3912.5,872
2022-09-19 15:28:27,30,1,3912.5,873
2022-09-19 15:28:28,171,93,3913.0,966
2022-09-19 15:28:29,357,297,3913.25,1263
2022-09-19 15:28:30,81,7,3913.25,1270
2022-09-19 15:28:31,123,69,3913.5,1339
2022-09-19 15:28:32,103,-17,3913.25,1322
2022-09-19 15:28:33,9,0,3913.5,1322
2022-09-19 15:28:34,11,8,3913.5,1330
2022-09-19 15:28:35,65,11,3913.5,1341
2022-09-19 15:28:36,146,55,3914.0,1396
2022-09-19 15:28:37,128,76,3914.25,1472
2022-09-19 15:28:38,238,52,3914.5,1524
2022-09-19 15:28:39,266,-24,3914.25,1500
2022-09-19 15:28:40,15,3,3914.0,1503
2022-09-19 15:28:41,30,18,3914.0,1521
2022-09-19 15:28:42,38,21,3914.25,1542
2022-09-19 15:28:43,15,-7,3914.25,1535
2022-09-19 15:28:44,102,7,3914.5,1542
2022-09-19 15:28:45,95,-13,3914.5,1529
2022-09-19 15:28:46,45,26,3914.25,1555
2022-09-19 15:28:47,541,107,3914.75,1662
2022-09-19 15:28:48,110,7,3914.75,1669
2022-09-19 15:28:49,52,12,3914.75,1681
2022-09-19 15:28:50,152,-49,3914.5,1632
2022-09-19 15:28:51,99,4,3914.75,1636
2022-09-19 15:28:52,343,55,3915.0,1691
2022-09-19 15:28:53,249,41,3915.25,1732
2022-09-19 15:28:54,105,64,3915.5,1796
2022-09-19 15:28:55,117,-3,3915.75,1793
2022-09-19 15:28:56,165,30,3915.5,1823
2022-09-19 15:28:57,84,-4,3915.25,1819
2022-09-19 15:28:58,154,-13,3915.0,1806
2022-09-19 15:28:59,105,-21,3915.25,1785
2022-09-19 15:29:00,20,-15,3915.0,1770
2022-09-19 15:29:01,110,11,3915.25,1781
2022-09-19 15:29:02,143,-52,3915.0,1729
2022-09-19 15:29:03,68,-1,3914.75,1728
2022-09-19 15:29:04,99,11,3914.75,1739
2022-09-19 15:29:05,30,1,3915.0,1740
2022-09-19 15:29:06,163,22,3915.0,1762
2022-09-19 15:29:07,123,35,3915.5,1797
2022-09-19 15:29:08,32,-22,3915.25,1775
2022-09-19 15:29:09,2,-1,3914.75,1774
2022-09-19 15:29:10,162,23,3915.0,1797
2022-09-19 15:29:11,28,-7,3915.25,1790
2022-09-19 15:29:12,69,14,3915.5,1804
2022-09-19 15:29:13,16,3,3915.5,1807
2022-09-19 15:29:14,146,51,3915.75,1858
2022-09-19 15:29:15,199,53,3915.75,1911
2022-09-19 15:29:16,132,-37,3916.0,1874
2022-09-19 15:29:17,65,3,3915.5,1877
2022-09-19 15:29:18,137,-71,3915.5,1806
2022-09-19 15:29:19,59,-12,3915.25,1794
2022-09-19 15:29:20,96,-11,3915.5,1783
2022-09-19 15:29:21,45,3,3915.25,1786
2022-09-19 15:29:22,204,-69,3915.0,1717
2022-09-19 15:29:23,68,12,3914.75,1729
2022-09-19 15:29:24,138,14,3915.25,1743
2022-09-19 15:29:25,84,-31,3915.25,1712
2022-09-19 15:29:26,13,-2,3915.25,1710
2022-09-19 15:29:27,113,-39,3914.75,1671
2022-09-19 15:29:28,21,-2,3914.5,1669
2022-09-19 15:29:29,73,11,3914.5,1680
2022-09-19 15:29:30,388,-68,3914.5,1612
2022-09-19 15:29:31,495,-85,3913.75,1527
2022-09-19 15:29:32,90,20,3913.25,1547
2022-09-19 15:29:33,38,-7,3913.25,1540
2022-09-19 15:29:34,29,-16,3913.25,1524
2022-09-19 15:29:35,236,-106,3912.75,1418
2022-09-19 15:29:36,96,21,3912.5,1439
2022-09-19 15:29:37,108,12,3912.5,1451
2022-09-19 15:29:38,36,-12,3912.75,1439
2022-09-19 15:29:39,70,-17,3912.5,1422
2022-09-19 15:29:40,70,-14,3912.5,1408
2022-09-19 15:29:41,46,6,3912.5,1414
2022-09-19 15:29:42,14,1,3912.75,1415
2022-09-19 15:29:43,7,5,3912.75,1420
2022-09-19 15:29:44,40,-13,3912.5,1407
2022-09-19 15:29:45,2,0,3912.5,1407
2022-09-19 15:29:46,122,-41,3912.5,1366
2022-09-19 15:29:47,327,-136,3912.0,1230
2022-09-19 15:29:48,75,8,3911.75,1238
2022-09-19 15:29:49,47,-17,3911.75,1221
2022-09-19 15:29:50,60,12,3911.75,1233
2022-09-19 15:29:51,94,4,3911.75,1237
2022-09-19 15:29:52,29,-1,3911.5,1236
2022-09-19 15:29:53,117,-26,3912.0,1210
2022-09-19 15:29:54,63,-5,3912.0,1205
2022-09-19 15:29:55,79,14,3912.0,1219
2022-09-19 15:29:56,112,-12,3912.25,1207
2022-09-19 15:29:57,69,-7,3912.25,1200
2022-09-19 15:29:58,36,5,3912.25,1205
2022-09-19 15:29:59,133,27,3912.5,1232
2022-09-19 15:30:00,551,111,3914.0,1343
2022-09-19 15:30:01,114,10,3914.25,1353
2022-09-19 15:30:02,144,34,3914.5,1387
2022-09-19 15:30:03,102,35,3915.0,1422
2022-09-19 15:30:04,186,6,3915.25,1428
2022-09-19 15:30:05,142,-32,3915.0,1396
2022-09-19 15:30:06,46,-7,3914.5,1389
2022-09-19 15:30:07,30,1,3914.75,1390
2022-09-19 15:30:08,85,-1,3914.75,1389
2022-09-19 15:30:09,39,13,3914.75,1402
2022-09-19 15:30:10,60,12,3915.0,1414
2022-09-19 15:30:11,95,12,3915.0,1426
2022-09-19 15:30:12,131,14,3915.5,1440
2022-09-19 15:30:13,181,58,3916.0,1498
2022-09-19 15:30:14,264,29,3916.0,1527
2022-09-19 15:30:15,384,135,3916.5,1662
2022-09-19 15:30:16,168,29,3916.5,1691
2022-09-19 15:30:17,72,9,3916.5,1700
2022-09-19 15:30:18,122,-41,3916.5,1659
2022-09-19 15:30:19,121,-55,3915.75,1604
2022-09-19 15:30:20,178,-36,3915.25,1568
2022-09-19 15:30:21,151,3,3914.75,1571
2022-09-19 15:30:22,110,32,3914.75,1603
2022-09-19 15:30:23,162,15,3914.75,1618
2022-09-19 15:30:24,59,-8,3914.25,1610
2022-09-19 15:30:25,356,-7,3914.25,1603
2022-09-19 15:30:26,289,-64,3913.5,1539
2022-09-19 15:30:27,106,-37,3913.0,1502
2022-09-19 15:30:28,37,-9,3912.75,1493
2022-09-19 15:30:29,156,-15,3912.5,1478
2022-09-19 15:30:30,131,9,3912.75,1487
2022-09-19 15:30:31,52,-19,3912.75,1468
2022-09-19 15:30:32,58,3,3912.75,1471
2022-09-19 15:30:33,90,-15,3913.0,1456
2022-09-19 15:30:34,41,13,3912.5,1469
2022-09-19 15:30:35,61,-3,3912.75,1466
2022-09-19 15:30:36,85,40,3913.0,1506
2022-09-19 15:30:37,70,-6,3913.0,1500
2022-09-19 15:30:38,25,7,3913.0,1507
2022-09-19 15:30:39,75,8,3913.25,1515
2022-09-19 15:30:40,92,14,3913.75,1529
2022-09-19 15:30:41,44,1,3913.75,1530
2022-09-19 15:30:42,263,98,3914.5,1628
2022-09-19 15:30:43,111,7,3914.0,1635
2022-09-19 15:30:44,42,-5,3914.0,1630
2022-09-19 15:30:45,24,-12,3914.0,1618
2022-09-19 15:30:46,100,-21,3913.75,1597
2022-09-19 15:30:47,138,10,3913.75,1607
2022-09-19 15:30:48,16,9,3914.0,1616
2022-09-19 15:30:49,87,8,3914.25,1624
2022-09-19 15:30:50,41,-18,3914.25,1606
2022-09-19 15:30:51,23,-3,3914.25,1603
2022-09-19 15:30:52,191,2,3914.0,1605
2022-09-19 15:30:53,67,-8,3914.25,1597
2022-09-19 15:30:54,97,29,3914.5,1626
2022-09-19 15:30:55,512,69,3915.0,1695
2022-09-19 15:30:56,63,1,3915.0,1696
2022-09-19 15:30:57,148,0,3914.75,1696
2022-09-19 15:30:58,21,-11,3914.5,1685
2022-09-19 15:30:59,82,8,3914.5,1693
2022-09-19 15:31:00,134,-76,3914.25,1617
2022-09-19 15:31:01,112,6,3914.25,1623
2022-09-19 15:31:02,159,6,3914.25,1629
2022-09-19 15:31:03,56,9,3914.25,1638
2022-09-19 15:31:04,292,-45,3914.0,1593
2022-09-19 15:31:05,123,31,3914.25,1624
2022-09-19 15:31:06,157,33,3914.5,1657
2022-09-19 15:31:07,132,30,3915.0,1687
2022-09-19 15:31:08,136,7,3915.0,1694
2022-09-19 15:31:09,51,17,3915.0,1711
2022-09-19 15:31:10,77,11,3915.5,1722
2022-09-19 15:31:11,124,-14,3915.5,1708
2022-09-19 15:31:12,9,5,3915.5,1713
2022-09-19 15:31:13,23,11,3915.5,1724
2022-09-19 15:31:14,12,6,3915.5,1730
2022-09-19 15:31:15,271,-21,3915.5,1709
2022-09-19 15:31:16,106,2,3915.0,1711
2022-09-19 15:31:17,35,18,3915.25,1729
2022-09-19 15:31:18,96,-3,3915.0,1726
2022-09-19 15:31:19,164,-79,3915.25,1647
2022-09-19 15:31:20,95,27,3915.0,1674
2022-09-19 15:31:21,27,-12,3915.0,1662
2022-09-19 15:31:22,90,13,3914.75,1675
2022-09-19 15:31:23,38,-4,3915.0,1671
2022-09-19 15:31:24,67,0,3915.0,1671
2022-09-19 15:31:25,49,-9,3915.25,1662
2022-09-19 15:31:26,25,7,3915.0,1669
2022-09-19 15:31:27,88,2,3915.25,1671
2022-09-19 15:31:28,108,-31,3915.0,1640
2022-09-19 15:31:29,77,-9,3914.75,1631
2022-09-19 15:31:30,47,7,3914.5,1638
2022-09-19 15:31:31,54,-13,3914.25,1625
2022-09-19 15:31:32,54,-4,3914.0,1621
2022-09-19 15:31:33,76,33,3915.0,1654
2022-09-19 15:31:34,57,-9,3915.0,1645
2022-09-19 15:31:35,36,2,3915.0,1647
2022-09-19 15:31:36,71,-11,3915.0,1636
2022-09-19 15:31:37,38,-5,3915.25,1631
2022-09-19 15:31:38,1,-1,3914.75,1630
2022-09-19 15:31:39,61,22,3915.25,1652
2022-09-19 15:31:40,56,19,3915.25,1671
2022-09-19 15:31:41,229,45,3916.0,1716
2022-09-19 15:31:42,92,16,3916.0,1732
2022-09-19 15:31:43,61,-7,3916.0,1725
2022-09-19 15:31:44,7,0,3915.75,1725
2022-09-19 15:31:45,15,9,3915.75,1734
2022-09-19 15:31:46,6,1,3915.75,1735
2022-09-19 15:31:47,174,-28,3915.5,1707
2022-09-19 15:31:48,10,0,3915.25,1707
2022-09-19 15:31:49,46,-1,3915.5,1706
2022-09-19 15:31:50,39,13,3915.75,1719
2022-09-19 15:31:51,149,15,3916.0,1734
2022-09-19 15:31:52,106,-49,3915.75,1685
2022-09-19 15:31:53,23,9,3915.75,1694
2022-09-19 15:31:54,85,7,3915.75,1701
2022-09-19 15:31:55,89,13,3915.5,1714
2022-09-19 15:31:56,40,-13,3915.25,1701
2022-09-19 15:31:57,33,2,3915.25,1703
2022-09-19 15:31:58,12,3,3915.25,1706
2022-09-19 15:31:59,78,-20,3915.5,1686
2022-09-19 15:32:00,84,23,3915.25,1709
2022-09-19 15:32:01,21,-4,3915.25,1705
2022-09-19 15:32:02,28,-16,3915.25,1689
2022-09-19 15:32:03,66,-21,3915.25,1668
2022-09-19 15:32:04,108,-52,3915.0,1616
2022-09-19 15:32:05,74,16,3915.0,1632
2022-09-19 15:32:06,20,-7,3914.75,1625
2022-09-19 15:32:07,40,1,3914.75,1626
2022-09-19 15:32:08,33,-2,3914.75,1624
2022-09-19 15:32:09,39,0,3914.75,1624
2022-09-19 15:32:10,41,18,3915.25,1642
2022-09-19 15:32:11,82,-4,3915.25,1638
2022-09-19 15:32:12,17,-8,3915.25,1630
2022-09-19 15:32:13,62,7,3915.25,1637
2022-09-19 15:32:14,10,-6,3915.25,1631
2022-09-19 15:32:15,61,-37,3915.0,1594
2022-09-19 15:32:16,22,21,3915.25,1615
2022-09-19 15:32:17,78,3,3915.5,1618
2022-09-19 15:32:18,39,18,3915.5,1636
2022-09-19 15:32:19,8,-6,3915.75,1630
2022-09-19 15:32:20,1,-1,3915.25,1629
2022-09-19 15:32:21,103,16,3915.75,1645
2022-09-19 15:32:22,7,-1,3915.5,1644
2022-09-19 15:32:23,94,31,3915.75,1675
2022-09-19 15:32:24,254,36,3916.0,1711
2022-09-19 15:32:25,163,70,3916.25,1781
2022-09-19 15:32:26,32,6,3915.75,1787
2022-09-19 15:32:27,54,-16,3915.5,1771
2022-09-19 15:32:28,22,-8,3915.5,1763
2022-09-19 15:32:29,135,-17,3915.5,1746
2022-09-19 15:32:30,92,-24,3915.25,1722
2022-09-19 15:32:31,52,16,3915.5,1738
2022-09-19 15:32:32,41,-1,3915.5,1737
2022-09-19 15:32:33,111,-8,3915.75,1729
2022-09-19 15:32:34,32,15,3915.75,1744
2022-09-19 15:32:35,93,-18,3915.5,1726
2022-09-19 15:32:36,63,9,3915.5,1735
2022-09-19 15:32:37,54,6,3915.75,1741
2022-09-19 15:32:38,13,-1,3916.0,1740
2022-09-19 15:32:39,60,24,3916.25,1764
2022-09-19 15:32:40,99,-5,3916.25,1759
2022-09-19 15:32:41,6,-2,3916.0,1757
2022-09-19 15:32:42,95,18,3916.0,1775
2022-09-19 15:32:43,35,-6,3916.0,1769
2022-09-19 15:32:44,13,-1,3916.0,1768
2022-09-19 15:32:45,171,-12,3916.0,1756
2022-09-19 15:32:46,37,-17,3916.0,1739
2022-09-19 15:32:47,58,31,3916.25,1770
2022-09-19 15:32:48,15,6,3916.25,1776
2022-09-19 15:32:49,152,0,3916.5,1776
2022-09-19 15:32:50,180,-53,3916.0,1723
2022-09-19 15:32:51,514,-75,3915.0,1648
2022-09-19 15:32:52,194,42,3915.0,1690
2022-09-19 15:32:53,88,9,3915.0,1699
2022-09-19 15:32:54,51,9,3915.75,1708
2022-09-19 15:32:55,37,-2,3915.5,1706
2022-09-19 15:32:56,94,-16,3915.5,1690
2022-09-19 15:32:57,51,19,3915.75,1709
2022-09-19 15:32:58,108,16,3916.0,1725
2022-09-19 15:32:59,36,3,3916.0,1728
2022-09-19 15:33:00,60,-14,3916.0,1714
2022-09-19 15:33:01,58,0,3916.25,1714
2022-09-19 15:33:02,5,1,3916.25,1715
2022-09-19 15:33:03,41,8,3916.5,1723
2022-09-19 15:33:04,17,-3,3916.5,1720
2022-09-19 15:33:05,113,-12,3916.5,1708
2022-09-19 15:33:06,55,11,3916.5,1719
2022-09-19 15:33:07,5,-1,3916.5,1718
2022-09-19 15:33:08,114,-13,3916.5,1705
2022-09-19 15:33:09,213,35,3916.75,1740
2022-09-19 15:33:10,188,21,3916.5,1761
2022-09-19 15:33:11,190,-4,3916.25,1757
2022-09-19 15:33:12,119,-8,3915.5,1749
2022-09-19 15:33:13,30,-9,3915.5,1740
2022-09-19 15:33:14,51,-12,3915.5,1728
2022-09-19 15:33:15,156,-102,3915.25,1626
2022-09-19 15:33:16,293,10,3915.0,1636
2022-09-19 15:33:17,147,-20,3915.25,1616
2022-09-19 15:33:18,38,-5,3915.0,1611
2022-09-19 15:33:19,135,55,3915.5,1666
2022-09-19 15:33:20,101,-43,3915.5,1623
2022-09-19 15:33:21,170,-39,3915.5,1584
2022-09-19 15:33:22,59,7,3915.75,1591
2022-09-19 15:33:23,59,10,3915.75,1601
2022-09-19 15:33:24,2,0,3915.75,1601
2022-09-19 15:33:25,65,-11,3915.5,1590
2022-09-19 15:33:26,58,-3,3916.0,1587
2022-09-19 15:33:27,40,-5,3915.5,1582
2022-09-19 15:33:28,62,-26,3915.5,1556
2022-09-19 15:33:29,103,-9,3915.25,1547
2022-09-19 15:33:30,39,13,3915.25,1560
2022-09-19 15:33:31,101,21,3915.25,1581
2022-09-19 15:33:32,32,-14,3915.0,1567
2022-09-19 15:33:33,93,13,3915.25,1580
2022-09-19 15:33:34,105,-1,3915.0,1579
2022-09-19 15:33:35,55,15,3915.0,1594
2022-09-19 15:33:36,61,1,3915.25,1595
2022-09-19 15:33:37,24,-4,3915.25,1591
2022-09-19 15:33:38,89,-15,3915.25,1576
2022-09-19 15:33:39,23,-14,3915.25,1562
2022-09-19 15:33:40,14,-5,3914.5,1557
2022-09-19 15:33:41,77,-2,3914.5,1555
2022-09-19 15:33:42,170,-50,3914.5,1505
2022-09-19 15:33:43,60,6,3914.25,1511
2022-09-19 15:33:44,22,6,3914.5,1517
2022-09-19 15:33:45,2,0,3914.75,1517
2022-09-19 15:33:46,156,-43,3914.5,1474
2022-09-19 15:33:47,49,-4,3914.0,1470
2022-09-19 15:33:48,131,21,3914.5,1491
2022-09-19 15:33:49,6,-6,3914.25,1485
2022-09-19 15:33:50,61,1,3914.5,1486
2022-09-19 15:33:51,87,10,3914.75,1496
2022-09-19 15:33:52,62,3,3915.0,1499
2022-09-19 15:33:53,34,0,3914.75,1499
2022-09-19 15:33:54,22,-15,3914.75,1484
2022-09-19 15:33:55,54,-5,3914.5,1479
2022-09-19 15:33:56,40,-3,3914.75,1476
2022-09-19 15:33:57,22,2,3914.75,1478
2022-09-19 15:33:58,156,25,3915.5,1503
2022-09-19 15:33:59,48,10,3915.25,1513
2022-09-19 15:34:00,72,2,3915.25,1515
2022-09-19 15:34:01,31,-5,3915.25,1510
2022-09-19 15:34:02,33,-12,3915.25,1498
2022-09-19 15:34:03,29,4,3915.25,1502
2022-09-19 15:34:04,110,-21,3915.0,1481
2022-09-19 15:34:05,67,-5,3914.5,1476
2022-09-19 15:34:06,116,25,3915.25,1501
2022-09-19 15:34:07,67,12,3915.25,1513
2022-09-19 15:34:08,9,-2,3915.25,1511
2022-09-19 15:34:09,45,-8,3915.25,1503
2022-09-19 15:34:10,27,12,3915.5,1515
2022-09-19 15:34:11,28,9,3915.5,1524
2022-09-19 15:34:12,321,89,3916.5,1613
2022-09-19 15:34:13,62,19,3916.5,1632
2022-09-19 15:34:14,173,56,3916.75,1688
2022-09-19 15:34:15,105,-32,3916.5,1656
2022-09-19 15:34:16,111,12,3916.75,1668
2022-09-19 15:34:17,83,22,3916.5,1690
2022-09-19 15:34:18,14,1,3916.5,1691
2022-09-19 15:34:19,75,-14,3916.5,1677
2022-09-19 15:34:20,78,22,3916.75,1699
2022-09-19 15:34:21,291,67,3917.25,1766
2022-09-19 15:34:22,102,-10,3917.0,1756
2022-09-19 15:34:23,60,-18,3916.75,1738
2022-09-19 15:34:24,113,39,3916.5,1777
2022-09-19 15:34:25,124,-36,3916.75,1741
2022-09-19 15:34:26,79,-2,3916.75,1739
2022-09-19 15:34:27,28,-2,3916.25,1737
2022-09-19 15:34:28,104,-15,3916.25,1722
2022-09-19 15:34:29,68,2,3916.25,1724
2022-09-19 15:34:30,28,13,3916.5,1737
2022-09-19 15:34:31,3,0,3916.5,1737
2022-09-19 15:34:32,11,-2,3916.5,1735
2022-09-19 15:34:33,4,-2,3916.5,1733
2022-09-19 15:34:34,68,2,3916.75,1735
2022-09-19 15:34:35,44,-8,3916.75,1727
2022-09-19 15:34:36,41,2,3916.75,1729
2022-09-19 15:34:37,5,-3,3916.75,1726
2022-09-19 15:34:38,99,-17,3916.75,1709
2022-09-19 15:34:39,12,6,3916.75,1715
2022-09-19 15:34:40,24,-7,3916.5,1708
2022-09-19 15:34:41,118,-27,3916.5,1681
2022-09-19 15:34:42,64,2,3916.25,1683
2022-09-19 15:34:43,49,19,3916.0,1702
2022-09-19 15:34:44,150,-59,3916.0,1643
2022-09-19 15:34:45,112,-14,3915.5,1629
2022-09-19 15:34:46,86,13,3915.5,1642
2022-09-19 15:34:47,43,0,3915.75,1642
2022-09-19 15:34:48,39,-3,3915.75,1639
2022-09-19 15:34:49,71,9,3916.0,1648
2022-09-19 15:34:50,40,1,3915.75,1649
2022-09-19 15:34:51,26,-8,3915.5,1641
2022-09-19 15:34:52,116,-22,3915.25,1619
2022-09-19 15:34:53,218,-13,3915.0,1606
2022-09-19 15:34:54,236,-32,3914.25,1574
2022-09-19 15:34:55,102,14,3914.25,1588
2022-09-19 15:34:56,40,-5,3914.5,1583
2022-09-19 15:34:57,10,8,3914.25,1591
2022-09-19 15:34:58,10,-6,3914.25,1585
2022-09-19 15:34:59,215,-34,3914.25,1551
2022-09-19 15:35:00,256,17,3913.75,1568
2022-09-19 15:35:01,117,-19,3913.75,1549
2022-09-19 15:35:02,184,-5,3914.0,1544
2022-09-19 15:35:03,79,-52,3913.5,1492
2022-09-19 15:35:04,64,5,3913.25,1497
2022-09-19 15:35:05,69,0,3913.5,1497
2022-09-19 15:35:06,147,-21,3913.25,1476
2022-09-19 15:35:07,213,63,3913.75,1539
2022-09-19 15:35:08,86,-10,3913.75,1529
2022-09-19 15:35:09,16,-4,3913.75,1525
2022-09-19 15:35:10,103,-5,3913.5,1520
2022-09-19 15:35:11,2,0,3913.5,1520
2022-09-19 15:35:12,79,-13,3913.75,1507
2022-09-19 15:35:13,122,-44,3913.25,1463
2022-09-19 15:35:14,67,-6,3913.25,1457
2022-09-19 15:35:15,151,50,3913.5,1507
2022-09-19 15:35:16,214,3,3913.75,1510
2022-09-19 15:35:17,99,-41,3913.5,1469
2022-09-19 15:35:18,199,17,3913.25,1486
2022-09-19 15:35:19,104,-22,3913.0,1464
2022-09-19 15:35:20,29,10,3913.0,1474
2022-09-19 15:35:21,108,-11,3913.25,1463
2022-09-19 15:35:22,159,-58,3913.25,1405
2022-09-19 15:35:23,51,-8,3913.0,1397
2022-09-19 15:35:24,84,-1,3913.5,1396
2022-09-19 15:35:25,69,-8,3913.5,1388
2022-09-19 15:35:26,328,34,3914.0,1422
2022-09-19 15:35:27,128,-7,3913.75,1415
2022-09-19 15:35:28,57,19,3913.75,1434
2022-09-19 15:35:29,332,70,3914.25,1504
2022-09-19 15:35:30,57,3,3914.25,1507
2022-09-19 15:35:31,74,28,3914.5,1535
2022-09-19 15:35:32,81,-17,3914.75,1518
2022-09-19 15:35:33,84,-12,3914.5,1506
2022-09-19 15:35:34,68,5,3914.75,1511
2022-09-19 15:35:35,77,-25,3914.5,1486
2022-09-19 15:35:36,26,15,3914.5,1501
2022-09-19 15:35:37,182,42,3915.0,1543
2022-09-19 15:35:38,194,-26,3915.0,1517
2022-09-19 15:35:39,8,-6,3914.5,1511
2022-09-19 15:35:40,35,14,3914.75,1525
2022-09-19 15:35:41,13,3,3915.0,1528
2022-09-19 15:35:42,131,-27,3914.75,1501
2022-09-19 15:35:43,70,10,3915.0,1511
2022-09-19 15:35:44,117,43,3915.5,1554
2022-09-19 15:35:45,54,-6,3915.5,1548
2022-09-19 15:35:46,56,-4,3915.25,1544
2022-09-19 15:35:47,86,-6,3915.5,1538
2022-09-19 15:35:48,70,-1,3915.25,1537
2022-09-19 15:35:49,56,2,3915.25,1539
2022-09-19 15:35:50,37,-16,3915.0,1523
2022-09-19 15:35:51,26,7,3915.0,1530
2022-09-19 15:35:52,59,13,3915.0,1543
2022-09-19 15:35:53,30,0,3915.0,1543
2022-09-19 15:35:54,23,-18,3914.75,1525
2022-09-19 15:35:55,18,-11,3914.75,1514
2022-09-19 15:35:56,118,18,3915.0,1532
2022-09-19 15:35:57,37,-7,3915.25,1525
2022-09-19 15:35:58,87,37,3915.25,1562
2022-09-19 15:35:59,44,-8,3915.25,1554
2022-09-19 15:36:00,63,7,3915.25,1561
2022-09-19 15:36:01,45,-21,3915.0,1540
2022-09-19 15:36:02,34,10,3915.25,1550
2022-09-19 15:36:03,70,-3,3915.25,1547
2022-09-19 15:36:04,50,-18,3915.25,1529
2022-09-19 15:36:05,63,3,3915.25,1532
2022-09-19 15:36:06,109,-16,3915.0,1516
2022-09-19 15:36:07,136,10,3914.75,1526
2022-09-19 15:36:08,58,-13,3914.75,1513
2022-09-19 15:36:09,23,20,3915.25,1533
2022-09-19 15:36:10,84,4,3915.25,1537
2022-09-19 15:36:11,37,6,3915.5,1543
2022-09-19 15:36:12,11,-5,3915.5,1538
2022-09-19 15:36:13,68,-16,3915.5,1522
2022-09-19 15:36:14,43,4,3915.25,1526
2022-09-19 15:36:15,236,-41,3915.75,1485
2022-09-19 15:36:16,18,-12,3915.5,1473
2022-09-19 15:36:17,83,16,3916.0,1489
2022-09-19 15:36:18,29,17,3916.0,1506
2022-09-19 15:36:19,79,13,3916.0,1519
2022-09-19 15:36:20,48,-16,3916.25,1503
2022-09-19 15:36:21,7,1,3916.0,1504
2022-09-19 15:36:22,147,-48,3916.0,1456
2022-09-19 15:36:23,82,11,3915.5,1467
2022-09-19 15:36:24,23,-3,3915.5,1464
2022-09-19 15:36:25,110,-32,3915.0,1432
2022-09-19 15:36:26,53,4,3914.75,1436
2022-09-19 15:36:27,76,-19,3914.5,1417
2022-09-19 15:36:28,84,21,3915.0,1438
2022-09-19 15:36:29,21,-6,3914.75,1432
2022-09-19 15:36:30,31,6,3915.0,1438
2022-09-19 15:36:31,56,-10,3915.0,1428
2022-09-19 15:36:32,16,7,3915.0,1435
2022-09-19 15:36:33,34,-7,3915.0,1428
2022-09-19 15:36:34,46,-4,3914.5,1424
2022-09-19 15:36:35,95,-27,3914.5,1397
2022-09-19 15:36:36,64,-13,3914.75,1384
2022-09-19 15:36:37,30,-7,3914.5,1377
2022-09-19 15:36:38,6,-1,3914.5,1376
2022-09-19 15:36:39,65,14,3914.75,1390
2022-09-19 15:36:40,132,-7,3914.5,1383
2022-09-19 15:36:41,123,-11,3914.25,1372
2022-09-19 15:36:42,54,-17,3914.5,1355
2022-09-19 15:36:43,18,-11,3914.5,1344
2022-09-19 15:36:44,11,-11,3914.0,1333
2022-09-19 15:36:45,46,26,3914.5,1359
2022-09-19 15:36:46,80,-15,3914.5,1344
2022-09-19 15:36:47,60,30,3914.25,1374
2022-09-19 15:36:48,1,-1,3914.0,1373
2022-09-19 15:36:49,240,59,3914.75,1432
2022-09-19 15:36:50,44,-8,3914.5,1424
2022-09-19 15:36:51,5,0,3914.25,1424
2022-09-19 15:36:52,214,12,3914.25,1436
2022-09-19 15:36:53,90,6,3914.0,1442
2022-09-19 15:36:54,72,-5,3914.0,1437
2022-09-19 15:36:55,30,-3,3914.25,1434
2022-09-19 15:36:56,11,-1,3914.25,1433
2022-09-19 15:36:57,15,-4,3914.0,1429
2022-09-19 15:36:58,48,16,3914.0,1445
2022-09-19 15:36:59,41,11,3914.25,1456
2022-09-19 15:37:00,62,8,3914.25,1464
2022-09-19 15:37:01,67,1,3914.25,1465
2022-09-19 15:37:02,42,6,3914.25,1471
2022-09-19 15:37:03,133,33,3914.5,1504
2022-09-19 15:37:04,26,-10,3914.5,1494
2022-09-19 15:37:05,56,5,3914.5,1499
2022-09-19 15:37:06,93,2,3914.5,1501
2022-09-19 15:37:07,53,25,3915.25,1526
2022-09-19 15:37:08,42,0,3915.0,1526
2022-09-19 15:37:09,2,0,3914.75,1526
2022-09-19 15:37:10,129,-36,3914.5,1490
2022-09-19 15:37:11,57,-22,3914.5,1468
2022-09-19 15:37:12,67,7,3914.25,1475
2022-09-19 15:37:13,38,1,3914.5,1476
2022-09-19 15:37:14,123,-24,3914.25,1452
2022-09-19 15:37:15,80,11,3914.5,1463
2022-09-19 15:37:16,105,10,3914.25,1473
2022-09-19 15:37:17,39,-5,3914.0,1468
2022-09-19 15:37:18,34,-6,3914.0,1462
2022-09-19 15:37:19,151,-6,3913.75,1456
2022-09-19 15:37:20,125,6,3913.75,1462
2022-09-19 15:37:21,63,32,3914.25,1494
2022-09-19 15:37:22,4,-4,3914.0,1490
2022-09-19 15:37:23,20,-11,3914.0,1479
2022-09-19 15:37:24,52,2,3914.0,1481
2022-09-19 15:37:25,82,-43,3913.75,1438
2022-09-19 15:37:26,133,-43,3913.5,1395
2022-09-19 15:37:27,96,3,3913.25,1398
2022-09-19 15:37:28,1,-1,3913.25,1397
2022-09-19 15:37:29,67,14,3913.75,1411
2022-09-19 15:37:30,60,11,3914.0,1422
2022-09-19 15:37:31,84,42,3914.5,1464
2022-09-19 15:37:32,16,2,3914.25,1466
2022-09-19 15:37:33,45,-1,3914.25,1465
2022-09-19 15:37:34,4,-2,3914.25,1463
2022-09-19 15:37:35,172,44,3915.0,1507
2022-09-19 15:37:36,80,30,3915.5,1537
2022-09-19 15:37:37,185,11,3915.5,1548
2022-09-19 15:37:38,76,9,3915.5,1557
2022-09-19 15:37:39,93,-25,3915.25,1532
2022-09-19 15:37:40,62,7,3915.5,1539
2022-09-19 15:37:41,83,42,3915.75,1581
2022-09-19 15:37:42,160,20,3916.0,1601
2022-09-19 15:37:43,30,-18,3915.5,1583
2022-09-19 15:37:44,27,-2,3915.5,1581
2022-09-19 15:37:45,3,1,3915.5,1582
2022-09-19 15:37:46,85,-18,3915.5,1564
2022-09-19 15:37:47,48,1,3915.5,1565
2022-09-19 15:37:48,14,-6,3915.5,1559
2022-09-19 15:37:49,8,0,3915.5,1559
2022-09-19 15:37:50,27,-7,3915.5,1552
2022-09-19 15:37:51,19,-11,3915.5,1541
2022-09-19 15:37:52,90,19,3915.75,1560
2022-09-19 15:37:53,226,58,3916.25,1618
2022-09-19 15:37:54,16,-1,3916.25,1617
2022-09-19 15:37:55,19,-3,3916.25,1614
2022-09-19 15:37:56,21,9,3916.25,1623
2022-09-19 15:37:57,46,4,3916.25,1627
2022-09-19 15:37:58,93,-22,3916.0,1605
2022-09-19 15:37:59,87,-9,3915.75,1596
2022-09-19 15:38:00,16,-10,3916.0,1586
2022-09-19 15:38:01,73,-4,3915.75,1582
2022-09-19 15:38:02,183,67,3916.5,1649
2022-09-19 15:38:03,80,-4,3916.25,1645
2022-09-19 15:38:04,83,12,3916.5,1657
2022-09-19 15:38:05,26,-8,3916.5,1649
2022-09-19 15:38:06,11,3,3916.5,1652
2022-09-19 15:38:07,68,-3,3916.25,1649
2022-09-19 15:38:08,13,-3,3916.5,1646
2022-09-19 15:38:09,23,-2,3916.25,1644
2022-09-19 15:38:10,155,38,3916.5,1682
2022-09-19 15:38:11,148,-39,3916.5,1643
2022-09-19 15:38:12,63,25,3916.5,1668
2022-09-19 15:38:13,50,-20,3916.25,1648
2022-09-19 15:38:14,52,11,3916.5,1659
2022-09-19 15:38:15,12,-4,3916.25,1655
2022-09-19 15:38:16,3,-1,3916.25,1654
2022-09-19 15:38:17,30,1,3916.25,1655
2022-09-19 15:38:18,25,-8,3916.25,1647
2022-09-19 15:38:19,81,0,3916.25,1647
2022-09-19 15:38:20,24,-7,3916.25,1640
2022-09-19 15:38:21,72,-3,3916.0,1637
2022-09-19 15:38:22,104,24,3916.25,1661
2022-09-19 15:38:24,29,0,3916.25,1661
2022-09-19 15:38:25,9,8,3916.25,1669
2022-09-19 15:38:26,103,10,3916.75,1679
2022-09-19 15:38:27,38,18,3916.75,1697
2022-09-19 15:38:28,103,-30,3916.75,1667
2022-09-19 15:38:29,106,16,3916.75,1683
2022-09-19 15:38:30,55,13,3916.5,1696
2022-09-19 15:38:31,66,15,3916.75,1711
2022-09-19 15:38:32,133,79,3917.25,1790
2022-09-19 15:38:33,1,-1,3916.75,1789
2022-09-19 15:38:34,9,3,3917.0,1792
2022-09-19 15:38:35,111,-5,3917.0,1787
2022-09-19 15:38:36,123,-2,3917.0,1785
2022-09-19 15:38:37,67,-20,3917.0,1765
2022-09-19 15:38:38,38,3,3917.25,1768
2022-09-19 15:38:39,72,30,3917.25,1798
2022-09-19 15:38:40,27,-14,3917.25,1784
2022-09-19 15:38:41,8,2,3917.25,1786
2022-09-19 15:38:42,101,-16,3917.25,1770
2022-09-19 15:38:43,12,-7,3917.25,1763
2022-09-19 15:38:44,78,1,3917.25,1764
2022-09-19 15:38:45,253,190,3918.0,1954
2022-09-19 15:38:46,158,36,3918.0,1990
2022-09-19 15:38:47,41,0,3917.75,1990
2022-09-19 15:38:48,225,59,3918.0,2049
2022-09-19 15:38:49,279,-45,3917.5,2004
2022-09-19 15:38:50,88,4,3917.0,2008
2022-09-19 15:38:51,22,-7,3917.0,2001
2022-09-19 15:38:52,15,3,3917.0,2004
2022-09-19 15:38:53,29,-13,3917.0,1991
2022-09-19 15:38:54,72,16,3917.0,2007
2022-09-19 15:38:55,16,-3,3917.0,2004
2022-09-19 15:38:56,50,-7,3916.75,1997
2022-09-19 15:38:57,58,-6,3917.25,1991
2022-09-19 15:38:58,37,-26,3917.0,1965
2022-09-19 15:38:59,57,-2,3917.25,1963
2022-09-19 15:39:00,31,17,3917.5,1980
2022-09-19 15:39:01,32,12,3917.75,1992
2022-09-19 15:39:02,66,-18,3917.5,1974
2022-09-19 15:39:03,39,7,3917.5,1981
2022-09-19 15:39:04,45,4,3917.5,1985
2022-09-19 15:39:05,102,-12,3917.5,1973
2022-09-19 15:39:06,46,-5,3917.25,1968
2022-09-19 15:39:07,113,10,3917.0,1978
2022-09-19 15:39:08,9,-2,3917.0,1976
2022-09-19 15:39:09,92,4,3917.0,1980
2022-09-19 15:39:10,35,0,3917.0,1980
2022-09-19 15:39:11,9,3,3917.25,1983
2022-09-19 15:39:12,42,23,3917.5,2006
2022-09-19 15:39:13,28,-10,3917.5,1996
2022-09-19 15:39:14,12,-1,3917.5,1995
2022-09-19 15:39:15,76,-15,3917.5,1980
2022-09-19 15:39:16,18,-4,3917.5,1976
2022-09-19 15:39:17,23,9,3917.25,1985
2022-09-19 15:39:18,30,-4,3917.25,1981
2022-09-19 15:39:19,23,-7,3917.0,1974
2022-09-19 15:39:20,95,-9,3917.25,1965
2022-09-19 15:39:21,2,0,3917.5,1965
2022-09-19 15:39:22,81,25,3917.5,1990
2022-09-19 15:39:23,14,-11,3917.25,1979
2022-09-19 15:39:24,25,5,3917.5,1984
2022-09-19 15:39:25,11,-10,3917.25,1974
2022-09-19 15:39:26,49,-15,3917.25,1959
2022-09-19 15:39:27,43,13,3917.5,1972
2022-09-19 15:39:28,13,-3,3917.5,1969
2022-09-19 15:39:29,40,12,3917.75,1981
2022-09-19 15:39:30,38,18,3918.0,1999
2022-09-19 15:39:31,14,-7,3917.5,1992
2022-09-19 15:39:32,112,-51,3917.5,1941
2022-09-19 15:39:33,4,2,3917.5,1943
2022-09-19 15:39:34,28,-4,3917.25,1939
2022-09-19 15:39:35,29,1,3917.5,1940
2022-09-19 15:39:36,23,10,3917.5,1950
2022-09-19 15:39:37,38,-12,3917.75,1938
2022-09-19 15:39:38,27,9,3917.75,1947
2022-09-19 15:39:39,49,-6,3917.75,1941
2022-09-19 15:39:40,3,1,3917.5,1942
2022-09-19 15:39:41,69,-6,3917.5,1936
2022-09-19 15:39:42,299,-62,3917.0,1874
2022-09-19 15:39:43,92,25,3917.0,1899
2022-09-19 15:39:44,23,0,3917.0,1899
2022-09-19 15:39:45,1,-1,3916.5,1898
2022-09-19 15:39:46,3,-3,3916.5,1895
2022-09-19 15:39:47,61,0,3916.75,1895
2022-09-19 15:39:48,84,-27,3916.75,1868
2022-09-19 15:39:49,44,16,3916.5,1884
2022-09-19 15:39:50,106,-19,3916.75,1865
2022-09-19 15:39:51,101,-17,3916.5,1848
2022-09-19 15:39:52,126,-65,3916.5,1783
2022-09-19 15:39:53,173,-35,3915.75,1748
2022-09-19 15:39:54,71,14,3915.75,1762
2022-09-19 15:39:55,63,-11,3916.0,1751
2022-09-19 15:39:56,25,8,3916.0,1759
2022-09-19 15:39:57,35,-10,3915.75,1749
2022-09-19 15:39:58,57,1,3915.5,1750
2022-09-19 15:39:59,90,0,3915.5,1750
2022-09-19 15:40:00,68,8,3915.5,1758
2022-09-19 15:40:01,127,-22,3915.5,1736
2022-09-19 15:40:02,137,4,3915.25,1740
2022-09-19 15:40:03,109,19,3915.25,1759
2022-09-19 15:40:04,79,6,3915.5,1765
2022-09-19 15:40:05,25,15,3916.0,1780
2022-09-19 15:40:06,54,-8,3916.0,1772
2022-09-19 15:40:07,73,16,3916.25,1788
2022-09-19 15:40:08,92,-10,3916.5,1778
2022-09-19 15:40:09,68,17,3916.5,1795
2022-09-19 15:40:10,62,-5,3916.25,1790
2022-09-19 15:40:11,84,-2,3916.5,1788
2022-09-19 15:40:12,64,-12,3916.25,1776
2022-09-19 15:40:13,62,7,3916.25,1783
2022-09-19 15:40:14,199,-55,3916.0,1728
2022-09-19 15:40:15,50,3,3916.0,1731
2022-09-19 15:40:16,46,2,3915.75,1733
2022-09-19 15:40:17,49,-1,3916.0,1732
2022-09-19 15:40:18,46,12,3916.0,1744
2022-09-19 15:40:19,38,-9,3916.0,1735
2022-09-19 15:40:20,83,4,3916.25,1739
2022-09-19 15:40:21,43,-10,3916.25,1729
2022-09-19 15:40:22,23,-5,3916.0,1724
2022-09-19 15:40:23,40,-3,3916.0,1721
2022-09-19 15:40:24,3,1,3916.0,1722
2022-09-19 15:40:25,60,-2,3916.0,1720
2022-09-19 15:40:26,64,-6,3915.75,1714
2022-09-19 15:40:27,87,14,3916.0,1728
2022-09-19 15:40:28,83,2,3916.25,1730
2022-09-19 15:40:29,20,-4,3916.25,1726
2022-09-19 15:40:30,46,13,3916.25,1739
2022-09-19 15:40:31,96,22,3916.5,1761
2022-09-19 15:40:32,21,7,3916.75,1768
2022-09-19 15:40:33,37,-7,3916.75,1761
2022-09-19 15:40:34,60,-9,3916.25,1752
2022-09-19 15:40:35,52,-17,3916.0,1735
2022-09-19 15:40:36,30,8,3916.0,1743
2022-09-19 15:40:37,45,-16,3916.0,1727
2022-09-19 15:40:38,2,0,3916.0,1727
2022-09-19 15:40:39,19,8,3916.0,1735
2022-09-19 15:40:40,9,-5,3916.0,1730
2022-09-19 15:40:42,25,9,3916.0,1739
2022-09-19 15:40:43,59,3,3916.25,1742
2022-09-19 15:40:44,27,-11,3916.25,1731
2022-09-19 15:40:45,71,3,3916.5,1734
2022-09-19 15:40:46,23,-2,3916.75,1732
2022-09-19 15:40:47,37,12,3916.75,1744
2022-09-19 15:40:48,141,25,3917.0,1769
2022-09-19 15:40:49,25,-7,3917.0,1762
2022-09-19 15:40:50,101,-77,3916.75,1685
2022-09-19 15:40:51,51,12,3916.75,1697
2022-09-19 15:40:52,45,-3,3916.75,1694
2022-09-19 15:40:53,42,-18,3916.75,1676
2022-09-19 15:40:54,41,18,3916.75,1694
2022-09-19 15:40:55,62,20,3917.0,1714
2022-09-19 15:40:56,69,17,3917.25,1731
2022-09-19 15:40:57,50,-7,3917.25,1724
2022-09-19 15:40:58,87,28,3917.0,1752
2022-09-19 15:40:59,83,15,3917.0,1767
2022-09-19 15:41:00,27,-2,3917.0,1765
2022-09-19 15:41:01,45,7,3917.25,1772
2022-09-19 15:41:02,93,-23,3917.25,1749
2022-09-19 15:41:03,43,8,3917.0,1757
2022-09-19 15:41:04,26,-4,3917.25,1753
2022-09-19 15:41:05,61,-9,3916.75,1744
2022-09-19 15:41:06,70,-6,3917.0,1738
2022-09-19 15:41:07,34,11,3917.0,1749
2022-09-19 15:41:08,156,60,3917.75,1809
2022-09-19 15:41:09,47,13,3918.0,1822
2022-09-19 15:41:10,139,-32,3918.0,1790
2022-09-19 15:41:11,37,-17,3917.75,1773
2022-09-19 15:41:12,41,4,3917.5,1777
2022-09-19 15:41:13,30,6,3918.0,1783
2022-09-19 15:41:14,185,26,3918.0,1809
2022-09-19 15:41:15,67,-8,3917.75,1801
2022-09-19 15:41:16,25,9,3917.5,1810
2022-09-19 15:41:17,32,-8,3917.5,1802
2022-09-19 15:41:18,23,-15,3917.5,1787
2022-09-19 15:41:19,76,-6,3917.5,1781
2022-09-19 15:41:20,46,1,3917.25,1782
2022-09-19 15:41:21,162,-21,3916.75,1761
2022-09-19 15:41:22,55,-5,3916.5,1756
2022-09-19 15:41:23,3,-1,3916.75,1755
2022-09-19 15:41:24,22,6,3916.75,1761
2022-09-19 15:41:25,9,1,3916.75,1762
2022-09-19 15:41:26,13,-8,3916.75,1754
2022-09-19 15:41:27,99,-5,3916.5,1749
2022-09-19 15:41:28,83,-11,3916.25,1738
2022-09-19 15:41:29,26,-15,3916.0,1723
2022-09-19 15:41:30,140,29,3916.75,1752
2022-09-19 15:41:31,67,-7,3917.0,1745
2022-09-19 15:41:32,18,-13,3916.75,1732
2022-09-19 15:41:33,32,3,3916.75,1735
2022-09-19 15:41:34,90,7,3916.5,1742
2022-09-19 15:41:35,88,24,3917.25,1766
2022-09-19 15:41:36,19,11,3917.25,1777
2022-09-19 15:41:37,28,16,3917.25,1793
2022-09-19 15:41:38,111,-7,3917.25,1786
2022-09-19 15:41:39,46,-11,3917.25,1775
2022-09-19 15:41:40,56,5,3917.25,1780
2022-09-19 15:41:41,31,-2,3917.25,1778
2022-09-19 15:41:42,88,-80,3917.0,1698
2022-09-19 15:41:43,100,41,3917.5,1739
2022-09-19 15:41:44,35,4,3917.5,1743
2022-09-19 15:41:45,53,-4,3917.5,1739
2022-09-19 15:41:46,109,19,3917.25,1758
2022-09-19 15:41:47,39,6,3917.0,1764
2022-09-19 15:41:48,69,1,3916.75,1765
2022-09-19 15:41:49,92,-7,3917.0,1758
2022-09-19 15:41:50,37,2,3916.75,1760
2022-09-19 15:41:51,15,-9,3916.5,1751
2022-09-19 15:41:52,64,-5,3916.5,1746
2022-09-19 15:41:53,39,5,3916.5,1751
2022-09-19 15:41:54,100,14,3916.75,1765
2022-09-19 15:41:55,31,8,3916.75,1773
2022-09-19 15:41:56,68,-11,3916.75,1762
2022-09-19 15:41:57,17,2,3916.75,1764
2022-09-19 15:41:58,4,2,3917.0,1766
2022-09-19 15:41:59,88,-17,3916.75,1749
2022-09-19 15:42:00,30,-6,3916.5,1743
2022-09-19 15:42:01,93,13,3916.5,1756
2022-09-19 15:42:02,83,-33,3916.5,1723
2022-09-19 15:42:04,114,-17,3916.25,1706
2022-09-19 15:42:05,58,13,3916.25,1719
2022-09-19 15:42:06,60,8,3916.75,1727
2022-09-19 15:42:07,19,1,3916.5,1728
2022-09-19 15:42:08,36,0,3916.5,1728
2022-09-19 15:42:09,60,3,3916.75,1731
2022-09-19 15:42:10,22,0,3916.75,1731
2022-09-19 15:42:11,16,6,3916.75,1737
2022-09-19 15:42:13,80,-13,3917.0,1724
2022-09-19 15:42:14,105,26,3916.75,1750
2022-09-19 15:42:15,26,-1,3916.5,1749
2022-09-19 15:42:16,90,-16,3916.5,1733
2022-09-19 15:42:17,11,-7,3916.25,1726
2022-09-19 15:42:18,72,-32,3916.25,1694
2022-09-19 15:42:19,33,4,3916.0,1698
2022-09-19 15:42:20,49,8,3916.25,1706
2022-09-19 15:42:21,72,6,3916.25,1712
2022-09-19 15:42:22,125,24,3916.25,1736
2022-09-19 15:42:23,31,7,3916.25,1743
2022-09-19 15:42:24,29,-5,3916.25,1738
2022-09-19 15:42:25,61,-19,3916.25,1719
2022-09-19 15:42:26,31,-5,3916.25,1714
2022-09-19 15:42:27,37,-9,3916.25,1705
2022-09-19 15:42:28,5,-5,3916.0,1700
2022-09-19 15:42:29,86,-13,3915.75,1687
2022-09-19 15:42:30,122,-38,3915.75,1649
2022-09-19 15:42:31,32,-9,3915.75,1640
2022-09-19 15:42:32,81,-19,3915.5,1621
2022-09-19 15:42:33,85,21,3915.5,1642
2022-09-19 15:42:34,64,-4,3915.75,1638
2022-09-19 15:42:35,39,-28,3915.25,1610
2022-09-19 15:42:36,7,-7,3915.0,1603
2022-09-19 15:42:37,133,-7,3915.0,1596
2022-09-19 15:42:38,148,-3,3915.25,1593
2022-09-19 15:42:39,33,-9,3915.25,1584
2022-09-19 15:42:40,33,-13,3915.5,1571
2022-09-19 15:42:41,45,3,3915.25,1574
2022-09-19 15:42:42,110,42,3915.75,1616
2022-09-19 15:42:43,132,-5,3915.75,1611
2022-09-19 15:42:44,157,-54,3915.25,1557
2022-09-19 15:42:45,12,8,3915.25,1565
2022-09-19 15:42:46,69,22,3915.5,1587
2022-09-19 15:42:47,48,-5,3915.75,1582
2022-09-19 15:42:48,52,8,3915.5,1590
2022-09-19 15:42:49,41,18,3915.75,1608
2022-09-19 15:42:50,37,-4,3915.75,1604
2022-09-19 15:42:51,41,18,3916.0,1622
2022-09-19 15:42:52,5,3,3916.0,1625
2022-09-19 15:42:53,42,-20,3915.75,1605
2022-09-19 15:42:54,2,-2,3915.75,1603
2022-09-19 15:42:55,93,-7,3916.0,1596
2022-09-19 15:42:56,31,1,3915.25,1597
2022-09-19 15:42:57,6,0,3915.25,1597
2022-09-19 15:42:58,122,-20,3915.0,1577
2022-09-19 15:42:59,18,3,3915.0,1580
2022-09-19 15:43:00,62,11,3915.25,1591
2022-09-19 15:43:01,25,10,3915.25,1601
2022-09-19 15:43:02,80,-17,3915.25,1584
2022-09-19 15:43:03,86,-1,3915.25,1583
2022-09-19 15:43:04,7,-3,3915.0,1580
2022-09-19 15:43:05,90,-12,3915.25,1568
2022-09-19 15:43:06,134,9,3915.5,1577
2022-09-19 15:43:07,52,0,3915.25,1577
2022-09-19 15:43:08,64,-12,3915.5,1565
2022-09-19 15:43:09,51,-3,3915.5,1562
2022-09-19 15:43:10,79,-36,3915.25,1526
2022-09-19 15:43:11,42,-7,3915.0,1519
2022-09-19 15:43:12,673,-59,3915.0,1460
2022-09-19 15:43:13,45,-7,3914.5,1453
2022-09-19 15:43:14,91,12,3914.75,1465
2022-09-19 15:43:15,47,1,3915.25,1466
2022-09-19 15:43:16,181,-12,3915.0,1454
2022-09-19 15:43:17,219,32,3915.5,1486
2022-09-19 15:43:18,34,11,3915.5,1497
2022-09-19 15:43:19,30,-10,3915.5,1487
2022-09-19 15:43:20,41,4,3915.0,1491
2022-09-19 15:43:21,21,-2,3915.25,1489
2022-09-19 15:43:22,8,6,3915.5,1495
2022-09-19 15:43:23,56,2,3915.5,1497
2022-09-19 15:43:24,80,13,3915.75,1510
2022-09-19 15:43:25,144,-26,3915.75,1484
2022-09-19 15:43:26,28,16,3915.75,1500
2022-09-19 15:43:27,47,-11,3915.75,1489
2022-09-19 15:43:28,95,10,3916.25,1499
2022-09-19 15:43:29,10,-3,3916.0,1496
2022-09-19 15:43:30,77,-8,3916.0,1488
2022-09-19 15:43:31,106,-19,3915.5,1469
2022-09-19 15:43:32,50,-5,3915.25,1464
2022-09-19 15:43:33,47,-9,3915.0,1455
2022-09-19 15:43:34,39,-2,3915.25,1453
2022-09-19 15:43:35,64,-29,3915.0,1424
2022-09-19 15:43:36,71,7,3915.5,1431
2022-09-19 15:43:37,24,8,3915.5,1439
2022-09-19 15:43:38,110,-6,3915.5,1433
2022-09-19 15:43:39,50,5,3915.5,1438
2022-09-19 15:43:40,76,-6,3915.25,1432
2022-09-19 15:43:41,12,-4,3915.25,1428
2022-09-19 15:43:42,42,-2,3915.25,1426
2022-09-19 15:43:43,22,4,3915.5,1430
2022-09-19 15:43:44,47,14,3915.75,1444
2022-09-19 15:43:45,11,-6,3915.5,1438
2022-09-19 15:43:46,32,-15,3915.5,1423
2022-09-19 15:43:47,1,-1,3915.25,1422
2022-09-19 15:43:48,129,32,3915.5,1454
2022-09-19 15:43:50,78,-34,3915.25,1420
2022-09-19 15:43:51,28,-5,3915.0,1415
2022-09-19 15:43:52,1,-1,3915.0,1414
2022-09-19 15:43:53,52,-20,3915.25,1394
2022-09-19 15:43:54,1,-1,3915.0,1393
2022-09-19 15:43:55,61,5,3915.25,1398
2022-09-19 15:43:56,8,4,3915.25,1402
2022-09-19 15:43:57,61,-26,3915.25,1376
2022-09-19 15:43:58,25,-3,3915.0,1373
2022-09-19 15:43:59,82,24,3915.5,1397
2022-09-19 15:44:00,61,-19,3915.75,1378
2022-09-19 15:44:01,2,0,3915.5,1378
2022-09-19 15:44:02,94,21,3915.75,1399
2022-09-19 15:44:03,25,-14,3915.5,1385
2022-09-19 15:44:04,30,-13,3915.0,1372
2022-09-19 15:44:05,69,12,3915.25,1384
2022-09-19 15:44:06,67,-37,3915.25,1347
2022-09-19 15:44:07,47,24,3915.0,1371
2022-09-19 15:44:08,50,7,3915.25,1378
2022-09-19 15:44:09,6,2,3915.25,1380
2022-09-19 15:44:10,28,-4,3915.25,1376
2022-09-19 15:44:11,13,-4,3915.25,1372
2022-09-19 15:44:12,18,-6,3915.25,1366
2022-09-19 15:44:13,81,-1,3915.25,1365
2022-09-19 15:44:15,10,4,3915.5,1369
2022-09-19 15:44:16,14,-9,3915.25,1360
2022-09-19 15:44:17,15,13,3915.5,1373
2022-09-19 15:44:18,33,6,3915.25,1379
2022-09-19 15:44:19,33,6,3915.5,1385
2022-09-19 15:44:20,68,-11,3915.75,1374
2022-09-19 15:44:21,57,18,3915.75,1392
2022-09-19 15:44:22,81,-14,3915.75,1378
2022-09-19 15:44:23,17,-4,3915.25,1374
2022-09-19 15:44:24,24,12,3915.5,1386
2022-09-19 15:44:25,22,-9,3915.25,1377
2022-09-19 15:44:26,9,4,3915.25,1381
2022-09-19 15:44:27,23,16,3915.5,1397
2022-09-19 15:44:28,82,-14,3915.75,1383
2022-09-19 15:44:29,33,12,3915.75,1395
2022-09-19 15:44:30,120,25,3916.5,1420
2022-09-19 15:44:31,91,-13,3916.25,1407
2022-09-19 15:44:32,30,12,3916.0,1419
2022-09-19 15:44:33,32,-3,3916.25,1416
2022-09-19 15:44:34,112,-17,3916.25,1399
2022-09-19 15:44:35,11,-2,3916.25,1397
2022-09-19 15:44:36,154,32,3916.75,1429
2022-09-19 15:44:37,60,-9,3916.75,1420
2022-09-19 15:44:38,41,-3,3916.75,1417
2022-09-19 15:44:39,45,1,3916.5,1418
2022-09-19 15:44:40,22,-3,3916.5,1415
2022-09-19 15:44:41,58,25,3916.75,1440
2022-09-19 15:44:42,23,-3,3916.75,1437
2022-09-19 15:44:43,133,1,3916.75,1438
2022-09-19 15:44:44,28,3,3916.5,1441
2022-09-19 15:44:45,3,-3,3916.25,1438
2022-09-19 15:44:46,37,-15,3916.5,1423
2022-09-19 15:44:47,125,-32,3916.0,1391
2022-09-19 15:44:48,38,7,3916.25,1398
2022-09-19 15:44:49,2,-2,3916.0,1396
2022-09-19 15:44:50,26,-5,3916.0,1391
2022-09-19 15:44:51,42,-6,3916.0,1385
2022-09-19 15:44:52,3,-3,3915.75,1382
2022-09-19 15:44:53,26,6,3916.0,1388
2022-09-19 15:44:54,51,6,3916.0,1394
2022-09-19 15:44:55,70,-2,3915.75,1392
2022-09-19 15:44:56,23,-4,3916.0,1388
2022-09-19 15:44:57,28,-5,3915.75,1383
2022-09-19 15:44:58,89,-23,3915.75,1360
2022-09-19 15:44:59,46,-17,3915.75,1343
2022-09-19 15:45:00,261,-27,3915.75,1316
2022-09-19 15:45:01,54,36,3915.75,1352
2022-09-19 15:45:02,74,12,3915.75,1364
2022-09-19 15:45:03,124,13,3916.0,1377
2022-09-19 15:45:04,137,-21,3916.25,1356
2022-09-19 15:45:05,67,3,3916.5,1359
2022-09-19 15:45:06,33,-15,3916.5,1344
2022-09-19 15:45:07,68,3,3916.25,1347
2022-09-19 15:45:08,35,-12,3916.25,1335
2022-09-19 15:45:09,29,-20,3916.0,1315
2022-09-19 15:45:10,67,27,3916.25,1342
2022-09-19 15:45:11,33,3,3915.75,1345
2022-09-19 15:45:12,46,-2,3916.0,1343
2022-09-19 15:45:13,27,-6,3916.0,1337
2022-09-19 15:45:14,220,5,3915.5,1342
2022-09-19 15:45:15,105,43,3916.0,1385
2022-09-19 15:45:16,175,41,3916.5,1426
2022-09-19 15:45:17,33,4,3916.5,1430
2022-09-19 15:45:18,16,6,3916.5,1436
2022-09-19 15:45:19,34,5,3916.5,1441
2022-09-19 15:45:20,49,-2,3916.5,1439
2022-09-19 15:45:21,8,-7,3916.5,1432
2022-09-19 15:45:22,40,9,3916.5,1441
2022-09-19 15:45:23,3,-1,3916.5,1440
2022-09-19 15:45:24,52,14,3916.5,1454
2022-09-19 15:45:25,9,4,3916.5,1458
2022-09-19 15:45:26,69,-2,3916.5,1456
2022-09-19 15:45:27,13,8,3916.75,1464
2022-09-19 15:45:28,55,10,3916.75,1474
2022-09-19 15:45:29,189,15,3917.0,1489
2022-09-19 15:45:30,120,-16,3917.0,1473
2022-09-19 15:45:31,590,-228,3916.75,1245
2022-09-19 15:45:32,55,5,3916.0,1250
2022-09-19 15:45:33,102,48,3916.25,1298
2022-09-19 15:45:34,156,21,3916.25,1319
2022-09-19 15:45:35,2,-2,3916.0,1317
2022-09-19 15:45:36,63,2,3916.25,1319
2022-09-19 15:45:37,48,7,3916.5,1326
2022-09-19 15:45:38,80,-38,3916.25,1288
2022-09-19 15:45:39,4,0,3916.25,1288
2022-09-19 15:45:40,32,18,3916.5,1306
2022-09-19 15:45:41,117,11,3916.25,1317
2022-09-19 15:45:42,56,0,3916.25,1317
2022-09-19 15:45:43,48,1,3916.25,1318
2022-09-19 15:45:44,42,2,3916.25,1320
2022-09-19 15:45:45,114,39,3916.5,1359
2022-09-19 15:45:46,151,40,3917.0,1399
2022-09-19 15:45:47,42,4,3917.0,1403
2022-09-19 15:45:48,7,0,3917.0,1403
2022-09-19 15:45:49,22,-1,3917.0,1402
2022-09-19 15:45:50,35,-16,3916.5,1386
2022-09-19 15:45:51,83,9,3916.75,1395
2022-09-19 15:45:52,141,66,3917.5,1461
2022-09-19 15:45:53,136,90,3918.0,1551
2022-09-19 15:45:54,93,-8,3918.0,1543
2022-09-19 15:45:55,53,1,3918.0,1544
2022-09-19 15:45:56,90,-8,3917.75,1536
2022-09-19 15:45:57,16,-13,3917.5,1523
2022-09-19 15:45:58,57,-20,3917.5,1503
2022-09-19 15:45:59,37,2,3917.5,1505
2022-09-19 15:46:00,101,-3,3917.5,1502
2022-09-19 15:46:01,168,-107,3917.25,1395
2022-09-19 15:46:02,131,-46,3916.75,1349
2022-09-19 15:46:03,117,-12,3916.0,1337
2022-09-19 15:46:04,115,-6,3915.5,1331
2022-09-19 15:46:05,24,1,3915.25,1332
2022-09-19 15:46:06,88,19,3915.75,1351
2022-09-19 15:46:07,90,-27,3915.75,1324
2022-09-19 15:46:08,168,-11,3915.0,1313
2022-09-19 15:46:09,76,7,3915.5,1320
2022-09-19 15:46:10,64,1,3915.5,1321
2022-09-19 15:46:11,52,-3,3915.5,1318
2022-09-19 15:46:12,31,7,3915.5,1325
2022-09-19 15:46:13,55,-10,3915.5,1315
2022-09-19 15:46:14,32,1,3915.75,1316
2022-09-19 15:46:15,2,0,3915.75,1316
2022-09-19 15:46:16,115,-29,3915.75,1287
2022-09-19 15:46:17,146,1,3915.25,1288
2022-09-19 15:46:18,36,-16,3915.25,1272
2022-09-19 15:46:19,41,-5,3915.25,1267
2022-09-19 15:46:20,127,22,3915.5,1289
2022-09-19 15:46:21,52,7,3915.75,1296
2022-09-19 15:46:22,101,-21,3915.5,1275
2022-09-19 15:46:23,40,21,3916.25,1296
2022-09-19 15:46:24,29,9,3916.5,1305
2022-09-19 15:46:25,22,-8,3916.5,1297
2022-09-19 15:46:26,12,-10,3916.25,1287
2022-09-19 15:46:27,60,-4,3916.25,1283
2022-09-19 15:46:28,114,-3,3916.75,1280
2022-09-19 15:46:29,111,22,3916.75,1302
2022-09-19 15:46:30,44,-2,3916.75,1300
2022-09-19 15:46:31,106,25,3917.0,1325
2022-09-19 15:46:32,87,-9,3917.0,1316
2022-09-19 15:46:33,22,-1,3916.75,1315
2022-09-19 15:46:34,80,-31,3916.5,1284
2022-09-19 15:46:36,30,-16,3916.0,1268
2022-09-19 15:46:37,128,-37,3915.75,1231
2022-09-19 15:46:38,65,20,3915.25,1251
2022-09-19 15:46:39,35,1,3915.5,1252
2022-09-19 15:46:40,6,-6,3915.25,1246
2022-09-19 15:46:41,36,-2,3915.5,1244
2022-09-19 15:46:42,40,8,3915.5,1252
2022-09-19 15:46:43,154,-35,3915.25,1217
2022-09-19 15:46:44,13,6,3915.0,1223
2022-09-19 15:46:45,5,-3,3915.0,1220
2022-09-19 15:46:46,59,-2,3915.0,1218
2022-09-19 15:46:47,1,-1,3914.75,1217
2022-09-19 15:46:48,255,-62,3915.0,1155
2022-09-19 15:46:49,268,-35,3914.25,1120
2022-09-19 15:46:50,157,-6,3914.5,1114
2022-09-19 15:46:51,122,-2,3914.5,1112
2022-09-19 15:46:52,246,-49,3914.5,1063
2022-09-19 15:46:53,44,9,3914.5,1072
2022-09-19 15:46:54,54,-12,3914.5,1060
2022-09-19 15:46:55,53,-6,3914.5,1054
2022-09-19 15:46:56,8,-3,3914.5,1051
2022-09-19 15:46:57,134,-18,3914.25,1033
2022-09-19 15:46:58,14,4,3914.5,1037
2022-09-19 15:46:59,40,-11,3914.5,1026
2022-09-19 15:47:00,103,-14,3914.25,1012
2022-09-19 15:47:01,99,-22,3914.0,990
2022-09-19 15:47:02,163,-1,3914.5,989
2022-09-19 15:47:03,279,93,3914.75,1082
2022-09-19 15:47:04,47,-25,3914.75,1057
2022-09-19 15:47:05,22,-10,3914.5,1047
2022-09-19 15:47:06,107,5,3915.0,1052
2022-09-19 15:47:07,38,-5,3914.5,1047
2022-09-19 15:47:08,4,0,3914.75,1047
2022-09-19 15:47:09,28,-4,3914.75,1043
2022-09-19 15:47:10,169,-44,3914.5,999
2022-09-19 15:47:11,127,-20,3914.75,979
2022-09-19 15:47:12,35,-7,3915.0,972
2022-09-19 15:47:13,81,-12,3914.75,960
2022-09-19 15:47:14,59,-23,3914.5,937
2022-09-19 15:47:15,31,1,3914.5,938
2022-09-19 15:47:16,111,36,3915.0,974
2022-09-19 15:47:17,67,2,3915.25,976
2022-09-19 15:47:18,57,-22,3914.75,954
2022-09-19 15:47:19,58,-15,3914.25,939
2022-09-19 15:47:21,138,-14,3914.25,925
2022-09-19 15:47:22,130,26,3914.25,951
2022-09-19 15:47:23,116,73,3914.5,1024
2022-09-19 15:47:24,169,-11,3914.25,1013
2022-09-19 15:47:25,104,-7,3914.25,1006
2022-09-19 15:47:26,175,34,3914.5,1040
2022-09-19 15:47:27,12,-10,3914.5,1030
2022-09-19 15:47:28,22,-7,3914.25,1023
2022-09-19 15:47:29,43,1,3914.5,1024
2022-09-19 15:47:30,140,14,3914.75,1038
2022-09-19 15:47:31,119,-19,3914.5,1019
2022-09-19 15:47:32,17,-10,3914.0,1009
2022-09-19 15:47:33,95,-2,3913.75,1007
2022-09-19 15:47:34,41,-1,3914.0,1006
2022-09-19 15:47:35,348,-32,3913.75,974
2022-09-19 15:47:36,141,-61,3913.5,913
2022-09-19 15:47:37,79,-3,3913.5,910
2022-09-19 15:47:38,131,7,3913.5,917
2022-09-19 15:47:39,24,-15,3913.75,902
2022-09-19 15:47:40,71,43,3914.25,945
2022-09-19 15:47:41,123,-23,3914.0,922
2022-09-19 15:47:42,117,-10,3914.0,912
2022-09-19 15:47:43,46,-8,3913.75,904
2022-09-19 15:47:44,13,-11,3913.5,893
2022-09-19 15:47:45,58,-6,3913.25,887
2022-09-19 15:47:46,31,-21,3913.25,866
2022-09-19 15:47:47,94,-19,3913.25,847
2022-09-19 15:47:48,65,-7,3913.25,840
2022-09-19 15:47:49,245,-111,3913.0,729
2022-09-19 15:47:50,186,-28,3912.75,701
2022-09-19 15:47:51,82,1,3913.25,702
2022-09-19 15:47:52,17,-13,3912.75,689
2022-09-19 15:47:53,72,6,3912.75,695
2022-09-19 15:47:54,105,16,3913.0,711
2022-09-19 15:47:55,69,-4,3913.0,707
2022-09-19 15:47:56,39,11,3913.0,718
2022-09-19 15:47:57,75,-13,3912.75,705
2022-09-19 15:47:58,89,2,3912.75,707
2022-09-19 15:47:59,60,1,3912.75,708
2022-09-19 15:48:00,41,-16,3913.0,692
2022-09-19 15:48:01,50,-36,3912.75,656
2022-09-19 15:48:02,177,-36,3912.25,620
2022-09-19 15:48:03,242,-29,3912.0,591
2022-09-19 15:48:04,59,-34,3912.0,557
2022-09-19 15:48:05,145,-42,3911.5,515
2022-09-19 15:48:06,178,7,3911.5,522
2022-09-19 15:48:07,66,-2,3912.0,520
2022-09-19 15:48:08,65,-18,3911.75,502
2022-09-19 15:48:09,84,-1,3911.75,501
2022-09-19 15:48:10,54,-2,3912.0,499
2022-09-19 15:48:11,25,7,3911.75,506
2022-09-19 15:48:12,112,3,3912.0,509
2022-09-19 15:48:13,144,-43,3912.0,466
2022-09-19 15:48:14,33,-2,3911.75,464
2022-09-19 15:48:15,39,-12,3911.75,452
2022-09-19 15:48:16,2,0,3911.75,452
2022-09-19 15:48:17,45,1,3911.75,453
2022-09-19 15:48:18,77,-3,3911.75,450
2022-09-19 15:48:19,64,7,3911.75,457
2022-09-19 15:48:20,79,15,3911.75,472
2022-09-19 15:48:21,17,-11,3911.75,461
2022-09-19 15:48:22,32,23,3912.0,484
2022-09-19 15:48:23,65,16,3912.0,500
2022-09-19 15:48:24,237,69,3912.5,569
2022-09-19 15:48:25,121,53,3913.0,622
2022-09-19 15:48:26,44,1,3913.0,623
2022-09-19 15:48:27,42,-9,3912.5,614
2022-09-19 15:48:28,81,2,3912.5,616
2022-09-19 15:48:29,58,0,3912.75,616
2022-09-19 15:48:30,230,91,3913.25,707
2022-09-19 15:48:31,266,64,3913.25,771
2022-09-19 15:48:32,44,6,3913.0,777
2022-09-19 15:48:33,42,8,3913.25,785
2022-09-19 15:48:34,170,-131,3913.5,654
2022-09-19 15:48:35,44,-13,3913.0,641
2022-09-19 15:48:36,35,1,3913.0,642
2022-09-19 15:48:37,13,0,3913.0,642
2022-09-19 15:48:38,6,-4,3912.75,638
2022-09-19 15:48:39,159,21,3913.5,659
2022-09-19 15:48:40,248,13,3913.5,672
2022-09-19 15:48:41,117,23,3913.5,695
2022-09-19 15:48:42,88,27,3913.75,722
2022-09-19 15:48:43,101,-4,3914.25,718
2022-09-19 15:48:44,49,-14,3914.0,704
2022-09-19 15:48:45,14,0,3913.75,704
2022-09-19 15:48:46,69,-15,3913.75,689
2022-09-19 15:48:47,29,-17,3913.5,672
2022-09-19 15:48:48,83,4,3913.25,676
2022-09-19 15:48:49,65,-22,3913.25,654
2022-09-19 15:48:50,48,-4,3913.5,650
2022-09-19 15:48:51,18,13,3913.25,663
2022-09-19 15:48:52,79,-13,3913.5,650
2022-09-19 15:48:53,13,-1,3913.75,649
2022-09-19 15:48:54,2,0,3913.75,649
2022-09-19 15:48:55,95,-13,3913.5,636
2022-09-19 15:48:56,9,-1,3913.25,635
2022-09-19 15:48:57,43,8,3913.75,643
2022-09-19 15:48:58,112,-6,3913.5,637
2022-09-19 15:48:59,75,3,3913.5,640
2022-09-19 15:49:00,54,-27,3913.25,613
2022-09-19 15:49:01,167,16,3913.0,629
2022-09-19 15:49:02,53,23,3913.0,652
2022-09-19 15:49:03,29,1,3913.0,653
2022-09-19 15:49:04,40,-5,3912.75,648
2022-09-19 15:49:05,56,1,3913.0,649
2022-09-19 15:49:06,23,-3,3912.75,646
2022-09-19 15:49:07,28,1,3912.75,647
2022-09-19 15:49:08,12,-7,3912.75,640
2022-09-19 15:49:09,111,24,3913.0,664
2022-09-19 15:49:10,44,-5,3912.75,659
2022-09-19 15:49:11,25,-15,3912.75,644
2022-09-19 15:49:12,29,-3,3912.75,641
2022-09-19 15:49:13,49,3,3913.25,644
2022-09-19 15:49:14,53,-6,3913.25,638
2022-09-19 15:49:15,31,-10,3913.0,628
2022-09-19 15:49:16,1,1,3913.0,629
2022-09-19 15:49:17,104,51,3913.5,680
2022-09-19 15:49:18,22,17,3913.75,697
2022-09-19 15:49:19,153,23,3913.75,720
2022-09-19 15:49:20,150,16,3913.75,736
2022-09-19 15:49:21,66,-14,3913.5,722
2022-09-19 15:49:22,37,-13,3913.25,709
2022-09-19 15:49:23,1,1,3913.25,710
2022-09-19 15:49:24,64,0,3913.0,710
2022-09-19 15:49:25,13,1,3913.0,711
2022-09-19 15:49:26,52,7,3913.25,718
2022-09-19 15:49:27,151,8,3913.75,726
2022-09-19 15:49:28,48,-7,3913.75,719
2022-09-19 15:49:29,68,-17,3914.0,702
2022-09-19 15:49:30,10,-4,3913.75,698
2022-09-19 15:49:31,86,4,3913.75,702
2022-09-19 15:49:32,118,8,3913.75,710
2022-09-19 15:49:33,52,-23,3913.5,687
2022-09-19 15:49:34,43,10,3913.75,697
2022-09-19 15:49:35,217,10,3914.0,707
2022-09-19 15:49:36,58,2,3913.75,709
2022-09-19 15:49:37,225,11,3914.0,720
2022-09-19 15:49:38,122,26,3914.0,746
2022-09-19 15:49:39,100,7,3914.0,753
2022-09-19 15:49:40,137,-40,3913.75,713
2022-09-19 15:49:41,25,6,3913.75,719
2022-09-19 15:49:42,74,19,3913.75,738
2022-09-19 15:49:43,58,-3,3913.75,735
2022-09-19 15:49:44,141,-33,3913.5,702
2022-09-19 15:49:45,61,13,3913.5,715
2022-09-19 15:49:46,52,-18,3913.5,697
2022-09-19 15:49:47,2,0,3913.75,697
2022-09-19 15:49:48,124,7,3913.75,704
2022-09-19 15:49:49,99,46,3914.0,750
2022-09-19 15:49:50,113,-18,3914.0,732
2022-09-19 15:49:51,52,-5,3913.75,727
2022-09-19 15:49:52,54,-3,3913.75,724
2022-09-19 15:49:53,56,4,3914.0,728
2022-09-19 15:49:54,27,9,3913.75,737
2022-09-19 15:49:55,4,0,3913.75,737
2022-09-19 15:49:56,34,18,3913.75,755
2022-09-19 15:49:57,43,-9,3913.75,746
2022-09-19 15:49:58,40,5,3914.0,751
2022-09-19 15:49:59,283,-65,3913.5,686
2022-09-19 15:50:00,1132,-167,3914.75,519
2022-09-19 15:50:01,211,-42,3912.75,477
2022-09-19 15:50:02,136,15,3911.75,492
2022-09-19 15:50:03,182,-21,3911.75,471
2022-09-19 15:50:04,614,-303,3911.25,168
2022-09-19 15:50:05,82,-2,3910.0,166
2022-09-19 15:50:06,147,34,3910.5,200
2022-09-19 15:50:07,130,-49,3911.0,151
2022-09-19 15:50:08,94,2,3910.5,153
2022-09-19 15:50:09,60,-8,3910.5,145
2022-09-19 15:50:10,281,3,3910.0,148
2022-09-19 15:50:11,303,-133,3909.5,15
2022-09-19 15:50:12,108,-40,3909.5,-25
2022-09-19 15:50:13,152,43,3909.75,18
2022-09-19 15:50:14,64,21,3909.75,39
2022-09-19 15:50:15,155,1,3909.5,40
2022-09-19 15:50:16,74,-18,3909.5,22
2022-09-19 15:50:17,49,24,3909.75,46
2022-09-19 15:50:18,127,-32,3910.0,14
2022-09-19 15:50:19,46,0,3909.75,14
2022-09-19 15:50:20,201,9,3909.75,23
2022-09-19 15:50:21,124,44,3910.25,67
2022-09-19 15:50:22,107,-47,3910.0,20
2022-09-19 15:50:23,68,19,3909.75,39
2022-09-19 15:50:24,179,-49,3909.5,-10
2022-09-19 15:50:25,124,-8,3909.25,-18
2022-09-19 15:50:26,64,-9,3909.5,-27
2022-09-19 15:50:27,19,12,3909.75,-15
2022-09-19 15:50:28,40,-31,3909.75,-46
2022-09-19 15:50:29,264,-36,3909.25,-82
2022-09-19 15:50:30,374,-80,3908.75,-162
2022-09-19 15:50:31,87,-9,3908.5,-171
2022-09-19 15:50:32,269,53,3909.25,-118
2022-09-19 15:50:33,177,-31,3909.25,-149
2022-09-19 15:50:34,50,-1,3909.25,-150
2022-09-19 15:50:35,490,-193,3908.75,-343
2022-09-19 15:50:36,299,6,3908.25,-337
2022-09-19 15:50:37,202,7,3908.5,-330
2022-09-19 15:50:38,70,-22,3908.5,-352
2022-09-19 15:50:39,95,-5,3908.25,-357
2022-09-19 15:50:40,117,27,3908.5,-330
2022-09-19 15:50:41,304,22,3908.75,-308
2022-09-19 15:50:42,125,29,3909.25,-279
2022-09-19 15:50:43,193,-17,3909.25,-296
2022-09-19 15:50:44,68,-4,3909.25,-300
2022-09-19 15:50:45,377,-189,3909.25,-489
2022-09-19 15:50:46,78,-19,3908.5,-508
2022-09-19 15:50:47,109,10,3908.5,-498
2022-09-19 15:50:48,51,-11,3908.75,-509
2022-09-19 15:50:49,120,-16,3908.75,-525
2022-09-19 15:50:50,73,-48,3908.25,-573
2022-09-19 15:50:51,116,8,3907.75,-565
2022-09-19 15:50:52,99,10,3908.0,-555
2022-09-19 15:50:53,123,42,3908.0,-513
2022-09-19 15:50:54,96,-34,3907.75,-547
2022-09-19 15:50:55,168,34,3908.25,-513
2022-09-19 15:50:56,87,-4,3908.25,-517
2022-09-19 15:50:57,354,17,3908.75,-500
2022-09-19 15:50:58,208,16,3909.0,-484
2022-09-19 15:50:59,271,-25,3908.75,-509
2022-09-19 15:51:00,81,-35,3908.5,-544
2022-09-19 15:51:01,93,14,3908.25,-530
2022-09-19 15:51:02,101,-23,3908.25,-553
2022-09-19 15:51:03,150,8,3908.5,-545
2022-09-19 15:51:04,186,22,3908.75,-523
2022-09-19 15:51:05,145,-14,3909.0,-537
2022-09-19 15:51:06,160,10,3908.5,-527
2022-09-19 15:51:07,42,-2,3908.75,-529
2022-09-19 15:51:08,38,-6,3908.5,-535
2022-09-19 15:51:09,133,-28,3908.75,-563
2022-09-19 15:51:10,100,-10,3908.25,-573
2022-09-19 15:51:11,79,8,3908.25,-565
2022-09-19 15:51:12,52,-3,3908.25,-568
2022-09-19 15:51:13,82,0,3908.0,-568
2022-09-19 15:51:14,71,30,3908.25,-538
2022-09-19 15:51:15,81,2,3908.5,-536
2022-09-19 15:51:16,114,5,3908.75,-531
2022-09-19 15:51:17,88,25,3908.75,-506
2022-09-19 15:51:18,336,55,3909.5,-451
2022-09-19 15:51:19,252,60,3909.75,-391
2022-09-19 15:51:20,55,17,3910.0,-374
2022-09-19 15:51:21,103,-26,3910.0,-400
2022-09-19 15:51:22,109,-4,3910.0,-404
2022-09-19 15:51:23,63,28,3910.0,-376
2022-09-19 15:51:24,160,-5,3909.75,-381
2022-09-19 15:51:25,128,57,3910.5,-324
2022-09-19 15:51:26,213,-29,3910.5,-353
2022-09-19 15:51:27,25,4,3910.25,-349
2022-09-19 15:51:28,99,7,3910.25,-342
2022-09-19 15:51:29,82,-8,3910.0,-350
2022-09-19 15:51:30,67,10,3910.0,-340
2022-09-19 15:51:31,195,-11,3910.5,-351
2022-09-19 15:51:32,44,11,3910.5,-340
2022-09-19 15:51:33,94,27,3910.75,-313
2022-09-19 15:51:34,236,54,3911.25,-259
2022-09-19 15:51:35,46,0,3910.75,-259
2022-09-19 15:51:36,157,-31,3910.5,-290
2022-09-19 15:51:37,49,5,3910.5,-285
2022-09-19 15:51:38,65,13,3910.75,-272
2022-09-19 15:51:39,74,-29,3910.5,-301
2022-09-19 15:51:40,136,-33,3910.5,-334
2022-09-19 15:51:41,123,11,3910.0,-323
2022-09-19 15:51:42,108,-3,3910.25,-326
2022-09-19 15:51:43,73,-4,3910.5,-330
2022-09-19 15:51:44,62,4,3910.0,-326
2022-09-19 15:51:45,80,14,3910.25,-312
2022-09-19 15:51:46,121,16,3910.75,-296
2022-09-19 15:51:47,52,12,3911.0,-284
2022-09-19 15:51:48,93,-8,3910.75,-292
2022-09-19 15:51:49,88,-1,3910.75,-293
2022-09-19 15:51:50,91,12,3911.0,-281
2022-09-19 15:51:51,38,6,3911.25,-275
2022-09-19 15:51:52,93,4,3911.25,-271
2022-09-19 15:51:53,203,-39,3911.25,-310
2022-09-19 15:51:54,53,1,3910.5,-309
2022-09-19 15:51:55,90,-24,3910.5,-333
2022-09-19 15:51:56,39,-3,3910.5,-336
2022-09-19 15:51:57,23,11,3910.25,-325
2022-09-19 15:51:58,72,-5,3910.5,-330
2022-09-19 15:51:59,54,9,3910.25,-321
2022-09-19 15:52:00,310,-84,3910.25,-405
2022-09-19 15:52:01,138,5,3910.0,-400
2022-09-19 15:52:02,203,84,3910.75,-316
2022-09-19 15:52:03,169,-5,3911.0,-321
2022-09-19 15:52:04,177,23,3911.5,-298
2022-09-19 15:52:05,91,20,3911.25,-278
2022-09-19 15:52:06,129,33,3911.5,-245
2022-09-19 15:52:07,76,-1,3911.5,-246
2022-09-19 15:52:08,132,-11,3911.5,-257
2022-09-19 15:52:09,61,9,3911.5,-248
2022-09-19 15:52:10,596,197,3913.0,-51
2022-09-19 15:52:11,194,4,3913.0,-47
2022-09-19 15:52:12,91,21,3912.75,-26
2022-09-19 15:52:13,204,-1,3912.75,-27
2022-09-19 15:52:14,547,-88,3912.5,-115
2022-09-19 15:52:15,100,-23,3912.0,-138
2022-09-19 15:52:16,22,3,3912.0,-135
2022-09-19 15:52:17,104,-7,3912.25,-142
2022-09-19 15:52:18,104,-5,3912.5,-147
2022-09-19 15:52:19,16,-6,3912.25,-153
2022-09-19 15:52:20,86,-6,3912.25,-159
2022-09-19 15:52:21,103,8,3912.25,-151
2022-09-19 15:52:22,35,16,3912.5,-135
2022-09-19 15:52:23,15,-11,3912.5,-146
2022-09-19 15:52:24,59,22,3912.5,-124
2022-09-19 15:52:25,99,-5,3912.75,-129
2022-09-19 15:52:26,54,14,3912.75,-115
2022-09-19 15:52:27,155,-50,3912.5,-165
2022-09-19 15:52:28,21,-4,3912.25,-169
2022-09-19 15:52:29,110,-14,3912.5,-183
2022-09-19 15:52:30,143,19,3912.75,-164
2022-09-19 15:52:31,28,3,3912.75,-161
2022-09-19 15:52:32,28,7,3912.75,-154
2022-09-19 15:52:33,57,-2,3912.75,-156
2022-09-19 15:52:34,102,14,3912.75,-142
2022-09-19 15:52:35,23,7,3912.75,-135
2022-09-19 15:52:36,5,-1,3912.75,-136
2022-09-19 15:52:37,118,11,3912.75,-125
2022-09-19 15:52:38,38,-6,3912.5,-131
2022-09-19 15:52:39,195,-17,3912.5,-148
2022-09-19 15:52:40,17,13,3912.5,-135
2022-09-19 15:52:41,11,-6,3912.5,-141
2022-09-19 15:52:42,39,21,3912.75,-120
2022-09-19 15:52:43,88,17,3913.0,-103
2022-09-19 15:52:44,1,1,3912.75,-102
2022-09-19 15:52:45,218,31,3913.25,-71
2022-09-19 15:52:46,7,-7,3912.75,-78
2022-09-19 15:52:47,53,-9,3913.0,-87
2022-09-19 15:52:48,10,-4,3912.75,-91
2022-09-19 15:52:49,102,-30,3912.75,-121
2022-09-19 15:52:50,57,-2,3912.75,-123
2022-09-19 15:52:51,87,-1,3912.75,-124
2022-09-19 15:52:52,27,-19,3912.5,-143
2022-09-19 15:52:53,188,-11,3912.5,-154
2022-09-19 15:52:54,38,-7,3912.5,-161
2022-09-19 15:52:55,142,-57,3912.25,-218
2022-09-19 15:52:56,165,-19,3911.75,-237
2022-09-19 15:52:57,86,4,3912.0,-233
2022-09-19 15:52:58,78,10,3912.25,-223
2022-09-19 15:52:59,40,-3,3912.25,-226
2022-09-19 15:53:00,117,5,3912.5,-221
2022-09-19 15:53:01,79,-6,3912.5,-227
2022-09-19 15:53:02,78,-10,3912.5,-237
2022-09-19 15:53:03,184,50,3912.5,-187
2022-09-19 15:53:04,150,44,3912.75,-143
2022-09-19 15:53:05,40,7,3913.0,-136
2022-09-19 15:53:06,121,-27,3912.75,-163
2022-09-19 15:53:07,150,18,3913.0,-145
2022-09-19 15:53:08,25,13,3913.0,-132
2022-09-19 15:53:09,145,6,3913.0,-126
2022-09-19 15:53:10,82,9,3913.0,-117
2022-09-19 15:53:11,32,8,3913.0,-109
2022-09-19 15:53:12,76,6,3913.0,-103
2022-09-19 15:53:13,84,1,3913.0,-102
2022-09-19 15:53:14,91,-10,3913.0,-112
2022-09-19 15:53:15,188,3,3913.0,-109
2022-09-19 15:53:16,47,1,3912.75,-108
2022-09-19 15:53:17,46,0,3912.5,-108
2022-09-19 15:53:18,67,12,3912.75,-96
2022-09-19 15:53:19,38,-24,3912.75,-120
2022-09-19 15:53:20,208,11,3912.5,-109
2022-09-19 15:53:21,3,1,3912.5,-108
2022-09-19 15:53:22,94,27,3912.75,-81
2022-09-19 15:53:23,63,-2,3913.0,-83
2022-09-19 15:53:24,129,33,3913.0,-50
2022-09-19 15:53:25,4,-2,3913.0,-52
2022-09-19 15:53:26,29,14,3913.25,-38
2022-09-19 15:53:27,90,-10,3913.0,-48
2022-09-19 15:53:28,188,-15,3913.0,-63
2022-09-19 15:53:29,27,-8,3912.75,-71
2022-09-19 15:53:30,53,-32,3912.5,-103
2022-09-19 15:53:31,176,1,3913.0,-102
2022-09-19 15:53:32,109,-5,3913.0,-107
2022-09-19 15:53:33,105,0,3912.75,-107
2022-09-19 15:53:34,22,-13,3912.75,-120
2022-09-19 15:53:35,112,-19,3912.25,-139
2022-09-19 15:53:36,79,19,3912.75,-120
2022-09-19 15:53:37,61,6,3912.75,-114
2022-09-19 15:53:38,46,-6,3912.5,-120
2022-09-19 15:53:39,66,16,3912.75,-104
2022-09-19 15:53:40,78,-8,3912.5,-112
2022-09-19 15:53:41,20,7,3912.75,-105
2022-09-19 15:53:42,142,16,3912.75,-89
2022-09-19 15:53:43,129,27,3913.25,-62
2022-09-19 15:53:44,216,27,3913.5,-35
2022-09-19 15:53:45,83,18,3913.25,-17
2022-09-19 15:53:46,12,2,3913.0,-15
2022-09-19 15:53:47,24,-8,3913.25,-23
2022-09-19 15:53:48,33,-7,3913.25,-30
2022-09-19 15:53:49,85,12,3913.0,-18
2022-09-19 15:53:50,107,2,3913.25,-16
2022-09-19 15:53:51,108,-9,3913.0,-25
2022-09-19 15:53:52,112,0,3913.5,-25
2022-09-19 15:53:53,32,-16,3913.25,-41
2022-09-19 15:53:54,42,11,3913.25,-30
2022-09-19 15:53:55,185,31,3913.5,1
2022-09-19 15:53:56,317,107,3914.0,108
2022-09-19 15:53:57,71,2,3914.25,110
2022-09-19 15:53:58,157,-19,3914.0,91
2022-09-19 15:53:59,50,4,3913.75,95
2022-09-19 15:54:00,17,-14,3913.75,81
2022-09-19 15:54:01,145,-54,3913.5,27
2022-09-19 15:54:02,106,-20,3913.25,7
2022-09-19 15:54:03,128,22,3913.75,29
2022-09-19 15:54:04,90,6,3913.75,35
2022-09-19 15:54:05,2,0,3914.0,35
2022-09-19 15:54:06,284,133,3914.5,168
2022-09-19 15:54:07,154,15,3914.25,183
2022-09-19 15:54:08,89,8,3914.5,191
2022-09-19 15:54:09,75,38,3914.5,229
2022-09-19 15:54:10,46,-13,3914.5,216
2022-09-19 15:54:11,37,-19,3914.5,197
2022-09-19 15:54:12,103,-37,3914.5,160
2022-09-19 15:54:13,270,61,3914.75,221
2022-09-19 15:54:14,4,0,3914.75,221
2022-09-19 15:54:15,2,2,3914.75,223
2022-09-19 15:54:16,20,3,3914.75,226
2022-09-19 15:54:17,75,3,3914.75,229
2022-09-19 15:54:18,388,-60,3914.75,169
2022-09-19 15:54:19,58,-11,3914.75,158
2022-09-19 15:54:20,18,9,3914.75,167
2022-09-19 15:54:21,70,1,3914.75,168
2022-09-19 15:54:22,140,-33,3914.5,135
2022-09-19 15:54:23,53,-24,3914.0,111
2022-09-19 15:54:24,144,-21,3914.0,90
2022-09-19 15:54:25,74,4,3914.25,94
2022-09-19 15:54:26,29,15,3914.25,109
2022-09-19 15:54:27,107,26,3914.75,135
2022-09-19 15:54:28,27,19,3914.75,154
2022-09-19 15:54:29,151,77,3915.0,231
2022-09-19 15:54:30,162,-22,3914.75,209
2022-09-19 15:54:31,2,0,3914.5,209
2022-09-19 15:54:32,59,-29,3914.25,180
2022-09-19 15:54:33,81,5,3914.25,185
2022-09-19 15:54:34,40,-7,3914.25,178
2022-09-19 15:54:35,144,-11,3914.25,167
2022-09-19 15:54:36,66,2,3914.25,169
2022-09-19 15:54:37,65,6,3914.0,175
2022-09-19 15:54:38,47,-3,3914.0,172
2022-09-19 15:54:39,91,-20,3913.75,152
2022-09-19 15:54:40,920,248,3915.75,400
2022-09-19 15:54:41,190,-47,3915.25,353
2022-09-19 15:54:42,36,-11,3915.5,342
2022-09-19 15:54:43,89,-7,3915.25,335
2022-09-19 15:54:44,135,33,3915.25,368
2022-09-19 15:54:45,22,-4,3915.5,364
2022-09-19 15:54:46,88,-10,3915.5,354
2022-09-19 15:54:47,50,2,3915.25,356
2022-09-19 15:54:48,42,5,3915.5,361
2022-09-19 15:54:49,166,20,3915.75,381
2022-09-19 15:54:50,55,-10,3915.75,371
2022-09-19 15:54:51,96,35,3916.0,406
2022-09-19 15:54:52,35,-20,3916.0,386
2022-09-19 15:54:53,69,4,3915.75,390
2022-09-19 15:54:54,134,-36,3915.75,354
2022-09-19 15:54:55,57,11,3916.0,365
2022-09-19 15:54:56,20,10,3916.0,375
2022-09-19 15:54:57,82,-15,3916.0,360
2022-09-19 15:54:58,61,-4,3916.0,356
2022-09-19 15:54:59,128,-3,3915.75,353
2022-09-19 15:55:00,632,-85,3916.0,268
2022-09-19 15:55:01,244,29,3915.75,297
2022-09-19 15:55:02,75,3,3916.0,300
2022-09-19 15:55:03,347,121,3916.0,421
2022-09-19 15:55:04,66,19,3916.0,440
2022-09-19 15:55:05,116,-2,3916.0,438
2022-09-19 15:55:06,303,78,3916.5,516
2022-09-19 15:55:07,177,22,3916.75,538
2022-09-19 15:55:08,203,-26,3916.75,512
2022-09-19 15:55:09,181,-13,3916.5,499
2022-09-19 15:55:10,59,6,3916.25,505
2022-09-19 15:55:11,185,51,3917.0,556
2022-09-19 15:55:12,92,-11,3917.0,545
2022-09-19 15:55:13,9,4,3916.75,549
2022-09-19 15:55:14,181,-7,3916.75,542
2022-09-19 15:55:15,276,-75,3916.5,467
2022-09-19 15:55:16,313,-66,3915.75,401
2022-09-19 15:55:17,178,-34,3915.25,367
2022-09-19 15:55:18,88,-3,3914.75,364
2022-09-19 15:55:19,126,-29,3914.75,335
2022-09-19 15:55:20,167,-14,3914.25,321
2022-09-19 15:55:21,73,15,3914.25,336
2022-09-19 15:55:22,110,-54,3914.0,282
2022-09-19 15:55:23,108,-26,3913.75,256
2022-09-19 15:55:24,181,31,3913.0,287
2022-09-19 15:55:25,195,-7,3913.25,280
2022-09-19 15:55:26,214,50,3914.0,330
2022-09-19 15:55:27,97,-3,3914.0,327
2022-09-19 15:55:28,64,11,3913.75,338
2022-09-19 15:55:29,46,2,3913.75,340
2022-09-19 15:55:30,14,-10,3914.0,330
2022-09-19 15:55:31,85,52,3914.25,382
2022-09-19 15:55:32,127,1,3914.25,383
2022-09-19 15:55:33,114,2,3914.25,385
2022-09-19 15:55:34,160,11,3914.25,396
2022-09-19 15:55:35,88,4,3914.25,400
2022-09-19 15:55:36,57,20,3914.5,420
2022-09-19 15:55:37,120,-30,3914.25,390
2022-09-19 15:55:38,242,56,3914.75,446
2022-09-19 15:55:39,84,-8,3914.75,438
2022-09-19 15:55:40,103,-2,3914.5,436
2022-09-19 15:55:41,193,42,3914.75,478
2022-09-19 15:55:42,152,-3,3914.75,475
2022-09-19 15:55:43,77,7,3915.0,482
2022-09-19 15:55:44,64,-10,3914.75,472
2022-09-19 15:55:45,56,-29,3914.5,443
2022-09-19 15:55:46,95,-4,3914.5,439
2022-09-19 15:55:47,96,4,3914.25,443
2022-09-19 15:55:48,161,17,3914.5,460
2022-09-19 15:55:49,134,-46,3914.25,414
2022-09-19 15:55:50,48,-39,3913.75,375
2022-09-19 15:55:51,4,-4,3913.5,371
2022-09-19 15:55:52,253,69,3914.0,440
2022-09-19 15:55:53,19,8,3914.0,448
2022-09-19 15:55:54,205,-35,3913.75,413
2022-09-19 15:55:55,139,-56,3913.5,357
2022-09-19 15:55:56,188,-39,3912.75,318
2022-09-19 15:55:57,147,29,3912.75,347
2022-09-19 15:55:58,501,192,3913.25,539
2022-09-19 15:55:59,226,-30,3913.0,509
2022-09-19 15:56:00,34,-2,3912.75,507
2022-09-19 15:56:01,351,32,3913.5,539
2022-09-19 15:56:02,64,-27,3913.5,512
2022-09-19 15:56:03,82,-61,3913.5,451
2022-09-19 15:56:04,143,-13,3912.75,438
2022-09-19 15:56:05,97,-1,3912.5,437
2022-09-19 15:56:06,168,-67,3912.5,370
2022-09-19 15:56:07,229,84,3912.75,454
2022-09-19 15:56:08,89,5,3912.75,459
2022-09-19 15:56:09,89,2,3913.0,461
2022-09-19 15:56:10,210,-20,3913.25,441
2022-09-19 15:56:11,37,1,3913.25,442
2022-09-19 15:56:12,230,51,3913.25,493
2022-09-19 15:56:13,153,14,3913.5,507
2022-09-19 15:56:14,278,44,3913.75,551
2022-09-19 15:56:15,1,1,3913.75,552
2022-09-19 15:56:16,117,-15,3913.5,537
2022-09-19 15:56:17,94,2,3913.75,539
2022-09-19 15:56:18,89,10,3914.0,549
2022-09-19 15:56:19,38,10,3914.0,559
2022-09-19 15:56:20,119,-12,3914.0,547
2022-09-19 15:56:21,117,3,3913.75,550
2022-09-19 15:56:22,76,15,3913.5,565
2022-09-19 15:56:23,55,-2,3913.75,563
2022-09-19 15:56:24,107,-11,3913.75,552
2022-09-19 15:56:25,31,-9,3913.5,543
2022-09-19 15:56:26,164,-32,3913.25,511
2022-09-19 15:56:27,117,2,3913.5,513
2022-09-19 15:56:28,125,-98,3913.25,415
2022-09-19 15:56:29,16,8,3913.0,423
2022-09-19 15:56:30,105,22,3913.25,445
2022-09-19 15:56:31,69,8,3913.25,453
2022-09-19 15:56:32,140,25,3913.75,478
2022-09-19 15:56:33,108,-21,3913.75,457
2022-09-19 15:56:34,35,4,3913.25,461
2022-09-19 15:56:35,19,-9,3913.5,452
2022-09-19 15:56:36,3,-3,3913.25,449
2022-09-19 15:56:37,352,8,3914.0,457
2022-09-19 15:56:38,1,1,3914.0,458
2022-09-19 15:56:39,150,0,3914.25,458
2022-09-19 15:56:40,75,-12,3914.0,446
2022-09-19 15:56:41,90,-14,3913.75,432
2022-09-19 15:56:42,162,42,3914.0,474
2022-09-19 15:56:43,100,-10,3914.0,464
2022-09-19 15:56:44,115,3,3914.0,467
2022-09-19 15:56:45,56,3,3914.0,470
2022-09-19 15:56:46,13,-5,3913.75,465
2022-09-19 15:56:47,3,2,3914.0,467
2022-09-19 15:56:48,97,-4,3914.0,463
2022-09-19 15:56:49,101,30,3914.0,493
2022-09-19 15:56:50,205,-2,3913.75,491
2022-09-19 15:56:51,107,15,3913.75,506
2022-09-19 15:56:52,1,-1,3913.75,505
2022-09-19 15:56:53,165,-18,3913.75,487
2022-09-19 15:56:54,67,-22,3913.75,465
2022-09-19 15:56:55,190,54,3914.25,519
2022-09-19 15:56:56,104,-45,3914.0,474
2022-09-19 15:56:57,34,15,3913.75,489
2022-09-19 15:56:58,21,-16,3913.75,473
2022-09-19 15:56:59,4,-4,3913.75,469
2022-09-19 15:57:00,108,-40,3913.75,429
2022-09-19 15:57:01,132,38,3913.75,467
2022-09-19 15:57:02,302,12,3914.0,479
2022-09-19 15:57:03,86,-27,3914.25,452
2022-09-19 15:57:04,257,-48,3914.0,404
2022-09-19 15:57:05,73,22,3914.0,426
2022-09-19 15:57:06,5,-5,3914.0,421
2022-09-19 15:57:07,453,100,3914.75,521
2022-09-19 15:57:08,85,6,3914.75,527
2022-09-19 15:57:09,19,1,3914.75,528
2022-09-19 15:57:10,102,-9,3914.75,519
2022-09-19 15:57:11,99,26,3914.5,545
2022-09-19 15:57:12,71,-31,3914.75,514
2022-09-19 15:57:13,59,17,3914.75,531
2022-09-19 15:57:14,133,49,3915.0,580
2022-09-19 15:57:15,101,3,3915.25,583
2022-09-19 15:57:16,117,19,3915.5,602
2022-09-19 15:57:17,253,50,3915.75,652
2022-09-19 15:57:18,132,-22,3915.75,630
2022-09-19 15:57:19,97,-18,3915.5,612
2022-09-19 15:57:20,107,-15,3915.75,597
2022-09-19 15:57:21,129,40,3915.75,637
2022-09-19 15:57:22,30,0,3915.75,637
2022-09-19 15:57:23,85,7,3916.0,644
2022-09-19 15:57:24,19,9,3916.0,653
2022-09-19 15:57:25,105,-8,3916.0,645
2022-09-19 15:57:26,108,-13,3916.0,632
2022-09-19 15:57:27,34,17,3916.0,649
2022-09-19 15:57:28,58,-19,3916.0,630
2022-09-19 15:57:29,3,1,3916.0,631
2022-09-19 15:57:30,379,46,3916.0,677
2022-09-19 15:57:31,21,-3,3916.0,674
2022-09-19 15:57:32,71,-24,3915.75,650
2022-09-19 15:57:33,216,3,3915.75,653
2022-09-19 15:57:34,31,-27,3915.25,626
2022-09-19 15:57:35,161,17,3915.25,643
2022-09-19 15:57:36,117,28,3915.0,671
2022-09-19 15:57:37,146,-8,3915.0,663
2022-09-19 15:57:38,44,-4,3915.0,659
2022-09-19 15:57:39,120,8,3915.0,667
2022-09-19 15:57:40,98,3,3915.0,670
2022-09-19 15:57:41,250,37,3915.5,707
2022-09-19 15:57:42,68,-12,3915.75,695
2022-09-19 15:57:43,155,15,3915.75,710
2022-09-19 15:57:44,194,-28,3915.75,682
2022-09-19 15:57:45,283,-101,3915.75,581
2022-09-19 15:57:46,136,-2,3915.75,579
2022-09-19 15:57:47,15,0,3915.75,579
2022-09-19 15:57:48,122,-4,3915.5,575
2022-09-19 15:57:49,66,-1,3915.75,574
2022-09-19 15:57:50,3,-3,3915.5,571
2022-09-19 15:57:51,165,1,3915.75,572
2022-09-19 15:57:52,160,2,3915.5,574
2022-09-19 15:57:53,108,-4,3915.75,570
2022-09-19 15:57:54,1304,193,3916.5,763
2022-09-19 15:57:55,276,41,3916.5,804
2022-09-19 15:57:56,196,-3,3916.5,801
2022-09-19 15:57:57,153,-25,3916.75,776
2022-09-19 15:57:58,22,8,3916.75,784
2022-09-19 15:57:59,6,-6,3916.5,778
2022-09-19 15:58:00,251,-41,3916.75,737
2022-09-19 15:58:01,343,-88,3916.0,649
2022-09-19 15:58:02,250,-41,3915.75,608
2022-09-19 15:58:03,119,54,3915.75,662
2022-09-19 15:58:04,162,-35,3915.75,627
2022-09-19 15:58:05,187,-6,3915.5,621
2022-09-19 15:58:06,77,10,3915.75,631
2022-09-19 15:58:07,101,8,3915.5,639
2022-09-19 15:58:08,189,21,3916.0,660
2022-09-19 15:58:09,149,10,3916.5,670
2022-09-19 15:58:10,93,-25,3916.5,645
2022-09-19 15:58:11,160,1,3916.5,646
2022-09-19 15:58:12,101,-13,3916.25,633
2022-09-19 15:58:13,42,-16,3916.5,617
2022-09-19 15:58:14,119,32,3916.5,649
2022-09-19 15:58:15,213,-7,3916.75,642
2022-09-19 15:58:16,82,17,3916.75,659
2022-09-19 15:58:17,161,7,3917.0,666
2022-09-19 15:58:18,317,51,3917.0,717
2022-09-19 15:58:19,51,32,3917.25,749
2022-09-19 15:58:20,181,-56,3917.25,693
2022-09-19 15:58:21,137,36,3917.25,729
2022-09-19 15:58:22,443,23,3917.25,752
2022-09-19 15:58:23,72,-13,3917.25,739
2022-09-19 15:58:24,153,-87,3917.0,652
2022-09-19 15:58:25,105,8,3917.0,660
2022-09-19 15:58:26,330,155,3917.5,815
2022-09-19 15:58:27,194,-90,3917.0,725
2022-09-19 15:58:28,165,23,3916.75,748
2022-09-19 15:58:29,185,34,3917.0,782
2022-09-19 15:58:30,86,-9,3917.0,773
2022-09-19 15:58:31,179,23,3916.75,796
2022-09-19 15:58:32,18,8,3916.75,804
2022-09-19 15:58:33,259,-12,3916.75,792
2022-09-19 15:58:34,221,-25,3916.5,767
2022-09-19 15:58:35,92,22,3916.5,789
2022-09-19 15:58:36,145,5,3917.0,794
2022-09-19 15:58:37,187,15,3917.0,809
2022-09-19 15:58:38,139,62,3917.25,871
2022-09-19 15:58:39,88,-18,3917.25,853
2022-09-19 15:58:40,97,-10,3917.25,843
2022-09-19 15:58:41,880,264,3917.75,1107
2022-09-19 15:58:42,34,4,3917.5,1111
2022-09-19 15:58:43,399,-26,3917.5,1085
2022-09-19 15:58:44,27,-11,3917.25,1074
2022-09-19 15:58:45,139,-28,3917.0,1046
2022-09-19 15:58:46,61,-40,3916.75,1006
2022-09-19 15:58:47,3,-1,3916.75,1005
2022-09-19 15:58:48,155,37,3917.0,1042
2022-09-19 15:58:49,255,28,3917.25,1070
2022-09-19 15:58:50,203,-5,3917.25,1065
2022-09-19 15:58:51,31,-8,3917.0,1057
2022-09-19 15:58:52,13,6,3917.25,1063
2022-09-19 15:58:53,150,9,3917.25,1072
2022-09-19 15:58:54,159,23,3917.5,1095
2022-09-19 15:58:55,183,43,3917.5,1138
2022-09-19 15:58:56,32,4,3917.5,1142
2022-09-19 15:58:57,101,34,3917.75,1176
2022-09-19 15:58:58,278,-13,3917.75,1163
2022-09-19 15:58:59,212,-64,3917.75,1099
2022-09-19 15:59:00,269,48,3918.0,1147
2022-09-19 15:59:01,875,315,3918.5,1462
2022-09-19 15:59:02,327,-87,3918.5,1375
2022-09-19 15:59:03,314,-55,3918.25,1320
2022-09-19 15:59:04,153,8,3918.0,1328
2022-09-19 15:59:05,121,-46,3918.0,1282
2022-09-19 15:59:06,386,-3,3917.5,1279
2022-09-19 15:59:07,563,81,3918.0,1360
2022-09-19 15:59:08,540,-45,3918.0,1315
2022-09-19 15:59:09,306,-5,3917.75,1310
2022-09-19 15:59:10,75,-18,3917.75,1292
2022-09-19 15:59:11,220,-40,3917.5,1252
2022-09-19 15:59:12,20,-8,3917.5,1244
2022-09-19 15:59:13,207,25,3917.75,1269
2022-09-19 15:59:14,388,-11,3917.75,1258
2022-09-19 15:59:15,256,-72,3917.25,1186
2022-09-19 15:59:16,452,2,3917.0,1188
2022-09-19 15:59:17,388,-93,3916.5,1095
2022-09-19 15:59:18,330,-32,3916.0,1063
2022-09-19 15:59:19,1184,-171,3915.5,892
2022-09-19 15:59:20,556,22,3915.0,914
2022-09-19 15:59:21,227,40,3915.25,954
2022-09-19 15:59:22,243,15,3915.5,969
2022-09-19 15:59:23,255,-54,3915.25,915
2022-09-19 15:59:24,452,-190,3915.25,725
2022-09-19 15:59:25,335,-68,3914.5,657
2022-09-19 15:59:26,451,32,3915.25,689
2022-09-19 15:59:27,603,50,3915.5,739
2022-09-19 15:59:28,295,-8,3915.5,731
2022-09-19 15:59:29,280,-21,3916.0,710
2022-09-19 15:59:30,634,-70,3916.25,640
2022-09-19 15:59:31,291,-14,3916.25,626
2022-09-19 15:59:32,389,14,3916.5,640
2022-09-19 15:59:33,317,-60,3916.25,580
2022-09-19 15:59:34,305,-36,3916.25,544
2022-09-19 15:59:35,435,-41,3916.0,503
2022-09-19 15:59:36,405,5,3916.25,508
2022-09-19 15:59:37,530,26,3916.25,534
2022-09-19 15:59:38,376,-30,3916.5,504
2022-09-19 15:59:39,244,12,3916.25,516
2022-09-19 15:59:40,553,-87,3916.25,429
2022-09-19 15:59:41,474,-56,3915.5,373
2022-09-19 15:59:42,320,26,3915.25,399
2022-09-19 15:59:43,699,176,3915.75,575
2022-09-19 15:59:44,783,-13,3916.0,562
2022-09-19 15:59:45,647,-31,3916.5,531
2022-09-19 15:59:46,383,27,3916.5,558
2022-09-19 15:59:47,428,18,3916.75,576
2022-09-19 15:59:48,1131,149,3917.25,725
2022-09-19 15:59:49,624,-36,3917.0,689
2022-09-19 15:59:50,1429,-8,3917.25,681
2022-09-19 15:59:51,1307,136,3917.5,817
2022-09-19 15:59:52,1127,50,3917.75,867
2022-09-19 15:59:53,908,-106,3917.75,761
2022-09-19 15:59:54,954,10,3918.0,771
2022-09-19 15:59:55,2082,69,3918.25,840
2022-09-19 15:59:56,1299,46,3918.25,886
2022-09-19 15:59:57,2583,-35,3918.25,851
2022-09-19 15:59:58,2557,121,3918.75,972
2022-09-19 15:59:59,7423,148,3918.75,1120
2022-09-19 16:00:00,2584,-103,3918.75,1017
2022-09-19 16:00:01,832,-1,3918.25,1016
2022-09-19 16:00:02,737,-48,3918.25,968
2022-09-19 16:00:03,1593,-73,3917.75,895
2022-09-19 16:00:04,247,55,3917.5,950
2022-09-19 16:00:05,472,92,3918.0,1042
2022-09-19 16:00:06,294,-3,3918.5,1039
2022-09-19 16:00:07,125,-5,3918.25,1034
2022-09-19 16:00:08,223,-13,3918.25,1021
2022-09-19 16:00:09,538,90,3919.0,1111
2022-09-19 16:00:10,425,-48,3919.25,1063
2022-09-19 16:00:11,195,20,3919.25,1083
2022-09-19 16:00:12,148,34,3919.25,1117
2022-09-19 16:00:13,222,-17,3919.5,1100
2022-09-19 16:00:14,145,46,3919.5,1146
2022-09-19 16:00:15,148,-9,3919.75,1137
2022-09-19 16:00:16,170,43,3919.75,1180
2022-09-19 16:00:17,392,100,3920.25,1280
2022-09-19 16:00:18,232,57,3920.5,1337
2022-09-19 16:00:19,93,-10,3920.5,1327
2022-09-19 16:00:20,335,-31,3920.25,1296
2022-09-19 16:00:21,234,-12,3920.25,1284
2022-09-19 16:00:22,161,-29,3920.0,1255
2022-09-19 16:00:23,475,-49,3919.75,1206
2022-09-19 16:00:24,74,20,3919.5,1226
2022-09-19 16:00:25,130,-20,3919.25,1206
2022-09-19 16:00:26,13,-5,3919.5,1201
2022-09-19 16:00:27,38,-21,3919.25,1180
2022-09-19 16:00:28,122,-31,3919.5,1149
2022-09-19 16:00:29,134,8,3919.25,1157
2022-09-19 16:00:30,297,-70,3919.25,1087
2022-09-19 16:00:31,198,-1,3919.0,1086
2022-09-19 16:00:32,259,78,3919.75,1164
2022-09-19 16:00:33,246,-5,3919.75,1159
2022-09-19 16:00:34,153,11,3920.0,1170
2022-09-19 16:00:35,93,-11,3920.0,1159
2022-09-19 16:00:36,111,11,3920.0,1170
2022-09-19 16:00:37,150,25,3920.5,1195
2022-09-19 16:00:38,121,-21,3920.25,1174
2022-09-19 16:00:39,73,4,3920.5,1178
2022-09-19 16:00:40,273,0,3920.75,1178
2022-09-19 16:00:41,205,59,3920.75,1237
2022-09-19 16:00:42,85,-32,3920.75,1205
2022-09-19 16:00:43,112,16,3920.75,1221
2022-09-19 16:00:44,264,84,3921.25,1305
2022-09-19 16:00:45,75,30,3921.0,1335
2022-09-19 16:00:46,61,14,3921.0,1349
2022-09-19 16:00:47,147,-12,3921.0,1337
2022-09-19 16:00:48,41,20,3921.0,1357
2022-09-19 16:00:49,179,-1,3921.0,1356
2022-09-19 16:00:50,201,6,3921.0,1362
2022-09-19 16:00:51,148,65,3921.0,1427
2022-09-19 16:00:52,92,65,3921.25,1492
2022-09-19 16:00:53,146,34,3921.5,1526
2022-09-19 16:00:54,165,67,3921.75,1593
2022-09-19 16:00:55,34,16,3921.75,1609
2022-09-19 16:00:56,98,-21,3921.75,1588
2022-09-19 16:00:57,114,13,3921.75,1601
2022-09-19 16:00:58,42,5,3921.5,1606
2022-09-19 16:00:59,20,-7,3921.5,1599
2022-09-19 16:01:00,43,1,3921.5,1600
2022-09-19 16:01:01,183,80,3921.75,1680
2022-09-19 16:01:02,10,3,3921.5,1683
2022-09-19 16:01:03,125,-4,3921.75,1679
2022-09-19 16:01:04,69,-21,3921.75,1658
2022-09-19 16:01:05,125,19,3921.75,1677
2022-09-19 16:01:06,14,11,3921.75,1688
2022-09-19 16:01:07,141,-47,3921.75,1641
2022-09-19 16:01:08,85,-33,3921.75,1608
2022-09-19 16:01:09,24,3,3921.5,1611
2022-09-19 16:01:10,150,-63,3921.5,1548
2022-09-19 16:01:11,303,-79,3921.5,1469
2022-09-19 16:01:12,97,6,3921.25,1475
2022-09-19 16:01:13,259,-141,3921.25,1334
2022-09-19 16:01:14,5,-1,3921.0,1333
2022-09-19 16:01:15,5,0,3921.0,1333
2022-09-19 16:01:16,118,26,3921.0,1359
2022-09-19 16:01:17,108,33,3921.25,1392
2022-09-19 16:01:18,36,14,3921.25,1406
2022-09-19 16:01:19,21,13,3921.25,1419
2022-09-19 16:01:20,127,-16,3921.25,1403
2022-09-19 16:01:21,50,17,3921.75,1420
2022-09-19 16:01:22,336,91,3922.25,1511
2022-09-19 16:01:23,108,26,3922.5,1537
2022-09-19 16:01:24,21,-7,3922.5,1530
2022-09-19 16:01:25,55,-28,3922.5,1502
2022-09-19 16:01:26,42,5,3922.5,1507
2022-09-19 16:01:27,48,2,3922.5,1509
2022-09-19 16:01:28,460,96,3923.0,1605
2022-09-19 16:01:29,392,120,3923.5,1725
2022-09-19 16:01:30,335,40,3923.75,1765
2022-09-19 16:01:31,163,0,3923.75,1765
2022-09-19 16:01:32,66,-6,3923.75,1759
2022-09-19 16:01:33,218,1,3924.0,1760
2022-09-19 16:01:34,168,44,3924.0,1804
2022-09-19 16:01:35,478,9,3924.5,1813
2022-09-19 16:01:36,1055,114,3925.25,1927
2022-09-19 16:01:37,352,134,3925.75,2061
2022-09-19 16:01:38,554,92,3926.5,2153
2022-09-19 16:01:39,203,1,3926.5,2154
2022-09-19 16:01:40,230,-58,3926.5,2096
2022-09-19 16:01:41,287,-41,3926.25,2055
2022-09-19 16:01:42,100,29,3926.5,2084
2022-09-19 16:01:43,217,48,3927.0,2132
2022-09-19 16:01:44,500,-28,3927.0,2104
2022-09-19 16:01:45,193,-26,3926.75,2078
2022-09-19 16:01:46,671,167,3926.75,2245
2022-09-19 16:01:47,189,9,3926.5,2254
2022-09-19 16:01:48,77,0,3926.25,2254
2022-09-19 16:01:49,159,-4,3926.25,2250
2022-09-19 16:01:50,45,-22,3926.0,2228
2022-09-19 16:01:51,191,79,3926.25,2307
2022-09-19 16:01:52,85,-6,3926.25,2301
2022-09-19 16:01:53,51,-6,3926.25,2295
2022-09-19 16:01:54,205,36,3926.5,2331
2022-09-19 16:01:55,38,5,3926.5,2336
2022-09-19 16:01:56,175,49,3926.5,2385
2022-09-19 16:01:57,94,-35,3926.5,2350
2022-09-19 16:01:58,1,-1,3926.25,2349
2022-09-19 16:01:59,97,-13,3926.5,2336
2022-09-19 16:02:00,204,-44,3926.25,2292
2022-09-19 16:02:01,13,5,3925.75,2297
2022-09-19 16:02:02,16,-1,3925.75,2296
2022-09-19 16:02:03,163,-23,3925.5,2273
2022-09-19 16:02:04,141,-39,3926.0,2234
2022-09-19 16:02:05,52,11,3926.0,2245
2022-09-19 16:02:06,317,-44,3926.0,2201
2022-09-19 16:02:07,49,-16,3925.5,2185
2022-09-19 16:02:08,17,-2,3925.5,2183
2022-09-19 16:02:09,105,-6,3925.25,2177
2022-09-19 16:02:10,95,-34,3925.5,2143
2022-09-19 16:02:11,138,-19,3925.25,2124
2022-09-19 16:02:12,109,-19,3925.0,2105
2022-09-19 16:02:13,44,-3,3925.0,2102
2022-09-19 16:02:14,123,24,3925.0,2126
2022-09-19 16:02:15,37,-9,3924.75,2117
2022-09-19 16:02:16,59,2,3924.75,2119
2022-09-19 16:02:17,8,-5,3924.75,2114
2022-09-19 16:02:18,24,9,3924.75,2123
2022-09-19 16:02:19,101,-31,3924.5,2092
2022-09-19 16:02:20,5,-5,3924.25,2087
2022-09-19 16:02:21,69,-31,3924.5,2056
2022-09-19 16:02:22,204,-22,3924.25,2034
2022-09-19 16:02:23,587,-164,3924.0,1870
2022-09-19 16:02:24,232,-27,3923.25,1843
2022-09-19 16:02:25,35,8,3923.0,1851
2022-09-19 16:02:26,276,7,3923.25,1858
2022-09-19 16:02:27,81,-22,3923.5,1836
2022-09-19 16:02:28,247,-1,3923.25,1835
2022-09-19 16:02:29,30,-1,3923.25,1834
2022-09-19 16:02:30,63,23,3923.25,1857
2022-09-19 16:02:31,90,12,3923.5,1869
2022-09-19 16:02:32,17,-7,3923.25,1862
2022-09-19 16:02:33,124,2,3923.5,1864
2022-09-19 16:02:34,26,1,3923.25,1865
2022-09-19 16:02:35,33,11,3923.25,1876
2022-09-19 16:02:36,17,-6,3923.5,1870
2022-09-19 16:02:37,36,10,3923.25,1880
2022-09-19 16:02:38,102,-4,3923.25,1876
2022-09-19 16:02:39,4,0,3923.0,1876
2022-09-19 16:02:40,3,0,3923.0,1876
2022-09-19 16:02:41,4,-2,3923.0,1874
2022-09-19 16:02:42,63,25,3923.0,1899
2022-09-19 16:02:43,50,-7,3923.25,1892
2022-09-19 16:02:44,56,-7,3923.0,1885
2022-09-19 16:02:45,81,5,3923.0,1890
2022-09-19 16:02:46,10,0,3923.0,1890
2022-09-19 16:02:47,5,-4,3922.75,1886
2022-09-19 16:02:48,152,39,3923.25,1925
2022-09-19 16:02:49,4,2,3923.25,1927
2022-09-19 16:02:50,172,-26,3923.0,1901
2022-09-19 16:02:51,9,5,3923.0,1906
2022-09-19 16:02:52,22,7,3923.0,1913
2022-09-19 16:02:53,89,-1,3923.5,1912
2022-09-19 16:02:54,49,7,3923.5,1919
2022-09-19 16:02:55,149,5,3923.75,1924
2022-09-19 16:02:56,73,-29,3923.75,1895
2022-09-19 16:02:57,83,12,3923.5,1907
2022-09-19 16:02:58,2,-2,3923.25,1905
2022-09-19 16:02:59,34,13,3923.5,1918
2022-09-19 16:03:00,80,-19,3923.5,1899
2022-09-19 16:03:01,28,-2,3923.25,1897
2022-09-19 16:03:02,235,32,3923.5,1929
2022-09-19 16:03:03,67,-24,3923.75,1905
2022-09-19 16:03:04,117,-19,3923.25,1886
2022-09-19 16:03:05,4,2,3923.25,1888
2022-09-19 16:03:06,50,-24,3923.25,1864
2022-09-19 16:03:07,38,-20,3923.0,1844
2022-09-19 16:03:08,3,-2,3923.0,1842
2022-09-19 16:03:09,64,-26,3923.0,1816
2022-09-19 16:03:10,13,-1,3923.25,1815
2022-09-19 16:03:11,34,-17,3923.0,1798
2022-09-19 16:03:12,120,39,3923.5,1837
2022-09-19 16:03:13,62,31,3923.75,1868
2022-09-19 16:03:14,130,9,3924.0,1877
2022-09-19 16:03:15,94,-2,3924.0,1875
2022-09-19 16:03:16,9,4,3924.0,1879
2022-09-19 16:03:17,4,1,3924.0,1880
2022-09-19 16:03:18,24,-12,3923.75,1868
2022-09-19 16:03:19,9,-4,3923.75,1864
2022-09-19 16:03:20,68,-12,3923.75,1852
2022-09-19 16:03:21,66,26,3923.75,1878
2022-09-19 16:03:22,29,-9,3923.75,1869
2022-09-19 16:03:23,127,-2,3923.5,1867
2022-09-19 16:03:24,5,-1,3923.5,1866
2022-09-19 16:03:25,13,-2,3923.75,1864
2022-09-19 16:03:26,71,-9,3923.5,1855
2022-09-19 16:03:27,8,4,3923.5,1859
2022-09-19 16:03:28,5,-3,3923.5,1856
2022-09-19 16:03:29,10,3,3923.75,1859
2022-09-19 16:03:30,54,-24,3923.5,1835
2022-09-19 16:03:31,58,28,3923.75,1863
2022-09-19 16:03:32,53,6,3924.0,1869
2022-09-19 16:03:33,4,2,3923.75,1871
2022-09-19 16:03:34,6,-4,3923.5,1867
2022-09-19 16:03:35,6,0,3923.75,1867
2022-09-19 16:03:36,3,-2,3923.5,1865
2022-09-19 16:03:37,14,-4,3923.75,1861
2022-09-19 16:03:38,26,-12,3923.5,1849
2022-09-19 16:03:39,81,-37,3923.5,1812
2022-09-19 16:03:40,15,-9,3923.0,1803
2022-09-19 16:03:41,16,-8,3923.25,1795
2022-09-19 16:03:42,10,-1,3923.25,1794
2022-09-19 16:03:43,15,-4,3923.25,1790
2022-09-19 16:03:44,5,-3,3923.25,1787
2022-09-19 16:03:45,113,26,3923.5,1813
2022-09-19 16:03:46,42,13,3923.25,1826
2022-09-19 16:03:47,4,-2,3923.0,1824
2022-09-19 16:03:48,11,-5,3923.25,1819
2022-09-19 16:03:49,8,-3,3923.0,1816
2022-09-19 16:03:50,10,-5,3923.25,1811
2022-09-19 16:03:51,44,2,3923.25,1813
2022-09-19 16:03:52,131,-52,3923.0,1761
2022-09-19 16:03:53,73,12,3923.25,1773
2022-09-19 16:03:54,20,-13,3923.0,1760
2022-09-19 16:03:55,18,-11,3923.0,1749
2022-09-19 16:03:56,55,5,3922.75,1754
2022-09-19 16:03:57,24,-9,3923.0,1745
2022-09-19 16:03:58,6,-5,3922.5,1740
2022-09-19 16:03:59,47,10,3922.75,1750
2022-09-19 16:04:00,72,-3,3922.75,1747
2022-09-19 16:04:01,77,-18,3923.0,1729
2022-09-19 16:04:02,43,18,3923.0,1747
2022-09-19 16:04:03,9,-9,3922.75,1738
2022-09-19 16:04:04,37,-16,3923.0,1722
2022-09-19 16:04:05,5,-5,3922.75,1717
2022-09-19 16:04:06,5,1,3923.0,1718
2022-09-19 16:04:07,34,-7,3923.0,1711
2022-09-19 16:04:08,46,1,3922.75,1712
2022-09-19 16:04:09,2,-2,3922.75,1710
2022-09-19 16:04:10,20,8,3922.75,1718
2022-09-19 16:04:11,7,4,3922.75,1722
2022-09-19 16:04:12,7,-5,3922.5,1717
2022-09-19 16:04:13,84,-46,3922.5,1671
2022-09-19 16:04:14,45,18,3922.5,1689
2022-09-19 16:04:15,2,-2,3922.5,1687
2022-09-19 16:04:16,55,21,3922.75,1708
2022-09-19 16:04:17,2,-2,3922.75,1706
2022-09-19 16:04:18,151,60,3923.5,1766
2022-09-19 16:04:19,13,1,3923.5,1767
2022-09-19 16:04:20,16,3,3923.75,1770
2022-09-19 16:04:21,19,-9,3923.75,1761
2022-09-19 16:04:22,5,3,3923.5,1764
2022-09-19 16:04:23,30,-17,3923.5,1747
2022-09-19 16:04:24,32,10,3923.25,1757
2022-09-19 16:04:25,3,2,3923.25,1759
2022-09-19 16:04:26,1,1,3923.25,1760
2022-09-19 16:04:27,19,15,3923.25,1775
2022-09-19 16:04:28,10,-4,3923.25,1771
2022-09-19 16:04:29,16,-2,3923.5,1769
2022-09-19 16:04:30,1,-1,3923.25,1768
2022-09-19 16:04:31,5,1,3923.5,1769
2022-09-19 16:04:32,44,-16,3923.5,1753
2022-09-19 16:04:33,18,-14,3923.25,1739
2022-09-19 16:04:34,20,12,3923.25,1751
2022-09-19 16:04:35,39,-3,3923.5,1748
2022-09-19 16:04:36,17,11,3923.5,1759
2022-09-19 16:04:38,5,-3,3923.25,1756
2022-09-19 16:04:39,89,0,3923.5,1756
2022-09-19 16:04:40,4,-3,3923.25,1753
2022-09-19 16:04:41,53,18,3923.5,1771
2022-09-19 16:04:42,37,-8,3923.5,1763
2022-09-19 16:04:43,6,-2,3923.5,1761
2022-09-19 16:04:45,123,17,3923.5,1778
2022-09-19 16:04:46,4,1,3923.5,1779
2022-09-19 16:04:47,18,-6,3923.25,1773
2022-09-19 16:04:48,178,-7,3923.0,1766
2022-09-19 16:04:49,2,-1,3923.0,1765
2022-09-19 16:04:50,89,-3,3923.0,1762
2022-09-19 16:04:51,5,-2,3923.0,1760
2022-09-19 16:04:52,21,-15,3922.75,1745
2022-09-19 16:04:53,31,-21,3922.5,1724
2022-09-19 16:04:54,147,-66,3922.25,1658
2022-09-19 16:04:55,15,-11,3922.0,1647
2022-09-19 16:04:56,16,-1,3922.0,1646
2022-09-19 16:04:57,13,-2,3922.0,1644
2022-09-19 16:04:58,63,-25,3922.0,1619
2022-09-19 16:04:59,40,-9,3922.0,1610
2022-09-19 16:05:00,201,65,3922.0,1675
2022-09-19 16:05:01,171,56,3922.5,1731
2022-09-19 16:05:02,183,57,3923.0,1788
2022-09-19 16:05:03,39,13,3922.75,1801
2022-09-19 16:05:04,72,-4,3922.75,1797
2022-09-19 16:05:05,92,25,3922.5,1822
2022-09-19 16:05:06,4,1,3922.75,1823
2022-09-19 16:05:07,13,-6,3922.5,1817
2022-09-19 16:05:08,11,-1,3922.75,1816
2022-09-19 16:05:10,117,-7,3922.75,1809
2022-09-19 16:05:11,4,-4,3922.0,1805
2022-09-19 16:05:12,4,-4,3922.0,1801
2022-09-19 16:05:13,16,8,3922.25,1809
2022-09-19 16:05:14,3,2,3922.25,1811
2022-09-19 16:05:15,52,-15,3922.0,1796
2022-09-19 16:05:16,22,-2,3922.0,1794
2022-09-19 16:05:17,5,0,3922.0,1794
2022-09-19 16:05:18,106,5,3922.0,1799
2022-09-19 16:05:20,72,-17,3922.0,1782
2022-09-19 16:05:21,20,4,3922.0,1786
2022-09-19 16:05:22,1,-1,3921.75,1785
2022-09-19 16:05:24,1,-1,3921.75,1784
2022-09-19 16:05:25,71,7,3922.0,1791
2022-09-19 16:05:26,1,-1,3921.75,1790
2022-09-19 16:05:27,2,-2,3921.75,1788
2022-09-19 16:05:28,44,-17,3921.75,1771
2022-09-19 16:05:29,81,-33,3921.75,1738
2022-09-19 16:05:30,123,-10,3921.75,1728
2022-09-19 16:05:31,30,19,3921.5,1747
2022-09-19 16:05:32,63,31,3921.5,1778
2022-09-19 16:05:33,7,2,3921.5,1780
2022-09-19 16:05:34,55,-2,3921.75,1778
2022-09-19 16:05:35,117,18,3921.5,1796
2022-09-19 16:05:36,1,1,3921.5,1797
2022-09-19 16:05:37,1,-1,3921.25,1796
2022-09-19 16:05:38,34,14,3921.5,1810
2022-09-19 16:05:39,27,-5,3921.5,1805
2022-09-19 16:05:40,59,-27,3921.5,1778
2022-09-19 16:05:41,6,2,3921.5,1780
2022-09-19 16:05:42,91,-29,3921.5,1751
2022-09-19 16:05:43,4,0,3921.5,1751
2022-09-19 16:05:44,3,0,3921.5,1751
2022-09-19 16:05:45,2,0,3921.5,1751
2022-09-19 16:05:46,4,-1,3921.5,1750
2022-09-19 16:05:47,57,17,3921.5,1767
2022-09-19 16:05:48,3,2,3921.75,1769
2022-09-19 16:05:49,4,1,3921.75,1770
2022-09-19 16:05:50,65,-13,3921.5,1757
2022-09-19 16:05:51,3,1,3921.75,1758
2022-09-19 16:05:52,1,1,3921.75,1759
2022-09-19 16:05:53,97,30,3921.75,1789
2022-09-19 16:05:55,63,-30,3921.75,1759
2022-09-19 16:05:56,34,-8,3921.5,1751
2022-09-19 16:05:57,42,-23,3921.25,1728
2022-09-19 16:05:58,70,4,3921.25,1732
2022-09-19 16:05:59,2,-2,3921.0,1730
2022-09-19 16:06:00,3,0,3921.25,1730
2022-09-19 16:06:01,125,-71,3921.0,1659
2022-09-19 16:06:02,107,25,3920.75,1684
2022-09-19 16:06:03,27,5,3921.0,1689
2022-09-19 16:06:04,6,-2,3921.0,1687
2022-09-19 16:06:05,3,3,3921.0,1690
2022-09-19 16:06:06,107,17,3921.25,1707
2022-09-19 16:06:07,2,-2,3921.0,1705
2022-09-19 16:06:08,3,1,3921.25,1706
2022-09-19 16:06:09,3,0,3921.25,1706
2022-09-19 16:06:10,41,15,3921.25,1721
2022-09-19 16:06:11,1,1,3921.25,1722
2022-09-19 16:06:12,6,5,3921.25,1727
2022-09-19 16:06:15,7,6,3921.25,1733
2022-09-19 16:06:16,3,3,3921.25,1736
2022-09-19 16:06:17,7,-1,3921.25,1735
2022-09-19 16:06:18,1,-1,3921.0,1734
2022-09-19 16:06:19,3,1,3921.25,1735
2022-09-19 16:06:20,84,-26,3921.25,1709
2022-09-19 16:06:21,4,2,3921.0,1711
2022-09-19 16:06:23,3,3,3921.0,1714
2022-09-19 16:06:24,9,1,3921.0,1715
2022-09-19 16:06:25,1,-1,3920.75,1714
2022-09-19 16:06:26,3,3,3921.0,1717
2022-09-19 16:06:27,61,20,3921.25,1737
2022-09-19 16:06:28,37,-12,3921.25,1725
2022-09-19 16:06:29,14,2,3921.0,1727
2022-09-19 16:06:30,72,-20,3921.0,1707
2022-09-19 16:06:31,64,-29,3921.0,1678
2022-09-19 16:06:34,13,-6,3920.75,1672
2022-09-19 16:06:35,7,-2,3920.75,1670
2022-09-19 16:06:36,71,-18,3920.75,1652
2022-09-19 16:06:37,11,-6,3920.5,1646
2022-09-19 16:06:38,4,0,3920.5,1646
2022-09-19 16:06:39,2,2,3920.5,1648
2022-09-19 16:06:40,259,-52,3920.25,1596
2022-09-19 16:06:41,51,3,3920.25,1599
2022-09-19 16:06:42,4,0,3920.25,1599
2022-09-19 16:06:43,3,1,3920.25,1600
2022-09-19 16:06:44,47,-28,3920.0,1572
2022-09-19 16:06:45,60,-2,3920.25,1570
2022-09-19 16:06:46,12,5,3920.0,1575
2022-09-19 16:06:47,62,-32,3920.0,1543
2022-09-19 16:06:48,10,6,3920.0,1549
2022-09-19 16:06:49,4,-4,3919.75,1545
2022-09-19 16:06:50,67,33,3920.25,1578
2022-09-19 16:06:51,4,-4,3920.0,1574
2022-09-19 16:06:52,57,18,3920.25,1592
2022-09-19 16:06:53,28,15,3920.25,1607
2022-09-19 16:06:54,11,1,3920.25,1608
2022-09-19 16:06:55,57,-8,3920.25,1600
2022-09-19 16:06:56,20,8,3920.25,1608
2022-09-19 16:06:57,182,28,3920.75,1636
2022-09-19 16:06:58,8,1,3920.5,1637
2022-09-19 16:06:59,1,1,3920.5,1638
2022-09-19 16:07:00,2,-2,3920.25,1636
2022-09-19 16:07:01,79,-9,3920.5,1627
2022-09-19 16:07:03,3,-3,3920.25,1624
2022-09-19 16:07:04,1,-1,3920.25,1623
2022-09-19 16:07:05,6,-4,3920.25,1619
2022-09-19 16:07:06,8,3,3920.5,1622
2022-09-19 16:07:08,2,2,3920.5,1624
2022-09-19 16:07:10,2,2,3920.5,1626
2022-09-19 16:07:11,8,5,3920.5,1631
2022-09-19 16:07:12,2,2,3920.5,1633
2022-09-19 16:07:13,2,2,3920.5,1635
2022-09-19 16:07:14,145,-16,3920.75,1619
2022-09-19 16:07:15,120,-8,3920.25,1611
2022-09-19 16:07:16,37,-14,3920.25,1597
2022-09-19 16:07:17,56,6,3920.5,1603
2022-09-19 16:07:18,2,2,3920.25,1605
2022-09-19 16:07:19,25,-13,3920.25,1592
2022-09-19 16:07:20,32,9,3920.0,1601
2022-09-19 16:07:21,43,15,3920.5,1616
2022-09-19 16:07:23,53,15,3920.5,1631
2022-09-19 16:07:24,36,1,3920.5,1632
2022-09-19 16:07:25,29,0,3920.5,1632
2022-09-19 16:07:27,14,-14,3920.25,1618
2022-09-19 16:07:28,65,6,3920.25,1624
2022-09-19 16:07:29,20,14,3920.5,1638
2022-09-19 16:07:30,4,2,3920.5,1640
2022-09-19 16:07:31,73,-17,3920.25,1623
2022-09-19 16:07:32,21,-12,3920.0,1611
2022-09-19 16:07:34,1,1,3920.0,1612
2022-09-19 16:07:35,61,-10,3920.0,1602
2022-09-19 16:07:36,71,20,3920.0,1622
2022-09-19 16:07:39,2,0,3920.0,1622
2022-09-19 16:07:40,5,-3,3919.75,1619
2022-09-19 16:07:41,6,0,3920.0,1619
2022-09-19 16:07:42,3,2,3920.0,1621
2022-09-19 16:07:43,68,-18,3919.75,1603
2022-09-19 16:07:44,67,-28,3919.5,1575
2022-09-19 16:07:45,3,-3,3919.25,1572
2022-09-19 16:07:46,1,-1,3919.25,1571
2022-09-19 16:07:47,10,0,3919.5,1571
2022-09-19 16:07:48,1,-1,3919.25,1570
2022-09-19 16:07:49,2,-2,3919.25,1568
2022-09-19 16:07:50,2,0,3919.5,1568
2022-09-19 16:07:51,1,-1,3919.25,1567
2022-09-19 16:07:52,8,7,3919.5,1574
2022-09-19 16:07:53,5,3,3919.5,1577
2022-09-19 16:07:54,1,1,3919.5,1578
2022-09-19 16:07:55,3,3,3919.5,1581
2022-09-19 16:07:56,102,-12,3919.25,1569
2022-09-19 16:07:57,47,13,3919.25,1582
2022-09-19 16:07:58,14,5,3919.25,1587
2022-09-19 16:07:59,15,-5,3919.25,1582
2022-09-19 16:08:00,77,-25,3919.25,1557
2022-09-19 16:08:01,22,3,3919.0,1560
2022-09-19 16:08:03,64,-13,3919.25,1547
2022-09-19 16:08:04,33,-5,3919.0,1542
2022-09-19 16:08:05,56,11,3919.0,1553
2022-09-19 16:08:06,3,-1,3919.0,1552
2022-09-19 16:08:07,83,-15,3919.0,1537
2022-09-19 16:08:08,22,5,3919.0,1542
2022-09-19 16:08:09,5,1,3919.0,1543
2022-09-19 16:08:10,66,20,3919.5,1563
2022-09-19 16:08:11,11,7,3919.25,1570
2022-09-19 16:08:12,13,7,3919.25,1577
2022-09-19 16:08:14,4,3,3919.25,1580
2022-09-19 16:08:15,1,1,3919.25,1581
2022-09-19 16:08:16,16,7,3919.25,1588
2022-09-19 16:08:18,69,14,3919.25,1602
2022-09-19 16:08:19,15,6,3919.25,1608
2022-09-19 16:08:21,3,2,3919.25,1610
2022-09-19 16:08:22,56,-1,3919.5,1609
2022-09-19 16:08:23,17,6,3919.5,1615
2022-09-19 16:08:24,1,-1,3919.25,1614
2022-09-19 16:08:25,7,2,3919.5,1616
2022-09-19 16:08:26,12,7,3919.5,1623
2022-09-19 16:08:27,6,-2,3919.5,1621
2022-09-19 16:08:28,5,4,3919.5,1625
2022-09-19 16:08:29,2,0,3919.5,1625
2022-09-19 16:08:31,1,-1,3919.25,1624
2022-09-19 16:08:32,71,-24,3919.5,1600
2022-09-19 16:08:33,34,-14,3919.5,1586
2022-09-19 16:08:34,6,-2,3919.5,1584
2022-09-19 16:08:35,1,1,3919.5,1585
2022-09-19 16:08:36,3,2,3919.5,1587
2022-09-19 16:08:38,89,20,3919.75,1607
2022-09-19 16:08:39,44,12,3919.75,1619
2022-09-19 16:08:41,65,6,3920.0,1625
2022-09-19 16:08:42,20,1,3919.75,1626
2022-09-19 16:08:43,20,9,3919.75,1635
2022-09-19 16:08:45,45,-8,3919.75,1627
2022-09-19 16:08:46,19,5,3919.75,1632
2022-09-19 16:08:47,42,25,3920.0,1657
2022-09-19 16:08:48,31,-20,3920.25,1637
2022-09-19 16:08:49,42,-6,3919.75,1631
2022-09-19 16:08:50,2,2,3920.0,1633
2022-09-19 16:08:53,6,-4,3919.75,1629
2022-09-19 16:08:54,86,-8,3920.0,1621
2022-09-19 16:08:55,12,6,3920.0,1627
2022-09-19 16:08:56,4,2,3920.0,1629
2022-09-19 16:08:59,1,1,3920.0,1630
2022-09-19 16:09:00,1,1,3920.0,1631
2022-09-19 16:09:01,1,1,3920.0,1632
2022-09-19 16:09:03,78,-8,3920.0,1624
2022-09-19 16:09:04,4,3,3919.75,1627
2022-09-19 16:09:05,1,1,3919.75,1628
2022-09-19 16:09:06,8,1,3919.75,1629
2022-09-19 16:09:07,2,2,3919.75,1631
2022-09-19 16:09:08,59,-19,3919.5,1612
2022-09-19 16:09:09,68,7,3919.75,1619
2022-09-19 16:09:10,1,-1,3919.5,1618
2022-09-19 16:09:11,12,4,3919.75,1622
2022-09-19 16:09:12,38,-9,3919.5,1613
2022-09-19 16:09:13,31,10,3919.75,1623
2022-09-19 16:09:14,4,2,3919.75,1625
2022-09-19 16:09:15,1,-1,3919.5,1624
2022-09-19 16:09:16,99,4,3920.0,1628
2022-09-19 16:09:17,1,1,3919.75,1629
2022-09-19 16:09:19,43,-6,3919.5,1623
2022-09-19 16:09:20,2,0,3919.5,1623
2022-09-19 16:09:21,1,1,3919.5,1624
2022-09-19 16:09:23,19,-11,3919.25,1613
2022-09-19 16:09:24,1,1,3919.25,1614
2022-09-19 16:09:25,7,-1,3919.25,1613
2022-09-19 16:09:26,22,10,3919.25,1623
2022-09-19 16:09:28,2,1,3919.25,1624
2022-09-19 16:09:30,105,-19,3919.0,1605
2022-09-19 16:09:31,18,6,3919.0,1611
2022-09-19 16:09:32,9,-3,3919.0,1608
2022-09-19 16:09:33,28,10,3919.0,1618
2022-09-19 16:09:34,4,2,3919.0,1620
2022-09-19 16:09:35,6,1,3919.0,1621
2022-09-19 16:09:36,1,1,3919.0,1622
2022-09-19 16:09:37,2,0,3919.0,1622
2022-09-19 16:09:39,1,1,3919.0,1623
2022-09-19 16:09:40,67,24,3919.25,1647
2022-09-19 16:09:41,51,-17,3919.0,1630
2022-09-19 16:09:42,1,-1,3918.75,1629
2022-09-19 16:09:43,40,17,3919.0,1646
2022-09-19 16:09:44,5,4,3919.0,1650
2022-09-19 16:09:45,33,-17,3918.75,1633
2022-09-19 16:09:47,50,-13,3918.75,1620
2022-09-19 16:09:49,81,-26,3918.5,1594
2022-09-19 16:09:50,1,-1,3918.25,1593
2022-09-19 16:09:51,26,11,3918.5,1604
2022-09-19 16:09:52,2,0,3918.5,1604
2022-09-19 16:09:53,54,11,3918.5,1615
2022-09-19 16:09:55,1,1,3918.5,1616
2022-09-19 16:09:56,27,12,3918.5,1628
2022-09-19 16:09:57,56,20,3918.75,1648
2022-09-19 16:09:58,54,3,3919.0,1651
2022-09-19 16:09:59,2,2,3918.75,1653
2022-09-19 16:10:00,181,-26,3918.75,1627
2022-09-19 16:10:01,28,12,3918.5,1639
2022-09-19 16:10:02,7,1,3918.5,1640
2022-09-19 16:10:04,10,6,3918.5,1646
2022-09-19 16:10:05,1,1,3918.5,1647
2022-09-19 16:10:06,60,-2,3918.5,1645
2022-09-19 16:10:07,25,7,3918.5,1652
2022-09-19 16:10:08,6,4,3918.5,1656
2022-09-19 16:10:10,142,6,3918.75,1662
2022-09-19 16:10:11,3,2,3918.75,1664
2022-09-19 16:10:12,78,11,3919.0,1675
2022-09-19 16:10:13,2,1,3918.75,1676
2022-09-19 16:10:14,16,13,3918.75,1689
2022-09-19 16:10:15,1,1,3918.75,1690
2022-09-19 16:10:16,21,6,3918.75,1696
2022-09-19 16:10:18,1,1,3919.0,1697
2022-09-19 16:10:19,2,2,3919.0,1699
2022-09-19 16:10:20,110,33,3919.25,1732
2022-09-19 16:10:21,31,-7,3919.0,1725
2022-09-19 16:10:22,1,1,3919.0,1726
2022-09-19 16:10:23,28,11,3919.0,1737
2022-09-19 16:10:24,24,-3,3919.0,1734
2022-09-19 16:10:25,2,2,3919.0,1736
2022-09-19 16:10:26,1,1,3919.0,1737
2022-09-19 16:10:27,113,33,3919.25,1770
2022-09-19 16:10:29,17,-12,3919.0,1758
2022-09-19 16:10:30,4,4,3919.0,1762
2022-09-19 16:10:31,4,3,3919.0,1765
2022-09-19 16:10:32,4,4,3919.0,1769
2022-09-19 16:10:33,109,-32,3918.75,1737
2022-09-19 16:10:34,14,2,3918.5,1739
2022-09-19 16:10:35,1,1,3918.5,1740
2022-09-19 16:10:37,38,9,3918.5,1749
2022-09-19 16:10:38,5,3,3918.75,1752
2022-09-19 16:10:39,48,8,3918.75,1760
2022-09-19 16:10:40,10,2,3919.0,1762
2022-09-19 16:10:41,36,16,3919.0,1778
2022-09-19 16:10:42,2,1,3919.0,1779
2022-09-19 16:10:44,3,2,3919.0,1781
2022-09-19 16:10:45,5,2,3919.0,1783
2022-09-19 16:10:47,18,9,3919.0,1792
2022-09-19 16:10:49,1,1,3919.0,1793
2022-09-19 16:10:50,6,0,3919.0,1793
2022-09-19 16:10:51,5,3,3919.0,1796
2022-09-19 16:10:52,103,13,3919.0,1809
2022-09-19 16:10:54,2,1,3919.0,1810
2022-09-19 16:10:55,7,4,3919.0,1814
2022-09-19 16:10:56,1,1,3919.0,1815
2022-09-19 16:10:57,4,4,3919.0,1819
2022-09-19 16:10:58,5,-5,3918.75,1814
2022-09-19 16:10:59,3,-3,3918.75,1811
2022-09-19 16:11:00,95,3,3918.75,1814
2022-09-19 16:11:01,26,-17,3918.75,1797
2022-09-19 16:11:04,145,34,3919.0,1831
2022-09-19 16:11:05,3,1,3919.25,1832
2022-09-19 16:11:06,40,-10,3919.0,1822
2022-09-19 16:11:07,10,1,3919.0,1823
2022-09-19 16:11:08,1,-1,3918.75,1822
2022-09-19 16:11:09,1,-1,3918.75,1821
2022-09-19 16:11:10,4,2,3919.0,1823
2022-09-19 16:11:11,50,20,3919.25,1843
2022-09-19 16:11:12,39,24,3919.25,1867
2022-09-19 16:11:13,11,-5,3919.0,1862
2022-09-19 16:11:15,170,-34,3919.25,1828
2022-09-19 16:11:16,68,21,3919.0,1849
2022-09-19 16:11:17,40,6,3919.0,1855
2022-09-19 16:11:18,145,-15,3918.75,1840
2022-09-19 16:11:19,16,-3,3919.0,1837
2022-09-19 16:11:20,19,1,3919.0,1838
2022-09-19 16:11:22,7,-6,3918.75,1832
2022-09-19 16:11:24,29,19,3919.25,1851
2022-09-19 16:11:25,67,-24,3919.0,1827
2022-09-19 16:11:26,6,-5,3918.75,1822
2022-09-19 16:11:27,47,-23,3918.75,1799
2022-09-19 16:11:29,3,-3,3918.5,1796
2022-09-19 16:11:30,2,-2,3918.5,1794
2022-09-19 16:11:31,6,-2,3918.75,1792
2022-09-19 16:11:32,3,0,3918.75,1792
2022-09-19 16:11:33,46,-5,3918.5,1787
2022-09-19 16:11:35,3,2,3918.5,1789
2022-09-19 16:11:37,5,5,3918.5,1794
2022-09-19 16:11:39,145,3,3918.25,1797
2022-09-19 16:11:40,2,0,3918.25,1797
2022-09-19 16:11:43,2,2,3918.25,1799
2022-09-19 16:11:46,1,1,3918.25,1800
2022-09-19 16:11:47,1,1,3918.25,1801
2022-09-19 16:11:48,14,-2,3918.25,1799
2022-09-19 16:11:49,217,41,3918.75,1840
2022-09-19 16:11:50,36,-21,3918.5,1819
2022-09-19 16:11:51,28,16,3918.5,1835
2022-09-19 16:11:52,3,2,3918.75,1837
2022-09-19 16:11:54,1,1,3918.75,1838
2022-09-19 16:11:55,9,5,3918.75,1843
2022-09-19 16:11:56,3,1,3918.75,1844
2022-09-19 16:11:57,26,-1,3918.75,1843
2022-09-19 16:11:58,10,-8,3918.5,1835
2022-09-19 16:11:59,19,1,3918.5,1836
2022-09-19 16:12:00,2,-2,3918.25,1834
2022-09-19 16:12:01,47,23,3918.75,1857
2022-09-19 16:12:02,46,-9,3918.5,1848
2022-09-19 16:12:03,10,5,3918.75,1853
2022-09-19 16:12:09,1,1,3918.75,1854
2022-09-19 16:12:10,59,28,3918.75,1882
2022-09-19 16:12:11,3,-1,3918.75,1881
2022-09-19 16:12:12,3,1,3919.0,1882
2022-09-19 16:12:14,2,0,3919.0,1882
2022-09-19 16:12:15,2,2,3919.0,1884
2022-09-19 16:12:16,6,4,3919.0,1888
2022-09-19 16:12:17,2,1,3919.0,1889
2022-09-19 16:12:19,3,3,3919.0,1892
2022-09-19 16:12:20,3,3,3919.0,1895
2022-09-19 16:12:21,10,6,3919.0,1901
2022-09-19 16:12:22,3,3,3919.0,1904
2022-09-19 16:12:23,81,24,3919.0,1928
2022-09-19 16:12:24,4,4,3919.25,1932
2022-09-19 16:12:25,8,0,3919.25,1932
2022-09-19 16:12:26,5,4,3919.25,1936
2022-09-19 16:12:27,2,2,3919.25,1938
2022-09-19 16:12:29,2,2,3919.25,1940
2022-09-19 16:12:30,5,3,3919.25,1943
2022-09-19 16:12:31,3,0,3919.25,1943
2022-09-19 16:12:32,16,1,3919.25,1944
2022-09-19 16:12:33,1,1,3919.25,1945
2022-09-19 16:12:34,45,-21,3919.0,1924
2022-09-19 16:12:35,3,1,3919.0,1925
2022-09-19 16:12:36,1,-1,3918.75,1924
2022-09-19 16:12:38,28,17,3919.0,1941
2022-09-19 16:12:39,31,12,3919.0,1953
2022-09-19 16:12:43,19,11,3919.0,1964
2022-09-19 16:12:44,5,4,3919.0,1968
2022-09-19 16:12:45,1,1,3919.0,1969
2022-09-19 16:12:46,123,-9,3919.0,1960
2022-09-19 16:12:47,5,4,3918.75,1964
2022-09-19 16:12:49,116,-19,3918.5,1945
2022-09-19 16:12:54,4,3,3918.5,1948
2022-09-19 16:12:55,4,2,3918.5,1950
2022-09-19 16:12:56,106,-3,3918.75,1947
2022-09-19 16:12:57,10,-1,3918.5,1946
2022-09-19 16:12:58,1,1,3918.75,1947
2022-09-19 16:12:59,45,-8,3918.5,1939
2022-09-19 16:13:00,63,5,3918.5,1944
2022-09-19 16:13:03,4,3,3918.5,1947
2022-09-19 16:13:04,80,-41,3918.25,1906
2022-09-19 16:13:05,5,-2,3918.25,1904
2022-09-19 16:13:06,11,-9,3918.25,1895
2022-09-19 16:13:07,60,18,3918.5,1913
2022-09-19 16:13:12,2,1,3918.5,1914
2022-09-19 16:13:13,9,-3,3918.5,1911
2022-09-19 16:13:15,1,1,3918.5,1912
2022-09-19 16:13:16,101,15,3918.5,1927
2022-09-19 16:13:18,21,12,3918.5,1939
2022-09-19 16:13:22,2,2,3918.5,1941
2022-09-19 16:13:23,3,3,3918.5,1944
2022-09-19 16:13:24,48,25,3918.5,1969
2022-09-19 16:13:25,6,5,3918.5,1974
2022-09-19 16:13:26,205,100,3919.0,2074
2022-09-19 16:13:27,36,-11,3918.75,2063
2022-09-19 16:13:28,13,8,3918.5,2071
2022-09-19 16:13:29,5,3,3918.75,2074
2022-09-19 16:13:30,1,1,3918.75,2075
2022-09-19 16:13:31,1,1,3918.75,2076
2022-09-19 16:13:32,41,4,3919.0,2080
2022-09-19 16:13:33,8,8,3919.0,2088
2022-09-19 16:13:34,6,4,3919.0,2092
2022-09-19 16:13:35,1,1,3919.0,2093
2022-09-19 16:13:36,1,1,3919.0,2094
2022-09-19 16:13:40,6,-3,3919.0,2091
2022-09-19 16:13:41,32,20,3919.0,2111
2022-09-19 16:13:42,8,5,3919.0,2116
2022-09-19 16:13:43,63,-36,3919.0,2080
2022-09-19 16:13:44,4,4,3919.0,2084
2022-09-19 16:13:45,4,4,3919.0,2088
2022-09-19 16:13:46,38,14,3919.0,2102
2022-09-19 16:13:48,4,4,3919.25,2106
2022-09-19 16:13:49,43,24,3919.25,2130
2022-09-19 16:13:50,4,4,3919.25,2134
2022-09-19 16:13:51,1,1,3919.25,2135
2022-09-19 16:13:53,12,8,3919.25,2143
2022-09-19 16:13:54,4,-3,3919.0,2140
2022-09-19 16:13:55,4,4,3919.25,2144
2022-09-19 16:13:56,1,1,3919.25,2145
2022-09-19 16:13:57,43,-9,3919.25,2136
2022-09-19 16:13:58,19,10,3919.25,2146
2022-09-19 16:13:59,1,1,3919.25,2147
2022-09-19 16:14:00,20,-3,3919.25,2144
2022-09-19 16:14:01,8,-8,3919.0,2136
2022-09-19 16:14:03,198,32,3919.5,2168
2022-09-19 16:14:05,5,5,3919.25,2173
2022-09-19 16:14:08,1,-1,3919.0,2172
2022-09-19 16:14:09,2,2,3919.25,2174
2022-09-19 16:14:10,2,2,3919.25,2176
2022-09-19 16:14:11,43,14,3919.25,2190
2022-09-19 16:14:12,21,2,3919.25,2192
2022-09-19 16:14:13,5,3,3919.5,2195
2022-09-19 16:14:14,301,177,3920.25,2372
2022-09-19 16:14:15,68,-8,3920.0,2364
2022-09-19 16:14:18,1,-1,3919.75,2363
2022-09-19 16:14:20,78,12,3920.0,2375
2022-09-19 16:14:21,15,-6,3919.75,2369
2022-09-19 16:14:22,1,1,3920.0,2370
2022-09-19 16:14:23,33,16,3920.0,2386
2022-09-19 16:14:24,3,3,3920.0,2389
2022-09-19 16:14:25,10,6,3920.0,2395
2022-09-19 16:14:26,11,8,3920.0,2403
2022-09-19 16:14:27,1,-1,3919.75,2402
2022-09-19 16:14:28,25,12,3920.0,2414
2022-09-19 16:14:29,11,1,3920.25,2415
2022-09-19 16:14:30,52,-22,3920.25,2393
2022-09-19 16:14:31,13,7,3920.0,2400
2022-09-19 16:14:32,1,1,3920.0,2401
2022-09-19 16:14:33,28,-11,3919.75,2390
2022-09-19 16:14:34,10,-4,3919.5,2386
2022-09-19 16:14:35,1,-1,3919.5,2385
2022-09-19 16:14:36,66,-18,3919.75,2367
2022-09-19 16:14:37,3,2,3919.5,2369
2022-09-19 16:14:38,1,-1,3919.25,2368
2022-09-19 16:14:39,76,-46,3919.25,2322
2022-09-19 16:14:40,82,11,3919.0,2333
2022-09-19 16:14:41,40,16,3919.25,2349
2022-09-19 16:14:45,72,8,3919.25,2357
2022-09-19 16:14:46,63,-7,3919.25,2350
2022-09-19 16:14:47,2,2,3919.5,2352
2022-09-19 16:14:48,17,-9,3919.25,2343
2022-09-19 16:14:49,52,-20,3919.25,2323
2022-09-19 16:14:50,1,-1,3919.0,2322
2022-09-19 16:14:51,16,-10,3919.0,2312
2022-09-19 16:14:52,277,-61,3919.0,2251
2022-09-19 16:14:53,36,16,3919.0,2267
2022-09-19 16:14:54,95,17,3919.5,2284
2022-09-19 16:14:55,3,-1,3919.5,2283
2022-09-19 16:14:56,45,16,3919.5,2299
2022-09-19 16:14:57,25,-5,3919.5,2294
2022-09-19 16:14:58,21,-2,3919.25,2292
2022-09-19 16:14:59,51,-4,3919.25,2288
2022-09-19 16:15:00,67,15,3919.5,2303
2022-09-19 16:15:01,53,-1,3919.75,2302
2022-09-19 16:15:02,13,6,3919.5,2308
2022-09-19 16:15:03,7,-1,3919.5,2307
2022-09-19 16:15:06,23,-7,3919.75,2300
2022-09-19 16:15:07,31,12,3919.75,2312
2022-09-19 16:15:10,30,-12,3919.5,2300
2022-09-19 16:15:11,17,9,3919.25,2309
2022-09-19 16:15:12,26,27,3919.5,2336
2022-09-19 16:15:13,1,-1,3919.25,2335
2022-09-19 16:15:14,24,-4,3919.25,2331
2022-09-19 16:15:16,1,1,3919.25,2332
2022-09-19 16:15:17,23,1,3919.25,2333
2022-09-19 16:15:18,1,-1,3919.0,2332
2022-09-19 16:15:19,49,26,3919.5,2358
2022-09-19 16:15:23,26,2,3919.5,2360
2022-09-19 16:15:24,1,1,3919.5,2361
2022-09-19 16:15:25,87,-49,3919.75,2312
2022-09-19 16:15:26,13,-5,3919.5,2307
2022-09-19 16:15:27,10,0,3919.25,2307
2022-09-19 16:15:28,1,1,3919.25,2308
2022-09-19 16:15:29,11,10,3919.25,2318
2022-09-19 16:15:32,52,-43,3919.25,2275
2022-09-19 16:15:34,52,29,3919.25,2304
2022-09-19 16:15:36,10,3,3919.25,2307
2022-09-19 16:15:37,4,-1,3919.0,2306
2022-09-19 16:15:39,30,-16,3919.0,2290
2022-09-19 16:15:40,1,1,3919.0,2291
2022-09-19 16:15:41,16,-11,3919.0,2280
2022-09-19 16:15:42,21,-11,3919.0,2269
2022-09-19 16:15:43,22,-14,3918.75,2255
2022-09-19 16:15:45,20,-12,3918.5,2243
2022-09-19 16:15:47,57,-11,3918.25,2232
2022-09-19 16:15:48,1,1,3918.5,2233
2022-09-19 16:15:49,25,-10,3918.25,2223
2022-09-19 16:15:50,1,1,3918.25,2224
2022-09-19 16:15:53,8,-5,3918.25,2219
2022-09-19 16:15:58,4,2,3918.25,2221
2022-09-19 16:16:00,2,-2,3918.0,2219
2022-09-19 16:16:01,32,7,3918.25,2226
2022-09-19 16:16:02,23,18,3918.5,2244
2022-09-19 16:16:04,46,4,3918.75,2248
2022-09-19 16:16:05,10,-4,3918.75,2244
2022-09-19 16:16:06,1,1,3918.75,2245
2022-09-19 16:16:07,1,-1,3918.5,2244
2022-09-19 16:16:10,38,-7,3918.5,2237
2022-09-19 16:16:11,23,-16,3918.5,2221
2022-09-19 16:16:14,1,1,3918.5,2222
2022-09-19 16:16:15,7,4,3918.5,2226
2022-09-19 16:16:16,15,-4,3918.5,2222
2022-09-19 16:16:17,1,1,3918.5,2223
2022-09-19 16:16:22,33,-11,3918.25,2212
2022-09-19 16:16:23,15,-3,3918.5,2209
2022-09-19 16:16:28,18,-8,3918.25,2201
2022-09-19 16:16:29,13,11,3918.25,2212
2022-09-19 16:16:30,7,4,3918.25,2216
2022-09-19 16:16:31,2,2,3918.25,2218
2022-09-19 16:16:32,1,1,3918.25,2219
2022-09-19 16:16:33,18,7,3918.25,2226
2022-09-19 16:16:37,35,8,3918.5,2234
2022-09-19 16:16:39,1,1,3918.5,2235
2022-09-19 16:16:40,28,27,3918.75,2262
2022-09-19 16:16:41,13,0,3918.5,2262
2022-09-19 16:16:42,18,-10,3918.5,2252
2022-09-19 16:16:43,1,1,3918.5,2253
2022-09-19 16:16:44,9,7,3918.5,2260
2022-09-19 16:16:45,3,3,3918.75,2263
2022-09-19 16:16:46,3,1,3918.75,2264
2022-09-19 16:16:48,3,3,3918.75,2267
2022-09-19 16:16:49,57,6,3918.75,2273
2022-09-19 16:16:51,4,3,3918.75,2276
2022-09-19 16:16:55,22,14,3919.0,2290
2022-09-19 16:16:56,14,-7,3918.75,2283
2022-09-19 16:16:59,2,1,3918.75,2284
2022-09-19 16:17:00,1,-1,3918.5,2283
2022-09-19 16:17:02,1,1,3918.75,2284
2022-09-19 16:17:03,84,-20,3918.5,2264
2022-09-19 16:17:04,5,4,3918.5,2268
2022-09-19 16:17:08,23,-5,3918.25,2263
2022-09-19 16:17:12,19,-8,3918.25,2255
2022-09-19 16:17:13,32,-8,3918.25,2247
2022-09-19 16:17:14,60,15,3918.5,2262
2022-09-19 16:17:15,2,1,3918.75,2263
2022-09-19 16:17:18,18,-4,3918.5,2259
2022-09-19 16:17:19,1,-1,3918.25,2258
2022-09-19 16:17:21,19,-7,3918.25,2251
2022-09-19 16:17:23,9,-7,3918.25,2244
2022-09-19 16:17:24,4,2,3918.5,2246
2022-09-19 16:17:25,56,28,3918.75,2274
2022-09-19 16:17:26,19,-10,3918.5,2264
2022-09-19 16:17:30,35,-2,3918.5,2262
2022-09-19 16:17:32,20,6,3918.5,2268
2022-09-19 16:17:33,86,-6,3918.5,2262
2022-09-19 16:17:35,1,1,3918.5,2263
2022-09-19 16:17:36,3,3,3918.5,2266
2022-09-19 16:17:38,49,-19,3918.25,2247
2022-09-19 16:17:40,20,4,3918.25,2251
2022-09-19 16:17:41,4,3,3918.25,2254
2022-09-19 16:17:44,23,13,3918.25,2267
2022-09-19 16:17:45,5,1,3918.25,2268
2022-09-19 16:17:46,142,-26,3918.25,2242
2022-09-19 16:17:47,9,-3,3918.0,2239
2022-09-19 16:17:48,6,0,3918.0,2239
2022-09-19 16:17:51,2,-2,3917.75,2237
2022-09-19 16:17:52,3,0,3918.0,2237
2022-09-19 16:17:53,8,-3,3917.75,2234
2022-09-19 16:17:54,3,-2,3917.75,2232
2022-09-19 16:17:55,1,-1,3917.75,2231
2022-09-19 16:17:56,6,4,3918.0,2235
2022-09-19 16:17:58,11,-9,3917.75,2226
2022-09-19 16:18:01,24,-11,3917.75,2215
2022-09-19 16:18:03,1,1,3917.75,2216
2022-09-19 16:18:07,2,1,3917.75,2217
2022-09-19 16:18:09,45,-24,3917.5,2193
2022-09-19 16:18:10,5,4,3917.75,2197
2022-09-19 16:18:13,1,1,3917.75,2198
2022-09-19 16:18:16,1,1,3917.75,2199
2022-09-19 16:18:20,2,1,3917.75,2200
2022-09-19 16:18:21,35,18,3917.75,2218
2022-09-19 16:18:22,1,-1,3917.75,2217
2022-09-19 16:18:24,3,3,3918.0,2220
2022-09-19 16:18:26,2,-1,3917.75,2219
2022-09-19 16:18:34,2,0,3918.0,2219
2022-09-19 16:18:37,4,1,3918.0,2220
2022-09-19 16:18:39,1,1,3918.0,2221
2022-09-19 16:18:42,5,-2,3918.0,2219
2022-09-19 16:18:50,4,2,3918.0,2221
2022-09-19 16:18:51,47,-28,3917.75,2193
2022-09-19 16:18:52,32,14,3917.75,2207
2022-09-19 16:18:55,2,1,3918.0,2208
2022-09-19 16:19:02,3,2,3918.0,2210
2022-09-19 16:19:03,56,-7,3918.0,2203
2022-09-19 16:19:04,10,3,3917.75,2206
2022-09-19 16:19:05,1,1,3918.0,2207
2022-09-19 16:19:14,3,2,3918.0,2209
2022-09-19 16:19:17,40,-10,3917.75,2199
2022-09-19 16:19:18,3,3,3917.5,2202
2022-09-19 16:19:19,1,1,3917.5,2203
2022-09-19 16:19:22,1,1,3917.5,2204
2022-09-19 16:19:24,22,12,3917.5,2216
2022-09-19 16:19:25,5,4,3917.75,2220
2022-09-19 16:19:26,8,0,3917.75,2220
2022-09-19 16:19:28,2,2,3918.0,2222
2022-09-19 16:19:29,2,0,3918.0,2222
2022-09-19 16:19:30,4,-4,3917.75,2218
2022-09-19 16:19:34,1,1,3918.0,2219
2022-09-19 16:19:39,1,1,3918.0,2220
2022-09-19 16:19:42,2,2,3918.0,2222
2022-09-19 16:19:44,1,1,3918.0,2223
2022-09-19 16:19:46,22,-13,3918.0,2210
2022-09-19 16:19:47,10,2,3917.75,2212
2022-09-19 16:19:50,1,-1,3917.5,2211
2022-09-19 16:19:51,14,4,3918.0,2215
2022-09-19 16:19:53,1,-1,3917.75,2214
2022-09-19 16:20:02,34,-18,3917.75,2196
2022-09-19 16:20:03,6,0,3918.0,2196
2022-09-19 16:20:04,8,5,3917.75,2201
2022-09-19 16:20:07,10,-6,3917.75,2195
2022-09-19 16:20:08,4,-3,3917.75,2192
2022-09-19 16:20:11,112,-119,3917.75,2073
2022-09-19 16:20:12,34,-15,3917.75,2058
2022-09-19 16:20:16,3,-1,3917.25,2057
2022-09-19 16:20:18,3,1,3917.5,2058
2022-09-19 16:20:19,12,8,3917.5,2066
2022-09-19 16:20:22,10,-1,3917.25,2065
2022-09-19 16:20:23,3,-2,3917.25,2063
2022-09-19 16:20:24,15,1,3917.5,2064
2022-09-19 16:20:25,4,3,3917.5,2067
2022-09-19 16:20:26,4,4,3917.5,2071
2022-09-19 16:20:29,1,1,3917.5,2072
2022-09-19 16:20:32,3,-2,3917.25,2070
2022-09-19 16:20:36,2,2,3917.5,2072
2022-09-19 16:20:40,1,-1,3917.25,2071
2022-09-19 16:20:41,29,-11,3917.25,2060
2022-09-19 16:20:42,4,4,3917.25,2064
2022-09-19 16:20:44,1,-1,3917.0,2063
2022-09-19 16:20:48,12,-5,3917.25,2058
2022-09-19 16:20:50,2,-2,3917.0,2056
2022-09-19 16:20:52,2,2,3917.25,2058
2022-09-19 16:20:54,1,-1,3917.0,2057
2022-09-19 16:20:55,80,-28,3917.0,2029
2022-09-19 16:20:56,38,-14,3917.0,2015
2022-09-19 16:20:58,1,-1,3916.75,2014
2022-09-19 16:20:59,32,-1,3916.75,2013
2022-09-19 16:21:00,4,0,3917.0,2013
2022-09-19 16:21:02,6,6,3917.0,2019
2022-09-19 16:21:03,6,0,3917.0,2019
2022-09-19 16:21:05,5,-1,3916.75,2018
2022-09-19 16:21:06,1,-1,3916.75,2017
2022-09-19 16:21:07,4,0,3917.0,2017
2022-09-19 16:21:08,11,2,3917.0,2019
2022-09-19 16:21:09,1,1,3917.0,2020
2022-09-19 16:21:10,2,-2,3916.75,2018
2022-09-19 16:21:12,2,-2,3916.75,2016
2022-09-19 16:21:14,21,-11,3917.0,2005
2022-09-19 16:21:17,56,-1,3917.0,2004
2022-09-19 16:21:18,4,2,3917.0,2006
2022-09-19 16:21:20,121,-8,3917.0,1998
2022-09-19 16:21:22,3,-1,3916.75,1997
2022-09-19 16:21:23,4,-4,3916.75,1993
2022-09-19 16:21:24,5,2,3917.0,1995
2022-09-19 16:21:25,2,-2,3916.75,1993
2022-09-19 16:21:27,1,1,3917.0,1994
2022-09-19 16:21:29,1,1,3917.0,1995
2022-09-19 16:21:30,1,1,3917.0,1996
2022-09-19 16:21:33,29,5,3917.0,2001
2022-09-19 16:21:39,2,2,3917.0,2003
2022-09-19 16:21:43,24,-6,3916.75,1997
2022-09-19 16:21:45,64,-42,3916.5,1955
2022-09-19 16:21:46,5,0,3916.75,1955
2022-09-19 16:21:48,5,-4,3916.5,1951
2022-09-19 16:21:49,1,-1,3916.5,1950
2022-09-19 16:21:51,1,-1,3916.5,1949
2022-09-19 16:21:54,2,-1,3916.5,1948
2022-09-19 16:21:56,15,8,3916.75,1956
2022-09-19 16:21:57,10,-11,3916.75,1945
2022-09-19 16:22:00,9,3,3917.0,1948
2022-09-19 16:22:01,7,2,3917.0,1950
2022-09-19 16:22:02,5,4,3917.0,1954
2022-09-19 16:22:03,3,-3,3916.75,1951
2022-09-19 16:22:07,6,1,3917.0,1952
2022-09-19 16:22:08,17,-10,3916.75,1942
2022-09-19 16:22:09,4,1,3917.0,1943
2022-09-19 16:22:14,37,22,3917.0,1965
2022-09-19 16:22:24,29,5,3917.0,1970
2022-09-19 16:22:30,1,1,3917.0,1971
2022-09-19 16:22:33,47,3,3917.25,1974
2022-09-19 16:22:34,6,-2,3917.0,1972
2022-09-19 16:22:35,2,-2,3916.75,1970
2022-09-19 16:22:40,1,-1,3916.75,1969
2022-09-19 16:22:43,1,1,3917.0,1970
2022-09-19 16:22:45,1,1,3917.0,1971
2022-09-19 16:22:47,12,2,3917.0,1973
2022-09-19 16:22:48,5,1,3917.0,1974
2022-09-19 16:22:52,1,1,3917.0,1975
2022-09-19 16:22:54,5,-1,3917.0,1974
2022-09-19 16:22:55,33,-17,3916.75,1957
2022-09-19 16:23:08,1,1,3916.75,1958
2022-09-19 16:23:09,2,-2,3916.5,1956
2022-09-19 16:23:13,41,-27,3916.5,1929
2022-09-19 16:23:14,5,2,3916.75,1931
2022-09-19 16:23:16,1,-1,3916.5,1930
2022-09-19 16:23:17,25,11,3916.75,1941
2022-09-19 16:23:18,25,-13,3916.75,1928
2022-09-19 16:23:19,9,2,3916.5,1930
2022-09-19 16:23:20,1,1,3916.5,1931
2022-09-19 16:23:25,86,23,3916.75,1954
2022-09-19 16:23:26,5,4,3917.0,1958
2022-09-19 16:23:27,1,1,3917.0,1959
2022-09-19 16:23:28,2,-2,3916.75,1957
2022-09-19 16:23:31,2,-1,3916.75,1956
2022-09-19 16:23:32,1,-1,3916.75,1955
2022-09-19 16:23:34,2,2,3917.0,1957
2022-09-19 16:23:35,1,1,3917.0,1958
2022-09-19 16:23:36,3,-1,3916.75,1957
2022-09-19 16:23:37,1,-1,3916.75,1956
2022-09-19 16:23:39,43,-18,3917.0,1938
2022-09-19 16:23:41,8,1,3916.75,1939
2022-09-19 16:23:43,1,-1,3916.5,1938
2022-09-19 16:23:47,2,1,3916.75,1939
2022-09-19 16:23:48,1,-1,3916.5,1938
2022-09-19 16:23:50,2,1,3916.75,1939
2022-09-19 16:23:53,4,-4,3916.5,1935
2022-09-19 16:23:59,1,-1,3916.5,1934
2022-09-19 16:24:00,10,-3,3916.75,1931
2022-09-19 16:24:03,2,2,3916.75,1933
2022-09-19 16:24:05,26,6,3916.75,1939
2022-09-19 16:24:07,6,3,3917.0,1942
2022-09-19 16:24:13,1,-1,3916.75,1941
2022-09-19 16:24:18,28,17,3917.0,1958
2022-09-19 16:24:19,9,0,3917.0,1958
2022-09-19 16:24:20,18,0,3916.75,1958
2022-09-19 16:24:21,5,1,3917.0,1959
2022-09-19 16:24:23,26,20,3917.0,1979
2022-09-19 16:24:24,30,-14,3916.75,1965
2022-09-19 16:24:27,8,-4,3916.75,1961
2022-09-19 16:24:29,5,5,3917.0,1966
2022-09-19 16:24:30,26,10,3917.0,1976
2022-09-19 16:24:34,1,-1,3916.75,1975
2022-09-19 16:24:36,13,11,3917.0,1986
2022-09-19 16:24:37,2,-1,3917.0,1985
2022-09-19 16:24:41,13,-6,3917.0,1979
2022-09-19 16:24:42,5,2,3917.0,1981
2022-09-19 16:24:43,2,-2,3917.0,1979
2022-09-19 16:24:46,1,-1,3917.0,1978
2022-09-19 16:24:47,1,-1,3917.0,1977
2022-09-19 16:24:52,1,-1,3917.0,1976
2022-09-19 16:24:53,5,1,3917.25,1977
2022-09-19 16:24:54,13,-10,3917.0,1967
2022-09-19 16:24:56,1,-1,3917.0,1966
2022-09-19 16:24:57,2,-2,3917.0,1964
2022-09-19 16:24:59,3,-3,3917.0,1961
2022-09-19 16:25:05,1,-1,3917.0,1960
2022-09-19 16:25:10,1,-1,3917.0,1959
2022-09-19 16:25:11,1,-1,3917.0,1958
2022-09-19 16:25:15,1,1,3917.25,1959
2022-09-19 16:25:17,5,2,3917.25,1961
2022-09-19 16:25:19,1,-1,3917.0,1960
2022-09-19 16:25:21,4,-3,3917.0,1957
2022-09-19 16:25:22,25,-16,3917.0,1941
2022-09-19 16:25:23,34,5,3917.0,1946
2022-09-19 16:25:24,8,8,3917.25,1954
2022-09-19 16:25:27,1,-1,3917.0,1953
2022-09-19 16:25:35,78,36,3917.75,1989
2022-09-19 16:25:36,52,0,3917.5,1989
2022-09-19 16:25:37,13,-2,3917.5,1987
2022-09-19 16:25:46,1,1,3917.5,1988
2022-09-19 16:25:48,1,-1,3917.25,1987
2022-09-19 16:25:49,1,-1,3917.25,1986
2022-09-19 16:25:53,14,8,3917.5,1994
2022-09-19 16:25:54,2,2,3917.5,1996
2022-09-19 16:25:57,2,-2,3917.25,1994
2022-09-19 16:25:59,16,9,3917.5,2003
2022-09-19 16:26:00,1,-1,3917.25,2002
2022-09-19 16:26:01,28,18,3917.75,2020
2022-09-19 16:26:02,4,3,3917.5,2023
2022-09-19 16:26:05,21,-5,3917.75,2018
2022-09-19 16:26:09,2,0,3917.75,2018
2022-09-19 16:26:13,1,-1,3917.5,2017
2022-09-19 16:26:18,41,-23,3917.5,1994
2022-09-19 16:26:20,4,-4,3917.5,1990
2022-09-19 16:26:22,1,-1,3917.5,1989
2022-09-19 16:26:25,2,0,3917.75,1989
2022-09-19 16:26:26,2,0,3917.75,1989
2022-09-19 16:26:28,1,-1,3917.5,1988
2022-09-19 16:26:29,1,-1,3917.5,1987
2022-09-19 16:26:32,14,7,3917.75,1994
2022-09-19 16:26:40,1,-1,3917.5,1993
2022-09-19 16:26:45,1,1,3917.75,1994
2022-09-19 16:26:50,1,-1,3917.5,1993
2022-09-19 16:26:51,11,8,3917.75,2001
2022-09-19 16:26:53,1,-1,3917.75,2000
2022-09-19 16:26:55,1,-1,3917.75,1999
2022-09-19 16:26:58,1,1,3918.0,2000
2022-09-19 16:27:00,1,1,3918.0,2001
2022-09-19 16:27:03,1,1,3918.0,2002
2022-09-19 16:27:04,5,2,3918.0,2004
2022-09-19 16:27:07,24,17,3918.0,2021
2022-09-19 16:27:08,3,3,3918.25,2024
2022-09-19 16:27:10,34,9,3918.25,2033
2022-09-19 16:27:13,37,19,3918.5,2052
2022-09-19 16:27:14,3,3,3918.5,2055
2022-09-19 16:27:16,8,-1,3918.5,2054
2022-09-19 16:27:19,1,1,3918.5,2055
2022-09-19 16:27:21,24,16,3918.75,2071
2022-09-19 16:27:22,3,2,3918.75,2073
2022-09-19 16:27:23,10,-7,3918.5,2066
2022-09-19 16:27:24,1,1,3918.75,2067
2022-09-19 16:27:25,3,3,3918.75,2070
2022-09-19 16:27:26,18,-13,3918.75,2057
2022-09-19 16:27:28,3,-1,3918.75,2056
2022-09-19 16:27:30,49,-10,3918.75,2046
2022-09-19 16:27:31,5,1,3918.75,2047
2022-09-19 16:27:35,3,3,3918.75,2050
2022-09-19 16:27:39,1,1,3918.75,2051
2022-09-19 16:27:43,2,-1,3918.5,2050
2022-09-19 16:27:45,8,1,3918.75,2051
2022-09-19 16:27:46,14,9,3919.0,2060
2022-09-19 16:27:47,7,-6,3918.5,2054
2022-09-19 16:27:48,1,-1,3918.5,2053
2022-09-19 16:27:49,1,1,3918.75,2054
2022-09-19 16:27:52,2,0,3918.75,2054
2022-09-19 16:27:54,75,8,3918.75,2062
2022-09-19 16:27:55,7,-4,3918.5,2058
2022-09-19 16:27:56,1,1,3918.5,2059
2022-09-19 16:27:58,3,-3,3918.25,2056
2022-09-19 16:27:59,6,6,3918.5,2062
2022-09-19 16:28:00,1,-1,3918.5,2061
2022-09-19 16:28:01,22,-5,3918.75,2056
2022-09-19 16:28:06,1,-1,3918.75,2055
2022-09-19 16:28:07,78,2,3919.0,2057
2022-09-19 16:28:08,35,-14,3919.25,2043
2022-09-19 16:28:10,1,1,3919.25,2044
2022-09-19 16:28:12,1,1,3919.25,2045
2022-09-19 16:28:13,2,2,3919.25,2047
2022-09-19 16:28:14,9,-6,3919.25,2041
2022-09-19 16:28:18,18,-10,3919.0,2031
2022-09-19 16:28:19,2,-2,3918.75,2029
2022-09-19 16:28:20,23,19,3919.0,2048
2022-09-19 16:28:21,8,3,3919.0,2051
2022-09-19 16:28:23,2,2,3919.25,2053
2022-09-19 16:28:24,1,-1,3919.0,2052
2022-09-19 16:28:33,2,1,3919.25,2053
2022-09-19 16:28:36,1,1,3919.25,2054
2022-09-19 16:28:40,1,-1,3919.0,2053
2022-09-19 16:28:43,3,3,3919.25,2056
2022-09-19 16:28:45,1,1,3919.25,2057
2022-09-19 16:28:47,43,-15,3919.0,2042
2022-09-19 16:28:48,1,1,3919.0,2043
2022-09-19 16:28:49,1,1,3919.0,2044
2022-09-19 16:28:51,1,1,3919.0,2045
2022-09-19 16:28:52,1,1,3919.0,2046
2022-09-19 16:28:54,9,6,3919.0,2052
2022-09-19 16:28:58,20,7,3919.0,2059
2022-09-19 16:29:03,5,5,3919.0,2064
2022-09-19 16:29:04,2,1,3919.0,2065
2022-09-19 16:29:07,1,1,3919.25,2066
2022-09-19 16:29:12,1,-1,3919.0,2065
2022-09-19 16:29:13,1,1,3919.25,2066
2022-09-19 16:29:19,27,-4,3919.25,2062
2022-09-19 16:29:20,1,1,3919.5,2063
2022-09-19 16:29:22,40,-6,3919.25,2057
2022-09-19 16:29:23,3,3,3919.25,2060
2022-09-19 16:29:24,2,-2,3919.0,2058
2022-09-19 16:29:27,4,0,3919.25,2058
2022-09-19 16:29:29,1,1,3919.25,2059
2022-09-19 16:29:31,18,-1,3919.25,2058
2022-09-19 16:29:32,2,2,3919.5,2060
2022-09-19 16:29:34,2,-2,3919.25,2058
2022-09-19 16:29:35,2,-2,3919.25,2056
2022-09-19 16:29:36,5,1,3919.5,2057
2022-09-19 16:29:40,44,-5,3919.5,2052
2022-09-19 16:29:42,4,-3,3919.25,2049
2022-09-19 16:29:44,1,-1,3919.25,2048
2022-09-19 16:29:48,1,-1,3919.25,2047
2022-09-19 16:29:49,1,-1,3919.25,2046
2022-09-19 16:29:51,3,3,3919.5,2049
2022-09-19 16:29:53,1,-1,3919.25,2048
2022-09-19 16:29:57,1,1,3919.5,2049
2022-09-19 16:30:00,2,0,3919.5,2049
2022-09-19 16:30:01,14,-13,3919.25,2036
2022-09-19 16:30:02,25,-23,3919.0,2013
2022-09-19 16:30:03,1,-1,3918.75,2012
2022-09-19 16:30:10,1,1,3919.0,2013
2022-09-19 16:30:12,59,6,3919.0,2019
2022-09-19 16:30:13,1,-1,3918.75,2018
2022-09-19 16:30:25,17,7,3919.0,2025
2022-09-19 16:30:30,1,1,3919.0,2026
2022-09-19 16:30:32,1,-1,3918.75,2025
2022-09-19 16:30:33,2,-1,3918.75,2024
2022-09-19 16:30:35,1,-1,3918.75,2023
2022-09-19 16:30:38,1,-1,3918.75,2022
2022-09-19 16:30:40,12,-2,3919.0,2020
2022-09-19 16:30:42,11,-3,3919.25,2017
2022-09-19 16:30:43,5,-3,3919.0,2014
2022-09-19 16:30:44,8,-1,3919.25,2013
2022-09-19 16:30:45,6,-3,3919.0,2010
2022-09-19 16:30:47,2,0,3919.0,2010
2022-09-19 16:30:49,6,2,3919.0,2012
2022-09-19 16:30:50,1,1,3919.0,2013
2022-09-19 16:30:51,1,1,3919.25,2014
2022-09-19 16:30:53,5,5,3919.25,2019
2022-09-19 16:30:54,33,6,3919.25,2025
2022-09-19 16:31:01,1,1,3919.5,2026
2022-09-19 16:31:03,1,1,3919.5,2027
2022-09-19 16:31:06,2,-2,3919.25,2025
2022-09-19 16:31:10,1,1,3919.5,2026
2022-09-19 16:31:12,1,1,3919.5,2027
2022-09-19 16:31:14,1,-1,3919.25,2026
2022-09-19 16:31:17,1,1,3919.5,2027
2022-09-19 16:31:20,52,18,3919.75,2045
2022-09-19 16:31:23,39,26,3919.75,2071
2022-09-19 16:31:25,1,1,3919.75,2072
2022-09-19 16:31:26,10,-4,3919.75,2068
2022-09-19 16:31:27,2,2,3919.75,2070
2022-09-19 16:31:28,5,4,3919.75,2074
2022-09-19 16:31:30,251,67,3920.25,2141
2022-09-19 16:31:31,1,-1,3919.5,2140
2022-09-19 16:31:33,1,1,3919.75,2141
2022-09-19 16:31:38,1,1,3919.75,2142
2022-09-19 16:31:39,1,1,3919.75,2143
2022-09-19 16:31:42,14,-8,3919.75,2135
2022-09-19 16:31:43,1,1,3919.75,2136
2022-09-19 16:31:44,1,1,3919.75,2137
2022-09-19 16:31:47,89,17,3920.25,2154
2022-09-19 16:31:49,1,1,3920.25,2155
2022-09-19 16:31:50,1,1,3920.25,2156
2022-09-19 16:31:53,2,2,3920.25,2158
2022-09-19 16:31:54,3,1,3920.25,2159
2022-09-19 16:31:57,1,1,3920.25,2160
2022-09-19 16:31:58,2,-2,3920.0,2158
2022-09-19 16:32:00,2,2,3920.25,2160
2022-09-19 16:32:01,1,-1,3920.0,2159
2022-09-19 16:32:02,1,-1,3920.0,2158
2022-09-19 16:32:03,1,1,3920.25,2159
2022-09-19 16:32:06,1,1,3920.25,2160
2022-09-19 16:32:07,3,-1,3920.25,2159
2022-09-19 16:32:08,24,11,3920.25,2170
2022-09-19 16:32:09,6,-1,3920.25,2169
2022-09-19 16:32:13,2,2,3920.25,2171
2022-09-19 16:32:14,2,1,3920.25,2172
2022-09-19 16:32:15,14,0,3920.25,2172
2022-09-19 16:32:19,1,1,3920.25,2173
2022-09-19 16:32:21,1,1,3920.25,2174
2022-09-19 16:32:23,1,1,3920.25,2175
2022-09-19 16:32:27,1,1,3920.25,2176
2022-09-19 16:32:29,7,7,3920.25,2183
2022-09-19 16:32:30,25,7,3920.5,2190
2022-09-19 16:32:31,41,12,3920.5,2202
2022-09-19 16:32:32,4,0,3920.5,2202
2022-09-19 16:32:33,4,-3,3920.5,2199
2022-09-19 16:32:34,1,-1,3920.25,2198
2022-09-19 16:32:39,29,36,3920.75,2234
2022-09-19 16:32:40,22,-10,3920.75,2224
2022-09-19 16:32:41,4,-4,3920.25,2220
2022-09-19 16:32:43,2,-2,3920.25,2218
2022-09-19 16:32:44,1,1,3920.5,2219
2022-09-19 16:32:45,8,4,3920.5,2223
2022-09-19 16:32:51,36,-19,3920.25,2204
2022-09-19 16:32:52,2,2,3920.25,2206
2022-09-19 16:32:55,3,3,3920.25,2209
2022-09-19 16:32:56,16,2,3920.5,2211
2022-09-19 16:32:57,2,0,3920.5,2211
2022-09-19 16:32:59,11,8,3920.5,2219
2022-09-19 16:33:00,4,-2,3920.25,2217
2022-09-19 16:33:02,1,1,3920.5,2218
2022-09-19 16:33:04,29,5,3920.5,2223
2022-09-19 16:33:09,16,-10,3920.75,2213
2022-09-19 16:33:10,1,1,3920.5,2214
2022-09-19 16:33:11,8,-7,3920.25,2207
2022-09-19 16:33:15,7,4,3920.5,2211
2022-09-19 16:33:20,2,2,3920.5,2213
2022-09-19 16:33:22,18,3,3920.75,2216
2022-09-19 16:33:23,7,-6,3920.5,2210
2022-09-19 16:33:24,1,-1,3920.5,2209
2022-09-19 16:33:25,3,-1,3920.5,2208
2022-09-19 16:33:26,7,0,3920.5,2208
2022-09-19 16:33:27,2,-2,3920.5,2206
2022-09-19 16:33:30,1,1,3920.75,2207
2022-09-19 16:33:33,2,-1,3920.5,2206
2022-09-19 16:33:34,15,9,3920.75,2215
2022-09-19 16:33:35,2,2,3920.75,2217
2022-09-19 16:33:38,9,7,3920.75,2224
2022-09-19 16:33:43,4,4,3920.75,2228
2022-09-19 16:33:45,5,3,3920.75,2231
2022-09-19 16:33:48,1,-1,3920.5,2230
2022-09-19 16:33:49,39,-1,3920.75,2229
2022-09-19 16:33:50,12,-1,3920.75,2228
2022-09-19 16:33:51,19,4,3920.75,2232
2022-09-19 16:33:52,16,12,3921.0,2244
2022-09-19 16:33:55,5,3,3921.0,2247
2022-09-19 16:33:56,5,1,3921.0,2248
2022-09-19 16:34:01,1,1,3921.0,2249
2022-09-19 16:34:02,19,14,3921.0,2263
2022-09-19 16:34:03,26,2,3921.0,2265
2022-09-19 16:34:04,5,-2,3921.0,2263
2022-09-19 16:34:06,1,1,3921.0,2264
2022-09-19 16:34:07,1,1,3921.0,2265
2022-09-19 16:34:09,1,1,3921.0,2266
2022-09-19 16:34:11,11,7,3921.0,2273
2022-09-19 16:34:12,8,0,3921.25,2273
2022-09-19 16:34:17,3,2,3921.25,2275
2022-09-19 16:34:18,1,1,3921.25,2276
2022-09-19 16:34:20,4,2,3921.25,2278
2022-09-19 16:34:26,55,-16,3921.0,2262
2022-09-19 16:34:27,4,-2,3920.75,2260
2022-09-19 16:34:28,11,7,3921.0,2267
2022-09-19 16:34:35,6,1,3921.0,2268
2022-09-19 16:34:38,2,2,3921.0,2270
2022-09-19 16:34:44,9,6,3921.0,2276
2022-09-19 16:34:46,3,3,3921.0,2279
2022-09-19 16:34:48,3,3,3921.0,2282
2022-09-19 16:34:50,2,2,3921.0,2284
2022-09-19 16:34:55,13,8,3921.0,2292
2022-09-19 16:35:03,1,1,3921.0,2293
2022-09-19 16:35:04,4,3,3921.0,2296
2022-09-19 16:35:06,6,0,3921.0,2296
2022-09-19 16:35:08,42,2,3921.25,2298
2022-09-19 16:35:09,5,0,3921.25,2298
2022-09-19 16:35:10,12,-7,3921.25,2291
2022-09-19 16:35:13,1,-1,3921.0,2290
2022-09-19 16:35:14,1,1,3921.25,2291
2022-09-19 16:35:19,1,-1,3921.0,2290
2022-09-19 16:35:22,2,0,3921.25,2290
2022-09-19 16:35:25,1,-1,3921.0,2289
2022-09-19 16:35:27,1,1,3921.25,2290
2022-09-19 16:35:30,1,1,3921.25,2291
2022-09-19 16:35:34,2,2,3921.25,2293
2022-09-19 16:35:36,4,2,3921.25,2295
2022-09-19 16:35:37,1,-1,3921.0,2294
2022-09-19 16:35:38,1,1,3921.25,2295
2022-09-19 16:35:44,2,2,3921.25,2297
2022-09-19 16:35:45,11,2,3921.25,2299
2022-09-19 16:35:49,25,9,3921.5,2308
2022-09-19 16:35:52,6,-6,3921.25,2302
2022-09-19 16:35:56,2,1,3921.5,2303
2022-09-19 16:35:58,29,7,3921.75,2310
2022-09-19 16:35:59,5,-3,3921.25,2307
2022-09-19 16:36:00,2,-2,3921.25,2305
2022-09-19 16:36:01,2,0,3921.5,2305
2022-09-19 16:36:05,10,7,3921.5,2312
2022-09-19 16:36:07,14,10,3921.5,2322
2022-09-19 16:36:10,3,3,3921.75,2325
2022-09-19 16:36:11,4,-1,3921.75,2324
2022-09-19 16:36:13,40,25,3922.0,2349
2022-09-19 16:36:14,15,-9,3922.0,2340
2022-09-19 16:36:17,3,2,3922.0,2342
2022-09-19 16:36:18,1,1,3922.0,2343
2022-09-19 16:36:20,33,-16,3921.75,2327
2022-09-19 16:36:21,2,2,3921.75,2329
2022-09-19 16:36:22,7,3,3922.0,2332
2022-09-19 16:36:28,35,1,3921.75,2333
2022-09-19 16:36:29,5,-4,3921.5,2329
2022-09-19 16:36:37,2,2,3921.75,2331
2022-09-19 16:36:41,29,20,3921.75,2351
2022-09-19 16:36:42,3,3,3921.75,2354
2022-09-19 16:36:43,1,1,3921.75,2355
2022-09-19 16:36:44,7,2,3921.75,2357
2022-09-19 16:36:48,13,1,3921.75,2358
2022-09-19 16:36:52,19,-2,3921.75,2356
2022-09-19 16:36:57,2,2,3922.0,2358
2022-09-19 16:36:58,5,-3,3922.0,2355
2022-09-19 16:36:59,1,1,3922.0,2356
2022-09-19 16:37:01,1,-1,3921.75,2355
2022-09-19 16:37:03,9,-6,3921.75,2349
2022-09-19 16:37:08,4,3,3922.0,2352
2022-09-19 16:37:11,2,0,3922.0,2352
2022-09-19 16:37:15,58,18,3922.25,2370
2022-09-19 16:37:21,5,2,3922.25,2372
2022-09-19 16:37:22,6,-3,3922.25,2369
2022-09-19 16:37:23,6,2,3922.25,2371
2022-09-19 16:37:26,33,19,3922.25,2390
2022-09-19 16:37:27,1,-1,3922.0,2389
2022-09-19 16:37:34,4,4,3922.25,2393
2022-09-19 16:37:36,11,-7,3922.25,2386
2022-09-19 16:37:37,2,2,3922.25,2388
2022-09-19 16:37:41,2,2,3922.25,2390
2022-09-19 16:37:42,2,2,3922.25,2392
2022-09-19 16:37:43,2,2,3922.25,2394
2022-09-19 16:37:44,3,3,3922.25,2397
2022-09-19 16:37:46,11,-7,3922.25,2390
2022-09-19 16:37:47,6,-1,3922.25,2389
2022-09-19 16:37:48,15,9,3922.25,2398
2022-09-19 16:37:49,11,-4,3922.25,2394
2022-09-19 16:37:52,4,-1,3922.25,2393
2022-09-19 16:37:53,43,-24,3922.0,2369
2022-09-19 16:37:54,14,-9,3922.0,2360
2022-09-19 16:37:55,6,-4,3922.0,2356
2022-09-19 16:37:56,20,3,3922.0,2359
2022-09-19 16:37:57,1,1,3922.0,2360
2022-09-19 16:37:58,12,-10,3922.0,2350
2022-09-19 16:37:59,13,10,3922.25,2360
2022-09-19 16:38:00,53,25,3922.5,2385
2022-09-19 16:38:01,11,-1,3922.25,2384
2022-09-19 16:38:02,7,-3,3922.25,2381
2022-09-19 16:38:03,43,19,3922.5,2400
2022-09-19 16:38:04,1,-1,3922.25,2399
2022-09-19 16:38:06,3,-3,3922.25,2396
2022-09-19 16:38:10,5,-5,3922.25,2391
2022-09-19 16:38:14,10,3,3922.5,2394
2022-09-19 16:38:15,4,-2,3922.25,2392
2022-09-19 16:38:18,36,-8,3922.5,2384
2022-09-19 16:38:20,1,1,3922.5,2385
2022-09-19 16:38:21,14,11,3922.5,2396
2022-09-19 16:38:30,1,1,3922.5,2397
2022-09-19 16:38:34,1,-1,3922.25,2396
2022-09-19 16:38:37,40,-26,3922.25,2370
2022-09-19 16:38:38,10,-7,3922.25,2363
2022-09-19 16:38:41,9,-7,3922.25,2356
2022-09-19 16:38:42,33,19,3922.5,2375
2022-09-19 16:38:43,34,-5,3922.25,2370
2022-09-19 16:38:44,4,-4,3922.0,2366
2022-09-19 16:38:46,64,15,3922.5,2381
2022-09-19 16:38:47,102,-14,3922.25,2367
2022-09-19 16:38:48,14,4,3922.5,2371
2022-09-19 16:38:49,4,-1,3922.25,2370
2022-09-19 16:38:50,70,1,3922.5,2371
2022-09-19 16:38:56,1,1,3922.5,2372
2022-09-19 16:38:57,38,-11,3922.25,2361
2022-09-19 16:38:58,9,-8,3922.25,2353
2022-09-19 16:39:01,6,-4,3922.0,2349
2022-09-19 16:39:07,13,6,3922.25,2355
2022-09-19 16:39:11,3,1,3922.25,2356
2022-09-19 16:39:24,30,35,3922.5,2391
2022-09-19 16:39:27,1,-1,3922.25,2390
2022-09-19 16:39:29,11,10,3922.5,2400
2022-09-19 16:39:32,1,-1,3922.5,2399
2022-09-19 16:39:35,4,0,3922.75,2399
2022-09-19 16:39:38,6,5,3922.75,2404
2022-09-19 16:39:39,4,-1,3922.5,2403
2022-09-19 16:39:40,57,17,3923.0,2420
2022-09-19 16:39:42,4,4,3923.0,2424
2022-09-19 16:39:45,1,-1,3922.75,2423
2022-09-19 16:39:48,2,1,3923.0,2424
2022-09-19 16:39:49,88,24,3923.25,2448
2022-09-19 16:39:50,4,-4,3923.0,2444
2022-09-19 16:39:52,3,-3,3923.0,2441
2022-09-19 16:39:53,1,1,3923.25,2442
2022-09-19 16:39:56,1,1,3923.25,2443
2022-09-19 16:40:00,2,0,3923.25,2443
2022-09-19 16:40:01,9,-5,3923.25,2438
2022-09-19 16:40:04,1,1,3923.25,2439
2022-09-19 16:40:05,1,1,3923.25,2440
2022-09-19 16:40:06,37,34,3923.5,2474
2022-09-19 16:40:07,9,1,3923.25,2475
2022-09-19 16:40:08,1,-1,3923.0,2474
2022-09-19 16:40:10,1,-1,3923.0,2473
2022-09-19 16:40:12,1,-1,3923.0,2472
2022-09-19 16:40:18,25,18,3923.25,2490
2022-09-19 16:40:19,4,-4,3923.0,2486
2022-09-19 16:40:20,4,-2,3923.25,2484
2022-09-19 16:40:21,2,2,3923.25,2486
2022-09-19 16:40:24,6,0,3923.25,2486
2022-09-19 16:40:26,5,-1,3923.0,2485
2022-09-19 16:40:29,30,-4,3923.25,2481
2022-09-19 16:40:32,1,-1,3923.0,2480
2022-09-19 16:40:34,5,5,3923.25,2485
2022-09-19 16:40:35,1,1,3923.25,2486
2022-09-19 16:40:37,1,1,3923.25,2487
2022-09-19 16:40:38,2,-2,3923.0,2485
2022-09-19 16:40:40,25,-12,3923.0,2473
2022-09-19 16:40:41,6,-6,3922.75,2467
2022-09-19 16:40:43,10,9,3923.0,2476
2022-09-19 16:40:44,19,-9,3923.0,2467
2022-09-19 16:40:47,27,40,3923.25,2507
2022-09-19 16:40:48,1,-1,3923.0,2506
2022-09-19 16:40:52,5,-2,3923.0,2504
2022-09-19 16:40:53,1,-1,3923.0,2503
2022-09-19 16:40:56,24,-18,3923.0,2485
2022-09-19 16:40:57,17,5,3923.0,2490
2022-09-19 16:40:58,1,1,3923.0,2491
2022-09-19 16:41:00,3,1,3923.0,2492
2022-09-19 16:41:02,2,-2,3923.0,2490
2022-09-19 16:41:05,1,-1,3923.0,2489
2022-09-19 16:41:06,10,-6,3923.0,2483
2022-09-19 16:41:12,32,25,3923.25,2508
2022-09-19 16:41:13,11,-7,3923.25,2501
2022-09-19 16:41:14,16,0,3923.25,2501
2022-09-19 16:41:15,4,-2,3923.0,2499
2022-09-19 16:41:20,1,1,3923.25,2500
2022-09-19 16:41:21,1,1,3923.25,2501
2022-09-19 16:41:24,39,12,3923.25,2513
2022-09-19 16:41:25,22,-12,3923.0,2501
2022-09-19 16:41:26,29,-15,3923.0,2486
2022-09-19 16:41:27,4,-1,3923.0,2485
2022-09-19 16:41:28,20,-4,3923.0,2481
2022-09-19 16:41:29,1,1,3923.0,2482
2022-09-19 16:41:31,1,-1,3922.75,2481
2022-09-19 16:41:33,1,1,3923.0,2482
2022-09-19 16:41:34,1,-1,3922.75,2481
2022-09-19 16:41:43,1,1,3923.0,2482
2022-09-19 16:41:52,17,2,3923.0,2484
2022-09-19 16:41:55,2,2,3923.0,2486
2022-09-19 16:41:56,1,1,3923.0,2487
2022-09-19 16:41:57,6,-3,3922.75,2484
2022-09-19 16:41:58,1,-1,3922.75,2483
2022-09-19 16:41:59,1,-1,3922.75,2482
2022-09-19 16:42:07,42,-6,3923.0,2476
2022-09-19 16:42:08,91,-13,3922.75,2463
2022-09-19 16:42:12,30,-16,3922.75,2447
2022-09-19 16:42:14,8,-2,3922.5,2445
2022-09-19 16:42:15,2,-1,3922.5,2444
2022-09-19 16:42:18,1,-1,3922.5,2443
2022-09-19 16:42:19,1,1,3922.75,2444
2022-09-19 16:42:20,62,5,3922.75,2449
2022-09-19 16:42:21,5,-1,3922.5,2448
2022-09-19 16:42:23,1,-1,3922.5,2447
2022-09-19 16:42:24,17,-3,3922.5,2444
2022-09-19 16:42:27,4,4,3922.75,2448
2022-09-19 16:42:35,1,-1,3922.5,2447
2022-09-19 16:42:36,1,-1,3922.5,2446
2022-09-19 16:42:37,1,-1,3922.5,2445
2022-09-19 16:42:41,1,1,3922.75,2446
2022-09-19 16:42:43,1,-1,3922.5,2445
2022-09-19 16:42:45,1,-1,3922.5,2444
2022-09-19 16:42:46,1,-1,3922.5,2443
2022-09-19 16:42:50,60,8,3922.75,2451
2022-09-19 16:42:51,4,-4,3922.5,2447
2022-09-19 16:42:52,1,-1,3922.5,2446
2022-09-19 16:42:53,35,21,3923.0,2467
2022-09-19 16:42:54,13,-8,3922.75,2459
2022-09-19 16:42:55,15,9,3922.75,2468
2022-09-19 16:42:57,16,-11,3922.75,2457
2022-09-19 16:42:58,4,-4,3922.5,2453
2022-09-19 16:43:01,3,-3,3922.5,2450
2022-09-19 16:43:04,3,-3,3922.5,2447
2022-09-19 16:43:07,4,4,3922.75,2451
2022-09-19 16:43:13,17,8,3922.75,2459
2022-09-19 16:43:14,7,-4,3922.75,2455
2022-09-19 16:43:16,1,1,3923.0,2456
2022-09-19 16:43:17,1,-1,3922.75,2455
2022-09-19 16:43:19,3,-3,3922.75,2452
2022-09-19 16:43:21,6,3,3923.0,2455
2022-09-19 16:43:23,1,1,3923.0,2456
2022-09-19 16:43:25,1,1,3923.0,2457
2022-09-19 16:43:26,34,20,3923.25,2477
2022-09-19 16:43:27,7,-6,3923.25,2471
2022-09-19 16:43:28,1,1,3923.5,2472
2022-09-19 16:43:29,1,1,3923.5,2473
2022-09-19 16:43:30,29,17,3923.5,2490
2022-09-19 16:43:31,1,1,3923.5,2491
2022-09-19 16:43:32,1,-1,3923.5,2490
2022-09-19 16:43:33,1,-1,3923.5,2489
2022-09-19 16:43:35,48,22,3924.0,2511
2022-09-19 16:43:36,15,-7,3923.75,2504
2022-09-19 16:43:38,4,3,3923.75,2507
2022-09-19 16:43:39,2,2,3924.0,2509
2022-09-19 16:43:40,1,-1,3923.75,2508
2022-09-19 16:43:42,1,-1,3923.75,2507
2022-09-19 16:43:45,1,1,3924.0,2508
2022-09-19 16:43:46,1,1,3924.0,2509
2022-09-19 16:43:47,2,2,3924.0,2511
2022-09-19 16:43:48,1,-1,3923.75,2510
2022-09-19 16:43:50,51,32,3924.25,2542
2022-09-19 16:43:51,3,-3,3924.0,2539
2022-09-19 16:43:52,10,-10,3924.0,2529
2022-09-19 16:43:53,28,25,3924.25,2554
2022-09-19 16:43:54,19,-8,3924.5,2546
2022-09-19 16:43:55,2,2,3924.25,2548
2022-09-19 16:43:56,6,-2,3924.5,2546
2022-09-19 16:43:57,11,-7,3924.5,2539
2022-09-19 16:43:59,13,5,3924.25,2544
2022-09-19 16:44:00,9,-2,3924.25,2542
2022-09-19 16:44:02,46,-25,3924.25,2517
2022-09-19 16:44:03,2,-2,3924.0,2515
2022-09-19 16:44:04,28,-28,3924.0,2487
2022-09-19 16:44:05,2,-2,3924.0,2485
2022-09-19 16:44:06,4,-1,3923.75,2484
2022-09-19 16:44:07,9,8,3924.0,2492
2022-09-19 16:44:10,20,-18,3924.0,2474
2022-09-19 16:44:11,9,-5,3924.0,2469
2022-09-19 16:44:12,2,2,3924.0,2471
2022-09-19 16:44:13,1,-1,3924.0,2470
2022-09-19 16:44:15,10,-1,3924.0,2469
2022-09-19 16:44:17,28,16,3924.25,2485
2022-09-19 16:44:18,5,-5,3924.0,2480
2022-09-19 16:44:21,1,-1,3924.0,2479
2022-09-19 16:44:22,17,-14,3924.0,2465
2022-09-19 16:44:23,1,1,3924.25,2466
2022-09-19 16:44:24,1,-1,3924.0,2465
2022-09-19 16:44:25,19,3,3924.0,2468
2022-09-19 16:44:26,6,1,3924.0,2469
2022-09-19 16:44:27,11,8,3924.0,2477
2022-09-19 16:44:30,86,9,3924.25,2486
2022-09-19 16:44:31,33,-15,3924.0,2471
2022-09-19 16:44:32,32,-23,3923.75,2448
2022-09-19 16:44:34,3,-3,3923.5,2445
2022-09-19 16:44:35,1,-1,3923.5,2444
2022-09-19 16:44:36,57,8,3923.75,2452
2022-09-19 16:44:37,4,-3,3923.5,2449
2022-09-19 16:44:38,8,4,3923.75,2453
2022-09-19 16:44:40,72,-50,3923.75,2403
2022-09-19 16:44:42,5,4,3924.0,2407
2022-09-19 16:44:43,4,-3,3923.75,2404
2022-09-19 16:44:45,3,-3,3923.75,2401
2022-09-19 16:44:49,10,8,3923.75,2409
2022-09-19 16:44:53,2,2,3923.75,2411
2022-09-19 16:44:55,28,23,3924.0,2434
2022-09-19 16:44:58,2,2,3924.0,2436
2022-09-19 16:45:00,23,4,3924.0,2440
2022-09-19 16:45:01,1,-1,3923.75,2439
2022-09-19 16:45:03,1,-1,3923.75,2438
2022-09-19 16:45:04,7,-5,3923.75,2433
2022-09-19 16:45:05,5,-4,3923.75,2429
2022-09-19 16:45:06,4,-2,3924.0,2427
2022-09-19 16:45:08,7,6,3924.0,2433
2022-09-19 16:45:09,53,31,3924.0,2464
2022-09-19 16:45:11,11,7,3924.0,2471
2022-09-19 16:45:12,4,-4,3923.75,2467
2022-09-19 16:45:13,6,3,3924.0,2470
2022-09-19 16:45:14,6,-6,3923.75,2464
2022-09-19 16:45:17,2,-2,3923.75,2462
2022-09-19 16:45:19,10,-10,3923.75,2452
2022-09-19 16:45:20,3,-3,3923.75,2449
2022-09-19 16:45:23,7,1,3923.75,2450
2022-09-19 16:45:25,2,-1,3923.75,2449
2022-09-19 16:45:31,10,-9,3923.5,2440
2022-09-19 16:45:33,1,-1,3923.5,2439
2022-09-19 16:45:47,2,0,3923.75,2439
2022-09-19 16:45:52,8,7,3923.75,2446
2022-09-19 16:45:56,5,-4,3923.75,2442
2022-09-19 16:46:00,2,-2,3923.75,2440
2022-09-19 16:46:01,1,-1,3923.75,2439
2022-09-19 16:46:02,3,-3,3923.75,2436
2022-09-19 16:46:03,3,-2,3923.75,2434
2022-09-19 16:46:05,1,-1,3923.75,2433
2022-09-19 16:46:09,24,10,3924.0,2443
2022-09-19 16:46:10,4,-4,3923.75,2439
2022-09-19 16:46:13,2,1,3924.0,2440
2022-09-19 16:46:17,1,1,3924.0,2441
2022-09-19 16:46:22,3,3,3924.0,2444
2022-09-19 16:46:25,1,1,3924.0,2445
2022-09-19 16:46:28,3,1,3924.0,2446
2022-09-19 16:46:29,20,-12,3923.75,2434
2022-09-19 16:46:31,1,-1,3923.5,2433
2022-09-19 16:46:32,1,1,3923.75,2434
2022-09-19 16:46:33,47,-21,3923.5,2413
2022-09-19 16:46:34,26,9,3923.25,2422
2022-09-19 16:46:35,1,-1,3923.0,2421
2022-09-19 16:46:36,11,4,3923.25,2425
2022-09-19 16:46:37,5,2,3923.25,2427
2022-09-19 16:46:38,1,1,3923.25,2428
2022-09-19 16:46:39,1,1,3923.25,2429
2022-09-19 16:46:40,1,1,3923.25,2430
2022-09-19 16:46:46,1,1,3923.5,2431
2022-09-19 16:46:48,11,-7,3923.25,2424
2022-09-19 16:46:49,2,0,3923.25,2424
2022-09-19 16:46:50,1,-1,3923.25,2423
2022-09-19 16:46:53,6,0,3923.25,2423
2022-09-19 16:46:56,1,1,3923.25,2424
2022-09-19 16:47:05,6,-6,3923.25,2418
2022-09-19 16:47:06,13,-11,3923.0,2407
2022-09-19 16:47:07,4,-3,3923.0,2404
2022-09-19 16:47:08,32,15,3923.5,2419
2022-09-19 16:47:10,1,1,3923.25,2420
2022-09-19 16:47:11,2,-2,3923.25,2418
2022-09-19 16:47:12,28,12,3923.25,2430
2022-09-19 16:47:13,1,-1,3923.25,2429
2022-09-19 16:47:15,5,4,3923.25,2433
2022-09-19 16:47:27,6,-1,3923.25,2432
2022-09-19 16:47:29,1,-1,3923.0,2431
2022-09-19 16:47:30,4,-4,3923.0,2427
2022-09-19 16:47:32,13,3,3923.25,2430
2022-09-19 16:47:33,5,-4,3923.25,2426
2022-09-19 16:47:34,2,-2,3923.25,2424
2022-09-19 16:47:36,1,-1,3923.25,2423
2022-09-19 16:47:38,2,-2,3923.25,2421
2022-09-19 16:47:44,6,-4,3923.25,2417
2022-09-19 16:47:45,10,4,3923.25,2421
2022-09-19 16:47:48,6,5,3923.5,2426
2022-09-19 16:47:52,2,2,3923.5,2428
2022-09-19 16:47:54,1,-1,3923.25,2427
2022-09-19 16:48:00,2,1,3923.5,2428
2022-09-19 16:48:03,7,-7,3923.25,2421
2022-09-19 16:48:05,1,1,3923.25,2422
2022-09-19 16:48:06,4,-1,3923.25,2421
2022-09-19 16:48:07,1,1,3923.5,2422
2022-09-19 16:48:08,1,1,3923.5,2423
2022-09-19 16:48:09,1,1,3923.5,2424
2022-09-19 16:48:11,1,-1,3923.25,2423
2022-09-19 16:48:15,1,1,3923.5,2424
2022-09-19 16:48:16,12,8,3923.5,2432
2022-09-19 16:48:17,1,-1,3923.5,2431
2022-09-19 16:48:21,4,-2,3923.75,2429
2022-09-19 16:48:30,2,-2,3923.25,2427
2022-09-19 16:48:34,2,-2,3923.25,2425
2022-09-19 16:48:36,1,-1,3923.25,2424
2022-09-19 16:48:41,3,1,3923.5,2425
2022-09-19 16:48:53,1,-1,3923.25,2424
2022-09-19 16:48:54,12,-5,3923.25,2419
2022-09-19 16:48:55,4,-2,3923.25,2417
2022-09-19 16:49:01,24,5,3923.5,2422
2022-09-19 16:49:05,9,5,3923.5,2427
2022-09-19 16:49:06,22,-1,3923.75,2426
2022-09-19 16:49:09,7,5,3923.75,2431
2022-09-19 16:49:10,47,-33,3923.75,2398
2022-09-19 16:49:11,4,-1,3923.5,2397
2022-09-19 16:49:26,7,4,3923.75,2401
2022-09-19 16:49:27,5,-1,3923.5,2400
2022-09-19 16:49:35,1,-1,3923.5,2399
2022-09-19 16:49:36,6,6,3923.75,2405
2022-09-19 16:49:46,2,2,3923.75,2407
2022-09-19 16:49:48,20,24,3924.0,2431
2022-09-19 16:49:50,1,-1,3923.75,2430
2022-09-19 16:49:52,27,-14,3923.75,2416
2022-09-19 16:49:58,3,1,3923.75,2417
2022-09-19 16:50:00,4,0,3923.75,2417
2022-09-19 16:50:01,54,0,3923.75,2417
2022-09-19 16:50:03,1,-1,3923.5,2416
2022-09-19 16:50:04,1,1,3923.75,2417
2022-09-19 16:50:15,23,13,3923.75,2430
2022-09-19 16:50:17,11,-5,3923.75,2425
2022-09-19 16:50:18,4,-4,3923.5,2421
2022-09-19 16:50:20,20,2,3923.75,2423
2022-09-19 16:50:23,10,2,3923.75,2425
2022-09-19 16:50:31,29,0,3923.75,2425
2022-09-19 16:50:33,12,-1,3924.0,2424
2022-09-19 16:50:36,2,2,3923.75,2426
2022-09-19 16:50:37,3,-3,3923.5,2423
2022-09-19 16:50:38,4,-4,3923.5,2419
2022-09-19 16:50:49,4,-2,3923.5,2417
2022-09-19 16:50:53,16,-10,3923.5,2407
2022-09-19 16:50:54,20,-2,3923.5,2405
2022-09-19 16:50:57,6,2,3923.5,2407
2022-09-19 16:50:58,3,3,3923.5,2410
2022-09-19 16:51:00,7,7,3923.5,2417
2022-09-19 16:51:04,12,5,3923.75,2422
2022-09-19 16:51:06,1,-1,3923.75,2421
2022-09-19 16:51:07,1,-1,3923.75,2420
2022-09-19 16:51:08,8,-3,3924.0,2417
2022-09-19 16:51:09,4,-2,3923.5,2415
2022-09-19 16:51:11,7,4,3924.0,2419
2022-09-19 16:51:12,1,1,3924.0,2420
2022-09-19 16:51:16,23,-14,3923.75,2406
2022-09-19 16:51:19,5,1,3924.0,2407
2022-09-19 16:51:22,1,-1,3923.75,2406
2022-09-19 16:51:26,6,1,3924.0,2407
2022-09-19 16:51:31,11,-2,3923.75,2405
2022-09-19 16:51:32,3,1,3923.75,2406
2022-09-19 16:51:33,5,1,3924.0,2407
2022-09-19 16:51:35,26,13,3924.0,2420
2022-09-19 16:51:36,4,-4,3923.75,2416
2022-09-19 16:51:41,6,5,3924.0,2421
2022-09-19 16:51:46,5,-5,3923.75,2416
2022-09-19 16:51:48,17,-5,3924.0,2411
2022-09-19 16:51:55,6,3,3923.75,2414
2022-09-19 16:52:00,2,-2,3923.5,2412
2022-09-19 16:52:01,15,-13,3923.5,2399
2022-09-19 16:52:06,2,2,3923.75,2401
2022-09-19 16:52:14,8,6,3923.75,2407
2022-09-19 16:52:20,1,-1,3923.75,2406
2022-09-19 16:52:23,1,-1,3923.75,2405
2022-09-19 16:52:26,2,-2,3923.75,2403
2022-09-19 16:52:27,16,13,3924.0,2416
2022-09-19 16:52:28,5,-4,3923.75,2412
2022-09-19 16:52:34,11,-11,3923.75,2401
2022-09-19 16:52:49,1,-1,3923.75,2400
2022-09-19 16:53:01,3,-1,3924.0,2399
2022-09-19 16:53:17,1,-1,3923.75,2398
2022-09-19 16:53:21,2,-2,3923.75,2396
2022-09-19 16:53:24,1,1,3924.0,2397
2022-09-19 16:53:30,1,1,3924.0,2398
2022-09-19 16:53:31,56,10,3924.0,2408
2022-09-19 16:53:32,4,-2,3924.0,2406
2022-09-19 16:53:36,26,14,3924.25,2420
2022-09-19 16:53:37,2,-1,3924.0,2419
2022-09-19 16:53:40,48,7,3924.25,2426
2022-09-19 16:53:41,19,-5,3924.25,2421
2022-09-19 16:53:42,2,-2,3924.25,2419
2022-09-19 16:53:44,5,4,3924.5,2423
2022-09-19 16:53:59,2,2,3924.5,2425
2022-09-19 16:54:00,2,-2,3924.25,2423
2022-09-19 16:54:01,1,1,3924.5,2424
2022-09-19 16:54:02,1,-1,3924.25,2423
2022-09-19 16:54:03,18,-11,3924.25,2412
2022-09-19 16:54:11,33,22,3924.25,2434
2022-09-19 16:54:12,4,-4,3924.0,2430
2022-09-19 16:54:14,30,15,3924.5,2445
2022-09-19 16:54:21,2,1,3924.25,2446
2022-09-19 16:54:27,25,17,3924.5,2463
2022-09-19 16:54:30,1,-1,3924.0,2462
2022-09-19 16:54:41,1,1,3924.25,2463
2022-09-19 16:54:42,6,5,3924.25,2468
2022-09-19 16:54:43,4,1,3924.25,2469
2022-09-19 16:54:50,5,5,3924.25,2474
2022-09-19 16:54:53,6,-3,3924.0,2471
2022-09-19 16:54:54,4,-2,3924.0,2469
2022-09-19 16:54:55,1,-1,3924.0,2468
2022-09-19 16:54:56,3,3,3924.25,2471
2022-09-19 16:55:00,32,-12,3924.25,2459
2022-09-19 16:55:01,7,-3,3924.0,2456
2022-09-19 16:55:02,11,12,3924.25,2468
2022-09-19 16:55:03,5,4,3924.25,2472
2022-09-19 16:55:04,15,-2,3924.25,2470
2022-09-19 16:55:05,8,4,3924.0,2474
2022-09-19 16:55:06,5,-4,3924.0,2470
2022-09-19 16:55:10,5,5,3924.25,2475
2022-09-19 16:55:13,40,-7,3924.25,2468
2022-09-19 16:55:15,1,1,3924.25,2469
2022-09-19 16:55:16,1,1,3924.25,2470
2022-09-19 16:55:19,2,2,3924.25,2472
2022-09-19 16:55:20,1,-1,3924.25,2471
2022-09-19 16:55:24,71,-20,3924.5,2451
2022-09-19 16:55:25,4,-4,3924.0,2447
2022-09-19 16:55:28,5,0,3924.25,2447
2022-09-19 16:55:29,10,-8,3924.0,2439
2022-09-19 16:55:31,34,3,3924.25,2442
2022-09-19 16:55:32,10,-8,3924.0,2434
2022-09-19 16:55:35,26,-3,3924.25,2431
2022-09-19 16:55:36,4,-4,3924.0,2427
2022-09-19 16:55:39,2,2,3924.25,2429
2022-09-19 16:55:40,1,-1,3924.0,2428
2022-09-19 16:55:41,1,1,3924.25,2429
2022-09-19 16:55:43,3,0,3924.25,2429
2022-09-19 16:55:44,1,-1,3924.0,2428
2022-09-19 16:55:47,3,3,3924.25,2431
2022-09-19 16:55:51,1,1,3924.25,2432
2022-09-19 16:55:54,1,1,3924.25,2433
2022-09-19 16:55:55,26,-14,3924.0,2419
2022-09-19 16:55:57,30,28,3924.5,2447
2022-09-19 16:55:59,13,-8,3924.25,2439
2022-09-19 16:56:00,4,-3,3924.0,2436
2022-09-19 16:56:04,3,2,3924.25,2438
2022-09-19 16:56:05,32,7,3924.25,2445
2022-09-19 16:56:08,1,-1,3924.25,2444
2022-09-19 16:56:12,1,-1,3924.25,2443
2022-09-19 16:56:14,34,14,3924.5,2457
2022-09-19 16:56:15,1,-1,3924.5,2456
2022-09-19 16:56:20,27,-15,3924.5,2441
2022-09-19 16:56:21,10,4,3924.5,2445
2022-09-19 16:56:22,1,-1,3924.25,2444
2022-09-19 16:56:26,21,-7,3924.25,2437
2022-09-19 16:56:29,17,15,3924.25,2452
2022-09-19 16:56:30,3,2,3924.25,2454
2022-09-19 16:56:33,3,-3,3924.25,2451
2022-09-19 16:56:34,3,3,3924.5,2454
2022-09-19 16:56:36,1,-1,3924.25,2453
2022-09-19 16:56:37,2,-1,3924.25,2452
2022-09-19 16:56:38,6,-3,3924.25,2449
2022-09-19 16:56:39,11,-3,3924.25,2446
2022-09-19 16:56:40,4,-4,3924.25,2442
2022-09-19 16:56:41,34,12,3924.5,2454
2022-09-19 16:56:43,8,7,3924.25,2461
2022-09-19 16:56:47,3,0,3924.5,2461
2022-09-19 16:56:50,1,-1,3924.25,2460
2022-09-19 16:56:52,72,-6,3924.25,2454
2022-09-19 16:56:53,5,-5,3924.0,2449
2022-09-19 16:56:57,1,-1,3924.0,2448
2022-09-19 16:57:02,21,-13,3924.0,2435
2022-09-19 16:57:03,2,2,3924.0,2437
2022-09-19 16:57:17,1,1,3924.0,2438
2022-09-19 16:57:23,1,-1,3923.75,2437
2022-09-19 16:57:25,1,1,3924.0,2438
2022-09-19 16:57:28,1,1,3924.0,2439
2022-09-19 16:57:30,35,-17,3923.75,2422
2022-09-19 16:57:31,10,7,3923.75,2429
2022-09-19 16:57:33,11,-1,3923.75,2428
2022-09-19 16:57:34,13,1,3923.75,2429
2022-09-19 16:57:42,1,-1,3923.5,2428
2022-09-19 16:57:44,5,-4,3923.5,2424
2022-09-19 16:57:45,2,-2,3923.5,2422
2022-09-19 16:57:46,2,1,3923.75,2423
2022-09-19 16:57:47,1,-1,3923.5,2422
2022-09-19 16:57:54,1,-1,3923.5,2421
2022-09-19 16:57:55,62,-47,3923.5,2374
2022-09-19 16:57:56,10,1,3923.25,2375
2022-09-19 16:58:00,14,8,3923.5,2383
2022-09-19 16:58:01,17,-11,3923.25,2372
2022-09-19 16:58:02,6,-3,3923.25,2369
2022-09-19 16:58:06,4,-1,3923.25,2368
2022-09-19 16:58:10,4,-2,3923.25,2366
2022-09-19 16:58:13,4,-4,3923.25,2362
2022-09-19 16:58:14,1,-1,3923.25,2361
2022-09-19 16:58:18,15,-12,3923.25,2349
2022-09-19 16:58:21,3,-2,3923.0,2347
2022-09-19 16:58:22,71,-58,3923.0,2289
2022-09-19 16:58:23,7,-3,3922.75,2286
2022-09-19 16:58:24,2,0,3922.75,2286
2022-09-19 16:58:25,1,1,3922.75,2287
2022-09-19 16:58:26,4,1,3922.75,2288
2022-09-19 16:58:28,4,-4,3922.5,2284
2022-09-19 16:58:29,1,-1,3922.5,2283
2022-09-19 16:58:31,1,-1,3922.5,2282
2022-09-19 16:58:32,2,-2,3922.5,2280
2022-09-19 16:58:35,4,-3,3922.5,2277
2022-09-19 16:58:36,4,-3,3922.5,2274
2022-09-19 16:58:37,49,-3,3922.5,2271
2022-09-19 16:58:38,8,-7,3922.5,2264
2022-09-19 16:58:39,4,-4,3922.5,2260
2022-09-19 16:58:47,6,3,3922.75,2263
2022-09-19 16:58:48,3,3,3922.75,2266
2022-09-19 16:58:49,5,-3,3922.5,2263
2022-09-19 16:58:50,1,-1,3922.5,2262
2022-09-19 16:58:52,3,1,3922.75,2263
2022-09-19 16:58:54,1,-1,3922.5,2262
2022-09-19 16:58:55,23,11,3922.75,2273
2022-09-19 16:59:00,39,25,3923.25,2298
2022-09-19 16:59:04,1,-1,3923.0,2297
2022-09-19 16:59:05,2,-2,3923.0,2295
2022-09-19 16:59:07,3,-3,3923.0,2292
2022-09-19 16:59:10,1,-1,3923.0,2291
2022-09-19 16:59:14,2,-2,3923.0,2289
2022-09-19 16:59:15,4,-2,3923.25,2287
2022-09-19 16:59:16,1,-1,3923.0,2286
2022-09-19 16:59:17,15,-8,3923.25,2278
2022-09-19 16:59:18,1,1,3923.25,2279
2022-09-19 16:59:19,4,3,3923.25,2282
2022-09-19 16:59:20,1,1,3923.25,2283
2022-09-19 16:59:21,3,-3,3923.0,2280
2022-09-19 16:59:22,2,-2,3923.0,2278
2022-09-19 16:59:24,1,-1,3923.0,2277
2022-09-19 16:59:25,19,5,3923.25,2282
2022-09-19 16:59:26,7,-1,3923.25,2281
2022-09-19 16:59:28,6,2,3923.25,2283
2022-09-19 16:59:29,14,-12,3923.0,2271
2022-09-19 16:59:30,6,-1,3923.25,2270
2022-09-19 16:59:31,5,1,3923.25,2271
2022-09-19 16:59:33,1,-1,3923.0,2270
2022-09-19 16:59:36,8,0,3923.0,2270
2022-09-19 16:59:37,9,6,3923.0,2276
2022-09-19 16:59:38,4,2,3923.25,2278
2022-09-19 16:59:40,2,-2,3923.0,2276
2022-09-19 16:59:42,7,1,3923.25,2277
2022-09-19 16:59:43,8,1,3923.25,2278
2022-09-19 16:59:44,9,-4,3923.0,2274
2022-09-19 16:59:45,4,-1,3923.25,2273
2022-09-19 16:59:47,24,-7,3923.0,2266
2022-09-19 16:59:48,1,-1,3923.0,2265
2022-09-19 16:59:50,3,-1,3923.0,2264
2022-09-19 16:59:51,1,-1,3923.0,2263
2022-09-19 16:59:52,3,2,3923.25,2265
2022-09-19 16:59:53,1,1,3923.25,2266
2022-09-19 16:59:54,16,-6,3923.0,2260
2022-09-19 16:59:55,2,1,3923.0,2261
2022-09-19 16:59:56,2,1,3923.0,2262
2022-09-19 16:59:57,6,-5,3922.75,2257
2022-09-19 16:59:58,1,1,3923.0,2258
2022-09-19 16:59:59,2,0,3923.0,2258
2022-09-19 17:08:33,2,0,3922.75,2258
2022-09-19 18:00:00,98,11,3923.5,2269
2022-09-19 18:00:01,15,-4,3923.25,2265
2022-09-19 18:00:02,5,-1,3923.0,2264
2022-09-19 18:00:03,6,2,3923.0,2266
2022-09-19 18:00:04,2,1,3923.25,2267
2022-09-19 18:00:05,3,-3,3923.0,2264
2022-09-19 18:00:06,2,0,3923.0,2264
2022-09-19 18:00:07,4,-3,3923.0,2261
2022-09-19 18:00:10,5,-5,3923.0,2256
2022-09-19 18:00:11,2,-2,3923.0,2254
2022-09-19 18:00:12,1,-1,3923.0,2253
2022-09-19 18:00:14,3,1,3923.25,2254
2022-09-19 18:00:15,1,-1,3922.75,2253
2022-09-19 18:00:16,38,-21,3922.75,2232
2022-09-19 18:00:20,3,1,3922.5,2233
2022-09-19 18:00:21,1,-1,3922.25,2232
2022-09-19 18:00:22,13,11,3922.5,2243
2022-09-19 18:00:23,8,7,3922.75,2250
2022-09-19 18:00:25,2,-2,3922.75,2248
2022-09-19 18:00:26,15,11,3923.0,2259
2022-09-19 18:00:27,2,0,3923.25,2259
2022-09-19 18:00:33,7,-3,3922.75,2256
2022-09-19 18:00:35,29,29,3923.0,2285
2022-09-19 18:00:36,3,-3,3922.5,2282
2022-09-19 18:00:37,7,7,3922.5,2289
2022-09-19 18:00:39,4,-4,3922.25,2285
2022-09-19 18:00:40,26,21,3922.75,2306
2022-09-19 18:00:43,4,-3,3922.5,2303
2022-09-19 18:00:46,2,2,3922.5,2305
2022-09-19 18:00:47,1,-1,3922.5,2304
2022-09-19 18:00:48,1,1,3922.75,2305
2022-09-19 18:00:49,1,-1,3922.5,2304
2022-09-19 18:00:56,1,-1,3922.5,2303
2022-09-19 18:00:57,1,1,3922.75,2304
2022-09-19 18:01:01,17,1,3922.75,2305
2022-09-19 18:01:03,3,-3,3922.75,2302
2022-09-19 18:01:04,9,-6,3922.75,2296
2022-09-19 18:01:12,12,-10,3922.5,2286
2022-09-19 18:01:14,1,1,3922.5,2287
2022-09-19 18:01:15,5,2,3922.5,2289
2022-09-19 18:01:16,23,-5,3922.25,2284
2022-09-19 18:01:17,2,-2,3922.25,2282
2022-09-19 18:01:18,8,-7,3922.25,2275
2022-09-19 18:01:23,1,-1,3922.25,2274
2022-09-19 18:01:24,2,-2,3922.25,2272
2022-09-19 18:01:25,23,6,3922.5,2278
2022-09-19 18:01:26,2,-2,3922.5,2276
2022-09-19 18:01:27,2,0,3922.75,2276
2022-09-19 18:01:28,5,-4,3922.5,2272
2022-09-19 18:01:30,4,-3,3922.5,2269
2022-09-19 18:01:32,4,-4,3922.5,2265
2022-09-19 18:01:33,2,-2,3922.5,2263
2022-09-19 18:01:34,5,6,3922.75,2269
2022-09-19 18:01:35,1,1,3922.5,2270
2022-09-19 18:01:36,1,-1,3922.5,2269
2022-09-19 18:01:37,2,0,3922.75,2269
2022-09-19 18:01:39,6,-5,3922.25,2264
2022-09-19 18:01:43,2,-2,3922.25,2262
2022-09-19 18:01:44,16,0,3922.5,2262
2022-09-19 18:01:45,6,1,3922.5,2263
2022-09-19 18:01:47,18,18,3922.75,2281
2022-09-19 18:01:57,5,-3,3922.5,2278
2022-09-19 18:02:00,6,-6,3922.0,2272
2022-09-19 18:02:02,1,1,3922.0,2273
2022-09-19 18:02:03,1,1,3922.0,2274
2022-09-19 18:02:10,2,-1,3921.75,2273
2022-09-19 18:02:11,2,-2,3921.75,2271
2022-09-19 18:02:12,1,-1,3921.75,2270
2022-09-19 18:02:13,19,-1,3922.0,2269
2022-09-19 18:02:14,3,-1,3922.0,2268
2022-09-19 18:02:16,5,-5,3921.75,2263
2022-09-19 18:02:19,1,-1,3921.75,2262
2022-09-19 18:02:22,6,-5,3921.75,2257
2022-09-19 18:02:23,17,-2,3922.0,2255
2022-09-19 18:02:24,1,1,3922.25,2256
2022-09-19 18:02:25,9,15,3922.25,2271
2022-09-19 18:02:28,2,2,3922.25,2273
2022-09-19 18:02:30,1,-1,3922.0,2272
2022-09-19 18:02:31,1,-1,3922.0,2271
2022-09-19 18:02:32,1,-1,3922.0,2270
2022-09-19 18:02:41,10,6,3922.0,2276
2022-09-19 18:02:47,1,1,3922.25,2277
2022-09-19 18:02:49,3,-3,3922.0,2274
2022-09-19 18:02:51,2,0,3922.0,2274
2022-09-19 18:02:54,21,-8,3921.75,2266
2022-09-19 18:02:55,1,-1,3921.75,2265
2022-09-19 18:02:56,11,6,3922.0,2271
2022-09-19 18:02:59,1,-1,3921.75,2270
2022-09-19 18:03:03,1,-1,3921.75,2269
2022-09-19 18:03:07,3,0,3922.0,2269
2022-09-19 18:03:08,1,-1,3921.75,2268
2022-09-19 18:03:09,15,10,3922.0,2278
2022-09-19 18:03:11,3,-3,3921.75,2275
2022-09-19 18:03:16,6,6,3922.0,2281
2022-09-19 18:03:17,3,0,3922.25,2281
2022-09-19 18:03:23,50,-19,3922.25,2262
2022-09-19 18:03:25,1,-1,3922.0,2261
2022-09-19 18:03:26,1,-1,3922.0,2260
2022-09-19 18:03:28,2,-2,3922.0,2258
2022-09-19 18:03:35,14,13,3922.5,2271
2022-09-19 18:03:37,1,1,3922.25,2272
2022-09-19 18:03:38,1,1,3922.25,2273
2022-09-19 18:03:40,1,1,3922.25,2274
2022-09-19 18:03:47,5,-3,3922.25,2271
2022-09-19 18:03:54,1,-1,3921.75,2270
2022-09-19 18:03:57,2,1,3922.0,2271
2022-09-19 18:03:59,3,3,3922.0,2274
2022-09-19 18:04:00,4,4,3922.0,2278
2022-09-19 18:04:01,5,1,3922.0,2279
2022-09-19 18:04:03,2,-1,3922.0,2278
2022-09-19 18:04:04,3,-2,3921.75,2276
2022-09-19 18:04:05,1,1,3922.0,2277
2022-09-19 18:04:17,1,1,3922.0,2278
2022-09-19 18:04:19,6,6,3922.0,2284
2022-09-19 18:04:20,2,2,3922.0,2286
2022-09-19 18:04:22,3,-1,3922.25,2285
2022-09-19 18:04:26,10,12,3922.25,2297
2022-09-19 18:04:30,3,3,3922.5,2300
2022-09-19 18:04:33,3,-3,3922.25,2297
2022-09-19 18:04:36,1,1,3922.25,2298
2022-09-19 18:04:39,1,-1,3922.0,2297
2022-09-19 18:04:45,5,4,3922.5,2301
2022-09-19 18:04:47,1,1,3922.75,2302
2022-09-19 18:04:48,3,-3,3922.25,2299
2022-09-19 18:04:49,1,1,3922.75,2300
2022-09-19 18:04:53,1,-1,3922.5,2299
2022-09-19 18:04:58,1,-1,3922.25,2298
2022-09-19 18:05:00,1,1,3922.5,2299
2022-09-19 18:05:04,6,-3,3922.5,2296
2022-09-19 18:05:05,3,-3,3922.0,2293
2022-09-19 18:05:11,4,-1,3922.0,2292
2022-09-19 18:05:16,1,-1,3921.75,2291
2022-09-19 18:05:18,17,-4,3922.0,2287
2022-09-19 18:05:19,1,-1,3921.75,2286
2022-09-19 18:05:20,1,1,3922.0,2287
2022-09-19 18:05:21,4,-4,3921.75,2283
2022-09-19 18:05:23,7,-5,3921.75,2278
2022-09-19 18:05:26,3,-3,3921.5,2275
2022-09-19 18:05:27,3,2,3921.75,2277
2022-09-19 18:05:29,3,-3,3921.5,2274
2022-09-19 18:05:35,4,3,3921.75,2277
2022-09-19 18:05:37,2,2,3922.0,2279
2022-09-19 18:05:45,19,3,3922.0,2282
2022-09-19 18:05:47,3,3,3922.25,2285
2022-09-19 18:05:57,1,1,3922.25,2286
2022-09-19 18:06:01,18,7,3922.25,2293
2022-09-19 18:06:07,2,2,3922.5,2295
2022-09-19 18:06:17,1,1,3922.5,2296
2022-09-19 18:06:24,25,-27,3922.25,2269
2022-09-19 18:06:25,37,-3,3922.0,2266
2022-09-19 18:06:33,2,-1,3921.75,2265
2022-09-19 18:06:37,9,6,3922.0,2271
2022-09-19 18:06:40,5,-2,3922.0,2269
2022-09-19 18:06:47,1,1,3922.0,2270
2022-09-19 18:06:49,17,-12,3921.75,2258
2022-09-19 18:06:56,52,-15,3921.5,2243
2022-09-19 18:06:57,1,-1,3921.5,2242
2022-09-19 18:06:58,2,-2,3921.5,2240
2022-09-19 18:06:59,13,-5,3921.5,2235
2022-09-19 18:07:00,1,1,3921.5,2236
2022-09-19 18:07:01,5,3,3921.5,2239
2022-09-19 18:07:07,1,1,3921.75,2240
2022-09-19 18:07:17,1,1,3921.75,2241
2022-09-19 18:07:27,17,7,3922.0,2248
2022-09-19 18:07:31,1,-1,3921.75,2247
2022-09-19 18:07:32,9,-7,3921.75,2240
2022-09-19 18:07:33,1,1,3921.75,2241
2022-09-19 18:07:37,1,1,3922.0,2242
2022-09-19 18:07:38,1,1,3922.0,2243
2022-09-19 18:07:46,1,1,3922.0,2244
2022-09-19 18:07:47,1,1,3922.0,2245
2022-09-19 18:07:57,1,1,3922.0,2246
2022-09-19 18:08:01,10,5,3922.0,2251
2022-09-19 18:08:03,1,1,3922.25,2252
2022-09-19 18:08:06,2,2,3922.25,2254
2022-09-19 18:08:07,1,1,3922.25,2255
2022-09-19 18:08:15,4,-2,3922.0,2253
2022-09-19 18:08:19,11,-2,3922.0,2251
2022-09-19 18:08:27,2,2,3922.0,2253
2022-09-19 18:08:28,8,-7,3921.75,2246
2022-09-19 18:08:37,12,4,3921.75,2250
2022-09-19 18:08:40,2,2,3921.75,2252
2022-09-19 18:08:43,12,-4,3921.75,2248
2022-09-19 18:08:57,4,-2,3921.75,2246
2022-09-19 18:09:00,1,1,3921.75,2247
2022-09-19 18:09:05,1,1,3921.75,2248
2022-09-19 18:09:06,10,5,3921.75,2253
2022-09-19 18:09:07,3,3,3922.0,2256
2022-09-19 18:09:08,5,5,3922.0,2261
2022-09-19 18:09:13,9,7,3922.25,2268
2022-09-19 18:09:16,28,12,3922.5,2280
2022-09-19 18:09:19,2,0,3922.25,2280
2022-09-19 18:09:26,3,1,3922.25,2281
2022-09-19 18:09:27,1,1,3922.25,2282
2022-09-19 18:09:32,1,-1,3922.0,2281
2022-09-19 18:09:37,2,1,3922.25,2282
2022-09-19 18:09:40,9,3,3922.25,2285
2022-09-19 18:09:41,3,1,3922.25,2286
2022-09-19 18:09:47,2,1,3922.25,2287
2022-09-19 18:09:50,41,23,3922.75,2310
2022-09-19 18:09:53,8,-8,3922.75,2302
2022-09-19 18:10:00,5,4,3922.75,2306
2022-09-19 18:10:03,9,8,3923.25,2314
2022-09-19 18:10:04,1,1,3923.25,2315
2022-09-19 18:10:06,9,0,3923.25,2315
2022-09-19 18:10:07,5,-1,3923.25,2314
2022-09-19 18:10:13,1,1,3923.25,2315
2022-09-19 18:10:14,1,1,3923.25,2316
2022-09-19 18:10:17,41,22,3924.0,2338
2022-09-19 18:10:19,13,-8,3923.75,2330
2022-09-19 18:10:22,3,2,3923.5,2332
2022-09-19 18:10:23,1,1,3923.75,2333
2022-09-19 18:10:27,3,3,3923.75,2336
2022-09-19 18:10:29,9,-6,3923.5,2330
2022-09-19 18:10:30,1,-1,3923.25,2329
2022-09-19 18:10:37,1,1,3923.5,2330
2022-09-19 18:10:38,20,-7,3923.25,2323
2022-09-19 18:10:39,1,1,3923.25,2324
2022-09-19 18:10:40,2,2,3923.25,2326
2022-09-19 18:10:43,7,6,3923.25,2332
2022-09-19 18:10:45,4,-2,3923.5,2330
2022-09-19 18:10:47,2,0,3923.5,2330
2022-09-19 18:10:49,1,1,3923.5,2331
2022-09-19 18:10:54,1,1,3923.5,2332
2022-09-19 18:10:56,2,-2,3923.25,2330
2022-09-19 18:10:57,1,1,3923.25,2331
2022-09-19 18:11:07,2,2,3923.5,2333
2022-09-19 18:11:09,3,-2,3923.25,2331
2022-09-19 18:11:16,2,-2,3923.25,2329
2022-09-19 18:11:17,2,2,3923.5,2331
2022-09-19 18:11:18,4,3,3923.5,2334
2022-09-19 18:11:26,1,1,3923.5,2335
2022-09-19 18:11:27,1,1,3923.5,2336
2022-09-19 18:11:29,6,1,3923.5,2337
2022-09-19 18:11:36,5,3,3923.5,2340
2022-09-19 18:11:37,10,10,3923.5,2350
2022-09-19 18:11:39,24,5,3923.75,2355
2022-09-19 18:11:41,15,-4,3923.75,2351
2022-09-19 18:11:47,1,1,3923.75,2352
2022-09-19 18:11:57,4,4,3924.0,2356
2022-09-19 18:11:58,6,-2,3924.0,2354
2022-09-19 18:12:05,2,2,3924.0,2356
2022-09-19 18:12:07,1,1,3924.0,2357
2022-09-19 18:12:09,1,1,3924.0,2358
2022-09-19 18:12:10,2,2,3924.0,2360
2022-09-19 18:12:11,2,-2,3923.75,2358
2022-09-19 18:12:12,3,-2,3923.75,2356
2022-09-19 18:12:13,1,-1,3923.5,2355
2022-09-19 18:12:16,6,-6,3923.5,2349
2022-09-19 18:12:18,3,3,3923.5,2352
2022-09-19 18:12:27,1,1,3923.75,2353
2022-09-19 18:12:37,1,1,3923.75,2354
2022-09-19 18:12:41,2,0,3923.75,2354
2022-09-19 18:12:42,1,-1,3923.5,2353
2022-09-19 18:12:45,9,-9,3923.5,2344
2022-09-19 18:12:47,1,1,3923.5,2345
2022-09-19 18:12:48,1,1,3923.5,2346
2022-09-19 18:12:57,1,1,3923.5,2347
2022-09-19 18:13:00,2,0,3923.5,2347
2022-09-19 18:13:01,1,1,3923.5,2348
2022-09-19 18:13:03,2,2,3923.5,2350
2022-09-19 18:13:04,1,-1,3923.25,2349
2022-09-19 18:13:07,3,-1,3923.5,2348
2022-09-19 18:13:09,98,91,3924.5,2439
2022-09-19 18:13:14,8,1,3924.0,2440
2022-09-19 18:13:15,4,-4,3924.0,2436
2022-09-19 18:13:17,3,1,3924.25,2437
2022-09-19 18:13:19,4,-2,3924.25,2435
2022-09-19 18:13:20,1,-1,3924.25,2434
2022-09-19 18:13:24,2,-2,3924.25,2432
2022-09-19 18:13:27,2,2,3924.5,2434
2022-09-19 18:13:28,1,-1,3924.25,2433
2022-09-19 18:13:29,2,2,3924.25,2435
2022-09-19 18:13:30,4,-1,3924.5,2434
2022-09-19 18:13:32,1,1,3924.25,2435
2022-09-19 18:13:34,1,1,3924.25,2436
2022-09-19 18:13:35,1,1,3924.25,2437
2022-09-19 18:13:36,2,2,3924.25,2439
2022-09-19 18:13:37,2,2,3924.5,2441
2022-09-19 18:13:39,1,-1,3924.25,2440
2022-09-19 18:13:44,1,1,3924.5,2441
2022-09-19 18:13:45,2,1,3924.5,2442
2022-09-19 18:13:47,1,1,3924.5,2443
2022-09-19 18:13:48,4,-3,3924.25,2440
2022-09-19 18:13:52,1,-1,3924.25,2439
2022-09-19 18:13:53,1,-1,3924.25,2438
2022-09-19 18:13:54,27,-42,3924.25,2396
2022-09-19 18:14:00,2,-2,3923.75,2394
2022-09-19 18:14:02,1,-1,3923.75,2393
2022-09-19 18:14:07,1,-1,3923.75,2392
2022-09-19 18:14:10,1,1,3923.75,2393
2022-09-19 18:14:17,2,1,3924.0,2394
2022-09-19 18:14:23,1,1,3924.0,2395
2022-09-19 18:14:27,2,1,3924.0,2396
2022-09-19 18:14:32,1,-1,3923.75,2395
2022-09-19 18:14:36,1,-1,3923.75,2394
2022-09-19 18:14:42,2,-2,3923.5,2392
2022-09-19 18:14:47,2,1,3923.75,2393
2022-09-19 18:14:52,1,-1,3923.5,2392
2022-09-19 18:14:56,6,4,3923.75,2396
2022-09-19 18:14:57,2,0,3924.0,2396
2022-09-19 18:15:00,51,29,3924.25,2425
2022-09-19 18:15:01,3,-3,3924.0,2422
2022-09-19 18:15:02,2,-1,3924.0,2421
2022-09-19 18:15:03,2,-1,3924.0,2420
2022-09-19 18:15:08,1,-1,3924.0,2419
2022-09-19 18:15:10,1,-1,3924.0,2418
2022-09-19 18:15:12,2,-1,3924.0,2417
2022-09-19 18:15:15,20,6,3924.25,2423
2022-09-19 18:15:17,1,1,3924.25,2424
2022-09-19 18:15:20,1,1,3924.25,2425
2022-09-19 18:15:21,12,-8,3924.0,2417
2022-09-19 18:15:22,1,1,3924.0,2418
2022-09-19 18:15:24,1,1,3924.0,2419
2022-09-19 18:15:33,16,8,3924.0,2427
2022-09-19 18:15:37,1,1,3924.25,2428
2022-09-19 18:15:46,6,-6,3924.0,2422
2022-09-19 18:15:53,1,-1,3923.75,2421
2022-09-19 18:15:54,1,-1,3923.75,2420
2022-09-19 18:15:57,2,2,3924.0,2422
2022-09-19 18:16:04,1,-1,3923.75,2421
2022-09-19 18:16:07,1,1,3924.0,2422
2022-09-19 18:16:13,1,-1,3923.75,2421
2022-09-19 18:16:17,3,0,3924.0,2421
2022-09-19 18:16:27,1,1,3924.0,2422
2022-09-19 18:16:37,2,1,3924.0,2423
2022-09-19 18:16:38,1,1,3924.0,2424
2022-09-19 18:16:43,1,-1,3923.75,2423
2022-09-19 18:16:45,1,1,3924.0,2424
2022-09-19 18:16:47,2,1,3924.0,2425
2022-09-19 18:16:52,1,1,3924.0,2426
2022-09-19 18:16:55,1,1,3924.0,2427
2022-09-19 18:16:57,1,1,3924.0,2428
2022-09-19 18:17:03,11,-4,3923.75,2424
2022-09-19 18:17:08,1,-1,3923.5,2423
2022-09-19 18:17:12,2,-2,3923.5,2421
2022-09-19 18:17:17,2,2,3923.75,2423
2022-09-19 18:17:24,1,-1,3923.5,2422
2022-09-19 18:17:27,8,3,3923.75,2425
2022-09-19 18:17:32,1,1,3924.0,2426
2022-09-19 18:17:37,5,4,3924.0,2430
2022-09-19 18:17:38,9,1,3924.0,2431
2022-09-19 18:17:43,1,-1,3924.0,2430
2022-09-19 18:17:46,19,12,3924.5,2442
2022-09-19 18:17:47,1,1,3924.5,2443
2022-09-19 18:17:53,2,2,3924.5,2445
2022-09-19 18:17:57,1,1,3924.5,2446
2022-09-19 18:17:58,2,-2,3924.25,2444
2022-09-19 18:17:59,1,-1,3924.25,2443
2022-09-19 18:18:07,2,1,3924.5,2444
2022-09-19 18:18:08,6,-2,3924.5,2442
2022-09-19 18:18:10,2,-2,3924.25,2440
2022-09-19 18:18:11,2,2,3924.5,2442
2022-09-19 18:18:14,2,-2,3924.25,2440
2022-09-19 18:18:17,2,1,3924.5,2441
2022-09-19 18:18:20,95,37,3925.0,2478
2022-09-19 18:18:21,2,2,3925.0,2480
2022-09-19 18:18:29,1,1,3925.0,2481
2022-09-19 18:18:30,17,2,3925.0,2483
2022-09-19 18:18:31,28,11,3925.5,2494
2022-09-19 18:18:34,2,1,3925.25,2495
2022-09-19 18:18:36,1,-1,3925.25,2494
2022-09-19 18:18:37,1,1,3925.5,2495
2022-09-19 18:18:38,2,-2,3925.25,2493
2022-09-19 18:18:39,2,2,3925.5,2495
2022-09-19 18:18:40,2,-2,3925.25,2493
2022-09-19 18:18:41,1,1,3925.5,2494
2022-09-19 18:18:42,1,1,3925.5,2495
2022-09-19 18:18:43,9,-3,3925.25,2492
2022-09-19 18:18:44,3,-3,3925.0,2489
2022-09-19 18:18:46,3,2,3925.25,2491
2022-09-19 18:18:47,1,1,3925.25,2492
2022-09-19 18:18:50,3,-3,3925.0,2489
2022-09-19 18:18:51,20,10,3925.25,2499
2022-09-19 18:18:52,2,-2,3925.25,2497
2022-09-19 18:18:55,2,2,3925.5,2499
2022-09-19 18:18:57,1,1,3925.5,2500
2022-09-19 18:18:59,1,1,3925.25,2501
2022-09-19 18:19:00,1,1,3925.25,2502
2022-09-19 18:19:03,2,2,3925.25,2504
2022-09-19 18:19:07,1,1,3925.25,2505
2022-09-19 18:19:08,4,-3,3925.0,2502
2022-09-19 18:19:10,2,1,3925.25,2503
2022-09-19 18:19:11,12,10,3925.5,2513
2022-09-19 18:19:12,1,1,3925.25,2514
2022-09-19 18:19:17,2,1,3925.25,2515
2022-09-19 18:19:20,1,1,3925.25,2516
2022-09-19 18:19:27,2,0,3925.25,2516
2022-09-19 18:19:31,2,0,3925.25,2516
2022-09-19 18:19:33,4,1,3925.25,2517
2022-09-19 18:19:34,4,-7,3925.25,2510
2022-09-19 18:19:35,1,1,3925.25,2511
2022-09-19 18:19:36,1,1,3925.25,2512
2022-09-19 18:19:40,4,0,3925.5,2512
2022-09-19 18:19:41,1,1,3925.5,2513
2022-09-19 18:19:46,4,3,3925.5,2516
2022-09-19 18:19:47,41,27,3925.75,2543
2022-09-19 18:19:48,1,-1,3925.5,2542
2022-09-19 18:19:52,1,-1,3925.5,2541
2022-09-19 18:19:53,12,-9,3925.5,2532
2022-09-19 18:19:55,8,0,3925.5,2532
2022-09-19 18:19:58,2,2,3925.5,2534
2022-09-19 18:20:00,1,1,3925.5,2535
2022-09-19 18:20:02,2,2,3925.75,2537
2022-09-19 18:20:03,1,-1,3925.5,2536
2022-09-19 18:20:06,4,2,3925.75,2538
2022-09-19 18:20:07,1,1,3925.75,2539
2022-09-19 18:20:10,27,-11,3925.5,2528
2022-09-19 18:20:11,1,1,3925.5,2529
2022-09-19 18:20:20,4,4,3925.75,2533
2022-09-19 18:20:23,4,3,3926.0,2536
2022-09-19 18:20:25,2,2,3926.0,2538
2022-09-19 18:20:26,2,2,3926.0,2540
2022-09-19 18:20:27,62,7,3926.0,2547
2022-09-19 18:20:29,60,-43,3925.75,2504
2022-09-19 18:20:32,3,-1,3925.5,2503
2022-09-19 18:20:34,6,5,3925.75,2508
2022-09-19 18:20:35,7,-7,3925.5,2501
2022-09-19 18:20:38,2,2,3925.75,2503
2022-09-19 18:20:46,1,-1,3925.5,2502
2022-09-19 18:20:47,2,2,3925.75,2504
2022-09-19 18:20:49,10,10,3925.75,2514
2022-09-19 18:20:56,5,4,3926.0,2518
2022-09-19 18:20:57,5,5,3926.0,2523
2022-09-19 18:20:58,2,-2,3926.0,2521
2022-09-19 18:20:59,7,-5,3926.0,2516
2022-09-19 18:21:00,2,-2,3925.75,2514
2022-09-19 18:21:01,6,5,3926.0,2519
2022-09-19 18:21:03,29,27,3926.5,2546
2022-09-19 18:21:05,4,3,3926.25,2549
2022-09-19 18:21:06,27,-21,3926.0,2528
2022-09-19 18:21:08,26,24,3926.25,2552
2022-09-19 18:21:10,21,35,3926.5,2587
2022-09-19 18:21:11,4,3,3926.25,2590
2022-09-19 18:21:12,24,20,3926.5,2610
2022-09-19 18:21:13,18,-13,3926.25,2597
2022-09-19 18:21:14,12,-3,3926.25,2594
2022-09-19 18:21:15,34,0,3926.0,2594
2022-09-19 18:21:17,3,-3,3925.75,2591
2022-09-19 18:21:19,22,13,3926.0,2604
2022-09-19 18:21:21,30,-1,3926.0,2603
2022-09-19 18:21:22,22,6,3926.0,2609
2022-09-19 18:21:26,1,1,3926.0,2610
2022-09-19 18:21:29,1,1,3926.0,2611
2022-09-19 18:21:30,1,1,3926.0,2612
2022-09-19 18:21:33,2,1,3926.0,2613
2022-09-19 18:21:37,2,1,3926.0,2614
2022-09-19 18:21:39,9,-6,3925.75,2608
2022-09-19 18:21:40,26,14,3926.0,2622
2022-09-19 18:21:42,32,11,3926.5,2633
2022-09-19 18:21:43,24,29,3926.5,2662
2022-09-19 18:21:46,5,-5,3926.0,2657
2022-09-19 18:21:50,1,1,3926.25,2658
2022-09-19 18:21:53,1,1,3926.25,2659
2022-09-19 18:21:54,1,1,3926.25,2660
2022-09-19 18:21:56,1,-1,3926.25,2659
2022-09-19 18:21:57,2,2,3926.5,2661
2022-09-19 18:21:58,7,7,3926.5,2668
2022-09-19 18:21:59,3,2,3926.75,2670
2022-09-19 18:22:00,1,-1,3926.5,2669
2022-09-19 18:22:03,3,2,3926.75,2671
2022-09-19 18:22:04,2,-2,3926.5,2669
2022-09-19 18:22:05,3,1,3926.75,2670
2022-09-19 18:22:06,2,1,3926.75,2671
2022-09-19 18:22:07,1,1,3926.75,2672
2022-09-19 18:22:09,2,0,3926.75,2672
2022-09-19 18:22:10,3,3,3926.75,2675
2022-09-19 18:22:12,1,1,3926.75,2676
2022-09-19 18:22:13,1,1,3926.75,2677
2022-09-19 18:22:16,1,-1,3926.5,2676
2022-09-19 18:22:17,1,1,3926.75,2677
2022-09-19 18:22:18,2,2,3926.75,2679
2022-09-19 18:22:19,2,2,3926.75,2681
2022-09-19 18:22:20,2,-2,3926.5,2679
2022-09-19 18:22:23,1,-1,3926.5,2678
2022-09-19 18:22:27,2,2,3926.75,2680
2022-09-19 18:22:29,1,-1,3926.5,2679
2022-09-19 18:22:31,13,7,3927.0,2686
2022-09-19 18:22:32,2,-2,3926.75,2684
2022-09-19 18:22:33,1,-1,3926.75,2683
2022-09-19 18:22:35,3,1,3926.75,2684
2022-09-19 18:22:37,1,-1,3926.5,2683
2022-09-19 18:22:38,1,1,3926.75,2684
2022-09-19 18:22:39,18,-5,3926.5,2679
2022-09-19 18:22:42,2,-2,3926.5,2677
2022-09-19 18:22:43,1,-1,3926.5,2676
2022-09-19 18:22:46,22,-1,3926.75,2675
2022-09-19 18:22:47,169,150,3928.25,2825
2022-09-19 18:22:48,17,-9,3928.0,2816
2022-09-19 18:22:49,7,4,3927.75,2820
2022-09-19 18:22:50,5,3,3928.0,2823
2022-09-19 18:22:51,4,-1,3928.0,2822
2022-09-19 18:22:52,6,-6,3927.75,2816
2022-09-19 18:22:53,2,-2,3927.5,2814
2022-09-19 18:22:54,13,4,3927.75,2818
2022-09-19 18:22:55,1,1,3928.0,2819
2022-09-19 18:22:57,1,1,3928.0,2820
2022-09-19 18:22:58,57,-1,3928.0,2819
2022-09-19 18:22:59,12,1,3927.75,2820
2022-09-19 18:23:00,12,2,3927.75,2822
2022-09-19 18:23:01,8,7,3928.0,2829
2022-09-19 18:23:03,11,-5,3927.75,2824
2022-09-19 18:23:06,16,-4,3927.75,2820
2022-09-19 18:23:09,15,13,3928.0,2833
2022-09-19 18:23:10,2,2,3928.25,2835
2022-09-19 18:23:12,5,-4,3928.0,2831
2022-09-19 18:23:13,9,-7,3928.0,2824
2022-09-19 18:23:15,8,-2,3928.0,2822
2022-09-19 18:23:16,2,2,3927.75,2824
2022-09-19 18:23:17,4,1,3927.75,2825
2022-09-19 18:23:19,1,1,3927.75,2826
2022-09-19 18:23:20,1,-1,3927.75,2825
2022-09-19 18:23:23,3,-3,3927.75,2822
2022-09-19 18:23:25,8,9,3928.0,2831
2022-09-19 18:23:27,1,1,3928.0,2832
2022-09-19 18:23:28,2,-2,3927.75,2830
2022-09-19 18:23:29,3,-1,3927.75,2829
2022-09-19 18:23:31,3,-3,3927.75,2826
2022-09-19 18:23:32,2,0,3927.75,2826
2022-09-19 18:23:33,1,-1,3927.75,2825
2022-09-19 18:23:35,11,4,3928.0,2829
2022-09-19 18:23:37,2,0,3928.0,2829
2022-09-19 18:23:40,40,17,3928.0,2846
2022-09-19 18:23:42,35,8,3928.0,2854
2022-09-19 18:23:44,37,10,3928.0,2864
2022-09-19 18:23:47,46,12,3928.25,2876
2022-09-19 18:23:49,1,1,3928.0,2877
2022-09-19 18:23:55,1,1,3928.0,2878
2022-09-19 18:23:57,23,-21,3928.0,2857
2022-09-19 18:24:02,1,-1,3927.75,2856
2022-09-19 18:24:03,1,-1,3927.75,2855
2022-09-19 18:24:04,1,1,3928.0,2856
2022-09-19 18:24:06,1,-1,3927.75,2855
2022-09-19 18:24:07,5,3,3928.0,2858
2022-09-19 18:24:08,1,-1,3927.75,2857
2022-09-19 18:24:10,1,-1,3927.75,2856
2022-09-19 18:24:11,8,-5,3927.75,2851
2022-09-19 18:24:12,1,-1,3927.75,2850
2022-09-19 18:24:14,2,-2,3927.75,2848
2022-09-19 18:24:20,1,1,3928.0,2849
2022-09-19 18:24:25,1,1,3928.0,2850
2022-09-19 18:24:26,1,1,3928.0,2851
2022-09-19 18:24:27,14,6,3928.0,2857
2022-09-19 18:24:28,13,-7,3928.0,2850
2022-09-19 18:24:29,11,-1,3927.75,2849
2022-09-19 18:24:31,2,1,3927.75,2850
2022-09-19 18:24:33,1,1,3927.75,2851
2022-09-19 18:24:34,31,-14,3927.5,2837
2022-09-19 18:24:35,1,-1,3927.5,2836
2022-09-19 18:24:36,5,4,3927.5,2840
2022-09-19 18:24:37,11,0,3927.75,2840
2022-09-19 18:24:39,18,-14,3927.25,2826
2022-09-19 18:24:40,1,1,3927.5,2827
2022-09-19 18:24:41,1,1,3927.5,2828
2022-09-19 18:24:42,4,2,3927.25,2830
2022-09-19 18:24:43,2,-2,3927.0,2828
2022-09-19 18:24:44,1,-1,3927.0,2827
2022-09-19 18:24:47,1,1,3927.25,2828
2022-09-19 18:24:49,13,2,3927.25,2830
2022-09-19 18:24:51,1,-1,3927.0,2829
2022-09-19 18:24:53,144,-149,3927.0,2680
2022-09-19 18:24:54,5,1,3926.75,2681
2022-09-19 18:24:55,1,-1,3926.5,2680
2022-09-19 18:24:56,1,-1,3926.5,2679
2022-09-19 18:24:58,1,-1,3926.5,2678
2022-09-19 18:25:00,16,3,3926.75,2681
2022-09-19 18:25:02,5,-2,3926.75,2679
2022-09-19 18:25:03,1,1,3926.75,2680
2022-09-19 18:25:04,1,1,3926.75,2681
2022-09-19 18:25:05,1,-1,3926.5,2680
2022-09-19 18:25:06,3,-3,3926.5,2677
2022-09-19 18:25:07,3,3,3926.75,2680
2022-09-19 18:25:11,1,-1,3926.5,2679
2022-09-19 18:25:17,1,1,3926.75,2680
2022-09-19 18:25:19,1,1,3926.75,2681
2022-09-19 18:25:22,3,3,3926.75,2684
2022-09-19 18:25:27,1,1,3926.75,2685
2022-09-19 18:25:30,1,-1,3926.5,2684
2022-09-19 18:25:36,3,-3,3926.5,2681
2022-09-19 18:25:37,6,1,3926.75,2682
2022-09-19 18:25:38,1,-1,3926.25,2681
2022-09-19 18:25:44,2,1,3926.5,2682
2022-09-19 18:25:46,1,-1,3926.25,2681
2022-09-19 18:25:47,3,2,3926.5,2683
2022-09-19 18:25:51,2,-2,3926.25,2681
2022-09-19 18:25:52,13,-10,3926.25,2671
2022-09-19 18:25:53,6,0,3926.25,2671
2022-09-19 18:25:57,1,1,3926.0,2672
2022-09-19 18:26:00,20,16,3926.0,2688
2022-09-19 18:26:01,2,-2,3925.75,2686
2022-09-19 18:26:03,1,-1,3925.75,2685
2022-09-19 18:26:04,1,-1,3925.75,2684
2022-09-19 18:26:07,1,1,3926.0,2685
2022-09-19 18:26:08,15,-11,3925.75,2674
2022-09-19 18:26:09,14,-10,3925.5,2664
2022-09-19 18:26:10,13,-2,3925.5,2662
2022-09-19 18:26:11,2,-2,3925.0,2660
2022-09-19 18:26:12,6,2,3925.25,2662
2022-09-19 18:26:13,1,-1,3925.25,2661
2022-09-19 18:26:17,9,6,3925.5,2667
2022-09-19 18:26:18,3,-2,3925.5,2665
2022-09-19 18:26:19,6,-6,3925.5,2659
2022-09-19 18:26:20,4,2,3925.5,2661
2022-09-19 18:26:21,25,-36,3925.5,2625
2022-09-19 18:26:22,4,-2,3925.5,2623
2022-09-19 18:26:23,1,1,3925.5,2624
2022-09-19 18:26:26,25,-34,3925.25,2590
2022-09-19 18:26:30,4,1,3925.5,2591
2022-09-19 18:26:31,9,-7,3925.5,2584
2022-09-19 18:26:33,10,9,3925.5,2593
2022-09-19 18:26:34,1,1,3925.5,2594
2022-09-19 18:26:35,1,1,3925.5,2595
2022-09-19 18:26:36,3,3,3925.5,2598
2022-09-19 18:26:41,3,1,3925.5,2599
2022-09-19 18:26:47,2,2,3925.75,2601
2022-09-19 18:26:49,1,1,3925.75,2602
2022-09-19 18:26:57,2,2,3925.75,2604
2022-09-19 18:27:02,2,-2,3925.5,2602
2022-09-19 18:27:05,7,-7,3925.5,2595
2022-09-19 18:27:12,13,13,3925.75,2608
2022-09-19 18:27:14,10,9,3926.0,2617
2022-09-19 18:27:17,3,-1,3926.0,2616
2022-09-19 18:27:22,2,-2,3925.5,2614
2022-09-19 18:27:24,10,-12,3925.5,2602
2022-09-19 18:27:25,4,4,3925.5,2606
2022-09-19 18:27:35,1,1,3925.5,2607
2022-09-19 18:27:37,1,1,3925.5,2608
2022-09-19 18:27:39,1,1,3925.5,2609
2022-09-19 18:27:41,3,-3,3925.25,2606
2022-09-19 18:27:47,2,2,3925.5,2608
2022-09-19 18:27:53,1,1,3925.5,2609
2022-09-19 18:27:54,2,0,3925.5,2609
2022-09-19 18:27:56,1,-1,3925.25,2608
2022-09-19 18:27:57,4,0,3925.5,2608
2022-09-19 18:28:00,9,2,3925.25,2610
2022-09-19 18:28:02,2,-2,3925.25,2608
2022-09-19 18:28:05,2,-2,3925.25,2606
2022-09-19 18:28:07,12,-10,3925.0,2596
2022-09-19 18:28:17,6,4,3925.25,2600
2022-09-19 18:28:27,3,3,3925.25,2603
2022-09-19 18:28:28,2,-1,3925.0,2602
2022-09-19 18:28:32,1,-1,3925.0,2601
2022-09-19 18:28:33,1,-1,3925.0,2600
2022-09-19 18:28:35,1,1,3925.25,2601
2022-09-19 18:28:37,1,1,3925.25,2602
2022-09-19 18:28:42,4,1,3925.25,2603
2022-09-19 18:28:43,1,-1,3925.0,2602
2022-09-19 18:28:47,5,-1,3925.25,2601
2022-09-19 18:28:48,1,-1,3925.0,2600
2022-09-19 18:28:52,1,-1,3925.0,2599
2022-09-19 18:28:53,1,-1,3925.0,2598
2022-09-19 18:28:56,10,-8,3925.0,2590
2022-09-19 18:29:05,2,-2,3924.75,2588
2022-09-19 18:29:07,2,2,3925.0,2590
2022-09-19 18:29:10,1,-1,3924.75,2589
2022-09-19 18:29:14,1,1,3925.0,2590
2022-09-19 18:29:16,3,3,3925.0,2593
2022-09-19 18:29:17,3,1,3925.25,2594
2022-09-19 18:29:20,1,-1,3924.75,2593
2022-09-19 18:29:23,9,3,3925.0,2596
2022-09-19 18:29:24,1,-1,3925.0,2595
2022-09-19 18:29:27,2,2,3925.25,2597
2022-09-19 18:29:28,1,1,3925.25,2598
2022-09-19 18:29:36,2,2,3925.25,2600
2022-09-19 18:29:37,7,-3,3925.25,2597
2022-09-19 18:29:40,1,-1,3925.0,2596
2022-09-19 18:29:43,1,-1,3925.0,2595
2022-09-19 18:29:46,8,-3,3925.0,2592
2022-09-19 18:29:52,1,1,3925.0,2593
2022-09-19 18:29:57,1,1,3925.0,2594
2022-09-19 18:29:59,5,5,3925.0,2599
2022-09-19 18:30:00,4,2,3925.0,2601
2022-09-19 18:30:02,6,6,3925.0,2607
2022-09-19 18:30:05,3,1,3925.25,2608
2022-09-19 18:30:07,1,-1,3925.25,2607
2022-09-19 18:30:12,16,9,3925.5,2616
2022-09-19 18:30:13,10,3,3925.75,2619
2022-09-19 18:30:16,5,-3,3925.75,2616
2022-09-19 18:30:17,2,0,3925.75,2616
2022-09-19 18:30:18,2,2,3925.75,2618
2022-09-19 18:30:20,1,1,3925.75,2619
2022-09-19 18:30:21,1,1,3925.75,2620
2022-09-19 18:30:23,2,2,3925.75,2622
2022-09-19 18:30:24,1,-1,3925.5,2621
2022-09-19 18:30:29,2,2,3925.75,2623
2022-09-19 18:30:32,2,0,3925.5,2623
2022-09-19 18:30:33,2,2,3925.5,2625
2022-09-19 18:30:34,2,-2,3925.25,2623
2022-09-19 18:30:38,6,-6,3925.25,2617
2022-09-19 18:30:44,8,-8,3925.0,2609
2022-09-19 18:30:51,3,-3,3925.0,2606
2022-09-19 18:30:54,13,2,3925.0,2608
2022-09-19 18:30:55,4,4,3925.25,2612
2022-09-19 18:30:57,2,-2,3925.25,2610
2022-09-19 18:30:58,1,-1,3925.25,2609
2022-09-19 18:31:00,1,1,3925.25,2610
2022-09-19 18:31:06,2,2,3925.5,2612
2022-09-19 18:31:08,5,5,3925.5,2617
2022-09-19 18:31:11,1,-1,3925.5,2616
2022-09-19 18:31:13,1,1,3925.75,2617
2022-09-19 18:31:14,7,-5,3925.5,2612
2022-09-19 18:31:15,2,0,3925.75,2612
2022-09-19 18:31:17,17,-5,3925.75,2607
2022-09-19 18:31:30,2,-2,3925.25,2605
2022-09-19 18:31:34,13,3,3925.5,2608
2022-09-19 18:31:37,1,1,3925.25,2609
2022-09-19 18:31:39,1,1,3925.25,2610
2022-09-19 18:31:40,2,0,3925.25,2610
2022-09-19 18:31:50,1,1,3925.25,2611
2022-09-19 18:31:52,1,-1,3925.0,2610
2022-09-19 18:32:03,1,1,3925.25,2611
2022-09-19 18:32:05,1,-1,3925.0,2610
2022-09-19 18:32:07,3,1,3925.0,2611
2022-09-19 18:32:08,9,6,3925.0,2617
2022-09-19 18:32:16,7,-7,3925.0,2610
2022-09-19 18:32:20,5,-5,3925.0,2605
2022-09-19 18:32:23,9,-1,3925.0,2604
2022-09-19 18:32:34,1,-1,3925.0,2603
2022-09-19 18:32:45,1,-1,3925.0,2602
2022-09-19 18:32:58,1,-1,3925.0,2601
2022-09-19 18:33:03,3,-3,3925.0,2598
2022-09-19 18:33:05,1,-1,3925.0,2597
2022-09-19 18:33:07,9,-6,3925.0,2591
2022-09-19 18:33:14,49,-37,3924.75,2554
2022-09-19 18:33:15,2,-2,3924.5,2552
2022-09-19 18:33:17,1,-1,3924.5,2551
2022-09-19 18:33:21,9,7,3924.75,2558
2022-09-19 18:33:26,10,-9,3924.5,2549
2022-09-19 18:33:27,5,-4,3924.5,2545
2022-09-19 18:33:28,1,1,3924.75,2546
2022-09-19 18:33:31,1,-1,3924.5,2545
2022-09-19 18:33:33,1,-1,3924.5,2544
2022-09-19 18:33:34,26,-24,3924.5,2520
2022-09-19 18:33:35,9,5,3924.25,2525
2022-09-19 18:33:36,4,-3,3924.25,2522
2022-09-19 18:33:37,1,-1,3924.25,2521
2022-09-19 18:33:41,9,-7,3924.25,2514
2022-09-19 18:33:42,8,-7,3924.25,2507
2022-09-19 18:33:46,8,-7,3924.0,2500
2022-09-19 18:33:55,1,-1,3924.0,2499
2022-09-19 18:34:03,9,9,3924.25,2508
2022-09-19 18:34:04,1,-1,3924.25,2507
2022-09-19 18:34:17,4,4,3924.5,2511
2022-09-19 18:34:26,1,-1,3924.5,2510
2022-09-19 18:34:27,16,-8,3924.5,2502
2022-09-19 18:34:28,18,-12,3924.25,2490
2022-09-19 18:34:30,23,-15,3924.0,2475
2022-09-19 18:34:34,28,4,3924.25,2479
2022-09-19 18:34:35,2,-2,3924.25,2477
2022-09-19 18:34:43,1,-1,3924.25,2476
2022-09-19 18:34:48,10,-2,3924.25,2474
2022-09-19 18:34:50,5,4,3924.25,2478
2022-09-19 18:34:53,4,1,3924.25,2479
2022-09-19 18:34:54,1,-1,3924.0,2478
2022-09-19 18:35:01,1,-1,3924.25,2477
2022-09-19 18:35:06,1,-1,3924.25,2476
2022-09-19 18:35:16,8,6,3924.5,2482
2022-09-19 18:35:22,1,1,3924.5,2483
2022-09-19 18:35:23,1,-1,3924.25,2482
2022-09-19 18:35:32,5,3,3924.5,2485
2022-09-19 18:35:35,11,5,3924.5,2490
2022-09-19 18:35:36,1,-1,3924.5,2489
2022-09-19 18:35:41,1,1,3924.5,2490
2022-09-19 18:35:43,1,-1,3924.5,2489
2022-09-19 18:35:48,7,7,3925.0,2496
2022-09-19 18:35:49,11,-10,3924.75,2486
2022-09-19 18:35:50,14,6,3925.0,2492
2022-09-19 18:35:58,2,2,3925.0,2494
2022-09-19 18:36:02,4,4,3925.0,2498
2022-09-19 18:36:07,1,1,3925.0,2499
2022-09-19 18:36:08,2,2,3925.25,2501
2022-09-19 18:36:25,1,-1,3925.0,2500
2022-09-19 18:36:33,1,-1,3925.0,2499
2022-09-19 18:36:38,1,-1,3925.0,2498
2022-09-19 18:36:40,1,1,3925.25,2499
2022-09-19 18:36:51,1,1,3925.25,2500
2022-09-19 18:36:56,17,-9,3925.0,2491
2022-09-19 18:36:58,1,-1,3924.75,2490
2022-09-19 18:37:00,6,-6,3924.75,2484
2022-09-19 18:37:02,1,1,3924.75,2485
2022-09-19 18:37:04,1,1,3924.75,2486
2022-09-19 18:37:12,8,-8,3924.5,2478
2022-09-19 18:37:23,5,-5,3924.5,2473
2022-09-19 18:37:26,3,3,3924.5,2476
2022-09-19 18:37:39,3,-1,3924.5,2475
2022-09-19 18:37:45,2,-2,3924.25,2473
2022-09-19 18:37:50,1,-1,3924.25,2472
2022-09-19 18:38:02,1,-1,3924.25,2471
2022-09-19 18:38:06,1,-1,3924.25,2470
2022-09-19 18:38:07,1,-1,3924.25,2469
2022-09-19 18:38:09,1,-1,3924.25,2468
2022-09-19 18:38:11,1,-1,3924.25,2467
2022-09-19 18:38:20,9,5,3924.5,2472
2022-09-19 18:38:22,3,3,3924.75,2475
2022-09-19 18:38:25,1,-1,3924.5,2474
2022-09-19 18:38:29,3,-2,3924.5,2472
2022-09-19 18:38:32,1,-1,3924.5,2471
2022-09-19 18:38:40,9,-4,3924.5,2467
2022-09-19 18:38:44,2,2,3924.5,2469
2022-09-19 18:38:45,5,5,3924.5,2474
2022-09-19 18:38:55,1,1,3924.75,2475
2022-09-19 18:39:09,1,-1,3924.5,2474
2022-09-19 18:39:14,7,5,3924.75,2479
2022-09-19 18:39:26,11,8,3925.0,2487
2022-09-19 18:39:27,1,1,3925.0,2488
2022-09-19 18:39:33,3,3,3925.0,2491
2022-09-19 18:39:37,1,1,3925.0,2492
2022-09-19 18:39:44,1,1,3925.25,2493
2022-09-19 18:39:48,1,-1,3925.0,2492
2022-09-19 18:39:50,6,-1,3925.0,2491
2022-09-19 18:39:58,13,12,3925.25,2503
2022-09-19 18:40:10,11,-5,3925.25,2498
2022-09-19 18:40:12,1,1,3925.25,2499
2022-09-19 18:40:20,1,1,3925.25,2500
2022-09-19 18:40:23,1,1,3925.25,2501
2022-09-19 18:40:51,1,1,3925.25,2502
2022-09-19 18:41:05,19,-7,3925.0,2495
2022-09-19 18:41:11,8,6,3925.25,2501
2022-09-19 18:41:16,1,-1,3925.0,2500
2022-09-19 18:41:32,13,8,3925.25,2508
2022-09-19 18:41:33,2,-2,3925.25,2506
2022-09-19 18:41:39,1,-1,3925.25,2505
2022-09-19 18:41:49,15,16,3925.75,2521
2022-09-19 18:41:55,1,1,3925.75,2522
2022-09-19 18:42:02,5,5,3925.75,2527
2022-09-19 18:42:03,1,-1,3925.75,2526
2022-09-19 18:42:09,3,1,3926.0,2527
2022-09-19 18:42:13,20,-11,3925.75,2516
2022-09-19 18:42:22,1,1,3925.75,2517
2022-09-19 18:42:35,1,-1,3925.5,2516
2022-09-19 18:42:36,8,-8,3925.5,2508
2022-09-19 18:42:53,12,-13,3925.25,2495
2022-09-19 18:42:58,1,1,3925.25,2496
2022-09-19 18:43:00,4,4,3925.25,2500
2022-09-19 18:43:01,1,-1,3925.25,2499
2022-09-19 18:43:08,8,8,3925.5,2507
2022-09-19 18:43:13,2,2,3925.75,2509
2022-09-19 18:43:14,7,2,3925.75,2511
2022-09-19 18:43:23,15,-14,3925.5,2497
2022-09-19 18:43:28,10,-5,3925.25,2492
2022-09-19 18:43:50,8,5,3925.5,2497
2022-09-19 18:43:54,2,2,3925.25,2499
2022-09-19 18:44:02,3,3,3925.5,2502
2022-09-19 18:44:07,1,-1,3925.25,2501
2022-09-19 18:44:42,1,-1,3925.25,2500
2022-09-19 18:44:46,2,0,3925.25,2500
2022-09-19 18:44:49,2,-2,3925.25,2498
2022-09-19 18:44:50,4,4,3925.25,2502
2022-09-19 18:45:00,1,1,3925.25,2503
2022-09-19 18:45:05,3,3,3925.5,2506
2022-09-19 18:45:06,1,1,3925.5,2507
2022-09-19 18:45:12,3,3,3925.5,2510
2022-09-19 18:45:17,2,2,3925.75,2512
2022-09-19 18:45:18,8,3,3925.75,2515
2022-09-19 18:45:29,2,2,3925.75,2517
2022-09-19 18:45:32,1,1,3925.75,2518
2022-09-19 18:45:36,2,2,3925.75,2520
2022-09-19 18:45:45,25,17,3926.0,2537
2022-09-19 18:45:48,6,6,3926.25,2543
2022-09-19 18:45:49,33,-38,3926.0,2505
2022-09-19 18:45:51,1,-1,3925.75,2504
2022-09-19 18:45:55,2,-1,3925.75,2503
2022-09-19 18:45:56,1,-1,3925.5,2502
2022-09-19 18:46:01,1,1,3925.75,2503
2022-09-19 18:46:02,1,-1,3925.5,2502
2022-09-19 18:46:08,9,-9,3925.5,2493
2022-09-19 18:46:11,1,1,3925.5,2494
2022-09-19 18:46:18,1,-1,3925.25,2493
2022-09-19 18:46:20,2,-2,3925.25,2491
2022-09-19 18:46:21,1,1,3925.25,2492
2022-09-19 18:46:34,1,-1,3925.25,2491
2022-09-19 18:46:38,1,-1,3925.25,2490
2022-09-19 18:47:09,2,-1,3925.25,2489
2022-09-19 18:47:15,7,7,3925.5,2496
2022-09-19 18:47:29,2,2,3925.5,2498
2022-09-19 18:47:33,1,-1,3925.5,2497
2022-09-19 18:47:44,1,-1,3925.5,2496
2022-09-19 18:47:50,8,8,3925.75,2504
2022-09-19 18:47:53,1,1,3925.75,2505
2022-09-19 18:48:14,1,-1,3925.5,2504
2022-09-19 18:48:16,2,2,3925.75,2506
2022-09-19 18:48:17,11,7,3926.0,2513
2022-09-19 18:48:23,9,5,3926.25,2518
2022-09-19 18:48:33,6,6,3926.5,2524
2022-09-19 18:48:36,9,-8,3926.25,2516
2022-09-19 18:49:01,1,1,3926.25,2517
2022-09-19 18:49:07,1,1,3926.25,2518
2022-09-19 18:49:25,2,-2,3926.0,2516
2022-09-19 18:49:27,2,-1,3926.0,2515
2022-09-19 18:49:30,1,-1,3926.0,2514
2022-09-19 18:49:38,34,-10,3926.0,2504
2022-09-19 18:49:42,3,-3,3925.75,2501
2022-09-19 18:49:47,1,1,3925.75,2502
2022-09-19 18:49:48,1,1,3925.75,2503
2022-09-19 18:50:01,1,1,3925.75,2504
2022-09-19 18:50:11,3,3,3925.75,2507
2022-09-19 18:50:13,3,-3,3925.75,2504
2022-09-19 18:50:20,1,-1,3925.5,2503
2022-09-19 18:50:28,6,6,3925.75,2509
2022-09-19 18:50:36,1,-1,3926.0,2508
2022-09-19 18:50:39,1,-1,3926.0,2507
2022-09-19 18:50:42,5,-5,3926.0,2502
2022-09-19 18:50:46,2,2,3926.0,2504
2022-09-19 18:50:50,2,-1,3925.75,2503
2022-09-19 18:50:52,1,-1,3925.75,2502
2022-09-19 18:50:55,1,-1,3925.5,2501
2022-09-19 18:50:57,1,1,3925.5,2502
2022-09-19 18:51:06,2,2,3925.5,2504
2022-09-19 18:51:21,2,-2,3925.25,2502
2022-09-19 18:51:22,1,-1,3925.25,2501
2022-09-19 18:51:26,10,-4,3925.25,2497
2022-09-19 18:51:32,2,-1,3925.25,2496
2022-09-19 18:51:35,1,-1,3925.25,2495
2022-09-19 18:51:40,4,3,3925.5,2498
2022-09-19 18:51:43,8,-6,3925.25,2492
2022-09-19 18:51:45,3,-3,3925.0,2489
2022-09-19 18:51:46,4,4,3925.25,2493
2022-09-19 18:51:51,2,-2,3925.0,2491
2022-09-19 18:51:53,2,-2,3925.0,2489
2022-09-19 18:51:56,13,-9,3925.0,2480
2022-09-19 18:51:58,2,-2,3925.0,2478
2022-09-19 18:52:21,8,9,3925.5,2487
2022-09-19 18:52:28,2,-2,3925.25,2485
2022-09-19 18:52:30,2,1,3925.5,2486
2022-09-19 18:52:35,6,6,3925.5,2492
2022-09-19 18:52:36,1,-1,3925.5,2491
2022-09-19 18:52:41,2,-2,3925.5,2489
2022-09-19 18:52:43,1,-1,3925.5,2488
2022-09-19 18:52:44,1,-1,3925.5,2487
2022-09-19 18:52:49,6,-5,3925.5,2482
2022-09-19 18:53:02,1,1,3925.5,2483
2022-09-19 18:53:04,1,1,3925.5,2484
2022-09-19 18:53:32,5,5,3925.5,2489
2022-09-19 18:53:38,1,-1,3925.5,2488
2022-09-19 18:53:44,2,-2,3925.5,2486
2022-09-19 18:53:56,1,1,3925.75,2487
2022-09-19 18:54:00,25,32,3926.0,2519
2022-09-19 18:54:03,7,-6,3925.75,2513
2022-09-19 18:54:34,6,5,3925.75,2518
2022-09-19 18:54:44,1,1,3925.75,2519
2022-09-19 18:54:52,1,-1,3925.75,2518
2022-09-19 18:55:11,2,-2,3925.75,2516
2022-09-19 18:55:30,3,-3,3925.5,2513
2022-09-19 18:55:36,3,3,3925.5,2516
2022-09-19 18:55:49,1,-1,3925.25,2515
2022-09-19 18:55:55,1,-1,3925.25,2514
2022-09-19 18:55:57,7,6,3925.75,2520
2022-09-19 18:56:08,7,-6,3925.5,2514
2022-09-19 18:56:25,2,-2,3925.25,2512
2022-09-19 18:56:33,2,-2,3925.25,2510
2022-09-19 18:56:34,1,-1,3925.25,2509
2022-09-19 18:56:41,6,-4,3925.25,2505
2022-09-19 18:57:00,6,6,3925.25,2511
2022-09-19 18:57:02,1,1,3925.25,2512
2022-09-19 18:57:32,15,-13,3925.0,2499
2022-09-19 18:57:38,14,-14,3924.75,2485
2022-09-19 18:57:40,6,-6,3924.5,2479
2022-09-19 18:57:41,3,-3,3924.5,2476
2022-09-19 18:57:42,1,-1,3924.5,2475
2022-09-19 18:57:44,5,-8,3924.5,2467
2022-09-19 18:57:46,13,5,3924.5,2472
2022-09-19 18:57:47,6,-6,3924.25,2466
2022-09-19 18:57:49,2,-2,3924.25,2464
2022-09-19 18:57:53,2,-2,3924.25,2462
2022-09-19 18:57:54,1,-1,3924.25,2461
2022-09-19 18:57:57,41,-36,3924.25,2425
2022-09-19 18:57:58,1,1,3924.25,2426
2022-09-19 18:58:01,3,-3,3924.0,2423
2022-09-19 18:58:04,4,4,3924.0,2427
2022-09-19 18:58:05,7,-7,3924.0,2420
2022-09-19 18:58:06,9,9,3924.25,2429
2022-09-19 18:58:13,7,7,3924.25,2436
2022-09-19 18:58:16,4,-4,3924.25,2432
2022-09-19 18:58:21,2,-2,3924.25,2430
2022-09-19 18:58:24,5,5,3924.5,2435
2022-09-19 18:58:25,1,1,3924.5,2436
2022-09-19 18:58:29,1,-1,3924.5,2435
2022-09-19 18:58:54,1,-1,3924.25,2434
2022-09-19 18:58:59,2,-2,3924.25,2432
2022-09-19 18:59:02,2,2,3924.5,2434
2022-09-19 18:59:09,1,1,3924.25,2435
2022-09-19 18:59:15,1,1,3924.25,2436
2022-09-19 18:59:18,1,-1,3924.25,2435
2022-09-19 18:59:33,2,-2,3924.25,2433
2022-09-19 18:59:34,1,1,3924.25,2434
2022-09-19 19:00:00,2,0,3924.5,2434
2022-09-19 19:00:01,13,5,3924.5,2439
2022-09-19 19:00:02,1,1,3924.5,2440
2022-09-19 19:00:04,5,5,3925.0,2445
2022-09-19 19:00:06,4,-4,3924.5,2441
2022-09-19 19:00:07,2,-2,3924.5,2439
2022-09-19 19:00:08,1,1,3924.5,2440
2022-09-19 19:00:10,2,0,3924.5,2440
2022-09-19 19:00:13,4,-4,3924.5,2436
2022-09-19 19:00:14,1,1,3924.75,2437
2022-09-19 19:00:34,3,3,3924.75,2440
2022-09-19 19:00:35,7,-1,3924.5,2439
2022-09-19 19:00:36,1,-1,3924.5,2438
2022-09-19 19:00:48,1,-1,3924.25,2437
2022-09-19 19:00:49,1,-1,3924.25,2436
2022-09-19 19:00:53,1,1,3924.25,2437
2022-09-19 19:00:56,1,-1,3924.0,2436
2022-09-19 19:01:00,3,-1,3924.25,2435
2022-09-19 19:01:04,6,2,3924.25,2437
2022-09-19 19:01:13,7,5,3924.5,2442
2022-09-19 19:01:22,1,-1,3924.5,2441
2022-09-19 19:01:33,5,3,3924.75,2444
2022-09-19 19:01:42,7,-7,3924.5,2437
2022-09-19 19:01:46,2,-2,3924.5,2435
2022-09-19 19:01:48,1,-1,3924.25,2434
2022-09-19 19:02:02,4,4,3924.5,2438
2022-09-19 19:02:18,2,2,3924.75,2440
2022-09-19 19:02:24,1,1,3924.75,2441
2022-09-19 19:02:33,2,0,3924.5,2441
2022-09-19 19:02:43,10,-2,3924.5,2439
2022-09-19 19:02:54,2,0,3924.5,2439
2022-09-19 19:03:01,3,3,3924.75,2442
2022-09-19 19:03:02,2,1,3924.75,2443
2022-09-19 19:03:08,1,-1,3924.75,2442
2022-09-19 19:03:09,1,-1,3924.75,2441
2022-09-19 19:03:16,3,1,3924.75,2442
2022-09-19 19:03:17,1,-1,3924.75,2441
2022-09-19 19:03:21,1,-1,3924.5,2440
2022-09-19 19:03:29,1,-1,3924.75,2439
2022-09-19 19:03:42,7,-5,3924.5,2434
2022-09-19 19:03:46,1,-1,3924.25,2433
2022-09-19 19:04:03,4,2,3924.5,2435
2022-09-19 19:04:05,1,-1,3924.5,2434
2022-09-19 19:04:24,6,3,3925.0,2437
2022-09-19 19:04:46,9,5,3924.75,2442
2022-09-19 19:04:52,1,-1,3924.75,2441
2022-09-19 19:05:01,1,1,3925.0,2442
2022-09-19 19:05:02,1,-1,3924.75,2441
2022-09-19 19:05:11,2,0,3925.0,2441
2022-09-19 19:05:26,1,-1,3924.75,2440
2022-09-19 19:05:28,6,5,3925.0,2445
2022-09-19 19:05:30,1,-1,3924.75,2444
2022-09-19 19:05:32,20,-5,3924.75,2439
2022-09-19 19:05:39,20,-14,3924.5,2425
2022-09-19 19:05:53,12,-11,3924.25,2414
2022-09-19 19:05:58,3,2,3924.5,2416
2022-09-19 19:06:02,7,4,3924.5,2420
2022-09-19 19:06:03,8,-1,3924.5,2419
2022-09-19 19:06:06,1,1,3924.75,2420
2022-09-19 19:06:08,1,1,3924.75,2421
2022-09-19 19:06:16,1,-1,3924.5,2420
2022-09-19 19:06:19,7,-5,3924.5,2415
2022-09-19 19:06:20,2,2,3924.5,2417
2022-09-19 19:06:22,1,-1,3924.25,2416
2022-09-19 19:06:29,1,-1,3924.25,2415
2022-09-19 19:06:30,4,0,3924.5,2415
2022-09-19 19:06:37,9,5,3924.5,2420
2022-09-19 19:06:44,1,-1,3924.25,2419
2022-09-19 19:07:01,1,1,3924.5,2420
2022-09-19 19:07:05,6,4,3924.5,2424
2022-09-19 19:07:12,3,-1,3924.5,2423
2022-09-19 19:07:25,6,-6,3924.25,2417
2022-09-19 19:07:31,2,-2,3924.0,2415
2022-09-19 19:07:36,3,3,3924.25,2418
2022-09-19 19:07:41,1,-1,3924.25,2417
2022-09-19 19:07:52,2,0,3924.25,2417
2022-09-19 19:07:53,2,2,3924.25,2419
2022-09-19 19:07:56,4,3,3924.25,2422
2022-09-19 19:08:02,2,2,3924.25,2424
2022-09-19 19:08:03,3,2,3924.25,2426
2022-09-19 19:08:06,5,-2,3924.25,2424
2022-09-19 19:08:29,1,-1,3924.25,2423
2022-09-19 19:08:40,12,4,3924.5,2427
2022-09-19 19:08:44,11,-6,3924.5,2421
2022-09-19 19:08:51,1,1,3924.5,2422
2022-09-19 19:08:52,1,-1,3924.25,2421
2022-09-19 19:08:54,1,-1,3924.25,2420
2022-09-19 19:08:58,1,1,3924.5,2421
2022-09-19 19:08:59,5,-5,3924.25,2416
2022-09-19 19:09:02,1,1,3924.25,2417
2022-09-19 19:09:22,27,-14,3924.0,2403
2022-09-19 19:09:23,2,-1,3923.75,2402
2022-09-19 19:09:30,14,4,3924.0,2406
2022-09-19 19:09:38,1,-1,3924.0,2405
2022-09-19 19:09:41,4,-4,3924.0,2401
2022-09-19 19:09:44,3,0,3924.0,2401
2022-09-19 19:09:49,1,-1,3923.75,2400
2022-09-19 19:10:00,1,1,3924.0,2401
2022-09-19 19:10:01,1,-1,3923.75,2400
2022-09-19 19:10:07,26,-5,3923.75,2395
2022-09-19 19:10:11,35,-10,3923.75,2385
2022-09-19 19:10:12,1,-1,3923.5,2384
2022-09-19 19:10:13,1,-1,3923.5,2383
2022-09-19 19:10:14,4,2,3923.75,2385
2022-09-19 19:10:15,7,2,3923.75,2387
2022-09-19 19:10:16,1,-1,3923.5,2386
2022-09-19 19:10:18,2,1,3923.75,2387
2022-09-19 19:10:19,5,-1,3923.75,2386
2022-09-19 19:10:20,6,4,3923.75,2390
2022-09-19 19:10:26,8,5,3923.75,2395
2022-09-19 19:10:35,2,-2,3923.75,2393
2022-09-19 19:10:37,5,-5,3923.75,2388
2022-09-19 19:10:41,1,1,3924.0,2389
2022-09-19 19:10:53,9,7,3924.0,2396
2022-09-19 19:10:54,1,-1,3924.0,2395
2022-09-19 19:10:55,3,3,3924.0,2398
2022-09-19 19:11:10,4,2,3924.25,2400
2022-09-19 19:11:12,3,3,3924.25,2403
2022-09-19 19:11:15,4,-2,3924.0,2401
2022-09-19 19:11:20,1,-1,3924.0,2400
2022-09-19 19:11:24,1,-1,3924.0,2399
2022-09-19 19:11:33,1,-1,3923.75,2398
2022-09-19 19:11:38,3,2,3924.0,2400
2022-09-19 19:11:44,3,3,3924.0,2403
2022-09-19 19:11:50,31,27,3924.5,2430
2022-09-19 19:12:03,4,4,3924.5,2434
2022-09-19 19:12:10,7,6,3924.5,2440
2022-09-19 19:12:16,12,5,3924.5,2445
2022-09-19 19:12:26,3,-1,3924.5,2444
2022-09-19 19:12:39,3,-3,3924.25,2441
2022-09-19 19:12:41,2,1,3924.5,2442
2022-09-19 19:12:56,1,-1,3924.25,2441
2022-09-19 19:12:57,10,10,3924.5,2451
2022-09-19 19:13:00,1,1,3924.5,2452
2022-09-19 19:13:05,1,-1,3924.25,2451
2022-09-19 19:13:20,4,-4,3924.25,2447
2022-09-19 19:13:25,5,-2,3924.25,2445
2022-09-19 19:13:26,1,-1,3924.25,2444
2022-09-19 19:13:36,2,-2,3924.25,2442
2022-09-19 19:13:38,1,-1,3924.25,2441
2022-09-19 19:13:41,1,-1,3924.25,2440
2022-09-19 19:13:45,1,-1,3924.0,2439
2022-09-19 19:13:53,1,1,3924.25,2440
2022-09-19 19:13:57,1,-1,3924.0,2439
2022-09-19 19:14:11,4,-4,3924.0,2435
2022-09-19 19:14:12,1,-1,3924.0,2434
2022-09-19 19:14:14,5,-5,3924.0,2429
2022-09-19 19:14:20,5,-5,3923.75,2424
2022-09-19 19:14:21,1,-1,3923.75,2423
2022-09-19 19:14:23,7,-5,3923.75,2418
2022-09-19 19:14:25,1,1,3923.75,2419
2022-09-19 19:14:31,1,1,3923.75,2420
2022-09-19 19:14:34,2,1,3923.75,2421
2022-09-19 19:14:36,2,-2,3923.5,2419
2022-09-19 19:14:37,13,-9,3923.75,2410
2022-09-19 19:14:38,5,-1,3923.5,2409
2022-09-19 19:14:40,6,1,3923.5,2410
2022-09-19 19:14:44,3,2,3923.5,2412
2022-09-19 19:14:51,1,-1,3923.5,2411
2022-09-19 19:14:54,7,5,3924.0,2416
2022-09-19 19:14:55,7,4,3924.0,2420
2022-09-19 19:14:56,10,0,3924.0,2420
2022-09-19 19:15:00,1,1,3924.25,2421
2022-09-19 19:15:03,23,6,3924.5,2427
2022-09-19 19:15:04,2,2,3924.5,2429
2022-09-19 19:15:08,1,1,3924.5,2430
2022-09-19 19:15:14,7,-6,3924.5,2424
2022-09-19 19:15:15,1,1,3924.5,2425
2022-09-19 19:15:17,2,-1,3924.5,2424
2022-09-19 19:15:26,1,1,3924.5,2425
2022-09-19 19:15:30,14,5,3924.5,2430
2022-09-19 19:15:37,1,1,3924.75,2431
2022-09-19 19:15:45,21,1,3924.75,2432
2022-09-19 19:15:49,1,1,3924.75,2433
2022-09-19 19:15:52,38,16,3925.0,2449
2022-09-19 19:15:54,1,1,3925.0,2450
2022-09-19 19:15:55,16,11,3925.25,2461
2022-09-19 19:15:56,1,-1,3925.0,2460
2022-09-19 19:15:57,10,4,3925.25,2464
2022-09-19 19:15:59,6,-3,3925.25,2461
2022-09-19 19:16:00,2,-2,3925.0,2459
2022-09-19 19:16:01,1,1,3925.0,2460
2022-09-19 19:16:06,1,1,3925.25,2461
2022-09-19 19:16:07,20,15,3925.5,2476
2022-09-19 19:16:09,18,7,3926.0,2483
2022-09-19 19:16:12,1,1,3925.75,2484
2022-09-19 19:16:13,1,1,3925.75,2485
2022-09-19 19:16:14,4,-2,3925.75,2483
2022-09-19 19:16:17,17,8,3926.0,2491
2022-09-19 19:16:21,1,1,3925.75,2492
2022-09-19 19:16:26,5,4,3925.75,2496
2022-09-19 19:16:35,2,2,3926.0,2498
2022-09-19 19:16:36,3,-1,3925.75,2497
2022-09-19 19:16:39,4,1,3925.75,2498
2022-09-19 19:16:43,2,2,3925.75,2500
2022-09-19 19:16:44,1,-1,3925.5,2499
2022-09-19 19:16:47,1,-1,3925.5,2498
2022-09-19 19:16:56,2,-1,3925.25,2497
2022-09-19 19:17:05,2,2,3925.5,2499
2022-09-19 19:17:06,6,6,3925.75,2505
2022-09-19 19:17:20,31,16,3926.0,2521
2022-09-19 19:17:21,7,-7,3925.5,2514
2022-09-19 19:17:25,1,-1,3925.25,2513
2022-09-19 19:17:31,12,5,3925.25,2518
2022-09-19 19:17:34,6,6,3925.25,2524
2022-09-19 19:17:41,3,-1,3925.25,2523
2022-09-19 19:17:47,10,-2,3925.25,2521
2022-09-19 19:17:50,1,1,3925.25,2522
2022-09-19 19:18:01,3,-3,3925.0,2519
2022-09-19 19:18:06,9,-8,3925.0,2511
2022-09-19 19:18:08,1,1,3925.25,2512
2022-09-19 19:18:22,1,1,3925.25,2513
2022-09-19 19:18:24,4,4,3925.25,2517
2022-09-19 19:18:33,1,1,3925.25,2518
2022-09-19 19:18:35,1,1,3925.25,2519
2022-09-19 19:18:41,1,1,3925.25,2520
2022-09-19 19:18:49,8,7,3925.25,2527
2022-09-19 19:18:58,1,1,3925.25,2528
2022-09-19 19:19:00,2,-2,3925.0,2526
2022-09-19 19:19:12,5,0,3925.25,2526
2022-09-19 19:19:21,1,1,3925.25,2527
2022-09-19 19:19:22,8,-7,3925.0,2520
2022-09-19 19:19:24,1,-1,3924.75,2519
2022-09-19 19:19:36,15,-13,3924.75,2506
2022-09-19 19:19:39,3,-3,3924.5,2503
2022-09-19 19:19:46,5,4,3924.5,2507
2022-09-19 19:19:51,1,-1,3924.25,2506
2022-09-19 19:20:00,1,1,3924.5,2507
2022-09-19 19:20:02,1,1,3924.5,2508
2022-09-19 19:20:03,2,0,3924.5,2508
2022-09-19 19:20:05,1,1,3924.5,2509
2022-09-19 19:20:06,1,1,3924.75,2510
2022-09-19 19:20:12,1,1,3924.75,2511
2022-09-19 19:20:15,1,1,3924.5,2512
2022-09-19 19:20:20,2,-2,3924.25,2510
2022-09-19 19:20:31,4,-3,3924.25,2507
2022-09-19 19:20:32,3,-1,3924.25,2506
2022-09-19 19:20:33,10,3,3924.25,2509
2022-09-19 19:20:39,1,-1,3924.0,2508
2022-09-19 19:20:41,2,2,3924.25,2510
2022-09-19 19:20:42,6,0,3924.25,2510
2022-09-19 19:20:58,1,1,3924.25,2511
2022-09-19 19:21:03,1,-1,3924.0,2510
2022-09-19 19:21:05,7,7,3924.25,2517
2022-09-19 19:21:07,1,-1,3924.25,2516
2022-09-19 19:21:12,1,-1,3924.25,2515
2022-09-19 19:21:13,1,-1,3924.25,2514
2022-09-19 19:21:16,1,1,3924.5,2515
2022-09-19 19:21:51,2,0,3924.25,2515
2022-09-19 19:21:54,9,6,3924.5,2521
2022-09-19 19:21:55,5,3,3924.75,2524
2022-09-19 19:22:02,1,-1,3924.75,2523
2022-09-19 19:22:21,4,-2,3924.5,2521
2022-09-19 19:22:28,1,1,3924.5,2522
2022-09-19 19:22:31,3,3,3924.75,2525
2022-09-19 19:22:54,3,3,3924.75,2528
2022-09-19 19:23:01,5,-1,3924.75,2527
2022-09-19 19:23:14,7,-7,3924.75,2520
2022-09-19 19:23:17,1,-1,3924.5,2519
2022-09-19 19:23:21,1,-1,3924.25,2518
2022-09-19 19:23:23,1,1,3924.75,2519
2022-09-19 19:23:40,3,2,3924.75,2521
2022-09-19 19:23:55,1,1,3925.0,2522
2022-09-19 19:23:57,22,11,3925.0,2533
2022-09-19 19:24:01,15,2,3925.25,2535
2022-09-19 19:24:02,2,-2,3925.0,2533
2022-09-19 19:24:05,1,1,3925.25,2534
2022-09-19 19:24:08,3,2,3925.25,2536
2022-09-19 19:24:22,11,10,3925.5,2546
2022-09-19 19:24:25,1,-1,3925.5,2545
2022-09-19 19:24:26,2,2,3925.75,2547
2022-09-19 19:24:27,1,-1,3925.5,2546
2022-09-19 19:24:32,1,1,3925.75,2547
2022-09-19 19:24:34,9,2,3925.75,2549
2022-09-19 19:24:36,5,4,3926.0,2553
2022-09-19 19:24:37,1,1,3926.0,2554
2022-09-19 19:24:39,1,1,3926.0,2555
2022-09-19 19:24:44,44,3,3926.0,2558
2022-09-19 19:24:46,3,-1,3925.5,2557
2022-09-19 19:24:56,32,-8,3925.5,2549
2022-09-19 19:24:57,1,-1,3925.25,2548
2022-09-19 19:25:05,1,1,3925.5,2549
2022-09-19 19:25:08,1,-1,3925.25,2548
2022-09-19 19:25:09,16,-8,3925.5,2540
2022-09-19 19:25:16,10,2,3925.25,2542
2022-09-19 19:25:18,5,5,3925.5,2547
2022-09-19 19:25:22,2,-2,3925.5,2545
2022-09-19 19:25:26,4,-4,3925.5,2541
2022-09-19 19:25:45,2,-2,3925.25,2539
2022-09-19 19:25:48,3,3,3925.25,2542
2022-09-19 19:25:50,1,1,3925.25,2543
2022-09-19 19:25:59,2,2,3925.25,2545
2022-09-19 19:26:02,1,-1,3925.0,2544
2022-09-19 19:26:03,4,4,3925.25,2548
2022-09-19 19:26:07,6,1,3925.25,2549
2022-09-19 19:26:27,19,-15,3925.0,2534
2022-09-19 19:26:31,10,10,3925.25,2544
2022-09-19 19:26:37,13,11,3925.75,2555
2022-09-19 19:26:41,17,-3,3925.5,2552
2022-09-19 19:26:43,5,-5,3925.5,2547
2022-09-19 19:26:46,2,2,3925.5,2549
2022-09-19 19:26:47,5,-5,3925.5,2544
2022-09-19 19:26:48,1,-1,3925.25,2543
2022-09-19 19:26:56,8,7,3925.5,2550
2022-09-19 19:26:57,4,-4,3925.5,2546
2022-09-19 19:27:10,1,1,3925.5,2547
2022-09-19 19:27:12,7,5,3925.5,2552
2022-09-19 19:27:27,1,1,3925.5,2553
2022-09-19 19:27:35,11,-7,3925.25,2546
2022-09-19 19:27:39,19,7,3925.5,2553
2022-09-19 19:27:40,11,10,3925.5,2563
2022-09-19 19:28:33,1,-1,3925.25,2562
2022-09-19 19:28:34,12,12,3925.5,2574
2022-09-19 19:28:35,14,9,3925.75,2583
2022-09-19 19:28:41,1,1,3925.75,2584
2022-09-19 19:28:44,8,-8,3925.5,2576
2022-09-19 19:28:45,2,2,3925.75,2578
2022-09-19 19:28:51,31,19,3926.0,2597
2022-09-19 19:28:56,1,-1,3925.75,2596
2022-09-19 19:29:16,1,-1,3925.75,2595
2022-09-19 19:29:31,3,3,3926.0,2598
2022-09-19 19:29:41,4,2,3926.0,2600
2022-09-19 19:29:43,8,-5,3926.0,2595
2022-09-19 19:30:00,1,1,3926.0,2596
2022-09-19 19:30:02,85,31,3926.5,2627
2022-09-19 19:30:03,7,7,3926.75,2634
2022-09-19 19:30:04,13,-2,3926.5,2632
2022-09-19 19:30:05,18,9,3926.75,2641
2022-09-19 19:30:09,4,-4,3926.5,2637
2022-09-19 19:30:12,1,1,3926.5,2638
2022-09-19 19:30:13,1,-1,3926.5,2637
2022-09-19 19:30:14,4,4,3926.75,2641
2022-09-19 19:30:15,6,6,3927.0,2647
2022-09-19 19:30:18,1,1,3927.0,2648
2022-09-19 19:30:19,2,-2,3926.75,2646
2022-09-19 19:30:20,1,1,3927.0,2647
2022-09-19 19:30:21,7,-2,3926.75,2645
2022-09-19 19:30:22,1,1,3926.75,2646
2022-09-19 19:30:23,8,3,3926.75,2649
2022-09-19 19:30:31,11,4,3926.75,2653
2022-09-19 19:30:36,1,-1,3926.75,2652
2022-09-19 19:30:38,13,-2,3926.75,2650
2022-09-19 19:30:41,2,-2,3926.75,2648
2022-09-19 19:30:42,2,1,3926.75,2649
2022-09-19 19:30:46,57,33,3927.5,2682
2022-09-19 19:30:48,1,1,3927.5,2683
2022-09-19 19:30:49,1,1,3927.5,2684
2022-09-19 19:30:50,2,2,3927.5,2686
2022-09-19 19:30:54,9,-7,3927.25,2679
2022-09-19 19:30:55,1,-1,3927.25,2678
2022-09-19 19:30:57,3,1,3927.5,2679
2022-09-19 19:30:58,1,-1,3927.25,2678
2022-09-19 19:31:00,315,97,3929.0,2775
2022-09-19 19:31:01,8,-4,3928.5,2771
2022-09-19 19:31:02,10,10,3929.0,2781
2022-09-19 19:31:03,19,7,3929.0,2788
2022-09-19 19:31:04,17,-8,3929.0,2780
2022-09-19 19:31:07,15,-6,3928.75,2774
2022-09-19 19:31:08,4,4,3928.75,2778
2022-09-19 19:31:09,13,7,3928.75,2785
2022-09-19 19:31:12,24,21,3929.25,2806
2022-09-19 19:31:13,5,1,3929.0,2807
2022-09-19 19:31:14,24,5,3929.25,2812
2022-09-19 19:31:15,7,3,3929.0,2815
2022-09-19 19:31:16,4,0,3929.0,2815
2022-09-19 19:31:17,3,1,3929.0,2816
2022-09-19 19:31:18,14,12,3929.25,2828
2022-09-19 19:31:20,3,-3,3929.0,2825
2022-09-19 19:31:21,2,0,3929.0,2825
2022-09-19 19:31:22,10,7,3929.25,2832
2022-09-19 19:31:23,7,5,3929.5,2837
2022-09-19 19:31:24,8,3,3929.5,2840
2022-09-19 19:31:25,1,-1,3929.25,2839
2022-09-19 19:31:26,7,-5,3929.25,2834
2022-09-19 19:31:28,11,-6,3929.0,2828
2022-09-19 19:31:29,3,1,3929.25,2829
2022-09-19 19:31:31,7,4,3929.25,2833
2022-09-19 19:31:32,4,3,3929.5,2836
2022-09-19 19:31:33,3,2,3929.5,2838
2022-09-19 19:31:34,12,7,3929.5,2845
2022-09-19 19:31:35,1,-1,3929.25,2844
2022-09-19 19:31:36,9,-5,3929.25,2839
2022-09-19 19:31:37,5,5,3929.25,2844
2022-09-19 19:31:40,5,-5,3929.25,2839
2022-09-19 19:31:41,9,-6,3929.5,2833
2022-09-19 19:31:43,22,-11,3929.0,2822
2022-09-19 19:31:45,1,1,3929.0,2823
2022-09-19 19:31:46,6,0,3929.0,2823
2022-09-19 19:31:47,3,-3,3929.0,2820
2022-09-19 19:31:48,7,-6,3928.75,2814
2022-09-19 19:31:50,4,-3,3928.5,2811
2022-09-19 19:31:51,19,1,3928.75,2812
2022-09-19 19:31:54,10,-5,3928.5,2807
2022-09-19 19:31:55,1,-1,3928.5,2806
2022-09-19 19:31:58,2,2,3928.5,2808
2022-09-19 19:32:00,10,8,3928.5,2816
2022-09-19 19:32:01,14,2,3928.5,2818
2022-09-19 19:32:02,4,-4,3928.25,2814
2022-09-19 19:32:03,7,2,3928.25,2816
2022-09-19 19:32:04,8,-1,3928.25,2815
2022-09-19 19:32:07,20,7,3928.5,2822
2022-09-19 19:32:08,2,2,3928.5,2824
2022-09-19 19:32:09,4,2,3928.75,2826
2022-09-19 19:32:12,1,-1,3928.5,2825
2022-09-19 19:32:13,7,3,3928.75,2828
2022-09-19 19:32:14,4,-2,3928.75,2826
2022-09-19 19:32:16,3,-3,3928.5,2823
2022-09-19 19:32:18,19,-9,3928.5,2814
2022-09-19 19:32:19,8,5,3928.5,2819
2022-09-19 19:32:20,5,-3,3928.5,2816
2022-09-19 19:32:22,4,2,3928.75,2818
2022-09-19 19:32:25,4,4,3928.75,2822
2022-09-19 19:32:26,7,4,3929.0,2826
2022-09-19 19:32:27,2,2,3929.0,2828
2022-09-19 19:32:30,10,-4,3928.75,2824
2022-09-19 19:32:34,2,2,3929.0,2826
2022-09-19 19:32:35,1,1,3929.0,2827
2022-09-19 19:32:40,2,1,3929.0,2828
2022-09-19 19:32:41,3,0,3929.0,2828
2022-09-19 19:32:44,4,5,3929.25,2833
2022-09-19 19:32:46,30,11,3929.25,2844
2022-09-19 19:32:48,1,1,3929.5,2845
2022-09-19 19:32:49,27,17,3929.75,2862
2022-09-19 19:32:50,1,1,3929.75,2863
2022-09-19 19:32:51,7,-6,3929.5,2857
2022-09-19 19:32:52,13,11,3929.75,2868
2022-09-19 19:32:54,2,2,3929.75,2870
2022-09-19 19:33:01,45,-1,3929.75,2869
2022-09-19 19:33:02,3,1,3929.25,2870
2022-09-19 19:33:04,5,-5,3928.75,2865
2022-09-19 19:33:05,1,1,3928.75,2866
2022-09-19 19:33:06,1,-1,3928.75,2865
2022-09-19 19:33:07,2,2,3928.75,2867
2022-09-19 19:33:13,5,-2,3928.5,2865
2022-09-19 19:33:14,2,-2,3928.25,2863
2022-09-19 19:33:16,2,-1,3928.25,2862
2022-09-19 19:33:18,5,4,3928.5,2866
2022-09-19 19:33:21,4,1,3928.5,2867
2022-09-19 19:33:22,6,0,3928.5,2867
2022-09-19 19:33:23,10,-9,3928.25,2858
2022-09-19 19:33:24,5,1,3928.25,2859
2022-09-19 19:33:25,5,3,3928.5,2862
2022-09-19 19:33:27,5,-3,3928.25,2859
2022-09-19 19:33:28,1,-1,3928.0,2858
2022-09-19 19:33:30,5,-5,3928.0,2853
2022-09-19 19:33:32,5,4,3928.25,2857
2022-09-19 19:33:33,3,-2,3928.0,2855
2022-09-19 19:33:34,5,-5,3928.0,2850
2022-09-19 19:33:35,5,4,3928.25,2854
2022-09-19 19:33:36,1,-1,3928.0,2853
2022-09-19 19:33:38,7,4,3928.25,2857
2022-09-19 19:33:42,5,5,3928.25,2862
2022-09-19 19:33:47,7,-4,3928.0,2858
2022-09-19 19:33:50,4,3,3928.0,2861
2022-09-19 19:33:55,6,5,3928.0,2866
2022-09-19 19:33:59,13,-2,3928.0,2864
2022-09-19 19:34:02,10,-5,3927.75,2859
2022-09-19 19:34:04,15,3,3927.75,2862
2022-09-19 19:34:05,5,4,3928.0,2866
2022-09-19 19:34:08,1,-1,3927.75,2865
2022-09-19 19:34:10,10,0,3928.0,2865
2022-09-19 19:34:11,1,1,3928.0,2866
2022-09-19 19:34:12,1,1,3928.0,2867
2022-09-19 19:34:13,1,1,3928.0,2868
2022-09-19 19:34:20,7,-3,3928.0,2865
2022-09-19 19:34:21,6,4,3928.0,2869
2022-09-19 19:34:25,4,0,3927.75,2869
2022-09-19 19:34:26,3,-1,3928.0,2868
2022-09-19 19:34:28,6,-3,3927.75,2865
2022-09-19 19:34:30,2,-2,3927.75,2863
2022-09-19 19:34:31,1,-1,3927.75,2862
2022-09-19 19:34:37,9,7,3928.0,2869
2022-09-19 19:34:39,1,-1,3927.75,2868
2022-09-19 19:34:41,46,-55,3927.75,2813
2022-09-19 19:34:43,4,-1,3927.25,2812
2022-09-19 19:34:44,11,-7,3927.5,2805
2022-09-19 19:34:46,2,-2,3927.0,2803
2022-09-19 19:34:47,1,-1,3927.0,2802
2022-09-19 19:34:49,5,4,3927.25,2806
2022-09-19 19:34:50,4,-4,3927.0,2802
2022-09-19 19:34:51,22,-19,3927.0,2783
2022-09-19 19:34:52,11,10,3927.25,2793
2022-09-19 19:34:53,4,-2,3927.25,2791
2022-09-19 19:34:54,4,2,3927.25,2793
2022-09-19 19:34:55,8,4,3927.25,2797
2022-09-19 19:34:56,1,1,3927.25,2798
2022-09-19 19:34:57,2,2,3927.5,2800
2022-09-19 19:34:58,4,4,3927.5,2804
2022-09-19 19:34:59,3,0,3927.5,2804
2022-09-19 19:35:00,3,0,3927.5,2804
2022-09-19 19:35:04,1,1,3927.5,2805
2022-09-19 19:35:06,2,2,3927.5,2807
2022-09-19 19:35:07,63,21,3928.0,2828
2022-09-19 19:35:09,2,1,3927.75,2829
2022-09-19 19:35:10,4,1,3927.75,2830
2022-09-19 19:35:11,1,-1,3927.75,2829
2022-09-19 19:35:23,1,-1,3927.5,2828
2022-09-19 19:35:25,2,2,3927.75,2830
2022-09-19 19:35:28,8,-3,3927.5,2827
2022-09-19 19:35:29,5,-5,3927.5,2822
2022-09-19 19:35:33,1,1,3927.5,2823
2022-09-19 19:35:34,3,-3,3927.25,2820
2022-09-19 19:35:38,1,-1,3927.25,2819
2022-09-19 19:35:39,7,5,3927.5,2824
2022-09-19 19:35:42,1,-1,3927.5,2823
2022-09-19 19:35:44,1,1,3927.75,2824
2022-09-19 19:35:49,1,1,3927.75,2825
2022-09-19 19:35:52,1,-1,3927.5,2824
2022-09-19 19:35:59,2,2,3927.75,2826
2022-09-19 19:36:05,12,-4,3927.5,2822
2022-09-19 19:36:07,2,2,3927.5,2824
2022-09-19 19:36:08,2,-2,3927.5,2822
2022-09-19 19:36:15,1,-1,3927.25,2821
2022-09-19 19:36:19,2,-2,3927.25,2819
2022-09-19 19:36:20,9,4,3927.5,2823
2022-09-19 19:36:21,1,-1,3927.25,2822
2022-09-19 19:36:25,1,-1,3927.25,2821
2022-09-19 19:36:26,11,-9,3927.25,2812
2022-09-19 19:36:27,2,2,3927.25,2814
2022-09-19 19:36:30,4,3,3927.25,2817
2022-09-19 19:36:33,2,-2,3927.25,2815
2022-09-19 19:36:34,2,2,3927.25,2817
2022-09-19 19:36:35,2,0,3927.25,2817
2022-09-19 19:36:38,5,5,3927.25,2822
2022-09-19 19:36:40,1,1,3927.25,2823
2022-09-19 19:36:45,1,-1,3927.25,2822
2022-09-19 19:36:46,2,2,3927.25,2824
2022-09-19 19:36:47,1,1,3927.25,2825
2022-09-19 19:37:02,6,5,3927.5,2830
2022-09-19 19:37:04,5,4,3927.75,2834
2022-09-19 19:37:06,2,2,3927.75,2836
2022-09-19 19:37:10,10,7,3927.75,2843
2022-09-19 19:37:11,1,-1,3927.75,2842
2022-09-19 19:37:12,20,12,3928.0,2854
2022-09-19 19:37:14,44,15,3928.25,2869
2022-09-19 19:37:15,9,2,3928.5,2871
2022-09-19 19:37:16,16,0,3928.5,2871
2022-09-19 19:37:18,6,-6,3928.25,2865
2022-09-19 19:37:20,19,2,3928.0,2867
2022-09-19 19:37:23,8,-6,3928.0,2861
2022-09-19 19:37:25,1,1,3928.25,2862
2022-09-19 19:37:31,9,-9,3928.0,2853
2022-09-19 19:37:35,1,1,3928.25,2854
2022-09-19 19:37:38,25,24,3928.5,2878
2022-09-19 19:37:39,1,1,3928.5,2879
2022-09-19 19:37:42,1,-1,3928.0,2878
2022-09-19 19:37:45,2,1,3928.25,2879
2022-09-19 19:37:51,11,-9,3928.0,2870
2022-09-19 19:37:52,2,2,3928.0,2872
2022-09-19 19:37:53,7,-7,3927.75,2865
2022-09-19 19:37:57,1,1,3927.75,2866
2022-09-19 19:37:58,1,-1,3927.5,2865
2022-09-19 19:38:02,2,-2,3927.5,2863
2022-09-19 19:38:08,1,1,3927.75,2864
2022-09-19 19:38:09,7,4,3927.75,2868
2022-09-19 19:38:15,7,6,3928.0,2874
2022-09-19 19:38:18,16,14,3928.25,2888
2022-09-19 19:38:25,9,-3,3928.0,2885
2022-09-19 19:38:27,9,1,3928.0,2886
2022-09-19 19:38:30,2,-2,3928.0,2884
2022-09-19 19:38:42,1,-1,3928.0,2883
2022-09-19 19:38:46,12,5,3928.25,2888
2022-09-19 19:38:48,1,-1,3928.25,2887
2022-09-19 19:38:50,1,1,3928.25,2888
2022-09-19 19:38:55,1,1,3928.5,2889
2022-09-19 19:38:56,1,1,3928.5,2890
2022-09-19 19:39:01,1,1,3928.5,2891
2022-09-19 19:39:02,1,-1,3928.25,2890
2022-09-19 19:39:03,1,-1,3928.25,2889
2022-09-19 19:39:11,45,-27,3928.0,2862
2022-09-19 19:39:13,1,-1,3927.5,2861
2022-09-19 19:39:15,4,1,3927.75,2862
2022-09-19 19:39:22,52,-10,3927.5,2852
2022-09-19 19:39:29,1,1,3927.75,2853
2022-09-19 19:39:31,39,-45,3927.5,2808
2022-09-19 19:39:33,3,-3,3927.0,2805
2022-09-19 19:39:40,1,-1,3927.0,2804
2022-09-19 19:39:42,73,-12,3927.25,2792
2022-09-19 19:39:43,2,-2,3926.75,2790
2022-09-19 19:39:44,1,-1,3926.75,2789
2022-09-19 19:39:45,1,-1,3926.75,2788
2022-09-19 19:39:46,26,3,3927.0,2791
2022-09-19 19:39:53,1,-1,3926.75,2790
2022-09-19 19:39:58,4,-4,3926.75,2786
2022-09-19 19:40:00,4,-4,3926.75,2782
2022-09-19 19:40:03,10,-4,3926.75,2778
2022-09-19 19:40:04,1,-1,3926.75,2777
2022-09-19 19:40:05,10,8,3927.0,2785
2022-09-19 19:40:06,4,4,3927.25,2789
2022-09-19 19:40:09,5,-5,3927.25,2784
2022-09-19 19:40:10,2,-2,3927.25,2782
2022-09-19 19:40:16,5,-4,3927.25,2778
2022-09-19 19:40:21,1,-1,3927.0,2777
2022-09-19 19:40:26,6,-6,3927.0,2771
2022-09-19 19:40:31,40,-18,3926.75,2753
2022-09-19 19:40:32,2,1,3927.0,2754
2022-09-19 19:40:37,11,-11,3926.75,2743
2022-09-19 19:40:38,2,-2,3926.5,2741
2022-09-19 19:40:41,1,-1,3926.5,2740
2022-09-19 19:40:42,16,-2,3926.75,2738
2022-09-19 19:40:43,1,-1,3926.75,2737
2022-09-19 19:40:44,5,5,3926.75,2742
2022-09-19 19:40:49,19,4,3927.0,2746
2022-09-19 19:41:03,6,-2,3927.0,2744
2022-09-19 19:41:04,5,5,3927.25,2749
2022-09-19 19:41:05,1,-1,3927.0,2748
2022-09-19 19:41:08,3,-3,3927.0,2745
2022-09-19 19:41:09,6,2,3927.0,2747
2022-09-19 19:41:12,4,-3,3927.0,2744
2022-09-19 19:41:16,1,1,3927.0,2745
2022-09-19 19:41:18,1,-1,3926.75,2744
2022-09-19 19:41:19,6,-4,3926.75,2740
2022-09-19 19:41:21,17,-10,3926.75,2730
2022-09-19 19:41:24,2,0,3926.75,2730
2022-09-19 19:41:25,8,6,3926.75,2736
2022-09-19 19:41:29,1,1,3926.75,2737
2022-09-19 19:41:33,8,8,3926.75,2745
2022-09-19 19:41:35,1,-1,3926.5,2744
2022-09-19 19:41:37,1,-1,3926.5,2743
2022-09-19 19:41:45,1,-1,3926.5,2742
2022-09-19 19:41:58,1,-1,3926.5,2741
2022-09-19 19:42:01,19,-14,3926.5,2727
2022-09-19 19:42:09,27,-27,3926.25,2700
2022-09-19 19:42:10,4,0,3926.25,2700
2022-09-19 19:42:12,1,-1,3926.25,2699
2022-09-19 19:42:13,30,-9,3926.25,2690
2022-09-19 19:42:16,5,7,3926.75,2697
2022-09-19 19:42:24,1,-1,3926.25,2696
2022-09-19 19:42:35,4,4,3926.5,2700
2022-09-19 19:42:36,1,-1,3926.5,2699
2022-09-19 19:42:40,17,9,3926.75,2708
2022-09-19 19:42:41,2,-2,3926.75,2706
2022-09-19 19:42:50,3,-2,3926.75,2704
2022-09-19 19:42:57,5,2,3927.0,2706
2022-09-19 19:42:58,4,4,3927.0,2710
2022-09-19 19:43:01,1,-1,3927.0,2709
2022-09-19 19:43:13,1,1,3927.0,2710
2022-09-19 19:43:20,2,2,3927.0,2712
2022-09-19 19:43:25,1,-1,3927.0,2711
2022-09-19 19:43:26,2,-2,3927.0,2709
2022-09-19 19:43:29,1,1,3927.25,2710
2022-09-19 19:43:36,1,-1,3926.75,2709
2022-09-19 19:43:37,2,-2,3926.75,2707
2022-09-19 19:43:41,2,-2,3926.75,2705
2022-09-19 19:43:42,4,4,3927.0,2709
2022-09-19 19:43:53,3,-3,3927.0,2706
2022-09-19 19:43:55,6,-6,3927.0,2700
2022-09-19 19:43:58,1,1,3927.0,2701
2022-09-19 19:44:01,2,-2,3926.75,2699
2022-09-19 19:44:03,1,-1,3926.75,2698
2022-09-19 19:44:05,1,-1,3926.75,2697
2022-09-19 19:44:16,3,3,3926.75,2700
2022-09-19 19:44:32,2,-2,3926.5,2698
2022-09-19 19:44:36,1,1,3926.75,2699
2022-09-19 19:44:37,1,1,3926.5,2700
2022-09-19 19:44:39,1,-1,3926.5,2699
2022-09-19 19:44:46,1,-1,3926.5,2698
2022-09-19 19:44:50,5,5,3926.75,2703
2022-09-19 19:44:57,1,-1,3926.75,2702
2022-09-19 19:45:00,3,3,3927.0,2705
2022-09-19 19:45:01,3,1,3926.75,2706
2022-09-19 19:45:03,1,-1,3926.75,2705
2022-09-19 19:45:06,3,-3,3926.75,2702
2022-09-19 19:45:09,14,-3,3926.5,2699
2022-09-19 19:45:11,3,3,3926.75,2702
2022-09-19 19:45:12,1,-1,3926.5,2701
2022-09-19 19:45:13,5,-1,3926.5,2700
2022-09-19 19:45:14,20,18,3926.75,2718
2022-09-19 19:45:16,1,-1,3926.5,2717
2022-09-19 19:45:22,9,9,3926.75,2726
2022-09-19 19:45:24,1,-1,3926.75,2725
2022-09-19 19:45:28,7,-1,3927.0,2724
2022-09-19 19:45:29,1,-1,3927.0,2723
2022-09-19 19:45:31,2,-2,3926.75,2721
2022-09-19 19:45:33,2,0,3926.75,2721
2022-09-19 19:45:34,3,3,3927.0,2724
2022-09-19 19:45:37,1,1,3926.75,2725
2022-09-19 19:45:39,1,-1,3926.75,2724
2022-09-19 19:45:45,3,3,3927.0,2727
2022-09-19 19:45:47,1,1,3927.25,2728
2022-09-19 19:45:50,4,4,3927.25,2732
2022-09-19 19:45:53,2,-2,3927.0,2730
2022-09-19 19:45:56,2,-2,3926.75,2728
2022-09-19 19:45:57,4,4,3927.0,2732
2022-09-19 19:46:01,7,1,3927.0,2733
2022-09-19 19:46:02,16,0,3926.75,2733
2022-09-19 19:46:06,11,1,3926.75,2734
2022-09-19 19:46:07,1,-1,3926.75,2733
2022-09-19 19:46:08,7,0,3927.0,2733
2022-09-19 19:46:11,2,-2,3926.5,2731
2022-09-19 19:46:12,5,4,3926.75,2735
2022-09-19 19:46:13,1,1,3927.0,2736
2022-09-19 19:46:15,25,20,3927.5,2756
2022-09-19 19:46:16,6,-1,3927.5,2755
2022-09-19 19:46:17,2,2,3927.75,2757
2022-09-19 19:46:18,9,-3,3927.75,2754
2022-09-19 19:46:20,18,10,3927.75,2764
2022-09-19 19:46:29,5,-3,3927.5,2761
2022-09-19 19:46:31,3,3,3927.75,2764
2022-09-19 19:46:34,4,-1,3927.5,2763
2022-09-19 19:46:36,2,-2,3927.5,2761
2022-09-19 19:46:37,4,3,3927.5,2764
2022-09-19 19:46:38,2,-2,3927.5,2762
2022-09-19 19:46:39,2,0,3927.5,2762
2022-09-19 19:46:42,36,-61,3927.5,2701
2022-09-19 19:46:43,5,3,3927.25,2704
2022-09-19 19:46:45,8,3,3927.75,2707
2022-09-19 19:46:50,1,1,3927.5,2708
2022-09-19 19:46:51,1,1,3927.5,2709
2022-09-19 19:46:52,1,-1,3927.5,2708
2022-09-19 19:46:54,3,3,3927.75,2711
2022-09-19 19:46:56,2,-2,3927.5,2709
2022-09-19 19:46:59,1,-1,3927.5,2708
2022-09-19 19:47:00,12,12,3927.75,2720
2022-09-19 19:47:02,7,7,3927.75,2727
2022-09-19 19:47:06,8,7,3928.0,2734
2022-09-19 19:47:10,2,1,3928.0,2735
2022-09-19 19:47:13,2,2,3928.0,2737
2022-09-19 19:47:16,3,3,3928.0,2740
2022-09-19 19:47:17,4,2,3928.0,2742
2022-09-19 19:47:18,5,-1,3928.0,2741
2022-09-19 19:47:20,3,1,3928.0,2742
2022-09-19 19:47:25,9,-6,3927.75,2736
2022-09-19 19:47:27,3,1,3927.75,2737
2022-09-19 19:47:28,1,1,3927.5,2738
2022-09-19 19:47:29,3,3,3927.75,2741
2022-09-19 19:47:33,12,-2,3927.5,2739
2022-09-19 19:47:36,1,1,3927.75,2740
2022-09-19 19:47:37,3,3,3927.75,2743
2022-09-19 19:47:40,5,5,3928.0,2748
2022-09-19 19:47:44,1,-1,3927.75,2747
2022-09-19 19:47:45,1,-1,3927.75,2746
2022-09-19 19:47:47,2,1,3928.0,2747
2022-09-19 19:47:48,1,-1,3927.75,2746
2022-09-19 19:47:49,2,1,3928.0,2747
2022-09-19 19:47:51,4,0,3928.0,2747
2022-09-19 19:47:53,5,5,3928.0,2752
2022-09-19 19:47:57,1,-1,3927.75,2751
2022-09-19 19:47:59,3,3,3928.0,2754
2022-09-19 19:48:00,4,3,3928.25,2757
2022-09-19 19:48:01,11,-7,3928.0,2750
2022-09-19 19:48:02,8,0,3927.75,2750
2022-09-19 19:48:03,4,3,3928.0,2753
2022-09-19 19:48:04,3,1,3928.0,2754
2022-09-19 19:48:07,4,2,3928.0,2756
2022-09-19 19:48:10,3,3,3928.0,2759
2022-09-19 19:48:11,1,1,3928.25,2760
2022-09-19 19:48:12,7,7,3928.0,2767
2022-09-19 19:48:13,2,0,3928.0,2767
2022-09-19 19:48:14,5,3,3928.25,2770
2022-09-19 19:48:15,1,-1,3928.0,2769
2022-09-19 19:48:16,2,-2,3928.0,2767
2022-09-19 19:48:18,1,1,3928.25,2768
2022-09-19 19:48:20,3,3,3928.25,2771
2022-09-19 19:48:22,3,-4,3928.0,2767
2022-09-19 19:48:24,10,-4,3927.75,2763
2022-09-19 19:48:25,1,1,3928.0,2764
2022-09-19 19:48:26,6,6,3928.25,2770
2022-09-19 19:48:27,6,1,3928.25,2771
2022-09-19 19:48:29,4,4,3928.25,2775
2022-09-19 19:48:31,7,4,3928.25,2779
2022-09-19 19:48:34,11,7,3928.25,2786
2022-09-19 19:48:35,1,1,3928.25,2787
2022-09-19 19:48:36,6,5,3928.25,2792
2022-09-19 19:48:37,9,6,3928.5,2798
2022-09-19 19:48:39,1,1,3928.5,2799
2022-09-19 19:48:41,13,9,3928.5,2808
2022-09-19 19:48:45,3,1,3928.5,2809
2022-09-19 19:48:47,17,-11,3928.5,2798
2022-09-19 19:48:49,4,4,3928.5,2802
2022-09-19 19:48:50,4,2,3928.5,2804
2022-09-19 19:48:54,13,0,3928.25,2804
2022-09-19 19:48:57,4,4,3928.25,2808
2022-09-19 19:49:00,3,3,3928.5,2811
2022-09-19 19:49:01,11,1,3928.5,2812
2022-09-19 19:49:02,7,2,3928.75,2814
2022-09-19 19:49:03,6,6,3928.5,2820
2022-09-19 19:49:05,1,1,3928.5,2821
2022-09-19 19:49:06,1,1,3928.5,2822
2022-09-19 19:49:07,2,2,3928.5,2824
2022-09-19 19:49:10,1,-1,3928.25,2823
2022-09-19 19:49:11,12,-6,3928.25,2817
2022-09-19 19:49:12,4,4,3928.5,2821
2022-09-19 19:49:13,1,-1,3928.25,2820
2022-09-19 19:49:14,3,1,3928.5,2821
2022-09-19 19:49:17,2,2,3928.5,2823
2022-09-19 19:49:20,7,-1,3928.5,2822
2022-09-19 19:49:21,16,-11,3928.25,2811
2022-09-19 19:49:22,1,1,3928.25,2812
2022-09-19 19:49:23,3,0,3928.25,2812
2022-09-19 19:49:26,1,-1,3928.25,2811
2022-09-19 19:49:28,2,2,3928.25,2813
2022-09-19 19:49:29,10,2,3928.5,2815
2022-09-19 19:49:31,2,1,3928.5,2816
2022-09-19 19:49:34,8,4,3928.75,2820
2022-09-19 19:49:35,7,6,3928.75,2826
2022-09-19 19:49:36,4,-4,3928.5,2822
2022-09-19 19:49:38,28,10,3929.0,2832
2022-09-19 19:49:41,19,-12,3928.75,2820
2022-09-19 19:49:43,1,1,3928.75,2821
2022-09-19 19:49:46,9,-2,3929.0,2819
2022-09-19 19:49:47,12,11,3929.0,2830
2022-09-19 19:49:48,2,2,3929.0,2832
2022-09-19 19:49:49,5,-2,3928.75,2830
2022-09-19 19:49:51,1,1,3928.75,2831
2022-09-19 19:49:52,1,-1,3928.75,2830
2022-09-19 19:49:54,2,2,3929.0,2832
2022-09-19 19:49:55,5,2,3929.0,2834
2022-09-19 19:49:56,6,-6,3928.75,2828
2022-09-19 19:49:57,3,1,3929.0,2829
2022-09-19 19:49:59,1,1,3929.0,2830
2022-09-19 19:50:01,14,1,3928.75,2831
2022-09-19 19:50:02,2,0,3928.75,2831
2022-09-19 19:50:04,2,1,3929.0,2832
2022-09-19 19:50:06,1,1,3929.0,2833
2022-09-19 19:50:08,3,1,3929.0,2834
2022-09-19 19:50:10,1,1,3929.0,2835
2022-09-19 19:50:11,1,-1,3928.75,2834
2022-09-19 19:50:14,1,1,3929.0,2835
2022-09-19 19:50:15,2,2,3929.0,2837
2022-09-19 19:50:16,5,-5,3928.75,2832
2022-09-19 19:50:17,5,4,3929.0,2836
2022-09-19 19:50:19,5,-4,3928.75,2832
2022-09-19 19:50:20,5,-5,3928.75,2827
2022-09-19 19:50:21,1,-1,3928.75,2826
2022-09-19 19:50:22,3,3,3929.0,2829
2022-09-19 19:50:27,7,-5,3928.75,2824
2022-09-19 19:50:28,3,1,3929.0,2825
2022-09-19 19:50:29,1,1,3929.0,2826
2022-09-19 19:50:30,3,0,3928.75,2826
2022-09-19 19:50:31,2,1,3928.75,2827
2022-09-19 19:50:32,6,6,3929.0,2833
2022-09-19 19:50:33,22,19,3929.5,2852
2022-09-19 19:50:34,4,-1,3929.25,2851
2022-09-19 19:50:35,5,4,3929.25,2855
2022-09-19 19:50:36,1,-1,3929.25,2854
2022-09-19 19:50:37,5,2,3929.5,2856
2022-09-19 19:50:38,3,0,3929.25,2856
2022-09-19 19:50:41,3,-1,3929.5,2855
2022-09-19 19:50:42,7,-1,3929.25,2854
2022-09-19 19:50:43,5,5,3929.25,2859
2022-09-19 19:50:45,9,4,3929.5,2863
2022-09-19 19:50:48,2,1,3929.5,2864
2022-09-19 19:50:50,2,2,3929.5,2866
2022-09-19 19:50:53,2,2,3929.5,2868
2022-09-19 19:50:55,2,2,3929.5,2870
2022-09-19 19:50:57,1,1,3929.5,2871
2022-09-19 19:50:58,10,0,3929.5,2871
2022-09-19 19:51:00,8,4,3929.5,2875
2022-09-19 19:51:01,23,8,3929.75,2883
2022-09-19 19:51:02,108,55,3930.25,2938
2022-09-19 19:51:03,4,-2,3929.75,2936
2022-09-19 19:51:05,18,4,3930.0,2940
2022-09-19 19:51:06,4,4,3930.0,2944
2022-09-19 19:51:07,10,-2,3930.0,2942
2022-09-19 19:51:08,3,1,3930.0,2943
2022-09-19 19:51:09,3,3,3930.0,2946
2022-09-19 19:51:10,3,-3,3929.75,2943
2022-09-19 19:51:11,4,-2,3929.75,2941
2022-09-19 19:51:12,2,-2,3929.5,2939
2022-09-19 19:51:13,8,6,3930.0,2945
2022-09-19 19:51:14,2,-2,3929.75,2943
2022-09-19 19:51:15,2,2,3929.75,2945
2022-09-19 19:51:16,1,1,3929.75,2946
2022-09-19 19:51:17,1,-1,3929.5,2945
2022-09-19 19:51:18,4,1,3929.75,2946
2022-09-19 19:51:22,2,2,3929.75,2948
2022-09-19 19:51:23,6,-2,3930.0,2946
2022-09-19 19:51:26,2,-1,3929.75,2945
2022-09-19 19:51:28,4,0,3930.0,2945
2022-09-19 19:51:29,2,2,3929.75,2947
2022-09-19 19:51:31,2,2,3930.0,2949
2022-09-19 19:51:33,1,-1,3929.75,2948
2022-09-19 19:51:35,13,12,3930.0,2960
2022-09-19 19:51:36,3,3,3930.25,2963
2022-09-19 19:51:38,10,-4,3930.0,2959
2022-09-19 19:51:39,1,1,3930.25,2960
2022-09-19 19:51:40,8,5,3930.25,2965
2022-09-19 19:51:41,2,-2,3930.25,2963
2022-09-19 19:51:42,3,1,3930.25,2964
2022-09-19 19:51:43,1,-1,3930.0,2963
2022-09-19 19:51:44,1,-1,3930.0,2962
2022-09-19 19:51:45,1,-1,3930.0,2961
2022-09-19 19:51:46,12,11,3930.5,2972
2022-09-19 19:51:47,6,2,3930.5,2974
2022-09-19 19:51:49,3,2,3930.5,2976
2022-09-19 19:51:50,2,-1,3930.25,2975
2022-09-19 19:51:53,5,-3,3930.5,2972
2022-09-19 19:51:54,2,0,3930.5,2972
2022-09-19 19:51:55,1,1,3930.5,2973
2022-09-19 19:51:56,102,54,3931.0,3027
2022-09-19 19:51:57,8,6,3931.0,3033
2022-09-19 19:51:58,4,0,3930.75,3033
2022-09-19 19:51:59,5,5,3931.0,3038
2022-09-19 19:52:00,3,1,3930.75,3039
2022-09-19 19:52:02,6,3,3931.0,3042
2022-09-19 19:52:03,12,10,3931.0,3052
2022-09-19 19:52:04,8,-6,3930.75,3046
2022-09-19 19:52:06,1,-1,3930.5,3045
2022-09-19 19:52:07,4,0,3930.5,3045
2022-09-19 19:52:08,1,1,3930.5,3046
2022-09-19 19:52:09,2,2,3930.5,3048
2022-09-19 19:52:10,2,2,3930.5,3050
2022-09-19 19:52:11,4,-2,3930.25,3048
2022-09-19 19:52:12,7,-4,3930.25,3044
2022-09-19 19:52:16,6,5,3930.5,3049
2022-09-19 19:52:17,4,-2,3930.5,3047
2022-09-19 19:52:18,7,-2,3930.25,3045
2022-09-19 19:52:19,1,-1,3930.0,3044
2022-09-19 19:52:21,14,-2,3930.0,3042
2022-09-19 19:52:23,5,-1,3930.0,3041
2022-09-19 19:52:24,2,0,3930.0,3041
2022-09-19 19:52:25,1,1,3930.25,3042
2022-09-19 19:52:29,4,4,3930.0,3046
2022-09-19 19:52:31,5,-5,3930.0,3041
2022-09-19 19:52:33,1,1,3930.25,3042
2022-09-19 19:52:34,14,-10,3930.0,3032
2022-09-19 19:52:35,11,-3,3930.0,3029
2022-09-19 19:52:36,3,3,3930.25,3032
2022-09-19 19:52:38,1,-1,3930.0,3031
2022-09-19 19:52:40,10,0,3930.5,3031
2022-09-19 19:52:42,4,-3,3930.25,3028
2022-09-19 19:52:43,3,3,3930.25,3031
2022-09-19 19:52:44,5,-5,3930.0,3026
2022-09-19 19:52:48,1,1,3930.25,3027
2022-09-19 19:52:49,8,-4,3930.0,3023
2022-09-19 19:52:50,2,2,3930.0,3025
2022-09-19 19:52:51,5,5,3930.25,3030
2022-09-19 19:52:52,3,3,3930.25,3033
2022-09-19 19:52:53,1,-1,3930.0,3032
2022-09-19 19:52:54,4,-4,3930.0,3028
2022-09-19 19:52:56,9,5,3930.25,3033
2022-09-19 19:52:59,10,10,3930.5,3043
2022-09-19 19:53:02,3,3,3930.5,3046
2022-09-19 19:53:03,2,0,3930.5,3046
2022-09-19 19:53:04,1,1,3930.5,3047
2022-09-19 19:53:06,1,1,3930.5,3048
2022-09-19 19:53:08,1,1,3930.5,3049
2022-09-19 19:53:10,14,-4,3930.5,3045
2022-09-19 19:53:11,1,1,3930.5,3046
2022-09-19 19:53:12,1,-1,3930.25,3045
2022-09-19 19:53:13,2,-2,3930.25,3043
2022-09-19 19:53:14,4,0,3930.25,3043
2022-09-19 19:53:15,1,-1,3930.0,3042
2022-09-19 19:53:16,2,2,3930.25,3044
2022-09-19 19:53:17,4,4,3930.5,3048
2022-09-19 19:53:18,1,-1,3930.25,3047
2022-09-19 19:53:19,1,1,3930.5,3048
2022-09-19 19:53:23,2,2,3930.5,3050
2022-09-19 19:53:24,8,-6,3930.25,3044
2022-09-19 19:53:27,1,1,3930.25,3045
2022-09-19 19:53:28,2,2,3930.25,3047
2022-09-19 19:53:29,1,1,3930.25,3048
2022-09-19 19:53:30,3,3,3930.25,3051
2022-09-19 19:53:33,2,-2,3930.0,3049
2022-09-19 19:53:34,2,0,3930.25,3049
2022-09-19 19:53:36,1,-1,3930.0,3048
2022-09-19 19:53:37,3,3,3930.25,3051
2022-09-19 19:53:39,17,-13,3930.25,3038
2022-09-19 19:53:42,2,0,3930.25,3038
2022-09-19 19:53:43,2,1,3930.25,3039
2022-09-19 19:53:45,1,-1,3930.0,3038
2022-09-19 19:53:46,5,-2,3930.0,3036
2022-09-19 19:53:48,2,-2,3930.0,3034
2022-09-19 19:53:50,45,15,3930.25,3049
2022-09-19 19:53:52,1,-1,3930.25,3048
2022-09-19 19:53:53,2,-2,3930.25,3046
2022-09-19 19:53:56,1,1,3930.5,3047
2022-09-19 19:53:57,2,2,3930.5,3049
2022-09-19 19:53:58,2,2,3930.5,3051
2022-09-19 19:53:59,1,-1,3930.25,3050
2022-09-19 19:54:00,9,9,3930.5,3059
2022-09-19 19:54:02,59,-6,3930.5,3053
2022-09-19 19:54:03,1,-1,3930.5,3052
2022-09-19 19:54:04,4,4,3930.75,3056
2022-09-19 19:54:06,4,4,3930.5,3060
2022-09-19 19:54:07,11,7,3930.5,3067
2022-09-19 19:54:09,5,5,3930.75,3072
2022-09-19 19:54:10,2,2,3930.5,3074
2022-09-19 19:54:11,2,-2,3930.25,3072
2022-09-19 19:54:13,1,-1,3930.25,3071
2022-09-19 19:54:17,3,3,3930.5,3074
2022-09-19 19:54:18,2,2,3930.5,3076
2022-09-19 19:54:20,3,-3,3930.5,3073
2022-09-19 19:54:24,4,0,3930.5,3073
2022-09-19 19:54:27,2,2,3930.5,3075
2022-09-19 19:54:30,7,-7,3930.25,3068
2022-09-19 19:54:31,2,2,3930.5,3070
2022-09-19 19:54:32,2,2,3930.5,3072
2022-09-19 19:54:33,2,-2,3930.5,3070
2022-09-19 19:54:34,1,-1,3930.5,3069
2022-09-19 19:54:35,2,-1,3930.5,3068
2022-09-19 19:54:36,1,1,3930.5,3069
2022-09-19 19:54:37,3,3,3930.5,3072
2022-09-19 19:54:38,1,1,3930.5,3073
2022-09-19 19:54:40,1,-1,3930.5,3072
2022-09-19 19:54:41,1,1,3930.75,3073
2022-09-19 19:54:42,1,1,3930.75,3074
2022-09-19 19:54:44,8,-2,3930.75,3072
2022-09-19 19:54:49,9,-6,3930.25,3066
2022-09-19 19:54:50,4,-4,3930.0,3062
2022-09-19 19:54:51,2,2,3930.25,3064
2022-09-19 19:54:52,2,-2,3930.0,3062
2022-09-19 19:54:54,11,6,3930.25,3068
2022-09-19 19:54:55,1,-1,3930.0,3067
2022-09-19 19:54:57,2,1,3930.25,3068
2022-09-19 19:54:58,4,-4,3930.0,3064
2022-09-19 19:55:00,2,0,3930.25,3064
2022-09-19 19:55:01,3,-1,3930.0,3063
2022-09-19 19:55:02,5,0,3930.0,3063
2022-09-19 19:55:03,1,-1,3929.75,3062
2022-09-19 19:55:04,4,2,3930.0,3064
2022-09-19 19:55:05,4,-4,3930.0,3060
2022-09-19 19:55:06,1,1,3930.0,3061
2022-09-19 19:55:08,4,-4,3929.75,3057
2022-09-19 19:55:09,12,-6,3929.75,3051
2022-09-19 19:55:11,3,1,3929.75,3052
2022-09-19 19:55:14,3,-3,3929.5,3049
2022-09-19 19:55:20,1,-1,3929.5,3048
2022-09-19 19:55:21,7,-3,3929.5,3045
2022-09-19 19:55:23,10,-3,3929.5,3042
2022-09-19 19:55:24,2,2,3929.5,3044
2022-09-19 19:55:25,2,-2,3929.25,3042
2022-09-19 19:55:31,3,3,3929.5,3045
2022-09-19 19:55:32,2,-2,3929.5,3043
2022-09-19 19:55:33,1,-1,3929.5,3042
2022-09-19 19:55:36,2,2,3929.75,3044
2022-09-19 19:55:38,2,-2,3929.5,3042
2022-09-19 19:55:40,3,1,3929.75,3043
2022-09-19 19:55:43,2,0,3929.75,3043
2022-09-19 19:55:44,2,-2,3929.5,3041
2022-09-19 19:55:49,6,-6,3929.5,3035
2022-09-19 19:55:51,1,-1,3929.25,3034
2022-09-19 19:55:53,5,-5,3929.25,3029
2022-09-19 19:55:57,1,1,3929.5,3030
2022-09-19 19:55:59,1,-1,3929.25,3029
2022-09-19 19:56:00,1,1,3929.5,3030
2022-09-19 19:56:01,2,-2,3929.25,3028
2022-09-19 19:56:03,6,6,3929.5,3034
2022-09-19 19:56:05,1,-1,3929.5,3033
2022-09-19 19:56:07,4,4,3929.75,3037
2022-09-19 19:56:08,1,-1,3929.75,3036
2022-09-19 19:56:12,15,2,3930.0,3038
2022-09-19 19:56:16,3,1,3929.75,3039
2022-09-19 19:56:21,3,1,3929.75,3040
2022-09-19 19:56:26,1,1,3930.0,3041
2022-09-19 19:56:28,4,4,3929.75,3045
2022-09-19 19:56:31,1,-1,3929.75,3044
2022-09-19 19:56:35,1,-1,3929.75,3043
2022-09-19 19:56:37,2,0,3929.75,3043
2022-09-19 19:56:39,1,-1,3929.75,3042
2022-09-19 19:56:41,1,-1,3929.75,3041
2022-09-19 19:56:42,3,-3,3929.75,3038
2022-09-19 19:56:43,1,1,3929.75,3039
2022-09-19 19:56:53,12,10,3929.75,3049
2022-09-19 19:56:56,6,-6,3929.5,3043
2022-09-19 19:56:58,5,4,3929.75,3047
2022-09-19 19:56:59,5,-4,3929.5,3043
2022-09-19 19:57:00,3,3,3929.75,3046
2022-09-19 19:57:01,2,0,3929.75,3046
2022-09-19 19:57:02,1,1,3929.75,3047
2022-09-19 19:57:03,2,0,3929.75,3047
2022-09-19 19:57:07,2,-1,3929.75,3046
2022-09-19 19:57:08,3,2,3929.75,3048
2022-09-19 19:57:10,2,2,3929.75,3050
2022-09-19 19:57:11,2,0,3929.75,3050
2022-09-19 19:57:21,1,-1,3929.5,3049
2022-09-19 19:57:25,8,2,3929.75,3051
2022-09-19 19:57:26,3,3,3930.0,3054
2022-09-19 19:57:29,2,-1,3929.75,3053
2022-09-19 19:57:34,5,5,3930.0,3058
2022-09-19 19:57:35,31,3,3930.0,3061
2022-09-19 19:57:39,1,-1,3930.0,3060
2022-09-19 19:57:42,4,4,3930.25,3064
2022-09-19 19:57:43,1,1,3930.25,3065
2022-09-19 19:57:47,8,6,3930.25,3071
2022-09-19 19:57:48,11,-7,3930.25,3064
2022-09-19 19:57:51,3,-3,3930.25,3061
2022-09-19 19:57:52,1,1,3930.25,3062
2022-09-19 19:57:53,1,-1,3930.25,3061
2022-09-19 19:57:55,5,5,3930.5,3066
2022-09-19 19:57:58,7,-3,3930.25,3063
2022-09-19 19:58:00,3,3,3930.25,3066
2022-09-19 19:58:02,1,1,3930.25,3067
2022-09-19 19:58:03,1,-1,3930.25,3066
2022-09-19 19:58:06,1,-1,3930.0,3065
2022-09-19 19:58:07,1,-1,3930.25,3064
2022-09-19 19:58:12,3,3,3930.5,3067
2022-09-19 19:58:13,12,-11,3930.25,3056
2022-09-19 19:58:21,1,-1,3930.25,3055
2022-09-19 19:58:22,1,-1,3930.25,3054
2022-09-19 19:58:23,4,4,3930.5,3058
2022-09-19 19:58:28,4,0,3930.75,3058
2022-09-19 19:58:29,5,3,3930.75,3061
2022-09-19 19:58:30,1,1,3930.75,3062
2022-09-19 19:58:31,2,2,3930.75,3064
2022-09-19 19:58:32,2,-2,3930.5,3062
2022-09-19 19:58:36,1,-1,3930.5,3061
2022-09-19 19:58:40,1,-1,3930.5,3060
2022-09-19 19:58:41,2,-2,3930.5,3058
2022-09-19 19:58:42,6,2,3930.75,3060
2022-09-19 19:58:46,3,1,3930.75,3061
2022-09-19 19:58:48,2,-2,3930.5,3059
2022-09-19 19:58:50,4,4,3930.75,3063
2022-09-19 19:58:53,4,0,3930.75,3063
2022-09-19 19:58:55,1,1,3930.75,3064
2022-09-19 19:58:56,7,-6,3930.5,3058
2022-09-19 19:58:57,4,4,3930.5,3062
2022-09-19 19:58:58,3,-1,3930.75,3061
2022-09-19 19:59:01,2,2,3930.5,3063
2022-09-19 19:59:02,1,-1,3930.5,3062
2022-09-19 19:59:03,1,-1,3930.5,3061
2022-09-19 19:59:04,1,-1,3930.5,3060
2022-09-19 19:59:10,7,-5,3930.5,3055
2022-09-19 19:59:12,3,-1,3930.5,3054
2022-09-19 19:59:14,1,-1,3930.5,3053
2022-09-19 19:59:15,6,-3,3930.5,3050
2022-09-19 19:59:21,17,-1,3930.75,3049
2022-09-19 19:59:22,3,3,3930.75,3052
2022-09-19 19:59:23,2,0,3930.75,3052
2022-09-19 19:59:24,3,1,3930.75,3053
2022-09-19 19:59:26,2,-2,3930.75,3051
2022-09-19 19:59:29,3,-3,3930.75,3048
2022-09-19 19:59:32,2,-2,3930.5,3046
2022-09-19 19:59:33,6,0,3930.75,3046
2022-09-19 19:59:34,3,1,3930.75,3047
2022-09-19 19:59:36,1,1,3930.75,3048
2022-09-19 19:59:37,1,-1,3930.5,3047
2022-09-19 19:59:38,4,-1,3930.75,3046
2022-09-19 19:59:43,5,5,3931.0,3051
2022-09-19 19:59:45,1,1,3931.0,3052
2022-09-19 19:59:46,14,-8,3930.75,3044
2022-09-19 19:59:47,1,1,3931.0,3045
2022-09-19 19:59:48,3,1,3931.0,3046
2022-09-19 19:59:53,7,5,3931.0,3051
2022-09-19 19:59:54,6,3,3931.25,3054
2022-09-19 19:59:56,1,1,3931.25,3055
2022-09-19 19:59:57,7,-3,3931.0,3052
2022-09-19 19:59:58,4,2,3931.0,3054
2022-09-19 19:59:59,3,-1,3931.25,3053
2022-09-19 20:00:00,27,-12,3931.0,3041
2022-09-19 20:00:01,1,1,3930.75,3042
2022-09-19 20:00:02,12,-5,3930.5,3037
2022-09-19 20:00:03,25,-1,3930.5,3036
2022-09-19 20:00:04,3,-1,3930.5,3035
2022-09-19 20:00:06,29,2,3930.75,3037
2022-09-19 20:00:07,18,-14,3930.5,3023
2022-09-19 20:00:08,8,0,3930.25,3023
2022-09-19 20:00:09,1,-1,3930.0,3022
2022-09-19 20:00:10,5,-5,3930.0,3017
2022-09-19 20:00:11,11,-7,3929.75,3010
2022-09-19 20:00:12,1,-1,3929.75,3009
2022-09-19 20:00:13,7,-3,3929.75,3006
2022-09-19 20:00:14,8,4,3930.0,3010
2022-09-19 20:00:15,6,-2,3930.25,3008
2022-09-19 20:00:17,17,5,3930.25,3013
2022-09-19 20:00:18,6,2,3930.25,3015
2022-09-19 20:00:20,2,-2,3930.25,3013
2022-09-19 20:00:21,2,2,3930.25,3015
2022-09-19 20:00:23,10,2,3930.5,3017
2022-09-19 20:00:24,1,-1,3930.5,3016
2022-09-19 20:00:25,8,-6,3930.5,3010
2022-09-19 20:00:26,1,-1,3930.25,3009
2022-09-19 20:00:28,3,1,3930.5,3010
2022-09-19 20:00:29,10,8,3930.75,3018
2022-09-19 20:00:30,11,1,3931.0,3019
2022-09-19 20:00:31,2,2,3931.25,3021
2022-09-19 20:00:32,11,-5,3931.0,3016
2022-09-19 20:00:33,7,5,3931.25,3021
2022-09-19 20:00:34,4,-4,3931.25,3017
2022-09-19 20:00:35,6,6,3931.25,3023
2022-09-19 20:00:36,2,2,3931.25,3025
2022-09-19 20:00:37,2,0,3931.25,3025
2022-09-19 20:00:38,31,18,3931.5,3043
2022-09-19 20:00:39,4,-2,3931.25,3041
2022-09-19 20:00:40,9,-5,3931.25,3036
2022-09-19 20:00:41,3,-3,3931.25,3033
2022-09-19 20:00:42,2,-2,3931.0,3031
2022-09-19 20:00:45,3,3,3931.25,3034
2022-09-19 20:00:47,8,8,3931.25,3042
2022-09-19 20:00:50,8,-8,3931.0,3034
2022-09-19 20:00:54,4,-4,3931.0,3030
2022-09-19 20:00:55,5,-5,3930.75,3025
2022-09-19 20:00:57,5,-5,3930.5,3020
2022-09-19 20:00:59,1,-1,3930.5,3019
2022-09-19 20:01:00,1,-1,3930.25,3018
2022-09-19 20:01:01,25,-22,3930.25,2996
2022-09-19 20:01:02,1,-1,3930.0,2995
2022-09-19 20:01:03,8,2,3930.25,2997
2022-09-19 20:01:04,1,-1,3930.25,2996
2022-09-19 20:01:05,8,-6,3930.25,2990
2022-09-19 20:01:10,8,5,3930.25,2995
2022-09-19 20:01:11,9,-3,3930.5,2992
2022-09-19 20:01:14,6,5,3930.75,2997
2022-09-19 20:01:17,9,1,3931.0,2998
2022-09-19 20:01:19,30,-9,3931.25,2989
2022-09-19 20:01:20,21,-6,3931.25,2983
2022-09-19 20:01:21,2,-2,3931.25,2981
2022-09-19 20:01:22,9,0,3931.25,2981
2022-09-19 20:01:24,2,-2,3931.25,2979
2022-09-19 20:01:25,3,2,3931.25,2981
2022-09-19 20:01:26,5,-1,3931.25,2980
2022-09-19 20:01:27,1,-1,3931.25,2979
2022-09-19 20:01:28,4,-4,3931.25,2975
2022-09-19 20:01:30,3,3,3931.5,2978
2022-09-19 20:01:31,6,-5,3931.25,2973
2022-09-19 20:01:32,27,-18,3931.0,2955
2022-09-19 20:01:33,8,-8,3931.0,2947
2022-09-19 20:01:34,22,-5,3931.0,2942
2022-09-19 20:01:35,3,1,3931.0,2943
2022-09-19 20:01:36,9,-9,3931.0,2934
2022-09-19 20:01:37,20,3,3931.0,2937
2022-09-19 20:01:39,3,3,3931.25,2940
2022-09-19 20:01:40,14,-12,3931.25,2928
2022-09-19 20:01:41,12,-11,3931.0,2917
2022-09-19 20:01:42,1,1,3931.0,2918
2022-09-19 20:01:43,3,1,3931.0,2919
2022-09-19 20:01:44,12,3,3931.0,2922
2022-09-19 20:01:45,2,-2,3931.0,2920
2022-09-19 20:01:46,4,2,3931.0,2922
2022-09-19 20:01:47,2,0,3931.0,2922
2022-09-19 20:01:48,3,-1,3931.25,2921
2022-09-19 20:01:52,6,4,3931.25,2925
2022-09-19 20:01:53,5,1,3931.25,2926
2022-09-19 20:01:55,6,-2,3931.25,2924
2022-09-19 20:01:56,3,-1,3931.25,2923
2022-09-19 20:01:57,1,-1,3931.0,2922
2022-09-19 20:02:00,19,-4,3931.25,2918
2022-09-19 20:02:01,79,18,3931.75,2936
2022-09-19 20:02:02,13,-5,3931.75,2931
2022-09-19 20:02:04,12,-2,3931.75,2929
2022-09-19 20:02:05,11,-8,3931.5,2921
2022-09-19 20:02:06,3,1,3931.5,2922
2022-09-19 20:02:07,12,3,3931.25,2925
2022-09-19 20:02:08,2,2,3931.25,2927
2022-09-19 20:02:10,10,-1,3931.25,2926
2022-09-19 20:02:13,1,-1,3931.25,2925
2022-09-19 20:02:14,3,3,3931.5,2928
2022-09-19 20:02:16,17,-4,3931.5,2924
2022-09-19 20:02:17,23,3,3931.5,2927
2022-09-19 20:02:18,1,1,3931.5,2928
2022-09-19 20:02:20,3,3,3931.5,2931
2022-09-19 20:02:21,1,1,3931.5,2932
2022-09-19 20:02:23,4,0,3931.5,2932
2022-09-19 20:02:24,19,-14,3931.5,2918
2022-09-19 20:02:25,7,-6,3931.0,2912
2022-09-19 20:02:26,8,5,3931.0,2917
2022-09-19 20:02:28,2,-2,3931.0,2915
2022-09-19 20:02:30,3,2,3931.0,2917
2022-09-19 20:02:33,5,-1,3930.75,2916
2022-09-19 20:02:34,17,4,3931.0,2920
2022-09-19 20:02:35,5,-3,3930.75,2917
2022-09-19 20:02:36,2,0,3930.75,2917
2022-09-19 20:02:38,21,-7,3930.5,2910
2022-09-19 20:02:41,3,3,3930.75,2913
2022-09-19 20:02:42,5,3,3930.75,2916
2022-09-19 20:02:45,1,-1,3930.75,2915
2022-09-19 20:02:47,18,9,3931.25,2924
2022-09-19 20:02:49,1,1,3931.25,2925
2022-09-19 20:02:56,9,5,3931.25,2930
2022-09-19 20:02:58,9,-2,3931.5,2928
2022-09-19 20:02:59,9,-5,3931.25,2923
2022-09-19 20:03:00,8,-1,3931.5,2922
2022-09-19 20:03:01,4,-2,3931.75,2920
2022-09-19 20:03:02,3,-1,3931.75,2919
2022-09-19 20:03:04,4,4,3931.75,2923
2022-09-19 20:03:05,8,-5,3931.75,2918
2022-09-19 20:03:06,44,25,3932.0,2943
2022-09-19 20:03:07,3,-2,3931.75,2941
2022-09-19 20:03:10,10,2,3931.75,2943
2022-09-19 20:03:11,1,1,3931.75,2944
2022-09-19 20:03:14,22,0,3931.75,2944
2022-09-19 20:03:15,9,-7,3931.5,2937
2022-09-19 20:03:19,7,-4,3931.5,2933
2022-09-19 20:03:20,4,2,3931.75,2935
2022-09-19 20:03:22,4,0,3932.0,2935
2022-09-19 20:03:24,1,1,3932.0,2936
2022-09-19 20:03:25,4,-3,3931.75,2933
2022-09-19 20:03:30,8,2,3931.75,2935
2022-09-19 20:03:33,3,-3,3931.75,2932
2022-09-19 20:03:36,2,0,3932.0,2932
2022-09-19 20:03:37,2,2,3932.0,2934
2022-09-19 20:03:38,47,14,3932.25,2948
2022-09-19 20:03:39,9,-1,3932.0,2947
2022-09-19 20:03:40,6,0,3932.25,2947
2022-09-19 20:03:41,1,1,3932.0,2948
2022-09-19 20:03:42,27,-2,3932.0,2946
2022-09-19 20:03:43,1,-1,3932.0,2945
2022-09-19 20:03:44,27,14,3932.25,2959
2022-09-19 20:03:45,4,-4,3932.0,2955
2022-09-19 20:03:46,2,-2,3931.75,2953
2022-09-19 20:03:47,12,11,3932.0,2964
2022-09-19 20:03:48,2,-2,3931.75,2962
2022-09-19 20:03:49,4,2,3932.0,2964
2022-09-19 20:03:52,1,-1,3932.0,2963
2022-09-19 20:03:53,50,16,3932.25,2979
2022-09-19 20:03:55,12,6,3932.25,2985
2022-09-19 20:03:56,17,-5,3932.25,2980
2022-09-19 20:03:57,6,3,3932.5,2983
2022-09-19 20:03:58,11,-4,3932.5,2979
2022-09-19 20:03:59,2,0,3932.25,2979
2022-09-19 20:04:00,57,11,3932.75,2990
2022-09-19 20:04:01,3,-1,3932.75,2989
2022-09-19 20:04:02,1,-1,3932.5,2988
2022-09-19 20:04:04,103,12,3932.75,3000
2022-09-19 20:04:06,18,8,3932.75,3008
2022-09-19 20:04:07,1,-1,3932.25,3007
2022-09-19 20:04:08,4,4,3932.5,3011
2022-09-19 20:04:09,2,-2,3932.5,3009
2022-09-19 20:04:10,3,3,3932.5,3012
2022-09-19 20:04:11,5,0,3932.5,3012
2022-09-19 20:04:12,1,-1,3932.5,3011
2022-09-19 20:04:13,1,-1,3932.5,3010
2022-09-19 20:04:14,9,-1,3932.5,3009
2022-09-19 20:04:15,2,2,3932.75,3011
2022-09-19 20:04:16,5,-4,3932.5,3007
2022-09-19 20:04:17,1,-1,3932.5,3006
2022-09-19 20:04:18,5,-2,3932.75,3004
2022-09-19 20:04:19,17,4,3932.75,3008
2022-09-19 20:04:20,6,-4,3932.75,3004
2022-09-19 20:04:21,4,0,3932.75,3004
2022-09-19 20:04:22,9,-4,3932.75,3000
2022-09-19 20:04:23,39,24,3933.0,3024
2022-09-19 20:04:24,39,-13,3932.75,3011
2022-09-19 20:04:25,1,1,3932.75,3012
2022-09-19 20:04:27,18,4,3932.75,3016
2022-09-19 20:04:28,3,3,3932.75,3019
2022-09-19 20:04:29,51,-8,3932.75,3011
2022-09-19 20:04:31,4,-4,3932.5,3007
2022-09-19 20:04:33,2,0,3932.75,3007
2022-09-19 20:04:34,7,3,3932.75,3010
2022-09-19 20:04:35,5,-1,3932.75,3009
2022-09-19 20:04:37,15,8,3933.0,3017
2022-09-19 20:04:38,7,6,3933.25,3023
2022-09-19 20:04:39,2,0,3933.25,3023
2022-09-19 20:04:40,8,-3,3933.25,3020
2022-09-19 20:04:41,8,2,3933.25,3022
2022-09-19 20:04:43,12,-6,3933.0,3016
2022-09-19 20:04:44,4,-2,3933.0,3014
2022-09-19 20:04:45,3,-1,3933.0,3013
2022-09-19 20:04:46,6,3,3933.0,3016
2022-09-19 20:04:47,27,4,3933.0,3020
2022-09-19 20:04:49,3,3,3933.0,3023
2022-09-19 20:04:50,6,0,3933.0,3023
2022-09-19 20:04:51,4,-2,3932.75,3021
2022-09-19 20:04:52,9,-1,3933.0,3020
2022-09-19 20:04:53,1,1,3933.25,3021
2022-09-19 20:04:54,3,-1,3933.0,3020
2022-09-19 20:04:58,5,0,3933.0,3020
2022-09-19 20:04:59,5,-1,3933.0,3019
2022-09-19 20:05:00,2,-2,3932.75,3017
2022-09-19 20:05:01,8,5,3933.25,3022
2022-09-19 20:05:02,15,10,3933.25,3032
2022-09-19 20:05:03,6,4,3933.25,3036
2022-09-19 20:05:04,5,4,3933.5,3040
2022-09-19 20:05:05,18,-6,3933.5,3034
2022-09-19 20:05:07,1,-1,3933.25,3033
2022-09-19 20:05:08,21,4,3933.5,3037
2022-09-19 20:05:09,2,2,3933.5,3039
2022-09-19 20:05:10,7,-1,3933.5,3038
2022-09-19 20:05:11,10,-5,3933.25,3033
2022-09-19 20:05:12,4,-2,3933.25,3031
2022-09-19 20:05:13,2,-2,3933.0,3029
2022-09-19 20:05:14,1,1,3933.25,3030
2022-09-19 20:05:15,9,-2,3933.25,3028
2022-09-19 20:05:16,4,0,3933.0,3028
2022-09-19 20:05:17,7,-3,3933.0,3025
2022-09-19 20:05:18,2,2,3933.0,3027
2022-09-19 20:05:19,2,-2,3933.0,3025
2022-09-19 20:05:20,13,-6,3933.0,3019
2022-09-19 20:05:22,29,-7,3933.0,3012
2022-09-19 20:05:23,3,-1,3932.75,3011
2022-09-19 20:05:24,9,3,3933.0,3014
2022-09-19 20:05:25,2,2,3933.0,3016
2022-09-19 20:05:26,22,12,3933.5,3028
2022-09-19 20:05:28,1,-1,3933.25,3027
2022-09-19 20:05:29,3,1,3933.5,3028
2022-09-19 20:05:30,5,-2,3933.25,3026
2022-09-19 20:05:32,9,2,3933.5,3028
2022-09-19 20:05:33,1,-1,3933.5,3027
2022-09-19 20:05:34,9,-7,3933.5,3020
2022-09-19 20:05:35,40,15,3933.75,3035
2022-09-19 20:05:36,2,-1,3933.25,3034
2022-09-19 20:05:37,4,0,3933.75,3034
2022-09-19 20:05:40,4,-2,3933.25,3032
2022-09-19 20:05:41,1,1,3933.5,3033
2022-09-19 20:05:42,1,1,3933.5,3034
2022-09-19 20:05:43,12,0,3933.5,3034
2022-09-19 20:05:45,11,-6,3933.25,3028
2022-09-19 20:05:46,1,-1,3933.0,3027
2022-09-19 20:05:47,11,5,3933.25,3032
2022-09-19 20:05:49,45,-24,3933.0,3008
2022-09-19 20:05:50,3,1,3933.25,3009
2022-09-19 20:05:55,15,-7,3933.0,3002
2022-09-19 20:05:56,29,6,3933.25,3008
2022-09-19 20:05:57,2,0,3933.25,3008
2022-09-19 20:05:59,6,-4,3933.25,3004
2022-09-19 20:06:04,8,0,3933.25,3004
2022-09-19 20:06:06,13,-11,3933.25,2993
2022-09-19 20:06:09,8,6,3933.25,2999
2022-09-19 20:06:12,44,0,3933.5,2999
2022-09-19 20:06:13,1,1,3933.5,3000
2022-09-19 20:06:15,2,-2,3933.5,2998
2022-09-19 20:06:16,1,-1,3933.5,2997
2022-09-19 20:06:18,11,-7,3933.5,2990
2022-09-19 20:06:20,5,-3,3933.75,2987
2022-09-19 20:06:21,13,7,3933.75,2994
2022-09-19 20:06:22,2,2,3933.75,2996
2022-09-19 20:06:23,6,0,3933.75,2996
2022-09-19 20:06:24,59,19,3934.0,3015
2022-09-19 20:06:25,2,0,3934.0,3015
2022-09-19 20:06:26,4,0,3934.0,3015
2022-09-19 20:06:27,4,-2,3934.0,3013
2022-09-19 20:06:28,1,1,3934.0,3014
2022-09-19 20:06:29,1,1,3934.0,3015
2022-09-19 20:06:30,26,-6,3934.0,3009
2022-09-19 20:06:31,2,2,3934.0,3011
2022-09-19 20:06:32,19,-18,3933.75,2993
2022-09-19 20:06:33,8,3,3933.75,2996
2022-09-19 20:06:35,4,-3,3933.75,2993
2022-09-19 20:06:36,2,0,3934.0,2993
2022-09-19 20:06:38,6,3,3934.0,2996
2022-09-19 20:06:40,4,-4,3933.75,2992
2022-09-19 20:06:41,14,6,3934.0,2998
2022-09-19 20:06:42,1,1,3934.0,2999
2022-09-19 20:06:43,9,-6,3934.0,2993
2022-09-19 20:06:46,1,1,3934.0,2994
2022-09-19 20:06:47,12,-1,3934.0,2993
2022-09-19 20:06:48,8,-2,3934.25,2991
2022-09-19 20:06:49,6,-2,3934.0,2989
2022-09-19 20:06:50,7,2,3934.0,2991
2022-09-19 20:06:52,2,2,3934.0,2993
2022-09-19 20:06:53,4,0,3934.0,2993
2022-09-19 20:06:54,6,-2,3934.25,2991
2022-09-19 20:06:55,2,2,3934.0,2993
2022-09-19 20:06:56,1,1,3934.0,2994
2022-09-19 20:07:00,3,3,3934.0,2997
2022-09-19 20:07:01,17,-9,3933.75,2988
2022-09-19 20:07:03,1,1,3933.75,2989
2022-09-19 20:07:05,1,-1,3933.5,2988
2022-09-19 20:07:06,25,-6,3933.75,2982
2022-09-19 20:07:09,6,-6,3933.75,2976
2022-09-19 20:07:10,1,-1,3933.5,2975
2022-09-19 20:07:11,1,-1,3933.5,2974
2022-09-19 20:07:12,1,-1,3933.5,2973
2022-09-19 20:07:13,3,-3,3933.5,2970
2022-09-19 20:07:17,1,-1,3933.5,2969
2022-09-19 20:07:20,3,-1,3933.75,2968
2022-09-19 20:07:27,39,-19,3933.5,2949
2022-09-19 20:07:28,1,-1,3933.25,2948
2022-09-19 20:07:30,5,3,3933.5,2951
2022-09-19 20:07:31,7,3,3933.5,2954
2022-09-19 20:07:32,5,-1,3933.5,2953
2022-09-19 20:07:33,2,-2,3933.25,2951
2022-09-19 20:07:34,4,-1,3933.5,2950
2022-09-19 20:07:36,9,5,3933.75,2955
2022-09-19 20:07:37,3,-3,3933.5,2952
2022-09-19 20:07:40,6,6,3933.5,2958
2022-09-19 20:07:42,2,0,3933.5,2958
2022-09-19 20:07:43,1,-1,3933.25,2957
2022-09-19 20:07:46,1,-1,3933.25,2956
2022-09-19 20:07:47,14,-12,3933.25,2944
2022-09-19 20:07:48,2,2,3933.25,2946
2022-09-19 20:07:49,7,3,3933.25,2949
2022-09-19 20:07:50,5,3,3933.25,2952
2022-09-19 20:07:51,3,-3,3933.25,2949
2022-09-19 20:07:52,3,-3,3933.25,2946
2022-09-19 20:07:56,1,1,3933.25,2947
2022-09-19 20:07:58,5,3,3933.25,2950
2022-09-19 20:08:00,3,-3,3933.25,2947
2022-09-19 20:08:01,1,1,3933.5,2948
2022-09-19 20:08:07,1,-1,3933.25,2947
2022-09-19 20:08:08,30,-2,3933.5,2945
2022-09-19 20:08:09,1,-1,3933.0,2944
2022-09-19 20:08:10,2,0,3933.25,2944
2022-09-19 20:08:11,32,-5,3933.25,2939
2022-09-19 20:08:12,4,-4,3933.25,2935
2022-09-19 20:08:13,5,-1,3933.0,2934
2022-09-19 20:08:14,14,9,3933.5,2943
2022-09-19 20:08:15,16,-5,3933.25,2938
2022-09-19 20:08:16,4,-1,3933.25,2937
2022-09-19 20:08:17,1,1,3933.25,2938
2022-09-19 20:08:20,30,-23,3933.0,2915
2022-09-19 20:08:21,10,4,3933.0,2919
2022-09-19 20:08:22,1,-1,3933.0,2918
2022-09-19 20:08:23,1,-1,3933.0,2917
2022-09-19 20:08:25,14,-9,3933.0,2908
2022-09-19 20:08:26,7,-7,3933.0,2901
2022-09-19 20:08:29,3,-3,3933.0,2898
2022-09-19 20:08:31,14,-10,3933.0,2888
2022-09-19 20:08:33,6,5,3933.0,2893
2022-09-19 20:08:34,3,-3,3933.0,2890
2022-09-19 20:08:36,1,-1,3933.0,2889
2022-09-19 20:08:37,4,3,3933.25,2892
2022-09-19 20:08:38,9,5,3933.25,2897
2022-09-19 20:08:41,2,2,3933.5,2899
2022-09-19 20:08:42,5,-5,3933.25,2894
2022-09-19 20:08:45,21,2,3933.25,2896
2022-09-19 20:08:46,1,-1,3933.25,2895
2022-09-19 20:08:47,1,-1,3933.25,2894
2022-09-19 20:08:49,6,6,3933.5,2900
2022-09-19 20:08:51,3,3,3933.75,2903
2022-09-19 20:08:52,1,1,3933.75,2904
2022-09-19 20:08:53,1,-1,3933.5,2903
2022-09-19 20:08:54,1,1,3933.75,2904
2022-09-19 20:08:56,10,9,3933.75,2913
2022-09-19 20:08:57,4,-4,3933.75,2909
2022-09-19 20:08:58,1,-1,3933.75,2908
2022-09-19 20:08:59,2,2,3934.0,2910
2022-09-19 20:09:00,4,-2,3933.75,2908
2022-09-19 20:09:01,16,0,3934.0,2908
2022-09-19 20:09:02,65,-30,3934.0,2878
2022-09-19 20:09:03,13,4,3933.5,2882
2022-09-19 20:09:04,51,25,3933.75,2907
2022-09-19 20:09:05,8,4,3933.75,2911
2022-09-19 20:09:06,62,17,3933.75,2928
2022-09-19 20:09:07,1,-1,3933.5,2927
2022-09-19 20:09:08,6,1,3933.75,2928
2022-09-19 20:09:10,9,2,3933.75,2930
2022-09-19 20:09:11,126,14,3934.5,2944
2022-09-19 20:09:13,18,8,3934.25,2952
2022-09-19 20:09:14,3,-3,3934.0,2949
2022-09-19 20:09:15,1,1,3934.25,2950
2022-09-19 20:09:16,7,-6,3934.0,2944
2022-09-19 20:09:17,32,-19,3934.5,2925
2022-09-19 20:09:18,16,2,3934.0,2927
2022-09-19 20:09:19,1,1,3934.25,2928
2022-09-19 20:09:20,6,6,3934.0,2934
2022-09-19 20:09:21,8,0,3934.0,2934
2022-09-19 20:09:22,8,6,3934.0,2940
2022-09-19 20:09:23,6,-5,3934.0,2935
2022-09-19 20:09:25,22,-14,3933.75,2921
2022-09-19 20:09:26,8,6,3933.75,2927
2022-09-19 20:09:27,25,-7,3933.75,2920
2022-09-19 20:09:30,1,1,3934.0,2921
2022-09-19 20:09:32,7,-3,3933.75,2918
2022-09-19 20:09:34,27,-8,3933.75,2910
2022-09-19 20:09:35,1,1,3933.75,2911
2022-09-19 20:09:36,5,-3,3933.5,2908
2022-09-19 20:09:37,8,-2,3933.5,2906
2022-09-19 20:09:38,1,1,3933.75,2907
2022-09-19 20:09:39,1,-1,3933.5,2906
2022-09-19 20:09:41,2,-1,3933.5,2905
2022-09-19 20:09:42,18,-8,3933.5,2897
2022-09-19 20:09:43,1,-1,3933.25,2896
2022-09-19 20:09:44,2,0,3933.5,2896
2022-09-19 20:09:45,6,-6,3933.25,2890
2022-09-19 20:09:47,1,-1,3933.25,2889
2022-09-19 20:09:50,14,-2,3933.25,2887
2022-09-19 20:09:51,1,1,3933.5,2888
2022-09-19 20:09:52,6,0,3933.25,2888
2022-09-19 20:09:53,31,22,3933.5,2910
2022-09-19 20:09:55,1,1,3933.5,2911
2022-09-19 20:09:56,16,-13,3933.25,2898
2022-09-19 20:09:57,10,7,3933.25,2905
2022-09-19 20:09:59,4,-4,3933.25,2901
2022-09-19 20:10:00,12,1,3933.25,2902
2022-09-19 20:10:01,1,1,3933.5,2903
2022-09-19 20:10:04,2,2,3933.5,2905
2022-09-19 20:10:05,1,-1,3933.25,2904
2022-09-19 20:10:07,1,-1,3933.25,2903
2022-09-19 20:10:08,1,1,3933.5,2904
2022-09-19 20:10:09,44,-30,3933.25,2874
2022-09-19 20:10:10,4,-1,3933.0,2873
2022-09-19 20:10:13,1,-1,3932.75,2872
2022-09-19 20:10:16,1,-1,3932.75,2871
2022-09-19 20:10:17,2,-2,3932.75,2869
2022-09-19 20:10:18,1,-1,3932.75,2868
2022-09-19 20:10:19,37,-20,3932.75,2848
2022-09-19 20:10:20,7,-4,3932.5,2844
2022-09-19 20:10:21,18,6,3932.75,2850
2022-09-19 20:10:24,3,-3,3932.75,2847
2022-09-19 20:10:27,2,-2,3932.75,2845
2022-09-19 20:10:29,28,-7,3932.75,2838
2022-09-19 20:10:30,2,-2,3932.5,2836
2022-09-19 20:10:31,3,-2,3932.5,2834
2022-09-19 20:10:32,4,0,3932.75,2834
2022-09-19 20:10:33,2,-1,3932.5,2833
2022-09-19 20:10:34,12,-8,3932.5,2825
2022-09-19 20:10:35,53,-48,3932.5,2777
2022-09-19 20:10:36,13,6,3932.5,2783
2022-09-19 20:10:38,1,-1,3932.25,2782
2022-09-19 20:10:39,52,2,3932.5,2784
2022-09-19 20:10:40,1,-1,3932.25,2783
2022-09-19 20:10:41,1,1,3932.5,2784
2022-09-19 20:10:43,14,6,3932.75,2790
2022-09-19 20:10:44,24,-13,3932.75,2777
2022-09-19 20:10:45,2,0,3932.75,2777
2022-09-19 20:10:46,4,-4,3932.5,2773
2022-09-19 20:10:49,19,-5,3932.5,2768
2022-09-19 20:10:50,1,1,3932.5,2769
2022-09-19 20:10:51,1,1,3932.5,2770
2022-09-19 20:10:55,1,1,3932.5,2771
2022-09-19 20:10:56,1,-1,3932.25,2770
2022-09-19 20:10:58,129,-75,3932.25,2695
2022-09-19 20:11:00,2,1,3932.0,2696
2022-09-19 20:11:01,33,19,3932.0,2715
2022-09-19 20:11:02,7,7,3932.0,2722
2022-09-19 20:11:06,27,19,3932.0,2741
2022-09-19 20:11:07,3,-2,3931.75,2739
2022-09-19 20:11:09,56,13,3932.0,2752
2022-09-19 20:11:10,24,19,3932.0,2771
2022-09-19 20:11:11,13,9,3932.0,2780
2022-09-19 20:11:12,1,1,3932.0,2781
2022-09-19 20:11:14,1,-1,3931.75,2780
2022-09-19 20:11:15,9,9,3932.0,2789
2022-09-19 20:11:16,2,2,3932.0,2791
2022-09-19 20:11:17,1,1,3932.0,2792
2022-09-19 20:11:18,2,2,3932.0,2794
2022-09-19 20:11:19,20,14,3932.0,2808
2022-09-19 20:11:20,33,16,3932.0,2824
2022-09-19 20:11:24,6,3,3932.0,2827
2022-09-19 20:11:25,26,10,3932.0,2837
2022-09-19 20:11:27,3,3,3932.0,2840
2022-09-19 20:11:28,1,-1,3931.75,2839
2022-09-19 20:11:29,18,-12,3931.75,2827
2022-09-19 20:11:30,1,-1,3931.75,2826
2022-09-19 20:11:34,1,-1,3931.75,2825
2022-09-19 20:11:35,16,-11,3931.75,2814
2022-09-19 20:11:36,3,-3,3931.75,2811
2022-09-19 20:11:37,9,2,3931.75,2813
2022-09-19 20:11:38,2,0,3931.75,2813
2022-09-19 20:11:39,4,4,3931.75,2817
2022-09-19 20:11:40,12,-11,3931.5,2806
2022-09-19 20:11:43,13,-13,3931.5,2793
2022-09-19 20:11:44,6,5,3931.75,2798
2022-09-19 20:11:46,2,-1,3931.5,2797
2022-09-19 20:11:47,6,-6,3931.5,2791
2022-09-19 20:11:48,1,1,3931.5,2792
2022-09-19 20:11:49,10,6,3931.5,2798
2022-09-19 20:11:53,2,2,3931.5,2800
2022-09-19 20:11:54,1,-1,3931.5,2799
2022-09-19 20:11:55,4,4,3931.75,2803
2022-09-19 20:11:57,1,1,3931.75,2804
2022-09-19 20:11:58,9,1,3931.75,2805
2022-09-19 20:12:00,1,-1,3931.75,2804
2022-09-19 20:12:01,26,19,3932.0,2823
2022-09-19 20:12:02,1,1,3932.0,2824
2022-09-19 20:12:04,16,-11,3931.75,2813
2022-09-19 20:12:07,121,48,3932.75,2861
2022-09-19 20:12:08,23,-8,3933.0,2853
2022-09-19 20:12:09,11,-3,3933.0,2850
2022-09-19 20:12:10,7,-2,3932.75,2848
2022-09-19 20:12:13,5,3,3932.75,2851
2022-09-19 20:12:16,1,1,3932.75,2852
2022-09-19 20:12:20,5,2,3932.75,2854
2022-09-19 20:12:23,3,-1,3933.0,2853
2022-09-19 20:12:26,15,-15,3932.75,2838
2022-09-19 20:12:27,2,2,3932.75,2840
2022-09-19 20:12:33,3,-2,3932.75,2838
2022-09-19 20:12:36,6,-2,3932.75,2836
2022-09-19 20:12:44,1,-1,3932.5,2835
2022-09-19 20:12:50,2,2,3932.75,2837
2022-09-19 20:12:51,7,6,3932.75,2843
2022-09-19 20:12:55,7,1,3932.75,2844
2022-09-19 20:12:56,2,-2,3932.75,2842
2022-09-19 20:12:57,4,0,3932.75,2842
2022-09-19 20:13:00,1,-1,3932.75,2841
2022-09-19 20:13:01,5,1,3932.75,2842
2022-09-19 20:13:03,5,5,3932.75,2847
2022-09-19 20:13:07,9,-7,3932.5,2840
2022-09-19 20:13:10,15,-1,3932.25,2839
2022-09-19 20:13:11,1,1,3932.5,2840
2022-09-19 20:13:12,1,-1,3932.25,2839
2022-09-19 20:13:13,4,4,3932.5,2843
2022-09-19 20:13:18,6,-6,3932.25,2837
2022-09-19 20:13:19,1,1,3932.5,2838
2022-09-19 20:13:20,1,1,3932.5,2839
2022-09-19 20:13:22,6,2,3932.5,2841
2022-09-19 20:13:24,2,2,3932.5,2843
2022-09-19 20:13:25,4,-2,3932.5,2841
2022-09-19 20:13:27,1,1,3932.5,2842
2022-09-19 20:13:30,2,-2,3932.5,2840
2022-09-19 20:13:32,3,-1,3932.5,2839
2022-09-19 20:13:33,2,-2,3932.25,2837
2022-09-19 20:13:39,1,1,3932.5,2838
2022-09-19 20:13:40,3,-1,3932.5,2837
2022-09-19 20:13:42,2,0,3932.75,2837
2022-09-19 20:13:44,1,-1,3932.5,2836
2022-09-19 20:13:51,9,-7,3932.5,2829
2022-09-19 20:13:56,16,6,3932.75,2835
2022-09-19 20:13:58,1,1,3932.5,2836
2022-09-19 20:14:00,2,2,3932.5,2838
2022-09-19 20:14:02,6,0,3932.5,2838
2022-09-19 20:14:06,1,1,3932.75,2839
2022-09-19 20:14:07,3,1,3932.75,2840
2022-09-19 20:14:10,24,-3,3932.75,2837
2022-09-19 20:14:11,1,-1,3932.5,2836
2022-09-19 20:14:15,6,4,3932.75,2840
2022-09-19 20:14:16,6,-6,3932.75,2834
2022-09-19 20:14:20,5,3,3932.75,2837
2022-09-19 20:14:21,1,-1,3932.75,2836
2022-09-19 20:14:24,4,3,3932.75,2839
2022-09-19 20:14:26,29,14,3933.0,2853
2022-09-19 20:14:28,3,1,3933.0,2854
2022-09-19 20:14:30,4,2,3933.25,2856
2022-09-19 20:14:33,2,2,3933.25,2858
2022-09-19 20:14:35,8,8,3933.25,2866
2022-09-19 20:14:38,34,2,3933.25,2868
2022-09-19 20:14:39,10,4,3933.5,2872
2022-09-19 20:14:40,1,-1,3933.25,2871
2022-09-19 20:14:42,18,2,3933.5,2873
2022-09-19 20:14:43,2,2,3933.5,2875
2022-09-19 20:14:45,17,0,3933.5,2875
2022-09-19 20:14:47,12,-1,3933.25,2874
2022-09-19 20:14:50,1,-1,3933.25,2873
2022-09-19 20:14:51,4,4,3933.5,2877
2022-09-19 20:14:53,5,5,3933.5,2882
2022-09-19 20:14:54,1,-1,3933.25,2881
2022-09-19 20:14:55,2,0,3933.5,2881
2022-09-19 20:14:56,2,-2,3933.25,2879
2022-09-19 20:14:57,4,4,3933.5,2883
2022-09-19 20:15:00,110,-6,3933.5,2877
2022-09-19 20:15:01,20,-15,3933.5,2862
2022-09-19 20:15:02,2,0,3933.25,2862
2022-09-19 20:15:03,27,-13,3933.25,2849
2022-09-19 20:15:04,4,0,3933.0,2849
2022-09-19 20:15:05,12,-7,3933.0,2842
2022-09-19 20:15:07,5,3,3933.25,2845
2022-09-19 20:15:08,2,-2,3933.25,2843
2022-09-19 20:15:09,42,-15,3933.0,2828
2022-09-19 20:15:11,4,1,3933.25,2829
2022-09-19 20:15:12,5,3,3933.25,2832
2022-09-19 20:15:13,1,-1,3933.0,2831
2022-09-19 20:15:14,5,-4,3933.0,2827
2022-09-19 20:15:17,2,-2,3933.0,2825
2022-09-19 20:15:19,5,-1,3933.0,2824
2022-09-19 20:15:21,3,3,3933.0,2827
2022-09-19 20:15:25,11,6,3933.0,2833
2022-09-19 20:15:27,5,5,3933.25,2838
2022-09-19 20:15:30,3,2,3933.25,2840
2022-09-19 20:15:31,1,1,3933.25,2841
2022-09-19 20:15:33,37,-3,3933.25,2838
2022-09-19 20:15:34,10,-8,3933.25,2830
2022-09-19 20:15:35,23,-14,3932.75,2816
2022-09-19 20:15:36,2,-2,3932.5,2814
2022-09-19 20:15:38,3,1,3932.75,2815
2022-09-19 20:15:39,1,1,3932.75,2816
2022-09-19 20:15:45,2,-2,3932.5,2814
2022-09-19 20:15:47,1,1,3932.75,2815
2022-09-19 20:15:49,2,0,3932.75,2815
2022-09-19 20:16:01,5,3,3932.75,2818
2022-09-19 20:16:03,28,8,3933.25,2826
2022-09-19 20:16:04,8,6,3933.5,2832
2022-09-19 20:16:05,10,-4,3933.25,2828
2022-09-19 20:16:07,1,1,3933.5,2829
2022-09-19 20:16:08,7,-1,3933.5,2828
2022-09-19 20:16:10,5,3,3933.75,2831
2022-09-19 20:16:12,1,-1,3933.5,2830
2022-09-19 20:16:14,10,6,3933.75,2836
2022-09-19 20:16:15,29,-14,3933.5,2822
2022-09-19 20:16:17,1,1,3933.5,2823
2022-09-19 20:16:19,1,-1,3933.25,2822
2022-09-19 20:16:20,1,1,3933.5,2823
2022-09-19 20:16:29,6,-6,3933.5,2817
2022-09-19 20:16:30,9,8,3933.5,2825
2022-09-19 20:16:35,4,-4,3933.5,2821
2022-09-19 20:16:36,1,-1,3933.25,2820
2022-09-19 20:16:38,9,9,3933.5,2829
2022-09-19 20:16:40,1,-1,3933.25,2828
2022-09-19 20:16:45,13,-3,3933.25,2825
2022-09-19 20:16:46,10,-6,3933.5,2819
2022-09-19 20:16:49,1,-1,3933.0,2818
2022-09-19 20:16:51,1,-1,3933.25,2817
2022-09-19 20:16:57,3,-3,3933.25,2814
2022-09-19 20:17:01,2,2,3933.5,2816
2022-09-19 20:17:05,9,-7,3933.25,2809
2022-09-19 20:17:09,9,-2,3933.25,2807
2022-09-19 20:17:10,4,2,3933.25,2809
2022-09-19 20:17:11,1,1,3933.25,2810
2022-09-19 20:17:12,2,0,3933.25,2810
2022-09-19 20:17:14,1,1,3933.25,2811
2022-09-19 20:17:15,4,-4,3933.25,2807
2022-09-19 20:17:16,1,1,3933.25,2808
2022-09-19 20:17:19,4,0,3933.25,2808
2022-09-19 20:17:30,8,-5,3933.0,2803
2022-09-19 20:17:34,2,0,3933.25,2803
2022-09-19 20:17:35,1,-1,3933.0,2802
2022-09-19 20:17:38,2,0,3933.25,2802
2022-09-19 20:17:41,38,-14,3933.0,2788
2022-09-19 20:17:43,15,-2,3933.0,2786
2022-09-19 20:17:45,10,-4,3933.0,2782
2022-09-19 20:17:47,7,1,3933.0,2783
2022-09-19 20:17:50,2,0,3933.0,2783
2022-09-19 20:17:55,24,-16,3932.75,2767
2022-09-19 20:17:56,1,1,3933.0,2768
2022-09-19 20:17:58,2,-2,3932.75,2766
2022-09-19 20:18:04,11,-8,3932.75,2758
2022-09-19 20:18:05,16,-7,3932.5,2751
2022-09-19 20:18:06,4,-2,3932.5,2749
2022-09-19 20:18:09,1,-1,3932.25,2748
2022-09-19 20:18:10,2,2,3932.5,2750
2022-09-19 20:18:12,8,-3,3932.5,2747
2022-09-19 20:18:13,2,-2,3932.5,2745
2022-09-19 20:18:16,16,-5,3932.25,2740
2022-09-19 20:18:17,1,-1,3932.0,2739
2022-09-19 20:18:18,5,0,3932.25,2739
2022-09-19 20:18:20,14,-14,3932.0,2725
2022-09-19 20:18:21,5,-5,3931.75,2720
2022-09-19 20:18:22,1,-1,3931.75,2719
2022-09-19 20:18:23,2,2,3932.0,2721
2022-09-19 20:18:24,2,-2,3931.75,2719
2022-09-19 20:18:28,1,-1,3931.75,2718
2022-09-19 20:18:29,17,1,3931.75,2719
2022-09-19 20:18:30,3,1,3931.75,2720
2022-09-19 20:18:31,1,1,3931.75,2721
2022-09-19 20:18:32,1,1,3931.75,2722
2022-09-19 20:18:34,1,-1,3931.75,2721
2022-09-19 20:18:37,2,-2,3931.75,2719
2022-09-19 20:18:40,1,-1,3931.75,2718
2022-09-19 20:18:43,1,-1,3931.75,2717
2022-09-19 20:18:44,7,-1,3931.75,2716
2022-09-19 20:18:45,7,4,3931.75,2720
2022-09-19 20:18:46,1,-1,3931.75,2719
2022-09-19 20:18:47,2,2,3931.75,2721
2022-09-19 20:18:51,1,1,3931.75,2722
2022-09-19 20:18:53,26,7,3932.0,2729
2022-09-19 20:18:56,1,1,3932.0,2730
2022-09-19 20:18:57,4,1,3931.75,2731
2022-09-19 20:19:00,3,-2,3931.75,2729
2022-09-19 20:19:02,6,5,3932.0,2734
2022-09-19 20:19:05,8,4,3931.75,2738
2022-09-19 20:19:06,18,6,3932.0,2744
2022-09-19 20:19:07,6,-6,3931.75,2738
2022-09-19 20:19:08,2,0,3932.0,2738
2022-09-19 20:19:09,1,-1,3931.75,2737
2022-09-19 20:19:10,1,1,3932.0,2738
2022-09-19 20:19:11,1,-1,3932.0,2737
2022-09-19 20:19:12,4,-2,3932.0,2735
2022-09-19 20:19:13,4,3,3932.0,2738
2022-09-19 20:19:15,10,0,3932.0,2738
2022-09-19 20:19:18,3,3,3932.25,2741
2022-09-19 20:19:20,12,5,3932.25,2746
2022-09-19 20:19:21,1,1,3932.25,2747
2022-09-19 20:19:22,4,-1,3932.5,2746
2022-09-19 20:19:23,1,1,3932.5,2747
2022-09-19 20:19:26,8,8,3932.75,2755
2022-09-19 20:19:27,7,-7,3932.5,2748
2022-09-19 20:19:29,1,1,3932.75,2749
2022-09-19 20:19:30,3,-3,3932.5,2746
2022-09-19 20:19:31,1,-1,3932.25,2745
2022-09-19 20:19:33,1,1,3932.5,2746
2022-09-19 20:19:34,2,1,3932.5,2747
2022-09-19 20:19:44,1,1,3932.75,2748
2022-09-19 20:19:52,6,-5,3932.5,2743
2022-09-19 20:19:54,3,-2,3932.5,2741
2022-09-19 20:19:55,5,3,3932.5,2744
2022-09-19 20:19:57,24,-7,3932.5,2737
2022-09-19 20:19:58,3,-1,3932.25,2736
2022-09-19 20:20:00,10,-4,3932.25,2732
2022-09-19 20:20:04,7,-4,3931.75,2728
2022-09-19 20:20:05,2,-2,3931.75,2726
2022-09-19 20:20:06,7,6,3932.0,2732
2022-09-19 20:20:08,1,-1,3931.75,2731
2022-09-19 20:20:09,4,-4,3931.75,2727
2022-09-19 20:20:10,3,-3,3931.75,2724
2022-09-19 20:20:12,3,-2,3931.75,2722
2022-09-19 20:20:13,3,3,3931.75,2725
2022-09-19 20:20:16,4,-4,3931.5,2721
2022-09-19 20:20:17,3,-2,3931.5,2719
2022-09-19 20:20:18,2,2,3931.75,2721
2022-09-19 20:20:19,6,1,3931.75,2722
2022-09-19 20:20:20,1,-1,3931.5,2721
2022-09-19 20:20:22,11,0,3931.75,2721
2022-09-19 20:20:23,2,1,3931.75,2722
2022-09-19 20:20:24,4,2,3932.0,2724
2022-09-19 20:20:25,26,-17,3931.75,2707
2022-09-19 20:20:29,1,-1,3931.75,2706
2022-09-19 20:20:30,40,-56,3931.75,2650
2022-09-19 20:20:31,11,10,3931.75,2660
2022-09-19 20:20:32,2,-2,3931.75,2658
2022-09-19 20:20:34,10,4,3932.0,2662
2022-09-19 20:20:35,31,-17,3931.75,2645
2022-09-19 20:20:49,1,1,3931.75,2646
2022-09-19 20:20:50,3,3,3931.75,2649
2022-09-19 20:20:52,1,1,3931.75,2650
2022-09-19 20:20:54,2,-2,3931.5,2648
2022-09-19 20:20:55,30,-8,3931.5,2640
2022-09-19 20:20:57,21,-14,3931.5,2626
2022-09-19 20:20:58,12,-11,3931.5,2615
2022-09-19 20:20:59,4,2,3931.5,2617
2022-09-19 20:21:00,8,0,3931.5,2617
2022-09-19 20:21:03,10,-8,3931.5,2609
2022-09-19 20:21:04,29,-23,3931.5,2586
2022-09-19 20:21:08,10,8,3931.25,2594
2022-09-19 20:21:10,2,0,3931.25,2594
2022-09-19 20:21:11,10,2,3931.25,2596
2022-09-19 20:21:14,41,39,3931.75,2635
2022-09-19 20:21:15,1,1,3931.5,2636
2022-09-19 20:21:17,1,-1,3931.25,2635
2022-09-19 20:21:20,2,-2,3931.25,2633
2022-09-19 20:21:21,31,14,3931.5,2647
2022-09-19 20:21:23,2,2,3931.75,2649
2022-09-19 20:21:25,1,-1,3931.5,2648
2022-09-19 20:21:28,8,2,3931.75,2650
2022-09-19 20:21:29,4,-3,3931.75,2647
2022-09-19 20:21:32,9,-8,3931.75,2639
2022-09-19 20:21:33,1,-1,3931.75,2638
2022-09-19 20:21:36,8,-2,3931.5,2636
2022-09-19 20:21:40,4,2,3931.5,2638
2022-09-19 20:21:41,5,-3,3931.75,2635
2022-09-19 20:21:43,1,1,3931.75,2636
2022-09-19 20:21:45,4,-2,3931.75,2634
2022-09-19 20:21:51,2,-2,3931.5,2632
2022-09-19 20:21:54,1,-1,3931.5,2631
2022-09-19 20:21:55,4,4,3932.0,2635
2022-09-19 20:21:57,1,-1,3931.75,2634
2022-09-19 20:22:00,1,1,3932.0,2635
2022-09-19 20:22:02,1,1,3932.0,2636
2022-09-19 20:22:03,1,1,3932.0,2637
2022-09-19 20:22:04,11,-7,3931.75,2630
2022-09-19 20:22:08,1,-1,3931.5,2629
2022-09-19 20:22:09,2,-1,3931.5,2628
2022-09-19 20:22:10,1,-1,3931.5,2627
2022-09-19 20:22:11,1,1,3931.5,2628
2022-09-19 20:22:14,2,2,3931.5,2630
2022-09-19 20:22:18,1,1,3931.75,2631
2022-09-19 20:22:23,5,2,3931.75,2633
2022-09-19 20:22:24,5,5,3932.0,2638
2022-09-19 20:22:25,23,4,3932.0,2642
2022-09-19 20:22:26,11,6,3932.0,2648
2022-09-19 20:22:27,2,-1,3932.0,2647
2022-09-19 20:22:29,24,7,3932.5,2654
2022-09-19 20:22:30,11,-5,3932.25,2649
2022-09-19 20:22:31,1,1,3932.25,2650
2022-09-19 20:22:32,4,2,3932.25,2652
2022-09-19 20:22:34,1,-1,3932.25,2651
2022-09-19 20:22:43,5,5,3932.5,2656
2022-09-19 20:22:44,1,1,3932.75,2657
2022-09-19 20:22:47,4,0,3932.75,2657
2022-09-19 20:22:48,1,1,3932.75,2658
2022-09-19 20:22:49,22,3,3933.0,2661
2022-09-19 20:22:51,1,1,3932.75,2662
2022-09-19 20:22:52,6,-4,3932.75,2658
2022-09-19 20:23:06,7,-7,3932.5,2651
2022-09-19 20:23:08,2,-2,3932.5,2649
2022-09-19 20:23:11,19,-8,3932.5,2641
2022-09-19 20:23:12,3,1,3932.75,2642
2022-09-19 20:23:13,2,-1,3932.5,2641
2022-09-19 20:23:14,2,2,3932.5,2643
2022-09-19 20:23:15,1,-1,3932.25,2642
2022-09-19 20:23:16,7,-5,3932.25,2637
2022-09-19 20:23:18,2,0,3932.25,2637
2022-09-19 20:23:19,6,2,3932.0,2639
2022-09-19 20:23:21,11,9,3932.25,2648
2022-09-19 20:23:22,2,0,3932.25,2648
2022-09-19 20:23:23,2,0,3932.25,2648
2022-09-19 20:23:27,1,-1,3932.25,2647
2022-09-19 20:23:29,11,9,3932.5,2656
2022-09-19 20:23:30,2,-2,3932.25,2654
2022-09-19 20:23:31,2,-1,3932.25,2653
2022-09-19 20:23:32,4,-2,3932.25,2651
2022-09-19 20:23:36,5,1,3932.5,2652
2022-09-19 20:23:40,7,-5,3932.0,2647
2022-09-19 20:23:50,18,-8,3931.75,2639
2022-09-19 20:23:51,3,-3,3931.75,2636
2022-09-19 20:23:55,4,-2,3931.75,2634
2022-09-19 20:23:58,9,1,3931.75,2635
2022-09-19 20:23:59,2,-2,3931.75,2633
2022-09-19 20:24:00,1,-1,3931.75,2632
2022-09-19 20:24:01,3,-3,3931.75,2629
2022-09-19 20:24:03,4,-2,3931.75,2627
2022-09-19 20:24:10,1,1,3932.0,2628
2022-09-19 20:24:11,3,3,3932.0,2631
2022-09-19 20:24:12,1,1,3932.0,2632
2022-09-19 20:24:13,7,-1,3932.0,2631
2022-09-19 20:24:14,3,1,3932.0,2632
2022-09-19 20:24:15,3,-2,3932.0,2630
2022-09-19 20:24:19,7,4,3932.25,2634
2022-09-19 20:24:27,1,1,3932.5,2635
2022-09-19 20:24:28,1,1,3932.5,2636
2022-09-19 20:24:29,2,0,3932.5,2636
2022-09-19 20:24:31,3,3,3932.5,2639
2022-09-19 20:24:34,26,9,3932.75,2648
2022-09-19 20:24:39,1,-1,3932.25,2647
2022-09-19 20:24:44,2,1,3932.5,2648
2022-09-19 20:24:45,25,10,3932.5,2658
2022-09-19 20:24:49,13,10,3932.5,2668
2022-09-19 20:24:50,1,-1,3932.5,2667
2022-09-19 20:24:52,7,-3,3932.5,2664
2022-09-19 20:24:53,2,0,3932.5,2664
2022-09-19 20:24:56,2,-2,3932.5,2662
2022-09-19 20:24:58,4,-2,3932.5,2660
2022-09-19 20:25:00,6,1,3932.5,2661
2022-09-19 20:25:04,1,1,3932.5,2662
2022-09-19 20:25:05,6,0,3932.75,2662
2022-09-19 20:25:08,4,3,3932.5,2665
2022-09-19 20:25:11,1,-1,3932.25,2664
2022-09-19 20:25:13,11,-5,3932.5,2659
2022-09-19 20:25:14,1,-1,3932.5,2658
2022-09-19 20:25:15,2,0,3932.5,2658
2022-09-19 20:25:16,3,-3,3932.25,2655
2022-09-19 20:25:19,1,1,3932.5,2656
2022-09-19 20:25:22,1,1,3932.5,2657
2022-09-19 20:25:23,1,1,3932.5,2658
2022-09-19 20:25:24,3,-1,3932.5,2657
2022-09-19 20:25:30,3,-2,3932.5,2655
2022-09-19 20:25:33,3,3,3932.75,2658
2022-09-19 20:25:35,4,0,3932.75,2658
2022-09-19 20:25:37,1,1,3932.5,2659
2022-09-19 20:25:39,5,-4,3932.5,2655
2022-09-19 20:25:40,1,1,3932.75,2656
2022-09-19 20:25:42,5,-2,3932.5,2654
2022-09-19 20:25:44,1,-1,3932.25,2653
2022-09-19 20:25:45,1,1,3932.5,2654
2022-09-19 20:25:46,3,2,3932.5,2656
2022-09-19 20:25:47,3,-3,3932.5,2653
2022-09-19 20:25:50,4,0,3932.5,2653
2022-09-19 20:25:51,1,1,3932.75,2654
2022-09-19 20:25:52,1,1,3932.5,2655
2022-09-19 20:25:56,4,-1,3932.5,2654
2022-09-19 20:25:59,1,1,3932.5,2655
2022-09-19 20:26:01,2,2,3932.5,2657
2022-09-19 20:26:02,2,2,3932.5,2659
2022-09-19 20:26:03,1,-1,3932.25,2658
2022-09-19 20:26:05,21,-19,3932.25,2639
2022-09-19 20:26:07,6,-5,3932.0,2634
2022-09-19 20:26:08,18,-13,3932.0,2621
2022-09-19 20:26:11,13,3,3932.25,2624
2022-09-19 20:26:14,1,-1,3932.0,2623
2022-09-19 20:26:18,32,11,3932.25,2634
2022-09-19 20:26:20,5,-1,3932.25,2633
2022-09-19 20:26:21,2,2,3932.25,2635
2022-09-19 20:26:22,1,-1,3932.25,2634
2022-09-19 20:26:26,3,0,3932.25,2634
2022-09-19 20:26:27,1,-1,3932.0,2633
2022-09-19 20:26:28,8,-2,3932.5,2631
2022-09-19 20:26:30,2,-2,3932.25,2629
2022-09-19 20:26:36,7,5,3932.5,2634
2022-09-19 20:26:37,2,-2,3932.5,2632
2022-09-19 20:26:46,33,-18,3932.75,2614
2022-09-19 20:26:48,2,-2,3932.5,2612
2022-09-19 20:26:50,1,1,3932.5,2613
2022-09-19 20:26:51,1,-1,3932.5,2612
2022-09-19 20:26:56,4,-3,3932.5,2609
2022-09-19 20:27:03,4,3,3932.5,2612
2022-09-19 20:27:06,1,1,3932.5,2613
2022-09-19 20:27:07,16,-10,3932.25,2603
2022-09-19 20:27:11,13,10,3932.5,2613
2022-09-19 20:27:14,4,-3,3932.25,2610
2022-09-19 20:27:16,2,2,3932.25,2612
2022-09-19 20:27:18,1,-1,3932.25,2611
2022-09-19 20:27:22,1,1,3932.25,2612
2022-09-19 20:27:24,1,-1,3932.0,2611
2022-09-19 20:27:26,1,1,3932.25,2612
2022-09-19 20:27:28,1,1,3932.25,2613
2022-09-19 20:27:29,1,-1,3932.0,2612
2022-09-19 20:27:30,14,-8,3932.0,2604
2022-09-19 20:27:32,1,-1,3931.75,2603
2022-09-19 20:27:35,1,-1,3931.75,2602
2022-09-19 20:27:41,51,-25,3931.75,2577
2022-09-19 20:27:44,2,-2,3931.5,2575
2022-09-19 20:27:45,6,-1,3931.75,2574
2022-09-19 20:27:51,5,5,3931.75,2579
2022-09-19 20:27:56,1,-1,3931.5,2578
2022-09-19 20:27:57,3,-2,3931.5,2576
2022-09-19 20:27:58,1,-1,3931.5,2575
2022-09-19 20:28:00,21,-17,3931.5,2558
2022-09-19 20:28:03,25,-5,3931.5,2553
2022-09-19 20:28:04,2,2,3931.5,2555
2022-09-19 20:28:06,2,2,3931.5,2557
2022-09-19 20:28:08,15,-1,3931.5,2556
2022-09-19 20:28:09,2,-2,3931.5,2554
2022-09-19 20:28:10,2,2,3931.5,2556
2022-09-19 20:28:15,3,1,3931.5,2557
2022-09-19 20:28:19,3,2,3931.5,2559
2022-09-19 20:28:20,1,-1,3931.5,2558
2022-09-19 20:28:24,3,-3,3931.5,2555
2022-09-19 20:28:28,1,-1,3931.5,2554
2022-09-19 20:28:30,3,-3,3931.5,2551
2022-09-19 20:28:34,1,1,3931.5,2552
2022-09-19 20:28:35,1,1,3931.5,2553
2022-09-19 20:28:38,2,2,3931.5,2555
2022-09-19 20:28:44,3,3,3931.5,2558
2022-09-19 20:28:45,1,1,3931.5,2559
2022-09-19 20:28:46,6,-6,3931.25,2553
2022-09-19 20:28:49,5,3,3931.5,2556
2022-09-19 20:28:55,1,-1,3931.25,2555
2022-09-19 20:28:58,5,-5,3931.25,2550
2022-09-19 20:29:01,1,-1,3931.25,2549
2022-09-19 20:29:03,1,1,3931.5,2550
2022-09-19 20:29:07,1,1,3931.5,2551
2022-09-19 20:29:09,1,-1,3931.25,2550
2022-09-19 20:29:11,1,-1,3931.25,2549
2022-09-19 20:29:12,6,-4,3931.5,2545
2022-09-19 20:29:17,6,-6,3931.25,2539
2022-09-19 20:29:19,1,1,3931.25,2540
2022-09-19 20:29:23,1,1,3931.25,2541
2022-09-19 20:29:27,7,6,3931.25,2547
2022-09-19 20:29:28,3,-3,3931.0,2544
2022-09-19 20:29:30,1,1,3931.25,2545
2022-09-19 20:29:32,1,-1,3931.0,2544
2022-09-19 20:29:35,2,-2,3931.0,2542
2022-09-19 20:29:37,5,-5,3931.0,2537
2022-09-19 20:29:38,2,0,3931.25,2537
2022-09-19 20:29:40,1,-1,3931.0,2536
2022-09-19 20:29:42,3,1,3931.25,2537
2022-09-19 20:29:47,19,6,3931.25,2543
2022-09-19 20:29:48,25,-19,3931.0,2524
2022-09-19 20:29:50,4,4,3931.25,2528
2022-09-19 20:29:53,1,-1,3931.0,2527
2022-09-19 20:29:54,1,-1,3931.0,2526
2022-09-19 20:29:55,22,-12,3931.0,2514
2022-09-19 20:29:56,1,1,3931.0,2515
2022-09-19 20:29:57,3,2,3931.0,2517
2022-09-19 20:30:00,9,-9,3930.75,2508
2022-09-19 20:30:01,16,2,3931.0,2510
2022-09-19 20:30:02,6,-6,3931.0,2504
2022-09-19 20:30:03,9,9,3931.25,2513
2022-09-19 20:30:04,3,3,3931.5,2516
2022-09-19 20:30:09,1,1,3931.5,2517
2022-09-19 20:30:10,1,1,3931.5,2518
2022-09-19 20:30:12,8,3,3931.5,2521
2022-09-19 20:30:13,1,-1,3931.5,2520
2022-09-19 20:30:14,9,-2,3931.5,2518
2022-09-19 20:30:16,2,0,3931.5,2518
2022-09-19 20:30:18,4,-4,3931.5,2514
2022-09-19 20:30:20,2,2,3931.75,2516
2022-09-19 20:30:21,3,3,3931.75,2519
2022-09-19 20:30:25,1,1,3931.75,2520
2022-09-19 20:30:27,1,-1,3931.5,2519
2022-09-19 20:30:28,1,-1,3931.5,2518
2022-09-19 20:30:29,16,-11,3931.5,2507
2022-09-19 20:30:31,1,1,3931.5,2508
2022-09-19 20:30:34,2,0,3931.5,2508
2022-09-19 20:30:37,3,-2,3931.25,2506
2022-09-19 20:30:38,2,2,3931.5,2508
2022-09-19 20:30:41,2,0,3931.5,2508
2022-09-19 20:30:43,3,-3,3931.25,2505
2022-09-19 20:30:45,5,4,3931.5,2509
2022-09-19 20:30:50,9,-7,3931.5,2502
2022-09-19 20:30:51,2,2,3931.5,2504
2022-09-19 20:30:52,2,0,3931.5,2504
2022-09-19 20:30:53,1,1,3931.5,2505
2022-09-19 20:30:56,1,1,3931.75,2506
2022-09-19 20:30:58,6,-3,3931.5,2503
2022-09-19 20:30:59,1,-1,3931.5,2502
2022-09-19 20:31:00,2,-2,3931.5,2500
2022-09-19 20:31:01,3,-3,3931.25,2497
2022-09-19 20:31:03,9,0,3931.25,2497
2022-09-19 20:31:04,1,-1,3931.25,2496
2022-09-19 20:31:11,2,-1,3931.0,2495
2022-09-19 20:31:12,32,-17,3931.25,2478
2022-09-19 20:31:13,2,-2,3931.0,2476
2022-09-19 20:31:14,9,4,3931.0,2480
2022-09-19 20:31:15,1,-1,3931.0,2479
2022-09-19 20:31:17,4,-4,3931.0,2475
2022-09-19 20:31:20,4,-1,3931.0,2474
2022-09-19 20:31:21,2,2,3931.0,2476
2022-09-19 20:31:25,14,-1,3931.0,2475
2022-09-19 20:31:27,1,1,3931.25,2476
2022-09-19 20:31:31,2,2,3931.25,2478
2022-09-19 20:31:34,3,-1,3931.0,2477
2022-09-19 20:31:36,38,4,3931.25,2481
2022-09-19 20:31:37,2,-2,3931.25,2479
2022-09-19 20:31:39,1,-1,3931.0,2478
2022-09-19 20:31:41,11,-6,3931.0,2472
2022-09-19 20:31:42,3,3,3931.0,2475
2022-09-19 20:31:49,3,3,3931.0,2478
2022-09-19 20:31:52,1,1,3931.25,2479
2022-09-19 20:31:54,3,3,3931.25,2482
2022-09-19 20:31:55,1,-1,3931.25,2481
2022-09-19 20:31:58,3,3,3931.25,2484
2022-09-19 20:32:00,1,-1,3931.0,2483
2022-09-19 20:32:01,6,-6,3931.0,2477
2022-09-19 20:32:02,1,1,3931.25,2478
2022-09-19 20:32:05,2,2,3931.25,2480
2022-09-19 20:32:06,1,1,3931.25,2481
2022-09-19 20:32:07,1,1,3931.25,2482
2022-09-19 20:32:10,3,-3,3931.0,2479
2022-09-19 20:32:12,7,2,3931.25,2481
2022-09-19 20:32:17,3,-2,3931.25,2479
2022-09-19 20:32:18,1,1,3931.25,2480
2022-09-19 20:32:23,1,1,3931.25,2481
2022-09-19 20:32:25,1,1,3931.25,2482
2022-09-19 20:32:26,5,-1,3931.25,2481
2022-09-19 20:32:29,3,-3,3931.25,2478
2022-09-19 20:32:31,1,1,3931.25,2479
2022-09-19 20:32:35,3,-3,3931.0,2476
2022-09-19 20:32:37,1,-1,3931.0,2475
2022-09-19 20:32:41,17,-12,3931.0,2463
2022-09-19 20:32:50,29,-10,3930.75,2453
2022-09-19 20:32:52,5,5,3931.0,2458
2022-09-19 20:32:55,1,-1,3930.75,2457
2022-09-19 20:32:57,1,1,3931.0,2458
2022-09-19 20:32:58,2,-1,3930.75,2457
2022-09-19 20:33:00,8,-8,3930.75,2449
2022-09-19 20:33:01,3,2,3930.75,2451
2022-09-19 20:33:02,3,3,3931.0,2454
2022-09-19 20:33:05,3,-3,3930.5,2451
2022-09-19 20:33:06,6,1,3930.75,2452
2022-09-19 20:33:07,5,-4,3930.5,2448
2022-09-19 20:33:09,20,-16,3930.5,2432
2022-09-19 20:33:14,1,-1,3930.5,2431
2022-09-19 20:33:15,10,-7,3930.5,2424
2022-09-19 20:33:19,3,-1,3930.5,2423
2022-09-19 20:33:22,1,-1,3930.5,2422
2022-09-19 20:33:23,1,1,3930.75,2423
2022-09-19 20:33:29,1,-1,3930.5,2422
2022-09-19 20:33:36,1,-1,3930.5,2421
2022-09-19 20:33:41,11,-4,3930.5,2417
2022-09-19 20:33:42,1,-1,3930.25,2416
2022-09-19 20:33:50,2,-2,3930.25,2414
2022-09-19 20:33:51,2,2,3930.5,2416
2022-09-19 20:33:53,2,-2,3930.25,2414
2022-09-19 20:33:55,25,-15,3930.25,2399
2022-09-19 20:33:58,5,5,3930.25,2404
2022-09-19 20:34:01,12,5,3930.25,2409
2022-09-19 20:34:02,1,1,3930.25,2410
2022-09-19 20:34:03,1,1,3930.25,2411
2022-09-19 20:34:12,7,3,3930.25,2414
2022-09-19 20:34:14,4,-2,3930.5,2412
2022-09-19 20:34:18,5,-1,3930.25,2411
2022-09-19 20:34:19,1,1,3930.25,2412
2022-09-19 20:34:22,1,1,3930.25,2413
2022-09-19 20:34:23,63,-44,3930.0,2369
2022-09-19 20:34:25,3,-2,3929.75,2367
2022-09-19 20:34:26,42,-19,3929.75,2348
2022-09-19 20:34:29,19,-12,3929.5,2336
2022-09-19 20:34:30,4,4,3929.5,2340
2022-09-19 20:34:34,1,-1,3929.25,2339
2022-09-19 20:34:35,1,-1,3929.25,2338
2022-09-19 20:34:36,4,2,3929.5,2340
2022-09-19 20:34:37,1,1,3929.5,2341
2022-09-19 20:34:39,51,-21,3929.5,2320
2022-09-19 20:34:41,1,-1,3929.25,2319
2022-09-19 20:34:42,9,-9,3929.25,2310
2022-09-19 20:34:43,1,1,3929.25,2311
2022-09-19 20:34:46,1,1,3929.25,2312
2022-09-19 20:34:49,1,1,3929.25,2313
2022-09-19 20:34:50,1,1,3929.25,2314
2022-09-19 20:34:51,2,-2,3929.0,2312
2022-09-19 20:34:53,2,2,3929.25,2314
2022-09-19 20:34:55,3,1,3929.25,2315
2022-09-19 20:34:57,19,9,3929.25,2324
2022-09-19 20:34:59,6,-6,3929.25,2318
2022-09-19 20:35:00,1,1,3929.25,2319
2022-09-19 20:35:01,47,-16,3929.25,2303
2022-09-19 20:35:02,62,0,3928.75,2303
2022-09-19 20:35:03,37,-10,3928.5,2293
2022-09-19 20:35:04,4,-2,3928.5,2291
2022-09-19 20:35:05,4,-2,3928.5,2289
2022-09-19 20:35:06,10,4,3928.5,2293
2022-09-19 20:35:07,2,2,3928.5,2295
2022-09-19 20:35:08,1,-1,3928.5,2294
2022-09-19 20:35:09,44,-24,3928.25,2270
2022-09-19 20:35:11,41,-22,3928.25,2248
2022-09-19 20:35:12,19,-14,3928.0,2234
2022-09-19 20:35:13,30,-18,3927.75,2216
2022-09-19 20:35:14,16,9,3927.75,2225
2022-09-19 20:35:15,3,-3,3927.5,2222
2022-09-19 20:35:16,10,7,3927.75,2229
2022-09-19 20:35:17,9,-6,3927.75,2223
2022-09-19 20:35:18,15,14,3927.75,2237
2022-09-19 20:35:19,9,-3,3927.75,2234
2022-09-19 20:35:20,35,-13,3927.75,2221
2022-09-19 20:35:21,11,1,3927.5,2222
2022-09-19 20:35:22,12,-4,3927.75,2218
2022-09-19 20:35:23,12,0,3927.75,2218
2022-09-19 20:35:24,1,-1,3927.5,2217
2022-09-19 20:35:25,1,-1,3927.5,2216
2022-09-19 20:35:26,13,-5,3927.5,2211
2022-09-19 20:35:27,1,1,3927.75,2212
2022-09-19 20:35:28,70,7,3928.0,2219
2022-09-19 20:35:29,3,3,3927.75,2222
2022-09-19 20:35:30,22,-13,3927.75,2209
2022-09-19 20:35:32,58,62,3927.75,2271
2022-09-19 20:35:35,42,24,3928.25,2295
2022-09-19 20:35:36,6,-3,3928.25,2292
2022-09-19 20:35:38,16,6,3928.25,2298
2022-09-19 20:35:39,1,1,3928.25,2299
2022-09-19 20:35:40,3,3,3928.25,2302
2022-09-19 20:35:41,2,-1,3928.25,2301
2022-09-19 20:35:43,2,2,3928.25,2303
2022-09-19 20:35:44,1,1,3928.25,2304
2022-09-19 20:35:45,3,-1,3928.25,2303
2022-09-19 20:35:47,1,1,3928.25,2304
2022-09-19 20:35:50,10,-9,3928.0,2295
2022-09-19 20:35:51,5,-1,3927.75,2294
2022-09-19 20:35:52,4,0,3928.0,2294
2022-09-19 20:35:53,10,-6,3927.75,2288
2022-09-19 20:35:56,7,7,3927.5,2295
2022-09-19 20:35:57,4,3,3927.5,2298
2022-09-19 20:35:58,3,-3,3927.5,2295
2022-09-19 20:35:59,3,-1,3927.5,2294
2022-09-19 20:36:00,11,7,3927.5,2301
2022-09-19 20:36:01,30,-18,3927.5,2283
2022-09-19 20:36:02,12,-4,3927.25,2279
2022-09-19 20:36:04,25,7,3927.5,2286
2022-09-19 20:36:05,3,-3,3927.5,2283
2022-09-19 20:36:06,11,8,3927.75,2291
2022-09-19 20:36:07,10,8,3928.0,2299
2022-09-19 20:36:08,2,2,3928.0,2301
2022-09-19 20:36:09,5,5,3928.0,2306
2022-09-19 20:36:10,10,5,3928.0,2311
2022-09-19 20:36:11,3,2,3928.0,2313
2022-09-19 20:36:12,1,1,3928.0,2314
2022-09-19 20:36:14,8,2,3928.0,2316
2022-09-19 20:36:15,7,-7,3928.0,2309
2022-09-19 20:36:17,18,12,3928.0,2321
2022-09-19 20:36:18,9,-8,3927.75,2313
2022-09-19 20:36:19,1,-1,3927.75,2312
2022-09-19 20:36:21,3,-1,3927.75,2311
2022-09-19 20:36:22,2,2,3927.75,2313
2022-09-19 20:36:23,1,-1,3927.75,2312
2022-09-19 20:36:24,1,-1,3927.5,2311
2022-09-19 20:36:25,43,-19,3927.5,2292
2022-09-19 20:36:26,5,-1,3927.5,2291
2022-09-19 20:36:29,2,2,3927.5,2293
2022-09-19 20:36:30,2,2,3927.5,2295
2022-09-19 20:36:31,1,1,3927.75,2296
2022-09-19 20:36:33,6,5,3927.75,2301
2022-09-19 20:36:34,2,-2,3927.75,2299
2022-09-19 20:36:39,1,-1,3927.75,2298
2022-09-19 20:36:40,5,-5,3927.75,2293
2022-09-19 20:36:41,2,-1,3927.75,2292
2022-09-19 20:36:42,1,-1,3927.5,2291
2022-09-19 20:36:43,17,-14,3927.5,2277
2022-09-19 20:36:44,1,-1,3927.5,2276
2022-09-19 20:36:48,39,8,3927.75,2284
2022-09-19 20:36:50,2,2,3928.0,2286
2022-09-19 20:36:52,10,9,3928.0,2295
2022-09-19 20:36:56,11,9,3928.25,2304
2022-09-19 20:36:57,2,2,3928.5,2306
2022-09-19 20:36:59,16,-6,3928.25,2300
2022-09-19 20:37:00,8,-4,3928.5,2296
2022-09-19 20:37:04,2,-2,3928.25,2294
2022-09-19 20:37:05,5,-5,3928.25,2289
2022-09-19 20:37:07,2,1,3928.5,2290
2022-09-19 20:37:09,4,-4,3928.25,2286
2022-09-19 20:37:10,1,-1,3928.25,2285
2022-09-19 20:37:14,1,1,3928.5,2286
2022-09-19 20:37:17,1,-1,3928.25,2285
2022-09-19 20:37:19,3,-3,3928.25,2282
2022-09-19 20:37:23,12,-2,3928.25,2280
2022-09-19 20:37:27,1,1,3928.25,2281
2022-09-19 20:37:35,17,15,3928.25,2296
2022-09-19 20:37:36,1,1,3928.5,2297
2022-09-19 20:37:39,12,-4,3928.5,2293
2022-09-19 20:37:41,5,-3,3928.25,2290
2022-09-19 20:37:42,5,5,3928.25,2295
2022-09-19 20:37:44,22,-14,3928.25,2281
2022-09-19 20:37:46,6,2,3928.0,2283
2022-09-19 20:37:47,1,1,3928.0,2284
2022-09-19 20:37:55,9,5,3928.0,2289
2022-09-19 20:37:58,7,5,3928.25,2294
2022-09-19 20:38:01,11,-2,3928.5,2292
2022-09-19 20:38:02,12,-3,3928.25,2289
2022-09-19 20:38:03,10,-3,3928.25,2286
2022-09-19 20:38:07,2,-1,3928.0,2285
2022-09-19 20:38:08,1,1,3928.25,2286
2022-09-19 20:38:15,1,-1,3928.0,2285
2022-09-19 20:38:16,1,-1,3928.0,2284
2022-09-19 20:38:19,1,1,3928.25,2285
2022-09-19 20:38:20,1,1,3928.25,2286
2022-09-19 20:38:21,7,5,3928.25,2291
2022-09-19 20:38:24,3,-3,3928.25,2288
2022-09-19 20:38:25,5,-1,3928.25,2287
2022-09-19 20:38:27,2,-2,3928.25,2285
2022-09-19 20:38:28,3,-3,3928.0,2282
2022-09-19 20:38:36,7,6,3928.25,2288
2022-09-19 20:38:43,2,1,3928.25,2289
2022-09-19 20:38:49,13,-11,3928.25,2278
2022-09-19 20:38:50,5,2,3928.25,2280
2022-09-19 20:38:52,2,2,3928.25,2282
2022-09-19 20:38:58,7,-6,3928.25,2276
2022-09-19 20:39:00,2,0,3928.5,2276
2022-09-19 20:39:04,15,-13,3928.0,2263
2022-09-19 20:39:06,6,2,3928.0,2265
2022-09-19 20:39:10,3,-1,3928.0,2264
2022-09-19 20:39:12,106,76,3928.5,2340
2022-09-19 20:39:23,18,-4,3928.5,2336
2022-09-19 20:39:29,2,2,3928.75,2338
2022-09-19 20:39:31,32,8,3928.75,2346
2022-09-19 20:39:32,6,-5,3928.5,2341
2022-09-19 20:39:33,1,1,3928.75,2342
2022-09-19 20:39:34,1,1,3928.75,2343
2022-09-19 20:39:35,1,1,3928.75,2344
2022-09-19 20:39:36,1,1,3928.75,2345
2022-09-19 20:39:37,12,6,3928.75,2351
2022-09-19 20:39:38,2,1,3929.0,2352
2022-09-19 20:39:39,5,-3,3928.75,2349
2022-09-19 20:39:40,2,-1,3928.75,2348
2022-09-19 20:39:42,1,1,3928.75,2349
2022-09-19 20:39:46,6,2,3928.75,2351
2022-09-19 20:39:47,2,0,3928.75,2351
2022-09-19 20:39:49,4,3,3928.75,2354
2022-09-19 20:39:51,2,0,3928.75,2354
2022-09-19 20:39:52,6,-6,3928.5,2348
2022-09-19 20:39:54,4,-4,3928.5,2344
2022-09-19 20:39:56,2,-2,3928.5,2342
2022-09-19 20:39:57,4,0,3928.5,2342
2022-09-19 20:39:58,3,-2,3928.25,2340
2022-09-19 20:40:00,1,1,3928.5,2341
2022-09-19 20:40:06,7,-4,3928.25,2337
2022-09-19 20:40:08,5,3,3928.25,2340
2022-09-19 20:40:14,13,6,3928.25,2346
2022-09-19 20:40:16,7,1,3928.25,2347
2022-09-19 20:40:20,4,-3,3928.25,2344
2022-09-19 20:40:22,44,-39,3928.0,2305
2022-09-19 20:40:24,4,-3,3928.0,2302
2022-09-19 20:40:30,1,1,3928.0,2303
2022-09-19 20:40:32,1,1,3928.0,2304
2022-09-19 20:40:33,10,9,3928.0,2313
2022-09-19 20:40:43,2,-2,3927.75,2311
2022-09-19 20:40:45,29,0,3927.75,2311
2022-09-19 20:40:50,3,-3,3927.5,2308
2022-09-19 20:40:51,1,-1,3927.5,2307
2022-09-19 20:40:52,1,-1,3927.5,2306
2022-09-19 20:40:53,3,-3,3927.5,2303
2022-09-19 20:40:54,3,-3,3927.5,2300
2022-09-19 20:40:57,25,17,3927.75,2317
2022-09-19 20:40:58,3,3,3927.5,2320
2022-09-19 20:41:00,4,-3,3927.5,2317
2022-09-19 20:41:03,2,0,3927.75,2317
2022-09-19 20:41:05,21,10,3927.75,2327
2022-09-19 20:41:06,2,2,3927.75,2329
2022-09-19 20:41:11,1,-1,3927.75,2328
2022-09-19 20:41:12,1,-1,3927.5,2327
2022-09-19 20:41:14,10,8,3927.75,2335
2022-09-19 20:41:18,2,-2,3927.75,2333
2022-09-19 20:41:22,5,-3,3927.75,2330
2022-09-19 20:41:30,1,1,3928.0,2331
2022-09-19 20:41:31,10,8,3928.0,2339
2022-09-19 20:41:32,3,0,3928.0,2339
2022-09-19 20:41:33,1,1,3928.0,2340
2022-09-19 20:41:36,12,-5,3928.0,2335
2022-09-19 20:41:42,14,11,3928.0,2346
2022-09-19 20:41:45,54,-41,3927.75,2305
2022-09-19 20:41:46,1,-1,3927.25,2304
2022-09-19 20:41:49,1,1,3927.25,2305
2022-09-19 20:41:50,15,2,3927.25,2307
2022-09-19 20:41:51,1,1,3927.25,2308
2022-09-19 20:41:52,1,-1,3927.25,2307
2022-09-19 20:41:53,2,-2,3927.25,2305
2022-09-19 20:41:56,1,-1,3927.25,2304
2022-09-19 20:41:59,14,-13,3927.0,2291
2022-09-19 20:42:00,5,-4,3927.0,2287
2022-09-19 20:42:01,6,4,3927.25,2291
2022-09-19 20:42:02,2,-2,3927.25,2289
2022-09-19 20:42:07,2,-2,3927.25,2287
2022-09-19 20:42:08,1,-1,3927.25,2286
2022-09-19 20:42:10,24,20,3927.5,2306
2022-09-19 20:42:12,1,-1,3927.25,2305
2022-09-19 20:42:13,9,-2,3927.5,2303
2022-09-19 20:42:14,1,-1,3927.25,2302
2022-09-19 20:42:16,1,-1,3927.25,2301
2022-09-19 20:42:17,1,-1,3927.25,2300
2022-09-19 20:42:18,11,-5,3927.25,2295
2022-09-19 20:42:19,1,1,3927.5,2296
2022-09-19 20:42:23,1,-1,3927.25,2295
2022-09-19 20:42:24,10,10,3927.25,2305
2022-09-19 20:42:28,1,1,3927.25,2306
2022-09-19 20:42:32,3,-3,3927.25,2303
2022-09-19 20:42:34,4,4,3927.25,2307
2022-09-19 20:42:35,3,-1,3927.0,2306
2022-09-19 20:42:36,10,10,3927.25,2316
2022-09-19 20:42:41,3,-3,3927.0,2313
2022-09-19 20:42:42,1,-1,3927.0,2312
2022-09-19 20:42:44,1,1,3927.25,2313
2022-09-19 20:42:46,15,-5,3927.0,2308
2022-09-19 20:42:47,3,-3,3927.0,2305
2022-09-19 20:42:52,18,-12,3926.75,2293
2022-09-19 20:42:54,28,-10,3926.5,2283
2022-09-19 20:42:56,1,1,3926.5,2284
2022-09-19 20:42:57,2,2,3926.5,2286
2022-09-19 20:42:58,1,1,3926.5,2287
2022-09-19 20:42:59,16,10,3926.5,2297
2022-09-19 20:43:00,4,-4,3926.5,2293
2022-09-19 20:43:01,86,-96,3926.5,2197
2022-09-19 20:43:02,15,-7,3925.75,2190
2022-09-19 20:43:03,13,10,3925.75,2200
2022-09-19 20:43:04,18,-4,3925.75,2196
2022-09-19 20:43:05,1,1,3925.75,2197
2022-09-19 20:43:06,3,0,3925.75,2197
2022-09-19 20:43:07,3,-2,3925.5,2195
2022-09-19 20:43:08,4,-3,3925.5,2192
2022-09-19 20:43:10,1,1,3925.75,2193
2022-09-19 20:43:11,15,7,3925.75,2200
2022-09-19 20:43:13,22,4,3926.25,2204
2022-09-19 20:43:14,10,-10,3926.0,2194
2022-09-19 20:43:15,1,1,3926.25,2195
2022-09-19 20:43:17,2,2,3926.25,2197
2022-09-19 20:43:18,8,5,3926.25,2202
2022-09-19 20:43:21,23,5,3926.5,2207
2022-09-19 20:43:22,6,4,3926.5,2211
2022-09-19 20:43:23,6,-4,3926.25,2207
2022-09-19 20:43:24,4,4,3926.5,2211
2022-09-19 20:43:26,1,1,3926.5,2212
2022-09-19 20:43:28,7,-6,3926.25,2206
2022-09-19 20:43:30,1,-1,3926.25,2205
2022-09-19 20:43:34,19,-11,3926.25,2194
2022-09-19 20:43:35,1,1,3926.25,2195
2022-09-19 20:43:36,1,1,3926.25,2196
2022-09-19 20:43:37,1,-1,3926.0,2195
2022-09-19 20:43:38,8,-2,3926.0,2193
2022-09-19 20:43:40,1,1,3926.0,2194
2022-09-19 20:43:43,1,1,3926.0,2195
2022-09-19 20:43:44,1,-1,3925.75,2194
2022-09-19 20:43:45,15,7,3926.0,2201
2022-09-19 20:43:46,1,-1,3926.0,2200
2022-09-19 20:43:51,1,1,3926.25,2201
2022-09-19 20:43:52,16,5,3926.25,2206
2022-09-19 20:43:53,2,-2,3926.0,2204
2022-09-19 20:43:58,5,0,3926.0,2204
2022-09-19 20:44:02,14,-11,3926.0,2193
2022-09-19 20:44:03,2,2,3925.75,2195
2022-09-19 20:44:05,16,-17,3925.75,2178
2022-09-19 20:44:06,14,-13,3925.5,2165
2022-09-19 20:44:07,4,2,3925.5,2167
2022-09-19 20:44:08,4,0,3925.5,2167
2022-09-19 20:44:09,2,-1,3925.5,2166
2022-09-19 20:44:10,26,-4,3925.25,2162
2022-09-19 20:44:11,9,-4,3925.25,2158
2022-09-19 20:44:12,12,-9,3925.25,2149
2022-09-19 20:44:13,17,-9,3925.0,2140
2022-09-19 20:44:14,80,-24,3925.0,2116
2022-09-19 20:44:15,10,2,3925.0,2118
2022-09-19 20:44:18,11,10,3925.25,2128
2022-09-19 20:44:20,1,1,3925.25,2129
2022-09-19 20:44:22,1,-1,3925.0,2128
2022-09-19 20:44:24,2,2,3925.25,2130
2022-09-19 20:44:25,6,-6,3925.0,2124
2022-09-19 20:44:26,1,-1,3925.0,2123
2022-09-19 20:44:27,17,5,3925.0,2128
2022-09-19 20:44:29,1,1,3925.25,2129
2022-09-19 20:44:32,1,-1,3925.0,2128
2022-09-19 20:44:33,5,4,3925.25,2132
2022-09-19 20:44:34,5,0,3925.5,2132
2022-09-19 20:44:35,4,-4,3925.25,2128
2022-09-19 20:44:36,2,2,3925.25,2130
2022-09-19 20:44:37,2,0,3925.5,2130
2022-09-19 20:44:38,1,1,3925.25,2131
2022-09-19 20:44:40,7,-3,3925.0,2128
2022-09-19 20:44:44,56,30,3925.0,2158
2022-09-19 20:44:46,7,5,3925.0,2163
2022-09-19 20:44:49,1,1,3925.0,2164
2022-09-19 20:44:50,2,0,3925.0,2164
2022-09-19 20:44:53,17,11,3925.0,2175
2022-09-19 20:44:56,3,-1,3925.0,2174
2022-09-19 20:45:00,2,0,3925.25,2174
2022-09-19 20:45:01,7,4,3925.25,2178
2022-09-19 20:45:05,2,2,3925.25,2180
2022-09-19 20:45:12,21,10,3925.25,2190
2022-09-19 20:45:13,14,5,3925.5,2195
2022-09-19 20:45:14,1,-1,3925.5,2194
2022-09-19 20:45:15,1,-1,3925.5,2193
2022-09-19 20:45:18,3,2,3925.75,2195
2022-09-19 20:45:19,13,9,3926.0,2204
2022-09-19 20:45:20,6,1,3925.75,2205
2022-09-19 20:45:24,5,5,3925.75,2210
2022-09-19 20:45:26,5,1,3925.75,2211
2022-09-19 20:45:27,1,-1,3925.75,2210
2022-09-19 20:45:28,2,0,3926.0,2210
2022-09-19 20:45:29,1,1,3926.0,2211
2022-09-19 20:45:30,1,1,3926.0,2212
2022-09-19 20:45:31,4,-4,3925.75,2208
2022-09-19 20:45:35,27,-1,3925.5,2207
2022-09-19 20:45:36,3,-3,3925.5,2204
2022-09-19 20:45:38,10,-9,3925.25,2195
2022-09-19 20:45:39,5,2,3925.25,2197
2022-09-19 20:45:40,14,5,3925.25,2202
2022-09-19 20:45:42,4,0,3925.5,2202
2022-09-19 20:45:45,2,2,3925.5,2204
2022-09-19 20:45:47,1,1,3925.5,2205
2022-09-19 20:45:49,6,-1,3925.5,2204
2022-09-19 20:45:52,1,-1,3925.25,2203
2022-09-19 20:45:54,2,-1,3925.25,2202
2022-09-19 20:45:55,2,0,3925.5,2202
2022-09-19 20:45:58,4,4,3925.25,2206
2022-09-19 20:46:00,7,2,3925.25,2208
2022-09-19 20:46:05,6,2,3925.25,2210
2022-09-19 20:46:12,9,1,3925.25,2211
2022-09-19 20:46:16,25,12,3925.25,2223
2022-09-19 20:46:17,5,3,3925.25,2226
2022-09-19 20:46:19,1,-1,3925.0,2225
2022-09-19 20:46:21,1,1,3925.25,2226
2022-09-19 20:46:24,1,1,3925.25,2227
2022-09-19 20:46:25,8,5,3925.25,2232
2022-09-19 20:46:26,3,-1,3925.0,2231
2022-09-19 20:46:28,1,-1,3925.0,2230
2022-09-19 20:46:29,14,-7,3925.25,2223
2022-09-19 20:46:30,1,1,3925.5,2224
2022-09-19 20:46:31,10,-1,3925.0,2223
2022-09-19 20:46:39,14,8,3925.25,2231
2022-09-19 20:46:40,3,-3,3925.25,2228
2022-09-19 20:46:41,1,1,3925.25,2229
2022-09-19 20:46:42,21,-17,3925.0,2212
2022-09-19 20:46:44,1,-1,3925.0,2211
2022-09-19 20:46:45,2,2,3925.0,2213
2022-09-19 20:46:48,8,3,3925.25,2216
2022-09-19 20:46:50,1,-1,3925.25,2215
2022-09-19 20:46:55,8,2,3925.5,2217
2022-09-19 20:46:56,4,4,3925.5,2221
2022-09-19 20:46:58,1,-1,3925.5,2220
2022-09-19 20:47:00,5,-4,3925.5,2216
2022-09-19 20:47:03,3,1,3925.75,2217
2022-09-19 20:47:06,3,3,3925.75,2220
2022-09-19 20:47:08,1,-1,3925.5,2219
2022-09-19 20:47:09,1,1,3925.75,2220
2022-09-19 20:47:10,3,3,3925.75,2223
2022-09-19 20:47:12,2,2,3925.75,2225
2022-09-19 20:47:13,3,3,3925.75,2228
2022-09-19 20:47:14,1,1,3925.75,2229
2022-09-19 20:47:15,6,-9,3925.75,2220
2022-09-19 20:47:16,3,3,3925.75,2223
2022-09-19 20:47:20,7,-2,3925.5,2221
2022-09-19 20:47:24,1,1,3925.75,2222
2022-09-19 20:47:26,10,14,3926.0,2236
2022-09-19 20:47:27,1,1,3926.0,2237
2022-09-19 20:47:28,4,-4,3925.75,2233
2022-09-19 20:47:29,1,1,3926.0,2234
2022-09-19 20:47:32,1,-1,3925.75,2233
2022-09-19 20:47:33,4,-4,3925.75,2229
2022-09-19 20:47:34,6,2,3925.75,2231
2022-09-19 20:47:35,6,4,3925.75,2235
2022-09-19 20:47:46,1,-1,3925.5,2234
2022-09-19 20:47:47,1,-1,3925.5,2233
2022-09-19 20:47:49,3,3,3925.75,2236
2022-09-19 20:47:53,1,1,3925.75,2237
2022-09-19 20:47:56,2,0,3925.75,2237
2022-09-19 20:47:57,2,2,3925.75,2239
2022-09-19 20:47:58,3,-1,3925.75,2238
2022-09-19 20:48:00,2,0,3925.75,2238
2022-09-19 20:48:04,3,-3,3925.5,2235
2022-09-19 20:48:06,3,-1,3925.75,2234
2022-09-19 20:48:07,2,-2,3925.5,2232
2022-09-19 20:48:08,1,-1,3925.25,2231
2022-09-19 20:48:10,1,1,3925.5,2232
2022-09-19 20:48:13,7,-7,3925.25,2225
2022-09-19 20:48:14,1,1,3925.5,2226
2022-09-19 20:48:17,2,2,3925.5,2228
2022-09-19 20:48:18,12,-6,3925.5,2222
2022-09-19 20:48:19,1,-1,3925.0,2221
2022-09-19 20:48:22,11,-8,3925.25,2213
2022-09-19 20:48:24,2,2,3925.0,2215
2022-09-19 20:48:25,1,1,3925.25,2216
2022-09-19 20:48:26,1,-1,3925.0,2215
2022-09-19 20:48:28,21,15,3925.25,2230
2022-09-19 20:48:29,1,1,3925.25,2231
2022-09-19 20:48:30,5,-1,3925.25,2230
2022-09-19 20:48:32,2,2,3925.25,2232
2022-09-19 20:48:40,3,-1,3925.0,2231
2022-09-19 20:48:41,4,-4,3925.0,2227
2022-09-19 20:48:45,1,1,3925.0,2228
2022-09-19 20:48:46,2,2,3925.0,2230
2022-09-19 20:48:47,1,1,3925.0,2231
2022-09-19 20:48:52,5,3,3925.0,2234
2022-09-19 20:48:53,5,-5,3924.75,2229
2022-09-19 20:48:55,16,-8,3924.75,2221
2022-09-19 20:48:58,6,-2,3925.0,2219
2022-09-19 20:49:00,4,-4,3924.75,2215
2022-09-19 20:49:01,13,-5,3924.75,2210
2022-09-19 20:49:02,20,-3,3924.75,2207
2022-09-19 20:49:04,35,-20,3924.5,2187
2022-09-19 20:49:05,3,-1,3924.5,2186
2022-09-19 20:49:06,25,-12,3924.5,2174
2022-09-19 20:49:07,1,1,3924.5,2175
2022-09-19 20:49:08,3,-1,3924.25,2174
2022-09-19 20:49:09,1,1,3924.25,2175
2022-09-19 20:49:11,7,-1,3924.25,2174
2022-09-19 20:49:12,13,-3,3924.25,2171
2022-09-19 20:49:13,2,-2,3924.0,2169
2022-09-19 20:49:14,2,0,3924.25,2169
2022-09-19 20:49:15,2,2,3924.25,2171
2022-09-19 20:49:16,2,-2,3924.25,2169
2022-09-19 20:49:17,9,-3,3924.25,2166
2022-09-19 20:49:20,4,4,3924.5,2170
2022-09-19 20:49:22,4,4,3924.5,2174
2022-09-19 20:49:24,5,-5,3924.25,2169
2022-09-19 20:49:25,3,-2,3924.0,2167
2022-09-19 20:49:26,1,-1,3924.0,2166
2022-09-19 20:49:29,9,-6,3924.0,2160
2022-09-19 20:49:31,8,-2,3924.0,2158
2022-09-19 20:49:32,6,4,3924.0,2162
2022-09-19 20:49:33,4,4,3924.25,2166
2022-09-19 20:49:34,1,-1,3924.0,2165
2022-09-19 20:49:36,17,8,3924.25,2173
2022-09-19 20:49:37,4,2,3924.0,2175
2022-09-19 20:49:38,1,-1,3924.0,2174
2022-09-19 20:49:40,3,1,3924.25,2175
2022-09-19 20:49:42,11,-4,3924.25,2171
2022-09-19 20:49:43,9,-4,3924.0,2167
2022-09-19 20:49:47,15,-1,3924.0,2166
2022-09-19 20:49:48,2,2,3924.0,2168
2022-09-19 20:49:49,1,-1,3924.0,2167
2022-09-19 20:49:51,1,-1,3924.0,2166
2022-09-19 20:49:52,2,-2,3924.0,2164
2022-09-19 20:49:54,11,6,3924.25,2170
2022-09-19 20:49:55,3,3,3924.5,2173
2022-09-19 20:49:58,1,-1,3924.25,2172
2022-09-19 20:49:59,1,-1,3924.25,2171
2022-09-19 20:50:00,4,-4,3924.25,2167
2022-09-19 20:50:02,4,3,3924.25,2170
2022-09-19 20:50:06,6,5,3924.5,2175
2022-09-19 20:50:07,29,9,3924.75,2184
2022-09-19 20:50:08,1,1,3924.75,2185
2022-09-19 20:50:09,2,2,3924.75,2187
2022-09-19 20:50:10,2,2,3924.75,2189
2022-09-19 20:50:12,12,8,3925.25,2197
2022-09-19 20:50:15,7,2,3925.25,2199
2022-09-19 20:50:17,13,-3,3925.25,2196
2022-09-19 20:50:19,4,2,3925.25,2198
2022-09-19 20:50:22,6,9,3925.5,2207
2022-09-19 20:50:24,11,-2,3925.5,2205
2022-09-19 20:50:25,1,1,3925.5,2206
2022-09-19 20:50:28,1,1,3925.5,2207
2022-09-19 20:50:29,3,1,3925.5,2208
2022-09-19 20:50:31,1,1,3925.5,2209
2022-09-19 20:50:33,1,1,3925.5,2210
2022-09-19 20:50:34,9,-5,3925.25,2205
2022-09-19 20:50:36,1,-1,3925.25,2204
2022-09-19 20:50:37,2,-2,3925.25,2202
2022-09-19 20:50:40,1,1,3925.5,2203
2022-09-19 20:50:41,2,2,3925.5,2205
2022-09-19 20:50:42,21,-7,3925.5,2198
2022-09-19 20:50:44,1,1,3925.5,2199
2022-09-19 20:50:45,1,1,3925.5,2200
2022-09-19 20:50:46,9,-5,3925.25,2195
2022-09-19 20:50:48,1,1,3925.25,2196
2022-09-19 20:50:53,5,5,3925.25,2201
2022-09-19 20:51:04,9,5,3925.25,2206
2022-09-19 20:51:07,9,-8,3925.0,2198
2022-09-19 20:51:08,1,1,3925.0,2199
2022-09-19 20:51:09,6,-6,3924.75,2193
2022-09-19 20:51:12,1,1,3924.75,2194
2022-09-19 20:51:16,65,-16,3924.5,2178
2022-09-19 20:51:17,4,-2,3924.25,2176
2022-09-19 20:51:18,16,-1,3924.0,2175
2022-09-19 20:51:20,13,1,3924.0,2176
2022-09-19 20:51:22,10,0,3924.0,2176
2022-09-19 20:51:23,1,1,3924.0,2177
2022-09-19 20:51:26,8,4,3924.0,2181
2022-09-19 20:51:27,1,1,3924.25,2182
2022-09-19 20:51:28,1,-1,3924.25,2181
2022-09-19 20:51:29,2,-2,3924.25,2179
2022-09-19 20:51:31,2,0,3924.5,2179
2022-09-19 20:51:33,1,-1,3924.25,2178
2022-09-19 20:51:34,2,0,3924.25,2178
2022-09-19 20:51:35,1,1,3924.25,2179
2022-09-19 20:51:38,2,1,3924.25,2180
2022-09-19 20:51:43,1,1,3924.5,2181
2022-09-19 20:51:52,2,-2,3924.25,2179
2022-09-19 20:51:56,9,-2,3924.5,2177
2022-09-19 20:51:57,2,0,3924.5,2177
2022-09-19 20:52:00,4,2,3924.5,2179
2022-09-19 20:52:02,2,0,3924.75,2179
2022-09-19 20:52:05,2,-2,3924.25,2177
2022-09-19 20:52:07,2,-2,3924.25,2175
2022-09-19 20:52:09,2,-2,3924.0,2173
2022-09-19 20:52:11,31,-17,3924.0,2156
2022-09-19 20:52:12,2,-1,3924.0,2155
2022-09-19 20:52:13,2,0,3924.0,2155
2022-09-19 20:52:14,1,1,3924.0,2156
2022-09-19 20:52:19,3,-2,3924.0,2154
2022-09-19 20:52:23,1,-1,3924.0,2153
2022-09-19 20:52:25,10,-9,3924.0,2144
2022-09-19 20:52:27,1,-1,3924.0,2143
2022-09-19 20:52:29,2,2,3924.25,2145
2022-09-19 20:52:30,6,2,3924.5,2147
2022-09-19 20:52:31,1,1,3924.5,2148
2022-09-19 20:52:32,1,-1,3924.25,2147
2022-09-19 20:52:35,3,-3,3924.25,2144
2022-09-19 20:52:41,11,-8,3924.25,2136
2022-09-19 20:52:51,2,-2,3924.0,2134
2022-09-19 20:52:52,2,2,3924.25,2136
2022-09-19 20:52:54,1,-1,3924.0,2135
2022-09-19 20:52:55,3,-3,3924.0,2132
2022-09-19 20:52:56,5,4,3924.0,2136
2022-09-19 20:52:58,5,3,3924.0,2139
2022-09-19 20:53:00,2,0,3924.0,2139
2022-09-19 20:53:09,2,1,3924.0,2140
2022-09-19 20:53:10,1,1,3924.0,2141
2022-09-19 20:53:11,41,-22,3923.75,2119
2022-09-19 20:53:15,9,-6,3923.25,2113
2022-09-19 20:53:16,16,12,3923.75,2125
2022-09-19 20:53:17,10,-2,3924.0,2123
2022-09-19 20:53:18,2,0,3923.75,2123
2022-09-19 20:53:20,4,-4,3923.5,2119
2022-09-19 20:53:22,16,2,3923.75,2121
2022-09-19 20:53:23,1,1,3923.75,2122
2022-09-19 20:53:25,3,-3,3923.5,2119
2022-09-19 20:53:29,1,-1,3923.5,2118
2022-09-19 20:53:30,10,-7,3923.5,2111
2022-09-19 20:53:32,67,-21,3923.75,2090
2022-09-19 20:53:33,6,6,3923.75,2096
2022-09-19 20:53:35,1,-1,3923.75,2095
2022-09-19 20:53:37,5,-5,3923.75,2090
2022-09-19 20:53:38,10,5,3923.75,2095
2022-09-19 20:53:41,9,8,3924.0,2103
2022-09-19 20:53:42,3,3,3924.0,2106
2022-09-19 20:53:45,8,8,3924.25,2114
2022-09-19 20:53:50,2,2,3924.25,2116
2022-09-19 20:53:52,3,3,3924.25,2119
2022-09-19 20:53:53,9,8,3924.25,2127
2022-09-19 20:53:54,17,3,3924.5,2130
2022-09-19 20:53:55,3,3,3924.5,2133
2022-09-19 20:53:57,1,1,3924.5,2134
2022-09-19 20:53:59,1,1,3924.5,2135
2022-09-19 20:54:00,11,-3,3924.5,2132
2022-09-19 20:54:01,1,1,3924.5,2133
2022-09-19 20:54:03,3,3,3924.5,2136
2022-09-19 20:54:05,10,-8,3924.75,2128
2022-09-19 20:54:07,1,1,3924.5,2129
2022-09-19 20:54:08,12,5,3924.5,2134
2022-09-19 20:54:09,5,-5,3924.25,2129
2022-09-19 20:54:12,4,3,3924.5,2132
2022-09-19 20:54:15,14,6,3924.75,2138
2022-09-19 20:54:16,5,5,3924.75,2143
2022-09-19 20:54:17,4,2,3924.75,2145
2022-09-19 20:54:19,7,7,3925.0,2152
2022-09-19 20:54:20,20,-8,3924.75,2144
2022-09-19 20:54:21,6,2,3925.0,2146
2022-09-19 20:54:22,7,7,3925.0,2153
2022-09-19 20:54:25,10,6,3925.0,2159
2022-09-19 20:54:27,7,-4,3925.0,2155
2022-09-19 20:54:28,2,2,3925.0,2157
2022-09-19 20:54:29,7,-5,3925.25,2152
2022-09-19 20:54:34,1,1,3925.25,2153
2022-09-19 20:54:35,4,4,3925.25,2157
2022-09-19 20:54:36,2,0,3925.25,2157
2022-09-19 20:54:39,3,-1,3925.0,2156
2022-09-19 20:54:40,2,-2,3925.0,2154
2022-09-19 20:54:43,2,0,3925.25,2154
2022-09-19 20:54:44,2,2,3925.0,2156
2022-09-19 20:54:46,1,1,3925.0,2157
2022-09-19 20:54:49,3,3,3925.0,2160
2022-09-19 20:54:54,2,2,3925.0,2162
2022-09-19 20:55:00,9,3,3925.25,2165
2022-09-19 20:55:01,1,1,3925.25,2166
2022-09-19 20:55:02,4,4,3925.25,2170
2022-09-19 20:55:04,1,-1,3925.25,2169
2022-09-19 20:55:05,14,11,3925.5,2180
2022-09-19 20:55:06,8,-7,3925.25,2173
2022-09-19 20:55:07,2,2,3925.5,2175
2022-09-19 20:55:08,1,-1,3925.25,2174
2022-09-19 20:55:09,1,-1,3925.25,2173
2022-09-19 20:55:10,1,1,3925.5,2174
2022-09-19 20:55:13,2,1,3925.5,2175
2022-09-19 20:55:14,3,-3,3925.25,2172
2022-09-19 20:55:20,15,-4,3925.0,2168
2022-09-19 20:55:23,1,-1,3925.0,2167
2022-09-19 20:55:24,8,8,3925.25,2175
2022-09-19 20:55:26,3,-3,3925.25,2172
2022-09-19 20:55:27,1,1,3925.25,2173
2022-09-19 20:55:36,1,1,3925.5,2174
2022-09-19 20:55:38,12,8,3925.5,2182
2022-09-19 20:55:40,16,14,3925.75,2196
2022-09-19 20:55:42,8,-3,3925.75,2193
2022-09-19 20:55:43,1,1,3925.5,2194
2022-09-19 20:55:50,2,2,3925.5,2196
2022-09-19 20:55:55,1,-1,3925.25,2195
2022-09-19 20:55:56,1,1,3925.5,2196
2022-09-19 20:55:57,27,-11,3925.25,2185
2022-09-19 20:55:59,1,1,3925.25,2186
2022-09-19 20:56:00,3,-3,3925.25,2183
2022-09-19 20:56:02,7,-7,3925.0,2176
2022-09-19 20:56:04,1,1,3925.0,2177
2022-09-19 20:56:05,2,2,3925.0,2179
2022-09-19 20:56:06,13,-9,3924.75,2170
2022-09-19 20:56:08,3,3,3924.75,2173
2022-09-19 20:56:09,6,-4,3924.75,2169
2022-09-19 20:56:19,3,3,3924.75,2172
2022-09-19 20:56:23,1,-1,3924.75,2171
2022-09-19 20:56:24,4,-2,3924.75,2169
2022-09-19 20:56:28,2,2,3925.0,2171
2022-09-19 20:56:37,6,-6,3924.75,2165
2022-09-19 20:56:38,1,-1,3924.5,2164
2022-09-19 20:56:40,1,1,3924.75,2165
2022-09-19 20:56:42,1,1,3925.0,2166
2022-09-19 20:56:44,4,0,3924.75,2166
2022-09-19 20:56:45,1,-1,3924.75,2165
2022-09-19 20:56:50,6,6,3925.0,2171
2022-09-19 20:56:51,2,2,3925.0,2173
2022-09-19 20:56:52,2,2,3925.25,2175
2022-09-19 20:57:06,1,-1,3925.0,2174
2022-09-19 20:57:07,6,6,3925.5,2180
2022-09-19 20:57:08,1,1,3925.25,2181
2022-09-19 20:57:10,7,0,3925.5,2181
2022-09-19 20:57:13,3,-3,3925.25,2178
2022-09-19 20:57:16,1,-1,3925.25,2177
2022-09-19 20:57:17,2,0,3925.5,2177
2022-09-19 20:57:20,1,1,3925.25,2178
2022-09-19 20:57:21,1,1,3925.5,2179
2022-09-19 20:57:23,3,-2,3925.25,2177
2022-09-19 20:57:26,1,-1,3925.25,2176
2022-09-19 20:57:33,1,-1,3925.25,2175
2022-09-19 20:57:43,2,2,3925.25,2177
2022-09-19 20:57:46,1,1,3925.25,2178
2022-09-19 20:57:47,2,-2,3925.25,2176
2022-09-19 20:57:48,4,4,3925.5,2180
2022-09-19 20:57:49,5,5,3925.5,2185
2022-09-19 20:57:52,1,-1,3925.25,2184
2022-09-19 20:57:57,3,3,3925.5,2187
2022-09-19 20:57:58,2,2,3925.5,2189
2022-09-19 20:57:59,1,-1,3925.5,2188
2022-09-19 20:58:00,2,-2,3925.5,2186
2022-09-19 20:58:03,2,2,3925.5,2188
2022-09-19 20:58:04,2,2,3925.75,2190
2022-09-19 20:58:07,10,9,3925.75,2199
2022-09-19 20:58:08,5,-3,3925.75,2196
2022-09-19 20:58:11,2,2,3925.75,2198
2022-09-19 20:58:16,3,3,3925.75,2201
2022-09-19 20:58:20,4,-2,3925.75,2199
2022-09-19 20:58:22,3,1,3925.75,2200
2022-09-19 20:58:24,5,-4,3925.5,2196
2022-09-19 20:58:25,4,2,3925.75,2198
2022-09-19 20:58:27,1,-1,3925.75,2197
2022-09-19 20:58:29,1,-1,3925.75,2196
2022-09-19 20:58:33,1,-1,3925.5,2195
2022-09-19 20:58:36,1,-1,3925.5,2194
2022-09-19 20:58:44,4,4,3925.75,2198
2022-09-19 20:58:51,8,-1,3925.75,2197
2022-09-19 20:58:52,1,1,3925.75,2198
2022-09-19 20:58:53,1,1,3925.75,2199
2022-09-19 20:58:54,1,1,3925.75,2200
2022-09-19 20:58:55,8,4,3926.0,2204
2022-09-19 20:58:58,16,-12,3925.75,2192
2022-09-19 20:59:00,6,-2,3925.5,2190
2022-09-19 20:59:01,16,0,3925.5,2190
2022-09-19 20:59:07,1,-1,3925.5,2189
2022-09-19 20:59:09,4,-2,3925.5,2187
2022-09-19 20:59:12,2,2,3925.5,2189
2022-09-19 20:59:13,1,1,3925.5,2190
2022-09-19 20:59:15,1,-1,3925.25,2189
2022-09-19 20:59:22,1,1,3925.5,2190
2022-09-19 20:59:24,1,-1,3925.25,2189
2022-09-19 20:59:27,6,6,3925.5,2195
2022-09-19 20:59:31,3,-2,3925.5,2193
2022-09-19 20:59:35,4,-4,3925.25,2189
2022-09-19 20:59:39,2,1,3925.5,2190
2022-09-19 20:59:41,6,0,3925.25,2190
2022-09-19 20:59:56,7,4,3925.5,2194
2022-09-19 20:59:57,2,-2,3925.5,2192
2022-09-19 21:00:00,7,-4,3925.5,2188
2022-09-19 21:00:01,3,-1,3925.25,2187
2022-09-19 21:00:03,1,1,3925.5,2188
2022-09-19 21:00:07,2,2,3925.5,2190
2022-09-19 21:00:08,1,1,3925.5,2191
2022-09-19 21:00:14,1,1,3925.5,2192
2022-09-19 21:00:17,3,-3,3925.25,2189
2022-09-19 21:00:18,1,1,3925.25,2190
2022-09-19 21:00:19,4,4,3925.25,2194
2022-09-19 21:00:22,3,-3,3925.0,2191
2022-09-19 21:00:24,22,-18,3925.0,2173
2022-09-19 21:00:25,52,-14,3924.5,2159
2022-09-19 21:00:26,1,1,3924.5,2160
2022-09-19 21:00:31,12,-4,3924.5,2156
2022-09-19 21:00:32,10,-8,3924.5,2148
2022-09-19 21:00:33,4,4,3924.25,2152
2022-09-19 21:00:34,19,6,3924.75,2158
2022-09-19 21:00:35,1,1,3924.75,2159
2022-09-19 21:00:36,8,2,3924.75,2161
2022-09-19 21:00:39,1,-1,3924.5,2160
2022-09-19 21:00:40,4,4,3924.75,2164
2022-09-19 21:00:44,2,-2,3924.75,2162
2022-09-19 21:00:47,1,-1,3924.75,2161
2022-09-19 21:00:48,1,-1,3924.75,2160
2022-09-19 21:00:49,1,1,3924.75,2161
2022-09-19 21:00:58,2,-2,3924.5,2159
2022-09-19 21:00:59,1,-1,3924.5,2158
2022-09-19 21:01:00,44,-27,3924.5,2131
2022-09-19 21:01:01,4,-4,3924.25,2127
2022-09-19 21:01:02,14,0,3924.25,2127
2022-09-19 21:01:03,1,1,3924.5,2128
2022-09-19 21:01:04,7,-9,3924.25,2119
2022-09-19 21:01:05,10,-6,3924.0,2113
2022-09-19 21:01:06,1,1,3924.0,2114
2022-09-19 21:01:07,5,-5,3923.75,2109
2022-09-19 21:01:09,12,-1,3923.75,2108
2022-09-19 21:01:11,2,0,3923.75,2108
2022-09-19 21:01:12,14,3,3923.75,2111
2022-09-19 21:01:13,5,-1,3923.75,2110
2022-09-19 21:01:16,1,-1,3923.75,2109
2022-09-19 21:01:21,9,-9,3923.75,2100
2022-09-19 21:01:23,4,2,3923.75,2102
2022-09-19 21:01:26,2,-2,3923.75,2100
2022-09-19 21:01:27,6,-3,3923.75,2097
2022-09-19 21:01:28,2,2,3923.75,2099
2022-09-19 21:01:31,2,-2,3923.5,2097
2022-09-19 21:01:35,34,-16,3923.5,2081
2022-09-19 21:01:36,3,0,3923.5,2081
2022-09-19 21:01:37,6,6,3923.5,2087
2022-09-19 21:01:38,4,1,3923.5,2088
2022-09-19 21:01:39,4,-3,3923.25,2085
2022-09-19 21:01:41,7,-4,3923.5,2081
2022-09-19 21:01:45,1,-1,3923.25,2080
2022-09-19 21:01:46,1,1,3923.5,2081
2022-09-19 21:01:48,3,-3,3923.25,2078
2022-09-19 21:01:52,1,1,3923.5,2079
2022-09-19 21:01:54,1,1,3923.5,2080
2022-09-19 21:01:56,1,-1,3923.25,2079
2022-09-19 21:01:57,1,1,3923.5,2080
2022-09-19 21:01:58,10,9,3923.5,2089
2022-09-19 21:02:00,6,6,3924.0,2095
2022-09-19 21:02:02,1,1,3924.0,2096
2022-09-19 21:02:03,11,11,3924.0,2107
2022-09-19 21:02:07,11,8,3924.5,2115
2022-09-19 21:02:08,1,-1,3924.0,2114
2022-09-19 21:02:09,1,1,3924.25,2115
2022-09-19 21:02:10,2,-2,3924.0,2113
2022-09-19 21:02:11,4,-4,3924.0,2109
2022-09-19 21:02:17,6,-4,3924.0,2105
2022-09-19 21:02:22,10,9,3924.25,2114
2022-09-19 21:02:23,19,8,3924.5,2122
2022-09-19 21:02:28,2,2,3924.25,2124
2022-09-19 21:02:30,7,5,3924.5,2129
2022-09-19 21:02:31,2,2,3924.5,2131
2022-09-19 21:02:34,1,1,3924.5,2132
2022-09-19 21:02:38,6,-3,3924.25,2129
2022-09-19 21:02:46,17,-27,3924.0,2102
2022-09-19 21:02:47,12,8,3924.0,2110
2022-09-19 21:02:49,5,-1,3924.0,2109
2022-09-19 21:02:55,10,-4,3923.75,2105
2022-09-19 21:02:57,3,-3,3923.75,2102
2022-09-19 21:03:01,1,-1,3923.75,2101
2022-09-19 21:03:02,13,10,3924.0,2111
2022-09-19 21:03:03,5,5,3924.25,2116
2022-09-19 21:03:05,6,2,3924.25,2118
2022-09-19 21:03:10,1,1,3924.25,2119
2022-09-19 21:03:13,1,1,3924.25,2120
2022-09-19 21:03:18,1,-1,3924.0,2119
2022-09-19 21:03:25,13,10,3924.25,2129
2022-09-19 21:03:33,1,-1,3924.25,2128
2022-09-19 21:03:35,20,-13,3924.25,2115
2022-09-19 21:03:37,1,1,3924.25,2116
2022-09-19 21:03:38,7,5,3924.25,2121
2022-09-19 21:03:39,3,-1,3924.25,2120
2022-09-19 21:03:48,3,-1,3924.0,2119
2022-09-19 21:03:49,39,-16,3924.0,2103
2022-09-19 21:03:50,6,-6,3923.75,2097
2022-09-19 21:03:51,3,-3,3923.75,2094
2022-09-19 21:03:54,3,0,3924.0,2094
2022-09-19 21:03:58,16,7,3924.0,2101
2022-09-19 21:04:01,6,6,3924.25,2107
2022-09-19 21:04:02,3,-3,3924.25,2104
2022-09-19 21:04:08,1,1,3924.0,2105
2022-09-19 21:04:10,3,1,3924.25,2106
2022-09-19 21:04:12,1,1,3924.25,2107
2022-09-19 21:04:14,4,4,3924.25,2111
2022-09-19 21:04:15,4,1,3924.25,2112
2022-09-19 21:04:16,1,-1,3924.25,2111
2022-09-19 21:04:18,1,1,3924.25,2112
2022-09-19 21:04:21,2,2,3924.5,2114
2022-09-19 21:04:22,3,3,3924.5,2117
2022-09-19 21:04:23,2,-2,3924.25,2115
2022-09-19 21:04:25,18,17,3924.75,2132
2022-09-19 21:04:27,1,1,3924.75,2133
2022-09-19 21:04:28,1,1,3924.75,2134
2022-09-19 21:04:31,11,11,3925.0,2145
2022-09-19 21:04:34,6,-4,3924.75,2141
2022-09-19 21:04:35,1,1,3925.0,2142
2022-09-19 21:04:36,1,1,3924.75,2143
2022-09-19 21:04:39,1,-1,3924.75,2142
2022-09-19 21:04:40,5,-5,3924.5,2137
2022-09-19 21:04:43,1,-1,3924.5,2136
2022-09-19 21:04:45,3,-3,3924.25,2133
2022-09-19 21:04:46,25,18,3924.75,2151
2022-09-19 21:04:49,5,0,3924.5,2151
2022-09-19 21:04:53,2,2,3924.5,2153
2022-09-19 21:04:58,1,1,3924.5,2154
2022-09-19 21:05:01,7,1,3924.75,2155
2022-09-19 21:05:06,6,-6,3924.5,2149
2022-09-19 21:05:07,1,1,3924.5,2150
2022-09-19 21:05:09,1,1,3924.5,2151
2022-09-19 21:05:10,1,-1,3924.25,2150
2022-09-19 21:05:12,10,3,3924.5,2153
2022-09-19 21:05:13,1,-1,3924.5,2152
2022-09-19 21:05:16,4,6,3924.75,2158
2022-09-19 21:05:17,1,1,3924.75,2159
2022-09-19 21:05:19,1,1,3925.0,2160
2022-09-19 21:05:23,1,1,3925.0,2161
2022-09-19 21:05:26,2,0,3925.0,2161
2022-09-19 21:05:29,1,1,3925.0,2162
2022-09-19 21:05:30,4,-2,3925.0,2160
2022-09-19 21:05:32,6,-5,3924.75,2155
2022-09-19 21:05:33,2,2,3925.0,2157
2022-09-19 21:05:35,4,0,3925.0,2157
2022-09-19 21:05:39,3,-1,3925.0,2156
2022-09-19 21:05:42,20,16,3925.25,2172
2022-09-19 21:05:44,9,-9,3925.0,2163
2022-09-19 21:05:46,1,1,3925.0,2164
2022-09-19 21:05:47,1,1,3925.0,2165
2022-09-19 21:05:49,6,4,3925.0,2169
2022-09-19 21:05:50,1,1,3925.0,2170
2022-09-19 21:05:51,13,-8,3924.75,2162
2022-09-19 21:05:52,9,3,3925.0,2165
2022-09-19 21:05:55,1,-1,3925.0,2164
2022-09-19 21:05:56,3,3,3925.25,2167
2022-09-19 21:05:57,16,-9,3925.0,2158
2022-09-19 21:05:58,24,8,3925.25,2166
2022-09-19 21:05:59,1,-1,3925.0,2165
2022-09-19 21:06:01,16,0,3925.25,2165
2022-09-19 21:06:03,1,-1,3925.25,2164
2022-09-19 21:06:04,23,-9,3925.25,2155
2022-09-19 21:06:05,4,4,3925.0,2159
2022-09-19 21:06:06,2,2,3925.0,2161
2022-09-19 21:06:07,4,0,3925.25,2161
2022-09-19 21:06:08,6,-5,3924.75,2156
2022-09-19 21:06:10,1,1,3925.0,2157
2022-09-19 21:06:11,1,-1,3924.75,2156
2022-09-19 21:06:12,6,-5,3924.75,2151
2022-09-19 21:06:13,3,3,3924.75,2154
2022-09-19 21:06:17,1,1,3924.75,2155
2022-09-19 21:06:18,1,1,3925.0,2156
2022-09-19 21:06:20,8,8,3925.0,2164
2022-09-19 21:06:21,2,2,3925.25,2166
2022-09-19 21:06:22,6,2,3925.25,2168
2022-09-19 21:06:23,2,-2,3925.25,2166
2022-09-19 21:06:24,17,-31,3925.25,2135
2022-09-19 21:06:27,1,1,3925.25,2136
2022-09-19 21:06:32,10,-9,3925.0,2127
2022-09-19 21:06:33,1,-1,3924.75,2126
2022-09-19 21:06:34,8,5,3925.0,2131
2022-09-19 21:06:35,1,1,3924.75,2132
2022-09-19 21:06:38,2,2,3924.75,2134
2022-09-19 21:06:39,1,-1,3924.75,2133
2022-09-19 21:06:40,1,-1,3924.5,2132
2022-09-19 21:06:42,9,2,3924.75,2134
2022-09-19 21:06:46,3,-3,3924.5,2131
2022-09-19 21:06:49,1,-1,3924.5,2130
2022-09-19 21:06:50,1,-1,3924.5,2129
2022-09-19 21:06:51,1,-1,3924.5,2128
2022-09-19 21:06:57,2,2,3924.75,2130
2022-09-19 21:07:04,2,0,3924.75,2130
2022-09-19 21:07:05,5,5,3924.75,2135
2022-09-19 21:07:11,23,-10,3924.5,2125
2022-09-19 21:07:12,3,-3,3924.25,2122
2022-09-19 21:07:14,4,-1,3924.25,2121
2022-09-19 21:07:15,5,-1,3924.25,2120
2022-09-19 21:07:18,2,0,3924.25,2120
2022-09-19 21:07:21,11,-9,3924.0,2111
2022-09-19 21:07:23,4,0,3924.0,2111
2022-09-19 21:07:25,5,1,3924.0,2112
2022-09-19 21:07:26,2,0,3924.0,2112
2022-09-19 21:07:28,1,-1,3923.75,2111
2022-09-19 21:07:29,5,1,3924.0,2112
2022-09-19 21:07:30,4,2,3924.0,2114
2022-09-19 21:07:32,10,-19,3924.0,2095
2022-09-19 21:07:33,2,-2,3923.75,2093
2022-09-19 21:07:36,4,-2,3923.75,2091
2022-09-19 21:07:38,6,-6,3923.75,2085
2022-09-19 21:07:41,13,4,3923.75,2089
2022-09-19 21:07:47,2,-2,3923.75,2087
2022-09-19 21:07:49,15,-9,3923.75,2078
2022-09-19 21:07:53,3,1,3923.75,2079
2022-09-19 21:07:54,8,1,3923.75,2080
2022-09-19 21:07:56,1,-1,3923.75,2079
2022-09-19 21:07:58,2,-2,3923.75,2077
2022-09-19 21:08:01,2,-2,3923.75,2075
2022-09-19 21:08:02,10,11,3924.25,2086
2022-09-19 21:08:05,5,-1,3924.25,2085
2022-09-19 21:08:07,1,1,3924.25,2086
2022-09-19 21:08:08,1,1,3924.25,2087
2022-09-19 21:08:11,7,5,3924.25,2092
2022-09-19 21:08:13,6,3,3924.5,2095
2022-09-19 21:08:14,1,1,3924.5,2096
2022-09-19 21:08:16,1,1,3924.5,2097
2022-09-19 21:08:17,1,-1,3924.25,2096
2022-09-19 21:08:19,1,1,3924.5,2097
2022-09-19 21:08:32,1,-1,3924.25,2096
2022-09-19 21:08:33,14,-9,3924.25,2087
2022-09-19 21:08:34,1,1,3924.5,2088
2022-09-19 21:08:38,11,10,3924.5,2098
2022-09-19 21:08:39,20,9,3925.0,2107
2022-09-19 21:08:40,1,1,3924.75,2108
2022-09-19 21:08:42,10,-8,3924.5,2100
2022-09-19 21:08:43,4,-3,3924.5,2097
2022-09-19 21:08:45,27,-26,3924.5,2071
2022-09-19 21:08:47,12,-1,3924.5,2070
2022-09-19 21:08:48,1,1,3924.5,2071
2022-09-19 21:08:52,1,1,3924.5,2072
2022-09-19 21:08:53,2,-2,3924.5,2070
2022-09-19 21:08:56,1,-1,3924.25,2069
2022-09-19 21:09:01,13,-7,3924.25,2062
2022-09-19 21:09:05,3,-3,3924.0,2059
2022-09-19 21:09:06,1,-1,3924.0,2058
2022-09-19 21:09:08,2,-2,3924.0,2056
2022-09-19 21:09:09,15,-15,3924.0,2041
2022-09-19 21:09:10,1,1,3924.0,2042
2022-09-19 21:09:14,1,-1,3923.75,2041
2022-09-19 21:09:15,3,1,3924.0,2042
2022-09-19 21:09:17,1,-1,3923.75,2041
2022-09-19 21:09:21,1,-1,3923.75,2040
2022-09-19 21:09:27,7,-5,3923.75,2035
2022-09-19 21:09:30,22,-5,3923.75,2030
2022-09-19 21:09:31,16,4,3923.75,2034
2022-09-19 21:09:32,1,1,3923.75,2035
2022-09-19 21:09:33,2,2,3923.75,2037
2022-09-19 21:09:49,17,15,3924.0,2052
2022-09-19 21:09:52,5,5,3924.25,2057
2022-09-19 21:09:53,4,0,3924.25,2057
2022-09-19 21:09:54,1,1,3924.25,2058
2022-09-19 21:10:00,2,2,3924.5,2060
2022-09-19 21:10:01,5,2,3924.25,2062
2022-09-19 21:10:09,4,4,3924.5,2066
2022-09-19 21:10:10,8,-7,3924.25,2059
2022-09-19 21:10:11,12,3,3924.5,2062
2022-09-19 21:10:12,2,-2,3924.25,2060
2022-09-19 21:10:18,5,-1,3924.5,2059
2022-09-19 21:10:20,7,7,3924.75,2066
2022-09-19 21:10:24,6,4,3925.0,2070
2022-09-19 21:10:25,2,2,3925.0,2072
2022-09-19 21:10:30,1,-1,3924.75,2071
2022-09-19 21:10:32,6,-3,3924.75,2068
2022-09-19 21:10:37,5,5,3925.0,2073
2022-09-19 21:10:39,3,3,3925.0,2076
2022-09-19 21:10:40,6,-4,3924.75,2072
2022-09-19 21:10:41,1,1,3924.75,2073
2022-09-19 21:10:45,8,0,3925.0,2073
2022-09-19 21:10:46,1,1,3925.0,2074
2022-09-19 21:10:48,1,1,3925.0,2075
2022-09-19 21:10:51,5,-4,3924.75,2071
2022-09-19 21:10:52,1,1,3924.75,2072
2022-09-19 21:10:53,1,1,3924.75,2073
2022-09-19 21:10:56,18,-13,3924.5,2060
2022-09-19 21:10:59,4,4,3924.75,2064
2022-09-19 21:11:01,3,1,3924.75,2065
2022-09-19 21:11:10,5,-5,3924.5,2060
2022-09-19 21:11:11,1,1,3924.5,2061
2022-09-19 21:11:13,3,1,3924.5,2062
2022-09-19 21:11:25,1,-1,3924.5,2061
2022-09-19 21:11:26,10,-4,3924.5,2057
2022-09-19 21:11:27,1,1,3924.5,2058
2022-09-19 21:11:29,1,1,3924.75,2059
2022-09-19 21:11:32,33,15,3925.0,2074
2022-09-19 21:11:35,9,5,3925.0,2079
2022-09-19 21:11:38,4,-3,3924.75,2076
2022-09-19 21:11:48,7,-4,3924.5,2072
2022-09-19 21:11:51,4,2,3924.5,2074
2022-09-19 21:11:53,3,-3,3924.25,2071
2022-09-19 21:11:55,1,1,3924.5,2072
2022-09-19 21:12:06,1,-1,3924.5,2071
2022-09-19 21:12:10,4,2,3924.75,2073
2022-09-19 21:12:11,1,1,3925.0,2074
2022-09-19 21:12:13,2,0,3924.75,2074
2022-09-19 21:12:15,7,1,3924.5,2075
2022-09-19 21:12:16,1,-1,3924.5,2074
2022-09-19 21:12:17,10,-19,3924.5,2055
2022-09-19 21:12:18,2,2,3924.5,2057
2022-09-19 21:12:19,1,-1,3924.5,2056
2022-09-19 21:12:21,2,2,3924.5,2058
2022-09-19 21:12:24,2,0,3924.5,2058
2022-09-19 21:12:33,5,-2,3924.5,2056
2022-09-19 21:12:34,1,1,3924.5,2057
2022-09-19 21:12:36,9,-1,3924.25,2056
2022-09-19 21:12:37,14,-7,3924.0,2049
2022-09-19 21:12:40,11,-8,3924.0,2041
2022-09-19 21:12:41,28,-17,3923.75,2024
2022-09-19 21:12:42,1,-1,3923.75,2023
2022-09-19 21:12:45,9,-5,3923.75,2018
2022-09-19 21:12:47,1,1,3923.75,2019
2022-09-19 21:12:49,17,-5,3923.5,2014
2022-09-19 21:12:50,5,5,3923.5,2019
2022-09-19 21:12:51,18,-2,3923.5,2017
2022-09-19 21:12:53,44,-13,3923.5,2004
2022-09-19 21:12:54,3,3,3923.5,2007
2022-09-19 21:12:55,23,-8,3923.25,1999
2022-09-19 21:12:56,14,6,3923.5,2005
2022-09-19 21:12:57,14,-13,3923.0,1992
2022-09-19 21:12:58,3,-3,3923.0,1989
2022-09-19 21:12:59,2,-2,3923.0,1987
2022-09-19 21:13:00,11,-5,3923.25,1982
2022-09-19 21:13:02,117,-117,3923.0,1865
2022-09-19 21:13:03,1,1,3923.0,1866
2022-09-19 21:13:06,15,-10,3923.0,1856
2022-09-19 21:13:07,8,8,3922.75,1864
2022-09-19 21:13:08,56,-45,3922.75,1819
2022-09-19 21:13:09,1,1,3922.75,1820
2022-09-19 21:13:10,1,1,3922.75,1821
2022-09-19 21:13:11,1,-1,3922.5,1820
2022-09-19 21:13:13,11,9,3922.75,1829
2022-09-19 21:13:14,2,2,3923.0,1831
2022-09-19 21:13:15,2,2,3923.0,1833
2022-09-19 21:13:17,1,-1,3922.75,1832
2022-09-19 21:13:19,1,-1,3922.75,1831
2022-09-19 21:13:20,2,1,3923.0,1832
2022-09-19 21:13:21,10,-4,3922.75,1828
2022-09-19 21:13:22,1,1,3922.75,1829
2022-09-19 21:13:23,3,3,3922.75,1832
2022-09-19 21:13:26,32,6,3923.0,1838
2022-09-19 21:13:27,1,-1,3922.75,1837
2022-09-19 21:13:31,1,-1,3922.75,1836
2022-09-19 21:13:32,1,1,3923.0,1837
2022-09-19 21:13:33,1,1,3923.0,1838
2022-09-19 21:13:34,26,-15,3922.75,1823
2022-09-19 21:13:35,50,12,3923.0,1835
2022-09-19 21:13:36,6,-6,3923.0,1829
2022-09-19 21:13:38,1,1,3923.0,1830
2022-09-19 21:13:40,1,-1,3922.75,1829
2022-09-19 21:13:42,7,5,3922.75,1834
2022-09-19 21:13:43,2,2,3922.75,1836
2022-09-19 21:13:45,28,-16,3922.5,1820
2022-09-19 21:13:46,21,-10,3922.25,1810
2022-09-19 21:13:47,8,4,3922.5,1814
2022-09-19 21:13:48,6,-1,3922.75,1813
2022-09-19 21:13:49,2,2,3923.0,1815
2022-09-19 21:13:51,23,0,3923.25,1815
2022-09-19 21:13:52,4,-2,3923.25,1813
2022-09-19 21:13:54,2,1,3923.0,1814
2022-09-19 21:13:56,5,2,3923.0,1816
2022-09-19 21:13:57,1,1,3923.0,1817
2022-09-19 21:13:59,1,1,3923.0,1818
2022-09-19 21:14:01,7,-6,3922.75,1812
2022-09-19 21:14:02,40,-2,3923.0,1810
2022-09-19 21:14:07,5,0,3922.75,1810
2022-09-19 21:14:08,6,4,3922.75,1814
2022-09-19 21:14:13,5,3,3923.0,1817
2022-09-19 21:14:14,20,4,3923.25,1821
2022-09-19 21:14:16,5,4,3923.25,1825
2022-09-19 21:14:18,10,-9,3923.25,1816
2022-09-19 21:14:21,5,5,3923.25,1821
2022-09-19 21:14:24,1,-1,3923.25,1820
2022-09-19 21:14:25,2,-2,3923.0,1818
2022-09-19 21:14:27,6,-3,3923.25,1815
2022-09-19 21:14:32,3,2,3923.25,1817
2022-09-19 21:14:33,7,-6,3923.25,1811
2022-09-19 21:14:34,6,6,3923.25,1817
2022-09-19 21:14:38,11,6,3923.75,1823
2022-09-19 21:14:40,1,1,3923.5,1824
2022-09-19 21:14:41,1,-1,3923.25,1823
2022-09-19 21:14:45,1,1,3923.5,1824
2022-09-19 21:14:46,17,13,3923.75,1837
2022-09-19 21:14:47,3,-1,3923.5,1836
2022-09-19 21:14:48,5,5,3923.5,1841
2022-09-19 21:14:50,1,-1,3923.5,1840
2022-09-19 21:14:51,1,-1,3923.5,1839
2022-09-19 21:14:52,1,1,3923.75,1840
2022-09-19 21:14:54,4,0,3923.5,1840
2022-09-19 21:14:56,1,-1,3923.25,1839
2022-09-19 21:14:58,1,-1,3923.25,1838
2022-09-19 21:15:00,10,3,3923.5,1841
2022-09-19 21:15:02,1,1,3923.5,1842
2022-09-19 21:15:03,41,-11,3923.25,1831
2022-09-19 21:15:04,14,3,3923.0,1834
2022-09-19 21:15:06,4,-4,3923.0,1830
2022-09-19 21:15:13,14,-1,3923.0,1829
2022-09-19 21:15:15,3,-3,3923.0,1826
2022-09-19 21:15:16,6,6,3923.0,1832
2022-09-19 21:15:17,2,-2,3923.0,1830
2022-09-19 21:15:20,1,1,3923.0,1831
2022-09-19 21:15:21,8,-5,3922.75,1826
2022-09-19 21:15:22,3,3,3922.75,1829
2022-09-19 21:15:24,19,-8,3922.5,1821
2022-09-19 21:15:26,15,-5,3922.5,1816
2022-09-19 21:15:27,14,5,3922.5,1821
2022-09-19 21:15:28,8,4,3922.5,1825
2022-09-19 21:15:29,1,1,3922.5,1826
2022-09-19 21:15:31,11,5,3922.75,1831
2022-09-19 21:15:32,1,-1,3922.5,1830
2022-09-19 21:15:36,21,17,3923.0,1847
2022-09-19 21:15:37,7,0,3923.0,1847
2022-09-19 21:15:41,1,-1,3922.75,1846
2022-09-19 21:15:42,5,0,3922.75,1846
2022-09-19 21:15:46,3,3,3922.75,1849
2022-09-19 21:15:47,3,-1,3922.75,1848
2022-09-19 21:15:50,2,2,3923.0,1850
2022-09-19 21:15:51,1,-1,3922.75,1849
2022-09-19 21:15:52,2,-2,3922.75,1847
2022-09-19 21:15:53,1,1,3922.75,1848
2022-09-19 21:15:56,1,-1,3922.75,1847
2022-09-19 21:15:58,4,0,3922.75,1847
2022-09-19 21:15:59,11,6,3923.0,1853
2022-09-19 21:16:00,4,4,3923.0,1857
2022-09-19 21:16:01,14,-10,3923.0,1847
2022-09-19 21:16:02,1,1,3923.0,1848
2022-09-19 21:16:03,2,0,3923.0,1848
2022-09-19 21:16:05,1,-1,3923.0,1847
2022-09-19 21:16:07,1,-1,3923.0,1846
2022-09-19 21:16:12,1,1,3923.25,1847
2022-09-19 21:16:13,6,4,3923.25,1851
2022-09-19 21:16:15,10,-10,3923.0,1841
2022-09-19 21:16:16,1,1,3923.25,1842
2022-09-19 21:16:17,7,5,3923.25,1847
2022-09-19 21:16:19,10,-9,3923.0,1838
2022-09-19 21:16:25,2,0,3923.25,1838
2022-09-19 21:16:26,7,1,3923.5,1839
2022-09-19 21:16:27,2,-2,3923.25,1837
2022-09-19 21:16:28,1,1,3923.5,1838
2022-09-19 21:16:32,6,-6,3923.25,1832
2022-09-19 21:16:34,1,-1,3923.0,1831
2022-09-19 21:16:35,1,-1,3923.0,1830
2022-09-19 21:16:37,5,5,3923.25,1835
2022-09-19 21:16:39,1,-1,3923.0,1834
2022-09-19 21:16:44,1,-1,3923.0,1833
2022-09-19 21:16:46,7,-3,3923.0,1830
2022-09-19 21:16:47,1,-1,3923.0,1829
2022-09-19 21:16:48,1,1,3923.0,1830
2022-09-19 21:16:49,3,3,3923.25,1833
2022-09-19 21:16:52,2,0,3923.5,1833
2022-09-19 21:16:53,4,-4,3923.25,1829
2022-09-19 21:16:56,5,-5,3923.0,1824
2022-09-19 21:16:59,3,-3,3922.75,1821
2022-09-19 21:17:00,11,-1,3922.75,1820
2022-09-19 21:17:01,5,-1,3922.25,1819
2022-09-19 21:17:02,2,-1,3922.25,1818
2022-09-19 21:17:04,82,-51,3922.5,1767
2022-09-19 21:17:05,1,1,3922.0,1768
2022-09-19 21:17:07,9,5,3922.0,1773
2022-09-19 21:17:11,4,-2,3922.0,1771
2022-09-19 21:17:12,3,3,3922.25,1774
2022-09-19 21:17:14,4,0,3922.0,1774
2022-09-19 21:17:15,2,-2,3921.75,1772
2022-09-19 21:17:16,7,-1,3921.75,1771
2022-09-19 21:17:17,4,-2,3921.75,1769
2022-09-19 21:17:18,12,7,3921.75,1776
2022-09-19 21:17:19,2,0,3921.75,1776
2022-09-19 21:17:20,13,-2,3921.75,1774
2022-09-19 21:17:21,1,-1,3921.5,1773
2022-09-19 21:17:23,4,-4,3921.5,1769
2022-09-19 21:17:24,7,-7,3921.25,1762
2022-09-19 21:17:25,2,2,3921.5,1764
2022-09-19 21:17:27,2,2,3921.5,1766
2022-09-19 21:17:29,3,2,3921.75,1768
2022-09-19 21:17:30,1,-1,3921.5,1767
2022-09-19 21:17:31,1,1,3921.5,1768
2022-09-19 21:17:32,2,2,3921.5,1770
2022-09-19 21:17:33,2,0,3921.5,1770
2022-09-19 21:17:35,1,-1,3921.25,1769
2022-09-19 21:17:36,33,-2,3921.5,1767
2022-09-19 21:17:37,1,1,3921.5,1768
2022-09-19 21:17:38,4,2,3921.25,1770
2022-09-19 21:17:39,23,-18,3921.0,1752
2022-09-19 21:17:40,58,65,3921.5,1817
2022-09-19 21:17:41,6,0,3921.0,1817
2022-09-19 21:17:42,13,-10,3921.0,1807
2022-09-19 21:17:43,6,2,3921.0,1809
2022-09-19 21:17:44,2,-2,3921.0,1807
2022-09-19 21:17:45,5,-5,3921.0,1802
2022-09-19 21:17:46,6,-6,3921.0,1796
2022-09-19 21:17:47,24,7,3921.0,1803
2022-09-19 21:17:49,10,3,3921.0,1806
2022-09-19 21:17:50,3,3,3921.25,1809
2022-09-19 21:17:53,5,-3,3921.0,1806
2022-09-19 21:17:54,4,-3,3921.0,1803
2022-09-19 21:17:57,33,-2,3921.25,1801
2022-09-19 21:17:58,7,-1,3921.0,1800
2022-09-19 21:18:00,10,9,3921.25,1809
2022-09-19 21:18:01,1,1,3921.25,1810
2022-09-19 21:18:02,4,-2,3921.0,1808
2022-09-19 21:18:05,6,4,3921.0,1812
2022-09-19 21:18:06,3,-3,3921.0,1809
2022-09-19 21:18:07,28,-5,3920.75,1804
2022-09-19 21:18:09,9,-7,3920.75,1797
2022-09-19 21:18:10,6,5,3920.75,1802
2022-09-19 21:18:11,33,-27,3920.5,1775
2022-09-19 21:18:12,15,-12,3920.5,1763
2022-09-19 21:18:13,14,-7,3920.25,1756
2022-09-19 21:18:14,1,-1,3920.0,1755
2022-09-19 21:18:15,13,9,3920.25,1764
2022-09-19 21:18:16,23,5,3920.5,1769
2022-09-19 21:18:17,6,2,3920.5,1771
2022-09-19 21:18:18,24,4,3921.0,1775
2022-09-19 21:18:19,4,4,3921.25,1779
2022-09-19 21:18:20,1,-1,3921.0,1778
2022-09-19 21:18:21,21,-8,3921.0,1770
2022-09-19 21:18:22,29,4,3920.25,1774
2022-09-19 21:18:23,5,5,3920.25,1779
2022-09-19 21:18:24,2,-2,3920.25,1777
2022-09-19 21:18:26,1,-1,3920.25,1776
2022-09-19 21:18:27,2,2,3920.5,1778
2022-09-19 21:18:28,1,1,3920.5,1779
2022-09-19 21:18:29,30,5,3920.25,1784
2022-09-19 21:18:30,12,6,3920.5,1790
2022-09-19 21:18:32,1,1,3920.5,1791
2022-09-19 21:18:33,1,-1,3920.25,1790
2022-09-19 21:18:35,1,-1,3920.25,1789
2022-09-19 21:18:37,2,0,3920.5,1789
2022-09-19 21:18:38,2,2,3920.5,1791
2022-09-19 21:18:40,3,3,3920.5,1794
2022-09-19 21:18:41,1,1,3920.5,1795
2022-09-19 21:18:42,11,9,3920.5,1804
2022-09-19 21:18:43,1,-1,3920.25,1803
2022-09-19 21:18:49,42,30,3920.5,1833
2022-09-19 21:18:50,3,1,3920.5,1834
2022-09-19 21:18:52,5,1,3920.75,1835
2022-09-19 21:18:53,1,1,3920.75,1836
2022-09-19 21:18:54,33,15,3921.0,1851
2022-09-19 21:18:58,17,6,3921.0,1857
2022-09-19 21:19:00,19,-8,3920.75,1849
2022-09-19 21:19:01,108,-7,3920.75,1842
2022-09-19 21:19:02,1,1,3920.5,1843
2022-09-19 21:19:03,7,1,3920.25,1844
2022-09-19 21:19:04,6,4,3920.5,1848
2022-09-19 21:19:05,2,-2,3920.25,1846
2022-09-19 21:19:06,2,-2,3920.25,1844
2022-09-19 21:19:07,18,13,3920.75,1857
2022-09-19 21:19:08,1,1,3921.0,1858
2022-09-19 21:19:09,3,-3,3920.75,1855
2022-09-19 21:19:10,2,2,3920.75,1857
2022-09-19 21:19:12,1,1,3921.0,1858
2022-09-19 21:19:13,2,2,3921.0,1860
2022-09-19 21:19:15,1,-1,3920.75,1859
2022-09-19 21:19:17,12,6,3921.0,1865
2022-09-19 21:19:21,6,5,3921.0,1870
2022-09-19 21:19:23,1,1,3921.25,1871
2022-09-19 21:19:27,1,1,3921.25,1872
2022-09-19 21:19:28,6,5,3921.25,1877
2022-09-19 21:19:29,3,-3,3921.0,1874
2022-09-19 21:19:30,4,4,3921.0,1878
2022-09-19 21:19:31,1,1,3921.0,1879
2022-09-19 21:19:32,1,1,3921.0,1880
2022-09-19 21:19:34,7,-7,3920.75,1873
2022-09-19 21:19:36,7,3,3920.75,1876
2022-09-19 21:19:38,25,16,3921.0,1892
2022-09-19 21:19:40,4,2,3921.0,1894
2022-09-19 21:19:43,3,-3,3920.5,1891
2022-09-19 21:19:46,35,-35,3920.5,1856
2022-09-19 21:19:47,17,12,3920.5,1868
2022-09-19 21:19:48,6,-5,3920.5,1863
2022-09-19 21:19:50,13,-7,3920.5,1856
2022-09-19 21:19:52,3,1,3920.5,1857
2022-09-19 21:19:53,3,-3,3920.5,1854
2022-09-19 21:19:54,2,-2,3920.25,1852
2022-09-19 21:19:55,2,0,3920.5,1852
2022-09-19 21:19:57,1,1,3920.5,1853
2022-09-19 21:19:58,8,-2,3920.5,1851
2022-09-19 21:20:00,19,4,3920.75,1855
2022-09-19 21:20:01,12,-6,3920.75,1849
2022-09-19 21:20:03,1,-1,3920.5,1848
2022-09-19 21:20:05,1,1,3920.75,1849
2022-09-19 21:20:06,2,0,3920.75,1849
2022-09-19 21:20:07,8,8,3921.0,1857
2022-09-19 21:20:08,23,-7,3920.75,1850
2022-09-19 21:20:09,11,9,3921.0,1859
2022-09-19 21:20:10,1,-1,3920.75,1858
2022-09-19 21:20:11,5,5,3921.0,1863
2022-09-19 21:20:12,1,1,3921.0,1864
2022-09-19 21:20:13,4,0,3921.0,1864
2022-09-19 21:20:14,2,2,3921.25,1866
2022-09-19 21:20:16,2,2,3921.25,1868
2022-09-19 21:20:19,6,-2,3921.25,1866
2022-09-19 21:20:20,2,2,3921.0,1868
2022-09-19 21:20:21,2,2,3921.0,1870
2022-09-19 21:20:22,2,0,3921.0,1870
2022-09-19 21:20:25,5,-5,3920.75,1865
2022-09-19 21:20:26,10,15,3921.25,1880
2022-09-19 21:20:27,7,-6,3921.0,1874
2022-09-19 21:20:28,2,2,3921.25,1876
2022-09-19 21:20:32,1,1,3921.25,1877
2022-09-19 21:20:33,4,4,3921.25,1881
2022-09-19 21:20:34,6,-4,3921.25,1877
2022-09-19 21:20:36,2,-1,3921.0,1876
2022-09-19 21:20:37,1,1,3921.25,1877
2022-09-19 21:20:38,3,2,3921.25,1879
2022-09-19 21:20:39,3,1,3921.5,1880
2022-09-19 21:20:41,16,6,3921.5,1886
2022-09-19 21:20:42,1,1,3921.5,1887
2022-09-19 21:20:43,6,6,3921.5,1893
2022-09-19 21:20:45,3,3,3921.75,1896
2022-09-19 21:20:46,2,-2,3921.5,1894
2022-09-19 21:20:47,1,-1,3921.25,1893
2022-09-19 21:20:52,3,-3,3921.25,1890
2022-09-19 21:20:55,2,2,3921.5,1892
2022-09-19 21:20:58,7,-6,3921.25,1886
2022-09-19 21:21:01,5,3,3921.25,1889
2022-09-19 21:21:02,1,1,3921.25,1890
2022-09-19 21:21:03,4,-2,3921.0,1888
2022-09-19 21:21:04,3,-1,3921.0,1887
2022-09-19 21:21:05,1,1,3921.0,1888
2022-09-19 21:21:06,4,4,3921.0,1892
2022-09-19 21:21:09,13,-9,3920.75,1883
2022-09-19 21:21:10,26,-22,3920.5,1861
2022-09-19 21:21:11,6,-6,3920.25,1855
2022-09-19 21:21:12,8,-7,3920.25,1848
2022-09-19 21:21:13,6,-3,3920.25,1845
2022-09-19 21:21:14,9,5,3920.25,1850
2022-09-19 21:21:20,1,1,3920.5,1851
2022-09-19 21:21:21,12,7,3920.5,1858
2022-09-19 21:21:22,3,1,3920.75,1859
2022-09-19 21:21:23,1,1,3920.75,1860
2022-09-19 21:21:26,10,-8,3920.5,1852
2022-09-19 21:21:28,3,-1,3920.5,1851
2022-09-19 21:21:30,14,-11,3920.25,1840
2022-09-19 21:21:34,1,1,3920.5,1841
2022-09-19 21:21:35,1,-1,3920.25,1840
2022-09-19 21:21:36,4,3,3920.5,1843
2022-09-19 21:21:37,14,2,3920.25,1845
2022-09-19 21:21:38,35,-20,3920.0,1825
2022-09-19 21:21:40,14,-10,3920.0,1815
2022-09-19 21:21:42,54,-8,3920.0,1807
2022-09-19 21:21:43,4,-2,3919.75,1805
2022-09-19 21:21:44,5,-3,3919.75,1802
2022-09-19 21:21:45,2,0,3920.0,1802
2022-09-19 21:21:47,1,1,3920.0,1803
2022-09-19 21:21:48,2,-2,3919.75,1801
2022-09-19 21:21:50,35,-1,3920.0,1800
2022-09-19 21:21:51,1,1,3920.0,1801
2022-09-19 21:21:52,5,5,3920.0,1806
2022-09-19 21:21:53,4,0,3920.0,1806
2022-09-19 21:21:54,1,-1,3919.75,1805
2022-09-19 21:21:55,1,-1,3919.75,1804
2022-09-19 21:21:56,1,-1,3919.75,1803
2022-09-19 21:21:57,2,2,3920.0,1805
2022-09-19 21:22:00,1,-1,3919.75,1804
2022-09-19 21:22:01,3,-2,3919.75,1802
2022-09-19 21:22:07,2,0,3920.0,1802
2022-09-19 21:22:08,17,-6,3919.75,1796
2022-09-19 21:22:10,3,3,3920.0,1799
2022-09-19 21:22:13,2,2,3920.0,1801
2022-09-19 21:22:16,1,1,3920.0,1802
2022-09-19 21:22:17,11,6,3920.0,1808
2022-09-19 21:22:18,1,1,3920.0,1809
2022-09-19 21:22:20,5,3,3920.0,1812
2022-09-19 21:22:21,1,1,3920.0,1813
2022-09-19 21:22:22,82,6,3920.5,1819
2022-09-19 21:22:25,2,2,3920.25,1821
2022-09-19 21:22:27,1,1,3920.25,1822
2022-09-19 21:22:29,2,2,3920.25,1824
2022-09-19 21:22:31,1,1,3920.25,1825
2022-09-19 21:22:33,23,-10,3920.25,1815
2022-09-19 21:22:34,14,8,3920.25,1823
2022-09-19 21:22:38,12,6,3920.75,1829
2022-09-19 21:22:40,7,6,3920.75,1835
2022-09-19 21:22:47,3,1,3921.0,1836
2022-09-19 21:22:50,10,-8,3920.75,1828
2022-09-19 21:22:51,7,-1,3920.5,1827
2022-09-19 21:22:54,2,2,3920.5,1829
2022-09-19 21:22:57,1,-1,3920.5,1828
2022-09-19 21:23:05,18,16,3921.25,1844
2022-09-19 21:23:06,2,0,3921.25,1844
2022-09-19 21:23:07,2,2,3921.25,1846
2022-09-19 21:23:10,1,-1,3921.0,1845
2022-09-19 21:23:11,1,1,3921.25,1846
2022-09-19 21:23:12,1,1,3921.25,1847
2022-09-19 21:23:14,5,-3,3921.0,1844
2022-09-19 21:23:15,3,-1,3920.75,1843
2022-09-19 21:23:16,1,-1,3920.5,1842
2022-09-19 21:23:17,1,-1,3920.5,1841
2022-09-19 21:23:18,1,-1,3920.5,1840
2022-09-19 21:23:19,12,4,3920.5,1844
2022-09-19 21:23:21,4,-1,3920.5,1843
2022-09-19 21:23:22,1,1,3920.5,1844
2022-09-19 21:23:23,4,-3,3920.5,1841
2022-09-19 21:23:25,41,37,3920.75,1878
2022-09-19 21:23:26,2,2,3920.5,1880
2022-09-19 21:23:34,2,-1,3920.75,1879
2022-09-19 21:23:36,1,-1,3920.5,1878
2022-09-19 21:23:38,4,-3,3920.5,1875
2022-09-19 21:23:39,2,-2,3920.5,1873
2022-09-19 21:23:42,1,-1,3920.25,1872
2022-09-19 21:23:43,4,-4,3920.25,1868
2022-09-19 21:23:44,8,-1,3920.25,1867
2022-09-19 21:23:48,11,-7,3920.25,1860
2022-09-19 21:23:52,16,1,3920.5,1861
2022-09-19 21:23:55,1,1,3920.5,1862
2022-09-19 21:23:57,3,-1,3920.5,1861
2022-09-19 21:24:06,1,1,3920.5,1862
2022-09-19 21:24:07,3,2,3920.5,1864
2022-09-19 21:24:08,3,0,3920.5,1864
2022-09-19 21:24:11,11,7,3920.75,1871
2022-09-19 21:24:12,3,1,3921.0,1872
2022-09-19 21:24:13,6,4,3921.25,1876
2022-09-19 21:24:14,6,1,3921.0,1877
2022-09-19 21:24:19,1,1,3921.25,1878
2022-09-19 21:24:20,1,1,3921.25,1879
2022-09-19 21:24:24,1,-1,3921.0,1878
2022-09-19 21:24:27,20,4,3921.5,1882
2022-09-19 21:24:30,6,-6,3921.5,1876
2022-09-19 21:24:31,7,2,3921.75,1878
2022-09-19 21:24:33,1,-1,3921.5,1877
2022-09-19 21:24:34,3,1,3921.75,1878
2022-09-19 21:24:36,5,3,3921.75,1881
2022-09-19 21:24:40,16,5,3921.75,1886
2022-09-19 21:24:41,13,13,3922.0,1899
2022-09-19 21:24:43,5,4,3922.0,1903
2022-09-19 21:24:44,12,-9,3921.75,1894
2022-09-19 21:24:45,5,-4,3921.75,1890
2022-09-19 21:24:46,3,-4,3921.5,1886
2022-09-19 21:24:50,8,4,3921.5,1890
2022-09-19 21:24:55,2,1,3921.75,1891
2022-09-19 21:24:59,2,2,3921.75,1893
2022-09-19 21:25:00,10,-7,3921.5,1886
2022-09-19 21:25:02,2,2,3921.5,1888
2022-09-19 21:25:08,2,-2,3921.5,1886
2022-09-19 21:25:09,1,-1,3921.5,1885
2022-09-19 21:25:10,2,-2,3921.5,1883
2022-09-19 21:25:13,5,5,3921.5,1888
2022-09-19 21:25:17,2,1,3921.5,1889
2022-09-19 21:25:25,12,6,3921.75,1895
2022-09-19 21:25:26,3,-1,3921.75,1894
2022-09-19 21:25:28,3,0,3921.75,1894
2022-09-19 21:25:36,16,7,3922.0,1901
2022-09-19 21:25:37,4,-1,3922.25,1900
2022-09-19 21:25:39,1,1,3922.25,1901
2022-09-19 21:25:40,1,1,3922.25,1902
2022-09-19 21:25:41,6,1,3922.25,1903
2022-09-19 21:25:42,26,5,3922.25,1908
2022-09-19 21:25:44,3,-1,3922.25,1907
2022-09-19 21:25:45,8,-6,3922.25,1901
2022-09-19 21:25:49,4,-2,3922.0,1899
2022-09-19 21:25:51,1,1,3922.0,1900
2022-09-19 21:25:52,1,-1,3922.0,1899
2022-09-19 21:25:54,10,-6,3921.75,1893
2022-09-19 21:25:57,2,2,3922.0,1895
2022-09-19 21:26:00,1,1,3922.25,1896
2022-09-19 21:26:01,5,-3,3922.0,1893
2022-09-19 21:26:07,2,0,3922.0,1893
2022-09-19 21:26:08,2,1,3921.75,1894
2022-09-19 21:26:09,3,0,3921.75,1894
2022-09-19 21:26:10,8,-3,3921.5,1891
2022-09-19 21:26:13,11,-6,3921.5,1885
2022-09-19 21:26:14,3,1,3921.5,1886
2022-09-19 21:26:16,1,1,3921.5,1887
2022-09-19 21:26:19,2,2,3921.75,1889
2022-09-19 21:26:21,1,-1,3921.5,1888
2022-09-19 21:26:26,3,2,3921.75,1890
2022-09-19 21:26:30,5,5,3921.75,1895
2022-09-19 21:26:31,2,1,3921.75,1896
2022-09-19 21:26:36,3,3,3922.0,1899
2022-09-19 21:26:38,1,1,3922.0,1900
2022-09-19 21:26:41,1,1,3922.0,1901
2022-09-19 21:26:42,9,7,3922.0,1908
2022-09-19 21:26:44,5,-1,3922.0,1907
2022-09-19 21:26:49,7,5,3922.0,1912
2022-09-19 21:26:50,2,-2,3921.75,1910
2022-09-19 21:26:54,1,-1,3921.75,1909
2022-09-19 21:27:00,6,2,3921.75,1911
2022-09-19 21:27:02,2,2,3921.75,1913
2022-09-19 21:27:03,1,-1,3921.5,1912
2022-09-19 21:27:04,5,-2,3921.5,1910
2022-09-19 21:27:09,1,1,3921.75,1911
2022-09-19 21:27:13,2,2,3921.5,1913
2022-09-19 21:27:14,5,-3,3921.5,1910
2022-09-19 21:27:16,2,-2,3921.5,1908
2022-09-19 21:27:20,1,1,3921.5,1909
2022-09-19 21:27:21,5,-1,3921.25,1908
2022-09-19 21:27:22,8,-4,3921.25,1904
2022-09-19 21:27:23,3,1,3921.25,1905
2022-09-19 21:27:24,15,-1,3921.25,1904
2022-09-19 21:27:26,2,0,3921.5,1904
2022-09-19 21:27:29,1,-1,3921.25,1903
2022-09-19 21:27:31,3,2,3921.25,1905
2022-09-19 21:27:33,2,0,3921.5,1905
2022-09-19 21:27:34,4,-3,3921.25,1902
2022-09-19 21:27:36,4,4,3921.5,1906
2022-09-19 21:27:40,4,4,3921.75,1910
2022-09-19 21:27:44,1,1,3921.75,1911
2022-09-19 21:27:48,1,1,3922.0,1912
2022-09-19 21:27:51,7,5,3922.25,1917
2022-09-19 21:27:52,5,4,3922.25,1921
2022-09-19 21:27:53,11,-4,3922.0,1917
2022-09-19 21:27:56,6,-5,3922.0,1912
2022-09-19 21:28:04,7,-6,3922.0,1906
2022-09-19 21:28:05,3,0,3922.0,1906
2022-09-19 21:28:06,2,-2,3921.75,1904
2022-09-19 21:28:07,8,7,3922.0,1911
2022-09-19 21:28:08,1,-1,3921.75,1910
2022-09-19 21:28:13,14,3,3922.25,1913
2022-09-19 21:28:14,8,8,3922.5,1921
2022-09-19 21:28:15,20,-15,3922.25,1906
2022-09-19 21:28:16,2,2,3922.5,1908
2022-09-19 21:28:17,5,0,3922.5,1908
2022-09-19 21:28:19,5,-1,3922.5,1907
2022-09-19 21:28:21,5,-2,3922.25,1905
2022-09-19 21:28:22,2,2,3922.25,1907
2022-09-19 21:28:24,1,1,3922.25,1908
2022-09-19 21:28:26,2,2,3922.25,1910
2022-09-19 21:28:28,4,3,3922.25,1913
2022-09-19 21:28:31,3,3,3922.25,1916
2022-09-19 21:28:32,4,2,3922.25,1918
2022-09-19 21:28:35,7,1,3922.5,1919
2022-09-19 21:28:37,2,-2,3922.25,1917
2022-09-19 21:28:38,1,-1,3922.25,1916
2022-09-19 21:28:39,1,1,3922.25,1917
2022-09-19 21:28:40,4,0,3922.25,1917
2022-09-19 21:28:42,11,-8,3922.25,1909
2022-09-19 21:28:44,17,-3,3922.0,1906
2022-09-19 21:28:46,2,0,3921.75,1906
2022-09-19 21:28:49,17,-14,3921.5,1892
2022-09-19 21:28:51,1,-1,3921.5,1891
2022-09-19 21:28:52,5,-3,3921.5,1888
2022-09-19 21:28:53,5,-3,3921.75,1885
2022-09-19 21:28:58,5,-3,3921.5,1882
2022-09-19 21:28:59,2,2,3921.5,1884
2022-09-19 21:29:00,2,-2,3921.5,1882
2022-09-19 21:29:11,1,1,3921.75,1883
2022-09-19 21:29:12,1,-1,3921.5,1882
2022-09-19 21:29:22,1,-1,3921.5,1881
2022-09-19 21:29:25,2,0,3921.75,1881
2022-09-19 21:29:28,2,-2,3921.5,1879
2022-09-19 21:29:47,1,-1,3921.5,1878
2022-09-19 21:29:51,12,-4,3921.5,1874
2022-09-19 21:29:53,1,-1,3921.5,1873
2022-09-19 21:29:55,2,2,3921.75,1875
2022-09-19 21:29:57,3,-3,3921.5,1872
2022-09-19 21:30:00,8,3,3921.5,1875
2022-09-19 21:30:01,1,-1,3921.5,1874
2022-09-19 21:30:02,3,-2,3921.5,1872
2022-09-19 21:30:04,2,-2,3921.25,1870
2022-09-19 21:30:05,21,-11,3921.25,1859
2022-09-19 21:30:06,4,4,3921.25,1863
2022-09-19 21:30:07,1,1,3921.25,1864
2022-09-19 21:30:08,1,-1,3921.0,1863
2022-09-19 21:30:11,4,4,3921.5,1867
2022-09-19 21:30:14,7,-2,3921.25,1865
2022-09-19 21:30:16,4,1,3921.25,1866
2022-09-19 21:30:18,1,-1,3921.25,1865
2022-09-19 21:30:19,2,2,3921.5,1867
2022-09-19 21:30:20,4,-3,3921.25,1864
2022-09-19 21:30:21,1,-1,3921.25,1863
2022-09-19 21:30:23,1,-1,3921.25,1862
2022-09-19 21:30:24,1,-1,3921.25,1861
2022-09-19 21:30:27,9,9,3921.75,1870
2022-09-19 21:30:31,1,1,3921.75,1871
2022-09-19 21:30:33,1,1,3921.75,1872
2022-09-19 21:30:36,1,-1,3921.75,1871
2022-09-19 21:30:37,1,-1,3921.5,1870
2022-09-19 21:30:42,4,2,3921.75,1872
2022-09-19 21:30:43,10,-7,3921.5,1865
2022-09-19 21:30:44,1,-1,3921.25,1864
2022-09-19 21:30:45,7,-7,3921.25,1857
2022-09-19 21:30:46,1,1,3921.25,1858
2022-09-19 21:30:47,4,2,3921.25,1860
2022-09-19 21:30:48,3,-2,3921.0,1858
2022-09-19 21:30:49,14,-2,3921.0,1856
2022-09-19 21:30:50,1,-1,3920.75,1855
2022-09-19 21:30:51,1,-1,3920.75,1854
2022-09-19 21:30:53,11,3,3921.0,1857
2022-09-19 21:30:54,1,1,3921.0,1858
2022-09-19 21:30:55,1,-1,3920.75,1857
2022-09-19 21:30:56,8,0,3921.0,1857
2022-09-19 21:30:58,1,1,3921.0,1858
2022-09-19 21:31:00,22,-15,3920.75,1843
2022-09-19 21:31:02,13,4,3920.5,1847
2022-09-19 21:31:03,1,-1,3920.5,1846
2022-09-19 21:31:04,10,-8,3920.5,1838
2022-09-19 21:31:05,1,-1,3920.25,1837
2022-09-19 21:31:06,13,8,3920.75,1845
2022-09-19 21:31:07,2,-2,3920.75,1843
2022-09-19 21:31:08,3,3,3921.0,1846
2022-09-19 21:31:10,2,2,3921.0,1848
2022-09-19 21:31:11,5,-4,3921.0,1844
2022-09-19 21:31:12,1,1,3921.25,1845
2022-09-19 21:31:14,1,1,3921.5,1846
2022-09-19 21:31:16,1,1,3921.25,1847
2022-09-19 21:31:19,3,-1,3921.0,1846
2022-09-19 21:31:22,2,2,3921.25,1848
2022-09-19 21:31:23,5,1,3921.25,1849
2022-09-19 21:31:24,1,-1,3921.0,1848
2022-09-19 21:31:28,2,-1,3921.25,1847
2022-09-19 21:31:29,6,2,3921.5,1849
2022-09-19 21:31:30,3,-1,3921.5,1848
2022-09-19 21:31:32,4,-4,3921.25,1844
2022-09-19 21:31:38,11,-9,3921.25,1835
2022-09-19 21:31:39,1,-1,3921.25,1834
2022-09-19 21:31:40,2,-2,3921.25,1832
2022-09-19 21:31:42,2,-1,3921.0,1831
2022-09-19 21:31:43,1,1,3921.25,1832
2022-09-19 21:31:44,2,-2,3921.25,1830
2022-09-19 21:31:45,4,2,3921.25,1832
2022-09-19 21:31:47,10,-4,3921.0,1828
2022-09-19 21:31:50,3,1,3921.25,1829
2022-09-19 21:31:54,1,-1,3921.0,1828
2022-09-19 21:32:01,4,3,3921.25,1831
2022-09-19 21:32:03,1,-1,3921.25,1830
2022-09-19 21:32:05,3,2,3921.5,1832
2022-09-19 21:32:07,2,-2,3921.5,1830
2022-09-19 21:32:13,1,-1,3921.25,1829
2022-09-19 21:32:15,2,-2,3921.25,1827
2022-09-19 21:32:21,6,-4,3921.0,1823
2022-09-19 21:32:25,3,0,3921.0,1823
2022-09-19 21:32:26,7,0,3920.75,1823
2022-09-19 21:32:31,8,-5,3920.5,1818
2022-09-19 21:32:34,2,-2,3920.5,1816
2022-09-19 21:32:40,5,4,3920.75,1820
2022-09-19 21:32:42,1,-1,3920.75,1819
2022-09-19 21:32:45,1,-1,3920.5,1818
2022-09-19 21:32:49,4,-2,3920.5,1816
2022-09-19 21:32:50,1,1,3920.5,1817
2022-09-19 21:32:51,8,7,3920.75,1824
2022-09-19 21:32:55,2,-2,3920.5,1822
2022-09-19 21:32:56,2,0,3920.75,1822
2022-09-19 21:32:59,19,-4,3920.5,1818
2022-09-19 21:33:00,2,-2,3920.5,1816
2022-09-19 21:33:01,2,2,3920.75,1818
2022-09-19 21:33:03,1,1,3921.0,1819
2022-09-19 21:33:04,1,-1,3920.5,1818
2022-09-19 21:33:07,3,3,3920.75,1821
2022-09-19 21:33:08,2,2,3920.75,1823
2022-09-19 21:33:10,1,1,3920.75,1824
2022-09-19 21:33:11,8,-6,3920.5,1818
2022-09-19 21:33:13,4,0,3920.5,1818
2022-09-19 21:33:14,2,2,3920.5,1820
2022-09-19 21:33:18,4,4,3920.5,1824
2022-09-19 21:33:19,2,2,3920.75,1826
2022-09-19 21:33:21,5,5,3920.75,1831
2022-09-19 21:33:23,17,14,3921.0,1845
2022-09-19 21:33:24,2,0,3921.0,1845
2022-09-19 21:33:25,45,-1,3921.0,1844
2022-09-19 21:33:27,3,-3,3921.0,1841
2022-09-19 21:33:35,13,8,3921.25,1849
2022-09-19 21:33:40,2,-2,3921.25,1847
2022-09-19 21:33:42,1,1,3921.5,1848
2022-09-19 21:33:47,1,-1,3921.25,1847
2022-09-19 21:33:48,8,3,3921.5,1850
2022-09-19 21:33:49,2,2,3921.5,1852
2022-09-19 21:33:50,3,-1,3921.5,1851
2022-09-19 21:33:52,8,-8,3921.5,1843
2022-09-19 21:33:53,9,6,3921.5,1849
2022-09-19 21:33:54,1,1,3921.75,1850
2022-09-19 21:33:57,23,13,3922.25,1863
2022-09-19 21:33:58,1,-1,3921.75,1862
2022-09-19 21:34:00,5,-1,3922.0,1861
2022-09-19 21:34:02,12,0,3922.0,1861
2022-09-19 21:34:05,4,-4,3921.75,1857
2022-09-19 21:34:06,3,-1,3922.0,1856
2022-09-19 21:34:09,1,1,3922.0,1857
2022-09-19 21:34:10,3,3,3922.0,1860
2022-09-19 21:34:14,2,0,3922.0,1860
2022-09-19 21:34:17,8,-5,3922.0,1855
2022-09-19 21:34:19,1,1,3922.0,1856
2022-09-19 21:34:21,10,6,3922.0,1862
2022-09-19 21:34:22,3,-2,3922.0,1860
2022-09-19 21:34:26,6,0,3922.25,1860
2022-09-19 21:34:27,1,1,3922.25,1861
2022-09-19 21:34:29,6,5,3922.5,1866
2022-09-19 21:34:30,1,-1,3922.25,1865
2022-09-19 21:34:31,2,2,3922.5,1867
2022-09-19 21:34:32,1,1,3922.5,1868
2022-09-19 21:34:33,1,1,3922.5,1869
2022-09-19 21:34:34,9,5,3922.5,1874
2022-09-19 21:34:35,1,1,3922.5,1875
2022-09-19 21:34:36,9,-6,3922.25,1869
2022-09-19 21:34:37,2,-2,3922.25,1867
2022-09-19 21:34:38,1,-1,3922.25,1866
2022-09-19 21:34:40,1,-1,3922.0,1865
2022-09-19 21:34:41,2,2,3922.25,1867
2022-09-19 21:34:43,1,-1,3922.25,1866
2022-09-19 21:34:47,1,-1,3922.25,1865
2022-09-19 21:34:49,1,-1,3922.25,1864
2022-09-19 21:34:53,2,-2,3922.25,1862
2022-09-19 21:34:54,4,-2,3922.25,1860
2022-09-19 21:34:55,5,-2,3922.25,1858
2022-09-19 21:34:56,2,2,3922.25,1860
2022-09-19 21:34:57,22,-9,3922.5,1851
2022-09-19 21:34:58,1,1,3922.25,1852
2022-09-19 21:35:00,1,1,3922.25,1853
2022-09-19 21:35:01,12,0,3922.25,1853
2022-09-19 21:35:02,2,2,3922.25,1855
2022-09-19 21:35:03,1,-1,3922.0,1854
2022-09-19 21:35:06,13,3,3922.25,1857
2022-09-19 21:35:07,5,-1,3922.25,1856
2022-09-19 21:35:10,8,-6,3922.0,1850
2022-09-19 21:35:12,6,6,3922.0,1856
2022-09-19 21:35:13,3,3,3922.0,1859
2022-09-19 21:35:14,46,13,3922.5,1872
2022-09-19 21:35:15,5,3,3922.25,1875
2022-09-19 21:35:18,3,2,3922.25,1877
2022-09-19 21:35:19,1,1,3922.25,1878
2022-09-19 21:35:22,4,-2,3922.0,1876
2022-09-19 21:35:28,1,-1,3922.0,1875
2022-09-19 21:35:30,6,-2,3922.0,1873
2022-09-19 21:35:32,3,3,3922.0,1876
2022-09-19 21:35:34,1,1,3922.0,1877
2022-09-19 21:35:36,7,-1,3922.0,1876
2022-09-19 21:35:39,1,1,3922.0,1877
2022-09-19 21:35:41,2,-2,3921.75,1875
2022-09-19 21:35:43,9,8,3922.0,1883
2022-09-19 21:35:46,24,7,3922.25,1890
2022-09-19 21:35:47,4,2,3922.25,1892
2022-09-19 21:35:55,19,-14,3922.0,1878
2022-09-19 21:36:00,1,-1,3921.75,1877
2022-09-19 21:36:01,1,-1,3921.75,1876
2022-09-19 21:36:03,1,1,3922.0,1877
2022-09-19 21:36:04,7,-6,3921.75,1871
2022-09-19 21:36:06,3,1,3922.0,1872
2022-09-19 21:36:07,3,3,3922.0,1875
2022-09-19 21:36:08,2,0,3922.0,1875
2022-09-19 21:36:09,20,-10,3922.0,1865
2022-09-19 21:36:10,2,-1,3921.75,1864
2022-09-19 21:36:11,3,1,3922.0,1865
2022-09-19 21:36:12,15,11,3922.25,1876
2022-09-19 21:36:16,8,-8,3922.25,1868
2022-09-19 21:36:21,3,-3,3922.0,1865
2022-09-19 21:36:22,1,-1,3922.0,1864
2022-09-19 21:36:23,8,-3,3922.25,1861
2022-09-19 21:36:24,3,3,3922.25,1864
2022-09-19 21:36:27,3,-3,3922.25,1861
2022-09-19 21:36:28,7,-1,3922.25,1860
2022-09-19 21:36:29,3,2,3922.25,1862
2022-09-19 21:36:32,4,-4,3922.25,1858
2022-09-19 21:36:34,1,-1,3922.25,1857
2022-09-19 21:36:35,10,7,3922.5,1864
2022-09-19 21:36:40,2,0,3922.5,1864
2022-09-19 21:36:41,33,7,3922.5,1871
2022-09-19 21:36:42,4,2,3922.25,1873
2022-09-19 21:36:51,1,-1,3922.25,1872
2022-09-19 21:36:58,3,-3,3922.25,1869
2022-09-19 21:36:59,20,1,3922.5,1870
2022-09-19 21:37:04,1,-1,3922.5,1869
2022-09-19 21:37:05,7,-2,3922.5,1867
2022-09-19 21:37:07,9,-9,3922.25,1858
2022-09-19 21:37:08,1,1,3922.25,1859
2022-09-19 21:37:09,10,-6,3922.0,1853
2022-09-19 21:37:10,1,1,3922.0,1854
2022-09-19 21:37:11,3,-2,3922.0,1852
2022-09-19 21:37:15,3,3,3922.0,1855
2022-09-19 21:37:17,11,10,3922.5,1865
2022-09-19 21:37:18,2,0,3922.25,1865
2022-09-19 21:37:21,2,-2,3922.25,1863
2022-09-19 21:37:22,1,1,3922.25,1864
2022-09-19 21:37:25,2,2,3922.25,1866
2022-09-19 21:37:27,18,-6,3922.25,1860
2022-09-19 21:37:28,2,2,3922.5,1862
2022-09-19 21:37:31,1,1,3922.5,1863
2022-09-19 21:37:41,18,-12,3922.25,1851
2022-09-19 21:37:42,6,6,3922.0,1857
2022-09-19 21:37:45,14,-10,3921.75,1847
2022-09-19 21:37:46,7,-7,3921.5,1840
2022-09-19 21:37:47,1,-1,3921.5,1839
2022-09-19 21:37:48,11,-3,3921.5,1836
2022-09-19 21:37:49,10,-3,3921.5,1833
2022-09-19 21:37:50,2,0,3921.75,1833
2022-09-19 21:37:52,2,-2,3921.5,1831
2022-09-19 21:37:55,4,-3,3921.5,1828
2022-09-19 21:38:00,7,3,3921.5,1831
2022-09-19 21:38:01,1,-1,3921.5,1830
2022-09-19 21:38:02,1,-1,3921.25,1829
2022-09-19 21:38:05,1,-1,3921.25,1828
2022-09-19 21:38:13,1,-1,3921.25,1827
2022-09-19 21:38:17,1,-1,3921.25,1826
2022-09-19 21:38:18,4,-2,3921.5,1824
2022-09-19 21:38:24,1,-1,3921.25,1823
2022-09-19 21:38:25,6,2,3921.25,1825
2022-09-19 21:38:28,7,4,3921.25,1829
2022-09-19 21:38:30,1,1,3921.25,1830
2022-09-19 21:38:32,1,1,3921.25,1831
2022-09-19 21:38:33,1,1,3921.25,1832
2022-09-19 21:38:38,3,3,3921.25,1835
2022-09-19 21:38:46,1,1,3921.5,1836
2022-09-19 21:38:49,10,8,3921.5,1844
2022-09-19 21:38:52,2,2,3921.75,1846
2022-09-19 21:39:03,6,2,3921.75,1848
2022-09-19 21:39:04,1,-1,3921.75,1847
2022-09-19 21:39:07,7,-3,3921.75,1844
2022-09-19 21:39:10,6,0,3921.75,1844
2022-09-19 21:39:11,6,-6,3921.5,1838
2022-09-19 21:39:17,4,-4,3921.25,1834
2022-09-19 21:39:20,1,1,3921.25,1835
2022-09-19 21:39:21,29,-22,3921.0,1813
2022-09-19 21:39:24,5,1,3920.75,1814
2022-09-19 21:39:25,6,4,3920.75,1818
2022-09-19 21:39:26,1,1,3920.75,1819
2022-09-19 21:39:27,8,-4,3921.0,1815
2022-09-19 21:39:29,1,1,3921.0,1816
2022-09-19 21:39:30,1,-1,3920.75,1815
2022-09-19 21:39:31,4,-4,3920.75,1811
2022-09-19 21:39:32,11,-10,3920.5,1801
2022-09-19 21:39:34,1,-1,3920.25,1800
2022-09-19 21:39:36,15,13,3920.75,1813
2022-09-19 21:39:37,3,-3,3920.5,1810
2022-09-19 21:39:39,3,1,3920.75,1811
2022-09-19 21:39:40,1,1,3920.75,1812
2022-09-19 21:39:41,5,-4,3920.5,1808
2022-09-19 21:39:42,5,5,3920.75,1813
2022-09-19 21:39:44,4,0,3920.75,1813
2022-09-19 21:39:45,5,0,3920.5,1813
2022-09-19 21:39:46,1,-1,3920.5,1812
2022-09-19 21:39:47,1,-1,3920.5,1811
2022-09-19 21:39:49,21,-24,3920.5,1787
2022-09-19 21:39:50,1,-1,3920.25,1786
2022-09-19 21:39:52,6,4,3920.5,1790
2022-09-19 21:39:54,3,3,3920.5,1793
2022-09-19 21:39:55,16,-5,3920.75,1788
2022-09-19 21:39:56,18,-14,3920.75,1774
2022-09-19 21:39:57,2,-2,3920.5,1772
2022-09-19 21:39:58,1,-1,3920.5,1771
2022-09-19 21:40:00,12,-12,3920.5,1759
2022-09-19 21:40:01,49,11,3920.75,1770
2022-09-19 21:40:02,3,0,3920.75,1770
2022-09-19 21:40:08,1,1,3921.0,1771
2022-09-19 21:40:12,13,-6,3920.75,1765
2022-09-19 21:40:13,1,1,3920.75,1766
2022-09-19 21:40:16,1,-1,3920.5,1765
2022-09-19 21:40:17,24,-3,3920.5,1762
2022-09-19 21:40:19,9,-4,3920.25,1758
2022-09-19 21:40:26,24,14,3920.5,1772
2022-09-19 21:40:29,1,-1,3920.5,1771
2022-09-19 21:40:30,32,-11,3920.5,1760
2022-09-19 21:40:35,11,3,3920.5,1763
2022-09-19 21:40:36,2,2,3920.5,1765
2022-09-19 21:40:37,1,-1,3920.25,1764
2022-09-19 21:40:38,6,1,3920.5,1765
2022-09-19 21:40:39,1,-1,3920.5,1764
2022-09-19 21:40:41,2,-2,3920.5,1762
2022-09-19 21:40:44,2,0,3920.5,1762
2022-09-19 21:40:46,1,1,3920.5,1763
2022-09-19 21:40:49,2,-2,3920.5,1761
2022-09-19 21:40:51,1,-1,3920.25,1760
2022-09-19 21:40:52,3,-1,3920.5,1759
2022-09-19 21:40:56,16,-4,3920.5,1755
2022-09-19 21:40:58,5,-3,3920.25,1752
2022-09-19 21:41:00,4,3,3920.5,1755
2022-09-19 21:41:03,2,-2,3920.25,1753
2022-09-19 21:41:04,15,-10,3920.25,1743
2022-09-19 21:41:07,6,6,3920.25,1749
2022-09-19 21:41:08,7,-1,3920.25,1748
2022-09-19 21:41:10,9,-7,3920.0,1741
2022-09-19 21:41:13,1,-1,3920.0,1740
2022-09-19 21:41:15,23,-10,3920.0,1730
2022-09-19 21:41:17,1,1,3920.0,1731
2022-09-19 21:41:18,9,2,3920.0,1733
2022-09-19 21:41:21,2,-1,3919.75,1732
2022-09-19 21:41:22,1,1,3920.0,1733
2022-09-19 21:41:23,8,-1,3920.0,1732
2022-09-19 21:41:24,2,-1,3919.75,1731
2022-09-19 21:41:25,3,-3,3919.75,1728
2022-09-19 21:41:26,28,-5,3920.0,1723
2022-09-19 21:41:27,2,1,3920.0,1724
2022-09-19 21:41:28,22,11,3920.0,1735
2022-09-19 21:41:30,1,-1,3920.0,1734
2022-09-19 21:41:31,1,1,3920.0,1735
2022-09-19 21:41:32,10,4,3920.5,1739
2022-09-19 21:41:33,1,-1,3920.25,1738
2022-09-19 21:41:34,21,-10,3920.5,1728
2022-09-19 21:41:35,2,0,3920.25,1728
2022-09-19 21:41:37,1,-1,3920.25,1727
2022-09-19 21:41:39,1,-1,3920.25,1726
2022-09-19 21:41:44,2,1,3920.25,1727
2022-09-19 21:41:47,23,-22,3920.25,1705
2022-09-19 21:41:48,6,2,3920.25,1707
2022-09-19 21:41:51,4,-4,3920.25,1703
2022-09-19 21:41:52,2,-2,3920.25,1701
2022-09-19 21:41:53,1,1,3920.5,1702
2022-09-19 21:41:54,6,0,3920.5,1702
2022-09-19 21:42:00,9,-6,3920.25,1696
2022-09-19 21:42:01,1,1,3920.25,1697
2022-09-19 21:42:02,11,6,3920.25,1703
2022-09-19 21:42:03,1,-1,3920.25,1702
2022-09-19 21:42:06,9,7,3920.25,1709
2022-09-19 21:42:12,14,7,3920.25,1716
2022-09-19 21:42:13,1,-1,3920.25,1715
2022-09-19 21:42:14,5,-1,3920.5,1714
2022-09-19 21:42:16,5,2,3920.5,1716
2022-09-19 21:42:18,1,1,3920.5,1717
2022-09-19 21:42:20,3,1,3920.75,1718
2022-09-19 21:42:22,10,5,3920.75,1723
2022-09-19 21:42:23,3,1,3920.75,1724
2022-09-19 21:42:24,2,-2,3920.75,1722
2022-09-19 21:42:25,25,-8,3920.75,1714
2022-09-19 21:42:26,1,1,3920.75,1715
2022-09-19 21:42:28,2,-2,3920.5,1713
2022-09-19 21:42:31,1,1,3920.75,1714
2022-09-19 21:42:36,1,-1,3920.5,1713
2022-09-19 21:42:37,16,-5,3920.5,1708
2022-09-19 21:42:39,2,-2,3920.25,1706
2022-09-19 21:42:43,1,-1,3920.25,1705
2022-09-19 21:42:44,4,4,3920.25,1709
2022-09-19 21:42:46,4,-1,3920.25,1708
2022-09-19 21:42:47,22,-16,3920.25,1692
2022-09-19 21:42:51,2,-2,3919.75,1690
2022-09-19 21:42:52,68,-33,3919.75,1657
2022-09-19 21:42:53,33,2,3919.75,1659
2022-09-19 21:42:55,1,-1,3919.5,1658
2022-09-19 21:42:57,34,-17,3919.75,1641
2022-09-19 21:42:58,7,-7,3919.25,1634
2022-09-19 21:42:59,1,1,3919.5,1635
2022-09-19 21:43:00,28,22,3919.75,1657
2022-09-19 21:43:02,19,2,3920.0,1659
2022-09-19 21:43:03,12,-6,3920.0,1653
2022-09-19 21:43:05,1,-1,3919.75,1652
2022-09-19 21:43:09,11,8,3920.25,1660
2022-09-19 21:43:12,5,-3,3920.25,1657
2022-09-19 21:43:14,8,-8,3919.75,1649
2022-09-19 21:43:15,77,55,3920.5,1704
2022-09-19 21:43:16,12,7,3920.75,1711
2022-09-19 21:43:17,2,0,3921.0,1711
2022-09-19 21:43:18,26,16,3921.0,1727
2022-09-19 21:43:19,5,1,3921.0,1728
2022-09-19 21:43:21,1,1,3921.0,1729
2022-09-19 21:43:23,2,-1,3920.75,1728
2022-09-19 21:43:27,18,0,3921.0,1728
2022-09-19 21:43:28,11,-8,3921.0,1720
2022-09-19 21:43:32,8,3,3921.0,1723
2022-09-19 21:43:34,6,5,3921.25,1728
2022-09-19 21:43:35,1,1,3921.0,1729
2022-09-19 21:43:37,1,-1,3920.75,1728
2022-09-19 21:43:38,1,1,3921.0,1729
2022-09-19 21:43:40,13,-5,3921.0,1724
2022-09-19 21:43:41,3,-1,3920.75,1723
2022-09-19 21:43:42,4,-2,3921.0,1721
2022-09-19 21:43:46,3,3,3920.75,1724
2022-09-19 21:43:47,17,-13,3920.5,1711
2022-09-19 21:43:50,2,2,3920.75,1713
2022-09-19 21:43:51,1,-1,3920.5,1712
2022-09-19 21:43:55,1,1,3920.5,1713
2022-09-19 21:43:56,1,1,3920.75,1714
2022-09-19 21:43:58,2,2,3920.5,1716
2022-09-19 21:44:00,1,1,3920.5,1717
2022-09-19 21:44:02,1,-1,3920.5,1716
2022-09-19 21:44:04,3,0,3920.75,1716
2022-09-19 21:44:05,4,-4,3920.5,1712
2022-09-19 21:44:06,1,-1,3920.5,1711
2022-09-19 21:44:07,5,1,3920.5,1712
2022-09-19 21:44:08,5,-3,3920.5,1709
2022-09-19 21:44:09,1,1,3920.75,1710
2022-09-19 21:44:12,14,3,3920.5,1713
2022-09-19 21:44:14,1,-1,3920.5,1712
2022-09-19 21:44:18,1,-1,3920.75,1711
2022-09-19 21:44:20,1,1,3921.0,1712
2022-09-19 21:44:23,5,5,3921.25,1717
2022-09-19 21:44:25,12,10,3921.25,1727
2022-09-19 21:44:29,1,1,3921.25,1728
2022-09-19 21:44:31,6,-6,3921.0,1722
2022-09-19 21:44:32,4,4,3921.25,1726
2022-09-19 21:44:33,1,1,3921.25,1727
2022-09-19 21:44:35,1,1,3921.25,1728
2022-09-19 21:44:36,34,42,3921.5,1770
2022-09-19 21:44:39,48,57,3921.75,1827
2022-09-19 21:44:40,1,-1,3921.5,1826
2022-09-19 21:44:41,11,1,3921.75,1827
2022-09-19 21:44:42,3,1,3921.75,1828
2022-09-19 21:44:43,11,-9,3921.5,1819
2022-09-19 21:44:45,1,-1,3921.25,1818
2022-09-19 21:44:50,2,1,3921.5,1819
2022-09-19 21:44:54,18,-14,3921.25,1805
2022-09-19 21:44:57,1,-1,3921.25,1804
2022-09-19 21:44:59,16,5,3921.5,1809
2022-09-19 21:45:00,14,-12,3921.5,1797
2022-09-19 21:45:01,7,-1,3921.25,1796
2022-09-19 21:45:02,1,-1,3921.25,1795
2022-09-19 21:45:04,1,1,3921.5,1796
2022-09-19 21:45:06,8,-6,3921.25,1790
2022-09-19 21:45:07,5,4,3921.25,1794
2022-09-19 21:45:10,2,-2,3921.0,1792
2022-09-19 21:45:11,5,-2,3920.75,1790
2022-09-19 21:45:12,1,1,3920.75,1791
2022-09-19 21:45:13,1,1,3920.75,1792
2022-09-19 21:45:16,8,-7,3920.5,1785
2022-09-19 21:45:17,1,-1,3920.25,1784
2022-09-19 21:45:18,1,-1,3920.25,1783
2022-09-19 21:45:19,15,-9,3920.25,1774
2022-09-19 21:45:20,2,0,3920.25,1774
2022-09-19 21:45:21,4,0,3920.0,1774
2022-09-19 21:45:23,2,-2,3920.0,1772
2022-09-19 21:45:24,2,2,3920.0,1774
2022-09-19 21:45:25,3,1,3920.0,1775
2022-09-19 21:45:27,51,-45,3920.0,1730
2022-09-19 21:45:28,1,1,3920.0,1731
2022-09-19 21:45:29,5,2,3920.0,1733
2022-09-19 21:45:33,9,5,3920.0,1738
2022-09-19 21:45:36,1,1,3920.0,1739
2022-09-19 21:45:40,8,7,3920.0,1746
2022-09-19 21:45:45,20,9,3920.25,1755
2022-09-19 21:45:47,12,4,3920.5,1759
2022-09-19 21:45:48,8,-6,3920.5,1753
2022-09-19 21:45:51,7,5,3921.0,1758
2022-09-19 21:45:52,1,1,3920.75,1759
2022-09-19 21:45:57,1,1,3920.75,1760
2022-09-19 21:45:59,3,3,3921.0,1763
2022-09-19 21:46:00,2,-2,3920.75,1761
2022-09-19 21:46:03,11,-16,3920.75,1745
2022-09-19 21:46:04,1,-1,3920.5,1744
2022-09-19 21:46:05,5,-2,3920.75,1742
2022-09-19 21:46:06,1,1,3920.5,1743
2022-09-19 21:46:10,1,-1,3920.5,1742
2022-09-19 21:46:11,2,0,3920.5,1742
2022-09-19 21:46:13,1,-1,3920.5,1741
2022-09-19 21:46:14,6,6,3920.75,1747
2022-09-19 21:46:16,1,1,3920.75,1748
2022-09-19 21:46:21,1,-1,3920.75,1747
2022-09-19 21:46:24,2,2,3921.0,1749
2022-09-19 21:46:25,1,1,3921.0,1750
2022-09-19 21:46:26,27,41,3921.25,1791
2022-09-19 21:46:29,8,5,3921.5,1796
2022-09-19 21:46:31,13,6,3921.5,1802
2022-09-19 21:46:32,3,-3,3921.25,1799
2022-09-19 21:46:34,2,-2,3921.0,1797
2022-09-19 21:46:37,37,50,3921.5,1847
2022-09-19 21:46:39,2,-2,3921.25,1845
2022-09-19 21:46:40,1,1,3921.5,1846
2022-09-19 21:46:48,4,-3,3921.25,1843
2022-09-19 21:46:50,1,-1,3921.0,1842
2022-09-19 21:46:54,1,-1,3920.75,1841
2022-09-19 21:46:55,1,-1,3920.75,1840
2022-09-19 21:46:56,1,-1,3920.75,1839
2022-09-19 21:46:58,3,3,3921.25,1842
2022-09-19 21:46:59,3,-3,3921.0,1839
2022-09-19 21:47:03,1,1,3921.25,1840
2022-09-19 21:47:04,2,2,3921.25,1842
2022-09-19 21:47:05,4,3,3921.25,1845
2022-09-19 21:47:06,5,-5,3921.25,1840
2022-09-19 21:47:08,1,-1,3921.25,1839
2022-09-19 21:47:11,42,9,3921.5,1848
2022-09-19 21:47:13,3,-1,3921.5,1847
2022-09-19 21:47:15,8,5,3921.75,1852
2022-09-19 21:47:18,18,-8,3921.5,1844
2022-09-19 21:47:25,6,0,3921.75,1844
2022-09-19 21:47:26,6,6,3922.0,1850
2022-09-19 21:47:28,2,2,3922.0,1852
2022-09-19 21:47:29,1,-1,3921.75,1851
2022-09-19 21:47:30,9,-1,3922.0,1850
2022-09-19 21:47:31,1,1,3922.0,1851
2022-09-19 21:47:32,5,4,3922.0,1855
2022-09-19 21:47:36,2,2,3922.0,1857
2022-09-19 21:47:41,2,-1,3921.75,1856
2022-09-19 21:47:43,2,2,3922.0,1858
2022-09-19 21:47:45,1,1,3922.0,1859
2022-09-19 21:47:47,19,2,3922.0,1861
2022-09-19 21:47:48,2,2,3922.25,1863
2022-09-19 21:47:50,3,2,3922.25,1865
2022-09-19 21:47:51,12,-9,3922.25,1856
2022-09-19 21:47:53,11,-9,3922.0,1847
2022-09-19 21:47:54,2,-2,3922.0,1845
2022-09-19 21:47:57,34,2,3922.25,1847
2022-09-19 21:47:58,2,-2,3922.0,1845
2022-09-19 21:48:00,8,-6,3922.25,1839
2022-09-19 21:48:02,1,-1,3921.75,1838
2022-09-19 21:48:05,14,-11,3921.75,1827
2022-09-19 21:48:06,20,-3,3921.75,1824
2022-09-19 21:48:07,7,-7,3921.5,1817
2022-09-19 21:48:10,15,-7,3921.25,1810
2022-09-19 21:48:11,4,0,3921.25,1810
2022-09-19 21:48:12,3,3,3921.25,1813
2022-09-19 21:48:13,1,-1,3921.25,1812
2022-09-19 21:48:16,10,9,3921.5,1821
2022-09-19 21:48:17,2,-2,3921.5,1819
2022-09-19 21:48:18,9,6,3922.0,1825
2022-09-19 21:48:19,1,-1,3921.5,1824
2022-09-19 21:48:20,1,-1,3921.5,1823
2022-09-19 21:48:22,9,8,3921.75,1831
2022-09-19 21:48:23,1,-1,3921.75,1830
2022-09-19 21:48:25,4,4,3922.0,1834
2022-09-19 21:48:31,3,3,3922.0,1837
2022-09-19 21:48:33,1,-1,3921.75,1836
2022-09-19 21:48:34,5,-3,3922.0,1833
2022-09-19 21:48:37,3,-3,3921.75,1830
2022-09-19 21:48:39,1,-1,3921.75,1829
2022-09-19 21:48:40,2,-2,3921.75,1827
2022-09-19 21:48:41,4,3,3922.0,1830
2022-09-19 21:48:43,11,5,3922.25,1835
2022-09-19 21:48:52,6,4,3922.0,1839
2022-09-19 21:48:59,1,1,3922.0,1840
2022-09-19 21:49:01,15,9,3922.0,1849
2022-09-19 21:49:02,1,1,3922.0,1850
2022-09-19 21:49:04,2,2,3922.25,1852
2022-09-19 21:49:08,9,7,3922.25,1859
2022-09-19 21:49:10,6,6,3922.5,1865
2022-09-19 21:49:15,1,-1,3922.25,1864
2022-09-19 21:49:16,8,2,3922.5,1866
2022-09-19 21:49:20,13,-10,3922.25,1856
2022-09-19 21:49:24,2,2,3922.5,1858
2022-09-19 21:49:26,5,-5,3922.25,1853
2022-09-19 21:49:30,19,5,3922.5,1858
2022-09-19 21:49:31,3,3,3922.5,1861
2022-09-19 21:49:38,3,-1,3922.5,1860
2022-09-19 21:49:39,3,-2,3922.25,1858
2022-09-19 21:49:41,6,2,3922.25,1860
2022-09-19 21:49:42,2,2,3922.25,1862
2022-09-19 21:49:43,1,1,3922.5,1863
2022-09-19 21:49:44,1,1,3922.5,1864
2022-09-19 21:49:46,2,-1,3922.25,1863
2022-09-19 21:49:47,7,-6,3922.25,1857
2022-09-19 21:49:49,1,-1,3922.0,1856
2022-09-19 21:49:50,9,-6,3922.0,1850
2022-09-19 21:49:51,4,4,3922.0,1854
2022-09-19 21:49:55,6,3,3922.25,1857
2022-09-19 21:49:58,1,-1,3922.25,1856
2022-09-19 21:50:01,1,-1,3922.25,1855
2022-09-19 21:50:02,2,0,3922.5,1855
2022-09-19 21:50:03,7,-3,3922.25,1852
2022-09-19 21:50:06,5,1,3922.25,1853
2022-09-19 21:50:08,6,3,3922.0,1856
2022-09-19 21:50:09,52,81,3922.5,1937
2022-09-19 21:50:11,1,-1,3922.0,1936
2022-09-19 21:50:12,4,-2,3922.0,1934
2022-09-19 21:50:14,3,3,3922.0,1937
2022-09-19 21:50:16,1,1,3922.0,1938
2022-09-19 21:50:20,2,2,3922.0,1940
2022-09-19 21:50:25,1,1,3922.25,1941
2022-09-19 21:50:26,4,2,3922.25,1943
2022-09-19 21:50:28,8,-5,3922.0,1938
2022-09-19 21:50:30,1,-1,3922.0,1937
2022-09-19 21:50:31,1,1,3922.0,1938
2022-09-19 21:50:32,2,2,3922.0,1940
2022-09-19 21:50:34,3,-3,3922.0,1937
2022-09-19 21:50:37,10,-2,3922.0,1935
2022-09-19 21:50:40,1,1,3922.0,1936
2022-09-19 21:50:43,3,3,3922.25,1939
2022-09-19 21:50:46,2,2,3922.25,1941
2022-09-19 21:50:47,1,1,3922.25,1942
2022-09-19 21:50:52,19,16,3922.5,1958
2022-09-19 21:50:54,2,0,3922.5,1958
2022-09-19 21:50:58,6,-5,3922.5,1953
2022-09-19 21:51:00,1,-1,3922.25,1952
2022-09-19 21:51:03,63,84,3923.0,2036
2022-09-19 21:51:05,7,-7,3922.5,2029
2022-09-19 21:51:08,21,-18,3922.5,2011
2022-09-19 21:51:09,1,1,3922.25,2012
2022-09-19 21:51:10,4,3,3922.25,2015
2022-09-19 21:51:14,1,1,3922.25,2016
2022-09-19 21:51:18,46,-32,3922.25,1984
2022-09-19 21:51:19,1,-1,3922.0,1983
2022-09-19 21:51:20,1,-1,3922.0,1982
2022-09-19 21:51:22,3,2,3922.25,1984
2022-09-19 21:51:23,1,-1,3922.25,1983
2022-09-19 21:51:25,2,2,3922.5,1985
2022-09-19 21:51:26,1,-1,3922.25,1984
2022-09-19 21:51:27,8,2,3922.5,1986
2022-09-19 21:51:29,15,-10,3922.25,1976
2022-09-19 21:51:30,14,12,3922.5,1988
2022-09-19 21:51:33,7,-6,3922.5,1982
2022-09-19 21:51:34,1,1,3922.5,1983
2022-09-19 21:51:35,8,1,3922.5,1984
2022-09-19 21:51:37,11,-2,3922.5,1982
2022-09-19 21:51:43,5,5,3922.75,1987
2022-09-19 21:51:45,1,1,3922.75,1988
2022-09-19 21:51:46,3,3,3923.0,1991
2022-09-19 21:51:47,2,2,3923.0,1993
2022-09-19 21:51:50,8,7,3923.0,2000
2022-09-19 21:51:52,16,-10,3922.75,1990
2022-09-19 21:51:53,2,0,3922.75,1990
2022-09-19 21:51:55,7,-4,3922.75,1986
2022-09-19 21:51:56,1,1,3922.75,1987
2022-09-19 21:52:00,18,-9,3922.5,1978
2022-09-19 21:52:02,3,-1,3922.5,1977
2022-09-19 21:52:04,13,11,3922.75,1988
2022-09-19 21:52:05,6,1,3922.75,1989
2022-09-19 21:52:06,2,-2,3922.75,1987
2022-09-19 21:52:07,2,-2,3922.75,1985
2022-09-19 21:52:08,21,3,3923.0,1988
2022-09-19 21:52:09,2,2,3922.75,1990
2022-09-19 21:52:10,5,0,3922.75,1990
2022-09-19 21:52:13,1,1,3923.0,1991
2022-09-19 21:52:15,66,42,3923.5,2033
2022-09-19 21:52:16,1,1,3923.5,2034
2022-09-19 21:52:17,1,-1,3923.25,2033
2022-09-19 21:52:18,13,-9,3923.25,2024
2022-09-19 21:52:22,2,-1,3923.25,2023
2022-09-19 21:52:23,6,-3,3923.25,2020
2022-09-19 21:52:24,3,3,3923.25,2023
2022-09-19 21:52:25,11,8,3923.5,2031
2022-09-19 21:52:26,4,-2,3923.5,2029
2022-09-19 21:52:27,1,-1,3923.25,2028
2022-09-19 21:52:30,22,17,3923.75,2045
2022-09-19 21:52:31,2,0,3923.75,2045
2022-09-19 21:52:34,6,-1,3923.75,2044
2022-09-19 21:52:35,38,-7,3923.5,2037
2022-09-19 21:52:38,2,-2,3923.25,2035
2022-09-19 21:52:40,6,0,3923.5,2035
2022-09-19 21:52:42,1,-1,3923.25,2034
2022-09-19 21:52:45,5,5,3923.5,2039
2022-09-19 21:52:46,11,2,3923.5,2041
2022-09-19 21:52:48,18,-1,3923.5,2040
2022-09-19 21:52:49,2,2,3923.5,2042
2022-09-19 21:52:50,2,-2,3923.25,2040
2022-09-19 21:52:51,5,-5,3923.25,2035
2022-09-19 21:52:52,5,5,3923.25,2040
2022-09-19 21:52:53,1,-1,3923.25,2039
2022-09-19 21:52:58,1,-1,3923.25,2038
2022-09-19 21:53:00,20,-27,3923.25,2011
2022-09-19 21:53:01,1,1,3923.25,2012
2022-09-19 21:53:02,3,3,3923.25,2015
2022-09-19 21:53:04,1,-1,3923.25,2014
2022-09-19 21:53:05,2,2,3923.5,2016
2022-09-19 21:53:07,6,-2,3923.5,2014
2022-09-19 21:53:11,1,1,3923.75,2015
2022-09-19 21:53:12,1,1,3923.75,2016
2022-09-19 21:53:13,7,-7,3923.5,2009
2022-09-19 21:53:16,52,6,3923.75,2015
2022-09-19 21:53:18,25,-12,3923.5,2003
2022-09-19 21:53:25,1,-1,3923.5,2002
2022-09-19 21:53:27,14,13,3924.0,2015
2022-09-19 21:53:28,13,-4,3924.0,2011
2022-09-19 21:53:32,8,-3,3923.75,2008
2022-09-19 21:53:37,5,-4,3923.5,2004
2022-09-19 21:53:39,1,-1,3923.5,2003
2022-09-19 21:53:41,2,2,3923.5,2005
2022-09-19 21:53:47,17,10,3923.75,2015
2022-09-19 21:53:48,3,2,3923.75,2017
2022-09-19 21:53:49,3,1,3923.75,2018
2022-09-19 21:53:52,6,2,3924.0,2020
2022-09-19 21:54:00,2,2,3924.0,2022
2022-09-19 21:54:01,1,-1,3923.75,2021
2022-09-19 21:54:04,1,-1,3923.75,2020
2022-09-19 21:54:06,53,19,3924.0,2039
2022-09-19 21:54:08,1,-1,3924.0,2038
2022-09-19 21:54:10,1,-1,3923.75,2037
2022-09-19 21:54:12,13,-12,3923.75,2025
2022-09-19 21:54:13,1,-1,3923.5,2024
2022-09-19 21:54:16,1,1,3923.75,2025
2022-09-19 21:54:17,3,3,3923.75,2028
2022-09-19 21:54:18,1,-1,3923.75,2027
2022-09-19 21:54:20,2,-1,3923.75,2026
2022-09-19 21:54:29,2,-1,3923.75,2025
2022-09-19 21:54:30,1,-1,3923.75,2024
2022-09-19 21:54:34,14,-13,3923.75,2011
2022-09-19 21:54:35,1,-1,3923.75,2010
2022-09-19 21:54:36,49,16,3924.0,2026
2022-09-19 21:54:37,2,-2,3924.0,2024
2022-09-19 21:54:38,27,24,3924.25,2048
2022-09-19 21:54:39,2,-1,3924.0,2047
2022-09-19 21:54:41,2,2,3924.25,2049
2022-09-19 21:54:43,2,2,3924.25,2051
2022-09-19 21:54:46,2,-2,3924.0,2049
2022-09-19 21:54:47,24,-14,3924.0,2035
2022-09-19 21:54:49,15,-3,3924.0,2032
2022-09-19 21:54:50,17,1,3924.0,2033
2022-09-19 21:54:52,4,0,3924.0,2033
2022-09-19 21:54:55,6,3,3924.25,2036
2022-09-19 21:54:56,1,-1,3924.0,2035
2022-09-19 21:54:57,1,-1,3924.0,2034
2022-09-19 21:55:03,5,4,3924.25,2038
2022-09-19 21:55:04,1,1,3924.25,2039
2022-09-19 21:55:07,1,1,3924.25,2040
2022-09-19 21:55:08,1,-1,3924.0,2039
2022-09-19 21:55:09,9,5,3924.25,2044
2022-09-19 21:55:11,20,-6,3924.25,2038
2022-09-19 21:55:12,1,1,3924.25,2039
2022-09-19 21:55:13,1,-1,3924.0,2038
2022-09-19 21:55:14,17,-10,3924.0,2028
2022-09-19 21:55:15,6,1,3924.0,2029
2022-09-19 21:55:18,8,6,3924.0,2035
2022-09-19 21:55:19,16,-4,3924.0,2031
2022-09-19 21:55:21,2,-1,3924.0,2030
2022-09-19 21:55:22,52,7,3924.5,2037
2022-09-19 21:55:25,21,16,3924.25,2053
2022-09-19 21:55:26,1,-1,3924.0,2052
2022-09-19 21:55:32,12,-5,3924.0,2047
2022-09-19 21:55:33,3,-3,3924.0,2044
2022-09-19 21:55:34,4,0,3924.25,2044
2022-09-19 21:55:35,2,-2,3923.75,2042
2022-09-19 21:55:36,2,2,3924.0,2044
2022-09-19 21:55:40,16,-15,3923.75,2029
2022-09-19 21:55:41,10,5,3923.75,2034
2022-09-19 21:55:42,1,-1,3923.5,2033
2022-09-19 21:55:43,1,-1,3923.5,2032
2022-09-19 21:55:45,1,-1,3923.5,2031
2022-09-19 21:55:46,5,-5,3923.5,2026
2022-09-19 21:55:49,6,5,3923.75,2031
2022-09-19 21:55:53,1,-1,3924.0,2030
2022-09-19 21:55:54,1,1,3924.25,2031
2022-09-19 21:55:57,1,-1,3924.0,2030
2022-09-19 21:56:00,26,-8,3924.0,2022
2022-09-19 21:56:01,1,-1,3923.75,2021
2022-09-19 21:56:13,1,-1,3923.75,2020
2022-09-19 21:56:16,2,2,3924.0,2022
2022-09-19 21:56:23,2,-2,3923.75,2020
2022-09-19 21:56:24,1,-1,3923.75,2019
2022-09-19 21:56:25,21,-12,3923.75,2007
2022-09-19 21:56:27,1,1,3924.0,2008
2022-09-19 21:56:28,12,4,3924.0,2012
2022-09-19 21:56:29,3,1,3924.0,2013
2022-09-19 21:56:35,67,6,3924.25,2019
2022-09-19 21:56:36,2,-2,3924.0,2017
2022-09-19 21:56:39,3,-3,3924.0,2014
2022-09-19 21:56:40,2,2,3924.0,2016
2022-09-19 21:56:47,7,6,3924.25,2022
2022-09-19 21:56:48,1,-1,3924.25,2021
2022-09-19 21:56:49,1,-1,3924.25,2020
2022-09-19 21:56:50,1,-1,3924.25,2019
2022-09-19 21:56:52,9,-1,3924.25,2018
2022-09-19 21:56:53,3,-3,3924.0,2015
2022-09-19 21:56:54,6,2,3924.5,2017
2022-09-19 21:57:00,1,1,3924.5,2018
2022-09-19 21:57:02,52,32,3924.5,2050
2022-09-19 21:57:04,1,1,3924.75,2051
2022-09-19 21:57:06,12,12,3924.75,2063
2022-09-19 21:57:07,9,-6,3924.75,2057
2022-09-19 21:57:08,1,-1,3924.75,2056
2022-09-19 21:57:09,2,-2,3924.75,2054
2022-09-19 21:57:11,16,8,3925.0,2062
2022-09-19 21:57:13,7,-3,3924.75,2059
2022-09-19 21:57:14,2,0,3924.75,2059
2022-09-19 21:57:17,2,0,3924.75,2059
2022-09-19 21:57:18,3,-3,3924.5,2056
2022-09-19 21:57:22,7,-6,3924.5,2050
2022-09-19 21:57:27,9,4,3924.5,2054
2022-09-19 21:57:28,1,1,3924.5,2055
2022-09-19 21:57:30,14,-6,3924.25,2049
2022-09-19 21:57:31,2,0,3924.5,2049
2022-09-19 21:57:32,1,-1,3924.25,2048
2022-09-19 21:57:35,4,1,3924.5,2049
2022-09-19 21:57:37,3,3,3924.5,2052
2022-09-19 21:57:39,3,-3,3924.5,2049
2022-09-19 21:57:40,4,-1,3924.75,2048
2022-09-19 21:57:41,3,2,3924.5,2050
2022-09-19 21:57:43,1,1,3924.75,2051
2022-09-19 21:57:46,8,8,3924.75,2059
2022-09-19 21:57:48,15,-13,3924.5,2046
2022-09-19 21:57:55,18,-16,3924.25,2030
2022-09-19 21:57:56,10,-10,3924.0,2020
2022-09-19 21:57:57,1,1,3924.25,2021
2022-09-19 21:57:59,9,7,3924.25,2028
2022-09-19 21:58:00,2,0,3924.25,2028
2022-09-19 21:58:01,2,-2,3924.0,2026
2022-09-19 21:58:03,5,-3,3924.0,2023
2022-09-19 21:58:04,1,-1,3924.0,2022
2022-09-19 21:58:08,1,-1,3924.0,2021
2022-09-19 21:58:09,5,-4,3924.0,2017
2022-09-19 21:58:10,2,-1,3924.0,2016
2022-09-19 21:58:16,14,9,3924.25,2025
2022-09-19 21:58:19,5,-5,3924.0,2020
2022-09-19 21:58:20,1,1,3924.25,2021
2022-09-19 21:58:21,2,0,3924.25,2021
2022-09-19 21:58:23,1,1,3924.25,2022
2022-09-19 21:58:24,29,-39,3924.25,1983
2022-09-19 21:58:26,3,-3,3924.0,1980
2022-09-19 21:58:27,1,1,3924.0,1981
2022-09-19 21:58:29,6,4,3924.0,1985
2022-09-19 21:58:31,1,-1,3924.0,1984
2022-09-19 21:58:34,11,-9,3924.0,1975
2022-09-19 21:58:39,16,4,3924.0,1979
2022-09-19 21:58:41,1,-1,3924.0,1978
2022-09-19 21:58:42,27,-11,3924.0,1967
2022-09-19 21:58:45,2,-2,3924.0,1965
2022-09-19 21:58:46,1,-1,3924.0,1964
2022-09-19 21:58:49,1,1,3924.0,1965
2022-09-19 21:58:52,2,-2,3923.75,1963
2022-09-19 21:58:53,4,-4,3923.75,1959
2022-09-19 21:58:54,6,-2,3923.75,1957
2022-09-19 21:58:57,7,4,3923.75,1961
2022-09-19 21:59:00,4,-4,3923.5,1957
2022-09-19 21:59:01,1,1,3923.75,1958
2022-09-19 21:59:05,1,-1,3923.5,1957
2022-09-19 21:59:10,1,1,3923.75,1958
2022-09-19 21:59:15,27,-12,3923.5,1946
2022-09-19 21:59:16,18,-5,3923.5,1941
2022-09-19 21:59:17,6,-4,3923.25,1937
2022-09-19 21:59:21,4,3,3923.25,1940
2022-09-19 21:59:22,5,-3,3923.5,1937
2022-09-19 21:59:26,1,1,3923.5,1938
2022-09-19 21:59:27,1,1,3923.5,1939
2022-09-19 21:59:28,11,-9,3923.25,1930
2022-09-19 21:59:30,2,-2,3923.5,1928
2022-09-19 21:59:31,2,0,3923.75,1928
2022-09-19 21:59:32,1,-1,3923.5,1927
2022-09-19 21:59:41,9,-4,3923.75,1923
2022-09-19 21:59:43,1,-1,3923.5,1922
2022-09-19 21:59:45,1,1,3923.5,1923
2022-09-19 21:59:47,4,-3,3923.5,1920
2022-09-19 21:59:49,3,3,3923.5,1923
2022-09-19 21:59:51,7,-3,3923.5,1920
2022-09-19 21:59:53,2,0,3923.5,1920
2022-09-19 21:59:55,2,0,3923.75,1920
2022-09-19 21:59:57,1,-1,3923.25,1919
2022-09-19 21:59:58,2,-2,3923.25,1917
2022-09-19 22:00:03,17,-6,3923.25,1911
2022-09-19 22:00:05,13,9,3923.25,1920
2022-09-19 22:00:06,5,-4,3923.25,1916
2022-09-19 22:00:10,20,-16,3923.0,1900
2022-09-19 22:00:13,13,11,3923.0,1911
2022-09-19 22:00:14,5,2,3923.25,1913
2022-09-19 22:00:16,2,0,3923.25,1913
2022-09-19 22:00:17,11,-6,3923.25,1907
2022-09-19 22:00:19,2,2,3923.25,1909
2022-09-19 22:00:20,26,0,3923.0,1909
2022-09-19 22:00:21,2,0,3923.0,1909
2022-09-19 22:00:22,2,2,3923.0,1911
2022-09-19 22:00:23,6,-4,3923.0,1907
2022-09-19 22:00:25,2,-2,3922.75,1905
2022-09-19 22:00:26,10,-10,3922.75,1895
2022-09-19 22:00:28,2,-2,3922.5,1893
2022-09-19 22:00:31,18,7,3922.75,1900
2022-09-19 22:00:33,2,-2,3922.75,1898
2022-09-19 22:00:34,52,46,3923.0,1944
2022-09-19 22:00:35,1,1,3923.0,1945
2022-09-19 22:00:36,19,17,3923.0,1962
2022-09-19 22:00:37,13,-2,3923.0,1960
2022-09-19 22:00:40,6,-4,3923.0,1956
2022-09-19 22:00:42,1,1,3923.0,1957
2022-09-19 22:00:51,5,4,3923.0,1961
2022-09-19 22:00:54,18,16,3923.5,1977
2022-09-19 22:00:55,3,0,3923.25,1977
2022-09-19 22:00:57,4,-4,3923.25,1973
2022-09-19 22:01:00,2,0,3923.5,1973
2022-09-19 22:01:01,1,1,3923.5,1974
2022-09-19 22:01:02,7,1,3923.5,1975
2022-09-19 22:01:03,9,-2,3923.5,1973
2022-09-19 22:01:04,1,1,3923.5,1974
2022-09-19 22:01:12,24,-12,3923.25,1962
2022-09-19 22:01:13,1,1,3923.25,1963
2022-09-19 22:01:15,1,-1,3923.0,1962
2022-09-19 22:01:27,12,10,3923.25,1972
2022-09-19 22:01:30,5,-5,3923.0,1967
2022-09-19 22:01:31,2,2,3923.25,1969
2022-09-19 22:01:33,3,-3,3923.0,1966
2022-09-19 22:01:38,12,4,3923.25,1970
2022-09-19 22:01:39,8,1,3923.5,1971
2022-09-19 22:01:40,5,3,3923.5,1974
2022-09-19 22:01:44,2,1,3923.25,1975
2022-09-19 22:01:46,2,-1,3923.25,1974
2022-09-19 22:01:48,3,3,3923.25,1977
2022-09-19 22:01:49,1,-1,3923.25,1976
2022-09-19 22:01:51,1,-1,3923.25,1975
2022-09-19 22:01:53,2,2,3923.25,1977
2022-09-19 22:01:57,1,-1,3923.25,1976
2022-09-19 22:02:04,1,1,3923.5,1977
2022-09-19 22:02:15,3,1,3923.5,1978
2022-09-19 22:02:18,5,3,3923.5,1981
2022-09-19 22:02:21,8,6,3923.75,1987
2022-09-19 22:02:22,3,2,3923.75,1989
2022-09-19 22:02:25,4,0,3923.75,1989
2022-09-19 22:02:26,2,2,3923.75,1991
2022-09-19 22:02:27,2,2,3923.75,1993
2022-09-19 22:02:29,1,1,3923.75,1994
2022-09-19 22:02:34,7,5,3924.0,1999
2022-09-19 22:02:35,13,-5,3923.75,1994
2022-09-19 22:02:37,2,0,3923.75,1994
2022-09-19 22:02:41,1,1,3924.0,1995
2022-09-19 22:02:47,17,-13,3923.75,1982
2022-09-19 22:02:49,2,-2,3923.5,1980
2022-09-19 22:02:50,4,3,3923.75,1983
2022-09-19 22:02:51,1,1,3923.75,1984
2022-09-19 22:02:53,1,-1,3923.5,1983
2022-09-19 22:02:55,3,3,3923.75,1986
2022-09-19 22:02:56,13,8,3924.0,1994
2022-09-19 22:03:01,1,1,3923.75,1995
2022-09-19 22:03:02,4,2,3923.75,1997
2022-09-19 22:03:03,29,-12,3923.5,1985
2022-09-19 22:03:11,1,-1,3923.25,1984
2022-09-19 22:03:19,2,2,3923.25,1986
2022-09-19 22:03:20,5,-3,3923.25,1983
2022-09-19 22:03:24,4,-4,3923.0,1979
2022-09-19 22:03:25,1,1,3923.25,1980
2022-09-19 22:03:28,1,-1,3923.0,1979
2022-09-19 22:03:30,43,-13,3923.25,1966
2022-09-19 22:03:33,24,0,3923.0,1966
2022-09-19 22:03:34,1,1,3923.0,1967
2022-09-19 22:03:43,1,1,3923.0,1968
2022-09-19 22:03:48,2,0,3923.0,1968
2022-09-19 22:03:49,18,-10,3923.0,1958
2022-09-19 22:03:50,1,-1,3922.5,1957
2022-09-19 22:03:51,15,-12,3922.5,1945
2022-09-19 22:03:53,1,1,3922.5,1946
2022-09-19 22:03:54,1,1,3922.5,1947
2022-09-19 22:03:56,2,0,3922.5,1947
2022-09-19 22:03:57,5,3,3922.5,1950
2022-09-19 22:03:59,1,1,3922.75,1951
2022-09-19 22:04:00,4,0,3922.75,1951
2022-09-19 22:04:02,3,-1,3922.5,1950
2022-09-19 22:04:05,1,1,3922.5,1951
2022-09-19 22:04:07,1,1,3922.75,1952
2022-09-19 22:04:14,12,-12,3922.5,1940
2022-09-19 22:04:16,3,3,3922.5,1943
2022-09-19 22:04:20,1,1,3922.75,1944
2022-09-19 22:04:21,11,-10,3922.5,1934
2022-09-19 22:04:24,1,-1,3922.5,1933
2022-09-19 22:04:25,1,-1,3922.5,1932
2022-09-19 22:04:33,2,0,3922.75,1932
2022-09-19 22:04:35,6,4,3922.75,1936
2022-09-19 22:04:36,1,1,3922.5,1937
2022-09-19 22:04:37,1,1,3922.5,1938
2022-09-19 22:04:41,3,1,3922.5,1939
2022-09-19 22:04:45,1,1,3922.5,1940
2022-09-19 22:04:46,6,-6,3922.25,1934
2022-09-19 22:04:47,3,3,3922.5,1937
2022-09-19 22:04:49,3,3,3922.5,1940
2022-09-19 22:04:50,3,-3,3922.5,1937
2022-09-19 22:04:51,1,-1,3922.25,1936
2022-09-19 22:04:53,2,-2,3922.25,1934
2022-09-19 22:04:54,1,-1,3922.25,1933
2022-09-19 22:04:57,3,-1,3922.5,1932
2022-09-19 22:05:00,4,-4,3922.25,1928
2022-09-19 22:05:01,3,3,3922.25,1931
2022-09-19 22:05:12,2,0,3922.25,1931
2022-09-19 22:05:13,1,-1,3922.0,1930
2022-09-19 22:05:14,1,-1,3922.0,1929
2022-09-19 22:05:15,1,-1,3922.0,1928
2022-09-19 22:05:20,1,-1,3922.0,1927
2022-09-19 22:05:25,1,-1,3922.0,1926
2022-09-19 22:05:27,1,-1,3922.0,1925
2022-09-19 22:05:29,9,7,3922.25,1932
2022-09-19 22:05:37,1,-1,3922.0,1931
2022-09-19 22:05:40,2,-1,3922.0,1930
2022-09-19 22:05:42,1,-1,3922.0,1929
2022-09-19 22:05:45,10,0,3922.25,1929
2022-09-19 22:05:52,8,-7,3922.25,1922
2022-09-19 22:05:58,8,7,3922.5,1929
2022-09-19 22:05:59,2,0,3922.5,1929
2022-09-19 22:06:00,2,2,3922.5,1931
2022-09-19 22:06:07,6,1,3922.75,1932
2022-09-19 22:06:10,2,2,3922.75,1934
2022-09-19 22:06:11,1,1,3922.75,1935
2022-09-19 22:06:12,1,1,3922.75,1936
2022-09-19 22:06:13,1,-1,3922.75,1935
2022-09-19 22:06:14,3,-3,3922.75,1932
2022-09-19 22:06:22,7,-5,3922.5,1927
2022-09-19 22:06:26,3,-3,3922.5,1924
2022-09-19 22:06:27,5,0,3922.5,1924
2022-09-19 22:06:28,2,0,3922.5,1924
2022-09-19 22:06:33,2,-1,3922.25,1923
2022-09-19 22:06:34,7,-6,3922.0,1917
2022-09-19 22:06:35,5,1,3922.0,1918
2022-09-19 22:06:40,3,-3,3921.75,1915
2022-09-19 22:06:41,8,4,3922.0,1919
2022-09-19 22:06:42,2,0,3921.75,1919
2022-09-19 22:06:43,1,1,3921.75,1920
2022-09-19 22:06:44,2,2,3921.75,1922
2022-09-19 22:06:48,2,0,3922.0,1922
2022-09-19 22:06:49,1,1,3922.0,1923
2022-09-19 22:06:50,1,-1,3921.75,1922
2022-09-19 22:06:51,1,-1,3921.75,1921
2022-09-19 22:06:52,4,1,3921.75,1922
2022-09-19 22:06:55,8,-8,3921.5,1914
2022-09-19 22:06:56,1,-1,3921.5,1913
2022-09-19 22:06:57,1,-1,3921.5,1912
2022-09-19 22:06:58,7,-7,3921.5,1905
2022-09-19 22:06:59,5,2,3921.75,1907
2022-09-19 22:07:00,2,0,3921.75,1907
2022-09-19 22:07:02,1,1,3921.75,1908
2022-09-19 22:07:05,1,1,3921.75,1909
2022-09-19 22:07:06,1,1,3921.75,1910
2022-09-19 22:07:07,1,-1,3921.5,1909
2022-09-19 22:07:08,1,1,3921.75,1910
2022-09-19 22:07:10,8,4,3921.75,1914
2022-09-19 22:07:11,2,2,3921.75,1916
2022-09-19 22:07:13,4,2,3922.0,1918
2022-09-19 22:07:16,12,10,3922.5,1928
2022-09-19 22:07:17,2,-2,3922.25,1926
2022-09-19 22:07:18,3,1,3922.5,1927
2022-09-19 22:07:21,6,-6,3922.25,1921
2022-09-19 22:07:22,6,6,3922.5,1927
2022-09-19 22:07:27,21,1,3922.5,1928
2022-09-19 22:07:30,1,1,3922.25,1929
2022-09-19 22:07:35,4,2,3922.25,1931
2022-09-19 22:07:42,4,4,3922.25,1935
2022-09-19 22:07:43,1,1,3922.5,1936
2022-09-19 22:07:47,2,-2,3922.25,1934
2022-09-19 22:07:57,1,-1,3922.25,1933
2022-09-19 22:07:58,14,1,3922.5,1934
2022-09-19 22:08:00,1,-1,3922.5,1933
2022-09-19 22:08:02,3,0,3922.5,1933
2022-09-19 22:08:05,1,1,3922.5,1934
2022-09-19 22:08:21,8,5,3922.75,1939
2022-09-19 22:08:22,4,-2,3922.75,1937
2022-09-19 22:08:27,1,1,3922.75,1938
2022-09-19 22:08:34,10,-7,3922.75,1931
2022-09-19 22:08:38,1,1,3922.75,1932
2022-09-19 22:08:39,4,4,3922.75,1936
2022-09-19 22:08:47,8,-5,3922.75,1931
2022-09-19 22:08:57,10,-7,3922.5,1924
2022-09-19 22:09:00,2,2,3922.5,1926
2022-09-19 22:09:03,1,1,3922.5,1927
2022-09-19 22:09:04,7,-6,3922.25,1921
2022-09-19 22:09:05,1,1,3922.25,1922
2022-09-19 22:09:08,1,1,3922.5,1923
2022-09-19 22:09:09,1,1,3922.5,1924
2022-09-19 22:09:16,4,4,3922.75,1928
2022-09-19 22:09:20,1,-1,3922.75,1927
2022-09-19 22:09:22,1,-1,3922.75,1926
2022-09-19 22:09:27,7,7,3923.0,1933
2022-09-19 22:09:28,9,-8,3923.0,1925
2022-09-19 22:09:29,1,-1,3923.0,1924
2022-09-19 22:09:30,5,-5,3923.0,1919
2022-09-19 22:09:35,1,-1,3922.75,1918
2022-09-19 22:09:42,8,4,3923.0,1922
2022-09-19 22:09:43,3,-3,3923.0,1919
2022-09-19 22:09:45,2,-1,3922.75,1918
2022-09-19 22:09:55,3,3,3922.75,1921
2022-09-19 22:10:03,3,-3,3922.75,1918
2022-09-19 22:10:04,5,-5,3922.5,1913
2022-09-19 22:10:05,2,0,3922.5,1913
2022-09-19 22:10:11,1,1,3922.75,1914
2022-09-19 22:10:12,1,-1,3922.5,1913
2022-09-19 22:10:13,5,-5,3922.5,1908
2022-09-19 22:10:17,6,6,3922.75,1914
2022-09-19 22:10:28,15,8,3923.0,1922
2022-09-19 22:10:31,3,3,3923.25,1925
2022-09-19 22:10:35,5,5,3923.25,1930
2022-09-19 22:10:37,1,-1,3923.25,1929
2022-09-19 22:10:38,3,-1,3923.25,1928
2022-09-19 22:10:39,6,0,3923.25,1928
2022-09-19 22:10:40,1,1,3923.25,1929
2022-09-19 22:10:43,3,3,3923.5,1932
2022-09-19 22:10:44,1,-1,3923.25,1931
2022-09-19 22:10:48,6,-5,3923.25,1926
2022-09-19 22:10:49,2,2,3923.25,1928
2022-09-19 22:10:50,1,1,3923.25,1929
2022-09-19 22:10:51,2,2,3923.25,1931
2022-09-19 22:10:52,2,-2,3923.25,1929
2022-09-19 22:10:53,6,2,3923.25,1931
2022-09-19 22:10:54,1,-1,3923.0,1930
2022-09-19 22:10:57,2,2,3923.25,1932
2022-09-19 22:11:02,14,11,3923.75,1943
2022-09-19 22:11:03,2,-2,3923.5,1941
2022-09-19 22:11:05,7,-4,3923.5,1937
2022-09-19 22:11:07,8,-2,3923.5,1935
2022-09-19 22:11:08,2,-2,3923.5,1933
2022-09-19 22:11:12,14,10,3923.75,1943
2022-09-19 22:11:17,16,-2,3923.75,1941
2022-09-19 22:11:18,1,1,3923.75,1942
2022-09-19 22:11:20,1,1,3923.75,1943
2022-09-19 22:11:31,1,-1,3923.5,1942
2022-09-19 22:11:32,10,-6,3923.5,1936
2022-09-19 22:11:33,1,1,3923.75,1937
2022-09-19 22:11:34,2,-2,3923.5,1935
2022-09-19 22:11:38,6,-6,3923.25,1929
2022-09-19 22:11:40,1,1,3923.5,1930
2022-09-19 22:11:43,15,-10,3923.25,1920
2022-09-19 22:11:44,1,-1,3923.25,1919
2022-09-19 22:11:47,1,-1,3923.25,1918
2022-09-19 22:11:48,1,1,3923.5,1919
2022-09-19 22:11:53,1,-1,3923.25,1918
2022-09-19 22:11:57,1,-1,3923.0,1917
2022-09-19 22:11:58,9,8,3923.25,1925
2022-09-19 22:12:01,2,-2,3923.25,1923
2022-09-19 22:12:04,6,6,3923.5,1929
2022-09-19 22:12:05,2,-2,3923.5,1927
2022-09-19 22:12:06,1,1,3923.5,1928
2022-09-19 22:12:16,3,-3,3923.5,1925
2022-09-19 22:12:21,6,-4,3923.25,1921
2022-09-19 22:12:24,9,7,3923.25,1928
2022-09-19 22:12:26,6,-6,3923.0,1922
2022-09-19 22:12:29,2,2,3923.25,1924
2022-09-19 22:12:31,2,2,3923.25,1926
2022-09-19 22:12:33,1,1,3923.5,1927
2022-09-19 22:12:38,1,1,3923.5,1928
2022-09-19 22:12:39,4,-3,3923.25,1925
2022-09-19 22:12:40,1,1,3923.25,1926
2022-09-19 22:12:41,2,2,3923.25,1928
2022-09-19 22:12:42,3,-1,3923.5,1927
2022-09-19 22:12:45,3,1,3923.5,1928
2022-09-19 22:12:51,8,-3,3923.0,1925
2022-09-19 22:12:53,1,1,3923.25,1926
2022-09-19 22:12:54,6,-6,3923.25,1920
2022-09-19 22:12:57,1,-1,3923.0,1919
2022-09-19 22:12:58,1,1,3923.25,1920
2022-09-19 22:13:03,4,2,3923.25,1922
2022-09-19 22:13:04,3,-3,3923.25,1919
2022-09-19 22:13:05,1,1,3923.25,1920
2022-09-19 22:13:08,10,4,3923.25,1924
2022-09-19 22:13:11,3,3,3923.25,1927
2022-09-19 22:13:17,13,-12,3923.25,1915
2022-09-19 22:13:23,1,1,3923.25,1916
2022-09-19 22:13:24,5,5,3923.25,1921
2022-09-19 22:13:25,1,-1,3923.25,1920
2022-09-19 22:13:27,1,-1,3923.25,1919
2022-09-19 22:13:30,3,-1,3923.5,1918
2022-09-19 22:13:36,2,2,3923.25,1920
2022-09-19 22:13:38,2,2,3923.5,1922
2022-09-19 22:13:40,16,12,3923.5,1934
2022-09-19 22:13:48,19,7,3923.75,1941
2022-09-19 22:13:51,9,7,3924.0,1948
2022-09-19 22:13:53,1,-1,3924.0,1947
2022-09-19 22:13:55,6,4,3924.25,1951
2022-09-19 22:13:59,27,7,3924.25,1958
2022-09-19 22:14:03,6,-6,3924.0,1952
2022-09-19 22:14:05,1,1,3924.25,1953
2022-09-19 22:14:06,13,1,3924.25,1954
2022-09-19 22:14:08,2,2,3924.25,1956
2022-09-19 22:14:09,4,4,3924.5,1960
2022-09-19 22:14:11,13,2,3924.5,1962
2022-09-19 22:14:15,5,-1,3924.0,1961
2022-09-19 22:14:17,1,-1,3924.0,1960
2022-09-19 22:14:18,1,1,3924.0,1961
2022-09-19 22:14:21,1,-1,3924.0,1960
2022-09-19 22:14:27,4,1,3924.0,1961
2022-09-19 22:14:31,7,2,3924.0,1963
2022-09-19 22:14:39,9,3,3924.0,1966
2022-09-19 22:14:43,12,-11,3923.75,1955
2022-09-19 22:14:44,1,1,3923.75,1956
2022-09-19 22:14:47,1,1,3923.75,1957
2022-09-19 22:14:48,1,-1,3923.5,1956
2022-09-19 22:14:51,11,-5,3923.5,1951
2022-09-19 22:14:53,7,-3,3923.25,1948
2022-09-19 22:14:54,12,7,3923.5,1955
2022-09-19 22:14:55,5,5,3923.75,1960
2022-09-19 22:14:57,2,2,3923.75,1962
2022-09-19 22:14:58,2,2,3923.75,1964
2022-09-19 22:15:00,6,0,3923.75,1964
2022-09-19 22:15:02,14,7,3924.0,1971
2022-09-19 22:15:03,1,1,3923.75,1972
2022-09-19 22:15:06,8,-7,3923.5,1965
2022-09-19 22:15:08,1,1,3923.5,1966
2022-09-19 22:15:09,2,-2,3923.5,1964
2022-09-19 22:15:21,1,1,3923.75,1965
2022-09-19 22:15:25,6,6,3923.75,1971
2022-09-19 22:15:27,1,-1,3923.75,1970
2022-09-19 22:15:28,1,-1,3923.75,1969
2022-09-19 22:15:32,1,1,3924.0,1970
2022-09-19 22:15:33,5,1,3924.0,1971
2022-09-19 22:15:35,4,-2,3924.0,1969
2022-09-19 22:15:38,1,1,3924.25,1970
2022-09-19 22:15:39,1,1,3924.25,1971
2022-09-19 22:15:40,1,1,3924.0,1972
2022-09-19 22:15:41,6,4,3924.0,1976
2022-09-19 22:15:45,1,-1,3924.0,1975
2022-09-19 22:15:49,1,-1,3924.0,1974
2022-09-19 22:15:57,1,1,3924.0,1975
2022-09-19 22:16:00,20,6,3924.0,1981
2022-09-19 22:16:04,3,1,3924.25,1982
2022-09-19 22:16:07,1,1,3924.25,1983
2022-09-19 22:16:08,1,-1,3924.0,1982
2022-09-19 22:16:12,1,-1,3924.0,1981
2022-09-19 22:16:13,1,1,3924.25,1982
2022-09-19 22:16:16,2,0,3924.25,1982
2022-09-19 22:16:18,1,-1,3924.0,1981
2022-09-19 22:16:19,1,-1,3924.0,1980
2022-09-19 22:16:20,1,-1,3924.0,1979
2022-09-19 22:16:21,3,-3,3924.0,1976
2022-09-19 22:16:22,3,-3,3924.0,1973
2022-09-19 22:16:24,6,-1,3924.0,1972
2022-09-19 22:16:26,8,-4,3924.0,1968
2022-09-19 22:16:29,6,-6,3923.75,1962
2022-09-19 22:16:31,1,1,3923.75,1963
2022-09-19 22:16:32,2,1,3923.75,1964
2022-09-19 22:16:37,1,-1,3923.5,1963
2022-09-19 22:16:43,20,-23,3923.75,1940
2022-09-19 22:16:46,2,2,3923.75,1942
2022-09-19 22:16:51,1,1,3924.0,1943
2022-09-19 22:16:53,4,4,3923.75,1947
2022-09-19 22:17:05,13,10,3924.0,1957
2022-09-19 22:17:14,1,-1,3924.0,1956
2022-09-19 22:17:19,7,7,3924.25,1963
2022-09-19 22:17:22,2,0,3924.25,1963
2022-09-19 22:17:23,1,-1,3924.0,1962
2022-09-19 22:17:24,2,0,3924.25,1962
2022-09-19 22:17:26,1,1,3924.25,1963
2022-09-19 22:17:32,2,2,3924.5,1965
2022-09-19 22:17:37,7,-2,3924.25,1963
2022-09-19 22:17:39,2,-2,3924.25,1961
2022-09-19 22:17:40,1,1,3924.25,1962
2022-09-19 22:17:41,1,1,3924.25,1963
2022-09-19 22:17:55,4,-1,3924.5,1962
2022-09-19 22:17:58,2,2,3924.5,1964
2022-09-19 22:18:01,2,-2,3924.25,1962
2022-09-19 22:18:02,11,-2,3924.25,1960
2022-09-19 22:18:06,8,-8,3924.25,1952
2022-09-19 22:18:08,8,-4,3924.25,1948
2022-09-19 22:18:10,1,1,3924.25,1949
2022-09-19 22:18:14,1,1,3924.5,1950
2022-09-19 22:18:22,4,3,3924.5,1953
2022-09-19 22:18:36,31,19,3924.5,1972
2022-09-19 22:18:41,1,1,3924.5,1973
2022-09-19 22:18:46,1,-1,3924.25,1972
2022-09-19 22:18:55,8,-7,3924.25,1965
2022-09-19 22:18:58,2,-2,3924.25,1963
2022-09-19 22:19:01,4,-2,3924.25,1961
2022-09-19 22:19:03,5,3,3924.0,1964
2022-09-19 22:19:06,3,-2,3924.0,1962
2022-09-19 22:19:08,2,2,3924.0,1964
2022-09-19 22:19:09,3,3,3924.0,1967
2022-09-19 22:19:10,2,-2,3924.0,1965
2022-09-19 22:19:12,7,7,3924.25,1972
2022-09-19 22:19:13,1,-1,3924.0,1971
2022-09-19 22:19:18,2,-2,3924.0,1969
2022-09-19 22:19:20,2,-2,3924.0,1967
2022-09-19 22:19:24,5,-5,3924.0,1962
2022-09-19 22:19:25,1,-1,3924.0,1961
2022-09-19 22:19:27,5,-5,3923.75,1956
2022-09-19 22:19:33,1,-1,3923.75,1955
2022-09-19 22:19:40,14,13,3924.0,1968
2022-09-19 22:19:41,1,-1,3924.0,1967
2022-09-19 22:19:56,4,4,3924.25,1971
2022-09-19 22:20:01,1,1,3924.25,1972
2022-09-19 22:20:05,5,-2,3924.25,1970
2022-09-19 22:20:07,1,1,3924.25,1971
2022-09-19 22:20:12,1,-1,3924.25,1970
2022-09-19 22:20:13,2,2,3924.25,1972
2022-09-19 22:20:14,2,-1,3924.25,1971
2022-09-19 22:20:15,1,-1,3924.0,1970
2022-09-19 22:20:20,1,-1,3924.0,1969
2022-09-19 22:20:21,12,-8,3924.0,1961
2022-09-19 22:20:23,2,2,3924.0,1963
2022-09-19 22:20:25,1,1,3924.0,1964
2022-09-19 22:20:26,1,-1,3923.75,1963
2022-09-19 22:20:31,7,7,3924.0,1970
2022-09-19 22:20:32,8,7,3924.0,1977
2022-09-19 22:20:49,4,-4,3924.0,1973
2022-09-19 22:20:51,2,-2,3924.0,1971
2022-09-19 22:21:01,1,1,3924.25,1972
2022-09-19 22:21:03,25,2,3924.25,1974
2022-09-19 22:21:04,2,2,3924.25,1976
2022-09-19 22:21:05,4,4,3924.25,1980
2022-09-19 22:21:06,2,-2,3924.25,1978
2022-09-19 22:21:14,2,2,3924.5,1980
2022-09-19 22:21:19,1,1,3924.5,1981
2022-09-19 22:21:22,1,1,3924.5,1982
2022-09-19 22:21:26,1,1,3924.5,1983
2022-09-19 22:21:29,2,-1,3924.25,1982
2022-09-19 22:21:33,3,-2,3924.25,1980
2022-09-19 22:21:39,18,-4,3924.25,1976
2022-09-19 22:21:45,1,-1,3924.25,1975
2022-09-19 22:21:51,19,-13,3924.0,1962
2022-09-19 22:21:54,3,1,3924.25,1963
2022-09-19 22:22:02,6,2,3924.25,1965
2022-09-19 22:22:03,1,-1,3924.25,1964
2022-09-19 22:22:04,7,-3,3924.25,1961
2022-09-19 22:22:10,69,-9,3924.0,1952
2022-09-19 22:22:12,16,9,3924.25,1961
2022-09-19 22:22:13,1,1,3924.0,1962
2022-09-19 22:22:14,10,-2,3924.0,1960
2022-09-19 22:22:15,1,1,3924.0,1961
2022-09-19 22:22:19,1,-1,3923.75,1960
2022-09-19 22:22:21,1,1,3924.0,1961
2022-09-19 22:22:22,3,-3,3923.75,1958
2022-09-19 22:22:28,2,2,3923.75,1960
2022-09-19 22:22:33,1,1,3923.75,1961
2022-09-19 22:22:34,2,0,3923.75,1961
2022-09-19 22:22:37,5,-1,3923.75,1960
2022-09-19 22:22:38,5,-5,3923.75,1955
2022-09-19 22:22:53,6,-6,3923.5,1949
2022-09-19 22:22:55,2,-1,3923.5,1948
2022-09-19 22:22:56,1,-1,3923.5,1947
2022-09-19 22:22:57,4,0,3923.75,1947
2022-09-19 22:22:58,6,2,3923.75,1949
2022-09-19 22:22:59,8,1,3924.0,1950
2022-09-19 22:23:06,1,-1,3923.75,1949
2022-09-19 22:23:07,1,-1,3923.75,1948
2022-09-19 22:23:10,7,-5,3923.75,1943
2022-09-19 22:23:12,1,-1,3923.5,1942
2022-09-19 22:23:14,1,-1,3923.75,1941
2022-09-19 22:23:16,3,-1,3923.75,1940
2022-09-19 22:23:19,1,1,3924.0,1941
2022-09-19 22:23:26,12,10,3923.75,1951
2022-09-19 22:23:30,9,-2,3923.75,1949
2022-09-19 22:23:40,4,4,3924.0,1953
2022-09-19 22:23:44,1,1,3924.25,1954
2022-09-19 22:23:54,2,2,3924.25,1956
2022-09-19 22:23:56,1,1,3924.25,1957
2022-09-19 22:24:01,15,-3,3924.25,1954
2022-09-19 22:24:02,2,2,3924.25,1956
2022-09-19 22:24:03,1,-1,3924.25,1955
2022-09-19 22:24:08,11,-3,3924.25,1952
2022-09-19 22:24:13,1,1,3924.25,1953
2022-09-19 22:24:18,5,1,3924.25,1954
2022-09-19 22:24:19,3,0,3924.25,1954
2022-09-19 22:24:20,1,1,3924.25,1955
2022-09-19 22:24:21,9,2,3924.0,1957
2022-09-19 22:24:33,2,2,3924.0,1959
2022-09-19 22:24:35,1,1,3924.0,1960
2022-09-19 22:24:36,1,1,3924.0,1961
2022-09-19 22:24:42,6,2,3923.75,1963
2022-09-19 22:24:43,1,1,3923.75,1964
2022-09-19 22:24:47,10,3,3923.75,1967
2022-09-19 22:24:49,11,-2,3923.75,1965
2022-09-19 22:24:55,3,1,3924.0,1966
2022-09-19 22:24:58,1,-1,3923.75,1965
2022-09-19 22:24:59,7,3,3924.0,1968
2022-09-19 22:25:00,1,-1,3924.0,1967
2022-09-19 22:25:01,2,2,3924.25,1969
2022-09-19 22:25:03,1,-1,3924.0,1968
2022-09-19 22:25:06,1,-1,3924.0,1967
2022-09-19 22:25:27,3,1,3924.0,1968
2022-09-19 22:25:31,1,-1,3924.0,1967
2022-09-19 22:25:33,1,1,3924.25,1968
2022-09-19 22:25:35,1,1,3924.25,1969
2022-09-19 22:25:40,2,-2,3924.0,1967
2022-09-19 22:25:47,2,2,3924.0,1969
2022-09-19 22:25:51,4,2,3924.0,1971
2022-09-19 22:25:57,1,-1,3924.0,1970
2022-09-19 22:26:12,20,-3,3923.75,1967
2022-09-19 22:26:13,3,-3,3923.5,1964
2022-09-19 22:26:17,1,1,3923.75,1965
2022-09-19 22:26:22,17,14,3923.75,1979
2022-09-19 22:26:24,3,-1,3924.0,1978
2022-09-19 22:26:30,3,-2,3923.75,1976
2022-09-19 22:26:39,3,3,3923.75,1979
2022-09-19 22:26:45,1,-1,3923.5,1978
2022-09-19 22:26:46,1,-1,3923.5,1977
2022-09-19 22:26:56,1,-1,3923.5,1976
2022-09-19 22:26:57,3,3,3923.75,1979
2022-09-19 22:26:58,10,-9,3923.5,1970
2022-09-19 22:27:01,13,-9,3923.25,1961
2022-09-19 22:27:04,1,-1,3923.25,1960
2022-09-19 22:27:13,15,-14,3923.25,1946
2022-09-19 22:27:15,1,1,3923.5,1947
2022-09-19 22:27:16,1,1,3923.5,1948
2022-09-19 22:27:18,1,-1,3923.25,1947
2022-09-19 22:27:20,1,-1,3923.25,1946
2022-09-19 22:27:22,1,1,3923.5,1947
2022-09-19 22:27:25,6,6,3923.5,1953
2022-09-19 22:27:26,4,-4,3923.5,1949
2022-09-19 22:27:27,2,2,3923.75,1951
2022-09-19 22:27:35,1,1,3923.75,1952
2022-09-19 22:27:45,1,1,3923.75,1953
2022-09-19 22:27:46,1,1,3923.75,1954
2022-09-19 22:27:52,2,2,3923.75,1956
2022-09-19 22:27:58,14,2,3924.0,1958
2022-09-19 22:28:01,1,1,3924.25,1959
2022-09-19 22:28:05,2,-2,3924.0,1957
2022-09-19 22:28:09,3,1,3924.25,1958
2022-09-19 22:28:18,1,1,3924.25,1959
2022-09-19 22:28:22,5,1,3924.25,1960
2022-09-19 22:28:24,1,1,3924.25,1961
2022-09-19 22:28:25,1,1,3924.25,1962
2022-09-19 22:28:28,1,1,3924.25,1963
2022-09-19 22:28:30,4,3,3924.25,1966
2022-09-19 22:28:31,2,-2,3924.25,1964
2022-09-19 22:28:33,2,-1,3924.25,1963
2022-09-19 22:28:36,1,1,3924.25,1964
2022-09-19 22:28:42,2,2,3924.25,1966
2022-09-19 22:28:48,2,-2,3924.25,1964
2022-09-19 22:28:50,1,-1,3924.25,1963
2022-09-19 22:28:54,2,2,3924.25,1965
2022-09-19 22:28:57,2,-2,3924.25,1963
2022-09-19 22:29:01,18,10,3924.5,1973
2022-09-19 22:29:03,1,-1,3924.25,1972
2022-09-19 22:29:05,1,-1,3924.25,1971
2022-09-19 22:29:06,44,34,3924.75,2005
2022-09-19 22:29:10,7,-3,3924.75,2002
2022-09-19 22:29:11,2,2,3925.0,2004
2022-09-19 22:29:12,3,-3,3924.75,2001
2022-09-19 22:29:13,1,1,3924.75,2002
2022-09-19 22:29:14,9,-4,3924.75,1998
2022-09-19 22:29:18,3,2,3924.75,2000
2022-09-19 22:29:19,3,-3,3924.75,1997
2022-09-19 22:29:22,4,-2,3924.75,1995
2022-09-19 22:29:25,1,1,3925.0,1996
2022-09-19 22:29:26,2,-2,3924.75,1994
2022-09-19 22:29:28,3,-3,3924.75,1991
2022-09-19 22:29:29,39,16,3925.0,2007
2022-09-19 22:29:32,7,7,3925.25,2014
2022-09-19 22:29:37,31,-4,3925.25,2010
2022-09-19 22:29:38,1,1,3925.25,2011
2022-09-19 22:29:39,1,1,3925.25,2012
2022-09-19 22:29:43,3,-1,3925.25,2011
2022-09-19 22:29:50,3,-1,3925.25,2010
2022-09-19 22:29:52,21,-5,3925.0,2005
2022-09-19 22:29:53,3,-1,3925.0,2004
2022-09-19 22:30:00,30,7,3925.25,2011
2022-09-19 22:30:02,1,1,3925.25,2012
2022-09-19 22:30:03,2,2,3925.25,2014
2022-09-19 22:30:04,1,1,3925.25,2015
2022-09-19 22:30:05,22,-6,3925.25,2009
2022-09-19 22:30:06,3,-2,3925.0,2007
2022-09-19 22:30:07,2,-2,3925.0,2005
2022-09-19 22:30:11,5,3,3925.25,2008
2022-09-19 22:30:12,9,3,3925.25,2011
2022-09-19 22:30:13,26,15,3925.5,2026
2022-09-19 22:30:14,15,-3,3925.25,2023
2022-09-19 22:30:15,4,-4,3925.0,2019
2022-09-19 22:30:16,7,-7,3924.75,2012
2022-09-19 22:30:19,2,2,3924.75,2014
2022-09-19 22:30:20,13,7,3924.75,2021
2022-09-19 22:30:22,64,-16,3924.75,2005
2022-09-19 22:30:23,1,-1,3924.5,2004
2022-09-19 22:30:24,32,-16,3924.5,1988
2022-09-19 22:30:25,8,1,3924.5,1989
2022-09-19 22:30:26,15,5,3924.5,1994
2022-09-19 22:30:27,8,2,3924.5,1996
2022-09-19 22:30:28,1,-1,3924.5,1995
2022-09-19 22:30:30,16,8,3924.75,2003
2022-09-19 22:30:40,1,-1,3924.75,2002
2022-09-19 22:30:43,12,4,3925.0,2006
2022-09-19 22:30:46,10,7,3925.25,2013
2022-09-19 22:30:48,4,-4,3925.0,2009
2022-09-19 22:30:50,2,2,3925.25,2011
2022-09-19 22:30:52,3,3,3925.25,2014
2022-09-19 22:30:56,6,-6,3925.25,2008
2022-09-19 22:30:59,1,-1,3925.25,2007
2022-09-19 22:31:00,6,-6,3925.25,2001
2022-09-19 22:31:01,1,1,3925.25,2002
2022-09-19 22:31:04,2,-2,3925.0,2000
2022-09-19 22:31:05,2,0,3925.0,2000
2022-09-19 22:31:10,2,-2,3925.0,1998
2022-09-19 22:31:14,3,-3,3925.0,1995
2022-09-19 22:31:18,1,1,3925.0,1996
2022-09-19 22:31:21,12,0,3925.25,1996
2022-09-19 22:31:22,4,1,3925.0,1997
2022-09-19 22:31:25,4,4,3925.0,2001
2022-09-19 22:31:27,10,-10,3924.75,1991
2022-09-19 22:31:34,4,3,3925.0,1994
2022-09-19 22:31:36,4,-4,3924.75,1990
2022-09-19 22:31:40,1,1,3925.0,1991
2022-09-19 22:31:46,4,4,3925.0,1995
2022-09-19 22:31:50,8,-7,3924.75,1988
2022-09-19 22:31:51,17,-12,3924.5,1976
2022-09-19 22:31:52,1,1,3924.5,1977
2022-09-19 22:32:01,2,2,3924.5,1979
2022-09-19 22:32:02,1,1,3924.5,1980
2022-09-19 22:32:04,1,1,3924.5,1981
2022-09-19 22:32:05,1,1,3924.5,1982
2022-09-19 22:32:06,1,-1,3924.5,1981
2022-09-19 22:32:08,3,-3,3924.5,1978
2022-09-19 22:32:19,3,-3,3924.5,1975
2022-09-19 22:32:35,1,1,3924.5,1976
2022-09-19 22:32:38,11,5,3924.5,1981
2022-09-19 22:32:42,7,-6,3924.5,1975
2022-09-19 22:32:44,1,1,3924.5,1976
2022-09-19 22:32:47,1,1,3924.5,1977
2022-09-19 22:32:49,3,1,3924.5,1978
2022-09-19 22:32:52,3,-3,3924.5,1975
2022-09-19 22:32:59,4,3,3924.75,1978
2022-09-19 22:33:01,1,1,3925.0,1979
2022-09-19 22:33:02,8,3,3925.0,1982
2022-09-19 22:33:04,3,3,3925.0,1985
2022-09-19 22:33:05,4,-2,3925.0,1983
2022-09-19 22:33:06,3,3,3925.0,1986
2022-09-19 22:33:10,7,-4,3925.0,1982
2022-09-19 22:33:20,1,1,3925.0,1983
2022-09-19 22:33:25,4,-4,3924.75,1979
2022-09-19 22:33:26,6,-3,3924.5,1976
2022-09-19 22:33:27,1,1,3924.5,1977
2022-09-19 22:33:33,1,1,3924.75,1978
2022-09-19 22:33:44,1,-1,3924.5,1977
2022-09-19 22:33:46,10,-5,3924.5,1972
2022-09-19 22:33:48,1,-1,3924.25,1971
2022-09-19 22:33:49,3,-3,3924.25,1968
2022-09-19 22:33:56,2,-2,3924.25,1966
2022-09-19 22:33:58,1,-1,3924.25,1965
2022-09-19 22:34:01,2,2,3924.5,1967
2022-09-19 22:34:02,2,1,3924.5,1968
2022-09-19 22:34:03,1,1,3924.75,1969
2022-09-19 22:34:06,2,-1,3924.5,1968
2022-09-19 22:34:11,4,0,3924.5,1968
2022-09-19 22:34:19,3,-3,3924.5,1965
2022-09-19 22:34:29,1,-1,3924.25,1964
2022-09-19 22:34:36,1,1,3924.5,1965
2022-09-19 22:34:44,7,-5,3924.25,1960
2022-09-19 22:34:48,1,-1,3924.0,1959
2022-09-19 22:34:51,2,2,3924.25,1961
2022-09-19 22:34:52,1,-1,3924.0,1960
2022-09-19 22:35:00,3,2,3924.25,1962
2022-09-19 22:35:01,1,-1,3924.25,1961
2022-09-19 22:35:02,1,1,3924.25,1962
2022-09-19 22:35:05,7,-2,3924.5,1960
2022-09-19 22:35:06,1,1,3924.25,1961
2022-09-19 22:35:14,1,-1,3924.0,1960
2022-09-19 22:35:16,9,-4,3924.0,1956
2022-09-19 22:35:29,1,-1,3924.0,1955
2022-09-19 22:35:34,1,-1,3924.0,1954
2022-09-19 22:35:38,2,-1,3924.0,1953
2022-09-19 22:35:46,2,1,3924.0,1954
2022-09-19 22:35:49,4,3,3924.25,1957
2022-09-19 22:35:51,1,-1,3924.0,1956
2022-09-19 22:35:52,2,2,3924.25,1958
2022-09-19 22:35:53,2,2,3924.25,1960
2022-09-19 22:35:58,4,-4,3924.0,1956
2022-09-19 22:36:05,2,-2,3923.75,1954
2022-09-19 22:36:06,5,5,3924.0,1959
2022-09-19 22:36:07,1,1,3924.0,1960
2022-09-19 22:36:19,1,1,3924.0,1961
2022-09-19 22:36:20,10,6,3924.0,1967
2022-09-19 22:36:22,11,-5,3924.0,1962
2022-09-19 22:36:30,8,3,3924.0,1965
2022-09-19 22:36:31,1,-1,3924.0,1964
2022-09-19 22:36:32,4,-4,3923.75,1960
2022-09-19 22:36:34,1,-1,3924.0,1959
2022-09-19 22:36:42,1,1,3924.25,1960
2022-09-19 22:36:44,7,-2,3924.0,1958
2022-09-19 22:36:49,2,-2,3924.0,1956
2022-09-19 22:37:01,2,-2,3924.0,1954
2022-09-19 22:37:03,3,1,3924.0,1955
2022-09-19 22:37:12,2,2,3924.25,1957
2022-09-19 22:37:32,2,-2,3924.25,1955
2022-09-19 22:37:36,4,-3,3924.0,1952
2022-09-19 22:37:37,1,1,3924.0,1953
2022-09-19 22:37:39,3,-3,3924.0,1950
2022-09-19 22:37:40,1,1,3924.0,1951
2022-09-19 22:37:47,3,3,3924.0,1954
2022-09-19 22:37:52,14,-13,3923.75,1941
2022-09-19 22:38:01,21,-19,3923.5,1922
2022-09-19 22:38:02,6,3,3923.5,1925
2022-09-19 22:38:04,1,-1,3923.25,1924
2022-09-19 22:38:07,1,-1,3923.25,1923
2022-09-19 22:38:08,4,0,3923.5,1923
2022-09-19 22:38:09,1,1,3923.5,1924
2022-09-19 22:38:11,1,-1,3923.5,1923
2022-09-19 22:38:12,4,3,3923.75,1926
2022-09-19 22:38:21,3,3,3924.0,1929
2022-09-19 22:38:22,1,-1,3924.0,1928
2022-09-19 22:38:25,1,1,3924.0,1929
2022-09-19 22:38:30,9,-6,3924.0,1923
2022-09-19 22:38:31,3,-3,3923.75,1920
2022-09-19 22:38:36,6,-6,3923.75,1914
2022-09-19 22:38:40,1,1,3923.75,1915
2022-09-19 22:38:41,1,-1,3923.75,1914
2022-09-19 22:38:45,1,1,3923.75,1915
2022-09-19 22:38:55,5,-5,3923.5,1910
2022-09-19 22:38:57,3,-1,3923.5,1909
2022-09-19 22:39:01,1,1,3923.5,1910
2022-09-19 22:39:03,5,3,3923.75,1913
2022-09-19 22:39:05,2,2,3923.75,1915
2022-09-19 22:39:06,2,-1,3923.75,1914
2022-09-19 22:39:13,3,1,3924.0,1915
2022-09-19 22:39:15,1,-1,3923.75,1914
2022-09-19 22:39:17,1,1,3923.75,1915
2022-09-19 22:39:18,1,1,3923.75,1916
2022-09-19 22:39:23,4,4,3923.75,1920
2022-09-19 22:39:25,1,-1,3923.5,1919
2022-09-19 22:39:31,2,-1,3923.75,1918
2022-09-19 22:39:34,2,2,3923.75,1920
2022-09-19 22:39:35,1,-1,3923.75,1919
2022-09-19 22:39:44,1,-1,3923.75,1918
2022-09-19 22:39:46,11,-10,3923.5,1908
2022-09-19 22:39:59,49,46,3923.75,1954
2022-09-19 22:40:00,4,-2,3923.25,1952
2022-09-19 22:40:01,2,2,3923.25,1954
2022-09-19 22:40:09,15,4,3923.25,1958
2022-09-19 22:40:10,1,1,3923.25,1959
2022-09-19 22:40:11,10,-8,3923.0,1951
2022-09-19 22:40:18,1,1,3923.25,1952
2022-09-19 22:40:19,9,-7,3923.0,1945
2022-09-19 22:40:21,10,-10,3922.75,1935
2022-09-19 22:40:22,1,-1,3922.75,1934
2022-09-19 22:40:24,9,6,3923.0,1940
2022-09-19 22:40:26,5,3,3923.0,1943
2022-09-19 22:40:30,2,-2,3922.75,1941
2022-09-19 22:40:34,4,4,3923.0,1945
2022-09-19 22:40:45,15,-11,3922.75,1934
2022-09-19 22:40:47,1,-1,3922.5,1933
2022-09-19 22:40:49,2,-2,3922.5,1931
2022-09-19 22:40:51,5,-1,3922.75,1930
2022-09-19 22:40:58,1,-1,3922.75,1929
2022-09-19 22:41:00,1,1,3922.75,1930
2022-09-19 22:41:01,3,3,3922.75,1933
2022-09-19 22:41:02,1,-1,3922.5,1932
2022-09-19 22:41:11,1,1,3922.75,1933
2022-09-19 22:41:19,1,-1,3922.75,1932
2022-09-19 22:41:26,1,1,3922.75,1933
2022-09-19 22:41:27,2,2,3922.75,1935
2022-09-19 22:41:34,2,-2,3922.75,1933
2022-09-19 22:41:35,1,-1,3922.75,1932
2022-09-19 22:41:36,1,1,3922.75,1933
2022-09-19 22:41:39,1,1,3922.75,1934
2022-09-19 22:41:42,2,-2,3922.75,1932
2022-09-19 22:41:44,1,1,3922.75,1933
2022-09-19 22:41:46,3,-3,3922.75,1930
2022-09-19 22:41:51,1,-1,3922.5,1929
2022-09-19 22:42:00,4,3,3922.75,1932
2022-09-19 22:42:02,11,7,3923.0,1939
2022-09-19 22:42:03,1,-1,3923.0,1938
2022-09-19 22:42:06,2,-2,3923.0,1936
2022-09-19 22:42:07,1,1,3923.0,1937
2022-09-19 22:42:12,1,-1,3922.75,1936
2022-09-19 22:42:24,2,1,3922.75,1937
2022-09-19 22:42:25,8,-7,3922.5,1930
2022-09-19 22:42:29,1,1,3922.5,1931
2022-09-19 22:42:31,1,1,3922.75,1932
2022-09-19 22:42:36,1,-1,3922.5,1931
2022-09-19 22:42:37,3,-2,3922.5,1929
2022-09-19 22:42:42,10,2,3922.75,1931
2022-09-19 22:42:45,2,0,3922.75,1931
2022-09-19 22:42:54,12,-10,3922.75,1921
2022-09-19 22:42:58,3,3,3923.0,1924
2022-09-19 22:42:59,1,-1,3923.0,1923
2022-09-19 22:43:01,1,-1,3922.75,1922
2022-09-19 22:43:06,1,-1,3922.75,1921
2022-09-19 22:43:08,2,2,3923.0,1923
2022-09-19 22:43:11,3,3,3923.0,1926
2022-09-19 22:43:12,1,1,3923.0,1927
2022-09-19 22:43:14,1,-1,3923.0,1926
2022-09-19 22:43:27,5,-5,3923.0,1921
2022-09-19 22:43:32,1,-1,3923.0,1920
2022-09-19 22:43:33,9,-2,3923.25,1918
2022-09-19 22:43:51,1,1,3923.0,1919
2022-09-19 22:44:03,1,1,3923.25,1920
2022-09-19 22:44:10,1,-1,3923.0,1919
2022-09-19 22:44:13,11,-3,3923.25,1916
2022-09-19 22:44:14,1,1,3923.0,1917
2022-09-19 22:44:18,5,-5,3922.75,1912
2022-09-19 22:44:31,21,-6,3922.5,1906
2022-09-19 22:44:34,1,-1,3922.5,1905
2022-09-19 22:44:35,1,-1,3922.5,1904
2022-09-19 22:44:39,1,1,3922.75,1905
2022-09-19 22:44:53,1,-1,3922.5,1904
2022-09-19 22:44:55,5,5,3922.75,1909
2022-09-19 22:45:00,25,6,3923.0,1915
2022-09-19 22:45:04,6,-6,3922.5,1909
2022-09-19 22:45:06,4,-2,3922.5,1907
2022-09-19 22:45:07,2,2,3922.5,1909
2022-09-19 22:45:08,1,1,3922.5,1910
2022-09-19 22:45:11,1,-1,3922.25,1909
2022-09-19 22:45:12,12,0,3922.25,1909
2022-09-19 22:45:16,1,1,3922.25,1910
2022-09-19 22:45:17,3,-3,3922.0,1907
2022-09-19 22:45:21,1,-1,3922.0,1906
2022-09-19 22:45:25,9,7,3922.25,1913
2022-09-19 22:45:30,7,9,3922.75,1922
2022-09-19 22:45:40,1,-1,3922.75,1921
2022-09-19 22:45:41,2,-2,3922.75,1919
2022-09-19 22:45:50,1,-1,3922.75,1918
2022-09-19 22:45:52,6,8,3923.25,1926
2022-09-19 22:45:53,1,-1,3923.0,1925
2022-09-19 22:45:54,1,1,3923.0,1926
2022-09-19 22:46:01,2,0,3923.0,1926
2022-09-19 22:46:09,1,1,3923.0,1927
2022-09-19 22:46:15,2,2,3923.25,1929
2022-09-19 22:46:17,5,5,3923.5,1934
2022-09-19 22:46:18,2,2,3923.5,1936
2022-09-19 22:46:23,6,-6,3923.25,1930
2022-09-19 22:46:24,1,1,3923.5,1931
2022-09-19 22:46:25,3,2,3923.5,1933
2022-09-19 22:46:26,1,-1,3923.25,1932
2022-09-19 22:46:27,1,-1,3923.25,1931
2022-09-19 22:46:29,2,-2,3923.25,1929
2022-09-19 22:46:36,7,-7,3923.25,1922
2022-09-19 22:46:40,1,1,3923.5,1923
2022-09-19 22:46:54,3,3,3923.25,1926
2022-09-19 22:46:58,4,4,3923.25,1930
2022-09-19 22:46:59,2,-2,3923.0,1928
2022-09-19 22:47:04,2,2,3923.25,1930
2022-09-19 22:47:05,2,2,3923.5,1932
2022-09-19 22:47:15,2,2,3923.25,1934
2022-09-19 22:47:16,1,1,3923.5,1935
2022-09-19 22:47:20,3,-1,3923.5,1934
2022-09-19 22:47:32,1,1,3923.75,1935
2022-09-19 22:47:37,4,-4,3923.5,1931
2022-09-19 22:47:39,1,-1,3923.5,1930
2022-09-19 22:47:40,5,-7,3923.5,1923
2022-09-19 22:47:43,4,5,3923.75,1928
2022-09-19 22:47:47,6,-6,3923.5,1922
2022-09-19 22:47:48,1,-1,3923.5,1921
2022-09-19 22:47:55,2,2,3923.5,1923
2022-09-19 22:48:00,1,-1,3923.25,1922
2022-09-19 22:48:10,3,-3,3923.25,1919
2022-09-19 22:48:12,2,2,3923.25,1921
2022-09-19 22:48:21,4,3,3923.5,1924
2022-09-19 22:48:24,1,-1,3923.5,1923
2022-09-19 22:48:27,1,1,3923.5,1924
2022-09-19 22:48:31,1,1,3923.5,1925
2022-09-19 22:48:33,1,-1,3923.5,1924
2022-09-19 22:48:46,1,-1,3923.5,1923
2022-09-19 22:48:50,1,-1,3923.5,1922
2022-09-19 22:49:01,16,9,3923.75,1931
2022-09-19 22:49:06,17,9,3924.0,1940
2022-09-19 22:49:08,1,1,3924.0,1941
2022-09-19 22:49:11,1,1,3924.0,1942
2022-09-19 22:49:16,2,2,3924.0,1944
2022-09-19 22:49:18,1,1,3924.0,1945
2022-09-19 22:49:20,1,1,3924.0,1946
2022-09-19 22:49:22,1,1,3924.0,1947
2022-09-19 22:49:26,5,-5,3923.75,1942
2022-09-19 22:49:31,1,1,3924.0,1943
2022-09-19 22:49:37,3,3,3923.75,1946
2022-09-19 22:49:38,1,1,3923.75,1947
2022-09-19 22:49:39,1,1,3923.75,1948
2022-09-19 22:49:40,4,-3,3923.5,1945
2022-09-19 22:50:00,7,-7,3923.25,1938
2022-09-19 22:50:01,1,1,3923.5,1939
2022-09-19 22:50:03,3,3,3923.5,1942
2022-09-19 22:50:04,1,-1,3923.25,1941
2022-09-19 22:50:13,1,-1,3923.25,1940
2022-09-19 22:50:14,1,1,3923.5,1941
2022-09-19 22:50:16,1,-1,3923.5,1940
2022-09-19 22:50:18,3,-3,3923.25,1937
2022-09-19 22:50:22,1,-1,3923.25,1936
2022-09-19 22:50:23,3,-1,3923.25,1935
2022-09-19 22:50:24,1,-1,3923.25,1934
2022-09-19 22:50:25,1,-1,3923.0,1933
2022-09-19 22:50:27,1,-1,3923.0,1932
2022-09-19 22:50:29,12,-9,3923.25,1923
2022-09-19 22:50:34,9,-3,3923.0,1920
2022-09-19 22:50:41,4,4,3923.0,1924
2022-09-19 22:50:42,2,-1,3923.0,1923
2022-09-19 22:50:45,5,3,3923.25,1926
2022-09-19 22:50:46,1,-1,3923.25,1925
2022-09-19 22:50:51,8,5,3923.5,1930
2022-09-19 22:50:58,1,-1,3923.25,1929
2022-09-19 22:50:59,1,-1,3923.25,1928
2022-09-19 22:51:00,3,3,3923.5,1931
2022-09-19 22:51:01,1,1,3923.75,1932
2022-09-19 22:51:03,7,0,3923.75,1932
2022-09-19 22:51:05,1,-1,3923.5,1931
2022-09-19 22:51:14,2,-2,3923.25,1929
2022-09-19 22:51:19,2,-2,3923.25,1927
2022-09-19 22:51:22,3,-1,3923.5,1926
2022-09-19 22:51:26,3,-1,3923.25,1925
2022-09-19 22:51:34,1,1,3923.5,1926
2022-09-19 22:51:41,2,-2,3923.25,1924
2022-09-19 22:51:46,1,1,3923.5,1925
2022-09-19 22:51:47,1,-1,3923.25,1924
2022-09-19 22:51:48,3,-3,3923.25,1921
2022-09-19 22:51:49,3,2,3923.25,1923
2022-09-19 22:51:51,2,-2,3923.25,1921
2022-09-19 22:51:53,1,-1,3923.25,1920
2022-09-19 22:51:54,1,1,3923.5,1921
2022-09-19 22:51:55,1,-1,3923.25,1920
2022-09-19 22:52:00,3,1,3923.25,1921
2022-09-19 22:52:02,1,-1,3923.25,1920
2022-09-19 22:52:03,1,-1,3923.25,1919
2022-09-19 22:52:05,1,-1,3923.25,1918
2022-09-19 22:52:08,3,0,3923.25,1918
2022-09-19 22:52:12,1,-1,3923.0,1917
2022-09-19 22:52:15,1,-1,3923.25,1916
2022-09-19 22:52:16,2,-1,3923.25,1915
2022-09-19 22:52:22,1,-1,3923.0,1914
2022-09-19 22:52:23,1,-1,3923.0,1913
2022-09-19 22:52:27,4,3,3923.25,1916
2022-09-19 22:52:29,4,2,3923.5,1918
2022-09-19 22:52:37,5,2,3923.5,1920
2022-09-19 22:52:41,1,1,3923.75,1921
2022-09-19 22:52:56,1,1,3923.75,1922
2022-09-19 22:52:59,10,-3,3923.75,1919
2022-09-19 22:53:00,3,-3,3923.75,1916
2022-09-19 22:53:01,10,8,3924.0,1924
2022-09-19 22:53:02,1,1,3924.0,1925
2022-09-19 22:53:04,1,1,3924.0,1926
2022-09-19 22:53:05,1,1,3924.0,1927
2022-09-19 22:53:07,1,1,3924.0,1928
2022-09-19 22:53:08,2,2,3924.0,1930
2022-09-19 22:53:17,1,1,3924.0,1931
2022-09-19 22:53:19,2,2,3924.0,1933
2022-09-19 22:53:23,1,-1,3923.75,1932
2022-09-19 22:53:25,1,1,3924.0,1933
2022-09-19 22:53:31,1,1,3924.0,1934
2022-09-19 22:53:34,5,5,3924.0,1939
2022-09-19 22:53:35,1,-1,3924.0,1938
2022-09-19 22:53:37,2,-2,3924.0,1936
2022-09-19 22:53:43,12,8,3924.0,1944
2022-09-19 22:53:44,1,-1,3923.75,1943
2022-09-19 22:53:45,2,2,3924.0,1945
2022-09-19 22:53:48,2,2,3924.0,1947
2022-09-19 22:53:49,3,-3,3924.0,1944
2022-09-19 22:53:56,1,1,3924.25,1945
2022-09-19 22:54:08,9,-9,3924.0,1936
2022-09-19 22:54:16,2,-2,3924.0,1934
2022-09-19 22:54:29,8,-8,3924.0,1926
2022-09-19 22:54:31,2,1,3924.0,1927
2022-09-19 22:54:32,2,-1,3924.0,1926
2022-09-19 22:54:35,2,-2,3923.75,1924
2022-09-19 22:54:40,3,1,3923.75,1925
2022-09-19 22:54:43,1,1,3923.75,1926
2022-09-19 22:54:50,4,4,3924.0,1930
2022-09-19 22:54:56,1,1,3924.0,1931
2022-09-19 22:55:02,2,0,3924.0,1931
2022-09-19 22:55:03,1,-1,3924.0,1930
2022-09-19 22:55:04,1,-1,3923.75,1929
2022-09-19 22:55:08,1,1,3924.0,1930
2022-09-19 22:55:14,25,26,3924.75,1956
2022-09-19 22:55:20,1,1,3924.75,1957
2022-09-19 22:55:24,1,-1,3924.5,1956
2022-09-19 22:55:26,2,-2,3924.5,1954
2022-09-19 22:55:32,1,1,3924.75,1955
2022-09-19 22:55:35,13,-11,3924.5,1944
2022-09-19 22:55:36,3,-1,3924.5,1943
2022-09-19 22:55:37,1,-1,3924.5,1942
2022-09-19 22:55:40,2,-2,3924.5,1940
2022-09-19 22:55:42,1,1,3924.5,1941
2022-09-19 22:55:50,1,-1,3924.5,1940
2022-09-19 22:55:53,1,-1,3924.5,1939
2022-09-19 22:55:58,5,-4,3924.5,1935
2022-09-19 22:56:04,1,-1,3924.25,1934
2022-09-19 22:56:11,2,-2,3924.0,1932
2022-09-19 22:56:12,2,2,3924.25,1934
2022-09-19 22:56:17,1,-1,3924.25,1933
2022-09-19 22:56:20,2,0,3924.5,1933
2022-09-19 22:56:31,1,1,3924.5,1934
2022-09-19 22:56:32,3,3,3924.5,1937
2022-09-19 22:56:35,2,2,3924.75,1939
2022-09-19 22:56:38,1,-1,3924.5,1938
2022-09-19 22:56:39,2,-2,3924.5,1936
2022-09-19 22:56:40,3,3,3924.5,1939
2022-09-19 22:56:41,1,1,3924.75,1940
2022-09-19 22:56:43,1,1,3924.75,1941
2022-09-19 22:56:52,1,-1,3924.5,1940
2022-09-19 22:56:56,2,-2,3924.5,1938
2022-09-19 22:56:59,1,1,3924.75,1939
2022-09-19 22:57:01,1,1,3924.5,1940
2022-09-19 22:57:14,2,2,3924.5,1942
2022-09-19 22:57:19,2,-2,3924.5,1940
2022-09-19 22:57:28,5,-2,3924.5,1938
2022-09-19 22:57:31,1,-1,3924.5,1937
2022-09-19 22:57:53,1,-1,3924.25,1936
2022-09-19 22:57:57,13,13,3924.5,1949
2022-09-19 22:57:58,2,2,3924.5,1951
2022-09-19 22:58:01,10,7,3924.75,1958
2022-09-19 22:58:05,1,-1,3924.5,1957
2022-09-19 22:58:09,2,0,3924.75,1957
2022-09-19 22:58:10,3,2,3924.5,1959
2022-09-19 22:58:11,4,4,3924.5,1963
2022-09-19 22:58:15,1,1,3924.75,1964
2022-09-19 22:58:16,2,2,3924.75,1966
2022-09-19 22:58:18,1,1,3924.75,1967
2022-09-19 22:58:31,25,18,3925.0,1985
2022-09-19 22:58:32,1,-1,3925.0,1984
2022-09-19 22:58:36,4,-3,3925.0,1981
2022-09-19 22:58:38,2,-2,3925.0,1979
2022-09-19 22:58:46,9,-7,3924.75,1972
2022-09-19 22:58:47,2,2,3924.75,1974
2022-09-19 22:58:52,1,-1,3924.75,1973
2022-09-19 22:58:54,2,2,3924.75,1975
2022-09-19 22:59:05,2,-2,3924.75,1973
2022-09-19 22:59:06,12,8,3925.0,1981
2022-09-19 22:59:08,3,-2,3925.0,1979
2022-09-19 22:59:10,1,-1,3924.75,1978
2022-09-19 22:59:17,1,-1,3924.75,1977
2022-09-19 22:59:22,2,1,3924.75,1978
2022-09-19 22:59:24,1,-1,3924.75,1977
2022-09-19 22:59:27,2,0,3924.75,1977
2022-09-19 22:59:30,6,2,3924.75,1979
2022-09-19 22:59:31,11,0,3924.75,1979
2022-09-19 22:59:43,1,1,3924.75,1980
2022-09-19 22:59:46,1,-1,3924.75,1979
2022-09-19 22:59:55,3,-3,3924.75,1976
2022-09-19 23:00:00,3,1,3925.0,1977
2022-09-19 23:00:02,20,-8,3924.75,1969
2022-09-19 23:00:03,5,5,3924.75,1974
2022-09-19 23:00:05,3,-1,3924.75,1973
2022-09-19 23:00:07,1,-1,3924.5,1972
2022-09-19 23:00:11,1,-1,3924.5,1971
2022-09-19 23:00:18,16,3,3924.5,1974
2022-09-19 23:00:19,13,10,3924.75,1984
2022-09-19 23:00:20,6,2,3924.75,1986
2022-09-19 23:00:22,1,1,3924.75,1987
2022-09-19 23:00:23,1,-1,3924.75,1986
2022-09-19 23:00:33,10,8,3924.75,1994
2022-09-19 23:00:34,1,-1,3924.75,1993
2022-09-19 23:00:36,1,1,3924.75,1994
2022-09-19 23:00:37,3,1,3924.75,1995
2022-09-19 23:00:42,1,1,3924.75,1996
2022-09-19 23:00:46,3,-1,3924.75,1995
2022-09-19 23:00:55,1,-1,3924.5,1994
2022-09-19 23:00:57,3,-1,3924.75,1993
2022-09-19 23:00:59,2,-2,3924.5,1991
2022-09-19 23:01:01,10,-9,3924.5,1982
2022-09-19 23:01:05,1,-1,3924.25,1981
2022-09-19 23:01:07,7,1,3924.5,1982
2022-09-19 23:01:36,1,-1,3924.25,1981
2022-09-19 23:01:38,1,1,3924.5,1982
2022-09-19 23:01:55,2,-2,3924.25,1980
2022-09-19 23:02:02,8,4,3924.5,1984
2022-09-19 23:02:05,4,-4,3924.25,1980
2022-09-19 23:02:07,2,-2,3924.5,1978
2022-09-19 23:02:08,1,1,3924.75,1979
2022-09-19 23:02:18,15,2,3924.75,1981
2022-09-19 23:02:19,2,-2,3924.75,1979
2022-09-19 23:02:29,3,-3,3924.5,1976
2022-09-19 23:02:38,7,7,3924.75,1983
2022-09-19 23:02:40,3,-3,3924.75,1980
2022-09-19 23:03:02,10,7,3924.75,1987
2022-09-19 23:03:05,5,-5,3924.5,1982
2022-09-19 23:03:09,1,-1,3924.5,1981
2022-09-19 23:03:13,6,2,3924.25,1983
2022-09-19 23:03:15,9,8,3924.25,1991
2022-09-19 23:03:18,13,-13,3924.0,1978
2022-09-19 23:03:19,3,-3,3923.75,1975
2022-09-19 23:03:20,16,-11,3923.75,1964
2022-09-19 23:03:21,6,6,3924.0,1970
2022-09-19 23:03:22,2,2,3924.0,1972
2022-09-19 23:03:27,1,1,3924.0,1973
2022-09-19 23:03:28,1,-1,3924.0,1972
2022-09-19 23:03:33,1,1,3924.25,1973
2022-09-19 23:03:34,1,-1,3924.25,1972
2022-09-19 23:03:38,1,-1,3924.25,1971
2022-09-19 23:03:41,3,-2,3924.25,1969
2022-09-19 23:03:44,1,1,3924.25,1970
2022-09-19 23:03:58,2,-2,3924.25,1968
2022-09-19 23:04:04,1,-1,3924.0,1967
2022-09-19 23:04:10,1,-1,3923.75,1966
2022-09-19 23:04:15,2,2,3924.0,1968
2022-09-19 23:04:19,8,4,3924.0,1972
2022-09-19 23:04:24,2,2,3924.25,1974
2022-09-19 23:04:27,1,1,3924.25,1975
2022-09-19 23:04:28,3,-3,3924.0,1972
2022-09-19 23:04:31,10,-7,3924.0,1965
2022-09-19 23:04:34,3,-1,3924.25,1964
2022-09-19 23:04:37,23,11,3924.5,1975
2022-09-19 23:04:39,1,-1,3924.5,1974
2022-09-19 23:04:42,2,-2,3924.5,1972
2022-09-19 23:04:45,2,2,3924.75,1974
2022-09-19 23:04:47,1,-1,3924.5,1973
2022-09-19 23:04:50,6,-5,3924.5,1968
2022-09-19 23:04:51,4,-4,3924.25,1964
2022-09-19 23:04:52,2,-2,3924.25,1962
2022-09-19 23:05:01,1,-1,3924.25,1961
2022-09-19 23:05:02,2,2,3924.5,1963
2022-09-19 23:05:18,3,-3,3924.5,1960
2022-09-19 23:05:21,1,-1,3924.25,1959
2022-09-19 23:05:24,8,8,3924.5,1967
2022-09-19 23:05:45,1,-1,3924.5,1966
2022-09-19 23:05:48,1,-1,3924.25,1965
2022-09-19 23:05:51,1,1,3924.5,1966
2022-09-19 23:05:59,6,4,3924.5,1970
2022-09-19 23:06:00,2,-2,3924.5,1968
2022-09-19 23:06:03,4,-3,3924.25,1965
2022-09-19 23:06:06,5,-5,3924.25,1960
2022-09-19 23:06:09,5,-5,3924.0,1955
2022-09-19 23:06:26,7,4,3924.25,1959
2022-09-19 23:06:39,3,1,3924.25,1960
2022-09-19 23:06:45,4,-4,3924.25,1956
2022-09-19 23:06:52,3,1,3924.25,1957
2022-09-19 23:06:53,1,-1,3924.0,1956
2022-09-19 23:06:55,3,3,3924.25,1959
2022-09-19 23:06:58,6,-5,3924.25,1954
2022-09-19 23:07:04,6,-6,3924.0,1948
2022-09-19 23:07:07,3,3,3924.0,1951
2022-09-19 23:07:08,2,2,3924.0,1953
2022-09-19 23:07:09,1,-1,3924.0,1952
2022-09-19 23:07:18,5,2,3924.0,1954
2022-09-19 23:07:31,1,1,3924.25,1955
2022-09-19 23:07:37,1,1,3924.25,1956
2022-09-19 23:07:45,2,2,3924.25,1958
2022-09-19 23:07:47,2,2,3924.25,1960
2022-09-19 23:07:51,4,-4,3924.0,1956
2022-09-19 23:07:54,2,0,3924.25,1956
2022-09-19 23:08:16,1,-1,3924.0,1955
2022-09-19 23:08:25,2,-1,3924.0,1954
2022-09-19 23:08:29,1,1,3924.25,1955
2022-09-19 23:08:57,1,-1,3924.0,1954
2022-09-19 23:09:10,28,-6,3924.0,1948
2022-09-19 23:09:11,4,0,3924.0,1948
2022-09-19 23:09:12,3,3,3924.0,1951
2022-09-19 23:09:15,2,-2,3924.0,1949
2022-09-19 23:09:19,10,8,3924.0,1957
2022-09-19 23:09:28,1,1,3924.25,1958
2022-09-19 23:09:31,2,-2,3924.25,1956
2022-09-19 23:09:32,2,2,3924.25,1958
2022-09-19 23:09:35,1,-1,3924.25,1957
2022-09-19 23:09:41,3,-3,3924.25,1954
2022-09-19 23:09:43,1,1,3924.25,1955
2022-09-19 23:09:46,4,2,3924.25,1957
2022-09-19 23:09:48,1,1,3924.25,1958
2022-09-19 23:09:49,1,-1,3924.0,1957
2022-09-19 23:09:52,2,2,3924.25,1959
2022-09-19 23:09:55,1,-1,3924.0,1958
2022-09-19 23:09:58,1,-1,3924.0,1957
2022-09-19 23:09:59,1,1,3924.25,1958
2022-09-19 23:10:03,3,1,3924.25,1959
2022-09-19 23:10:05,1,-1,3924.0,1958
2022-09-19 23:10:06,14,-7,3924.0,1951
2022-09-19 23:10:11,5,0,3924.25,1951
2022-09-19 23:10:35,16,6,3924.25,1957
2022-09-19 23:10:36,2,-2,3924.25,1955
2022-09-19 23:10:40,3,3,3924.25,1958
2022-09-19 23:10:45,10,-9,3924.25,1949
2022-09-19 23:10:48,2,-2,3924.0,1947
2022-09-19 23:10:54,28,20,3924.5,1967
2022-09-19 23:10:55,3,-3,3924.5,1964
2022-09-19 23:10:59,2,0,3924.25,1964
2022-09-19 23:11:09,14,-12,3924.0,1952
2022-09-19 23:11:12,1,-1,3923.75,1951
2022-09-19 23:11:22,7,3,3924.0,1954
2022-09-19 23:11:24,20,15,3924.25,1969
2022-09-19 23:11:29,4,-4,3924.0,1965
2022-09-19 23:11:33,4,2,3924.0,1967
2022-09-19 23:11:40,3,-3,3924.0,1964
2022-09-19 23:11:48,2,-2,3924.0,1962
2022-09-19 23:11:54,7,5,3924.25,1967
2022-09-19 23:12:06,5,1,3924.5,1968
2022-09-19 23:12:39,2,2,3924.5,1970
2022-09-19 23:12:40,6,6,3924.75,1976
2022-09-19 23:12:43,19,11,3924.75,1987
2022-09-19 23:12:44,3,2,3924.75,1989
2022-09-19 23:12:45,8,-7,3924.75,1982
2022-09-19 23:12:49,1,-1,3924.5,1981
2022-09-19 23:12:53,1,-1,3924.5,1980
2022-09-19 23:12:58,1,-1,3924.5,1979
2022-09-19 23:13:05,1,-1,3924.5,1978
2022-09-19 23:13:10,1,1,3924.75,1979
2022-09-19 23:13:21,2,1,3924.75,1980
2022-09-19 23:13:34,3,2,3924.75,1982
2022-09-19 23:13:35,1,1,3924.75,1983
2022-09-19 23:13:46,32,14,3924.75,1997
2022-09-19 23:13:48,2,-2,3924.75,1995
2022-09-19 23:13:49,1,-1,3924.75,1994
2022-09-19 23:13:50,1,-1,3924.75,1993
2022-09-19 23:13:53,18,14,3925.25,2007
2022-09-19 23:13:56,4,0,3925.25,2007
2022-09-19 23:14:00,16,-11,3925.0,1996
2022-09-19 23:14:12,1,-1,3925.0,1995
2022-09-19 23:14:14,2,2,3925.25,1997
2022-09-19 23:14:16,1,1,3925.25,1998
2022-09-19 23:14:18,1,1,3925.25,1999
2022-09-19 23:14:26,8,-4,3925.25,1995
2022-09-19 23:14:27,1,1,3925.25,1996
2022-09-19 23:14:29,1,1,3925.25,1997
2022-09-19 23:14:30,3,-2,3925.0,1995
2022-09-19 23:14:35,7,3,3925.25,1998
2022-09-19 23:14:44,1,1,3925.25,1999
2022-09-19 23:14:53,10,-2,3925.0,1997
2022-09-19 23:14:59,2,-2,3925.0,1995
2022-09-19 23:15:01,3,-1,3925.0,1994
2022-09-19 23:15:02,1,1,3925.0,1995
2022-09-19 23:15:06,1,1,3925.0,1996
2022-09-19 23:15:09,1,-1,3925.0,1995
2022-09-19 23:15:11,2,2,3925.25,1997
2022-09-19 23:15:17,2,0,3925.0,1997
2022-09-19 23:15:21,1,1,3925.0,1998
2022-09-19 23:15:25,3,3,3925.0,2001
2022-09-19 23:15:34,1,-1,3925.0,2000
2022-09-19 23:15:39,1,-1,3925.0,1999
2022-09-19 23:15:42,6,6,3925.25,2005
2022-09-19 23:15:49,5,-2,3925.0,2003
2022-09-19 23:15:55,1,1,3925.25,2004
2022-09-19 23:16:00,1,-1,3925.0,2003
2022-09-19 23:16:01,14,-9,3925.0,1994
2022-09-19 23:16:05,1,1,3925.25,1995
2022-09-19 23:16:07,22,9,3925.25,2004
2022-09-19 23:16:08,5,-1,3925.25,2003
2022-09-19 23:16:11,2,-1,3925.25,2002
2022-09-19 23:16:14,6,-4,3925.25,1998
2022-09-19 23:16:15,1,1,3925.25,1999
2022-09-19 23:16:18,1,-1,3925.25,1998
2022-09-19 23:16:20,1,-1,3925.25,1997
2022-09-19 23:16:35,11,-3,3925.25,1994
2022-09-19 23:16:41,4,2,3925.25,1996
2022-09-19 23:16:42,50,32,3925.5,2028
2022-09-19 23:16:49,8,8,3925.75,2036
2022-09-19 23:16:50,1,-1,3925.5,2035
2022-09-19 23:16:53,49,1,3925.75,2036
2022-09-19 23:16:54,29,18,3926.0,2054
2022-09-19 23:16:55,5,2,3925.75,2056
2022-09-19 23:16:58,10,9,3926.0,2065
2022-09-19 23:17:00,7,1,3925.75,2066
2022-09-19 23:17:04,2,-1,3925.75,2065
2022-09-19 23:17:05,1,-1,3925.5,2064
2022-09-19 23:17:06,1,1,3925.75,2065
2022-09-19 23:17:09,9,3,3925.5,2068
2022-09-19 23:17:17,9,-3,3925.25,2065
2022-09-19 23:17:18,4,4,3925.5,2069
2022-09-19 23:17:27,5,5,3925.5,2074
2022-09-19 23:17:30,3,1,3925.5,2075
2022-09-19 23:17:33,1,-1,3925.5,2074
2022-09-19 23:17:35,1,-1,3925.5,2073
2022-09-19 23:17:43,1,1,3925.75,2074
2022-09-19 23:17:47,5,1,3925.5,2075
2022-09-19 23:17:57,5,5,3925.5,2080
2022-09-19 23:18:05,2,-2,3925.25,2078
2022-09-19 23:18:29,2,-2,3925.0,2076
2022-09-19 23:18:32,19,-9,3925.0,2067
2022-09-19 23:18:33,2,-2,3924.75,2065
2022-09-19 23:18:34,5,3,3925.0,2068
2022-09-19 23:18:35,1,1,3925.0,2069
2022-09-19 23:18:48,1,-1,3924.75,2068
2022-09-19 23:18:52,9,-5,3924.75,2063
2022-09-19 23:18:53,5,1,3924.75,2064
2022-09-19 23:18:56,21,-10,3924.5,2054
2022-09-19 23:18:58,12,-4,3924.25,2050
2022-09-19 23:18:59,1,1,3924.25,2051
2022-09-19 23:19:01,2,-2,3924.25,2049
2022-09-19 23:19:06,1,1,3924.25,2050
2022-09-19 23:19:09,2,-2,3924.0,2048
2022-09-19 23:19:12,6,6,3924.25,2054
2022-09-19 23:19:13,6,2,3924.25,2056
2022-09-19 23:19:14,8,-2,3924.25,2054
2022-09-19 23:19:17,1,1,3924.25,2055
2022-09-19 23:19:23,1,-1,3924.0,2054
2022-09-19 23:19:25,4,-4,3924.0,2050
2022-09-19 23:19:27,1,1,3924.25,2051
2022-09-19 23:19:34,15,-2,3924.0,2049
2022-09-19 23:19:38,1,1,3924.0,2050
2022-09-19 23:19:45,4,-4,3923.75,2046
2022-09-19 23:19:46,1,-1,3923.75,2045
2022-09-19 23:19:47,7,-4,3923.75,2041
2022-09-19 23:19:48,3,0,3923.75,2041
2022-09-19 23:19:50,1,-1,3923.75,2040
2022-09-19 23:19:51,1,-1,3923.75,2039
2022-09-19 23:19:53,3,-3,3923.75,2036
2022-09-19 23:19:55,1,-1,3923.5,2035
2022-09-19 23:19:56,2,2,3923.75,2037
2022-09-19 23:19:57,2,-2,3923.75,2035
2022-09-19 23:20:00,4,-4,3923.5,2031
2022-09-19 23:20:02,10,10,3923.75,2041
2022-09-19 23:20:04,15,-12,3923.5,2029
2022-09-19 23:20:05,4,-4,3923.5,2025
2022-09-19 23:20:06,5,-5,3923.5,2020
2022-09-19 23:20:07,3,3,3923.5,2023
2022-09-19 23:20:13,4,1,3923.75,2024
2022-09-19 23:20:19,1,1,3923.75,2025
2022-09-19 23:20:23,4,4,3923.75,2029
2022-09-19 23:20:24,1,1,3924.0,2030
2022-09-19 23:20:45,3,-2,3923.75,2028
2022-09-19 23:20:46,3,-3,3923.5,2025
2022-09-19 23:20:47,1,1,3923.5,2026
2022-09-19 23:20:53,1,1,3923.75,2027
2022-09-19 23:20:56,5,-5,3923.5,2022
2022-09-19 23:20:57,4,-4,3923.5,2018
2022-09-19 23:20:59,3,3,3923.75,2021
2022-09-19 23:21:16,1,-1,3923.5,2020
2022-09-19 23:21:21,11,6,3923.75,2026
2022-09-19 23:21:22,2,2,3923.75,2028
2022-09-19 23:21:24,3,-2,3923.5,2026
2022-09-19 23:21:30,10,8,3923.5,2034
2022-09-19 23:21:31,5,1,3923.5,2035
2022-09-19 23:21:34,1,1,3923.5,2036
2022-09-19 23:21:44,1,1,3923.5,2037
2022-09-19 23:21:45,4,4,3923.5,2041
2022-09-19 23:21:50,1,-1,3923.5,2040
2022-09-19 23:22:08,8,8,3923.75,2048
2022-09-19 23:22:10,2,-2,3923.75,2046
2022-09-19 23:22:12,2,2,3923.75,2048
2022-09-19 23:22:21,9,-8,3923.75,2040
2022-09-19 23:22:27,13,-6,3923.5,2034
2022-09-19 23:22:39,9,6,3923.5,2040
2022-09-19 23:22:47,4,-4,3923.5,2036
2022-09-19 23:22:53,1,-1,3923.5,2035
2022-09-19 23:23:05,11,5,3923.75,2040
2022-09-19 23:23:06,1,1,3923.75,2041
2022-09-19 23:23:16,1,1,3923.75,2042
2022-09-19 23:23:18,1,1,3923.75,2043
2022-09-19 23:23:22,7,7,3923.75,2050
2022-09-19 23:23:25,5,-5,3923.75,2045
2022-09-19 23:23:27,2,2,3923.75,2047
2022-09-19 23:23:30,3,3,3923.75,2050
2022-09-19 23:23:39,4,-4,3923.75,2046
2022-09-19 23:23:40,9,-4,3923.75,2042
2022-09-19 23:23:41,3,-1,3923.75,2041
2022-09-19 23:23:42,4,0,3923.75,2041
2022-09-19 23:23:43,4,-2,3923.5,2039
2022-09-19 23:23:44,6,0,3923.5,2039
2022-09-19 23:23:45,4,1,3923.5,2040
2022-09-19 23:23:55,1,1,3923.5,2041
2022-09-19 23:23:57,1,-1,3923.5,2040
2022-09-19 23:24:07,1,-1,3923.5,2039
2022-09-19 23:24:15,19,-14,3923.5,2025
2022-09-19 23:24:16,2,2,3923.5,2027
2022-09-19 23:24:21,2,2,3923.5,2029
2022-09-19 23:24:32,2,-1,3923.25,2028
2022-09-19 23:24:34,8,5,3923.5,2033
2022-09-19 23:24:36,1,1,3923.5,2034
2022-09-19 23:24:38,5,-5,3923.25,2029
2022-09-19 23:24:41,5,5,3923.5,2034
2022-09-19 23:24:42,4,4,3923.75,2038
2022-09-19 23:24:45,9,6,3923.75,2044
2022-09-19 23:24:50,5,-5,3923.75,2039
2022-09-19 23:25:00,5,-2,3923.75,2037
2022-09-19 23:25:02,2,2,3923.5,2039
2022-09-19 23:25:04,1,1,3923.75,2040
2022-09-19 23:25:05,16,12,3923.75,2052
2022-09-19 23:25:06,3,1,3923.75,2053
2022-09-19 23:25:17,1,-1,3923.75,2052
2022-09-19 23:25:22,1,-1,3923.75,2051
2022-09-19 23:25:41,1,-1,3923.75,2050
2022-09-19 23:25:42,2,2,3923.75,2052
2022-09-19 23:25:43,2,2,3923.75,2054
2022-09-19 23:25:57,3,-3,3923.75,2051
2022-09-19 23:25:59,2,0,3923.75,2051
2022-09-19 23:26:14,2,2,3924.0,2053
2022-09-19 23:26:32,1,1,3924.0,2054
2022-09-19 23:26:48,1,-1,3923.75,2053
2022-09-19 23:26:52,4,2,3924.0,2055
2022-09-19 23:26:56,12,8,3924.0,2063
2022-09-19 23:27:06,6,-4,3924.0,2059
2022-09-19 23:27:10,10,2,3924.0,2061
2022-09-19 23:27:16,5,5,3924.25,2066
2022-09-19 23:27:21,4,-3,3924.0,2063
2022-09-19 23:27:30,1,1,3924.0,2064
2022-09-19 23:27:36,1,-1,3923.75,2063
2022-09-19 23:27:37,1,-1,3923.75,2062
2022-09-19 23:27:41,2,-2,3923.75,2060
2022-09-19 23:27:47,5,0,3924.0,2060
2022-09-19 23:27:50,2,2,3924.0,2062
2022-09-19 23:28:05,2,-1,3924.0,2061
2022-09-19 23:28:06,2,-2,3924.0,2059
2022-09-19 23:28:11,1,1,3924.25,2060
2022-09-19 23:28:14,1,1,3924.25,2061
2022-09-19 23:28:20,5,4,3924.25,2065
2022-09-19 23:28:23,6,0,3924.5,2065
2022-09-19 23:28:36,5,3,3924.25,2068
2022-09-19 23:28:37,7,2,3924.25,2070
2022-09-19 23:28:38,2,-1,3924.25,2069
2022-09-19 23:28:50,1,-1,3924.0,2068
2022-09-19 23:28:56,13,-9,3924.0,2059
2022-09-19 23:29:00,1,1,3924.0,2060
2022-09-19 23:29:04,2,2,3924.0,2062
2022-09-19 23:29:06,2,-2,3923.75,2060
2022-09-19 23:29:30,1,-1,3923.75,2059
2022-09-19 23:29:34,6,5,3924.0,2064
2022-09-19 23:29:35,1,-1,3924.0,2063
2022-09-19 23:29:36,1,1,3924.0,2064
2022-09-19 23:29:45,2,2,3924.25,2066
2022-09-19 23:29:47,14,2,3924.25,2068
2022-09-19 23:29:58,2,0,3924.25,2068
2022-09-19 23:29:59,1,1,3924.25,2069
2022-09-19 23:30:00,5,5,3924.25,2074
2022-09-19 23:30:06,1,1,3924.5,2075
2022-09-19 23:30:07,2,-2,3924.25,2073
2022-09-19 23:30:10,1,-1,3924.25,2072
2022-09-19 23:30:21,1,-1,3924.25,2071
2022-09-19 23:30:26,6,0,3924.25,2071
2022-09-19 23:30:27,1,1,3924.5,2072
2022-09-19 23:30:29,1,-1,3924.25,2071
2022-09-19 23:30:33,1,-1,3924.25,2070
2022-09-19 23:30:44,1,-1,3924.25,2069
2022-09-19 23:30:45,2,-2,3924.25,2067
2022-09-19 23:30:48,9,-3,3924.25,2064
2022-09-19 23:30:50,1,1,3924.25,2065
2022-09-19 23:30:53,1,-1,3924.25,2064
2022-09-19 23:30:54,2,2,3924.25,2066
2022-09-19 23:31:04,6,6,3924.25,2072
2022-09-19 23:31:18,9,-2,3924.5,2070
2022-09-19 23:31:22,6,6,3924.75,2076
2022-09-19 23:31:23,2,-1,3924.5,2075
2022-09-19 23:31:26,1,1,3924.5,2076
2022-09-19 23:31:29,2,2,3924.5,2078
2022-09-19 23:31:32,2,-1,3924.5,2077
2022-09-19 23:31:45,1,-1,3924.25,2076
2022-09-19 23:31:47,2,-2,3924.25,2074
2022-09-19 23:31:55,2,-2,3924.25,2072
2022-09-19 23:31:57,1,-1,3924.0,2071
2022-09-19 23:32:01,15,-6,3924.0,2065
2022-09-19 23:32:09,1,-1,3924.0,2064
2022-09-19 23:32:20,1,1,3924.25,2065
2022-09-19 23:32:21,1,-1,3924.0,2064
2022-09-19 23:32:25,5,5,3924.25,2069
2022-09-19 23:32:28,1,1,3924.5,2070
2022-09-19 23:32:44,5,-5,3924.25,2065
2022-09-19 23:32:45,1,-1,3924.0,2064
2022-09-19 23:32:51,2,-2,3924.0,2062
2022-09-19 23:32:57,3,-1,3924.0,2061
2022-09-19 23:33:05,4,4,3924.0,2065
2022-09-19 23:33:06,10,4,3924.0,2069
2022-09-19 23:33:09,3,3,3924.25,2072
2022-09-19 23:33:10,2,-1,3924.25,2071
2022-09-19 23:33:11,10,6,3924.25,2077
2022-09-19 23:33:12,1,1,3924.25,2078
2022-09-19 23:33:20,2,2,3924.25,2080
2022-09-19 23:33:21,1,-1,3924.25,2079
2022-09-19 23:33:33,1,-1,3924.25,2078
2022-09-19 23:33:34,4,0,3924.5,2078
2022-09-19 23:33:37,6,-4,3924.25,2074
2022-09-19 23:33:45,1,-1,3924.25,2073
2022-09-19 23:33:48,2,-2,3924.25,2071
2022-09-19 23:33:54,2,2,3924.5,2073
2022-09-19 23:33:57,1,-1,3924.5,2072
2022-09-19 23:33:58,14,6,3924.75,2078
2022-09-19 23:34:03,12,12,3925.25,2090
2022-09-19 23:34:04,5,-5,3925.0,2085
2022-09-19 23:34:09,1,-1,3925.0,2084
2022-09-19 23:34:11,1,1,3925.0,2085
2022-09-19 23:34:21,1,-1,3924.75,2084
2022-09-19 23:34:24,1,-1,3924.75,2083
2022-09-19 23:34:28,2,2,3924.75,2085
2022-09-19 23:34:42,3,3,3924.75,2088
2022-09-19 23:34:47,2,2,3924.75,2090
2022-09-19 23:34:55,6,-6,3924.5,2084
2022-09-19 23:34:57,1,-1,3924.5,2083
2022-09-19 23:35:02,1,1,3924.75,2084
2022-09-19 23:35:05,8,6,3924.75,2090
2022-09-19 23:35:08,1,-1,3924.75,2089
2022-09-19 23:35:11,4,-1,3924.75,2088
2022-09-19 23:35:13,1,1,3924.75,2089
2022-09-19 23:35:22,3,1,3925.0,2090
2022-09-19 23:35:23,25,32,3925.25,2122
2022-09-19 23:35:25,6,-6,3925.0,2116
2022-09-19 23:35:26,1,-1,3925.0,2115
2022-09-19 23:35:33,4,-4,3925.0,2111
2022-09-19 23:35:45,1,-1,3924.75,2110
2022-09-19 23:35:54,5,-5,3924.75,2105
2022-09-19 23:35:56,1,-1,3924.75,2104
2022-09-19 23:35:57,1,-1,3924.75,2103
2022-09-19 23:36:00,2,-1,3924.75,2102
2022-09-19 23:36:09,2,-2,3924.75,2100
2022-09-19 23:36:16,6,4,3925.0,2104
2022-09-19 23:36:19,2,2,3925.0,2106
2022-09-19 23:36:22,1,-1,3925.0,2105
2022-09-19 23:36:23,1,1,3925.0,2106
2022-09-19 23:36:25,1,-1,3925.0,2105
2022-09-19 23:36:33,1,-1,3924.75,2104
2022-09-19 23:36:43,5,1,3925.0,2105
2022-09-19 23:36:46,1,-1,3925.0,2104
2022-09-19 23:36:48,1,-1,3925.0,2103
2022-09-19 23:36:49,1,1,3925.0,2104
2022-09-19 23:36:50,1,1,3925.0,2105
2022-09-19 23:36:51,2,-2,3925.0,2103
2022-09-19 23:36:59,1,-1,3924.75,2102
2022-09-19 23:37:06,8,0,3925.0,2102
2022-09-19 23:37:09,1,-1,3924.75,2101
2022-09-19 23:37:21,1,-1,3924.75,2100
2022-09-19 23:37:23,3,-1,3924.75,2099
2022-09-19 23:37:24,1,1,3924.75,2100
2022-09-19 23:37:33,2,-2,3924.5,2098
2022-09-19 23:37:45,1,-1,3924.5,2097
2022-09-19 23:37:47,1,-1,3924.5,2096
2022-09-19 23:37:57,1,-1,3924.5,2095
2022-09-19 23:38:01,8,4,3924.75,2099
2022-09-19 23:38:04,3,1,3924.75,2100
2022-09-19 23:38:06,2,-2,3924.75,2098
2022-09-19 23:38:07,1,-1,3924.5,2097
2022-09-19 23:38:21,1,-1,3924.5,2096
2022-09-19 23:38:26,2,0,3924.75,2096
2022-09-19 23:38:30,1,1,3924.75,2097
2022-09-19 23:38:33,1,-1,3924.5,2096
2022-09-19 23:38:45,1,-1,3924.5,2095
2022-09-19 23:38:48,6,-5,3924.5,2090
2022-09-19 23:38:51,1,-1,3924.5,2089
2022-09-19 23:38:53,5,-5,3924.5,2084
2022-09-19 23:38:54,1,-1,3924.5,2083
2022-09-19 23:38:57,1,-1,3924.5,2082
2022-09-19 23:39:00,14,0,3924.5,2082
2022-09-19 23:39:01,1,1,3924.5,2083
2022-09-19 23:39:04,2,2,3924.75,2085
2022-09-19 23:39:06,4,4,3925.0,2089
2022-09-19 23:39:13,13,9,3925.0,2098
2022-09-19 23:39:17,4,-1,3925.0,2097
2022-09-19 23:39:28,2,-1,3925.0,2096
2022-09-19 23:39:33,2,0,3925.25,2096
2022-09-19 23:39:36,1,-1,3925.0,2095
2022-09-19 23:39:37,1,-1,3925.0,2094
2022-09-19 23:39:39,16,3,3925.25,2097
2022-09-19 23:39:40,20,-3,3925.25,2094
2022-09-19 23:39:43,1,-1,3925.0,2093
2022-09-19 23:39:46,12,8,3925.25,2101
2022-09-19 23:39:49,33,21,3925.75,2122
2022-09-19 23:39:51,1,-1,3925.5,2121
2022-09-19 23:39:52,1,1,3925.75,2122
2022-09-19 23:39:54,5,-5,3925.5,2117
2022-09-19 23:39:55,7,-3,3925.75,2114
2022-09-19 23:39:58,5,3,3925.5,2117
2022-09-19 23:40:00,8,2,3925.75,2119
2022-09-19 23:40:03,3,-1,3925.5,2118
2022-09-19 23:40:09,3,-3,3925.25,2115
2022-09-19 23:40:10,5,3,3925.25,2118
2022-09-19 23:40:12,1,1,3925.25,2119
2022-09-19 23:40:21,1,-1,3925.0,2118
2022-09-19 23:40:23,13,13,3925.25,2131
2022-09-19 23:40:24,3,-3,3925.25,2128
2022-09-19 23:40:27,5,3,3925.25,2131
2022-09-19 23:40:32,4,4,3925.25,2135
2022-09-19 23:40:44,5,-1,3925.0,2134
2022-09-19 23:40:45,1,-1,3925.0,2133
2022-09-19 23:40:46,5,-1,3925.0,2132
2022-09-19 23:40:47,31,-8,3925.0,2124
2022-09-19 23:40:49,5,4,3925.25,2128
2022-09-19 23:40:51,1,1,3925.25,2129
2022-09-19 23:40:56,3,1,3925.25,2130
2022-09-19 23:40:57,2,2,3925.25,2132
2022-09-19 23:40:58,1,-1,3925.25,2131
2022-09-19 23:41:03,3,-2,3925.0,2129
2022-09-19 23:41:04,2,0,3925.0,2129
2022-09-19 23:41:06,34,45,3925.5,2174
2022-09-19 23:41:10,11,-10,3925.25,2164
2022-09-19 23:41:20,5,-4,3925.0,2160
2022-09-19 23:41:21,1,-1,3925.0,2159
2022-09-19 23:41:22,2,0,3925.25,2159
2022-09-19 23:41:26,5,-5,3925.0,2154
2022-09-19 23:41:31,7,-7,3925.0,2147
2022-09-19 23:41:33,1,-1,3924.75,2146
2022-09-19 23:41:35,4,4,3925.0,2150
2022-09-19 23:41:39,16,-5,3924.75,2145
2022-09-19 23:41:40,6,5,3924.75,2150
2022-09-19 23:41:42,1,1,3924.75,2151
2022-09-19 23:41:57,1,-1,3924.75,2150
2022-09-19 23:42:00,4,-2,3924.75,2148
2022-09-19 23:42:01,1,-1,3924.75,2147
2022-09-19 23:42:09,1,-1,3924.5,2146
2022-09-19 23:42:12,42,-16,3924.75,2130
2022-09-19 23:42:21,10,7,3924.75,2137
2022-09-19 23:42:24,15,3,3924.75,2140
2022-09-19 23:42:31,5,5,3924.75,2145
2022-09-19 23:42:32,3,3,3924.75,2148
2022-09-19 23:42:34,2,2,3924.75,2150
2022-09-19 23:42:45,1,-1,3924.5,2149
2022-09-19 23:42:51,3,3,3924.75,2152
2022-09-19 23:42:58,5,-1,3924.75,2151
2022-09-19 23:43:00,1,1,3924.75,2152
2022-09-19 23:43:01,2,2,3924.75,2154
2022-09-19 23:43:06,7,6,3925.0,2160
2022-09-19 23:43:11,1,1,3925.0,2161
2022-09-19 23:43:14,1,1,3925.0,2162
2022-09-19 23:43:16,1,1,3925.0,2163
2022-09-19 23:43:17,13,-5,3925.0,2158
2022-09-19 23:43:19,2,1,3925.0,2159
2022-09-19 23:43:24,1,-1,3925.0,2158
2022-09-19 23:43:26,3,3,3925.0,2161
2022-09-19 23:43:27,4,-4,3925.0,2157
2022-09-19 23:43:29,1,1,3925.0,2158
2022-09-19 23:43:34,2,2,3925.0,2160
2022-09-19 23:43:39,1,-1,3924.75,2159
2022-09-19 23:43:44,1,-1,3924.75,2158
2022-09-19 23:43:45,5,3,3925.0,2161
2022-09-19 23:43:57,1,-1,3925.0,2160
2022-09-19 23:44:00,2,-2,3925.0,2158
2022-09-19 23:44:01,3,2,3925.0,2160
2022-09-19 23:44:18,10,5,3925.0,2165
2022-09-19 23:44:24,7,-4,3925.0,2161
2022-09-19 23:44:28,32,-13,3925.0,2148
2022-09-19 23:44:29,3,3,3925.0,2151
2022-09-19 23:44:30,4,4,3925.0,2155
2022-09-19 23:44:31,1,-1,3924.75,2154
2022-09-19 23:44:32,1,1,3925.0,2155
2022-09-19 23:44:33,3,1,3925.0,2156
2022-09-19 23:44:40,1,1,3925.0,2157
2022-09-19 23:44:43,3,-2,3925.0,2155
2022-09-19 23:44:45,62,49,3925.5,2204
2022-09-19 23:44:47,15,11,3925.5,2215
2022-09-19 23:44:48,7,5,3925.5,2220
2022-09-19 23:44:50,1,-1,3925.5,2219
2022-09-19 23:44:51,6,2,3925.5,2221
2022-09-19 23:44:55,3,-1,3925.5,2220
2022-09-19 23:44:57,1,-1,3925.5,2219
2022-09-19 23:45:00,1,1,3925.75,2220
2022-09-19 23:45:02,8,8,3925.75,2228
2022-09-19 23:45:03,32,7,3926.0,2235
2022-09-19 23:45:04,2,-2,3925.75,2233
2022-09-19 23:45:05,3,-3,3925.75,2230
2022-09-19 23:45:10,16,-11,3925.75,2219
2022-09-19 23:45:16,1,-1,3925.5,2218
2022-09-19 23:45:17,2,-2,3925.5,2216
2022-09-19 23:45:21,1,-1,3925.5,2215
2022-09-19 23:45:23,7,-2,3925.75,2213
2022-09-19 23:45:26,1,1,3925.75,2214
2022-09-19 23:45:31,18,-8,3925.5,2206
2022-09-19 23:45:33,1,-1,3925.25,2205
2022-09-19 23:45:39,2,2,3925.5,2207
2022-09-19 23:45:45,9,-9,3925.5,2198
2022-09-19 23:45:46,29,-19,3925.25,2179
2022-09-19 23:45:48,3,-3,3925.0,2176
2022-09-19 23:45:55,6,3,3925.25,2179
2022-09-19 23:45:57,1,-1,3925.0,2178
2022-09-19 23:45:59,77,1,3925.25,2179
2022-09-19 23:46:01,28,7,3925.25,2186
2022-09-19 23:46:03,3,-3,3925.25,2183
2022-09-19 23:46:13,10,6,3925.5,2189
2022-09-19 23:46:15,30,-25,3925.5,2164
2022-09-19 23:46:16,11,1,3925.5,2165
2022-09-19 23:46:20,1,1,3925.5,2166
2022-09-19 23:46:22,57,-28,3925.5,2138
2022-09-19 23:46:23,3,-1,3925.25,2137
2022-09-19 23:46:24,8,-2,3925.25,2135
2022-09-19 23:46:33,1,-1,3925.25,2134
2022-09-19 23:46:34,3,-3,3925.25,2131
2022-09-19 23:46:38,6,-2,3925.25,2129
2022-09-19 23:46:40,3,-1,3925.25,2128
2022-09-19 23:46:45,1,-1,3925.25,2127
2022-09-19 23:46:51,52,25,3925.75,2152
2022-09-19 23:47:07,2,0,3925.5,2152
2022-09-19 23:47:14,1,-1,3925.5,2151
2022-09-19 23:47:15,1,-1,3925.5,2150
2022-09-19 23:47:16,3,3,3925.5,2153
2022-09-19 23:47:18,2,-2,3925.5,2151
2022-09-19 23:47:22,1,-1,3925.5,2150
2022-09-19 23:47:23,1,-1,3925.5,2149
2022-09-19 23:47:26,15,2,3925.75,2151
2022-09-19 23:47:30,3,2,3926.0,2153
2022-09-19 23:47:32,2,1,3926.0,2154
2022-09-19 23:47:40,1,-1,3925.75,2153
2022-09-19 23:47:51,1,-1,3925.75,2152
2022-09-19 23:47:55,28,-6,3925.75,2146
2022-09-19 23:47:56,28,-7,3925.75,2139
2022-09-19 23:47:57,4,-2,3925.75,2137
2022-09-19 23:48:00,7,3,3925.75,2140
2022-09-19 23:48:04,5,-4,3925.75,2136
2022-09-19 23:48:07,5,-4,3925.5,2132
2022-09-19 23:48:13,4,-2,3925.75,2130
2022-09-19 23:48:18,2,1,3926.0,2131
2022-09-19 23:48:20,1,1,3926.0,2132
2022-09-19 23:48:24,1,-1,3925.75,2131
2022-09-19 23:48:26,2,2,3926.0,2133
2022-09-19 23:48:35,17,9,3926.0,2142
2022-09-19 23:48:37,8,-6,3926.0,2136
2022-09-19 23:48:39,2,-2,3926.0,2134
2022-09-19 23:48:42,4,-4,3926.0,2130
2022-09-19 23:48:43,5,5,3926.25,2135
2022-09-19 23:48:44,1,-1,3926.0,2134
2022-09-19 23:48:46,1,-1,3926.0,2133
2022-09-19 23:48:51,2,2,3926.25,2135
2022-09-19 23:48:54,6,-6,3926.0,2129
2022-09-19 23:48:57,2,-2,3925.75,2127
2022-09-19 23:48:59,22,-6,3925.75,2121
2022-09-19 23:49:01,1,1,3925.75,2122
2022-09-19 23:49:02,2,-2,3925.75,2120
2022-09-19 23:49:06,2,2,3926.0,2122
2022-09-19 23:49:19,1,-1,3925.75,2121
2022-09-19 23:49:27,1,-1,3925.75,2120
2022-09-19 23:49:30,1,-1,3925.75,2119
2022-09-19 23:49:32,10,5,3926.0,2124
2022-09-19 23:49:35,1,-1,3926.0,2123
2022-09-19 23:49:37,1,-1,3926.0,2122
2022-09-19 23:49:41,3,-3,3926.0,2119
2022-09-19 23:49:46,1,1,3926.25,2120
2022-09-19 23:49:50,36,18,3926.25,2138
2022-09-19 23:49:55,80,82,3927.0,2220
2022-09-19 23:49:58,1,1,3926.75,2221
2022-09-19 23:50:00,6,1,3926.75,2222
2022-09-19 23:50:03,2,2,3926.75,2224
2022-09-19 23:50:04,14,-3,3926.5,2221
2022-09-19 23:50:05,1,-1,3926.5,2220
2022-09-19 23:50:06,1,-1,3926.5,2219
2022-09-19 23:50:07,2,-2,3926.25,2217
2022-09-19 23:50:09,1,-1,3926.25,2216
2022-09-19 23:50:11,5,2,3926.5,2218
2022-09-19 23:50:13,1,-1,3926.25,2217
2022-09-19 23:50:17,2,2,3926.5,2219
2022-09-19 23:50:18,3,1,3926.5,2220
2022-09-19 23:50:21,1,1,3926.5,2221
2022-09-19 23:50:26,1,-1,3926.25,2220
2022-09-19 23:50:32,5,1,3926.5,2221
2022-09-19 23:50:34,2,-2,3926.5,2219
2022-09-19 23:50:37,3,-3,3926.5,2216
2022-09-19 23:50:42,3,-3,3926.25,2213
2022-09-19 23:50:47,1,-1,3926.25,2212
2022-09-19 23:50:48,2,-2,3926.25,2210
2022-09-19 23:50:49,7,-5,3926.25,2205
2022-09-19 23:50:55,1,1,3926.25,2206
2022-09-19 23:50:56,4,4,3926.25,2210
2022-09-19 23:50:58,1,1,3926.25,2211
2022-09-19 23:50:59,5,-5,3926.25,2206
2022-09-19 23:51:02,5,0,3926.25,2206
2022-09-19 23:51:04,2,2,3926.25,2208
2022-09-19 23:51:06,1,1,3926.25,2209
2022-09-19 23:51:15,4,4,3926.25,2213
2022-09-19 23:51:31,1,-1,3926.25,2212
2022-09-19 23:51:41,19,-12,3926.25,2200
2022-09-19 23:51:42,1,-1,3926.25,2199
2022-09-19 23:51:44,1,-1,3926.25,2198
2022-09-19 23:51:45,1,-1,3926.0,2197
2022-09-19 23:51:47,1,1,3926.25,2198
2022-09-19 23:51:53,3,-3,3926.0,2195
2022-09-19 23:52:03,57,-11,3926.0,2184
2022-09-19 23:52:04,2,-2,3925.75,2182
2022-09-19 23:52:07,4,-4,3925.75,2178
2022-09-19 23:52:12,1,1,3926.0,2179
2022-09-19 23:52:15,1,-1,3925.75,2178
2022-09-19 23:52:26,6,4,3926.0,2182
2022-09-19 23:52:37,15,-8,3925.75,2174
2022-09-19 23:52:42,4,-4,3925.5,2170
2022-09-19 23:52:45,2,-2,3925.5,2168
2022-09-19 23:52:48,1,-1,3925.5,2167
2022-09-19 23:52:52,29,-13,3925.5,2154
2022-09-19 23:52:55,5,-1,3925.5,2153
2022-09-19 23:52:59,5,-1,3925.5,2152
2022-09-19 23:53:00,10,0,3925.5,2152
2022-09-19 23:53:01,3,3,3925.5,2155
2022-09-19 23:53:02,3,2,3925.5,2157
2022-09-19 23:53:04,3,-3,3925.5,2154
2022-09-19 23:53:06,2,0,3925.5,2154
2022-09-19 23:53:07,3,3,3925.5,2157
2022-09-19 23:53:12,10,-1,3925.5,2156
2022-09-19 23:53:13,1,-1,3925.5,2155
2022-09-19 23:53:17,6,4,3925.5,2159
2022-09-19 23:53:18,1,-1,3925.5,2158
2022-09-19 23:53:21,1,-1,3925.5,2157
2022-09-19 23:53:22,1,-1,3925.5,2156
2022-09-19 23:53:23,3,-1,3925.5,2155
2022-09-19 23:53:24,6,-3,3925.5,2152
2022-09-19 23:53:25,2,2,3925.5,2154
2022-09-19 23:53:26,6,2,3925.5,2156
2022-09-19 23:53:29,5,-3,3925.5,2153
2022-09-19 23:53:30,2,2,3925.5,2155
2022-09-19 23:53:35,6,2,3925.5,2157
2022-09-19 23:53:43,1,-1,3925.5,2156
2022-09-19 23:53:46,1,-1,3925.5,2155
2022-09-19 23:53:54,1,-1,3925.5,2154
2022-09-19 23:54:02,4,-4,3925.5,2150
2022-09-19 23:54:03,29,6,3925.5,2156
2022-09-19 23:54:05,1,-1,3925.25,2155
2022-09-19 23:54:08,5,1,3925.5,2156
2022-09-19 23:54:11,2,-2,3925.5,2154
2022-09-19 23:54:13,1,-1,3925.25,2153
2022-09-19 23:54:14,2,1,3925.5,2154
2022-09-19 23:54:19,1,-1,3925.5,2153
2022-09-19 23:54:27,1,-1,3925.25,2152
2022-09-19 23:54:32,1,1,3925.5,2153
2022-09-19 23:54:35,14,-8,3925.5,2145
2022-09-19 23:54:36,2,2,3925.5,2147
2022-09-19 23:54:38,1,-1,3925.25,2146
2022-09-19 23:54:40,1,1,3925.5,2147
2022-09-19 23:54:44,8,6,3925.5,2153
2022-09-19 23:54:45,1,1,3925.5,2154
2022-09-19 23:54:46,5,1,3925.5,2155
2022-09-19 23:54:48,1,1,3925.75,2156
2022-09-19 23:54:54,1,-1,3925.5,2155
2022-09-19 23:55:00,1,-1,3925.5,2154
2022-09-19 23:55:01,1,1,3925.75,2155
2022-09-19 23:55:04,22,-20,3925.5,2135
2022-09-19 23:55:07,13,-10,3925.5,2125
2022-09-19 23:55:11,1,-1,3925.25,2124
2022-09-19 23:55:15,5,5,3925.5,2129
2022-09-19 23:55:16,5,-4,3925.5,2125
2022-09-19 23:55:23,1,1,3925.5,2126
2022-09-19 23:55:26,1,-1,3925.25,2125
2022-09-19 23:55:33,2,-2,3925.25,2123
2022-09-19 23:55:34,2,2,3925.5,2125
2022-09-19 23:55:35,5,-2,3925.25,2123
2022-09-19 23:55:36,2,-2,3925.25,2121
2022-09-19 23:55:38,1,-1,3925.25,2120
2022-09-19 23:55:44,1,-1,3925.25,2119
2022-09-19 23:55:53,1,-1,3925.25,2118
2022-09-19 23:55:55,1,-1,3925.25,2117
2022-09-19 23:55:56,6,3,3925.5,2120
2022-09-19 23:55:58,3,-1,3925.5,2119
2022-09-19 23:56:11,9,-9,3925.5,2110
2022-09-19 23:56:14,4,4,3925.5,2114
2022-09-19 23:56:28,3,-3,3925.5,2111
2022-09-19 23:56:33,1,1,3925.75,2112
2022-09-19 23:56:34,16,-12,3925.5,2100
2022-09-19 23:56:35,4,-1,3925.5,2099
2022-09-19 23:56:37,10,1,3925.5,2100
2022-09-19 23:56:38,2,-2,3925.5,2098
2022-09-19 23:56:42,2,2,3925.5,2100
2022-09-19 23:56:45,4,-1,3925.5,2099
2022-09-19 23:56:47,2,-2,3925.5,2097
2022-09-19 23:56:57,10,-7,3925.5,2090
2022-09-19 23:57:01,1,-1,3925.5,2089
2022-09-19 23:57:02,1,1,3925.75,2090
2022-09-19 23:57:09,20,15,3925.75,2105
2022-09-19 23:57:18,7,-4,3925.75,2101
2022-09-19 23:57:21,13,10,3925.75,2111
2022-09-19 23:57:23,13,7,3926.0,2118
2022-09-19 23:57:27,15,-7,3925.75,2111
2022-09-19 23:57:29,1,-1,3925.5,2110
2022-09-19 23:57:30,5,-1,3925.75,2109
2022-09-19 23:57:35,1,1,3925.75,2110
2022-09-19 23:57:45,1,-1,3925.75,2109
2022-09-19 23:57:48,8,-4,3925.75,2105
2022-09-19 23:57:55,14,9,3925.75,2114
2022-09-19 23:58:01,1,-1,3925.5,2113
2022-09-19 23:58:06,10,2,3926.0,2115
2022-09-19 23:58:13,6,-4,3926.0,2111
2022-09-19 23:58:18,2,0,3926.0,2111
2022-09-19 23:58:20,3,3,3926.25,2114
2022-09-19 23:58:29,7,-7,3926.0,2107
2022-09-19 23:58:40,1,-1,3925.75,2106
2022-09-19 23:58:43,1,1,3926.0,2107
2022-09-19 23:58:51,1,-1,3925.75,2106
2022-09-19 23:58:54,23,-8,3925.75,2098
2022-09-19 23:58:57,3,3,3925.75,2101
2022-09-19 23:58:58,3,3,3925.75,2104
2022-09-19 23:59:08,1,-1,3925.75,2103
2022-09-19 23:59:13,1,-1,3925.75,2102
2022-09-19 23:59:18,2,2,3926.0,2104
2022-09-19 23:59:22,1,1,3926.0,2105
2022-09-19 23:59:24,3,-3,3925.75,2102
2022-09-19 23:59:26,16,-9,3925.75,2093
2022-09-19 23:59:27,1,-1,3925.75,2092
2022-09-19 23:59:35,8,-5,3925.75,2087
2022-09-19 23:59:36,1,1,3925.75,2088
2022-09-19 23:59:42,2,2,3926.0,2090
2022-09-19 23:59:46,1,-1,3925.75,2089
2022-09-19 23:59:50,1,1,3926.0,2090
2022-09-19 23:59:53,6,6,3926.0,2096
2022-09-19 23:59:55,1,1,3926.25,2097
