Date,Vol,BidAsk,Price,BidAskCum
2022-10-03 00:00:03,4,4,3599.5,4
2022-10-03 00:00:05,1,-1,3599.5,3
2022-10-03 00:00:07,2,0,3599.5,3
2022-10-03 00:00:12,5,-1,3599.25,2
2022-10-03 00:00:17,3,1,3599.25,3
2022-10-03 00:00:26,6,6,3599.5,9
2022-10-03 00:00:33,2,-2,3599.25,7
2022-10-03 00:00:34,3,2,3599.25,9
2022-10-03 00:00:40,2,-2,3599.0,7
2022-10-03 00:00:41,1,-1,3598.75,6
2022-10-03 00:00:42,2,0,3599.0,6
2022-10-03 00:00:43,1,-1,3598.75,5
2022-10-03 00:00:44,17,-8,3598.75,-3
2022-10-03 00:00:45,1,1,3598.75,-2
2022-10-03 00:00:48,27,-9,3598.5,-11
2022-10-03 00:00:56,4,0,3598.5,-11
2022-10-03 00:00:59,26,-22,3598.25,-33
2022-10-03 00:01:00,3,-1,3598.25,-34
2022-10-03 00:01:01,1,-1,3598.0,-35
2022-10-03 00:01:02,3,-3,3598.0,-38
2022-10-03 00:01:03,17,7,3598.25,-31
2022-10-03 00:01:04,6,3,3598.25,-28
2022-10-03 00:01:05,1,-1,3598.25,-29
2022-10-03 00:01:07,6,-2,3598.5,-31
2022-10-03 00:01:08,8,-6,3598.25,-37
2022-10-03 00:01:12,1,-1,3598.0,-38
2022-10-03 00:01:13,9,-8,3598.0,-46
2022-10-03 00:01:15,4,-4,3598.25,-50
2022-10-03 00:01:16,10,-15,3598.25,-65
2022-10-03 00:01:17,5,-5,3598.0,-70
2022-10-03 00:01:20,8,0,3598.25,-70
2022-10-03 00:01:23,1,-1,3598.0,-71
2022-10-03 00:01:25,17,-11,3598.25,-82
2022-10-03 00:01:28,5,-4,3598.0,-86
2022-10-03 00:01:29,7,5,3598.25,-81
2022-10-03 00:01:31,11,6,3598.25,-75
2022-10-03 00:01:33,1,-1,3598.25,-76
2022-10-03 00:01:35,1,1,3598.25,-75
2022-10-03 00:01:36,20,-12,3598.0,-87
2022-10-03 00:01:37,3,3,3598.0,-84
2022-10-03 00:01:38,3,0,3598.25,-84
2022-10-03 00:01:39,18,-9,3597.75,-93
2022-10-03 00:01:40,12,4,3597.75,-89
2022-10-03 00:01:41,19,-4,3597.75,-93
2022-10-03 00:01:42,5,1,3598.0,-92
2022-10-03 00:01:43,4,4,3598.0,-88
2022-10-03 00:01:46,8,4,3598.25,-84
2022-10-03 00:01:49,7,7,3598.5,-77
2022-10-03 00:01:50,3,-3,3598.5,-80
2022-10-03 00:01:56,16,9,3598.75,-71
2022-10-03 00:01:58,8,10,3599.25,-61
2022-10-03 00:02:00,10,9,3599.0,-52
2022-10-03 00:02:03,1,1,3599.0,-51
2022-10-03 00:02:04,1,-1,3599.0,-52
2022-10-03 00:02:06,6,6,3599.25,-46
2022-10-03 00:02:09,8,-8,3599.0,-54
2022-10-03 00:02:10,2,2,3599.0,-52
2022-10-03 00:02:11,2,-2,3599.0,-54
2022-10-03 00:02:12,4,0,3599.25,-54
2022-10-03 00:02:15,3,-1,3599.25,-55
2022-10-03 00:02:16,1,1,3599.0,-54
2022-10-03 00:02:20,3,3,3599.0,-51
2022-10-03 00:02:27,14,-5,3598.75,-56
2022-10-03 00:02:28,1,1,3598.5,-55
2022-10-03 00:02:29,10,15,3598.75,-40
2022-10-03 00:02:32,1,-1,3598.5,-41
2022-10-03 00:02:40,2,2,3598.75,-39
2022-10-03 00:02:42,3,-1,3598.75,-40
2022-10-03 00:02:45,1,-1,3598.5,-41
2022-10-03 00:02:48,6,-6,3598.5,-47
2022-10-03 00:02:50,6,5,3598.5,-42
2022-10-03 00:02:53,5,-1,3598.75,-43
2022-10-03 00:02:57,1,-1,3598.75,-44
2022-10-03 00:03:01,4,-1,3599.0,-45
2022-10-03 00:03:04,3,-3,3598.75,-48
2022-10-03 00:03:05,13,11,3599.25,-37
2022-10-03 00:03:07,2,-2,3599.0,-39
2022-10-03 00:03:10,5,5,3599.25,-34
2022-10-03 00:03:11,3,-3,3599.25,-37
2022-10-03 00:03:12,3,2,3599.25,-35
2022-10-03 00:03:15,1,1,3599.25,-34
2022-10-03 00:03:16,2,-2,3599.25,-36
2022-10-03 00:03:19,1,1,3599.25,-35
2022-10-03 00:03:20,1,-1,3599.0,-36
2022-10-03 00:03:23,4,-2,3599.0,-38
2022-10-03 00:03:26,1,-1,3599.0,-39
2022-10-03 00:03:28,1,-1,3598.75,-40
2022-10-03 00:03:29,1,1,3599.0,-39
2022-10-03 00:03:34,4,3,3599.25,-36
2022-10-03 00:03:35,1,1,3599.25,-35
2022-10-03 00:03:36,1,-1,3598.75,-36
2022-10-03 00:03:40,3,3,3599.0,-33
2022-10-03 00:03:48,2,-2,3599.0,-35
2022-10-03 00:03:49,6,1,3599.0,-34
2022-10-03 00:03:50,5,5,3599.25,-29
2022-10-03 00:03:52,2,1,3599.25,-28
2022-10-03 00:03:55,23,20,3600.0,-8
2022-10-03 00:03:56,4,4,3600.25,-4
2022-10-03 00:03:59,39,47,3600.75,43
2022-10-03 00:04:00,8,-4,3600.5,39
2022-10-03 00:04:01,11,2,3600.25,41
2022-10-03 00:04:02,1,1,3600.25,42
2022-10-03 00:04:03,9,-6,3600.0,36
2022-10-03 00:04:05,1,1,3600.25,37
2022-10-03 00:04:10,4,-4,3600.25,33
2022-10-03 00:04:13,16,4,3600.75,37
2022-10-03 00:04:14,5,-2,3600.5,35
2022-10-03 00:04:16,5,0,3600.5,35
2022-10-03 00:04:17,2,-2,3600.25,33
2022-10-03 00:04:18,1,1,3600.5,34
2022-10-03 00:04:19,2,-1,3600.25,33
2022-10-03 00:04:20,7,-5,3600.0,28
2022-10-03 00:04:21,4,0,3600.0,28
2022-10-03 00:04:23,6,4,3600.25,32
2022-10-03 00:04:24,1,1,3600.0,33
2022-10-03 00:04:25,2,-2,3600.0,31
2022-10-03 00:04:26,8,-6,3599.75,25
2022-10-03 00:04:29,2,0,3599.5,25
2022-10-03 00:04:30,3,0,3599.5,25
2022-10-03 00:04:31,2,-2,3599.5,23
2022-10-03 00:04:34,1,-1,3599.5,22
2022-10-03 00:04:35,3,-1,3599.75,21
2022-10-03 00:04:36,8,0,3599.75,21
2022-10-03 00:04:37,2,-2,3599.75,19
2022-10-03 00:04:40,1,1,3600.0,20
2022-10-03 00:04:41,4,-4,3599.75,16
2022-10-03 00:04:42,1,-1,3599.25,15
2022-10-03 00:04:46,1,1,3599.75,16
2022-10-03 00:04:53,6,-6,3599.5,10
2022-10-03 00:04:58,2,-2,3599.5,8
2022-10-03 00:05:04,2,-2,3599.5,6
2022-10-03 00:05:07,1,-1,3599.5,5
2022-10-03 00:05:08,1,1,3599.5,6
2022-10-03 00:05:14,3,1,3599.5,7
2022-10-03 00:05:15,1,-1,3599.5,6
2022-10-03 00:05:20,3,3,3599.5,9
2022-10-03 00:05:22,11,-2,3599.25,7
2022-10-03 00:05:23,11,6,3599.5,13
2022-10-03 00:05:24,23,19,3600.0,32
2022-10-03 00:05:25,15,-11,3600.0,21
2022-10-03 00:05:26,6,-4,3599.75,17
2022-10-03 00:05:27,19,6,3600.25,23
2022-10-03 00:05:28,24,5,3600.5,28
2022-10-03 00:05:29,14,-2,3600.5,26
2022-10-03 00:05:30,11,6,3600.75,32
2022-10-03 00:05:31,16,5,3600.75,37
2022-10-03 00:05:32,26,8,3601.25,45
2022-10-03 00:05:33,20,-3,3601.0,42
2022-10-03 00:05:34,27,12,3601.5,54
2022-10-03 00:05:35,24,0,3601.75,54
2022-10-03 00:05:36,10,-2,3601.75,52
2022-10-03 00:05:37,9,-4,3601.5,48
2022-10-03 00:05:39,1,-1,3600.75,47
2022-10-03 00:05:40,4,-4,3600.75,43
2022-10-03 00:05:41,7,2,3600.5,45
2022-10-03 00:05:42,2,2,3600.75,47
2022-10-03 00:05:49,6,-6,3600.25,41
2022-10-03 00:05:50,7,-7,3600.0,34
2022-10-03 00:05:51,5,-3,3599.75,31
2022-10-03 00:05:53,12,-10,3599.5,21
2022-10-03 00:05:54,4,0,3599.25,21
2022-10-03 00:05:55,5,-3,3599.25,18
2022-10-03 00:05:56,6,-3,3599.25,15
2022-10-03 00:05:57,5,1,3599.0,16
2022-10-03 00:05:58,28,-25,3598.75,-9
2022-10-03 00:05:59,3,1,3599.0,-8
2022-10-03 00:06:00,18,1,3599.25,-7
2022-10-03 00:06:03,3,-3,3599.25,-10
2022-10-03 00:06:04,1,-1,3599.25,-11
2022-10-03 00:06:06,9,-5,3599.0,-16
2022-10-03 00:06:08,3,3,3598.75,-13
2022-10-03 00:06:09,1,-1,3598.5,-14
2022-10-03 00:06:11,4,-3,3598.5,-17
2022-10-03 00:06:12,7,5,3598.75,-12
2022-10-03 00:06:14,7,-7,3598.5,-19
2022-10-03 00:06:15,1,-1,3598.25,-20
2022-10-03 00:06:18,2,2,3598.5,-18
2022-10-03 00:06:20,2,2,3598.75,-16
2022-10-03 00:06:21,14,-8,3598.75,-24
2022-10-03 00:06:23,3,3,3598.75,-21
2022-10-03 00:06:27,7,-1,3598.5,-22
2022-10-03 00:06:29,1,-1,3598.25,-23
2022-10-03 00:06:33,15,-3,3598.25,-26
2022-10-03 00:06:35,10,-5,3597.75,-31
2022-10-03 00:06:36,1,-1,3597.75,-32
2022-10-03 00:06:37,8,0,3597.75,-32
2022-10-03 00:06:38,15,-9,3597.75,-41
2022-10-03 00:06:39,62,-32,3597.25,-73
2022-10-03 00:06:40,9,-1,3597.25,-74
2022-10-03 00:06:41,24,18,3597.75,-56
2022-10-03 00:06:42,4,-4,3597.75,-60
2022-10-03 00:06:45,2,2,3597.75,-58
2022-10-03 00:06:46,2,-2,3597.75,-60
2022-10-03 00:06:47,2,-2,3597.75,-62
2022-10-03 00:06:50,10,-6,3597.5,-68
2022-10-03 00:06:52,2,-2,3597.25,-70
2022-10-03 00:06:54,11,-1,3597.0,-71
2022-10-03 00:06:55,23,-20,3597.25,-91
2022-10-03 00:06:56,17,-11,3596.75,-102
2022-10-03 00:06:57,54,19,3596.75,-83
2022-10-03 00:06:58,13,3,3597.0,-80
2022-10-03 00:06:59,14,2,3597.25,-78
2022-10-03 00:07:00,6,4,3597.0,-74
2022-10-03 00:07:01,23,-11,3597.0,-85
2022-10-03 00:07:02,15,-7,3596.25,-92
2022-10-03 00:07:03,1,-1,3596.25,-93
2022-10-03 00:07:04,11,10,3596.5,-83
2022-10-03 00:07:05,12,-5,3596.5,-88
2022-10-03 00:07:06,3,3,3596.75,-85
2022-10-03 00:07:07,6,-4,3596.75,-89
2022-10-03 00:07:08,8,1,3597.0,-88
2022-10-03 00:07:09,1,-1,3596.75,-89
2022-10-03 00:07:10,39,-47,3596.75,-136
2022-10-03 00:07:11,5,-2,3596.5,-138
2022-10-03 00:07:12,1,-1,3596.5,-139
2022-10-03 00:07:14,4,2,3596.5,-137
2022-10-03 00:07:15,2,2,3596.5,-135
2022-10-03 00:07:18,6,4,3596.75,-131
2022-10-03 00:07:19,1,-1,3596.5,-132
2022-10-03 00:07:20,4,2,3596.5,-130
2022-10-03 00:07:21,1,1,3596.5,-129
2022-10-03 00:07:22,61,-39,3596.25,-168
2022-10-03 00:07:23,15,-4,3595.75,-172
2022-10-03 00:07:24,3,3,3595.75,-169
2022-10-03 00:07:25,15,4,3596.0,-165
2022-10-03 00:07:26,44,-15,3595.75,-180
2022-10-03 00:07:27,19,-16,3595.75,-196
2022-10-03 00:07:28,48,-33,3595.5,-229
2022-10-03 00:07:29,83,-9,3594.75,-238
2022-10-03 00:07:30,14,3,3594.5,-235
2022-10-03 00:07:31,5,-1,3594.5,-236
2022-10-03 00:07:32,3,-1,3594.25,-237
2022-10-03 00:07:33,5,1,3594.25,-236
2022-10-03 00:07:34,11,3,3594.5,-233
2022-10-03 00:07:35,9,7,3595.0,-226
2022-10-03 00:07:36,6,-3,3594.75,-229
2022-10-03 00:07:37,64,-61,3594.5,-290
2022-10-03 00:07:38,16,5,3594.5,-285
2022-10-03 00:07:39,6,0,3594.5,-285
2022-10-03 00:07:40,5,0,3594.5,-285
2022-10-03 00:07:42,17,-6,3594.75,-291
2022-10-03 00:07:43,1,1,3594.75,-290
2022-10-03 00:07:45,30,-37,3594.5,-327
2022-10-03 00:07:46,3,-1,3594.25,-328
2022-10-03 00:07:47,3,3,3594.25,-325
2022-10-03 00:07:49,3,-3,3594.25,-328
2022-10-03 00:07:50,5,1,3594.5,-327
2022-10-03 00:07:51,18,12,3594.75,-315
2022-10-03 00:07:52,1,1,3595.0,-314
2022-10-03 00:07:53,1,-1,3594.75,-315
2022-10-03 00:07:55,9,5,3595.25,-310
2022-10-03 00:07:56,7,-3,3594.75,-313
2022-10-03 00:07:57,16,-5,3595.0,-318
2022-10-03 00:07:58,2,0,3594.75,-318
2022-10-03 00:07:59,2,0,3594.75,-318
2022-10-03 00:08:01,4,4,3594.75,-314
2022-10-03 00:08:02,4,-1,3594.75,-315
2022-10-03 00:08:03,1,-1,3594.75,-316
2022-10-03 00:08:05,15,-11,3594.5,-327
2022-10-03 00:08:06,1,1,3594.5,-326
2022-10-03 00:08:08,2,0,3594.5,-326
2022-10-03 00:08:09,17,-7,3594.75,-333
2022-10-03 00:08:11,3,3,3594.5,-330
2022-10-03 00:08:12,25,-9,3594.5,-339
2022-10-03 00:08:13,5,5,3594.25,-334
2022-10-03 00:08:14,10,-8,3594.25,-342
2022-10-03 00:08:15,2,0,3594.5,-342
2022-10-03 00:08:16,2,2,3594.25,-340
2022-10-03 00:08:18,9,3,3594.5,-337
2022-10-03 00:08:20,11,11,3595.0,-326
2022-10-03 00:08:21,7,2,3595.0,-324
2022-10-03 00:08:22,7,7,3595.5,-317
2022-10-03 00:08:24,1,1,3595.5,-316
2022-10-03 00:08:25,2,0,3595.5,-316
2022-10-03 00:08:28,3,-3,3595.0,-319
2022-10-03 00:08:30,6,-2,3595.0,-321
2022-10-03 00:08:31,3,1,3594.75,-320
2022-10-03 00:08:35,9,5,3595.0,-315
2022-10-03 00:08:37,11,-3,3595.0,-318
2022-10-03 00:08:40,2,2,3595.0,-316
2022-10-03 00:08:41,1,1,3595.0,-315
2022-10-03 00:08:45,11,-9,3594.75,-324
2022-10-03 00:08:47,1,-1,3594.75,-325
2022-10-03 00:08:49,3,3,3594.5,-322
2022-10-03 00:08:50,2,0,3594.5,-322
2022-10-03 00:08:52,2,2,3594.75,-320
2022-10-03 00:08:53,1,1,3594.75,-319
2022-10-03 00:08:56,2,0,3594.5,-319
2022-10-03 00:09:00,7,2,3595.0,-317
2022-10-03 00:09:01,2,-2,3594.75,-319
2022-10-03 00:09:03,1,1,3595.0,-318
2022-10-03 00:09:05,2,2,3595.0,-316
2022-10-03 00:09:08,7,3,3595.25,-313
2022-10-03 00:09:09,6,-3,3595.25,-316
2022-10-03 00:09:12,2,0,3595.0,-316
2022-10-03 00:09:15,3,-3,3594.75,-319
2022-10-03 00:09:16,2,0,3595.0,-319
2022-10-03 00:09:20,4,4,3595.25,-315
2022-10-03 00:09:21,5,-2,3595.25,-317
2022-10-03 00:09:22,2,2,3595.25,-315
2022-10-03 00:09:26,5,0,3595.0,-315
2022-10-03 00:09:28,3,1,3595.25,-314
2022-10-03 00:09:29,1,1,3595.25,-313
2022-10-03 00:09:33,12,-2,3595.5,-315
2022-10-03 00:09:35,1,1,3595.25,-314
2022-10-03 00:09:36,4,-4,3595.0,-318
2022-10-03 00:09:44,2,2,3595.25,-316
2022-10-03 00:09:45,1,1,3595.25,-315
2022-10-03 00:09:47,7,6,3595.5,-309
2022-10-03 00:09:52,3,2,3595.25,-307
2022-10-03 00:09:55,1,-1,3595.0,-308
2022-10-03 00:09:58,1,-1,3594.75,-309
2022-10-03 00:09:59,4,0,3595.0,-309
2022-10-03 00:10:01,4,0,3595.0,-309
2022-10-03 00:10:02,1,1,3595.0,-308
2022-10-03 00:10:07,52,-73,3594.75,-381
2022-10-03 00:10:09,4,0,3594.5,-381
2022-10-03 00:10:10,3,1,3594.5,-380
2022-10-03 00:10:13,12,12,3595.0,-368
2022-10-03 00:10:14,2,-2,3594.75,-370
2022-10-03 00:10:15,3,-1,3594.75,-371
2022-10-03 00:10:19,12,9,3595.0,-362
2022-10-03 00:10:20,1,1,3595.25,-361
2022-10-03 00:10:21,1,1,3595.25,-360
2022-10-03 00:10:24,1,1,3595.25,-359
2022-10-03 00:10:31,2,-2,3595.25,-361
2022-10-03 00:10:36,27,-26,3595.0,-387
2022-10-03 00:10:46,6,-2,3595.0,-389
2022-10-03 00:10:47,2,1,3595.0,-388
2022-10-03 00:10:48,1,1,3595.25,-387
2022-10-03 00:10:49,1,1,3595.5,-386
2022-10-03 00:10:50,1,1,3595.25,-385
2022-10-03 00:10:51,2,-2,3595.25,-387
2022-10-03 00:10:52,2,0,3595.25,-387
2022-10-03 00:10:53,18,6,3595.5,-381
2022-10-03 00:10:54,1,-1,3595.25,-382
2022-10-03 00:10:55,6,-6,3595.25,-388
2022-10-03 00:10:57,5,-5,3595.0,-393
2022-10-03 00:11:00,2,1,3595.25,-392
2022-10-03 00:11:02,2,-2,3595.0,-394
2022-10-03 00:11:03,3,-1,3595.0,-395
2022-10-03 00:11:05,5,-4,3594.75,-399
2022-10-03 00:11:06,6,-2,3594.75,-401
2022-10-03 00:11:10,6,5,3594.75,-396
2022-10-03 00:11:11,2,-2,3594.75,-398
2022-10-03 00:11:12,4,4,3594.75,-394
2022-10-03 00:11:16,12,5,3595.0,-389
2022-10-03 00:11:17,3,1,3595.0,-388
2022-10-03 00:11:19,27,21,3596.0,-367
2022-10-03 00:11:20,1,-1,3595.75,-368
2022-10-03 00:11:22,1,-1,3595.75,-369
2022-10-03 00:11:25,1,-1,3595.75,-370
2022-10-03 00:11:26,7,-5,3595.75,-375
2022-10-03 00:11:30,1,1,3595.75,-374
2022-10-03 00:11:31,6,0,3595.5,-374
2022-10-03 00:11:33,3,1,3595.75,-373
2022-10-03 00:11:35,1,1,3595.75,-372
2022-10-03 00:11:36,4,-4,3595.75,-376
2022-10-03 00:11:44,2,2,3596.0,-374
2022-10-03 00:11:45,16,3,3596.5,-371
2022-10-03 00:11:46,5,2,3596.25,-369
2022-10-03 00:11:47,4,2,3596.75,-367
2022-10-03 00:11:48,4,3,3596.5,-364
2022-10-03 00:11:49,18,-3,3596.75,-367
2022-10-03 00:11:50,1,1,3596.75,-366
2022-10-03 00:11:52,7,-1,3596.5,-367
2022-10-03 00:11:54,4,3,3596.5,-364
2022-10-03 00:11:56,2,2,3596.5,-362
2022-10-03 00:12:00,1,-1,3596.25,-363
2022-10-03 00:12:04,7,1,3596.5,-362
2022-10-03 00:12:07,2,2,3596.25,-360
2022-10-03 00:12:12,7,0,3596.5,-360
2022-10-03 00:12:14,2,-1,3596.0,-361
2022-10-03 00:12:17,3,-3,3595.75,-364
2022-10-03 00:12:18,1,-1,3595.75,-365
2022-10-03 00:12:20,2,-2,3595.75,-367
2022-10-03 00:12:21,2,-2,3595.75,-369
2022-10-03 00:12:22,5,4,3596.0,-365
2022-10-03 00:12:25,3,3,3596.25,-362
2022-10-03 00:12:27,12,-12,3596.25,-374
2022-10-03 00:12:30,2,2,3596.25,-372
2022-10-03 00:12:38,7,7,3596.5,-365
2022-10-03 00:12:45,8,0,3596.25,-365
2022-10-03 00:12:48,3,3,3596.5,-362
2022-10-03 00:12:54,1,-1,3596.5,-363
2022-10-03 00:12:56,3,-1,3596.25,-364
2022-10-03 00:12:57,2,0,3596.25,-364
2022-10-03 00:12:58,1,1,3596.5,-363
2022-10-03 00:12:59,4,-2,3596.0,-365
2022-10-03 00:13:00,2,-2,3596.0,-367
2022-10-03 00:13:03,14,14,3596.25,-353
2022-10-03 00:13:08,1,-1,3596.25,-354
2022-10-03 00:13:09,1,1,3596.5,-353
2022-10-03 00:13:16,6,4,3596.5,-349
2022-10-03 00:13:17,1,1,3596.25,-348
2022-10-03 00:13:22,1,1,3596.25,-347
2022-10-03 00:13:29,7,7,3596.5,-340
2022-10-03 00:13:34,3,3,3596.75,-337
2022-10-03 00:13:39,3,1,3596.75,-336
2022-10-03 00:13:42,2,-1,3596.5,-337
2022-10-03 00:13:44,1,-1,3596.5,-338
2022-10-03 00:13:51,5,-5,3596.5,-343
2022-10-03 00:13:52,1,1,3596.25,-342
2022-10-03 00:13:53,1,1,3596.5,-341
2022-10-03 00:13:57,3,3,3596.25,-338
2022-10-03 00:14:00,2,2,3596.5,-336
2022-10-03 00:14:01,3,3,3596.5,-333
2022-10-03 00:14:05,2,-2,3596.5,-335
2022-10-03 00:14:06,2,2,3596.75,-333
2022-10-03 00:14:09,18,9,3597.5,-324
2022-10-03 00:14:11,1,1,3597.5,-323
2022-10-03 00:14:12,2,-2,3597.0,-325
2022-10-03 00:14:13,10,4,3597.5,-321
2022-10-03 00:14:15,1,1,3597.5,-320
2022-10-03 00:14:16,2,-2,3597.25,-322
2022-10-03 00:14:17,1,1,3597.5,-321
2022-10-03 00:14:19,8,3,3597.5,-318
2022-10-03 00:14:20,4,-4,3597.25,-322
2022-10-03 00:14:21,2,2,3597.25,-320
2022-10-03 00:14:22,2,-2,3597.25,-322
2022-10-03 00:14:24,5,-5,3597.0,-327
2022-10-03 00:14:28,4,4,3597.0,-323
2022-10-03 00:14:29,1,-1,3596.75,-324
2022-10-03 00:14:30,1,-1,3596.75,-325
2022-10-03 00:14:32,2,-2,3596.75,-327
2022-10-03 00:14:43,1,-1,3596.5,-328
2022-10-03 00:14:44,8,8,3596.75,-320
2022-10-03 00:14:45,1,1,3596.75,-319
2022-10-03 00:14:48,2,2,3596.75,-317
2022-10-03 00:14:51,1,-1,3596.75,-318
2022-10-03 00:14:54,5,5,3597.0,-313
2022-10-03 00:14:55,2,-2,3596.75,-315
2022-10-03 00:15:00,2,2,3597.0,-313
2022-10-03 00:15:01,1,-1,3596.75,-314
2022-10-03 00:15:04,5,5,3597.25,-309
2022-10-03 00:15:08,2,-2,3597.0,-311
2022-10-03 00:15:10,7,-6,3596.75,-317
2022-10-03 00:15:11,1,1,3597.0,-316
2022-10-03 00:15:12,3,3,3596.75,-313
2022-10-03 00:15:14,2,0,3596.75,-313
2022-10-03 00:15:20,3,3,3596.75,-310
2022-10-03 00:15:23,1,-1,3596.75,-311
2022-10-03 00:15:24,2,0,3596.75,-311
2022-10-03 00:15:25,11,-1,3597.0,-312
2022-10-03 00:15:27,4,4,3596.75,-308
2022-10-03 00:15:32,32,-35,3596.5,-343
2022-10-03 00:15:36,14,-2,3595.75,-345
2022-10-03 00:15:38,33,-26,3595.5,-371
2022-10-03 00:15:39,6,4,3595.25,-367
2022-10-03 00:15:40,1,-1,3595.25,-368
2022-10-03 00:15:41,3,-3,3595.25,-371
2022-10-03 00:15:42,4,3,3595.5,-368
2022-10-03 00:15:44,2,-2,3595.25,-370
2022-10-03 00:15:45,4,-4,3595.5,-374
2022-10-03 00:15:47,1,1,3595.75,-373
2022-10-03 00:15:50,1,-1,3595.75,-374
2022-10-03 00:15:53,1,1,3595.5,-373
2022-10-03 00:15:55,1,-1,3595.5,-374
2022-10-03 00:15:58,7,-3,3595.5,-377
2022-10-03 00:16:00,1,1,3595.5,-376
2022-10-03 00:16:01,2,2,3595.5,-374
2022-10-03 00:16:02,6,-3,3595.5,-377
2022-10-03 00:16:07,1,-1,3595.25,-378
2022-10-03 00:16:08,1,1,3595.5,-377
2022-10-03 00:16:09,1,1,3595.75,-376
2022-10-03 00:16:11,30,-48,3595.75,-424
2022-10-03 00:16:12,1,-1,3595.5,-425
2022-10-03 00:16:15,1,1,3595.5,-424
2022-10-03 00:16:20,1,-1,3595.25,-425
2022-10-03 00:16:21,3,3,3595.25,-422
2022-10-03 00:16:25,21,-25,3595.0,-447
2022-10-03 00:16:26,3,3,3595.0,-444
2022-10-03 00:16:28,1,1,3595.25,-443
2022-10-03 00:16:29,1,1,3595.5,-442
2022-10-03 00:16:30,1,1,3595.5,-441
2022-10-03 00:16:33,24,13,3595.75,-428
2022-10-03 00:16:34,41,34,3596.5,-394
2022-10-03 00:16:35,10,5,3597.0,-389
2022-10-03 00:16:36,13,-5,3597.25,-394
2022-10-03 00:16:37,12,6,3597.5,-388
2022-10-03 00:16:38,4,-2,3597.5,-390
2022-10-03 00:16:39,6,2,3597.5,-388
2022-10-03 00:16:40,6,0,3597.5,-388
2022-10-03 00:16:41,3,-3,3597.0,-391
2022-10-03 00:16:42,1,-1,3596.75,-392
2022-10-03 00:16:43,4,0,3596.75,-392
2022-10-03 00:16:44,4,2,3597.0,-390
2022-10-03 00:16:45,2,-2,3596.75,-392
2022-10-03 00:16:46,12,-4,3596.75,-396
2022-10-03 00:16:47,6,-4,3596.5,-400
2022-10-03 00:16:48,2,2,3596.5,-398
2022-10-03 00:16:54,2,0,3597.25,-398
2022-10-03 00:16:55,18,16,3597.25,-382
2022-10-03 00:16:56,12,9,3597.5,-373
2022-10-03 00:16:57,4,0,3597.5,-373
2022-10-03 00:16:59,4,-2,3597.5,-375
2022-10-03 00:17:00,2,-2,3597.0,-377
2022-10-03 00:17:01,2,-2,3597.0,-379
2022-10-03 00:17:02,1,-1,3596.75,-380
2022-10-03 00:17:03,19,1,3597.5,-379
2022-10-03 00:17:04,1,1,3597.5,-378
2022-10-03 00:17:05,2,-2,3597.25,-380
2022-10-03 00:17:06,4,2,3597.5,-378
2022-10-03 00:17:07,3,3,3597.5,-375
2022-10-03 00:17:08,10,5,3597.5,-370
2022-10-03 00:17:11,2,-2,3597.5,-372
2022-10-03 00:17:12,4,-4,3597.25,-376
2022-10-03 00:17:14,1,1,3597.5,-375
2022-10-03 00:17:16,4,4,3598.0,-371
2022-10-03 00:17:17,5,1,3597.75,-370
2022-10-03 00:17:18,1,1,3597.75,-369
2022-10-03 00:17:19,2,0,3597.75,-369
2022-10-03 00:17:20,4,2,3598.0,-367
2022-10-03 00:17:21,2,-2,3597.75,-369
2022-10-03 00:17:22,2,2,3597.75,-367
2022-10-03 00:17:24,1,-1,3597.75,-368
2022-10-03 00:17:25,3,0,3597.75,-368
2022-10-03 00:17:27,3,3,3598.0,-365
2022-10-03 00:17:28,6,4,3598.25,-361
2022-10-03 00:17:29,3,1,3598.5,-360
2022-10-03 00:17:30,5,-3,3598.25,-363
2022-10-03 00:17:32,8,-1,3598.25,-364
2022-10-03 00:17:35,8,-8,3597.5,-372
2022-10-03 00:17:36,1,-1,3597.25,-373
2022-10-03 00:17:42,4,4,3597.5,-369
2022-10-03 00:17:43,5,5,3598.0,-364
2022-10-03 00:17:46,8,-6,3597.75,-370
2022-10-03 00:17:47,1,-1,3597.5,-371
2022-10-03 00:17:48,1,1,3597.75,-370
2022-10-03 00:17:49,4,-4,3597.75,-374
2022-10-03 00:17:50,3,-1,3597.5,-375
2022-10-03 00:17:51,1,1,3597.75,-374
2022-10-03 00:17:52,11,4,3598.0,-370
2022-10-03 00:17:53,8,8,3598.25,-362
2022-10-03 00:17:55,16,-6,3598.0,-368
2022-10-03 00:17:56,9,7,3598.25,-361
2022-10-03 00:17:57,7,-3,3598.25,-364
2022-10-03 00:17:58,2,-2,3598.25,-366
2022-10-03 00:17:59,17,-4,3598.0,-370
2022-10-03 00:18:00,8,-8,3597.75,-378
2022-10-03 00:18:01,2,-2,3597.5,-380
2022-10-03 00:18:03,2,0,3597.75,-380
2022-10-03 00:18:06,1,-1,3597.5,-381
2022-10-03 00:18:07,1,-1,3597.5,-382
2022-10-03 00:18:08,1,1,3597.75,-381
2022-10-03 00:18:13,2,2,3597.75,-379
2022-10-03 00:18:18,2,-2,3597.5,-381
2022-10-03 00:18:19,1,-1,3597.25,-382
2022-10-03 00:18:20,1,-1,3597.25,-383
2022-10-03 00:18:22,3,-3,3597.5,-386
2022-10-03 00:18:25,13,-14,3597.5,-400
2022-10-03 00:18:26,4,0,3596.75,-400
2022-10-03 00:18:29,3,3,3597.0,-397
2022-10-03 00:18:30,1,1,3597.0,-396
2022-10-03 00:18:31,4,-2,3597.25,-398
2022-10-03 00:18:37,9,5,3597.25,-393
2022-10-03 00:18:38,1,1,3597.5,-392
2022-10-03 00:18:43,1,-1,3597.5,-393
2022-10-03 00:18:44,1,1,3597.5,-392
2022-10-03 00:18:49,5,5,3597.75,-387
2022-10-03 00:18:53,4,-4,3597.25,-391
2022-10-03 00:18:56,6,6,3597.5,-385
2022-10-03 00:18:57,2,2,3597.5,-383
2022-10-03 00:18:59,4,0,3597.75,-383
2022-10-03 00:19:01,4,-2,3597.25,-385
2022-10-03 00:19:07,15,4,3597.5,-381
2022-10-03 00:19:09,1,-1,3597.5,-382
2022-10-03 00:19:10,1,-1,3597.5,-383
2022-10-03 00:19:13,1,-1,3597.5,-384
2022-10-03 00:19:21,3,-1,3597.25,-385
2022-10-03 00:19:22,6,-2,3597.25,-387
2022-10-03 00:19:25,3,-3,3597.0,-390
2022-10-03 00:19:26,2,-1,3596.75,-391
2022-10-03 00:19:30,1,-1,3596.75,-392
2022-10-03 00:20:00,4,0,3596.75,-392
2022-10-03 00:20:01,1,-1,3596.75,-393
2022-10-03 00:20:02,1,-1,3596.5,-394
2022-10-03 00:20:03,2,-2,3596.25,-396
2022-10-03 00:20:05,5,4,3596.5,-392
2022-10-03 00:20:11,4,2,3596.5,-390
2022-10-03 00:20:14,8,-8,3596.25,-398
2022-10-03 00:20:16,4,4,3596.25,-394
2022-10-03 00:20:17,6,-6,3596.0,-400
2022-10-03 00:20:18,3,-3,3596.0,-403
2022-10-03 00:20:19,4,2,3596.0,-401
2022-10-03 00:20:20,1,-1,3595.75,-402
2022-10-03 00:20:21,2,-2,3596.0,-404
2022-10-03 00:20:23,5,4,3596.0,-400
2022-10-03 00:20:24,3,-3,3596.0,-403
2022-10-03 00:20:25,5,5,3596.25,-398
2022-10-03 00:20:26,3,-3,3596.25,-401
2022-10-03 00:20:30,3,3,3596.25,-398
2022-10-03 00:20:37,2,2,3596.25,-396
2022-10-03 00:20:38,2,-2,3596.0,-398
2022-10-03 00:20:39,1,1,3596.25,-397
2022-10-03 00:20:41,4,-4,3595.75,-401
2022-10-03 00:20:42,2,1,3595.75,-400
2022-10-03 00:20:45,3,3,3595.75,-397
2022-10-03 00:20:51,1,-1,3595.5,-398
2022-10-03 00:20:57,7,1,3595.75,-397
2022-10-03 00:21:00,19,-5,3595.5,-402
2022-10-03 00:21:03,1,-1,3595.5,-403
2022-10-03 00:21:06,2,0,3596.0,-403
2022-10-03 00:21:07,5,5,3596.25,-398
2022-10-03 00:21:08,1,1,3596.25,-397
2022-10-03 00:21:10,4,-4,3596.25,-401
2022-10-03 00:21:12,1,-1,3596.0,-402
2022-10-03 00:21:15,1,-1,3595.75,-403
2022-10-03 00:21:16,3,-3,3595.75,-406
2022-10-03 00:21:18,1,-1,3595.75,-407
2022-10-03 00:21:23,1,-1,3595.75,-408
2022-10-03 00:21:25,16,14,3596.25,-394
2022-10-03 00:21:27,8,8,3596.5,-386
2022-10-03 00:21:28,5,4,3596.5,-382
2022-10-03 00:21:30,3,-3,3596.25,-385
2022-10-03 00:21:31,6,-6,3596.0,-391
2022-10-03 00:21:34,1,1,3596.0,-390
2022-10-03 00:21:51,2,2,3596.25,-388
2022-10-03 00:21:56,2,-2,3596.0,-390
2022-10-03 00:22:00,2,2,3596.0,-388
2022-10-03 00:22:01,3,-3,3596.0,-391
2022-10-03 00:22:03,3,1,3596.0,-390
2022-10-03 00:22:06,1,-1,3596.0,-391
2022-10-03 00:22:09,17,-15,3595.75,-406
2022-10-03 00:22:11,3,-2,3595.25,-408
2022-10-03 00:22:13,43,-30,3595.0,-438
2022-10-03 00:22:15,8,2,3594.75,-436
2022-10-03 00:22:16,7,7,3594.75,-429
2022-10-03 00:22:17,3,-1,3594.75,-430
2022-10-03 00:22:23,6,2,3594.5,-428
2022-10-03 00:22:24,3,-3,3594.25,-431
2022-10-03 00:22:25,1,-1,3594.25,-432
2022-10-03 00:22:26,2,2,3594.5,-430
2022-10-03 00:22:27,3,-1,3594.5,-431
2022-10-03 00:22:28,6,-4,3594.5,-435
2022-10-03 00:22:29,5,1,3594.5,-434
2022-10-03 00:22:30,1,-1,3594.5,-435
2022-10-03 00:22:31,103,-27,3594.75,-462
2022-10-03 00:22:32,5,3,3595.25,-459
2022-10-03 00:22:33,9,1,3595.25,-458
2022-10-03 00:22:34,2,-2,3595.25,-460
2022-10-03 00:22:37,4,4,3595.25,-456
2022-10-03 00:22:38,6,-5,3595.25,-461
2022-10-03 00:22:40,6,6,3595.25,-455
2022-10-03 00:22:41,1,-1,3595.0,-456
2022-10-03 00:22:42,1,-1,3595.0,-457
2022-10-03 00:22:47,1,1,3595.25,-456
2022-10-03 00:22:49,2,2,3595.5,-454
2022-10-03 00:22:50,2,2,3595.75,-452
2022-10-03 00:22:52,1,1,3596.0,-451
2022-10-03 00:22:55,2,2,3596.0,-449
2022-10-03 00:23:00,2,-2,3596.0,-451
2022-10-03 00:23:01,11,-4,3596.0,-455
2022-10-03 00:23:08,9,2,3596.0,-453
2022-10-03 00:23:11,1,1,3596.0,-452
2022-10-03 00:23:12,11,0,3596.25,-452
2022-10-03 00:23:13,6,-5,3595.75,-457
2022-10-03 00:23:14,9,-1,3595.5,-458
2022-10-03 00:23:16,1,-1,3595.5,-459
2022-10-03 00:23:21,1,1,3595.75,-458
2022-10-03 00:23:22,2,2,3596.0,-456
2022-10-03 00:23:23,3,-3,3595.75,-459
2022-10-03 00:23:27,2,2,3595.75,-457
2022-10-03 00:23:28,1,1,3595.75,-456
2022-10-03 00:23:29,4,-2,3595.75,-458
2022-10-03 00:23:30,12,13,3596.0,-445
2022-10-03 00:23:31,1,-1,3595.75,-446
2022-10-03 00:23:32,5,-9,3595.75,-455
2022-10-03 00:23:36,3,-3,3595.5,-458
2022-10-03 00:23:37,1,-1,3595.0,-459
2022-10-03 00:23:39,3,3,3595.25,-456
2022-10-03 00:23:40,3,1,3595.25,-455
2022-10-03 00:23:42,2,2,3595.5,-453
2022-10-03 00:23:48,2,-2,3595.25,-455
2022-10-03 00:23:49,1,1,3595.25,-454
2022-10-03 00:23:50,2,0,3595.25,-454
2022-10-03 00:23:52,2,2,3595.5,-452
2022-10-03 00:23:54,4,-4,3595.5,-456
2022-10-03 00:23:58,13,7,3596.0,-449
2022-10-03 00:24:00,1,-1,3596.0,-450
2022-10-03 00:24:01,1,-1,3596.0,-451
2022-10-03 00:24:03,3,-3,3596.0,-454
2022-10-03 00:24:05,2,-2,3596.0,-456
2022-10-03 00:24:08,5,3,3596.25,-453
2022-10-03 00:24:14,2,0,3596.0,-453
2022-10-03 00:24:16,7,-7,3596.0,-460
2022-10-03 00:24:25,2,-2,3595.75,-462
2022-10-03 00:24:37,3,-3,3595.75,-465
2022-10-03 00:24:47,1,1,3595.75,-464
2022-10-03 00:24:50,3,3,3595.75,-461
2022-10-03 00:24:53,2,-2,3595.5,-463
2022-10-03 00:24:55,1,-1,3595.25,-464
2022-10-03 00:24:57,3,-3,3595.25,-467
2022-10-03 00:25:02,2,-2,3595.25,-469
2022-10-03 00:25:04,3,2,3595.25,-467
2022-10-03 00:25:05,5,-1,3595.0,-468
2022-10-03 00:25:06,5,0,3595.0,-468
2022-10-03 00:25:10,3,0,3595.0,-468
2022-10-03 00:25:11,1,-1,3595.0,-469
2022-10-03 00:25:13,2,2,3595.0,-467
2022-10-03 00:25:15,1,1,3595.0,-466
2022-10-03 00:25:18,3,-2,3594.75,-468
2022-10-03 00:25:19,2,2,3594.75,-466
2022-10-03 00:25:20,1,-1,3594.75,-467
2022-10-03 00:25:21,1,1,3594.75,-466
2022-10-03 00:25:23,1,-1,3594.75,-467
2022-10-03 00:25:26,1,1,3594.75,-466
2022-10-03 00:25:31,18,8,3595.25,-458
2022-10-03 00:25:32,4,4,3595.25,-454
2022-10-03 00:25:33,5,4,3595.5,-450
2022-10-03 00:25:34,3,3,3595.75,-447
2022-10-03 00:25:36,8,4,3596.25,-443
2022-10-03 00:25:37,3,-1,3596.5,-444
2022-10-03 00:25:40,1,-1,3596.0,-445
2022-10-03 00:25:43,1,-1,3596.25,-446
2022-10-03 00:25:44,2,-2,3596.25,-448
2022-10-03 00:25:45,8,8,3596.5,-440
2022-10-03 00:25:47,1,-1,3596.25,-441
2022-10-03 00:25:54,1,-1,3596.25,-442
2022-10-03 00:25:57,13,-9,3596.0,-451
2022-10-03 00:26:03,1,-1,3596.0,-452
2022-10-03 00:26:05,13,6,3596.5,-446
2022-10-03 00:26:06,1,-1,3596.5,-447
2022-10-03 00:26:08,12,5,3597.0,-442
2022-10-03 00:26:09,16,8,3597.0,-434
2022-10-03 00:26:10,7,-5,3596.75,-439
2022-10-03 00:26:11,1,1,3596.75,-438
2022-10-03 00:26:13,2,2,3596.75,-436
2022-10-03 00:26:14,1,1,3596.75,-435
2022-10-03 00:26:15,2,1,3597.0,-434
2022-10-03 00:26:16,7,3,3597.25,-431
2022-10-03 00:26:19,15,-11,3597.0,-442
2022-10-03 00:26:22,4,0,3596.75,-442
2022-10-03 00:26:24,2,2,3596.75,-440
2022-10-03 00:26:25,1,-1,3596.75,-441
2022-10-03 00:26:27,1,1,3596.75,-440
2022-10-03 00:26:30,2,1,3596.75,-439
2022-10-03 00:26:33,2,-2,3596.75,-441
2022-10-03 00:26:34,4,-4,3596.5,-445
2022-10-03 00:26:35,3,-2,3596.5,-447
2022-10-03 00:26:38,5,-3,3596.25,-450
2022-10-03 00:26:40,2,2,3596.25,-448
2022-10-03 00:26:42,1,1,3596.25,-447
2022-10-03 00:26:44,1,1,3596.25,-446
2022-10-03 00:26:46,23,27,3596.75,-419
2022-10-03 00:26:49,1,1,3597.0,-418
2022-10-03 00:26:53,23,-5,3596.75,-423
2022-10-03 00:26:57,1,-1,3596.75,-424
2022-10-03 00:27:00,3,-3,3596.75,-427
2022-10-03 00:27:04,2,-2,3596.75,-429
2022-10-03 00:27:07,12,10,3597.25,-419
2022-10-03 00:27:08,4,-4,3597.0,-423
2022-10-03 00:27:12,19,-2,3597.5,-425
2022-10-03 00:27:13,2,2,3597.25,-423
2022-10-03 00:27:15,1,1,3597.25,-422
2022-10-03 00:27:18,2,2,3597.25,-420
2022-10-03 00:27:20,13,-10,3597.25,-430
2022-10-03 00:27:21,2,2,3597.0,-428
2022-10-03 00:27:27,1,-1,3597.0,-429
2022-10-03 00:27:28,1,1,3597.0,-428
2022-10-03 00:27:37,9,4,3597.25,-424
2022-10-03 00:27:40,2,0,3597.25,-424
2022-10-03 00:27:42,1,1,3597.25,-423
2022-10-03 00:27:45,1,-1,3597.0,-424
2022-10-03 00:27:49,1,1,3597.25,-423
2022-10-03 00:27:54,1,1,3597.25,-422
2022-10-03 00:27:56,1,-1,3597.25,-423
2022-10-03 00:28:01,2,2,3597.25,-421
2022-10-03 00:28:02,2,2,3597.25,-419
2022-10-03 00:28:03,6,-2,3597.5,-421
2022-10-03 00:28:08,2,1,3597.25,-420
2022-10-03 00:28:09,1,1,3597.25,-419
2022-10-03 00:28:10,11,-9,3597.0,-428
2022-10-03 00:28:18,1,1,3597.25,-427
2022-10-03 00:28:31,3,-3,3596.75,-430
2022-10-03 00:28:32,4,4,3596.75,-426
2022-10-03 00:28:37,13,2,3597.0,-424
2022-10-03 00:28:43,4,0,3597.0,-424
2022-10-03 00:28:44,8,3,3597.25,-421
2022-10-03 00:28:47,1,-1,3597.25,-422
2022-10-03 00:28:51,6,4,3597.25,-418
2022-10-03 00:28:55,42,19,3597.5,-399
2022-10-03 00:29:00,3,1,3597.25,-398
2022-10-03 00:29:01,2,-2,3597.25,-400
2022-10-03 00:29:03,2,-2,3597.25,-402
2022-10-03 00:29:07,4,-2,3597.25,-404
2022-10-03 00:29:08,5,-2,3597.0,-406
2022-10-03 00:29:11,3,-3,3597.0,-409
2022-10-03 00:29:20,1,-1,3597.0,-410
2022-10-03 00:29:22,2,-2,3596.75,-412
2022-10-03 00:29:23,1,-1,3596.5,-413
2022-10-03 00:29:26,1,-1,3596.5,-414
2022-10-03 00:29:27,1,-1,3596.5,-415
2022-10-03 00:29:28,1,1,3596.75,-414
2022-10-03 00:29:29,7,5,3596.75,-409
2022-10-03 00:29:34,2,-2,3596.5,-411
2022-10-03 00:29:35,1,1,3596.75,-410
2022-10-03 00:29:39,16,-11,3596.5,-421
2022-10-03 00:29:41,1,-1,3596.0,-422
2022-10-03 00:29:42,16,-6,3596.0,-428
2022-10-03 00:29:44,9,-4,3595.75,-432
2022-10-03 00:29:45,3,1,3595.75,-431
2022-10-03 00:29:50,2,-2,3595.5,-433
2022-10-03 00:29:53,1,-1,3595.5,-434
2022-10-03 00:29:54,5,-4,3595.5,-438
2022-10-03 00:29:55,2,2,3595.75,-436
2022-10-03 00:29:56,2,0,3595.75,-436
2022-10-03 00:29:58,1,-1,3595.5,-437
2022-10-03 00:29:59,2,2,3595.75,-435
2022-10-03 00:30:00,1,1,3595.75,-434
2022-10-03 00:30:01,2,-2,3595.75,-436
2022-10-03 00:30:03,1,-1,3595.5,-437
2022-10-03 00:30:04,2,0,3595.75,-437
2022-10-03 00:30:08,2,0,3595.75,-437
2022-10-03 00:30:12,5,-5,3595.5,-442
2022-10-03 00:30:14,1,1,3595.75,-441
2022-10-03 00:30:18,3,3,3595.75,-438
2022-10-03 00:30:27,11,12,3596.25,-426
2022-10-03 00:30:31,7,-1,3596.5,-427
2022-10-03 00:30:33,2,0,3596.5,-427
2022-10-03 00:30:44,1,-1,3596.5,-428
2022-10-03 00:30:49,1,-1,3596.5,-429
2022-10-03 00:30:53,12,7,3596.75,-422
2022-10-03 00:30:57,3,-3,3596.5,-425
2022-10-03 00:31:01,2,0,3596.25,-425
2022-10-03 00:31:02,3,3,3596.25,-422
2022-10-03 00:31:06,19,-12,3596.0,-434
2022-10-03 00:31:09,9,-6,3595.75,-440
2022-10-03 00:31:10,1,-1,3595.5,-441
2022-10-03 00:31:11,7,7,3595.75,-434
2022-10-03 00:31:16,1,-1,3596.0,-435
2022-10-03 00:31:22,1,-1,3596.0,-436
2022-10-03 00:31:26,1,-1,3596.25,-437
2022-10-03 00:31:28,3,-3,3596.25,-440
2022-10-03 00:31:30,4,4,3596.5,-436
2022-10-03 00:31:33,4,4,3596.5,-432
2022-10-03 00:31:38,1,1,3596.5,-431
2022-10-03 00:31:39,2,0,3596.5,-431
2022-10-03 00:31:41,2,-2,3596.5,-433
2022-10-03 00:31:47,2,-2,3596.5,-435
2022-10-03 00:31:48,1,1,3596.25,-434
2022-10-03 00:31:51,1,1,3596.5,-433
2022-10-03 00:32:02,5,2,3596.25,-431
2022-10-03 00:32:03,4,0,3596.25,-431
2022-10-03 00:32:05,3,-3,3596.25,-434
2022-10-03 00:32:09,4,3,3596.25,-431
2022-10-03 00:32:10,1,-1,3596.25,-432
2022-10-03 00:32:12,1,-1,3596.0,-433
2022-10-03 00:32:13,1,-1,3596.25,-434
2022-10-03 00:32:15,1,1,3596.25,-433
2022-10-03 00:32:19,2,1,3596.25,-432
2022-10-03 00:32:23,2,-2,3596.0,-434
2022-10-03 00:32:26,2,-2,3596.0,-436
2022-10-03 00:32:27,3,-3,3595.75,-439
2022-10-03 00:32:33,2,0,3596.0,-439
2022-10-03 00:32:34,1,1,3595.75,-438
2022-10-03 00:32:35,9,9,3595.75,-429
2022-10-03 00:32:36,7,-3,3595.75,-432
2022-10-03 00:32:38,1,-1,3595.5,-433
2022-10-03 00:32:40,1,1,3595.75,-432
2022-10-03 00:32:41,1,-1,3595.5,-433
2022-10-03 00:32:42,8,-2,3595.75,-435
2022-10-03 00:32:43,1,-1,3595.5,-436
2022-10-03 00:32:49,3,3,3595.75,-433
2022-10-03 00:32:53,3,2,3595.5,-431
2022-10-03 00:32:58,1,1,3595.5,-430
2022-10-03 00:33:00,1,1,3595.5,-429
2022-10-03 00:33:03,1,-1,3595.5,-430
2022-10-03 00:33:08,3,-3,3595.25,-433
2022-10-03 00:33:25,1,-1,3595.25,-434
2022-10-03 00:33:28,3,-3,3595.5,-437
2022-10-03 00:33:32,7,8,3596.0,-429
2022-10-03 00:33:34,3,3,3596.25,-426
2022-10-03 00:33:38,20,14,3596.75,-412
2022-10-03 00:33:43,9,-7,3596.5,-419
2022-10-03 00:33:44,1,-1,3596.5,-420
2022-10-03 00:33:52,2,0,3596.25,-420
2022-10-03 00:33:53,4,2,3596.5,-418
2022-10-03 00:33:54,1,-1,3596.25,-419
2022-10-03 00:33:59,1,-1,3596.25,-420
2022-10-03 00:34:10,1,-1,3596.25,-421
2022-10-03 00:34:13,6,7,3596.5,-414
2022-10-03 00:34:14,1,1,3596.5,-413
2022-10-03 00:34:15,5,5,3596.75,-408
2022-10-03 00:34:16,2,-2,3596.5,-410
2022-10-03 00:34:19,1,1,3596.75,-409
2022-10-03 00:34:20,9,-3,3596.75,-412
2022-10-03 00:34:21,2,2,3596.75,-410
2022-10-03 00:34:22,1,-1,3596.5,-411
2022-10-03 00:34:25,3,-3,3596.5,-414
2022-10-03 00:34:26,1,1,3596.5,-413
2022-10-03 00:34:34,25,-23,3596.25,-436
2022-10-03 00:34:35,1,1,3596.25,-435
2022-10-03 00:34:36,2,2,3596.5,-433
2022-10-03 00:34:37,49,-47,3596.25,-480
2022-10-03 00:34:38,1,-1,3595.5,-481
2022-10-03 00:34:39,10,6,3595.75,-475
2022-10-03 00:34:40,5,5,3595.75,-470
2022-10-03 00:34:42,2,2,3595.75,-468
2022-10-03 00:34:43,1,-1,3595.5,-469
2022-10-03 00:34:44,1,-1,3595.5,-470
2022-10-03 00:34:47,4,4,3596.25,-466
2022-10-03 00:34:54,2,0,3596.25,-466
2022-10-03 00:35:08,10,-10,3596.0,-476
2022-10-03 00:35:09,4,0,3595.75,-476
2022-10-03 00:35:14,1,-1,3595.75,-477
2022-10-03 00:35:16,1,-1,3595.5,-478
2022-10-03 00:35:19,11,-6,3595.5,-484
2022-10-03 00:35:20,3,3,3595.5,-481
2022-10-03 00:35:28,4,-2,3595.5,-483
2022-10-03 00:35:30,1,-1,3595.25,-484
2022-10-03 00:35:31,1,1,3595.5,-483
2022-10-03 00:35:37,1,1,3595.5,-482
2022-10-03 00:35:38,1,1,3595.5,-481
2022-10-03 00:35:42,11,-5,3595.25,-486
2022-10-03 00:35:45,1,-1,3595.25,-487
2022-10-03 00:35:46,1,-1,3595.25,-488
2022-10-03 00:35:56,3,-2,3595.25,-490
2022-10-03 00:35:57,2,0,3595.25,-490
2022-10-03 00:35:59,4,1,3595.25,-489
2022-10-03 00:36:00,7,3,3595.5,-486
2022-10-03 00:36:01,1,-1,3595.25,-487
2022-10-03 00:36:05,2,0,3595.25,-487
2022-10-03 00:36:06,1,-1,3595.0,-488
2022-10-03 00:36:07,63,-23,3595.25,-511
2022-10-03 00:36:10,5,3,3595.5,-508
2022-10-03 00:36:12,2,0,3595.75,-508
2022-10-03 00:36:14,1,-1,3595.5,-509
2022-10-03 00:36:15,2,0,3595.75,-509
2022-10-03 00:36:16,1,-1,3595.5,-510
2022-10-03 00:36:17,1,1,3595.75,-509
2022-10-03 00:36:18,14,-7,3595.75,-516
2022-10-03 00:36:19,8,7,3595.75,-509
2022-10-03 00:36:21,1,-1,3595.75,-510
2022-10-03 00:36:25,2,-2,3595.75,-512
2022-10-03 00:36:28,1,1,3595.75,-511
2022-10-03 00:36:31,1,-1,3595.5,-512
2022-10-03 00:36:34,7,1,3595.75,-511
2022-10-03 00:36:36,1,-1,3595.75,-512
2022-10-03 00:36:38,9,-9,3595.75,-521
2022-10-03 00:36:39,1,1,3595.75,-520
2022-10-03 00:36:45,3,3,3595.75,-517
2022-10-03 00:36:48,1,-1,3595.75,-518
2022-10-03 00:36:52,1,1,3595.75,-517
2022-10-03 00:36:55,14,-11,3595.5,-528
2022-10-03 00:36:56,5,-5,3595.25,-533
2022-10-03 00:36:59,3,3,3595.25,-530
2022-10-03 00:37:00,1,1,3595.25,-529
2022-10-03 00:37:01,5,-1,3595.25,-530
2022-10-03 00:37:07,25,37,3595.75,-493
2022-10-03 00:37:08,1,-1,3595.25,-494
2022-10-03 00:37:13,3,-3,3595.25,-497
2022-10-03 00:37:22,1,1,3595.25,-496
2022-10-03 00:37:23,2,2,3595.25,-494
2022-10-03 00:37:27,2,2,3595.25,-492
2022-10-03 00:37:30,5,4,3595.5,-488
2022-10-03 00:37:32,1,-1,3595.5,-489
2022-10-03 00:37:34,2,2,3595.5,-487
2022-10-03 00:37:42,5,-5,3595.5,-492
2022-10-03 00:37:44,11,-2,3595.25,-494
2022-10-03 00:37:48,5,-4,3595.0,-498
2022-10-03 00:37:52,12,-1,3595.0,-499
2022-10-03 00:37:53,3,-1,3595.0,-500
2022-10-03 00:37:54,2,2,3595.0,-498
2022-10-03 00:37:55,1,1,3595.0,-497
2022-10-03 00:37:56,12,-12,3594.75,-509
2022-10-03 00:37:57,1,1,3595.0,-508
2022-10-03 00:38:00,9,2,3595.0,-506
2022-10-03 00:38:02,3,3,3595.0,-503
2022-10-03 00:38:08,10,-5,3594.75,-508
2022-10-03 00:38:09,3,3,3594.75,-505
2022-10-03 00:38:10,3,2,3594.75,-503
2022-10-03 00:38:11,1,-1,3594.75,-504
2022-10-03 00:38:14,1,-1,3594.75,-505
2022-10-03 00:38:17,1,-1,3594.75,-506
2022-10-03 00:38:18,2,2,3595.0,-504
2022-10-03 00:38:19,3,-3,3595.0,-507
2022-10-03 00:38:21,1,-1,3594.75,-508
2022-10-03 00:38:23,1,1,3595.0,-507
2022-10-03 00:38:25,23,-26,3594.75,-533
2022-10-03 00:38:26,14,4,3594.25,-529
2022-10-03 00:38:27,9,3,3594.5,-526
2022-10-03 00:38:28,1,1,3594.5,-525
2022-10-03 00:38:29,1,-1,3594.25,-526
2022-10-03 00:38:31,21,-17,3594.25,-543
2022-10-03 00:38:32,4,-2,3594.0,-545
2022-10-03 00:38:34,3,-3,3594.0,-548
2022-10-03 00:38:36,13,6,3594.0,-542
2022-10-03 00:38:38,3,1,3594.0,-541
2022-10-03 00:38:39,2,-2,3594.0,-543
2022-10-03 00:38:40,1,-1,3593.75,-544
2022-10-03 00:38:41,1,1,3594.0,-543
2022-10-03 00:38:43,1,1,3594.0,-542
2022-10-03 00:38:44,1,-1,3594.0,-543
2022-10-03 00:38:46,18,-4,3594.0,-547
2022-10-03 00:38:48,1,1,3594.0,-546
2022-10-03 00:38:53,39,-15,3593.75,-561
2022-10-03 00:38:54,9,6,3593.5,-555
2022-10-03 00:38:55,5,-1,3593.5,-556
2022-10-03 00:38:57,4,-4,3593.5,-560
2022-10-03 00:38:58,1,-1,3593.25,-561
2022-10-03 00:39:00,1,-1,3593.25,-562
2022-10-03 00:39:02,5,3,3593.5,-559
2022-10-03 00:39:03,1,-1,3593.5,-560
2022-10-03 00:39:04,16,6,3594.0,-554
2022-10-03 00:39:05,4,0,3593.5,-554
2022-10-03 00:39:08,2,1,3593.5,-553
2022-10-03 00:39:11,1,-1,3593.5,-554
2022-10-03 00:39:12,18,-7,3593.5,-561
2022-10-03 00:39:14,14,-2,3593.5,-563
2022-10-03 00:39:15,5,-2,3593.25,-565
2022-10-03 00:39:17,1,-1,3593.25,-566
2022-10-03 00:39:18,5,0,3593.25,-566
2022-10-03 00:39:19,2,-2,3593.25,-568
2022-10-03 00:39:22,16,1,3593.0,-567
2022-10-03 00:39:23,6,4,3593.25,-563
2022-10-03 00:39:27,6,5,3593.25,-558
2022-10-03 00:39:28,3,1,3593.5,-557
2022-10-03 00:39:32,20,-14,3593.5,-571
2022-10-03 00:39:35,11,8,3593.5,-563
2022-10-03 00:39:37,2,0,3593.25,-563
2022-10-03 00:39:38,1,1,3593.5,-562
2022-10-03 00:39:40,6,4,3593.5,-558
2022-10-03 00:39:42,16,-22,3593.5,-580
2022-10-03 00:39:43,1,1,3593.5,-579
2022-10-03 00:39:49,3,3,3593.5,-576
2022-10-03 00:39:54,1,1,3593.5,-575
2022-10-03 00:39:55,20,-18,3593.25,-593
2022-10-03 00:39:58,4,-4,3593.0,-597
2022-10-03 00:39:59,3,-1,3593.25,-598
2022-10-03 00:40:00,10,-2,3593.5,-600
2022-10-03 00:40:01,1,-1,3593.0,-601
2022-10-03 00:40:02,1,-1,3593.0,-602
2022-10-03 00:40:04,4,2,3593.25,-600
2022-10-03 00:40:05,4,1,3593.25,-599
2022-10-03 00:40:06,10,5,3593.5,-594
2022-10-03 00:40:08,1,-1,3593.25,-595
2022-10-03 00:40:11,15,-24,3593.5,-619
2022-10-03 00:40:12,7,-3,3593.25,-622
2022-10-03 00:40:14,1,-1,3593.0,-623
2022-10-03 00:40:17,6,-6,3593.0,-629
2022-10-03 00:40:19,4,2,3593.0,-627
2022-10-03 00:40:20,5,2,3593.25,-625
2022-10-03 00:40:21,2,0,3593.0,-625
2022-10-03 00:40:22,2,2,3593.0,-623
2022-10-03 00:40:24,1,1,3593.0,-622
2022-10-03 00:40:25,7,1,3593.0,-621
2022-10-03 00:40:27,2,-2,3593.0,-623
2022-10-03 00:40:29,2,2,3593.0,-621
2022-10-03 00:40:30,2,2,3593.0,-619
2022-10-03 00:40:31,10,-11,3593.0,-630
2022-10-03 00:40:33,1,1,3593.0,-629
2022-10-03 00:40:36,1,-1,3592.75,-630
2022-10-03 00:40:38,4,2,3593.25,-628
2022-10-03 00:40:40,3,3,3593.25,-625
2022-10-03 00:40:42,6,6,3593.25,-619
2022-10-03 00:40:43,10,-8,3593.0,-627
2022-10-03 00:40:44,1,1,3593.0,-626
2022-10-03 00:40:47,1,-1,3593.0,-627
2022-10-03 00:40:48,12,1,3593.0,-626
2022-10-03 00:40:49,3,-3,3593.0,-629
2022-10-03 00:40:50,3,-2,3592.75,-631
2022-10-03 00:40:51,6,-6,3592.5,-637
2022-10-03 00:40:52,30,-5,3592.5,-642
2022-10-03 00:40:53,1,1,3592.75,-641
2022-10-03 00:40:54,2,-1,3592.5,-642
2022-10-03 00:40:56,2,-2,3592.5,-644
2022-10-03 00:40:58,5,3,3592.75,-641
2022-10-03 00:40:59,2,-2,3592.75,-643
2022-10-03 00:41:01,1,-1,3592.75,-644
2022-10-03 00:41:02,18,16,3593.25,-628
2022-10-03 00:41:05,1,-1,3593.0,-629
2022-10-03 00:41:07,2,2,3593.0,-627
2022-10-03 00:41:08,13,10,3593.25,-617
2022-10-03 00:41:09,3,-1,3593.0,-618
2022-10-03 00:41:16,2,-2,3593.25,-620
2022-10-03 00:41:19,37,28,3594.0,-592
2022-10-03 00:41:20,1,1,3594.0,-591
2022-10-03 00:41:22,25,18,3594.75,-573
2022-10-03 00:41:23,53,23,3595.25,-550
2022-10-03 00:41:24,18,-7,3595.25,-557
2022-10-03 00:41:26,3,3,3595.0,-554
2022-10-03 00:41:28,6,5,3595.25,-549
2022-10-03 00:41:29,15,-3,3595.5,-552
2022-10-03 00:41:31,7,-7,3595.5,-559
2022-10-03 00:41:32,2,-2,3595.25,-561
2022-10-03 00:41:34,18,-4,3595.0,-565
2022-10-03 00:41:35,1,1,3595.0,-564
2022-10-03 00:41:38,5,2,3595.0,-562
2022-10-03 00:41:40,3,1,3595.25,-561
2022-10-03 00:41:41,6,-2,3595.0,-563
2022-10-03 00:41:42,2,2,3595.25,-561
2022-10-03 00:41:43,1,-1,3595.0,-562
2022-10-03 00:41:44,2,0,3595.0,-562
2022-10-03 00:41:46,1,-1,3595.0,-563
2022-10-03 00:41:49,1,1,3595.25,-562
2022-10-03 00:41:50,3,1,3595.25,-561
2022-10-03 00:41:51,1,1,3595.0,-560
2022-10-03 00:41:54,11,-9,3594.75,-569
2022-10-03 00:41:58,10,-16,3595.0,-585
2022-10-03 00:41:59,3,-2,3594.75,-587
2022-10-03 00:42:00,3,1,3594.75,-586
2022-10-03 00:42:01,2,2,3594.75,-584
2022-10-03 00:42:12,2,2,3595.0,-582
2022-10-03 00:42:13,2,-2,3595.0,-584
2022-10-03 00:42:19,2,2,3594.75,-582
2022-10-03 00:42:21,3,3,3594.75,-579
2022-10-03 00:42:23,4,-4,3594.5,-583
2022-10-03 00:42:24,1,1,3594.5,-582
2022-10-03 00:42:25,3,2,3594.5,-580
2022-10-03 00:42:26,3,1,3594.75,-579
2022-10-03 00:42:27,2,2,3594.5,-577
2022-10-03 00:42:28,1,-1,3594.5,-578
2022-10-03 00:42:30,3,-3,3594.5,-581
2022-10-03 00:42:32,5,5,3595.0,-576
2022-10-03 00:42:36,6,0,3595.25,-576
2022-10-03 00:42:37,1,1,3595.5,-575
2022-10-03 00:42:38,7,6,3595.5,-569
2022-10-03 00:42:39,22,25,3596.0,-544
2022-10-03 00:42:42,2,-2,3595.75,-546
2022-10-03 00:42:44,4,-1,3596.0,-547
2022-10-03 00:42:45,6,4,3596.0,-543
2022-10-03 00:42:47,3,-3,3596.0,-546
2022-10-03 00:42:51,10,10,3596.25,-536
2022-10-03 00:42:52,15,2,3596.5,-534
2022-10-03 00:42:53,5,1,3596.5,-533
2022-10-03 00:42:56,6,4,3596.5,-529
2022-10-03 00:42:57,1,-1,3596.0,-530
2022-10-03 00:42:59,2,2,3596.25,-528
2022-10-03 00:43:03,2,2,3596.25,-526
2022-10-03 00:43:05,16,4,3596.5,-522
2022-10-03 00:43:06,1,-1,3596.25,-523
2022-10-03 00:43:08,2,-2,3596.25,-525
2022-10-03 00:43:10,1,1,3596.25,-524
2022-10-03 00:43:12,9,-7,3596.0,-531
2022-10-03 00:43:13,5,-5,3595.5,-536
2022-10-03 00:43:14,7,7,3595.75,-529
2022-10-03 00:43:16,1,-1,3595.75,-530
2022-10-03 00:43:17,3,0,3596.0,-530
2022-10-03 00:43:19,2,2,3596.0,-528
2022-10-03 00:43:25,2,0,3596.25,-528
2022-10-03 00:43:31,1,-1,3596.0,-529
2022-10-03 00:43:34,2,-2,3595.75,-531
2022-10-03 00:43:35,1,-1,3595.5,-532
2022-10-03 00:43:37,1,1,3596.25,-531
2022-10-03 00:43:38,2,0,3596.25,-531
2022-10-03 00:43:40,11,-10,3595.75,-541
2022-10-03 00:43:45,1,-1,3595.5,-542
2022-10-03 00:43:48,1,1,3595.75,-541
2022-10-03 00:43:53,11,-6,3595.75,-547
2022-10-03 00:43:54,1,1,3595.75,-546
2022-10-03 00:43:56,4,4,3596.0,-542
2022-10-03 00:43:57,1,-1,3595.75,-543
2022-10-03 00:43:58,2,0,3595.75,-543
2022-10-03 00:43:59,1,-1,3595.5,-544
2022-10-03 00:44:01,4,2,3596.0,-542
2022-10-03 00:44:02,10,-8,3596.0,-550
2022-10-03 00:44:03,1,-1,3595.75,-551
2022-10-03 00:44:04,2,-2,3595.75,-553
2022-10-03 00:44:06,1,1,3595.75,-552
2022-10-03 00:44:09,10,7,3596.25,-545
2022-10-03 00:44:10,3,-1,3596.25,-546
2022-10-03 00:44:13,9,-7,3596.0,-553
2022-10-03 00:44:21,2,2,3596.25,-551
2022-10-03 00:44:23,4,-2,3596.25,-553
2022-10-03 00:44:26,1,-1,3596.0,-554
2022-10-03 00:44:27,1,-1,3596.25,-555
2022-10-03 00:44:30,18,-16,3596.25,-571
2022-10-03 00:44:40,1,-1,3596.0,-572
2022-10-03 00:44:42,5,-2,3596.0,-574
2022-10-03 00:44:45,2,2,3596.0,-572
2022-10-03 00:44:47,4,-4,3596.0,-576
2022-10-03 00:44:48,2,2,3595.75,-574
2022-10-03 00:44:49,1,-1,3595.75,-575
2022-10-03 00:44:53,1,-1,3595.75,-576
2022-10-03 00:44:55,1,-1,3595.75,-577
2022-10-03 00:45:00,3,3,3596.0,-574
2022-10-03 00:45:01,1,1,3596.0,-573
2022-10-03 00:45:04,1,1,3596.0,-572
2022-10-03 00:45:06,1,-1,3596.0,-573
2022-10-03 00:45:14,1,1,3596.0,-572
2022-10-03 00:45:17,5,-1,3595.75,-573
2022-10-03 00:45:18,3,-3,3595.5,-576
2022-10-03 00:45:19,1,-1,3595.5,-577
2022-10-03 00:45:21,1,-1,3595.25,-578
2022-10-03 00:45:25,2,-2,3595.25,-580
2022-10-03 00:45:26,2,2,3595.5,-578
2022-10-03 00:45:28,3,-1,3595.75,-579
2022-10-03 00:45:33,5,-5,3595.5,-584
2022-10-03 00:45:36,3,1,3595.5,-583
2022-10-03 00:45:39,3,1,3595.75,-582
2022-10-03 00:45:42,3,1,3595.75,-581
2022-10-03 00:45:43,4,2,3596.0,-579
2022-10-03 00:45:44,2,2,3596.25,-577
2022-10-03 00:45:45,9,1,3596.0,-576
2022-10-03 00:45:49,5,-3,3595.75,-579
2022-10-03 00:45:55,3,3,3595.75,-576
2022-10-03 00:46:03,4,-4,3595.75,-580
2022-10-03 00:46:08,4,1,3596.0,-579
2022-10-03 00:46:09,1,-1,3596.0,-580
2022-10-03 00:46:11,4,-4,3596.0,-584
2022-10-03 00:46:14,1,1,3596.25,-583
2022-10-03 00:46:15,5,3,3596.25,-580
2022-10-03 00:46:16,2,0,3596.25,-580
2022-10-03 00:46:18,11,-4,3596.5,-584
2022-10-03 00:46:19,1,1,3596.25,-583
2022-10-03 00:46:21,2,2,3596.25,-581
2022-10-03 00:46:22,2,2,3596.25,-579
2022-10-03 00:46:23,3,-1,3596.25,-580
2022-10-03 00:46:28,6,1,3596.0,-579
2022-10-03 00:46:33,1,1,3596.0,-578
2022-10-03 00:46:43,20,-9,3596.0,-587
2022-10-03 00:46:45,1,-1,3595.5,-588
2022-10-03 00:46:47,1,-1,3595.5,-589
2022-10-03 00:46:48,2,-2,3595.25,-591
2022-10-03 00:46:50,1,1,3595.5,-590
2022-10-03 00:46:51,3,3,3595.75,-587
2022-10-03 00:46:53,1,-1,3595.75,-588
2022-10-03 00:46:56,2,-2,3595.5,-590
2022-10-03 00:46:59,1,-1,3595.25,-591
2022-10-03 00:47:00,1,-1,3595.25,-592
2022-10-03 00:47:03,1,-1,3595.25,-593
2022-10-03 00:47:04,1,-1,3595.25,-594
2022-10-03 00:47:05,1,-1,3595.25,-595
2022-10-03 00:47:10,5,5,3595.5,-590
2022-10-03 00:47:13,8,2,3595.5,-588
2022-10-03 00:47:24,2,-2,3595.25,-590
2022-10-03 00:47:25,2,2,3595.25,-588
2022-10-03 00:47:32,3,-3,3595.25,-591
2022-10-03 00:47:36,7,-12,3595.0,-603
2022-10-03 00:47:37,7,7,3595.0,-596
2022-10-03 00:47:38,1,-1,3594.75,-597
2022-10-03 00:47:44,1,-1,3594.75,-598
2022-10-03 00:47:45,2,-1,3594.75,-599
2022-10-03 00:47:46,1,-1,3594.75,-600
2022-10-03 00:47:48,57,-25,3595.0,-625
2022-10-03 00:47:49,5,1,3594.75,-624
2022-10-03 00:47:50,4,0,3594.5,-624
2022-10-03 00:47:51,19,-6,3594.5,-630
2022-10-03 00:47:52,12,4,3594.0,-626
2022-10-03 00:47:53,1,-1,3594.0,-627
2022-10-03 00:47:55,4,1,3594.0,-626
2022-10-03 00:47:57,2,2,3594.0,-624
2022-10-03 00:47:58,2,0,3594.25,-624
2022-10-03 00:47:59,1,-1,3594.0,-625
2022-10-03 00:48:00,7,-1,3594.25,-626
2022-10-03 00:48:01,5,4,3594.5,-622
2022-10-03 00:48:02,7,-1,3594.5,-623
2022-10-03 00:48:08,1,1,3594.5,-622
2022-10-03 00:48:12,43,-49,3594.5,-671
2022-10-03 00:48:14,1,-1,3594.0,-672
2022-10-03 00:48:15,1,-1,3594.0,-673
2022-10-03 00:48:16,1,1,3594.0,-672
2022-10-03 00:48:20,4,0,3594.25,-672
2022-10-03 00:48:31,10,-4,3594.25,-676
2022-10-03 00:48:32,1,1,3594.5,-675
2022-10-03 00:48:38,6,6,3594.5,-669
2022-10-03 00:48:40,5,3,3594.5,-666
2022-10-03 00:48:41,2,-2,3594.25,-668
2022-10-03 00:48:43,3,2,3594.5,-666
2022-10-03 00:48:47,5,-2,3594.25,-668
2022-10-03 00:48:52,3,3,3594.5,-665
2022-10-03 00:48:53,1,-1,3594.5,-666
2022-10-03 00:48:55,5,5,3594.75,-661
2022-10-03 00:48:56,1,-1,3594.5,-662
2022-10-03 00:49:00,7,-3,3594.25,-665
2022-10-03 00:49:02,3,2,3594.5,-663
2022-10-03 00:49:11,3,3,3594.75,-660
2022-10-03 00:49:12,1,-1,3594.5,-661
2022-10-03 00:49:15,2,0,3594.75,-661
2022-10-03 00:49:16,1,1,3595.0,-660
2022-10-03 00:49:17,2,2,3595.0,-658
2022-10-03 00:49:21,2,2,3595.0,-656
2022-10-03 00:49:26,1,-1,3595.0,-657
2022-10-03 00:49:35,1,1,3595.25,-656
2022-10-03 00:49:36,8,4,3595.25,-652
2022-10-03 00:49:37,3,4,3595.75,-648
2022-10-03 00:49:41,5,3,3596.0,-645
2022-10-03 00:49:44,1,-1,3595.75,-646
2022-10-03 00:49:52,3,3,3595.75,-643
2022-10-03 00:49:57,5,-5,3595.75,-648
2022-10-03 00:49:59,1,1,3595.75,-647
2022-10-03 00:50:00,2,2,3595.75,-645
2022-10-03 00:50:06,10,-2,3595.5,-647
2022-10-03 00:50:07,1,-1,3595.25,-648
2022-10-03 00:50:08,1,1,3595.75,-647
2022-10-03 00:50:09,1,1,3595.75,-646
2022-10-03 00:50:11,1,-1,3595.5,-647
2022-10-03 00:50:12,1,1,3595.75,-646
2022-10-03 00:50:14,8,4,3595.75,-642
2022-10-03 00:50:16,1,1,3595.75,-641
2022-10-03 00:50:17,1,1,3595.75,-640
2022-10-03 00:50:18,2,0,3596.0,-640
2022-10-03 00:50:19,1,1,3596.0,-639
2022-10-03 00:50:21,1,1,3596.0,-638
2022-10-03 00:50:22,12,-7,3596.0,-645
2022-10-03 00:50:23,1,1,3596.0,-644
2022-10-03 00:50:24,7,-7,3595.75,-651
2022-10-03 00:50:31,1,1,3596.0,-650
2022-10-03 00:50:33,12,-9,3595.75,-659
2022-10-03 00:50:42,5,-5,3595.75,-664
2022-10-03 00:50:44,1,-1,3595.75,-665
2022-10-03 00:50:45,5,5,3595.75,-660
2022-10-03 00:50:46,2,2,3596.0,-658
2022-10-03 00:50:50,7,-5,3595.75,-663
2022-10-03 00:50:55,6,-4,3595.75,-667
2022-10-03 00:51:03,63,35,3596.75,-632
2022-10-03 00:51:08,2,2,3596.5,-630
2022-10-03 00:51:09,3,3,3596.5,-627
2022-10-03 00:51:11,11,4,3596.75,-623
2022-10-03 00:51:12,2,2,3596.5,-621
2022-10-03 00:51:14,8,-7,3596.25,-628
2022-10-03 00:51:17,3,-3,3596.0,-631
2022-10-03 00:51:18,4,4,3596.25,-627
2022-10-03 00:51:21,1,1,3596.25,-626
2022-10-03 00:51:28,2,-2,3596.25,-628
2022-10-03 00:51:37,6,6,3596.5,-622
2022-10-03 00:51:39,9,9,3596.75,-613
2022-10-03 00:51:44,1,-1,3596.5,-614
2022-10-03 00:51:45,2,-1,3596.5,-615
2022-10-03 00:51:47,1,-1,3596.25,-616
2022-10-03 00:51:51,1,-1,3596.25,-617
2022-10-03 00:51:52,1,-1,3596.25,-618
2022-10-03 00:51:58,1,1,3596.25,-617
2022-10-03 00:52:03,1,-1,3596.0,-618
2022-10-03 00:52:12,4,4,3596.5,-614
2022-10-03 00:52:13,5,0,3596.75,-614
2022-10-03 00:52:15,3,-3,3596.75,-617
2022-10-03 00:52:17,12,-10,3596.5,-627
2022-10-03 00:52:19,3,4,3596.5,-623
2022-10-03 00:52:20,6,3,3596.5,-620
2022-10-03 00:52:25,4,2,3596.5,-618
2022-10-03 00:52:30,2,-2,3596.25,-620
2022-10-03 00:52:33,1,-1,3596.0,-621
2022-10-03 00:52:42,2,2,3596.25,-619
2022-10-03 00:52:45,1,-1,3596.0,-620
2022-10-03 00:52:46,2,2,3596.5,-618
2022-10-03 00:52:48,10,10,3596.5,-608
2022-10-03 00:52:49,3,3,3596.5,-605
2022-10-03 00:52:50,6,0,3596.75,-605
2022-10-03 00:52:52,26,-29,3596.5,-634
2022-10-03 00:52:58,7,3,3596.5,-631
2022-10-03 00:52:59,1,-1,3596.25,-632
2022-10-03 00:53:03,1,1,3596.5,-631
2022-10-03 00:53:06,5,-5,3596.25,-636
2022-10-03 00:53:15,1,-1,3596.0,-637
2022-10-03 00:53:29,8,2,3596.25,-635
2022-10-03 00:53:30,1,1,3596.25,-634
2022-10-03 00:53:43,5,5,3596.5,-629
2022-10-03 00:53:44,3,2,3596.5,-627
2022-10-03 00:53:49,4,-4,3596.75,-631
2022-10-03 00:53:50,6,6,3597.0,-625
2022-10-03 00:53:53,5,-5,3596.75,-630
2022-10-03 00:53:54,1,1,3596.75,-629
2022-10-03 00:54:00,1,-1,3596.5,-630
2022-10-03 00:54:02,5,3,3596.5,-627
2022-10-03 00:54:15,3,-1,3596.5,-628
2022-10-03 00:54:16,1,-1,3596.5,-629
2022-10-03 00:54:18,1,-1,3596.25,-630
2022-10-03 00:54:24,3,2,3596.5,-628
2022-10-03 00:54:39,1,-1,3596.5,-629
2022-10-03 00:54:45,4,4,3596.75,-625
2022-10-03 00:54:48,2,-1,3596.75,-626
2022-10-03 00:54:49,1,-1,3596.75,-627
2022-10-03 00:54:51,1,1,3596.75,-626
2022-10-03 00:54:53,2,2,3597.0,-624
2022-10-03 00:54:58,28,18,3597.25,-606
2022-10-03 00:55:00,7,-3,3597.0,-609
2022-10-03 00:55:01,1,-1,3597.0,-610
2022-10-03 00:55:02,1,-1,3597.0,-611
2022-10-03 00:55:03,2,0,3597.0,-611
2022-10-03 00:55:06,6,0,3596.75,-611
2022-10-03 00:55:13,1,-1,3596.5,-612
2022-10-03 00:55:16,2,2,3596.75,-610
2022-10-03 00:55:17,2,-2,3596.5,-612
2022-10-03 00:55:19,2,2,3596.5,-610
2022-10-03 00:55:22,1,-1,3596.5,-611
2022-10-03 00:55:26,1,-1,3596.5,-612
2022-10-03 00:55:32,8,-3,3596.5,-615
2022-10-03 00:55:38,1,1,3596.75,-614
2022-10-03 00:55:42,1,1,3596.5,-613
2022-10-03 00:55:43,14,12,3597.0,-601
2022-10-03 00:55:44,3,-3,3597.0,-604
2022-10-03 00:55:46,1,-1,3597.0,-605
2022-10-03 00:55:47,3,1,3597.0,-604
2022-10-03 00:56:04,3,3,3597.25,-601
2022-10-03 00:56:09,4,4,3597.25,-597
2022-10-03 00:56:14,3,-1,3597.25,-598
2022-10-03 00:56:15,1,-1,3597.25,-599
2022-10-03 00:56:17,1,-1,3597.25,-600
2022-10-03 00:56:20,3,3,3597.5,-597
2022-10-03 00:56:21,1,1,3597.5,-596
2022-10-03 00:56:26,2,-2,3597.25,-598
2022-10-03 00:56:27,2,0,3597.0,-598
2022-10-03 00:56:29,1,1,3597.0,-597
2022-10-03 00:56:33,1,1,3597.25,-596
2022-10-03 00:56:36,1,-1,3597.0,-597
2022-10-03 00:56:39,2,2,3597.0,-595
2022-10-03 00:56:41,6,2,3597.0,-593
2022-10-03 00:56:43,2,2,3597.0,-591
2022-10-03 00:56:47,1,-1,3597.0,-592
2022-10-03 00:56:51,1,-1,3597.0,-593
2022-10-03 00:56:52,1,1,3597.0,-592
2022-10-03 00:56:53,20,12,3597.25,-580
2022-10-03 00:56:55,6,0,3597.25,-580
2022-10-03 00:56:57,1,1,3597.5,-579
2022-10-03 00:57:01,1,1,3597.25,-578
2022-10-03 00:57:03,1,1,3597.25,-577
2022-10-03 00:57:04,1,1,3597.25,-576
2022-10-03 00:57:07,2,2,3597.5,-574
2022-10-03 00:57:08,1,1,3597.5,-573
2022-10-03 00:57:10,1,1,3597.5,-572
2022-10-03 00:57:12,7,6,3597.5,-566
2022-10-03 00:57:16,13,-2,3597.5,-568
2022-10-03 00:57:17,1,-1,3597.25,-569
2022-10-03 00:57:20,4,-4,3597.25,-573
2022-10-03 00:57:26,1,-1,3597.0,-574
2022-10-03 00:57:36,1,-1,3597.0,-575
2022-10-03 00:57:43,7,5,3597.25,-570
2022-10-03 00:57:46,8,0,3597.25,-570
2022-10-03 00:57:49,2,0,3597.25,-570
2022-10-03 00:57:53,2,-2,3597.25,-572
2022-10-03 00:57:55,4,3,3597.5,-569
2022-10-03 00:57:59,3,3,3597.5,-566
2022-10-03 00:58:05,1,-1,3597.0,-567
2022-10-03 00:58:08,2,-2,3597.0,-569
2022-10-03 00:58:19,2,2,3597.0,-567
2022-10-03 00:58:20,2,2,3597.0,-565
2022-10-03 00:58:21,1,1,3597.0,-564
2022-10-03 00:58:22,2,-2,3597.0,-566
2022-10-03 00:58:24,1,-1,3597.0,-567
2022-10-03 00:58:29,6,6,3597.0,-561
2022-10-03 00:58:30,14,-14,3596.75,-575
2022-10-03 00:58:31,8,8,3597.0,-567
2022-10-03 00:58:34,1,1,3597.0,-566
2022-10-03 00:58:36,1,-1,3597.0,-567
2022-10-03 00:58:39,1,1,3597.0,-566
2022-10-03 00:58:41,1,-1,3597.0,-567
2022-10-03 00:58:42,1,-1,3597.0,-568
2022-10-03 00:58:47,1,1,3597.0,-567
2022-10-03 00:58:58,1,-1,3597.0,-568
2022-10-03 00:59:00,4,4,3597.0,-564
2022-10-03 00:59:03,3,-3,3596.75,-567
2022-10-03 00:59:05,6,-2,3596.5,-569
2022-10-03 00:59:06,9,1,3596.75,-568
2022-10-03 00:59:09,8,8,3596.75,-560
2022-10-03 00:59:12,13,-2,3596.5,-562
2022-10-03 00:59:13,5,-2,3596.5,-564
2022-10-03 00:59:18,2,-2,3596.5,-566
2022-10-03 00:59:19,1,1,3596.5,-565
2022-10-03 00:59:27,4,-2,3596.5,-567
2022-10-03 00:59:33,14,1,3596.5,-566
2022-10-03 00:59:34,2,-2,3596.25,-568
2022-10-03 00:59:36,5,3,3596.75,-565
2022-10-03 00:59:40,6,3,3596.5,-562
2022-10-03 00:59:41,1,-1,3596.25,-563
2022-10-03 00:59:45,3,3,3596.25,-560
2022-10-03 00:59:55,10,-8,3596.0,-568
2022-10-03 00:59:56,2,2,3595.75,-566
2022-10-03 00:59:58,5,4,3595.75,-562
2022-10-03 01:00:00,7,5,3595.75,-557
2022-10-03 01:00:01,17,-13,3595.5,-570
2022-10-03 01:00:02,19,8,3595.5,-562
2022-10-03 01:00:03,2,-2,3595.25,-564
2022-10-03 01:00:04,17,-2,3595.5,-566
2022-10-03 01:00:05,13,-5,3595.25,-571
2022-10-03 01:00:06,5,2,3595.0,-569
2022-10-03 01:00:07,22,-2,3595.0,-571
2022-10-03 01:00:09,1,-1,3595.0,-572
2022-10-03 01:00:10,7,-5,3594.75,-577
2022-10-03 01:00:11,1,-1,3594.75,-578
2022-10-03 01:00:14,10,-3,3594.5,-581
2022-10-03 01:00:15,33,-22,3594.0,-603
2022-10-03 01:00:16,5,2,3593.75,-601
2022-10-03 01:00:17,12,9,3594.0,-592
2022-10-03 01:00:18,10,2,3594.25,-590
2022-10-03 01:00:19,13,12,3594.5,-578
2022-10-03 01:00:20,2,-2,3594.25,-580
2022-10-03 01:00:21,2,0,3594.5,-580
2022-10-03 01:00:22,3,1,3594.5,-579
2022-10-03 01:00:23,2,1,3594.5,-578
2022-10-03 01:00:25,12,6,3595.0,-572
2022-10-03 01:00:26,4,-4,3595.0,-576
2022-10-03 01:00:27,1,-1,3595.0,-577
2022-10-03 01:00:29,23,-8,3595.0,-585
2022-10-03 01:00:30,6,0,3594.75,-585
2022-10-03 01:00:34,4,3,3594.75,-582
2022-10-03 01:00:38,11,11,3595.0,-571
2022-10-03 01:00:40,29,-23,3595.0,-594
2022-10-03 01:00:46,2,2,3595.25,-592
2022-10-03 01:00:47,7,7,3595.75,-585
2022-10-03 01:00:49,1,-1,3595.5,-586
2022-10-03 01:00:58,14,6,3595.5,-580
2022-10-03 01:00:59,2,2,3595.75,-578
2022-10-03 01:01:00,4,-2,3596.0,-580
2022-10-03 01:01:01,7,-8,3596.0,-588
2022-10-03 01:01:02,11,1,3595.5,-587
2022-10-03 01:01:04,2,0,3595.75,-587
2022-10-03 01:01:05,5,1,3595.75,-586
2022-10-03 01:01:06,1,-1,3595.5,-587
2022-10-03 01:01:07,4,-4,3595.5,-591
2022-10-03 01:01:09,3,-1,3595.0,-592
2022-10-03 01:01:10,2,0,3595.0,-592
2022-10-03 01:01:11,5,-5,3594.75,-597
2022-10-03 01:01:13,1,1,3594.75,-596
2022-10-03 01:01:14,1,1,3595.0,-595
2022-10-03 01:01:15,2,2,3595.0,-593
2022-10-03 01:01:17,2,-2,3594.75,-595
2022-10-03 01:01:26,2,-2,3595.0,-597
2022-10-03 01:01:27,2,-1,3595.0,-598
2022-10-03 01:01:28,4,4,3595.0,-594
2022-10-03 01:01:31,1,-1,3594.75,-595
2022-10-03 01:01:32,2,2,3595.0,-593
2022-10-03 01:01:37,5,1,3595.0,-592
2022-10-03 01:01:38,2,0,3595.25,-592
2022-10-03 01:01:43,2,2,3595.25,-590
2022-10-03 01:01:48,1,-1,3595.25,-591
2022-10-03 01:01:51,1,1,3595.25,-590
2022-10-03 01:01:53,1,-1,3595.0,-591
2022-10-03 01:01:57,3,-1,3595.25,-592
2022-10-03 01:02:02,1,-1,3595.0,-593
2022-10-03 01:02:04,3,1,3595.25,-592
2022-10-03 01:02:08,2,2,3595.25,-590
2022-10-03 01:02:09,1,-1,3595.0,-591
2022-10-03 01:02:10,27,-5,3595.0,-596
2022-10-03 01:02:12,9,9,3595.25,-587
2022-10-03 01:02:13,8,6,3596.0,-581
2022-10-03 01:02:16,1,1,3596.0,-580
2022-10-03 01:02:20,7,7,3596.0,-573
2022-10-03 01:02:21,6,2,3596.25,-571
2022-10-03 01:02:23,1,-1,3596.0,-572
2022-10-03 01:02:24,1,1,3596.25,-571
2022-10-03 01:02:28,5,5,3596.5,-566
2022-10-03 01:02:29,2,2,3596.75,-564
2022-10-03 01:02:30,7,3,3597.25,-561
2022-10-03 01:02:31,6,6,3597.75,-555
2022-10-03 01:02:32,15,-11,3597.5,-566
2022-10-03 01:02:33,1,-1,3597.25,-567
2022-10-03 01:02:35,3,1,3597.5,-566
2022-10-03 01:02:36,8,8,3597.75,-558
2022-10-03 01:02:37,5,5,3597.75,-553
2022-10-03 01:02:38,5,-3,3597.75,-556
2022-10-03 01:02:39,4,4,3597.75,-552
2022-10-03 01:02:40,4,-4,3597.5,-556
2022-10-03 01:02:43,1,1,3597.5,-555
2022-10-03 01:02:46,2,2,3597.5,-553
2022-10-03 01:02:47,8,-8,3597.5,-561
2022-10-03 01:02:50,2,2,3597.75,-559
2022-10-03 01:02:51,8,-2,3598.0,-561
2022-10-03 01:02:53,2,-2,3597.75,-563
2022-10-03 01:02:54,6,6,3597.75,-557
2022-10-03 01:02:57,6,6,3598.0,-551
2022-10-03 01:02:58,16,-14,3597.75,-565
2022-10-03 01:02:59,1,-1,3597.25,-566
2022-10-03 01:03:00,3,-1,3597.0,-567
2022-10-03 01:03:02,2,-2,3597.25,-569
2022-10-03 01:03:03,1,1,3597.25,-568
2022-10-03 01:03:05,4,1,3597.25,-567
2022-10-03 01:03:06,3,1,3597.25,-566
2022-10-03 01:03:08,1,1,3597.25,-565
2022-10-03 01:03:13,1,1,3597.5,-564
2022-10-03 01:03:14,3,-3,3597.25,-567
2022-10-03 01:03:23,2,-2,3596.75,-569
2022-10-03 01:03:24,4,2,3596.75,-567
2022-10-03 01:03:31,6,-2,3597.0,-569
2022-10-03 01:03:32,2,2,3596.5,-567
2022-10-03 01:03:33,4,-4,3596.75,-571
2022-10-03 01:03:37,1,-1,3596.75,-572
2022-10-03 01:03:40,8,4,3597.0,-568
2022-10-03 01:03:41,1,-1,3597.0,-569
2022-10-03 01:03:48,1,1,3597.0,-568
2022-10-03 01:03:50,1,-1,3597.0,-569
2022-10-03 01:03:52,10,-14,3596.75,-583
2022-10-03 01:03:53,2,-2,3596.5,-585
2022-10-03 01:04:00,1,1,3596.5,-584
2022-10-03 01:04:05,1,1,3596.5,-583
2022-10-03 01:04:06,2,-2,3596.25,-585
2022-10-03 01:04:08,4,0,3596.25,-585
2022-10-03 01:04:09,1,-1,3596.25,-586
2022-10-03 01:04:10,6,6,3596.75,-580
2022-10-03 01:04:14,4,-4,3596.5,-584
2022-10-03 01:04:16,1,1,3596.5,-583
2022-10-03 01:04:17,1,-1,3596.5,-584
2022-10-03 01:04:18,1,1,3596.5,-583
2022-10-03 01:04:22,1,1,3596.75,-582
2022-10-03 01:04:23,1,1,3596.5,-581
2022-10-03 01:04:26,1,-1,3596.5,-582
2022-10-03 01:04:28,1,-1,3596.25,-583
2022-10-03 01:04:29,8,-8,3596.25,-591
2022-10-03 01:04:30,3,-3,3596.0,-594
2022-10-03 01:04:31,8,-9,3595.75,-603
2022-10-03 01:04:32,1,-1,3595.75,-604
2022-10-03 01:04:36,1,1,3596.0,-603
2022-10-03 01:04:37,1,1,3596.0,-602
2022-10-03 01:04:38,1,-1,3596.0,-603
2022-10-03 01:04:46,3,1,3596.0,-602
2022-10-03 01:04:47,2,2,3596.5,-600
2022-10-03 01:04:50,1,1,3596.25,-599
2022-10-03 01:04:57,3,-3,3596.25,-602
2022-10-03 01:04:59,2,-2,3596.0,-604
2022-10-03 01:05:01,1,-1,3596.0,-605
2022-10-03 01:05:03,1,1,3596.25,-604
2022-10-03 01:05:04,3,-3,3596.0,-607
2022-10-03 01:05:15,23,-4,3595.75,-611
2022-10-03 01:05:19,6,-2,3596.0,-613
2022-10-03 01:05:23,1,1,3596.0,-612
2022-10-03 01:05:25,3,1,3596.0,-611
2022-10-03 01:05:30,1,1,3596.0,-610
2022-10-03 01:05:36,11,9,3596.25,-601
2022-10-03 01:05:37,1,1,3596.25,-600
2022-10-03 01:05:41,3,-1,3596.25,-601
2022-10-03 01:05:42,2,2,3596.5,-599
2022-10-03 01:05:45,5,5,3596.75,-594
2022-10-03 01:05:46,1,1,3597.0,-593
2022-10-03 01:05:51,3,-1,3597.0,-594
2022-10-03 01:06:01,6,0,3596.75,-594
2022-10-03 01:06:03,7,6,3597.0,-588
2022-10-03 01:06:05,15,1,3597.0,-587
2022-10-03 01:06:06,1,1,3597.0,-586
2022-10-03 01:06:09,2,0,3597.0,-586
2022-10-03 01:06:15,19,-13,3596.75,-599
2022-10-03 01:06:16,12,-9,3596.25,-608
2022-10-03 01:06:18,2,2,3596.0,-606
2022-10-03 01:06:19,5,5,3595.75,-601
2022-10-03 01:06:20,2,0,3596.0,-601
2022-10-03 01:06:21,2,1,3595.75,-600
2022-10-03 01:06:22,10,-8,3595.5,-608
2022-10-03 01:06:23,4,0,3595.25,-608
2022-10-03 01:06:24,9,-9,3595.0,-617
2022-10-03 01:06:25,38,-10,3595.0,-627
2022-10-03 01:06:26,3,-3,3595.0,-630
2022-10-03 01:06:27,1,1,3595.0,-629
2022-10-03 01:06:28,1,-1,3594.75,-630
2022-10-03 01:06:29,6,0,3594.75,-630
2022-10-03 01:06:30,29,19,3595.0,-611
2022-10-03 01:06:31,32,-16,3594.5,-627
2022-10-03 01:06:32,18,10,3594.0,-617
2022-10-03 01:06:33,6,-1,3594.25,-618
2022-10-03 01:06:34,11,-2,3594.0,-620
2022-10-03 01:06:35,9,-1,3594.0,-621
2022-10-03 01:06:36,5,3,3594.0,-618
2022-10-03 01:06:38,1,-1,3593.75,-619
2022-10-03 01:06:39,3,1,3594.0,-618
2022-10-03 01:06:40,5,-3,3594.0,-621
2022-10-03 01:06:41,77,-27,3593.5,-648
2022-10-03 01:06:42,10,0,3593.25,-648
2022-10-03 01:06:43,16,7,3593.5,-641
2022-10-03 01:06:44,12,1,3594.0,-640
2022-10-03 01:06:45,11,-1,3593.75,-641
2022-10-03 01:06:47,1,1,3593.5,-640
2022-10-03 01:06:48,9,7,3593.75,-633
2022-10-03 01:06:49,5,-1,3593.5,-634
2022-10-03 01:06:50,3,1,3593.5,-633
2022-10-03 01:06:51,4,-4,3593.5,-637
2022-10-03 01:06:53,3,-3,3593.25,-640
2022-10-03 01:06:54,1,-1,3593.25,-641
2022-10-03 01:06:55,1,-1,3593.25,-642
2022-10-03 01:06:56,2,2,3593.25,-640
2022-10-03 01:06:58,7,-1,3593.25,-641
2022-10-03 01:07:00,6,2,3593.5,-639
2022-10-03 01:07:01,9,5,3594.0,-634
2022-10-03 01:07:02,4,4,3593.75,-630
2022-10-03 01:07:04,8,-7,3593.5,-637
2022-10-03 01:07:05,4,3,3593.25,-634
2022-10-03 01:07:06,6,-2,3593.5,-636
2022-10-03 01:07:07,1,1,3593.5,-635
2022-10-03 01:07:08,7,-5,3593.25,-640
2022-10-03 01:07:10,7,0,3592.75,-640
2022-10-03 01:07:11,4,1,3593.0,-639
2022-10-03 01:07:12,3,-3,3592.75,-642
2022-10-03 01:07:13,1,1,3593.0,-641
2022-10-03 01:07:14,2,0,3593.0,-641
2022-10-03 01:07:15,2,-2,3593.0,-643
2022-10-03 01:07:17,2,-2,3593.0,-645
2022-10-03 01:07:18,4,-1,3593.0,-646
2022-10-03 01:07:19,1,1,3593.0,-645
2022-10-03 01:07:20,1,-1,3593.0,-646
2022-10-03 01:07:23,9,3,3593.0,-643
2022-10-03 01:07:24,1,-1,3592.75,-644
2022-10-03 01:07:26,1,1,3593.0,-643
2022-10-03 01:07:27,3,1,3593.0,-642
2022-10-03 01:07:28,1,1,3592.75,-641
2022-10-03 01:07:29,68,-44,3592.5,-685
2022-10-03 01:07:30,6,0,3592.25,-685
2022-10-03 01:07:31,4,-2,3592.0,-687
2022-10-03 01:07:32,7,-5,3592.0,-692
2022-10-03 01:07:33,16,5,3592.25,-687
2022-10-03 01:07:34,7,-3,3592.0,-690
2022-10-03 01:07:35,1,-1,3591.75,-691
2022-10-03 01:07:36,5,1,3591.75,-690
2022-10-03 01:07:37,2,-1,3591.75,-691
2022-10-03 01:07:38,10,2,3592.0,-689
2022-10-03 01:07:39,3,1,3591.75,-688
2022-10-03 01:07:41,1,-1,3591.75,-689
2022-10-03 01:07:42,4,0,3591.75,-689
2022-10-03 01:07:43,1,1,3591.75,-688
2022-10-03 01:07:44,52,-30,3591.5,-718
2022-10-03 01:07:45,37,11,3591.75,-707
2022-10-03 01:07:46,13,-17,3591.75,-724
2022-10-03 01:07:47,2,-2,3591.5,-726
2022-10-03 01:07:48,20,6,3592.0,-720
2022-10-03 01:07:49,2,2,3592.25,-718
2022-10-03 01:07:50,25,0,3592.5,-718
2022-10-03 01:07:51,2,-2,3592.0,-720
2022-10-03 01:07:52,11,5,3592.5,-715
2022-10-03 01:07:53,2,2,3592.25,-713
2022-10-03 01:07:54,1,1,3592.25,-712
2022-10-03 01:07:55,7,7,3592.5,-705
2022-10-03 01:07:56,17,-12,3592.25,-717
2022-10-03 01:07:57,6,-4,3592.0,-721
2022-10-03 01:07:58,3,-3,3591.75,-724
2022-10-03 01:07:59,2,-2,3591.75,-726
2022-10-03 01:08:00,7,-3,3592.0,-729
2022-10-03 01:08:01,3,1,3592.0,-728
2022-10-03 01:08:05,40,32,3592.75,-696
2022-10-03 01:08:06,4,2,3592.5,-694
2022-10-03 01:08:07,13,2,3592.75,-692
2022-10-03 01:08:09,13,11,3592.75,-681
2022-10-03 01:08:10,6,-6,3592.75,-687
2022-10-03 01:08:11,5,5,3593.0,-682
2022-10-03 01:08:12,8,6,3593.25,-676
2022-10-03 01:08:13,4,3,3593.25,-673
2022-10-03 01:08:14,1,-1,3593.0,-674
2022-10-03 01:08:15,1,1,3593.25,-673
2022-10-03 01:08:16,11,0,3593.0,-673
2022-10-03 01:08:17,2,2,3593.0,-671
2022-10-03 01:08:18,1,1,3593.0,-670
2022-10-03 01:08:19,3,3,3593.0,-667
2022-10-03 01:08:20,5,1,3593.0,-666
2022-10-03 01:08:21,1,-1,3592.75,-667
2022-10-03 01:08:23,7,-1,3592.75,-668
2022-10-03 01:08:24,5,-4,3592.5,-672
2022-10-03 01:08:25,6,-2,3592.25,-674
2022-10-03 01:08:26,3,-1,3592.25,-675
2022-10-03 01:08:28,8,-1,3592.25,-676
2022-10-03 01:08:31,1,1,3592.25,-675
2022-10-03 01:08:33,1,-1,3592.25,-676
2022-10-03 01:08:34,12,-10,3592.0,-686
2022-10-03 01:08:35,1,-1,3591.75,-687
2022-10-03 01:08:36,4,-4,3591.5,-691
2022-10-03 01:08:37,1,-1,3591.5,-692
2022-10-03 01:08:38,3,-3,3591.5,-695
2022-10-03 01:08:39,1,1,3591.75,-694
2022-10-03 01:08:40,8,-1,3591.75,-695
2022-10-03 01:08:41,3,0,3591.75,-695
2022-10-03 01:08:42,2,-2,3591.75,-697
2022-10-03 01:08:44,1,1,3592.0,-696
2022-10-03 01:08:45,4,0,3592.0,-696
2022-10-03 01:08:46,3,3,3592.0,-693
2022-10-03 01:08:48,6,4,3592.5,-689
2022-10-03 01:08:49,6,-1,3592.25,-690
2022-10-03 01:08:50,4,4,3592.5,-686
2022-10-03 01:08:51,1,-1,3592.5,-687
2022-10-03 01:08:53,41,-48,3592.5,-735
2022-10-03 01:08:58,3,3,3592.5,-732
2022-10-03 01:08:59,1,1,3592.5,-731
2022-10-03 01:09:00,4,2,3592.5,-729
2022-10-03 01:09:01,3,-1,3592.75,-730
2022-10-03 01:09:03,1,-1,3592.75,-731
2022-10-03 01:09:04,1,-1,3592.75,-732
2022-10-03 01:09:08,5,5,3593.0,-727
2022-10-03 01:09:10,3,-3,3592.75,-730
2022-10-03 01:09:11,1,1,3592.75,-729
2022-10-03 01:09:12,1,-1,3592.75,-730
2022-10-03 01:09:15,5,3,3592.75,-727
2022-10-03 01:09:17,1,1,3592.75,-726
2022-10-03 01:09:18,4,-4,3592.5,-730
2022-10-03 01:09:20,2,-2,3592.25,-732
2022-10-03 01:09:21,1,-1,3592.0,-733
2022-10-03 01:09:22,8,-2,3592.0,-735
2022-10-03 01:09:25,2,2,3592.25,-733
2022-10-03 01:09:26,27,-37,3592.25,-770
2022-10-03 01:09:27,2,2,3592.0,-768
2022-10-03 01:09:28,2,2,3592.0,-766
2022-10-03 01:09:32,47,-43,3592.0,-809
2022-10-03 01:09:33,1,-1,3591.5,-810
2022-10-03 01:09:34,13,5,3591.25,-805
2022-10-03 01:09:35,18,-11,3591.5,-816
2022-10-03 01:09:36,11,-16,3591.5,-832
2022-10-03 01:09:39,3,2,3591.75,-830
2022-10-03 01:09:40,1,1,3591.75,-829
2022-10-03 01:09:42,1,1,3591.75,-828
2022-10-03 01:09:43,2,-2,3592.0,-830
2022-10-03 01:09:44,2,1,3592.0,-829
2022-10-03 01:09:45,2,-2,3591.75,-831
2022-10-03 01:09:47,2,1,3591.75,-830
2022-10-03 01:09:50,17,-6,3591.75,-836
2022-10-03 01:09:52,1,1,3591.75,-835
2022-10-03 01:09:54,5,1,3592.0,-834
2022-10-03 01:09:56,1,1,3592.25,-833
2022-10-03 01:09:57,5,-5,3592.25,-838
2022-10-03 01:09:58,5,5,3592.25,-833
2022-10-03 01:09:59,1,1,3592.5,-832
2022-10-03 01:10:00,2,0,3592.5,-832
2022-10-03 01:10:01,8,8,3593.0,-824
2022-10-03 01:10:02,7,1,3593.0,-823
2022-10-03 01:10:04,5,-5,3592.5,-828
2022-10-03 01:10:05,1,1,3592.5,-827
2022-10-03 01:10:10,1,1,3592.25,-826
2022-10-03 01:10:11,2,-2,3592.0,-828
2022-10-03 01:10:12,2,-1,3591.75,-829
2022-10-03 01:10:13,7,-3,3591.5,-832
2022-10-03 01:10:14,2,-2,3591.25,-834
2022-10-03 01:10:15,4,2,3591.5,-832
2022-10-03 01:10:16,6,-4,3591.5,-836
2022-10-03 01:10:18,7,7,3591.75,-829
2022-10-03 01:10:19,9,-6,3591.75,-835
2022-10-03 01:10:20,2,2,3591.5,-833
2022-10-03 01:10:21,4,4,3591.75,-829
2022-10-03 01:10:24,4,-4,3591.75,-833
2022-10-03 01:10:26,3,-3,3591.75,-836
2022-10-03 01:10:27,12,-9,3591.5,-845
2022-10-03 01:10:28,5,3,3591.5,-842
2022-10-03 01:10:30,1,-1,3591.5,-843
2022-10-03 01:10:31,2,-2,3591.5,-845
2022-10-03 01:10:32,3,3,3591.5,-842
2022-10-03 01:10:33,4,-2,3591.25,-844
2022-10-03 01:10:34,1,-1,3591.0,-845
2022-10-03 01:10:36,23,-16,3591.0,-861
2022-10-03 01:10:37,1,-1,3590.75,-862
2022-10-03 01:10:38,16,-3,3591.25,-865
2022-10-03 01:10:39,1,-1,3591.0,-866
2022-10-03 01:10:42,9,-8,3590.75,-874
2022-10-03 01:10:43,7,-1,3590.75,-875
2022-10-03 01:10:44,2,2,3591.0,-873
2022-10-03 01:10:46,7,7,3591.0,-866
2022-10-03 01:10:47,10,6,3591.25,-860
2022-10-03 01:10:48,1,1,3591.25,-859
2022-10-03 01:10:50,285,-238,3591.5,-1097
2022-10-03 01:10:51,76,-10,3590.25,-1107
2022-10-03 01:10:52,38,1,3590.25,-1106
2022-10-03 01:10:53,14,-23,3590.25,-1129
2022-10-03 01:10:54,6,-1,3590.0,-1130
2022-10-03 01:10:55,7,0,3590.25,-1130
2022-10-03 01:10:57,5,-1,3590.25,-1131
2022-10-03 01:10:59,2,2,3590.25,-1129
2022-10-03 01:11:00,6,6,3590.5,-1123
2022-10-03 01:11:01,2,2,3590.5,-1121
2022-10-03 01:11:03,42,15,3591.25,-1106
2022-10-03 01:11:04,5,5,3591.25,-1101
2022-10-03 01:11:05,45,-19,3591.25,-1120
2022-10-03 01:11:06,1,-1,3590.5,-1121
2022-10-03 01:11:07,1,-1,3590.5,-1122
2022-10-03 01:11:09,3,1,3591.0,-1121
2022-10-03 01:11:10,9,-7,3591.0,-1128
2022-10-03 01:11:11,7,-5,3590.75,-1133
2022-10-03 01:11:12,1,1,3590.75,-1132
2022-10-03 01:11:14,2,0,3590.5,-1132
2022-10-03 01:11:15,2,0,3590.75,-1132
2022-10-03 01:11:17,2,0,3590.75,-1132
2022-10-03 01:11:18,8,1,3590.75,-1131
2022-10-03 01:11:21,9,2,3591.5,-1129
2022-10-03 01:11:23,2,-2,3591.0,-1131
2022-10-03 01:11:24,10,0,3591.0,-1131
2022-10-03 01:11:25,1,1,3591.0,-1130
2022-10-03 01:11:27,4,-4,3590.75,-1134
2022-10-03 01:11:31,1,-1,3590.75,-1135
2022-10-03 01:11:36,14,-1,3591.0,-1136
2022-10-03 01:11:37,14,-3,3591.25,-1139
2022-10-03 01:11:38,19,7,3591.25,-1132
2022-10-03 01:11:40,1,1,3591.25,-1131
2022-10-03 01:11:43,8,-1,3591.0,-1132
2022-10-03 01:11:44,1,1,3591.0,-1131
2022-10-03 01:11:45,9,10,3591.25,-1121
2022-10-03 01:11:47,1,-1,3591.0,-1122
2022-10-03 01:11:48,2,2,3591.25,-1120
2022-10-03 01:11:49,2,-2,3591.0,-1122
2022-10-03 01:11:50,10,-6,3590.75,-1128
2022-10-03 01:11:51,1,1,3590.75,-1127
2022-10-03 01:11:53,1,1,3591.0,-1126
2022-10-03 01:12:00,23,8,3591.25,-1118
2022-10-03 01:12:01,2,2,3591.5,-1116
2022-10-03 01:12:02,2,0,3591.25,-1116
2022-10-03 01:12:03,2,0,3591.25,-1116
2022-10-03 01:12:09,28,10,3591.75,-1106
2022-10-03 01:12:12,2,0,3591.75,-1106
2022-10-03 01:12:13,1,1,3591.75,-1105
2022-10-03 01:12:14,8,-2,3591.75,-1107
2022-10-03 01:12:15,3,-1,3591.75,-1108
2022-10-03 01:12:19,5,0,3592.0,-1108
2022-10-03 01:12:21,2,0,3592.0,-1108
2022-10-03 01:12:23,3,1,3591.75,-1107
2022-10-03 01:12:24,1,1,3591.75,-1106
2022-10-03 01:12:26,1,-1,3591.5,-1107
2022-10-03 01:12:27,6,0,3591.75,-1107
2022-10-03 01:12:29,5,-3,3591.5,-1110
2022-10-03 01:12:30,36,32,3592.5,-1078
2022-10-03 01:12:31,9,5,3592.75,-1073
2022-10-03 01:12:32,10,-4,3592.5,-1077
2022-10-03 01:12:35,1,1,3592.5,-1076
2022-10-03 01:12:38,12,-6,3592.5,-1082
2022-10-03 01:12:39,1,1,3592.5,-1081
2022-10-03 01:12:40,7,4,3592.5,-1077
2022-10-03 01:12:42,2,2,3592.5,-1075
2022-10-03 01:12:43,2,2,3592.5,-1073
2022-10-03 01:12:44,18,12,3592.75,-1061
2022-10-03 01:12:45,2,2,3593.0,-1059
2022-10-03 01:12:46,4,4,3593.0,-1055
2022-10-03 01:12:47,7,-1,3592.75,-1056
2022-10-03 01:12:48,1,-1,3592.75,-1057
2022-10-03 01:12:50,1,1,3593.0,-1056
2022-10-03 01:12:59,24,-16,3592.75,-1072
2022-10-03 01:13:00,13,1,3592.25,-1071
2022-10-03 01:13:01,9,-3,3592.0,-1074
2022-10-03 01:13:03,4,0,3591.75,-1074
2022-10-03 01:13:05,3,-1,3591.75,-1075
2022-10-03 01:13:06,3,3,3592.25,-1072
2022-10-03 01:13:08,2,-2,3592.25,-1074
2022-10-03 01:13:10,6,-3,3592.0,-1077
2022-10-03 01:13:14,1,1,3592.0,-1076
2022-10-03 01:13:15,3,1,3591.75,-1075
2022-10-03 01:13:16,1,1,3591.75,-1074
2022-10-03 01:13:17,15,-9,3591.5,-1083
2022-10-03 01:13:18,2,2,3591.5,-1081
2022-10-03 01:13:19,1,-1,3591.25,-1082
2022-10-03 01:13:20,9,-5,3591.25,-1087
2022-10-03 01:13:22,4,-4,3591.0,-1091
2022-10-03 01:13:23,6,-1,3591.0,-1092
2022-10-03 01:13:24,18,-10,3591.25,-1102
2022-10-03 01:13:26,1,-1,3591.25,-1103
2022-10-03 01:13:27,2,0,3591.5,-1103
2022-10-03 01:13:29,2,2,3591.5,-1101
2022-10-03 01:13:31,2,2,3591.75,-1099
2022-10-03 01:13:32,5,5,3592.0,-1094
2022-10-03 01:13:33,1,1,3592.25,-1093
2022-10-03 01:13:35,1,1,3592.25,-1092
2022-10-03 01:13:36,1,1,3592.25,-1091
2022-10-03 01:13:37,2,-2,3592.0,-1093
2022-10-03 01:13:40,1,-1,3591.75,-1094
2022-10-03 01:13:47,5,5,3592.0,-1089
2022-10-03 01:13:48,2,2,3592.25,-1087
2022-10-03 01:13:50,3,3,3592.25,-1084
2022-10-03 01:13:53,7,5,3592.5,-1079
2022-10-03 01:13:56,10,3,3592.5,-1076
2022-10-03 01:13:57,3,-3,3592.5,-1079
2022-10-03 01:14:00,3,-2,3592.5,-1081
2022-10-03 01:14:01,9,9,3592.5,-1072
2022-10-03 01:14:02,1,-1,3592.5,-1073
2022-10-03 01:14:03,3,-3,3592.5,-1076
2022-10-03 01:14:04,5,-1,3592.75,-1077
2022-10-03 01:14:07,81,9,3593.0,-1068
2022-10-03 01:14:08,29,-14,3592.25,-1082
2022-10-03 01:14:11,16,2,3592.25,-1080
2022-10-03 01:14:12,13,-7,3592.25,-1087
2022-10-03 01:14:18,5,-5,3591.75,-1092
2022-10-03 01:14:19,10,1,3591.5,-1091
2022-10-03 01:14:21,2,0,3591.5,-1091
2022-10-03 01:14:23,3,3,3591.5,-1088
2022-10-03 01:14:25,3,1,3591.75,-1087
2022-10-03 01:14:27,2,-2,3591.5,-1089
2022-10-03 01:14:28,1,1,3591.75,-1088
2022-10-03 01:14:33,2,-2,3591.75,-1090
2022-10-03 01:14:39,6,0,3592.0,-1090
2022-10-03 01:14:40,12,-8,3592.0,-1098
2022-10-03 01:14:41,4,-2,3591.5,-1100
2022-10-03 01:14:45,1,-1,3591.5,-1101
2022-10-03 01:14:46,1,1,3591.5,-1100
2022-10-03 01:14:48,2,2,3591.5,-1098
2022-10-03 01:14:52,2,2,3591.75,-1096
2022-10-03 01:14:53,1,1,3591.75,-1095
2022-10-03 01:14:54,1,-1,3591.75,-1096
2022-10-03 01:15:00,10,4,3592.0,-1092
2022-10-03 01:15:01,6,-3,3592.25,-1095
2022-10-03 01:15:02,1,1,3592.0,-1094
2022-10-03 01:15:04,3,-1,3591.75,-1095
2022-10-03 01:15:06,8,7,3592.0,-1088
2022-10-03 01:15:07,5,-4,3592.0,-1092
2022-10-03 01:15:08,2,2,3592.0,-1090
2022-10-03 01:15:13,4,-3,3591.75,-1093
2022-10-03 01:15:14,2,-2,3591.5,-1095
2022-10-03 01:15:15,1,1,3591.75,-1094
2022-10-03 01:15:16,1,-1,3591.5,-1095
2022-10-03 01:15:17,3,-1,3591.5,-1096
2022-10-03 01:15:18,5,-3,3591.5,-1099
2022-10-03 01:15:21,8,-4,3591.25,-1103
2022-10-03 01:15:23,1,-1,3591.25,-1104
2022-10-03 01:15:25,2,2,3591.5,-1102
2022-10-03 01:15:26,1,-1,3591.25,-1103
2022-10-03 01:15:28,1,1,3591.25,-1102
2022-10-03 01:15:29,2,0,3591.5,-1102
2022-10-03 01:15:31,1,-1,3591.5,-1103
2022-10-03 01:15:32,25,31,3592.0,-1072
2022-10-03 01:15:40,1,1,3592.0,-1071
2022-10-03 01:15:41,2,2,3592.0,-1069
2022-10-03 01:15:44,17,14,3592.75,-1055
2022-10-03 01:15:45,34,2,3593.0,-1053
2022-10-03 01:15:46,43,16,3593.0,-1037
2022-10-03 01:15:47,13,8,3593.0,-1029
2022-10-03 01:15:48,3,1,3593.0,-1028
2022-10-03 01:15:49,5,-1,3593.0,-1029
2022-10-03 01:15:50,2,0,3593.0,-1029
2022-10-03 01:15:52,6,4,3593.0,-1025
2022-10-03 01:15:53,1,-1,3592.75,-1026
2022-10-03 01:15:55,1,-1,3592.75,-1027
2022-10-03 01:16:01,13,-3,3593.0,-1030
2022-10-03 01:16:02,3,1,3593.0,-1029
2022-10-03 01:16:04,3,-3,3592.75,-1032
2022-10-03 01:16:09,2,0,3593.0,-1032
2022-10-03 01:16:11,6,1,3593.0,-1031
2022-10-03 01:16:14,1,1,3593.0,-1030
2022-10-03 01:16:15,6,-6,3592.75,-1036
2022-10-03 01:16:16,9,5,3593.0,-1031
2022-10-03 01:16:18,1,1,3593.0,-1030
2022-10-03 01:16:19,29,13,3593.0,-1017
2022-10-03 01:16:27,23,-10,3592.75,-1027
2022-10-03 01:16:28,2,0,3593.0,-1027
2022-10-03 01:16:29,5,-3,3592.75,-1030
2022-10-03 01:16:30,3,-3,3592.5,-1033
2022-10-03 01:16:31,5,1,3592.75,-1032
2022-10-03 01:16:32,2,-2,3592.75,-1034
2022-10-03 01:16:39,1,1,3593.0,-1033
2022-10-03 01:16:47,25,11,3593.0,-1022
2022-10-03 01:16:48,10,-7,3592.75,-1029
2022-10-03 01:16:49,10,-10,3592.5,-1039
2022-10-03 01:16:51,1,-1,3592.25,-1040
2022-10-03 01:16:52,13,-20,3592.25,-1060
2022-10-03 01:16:59,2,2,3592.5,-1058
2022-10-03 01:17:01,2,-2,3592.25,-1060
2022-10-03 01:17:02,2,-2,3592.25,-1062
2022-10-03 01:17:03,1,1,3592.25,-1061
2022-10-03 01:17:09,2,2,3592.25,-1059
2022-10-03 01:17:10,17,-11,3592.0,-1070
2022-10-03 01:17:11,4,2,3592.0,-1068
2022-10-03 01:17:13,6,-6,3591.75,-1074
2022-10-03 01:17:16,1,-1,3591.75,-1075
2022-10-03 01:17:20,1,-1,3591.75,-1076
2022-10-03 01:17:21,7,-3,3591.5,-1079
2022-10-03 01:17:22,7,2,3591.5,-1077
2022-10-03 01:17:26,16,-7,3591.25,-1084
2022-10-03 01:17:27,4,2,3591.25,-1082
2022-10-03 01:17:30,1,1,3591.5,-1081
2022-10-03 01:17:33,1,-1,3591.5,-1082
2022-10-03 01:17:34,1,-1,3591.5,-1083
2022-10-03 01:17:35,1,1,3591.5,-1082
2022-10-03 01:17:36,1,-1,3591.25,-1083
2022-10-03 01:17:39,66,-23,3591.5,-1106
2022-10-03 01:17:40,32,-9,3591.25,-1115
2022-10-03 01:17:47,4,-4,3591.25,-1119
2022-10-03 01:17:48,17,-8,3591.0,-1127
2022-10-03 01:17:50,1,1,3591.25,-1126
2022-10-03 01:17:51,4,0,3591.25,-1126
2022-10-03 01:17:53,3,-1,3591.25,-1127
2022-10-03 01:17:56,52,-18,3591.0,-1145
2022-10-03 01:17:59,30,-13,3591.0,-1158
2022-10-03 01:18:00,2,0,3591.25,-1158
2022-10-03 01:18:01,17,0,3591.25,-1158
2022-10-03 01:18:02,2,0,3591.25,-1158
2022-10-03 01:18:03,1,1,3591.25,-1157
2022-10-03 01:18:05,19,4,3591.5,-1153
2022-10-03 01:18:07,1,1,3591.5,-1152
2022-10-03 01:18:08,18,-12,3591.25,-1164
2022-10-03 01:18:09,2,2,3591.25,-1162
2022-10-03 01:18:10,7,8,3591.5,-1154
2022-10-03 01:18:12,2,2,3591.25,-1152
2022-10-03 01:18:13,2,-1,3591.0,-1153
2022-10-03 01:18:15,15,-7,3591.0,-1160
2022-10-03 01:18:17,65,-39,3591.0,-1199
2022-10-03 01:18:18,3,3,3590.25,-1196
2022-10-03 01:18:19,1,-1,3590.25,-1197
2022-10-03 01:18:21,18,-12,3590.0,-1209
2022-10-03 01:18:22,14,-2,3590.25,-1211
2022-10-03 01:18:23,2,-2,3590.0,-1213
2022-10-03 01:18:24,4,2,3590.25,-1211
2022-10-03 01:18:25,4,-2,3590.25,-1213
2022-10-03 01:18:26,2,0,3590.25,-1213
2022-10-03 01:18:28,1,1,3590.25,-1212
2022-10-03 01:18:29,5,1,3590.25,-1211
2022-10-03 01:18:30,1,1,3590.25,-1210
2022-10-03 01:18:32,12,-4,3590.0,-1214
2022-10-03 01:18:34,1,1,3590.0,-1213
2022-10-03 01:18:35,3,3,3590.0,-1210
2022-10-03 01:18:39,2,2,3590.0,-1208
2022-10-03 01:18:40,2,2,3590.25,-1206
2022-10-03 01:18:41,9,7,3590.5,-1199
2022-10-03 01:18:42,7,7,3590.75,-1192
2022-10-03 01:18:43,1,-1,3590.75,-1193
2022-10-03 01:18:46,3,1,3590.75,-1192
2022-10-03 01:18:47,2,-2,3590.5,-1194
2022-10-03 01:18:57,80,-28,3590.5,-1222
2022-10-03 01:18:59,15,1,3589.75,-1221
2022-10-03 01:19:00,16,8,3590.0,-1213
2022-10-03 01:19:01,4,0,3590.0,-1213
2022-10-03 01:19:02,11,-2,3590.0,-1215
2022-10-03 01:19:03,6,6,3590.0,-1209
2022-10-03 01:19:05,15,3,3590.5,-1206
2022-10-03 01:19:06,16,-18,3590.25,-1224
2022-10-03 01:19:07,2,0,3590.25,-1224
2022-10-03 01:19:08,6,6,3590.5,-1218
2022-10-03 01:19:09,2,2,3590.5,-1216
2022-10-03 01:19:11,3,-3,3590.25,-1219
2022-10-03 01:19:12,4,4,3590.75,-1215
2022-10-03 01:19:16,4,0,3590.75,-1215
2022-10-03 01:19:20,5,2,3590.75,-1213
2022-10-03 01:19:21,3,-2,3590.5,-1215
2022-10-03 01:19:23,4,1,3590.5,-1214
2022-10-03 01:19:24,4,0,3590.5,-1214
2022-10-03 01:19:28,1,1,3590.5,-1213
2022-10-03 01:19:29,2,-2,3590.25,-1215
2022-10-03 01:19:34,2,2,3590.25,-1213
2022-10-03 01:19:39,2,2,3590.5,-1211
2022-10-03 01:19:40,3,3,3590.5,-1208
2022-10-03 01:19:50,14,-1,3590.0,-1209
2022-10-03 01:19:51,7,-3,3590.0,-1212
2022-10-03 01:19:54,1,1,3590.25,-1211
2022-10-03 01:19:55,1,1,3590.5,-1210
2022-10-03 01:20:00,6,3,3590.25,-1207
2022-10-03 01:20:05,11,6,3590.25,-1201
2022-10-03 01:20:06,1,1,3590.25,-1200
2022-10-03 01:20:08,14,8,3590.0,-1192
2022-10-03 01:20:09,5,5,3590.25,-1187
2022-10-03 01:20:10,12,-4,3590.5,-1191
2022-10-03 01:20:13,4,-2,3590.25,-1193
2022-10-03 01:20:15,3,1,3590.25,-1192
2022-10-03 01:20:16,4,2,3590.25,-1190
2022-10-03 01:20:19,22,5,3590.5,-1185
2022-10-03 01:20:26,2,0,3590.25,-1185
2022-10-03 01:20:27,1,1,3590.25,-1184
2022-10-03 01:20:30,5,-1,3590.25,-1185
2022-10-03 01:20:32,1,1,3590.25,-1184
2022-10-03 01:20:34,1,1,3590.25,-1183
2022-10-03 01:20:36,1,1,3590.25,-1182
2022-10-03 01:20:42,6,2,3590.25,-1180
2022-10-03 01:20:47,6,6,3590.25,-1174
2022-10-03 01:20:52,2,1,3590.5,-1173
2022-10-03 01:20:53,1,1,3590.5,-1172
2022-10-03 01:20:55,10,3,3590.5,-1169
2022-10-03 01:20:56,3,1,3590.5,-1168
2022-10-03 01:20:57,4,0,3590.75,-1168
2022-10-03 01:20:58,2,-2,3590.25,-1170
2022-10-03 01:21:02,9,1,3590.25,-1169
2022-10-03 01:21:04,5,1,3590.25,-1168
2022-10-03 01:21:06,5,-5,3590.25,-1173
2022-10-03 01:21:08,2,0,3590.5,-1173
2022-10-03 01:21:10,8,8,3590.75,-1165
2022-10-03 01:21:14,1,1,3591.0,-1164
2022-10-03 01:21:16,4,-3,3590.75,-1167
2022-10-03 01:21:17,4,3,3590.75,-1164
2022-10-03 01:21:21,1,-1,3590.5,-1165
2022-10-03 01:21:24,1,-1,3590.5,-1166
2022-10-03 01:21:29,3,3,3590.75,-1163
2022-10-03 01:21:33,5,1,3590.75,-1162
2022-10-03 01:21:39,3,-3,3590.75,-1165
2022-10-03 01:21:46,38,15,3591.0,-1150
2022-10-03 01:21:49,2,1,3590.75,-1149
2022-10-03 01:21:50,3,-3,3590.75,-1152
2022-10-03 01:21:52,1,-1,3590.75,-1153
2022-10-03 01:21:54,3,1,3590.75,-1152
2022-10-03 01:21:57,4,-4,3590.75,-1156
2022-10-03 01:21:58,1,-1,3590.75,-1157
2022-10-03 01:22:00,3,-3,3590.75,-1160
2022-10-03 01:22:06,1,-1,3590.75,-1161
2022-10-03 01:22:07,1,1,3591.0,-1160
2022-10-03 01:22:09,2,0,3591.0,-1160
2022-10-03 01:22:14,1,-1,3590.75,-1161
2022-10-03 01:22:15,12,5,3591.0,-1156
2022-10-03 01:22:16,1,-1,3590.75,-1157
2022-10-03 01:22:20,5,-3,3590.75,-1160
2022-10-03 01:22:22,33,28,3592.0,-1132
2022-10-03 01:22:23,2,0,3591.75,-1132
2022-10-03 01:22:24,2,2,3592.0,-1130
2022-10-03 01:22:25,7,4,3592.0,-1126
2022-10-03 01:22:26,17,9,3592.25,-1117
2022-10-03 01:22:28,12,12,3592.5,-1105
2022-10-03 01:22:29,32,16,3593.0,-1089
2022-10-03 01:22:30,6,0,3593.0,-1089
2022-10-03 01:22:31,3,0,3593.0,-1089
2022-10-03 01:22:32,1,1,3592.75,-1088
2022-10-03 01:22:33,4,2,3592.75,-1086
2022-10-03 01:22:34,5,5,3593.0,-1081
2022-10-03 01:22:38,17,-6,3592.75,-1087
2022-10-03 01:22:40,8,0,3593.0,-1087
2022-10-03 01:22:41,2,0,3592.75,-1087
2022-10-03 01:22:42,11,-7,3592.75,-1094
2022-10-03 01:22:43,1,-1,3592.5,-1095
2022-10-03 01:22:45,4,2,3592.75,-1093
2022-10-03 01:22:46,5,-5,3592.75,-1098
2022-10-03 01:22:47,4,-4,3592.75,-1102
2022-10-03 01:22:48,5,3,3592.75,-1099
2022-10-03 01:22:49,1,-1,3592.5,-1100
2022-10-03 01:22:54,2,2,3592.75,-1098
2022-10-03 01:22:55,21,16,3593.0,-1082
2022-10-03 01:22:56,2,2,3593.0,-1080
2022-10-03 01:22:59,27,23,3593.5,-1057
2022-10-03 01:23:00,2,2,3593.5,-1055
2022-10-03 01:23:01,10,1,3593.75,-1054
2022-10-03 01:23:02,2,2,3593.5,-1052
2022-10-03 01:23:04,17,-11,3593.5,-1063
2022-10-03 01:23:05,2,-2,3593.25,-1065
2022-10-03 01:23:06,3,1,3593.25,-1064
2022-10-03 01:23:08,1,1,3593.25,-1063
2022-10-03 01:23:12,3,3,3593.5,-1060
2022-10-03 01:23:13,6,-6,3593.5,-1066
2022-10-03 01:23:14,27,-13,3593.25,-1079
2022-10-03 01:23:15,1,-1,3592.75,-1080
2022-10-03 01:23:16,3,-3,3592.75,-1083
2022-10-03 01:23:17,13,-6,3592.75,-1089
2022-10-03 01:23:18,5,-5,3592.25,-1094
2022-10-03 01:23:20,11,-4,3592.25,-1098
2022-10-03 01:23:22,6,5,3592.25,-1093
2022-10-03 01:23:27,19,-18,3592.25,-1111
2022-10-03 01:23:28,12,-15,3591.75,-1126
2022-10-03 01:23:29,10,-2,3591.25,-1128
2022-10-03 01:23:30,10,0,3591.5,-1128
2022-10-03 01:23:32,1,1,3591.5,-1127
2022-10-03 01:23:33,1,-1,3591.5,-1128
2022-10-03 01:23:38,14,11,3592.0,-1117
2022-10-03 01:23:39,1,-1,3591.75,-1118
2022-10-03 01:23:40,15,8,3592.25,-1110
2022-10-03 01:23:41,1,1,3592.0,-1109
2022-10-03 01:23:42,3,-3,3591.75,-1112
2022-10-03 01:23:43,6,-3,3592.0,-1115
2022-10-03 01:23:44,7,-7,3591.75,-1122
2022-10-03 01:23:46,1,-1,3591.5,-1123
2022-10-03 01:23:47,6,6,3591.75,-1117
2022-10-03 01:23:50,3,-3,3591.75,-1120
2022-10-03 01:23:52,5,5,3591.75,-1115
2022-10-03 01:23:56,4,4,3591.75,-1111
2022-10-03 01:23:57,1,-1,3591.5,-1112
2022-10-03 01:23:59,9,-5,3591.5,-1117
2022-10-03 01:24:02,1,-1,3591.5,-1118
2022-10-03 01:24:05,1,-1,3591.0,-1119
2022-10-03 01:24:11,6,-3,3591.0,-1122
2022-10-03 01:24:12,1,-1,3590.75,-1123
2022-10-03 01:24:16,4,4,3591.0,-1119
2022-10-03 01:24:17,6,0,3591.0,-1119
2022-10-03 01:24:18,2,2,3591.25,-1117
2022-10-03 01:24:19,5,6,3591.5,-1111
2022-10-03 01:24:20,1,1,3591.5,-1110
2022-10-03 01:24:22,1,1,3591.75,-1109
2022-10-03 01:24:23,2,2,3592.0,-1107
2022-10-03 01:24:24,4,4,3592.25,-1103
2022-10-03 01:24:25,4,4,3592.25,-1099
2022-10-03 01:24:29,1,1,3592.5,-1098
2022-10-03 01:24:30,8,-6,3592.25,-1104
2022-10-03 01:24:31,14,12,3592.5,-1092
2022-10-03 01:24:34,5,4,3592.5,-1088
2022-10-03 01:24:35,1,-1,3592.25,-1089
2022-10-03 01:24:36,1,-1,3592.5,-1090
2022-10-03 01:24:39,1,-1,3592.25,-1091
2022-10-03 01:24:43,31,2,3592.5,-1089
2022-10-03 01:24:48,2,2,3592.75,-1087
2022-10-03 01:24:49,5,5,3593.25,-1082
2022-10-03 01:24:50,26,-7,3593.5,-1089
2022-10-03 01:24:51,5,-5,3593.0,-1094
2022-10-03 01:24:52,32,2,3593.0,-1092
2022-10-03 01:24:53,2,0,3593.0,-1092
2022-10-03 01:24:54,1,-1,3592.5,-1093
2022-10-03 01:24:57,1,1,3592.75,-1092
2022-10-03 01:24:58,1,1,3592.75,-1091
2022-10-03 01:25:00,12,-7,3592.75,-1098
2022-10-03 01:25:02,1,1,3592.5,-1097
2022-10-03 01:25:07,14,-2,3592.5,-1099
2022-10-03 01:25:08,1,-1,3592.5,-1100
2022-10-03 01:25:09,2,-2,3592.25,-1102
2022-10-03 01:25:11,7,2,3592.5,-1100
2022-10-03 01:25:13,2,0,3592.75,-1100
2022-10-03 01:25:14,2,-2,3592.75,-1102
2022-10-03 01:25:16,1,1,3592.75,-1101
2022-10-03 01:25:17,12,-7,3592.5,-1108
2022-10-03 01:25:21,6,6,3592.75,-1102
2022-10-03 01:25:39,10,-8,3592.5,-1110
2022-10-03 01:25:40,2,0,3592.5,-1110
2022-10-03 01:25:44,3,3,3592.75,-1107
2022-10-03 01:25:47,42,-12,3593.0,-1119
2022-10-03 01:25:48,4,0,3592.25,-1119
2022-10-03 01:25:51,1,1,3592.5,-1118
2022-10-03 01:25:58,3,3,3592.75,-1115
2022-10-03 01:26:01,1,1,3592.5,-1114
2022-10-03 01:26:02,10,-10,3592.25,-1124
2022-10-03 01:26:11,1,-1,3592.0,-1125
2022-10-03 01:26:12,1,-1,3592.0,-1126
2022-10-03 01:26:16,3,-1,3592.0,-1127
2022-10-03 01:26:19,2,0,3592.0,-1127
2022-10-03 01:26:23,5,-9,3592.0,-1136
2022-10-03 01:26:24,5,-3,3591.75,-1139
2022-10-03 01:26:25,4,-4,3591.5,-1143
2022-10-03 01:26:31,14,1,3591.5,-1142
2022-10-03 01:26:33,2,2,3591.75,-1140
2022-10-03 01:26:35,4,4,3592.0,-1136
2022-10-03 01:26:39,4,-4,3591.75,-1140
2022-10-03 01:26:41,2,0,3591.5,-1140
2022-10-03 01:26:44,1,-1,3591.5,-1141
2022-10-03 01:26:47,1,-1,3591.5,-1142
2022-10-03 01:26:57,3,-3,3591.25,-1145
2022-10-03 01:27:00,6,1,3591.5,-1144
2022-10-03 01:27:03,3,1,3591.5,-1143
2022-10-03 01:27:04,8,4,3591.75,-1139
2022-10-03 01:27:05,4,4,3592.25,-1135
2022-10-03 01:27:07,3,1,3592.25,-1134
2022-10-03 01:27:08,1,-1,3592.25,-1135
2022-10-03 01:27:09,2,0,3592.25,-1135
2022-10-03 01:27:10,1,1,3592.25,-1134
2022-10-03 01:27:11,2,-2,3592.25,-1136
2022-10-03 01:27:14,3,-3,3592.0,-1139
2022-10-03 01:27:15,2,-2,3591.75,-1141
2022-10-03 01:27:17,2,2,3591.75,-1139
2022-10-03 01:27:18,2,-2,3591.75,-1141
2022-10-03 01:27:21,2,-2,3591.75,-1143
2022-10-03 01:27:41,1,1,3591.75,-1142
2022-10-03 01:27:50,4,4,3591.75,-1138
2022-10-03 01:27:51,8,-7,3591.5,-1145
2022-10-03 01:27:52,7,5,3591.5,-1140
2022-10-03 01:27:56,2,-2,3591.25,-1142
2022-10-03 01:28:00,2,-2,3591.25,-1144
2022-10-03 01:28:01,8,4,3591.75,-1140
2022-10-03 01:28:02,1,-1,3591.75,-1141
2022-10-03 01:28:05,3,3,3592.0,-1138
2022-10-03 01:28:07,1,1,3592.25,-1137
2022-10-03 01:28:09,9,-7,3592.25,-1144
2022-10-03 01:28:10,1,-1,3592.25,-1145
2022-10-03 01:28:14,2,-2,3592.25,-1147
2022-10-03 01:28:16,2,-2,3592.25,-1149
2022-10-03 01:28:18,2,2,3592.5,-1147
2022-10-03 01:28:20,6,5,3593.0,-1142
2022-10-03 01:28:24,1,-1,3592.5,-1143
2022-10-03 01:28:28,1,-1,3592.5,-1144
2022-10-03 01:28:30,5,5,3593.0,-1139
2022-10-03 01:28:32,12,5,3593.25,-1134
2022-10-03 01:28:34,1,1,3593.25,-1133
2022-10-03 01:28:35,1,1,3593.0,-1132
2022-10-03 01:28:38,1,-1,3593.0,-1133
2022-10-03 01:28:39,2,-2,3592.75,-1135
2022-10-03 01:28:43,7,3,3593.0,-1132
2022-10-03 01:28:47,2,-2,3592.75,-1134
2022-10-03 01:28:51,5,-3,3592.5,-1137
2022-10-03 01:29:01,1,1,3592.25,-1136
2022-10-03 01:29:02,2,-2,3592.25,-1138
2022-10-03 01:29:06,12,-15,3592.0,-1153
2022-10-03 01:29:07,4,2,3591.75,-1151
2022-10-03 01:29:08,1,1,3591.75,-1150
2022-10-03 01:29:10,5,-1,3592.0,-1151
2022-10-03 01:29:11,1,1,3591.75,-1150
2022-10-03 01:29:13,1,1,3592.0,-1149
2022-10-03 01:29:18,9,-3,3592.0,-1152
2022-10-03 01:29:21,1,1,3592.0,-1151
2022-10-03 01:29:24,1,-1,3591.75,-1152
2022-10-03 01:29:26,2,2,3591.75,-1150
2022-10-03 01:29:29,2,-2,3591.75,-1152
2022-10-03 01:29:33,6,-5,3591.5,-1157
2022-10-03 01:29:34,1,1,3591.75,-1156
2022-10-03 01:29:38,1,-1,3591.75,-1157
2022-10-03 01:29:42,6,8,3592.0,-1149
2022-10-03 01:29:43,2,2,3592.25,-1147
2022-10-03 01:29:44,1,1,3592.75,-1146
2022-10-03 01:29:45,4,-4,3592.5,-1150
2022-10-03 01:29:46,2,2,3592.5,-1148
2022-10-03 01:29:47,2,-1,3592.25,-1149
2022-10-03 01:29:48,1,-1,3592.25,-1150
2022-10-03 01:29:49,1,-1,3592.0,-1151
2022-10-03 01:29:52,2,-2,3592.0,-1153
2022-10-03 01:29:53,10,-10,3591.75,-1163
2022-10-03 01:29:54,1,-1,3591.75,-1164
2022-10-03 01:29:55,25,-4,3591.75,-1168
2022-10-03 01:29:59,1,-1,3591.75,-1169
2022-10-03 01:30:00,1,-1,3591.75,-1170
2022-10-03 01:30:01,3,3,3591.75,-1167
2022-10-03 01:30:02,2,0,3591.75,-1167
2022-10-03 01:30:05,20,-2,3592.25,-1169
2022-10-03 01:30:06,2,2,3592.0,-1167
2022-10-03 01:30:20,19,-8,3592.0,-1175
2022-10-03 01:30:21,2,2,3591.75,-1173
2022-10-03 01:30:26,3,3,3592.0,-1170
2022-10-03 01:30:27,2,0,3592.0,-1170
2022-10-03 01:30:35,9,9,3592.25,-1161
2022-10-03 01:30:36,9,-9,3592.0,-1170
2022-10-03 01:30:37,8,-2,3592.0,-1172
2022-10-03 01:30:41,3,3,3592.25,-1169
2022-10-03 01:30:44,3,1,3592.5,-1168
2022-10-03 01:30:45,6,-6,3592.5,-1174
2022-10-03 01:30:46,1,1,3592.5,-1173
2022-10-03 01:30:47,5,0,3593.0,-1173
2022-10-03 01:30:49,18,2,3593.0,-1171
2022-10-03 01:30:50,1,-1,3592.5,-1172
2022-10-03 01:30:53,3,3,3592.75,-1169
2022-10-03 01:30:56,1,1,3593.0,-1168
2022-10-03 01:30:58,20,-10,3592.75,-1178
2022-10-03 01:30:59,1,1,3592.75,-1177
2022-10-03 01:31:00,1,1,3592.75,-1176
2022-10-03 01:31:03,1,-1,3592.75,-1177
2022-10-03 01:31:08,4,2,3593.0,-1175
2022-10-03 01:31:16,1,-1,3592.75,-1176
2022-10-03 01:31:17,3,3,3592.75,-1173
2022-10-03 01:31:19,4,2,3592.75,-1171
2022-10-03 01:31:35,20,-11,3592.75,-1182
2022-10-03 01:31:38,1,-1,3592.25,-1183
2022-10-03 01:31:39,13,-2,3592.5,-1185
2022-10-03 01:31:47,1,1,3592.5,-1184
2022-10-03 01:31:58,1,-1,3592.25,-1185
2022-10-03 01:32:00,15,11,3592.5,-1174
2022-10-03 01:32:04,2,2,3593.0,-1172
2022-10-03 01:32:05,2,2,3593.0,-1170
2022-10-03 01:32:06,15,-5,3593.25,-1175
2022-10-03 01:32:07,4,-1,3592.75,-1176
2022-10-03 01:32:13,1,1,3593.0,-1175
2022-10-03 01:32:19,4,0,3593.0,-1175
2022-10-03 01:32:22,5,-3,3593.25,-1178
2022-10-03 01:32:23,1,-1,3593.0,-1179
2022-10-03 01:32:26,2,-2,3593.0,-1181
2022-10-03 01:32:29,2,2,3593.0,-1179
2022-10-03 01:32:31,6,0,3593.25,-1179
2022-10-03 01:32:32,3,-3,3593.25,-1182
2022-10-03 01:32:35,1,1,3593.25,-1181
2022-10-03 01:32:37,1,1,3593.25,-1180
2022-10-03 01:32:38,1,1,3593.25,-1179
2022-10-03 01:32:39,3,-3,3593.0,-1182
2022-10-03 01:32:40,3,1,3593.25,-1181
2022-10-03 01:32:41,2,2,3593.25,-1179
2022-10-03 01:32:42,2,2,3593.0,-1177
2022-10-03 01:32:44,1,1,3593.25,-1176
2022-10-03 01:32:45,2,-2,3593.0,-1178
2022-10-03 01:32:46,1,-1,3593.0,-1179
2022-10-03 01:32:47,5,5,3593.25,-1174
2022-10-03 01:32:48,2,-2,3593.0,-1176
2022-10-03 01:32:49,1,-1,3593.0,-1177
2022-10-03 01:32:50,1,1,3593.0,-1176
2022-10-03 01:32:52,1,1,3593.25,-1175
2022-10-03 01:32:55,5,4,3593.25,-1171
2022-10-03 01:32:58,6,-2,3593.25,-1173
2022-10-03 01:32:59,1,1,3593.25,-1172
2022-10-03 01:33:00,1,-1,3593.0,-1173
2022-10-03 01:33:06,1,1,3593.25,-1172
2022-10-03 01:33:07,1,1,3593.0,-1171
2022-10-03 01:33:08,1,1,3593.0,-1170
2022-10-03 01:33:10,10,9,3593.25,-1161
2022-10-03 01:33:11,11,10,3593.5,-1151
2022-10-03 01:33:12,1,1,3593.5,-1150
2022-10-03 01:33:14,46,35,3594.0,-1115
2022-10-03 01:33:15,7,1,3594.0,-1114
2022-10-03 01:33:16,27,20,3594.5,-1094
2022-10-03 01:33:17,3,-1,3594.25,-1095
2022-10-03 01:33:19,12,-3,3594.0,-1098
2022-10-03 01:33:20,4,2,3594.25,-1096
2022-10-03 01:33:22,2,-2,3594.0,-1098
2022-10-03 01:33:23,2,2,3594.25,-1096
2022-10-03 01:33:24,5,-3,3594.25,-1099
2022-10-03 01:33:25,5,-1,3594.5,-1100
2022-10-03 01:33:26,5,-5,3594.0,-1105
2022-10-03 01:33:28,5,5,3594.25,-1100
2022-10-03 01:33:29,2,-2,3594.25,-1102
2022-10-03 01:33:30,11,-5,3594.25,-1107
2022-10-03 01:33:31,2,-1,3594.0,-1108
2022-10-03 01:33:34,4,-4,3593.75,-1112
2022-10-03 01:33:36,3,-3,3593.5,-1115
2022-10-03 01:33:37,1,1,3593.5,-1114
2022-10-03 01:33:38,2,0,3593.5,-1114
2022-10-03 01:33:39,1,-1,3593.5,-1115
2022-10-03 01:33:41,7,3,3593.75,-1112
2022-10-03 01:33:48,10,3,3593.5,-1109
2022-10-03 01:33:50,3,1,3593.5,-1108
2022-10-03 01:33:51,2,-2,3593.5,-1110
2022-10-03 01:33:58,1,-1,3593.5,-1111
2022-10-03 01:33:59,3,-1,3593.5,-1112
2022-10-03 01:34:00,1,1,3593.5,-1111
2022-10-03 01:34:01,6,2,3593.75,-1109
2022-10-03 01:34:02,2,-2,3593.75,-1111
2022-10-03 01:34:03,1,-1,3593.75,-1112
2022-10-03 01:34:05,1,-1,3593.75,-1113
2022-10-03 01:34:07,1,-1,3594.0,-1114
2022-10-03 01:34:08,1,-1,3593.75,-1115
2022-10-03 01:34:09,2,-2,3594.0,-1117
2022-10-03 01:34:13,11,11,3594.25,-1106
2022-10-03 01:34:14,7,-3,3594.0,-1109
2022-10-03 01:34:17,2,2,3594.25,-1107
2022-10-03 01:34:22,1,1,3594.25,-1106
2022-10-03 01:34:23,1,1,3594.5,-1105
2022-10-03 01:34:24,1,-1,3594.25,-1106
2022-10-03 01:34:26,1,-1,3594.25,-1107
2022-10-03 01:34:28,2,-2,3594.25,-1109
2022-10-03 01:34:29,11,9,3594.25,-1100
2022-10-03 01:34:32,2,2,3594.25,-1098
2022-10-03 01:34:33,1,-1,3594.0,-1099
2022-10-03 01:34:34,1,1,3594.25,-1098
2022-10-03 01:34:35,1,-1,3594.0,-1099
2022-10-03 01:34:39,75,13,3594.5,-1086
2022-10-03 01:34:40,2,-2,3594.0,-1088
2022-10-03 01:34:42,14,-1,3594.0,-1089
2022-10-03 01:34:46,3,-1,3594.25,-1090
2022-10-03 01:34:47,1,-1,3594.0,-1091
2022-10-03 01:34:48,2,2,3594.25,-1089
2022-10-03 01:34:51,4,0,3594.5,-1089
2022-10-03 01:34:55,1,-1,3594.25,-1090
2022-10-03 01:34:56,1,-1,3594.25,-1091
2022-10-03 01:35:00,4,4,3594.25,-1087
2022-10-03 01:35:01,26,13,3594.5,-1074
2022-10-03 01:35:03,22,12,3594.5,-1062
2022-10-03 01:35:06,5,1,3594.5,-1061
2022-10-03 01:35:10,10,-2,3594.25,-1063
2022-10-03 01:35:11,1,1,3594.25,-1062
2022-10-03 01:35:12,13,-7,3594.0,-1069
2022-10-03 01:35:13,2,0,3594.0,-1069
2022-10-03 01:35:14,1,1,3594.25,-1068
2022-10-03 01:35:17,2,0,3594.0,-1068
2022-10-03 01:35:19,3,3,3594.0,-1065
2022-10-03 01:35:23,1,-1,3594.0,-1066
2022-10-03 01:35:25,7,5,3594.5,-1061
2022-10-03 01:35:26,5,4,3594.5,-1057
2022-10-03 01:35:27,122,91,3595.5,-966
2022-10-03 01:35:29,6,1,3595.5,-965
2022-10-03 01:35:30,2,2,3595.5,-963
2022-10-03 01:35:31,1,-1,3595.25,-964
2022-10-03 01:35:32,12,-3,3595.5,-967
2022-10-03 01:35:33,3,1,3595.5,-966
2022-10-03 01:35:34,1,1,3595.5,-965
2022-10-03 01:35:36,3,1,3595.5,-964
2022-10-03 01:35:40,11,5,3595.5,-959
2022-10-03 01:35:43,10,8,3595.75,-951
2022-10-03 01:35:44,4,-3,3595.5,-954
2022-10-03 01:35:45,2,2,3595.5,-952
2022-10-03 01:35:47,5,-3,3595.5,-955
2022-10-03 01:35:48,3,-3,3595.5,-958
2022-10-03 01:35:49,1,-1,3595.25,-959
2022-10-03 01:35:50,1,-1,3595.25,-960
2022-10-03 01:35:51,1,1,3595.25,-959
2022-10-03 01:35:52,1,-1,3595.25,-960
2022-10-03 01:35:53,2,-2,3595.25,-962
2022-10-03 01:35:54,1,-1,3595.0,-963
2022-10-03 01:35:55,1,1,3595.25,-962
2022-10-03 01:35:56,4,4,3595.5,-958
2022-10-03 01:35:58,3,-1,3595.5,-959
2022-10-03 01:36:01,2,2,3595.5,-957
2022-10-03 01:36:02,3,-3,3595.5,-960
2022-10-03 01:36:04,1,1,3595.5,-959
2022-10-03 01:36:10,4,-2,3595.75,-961
2022-10-03 01:36:12,8,-2,3595.25,-963
2022-10-03 01:36:14,8,7,3595.5,-956
2022-10-03 01:36:17,1,1,3595.5,-955
2022-10-03 01:36:21,13,-2,3595.25,-957
2022-10-03 01:36:22,1,1,3595.25,-956
2022-10-03 01:36:23,1,-1,3595.25,-957
2022-10-03 01:36:37,9,-6,3595.0,-963
2022-10-03 01:36:39,8,6,3595.0,-957
2022-10-03 01:36:41,1,-1,3594.75,-958
2022-10-03 01:36:42,4,0,3595.0,-958
2022-10-03 01:36:43,2,-2,3594.75,-960
2022-10-03 01:36:45,2,-2,3595.0,-962
2022-10-03 01:36:46,1,-1,3595.0,-963
2022-10-03 01:36:48,2,2,3595.0,-961
2022-10-03 01:36:55,1,1,3595.0,-960
2022-10-03 01:36:59,3,1,3595.0,-959
2022-10-03 01:37:02,6,5,3595.5,-954
2022-10-03 01:37:04,1,-1,3595.25,-955
2022-10-03 01:37:07,2,2,3595.25,-953
2022-10-03 01:37:10,2,2,3595.25,-951
2022-10-03 01:37:12,3,-3,3595.0,-954
2022-10-03 01:37:17,1,1,3595.25,-953
2022-10-03 01:37:22,7,-7,3595.25,-960
2022-10-03 01:37:25,5,-8,3595.25,-968
2022-10-03 01:37:26,1,-1,3595.0,-969
2022-10-03 01:37:40,2,-2,3595.0,-971
2022-10-03 01:37:41,2,2,3595.0,-969
2022-10-03 01:37:48,1,-1,3594.75,-970
2022-10-03 01:37:52,2,2,3595.0,-968
2022-10-03 01:37:55,13,7,3595.5,-961
2022-10-03 01:38:03,3,-1,3595.5,-962
2022-10-03 01:38:10,2,-2,3595.5,-964
2022-10-03 01:38:14,2,-2,3595.5,-966
2022-10-03 01:38:15,1,1,3595.75,-965
2022-10-03 01:38:16,1,-1,3595.5,-966
2022-10-03 01:38:19,1,1,3595.75,-965
2022-10-03 01:38:20,1,-1,3595.5,-966
2022-10-03 01:38:26,4,-4,3595.25,-970
2022-10-03 01:38:37,2,0,3595.5,-970
2022-10-03 01:38:40,2,0,3595.5,-970
2022-10-03 01:38:44,1,-1,3595.25,-971
2022-10-03 01:38:51,1,-1,3595.0,-972
2022-10-03 01:38:57,2,2,3595.0,-970
2022-10-03 01:38:59,3,3,3595.0,-967
2022-10-03 01:39:00,1,-1,3594.75,-968
2022-10-03 01:39:01,22,-18,3594.75,-986
2022-10-03 01:39:03,2,-2,3594.5,-988
2022-10-03 01:39:04,1,1,3594.75,-987
2022-10-03 01:39:06,11,7,3595.0,-980
2022-10-03 01:39:08,5,-5,3594.75,-985
2022-10-03 01:39:12,20,28,3595.0,-957
2022-10-03 01:39:13,5,5,3595.25,-952
2022-10-03 01:39:15,8,3,3595.25,-949
2022-10-03 01:39:20,16,-3,3595.0,-952
2022-10-03 01:39:23,10,8,3595.25,-944
2022-10-03 01:39:27,1,1,3595.5,-943
2022-10-03 01:39:35,3,1,3595.5,-942
2022-10-03 01:39:44,4,-2,3595.75,-944
2022-10-03 01:39:45,94,114,3597.0,-830
2022-10-03 01:39:46,7,7,3596.75,-823
2022-10-03 01:39:47,1,1,3597.0,-822
2022-10-03 01:39:48,15,-11,3597.0,-833
2022-10-03 01:39:50,10,-2,3596.5,-835
2022-10-03 01:39:51,2,0,3596.75,-835
2022-10-03 01:39:55,1,1,3596.75,-834
2022-10-03 01:39:57,26,23,3597.0,-811
2022-10-03 01:39:58,5,3,3597.0,-808
2022-10-03 01:39:59,20,9,3597.0,-799
2022-10-03 01:40:00,7,-1,3597.0,-800
2022-10-03 01:40:03,12,2,3597.25,-798
2022-10-03 01:40:05,9,-9,3596.75,-807
2022-10-03 01:40:06,8,2,3596.75,-805
2022-10-03 01:40:08,5,-5,3596.75,-810
2022-10-03 01:40:11,4,-4,3596.5,-814
2022-10-03 01:40:13,6,-6,3596.5,-820
2022-10-03 01:40:14,4,-2,3596.25,-822
2022-10-03 01:40:22,5,1,3596.5,-821
2022-10-03 01:40:23,4,-4,3596.25,-825
2022-10-03 01:40:24,4,2,3596.75,-823
2022-10-03 01:40:26,1,-1,3596.75,-824
2022-10-03 01:40:31,2,1,3596.75,-823
2022-10-03 01:40:32,26,-4,3596.75,-827
2022-10-03 01:40:37,2,0,3597.0,-827
2022-10-03 01:40:40,6,-3,3596.75,-830
2022-10-03 01:40:41,1,1,3597.0,-829
2022-10-03 01:40:46,9,8,3597.25,-821
2022-10-03 01:40:47,32,12,3598.0,-809
2022-10-03 01:40:48,1,1,3598.0,-808
2022-10-03 01:40:50,2,0,3598.0,-808
2022-10-03 01:40:51,2,2,3598.0,-806
2022-10-03 01:40:52,17,1,3598.25,-805
2022-10-03 01:40:53,7,5,3598.0,-800
2022-10-03 01:40:55,4,-1,3598.0,-801
2022-10-03 01:40:57,1,1,3598.0,-800
2022-10-03 01:40:59,18,2,3598.0,-798
2022-10-03 01:41:00,1,-1,3597.5,-799
2022-10-03 01:41:01,3,1,3597.75,-798
2022-10-03 01:41:02,13,-8,3597.75,-806
2022-10-03 01:41:03,1,1,3597.75,-805
2022-10-03 01:41:04,4,4,3597.75,-801
2022-10-03 01:41:05,8,-6,3597.5,-807
2022-10-03 01:41:08,4,-4,3597.25,-811
2022-10-03 01:41:10,4,0,3597.0,-811
2022-10-03 01:41:12,2,0,3597.25,-811
2022-10-03 01:41:13,1,1,3597.25,-810
2022-10-03 01:41:14,2,-2,3597.0,-812
2022-10-03 01:41:16,9,-6,3597.25,-818
2022-10-03 01:41:17,12,1,3597.25,-817
2022-10-03 01:41:19,1,-1,3597.25,-818
2022-10-03 01:41:21,3,-3,3597.25,-821
2022-10-03 01:41:23,2,-1,3597.25,-822
2022-10-03 01:41:27,3,-3,3597.25,-825
2022-10-03 01:41:28,2,-2,3597.0,-827
2022-10-03 01:41:29,1,-1,3597.25,-828
2022-10-03 01:41:31,5,4,3597.5,-824
2022-10-03 01:41:33,8,7,3597.75,-817
2022-10-03 01:41:34,4,2,3597.75,-815
2022-10-03 01:41:36,11,6,3598.0,-809
2022-10-03 01:41:37,3,-1,3598.0,-810
2022-10-03 01:41:39,2,-2,3597.75,-812
2022-10-03 01:41:41,8,3,3598.25,-809
2022-10-03 01:41:42,16,7,3598.25,-802
2022-10-03 01:41:43,72,9,3598.75,-793
2022-10-03 01:41:44,9,1,3598.75,-792
2022-10-03 01:41:45,13,3,3598.75,-789
2022-10-03 01:41:47,22,-4,3598.75,-793
2022-10-03 01:41:48,11,-8,3598.5,-801
2022-10-03 01:41:49,16,-11,3598.0,-812
2022-10-03 01:41:50,4,0,3598.0,-812
2022-10-03 01:41:51,1,1,3598.25,-811
2022-10-03 01:41:52,1,-1,3598.0,-812
2022-10-03 01:41:53,26,24,3598.5,-788
2022-10-03 01:41:54,5,-5,3598.25,-793
2022-10-03 01:41:58,3,-3,3597.75,-796
2022-10-03 01:42:00,1,-1,3597.5,-797
2022-10-03 01:42:02,7,-1,3597.75,-798
2022-10-03 01:42:04,4,-4,3597.75,-802
2022-10-03 01:42:05,1,1,3597.75,-801
2022-10-03 01:42:07,4,-4,3597.5,-805
2022-10-03 01:42:09,1,-1,3597.5,-806
2022-10-03 01:42:10,4,0,3597.75,-806
2022-10-03 01:42:12,2,1,3598.0,-805
2022-10-03 01:42:13,2,-2,3598.0,-807
2022-10-03 01:42:16,1,-1,3598.0,-808
2022-10-03 01:42:17,1,-1,3598.0,-809
2022-10-03 01:42:18,4,-1,3598.0,-810
2022-10-03 01:42:19,12,-12,3597.75,-822
2022-10-03 01:42:20,1,1,3598.0,-821
2022-10-03 01:42:25,1,1,3597.75,-820
2022-10-03 01:42:27,6,-4,3597.75,-824
2022-10-03 01:42:31,11,-6,3597.5,-830
2022-10-03 01:42:33,9,5,3597.5,-825
2022-10-03 01:42:36,1,1,3597.5,-824
2022-10-03 01:42:38,5,-1,3597.5,-825
2022-10-03 01:42:39,6,-6,3597.25,-831
2022-10-03 01:42:44,1,1,3597.5,-830
2022-10-03 01:42:45,12,8,3597.75,-822
2022-10-03 01:42:47,37,13,3598.0,-809
2022-10-03 01:42:48,1,-1,3597.75,-810
2022-10-03 01:42:49,1,1,3598.0,-809
2022-10-03 01:42:50,3,3,3598.0,-806
2022-10-03 01:42:51,4,-1,3598.0,-807
2022-10-03 01:42:52,2,2,3597.75,-805
2022-10-03 01:42:54,12,4,3598.0,-801
2022-10-03 01:42:55,1,1,3598.25,-800
2022-10-03 01:42:58,4,-2,3597.75,-802
2022-10-03 01:43:00,2,0,3598.0,-802
2022-10-03 01:43:01,2,-1,3598.0,-803
2022-10-03 01:43:03,32,10,3598.5,-793
2022-10-03 01:43:04,1,1,3598.5,-792
2022-10-03 01:43:08,4,-4,3598.5,-796
2022-10-03 01:43:09,1,1,3598.5,-795
2022-10-03 01:43:10,6,7,3598.75,-788
2022-10-03 01:43:11,3,0,3598.75,-788
2022-10-03 01:43:12,5,-4,3598.5,-792
2022-10-03 01:43:13,3,-3,3598.25,-795
2022-10-03 01:43:16,1,1,3598.25,-794
2022-10-03 01:43:17,2,-2,3598.25,-796
2022-10-03 01:43:22,3,-3,3598.25,-799
2022-10-03 01:43:23,5,5,3598.25,-794
2022-10-03 01:43:24,1,1,3598.5,-793
2022-10-03 01:43:27,3,-3,3598.25,-796
2022-10-03 01:43:29,11,8,3598.25,-788
2022-10-03 01:43:32,13,11,3598.5,-777
2022-10-03 01:43:35,7,-5,3598.5,-782
2022-10-03 01:43:40,1,-1,3598.5,-783
2022-10-03 01:43:42,1,-1,3598.5,-784
2022-10-03 01:43:46,94,45,3600.0,-739
2022-10-03 01:43:47,31,7,3600.25,-732
2022-10-03 01:43:48,32,12,3600.25,-720
2022-10-03 01:43:49,2,2,3600.0,-718
2022-10-03 01:43:50,6,3,3599.75,-715
2022-10-03 01:43:51,13,4,3600.25,-711
2022-10-03 01:43:52,4,1,3600.25,-710
2022-10-03 01:43:53,14,9,3600.5,-701
2022-10-03 01:43:54,46,34,3600.75,-667
2022-10-03 01:43:55,40,22,3600.75,-645
2022-10-03 01:43:56,20,-14,3600.75,-659
2022-10-03 01:43:57,16,21,3600.75,-638
2022-10-03 01:43:58,48,25,3601.0,-613
2022-10-03 01:43:59,7,4,3600.5,-609
2022-10-03 01:44:00,1,-1,3600.25,-610
2022-10-03 01:44:01,11,-3,3600.5,-613
2022-10-03 01:44:02,9,-5,3600.25,-618
2022-10-03 01:44:03,9,5,3600.5,-613
2022-10-03 01:44:04,1,-1,3600.25,-614
2022-10-03 01:44:05,1,1,3600.5,-613
2022-10-03 01:44:06,1,-1,3600.25,-614
2022-10-03 01:44:07,18,-1,3600.5,-615
2022-10-03 01:44:08,2,-2,3600.5,-617
2022-10-03 01:44:10,3,-3,3600.5,-620
2022-10-03 01:44:13,1,1,3600.5,-619
2022-10-03 01:44:14,1,-1,3600.25,-620
2022-10-03 01:44:15,1,1,3600.5,-619
2022-10-03 01:44:18,4,2,3600.5,-617
2022-10-03 01:44:19,6,3,3600.75,-614
2022-10-03 01:44:20,8,8,3601.0,-606
2022-10-03 01:44:21,10,-4,3601.0,-610
2022-10-03 01:44:22,1,1,3601.0,-609
2022-10-03 01:44:23,4,0,3601.25,-609
2022-10-03 01:44:24,5,-3,3601.25,-612
2022-10-03 01:44:25,11,7,3601.0,-605
2022-10-03 01:44:27,2,2,3601.0,-603
2022-10-03 01:44:28,1,1,3601.25,-602
2022-10-03 01:44:29,28,3,3601.5,-599
2022-10-03 01:44:30,3,-1,3601.5,-600
2022-10-03 01:44:32,5,-3,3601.25,-603
2022-10-03 01:44:33,33,19,3601.5,-584
2022-10-03 01:44:35,1,1,3601.5,-583
2022-10-03 01:44:36,5,-1,3601.25,-584
2022-10-03 01:44:37,5,-3,3601.25,-587
2022-10-03 01:44:39,26,26,3601.75,-561
2022-10-03 01:44:40,1,-1,3601.25,-562
2022-10-03 01:44:41,7,-1,3601.25,-563
2022-10-03 01:44:44,6,0,3601.0,-563
2022-10-03 01:44:46,4,0,3601.0,-563
2022-10-03 01:44:48,6,6,3601.25,-557
2022-10-03 01:44:50,1,-1,3601.25,-558
2022-10-03 01:44:54,4,4,3601.25,-554
2022-10-03 01:44:55,5,-5,3601.0,-559
2022-10-03 01:44:56,10,10,3601.0,-549
2022-10-03 01:44:57,5,1,3601.25,-548
2022-10-03 01:44:58,2,-2,3601.0,-550
2022-10-03 01:45:00,2,0,3601.0,-550
2022-10-03 01:45:01,1,-1,3601.0,-551
2022-10-03 01:45:03,8,2,3601.5,-549
2022-10-03 01:45:04,1,-1,3601.5,-550
2022-10-03 01:45:05,1,-1,3601.25,-551
2022-10-03 01:45:06,2,0,3601.5,-551
2022-10-03 01:45:08,3,-1,3601.5,-552
2022-10-03 01:45:09,4,0,3601.75,-552
2022-10-03 01:45:10,1,-1,3601.5,-553
2022-10-03 01:45:11,1,-1,3601.25,-554
2022-10-03 01:45:12,5,3,3601.5,-551
2022-10-03 01:45:13,38,25,3601.75,-526
2022-10-03 01:45:14,3,-3,3601.5,-529
2022-10-03 01:45:16,6,6,3601.75,-523
2022-10-03 01:45:17,1,1,3601.5,-522
2022-10-03 01:45:18,1,1,3601.5,-521
2022-10-03 01:45:20,2,-2,3601.5,-523
2022-10-03 01:45:22,2,0,3601.75,-523
2022-10-03 01:45:23,5,-3,3601.25,-526
2022-10-03 01:45:25,8,1,3601.0,-525
2022-10-03 01:45:26,3,1,3601.25,-524
2022-10-03 01:45:27,6,0,3601.0,-524
2022-10-03 01:45:30,6,-3,3601.25,-527
2022-10-03 01:45:32,2,0,3601.25,-527
2022-10-03 01:45:33,2,-2,3601.25,-529
2022-10-03 01:45:34,5,2,3601.5,-527
2022-10-03 01:45:36,3,3,3601.75,-524
2022-10-03 01:45:37,1,1,3601.75,-523
2022-10-03 01:45:38,4,2,3601.75,-521
2022-10-03 01:45:39,2,0,3601.75,-521
2022-10-03 01:45:41,20,7,3602.0,-514
2022-10-03 01:45:42,37,20,3602.75,-494
2022-10-03 01:45:43,9,-5,3602.75,-499
2022-10-03 01:45:44,15,12,3602.75,-487
2022-10-03 01:45:45,23,5,3603.0,-482
2022-10-03 01:45:46,7,3,3603.0,-479
2022-10-03 01:45:47,9,3,3602.75,-476
2022-10-03 01:45:48,1,1,3602.75,-475
2022-10-03 01:45:49,23,19,3603.0,-456
2022-10-03 01:45:50,15,-2,3603.25,-458
2022-10-03 01:45:51,5,1,3603.0,-457
2022-10-03 01:45:52,35,12,3603.0,-445
2022-10-03 01:45:53,9,-5,3602.75,-450
2022-10-03 01:45:55,16,14,3603.0,-436
2022-10-03 01:45:56,4,-4,3602.75,-440
2022-10-03 01:45:57,1,-1,3602.5,-441
2022-10-03 01:45:58,10,6,3603.0,-435
2022-10-03 01:45:59,3,-1,3603.0,-436
2022-10-03 01:46:00,28,1,3603.0,-435
2022-10-03 01:46:01,8,7,3603.25,-428
2022-10-03 01:46:02,1,-1,3603.0,-429
2022-10-03 01:46:03,4,-1,3603.25,-430
2022-10-03 01:46:04,3,-1,3603.0,-431
2022-10-03 01:46:06,10,0,3603.25,-431
2022-10-03 01:46:07,26,9,3603.25,-422
2022-10-03 01:46:08,3,-3,3603.25,-425
2022-10-03 01:46:09,2,2,3603.5,-423
2022-10-03 01:46:10,4,1,3603.5,-422
2022-10-03 01:46:13,7,-7,3603.25,-429
2022-10-03 01:46:15,15,12,3603.75,-417
2022-10-03 01:46:16,37,8,3604.25,-409
2022-10-03 01:46:17,3,-3,3603.75,-412
2022-10-03 01:46:18,1,1,3603.75,-411
2022-10-03 01:46:19,1,-1,3603.5,-412
2022-10-03 01:46:20,2,-2,3603.5,-414
2022-10-03 01:46:21,4,2,3603.75,-412
2022-10-03 01:46:22,1,-1,3603.5,-413
2022-10-03 01:46:23,9,-2,3603.5,-415
2022-10-03 01:46:25,3,3,3603.5,-412
2022-10-03 01:46:27,7,-2,3603.25,-414
2022-10-03 01:46:28,4,2,3603.5,-412
2022-10-03 01:46:29,5,3,3603.5,-409
2022-10-03 01:46:30,1,1,3603.5,-408
2022-10-03 01:46:31,1,1,3603.25,-407
2022-10-03 01:46:32,4,-3,3603.0,-410
2022-10-03 01:46:33,13,8,3603.5,-402
2022-10-03 01:46:35,1,-1,3603.25,-403
2022-10-03 01:46:36,2,-2,3603.5,-405
2022-10-03 01:46:37,2,2,3603.75,-403
2022-10-03 01:46:38,2,-2,3603.5,-405
2022-10-03 01:46:39,1,1,3603.5,-404
2022-10-03 01:46:40,18,-3,3603.25,-407
2022-10-03 01:46:41,1,-1,3603.25,-408
2022-10-03 01:46:43,4,-2,3603.25,-410
2022-10-03 01:46:44,1,1,3603.5,-409
2022-10-03 01:46:49,1,1,3603.25,-408
2022-10-03 01:46:50,8,-4,3603.0,-412
2022-10-03 01:46:51,11,-11,3602.75,-423
2022-10-03 01:46:52,8,-4,3602.75,-427
2022-10-03 01:46:53,4,0,3602.5,-427
2022-10-03 01:46:54,5,-5,3602.5,-432
2022-10-03 01:46:55,1,1,3602.5,-431
2022-10-03 01:46:56,2,-2,3602.5,-433
2022-10-03 01:46:57,1,-1,3602.25,-434
2022-10-03 01:46:58,7,-7,3602.25,-441
2022-10-03 01:47:00,1,-1,3602.25,-442
2022-10-03 01:47:01,3,3,3602.5,-439
2022-10-03 01:47:03,4,3,3602.25,-436
2022-10-03 01:47:04,7,1,3602.25,-435
2022-10-03 01:47:05,8,4,3602.25,-431
2022-10-03 01:47:07,1,-1,3602.0,-432
2022-10-03 01:47:08,8,-4,3602.25,-436
2022-10-03 01:47:09,3,-3,3601.5,-439
2022-10-03 01:47:10,12,-5,3601.75,-444
2022-10-03 01:47:15,1,-1,3601.5,-445
2022-10-03 01:47:16,20,-15,3601.5,-460
2022-10-03 01:47:17,8,4,3601.75,-456
2022-10-03 01:47:18,1,1,3601.75,-455
2022-10-03 01:47:21,1,-1,3601.75,-456
2022-10-03 01:47:22,4,-1,3602.0,-457
2022-10-03 01:47:26,8,5,3602.5,-452
2022-10-03 01:47:27,13,6,3603.0,-446
2022-10-03 01:47:28,7,6,3603.0,-440
2022-10-03 01:47:29,1,-1,3603.0,-441
2022-10-03 01:47:30,30,3,3603.25,-438
2022-10-03 01:47:31,2,2,3603.25,-436
2022-10-03 01:47:35,5,-3,3603.0,-439
2022-10-03 01:47:36,2,0,3603.0,-439
2022-10-03 01:47:37,3,-3,3602.75,-442
2022-10-03 01:47:38,1,-1,3602.75,-443
2022-10-03 01:47:41,1,-1,3602.75,-444
2022-10-03 01:47:43,1,-1,3602.5,-445
2022-10-03 01:47:44,1,1,3602.75,-444
2022-10-03 01:47:46,1,1,3602.75,-443
2022-10-03 01:47:49,6,-6,3602.5,-449
2022-10-03 01:47:50,1,-1,3602.25,-450
2022-10-03 01:47:51,32,20,3603.25,-430
2022-10-03 01:47:52,8,2,3603.5,-428
2022-10-03 01:47:53,2,-2,3603.5,-430
2022-10-03 01:47:54,1,1,3603.5,-429
2022-10-03 01:47:55,3,-3,3603.5,-432
2022-10-03 01:47:59,3,-4,3603.25,-436
2022-10-03 01:48:00,8,6,3603.25,-430
2022-10-03 01:48:01,2,1,3603.25,-429
2022-10-03 01:48:02,1,-1,3603.25,-430
2022-10-03 01:48:04,3,3,3603.5,-427
2022-10-03 01:48:06,1,-1,3603.25,-428
2022-10-03 01:48:07,5,5,3603.5,-423
2022-10-03 01:48:08,4,-4,3603.5,-427
2022-10-03 01:48:10,1,-1,3603.5,-428
2022-10-03 01:48:12,1,-1,3603.5,-429
2022-10-03 01:48:15,1,-1,3603.5,-430
2022-10-03 01:48:18,25,17,3603.75,-413
2022-10-03 01:48:19,8,6,3604.0,-407
2022-10-03 01:48:20,1,1,3604.0,-406
2022-10-03 01:48:21,2,-2,3603.75,-408
2022-10-03 01:48:23,3,3,3604.0,-405
2022-10-03 01:48:24,2,-2,3604.0,-407
2022-10-03 01:48:25,4,-2,3604.0,-409
2022-10-03 01:48:27,1,1,3604.0,-408
2022-10-03 01:48:28,2,2,3603.75,-406
2022-10-03 01:48:29,8,2,3604.0,-404
2022-10-03 01:48:31,1,-1,3603.75,-405
2022-10-03 01:48:33,1,1,3603.75,-404
2022-10-03 01:48:36,19,0,3603.5,-404
2022-10-03 01:48:37,52,4,3604.0,-400
2022-10-03 01:48:38,4,-4,3603.75,-404
2022-10-03 01:48:39,1,1,3604.0,-403
2022-10-03 01:48:40,8,-4,3603.75,-407
2022-10-03 01:48:43,22,2,3604.0,-405
2022-10-03 01:48:45,2,-2,3604.0,-407
2022-10-03 01:48:47,1,-1,3603.75,-408
2022-10-03 01:48:48,10,-7,3603.5,-415
2022-10-03 01:48:50,1,1,3603.75,-414
2022-10-03 01:48:51,6,-3,3603.75,-417
2022-10-03 01:48:55,2,-2,3603.25,-419
2022-10-03 01:48:56,2,2,3603.5,-417
2022-10-03 01:48:58,4,-2,3603.25,-419
2022-10-03 01:49:00,14,-12,3603.25,-431
2022-10-03 01:49:01,3,3,3603.0,-428
2022-10-03 01:49:02,1,-1,3603.0,-429
2022-10-03 01:49:04,3,3,3603.25,-426
2022-10-03 01:49:05,1,1,3603.5,-425
2022-10-03 01:49:07,7,0,3603.75,-425
2022-10-03 01:49:08,4,0,3603.75,-425
2022-10-03 01:49:09,2,-2,3603.75,-427
2022-10-03 01:49:10,3,-1,3603.75,-428
2022-10-03 01:49:12,4,0,3603.5,-428
2022-10-03 01:49:15,2,-2,3603.0,-430
2022-10-03 01:49:16,11,-2,3603.0,-432
2022-10-03 01:49:20,5,-6,3603.0,-438
2022-10-03 01:49:22,6,5,3603.0,-433
2022-10-03 01:49:23,4,-4,3602.75,-437
2022-10-03 01:49:25,7,5,3603.25,-432
2022-10-03 01:49:26,2,0,3603.0,-432
2022-10-03 01:49:27,6,6,3603.0,-426
2022-10-03 01:49:28,1,-1,3603.0,-427
2022-10-03 01:49:30,5,-2,3603.25,-429
2022-10-03 01:49:35,3,-3,3603.0,-432
2022-10-03 01:49:38,6,-3,3603.25,-435
2022-10-03 01:49:39,1,-1,3602.75,-436
2022-10-03 01:49:40,12,3,3603.0,-433
2022-10-03 01:49:41,4,0,3602.75,-433
2022-10-03 01:49:45,3,1,3602.75,-432
2022-10-03 01:49:46,3,-1,3603.0,-433
2022-10-03 01:49:48,2,-2,3602.75,-435
2022-10-03 01:49:52,2,-2,3602.75,-437
2022-10-03 01:49:53,3,3,3603.0,-434
2022-10-03 01:49:58,14,12,3603.25,-422
2022-10-03 01:49:59,15,4,3603.5,-418
2022-10-03 01:50:00,2,-2,3603.5,-420
2022-10-03 01:50:01,8,-6,3603.5,-426
2022-10-03 01:50:03,1,-1,3603.5,-427
2022-10-03 01:50:04,2,-2,3603.25,-429
2022-10-03 01:50:05,4,2,3603.5,-427
2022-10-03 01:50:06,8,4,3603.75,-423
2022-10-03 01:50:07,2,-1,3603.75,-424
2022-10-03 01:50:09,1,1,3603.75,-423
2022-10-03 01:50:10,1,-1,3603.75,-424
2022-10-03 01:50:12,2,2,3603.75,-422
2022-10-03 01:50:15,3,3,3603.75,-419
2022-10-03 01:50:18,1,-1,3603.5,-420
2022-10-03 01:50:19,8,-4,3603.5,-424
2022-10-03 01:50:21,4,2,3603.75,-422
2022-10-03 01:50:24,13,11,3604.0,-411
2022-10-03 01:50:25,4,-2,3604.0,-413
2022-10-03 01:50:26,8,8,3604.25,-405
2022-10-03 01:50:27,1,1,3604.25,-404
2022-10-03 01:50:28,30,21,3604.75,-383
2022-10-03 01:50:29,51,20,3605.0,-363
2022-10-03 01:50:30,55,14,3605.0,-349
2022-10-03 01:50:31,2,2,3605.0,-347
2022-10-03 01:50:32,14,-8,3604.75,-355
2022-10-03 01:50:33,4,0,3604.75,-355
2022-10-03 01:50:35,5,-1,3605.0,-356
2022-10-03 01:50:36,2,0,3605.0,-356
2022-10-03 01:50:37,127,77,3605.75,-279
2022-10-03 01:50:38,12,2,3605.5,-277
2022-10-03 01:50:39,3,-3,3605.5,-280
2022-10-03 01:50:40,1,1,3605.75,-279
2022-10-03 01:50:41,7,-3,3605.5,-282
2022-10-03 01:50:42,6,2,3605.5,-280
2022-10-03 01:50:43,6,-1,3605.5,-281
2022-10-03 01:50:44,3,1,3605.5,-280
2022-10-03 01:50:45,3,3,3605.25,-277
2022-10-03 01:50:46,5,-2,3605.25,-279
2022-10-03 01:50:47,2,0,3605.25,-279
2022-10-03 01:50:48,2,2,3605.25,-277
2022-10-03 01:50:49,11,6,3605.75,-271
2022-10-03 01:50:50,5,-5,3605.5,-276
2022-10-03 01:50:51,49,35,3606.25,-241
2022-10-03 01:50:52,7,-1,3606.25,-242
2022-10-03 01:50:53,3,0,3606.0,-242
2022-10-03 01:50:54,3,3,3606.0,-239
2022-10-03 01:50:55,29,4,3606.5,-235
2022-10-03 01:50:56,26,6,3606.5,-229
2022-10-03 01:50:57,19,-6,3606.25,-235
2022-10-03 01:50:58,4,2,3606.25,-233
2022-10-03 01:50:59,12,-4,3606.25,-237
2022-10-03 01:51:00,2,-2,3606.0,-239
2022-10-03 01:51:01,3,1,3606.25,-238
2022-10-03 01:51:02,6,5,3606.5,-233
2022-10-03 01:51:04,5,-1,3606.5,-234
2022-10-03 01:51:05,6,-3,3606.5,-237
2022-10-03 01:51:06,2,2,3606.25,-235
2022-10-03 01:51:07,1,-1,3606.25,-236
2022-10-03 01:51:09,9,-3,3606.25,-239
2022-10-03 01:51:10,2,-2,3606.25,-241
2022-10-03 01:51:11,12,-3,3606.5,-244
2022-10-03 01:51:12,41,-17,3606.0,-261
2022-10-03 01:51:13,7,3,3605.75,-258
2022-10-03 01:51:14,31,-15,3605.75,-273
2022-10-03 01:51:16,4,1,3605.75,-272
2022-10-03 01:51:18,9,4,3606.25,-268
2022-10-03 01:51:19,13,12,3606.5,-256
2022-10-03 01:51:20,52,25,3607.25,-231
2022-10-03 01:51:21,14,1,3607.25,-230
2022-10-03 01:51:22,87,-7,3607.5,-237
2022-10-03 01:51:23,25,12,3607.5,-225
2022-10-03 01:51:24,53,28,3608.0,-197
2022-10-03 01:51:25,31,-4,3608.25,-201
2022-10-03 01:51:26,9,1,3608.25,-200
2022-10-03 01:51:27,144,110,3609.0,-90
2022-10-03 01:51:28,11,5,3609.0,-85
2022-10-03 01:51:29,17,5,3608.75,-80
2022-10-03 01:51:30,10,2,3609.0,-78
2022-10-03 01:51:31,8,2,3608.75,-76
2022-10-03 01:51:32,26,12,3609.0,-64
2022-10-03 01:51:33,21,7,3609.0,-57
2022-10-03 01:51:34,10,7,3609.25,-50
2022-10-03 01:51:35,33,15,3609.75,-35
2022-10-03 01:51:36,34,10,3609.75,-25
2022-10-03 01:51:37,13,-6,3609.75,-31
2022-10-03 01:51:38,18,2,3609.5,-29
2022-10-03 01:51:39,3,3,3609.25,-26
2022-10-03 01:51:40,5,-3,3609.5,-29
2022-10-03 01:51:41,5,-1,3609.25,-30
2022-10-03 01:51:42,5,1,3609.25,-29
2022-10-03 01:51:43,4,-4,3609.0,-33
2022-10-03 01:51:44,1,-1,3609.25,-34
2022-10-03 01:51:46,14,2,3609.25,-32
2022-10-03 01:51:47,15,10,3609.25,-22
2022-10-03 01:51:49,2,-2,3609.0,-24
2022-10-03 01:51:50,5,3,3609.25,-21
2022-10-03 01:51:52,2,0,3609.0,-21
2022-10-03 01:51:53,8,-6,3609.0,-27
2022-10-03 01:51:55,6,2,3609.0,-25
2022-10-03 01:51:56,1,-1,3609.0,-26
2022-10-03 01:51:57,7,5,3609.0,-21
2022-10-03 01:51:58,31,1,3609.25,-20
2022-10-03 01:51:59,6,-4,3609.0,-24
2022-10-03 01:52:00,6,-4,3609.0,-28
2022-10-03 01:52:01,12,0,3609.25,-28
2022-10-03 01:52:02,7,-1,3609.0,-29
2022-10-03 01:52:03,9,9,3609.25,-20
2022-10-03 01:52:04,4,-4,3609.25,-24
2022-10-03 01:52:05,10,-4,3609.0,-28
2022-10-03 01:52:07,1,-1,3609.0,-29
2022-10-03 01:52:08,11,5,3609.25,-24
2022-10-03 01:52:09,26,14,3609.5,-10
2022-10-03 01:52:10,108,14,3610.0,4
2022-10-03 01:52:11,26,-7,3610.0,-3
2022-10-03 01:52:12,11,6,3610.0,3
2022-10-03 01:52:13,35,4,3610.0,7
2022-10-03 01:52:14,1,1,3610.0,8
2022-10-03 01:52:15,29,-5,3609.75,3
2022-10-03 01:52:16,3,3,3609.75,6
2022-10-03 01:52:17,7,-5,3609.75,1
2022-10-03 01:52:18,1,1,3609.75,2
2022-10-03 01:52:19,4,-2,3610.0,0
2022-10-03 01:52:20,61,15,3610.0,15
2022-10-03 01:52:21,8,0,3609.75,15
2022-10-03 01:52:22,1,1,3609.75,16
2022-10-03 01:52:24,20,3,3610.0,19
2022-10-03 01:52:25,15,2,3609.75,21
2022-10-03 01:52:27,61,62,3610.25,83
2022-10-03 01:52:28,34,-3,3610.25,80
2022-10-03 01:52:29,3,1,3610.25,81
2022-10-03 01:52:30,31,12,3610.5,93
2022-10-03 01:52:31,11,-6,3610.5,87
2022-10-03 01:52:32,18,2,3610.75,89
2022-10-03 01:52:34,11,0,3610.5,89
2022-10-03 01:52:35,10,-9,3610.25,80
2022-10-03 01:52:36,23,-6,3610.25,74
2022-10-03 01:52:37,10,7,3610.5,81
2022-10-03 01:52:40,8,1,3610.5,82
2022-10-03 01:52:41,15,-4,3610.25,78
2022-10-03 01:52:42,10,-3,3610.0,75
2022-10-03 01:52:43,4,-4,3610.0,71
2022-10-03 01:52:44,4,-4,3610.0,67
2022-10-03 01:52:45,11,-2,3610.0,65
2022-10-03 01:52:46,3,-3,3609.75,62
2022-10-03 01:52:47,12,4,3609.75,66
2022-10-03 01:52:48,42,2,3610.0,68
2022-10-03 01:52:49,8,3,3610.25,71
2022-10-03 01:52:50,25,1,3610.25,72
2022-10-03 01:52:51,6,-3,3610.0,69
2022-10-03 01:52:54,6,-5,3609.75,64
2022-10-03 01:52:55,24,9,3610.0,73
2022-10-03 01:52:57,9,5,3610.25,78
2022-10-03 01:52:58,4,-2,3610.25,76
2022-10-03 01:52:59,3,-1,3610.5,75
2022-10-03 01:53:00,5,-1,3610.5,74
2022-10-03 01:53:01,49,17,3610.75,91
2022-10-03 01:53:02,11,-3,3610.75,88
2022-10-03 01:53:03,13,-1,3611.0,87
2022-10-03 01:53:04,3,-3,3610.75,84
2022-10-03 01:53:05,39,17,3611.25,101
2022-10-03 01:53:06,31,5,3611.5,106
2022-10-03 01:53:07,2,2,3611.5,108
2022-10-03 01:53:08,10,7,3611.5,115
2022-10-03 01:53:10,17,-2,3611.5,113
2022-10-03 01:53:11,11,-5,3611.5,108
2022-10-03 01:53:12,1,-1,3611.0,107
2022-10-03 01:53:13,7,-7,3611.0,100
2022-10-03 01:53:14,14,-2,3610.75,98
2022-10-03 01:53:15,27,-11,3610.5,87
2022-10-03 01:53:16,2,0,3610.5,87
2022-10-03 01:53:17,32,5,3611.0,92
2022-10-03 01:53:18,3,-3,3611.0,89
2022-10-03 01:53:19,3,-1,3610.75,88
2022-10-03 01:53:20,30,6,3611.0,94
2022-10-03 01:53:22,15,6,3611.0,100
2022-10-03 01:53:23,2,0,3611.0,100
2022-10-03 01:53:24,1,1,3611.0,101
2022-10-03 01:53:25,2,-2,3610.75,99
2022-10-03 01:53:26,77,-3,3611.0,96
2022-10-03 01:53:27,18,-2,3610.75,94
2022-10-03 01:53:28,4,-2,3610.5,92
2022-10-03 01:53:29,6,-1,3610.75,91
2022-10-03 01:53:30,1,1,3610.75,92
2022-10-03 01:53:31,11,-8,3610.5,84
2022-10-03 01:53:33,5,4,3610.5,88
2022-10-03 01:53:34,26,19,3611.0,107
2022-10-03 01:53:35,11,-2,3611.25,105
2022-10-03 01:53:36,3,1,3611.25,106
2022-10-03 01:53:37,207,52,3612.0,158
2022-10-03 01:53:38,48,-4,3611.0,154
2022-10-03 01:53:39,1,-1,3610.5,153
2022-10-03 01:53:40,31,-9,3610.75,144
2022-10-03 01:53:41,3,-3,3610.25,141
2022-10-03 01:53:42,31,-5,3610.25,136
2022-10-03 01:53:43,6,-3,3610.25,133
2022-10-03 01:53:46,13,10,3610.75,143
2022-10-03 01:53:47,9,-7,3610.5,136
2022-10-03 01:53:48,2,-2,3610.5,134
2022-10-03 01:53:49,14,4,3610.75,138
2022-10-03 01:53:50,5,0,3610.75,138
2022-10-03 01:53:51,6,-3,3610.75,135
2022-10-03 01:53:52,36,-10,3611.0,125
2022-10-03 01:53:53,2,-2,3610.5,123
2022-10-03 01:53:54,9,1,3610.5,124
2022-10-03 01:53:55,4,-2,3610.25,122
2022-10-03 01:53:57,43,-39,3610.25,83
2022-10-03 01:53:58,39,-2,3610.0,81
2022-10-03 01:53:59,5,6,3610.25,87
2022-10-03 01:54:00,23,-11,3610.0,76
2022-10-03 01:54:01,8,-1,3610.0,75
2022-10-03 01:54:02,12,7,3610.25,82
2022-10-03 01:54:03,3,-3,3610.0,79
2022-10-03 01:54:04,2,1,3610.25,80
2022-10-03 01:54:05,2,-2,3610.0,78
2022-10-03 01:54:06,30,8,3610.5,86
2022-10-03 01:54:07,3,1,3610.5,87
2022-10-03 01:54:09,5,-5,3610.5,82
2022-10-03 01:54:10,5,1,3610.5,83
2022-10-03 01:54:12,3,-2,3610.5,81
2022-10-03 01:54:13,20,14,3611.0,95
2022-10-03 01:54:14,2,-2,3610.75,93
2022-10-03 01:54:15,5,-5,3610.75,88
2022-10-03 01:54:17,29,-1,3611.0,87
2022-10-03 01:54:18,8,-1,3611.0,86
2022-10-03 01:54:19,9,-9,3610.5,77
2022-10-03 01:54:20,18,11,3611.0,88
2022-10-03 01:54:21,2,-2,3610.25,86
2022-10-03 01:54:23,7,-7,3610.5,79
2022-10-03 01:54:24,3,-3,3610.25,76
2022-10-03 01:54:25,1,1,3610.5,77
2022-10-03 01:54:27,8,3,3610.5,80
2022-10-03 01:54:28,3,-3,3610.0,77
2022-10-03 01:54:29,32,31,3610.5,108
2022-10-03 01:54:30,2,0,3610.25,108
2022-10-03 01:54:31,17,-2,3610.25,106
2022-10-03 01:54:32,4,4,3610.25,110
2022-10-03 01:54:33,3,-3,3610.25,107
2022-10-03 01:54:34,2,-2,3610.25,105
2022-10-03 01:54:36,3,3,3610.5,108
2022-10-03 01:54:37,1,1,3610.5,109
2022-10-03 01:54:39,1,-1,3610.5,108
2022-10-03 01:54:40,4,-2,3610.5,106
2022-10-03 01:54:42,8,-2,3610.75,104
2022-10-03 01:54:44,1,-1,3610.5,103
2022-10-03 01:54:46,7,0,3610.5,103
2022-10-03 01:54:47,10,-3,3610.5,100
2022-10-03 01:54:48,1,1,3610.5,101
2022-10-03 01:54:49,4,-2,3610.75,99
2022-10-03 01:54:51,7,-2,3610.25,97
2022-10-03 01:54:52,7,5,3610.5,102
2022-10-03 01:54:54,10,8,3610.75,110
2022-10-03 01:54:55,12,-12,3610.75,98
2022-10-03 01:54:56,31,-7,3611.0,91
2022-10-03 01:54:57,59,-8,3610.75,83
2022-10-03 01:54:58,1,1,3610.5,84
2022-10-03 01:55:01,13,1,3610.5,85
2022-10-03 01:55:02,2,0,3610.5,85
2022-10-03 01:55:03,1,-1,3610.5,84
2022-10-03 01:55:04,7,-3,3610.5,81
2022-10-03 01:55:05,1,-1,3610.5,80
2022-10-03 01:55:06,1,-1,3610.5,79
2022-10-03 01:55:07,4,-4,3610.25,75
2022-10-03 01:55:08,7,-7,3610.0,68
2022-10-03 01:55:09,19,-8,3610.0,60
2022-10-03 01:55:10,59,-38,3610.0,22
2022-10-03 01:55:11,46,-14,3609.5,8
2022-10-03 01:55:12,267,-211,3609.25,-203
2022-10-03 01:55:13,6,-2,3609.0,-205
2022-10-03 01:55:14,28,-2,3609.0,-207
2022-10-03 01:55:15,33,1,3609.0,-206
2022-10-03 01:55:16,5,-3,3609.0,-209
2022-10-03 01:55:17,31,8,3609.5,-201
2022-10-03 01:55:18,1,-1,3609.25,-202
2022-10-03 01:55:19,6,-4,3609.5,-206
2022-10-03 01:55:20,29,-13,3609.25,-219
2022-10-03 01:55:21,2,-2,3608.75,-221
2022-10-03 01:55:22,9,-6,3608.75,-227
2022-10-03 01:55:23,14,-1,3608.75,-228
2022-10-03 01:55:24,4,2,3608.75,-226
2022-10-03 01:55:25,8,1,3608.75,-225
2022-10-03 01:55:26,2,2,3608.75,-223
2022-10-03 01:55:27,2,0,3609.0,-223
2022-10-03 01:55:28,11,-4,3609.0,-227
2022-10-03 01:55:29,1,-1,3609.0,-228
2022-10-03 01:55:30,2,2,3609.0,-226
2022-10-03 01:55:31,4,2,3609.25,-224
2022-10-03 01:55:32,1,-1,3609.0,-225
2022-10-03 01:55:34,7,1,3609.0,-224
2022-10-03 01:55:36,4,-2,3609.0,-226
2022-10-03 01:55:37,74,99,3609.75,-127
2022-10-03 01:55:38,12,8,3609.5,-119
2022-10-03 01:55:39,4,-4,3609.5,-123
2022-10-03 01:55:40,6,3,3609.5,-120
2022-10-03 01:55:42,1,-1,3609.5,-121
2022-10-03 01:55:43,5,-5,3609.5,-126
2022-10-03 01:55:44,2,-2,3609.5,-128
2022-10-03 01:55:45,16,7,3610.0,-121
2022-10-03 01:55:46,5,-5,3609.5,-126
2022-10-03 01:55:47,5,1,3609.5,-125
2022-10-03 01:55:48,4,-3,3609.25,-128
2022-10-03 01:55:49,24,-19,3609.0,-147
2022-10-03 01:55:50,3,-3,3608.75,-150
2022-10-03 01:55:51,7,3,3608.75,-147
2022-10-03 01:55:52,5,5,3608.75,-142
2022-10-03 01:55:53,1,-1,3608.5,-143
2022-10-03 01:55:55,7,5,3608.75,-138
2022-10-03 01:55:57,16,-7,3609.0,-145
2022-10-03 01:55:58,8,7,3610.0,-138
2022-10-03 01:56:00,14,0,3610.0,-138
2022-10-03 01:56:02,5,-1,3610.0,-139
2022-10-03 01:56:03,23,19,3610.25,-120
2022-10-03 01:56:04,21,-8,3610.25,-128
2022-10-03 01:56:05,7,-7,3610.0,-135
2022-10-03 01:56:07,28,4,3610.0,-131
2022-10-03 01:56:08,22,-16,3609.75,-147
2022-10-03 01:56:09,2,-2,3609.75,-149
2022-10-03 01:56:10,5,1,3609.75,-148
2022-10-03 01:56:11,8,-8,3609.5,-156
2022-10-03 01:56:12,3,1,3609.25,-155
2022-10-03 01:56:14,1,-1,3609.0,-156
2022-10-03 01:56:16,5,-1,3609.0,-157
2022-10-03 01:56:17,14,-4,3608.75,-161
2022-10-03 01:56:18,2,-2,3608.75,-163
2022-10-03 01:56:19,5,-3,3609.0,-166
2022-10-03 01:56:20,2,-2,3608.75,-168
2022-10-03 01:56:21,2,-2,3608.5,-170
2022-10-03 01:56:22,1,1,3608.75,-169
2022-10-03 01:56:24,13,-3,3608.5,-172
2022-10-03 01:56:27,20,-5,3608.5,-177
2022-10-03 01:56:28,6,-2,3608.25,-179
2022-10-03 01:56:29,18,-6,3608.0,-185
2022-10-03 01:56:30,20,13,3608.25,-172
2022-10-03 01:56:31,12,6,3608.5,-166
2022-10-03 01:56:32,4,-4,3608.25,-170
2022-10-03 01:56:34,7,-1,3608.0,-171
2022-10-03 01:56:35,2,2,3608.0,-169
2022-10-03 01:56:36,18,8,3608.25,-161
2022-10-03 01:56:37,11,-2,3608.25,-163
2022-10-03 01:56:38,5,-1,3608.25,-164
2022-10-03 01:56:39,1,1,3608.25,-163
2022-10-03 01:56:40,11,5,3608.25,-158
2022-10-03 01:56:41,14,5,3608.5,-153
2022-10-03 01:56:42,2,2,3608.25,-151
2022-10-03 01:56:43,5,0,3608.25,-151
2022-10-03 01:56:44,3,-3,3608.25,-154
2022-10-03 01:56:45,3,-2,3608.0,-156
2022-10-03 01:56:47,7,-7,3608.0,-163
2022-10-03 01:56:48,4,2,3608.25,-161
2022-10-03 01:56:49,7,7,3608.5,-154
2022-10-03 01:56:50,26,-13,3608.5,-167
2022-10-03 01:56:51,17,7,3608.5,-160
2022-10-03 01:56:52,4,0,3608.25,-160
2022-10-03 01:56:53,1,1,3608.25,-159
2022-10-03 01:56:54,1,1,3608.25,-158
2022-10-03 01:56:57,1,-1,3608.0,-159
2022-10-03 01:56:59,35,4,3608.0,-155
2022-10-03 01:57:00,31,-1,3607.75,-156
2022-10-03 01:57:01,6,6,3607.5,-150
2022-10-03 01:57:02,7,-3,3607.5,-153
2022-10-03 01:57:03,18,-2,3607.25,-155
2022-10-03 01:57:04,14,-4,3607.25,-159
2022-10-03 01:57:05,13,-5,3607.0,-164
2022-10-03 01:57:06,23,-5,3607.0,-169
2022-10-03 01:57:07,8,0,3607.25,-169
2022-10-03 01:57:09,22,3,3607.25,-166
2022-10-03 01:57:10,81,-92,3607.0,-258
2022-10-03 01:57:11,10,10,3606.75,-248
2022-10-03 01:57:12,7,-5,3606.75,-253
2022-10-03 01:57:13,5,-3,3606.75,-256
2022-10-03 01:57:14,19,4,3607.0,-252
2022-10-03 01:57:15,1,1,3607.0,-251
2022-10-03 01:57:16,7,4,3607.0,-247
2022-10-03 01:57:17,1,1,3607.0,-246
2022-10-03 01:57:20,8,8,3607.0,-238
2022-10-03 01:57:21,25,0,3607.25,-238
2022-10-03 01:57:23,1,-1,3607.0,-239
2022-10-03 01:57:24,4,4,3607.25,-235
2022-10-03 01:57:27,20,-3,3607.0,-238
2022-10-03 01:57:29,4,3,3607.0,-235
2022-10-03 01:57:30,10,10,3607.0,-225
2022-10-03 01:57:31,6,-2,3607.0,-227
2022-10-03 01:57:32,1,1,3607.0,-226
2022-10-03 01:57:33,3,-1,3607.0,-227
2022-10-03 01:57:34,11,-11,3606.75,-238
2022-10-03 01:57:35,2,2,3606.75,-236
2022-10-03 01:57:37,3,3,3606.75,-233
2022-10-03 01:57:38,5,5,3606.75,-228
2022-10-03 01:57:40,5,3,3606.75,-225
2022-10-03 01:57:41,3,3,3607.0,-222
2022-10-03 01:57:42,12,10,3607.0,-212
2022-10-03 01:57:43,3,1,3607.0,-211
2022-10-03 01:57:44,3,2,3607.0,-209
2022-10-03 01:57:46,7,-7,3607.0,-216
2022-10-03 01:57:50,2,-2,3606.5,-218
2022-10-03 01:57:52,8,-9,3606.25,-227
2022-10-03 01:57:53,10,-3,3606.0,-230
2022-10-03 01:57:55,9,-7,3605.75,-237
2022-10-03 01:57:56,13,7,3605.75,-230
2022-10-03 01:57:59,5,-5,3605.75,-235
2022-10-03 01:58:00,10,6,3606.0,-229
2022-10-03 01:58:01,8,-4,3606.25,-233
2022-10-03 01:58:02,2,-2,3605.75,-235
2022-10-03 01:58:04,3,3,3606.0,-232
2022-10-03 01:58:05,3,3,3606.0,-229
2022-10-03 01:58:06,9,-2,3606.0,-231
2022-10-03 01:58:07,5,-3,3606.0,-234
2022-10-03 01:58:08,5,3,3606.25,-231
2022-10-03 01:58:10,2,2,3606.0,-229
2022-10-03 01:58:11,2,-2,3606.0,-231
2022-10-03 01:58:13,1,1,3606.0,-230
2022-10-03 01:58:15,8,-2,3605.75,-232
2022-10-03 01:58:16,4,2,3605.75,-230
2022-10-03 01:58:18,5,5,3605.75,-225
2022-10-03 01:58:19,5,5,3605.75,-220
2022-10-03 01:58:21,2,-2,3605.75,-222
2022-10-03 01:58:22,7,-2,3606.0,-224
2022-10-03 01:58:23,71,73,3606.75,-151
2022-10-03 01:58:24,24,25,3606.25,-126
2022-10-03 01:58:26,19,-16,3606.0,-142
2022-10-03 01:58:27,3,-1,3605.75,-143
2022-10-03 01:58:28,7,2,3606.0,-141
2022-10-03 01:58:29,4,-4,3606.0,-145
2022-10-03 01:58:30,2,-2,3606.0,-147
2022-10-03 01:58:32,1,-1,3606.0,-148
2022-10-03 01:58:33,6,-6,3606.0,-154
2022-10-03 01:58:34,11,-3,3606.25,-157
2022-10-03 01:58:35,2,2,3606.25,-155
2022-10-03 01:58:36,2,0,3606.25,-155
2022-10-03 01:58:37,2,-2,3606.0,-157
2022-10-03 01:58:38,37,10,3606.25,-147
2022-10-03 01:58:40,4,0,3606.0,-147
2022-10-03 01:58:41,6,-3,3605.75,-150
2022-10-03 01:58:43,1,-1,3605.75,-151
2022-10-03 01:58:45,8,-6,3605.5,-157
2022-10-03 01:58:46,1,1,3605.5,-156
2022-10-03 01:58:47,7,7,3605.5,-149
2022-10-03 01:58:48,1,-1,3605.5,-150
2022-10-03 01:58:49,5,-3,3605.75,-153
2022-10-03 01:58:50,1,-1,3605.5,-154
2022-10-03 01:58:52,9,4,3605.75,-150
2022-10-03 01:58:53,3,3,3605.75,-147
2022-10-03 01:58:55,4,-2,3605.75,-149
2022-10-03 01:58:57,1,1,3605.75,-148
2022-10-03 01:58:58,1,-1,3605.5,-149
2022-10-03 01:58:59,10,2,3605.75,-147
2022-10-03 01:59:00,14,-10,3605.5,-157
2022-10-03 01:59:01,4,4,3605.5,-153
2022-10-03 01:59:03,44,-15,3605.25,-168
2022-10-03 01:59:04,31,16,3605.5,-152
2022-10-03 01:59:05,12,-3,3605.5,-155
2022-10-03 01:59:06,10,6,3605.75,-149
2022-10-03 01:59:07,13,9,3606.0,-140
2022-10-03 01:59:08,6,-6,3605.75,-146
2022-10-03 01:59:10,16,-6,3606.0,-152
2022-10-03 01:59:11,8,4,3606.25,-148
2022-10-03 01:59:12,6,1,3606.25,-147
2022-10-03 01:59:13,1,1,3606.25,-146
2022-10-03 01:59:14,3,-1,3606.25,-147
2022-10-03 01:59:15,1,1,3606.0,-146
2022-10-03 01:59:17,5,-1,3606.25,-147
2022-10-03 01:59:18,7,1,3606.0,-146
2022-10-03 01:59:19,3,1,3605.75,-145
2022-10-03 01:59:20,4,-3,3605.75,-148
2022-10-03 01:59:22,2,0,3606.0,-148
2022-10-03 01:59:23,5,5,3606.0,-143
2022-10-03 01:59:25,1,1,3606.25,-142
2022-10-03 01:59:26,23,-7,3606.25,-149
2022-10-03 01:59:27,14,3,3606.5,-146
2022-10-03 01:59:28,3,2,3606.5,-144
2022-10-03 01:59:29,2,-2,3606.25,-146
2022-10-03 01:59:31,1,-1,3606.25,-147
2022-10-03 01:59:33,2,2,3606.5,-145
2022-10-03 01:59:35,7,2,3606.5,-143
2022-10-03 01:59:36,18,16,3606.5,-127
2022-10-03 01:59:38,3,-3,3606.5,-130
2022-10-03 01:59:40,1,-1,3606.5,-131
2022-10-03 01:59:41,8,-6,3606.25,-137
2022-10-03 01:59:43,19,-15,3606.0,-152
2022-10-03 01:59:45,10,5,3606.0,-147
2022-10-03 01:59:46,25,-12,3605.75,-159
2022-10-03 01:59:47,5,4,3605.5,-155
2022-10-03 01:59:50,2,-2,3605.5,-157
2022-10-03 01:59:53,5,-1,3605.75,-158
2022-10-03 01:59:54,10,-3,3605.75,-161
2022-10-03 01:59:55,1,-1,3605.5,-162
2022-10-03 01:59:56,2,-2,3605.5,-164
2022-10-03 01:59:57,12,15,3605.75,-149
2022-10-03 01:59:58,92,-29,3605.5,-178
2022-10-03 01:59:59,11,3,3605.25,-175
2022-10-03 02:00:00,55,-3,3605.75,-178
2022-10-03 02:00:01,5,3,3605.25,-175
2022-10-03 02:00:02,8,8,3605.5,-167
2022-10-03 02:00:03,12,-1,3605.75,-168
2022-10-03 02:00:04,5,-1,3605.5,-169
2022-10-03 02:00:05,4,0,3605.75,-169
2022-10-03 02:00:06,24,1,3606.25,-168
2022-10-03 02:00:07,19,-11,3606.25,-179
2022-10-03 02:00:08,6,-4,3606.25,-183
2022-10-03 02:00:09,44,16,3606.5,-167
2022-10-03 02:00:10,22,-7,3606.25,-174
2022-10-03 02:00:11,18,10,3606.5,-164
2022-10-03 02:00:12,4,2,3606.75,-162
2022-10-03 02:00:13,40,21,3607.25,-141
2022-10-03 02:00:14,27,0,3607.25,-141
2022-10-03 02:00:16,222,98,3608.5,-43
2022-10-03 02:00:17,59,-15,3608.25,-58
2022-10-03 02:00:18,116,60,3609.0,2
2022-10-03 02:00:19,23,-3,3608.5,-1
2022-10-03 02:00:20,19,2,3608.5,1
2022-10-03 02:00:21,1,1,3608.0,2
2022-10-03 02:00:22,37,-18,3608.0,-16
2022-10-03 02:00:23,19,-1,3607.25,-17
2022-10-03 02:00:24,69,68,3608.0,51
2022-10-03 02:00:25,10,-8,3607.5,43
2022-10-03 02:00:26,14,0,3607.75,43
2022-10-03 02:00:28,19,7,3607.5,50
2022-10-03 02:00:29,1,-1,3607.25,49
2022-10-03 02:00:30,1,-1,3607.25,48
2022-10-03 02:00:31,1,-1,3607.0,47
2022-10-03 02:00:32,7,-5,3607.5,42
2022-10-03 02:00:33,1,-1,3607.5,41
2022-10-03 02:00:34,4,-4,3607.5,37
2022-10-03 02:00:35,4,0,3607.25,37
2022-10-03 02:00:36,2,0,3607.0,37
2022-10-03 02:00:37,11,-3,3607.0,34
2022-10-03 02:00:38,12,8,3607.25,42
2022-10-03 02:00:39,2,2,3607.0,44
2022-10-03 02:00:40,2,2,3607.25,46
2022-10-03 02:00:41,3,-3,3607.0,43
2022-10-03 02:00:42,6,0,3607.0,43
2022-10-03 02:00:43,13,-10,3606.75,33
2022-10-03 02:00:44,16,10,3607.0,43
2022-10-03 02:00:47,2,2,3606.75,45
2022-10-03 02:00:48,22,6,3606.75,51
2022-10-03 02:00:49,13,-4,3606.5,47
2022-10-03 02:00:50,21,11,3607.0,58
2022-10-03 02:00:51,8,8,3607.25,66
2022-10-03 02:00:53,14,14,3607.75,80
2022-10-03 02:00:54,18,-13,3608.0,67
2022-10-03 02:00:55,8,4,3607.75,71
2022-10-03 02:00:56,1,1,3607.75,72
2022-10-03 02:00:57,12,-7,3607.5,65
2022-10-03 02:00:58,10,-2,3607.5,63
2022-10-03 02:00:59,2,2,3607.25,65
2022-10-03 02:01:00,2,0,3607.5,65
2022-10-03 02:01:01,57,6,3607.75,71
2022-10-03 02:01:02,13,8,3607.25,79
2022-10-03 02:01:03,7,0,3606.75,79
2022-10-03 02:01:04,9,9,3606.75,88
2022-10-03 02:01:05,14,-13,3606.5,75
2022-10-03 02:01:06,3,-4,3606.0,71
2022-10-03 02:01:07,20,-9,3606.0,62
2022-10-03 02:01:08,14,8,3606.25,70
2022-10-03 02:01:09,2,2,3606.25,72
2022-10-03 02:01:10,6,4,3606.5,76
2022-10-03 02:01:11,1,-1,3606.5,75
2022-10-03 02:01:12,5,3,3606.75,78
2022-10-03 02:01:13,13,-3,3606.25,75
2022-10-03 02:01:14,62,-79,3606.25,-4
2022-10-03 02:01:16,43,13,3606.25,9
2022-10-03 02:01:17,26,-6,3606.5,3
2022-10-03 02:01:19,17,12,3606.25,15
2022-10-03 02:01:21,7,2,3605.75,17
2022-10-03 02:01:22,4,-4,3605.75,13
2022-10-03 02:01:23,21,9,3605.75,22
2022-10-03 02:01:25,10,2,3605.75,24
2022-10-03 02:01:26,6,2,3606.0,26
2022-10-03 02:01:27,11,-2,3606.5,24
2022-10-03 02:01:28,6,6,3606.25,30
2022-10-03 02:01:29,1,-1,3606.25,29
2022-10-03 02:01:30,20,4,3606.5,33
2022-10-03 02:01:32,10,-8,3606.25,25
2022-10-03 02:01:33,15,3,3606.5,28
2022-10-03 02:01:34,1,1,3606.5,29
2022-10-03 02:01:35,4,4,3606.5,33
2022-10-03 02:01:36,9,3,3606.75,36
2022-10-03 02:01:37,3,1,3606.75,37
2022-10-03 02:01:38,1,1,3606.75,38
2022-10-03 02:01:40,5,4,3607.0,42
2022-10-03 02:01:41,6,0,3607.0,42
2022-10-03 02:01:43,1,-1,3607.0,41
2022-10-03 02:01:44,4,-4,3607.0,37
2022-10-03 02:01:45,17,11,3607.5,48
2022-10-03 02:01:46,5,-3,3607.5,45
2022-10-03 02:01:47,2,0,3607.0,45
2022-10-03 02:01:48,4,0,3607.0,45
2022-10-03 02:01:49,2,0,3606.75,45
2022-10-03 02:01:51,18,-11,3606.5,34
2022-10-03 02:01:55,1,1,3606.5,35
2022-10-03 02:01:56,3,3,3607.0,38
2022-10-03 02:01:58,1,-1,3607.0,37
2022-10-03 02:02:00,7,-3,3606.75,34
2022-10-03 02:02:01,20,8,3607.0,42
2022-10-03 02:02:02,18,-7,3607.25,35
2022-10-03 02:02:03,19,9,3607.5,44
2022-10-03 02:02:04,1,1,3607.0,45
2022-10-03 02:02:06,22,-3,3607.0,42
2022-10-03 02:02:07,6,6,3607.0,48
2022-10-03 02:02:08,8,-2,3606.75,46
2022-10-03 02:02:09,12,-2,3607.0,44
2022-10-03 02:02:12,12,5,3607.0,49
2022-10-03 02:02:15,6,2,3607.0,51
2022-10-03 02:02:16,2,2,3607.0,53
2022-10-03 02:02:17,31,11,3608.0,64
2022-10-03 02:02:18,11,-9,3607.75,55
2022-10-03 02:02:19,22,4,3607.75,59
2022-10-03 02:02:22,7,5,3607.75,64
2022-10-03 02:02:23,5,-3,3607.75,61
2022-10-03 02:02:25,1,1,3607.75,62
2022-10-03 02:02:27,4,4,3608.25,66
2022-10-03 02:02:28,29,15,3608.5,81
2022-10-03 02:02:29,2,2,3608.25,83
2022-10-03 02:02:30,6,4,3608.5,87
2022-10-03 02:02:31,19,6,3608.75,93
2022-10-03 02:02:32,6,2,3608.75,95
2022-10-03 02:02:33,14,-9,3608.5,86
2022-10-03 02:02:34,1,1,3608.25,87
2022-10-03 02:02:35,5,-1,3608.25,86
2022-10-03 02:02:36,16,-11,3608.25,75
2022-10-03 02:02:37,14,2,3608.5,77
2022-10-03 02:02:38,2,-2,3608.0,75
2022-10-03 02:02:40,4,2,3608.25,77
2022-10-03 02:02:41,8,5,3608.25,82
2022-10-03 02:02:42,9,9,3608.75,91
2022-10-03 02:02:43,1,1,3608.75,92
2022-10-03 02:02:44,3,-1,3608.5,91
2022-10-03 02:02:45,2,-2,3608.5,89
2022-10-03 02:02:46,5,3,3609.0,92
2022-10-03 02:02:47,1,-1,3608.75,91
2022-10-03 02:02:48,7,1,3609.0,92
2022-10-03 02:02:49,12,7,3609.0,99
2022-10-03 02:02:50,3,-1,3609.25,98
2022-10-03 02:02:51,20,-7,3609.25,91
2022-10-03 02:02:52,12,1,3609.5,92
2022-10-03 02:02:53,6,-5,3609.0,87
2022-10-03 02:02:54,29,-14,3609.5,73
2022-10-03 02:02:55,4,4,3609.25,77
2022-10-03 02:02:56,7,-3,3609.0,74
2022-10-03 02:02:57,2,-2,3609.0,72
2022-10-03 02:02:58,76,48,3609.5,120
2022-10-03 02:02:59,1,-1,3608.75,119
2022-10-03 02:03:00,8,0,3608.75,119
2022-10-03 02:03:01,7,-2,3608.75,117
2022-10-03 02:03:02,4,2,3608.75,119
2022-10-03 02:03:03,14,-2,3609.25,117
2022-10-03 02:03:04,65,58,3610.25,175
2022-10-03 02:03:05,24,-14,3610.0,161
2022-10-03 02:03:06,2,0,3609.5,161
2022-10-03 02:03:07,1,1,3609.75,162
2022-10-03 02:03:09,9,-5,3609.5,157
2022-10-03 02:03:10,3,-1,3609.75,156
2022-10-03 02:03:11,3,3,3609.75,159
2022-10-03 02:03:12,2,2,3609.75,161
2022-10-03 02:03:13,7,-1,3609.5,160
2022-10-03 02:03:15,7,7,3609.5,167
2022-10-03 02:03:17,5,3,3609.75,170
2022-10-03 02:03:18,8,-3,3610.0,167
2022-10-03 02:03:19,1,1,3609.75,168
2022-10-03 02:03:20,10,-6,3609.75,162
2022-10-03 02:03:21,8,-3,3609.75,159
2022-10-03 02:03:23,1,1,3609.75,160
2022-10-03 02:03:24,1,1,3609.75,161
2022-10-03 02:03:26,1,1,3610.0,162
2022-10-03 02:03:27,5,-2,3609.75,160
2022-10-03 02:03:28,5,5,3610.0,165
2022-10-03 02:03:29,5,0,3610.0,165
2022-10-03 02:03:30,2,3,3610.0,168
2022-10-03 02:03:31,6,0,3610.0,168
2022-10-03 02:03:32,2,2,3610.0,170
2022-10-03 02:03:34,1,1,3610.25,171
2022-10-03 02:03:35,4,-2,3610.0,169
2022-10-03 02:03:38,5,5,3610.0,174
2022-10-03 02:03:39,7,7,3610.25,181
2022-10-03 02:03:40,41,3,3610.75,184
2022-10-03 02:03:41,3,-1,3610.5,183
2022-10-03 02:03:42,5,-3,3610.5,180
2022-10-03 02:03:44,22,-12,3610.25,168
2022-10-03 02:03:46,36,26,3610.25,194
2022-10-03 02:03:47,2,2,3610.5,196
2022-10-03 02:03:48,6,-6,3610.25,190
2022-10-03 02:03:50,1,-1,3610.0,189
2022-10-03 02:03:53,1,1,3610.25,190
2022-10-03 02:03:54,10,-1,3610.25,189
2022-10-03 02:03:55,1,1,3610.25,190
2022-10-03 02:03:57,28,29,3610.5,219
2022-10-03 02:03:59,1,-1,3610.25,218
2022-10-03 02:04:00,9,-9,3610.0,209
2022-10-03 02:04:01,4,3,3610.5,212
2022-10-03 02:04:02,9,-5,3610.5,207
2022-10-03 02:04:03,7,-4,3610.25,203
2022-10-03 02:04:04,2,-2,3610.0,201
2022-10-03 02:04:07,5,1,3610.0,202
2022-10-03 02:04:09,39,16,3610.5,218
2022-10-03 02:04:10,57,57,3611.0,275
2022-10-03 02:04:11,6,-1,3611.0,274
2022-10-03 02:04:12,2,-2,3610.75,272
2022-10-03 02:04:13,6,2,3611.0,274
2022-10-03 02:04:14,1,-1,3610.75,273
2022-10-03 02:04:15,1,1,3611.0,274
2022-10-03 02:04:16,20,1,3611.0,275
2022-10-03 02:04:19,22,8,3610.75,283
2022-10-03 02:04:20,2,2,3610.25,285
2022-10-03 02:04:21,5,-2,3610.5,283
2022-10-03 02:04:22,8,-6,3609.75,277
2022-10-03 02:04:25,13,-11,3609.5,266
2022-10-03 02:04:26,2,-2,3609.5,264
2022-10-03 02:04:27,35,28,3610.0,292
2022-10-03 02:04:28,3,3,3609.75,295
2022-10-03 02:04:29,29,29,3610.0,324
2022-10-03 02:04:30,3,-3,3609.75,321
2022-10-03 02:04:32,4,4,3609.75,325
2022-10-03 02:04:34,1,-1,3609.5,324
2022-10-03 02:04:35,37,19,3610.5,343
2022-10-03 02:04:36,43,0,3610.75,343
2022-10-03 02:04:37,4,0,3610.5,343
2022-10-03 02:04:38,1,1,3610.5,344
2022-10-03 02:04:39,6,-1,3610.5,343
2022-10-03 02:04:40,3,3,3610.5,346
2022-10-03 02:04:43,1,-1,3610.25,345
2022-10-03 02:04:44,23,-1,3610.5,344
2022-10-03 02:04:45,7,-1,3610.25,343
2022-10-03 02:04:46,6,-1,3609.75,342
2022-10-03 02:04:48,3,1,3610.0,343
2022-10-03 02:04:49,1,1,3610.0,344
2022-10-03 02:04:50,7,1,3610.0,345
2022-10-03 02:04:51,4,1,3609.75,346
2022-10-03 02:04:52,1,1,3609.75,347
2022-10-03 02:04:53,8,3,3609.75,350
2022-10-03 02:04:54,1,-1,3609.75,349
2022-10-03 02:04:55,1,-1,3609.75,348
2022-10-03 02:04:56,1,-1,3609.75,347
2022-10-03 02:04:57,33,27,3610.0,374
2022-10-03 02:04:59,2,-2,3609.75,372
2022-10-03 02:05:00,21,-10,3609.75,362
2022-10-03 02:05:02,2,0,3609.75,362
2022-10-03 02:05:03,5,-5,3609.5,357
2022-10-03 02:05:04,8,-4,3609.5,353
2022-10-03 02:05:06,7,-8,3609.25,345
2022-10-03 02:05:07,9,-8,3609.0,337
2022-10-03 02:05:08,14,-6,3608.5,331
2022-10-03 02:05:10,1,1,3608.25,332
2022-10-03 02:05:11,1,1,3608.25,333
2022-10-03 02:05:12,8,2,3608.5,335
2022-10-03 02:05:13,5,-3,3608.25,332
2022-10-03 02:05:14,17,12,3608.25,344
2022-10-03 02:05:15,7,5,3608.5,349
2022-10-03 02:05:16,1,1,3608.5,350
2022-10-03 02:05:17,5,-3,3609.0,347
2022-10-03 02:05:18,1,-1,3609.0,346
2022-10-03 02:05:20,1,1,3609.0,347
2022-10-03 02:05:22,2,-2,3609.0,345
2022-10-03 02:05:24,1,1,3609.0,346
2022-10-03 02:05:25,1,-1,3608.75,345
2022-10-03 02:05:26,4,-2,3609.0,343
2022-10-03 02:05:29,6,-6,3608.75,337
2022-10-03 02:05:30,2,2,3609.0,339
2022-10-03 02:05:31,10,-2,3609.0,337
2022-10-03 02:05:33,1,-1,3609.0,336
2022-10-03 02:05:34,6,2,3609.25,338
2022-10-03 02:05:35,2,-1,3609.25,337
2022-10-03 02:05:39,9,6,3609.75,343
2022-10-03 02:05:41,3,-1,3609.75,342
2022-10-03 02:05:42,17,7,3610.5,349
2022-10-03 02:05:43,9,8,3610.75,357
2022-10-03 02:05:44,9,5,3610.75,362
2022-10-03 02:05:45,6,1,3610.75,363
2022-10-03 02:05:46,3,-1,3610.75,362
2022-10-03 02:05:47,9,-7,3610.75,355
2022-10-03 02:05:48,18,-8,3610.75,347
2022-10-03 02:05:49,3,-1,3610.5,346
2022-10-03 02:05:50,2,-2,3610.5,344
2022-10-03 02:05:51,6,-3,3610.5,341
2022-10-03 02:05:56,18,-10,3610.25,331
2022-10-03 02:05:57,4,4,3609.75,335
2022-10-03 02:05:58,13,7,3610.0,342
2022-10-03 02:06:00,15,7,3610.25,349
2022-10-03 02:06:01,1,-1,3610.25,348
2022-10-03 02:06:02,12,-10,3610.0,338
2022-10-03 02:06:04,2,0,3609.75,338
2022-10-03 02:06:05,1,-1,3609.75,337
2022-10-03 02:06:07,4,-1,3609.75,336
2022-10-03 02:06:09,24,-14,3609.75,322
2022-10-03 02:06:10,1,-1,3609.25,321
2022-10-03 02:06:12,8,8,3609.25,329
2022-10-03 02:06:13,2,-2,3609.25,327
2022-10-03 02:06:14,1,-1,3609.25,326
2022-10-03 02:06:16,5,-4,3609.25,322
2022-10-03 02:06:17,14,-10,3609.0,312
2022-10-03 02:06:18,4,-4,3608.75,308
2022-10-03 02:06:19,5,5,3608.75,313
2022-10-03 02:06:20,2,2,3609.0,315
2022-10-03 02:06:21,2,-1,3608.75,314
2022-10-03 02:06:24,17,-7,3608.5,307
2022-10-03 02:06:25,3,-1,3608.5,306
2022-10-03 02:06:27,11,-5,3608.25,301
2022-10-03 02:06:28,11,-5,3608.5,296
2022-10-03 02:06:29,1,1,3608.5,297
2022-10-03 02:06:30,3,-1,3608.25,296
2022-10-03 02:06:31,5,-4,3608.25,292
2022-10-03 02:06:32,4,-4,3608.0,288
2022-10-03 02:06:34,1,1,3608.25,289
2022-10-03 02:06:35,2,0,3608.25,289
2022-10-03 02:06:37,3,1,3608.5,290
2022-10-03 02:06:38,4,4,3608.75,294
2022-10-03 02:06:40,18,11,3609.5,305
2022-10-03 02:06:41,5,-3,3609.25,302
2022-10-03 02:06:42,1,1,3609.25,303
2022-10-03 02:06:43,5,-1,3609.25,302
2022-10-03 02:06:45,35,0,3609.5,302
2022-10-03 02:06:47,1,1,3609.75,303
2022-10-03 02:06:49,25,16,3610.0,319
2022-10-03 02:06:50,8,2,3610.0,321
2022-10-03 02:06:51,2,-2,3609.75,319
2022-10-03 02:06:53,3,-1,3609.5,318
2022-10-03 02:07:00,2,-2,3609.5,316
2022-10-03 02:07:02,5,-4,3609.5,312
2022-10-03 02:07:03,1,-1,3609.25,311
2022-10-03 02:07:04,3,1,3609.25,312
2022-10-03 02:07:05,11,-1,3609.0,311
2022-10-03 02:07:06,8,-4,3609.0,307
2022-10-03 02:07:08,52,41,3610.0,348
2022-10-03 02:07:09,8,-6,3610.0,342
2022-10-03 02:07:11,5,4,3610.0,346
2022-10-03 02:07:12,6,3,3610.25,349
2022-10-03 02:07:13,8,-8,3610.25,341
2022-10-03 02:07:14,3,3,3610.5,344
2022-10-03 02:07:15,13,7,3610.5,351
2022-10-03 02:07:16,8,-8,3610.5,343
2022-10-03 02:07:17,4,-2,3610.5,341
2022-10-03 02:07:18,1,1,3610.5,342
2022-10-03 02:07:19,1,1,3610.5,343
2022-10-03 02:07:21,10,2,3610.25,345
2022-10-03 02:07:23,13,-5,3610.5,340
2022-10-03 02:07:25,1,-1,3610.5,339
2022-10-03 02:07:27,5,1,3610.75,340
2022-10-03 02:07:28,5,1,3610.5,341
2022-10-03 02:07:29,281,111,3612.25,452
2022-10-03 02:07:30,8,-7,3612.0,445
2022-10-03 02:07:31,30,21,3612.5,466
2022-10-03 02:07:32,62,13,3612.75,479
2022-10-03 02:07:33,415,339,3614.5,818
2022-10-03 02:07:34,55,12,3614.75,830
2022-10-03 02:07:35,22,-5,3614.5,825
2022-10-03 02:07:36,19,-2,3614.5,823
2022-10-03 02:07:37,8,3,3614.75,826
2022-10-03 02:07:38,13,1,3614.75,827
2022-10-03 02:07:39,131,73,3615.5,900
2022-10-03 02:07:40,16,0,3615.5,900
2022-10-03 02:07:41,82,-9,3615.75,891
2022-10-03 02:07:42,39,-3,3615.75,888
2022-10-03 02:07:43,18,-11,3615.75,877
2022-10-03 02:07:44,3,1,3615.5,878
2022-10-03 02:07:45,920,582,3619.75,1460
2022-10-03 02:07:46,49,-16,3618.0,1444
2022-10-03 02:07:47,108,38,3617.75,1482
2022-10-03 02:07:48,27,-5,3618.0,1477
2022-10-03 02:07:49,64,-19,3618.0,1458
2022-10-03 02:07:50,41,-27,3617.5,1431
2022-10-03 02:07:51,82,26,3618.25,1457
2022-10-03 02:07:52,10,-2,3618.0,1455
2022-10-03 02:07:53,30,1,3617.75,1456
2022-10-03 02:07:54,30,-5,3617.75,1451
2022-10-03 02:07:55,36,-12,3617.75,1439
2022-10-03 02:07:56,63,-13,3617.25,1426
2022-10-03 02:07:57,66,-19,3616.75,1407
2022-10-03 02:07:58,26,-22,3616.25,1385
2022-10-03 02:07:59,23,-1,3616.25,1384
2022-10-03 02:08:00,71,-30,3615.5,1354
2022-10-03 02:08:01,22,-3,3615.25,1351
2022-10-03 02:08:02,11,-3,3615.25,1348
2022-10-03 02:08:03,15,4,3615.25,1352
2022-10-03 02:08:04,5,-3,3615.25,1349
2022-10-03 02:08:05,2,2,3615.25,1351
2022-10-03 02:08:06,20,-5,3615.25,1346
2022-10-03 02:08:07,6,1,3615.25,1347
2022-10-03 02:08:08,6,-6,3615.25,1341
2022-10-03 02:08:09,7,-5,3614.75,1336
2022-10-03 02:08:11,22,-3,3614.5,1333
2022-10-03 02:08:12,13,7,3615.0,1340
2022-10-03 02:08:13,2,0,3615.25,1340
2022-10-03 02:08:14,12,6,3615.0,1346
2022-10-03 02:08:15,11,3,3615.5,1349
2022-10-03 02:08:16,3,1,3615.25,1350
2022-10-03 02:08:18,10,1,3615.0,1351
2022-10-03 02:08:19,3,-1,3615.0,1350
2022-10-03 02:08:20,15,3,3615.5,1353
2022-10-03 02:08:21,24,-5,3615.25,1348
2022-10-03 02:08:22,8,-6,3615.25,1342
2022-10-03 02:08:23,11,8,3615.5,1350
2022-10-03 02:08:24,60,8,3616.0,1358
2022-10-03 02:08:25,1,1,3615.75,1359
2022-10-03 02:08:26,16,2,3615.75,1361
2022-10-03 02:08:27,14,-10,3615.75,1351
2022-10-03 02:08:28,2,0,3615.5,1351
2022-10-03 02:08:29,11,-1,3615.25,1350
2022-10-03 02:08:30,4,-2,3615.5,1348
2022-10-03 02:08:31,3,3,3615.25,1351
2022-10-03 02:08:32,2,0,3615.25,1351
2022-10-03 02:08:33,2,0,3615.25,1351
2022-10-03 02:08:34,10,-2,3615.25,1349
2022-10-03 02:08:35,8,5,3615.25,1354
2022-10-03 02:08:36,5,-1,3615.25,1353
2022-10-03 02:08:37,5,-3,3615.25,1350
2022-10-03 02:08:38,3,-3,3614.75,1347
2022-10-03 02:08:39,59,-17,3614.75,1330
2022-10-03 02:08:40,3,-1,3614.0,1329
2022-10-03 02:08:41,9,-8,3613.75,1321
2022-10-03 02:08:42,6,-2,3613.75,1319
2022-10-03 02:08:43,68,-46,3613.5,1273
2022-10-03 02:08:44,57,-48,3612.75,1225
2022-10-03 02:08:45,1,-1,3612.5,1224
2022-10-03 02:08:46,16,-2,3612.5,1222
2022-10-03 02:08:47,22,10,3612.5,1232
2022-10-03 02:08:49,26,2,3612.75,1234
2022-10-03 02:08:50,10,6,3613.0,1240
2022-10-03 02:08:51,34,23,3613.25,1263
2022-10-03 02:08:52,5,0,3613.0,1263
2022-10-03 02:08:53,2,2,3613.25,1265
2022-10-03 02:08:54,7,-1,3613.25,1264
2022-10-03 02:08:55,3,3,3613.25,1267
2022-10-03 02:08:56,15,-4,3613.5,1263
2022-10-03 02:08:57,1,1,3613.25,1264
2022-10-03 02:08:58,6,-4,3613.0,1260
2022-10-03 02:08:59,3,1,3613.25,1261
2022-10-03 02:09:00,16,5,3613.75,1266
2022-10-03 02:09:01,11,1,3613.75,1267
2022-10-03 02:09:02,11,-2,3614.0,1265
2022-10-03 02:09:03,5,-3,3614.0,1262
2022-10-03 02:09:04,2,2,3614.0,1264
2022-10-03 02:09:05,5,-3,3614.0,1261
2022-10-03 02:09:06,1,-1,3613.75,1260
2022-10-03 02:09:07,3,3,3613.75,1263
2022-10-03 02:09:09,2,0,3613.75,1263
2022-10-03 02:09:10,6,6,3614.0,1269
2022-10-03 02:09:11,3,-1,3614.0,1268
2022-10-03 02:09:12,11,-5,3613.75,1263
2022-10-03 02:09:13,70,-66,3613.75,1197
2022-10-03 02:09:14,4,4,3613.5,1201
2022-10-03 02:09:15,12,-2,3613.5,1199
2022-10-03 02:09:17,12,-2,3613.75,1197
2022-10-03 02:09:18,23,-14,3613.25,1183
2022-10-03 02:09:19,5,4,3612.75,1187
2022-10-03 02:09:20,16,-4,3612.75,1183
2022-10-03 02:09:21,4,4,3613.0,1187
2022-10-03 02:09:22,3,-3,3612.75,1184
2022-10-03 02:09:23,4,2,3612.75,1186
2022-10-03 02:09:24,5,5,3612.75,1191
2022-10-03 02:09:25,6,-2,3612.75,1189
2022-10-03 02:09:26,3,-3,3612.5,1186
2022-10-03 02:09:27,3,1,3612.75,1187
2022-10-03 02:09:28,1,1,3612.75,1188
2022-10-03 02:09:29,1,-1,3612.5,1187
2022-10-03 02:09:31,1,1,3612.75,1188
2022-10-03 02:09:32,2,-2,3612.75,1186
2022-10-03 02:09:33,23,-22,3612.75,1164
2022-10-03 02:09:34,26,16,3613.0,1180
2022-10-03 02:09:35,3,3,3613.0,1183
2022-10-03 02:09:37,30,-9,3612.75,1174
2022-10-03 02:09:40,25,1,3613.25,1175
2022-10-03 02:09:41,4,0,3613.5,1175
2022-10-03 02:09:42,5,5,3613.5,1180
2022-10-03 02:09:43,5,1,3613.75,1181
2022-10-03 02:09:44,5,5,3613.75,1186
2022-10-03 02:09:45,5,-3,3613.5,1183
2022-10-03 02:09:46,3,1,3613.25,1184
2022-10-03 02:09:47,2,-2,3613.25,1182
2022-10-03 02:09:48,14,-3,3613.25,1179
2022-10-03 02:09:49,1,1,3613.0,1180
2022-10-03 02:09:51,24,18,3613.5,1198
2022-10-03 02:09:52,6,-2,3612.75,1196
2022-10-03 02:09:53,2,-2,3612.75,1194
2022-10-03 02:09:54,5,-1,3613.0,1193
2022-10-03 02:09:55,1,-1,3612.75,1192
2022-10-03 02:09:56,4,4,3613.25,1196
2022-10-03 02:09:57,13,-7,3613.0,1189
2022-10-03 02:09:59,3,-3,3612.5,1186
2022-10-03 02:10:00,17,1,3613.0,1187
2022-10-03 02:10:01,5,3,3613.25,1190
2022-10-03 02:10:02,9,-3,3613.5,1187
2022-10-03 02:10:03,12,0,3613.75,1187
2022-10-03 02:10:04,5,4,3613.5,1191
2022-10-03 02:10:05,4,-4,3613.5,1187
2022-10-03 02:10:06,13,-4,3613.25,1183
2022-10-03 02:10:09,4,-2,3613.0,1181
2022-10-03 02:10:15,11,1,3613.0,1182
2022-10-03 02:10:16,2,-2,3612.75,1180
2022-10-03 02:10:17,5,3,3612.75,1183
2022-10-03 02:10:18,1,1,3613.0,1184
2022-10-03 02:10:20,17,8,3613.25,1192
2022-10-03 02:10:21,9,1,3613.5,1193
2022-10-03 02:10:22,2,-2,3613.5,1191
2022-10-03 02:10:23,1,1,3613.5,1192
2022-10-03 02:10:25,3,-3,3613.25,1189
2022-10-03 02:10:26,5,3,3613.25,1192
2022-10-03 02:10:28,3,-3,3613.25,1189
2022-10-03 02:10:29,10,10,3613.5,1199
2022-10-03 02:10:31,8,0,3613.5,1199
2022-10-03 02:10:32,1,-1,3613.5,1198
2022-10-03 02:10:33,3,-1,3613.5,1197
2022-10-03 02:10:34,1,1,3613.75,1198
2022-10-03 02:10:38,3,-1,3613.5,1197
2022-10-03 02:10:41,1,-1,3613.5,1196
2022-10-03 02:10:42,3,-3,3613.25,1193
2022-10-03 02:10:46,6,6,3613.5,1199
2022-10-03 02:10:47,2,-2,3613.5,1197
2022-10-03 02:10:49,7,-5,3613.25,1192
2022-10-03 02:10:50,7,-5,3613.5,1187
2022-10-03 02:10:51,4,0,3613.0,1187
2022-10-03 02:10:52,1,-1,3613.0,1186
2022-10-03 02:10:53,7,-1,3613.5,1185
2022-10-03 02:10:55,2,2,3613.25,1187
2022-10-03 02:10:56,3,-3,3613.25,1184
2022-10-03 02:10:57,1,-1,3613.0,1183
2022-10-03 02:10:58,2,-2,3613.0,1181
2022-10-03 02:10:59,13,5,3613.0,1186
2022-10-03 02:11:00,1,-1,3612.75,1185
2022-10-03 02:11:01,6,-6,3612.75,1179
2022-10-03 02:11:02,6,0,3612.75,1179
2022-10-03 02:11:03,4,0,3612.5,1179
2022-10-03 02:11:05,1,1,3612.5,1180
2022-10-03 02:11:07,3,-1,3612.5,1179
2022-10-03 02:11:09,4,1,3612.5,1180
2022-10-03 02:11:10,3,1,3612.5,1181
2022-10-03 02:11:12,12,-4,3612.75,1177
2022-10-03 02:11:13,3,3,3612.5,1180
2022-10-03 02:11:14,16,-5,3612.5,1175
2022-10-03 02:11:15,2,0,3612.5,1175
2022-10-03 02:11:17,2,-2,3612.5,1173
2022-10-03 02:11:18,6,2,3612.5,1175
2022-10-03 02:11:19,1,-1,3612.5,1174
2022-10-03 02:11:20,4,-4,3612.25,1170
2022-10-03 02:11:21,3,3,3612.5,1173
2022-10-03 02:11:22,3,3,3612.75,1176
2022-10-03 02:11:23,13,5,3612.75,1181
2022-10-03 02:11:24,3,1,3612.75,1182
2022-10-03 02:11:25,2,2,3612.75,1184
2022-10-03 02:11:26,2,2,3613.0,1186
2022-10-03 02:11:27,4,2,3613.5,1188
2022-10-03 02:11:28,4,4,3613.5,1192
2022-10-03 02:11:29,5,-5,3613.5,1187
2022-10-03 02:11:30,1,1,3613.5,1188
2022-10-03 02:11:31,4,0,3613.75,1188
2022-10-03 02:11:34,1,1,3613.5,1189
2022-10-03 02:11:35,1,1,3613.5,1190
2022-10-03 02:11:36,1,-1,3613.25,1189
2022-10-03 02:11:37,2,2,3613.25,1191
2022-10-03 02:11:38,3,-3,3613.25,1188
2022-10-03 02:11:39,22,-5,3613.5,1183
2022-10-03 02:11:40,4,2,3613.5,1185
2022-10-03 02:11:41,7,-7,3613.25,1178
2022-10-03 02:11:42,2,2,3613.25,1180
2022-10-03 02:11:43,6,-5,3613.25,1175
2022-10-03 02:11:45,12,-6,3613.25,1169
2022-10-03 02:11:46,1,1,3613.25,1170
2022-10-03 02:11:47,12,-9,3613.0,1161
2022-10-03 02:11:48,5,-4,3613.0,1157
2022-10-03 02:11:49,54,-28,3613.0,1129
2022-10-03 02:11:50,8,8,3613.0,1137
2022-10-03 02:11:51,5,5,3613.25,1142
2022-10-03 02:11:52,8,-8,3613.25,1134
2022-10-03 02:11:53,7,-3,3612.75,1131
2022-10-03 02:11:54,1,1,3612.5,1132
2022-10-03 02:11:55,1,-1,3612.5,1131
2022-10-03 02:11:57,13,5,3612.75,1136
2022-10-03 02:11:58,1,-1,3612.5,1135
2022-10-03 02:11:59,2,-2,3612.5,1133
2022-10-03 02:12:00,2,-2,3612.5,1131
2022-10-03 02:12:01,3,3,3612.75,1134
2022-10-03 02:12:03,8,-6,3612.5,1128
2022-10-03 02:12:04,12,-6,3612.0,1122
2022-10-03 02:12:06,5,-1,3612.0,1121
2022-10-03 02:12:08,11,5,3612.5,1126
2022-10-03 02:12:09,5,-5,3612.25,1121
2022-10-03 02:12:10,1,-1,3612.25,1120
2022-10-03 02:12:11,1,-1,3612.25,1119
2022-10-03 02:12:13,8,4,3612.5,1123
2022-10-03 02:12:15,1,1,3612.5,1124
2022-10-03 02:12:16,4,0,3612.75,1124
2022-10-03 02:12:17,2,0,3612.75,1124
2022-10-03 02:12:18,7,-7,3612.75,1117
2022-10-03 02:12:20,2,1,3612.5,1118
2022-10-03 02:12:21,14,-5,3612.5,1113
2022-10-03 02:12:22,7,-4,3612.25,1109
2022-10-03 02:12:25,18,-19,3612.5,1090
2022-10-03 02:12:26,3,1,3612.0,1091
2022-10-03 02:12:28,15,-5,3612.0,1086
2022-10-03 02:12:29,13,5,3612.0,1091
2022-10-03 02:12:30,2,2,3611.75,1093
2022-10-03 02:12:32,3,-3,3611.5,1090
2022-10-03 02:12:33,21,-19,3611.5,1071
2022-10-03 02:12:34,11,17,3611.75,1088
2022-10-03 02:12:36,5,-1,3611.75,1087
2022-10-03 02:12:37,11,-3,3611.5,1084
2022-10-03 02:12:38,2,2,3611.75,1086
2022-10-03 02:12:39,5,-1,3611.75,1085
2022-10-03 02:12:40,5,1,3611.75,1086
2022-10-03 02:12:41,2,0,3611.75,1086
2022-10-03 02:12:42,3,3,3612.0,1089
2022-10-03 02:12:43,5,3,3611.75,1092
2022-10-03 02:12:44,3,1,3611.5,1093
2022-10-03 02:12:45,2,0,3611.75,1093
2022-10-03 02:12:46,8,-1,3611.75,1092
2022-10-03 02:12:47,1,-1,3611.5,1091
2022-10-03 02:12:50,4,1,3611.75,1092
2022-10-03 02:12:51,1,1,3611.75,1093
2022-10-03 02:12:55,3,1,3611.75,1094
2022-10-03 02:12:57,11,1,3611.75,1095
2022-10-03 02:12:58,7,-5,3611.75,1090
2022-10-03 02:13:00,6,0,3612.0,1090
2022-10-03 02:13:01,7,1,3611.75,1091
2022-10-03 02:13:02,3,-1,3611.75,1090
2022-10-03 02:13:03,9,-7,3611.5,1083
2022-10-03 02:13:04,5,5,3611.25,1088
2022-10-03 02:13:05,3,1,3611.25,1089
2022-10-03 02:13:07,1,-1,3611.25,1088
2022-10-03 02:13:09,12,-8,3611.25,1080
2022-10-03 02:13:10,2,0,3611.25,1080
2022-10-03 02:13:11,1,1,3611.25,1081
2022-10-03 02:13:12,3,3,3611.25,1084
2022-10-03 02:13:13,7,5,3611.25,1089
2022-10-03 02:13:15,1,-1,3611.0,1088
2022-10-03 02:13:17,2,0,3611.25,1088
2022-10-03 02:13:19,1,1,3611.25,1089
2022-10-03 02:13:20,80,-19,3611.5,1070
2022-10-03 02:13:21,5,5,3611.25,1075
2022-10-03 02:13:22,28,14,3612.0,1089
2022-10-03 02:13:23,13,-3,3612.25,1086
2022-10-03 02:13:25,2,-2,3611.75,1084
2022-10-03 02:13:26,3,-1,3612.0,1083
2022-10-03 02:13:28,10,-10,3611.5,1073
2022-10-03 02:13:29,2,-2,3611.5,1071
2022-10-03 02:13:30,2,0,3611.75,1071
2022-10-03 02:13:31,6,-2,3611.75,1069
2022-10-03 02:13:34,2,-2,3611.25,1067
2022-10-03 02:13:35,1,1,3611.5,1068
2022-10-03 02:13:38,2,0,3611.25,1068
2022-10-03 02:13:44,2,0,3611.5,1068
2022-10-03 02:13:46,4,2,3611.5,1070
2022-10-03 02:13:49,5,5,3611.75,1075
2022-10-03 02:13:50,2,-2,3611.5,1073
2022-10-03 02:13:54,3,-3,3611.5,1070
2022-10-03 02:13:55,4,-4,3610.75,1066
2022-10-03 02:13:56,6,-8,3610.5,1058
2022-10-03 02:13:57,6,0,3610.5,1058
2022-10-03 02:13:58,15,-9,3610.5,1049
2022-10-03 02:13:59,1,1,3610.25,1050
2022-10-03 02:14:00,10,-4,3610.0,1046
2022-10-03 02:14:01,3,3,3610.25,1049
2022-10-03 02:14:02,9,-1,3610.25,1048
2022-10-03 02:14:03,2,-2,3610.25,1046
2022-10-03 02:14:04,4,2,3610.5,1048
2022-10-03 02:14:05,4,4,3610.75,1052
2022-10-03 02:14:07,24,2,3610.75,1054
2022-10-03 02:14:08,1,-1,3610.75,1053
2022-10-03 02:14:09,2,0,3611.0,1053
2022-10-03 02:14:10,3,1,3611.0,1054
2022-10-03 02:14:11,1,1,3610.75,1055
2022-10-03 02:14:12,1,1,3610.75,1056
2022-10-03 02:14:14,6,2,3610.75,1058
2022-10-03 02:14:15,14,6,3611.0,1064
2022-10-03 02:14:16,13,-10,3611.0,1054
2022-10-03 02:14:18,1,1,3611.0,1055
2022-10-03 02:14:19,1,1,3611.0,1056
2022-10-03 02:14:23,6,2,3611.0,1058
2022-10-03 02:14:24,6,-5,3611.0,1053
2022-10-03 02:14:25,1,1,3611.0,1054
2022-10-03 02:14:28,5,3,3611.0,1057
2022-10-03 02:14:30,2,2,3611.5,1059
2022-10-03 02:14:31,4,-2,3611.25,1057
2022-10-03 02:14:36,3,3,3611.25,1060
2022-10-03 02:14:37,2,2,3611.25,1062
2022-10-03 02:14:38,5,3,3611.5,1065
2022-10-03 02:14:40,15,-3,3611.5,1062
2022-10-03 02:14:41,31,-20,3611.0,1042
2022-10-03 02:14:42,6,2,3610.5,1044
2022-10-03 02:14:45,3,3,3610.75,1047
2022-10-03 02:14:47,5,5,3610.75,1052
2022-10-03 02:14:48,5,-1,3610.5,1051
2022-10-03 02:14:51,2,-2,3610.5,1049
2022-10-03 02:14:52,2,2,3610.5,1051
2022-10-03 02:14:54,11,6,3610.75,1057
2022-10-03 02:14:57,2,2,3611.0,1059
2022-10-03 02:14:58,11,-5,3611.5,1054
2022-10-03 02:15:00,16,3,3611.25,1057
2022-10-03 02:15:01,5,5,3611.5,1062
2022-10-03 02:15:02,6,-4,3611.5,1058
2022-10-03 02:15:03,1,-1,3611.25,1057
2022-10-03 02:15:04,4,4,3611.5,1061
2022-10-03 02:15:05,4,3,3611.5,1064
2022-10-03 02:15:07,8,2,3611.25,1066
2022-10-03 02:15:08,28,1,3611.5,1067
2022-10-03 02:15:09,3,-3,3611.5,1064
2022-10-03 02:15:10,3,3,3611.75,1067
2022-10-03 02:15:11,13,12,3611.75,1079
2022-10-03 02:15:12,5,4,3612.0,1083
2022-10-03 02:15:13,4,4,3612.0,1087
2022-10-03 02:15:15,2,2,3612.0,1089
2022-10-03 02:15:16,24,21,3612.5,1110
2022-10-03 02:15:18,5,1,3612.25,1111
2022-10-03 02:15:19,6,0,3612.25,1111
2022-10-03 02:15:21,2,0,3612.25,1111
2022-10-03 02:15:22,9,-7,3612.0,1104
2022-10-03 02:15:24,2,2,3611.75,1106
2022-10-03 02:15:26,23,-10,3611.25,1096
2022-10-03 02:15:29,7,1,3611.25,1097
2022-10-03 02:15:30,4,-1,3611.0,1096
2022-10-03 02:15:31,9,5,3611.25,1101
2022-10-03 02:15:32,11,7,3611.25,1108
2022-10-03 02:15:33,3,1,3611.25,1109
2022-10-03 02:15:34,1,-1,3611.0,1108
2022-10-03 02:15:36,6,2,3611.25,1110
2022-10-03 02:15:37,11,0,3611.25,1110
2022-10-03 02:15:40,5,-5,3611.0,1105
2022-10-03 02:15:41,12,-5,3611.25,1100
2022-10-03 02:15:42,1,-1,3611.0,1099
2022-10-03 02:15:46,9,6,3611.25,1105
2022-10-03 02:15:47,1,1,3611.5,1106
2022-10-03 02:15:48,11,-2,3611.5,1104
2022-10-03 02:15:51,1,1,3611.5,1105
2022-10-03 02:15:52,9,3,3611.5,1108
2022-10-03 02:15:57,5,1,3611.5,1109
2022-10-03 02:15:59,1,1,3611.5,1110
2022-10-03 02:16:00,5,-1,3611.5,1109
2022-10-03 02:16:01,7,1,3611.75,1110
2022-10-03 02:16:03,5,-2,3611.75,1108
2022-10-03 02:16:04,8,-6,3611.5,1102
2022-10-03 02:16:06,3,-3,3611.25,1099
2022-10-03 02:16:07,5,-2,3611.0,1097
2022-10-03 02:16:08,1,-1,3611.0,1096
2022-10-03 02:16:10,3,-1,3611.25,1095
2022-10-03 02:16:12,4,-1,3611.0,1094
2022-10-03 02:16:13,1,-1,3610.75,1093
2022-10-03 02:16:14,38,-12,3611.0,1081
2022-10-03 02:16:15,1,-1,3610.25,1080
2022-10-03 02:16:16,8,0,3610.5,1080
2022-10-03 02:16:17,6,-2,3610.5,1078
2022-10-03 02:16:18,2,-2,3610.25,1076
2022-10-03 02:16:20,10,1,3610.25,1077
2022-10-03 02:16:23,25,-1,3610.5,1076
2022-10-03 02:16:24,1,1,3610.5,1077
2022-10-03 02:16:25,14,-4,3610.25,1073
2022-10-03 02:16:27,3,-3,3610.25,1070
2022-10-03 02:16:28,9,-9,3610.0,1061
2022-10-03 02:16:30,45,-12,3609.75,1049
2022-10-03 02:16:31,11,3,3610.25,1052
2022-10-03 02:16:32,3,3,3610.25,1055
2022-10-03 02:16:33,8,2,3610.5,1057
2022-10-03 02:16:34,3,3,3610.25,1060
2022-10-03 02:16:35,15,-13,3610.25,1047
2022-10-03 02:16:37,7,3,3610.0,1050
2022-10-03 02:16:38,1,-1,3609.75,1049
2022-10-03 02:16:40,2,-2,3609.75,1047
2022-10-03 02:16:41,4,2,3609.75,1049
2022-10-03 02:16:42,2,2,3610.0,1051
2022-10-03 02:16:44,1,1,3610.25,1052
2022-10-03 02:16:45,1,1,3610.25,1053
2022-10-03 02:16:46,2,0,3610.5,1053
2022-10-03 02:16:49,2,2,3610.25,1055
2022-10-03 02:16:51,29,5,3610.75,1060
2022-10-03 02:16:53,1,1,3610.75,1061
2022-10-03 02:16:55,4,0,3610.5,1061
2022-10-03 02:16:57,6,3,3610.5,1064
2022-10-03 02:16:58,11,9,3610.75,1073
2022-10-03 02:17:00,6,2,3610.75,1075
2022-10-03 02:17:01,1,-1,3610.5,1074
2022-10-03 02:17:05,4,0,3610.75,1074
2022-10-03 02:17:09,9,8,3611.25,1082
2022-10-03 02:17:11,2,0,3610.75,1082
2022-10-03 02:17:12,1,1,3611.0,1083
2022-10-03 02:17:14,1,1,3610.75,1084
2022-10-03 02:17:15,4,-4,3610.75,1080
2022-10-03 02:17:20,9,-6,3610.75,1074
2022-10-03 02:17:24,4,-4,3610.0,1070
2022-10-03 02:17:25,7,6,3610.25,1076
2022-10-03 02:17:26,4,-2,3610.5,1074
2022-10-03 02:17:28,3,1,3610.25,1075
2022-10-03 02:17:29,4,-4,3610.25,1071
2022-10-03 02:17:30,5,4,3610.25,1075
2022-10-03 02:17:32,9,-7,3610.25,1068
2022-10-03 02:17:34,11,-2,3610.0,1066
2022-10-03 02:17:35,10,-6,3610.0,1060
2022-10-03 02:17:36,3,-1,3610.0,1059
2022-10-03 02:17:37,1,-1,3609.75,1058
2022-10-03 02:17:40,4,0,3610.0,1058
2022-10-03 02:17:41,7,-7,3609.75,1051
2022-10-03 02:17:43,3,3,3609.75,1054
2022-10-03 02:17:44,4,-4,3609.75,1050
2022-10-03 02:17:45,39,22,3610.75,1072
2022-10-03 02:17:46,5,-3,3610.5,1069
2022-10-03 02:17:47,7,-1,3610.5,1068
2022-10-03 02:17:48,4,4,3610.25,1072
2022-10-03 02:17:50,3,1,3610.5,1073
2022-10-03 02:17:51,4,4,3610.5,1077
2022-10-03 02:17:52,5,-3,3610.5,1074
2022-10-03 02:17:55,6,0,3610.25,1074
2022-10-03 02:17:57,56,-22,3610.0,1052
2022-10-03 02:17:58,2,0,3610.25,1052
2022-10-03 02:18:00,4,-2,3610.25,1050
2022-10-03 02:18:01,1,1,3610.0,1051
2022-10-03 02:18:02,3,3,3610.0,1054
2022-10-03 02:18:04,8,8,3610.5,1062
2022-10-03 02:18:06,3,3,3610.75,1065
2022-10-03 02:18:07,2,0,3610.75,1065
2022-10-03 02:18:10,21,-3,3610.0,1062
2022-10-03 02:18:15,5,-1,3609.75,1061
2022-10-03 02:18:17,1,1,3609.75,1062
2022-10-03 02:18:18,2,0,3609.75,1062
2022-10-03 02:18:19,7,-3,3609.75,1059
2022-10-03 02:18:21,5,-5,3609.5,1054
2022-10-03 02:18:22,3,3,3609.75,1057
2022-10-03 02:18:23,2,2,3609.75,1059
2022-10-03 02:18:24,2,-2,3609.5,1057
2022-10-03 02:18:25,5,1,3609.75,1058
2022-10-03 02:18:26,6,-3,3609.75,1055
2022-10-03 02:18:27,1,-1,3609.25,1054
2022-10-03 02:18:28,13,-5,3609.5,1049
2022-10-03 02:18:29,1,-1,3609.25,1048
2022-10-03 02:18:30,4,2,3609.5,1050
2022-10-03 02:18:31,1,-1,3609.5,1049
2022-10-03 02:18:32,1,1,3609.5,1050
2022-10-03 02:18:34,15,-14,3609.25,1036
2022-10-03 02:18:35,27,1,3609.25,1037
2022-10-03 02:18:37,5,8,3609.5,1045
2022-10-03 02:18:38,5,-3,3609.5,1042
2022-10-03 02:18:39,2,2,3609.75,1044
2022-10-03 02:18:40,3,3,3609.75,1047
2022-10-03 02:18:41,4,-4,3609.75,1043
2022-10-03 02:18:44,9,-9,3609.5,1034
2022-10-03 02:18:45,23,4,3609.5,1038
2022-10-03 02:18:46,1,-1,3609.5,1037
2022-10-03 02:18:47,1,1,3609.5,1038
2022-10-03 02:18:49,8,-7,3609.5,1031
2022-10-03 02:18:50,2,2,3609.5,1033
2022-10-03 02:18:52,3,1,3609.5,1034
2022-10-03 02:18:53,1,1,3609.5,1035
2022-10-03 02:18:57,19,-5,3609.5,1030
2022-10-03 02:18:59,7,-1,3609.5,1029
2022-10-03 02:19:00,1,-1,3609.25,1028
2022-10-03 02:19:01,1,-1,3609.25,1027
2022-10-03 02:19:02,10,2,3609.25,1029
2022-10-03 02:19:03,1,1,3609.25,1030
2022-10-03 02:19:06,4,-1,3609.25,1029
2022-10-03 02:19:07,2,0,3609.25,1029
2022-10-03 02:19:10,3,-1,3609.25,1028
2022-10-03 02:19:12,2,2,3609.25,1030
2022-10-03 02:19:16,2,2,3609.5,1032
2022-10-03 02:19:18,2,-2,3609.25,1030
2022-10-03 02:19:19,4,4,3609.5,1034
2022-10-03 02:19:20,8,-4,3609.75,1030
2022-10-03 02:19:21,2,2,3609.5,1032
2022-10-03 02:19:24,7,6,3609.75,1038
2022-10-03 02:19:25,2,-2,3609.75,1036
2022-10-03 02:19:28,6,0,3609.75,1036
2022-10-03 02:19:30,13,-2,3609.75,1034
2022-10-03 02:19:31,2,-2,3609.75,1032
2022-10-03 02:19:32,4,4,3609.75,1036
2022-10-03 02:19:39,24,13,3610.25,1049
2022-10-03 02:19:40,11,-5,3609.75,1044
2022-10-03 02:19:46,2,-2,3609.25,1042
2022-10-03 02:19:48,14,-4,3609.5,1038
2022-10-03 02:19:49,2,-2,3609.25,1036
2022-10-03 02:19:52,24,-12,3609.25,1024
2022-10-03 02:19:54,8,-4,3609.0,1020
2022-10-03 02:19:55,14,6,3609.25,1026
2022-10-03 02:19:56,11,1,3609.25,1027
2022-10-03 02:19:57,2,0,3609.5,1027
2022-10-03 02:19:59,1,-1,3609.5,1026
2022-10-03 02:20:00,4,2,3609.75,1028
2022-10-03 02:20:01,5,-3,3609.5,1025
2022-10-03 02:20:03,3,-3,3609.25,1022
2022-10-03 02:20:04,4,0,3609.25,1022
2022-10-03 02:20:05,5,5,3609.5,1027
2022-10-03 02:20:08,1,1,3609.25,1028
2022-10-03 02:20:11,2,2,3609.25,1030
2022-10-03 02:20:13,125,-56,3609.0,974
2022-10-03 02:20:14,3,-1,3608.5,973
2022-10-03 02:20:15,7,3,3608.5,976
2022-10-03 02:20:16,7,-6,3608.5,970
2022-10-03 02:20:17,1,1,3608.5,971
2022-10-03 02:20:18,7,5,3608.5,976
2022-10-03 02:20:19,2,2,3608.75,978
2022-10-03 02:20:20,10,-10,3608.5,968
2022-10-03 02:20:22,3,-3,3608.5,965
2022-10-03 02:20:23,4,4,3608.75,969
2022-10-03 02:20:25,1,-1,3608.5,968
2022-10-03 02:20:27,1,1,3608.5,969
2022-10-03 02:20:28,1,1,3608.5,970
2022-10-03 02:20:29,5,1,3608.5,971
2022-10-03 02:20:30,2,-2,3608.5,969
2022-10-03 02:20:31,2,-2,3608.25,967
2022-10-03 02:20:32,1,-1,3608.25,966
2022-10-03 02:20:33,7,-1,3608.25,965
2022-10-03 02:20:35,1,-1,3608.25,964
2022-10-03 02:20:36,1,-1,3608.25,963
2022-10-03 02:20:37,6,-4,3608.25,959
2022-10-03 02:20:40,5,0,3608.25,959
2022-10-03 02:20:41,1,1,3608.25,960
2022-10-03 02:20:42,25,-26,3608.0,934
2022-10-03 02:20:43,10,4,3607.75,938
2022-10-03 02:20:44,2,2,3607.75,940
2022-10-03 02:20:47,9,8,3607.75,948
2022-10-03 02:20:48,1,-1,3607.5,947
2022-10-03 02:20:49,8,6,3607.75,953
2022-10-03 02:20:50,2,2,3607.75,955
2022-10-03 02:20:51,6,4,3608.0,959
2022-10-03 02:20:52,3,-3,3607.75,956
2022-10-03 02:20:53,3,-3,3607.75,953
2022-10-03 02:20:56,49,-31,3607.75,922
2022-10-03 02:20:57,54,-60,3607.25,862
2022-10-03 02:20:58,39,-13,3607.25,849
2022-10-03 02:20:59,5,-3,3607.0,846
2022-10-03 02:21:01,19,-9,3606.75,837
2022-10-03 02:21:02,3,1,3606.5,838
2022-10-03 02:21:03,5,-6,3606.5,832
2022-10-03 02:21:04,5,5,3606.5,837
2022-10-03 02:21:06,18,1,3606.75,838
2022-10-03 02:21:07,3,1,3606.75,839
2022-10-03 02:21:08,221,-143,3606.75,696
2022-10-03 02:21:09,18,10,3606.25,706
2022-10-03 02:21:10,4,-4,3606.0,702
2022-10-03 02:21:11,17,2,3606.0,704
2022-10-03 02:21:12,4,2,3606.0,706
2022-10-03 02:21:13,5,1,3606.0,707
2022-10-03 02:21:14,1,-1,3606.0,706
2022-10-03 02:21:15,10,10,3606.25,716
2022-10-03 02:21:16,6,-2,3606.25,714
2022-10-03 02:21:17,1,1,3606.25,715
2022-10-03 02:21:18,6,-6,3606.0,709
2022-10-03 02:21:19,28,6,3606.5,715
2022-10-03 02:21:21,5,3,3606.5,718
2022-10-03 02:21:22,5,-2,3606.5,716
2022-10-03 02:21:23,1,1,3606.25,717
2022-10-03 02:21:24,10,0,3606.25,717
2022-10-03 02:21:25,1,1,3606.0,718
2022-10-03 02:21:26,4,-4,3605.75,714
2022-10-03 02:21:28,24,-9,3605.75,705
2022-10-03 02:21:29,10,-4,3605.5,701
2022-10-03 02:21:30,4,-2,3605.75,699
2022-10-03 02:21:31,6,4,3605.5,703
2022-10-03 02:21:32,32,-19,3605.25,684
2022-10-03 02:21:33,40,-7,3605.25,677
2022-10-03 02:21:34,22,6,3605.0,683
2022-10-03 02:21:35,50,-29,3605.0,654
2022-10-03 02:21:36,9,5,3605.0,659
2022-10-03 02:21:37,5,-4,3604.75,655
2022-10-03 02:21:38,8,-8,3604.5,647
2022-10-03 02:21:39,27,11,3604.75,658
2022-10-03 02:21:40,10,-6,3604.5,652
2022-10-03 02:21:41,15,11,3604.75,663
2022-10-03 02:21:42,2,0,3604.75,663
2022-10-03 02:21:43,7,-3,3604.75,660
2022-10-03 02:21:44,1,-1,3604.75,659
2022-10-03 02:21:45,4,-2,3604.75,657
2022-10-03 02:21:46,3,3,3604.75,660
2022-10-03 02:21:47,1,-1,3604.75,659
2022-10-03 02:21:48,5,1,3604.75,660
2022-10-03 02:21:49,22,1,3605.0,661
2022-10-03 02:21:50,7,-1,3605.0,660
2022-10-03 02:21:51,3,3,3605.25,663
2022-10-03 02:21:52,9,-3,3605.25,660
2022-10-03 02:21:54,1,-1,3604.75,659
2022-10-03 02:21:56,12,-1,3604.75,658
2022-10-03 02:21:58,15,8,3605.0,666
2022-10-03 02:21:59,8,1,3605.0,667
2022-10-03 02:22:00,44,-20,3604.75,647
2022-10-03 02:22:01,11,3,3604.5,650
2022-10-03 02:22:02,6,-4,3604.5,646
2022-10-03 02:22:03,14,-4,3604.5,642
2022-10-03 02:22:04,4,0,3604.25,642
2022-10-03 02:22:05,16,-2,3604.25,640
2022-10-03 02:22:06,3,-1,3604.25,639
2022-10-03 02:22:07,22,5,3604.75,644
2022-10-03 02:22:08,14,3,3604.5,647
2022-10-03 02:22:09,20,2,3604.75,649
2022-10-03 02:22:10,4,2,3605.0,651
2022-10-03 02:22:11,4,-4,3604.75,647
2022-10-03 02:22:13,20,-6,3604.75,641
2022-10-03 02:22:14,5,5,3605.0,646
2022-10-03 02:22:16,1,1,3605.0,647
2022-10-03 02:22:17,3,-1,3605.0,646
2022-10-03 02:22:18,9,-9,3604.75,637
2022-10-03 02:22:19,15,-11,3604.75,626
2022-10-03 02:22:20,9,-5,3604.75,621
2022-10-03 02:22:21,5,4,3604.5,625
2022-10-03 02:22:24,1,1,3604.5,626
2022-10-03 02:22:26,25,-6,3604.5,620
2022-10-03 02:22:27,1,1,3604.5,621
2022-10-03 02:22:28,11,1,3604.5,622
2022-10-03 02:22:29,1,1,3604.5,623
2022-10-03 02:22:30,4,-2,3604.5,621
2022-10-03 02:22:31,2,0,3604.75,621
2022-10-03 02:22:32,7,1,3604.75,622
2022-10-03 02:22:34,2,2,3604.75,624
2022-10-03 02:22:35,1,1,3605.0,625
2022-10-03 02:22:36,11,-9,3604.75,616
2022-10-03 02:22:37,3,3,3604.5,619
2022-10-03 02:22:38,105,130,3605.75,749
2022-10-03 02:22:39,1,-1,3604.75,748
2022-10-03 02:22:40,1,1,3605.0,749
2022-10-03 02:22:41,9,-7,3605.0,742
2022-10-03 02:22:42,1,1,3604.75,743
2022-10-03 02:22:43,1,-1,3604.75,742
2022-10-03 02:22:44,1,-1,3604.75,741
2022-10-03 02:22:45,4,2,3604.75,743
2022-10-03 02:22:47,2,2,3605.0,745
2022-10-03 02:22:48,3,1,3605.0,746
2022-10-03 02:22:49,2,2,3605.0,748
2022-10-03 02:22:51,3,3,3605.25,751
2022-10-03 02:22:52,37,4,3605.25,755
2022-10-03 02:22:56,9,-3,3605.0,752
2022-10-03 02:22:57,2,-2,3604.75,750
2022-10-03 02:22:59,11,-3,3604.75,747
2022-10-03 02:23:01,3,3,3605.0,750
2022-10-03 02:23:02,7,1,3605.0,751
2022-10-03 02:23:03,11,3,3605.25,754
2022-10-03 02:23:04,17,-1,3605.25,753
2022-10-03 02:23:05,4,0,3605.25,753
2022-10-03 02:23:06,5,5,3605.25,758
2022-10-03 02:23:07,1,1,3605.25,759
2022-10-03 02:23:08,7,1,3605.5,760
2022-10-03 02:23:09,9,3,3605.5,763
2022-10-03 02:23:10,5,5,3605.5,768
2022-10-03 02:23:11,12,2,3605.75,770
2022-10-03 02:23:12,8,7,3606.0,777
2022-10-03 02:23:13,29,9,3606.25,786
2022-10-03 02:23:15,8,-6,3606.0,780
2022-10-03 02:23:16,1,1,3606.0,781
2022-10-03 02:23:17,8,-6,3606.0,775
2022-10-03 02:23:18,7,-3,3605.75,772
2022-10-03 02:23:23,6,2,3605.5,774
2022-10-03 02:23:24,1,1,3605.5,775
2022-10-03 02:23:27,6,-1,3605.75,774
2022-10-03 02:23:28,10,0,3605.75,774
2022-10-03 02:23:30,14,6,3606.0,780
2022-10-03 02:23:34,12,-4,3606.25,776
2022-10-03 02:23:35,3,3,3606.25,779
2022-10-03 02:23:36,5,5,3606.25,784
2022-10-03 02:23:37,7,-1,3606.5,783
2022-10-03 02:23:39,20,-10,3606.25,773
2022-10-03 02:23:40,1,1,3606.0,774
2022-10-03 02:23:42,5,-5,3605.75,769
2022-10-03 02:23:43,4,-1,3605.5,768
2022-10-03 02:23:45,6,0,3605.5,768
2022-10-03 02:23:46,1,1,3605.5,769
2022-10-03 02:23:47,10,-2,3605.25,767
2022-10-03 02:23:48,41,-32,3605.0,735
2022-10-03 02:23:49,10,-4,3604.5,731
2022-10-03 02:23:50,2,2,3604.5,733
2022-10-03 02:23:51,19,-6,3604.5,727
2022-10-03 02:23:52,79,-21,3604.5,706
2022-10-03 02:23:53,7,4,3604.5,710
2022-10-03 02:23:54,5,-3,3604.5,707
2022-10-03 02:23:55,3,-3,3604.5,704
2022-10-03 02:23:56,5,1,3604.5,705
2022-10-03 02:23:57,16,19,3604.75,724
2022-10-03 02:23:59,4,0,3604.75,724
2022-10-03 02:24:00,11,3,3605.0,727
2022-10-03 02:24:01,4,2,3605.0,729
2022-10-03 02:24:02,23,-34,3605.0,695
2022-10-03 02:24:03,1,1,3604.75,696
2022-10-03 02:24:07,8,-7,3604.75,689
2022-10-03 02:24:09,19,-5,3604.5,684
2022-10-03 02:24:10,4,-4,3604.5,680
2022-10-03 02:24:11,2,2,3604.5,682
2022-10-03 02:24:13,5,-5,3604.25,677
2022-10-03 02:24:14,14,0,3604.25,677
2022-10-03 02:24:15,6,2,3604.25,679
2022-10-03 02:24:16,7,7,3604.25,686
2022-10-03 02:24:17,10,-5,3604.25,681
2022-10-03 02:24:19,11,-9,3604.0,672
2022-10-03 02:24:21,10,-10,3604.0,662
2022-10-03 02:24:22,42,-10,3604.0,652
2022-10-03 02:24:23,2,2,3603.75,654
2022-10-03 02:24:24,1,-1,3603.5,653
2022-10-03 02:24:25,35,4,3603.75,657
2022-10-03 02:24:26,7,-2,3603.75,655
2022-10-03 02:24:27,3,3,3603.75,658
2022-10-03 02:24:28,5,3,3603.75,661
2022-10-03 02:24:30,2,0,3603.75,661
2022-10-03 02:24:31,4,-2,3603.75,659
2022-10-03 02:24:32,4,-3,3603.75,656
2022-10-03 02:24:33,10,9,3604.0,665
2022-10-03 02:24:34,5,4,3604.25,669
2022-10-03 02:24:35,73,-41,3604.0,628
2022-10-03 02:24:36,2,2,3604.0,630
2022-10-03 02:24:37,1,1,3604.0,631
2022-10-03 02:24:39,1,1,3604.0,632
2022-10-03 02:24:41,4,0,3604.0,632
2022-10-03 02:24:42,3,3,3604.0,635
2022-10-03 02:24:45,8,-8,3604.0,627
2022-10-03 02:24:46,7,1,3603.75,628
2022-10-03 02:24:49,4,-2,3603.5,626
2022-10-03 02:24:50,13,-10,3603.25,616
2022-10-03 02:24:51,21,-8,3603.0,608
2022-10-03 02:24:52,19,19,3603.5,627
2022-10-03 02:24:54,31,32,3603.75,659
2022-10-03 02:24:55,4,-2,3603.5,657
2022-10-03 02:24:56,5,-5,3603.5,652
2022-10-03 02:24:57,2,-2,3603.25,650
2022-10-03 02:24:59,5,1,3603.5,651
2022-10-03 02:25:00,12,-6,3603.25,645
2022-10-03 02:25:01,6,-3,3603.25,642
2022-10-03 02:25:03,14,8,3603.5,650
2022-10-03 02:25:06,28,2,3604.25,652
2022-10-03 02:25:07,4,2,3604.5,654
2022-10-03 02:25:08,1,1,3604.5,655
2022-10-03 02:25:10,7,1,3604.5,656
2022-10-03 02:25:11,2,0,3604.5,656
2022-10-03 02:25:12,5,5,3604.75,661
2022-10-03 02:25:13,24,9,3605.25,670
2022-10-03 02:25:14,8,0,3605.25,670
2022-10-03 02:25:15,1,1,3605.25,671
2022-10-03 02:25:16,3,-1,3605.25,670
2022-10-03 02:25:17,10,-7,3605.0,663
2022-10-03 02:25:18,7,5,3605.0,668
2022-10-03 02:25:19,6,-4,3605.0,664
2022-10-03 02:25:20,1,-1,3605.0,663
2022-10-03 02:25:21,16,7,3605.5,670
2022-10-03 02:25:22,4,2,3605.5,672
2022-10-03 02:25:23,3,0,3605.5,672
2022-10-03 02:25:24,13,7,3605.5,679
2022-10-03 02:25:25,14,-6,3605.0,673
2022-10-03 02:25:28,3,1,3605.25,674
2022-10-03 02:25:29,6,-2,3605.25,672
2022-10-03 02:25:30,14,-3,3605.0,669
2022-10-03 02:25:31,2,2,3605.0,671
2022-10-03 02:25:35,2,2,3605.25,673
2022-10-03 02:25:36,4,-4,3604.75,669
2022-10-03 02:25:37,10,-7,3604.25,662
2022-10-03 02:25:38,12,-6,3604.0,656
2022-10-03 02:25:40,3,1,3604.0,657
2022-10-03 02:25:44,5,3,3604.25,660
2022-10-03 02:25:45,5,-1,3604.5,659
2022-10-03 02:25:47,1,-1,3604.25,658
2022-10-03 02:25:48,2,0,3604.25,658
2022-10-03 02:25:50,1,-1,3604.25,657
2022-10-03 02:25:52,1,1,3604.25,658
2022-10-03 02:25:53,9,-1,3604.0,657
2022-10-03 02:25:54,4,-2,3604.25,655
2022-10-03 02:25:55,4,0,3604.0,655
2022-10-03 02:25:56,1,1,3604.25,656
2022-10-03 02:25:57,4,-4,3604.0,652
2022-10-03 02:25:59,6,-4,3604.0,648
2022-10-03 02:26:00,2,0,3604.25,648
2022-10-03 02:26:01,2,2,3604.0,650
2022-10-03 02:26:02,4,-2,3604.0,648
2022-10-03 02:26:03,3,-3,3603.75,645
2022-10-03 02:26:04,2,0,3603.75,645
2022-10-03 02:26:05,5,-1,3603.75,644
2022-10-03 02:26:06,15,-12,3603.5,632
2022-10-03 02:26:07,3,-3,3602.75,629
2022-10-03 02:26:08,64,-24,3603.0,605
2022-10-03 02:26:09,38,-51,3602.0,554
2022-10-03 02:26:10,22,0,3602.25,554
2022-10-03 02:26:11,8,-8,3602.0,546
2022-10-03 02:26:12,6,-2,3601.75,544
2022-10-03 02:26:13,6,6,3602.0,550
2022-10-03 02:26:14,2,-2,3601.75,548
2022-10-03 02:26:15,2,-2,3601.75,546
2022-10-03 02:26:16,12,-12,3601.75,534
2022-10-03 02:26:17,11,-2,3602.0,532
2022-10-03 02:26:18,3,1,3601.75,533
2022-10-03 02:26:19,5,0,3602.0,533
2022-10-03 02:26:20,2,0,3602.0,533
2022-10-03 02:26:21,4,-4,3601.75,529
2022-10-03 02:26:22,5,1,3601.75,530
2022-10-03 02:26:23,4,0,3601.75,530
2022-10-03 02:26:24,1,-1,3601.5,529
2022-10-03 02:26:25,1,-1,3601.75,528
2022-10-03 02:26:26,2,0,3602.0,528
2022-10-03 02:26:28,2,0,3602.0,528
2022-10-03 02:26:30,2,2,3601.75,530
2022-10-03 02:26:31,2,0,3602.0,530
2022-10-03 02:26:32,2,-2,3601.75,528
2022-10-03 02:26:33,1,-1,3601.75,527
2022-10-03 02:26:34,6,-4,3602.0,523
2022-10-03 02:26:35,4,2,3602.0,525
2022-10-03 02:26:36,18,10,3602.5,535
2022-10-03 02:26:37,1,-1,3602.0,534
2022-10-03 02:26:38,1,1,3602.25,535
2022-10-03 02:26:39,2,-2,3602.25,533
2022-10-03 02:26:41,22,14,3602.75,547
2022-10-03 02:26:42,36,32,3603.5,579
2022-10-03 02:26:43,10,1,3603.5,580
2022-10-03 02:26:44,11,-7,3603.5,573
2022-10-03 02:26:45,15,3,3603.25,576
2022-10-03 02:26:46,1,1,3603.25,577
2022-10-03 02:26:47,3,3,3603.25,580
2022-10-03 02:26:49,3,-3,3603.0,577
2022-10-03 02:26:51,3,3,3603.25,580
2022-10-03 02:26:52,5,-3,3603.0,577
2022-10-03 02:26:53,2,0,3603.0,577
2022-10-03 02:26:54,2,0,3603.25,577
2022-10-03 02:26:56,3,3,3603.0,580
2022-10-03 02:26:58,2,0,3603.25,580
2022-10-03 02:26:59,3,-3,3603.25,577
2022-10-03 02:27:00,30,-6,3603.25,571
2022-10-03 02:27:01,1,-1,3603.25,570
2022-10-03 02:27:02,29,-7,3603.25,563
2022-10-03 02:27:05,1,1,3603.5,564
2022-10-03 02:27:06,9,3,3603.5,567
2022-10-03 02:27:09,10,6,3603.75,573
2022-10-03 02:27:10,5,-1,3603.75,572
2022-10-03 02:27:11,5,5,3604.0,577
2022-10-03 02:27:12,1,-1,3603.75,576
2022-10-03 02:27:14,6,6,3603.75,582
2022-10-03 02:27:15,3,3,3604.0,585
2022-10-03 02:27:16,8,1,3604.25,586
2022-10-03 02:27:19,12,-8,3603.75,578
2022-10-03 02:27:20,5,-1,3604.0,577
2022-10-03 02:27:21,8,2,3604.0,579
2022-10-03 02:27:24,11,-5,3603.5,574
2022-10-03 02:27:25,1,1,3603.5,575
2022-10-03 02:27:27,9,-1,3603.75,574
2022-10-03 02:27:30,1,1,3604.0,575
2022-10-03 02:27:31,1,1,3604.0,576
2022-10-03 02:27:33,7,7,3604.25,583
2022-10-03 02:27:34,41,17,3604.75,600
2022-10-03 02:27:35,6,-2,3604.75,598
2022-10-03 02:27:36,13,-15,3604.75,583
2022-10-03 02:27:37,7,1,3604.5,584
2022-10-03 02:27:38,4,4,3604.75,588
2022-10-03 02:27:39,2,2,3604.75,590
2022-10-03 02:27:40,1,1,3604.75,591
2022-10-03 02:27:41,12,4,3604.75,595
2022-10-03 02:27:42,2,-2,3604.75,593
2022-10-03 02:27:43,5,-1,3604.75,592
2022-10-03 02:27:44,3,-3,3604.75,589
2022-10-03 02:27:45,12,17,3605.0,606
2022-10-03 02:27:47,5,-1,3604.75,605
2022-10-03 02:27:48,17,5,3605.25,610
2022-10-03 02:27:49,1,1,3605.0,611
2022-10-03 02:27:50,5,1,3604.75,612
2022-10-03 02:27:51,1,1,3604.75,613
2022-10-03 02:27:52,3,3,3605.0,616
2022-10-03 02:27:55,12,-7,3604.5,609
2022-10-03 02:27:56,5,-1,3604.25,608
2022-10-03 02:27:58,6,2,3604.25,610
2022-10-03 02:27:59,3,-3,3604.0,607
2022-10-03 02:28:00,1,-1,3604.0,606
2022-10-03 02:28:01,3,3,3604.0,609
2022-10-03 02:28:02,11,-9,3603.75,600
2022-10-03 02:28:03,3,1,3603.75,601
2022-10-03 02:28:04,3,3,3604.0,604
2022-10-03 02:28:05,2,0,3604.0,604
2022-10-03 02:28:06,6,4,3604.25,608
2022-10-03 02:28:10,6,-2,3604.25,606
2022-10-03 02:28:11,2,0,3604.25,606
2022-10-03 02:28:13,1,-1,3604.25,605
2022-10-03 02:28:14,1,1,3604.25,606
2022-10-03 02:28:16,7,1,3604.25,607
2022-10-03 02:28:17,4,-3,3604.0,604
2022-10-03 02:28:18,4,2,3604.25,606
2022-10-03 02:28:22,7,-1,3604.5,605
2022-10-03 02:28:25,3,1,3604.5,606
2022-10-03 02:28:28,13,-8,3604.25,598
2022-10-03 02:28:29,7,-3,3604.25,595
2022-10-03 02:28:30,1,-1,3604.25,594
2022-10-03 02:28:31,8,-3,3604.5,591
2022-10-03 02:28:32,23,14,3604.75,605
2022-10-03 02:28:33,1,1,3604.75,606
2022-10-03 02:28:34,5,-1,3604.5,605
2022-10-03 02:28:35,5,-1,3604.75,604
2022-10-03 02:28:36,4,1,3604.5,605
2022-10-03 02:28:37,1,1,3604.75,606
2022-10-03 02:28:38,5,1,3605.0,607
2022-10-03 02:28:40,3,2,3605.0,609
2022-10-03 02:28:41,6,-6,3605.0,603
2022-10-03 02:28:42,2,2,3605.0,605
2022-10-03 02:28:44,8,8,3605.5,613
2022-10-03 02:28:45,2,-2,3605.25,611
2022-10-03 02:28:46,4,2,3605.5,613
2022-10-03 02:28:49,4,2,3605.5,615
2022-10-03 02:28:50,9,3,3605.5,618
2022-10-03 02:28:51,2,-2,3605.5,616
2022-10-03 02:28:52,1,-1,3605.5,615
2022-10-03 02:28:53,6,4,3605.5,619
2022-10-03 02:28:54,8,-6,3605.5,613
2022-10-03 02:28:55,1,-1,3605.25,612
2022-10-03 02:28:56,3,-3,3605.0,609
2022-10-03 02:28:57,5,-1,3605.5,608
2022-10-03 02:28:58,20,-18,3605.25,590
2022-10-03 02:29:00,12,3,3606.0,593
2022-10-03 02:29:02,6,-2,3605.5,591
2022-10-03 02:29:03,1,1,3605.5,592
2022-10-03 02:29:04,6,4,3605.5,596
2022-10-03 02:29:05,4,3,3605.75,599
2022-10-03 02:29:06,3,-3,3605.75,596
2022-10-03 02:29:08,1,-1,3605.75,595
2022-10-03 02:29:10,7,3,3605.75,598
2022-10-03 02:29:11,4,4,3606.0,602
2022-10-03 02:29:12,8,-2,3605.75,600
2022-10-03 02:29:13,8,4,3605.75,604
2022-10-03 02:29:14,26,16,3606.25,620
2022-10-03 02:29:15,4,-2,3606.5,618
2022-10-03 02:29:16,10,-2,3606.0,616
2022-10-03 02:29:18,9,-3,3605.5,613
2022-10-03 02:29:19,3,-2,3605.25,611
2022-10-03 02:29:21,5,5,3605.5,616
2022-10-03 02:29:22,2,-2,3605.25,614
2022-10-03 02:29:23,3,1,3605.25,615
2022-10-03 02:29:25,2,-2,3605.0,613
2022-10-03 02:29:26,1,1,3605.25,614
2022-10-03 02:29:27,23,-18,3605.5,596
2022-10-03 02:29:29,1,-1,3605.0,595
2022-10-03 02:29:30,1,1,3605.0,596
2022-10-03 02:29:31,10,0,3605.25,596
2022-10-03 02:29:32,3,1,3605.5,597
2022-10-03 02:29:34,1,1,3605.5,598
2022-10-03 02:29:36,2,0,3605.5,598
2022-10-03 02:29:41,2,-2,3605.75,596
2022-10-03 02:29:46,1,1,3605.75,597
2022-10-03 02:29:49,12,4,3606.25,601
2022-10-03 02:29:50,5,-1,3605.75,600
2022-10-03 02:29:52,1,-1,3605.75,599
2022-10-03 02:29:54,2,0,3606.0,599
2022-10-03 02:29:56,1,-1,3605.75,598
2022-10-03 02:29:58,2,0,3605.75,598
2022-10-03 02:29:59,6,-2,3605.75,596
2022-10-03 02:30:00,25,-4,3605.75,592
2022-10-03 02:30:01,1,-1,3605.5,591
2022-10-03 02:30:02,21,7,3606.25,598
2022-10-03 02:30:03,7,-4,3606.25,594
2022-10-03 02:30:04,5,-5,3606.25,589
2022-10-03 02:30:08,4,-4,3606.0,585
2022-10-03 02:30:10,6,2,3606.0,587
2022-10-03 02:30:12,1,1,3606.0,588
2022-10-03 02:30:13,12,-8,3606.0,580
2022-10-03 02:30:14,5,-3,3606.0,577
2022-10-03 02:30:15,7,-1,3605.75,576
2022-10-03 02:30:16,3,1,3605.75,577
2022-10-03 02:30:17,11,-9,3606.0,568
2022-10-03 02:30:18,3,-3,3605.25,565
2022-10-03 02:30:19,1,1,3605.25,566
2022-10-03 02:30:21,2,0,3605.25,566
2022-10-03 02:30:24,4,-4,3605.25,562
2022-10-03 02:30:25,3,3,3605.25,565
2022-10-03 02:30:26,1,1,3605.25,566
2022-10-03 02:30:28,19,-9,3605.0,557
2022-10-03 02:30:29,7,-3,3605.0,554
2022-10-03 02:30:30,2,-2,3604.75,552
2022-10-03 02:30:31,20,-3,3605.25,549
2022-10-03 02:30:32,3,1,3605.25,550
2022-10-03 02:30:33,6,-4,3605.5,546
2022-10-03 02:30:34,6,-6,3605.0,540
2022-10-03 02:30:35,2,-2,3605.0,538
2022-10-03 02:30:36,2,-2,3605.0,536
2022-10-03 02:30:38,4,2,3605.0,538
2022-10-03 02:30:39,5,-3,3605.0,535
2022-10-03 02:30:41,1,-1,3604.75,534
2022-10-03 02:30:42,1,-1,3604.5,533
2022-10-03 02:30:43,4,2,3604.25,535
2022-10-03 02:30:45,2,-2,3604.25,533
2022-10-03 02:30:47,16,7,3604.75,540
2022-10-03 02:30:48,2,-2,3604.5,538
2022-10-03 02:30:49,11,-3,3604.5,535
2022-10-03 02:30:51,1,-1,3604.5,534
2022-10-03 02:30:53,1,-1,3604.5,533
2022-10-03 02:30:54,1,-1,3604.5,532
2022-10-03 02:30:55,3,1,3604.5,533
2022-10-03 02:30:56,7,-4,3604.5,529
2022-10-03 02:30:57,11,1,3604.5,530
2022-10-03 02:30:58,25,-12,3604.25,518
2022-10-03 02:31:00,7,4,3604.25,522
2022-10-03 02:31:01,38,-6,3604.0,516
2022-10-03 02:31:02,1,-1,3604.0,515
2022-10-03 02:31:03,2,2,3604.25,517
2022-10-03 02:31:04,11,3,3604.25,520
2022-10-03 02:31:05,9,3,3604.25,523
2022-10-03 02:31:07,43,-24,3604.0,499
2022-10-03 02:31:08,2,-2,3604.0,497
2022-10-03 02:31:10,7,-1,3604.25,496
2022-10-03 02:31:11,4,4,3604.25,500
2022-10-03 02:31:14,4,0,3604.25,500
2022-10-03 02:31:15,6,-4,3604.25,496
2022-10-03 02:31:16,14,-6,3604.0,490
2022-10-03 02:31:17,6,-6,3603.75,484
2022-10-03 02:31:19,8,4,3603.75,488
2022-10-03 02:31:20,22,-23,3603.5,465
2022-10-03 02:31:21,4,0,3603.25,465
2022-10-03 02:31:22,10,4,3603.5,469
2022-10-03 02:31:23,7,7,3603.5,476
2022-10-03 02:31:24,4,4,3603.75,480
2022-10-03 02:31:25,10,-6,3603.75,474
2022-10-03 02:31:26,13,14,3604.25,488
2022-10-03 02:31:27,6,0,3604.25,488
2022-10-03 02:31:28,5,-3,3604.25,485
2022-10-03 02:31:31,2,2,3604.25,487
2022-10-03 02:31:32,5,-5,3604.0,482
2022-10-03 02:31:33,1,-1,3604.25,481
2022-10-03 02:31:34,3,3,3604.5,484
2022-10-03 02:31:35,3,-3,3604.5,481
2022-10-03 02:31:37,1,-1,3604.5,480
2022-10-03 02:31:38,12,-6,3604.5,474
2022-10-03 02:31:39,1,1,3604.5,475
2022-10-03 02:31:40,15,-1,3604.75,474
2022-10-03 02:31:43,2,-2,3604.25,472
2022-10-03 02:31:44,1,-1,3604.0,471
2022-10-03 02:31:45,3,-1,3604.25,470
2022-10-03 02:31:50,2,-2,3604.0,468
2022-10-03 02:31:53,2,-2,3604.0,466
2022-10-03 02:31:55,4,2,3604.25,468
2022-10-03 02:31:56,7,-1,3604.5,467
2022-10-03 02:31:59,8,4,3604.75,471
2022-10-03 02:32:00,9,-3,3604.75,468
2022-10-03 02:32:02,2,-2,3604.0,466
2022-10-03 02:32:04,2,-2,3603.75,464
2022-10-03 02:32:05,22,-8,3604.0,456
2022-10-03 02:32:06,4,-4,3603.5,452
2022-10-03 02:32:08,1,1,3603.75,453
2022-10-03 02:32:10,5,-5,3603.75,448
2022-10-03 02:32:12,1,1,3603.75,449
2022-10-03 02:32:13,5,-1,3603.75,448
2022-10-03 02:32:14,10,-6,3603.5,442
2022-10-03 02:32:15,2,0,3603.5,442
2022-10-03 02:32:16,18,11,3604.0,453
2022-10-03 02:32:20,8,9,3604.5,462
2022-10-03 02:32:22,2,-2,3604.5,460
2022-10-03 02:32:29,11,1,3604.5,461
2022-10-03 02:32:30,2,2,3604.5,463
2022-10-03 02:32:31,1,-1,3604.5,462
2022-10-03 02:32:33,5,3,3604.75,465
2022-10-03 02:32:34,6,-2,3604.5,463
2022-10-03 02:32:35,10,-4,3604.5,459
2022-10-03 02:32:40,3,-3,3604.0,456
2022-10-03 02:32:41,2,2,3604.0,458
2022-10-03 02:32:42,5,-1,3604.0,457
2022-10-03 02:32:43,1,1,3604.0,458
2022-10-03 02:32:44,6,4,3604.25,462
2022-10-03 02:32:45,2,2,3604.25,464
2022-10-03 02:32:46,5,1,3604.5,465
2022-10-03 02:32:48,1,-1,3604.5,464
2022-10-03 02:32:50,9,-7,3604.75,457
2022-10-03 02:32:53,5,-5,3604.25,452
2022-10-03 02:32:54,14,2,3604.25,454
2022-10-03 02:32:55,2,2,3604.25,456
2022-10-03 02:33:01,10,1,3604.5,457
2022-10-03 02:33:04,2,0,3604.5,457
2022-10-03 02:33:08,1,1,3604.75,458
2022-10-03 02:33:09,13,-3,3604.25,455
2022-10-03 02:33:11,2,2,3604.5,457
2022-10-03 02:33:15,5,1,3604.25,458
2022-10-03 02:33:16,1,1,3604.25,459
2022-10-03 02:33:20,4,-4,3604.0,455
2022-10-03 02:33:22,1,-1,3604.0,454
2022-10-03 02:33:23,143,-132,3604.25,322
2022-10-03 02:33:24,8,6,3603.25,328
2022-10-03 02:33:25,3,3,3603.5,331
2022-10-03 02:33:29,12,-2,3603.5,329
2022-10-03 02:33:30,2,0,3603.25,329
2022-10-03 02:33:32,2,2,3603.25,331
2022-10-03 02:33:35,2,-2,3603.25,329
2022-10-03 02:33:36,6,4,3603.25,333
2022-10-03 02:33:42,19,-1,3603.0,332
2022-10-03 02:33:43,5,-5,3602.75,327
2022-10-03 02:33:44,6,0,3603.0,327
2022-10-03 02:33:45,1,-1,3603.0,326
2022-10-03 02:33:47,5,5,3603.25,331
2022-10-03 02:33:48,1,1,3603.25,332
2022-10-03 02:33:50,1,1,3603.25,333
2022-10-03 02:33:51,2,-2,3603.0,331
2022-10-03 02:33:52,5,3,3603.25,334
2022-10-03 02:33:54,4,2,3603.5,336
2022-10-03 02:33:55,4,-4,3603.5,332
2022-10-03 02:33:58,2,-2,3603.5,330
2022-10-03 02:34:00,9,7,3604.25,337
2022-10-03 02:34:01,4,0,3604.25,337
2022-10-03 02:34:07,3,3,3604.25,340
2022-10-03 02:34:08,7,-1,3604.25,339
2022-10-03 02:34:10,25,-12,3604.25,327
2022-10-03 02:34:11,7,-1,3603.5,326
2022-10-03 02:34:12,2,2,3603.5,328
2022-10-03 02:34:13,2,-2,3603.5,326
2022-10-03 02:34:14,3,3,3603.5,329
2022-10-03 02:34:16,2,2,3603.75,331
2022-10-03 02:34:19,3,-3,3603.75,328
2022-10-03 02:34:21,4,4,3604.0,332
2022-10-03 02:34:22,62,70,3605.0,402
2022-10-03 02:34:23,9,-7,3604.25,395
2022-10-03 02:34:28,2,-2,3604.25,393
2022-10-03 02:34:29,3,1,3604.25,394
2022-10-03 02:34:30,1,1,3604.25,395
2022-10-03 02:34:31,5,-3,3604.25,392
2022-10-03 02:34:32,4,-4,3604.25,388
2022-10-03 02:34:33,9,-9,3603.75,379
2022-10-03 02:34:34,1,-1,3603.5,378
2022-10-03 02:34:38,1,-1,3603.5,377
2022-10-03 02:34:47,1,-1,3603.5,376
2022-10-03 02:34:51,4,-2,3603.75,374
2022-10-03 02:34:57,4,0,3603.5,374
2022-10-03 02:34:58,8,6,3603.75,380
2022-10-03 02:35:00,1,1,3603.75,381
2022-10-03 02:35:02,1,-1,3603.25,380
2022-10-03 02:35:04,24,-8,3603.25,372
2022-10-03 02:35:05,3,-1,3603.0,371
2022-10-03 02:35:06,7,-5,3603.0,366
2022-10-03 02:35:07,4,0,3603.0,366
2022-10-03 02:35:09,3,-1,3603.0,365
2022-10-03 02:35:10,2,2,3603.0,367
2022-10-03 02:35:12,3,3,3603.25,370
2022-10-03 02:35:14,1,1,3603.5,371
2022-10-03 02:35:17,3,-3,3603.25,368
2022-10-03 02:35:18,1,1,3603.25,369
2022-10-03 02:35:19,4,-4,3603.0,365
2022-10-03 02:35:23,5,3,3603.25,368
2022-10-03 02:35:24,1,-1,3603.25,367
2022-10-03 02:35:25,1,1,3603.25,368
2022-10-03 02:35:26,5,1,3603.5,369
2022-10-03 02:35:29,6,6,3603.5,375
2022-10-03 02:35:30,7,5,3603.5,380
2022-10-03 02:35:31,1,-1,3603.5,379
2022-10-03 02:35:33,3,3,3603.5,382
2022-10-03 02:35:35,4,-2,3603.5,380
2022-10-03 02:35:36,4,4,3603.5,384
2022-10-03 02:35:40,2,-2,3603.5,382
2022-10-03 02:35:41,12,8,3603.5,390
2022-10-03 02:35:42,3,3,3603.25,393
2022-10-03 02:35:46,1,1,3603.25,394
2022-10-03 02:35:47,5,4,3603.25,398
2022-10-03 02:35:50,27,-4,3603.25,394
2022-10-03 02:35:52,12,-8,3602.75,386
2022-10-03 02:35:53,6,-1,3602.75,385
2022-10-03 02:35:55,12,-10,3602.5,375
2022-10-03 02:35:56,7,0,3602.25,375
2022-10-03 02:35:57,58,-13,3602.0,362
2022-10-03 02:35:58,9,3,3601.75,365
2022-10-03 02:35:59,37,-5,3601.75,360
2022-10-03 02:36:00,538,-187,3601.75,173
2022-10-03 02:36:01,9,-7,3600.5,166
2022-10-03 02:36:02,8,5,3600.5,171
2022-10-03 02:36:03,17,-1,3600.75,170
2022-10-03 02:36:04,24,4,3600.75,174
2022-10-03 02:36:05,11,-4,3600.5,170
2022-10-03 02:36:06,3,1,3600.75,171
2022-10-03 02:36:07,28,-4,3600.75,167
2022-10-03 02:36:08,9,-5,3600.5,162
2022-10-03 02:36:09,18,2,3600.75,164
2022-10-03 02:36:10,7,-2,3600.75,162
2022-10-03 02:36:11,67,9,3601.0,171
2022-10-03 02:36:12,7,7,3601.25,178
2022-10-03 02:36:13,5,3,3601.25,181
2022-10-03 02:36:14,4,0,3601.25,181
2022-10-03 02:36:15,1,1,3601.25,182
2022-10-03 02:36:17,2,-2,3601.0,180
2022-10-03 02:36:18,1,1,3601.25,181
2022-10-03 02:36:19,13,6,3601.25,187
2022-10-03 02:36:20,9,-10,3601.0,177
2022-10-03 02:36:23,9,3,3601.0,180
2022-10-03 02:36:24,1,1,3601.25,181
2022-10-03 02:36:25,8,4,3601.25,185
2022-10-03 02:36:26,2,2,3601.25,187
2022-10-03 02:36:27,1,-1,3601.25,186
2022-10-03 02:36:28,1,-1,3601.25,185
2022-10-03 02:36:29,15,13,3601.75,198
2022-10-03 02:36:31,6,-2,3602.0,196
2022-10-03 02:36:32,6,4,3602.0,200
2022-10-03 02:36:33,287,224,3603.75,424
2022-10-03 02:36:34,4,4,3603.25,428
2022-10-03 02:36:35,9,-7,3603.25,421
2022-10-03 02:36:36,27,-2,3603.0,419
2022-10-03 02:36:37,12,12,3603.25,431
2022-10-03 02:36:38,36,3,3603.25,434
2022-10-03 02:36:40,6,2,3603.25,436
2022-10-03 02:36:41,7,-3,3603.0,433
2022-10-03 02:36:42,14,-2,3602.75,431
2022-10-03 02:36:43,3,-2,3602.75,429
2022-10-03 02:36:44,1,1,3603.0,430
2022-10-03 02:36:45,31,-11,3603.0,419
2022-10-03 02:36:46,1,1,3602.25,420
2022-10-03 02:36:47,8,-8,3602.0,412
2022-10-03 02:36:49,2,-2,3601.75,410
2022-10-03 02:36:50,5,-2,3601.5,408
2022-10-03 02:36:51,12,6,3601.75,414
2022-10-03 02:36:52,9,5,3601.25,419
2022-10-03 02:36:54,7,-3,3601.5,416
2022-10-03 02:36:55,4,4,3601.5,420
2022-10-03 02:36:56,2,-2,3601.5,418
2022-10-03 02:36:57,1,-1,3601.5,417
2022-10-03 02:36:58,1,-1,3601.5,416
2022-10-03 02:36:59,24,15,3602.25,431
2022-10-03 02:37:00,6,-2,3602.25,429
2022-10-03 02:37:01,1,-1,3602.0,428
2022-10-03 02:37:02,4,-4,3602.0,424
2022-10-03 02:37:03,14,-6,3601.75,418
2022-10-03 02:37:04,1,1,3601.5,419
2022-10-03 02:37:05,1,1,3601.75,420
2022-10-03 02:37:07,2,2,3601.75,422
2022-10-03 02:37:08,8,4,3601.75,426
2022-10-03 02:37:12,56,96,3602.5,522
2022-10-03 02:37:14,446,184,3604.5,706
2022-10-03 02:37:15,36,-14,3604.0,692
2022-10-03 02:37:16,2,-2,3603.5,690
2022-10-03 02:37:17,3,3,3603.75,693
2022-10-03 02:37:18,14,0,3603.75,693
2022-10-03 02:37:19,8,-1,3603.5,692
2022-10-03 02:37:20,3,3,3603.75,695
2022-10-03 02:37:21,3,3,3604.0,698
2022-10-03 02:37:22,5,-5,3603.75,693
2022-10-03 02:37:24,4,-4,3603.75,689
2022-10-03 02:37:25,5,5,3603.75,694
2022-10-03 02:37:26,5,-3,3603.75,691
2022-10-03 02:37:27,59,87,3604.75,778
2022-10-03 02:37:28,25,-3,3604.25,775
2022-10-03 02:37:29,1,1,3604.0,776
2022-10-03 02:37:30,1,1,3604.0,777
2022-10-03 02:37:31,4,-4,3604.0,773
2022-10-03 02:37:32,5,1,3604.0,774
2022-10-03 02:37:33,7,-3,3604.25,771
2022-10-03 02:37:35,2,-2,3603.75,769
2022-10-03 02:37:39,4,0,3603.75,769
2022-10-03 02:37:40,1,-1,3603.75,768
2022-10-03 02:37:42,2,2,3604.0,770
2022-10-03 02:37:43,2,0,3604.25,770
2022-10-03 02:37:44,2,2,3604.25,772
2022-10-03 02:37:46,7,-5,3604.0,767
2022-10-03 02:37:47,5,-5,3604.0,762
2022-10-03 02:37:50,2,-2,3604.0,760
2022-10-03 02:37:51,11,10,3604.25,770
2022-10-03 02:37:52,7,-7,3604.0,763
2022-10-03 02:37:53,5,1,3604.0,764
2022-10-03 02:37:56,2,2,3604.0,766
2022-10-03 02:37:57,1,1,3604.0,767
2022-10-03 02:38:01,4,2,3604.0,769
2022-10-03 02:38:02,5,5,3604.0,774
2022-10-03 02:38:03,7,-7,3603.75,767
2022-10-03 02:38:04,6,-2,3603.75,765
2022-10-03 02:38:05,2,-2,3603.25,763
2022-10-03 02:38:06,5,-5,3603.25,758
2022-10-03 02:38:07,1,-1,3603.25,757
2022-10-03 02:38:08,7,-3,3603.0,754
2022-10-03 02:38:09,6,-2,3602.75,752
2022-10-03 02:38:11,15,1,3602.75,753
2022-10-03 02:38:12,1,-1,3602.75,752
2022-10-03 02:38:13,6,6,3603.0,758
2022-10-03 02:38:14,6,4,3603.25,762
2022-10-03 02:38:17,7,-1,3603.75,761
2022-10-03 02:38:18,11,3,3603.5,764
2022-10-03 02:38:19,2,-2,3603.25,762
2022-10-03 02:38:20,5,5,3603.5,767
2022-10-03 02:38:21,3,-3,3603.25,764
2022-10-03 02:38:23,9,5,3603.5,769
2022-10-03 02:38:25,2,0,3603.5,769
2022-10-03 02:38:26,2,-2,3603.5,767
2022-10-03 02:38:27,26,17,3604.0,784
2022-10-03 02:38:28,4,-4,3604.0,780
2022-10-03 02:38:29,144,159,3605.5,939
2022-10-03 02:38:30,9,-3,3604.0,936
2022-10-03 02:38:31,24,-11,3604.0,925
2022-10-03 02:38:32,3,-3,3603.5,922
2022-10-03 02:38:33,1,-1,3603.5,921
2022-10-03 02:38:34,13,6,3603.75,927
2022-10-03 02:38:37,4,4,3603.75,931
2022-10-03 02:38:38,3,-3,3603.75,928
2022-10-03 02:38:39,9,8,3603.75,936
2022-10-03 02:38:40,7,5,3604.0,941
2022-10-03 02:38:41,22,-3,3604.0,938
2022-10-03 02:38:43,8,8,3604.25,946
2022-10-03 02:38:44,7,-1,3604.25,945
2022-10-03 02:38:46,4,0,3604.5,945
2022-10-03 02:38:47,19,-14,3604.25,931
2022-10-03 02:38:48,8,-4,3604.25,927
2022-10-03 02:38:49,8,2,3604.0,929
2022-10-03 02:38:50,1,-1,3604.0,928
2022-10-03 02:38:51,4,4,3604.5,932
2022-10-03 02:38:52,3,-1,3604.25,931
2022-10-03 02:38:55,1,1,3604.5,932
2022-10-03 02:38:56,2,-2,3604.25,930
2022-10-03 02:38:57,4,2,3604.25,932
2022-10-03 02:38:58,2,2,3604.5,934
2022-10-03 02:38:59,2,2,3604.5,936
2022-10-03 02:39:00,5,3,3604.5,939
2022-10-03 02:39:01,17,0,3604.25,939
2022-10-03 02:39:02,1,1,3604.25,940
2022-10-03 02:39:03,7,7,3604.25,947
2022-10-03 02:39:04,1,-1,3604.0,946
2022-10-03 02:39:05,1,1,3604.25,947
2022-10-03 02:39:06,2,2,3604.25,949
2022-10-03 02:39:07,1,-1,3604.25,948
2022-10-03 02:39:09,2,0,3604.25,948
2022-10-03 02:39:12,2,-2,3604.25,946
2022-10-03 02:39:13,13,10,3604.75,956
2022-10-03 02:39:14,6,-4,3604.75,952
2022-10-03 02:39:15,2,0,3604.75,952
2022-10-03 02:39:16,5,-1,3604.75,951
2022-10-03 02:39:17,2,2,3604.75,953
2022-10-03 02:39:18,3,-2,3604.75,951
2022-10-03 02:39:19,11,-1,3605.0,950
2022-10-03 02:39:20,1,1,3604.75,951
2022-10-03 02:39:21,1,1,3605.0,952
2022-10-03 02:39:22,1,1,3604.75,953
2022-10-03 02:39:23,4,0,3605.0,953
2022-10-03 02:39:25,3,1,3604.75,954
2022-10-03 02:39:26,2,0,3604.5,954
2022-10-03 02:39:27,4,-4,3604.25,950
2022-10-03 02:39:28,4,2,3604.5,952
2022-10-03 02:39:29,4,-2,3604.75,950
2022-10-03 02:39:30,6,-4,3605.0,946
2022-10-03 02:39:32,8,-3,3604.75,943
2022-10-03 02:39:40,2,2,3605.0,945
2022-10-03 02:39:41,1,-1,3605.0,944
2022-10-03 02:39:42,8,2,3605.0,946
2022-10-03 02:39:46,9,3,3605.0,949
2022-10-03 02:39:47,1,1,3605.0,950
2022-10-03 02:39:48,16,-11,3605.0,939
2022-10-03 02:39:49,4,0,3604.75,939
2022-10-03 02:39:50,15,-11,3604.5,928
2022-10-03 02:39:52,6,0,3604.75,928
2022-10-03 02:39:54,3,1,3604.75,929
2022-10-03 02:39:55,2,2,3604.75,931
2022-10-03 02:39:56,15,15,3605.0,946
2022-10-03 02:39:58,2,-2,3604.75,944
2022-10-03 02:40:00,5,1,3605.0,945
2022-10-03 02:40:04,24,-21,3604.75,924
2022-10-03 02:40:05,12,-2,3604.0,922
2022-10-03 02:40:08,25,1,3604.0,923
2022-10-03 02:40:13,7,-1,3603.75,922
2022-10-03 02:40:15,3,3,3603.5,925
2022-10-03 02:40:16,2,-2,3603.25,923
2022-10-03 02:40:17,12,4,3603.5,927
2022-10-03 02:40:18,9,-1,3603.0,926
2022-10-03 02:40:19,1,-1,3602.75,925
2022-10-03 02:40:20,2,-1,3603.0,924
2022-10-03 02:40:21,4,-2,3603.25,922
2022-10-03 02:40:22,5,3,3603.0,925
2022-10-03 02:40:24,6,-1,3603.0,924
2022-10-03 02:40:27,16,-6,3602.75,918
2022-10-03 02:40:28,3,1,3602.75,919
2022-10-03 02:40:29,1,1,3602.75,920
2022-10-03 02:40:31,15,11,3603.25,931
2022-10-03 02:40:33,4,0,3603.5,931
2022-10-03 02:40:35,1,-1,3603.25,930
2022-10-03 02:40:36,1,-1,3603.25,929
2022-10-03 02:40:37,5,-3,3603.25,926
2022-10-03 02:40:39,5,5,3603.0,931
2022-10-03 02:40:40,3,1,3603.25,932
2022-10-03 02:40:41,2,0,3603.5,932
2022-10-03 02:40:42,3,-3,3603.5,929
2022-10-03 02:40:43,5,2,3603.5,931
2022-10-03 02:40:44,2,2,3603.5,933
2022-10-03 02:40:45,16,14,3604.25,947
2022-10-03 02:40:46,8,-8,3604.25,939
2022-10-03 02:40:47,9,-4,3604.0,935
2022-10-03 02:40:48,9,-3,3603.75,932
2022-10-03 02:40:49,1,1,3604.0,933
2022-10-03 02:40:50,5,0,3604.0,933
2022-10-03 02:40:51,4,-4,3604.0,929
2022-10-03 02:40:52,13,7,3604.25,936
2022-10-03 02:40:54,4,4,3604.75,940
2022-10-03 02:40:55,1,-1,3604.25,939
2022-10-03 02:40:56,1,-1,3604.0,938
2022-10-03 02:40:58,2,-2,3604.25,936
2022-10-03 02:41:00,11,0,3604.25,936
2022-10-03 02:41:01,3,-1,3604.25,935
2022-10-03 02:41:02,20,-3,3604.25,932
2022-10-03 02:41:03,2,2,3604.25,934
2022-10-03 02:41:06,8,-8,3604.0,926
2022-10-03 02:41:07,4,-2,3603.75,924
2022-10-03 02:41:08,5,3,3603.5,927
2022-10-03 02:41:09,1,1,3603.5,928
2022-10-03 02:41:10,1,-1,3603.5,927
2022-10-03 02:41:12,5,-3,3603.5,924
2022-10-03 02:41:13,13,3,3603.75,927
2022-10-03 02:41:18,12,-8,3603.5,919
2022-10-03 02:41:19,7,5,3603.25,924
2022-10-03 02:41:20,2,-2,3603.0,922
2022-10-03 02:41:21,22,3,3603.5,925
2022-10-03 02:41:22,5,0,3603.25,925
2022-10-03 02:41:23,17,21,3603.5,946
2022-10-03 02:41:25,4,-4,3603.25,942
2022-10-03 02:41:26,6,2,3603.25,944
2022-10-03 02:41:29,4,-2,3603.25,942
2022-10-03 02:41:33,4,-4,3602.75,938
2022-10-03 02:41:34,1,1,3603.0,939
2022-10-03 02:41:36,19,-1,3602.75,938
2022-10-03 02:41:37,1,1,3602.75,939
2022-10-03 02:41:38,7,-1,3602.75,938
2022-10-03 02:41:39,2,0,3603.0,938
2022-10-03 02:41:41,2,-2,3602.5,936
2022-10-03 02:41:42,1,-1,3602.5,935
2022-10-03 02:41:44,9,5,3602.5,940
2022-10-03 02:41:45,4,4,3602.75,944
2022-10-03 02:41:46,7,-7,3602.75,937
2022-10-03 02:41:47,3,-3,3602.5,934
2022-10-03 02:41:48,7,-1,3602.5,933
2022-10-03 02:41:52,15,1,3602.75,934
2022-10-03 02:41:53,7,3,3602.5,937
2022-10-03 02:41:54,3,-1,3602.75,936
2022-10-03 02:41:57,21,9,3602.75,945
2022-10-03 02:42:00,20,-6,3603.0,939
2022-10-03 02:42:02,9,5,3603.25,944
2022-10-03 02:42:03,6,-5,3603.0,939
2022-10-03 02:42:07,5,5,3602.75,944
2022-10-03 02:42:08,4,-2,3602.75,942
2022-10-03 02:42:09,1,1,3602.75,943
2022-10-03 02:42:10,9,1,3602.5,944
2022-10-03 02:42:11,2,-2,3602.25,942
2022-10-03 02:42:14,16,2,3602.5,944
2022-10-03 02:42:16,3,3,3602.75,947
2022-10-03 02:42:17,1,1,3602.75,948
2022-10-03 02:42:19,1,-1,3602.5,947
2022-10-03 02:42:21,26,-14,3602.25,933
2022-10-03 02:42:22,12,-2,3602.0,931
2022-10-03 02:42:23,15,8,3601.75,939
2022-10-03 02:42:25,2,0,3601.75,939
2022-10-03 02:42:26,5,-1,3602.0,938
2022-10-03 02:42:27,2,0,3602.25,938
2022-10-03 02:42:28,1,-1,3602.0,937
2022-10-03 02:42:29,4,-2,3602.25,935
2022-10-03 02:42:31,9,-5,3602.0,930
2022-10-03 02:42:32,2,-2,3601.75,928
2022-10-03 02:42:33,1,1,3602.0,929
2022-10-03 02:42:34,3,-3,3602.0,926
2022-10-03 02:42:37,8,0,3601.75,926
2022-10-03 02:42:38,6,0,3601.75,926
2022-10-03 02:42:39,1,1,3601.75,927
2022-10-03 02:42:40,2,2,3602.0,929
2022-10-03 02:42:41,1,1,3602.0,930
2022-10-03 02:42:43,2,2,3602.0,932
2022-10-03 02:42:44,5,0,3602.25,932
2022-10-03 02:42:46,2,2,3602.25,934
2022-10-03 02:42:50,11,7,3602.5,941
2022-10-03 02:42:52,4,0,3602.5,941
2022-10-03 02:42:53,6,-4,3602.25,937
2022-10-03 02:42:54,1,1,3601.75,938
2022-10-03 02:42:55,1,-1,3601.75,937
2022-10-03 02:42:58,26,-18,3601.5,919
2022-10-03 02:42:59,8,8,3601.25,927
2022-10-03 02:43:00,11,9,3601.5,936
2022-10-03 02:43:02,1,-1,3601.5,935
2022-10-03 02:43:04,5,-5,3601.5,930
2022-10-03 02:43:06,6,-3,3601.5,927
2022-10-03 02:43:07,3,-3,3601.25,924
2022-10-03 02:43:08,3,-1,3601.25,923
2022-10-03 02:43:09,3,-3,3601.25,920
2022-10-03 02:43:10,1,-1,3601.25,919
2022-10-03 02:43:12,2,2,3601.25,921
2022-10-03 02:43:13,1,1,3601.0,922
2022-10-03 02:43:14,6,0,3601.25,922
2022-10-03 02:43:15,4,-4,3601.0,918
2022-10-03 02:43:16,1,-1,3600.75,917
2022-10-03 02:43:17,1,-1,3601.0,916
2022-10-03 02:43:19,1,-1,3601.0,915
2022-10-03 02:43:20,2,2,3601.0,917
2022-10-03 02:43:21,74,95,3601.75,1012
2022-10-03 02:43:22,2,-2,3601.25,1010
2022-10-03 02:43:23,9,4,3601.5,1014
2022-10-03 02:43:26,58,80,3602.5,1094
2022-10-03 02:43:27,7,1,3602.25,1095
2022-10-03 02:43:28,1,1,3602.25,1096
2022-10-03 02:43:33,3,-3,3602.0,1093
2022-10-03 02:43:34,12,-6,3602.25,1087
2022-10-03 02:43:37,3,2,3602.25,1089
2022-10-03 02:43:39,1,-1,3602.0,1088
2022-10-03 02:43:40,5,1,3602.0,1089
2022-10-03 02:43:45,6,2,3602.0,1091
2022-10-03 02:43:48,2,2,3602.0,1093
2022-10-03 02:43:49,10,4,3602.25,1097
2022-10-03 02:43:50,6,2,3602.5,1099
2022-10-03 02:43:51,2,-2,3602.25,1097
2022-10-03 02:43:53,2,-2,3602.0,1095
2022-10-03 02:43:56,1,-1,3602.0,1094
2022-10-03 02:43:58,4,0,3601.75,1094
2022-10-03 02:43:59,3,-3,3601.5,1091
2022-10-03 02:44:01,23,2,3602.0,1093
2022-10-03 02:44:03,2,-2,3601.5,1091
2022-10-03 02:44:05,4,4,3601.75,1095
2022-10-03 02:44:07,3,-3,3601.75,1092
2022-10-03 02:44:08,3,-3,3601.75,1089
2022-10-03 02:44:09,3,-3,3601.5,1086
2022-10-03 02:44:10,1,1,3601.75,1087
2022-10-03 02:44:12,3,3,3602.0,1090
2022-10-03 02:44:13,1,1,3601.75,1091
2022-10-03 02:44:14,1,-1,3601.5,1090
2022-10-03 02:44:15,2,-2,3601.5,1088
2022-10-03 02:44:16,2,0,3601.75,1088
2022-10-03 02:44:17,2,-2,3601.5,1086
2022-10-03 02:44:19,3,3,3601.75,1089
2022-10-03 02:44:21,4,4,3602.0,1093
2022-10-03 02:44:22,7,5,3602.25,1098
2022-10-03 02:44:23,2,0,3602.25,1098
2022-10-03 02:44:24,1,1,3602.0,1099
2022-10-03 02:44:27,1,-1,3601.75,1098
2022-10-03 02:44:30,3,-3,3601.75,1095
2022-10-03 02:44:32,1,-1,3601.5,1094
2022-10-03 02:44:33,1,-1,3601.25,1093
2022-10-03 02:44:34,1,-1,3601.25,1092
2022-10-03 02:44:35,4,-4,3601.0,1088
2022-10-03 02:44:36,4,-4,3601.0,1084
2022-10-03 02:44:37,1,-1,3601.0,1083
2022-10-03 02:44:39,1,-1,3601.0,1082
2022-10-03 02:44:40,2,-2,3601.0,1080
2022-10-03 02:44:41,4,-4,3601.0,1076
2022-10-03 02:44:42,9,9,3601.0,1085
2022-10-03 02:44:45,12,-2,3601.0,1083
2022-10-03 02:44:48,8,-2,3601.0,1081
2022-10-03 02:44:50,2,-2,3600.75,1079
2022-10-03 02:44:51,1,-1,3600.75,1078
2022-10-03 02:44:52,1,1,3600.75,1079
2022-10-03 02:44:53,4,-3,3600.5,1076
2022-10-03 02:44:54,20,5,3600.75,1081
2022-10-03 02:44:55,2,2,3600.75,1083
2022-10-03 02:44:56,23,-9,3600.5,1074
2022-10-03 02:44:58,4,0,3600.75,1074
2022-10-03 02:44:59,1,1,3600.75,1075
2022-10-03 02:45:00,13,-5,3600.75,1070
2022-10-03 02:45:01,9,-5,3600.5,1065
2022-10-03 02:45:03,48,6,3600.5,1071
2022-10-03 02:45:04,17,2,3600.75,1073
2022-10-03 02:45:09,1,1,3600.75,1074
2022-10-03 02:45:10,5,-1,3600.75,1073
2022-10-03 02:45:16,1,1,3600.75,1074
2022-10-03 02:45:17,33,34,3601.25,1108
2022-10-03 02:45:18,25,41,3601.5,1149
2022-10-03 02:45:19,13,-2,3601.25,1147
2022-10-03 02:45:20,2,-2,3601.25,1145
2022-10-03 02:45:22,28,-8,3601.25,1137
2022-10-03 02:45:24,1,1,3601.0,1138
2022-10-03 02:45:25,2,-2,3600.75,1136
2022-10-03 02:45:26,2,2,3601.0,1138
2022-10-03 02:45:27,463,-139,3600.75,999
2022-10-03 02:45:28,45,-20,3599.25,979
2022-10-03 02:45:29,10,-2,3599.25,977
2022-10-03 02:45:30,4,0,3599.0,977
2022-10-03 02:45:31,14,11,3599.0,988
2022-10-03 02:45:32,11,-3,3599.0,985
2022-10-03 02:45:33,7,-5,3598.75,980
2022-10-03 02:45:34,25,-24,3598.75,956
2022-10-03 02:45:35,24,1,3598.75,957
2022-10-03 02:45:36,4,-4,3598.75,953
2022-10-03 02:45:37,10,-4,3598.75,949
2022-10-03 02:45:38,8,0,3598.5,949
2022-10-03 02:45:39,15,-9,3598.5,940
2022-10-03 02:45:40,3,3,3598.5,943
2022-10-03 02:45:41,8,4,3598.5,947
2022-10-03 02:45:42,2,0,3598.5,947
2022-10-03 02:45:43,1,1,3598.5,948
2022-10-03 02:45:44,4,2,3598.25,950
2022-10-03 02:45:45,24,-14,3598.0,936
2022-10-03 02:45:46,6,0,3598.0,936
2022-10-03 02:45:47,23,-7,3598.0,929
2022-10-03 02:45:48,16,5,3598.0,934
2022-10-03 02:45:49,5,-1,3597.75,933
2022-10-03 02:45:50,2,2,3597.75,935
2022-10-03 02:45:51,18,9,3598.0,944
2022-10-03 02:45:52,19,3,3598.25,947
2022-10-03 02:45:53,19,2,3598.0,949
2022-10-03 02:45:54,12,-17,3598.0,932
2022-10-03 02:45:55,5,1,3598.0,933
2022-10-03 02:45:56,4,2,3598.0,935
2022-10-03 02:45:57,4,-4,3597.75,931
2022-10-03 02:45:58,7,-3,3598.0,928
2022-10-03 02:45:59,11,5,3597.75,933
2022-10-03 02:46:00,2,-2,3597.5,931
2022-10-03 02:46:01,47,-5,3597.5,926
2022-10-03 02:46:02,9,5,3597.25,931
2022-10-03 02:46:03,8,2,3597.5,933
2022-10-03 02:46:04,3,1,3597.75,934
2022-10-03 02:46:05,45,14,3598.0,948
2022-10-03 02:46:06,9,-9,3598.0,939
2022-10-03 02:46:07,3,-3,3597.75,936
2022-10-03 02:46:08,8,6,3597.5,942
2022-10-03 02:46:09,6,1,3597.75,943
2022-10-03 02:46:10,1,-1,3597.5,942
2022-10-03 02:46:11,4,4,3598.0,946
2022-10-03 02:46:13,11,5,3598.5,951
2022-10-03 02:46:14,3,-1,3598.5,950
2022-10-03 02:46:15,5,-3,3598.0,947
2022-10-03 02:46:16,4,4,3598.25,951
2022-10-03 02:46:17,1,1,3598.25,952
2022-10-03 02:46:18,5,1,3598.25,953
2022-10-03 02:46:20,1,-1,3598.25,952
2022-10-03 02:46:21,14,6,3598.25,958
2022-10-03 02:46:23,7,-1,3598.25,957
2022-10-03 02:46:24,8,8,3598.5,965
2022-10-03 02:46:25,9,2,3598.75,967
2022-10-03 02:46:26,5,-5,3598.75,962
2022-10-03 02:46:27,7,-4,3598.5,958
2022-10-03 02:46:29,6,0,3598.5,958
2022-10-03 02:46:30,4,2,3598.25,960
2022-10-03 02:46:31,6,-4,3598.25,956
2022-10-03 02:46:32,9,7,3598.25,963
2022-10-03 02:46:33,6,-2,3598.0,961
2022-10-03 02:46:34,3,-1,3598.0,960
2022-10-03 02:46:35,7,-3,3598.0,957
2022-10-03 02:46:36,1,-1,3598.0,956
2022-10-03 02:46:37,10,-17,3598.0,939
2022-10-03 02:46:38,4,0,3597.75,939
2022-10-03 02:46:39,2,-2,3597.75,937
2022-10-03 02:46:40,21,5,3598.0,942
2022-10-03 02:46:41,14,2,3598.25,944
2022-10-03 02:46:44,7,2,3598.5,946
2022-10-03 02:46:45,7,3,3598.75,949
2022-10-03 02:46:46,1,1,3598.5,950
2022-10-03 02:46:47,4,-4,3598.25,946
2022-10-03 02:46:49,29,-7,3598.5,939
2022-10-03 02:46:50,1,-1,3597.75,938
2022-10-03 02:46:51,29,2,3597.75,940
2022-10-03 02:46:52,1,-1,3597.75,939
2022-10-03 02:46:54,6,-4,3597.75,935
2022-10-03 02:46:57,10,-1,3597.25,934
2022-10-03 02:46:58,2,0,3597.5,934
2022-10-03 02:46:59,18,5,3597.5,939
2022-10-03 02:47:00,13,-7,3597.25,932
2022-10-03 02:47:01,18,-11,3597.0,921
2022-10-03 02:47:02,8,6,3597.0,927
2022-10-03 02:47:03,13,-7,3597.0,920
2022-10-03 02:47:04,5,-5,3597.0,915
2022-10-03 02:47:06,2,-2,3596.75,913
2022-10-03 02:47:07,11,9,3597.0,922
2022-10-03 02:47:08,31,10,3597.5,932
2022-10-03 02:47:10,10,-4,3597.75,928
2022-10-03 02:47:12,15,7,3597.5,935
2022-10-03 02:47:13,7,7,3597.5,942
2022-10-03 02:47:14,8,-6,3597.5,936
2022-10-03 02:47:16,7,-1,3597.5,935
2022-10-03 02:47:17,13,-3,3597.5,932
2022-10-03 02:47:20,3,-3,3597.5,929
2022-10-03 02:47:21,11,0,3597.75,929
2022-10-03 02:47:24,3,4,3598.25,933
2022-10-03 02:47:25,4,-4,3598.0,929
2022-10-03 02:47:27,7,3,3598.0,932
2022-10-03 02:47:28,12,-1,3598.5,931
2022-10-03 02:47:29,4,-3,3598.25,928
2022-10-03 02:47:31,4,-3,3598.0,925
2022-10-03 02:47:33,1,1,3598.0,926
2022-10-03 02:47:35,1,1,3598.0,927
2022-10-03 02:47:36,4,0,3598.0,927
2022-10-03 02:47:37,1,-1,3598.0,926
2022-10-03 02:47:38,23,-13,3598.25,913
2022-10-03 02:47:40,13,2,3597.75,915
2022-10-03 02:47:42,15,-5,3597.75,910
2022-10-03 02:47:44,4,4,3597.75,914
2022-10-03 02:47:45,3,3,3598.0,917
2022-10-03 02:47:47,5,-3,3597.75,914
2022-10-03 02:47:49,5,3,3598.0,917
2022-10-03 02:47:50,1,-1,3598.0,916
2022-10-03 02:47:51,1,1,3598.0,917
2022-10-03 02:47:52,4,4,3598.0,921
2022-10-03 02:47:55,20,-18,3598.0,903
2022-10-03 02:47:57,6,2,3598.25,905
2022-10-03 02:47:59,5,1,3598.5,906
2022-10-03 02:48:00,4,0,3598.5,906
2022-10-03 02:48:01,8,6,3598.75,912
2022-10-03 02:48:02,7,1,3599.0,913
2022-10-03 02:48:03,10,6,3599.0,919
2022-10-03 02:48:04,4,0,3599.0,919
2022-10-03 02:48:05,7,3,3599.0,922
2022-10-03 02:48:06,2,-2,3599.0,920
2022-10-03 02:48:07,2,2,3599.0,922
2022-10-03 02:48:09,4,-4,3598.75,918
2022-10-03 02:48:10,19,13,3599.0,931
2022-10-03 02:48:13,3,1,3599.25,932
2022-10-03 02:48:14,6,-6,3599.0,926
2022-10-03 02:48:16,12,4,3599.5,930
2022-10-03 02:48:20,59,80,3600.0,1010
2022-10-03 02:48:21,2,-2,3599.25,1008
2022-10-03 02:48:22,3,1,3599.5,1009
2022-10-03 02:48:23,14,2,3599.5,1011
2022-10-03 02:48:25,10,-16,3599.0,995
2022-10-03 02:48:29,8,-2,3598.75,993
2022-10-03 02:48:30,15,9,3599.0,1002
2022-10-03 02:48:33,5,-3,3598.75,999
2022-10-03 02:48:35,3,3,3598.75,1002
2022-10-03 02:48:38,9,-3,3598.5,999
2022-10-03 02:48:40,5,-5,3598.5,994
2022-10-03 02:48:41,1,1,3598.5,995
2022-10-03 02:48:42,1,-1,3598.25,994
2022-10-03 02:48:43,1,1,3598.5,995
2022-10-03 02:48:44,1,-1,3598.25,994
2022-10-03 02:48:45,4,-4,3598.25,990
2022-10-03 02:48:48,10,2,3598.5,992
2022-10-03 02:48:49,4,4,3598.75,996
2022-10-03 02:48:50,1,-1,3598.75,995
2022-10-03 02:48:51,4,4,3599.0,999
2022-10-03 02:48:52,2,2,3599.25,1001
2022-10-03 02:48:54,2,2,3599.25,1003
2022-10-03 02:48:55,8,-2,3599.25,1001
2022-10-03 02:48:57,2,0,3599.5,1001
2022-10-03 02:48:58,52,45,3600.0,1046
2022-10-03 02:48:59,16,-12,3599.25,1034
2022-10-03 02:49:00,30,13,3599.25,1047
2022-10-03 02:49:02,5,3,3599.25,1050
2022-10-03 02:49:04,15,7,3599.25,1057
2022-10-03 02:49:05,2,-2,3599.25,1055
2022-10-03 02:49:06,17,-1,3599.0,1054
2022-10-03 02:49:07,3,1,3598.75,1055
2022-10-03 02:49:10,1,1,3598.75,1056
2022-10-03 02:49:12,1,1,3599.0,1057
2022-10-03 02:49:13,4,2,3599.25,1059
2022-10-03 02:49:16,5,1,3599.5,1060
2022-10-03 02:49:18,2,2,3599.5,1062
2022-10-03 02:49:19,3,1,3599.75,1063
2022-10-03 02:49:20,2,-2,3599.75,1061
2022-10-03 02:49:21,1,-1,3599.75,1060
2022-10-03 02:49:23,2,-2,3599.75,1058
2022-10-03 02:49:24,14,-5,3599.75,1053
2022-10-03 02:49:27,1,-1,3599.25,1052
2022-10-03 02:49:29,6,0,3599.25,1052
2022-10-03 02:49:30,11,-15,3599.0,1037
2022-10-03 02:49:31,1,-1,3599.0,1036
2022-10-03 02:49:32,3,1,3599.25,1037
2022-10-03 02:49:33,1,1,3599.0,1038
2022-10-03 02:49:35,3,-1,3599.0,1037
2022-10-03 02:49:36,1,-1,3598.75,1036
2022-10-03 02:49:37,2,-2,3598.75,1034
2022-10-03 02:49:38,10,6,3599.0,1040
2022-10-03 02:49:39,1,-1,3599.0,1039
2022-10-03 02:49:42,4,2,3599.25,1041
2022-10-03 02:49:45,1,1,3599.25,1042
2022-10-03 02:49:47,5,5,3599.5,1047
2022-10-03 02:49:49,1,-1,3599.25,1046
2022-10-03 02:49:50,1,1,3599.5,1047
2022-10-03 02:49:51,1,1,3599.75,1048
2022-10-03 02:49:52,12,-8,3599.5,1040
2022-10-03 02:49:53,5,-5,3599.0,1035
2022-10-03 02:49:54,6,6,3599.25,1041
2022-10-03 02:49:55,18,0,3599.5,1041
2022-10-03 02:49:56,7,1,3600.25,1042
2022-10-03 02:49:57,1,1,3600.0,1043
2022-10-03 02:50:00,6,-2,3599.75,1041
2022-10-03 02:50:01,1,1,3599.75,1042
2022-10-03 02:50:03,4,2,3599.75,1044
2022-10-03 02:50:04,4,-4,3599.5,1040
2022-10-03 02:50:06,4,-4,3599.5,1036
2022-10-03 02:50:08,46,8,3599.5,1044
2022-10-03 02:50:12,9,9,3599.75,1053
2022-10-03 02:50:13,3,3,3600.0,1056
2022-10-03 02:50:14,3,3,3600.0,1059
2022-10-03 02:50:15,4,2,3600.25,1061
2022-10-03 02:50:16,12,2,3600.5,1063
2022-10-03 02:50:17,1,-1,3600.5,1062
2022-10-03 02:50:18,4,4,3600.75,1066
2022-10-03 02:50:19,3,3,3600.75,1069
2022-10-03 02:50:23,1,1,3600.75,1070
2022-10-03 02:50:28,12,-7,3600.5,1063
2022-10-03 02:50:29,6,-1,3600.5,1062
2022-10-03 02:50:30,16,2,3600.25,1064
2022-10-03 02:50:33,2,-2,3600.25,1062
2022-10-03 02:50:35,3,-3,3600.25,1059
2022-10-03 02:50:36,2,2,3600.5,1061
2022-10-03 02:50:37,10,4,3600.75,1065
2022-10-03 02:50:38,3,3,3600.5,1068
2022-10-03 02:50:40,3,-3,3600.5,1065
2022-10-03 02:50:43,3,3,3600.75,1068
2022-10-03 02:50:44,1,-1,3600.5,1067
2022-10-03 02:50:45,9,9,3600.75,1076
2022-10-03 02:50:50,7,1,3601.25,1077
2022-10-03 02:50:51,2,2,3601.5,1079
2022-10-03 02:50:52,3,3,3601.25,1082
2022-10-03 02:50:53,52,3,3601.5,1085
2022-10-03 02:50:54,8,-2,3601.5,1083
2022-10-03 02:50:55,2,2,3601.25,1085
2022-10-03 02:50:56,1,1,3601.25,1086
2022-10-03 02:50:58,5,5,3601.25,1091
2022-10-03 02:50:59,8,4,3601.25,1095
2022-10-03 02:51:00,4,0,3601.25,1095
2022-10-03 02:51:01,4,4,3601.5,1099
2022-10-03 02:51:03,8,4,3601.5,1103
2022-10-03 02:51:04,18,-14,3601.5,1089
2022-10-03 02:51:06,8,-7,3601.0,1082
2022-10-03 02:51:08,4,-2,3601.25,1080
2022-10-03 02:51:09,6,-4,3601.25,1076
2022-10-03 02:51:11,16,-11,3601.25,1065
2022-10-03 02:51:12,1,1,3601.25,1066
2022-10-03 02:51:13,11,5,3601.5,1071
2022-10-03 02:51:14,31,20,3602.0,1091
2022-10-03 02:51:15,22,15,3602.25,1106
2022-10-03 02:51:16,8,-2,3602.0,1104
2022-10-03 02:51:17,2,2,3601.75,1106
2022-10-03 02:51:18,1,1,3601.75,1107
2022-10-03 02:51:19,14,-2,3601.75,1105
2022-10-03 02:51:20,12,1,3602.0,1106
2022-10-03 02:51:21,2,0,3602.25,1106
2022-10-03 02:51:22,7,5,3602.25,1111
2022-10-03 02:51:23,13,-11,3601.75,1100
2022-10-03 02:51:24,3,1,3602.0,1101
2022-10-03 02:51:25,1,-1,3601.75,1100
2022-10-03 02:51:27,19,3,3602.0,1103
2022-10-03 02:51:29,11,5,3602.25,1108
2022-10-03 02:51:30,16,-8,3601.75,1100
2022-10-03 02:51:33,6,6,3601.5,1106
2022-10-03 02:51:36,13,5,3601.5,1111
2022-10-03 02:51:37,2,-2,3601.5,1109
2022-10-03 02:51:38,1,-1,3601.5,1108
2022-10-03 02:51:39,2,-2,3601.25,1106
2022-10-03 02:51:40,1,1,3601.25,1107
2022-10-03 02:51:41,2,2,3601.75,1109
2022-10-03 02:51:43,3,-3,3601.5,1106
2022-10-03 02:51:44,5,-3,3601.25,1103
2022-10-03 02:51:45,5,-5,3601.0,1098
2022-10-03 02:51:47,8,-7,3600.75,1091
2022-10-03 02:51:48,1,1,3601.25,1092
2022-10-03 02:51:49,17,-13,3601.0,1079
2022-10-03 02:51:51,10,4,3600.75,1083
2022-10-03 02:51:52,1,1,3601.0,1084
2022-10-03 02:51:53,3,2,3600.75,1086
2022-10-03 02:51:54,5,5,3601.0,1091
2022-10-03 02:51:55,2,2,3601.0,1093
2022-10-03 02:51:56,3,-1,3601.0,1092
2022-10-03 02:51:57,1,1,3601.0,1093
2022-10-03 02:51:59,4,-1,3601.0,1092
2022-10-03 02:52:00,26,28,3601.0,1120
2022-10-03 02:52:01,5,-1,3601.0,1119
2022-10-03 02:52:02,4,-4,3601.0,1115
2022-10-03 02:52:03,4,-2,3600.5,1113
2022-10-03 02:52:04,4,-4,3600.5,1109
2022-10-03 02:52:05,36,-28,3600.5,1081
2022-10-03 02:52:06,1,-1,3600.25,1080
2022-10-03 02:52:07,6,0,3600.5,1080
2022-10-03 02:52:08,2,-2,3600.5,1078
2022-10-03 02:52:09,1,-1,3600.25,1077
2022-10-03 02:52:11,21,0,3600.75,1077
2022-10-03 02:52:15,1,1,3600.75,1078
2022-10-03 02:52:16,3,3,3601.0,1081
2022-10-03 02:52:17,1,1,3601.0,1082
2022-10-03 02:52:18,3,1,3601.0,1083
2022-10-03 02:52:21,8,-2,3601.0,1081
2022-10-03 02:52:22,2,-2,3600.75,1079
2022-10-03 02:52:23,2,2,3601.0,1081
2022-10-03 02:52:25,1,1,3601.0,1082
2022-10-03 02:52:28,8,-4,3601.0,1078
2022-10-03 02:52:30,2,-2,3601.0,1076
2022-10-03 02:52:31,6,2,3600.75,1078
2022-10-03 02:52:33,1,1,3600.75,1079
2022-10-03 02:52:34,4,2,3600.75,1081
2022-10-03 02:52:35,1,-1,3600.75,1080
2022-10-03 02:52:37,45,-62,3600.5,1018
2022-10-03 02:52:38,15,13,3600.75,1031
2022-10-03 02:52:39,1,-1,3600.5,1030
2022-10-03 02:52:41,4,4,3600.75,1034
2022-10-03 02:52:43,2,-2,3600.75,1032
2022-10-03 02:52:46,1,1,3601.0,1033
2022-10-03 02:52:47,3,1,3601.0,1034
2022-10-03 02:52:48,1,1,3600.75,1035
2022-10-03 02:52:49,21,-11,3600.75,1024
2022-10-03 02:52:50,4,-4,3600.25,1020
2022-10-03 02:52:51,5,-5,3600.0,1015
2022-10-03 02:52:54,1,-1,3600.0,1014
2022-10-03 02:52:57,3,3,3600.0,1017
2022-10-03 02:52:58,1,-1,3600.0,1016
2022-10-03 02:53:00,5,3,3600.5,1019
2022-10-03 02:53:01,2,0,3600.5,1019
2022-10-03 02:53:02,6,1,3600.5,1020
2022-10-03 02:53:03,3,3,3600.25,1023
2022-10-03 02:53:06,69,9,3600.5,1032
2022-10-03 02:53:08,2,2,3600.75,1034
2022-10-03 02:53:09,3,-3,3600.75,1031
2022-10-03 02:53:11,2,-2,3600.75,1029
2022-10-03 02:53:15,2,2,3601.0,1031
2022-10-03 02:53:16,9,1,3600.75,1032
2022-10-03 02:53:17,1,1,3600.75,1033
2022-10-03 02:53:19,6,4,3600.75,1037
2022-10-03 02:53:22,1,1,3600.5,1038
2022-10-03 02:53:23,2,2,3600.5,1040
2022-10-03 02:53:24,3,-1,3600.5,1039
2022-10-03 02:53:28,1,-1,3600.5,1038
2022-10-03 02:53:31,19,5,3600.75,1043
2022-10-03 02:53:36,1,1,3600.75,1044
2022-10-03 02:53:37,7,1,3600.5,1045
2022-10-03 02:53:40,10,-6,3600.5,1039
2022-10-03 02:53:41,4,-2,3600.5,1037
2022-10-03 02:53:42,5,4,3600.75,1041
2022-10-03 02:53:43,1,-1,3600.75,1040
2022-10-03 02:53:44,6,-6,3600.5,1034
2022-10-03 02:53:45,11,1,3600.25,1035
2022-10-03 02:53:46,1,1,3600.25,1036
2022-10-03 02:53:47,6,0,3600.25,1036
2022-10-03 02:53:48,11,7,3600.75,1043
2022-10-03 02:53:52,14,12,3601.0,1055
2022-10-03 02:53:53,3,-1,3601.0,1054
2022-10-03 02:53:58,5,4,3601.5,1058
2022-10-03 02:54:00,1,1,3601.5,1059
2022-10-03 02:54:01,29,-2,3601.25,1057
2022-10-03 02:54:02,5,-3,3601.5,1054
2022-10-03 02:54:03,28,11,3602.0,1065
2022-10-03 02:54:04,1,1,3602.0,1066
2022-10-03 02:54:05,4,4,3602.25,1070
2022-10-03 02:54:06,3,2,3602.25,1072
2022-10-03 02:54:07,8,0,3602.25,1072
2022-10-03 02:54:08,2,2,3602.25,1074
2022-10-03 02:54:09,14,7,3602.5,1081
2022-10-03 02:54:10,1,1,3602.5,1082
2022-10-03 02:54:11,5,0,3602.5,1082
2022-10-03 02:54:12,1,1,3602.5,1083
2022-10-03 02:54:14,7,3,3602.75,1086
2022-10-03 02:54:15,2,0,3602.5,1086
2022-10-03 02:54:16,36,2,3602.5,1088
2022-10-03 02:54:17,1,-1,3602.25,1087
2022-10-03 02:54:18,1,1,3602.5,1088
2022-10-03 02:54:19,8,-2,3602.5,1086
2022-10-03 02:54:20,2,-2,3602.25,1084
2022-10-03 02:54:21,6,-2,3602.5,1082
2022-10-03 02:54:22,3,-1,3602.5,1081
2022-10-03 02:54:24,2,-2,3602.5,1079
2022-10-03 02:54:25,12,-2,3602.5,1077
2022-10-03 02:54:29,9,5,3602.5,1082
2022-10-03 02:54:30,1,1,3602.5,1083
2022-10-03 02:54:31,5,-5,3602.5,1078
2022-10-03 02:54:33,15,-3,3602.25,1075
2022-10-03 02:54:34,33,-11,3602.0,1064
2022-10-03 02:54:35,1,-1,3602.0,1063
2022-10-03 02:54:38,1,-1,3602.0,1062
2022-10-03 02:54:41,8,1,3601.75,1063
2022-10-03 02:54:42,2,2,3602.0,1065
2022-10-03 02:54:43,8,8,3602.0,1073
2022-10-03 02:54:44,7,1,3602.25,1074
2022-10-03 02:54:45,2,0,3602.5,1074
2022-10-03 02:54:48,3,3,3602.5,1077
2022-10-03 02:54:49,12,5,3602.75,1082
2022-10-03 02:54:50,23,12,3603.0,1094
2022-10-03 02:54:51,2,0,3602.75,1094
2022-10-03 02:54:52,15,-12,3602.25,1082
2022-10-03 02:54:53,7,-5,3602.25,1077
2022-10-03 02:54:54,7,-7,3602.0,1070
2022-10-03 02:54:55,10,2,3602.0,1072
2022-10-03 02:54:57,1,1,3601.75,1073
2022-10-03 02:54:58,44,7,3602.0,1080
2022-10-03 02:54:59,22,18,3602.25,1098
2022-10-03 02:55:00,6,0,3602.25,1098
2022-10-03 02:55:01,9,-5,3602.5,1093
2022-10-03 02:55:02,5,-3,3602.25,1090
2022-10-03 02:55:05,3,1,3602.25,1091
2022-10-03 02:55:06,1,1,3602.25,1092
2022-10-03 02:55:09,9,-8,3602.0,1084
2022-10-03 02:55:10,11,3,3602.0,1087
2022-10-03 02:55:11,6,6,3602.5,1093
2022-10-03 02:55:12,1,-1,3602.5,1092
2022-10-03 02:55:15,17,5,3602.75,1097
2022-10-03 02:55:16,8,-1,3603.0,1096
2022-10-03 02:55:17,23,8,3603.5,1104
2022-10-03 02:55:18,15,6,3603.5,1110
2022-10-03 02:55:20,12,-11,3603.5,1099
2022-10-03 02:55:21,1,1,3603.5,1100
2022-10-03 02:55:22,12,3,3603.5,1103
2022-10-03 02:55:23,1,1,3603.5,1104
2022-10-03 02:55:24,2,-2,3603.5,1102
2022-10-03 02:55:28,4,-2,3603.25,1100
2022-10-03 02:55:30,10,6,3603.5,1106
2022-10-03 02:55:34,1,-1,3603.5,1105
2022-10-03 02:55:36,77,62,3604.5,1167
2022-10-03 02:55:37,16,4,3604.75,1171
2022-10-03 02:55:38,4,-2,3604.5,1169
2022-10-03 02:55:39,3,3,3604.5,1172
2022-10-03 02:55:40,2,2,3605.0,1174
2022-10-03 02:55:41,12,1,3605.0,1175
2022-10-03 02:55:43,21,-2,3605.0,1173
2022-10-03 02:55:44,28,12,3605.25,1185
2022-10-03 02:55:45,8,-6,3605.25,1179
2022-10-03 02:55:46,6,-6,3605.25,1173
2022-10-03 02:55:47,11,-1,3605.25,1172
2022-10-03 02:55:48,3,3,3605.25,1175
2022-10-03 02:55:49,10,-10,3605.0,1165
2022-10-03 02:55:50,35,19,3605.5,1184
2022-10-03 02:55:51,10,-6,3604.75,1178
2022-10-03 02:55:53,19,1,3604.75,1179
2022-10-03 02:55:55,4,-4,3604.5,1175
2022-10-03 02:55:56,1,-1,3604.5,1174
2022-10-03 02:55:57,3,-3,3604.5,1171
2022-10-03 02:55:58,4,4,3604.5,1175
2022-10-03 02:55:59,5,1,3604.75,1176
2022-10-03 02:56:00,30,-43,3604.5,1133
2022-10-03 02:56:01,2,0,3604.25,1133
2022-10-03 02:56:02,5,5,3604.5,1138
2022-10-03 02:56:03,39,-10,3604.5,1128
2022-10-03 02:56:04,14,-10,3604.25,1118
2022-10-03 02:56:05,5,3,3604.25,1121
2022-10-03 02:56:06,5,-1,3604.0,1120
2022-10-03 02:56:07,8,-8,3603.75,1112
2022-10-03 02:56:08,6,-6,3603.75,1106
2022-10-03 02:56:09,1,1,3603.75,1107
2022-10-03 02:56:13,7,7,3603.75,1114
2022-10-03 02:56:14,16,-14,3603.75,1100
2022-10-03 02:56:15,24,-19,3603.5,1081
2022-10-03 02:56:16,12,10,3603.0,1091
2022-10-03 02:56:17,6,6,3603.0,1097
2022-10-03 02:56:18,2,2,3603.0,1099
2022-10-03 02:56:20,2,0,3603.0,1099
2022-10-03 02:56:21,18,-7,3602.5,1092
2022-10-03 02:56:23,3,2,3603.0,1094
2022-10-03 02:56:24,3,-3,3602.75,1091
2022-10-03 02:56:25,8,6,3603.0,1097
2022-10-03 02:56:29,23,28,3603.5,1125
2022-10-03 02:56:31,8,-8,3603.5,1117
2022-10-03 02:56:36,7,1,3603.75,1118
2022-10-03 02:56:37,3,-1,3604.0,1117
2022-10-03 02:56:38,11,1,3604.25,1118
2022-10-03 02:56:39,3,-1,3604.0,1117
2022-10-03 02:56:43,11,-5,3603.5,1112
2022-10-03 02:56:44,4,4,3603.75,1116
2022-10-03 02:56:47,1,-1,3603.25,1115
2022-10-03 02:56:48,7,-3,3603.25,1112
2022-10-03 02:56:49,14,12,3603.75,1124
2022-10-03 02:56:50,3,1,3604.0,1125
2022-10-03 02:56:52,3,-1,3604.25,1124
2022-10-03 02:56:53,2,-2,3603.75,1122
2022-10-03 02:56:55,6,-4,3603.75,1118
2022-10-03 02:56:57,12,0,3603.75,1118
2022-10-03 02:56:58,5,-5,3603.5,1113
2022-10-03 02:57:00,4,2,3603.5,1115
2022-10-03 02:57:02,5,-1,3603.5,1114
2022-10-03 02:57:03,8,-8,3603.25,1106
2022-10-03 02:57:06,3,1,3602.75,1107
2022-10-03 02:57:07,2,-2,3602.75,1105
2022-10-03 02:57:09,4,4,3603.0,1109
2022-10-03 02:57:10,8,7,3603.5,1116
2022-10-03 02:57:14,5,-1,3603.75,1115
2022-10-03 02:57:19,5,-1,3603.25,1114
2022-10-03 02:57:20,13,-7,3603.25,1107
2022-10-03 02:57:23,8,-4,3602.5,1103
2022-10-03 02:57:24,1,-1,3602.25,1102
2022-10-03 02:57:25,6,-2,3602.5,1100
2022-10-03 02:57:27,1,1,3602.75,1101
2022-10-03 02:57:28,4,-4,3602.5,1097
2022-10-03 02:57:29,12,-10,3602.25,1087
2022-10-03 02:57:30,6,0,3602.0,1087
2022-10-03 02:57:32,1,1,3602.25,1088
2022-10-03 02:57:33,1,-1,3602.25,1087
2022-10-03 02:57:35,6,2,3602.5,1089
2022-10-03 02:57:37,9,7,3602.75,1096
2022-10-03 02:57:38,10,2,3602.75,1098
2022-10-03 02:57:40,1,-1,3602.25,1097
2022-10-03 02:57:42,4,-4,3602.0,1093
2022-10-03 02:57:43,1,1,3602.25,1094
2022-10-03 02:57:45,2,0,3602.0,1094
2022-10-03 02:57:46,3,1,3602.25,1095
2022-10-03 02:57:48,4,-2,3602.25,1093
2022-10-03 02:57:49,1,-1,3602.0,1092
2022-10-03 02:57:50,3,1,3602.25,1093
2022-10-03 02:57:52,2,-2,3602.0,1091
2022-10-03 02:57:54,2,0,3602.0,1091
2022-10-03 02:57:55,26,10,3602.5,1101
2022-10-03 02:57:56,7,-1,3602.5,1100
2022-10-03 02:57:57,8,-2,3602.5,1098
2022-10-03 02:57:58,5,3,3602.25,1101
2022-10-03 02:57:59,4,0,3602.5,1101
2022-10-03 02:58:00,16,12,3602.5,1113
2022-10-03 02:58:02,15,4,3602.75,1117
2022-10-03 02:58:03,12,4,3603.0,1121
2022-10-03 02:58:05,3,1,3603.5,1122
2022-10-03 02:58:06,4,0,3603.5,1122
2022-10-03 02:58:07,10,-1,3603.25,1121
2022-10-03 02:58:08,2,0,3603.5,1121
2022-10-03 02:58:09,4,4,3603.5,1125
2022-10-03 02:58:12,2,-2,3603.5,1123
2022-10-03 02:58:13,11,-3,3604.0,1120
2022-10-03 02:58:14,25,4,3604.0,1124
2022-10-03 02:58:15,10,-3,3603.75,1121
2022-10-03 02:58:16,5,-3,3603.75,1118
2022-10-03 02:58:17,15,5,3603.25,1123
2022-10-03 02:58:18,1,-1,3603.0,1122
2022-10-03 02:58:19,4,-2,3603.25,1120
2022-10-03 02:58:21,61,-5,3603.25,1115
2022-10-03 02:58:23,10,-2,3603.25,1113
2022-10-03 02:58:24,5,-1,3602.75,1112
2022-10-03 02:58:25,8,0,3602.75,1112
2022-10-03 02:58:26,1,-1,3602.25,1111
2022-10-03 02:58:27,39,28,3602.75,1139
2022-10-03 02:58:28,5,1,3603.0,1140
2022-10-03 02:58:29,6,-2,3603.0,1138
2022-10-03 02:58:31,46,27,3603.75,1165
2022-10-03 02:58:32,8,5,3603.75,1170
2022-10-03 02:58:33,7,-1,3603.75,1169
2022-10-03 02:58:34,4,0,3603.5,1169
2022-10-03 02:58:36,13,4,3604.0,1173
2022-10-03 02:58:37,6,-2,3604.0,1171
2022-10-03 02:58:38,41,49,3604.5,1220
2022-10-03 02:58:39,12,-2,3604.0,1218
2022-10-03 02:58:40,3,1,3604.25,1219
2022-10-03 02:58:41,13,1,3604.25,1220
2022-10-03 02:58:43,1,-1,3604.0,1219
2022-10-03 02:58:44,7,-3,3604.0,1216
2022-10-03 02:58:45,3,3,3604.0,1219
2022-10-03 02:58:46,1,1,3604.0,1220
2022-10-03 02:58:48,5,5,3604.0,1225
2022-10-03 02:58:51,47,-22,3604.0,1203
2022-10-03 02:58:52,92,73,3604.5,1276
2022-10-03 02:58:54,7,3,3604.5,1279
2022-10-03 02:58:55,60,43,3605.0,1322
2022-10-03 02:58:56,45,-33,3604.5,1289
2022-10-03 02:58:57,1,-1,3604.25,1288
2022-10-03 02:58:58,8,-4,3604.25,1284
2022-10-03 02:58:59,6,-2,3604.25,1282
2022-10-03 02:59:00,2,-1,3604.0,1281
2022-10-03 02:59:01,23,-12,3604.0,1269
2022-10-03 02:59:03,3,-1,3603.75,1268
2022-10-03 02:59:04,10,4,3603.75,1272
2022-10-03 02:59:05,39,-31,3603.5,1241
2022-10-03 02:59:07,13,11,3604.0,1252
2022-10-03 02:59:08,11,2,3604.0,1254
2022-10-03 02:59:10,8,4,3604.25,1258
2022-10-03 02:59:11,13,-5,3604.25,1253
2022-10-03 02:59:12,4,2,3604.25,1255
2022-10-03 02:59:13,7,-3,3604.0,1252
2022-10-03 02:59:14,1,-1,3604.0,1251
2022-10-03 02:59:15,16,10,3604.5,1261
2022-10-03 02:59:17,3,1,3604.5,1262
2022-10-03 02:59:18,1,-1,3604.5,1261
2022-10-03 02:59:19,1,-1,3604.5,1260
2022-10-03 02:59:20,1,1,3604.5,1261
2022-10-03 02:59:21,8,8,3605.0,1269
2022-10-03 02:59:22,3,-1,3605.0,1268
2022-10-03 02:59:23,6,4,3604.75,1272
2022-10-03 02:59:26,4,2,3605.25,1274
2022-10-03 02:59:27,23,1,3605.0,1275
2022-10-03 02:59:28,2,2,3605.25,1277
2022-10-03 02:59:29,2,-1,3605.0,1276
2022-10-03 02:59:31,46,50,3605.5,1326
2022-10-03 02:59:32,6,2,3605.25,1328
2022-10-03 02:59:34,12,3,3605.5,1331
2022-10-03 02:59:35,2,2,3605.5,1333
2022-10-03 02:59:36,1,-1,3605.5,1332
2022-10-03 02:59:38,12,-6,3605.0,1326
2022-10-03 02:59:39,4,0,3605.0,1326
2022-10-03 02:59:40,5,-5,3605.0,1321
2022-10-03 02:59:42,1,1,3605.0,1322
2022-10-03 02:59:43,4,-3,3604.75,1319
2022-10-03 02:59:44,5,-1,3604.75,1318
2022-10-03 02:59:45,2,-2,3604.75,1316
2022-10-03 02:59:46,2,-2,3604.5,1314
2022-10-03 02:59:47,3,3,3604.5,1317
2022-10-03 02:59:49,23,11,3604.75,1328
2022-10-03 02:59:50,28,35,3605.25,1363
2022-10-03 02:59:52,1,-1,3604.75,1362
2022-10-03 02:59:53,5,-5,3604.75,1357
2022-10-03 02:59:54,6,2,3604.5,1359
2022-10-03 02:59:55,19,5,3605.0,1364
2022-10-03 02:59:56,13,11,3605.5,1375
2022-10-03 02:59:57,7,-7,3605.25,1368
2022-10-03 02:59:58,8,4,3605.25,1372
2022-10-03 02:59:59,13,-7,3605.75,1365
2022-10-03 03:00:00,102,-1,3605.75,1364
2022-10-03 03:00:01,50,5,3605.5,1369
2022-10-03 03:00:02,46,12,3605.25,1381
2022-10-03 03:00:03,53,-28,3604.5,1353
2022-10-03 03:00:04,32,-14,3603.5,1339
2022-10-03 03:00:05,24,4,3603.0,1343
2022-10-03 03:00:06,39,3,3603.5,1346
2022-10-03 03:00:07,6,0,3603.0,1346
2022-10-03 03:00:08,43,1,3603.25,1347
2022-10-03 03:00:09,7,5,3602.75,1352
2022-10-03 03:00:10,35,-27,3602.5,1325
2022-10-03 03:00:11,40,-6,3602.0,1319
2022-10-03 03:00:12,12,6,3602.0,1325
2022-10-03 03:00:13,19,13,3602.25,1338
2022-10-03 03:00:14,3,-1,3602.25,1337
2022-10-03 03:00:15,7,-7,3602.25,1330
2022-10-03 03:00:16,67,-3,3602.25,1327
2022-10-03 03:00:17,6,-2,3602.25,1325
2022-10-03 03:00:18,20,-4,3602.5,1321
2022-10-03 03:00:19,44,-10,3602.0,1311
2022-10-03 03:00:20,16,4,3601.5,1315
2022-10-03 03:00:21,25,-11,3601.0,1304
2022-10-03 03:00:22,49,-14,3601.0,1290
2022-10-03 03:00:23,111,-47,3600.0,1243
2022-10-03 03:00:24,54,2,3599.0,1245
2022-10-03 03:00:25,35,4,3599.5,1249
2022-10-03 03:00:26,8,1,3600.0,1250
2022-10-03 03:00:27,118,13,3600.75,1263
2022-10-03 03:00:28,12,-8,3600.75,1255
2022-10-03 03:00:29,11,3,3600.75,1258
2022-10-03 03:00:30,12,-10,3600.75,1248
2022-10-03 03:00:31,10,10,3600.75,1258
2022-10-03 03:00:32,28,8,3601.25,1266
2022-10-03 03:00:34,4,0,3601.0,1266
2022-10-03 03:00:35,20,-11,3601.0,1255
2022-10-03 03:00:36,31,-1,3600.0,1254
2022-10-03 03:00:37,5,-1,3599.75,1253
2022-10-03 03:00:38,27,-14,3600.0,1239
2022-10-03 03:00:39,25,-11,3599.0,1228
2022-10-03 03:00:40,23,-19,3598.75,1209
2022-10-03 03:00:41,22,14,3599.5,1223
2022-10-03 03:00:42,20,-8,3599.5,1215
2022-10-03 03:00:43,11,1,3599.25,1216
2022-10-03 03:00:44,1,1,3599.25,1217
2022-10-03 03:00:45,13,-3,3599.75,1214
2022-10-03 03:00:46,15,9,3600.0,1223
2022-10-03 03:00:47,12,-1,3600.0,1222
2022-10-03 03:00:48,11,1,3600.5,1223
2022-10-03 03:00:49,127,171,3601.75,1394
2022-10-03 03:00:50,26,10,3601.25,1404
2022-10-03 03:00:51,20,-5,3601.5,1399
2022-10-03 03:00:52,20,-4,3601.25,1395
2022-10-03 03:00:53,12,0,3601.25,1395
2022-10-03 03:00:54,26,1,3601.5,1396
2022-10-03 03:00:55,41,-12,3601.5,1384
2022-10-03 03:00:56,4,1,3601.25,1385
2022-10-03 03:00:57,16,6,3601.75,1391
2022-10-03 03:00:58,7,1,3601.75,1392
2022-10-03 03:01:00,46,-3,3602.0,1389
2022-10-03 03:01:01,23,5,3602.0,1394
2022-10-03 03:01:02,16,14,3602.75,1408
2022-10-03 03:01:03,26,18,3603.5,1426
2022-10-03 03:01:04,20,1,3603.75,1427
2022-10-03 03:01:05,19,-1,3603.25,1426
2022-10-03 03:01:06,10,-1,3603.25,1425
2022-10-03 03:01:07,30,-4,3604.0,1421
2022-10-03 03:01:08,13,-3,3604.0,1418
2022-10-03 03:01:09,17,-6,3604.0,1412
2022-10-03 03:01:10,8,2,3603.5,1414
2022-10-03 03:01:11,8,0,3603.25,1414
2022-10-03 03:01:12,8,-4,3603.25,1410
2022-10-03 03:01:13,11,-3,3603.25,1407
2022-10-03 03:01:15,12,3,3603.5,1410
2022-10-03 03:01:16,8,-4,3603.25,1406
2022-10-03 03:01:17,9,-1,3603.25,1405
2022-10-03 03:01:18,9,3,3603.5,1408
2022-10-03 03:01:19,17,-20,3603.25,1388
2022-10-03 03:01:20,11,-3,3603.0,1385
2022-10-03 03:01:21,3,-1,3603.0,1384
2022-10-03 03:01:22,25,-25,3602.75,1359
2022-10-03 03:01:23,9,-6,3602.0,1353
2022-10-03 03:01:24,5,3,3601.5,1356
2022-10-03 03:01:25,17,-1,3601.5,1355
2022-10-03 03:01:26,12,7,3601.5,1362
2022-10-03 03:01:27,9,1,3601.75,1363
2022-10-03 03:01:28,1,-1,3601.25,1362
2022-10-03 03:01:29,2,0,3601.5,1362
2022-10-03 03:01:30,9,7,3601.5,1369
2022-10-03 03:01:31,1,1,3601.5,1370
2022-10-03 03:01:32,13,-1,3601.75,1369
2022-10-03 03:01:33,5,-1,3601.5,1368
2022-10-03 03:01:34,3,-3,3601.25,1365
2022-10-03 03:01:35,16,-11,3601.25,1354
2022-10-03 03:01:36,10,7,3601.75,1361
2022-10-03 03:01:37,26,8,3602.5,1369
2022-10-03 03:01:38,24,13,3602.75,1382
2022-10-03 03:01:39,8,0,3603.25,1382
2022-10-03 03:01:40,20,3,3603.75,1385
2022-10-03 03:01:41,28,-7,3603.75,1378
2022-10-03 03:01:42,7,3,3603.75,1381
2022-10-03 03:01:43,12,-11,3603.5,1370
2022-10-03 03:01:44,12,-3,3603.5,1367
2022-10-03 03:01:45,20,-8,3603.25,1359
2022-10-03 03:01:46,14,-5,3603.0,1354
2022-10-03 03:01:47,4,2,3603.0,1356
2022-10-03 03:01:48,7,0,3603.0,1356
2022-10-03 03:01:50,2,0,3602.75,1356
2022-10-03 03:01:51,7,3,3603.0,1359
2022-10-03 03:01:52,22,-5,3603.0,1354
2022-10-03 03:01:53,5,2,3602.5,1356
2022-10-03 03:01:55,6,6,3602.75,1362
2022-10-03 03:01:56,5,-5,3602.5,1357
2022-10-03 03:01:57,5,-3,3601.75,1354
2022-10-03 03:01:58,1,1,3602.0,1355
2022-10-03 03:01:59,53,-47,3601.75,1308
2022-10-03 03:02:00,49,-2,3601.0,1306
2022-10-03 03:02:01,10,-6,3601.0,1300
2022-10-03 03:02:02,16,-4,3601.0,1296
2022-10-03 03:02:03,27,-13,3600.5,1283
2022-10-03 03:02:04,6,0,3600.25,1283
2022-10-03 03:02:05,14,4,3600.25,1287
2022-10-03 03:02:06,7,4,3600.25,1291
2022-10-03 03:02:07,9,-5,3600.25,1286
2022-10-03 03:02:08,9,3,3600.5,1289
2022-10-03 03:02:09,11,1,3600.0,1290
2022-10-03 03:02:10,3,-3,3600.0,1287
2022-10-03 03:02:11,3,-1,3600.25,1286
2022-10-03 03:02:12,1,-1,3600.0,1285
2022-10-03 03:02:13,19,5,3600.5,1290
2022-10-03 03:02:14,2,-2,3600.25,1288
2022-10-03 03:02:15,8,6,3600.5,1294
2022-10-03 03:02:16,13,-11,3600.5,1283
2022-10-03 03:02:17,7,5,3600.5,1288
2022-10-03 03:02:18,14,8,3600.75,1296
2022-10-03 03:02:19,4,2,3600.75,1298
2022-10-03 03:02:20,7,-1,3600.5,1297
2022-10-03 03:02:21,22,-10,3600.25,1287
2022-10-03 03:02:22,9,-4,3600.25,1283
2022-10-03 03:02:23,24,1,3600.5,1284
2022-10-03 03:02:24,4,0,3600.25,1284
2022-10-03 03:02:25,1,-1,3600.25,1283
2022-10-03 03:02:26,3,-3,3600.0,1280
2022-10-03 03:02:27,15,7,3600.25,1287
2022-10-03 03:02:28,2,0,3600.0,1287
2022-10-03 03:02:29,7,-7,3600.0,1280
2022-10-03 03:02:30,2,0,3600.25,1280
2022-10-03 03:02:31,10,-2,3600.5,1278
2022-10-03 03:02:32,19,5,3601.0,1283
2022-10-03 03:02:33,4,2,3601.0,1285
2022-10-03 03:02:34,13,-1,3600.75,1284
2022-10-03 03:02:35,4,-2,3600.75,1282
2022-10-03 03:02:36,2,-2,3600.25,1280
2022-10-03 03:02:37,5,-1,3599.75,1279
2022-10-03 03:02:38,4,4,3600.25,1283
2022-10-03 03:02:40,21,3,3600.25,1286
2022-10-03 03:02:41,2,-2,3599.75,1284
2022-10-03 03:02:42,17,-9,3599.75,1275
2022-10-03 03:02:43,15,1,3599.5,1276
2022-10-03 03:02:44,21,-7,3599.5,1269
2022-10-03 03:02:45,4,-2,3599.25,1267
2022-10-03 03:02:47,9,-3,3599.25,1264
2022-10-03 03:02:48,2,0,3599.25,1264
2022-10-03 03:02:49,6,1,3599.25,1265
2022-10-03 03:02:50,10,-4,3599.5,1261
2022-10-03 03:02:51,65,-7,3600.5,1254
2022-10-03 03:02:52,18,1,3600.75,1255
2022-10-03 03:02:53,3,3,3600.5,1258
2022-10-03 03:02:54,35,-34,3600.5,1224
2022-10-03 03:02:55,11,1,3599.5,1225
2022-10-03 03:02:56,6,2,3599.5,1227
2022-10-03 03:02:57,4,2,3600.0,1229
2022-10-03 03:02:58,4,0,3600.0,1229
2022-10-03 03:02:59,1,-1,3600.0,1228
2022-10-03 03:03:00,3,-3,3599.75,1225
2022-10-03 03:03:01,12,-1,3599.75,1224
2022-10-03 03:03:02,17,13,3600.5,1237
2022-10-03 03:03:03,4,-2,3600.5,1235
2022-10-03 03:03:04,6,0,3600.5,1235
2022-10-03 03:03:06,17,-7,3600.25,1228
2022-10-03 03:03:07,13,-9,3599.75,1219
2022-10-03 03:03:08,22,6,3600.0,1225
2022-10-03 03:03:09,4,0,3600.0,1225
2022-10-03 03:03:10,5,3,3600.25,1228
2022-10-03 03:03:11,3,3,3600.25,1231
2022-10-03 03:03:12,5,-5,3600.25,1226
2022-10-03 03:03:13,1,1,3600.5,1227
2022-10-03 03:03:14,32,33,3601.5,1260
2022-10-03 03:03:15,2,-2,3601.5,1258
2022-10-03 03:03:16,9,-3,3601.5,1255
2022-10-03 03:03:17,5,-5,3601.5,1250
2022-10-03 03:03:18,1,-1,3601.5,1249
2022-10-03 03:03:19,5,-1,3601.25,1248
2022-10-03 03:03:20,51,24,3601.5,1272
2022-10-03 03:03:21,31,-3,3601.75,1269
2022-10-03 03:03:22,2,2,3601.5,1271
2022-10-03 03:03:24,11,3,3601.25,1274
2022-10-03 03:03:25,4,0,3601.25,1274
2022-10-03 03:03:26,7,0,3601.25,1274
2022-10-03 03:03:27,87,47,3603.5,1321
2022-10-03 03:03:28,8,-4,3603.5,1317
2022-10-03 03:03:29,15,4,3603.75,1321
2022-10-03 03:03:30,16,4,3603.75,1325
2022-10-03 03:03:31,2,2,3603.5,1327
2022-10-03 03:03:32,46,-50,3603.25,1277
2022-10-03 03:03:33,21,-10,3602.75,1267
2022-10-03 03:03:34,7,5,3602.25,1272
2022-10-03 03:03:35,4,2,3602.25,1274
2022-10-03 03:03:36,2,2,3602.75,1276
2022-10-03 03:03:37,14,0,3603.0,1276
2022-10-03 03:03:38,7,1,3602.5,1277
2022-10-03 03:03:40,4,1,3602.75,1278
2022-10-03 03:03:41,3,1,3602.75,1279
2022-10-03 03:03:42,26,-30,3602.5,1249
2022-10-03 03:03:43,7,-6,3602.25,1243
2022-10-03 03:03:44,3,1,3602.25,1244
2022-10-03 03:03:45,14,1,3602.75,1245
2022-10-03 03:03:46,5,3,3602.25,1248
2022-10-03 03:03:47,42,14,3602.5,1262
2022-10-03 03:03:48,12,-11,3602.75,1251
2022-10-03 03:03:49,52,-15,3602.5,1236
2022-10-03 03:03:50,17,11,3602.25,1247
2022-10-03 03:03:51,39,-21,3602.0,1226
2022-10-03 03:03:52,30,4,3601.5,1230
2022-10-03 03:03:53,1,1,3601.5,1231
2022-10-03 03:03:54,4,-3,3601.5,1228
2022-10-03 03:03:56,2,0,3601.5,1228
2022-10-03 03:03:57,9,-4,3601.25,1224
2022-10-03 03:03:58,7,3,3601.5,1227
2022-10-03 03:03:59,2,-2,3601.5,1225
2022-10-03 03:04:00,33,17,3602.0,1242
2022-10-03 03:04:01,19,-11,3602.0,1231
2022-10-03 03:04:02,3,-1,3600.5,1230
2022-10-03 03:04:03,17,-5,3600.5,1225
2022-10-03 03:04:04,10,-1,3600.5,1224
2022-10-03 03:04:05,1,1,3600.5,1225
2022-10-03 03:04:06,9,-3,3600.5,1222
2022-10-03 03:04:07,9,-3,3600.5,1219
2022-10-03 03:04:08,6,6,3600.75,1225
2022-10-03 03:04:09,13,11,3601.5,1236
2022-10-03 03:04:10,7,-3,3601.75,1233
2022-10-03 03:04:11,1,-1,3601.5,1232
2022-10-03 03:04:12,40,16,3602.0,1248
2022-10-03 03:04:13,4,0,3602.25,1248
2022-10-03 03:04:14,6,-4,3602.25,1244
2022-10-03 03:04:15,37,11,3602.5,1255
2022-10-03 03:04:16,5,-1,3602.5,1254
2022-10-03 03:04:17,2,0,3602.5,1254
2022-10-03 03:04:18,4,2,3602.5,1256
2022-10-03 03:04:19,8,-6,3602.0,1250
2022-10-03 03:04:21,2,0,3602.25,1250
2022-10-03 03:04:22,6,-2,3601.75,1248
2022-10-03 03:04:23,1,1,3601.75,1249
2022-10-03 03:04:24,3,3,3602.0,1252
2022-10-03 03:04:25,3,-1,3602.25,1251
2022-10-03 03:04:27,4,4,3602.75,1255
2022-10-03 03:04:28,22,1,3603.25,1256
2022-10-03 03:04:29,6,-1,3603.25,1255
2022-10-03 03:04:31,4,-2,3603.0,1253
2022-10-03 03:04:32,2,2,3603.0,1255
2022-10-03 03:04:33,29,3,3603.25,1258
2022-10-03 03:04:34,14,7,3603.5,1265
2022-10-03 03:04:35,6,0,3603.75,1265
2022-10-03 03:04:36,3,3,3603.75,1268
2022-10-03 03:04:37,31,12,3604.25,1280
2022-10-03 03:04:38,4,-1,3604.25,1279
2022-10-03 03:04:39,9,1,3604.5,1280
2022-10-03 03:04:40,4,0,3604.25,1280
2022-10-03 03:04:41,10,4,3604.5,1284
2022-10-03 03:04:42,1,1,3604.25,1285
2022-10-03 03:04:44,5,-2,3604.0,1283
2022-10-03 03:04:45,6,0,3603.75,1283
2022-10-03 03:04:46,33,26,3604.25,1309
2022-10-03 03:04:47,5,-5,3604.25,1304
2022-10-03 03:04:48,12,-8,3604.25,1296
2022-10-03 03:04:49,4,0,3603.75,1296
2022-10-03 03:04:50,2,2,3603.75,1298
2022-10-03 03:04:53,14,-7,3604.0,1291
2022-10-03 03:04:54,9,5,3603.5,1296
2022-10-03 03:04:55,4,2,3603.75,1298
2022-10-03 03:04:56,5,-5,3603.25,1293
2022-10-03 03:04:57,5,-1,3603.5,1292
2022-10-03 03:04:58,2,2,3603.25,1294
2022-10-03 03:04:59,4,2,3603.25,1296
2022-10-03 03:05:00,25,-3,3603.0,1293
2022-10-03 03:05:01,11,0,3603.0,1293
2022-10-03 03:05:02,68,-66,3603.5,1227
2022-10-03 03:05:03,16,-1,3603.25,1226
2022-10-03 03:05:04,3,1,3603.25,1227
2022-10-03 03:05:06,14,10,3603.5,1237
2022-10-03 03:05:07,5,-5,3603.5,1232
2022-10-03 03:05:08,14,-5,3603.0,1227
2022-10-03 03:05:09,10,6,3602.25,1233
2022-10-03 03:05:10,12,4,3602.75,1237
2022-10-03 03:05:11,17,3,3602.5,1240
2022-10-03 03:05:12,1,-1,3602.25,1239
2022-10-03 03:05:13,26,15,3603.0,1254
2022-10-03 03:05:14,76,-20,3603.75,1234
2022-10-03 03:05:15,2,-2,3603.25,1232
2022-10-03 03:05:16,13,5,3603.0,1237
2022-10-03 03:05:18,83,22,3604.0,1259
2022-10-03 03:05:19,6,-4,3604.25,1255
2022-10-03 03:05:20,16,-5,3604.5,1250
2022-10-03 03:05:21,4,-2,3604.25,1248
2022-10-03 03:05:22,65,45,3605.25,1293
2022-10-03 03:05:23,44,47,3606.0,1340
2022-10-03 03:05:24,77,12,3606.75,1352
2022-10-03 03:05:25,35,17,3606.75,1369
2022-10-03 03:05:26,4,2,3606.5,1371
2022-10-03 03:05:27,9,1,3606.5,1372
2022-10-03 03:05:28,12,-3,3605.75,1369
2022-10-03 03:05:29,3,-1,3605.5,1368
2022-10-03 03:05:30,39,41,3605.75,1409
2022-10-03 03:05:31,3,-1,3605.5,1408
2022-10-03 03:05:32,24,-4,3605.5,1404
2022-10-03 03:05:33,6,4,3606.0,1408
2022-10-03 03:05:34,25,32,3606.25,1440
2022-10-03 03:05:35,16,-8,3606.25,1432
2022-10-03 03:05:36,2,-2,3606.0,1430
2022-10-03 03:05:37,5,-1,3605.75,1429
2022-10-03 03:05:38,13,-5,3605.5,1424
2022-10-03 03:05:39,8,0,3605.75,1424
2022-10-03 03:05:40,14,2,3605.75,1426
2022-10-03 03:05:41,1,-1,3605.75,1425
2022-10-03 03:05:42,12,12,3606.0,1437
2022-10-03 03:05:43,1,1,3606.0,1438
2022-10-03 03:05:44,4,2,3606.0,1440
2022-10-03 03:05:45,5,-5,3605.75,1435
2022-10-03 03:05:46,1,-1,3605.5,1434
2022-10-03 03:05:47,2,2,3605.5,1436
2022-10-03 03:05:49,1,1,3606.0,1437
2022-10-03 03:05:50,17,13,3606.25,1450
2022-10-03 03:05:51,72,50,3607.25,1500
2022-10-03 03:05:52,10,9,3607.5,1509
2022-10-03 03:05:53,9,-5,3607.5,1504
2022-10-03 03:05:54,3,3,3607.25,1507
2022-10-03 03:05:55,10,8,3607.75,1515
2022-10-03 03:05:56,17,-8,3607.5,1507
2022-10-03 03:05:57,48,34,3608.5,1541
2022-10-03 03:05:58,21,1,3608.25,1542
2022-10-03 03:05:59,10,-4,3608.25,1538
2022-10-03 03:06:00,32,9,3608.25,1547
2022-10-03 03:06:01,23,-11,3608.0,1536
2022-10-03 03:06:02,8,-2,3607.25,1534
2022-10-03 03:06:03,6,2,3607.25,1536
2022-10-03 03:06:04,6,2,3607.75,1538
2022-10-03 03:06:05,24,4,3608.0,1542
2022-10-03 03:06:06,8,-2,3607.75,1540
2022-10-03 03:06:07,11,-1,3607.5,1539
2022-10-03 03:06:08,4,2,3607.75,1541
2022-10-03 03:06:09,3,-3,3607.75,1538
2022-10-03 03:06:10,19,4,3607.75,1542
2022-10-03 03:06:11,11,2,3607.5,1544
2022-10-03 03:06:12,68,-51,3607.75,1493
2022-10-03 03:06:13,9,1,3607.75,1494
2022-10-03 03:06:14,5,3,3607.25,1497
2022-10-03 03:06:15,1,-1,3607.0,1496
2022-10-03 03:06:16,37,-10,3607.0,1486
2022-10-03 03:06:17,8,8,3607.0,1494
2022-10-03 03:06:18,26,-8,3607.5,1486
2022-10-03 03:06:19,4,1,3607.25,1487
2022-10-03 03:06:20,6,-4,3607.25,1483
2022-10-03 03:06:21,2,2,3607.5,1485
2022-10-03 03:06:22,9,1,3608.0,1486
2022-10-03 03:06:23,3,3,3607.75,1489
2022-10-03 03:06:24,24,1,3607.75,1490
2022-10-03 03:06:26,59,27,3608.25,1517
2022-10-03 03:06:27,1,1,3608.25,1518
2022-10-03 03:06:28,5,-3,3608.0,1515
2022-10-03 03:06:29,5,5,3608.25,1520
2022-10-03 03:06:30,11,-2,3608.25,1518
2022-10-03 03:06:31,1,-1,3608.0,1517
2022-10-03 03:06:32,9,4,3608.25,1521
2022-10-03 03:06:33,2,-2,3608.25,1519
2022-10-03 03:06:34,5,1,3608.25,1520
2022-10-03 03:06:36,46,52,3608.5,1572
2022-10-03 03:06:37,6,0,3608.5,1572
2022-10-03 03:06:38,8,-2,3608.5,1570
2022-10-03 03:06:39,5,1,3608.25,1571
2022-10-03 03:06:40,36,3,3608.75,1574
2022-10-03 03:06:41,50,27,3609.25,1601
2022-10-03 03:06:42,14,8,3608.5,1609
2022-10-03 03:06:43,25,-13,3608.0,1596
2022-10-03 03:06:44,3,3,3607.0,1599
2022-10-03 03:06:45,62,61,3608.0,1660
2022-10-03 03:06:46,9,5,3608.0,1665
2022-10-03 03:06:47,3,3,3608.5,1668
2022-10-03 03:06:48,17,-5,3608.25,1663
2022-10-03 03:06:49,6,2,3608.5,1665
2022-10-03 03:06:50,9,-3,3608.25,1662
2022-10-03 03:06:51,1,1,3608.5,1663
2022-10-03 03:06:52,8,0,3608.5,1663
2022-10-03 03:06:53,3,-3,3608.5,1660
2022-10-03 03:06:54,1,1,3608.5,1661
2022-10-03 03:06:55,10,-10,3608.25,1651
2022-10-03 03:06:56,7,-3,3608.0,1648
2022-10-03 03:06:57,20,-17,3608.0,1631
2022-10-03 03:06:58,3,3,3608.0,1634
2022-10-03 03:06:59,26,18,3609.0,1652
2022-10-03 03:07:00,15,-6,3609.0,1646
2022-10-03 03:07:01,4,-2,3608.25,1644
2022-10-03 03:07:02,11,4,3608.5,1648
2022-10-03 03:07:03,21,-1,3608.75,1647
2022-10-03 03:07:04,7,4,3609.0,1651
2022-10-03 03:07:05,13,5,3609.5,1656
2022-10-03 03:07:06,6,5,3609.5,1661
2022-10-03 03:07:07,24,-5,3609.25,1656
2022-10-03 03:07:08,19,0,3608.5,1656
2022-10-03 03:07:09,11,6,3608.75,1662
2022-10-03 03:07:10,6,4,3609.25,1666
2022-10-03 03:07:11,10,4,3609.75,1670
2022-10-03 03:07:12,9,-3,3609.75,1667
2022-10-03 03:07:13,19,5,3609.25,1672
2022-10-03 03:07:14,38,-3,3609.25,1669
2022-10-03 03:07:15,32,25,3609.5,1694
2022-10-03 03:07:16,4,4,3609.5,1698
2022-10-03 03:07:17,6,4,3609.5,1702
2022-10-03 03:07:18,29,12,3609.75,1714
2022-10-03 03:07:19,17,-12,3609.75,1702
2022-10-03 03:07:20,20,13,3610.0,1715
2022-10-03 03:07:21,10,-8,3609.75,1707
2022-10-03 03:07:22,1,1,3609.75,1708
2022-10-03 03:07:23,37,19,3610.0,1727
2022-10-03 03:07:24,81,78,3610.75,1805
2022-10-03 03:07:25,17,-8,3610.5,1797
2022-10-03 03:07:26,5,4,3610.0,1801
2022-10-03 03:07:28,12,-8,3610.25,1793
2022-10-03 03:07:29,23,11,3610.75,1804
2022-10-03 03:07:30,7,1,3610.5,1805
2022-10-03 03:07:31,38,19,3611.0,1824
2022-10-03 03:07:32,55,-13,3611.25,1811
2022-10-03 03:07:33,20,10,3611.0,1821
2022-10-03 03:07:34,12,2,3611.0,1823
2022-10-03 03:07:35,19,-6,3610.75,1817
2022-10-03 03:07:36,6,4,3610.75,1821
2022-10-03 03:07:37,4,-2,3610.5,1819
2022-10-03 03:07:38,19,-4,3611.0,1815
2022-10-03 03:07:39,3,1,3611.25,1816
2022-10-03 03:07:40,28,7,3611.5,1823
2022-10-03 03:07:41,20,2,3611.5,1825
2022-10-03 03:07:42,1,1,3611.5,1826
2022-10-03 03:07:44,8,6,3611.5,1832
2022-10-03 03:07:45,285,253,3613.0,2085
2022-10-03 03:07:46,13,-6,3612.0,2079
2022-10-03 03:07:47,42,-20,3611.75,2059
2022-10-03 03:07:48,1,1,3611.5,2060
2022-10-03 03:07:49,9,5,3611.75,2065
2022-10-03 03:07:50,18,-2,3611.5,2063
2022-10-03 03:07:51,18,9,3611.75,2072
2022-10-03 03:07:52,14,7,3612.0,2079
2022-10-03 03:07:53,11,-1,3612.25,2078
2022-10-03 03:07:54,30,-27,3612.0,2051
2022-10-03 03:07:55,31,-4,3611.75,2047
2022-10-03 03:07:56,3,-3,3611.25,2044
2022-10-03 03:07:57,35,-6,3611.5,2038
2022-10-03 03:07:58,17,9,3611.25,2047
2022-10-03 03:08:00,37,1,3611.5,2048
2022-10-03 03:08:01,38,-25,3611.25,2023
2022-10-03 03:08:02,32,5,3610.5,2028
2022-10-03 03:08:03,26,-11,3610.25,2017
2022-10-03 03:08:04,9,-1,3610.25,2016
2022-10-03 03:08:05,34,6,3610.25,2022
2022-10-03 03:08:06,11,-3,3610.25,2019
2022-10-03 03:08:07,3,1,3610.0,2020
2022-10-03 03:08:08,16,10,3610.0,2030
2022-10-03 03:08:09,9,4,3610.25,2034
2022-10-03 03:08:10,2,0,3610.25,2034
2022-10-03 03:08:11,6,0,3610.5,2034
2022-10-03 03:08:14,14,4,3610.25,2038
2022-10-03 03:08:15,8,-6,3610.0,2032
2022-10-03 03:08:16,30,-16,3610.0,2016
2022-10-03 03:08:17,7,5,3609.75,2021
2022-10-03 03:08:18,31,9,3610.25,2030
2022-10-03 03:08:19,1,-1,3610.0,2029
2022-10-03 03:08:20,10,-4,3610.0,2025
2022-10-03 03:08:21,2,2,3609.75,2027
2022-10-03 03:08:22,18,6,3609.75,2033
2022-10-03 03:08:23,10,0,3610.0,2033
2022-10-03 03:08:24,25,17,3610.5,2050
2022-10-03 03:08:25,6,6,3610.25,2056
2022-10-03 03:08:26,17,-7,3610.5,2049
2022-10-03 03:08:27,15,-1,3610.0,2048
2022-10-03 03:08:28,5,-1,3610.0,2047
2022-10-03 03:08:29,1,1,3610.0,2048
2022-10-03 03:08:30,17,-5,3609.75,2043
2022-10-03 03:08:31,19,3,3609.75,2046
2022-10-03 03:08:32,4,0,3610.0,2046
2022-10-03 03:08:33,4,0,3610.0,2046
2022-10-03 03:08:34,7,-5,3610.0,2041
2022-10-03 03:08:35,1,-1,3609.75,2040
2022-10-03 03:08:36,9,-3,3609.5,2037
2022-10-03 03:08:38,31,-27,3609.25,2010
2022-10-03 03:08:39,13,1,3608.75,2011
2022-10-03 03:08:40,53,-47,3609.0,1964
2022-10-03 03:08:41,7,1,3609.0,1965
2022-10-03 03:08:42,12,6,3609.0,1971
2022-10-03 03:08:43,10,-6,3608.75,1965
2022-10-03 03:08:44,71,-57,3608.5,1908
2022-10-03 03:08:45,30,-2,3607.5,1906
2022-10-03 03:08:46,20,12,3607.75,1918
2022-10-03 03:08:47,11,1,3607.5,1919
2022-10-03 03:08:48,5,1,3607.5,1920
2022-10-03 03:08:49,13,1,3607.5,1921
2022-10-03 03:08:50,6,-4,3607.25,1917
2022-10-03 03:08:51,3,3,3607.5,1920
2022-10-03 03:08:52,12,7,3607.5,1927
2022-10-03 03:08:53,22,8,3607.5,1935
2022-10-03 03:08:55,21,-6,3607.0,1929
2022-10-03 03:08:56,10,8,3607.0,1937
2022-10-03 03:08:57,13,4,3607.0,1941
2022-10-03 03:08:58,95,-5,3606.75,1936
2022-10-03 03:08:59,8,5,3607.0,1941
2022-10-03 03:09:00,5,1,3606.75,1942
2022-10-03 03:09:01,21,11,3607.25,1953
2022-10-03 03:09:02,5,-1,3607.0,1952
2022-10-03 03:09:03,9,0,3606.75,1952
2022-10-03 03:09:04,18,6,3606.75,1958
2022-10-03 03:09:05,9,1,3606.5,1959
2022-10-03 03:09:06,3,0,3606.75,1959
2022-10-03 03:09:07,4,0,3607.0,1959
2022-10-03 03:09:08,4,-4,3606.75,1955
2022-10-03 03:09:09,5,-1,3606.5,1954
2022-10-03 03:09:10,5,1,3606.5,1955
2022-10-03 03:09:11,7,1,3606.5,1956
2022-10-03 03:09:12,7,-3,3606.25,1953
2022-10-03 03:09:13,5,5,3606.25,1958
2022-10-03 03:09:14,6,4,3606.0,1962
2022-10-03 03:09:15,37,-11,3606.0,1951
2022-10-03 03:09:16,16,-12,3605.5,1939
2022-10-03 03:09:17,165,-35,3605.25,1904
2022-10-03 03:09:18,43,-16,3604.5,1888
2022-10-03 03:09:19,18,5,3604.25,1893
2022-10-03 03:09:20,4,0,3604.0,1893
2022-10-03 03:09:21,15,6,3604.25,1899
2022-10-03 03:09:22,25,-10,3603.75,1889
2022-10-03 03:09:23,33,8,3603.25,1897
2022-10-03 03:09:24,37,-15,3603.0,1882
2022-10-03 03:09:25,29,-1,3602.5,1881
2022-10-03 03:09:26,44,-9,3602.25,1872
2022-10-03 03:09:27,31,4,3602.5,1876
2022-10-03 03:09:28,70,72,3603.0,1948
2022-10-03 03:09:29,14,3,3602.75,1951
2022-10-03 03:09:30,27,-12,3602.75,1939
2022-10-03 03:09:31,30,-2,3602.5,1937
2022-10-03 03:09:32,7,5,3602.0,1942
2022-10-03 03:09:33,40,30,3602.5,1972
2022-10-03 03:09:34,13,6,3602.5,1978
2022-10-03 03:09:35,21,-6,3602.0,1972
2022-10-03 03:09:36,7,-3,3602.0,1969
2022-10-03 03:09:37,41,24,3602.25,1993
2022-10-03 03:09:38,14,2,3602.5,1995
2022-10-03 03:09:39,8,-2,3602.0,1993
2022-10-03 03:09:40,15,12,3602.25,2005
2022-10-03 03:09:41,17,-5,3602.0,2000
2022-10-03 03:09:43,7,-1,3602.0,1999
2022-10-03 03:09:44,2,2,3602.0,2001
2022-10-03 03:09:45,25,13,3602.75,2014
2022-10-03 03:09:46,9,3,3603.0,2017
2022-10-03 03:09:47,37,-37,3602.75,1980
2022-10-03 03:09:48,6,6,3602.75,1986
2022-10-03 03:09:49,9,-3,3602.75,1983
2022-10-03 03:09:50,35,20,3603.25,2003
2022-10-03 03:09:51,9,-5,3603.25,1998
2022-10-03 03:09:52,11,1,3603.25,1999
2022-10-03 03:09:53,2,0,3603.25,1999
2022-10-03 03:09:54,34,-7,3603.75,1992
2022-10-03 03:09:55,2,0,3603.0,1992
2022-10-03 03:09:56,6,0,3603.0,1992
2022-10-03 03:09:57,5,1,3603.5,1993
2022-10-03 03:09:58,6,1,3603.25,1994
2022-10-03 03:09:59,9,7,3603.5,2001
2022-10-03 03:10:00,25,-10,3603.5,1991
2022-10-03 03:10:01,15,-5,3603.25,1986
2022-10-03 03:10:02,36,-1,3603.75,1985
2022-10-03 03:10:03,11,3,3603.75,1988
2022-10-03 03:10:04,11,1,3603.5,1989
2022-10-03 03:10:05,22,-2,3603.75,1987
2022-10-03 03:10:06,6,1,3603.75,1988
2022-10-03 03:10:07,3,-3,3603.75,1985
2022-10-03 03:10:08,12,-4,3603.25,1981
2022-10-03 03:10:09,1,-1,3603.25,1980
2022-10-03 03:10:10,8,-4,3603.25,1976
2022-10-03 03:10:11,7,3,3603.25,1979
2022-10-03 03:10:12,11,11,3604.0,1990
2022-10-03 03:10:13,2,2,3603.75,1992
2022-10-03 03:10:14,14,-7,3603.5,1985
2022-10-03 03:10:15,27,0,3603.75,1985
2022-10-03 03:10:16,2,2,3603.75,1987
2022-10-03 03:10:17,2,-1,3603.5,1986
2022-10-03 03:10:18,9,-9,3603.75,1977
2022-10-03 03:10:19,3,-1,3603.75,1976
2022-10-03 03:10:20,5,5,3604.0,1981
2022-10-03 03:10:21,7,-5,3603.75,1976
2022-10-03 03:10:22,6,-8,3603.5,1968
2022-10-03 03:10:23,2,-2,3603.0,1966
2022-10-03 03:10:24,38,-26,3602.75,1940
2022-10-03 03:10:25,8,-4,3602.0,1936
2022-10-03 03:10:26,8,2,3601.75,1938
2022-10-03 03:10:27,13,5,3602.0,1943
2022-10-03 03:10:28,5,5,3602.0,1948
2022-10-03 03:10:30,2,2,3602.0,1950
2022-10-03 03:10:31,14,2,3602.25,1952
2022-10-03 03:10:32,16,2,3602.75,1954
2022-10-03 03:10:33,8,7,3603.25,1961
2022-10-03 03:10:34,6,0,3603.0,1961
2022-10-03 03:10:36,5,5,3603.0,1966
2022-10-03 03:10:37,12,0,3603.0,1966
2022-10-03 03:10:38,8,-1,3603.25,1965
2022-10-03 03:10:39,3,-1,3603.25,1964
2022-10-03 03:10:41,15,-5,3602.75,1959
2022-10-03 03:10:42,14,4,3603.0,1963
2022-10-03 03:10:43,1,1,3603.0,1964
2022-10-03 03:10:44,6,-6,3603.0,1958
2022-10-03 03:10:45,1,-1,3602.75,1957
2022-10-03 03:10:46,10,8,3602.75,1965
2022-10-03 03:10:47,4,1,3603.0,1966
2022-10-03 03:10:48,6,-6,3602.5,1960
2022-10-03 03:10:49,17,13,3602.75,1973
2022-10-03 03:10:50,9,-5,3602.75,1968
2022-10-03 03:10:51,3,1,3602.5,1969
2022-10-03 03:10:52,2,-2,3602.25,1967
2022-10-03 03:10:53,5,1,3602.25,1968
2022-10-03 03:10:54,1,-1,3602.25,1967
2022-10-03 03:10:55,77,-46,3602.5,1921
2022-10-03 03:10:56,37,-17,3601.0,1904
2022-10-03 03:10:57,18,1,3600.75,1905
2022-10-03 03:10:58,10,-3,3600.75,1902
2022-10-03 03:10:59,21,-2,3600.25,1900
2022-10-03 03:11:00,11,-1,3600.5,1899
2022-10-03 03:11:01,44,-11,3600.25,1888
2022-10-03 03:11:02,14,0,3599.75,1888
2022-10-03 03:11:03,3,-1,3599.75,1887
2022-10-03 03:11:04,10,-2,3599.5,1885
2022-10-03 03:11:05,28,2,3599.75,1887
2022-10-03 03:11:06,55,27,3599.5,1914
2022-10-03 03:11:07,15,7,3600.0,1921
2022-10-03 03:11:08,18,9,3600.5,1930
2022-10-03 03:11:09,4,-2,3599.75,1928
2022-10-03 03:11:10,19,-9,3599.75,1919
2022-10-03 03:11:11,6,-3,3599.5,1916
2022-10-03 03:11:12,18,4,3600.0,1920
2022-10-03 03:11:13,1,-1,3599.75,1919
2022-10-03 03:11:14,5,-1,3599.5,1918
2022-10-03 03:11:15,45,20,3600.0,1938
2022-10-03 03:11:16,19,6,3600.25,1944
2022-10-03 03:11:17,1,-1,3600.0,1943
2022-10-03 03:11:18,15,9,3600.5,1952
2022-10-03 03:11:19,9,0,3600.5,1952
2022-10-03 03:11:20,4,0,3600.0,1952
2022-10-03 03:11:21,8,-2,3600.5,1950
2022-10-03 03:11:22,2,-2,3600.0,1948
2022-10-03 03:11:23,35,-17,3600.0,1931
2022-10-03 03:11:24,7,1,3599.25,1932
2022-10-03 03:11:25,3,-1,3599.5,1931
2022-10-03 03:11:26,9,1,3599.5,1932
2022-10-03 03:11:28,39,46,3600.0,1978
2022-10-03 03:11:29,5,-3,3599.75,1975
2022-10-03 03:11:30,19,3,3599.75,1978
2022-10-03 03:11:31,5,-1,3599.75,1977
2022-10-03 03:11:32,1,1,3599.75,1978
2022-10-03 03:11:33,1,1,3599.75,1979
2022-10-03 03:11:34,7,-5,3599.5,1974
2022-10-03 03:11:35,32,17,3600.5,1991
2022-10-03 03:11:37,21,1,3600.25,1992
2022-10-03 03:11:38,76,-58,3599.25,1934
2022-10-03 03:11:39,17,-5,3599.0,1929
2022-10-03 03:11:40,10,8,3599.25,1937
2022-10-03 03:11:41,5,0,3599.25,1937
2022-10-03 03:11:42,3,3,3599.0,1940
2022-10-03 03:11:43,10,6,3599.5,1946
2022-10-03 03:11:44,15,-10,3599.25,1936
2022-10-03 03:11:45,9,5,3598.75,1941
2022-10-03 03:11:46,16,3,3599.0,1944
2022-10-03 03:11:47,4,-2,3598.75,1942
2022-10-03 03:11:48,34,-22,3598.5,1920
2022-10-03 03:11:49,5,1,3597.5,1921
2022-10-03 03:11:50,10,-6,3597.75,1915
2022-10-03 03:11:51,19,-13,3597.75,1902
2022-10-03 03:11:52,11,-1,3597.5,1901
2022-10-03 03:11:53,9,1,3597.5,1902
2022-10-03 03:11:54,21,-8,3597.75,1894
2022-10-03 03:11:55,45,3,3597.5,1897
2022-10-03 03:11:56,7,-3,3597.5,1894
2022-10-03 03:11:57,3,-1,3597.5,1893
2022-10-03 03:11:58,1,-1,3597.25,1892
2022-10-03 03:11:59,12,0,3597.25,1892
2022-10-03 03:12:00,114,-67,3597.0,1825
2022-10-03 03:12:01,29,3,3596.25,1828
2022-10-03 03:12:02,14,8,3596.75,1836
2022-10-03 03:12:03,3,1,3596.75,1837
2022-10-03 03:12:04,348,-229,3596.5,1608
2022-10-03 03:12:05,39,17,3594.0,1625
2022-10-03 03:12:06,248,24,3594.0,1649
2022-10-03 03:12:07,25,2,3594.0,1651
2022-10-03 03:12:08,38,-7,3593.5,1644
2022-10-03 03:12:09,9,5,3593.5,1649
2022-10-03 03:12:10,18,-10,3593.25,1639
2022-10-03 03:12:11,26,-11,3593.25,1628
2022-10-03 03:12:12,10,6,3593.25,1634
2022-10-03 03:12:13,20,-5,3593.0,1629
2022-10-03 03:12:14,13,1,3593.0,1630
2022-10-03 03:12:15,11,-4,3593.25,1626
2022-10-03 03:12:16,17,6,3593.75,1632
2022-10-03 03:12:17,11,-7,3593.5,1625
2022-10-03 03:12:18,36,11,3594.75,1636
2022-10-03 03:12:19,26,4,3594.75,1640
2022-10-03 03:12:20,9,1,3594.5,1641
2022-10-03 03:12:21,8,0,3594.25,1641
2022-10-03 03:12:22,23,-10,3594.25,1631
2022-10-03 03:12:23,4,4,3594.5,1635
2022-10-03 03:12:24,59,-4,3594.75,1631
2022-10-03 03:12:25,1,-1,3594.5,1630
2022-10-03 03:12:26,20,6,3595.0,1636
2022-10-03 03:12:27,73,20,3595.5,1656
2022-10-03 03:12:28,28,-2,3595.75,1654
2022-10-03 03:12:29,24,-8,3596.0,1646
2022-10-03 03:12:30,8,0,3595.75,1646
2022-10-03 03:12:31,16,5,3596.0,1651
2022-10-03 03:12:32,5,1,3596.0,1652
2022-10-03 03:12:33,16,2,3595.75,1654
2022-10-03 03:12:34,17,3,3595.75,1657
2022-10-03 03:12:35,1,1,3595.75,1658
2022-10-03 03:12:36,8,6,3595.75,1664
2022-10-03 03:12:37,2,0,3596.0,1664
2022-10-03 03:12:38,20,-2,3596.0,1662
2022-10-03 03:12:39,7,-3,3595.75,1659
2022-10-03 03:12:40,19,-10,3595.75,1649
2022-10-03 03:12:41,16,-2,3595.5,1647
2022-10-03 03:12:42,17,3,3595.5,1650
2022-10-03 03:12:43,7,-3,3595.25,1647
2022-10-03 03:12:44,26,23,3595.75,1670
2022-10-03 03:12:45,20,12,3595.75,1682
2022-10-03 03:12:46,2,0,3595.75,1682
2022-10-03 03:12:48,25,0,3595.75,1682
2022-10-03 03:12:49,37,-9,3595.75,1673
2022-10-03 03:12:50,9,-5,3595.5,1668
2022-10-03 03:12:51,1,1,3595.5,1669
2022-10-03 03:12:52,103,-24,3595.0,1645
2022-10-03 03:12:53,13,3,3595.25,1648
2022-10-03 03:12:54,19,-8,3595.5,1640
2022-10-03 03:12:55,38,-15,3595.5,1625
2022-10-03 03:12:56,13,4,3595.25,1629
2022-10-03 03:12:57,11,-7,3595.0,1622
2022-10-03 03:12:58,5,-1,3594.75,1621
2022-10-03 03:12:59,12,8,3595.25,1629
2022-10-03 03:13:00,36,1,3595.5,1630
2022-10-03 03:13:01,53,17,3596.0,1647
2022-10-03 03:13:02,366,203,3597.75,1850
2022-10-03 03:13:03,11,2,3597.25,1852
2022-10-03 03:13:04,61,13,3597.75,1865
2022-10-03 03:13:05,29,-4,3598.0,1861
2022-10-03 03:13:06,25,-12,3597.75,1849
2022-10-03 03:13:07,6,-2,3597.5,1847
2022-10-03 03:13:08,8,4,3597.25,1851
2022-10-03 03:13:09,29,18,3597.5,1869
2022-10-03 03:13:11,37,17,3597.75,1886
2022-10-03 03:13:12,4,-1,3597.5,1885
2022-10-03 03:13:13,18,11,3597.5,1896
2022-10-03 03:13:14,13,8,3597.5,1904
2022-10-03 03:13:15,4,3,3597.75,1907
2022-10-03 03:13:16,48,13,3598.0,1920
2022-10-03 03:13:17,17,-12,3598.0,1908
2022-10-03 03:13:18,6,-2,3597.5,1906
2022-10-03 03:13:19,2,0,3597.5,1906
2022-10-03 03:13:20,17,-2,3597.25,1904
2022-10-03 03:13:21,8,-4,3597.0,1900
2022-10-03 03:13:22,23,3,3597.0,1903
2022-10-03 03:13:23,7,-3,3596.75,1900
2022-10-03 03:13:24,2,0,3596.75,1900
2022-10-03 03:13:25,1,1,3596.75,1901
2022-10-03 03:13:26,6,2,3596.75,1903
2022-10-03 03:13:27,29,-13,3596.75,1890
2022-10-03 03:13:28,35,-10,3596.25,1880
2022-10-03 03:13:29,61,-31,3596.25,1849
2022-10-03 03:13:30,3,-1,3596.25,1848
2022-10-03 03:13:31,13,-9,3596.0,1839
2022-10-03 03:13:32,3,3,3595.75,1842
2022-10-03 03:13:33,1,-1,3595.75,1841
2022-10-03 03:13:34,18,2,3595.75,1843
2022-10-03 03:13:35,9,3,3595.75,1846
2022-10-03 03:13:36,21,-5,3595.75,1841
2022-10-03 03:13:37,2,0,3595.75,1841
2022-10-03 03:13:38,2,-2,3595.5,1839
2022-10-03 03:13:39,4,4,3595.75,1843
2022-10-03 03:13:40,14,7,3595.75,1850
2022-10-03 03:13:41,1,-1,3595.5,1849
2022-10-03 03:13:42,40,5,3595.5,1854
2022-10-03 03:13:43,9,-1,3595.25,1853
2022-10-03 03:13:44,33,10,3596.0,1863
2022-10-03 03:13:45,3,-1,3595.75,1862
2022-10-03 03:13:46,16,3,3596.0,1865
2022-10-03 03:13:47,24,-17,3596.0,1848
2022-10-03 03:13:48,14,6,3595.5,1854
2022-10-03 03:13:49,45,14,3595.5,1868
2022-10-03 03:13:50,9,3,3595.5,1871
2022-10-03 03:13:51,82,9,3597.0,1880
2022-10-03 03:13:52,117,119,3597.75,1999
2022-10-03 03:13:53,7,-5,3597.75,1994
2022-10-03 03:13:54,5,-1,3597.5,1993
2022-10-03 03:13:55,46,6,3599.25,1999
2022-10-03 03:13:56,22,-21,3599.5,1978
2022-10-03 03:13:57,35,14,3599.5,1992
2022-10-03 03:13:58,10,-6,3599.5,1986
2022-10-03 03:13:59,16,-2,3598.5,1984
2022-10-03 03:14:00,18,-2,3598.5,1982
2022-10-03 03:14:01,15,6,3598.25,1988
2022-10-03 03:14:02,14,5,3598.0,1993
2022-10-03 03:14:03,6,2,3598.25,1995
2022-10-03 03:14:04,9,-4,3598.0,1991
2022-10-03 03:14:05,19,11,3598.25,2002
2022-10-03 03:14:06,30,26,3599.0,2028
2022-10-03 03:14:07,28,23,3599.25,2051
2022-10-03 03:14:08,5,-1,3599.0,2050
2022-10-03 03:14:09,1,-1,3599.0,2049
2022-10-03 03:14:10,4,-2,3599.25,2047
2022-10-03 03:14:12,12,4,3599.25,2051
2022-10-03 03:14:13,15,7,3599.75,2058
2022-10-03 03:14:14,11,-6,3599.5,2052
2022-10-03 03:14:15,9,1,3599.75,2053
2022-10-03 03:14:16,60,11,3600.0,2064
2022-10-03 03:14:17,8,6,3600.25,2070
2022-10-03 03:14:18,13,-7,3600.25,2063
2022-10-03 03:14:20,12,2,3600.0,2065
2022-10-03 03:14:21,1,1,3600.25,2066
2022-10-03 03:14:22,4,-4,3600.0,2062
2022-10-03 03:14:23,13,4,3600.25,2066
2022-10-03 03:14:24,3,-3,3599.75,2063
2022-10-03 03:14:25,2,2,3599.75,2065
2022-10-03 03:14:26,10,-3,3600.0,2062
2022-10-03 03:14:27,2,2,3600.25,2064
2022-10-03 03:14:28,21,14,3601.0,2078
2022-10-03 03:14:29,19,-3,3600.5,2075
2022-10-03 03:14:30,3,1,3600.25,2076
2022-10-03 03:14:31,6,4,3600.5,2080
2022-10-03 03:14:32,9,-1,3600.75,2079
2022-10-03 03:14:33,6,-2,3600.75,2077
2022-10-03 03:14:34,38,10,3601.25,2087
2022-10-03 03:14:35,6,-2,3601.25,2085
2022-10-03 03:14:36,4,4,3601.25,2089
2022-10-03 03:14:37,13,1,3601.5,2090
2022-10-03 03:14:38,6,6,3601.5,2096
2022-10-03 03:14:39,4,0,3601.5,2096
2022-10-03 03:14:40,8,6,3601.75,2102
2022-10-03 03:14:41,8,1,3601.75,2103
2022-10-03 03:14:42,8,-2,3601.5,2101
2022-10-03 03:14:43,9,1,3601.5,2102
2022-10-03 03:14:44,25,-21,3601.5,2081
2022-10-03 03:14:45,18,4,3600.5,2085
2022-10-03 03:14:46,21,-7,3600.5,2078
2022-10-03 03:14:47,2,-2,3600.5,2076
2022-10-03 03:14:48,33,-9,3600.5,2067
2022-10-03 03:14:49,27,2,3600.25,2069
2022-10-03 03:14:50,5,-3,3600.25,2066
2022-10-03 03:14:51,1,-1,3600.0,2065
2022-10-03 03:14:52,5,1,3600.0,2066
2022-10-03 03:14:53,28,-7,3600.25,2059
2022-10-03 03:14:54,10,2,3600.5,2061
2022-10-03 03:14:55,50,-50,3600.25,2011
2022-10-03 03:14:56,2,0,3600.25,2011
2022-10-03 03:14:57,16,8,3600.5,2019
2022-10-03 03:14:58,14,4,3601.0,2023
2022-10-03 03:14:59,4,4,3600.5,2027
2022-10-03 03:15:00,14,0,3600.75,2027
2022-10-03 03:15:01,6,-3,3600.25,2024
2022-10-03 03:15:02,51,-5,3599.75,2019
2022-10-03 03:15:03,16,6,3599.5,2025
2022-10-03 03:15:04,9,0,3599.25,2025
2022-10-03 03:15:05,13,-5,3599.25,2020
2022-10-03 03:15:06,47,-13,3599.25,2007
2022-10-03 03:15:07,16,0,3599.25,2007
2022-10-03 03:15:08,9,-3,3599.25,2004
2022-10-03 03:15:09,33,17,3600.75,2021
2022-10-03 03:15:10,29,21,3601.75,2042
2022-10-03 03:15:11,33,5,3602.0,2047
2022-10-03 03:15:12,13,-1,3601.5,2046
2022-10-03 03:15:13,6,0,3601.5,2046
2022-10-03 03:15:14,12,0,3602.0,2046
2022-10-03 03:15:15,13,-2,3601.75,2044
2022-10-03 03:15:16,4,2,3601.75,2046
2022-10-03 03:15:17,9,7,3602.25,2053
2022-10-03 03:15:18,5,-1,3602.25,2052
2022-10-03 03:15:19,17,9,3602.5,2061
2022-10-03 03:15:20,25,2,3602.5,2063
2022-10-03 03:15:21,25,25,3603.0,2088
2022-10-03 03:15:22,15,3,3602.5,2091
2022-10-03 03:15:23,7,1,3602.25,2092
2022-10-03 03:15:24,4,0,3602.25,2092
2022-10-03 03:15:25,1,1,3602.25,2093
2022-10-03 03:15:26,9,3,3602.25,2096
2022-10-03 03:15:27,17,-7,3602.0,2089
2022-10-03 03:15:28,18,9,3602.25,2098
2022-10-03 03:15:29,8,8,3602.5,2106
2022-10-03 03:15:30,8,0,3602.5,2106
2022-10-03 03:15:31,6,4,3602.75,2110
2022-10-03 03:15:32,6,0,3602.75,2110
2022-10-03 03:15:33,7,7,3602.75,2117
2022-10-03 03:15:34,9,1,3602.75,2118
2022-10-03 03:15:35,24,8,3603.25,2126
2022-10-03 03:15:36,14,-4,3603.25,2122
2022-10-03 03:15:37,10,-2,3602.75,2120
2022-10-03 03:15:38,19,-9,3603.25,2111
2022-10-03 03:15:40,11,-1,3603.25,2110
2022-10-03 03:15:41,29,-17,3603.25,2093
2022-10-03 03:15:42,41,20,3604.0,2113
2022-10-03 03:15:43,8,2,3604.0,2115
2022-10-03 03:15:44,12,5,3603.75,2120
2022-10-03 03:15:45,17,3,3603.75,2123
2022-10-03 03:15:46,12,-5,3603.5,2118
2022-10-03 03:15:47,1,1,3603.75,2119
2022-10-03 03:15:48,13,1,3604.0,2120
2022-10-03 03:15:49,3,1,3603.75,2121
2022-10-03 03:15:50,32,-10,3603.75,2111
2022-10-03 03:15:51,43,33,3604.5,2144
2022-10-03 03:15:52,4,-1,3604.5,2143
2022-10-03 03:15:53,8,-2,3604.25,2141
2022-10-03 03:15:54,4,4,3604.0,2145
2022-10-03 03:15:55,12,7,3604.25,2152
2022-10-03 03:15:56,6,0,3604.0,2152
2022-10-03 03:15:57,9,2,3603.75,2154
2022-10-03 03:15:58,30,18,3604.0,2172
2022-10-03 03:15:59,4,4,3604.0,2176
2022-10-03 03:16:00,36,-3,3604.0,2173
2022-10-03 03:16:01,19,-3,3603.25,2170
2022-10-03 03:16:02,35,-3,3603.25,2167
2022-10-03 03:16:03,10,0,3603.0,2167
2022-10-03 03:16:04,15,-4,3603.0,2163
2022-10-03 03:16:05,15,-2,3603.0,2161
2022-10-03 03:16:06,33,-7,3602.25,2154
2022-10-03 03:16:07,31,10,3602.75,2164
2022-10-03 03:16:08,14,-10,3602.25,2154
2022-10-03 03:16:09,21,0,3602.5,2154
2022-10-03 03:16:10,17,10,3602.75,2164
2022-10-03 03:16:11,6,-2,3603.0,2162
2022-10-03 03:16:12,19,15,3603.75,2177
2022-10-03 03:16:13,8,8,3604.25,2185
2022-10-03 03:16:14,5,3,3604.25,2188
2022-10-03 03:16:15,20,7,3604.25,2195
2022-10-03 03:16:16,143,47,3605.0,2242
2022-10-03 03:16:17,8,2,3605.25,2244
2022-10-03 03:16:18,6,-2,3605.0,2242
2022-10-03 03:16:19,7,-3,3605.0,2239
2022-10-03 03:16:20,8,2,3604.75,2241
2022-10-03 03:16:21,15,8,3604.75,2249
2022-10-03 03:16:22,127,-32,3604.75,2217
2022-10-03 03:16:23,29,-14,3603.75,2203
2022-10-03 03:16:24,38,27,3604.5,2230
2022-10-03 03:16:25,21,-10,3604.5,2220
2022-10-03 03:16:26,17,-9,3604.25,2211
2022-10-03 03:16:27,12,7,3604.5,2218
2022-10-03 03:16:28,47,59,3604.75,2277
2022-10-03 03:16:29,2,-2,3604.25,2275
2022-10-03 03:16:30,7,-4,3604.25,2271
2022-10-03 03:16:31,87,39,3605.0,2310
2022-10-03 03:16:32,8,8,3605.25,2318
2022-10-03 03:16:33,13,-6,3605.25,2312
2022-10-03 03:16:34,15,3,3605.25,2315
2022-10-03 03:16:35,11,5,3605.25,2320
2022-10-03 03:16:36,11,9,3605.0,2329
2022-10-03 03:16:37,4,1,3605.25,2330
2022-10-03 03:16:38,9,-3,3605.0,2327
2022-10-03 03:16:39,1,-1,3604.75,2326
2022-10-03 03:16:40,1,-1,3604.75,2325
2022-10-03 03:16:41,8,3,3605.0,2328
2022-10-03 03:16:42,9,7,3605.0,2335
2022-10-03 03:16:43,14,-8,3605.0,2327
2022-10-03 03:16:44,6,-1,3605.0,2326
2022-10-03 03:16:45,3,1,3605.25,2327
2022-10-03 03:16:46,9,4,3605.25,2331
2022-10-03 03:16:48,6,0,3605.5,2331
2022-10-03 03:16:49,132,32,3605.5,2363
2022-10-03 03:16:50,24,6,3605.75,2369
2022-10-03 03:16:51,80,42,3606.5,2411
2022-10-03 03:16:52,13,-8,3606.25,2403
2022-10-03 03:16:53,8,8,3606.25,2411
2022-10-03 03:16:54,13,3,3606.25,2414
2022-10-03 03:16:55,13,9,3606.25,2423
2022-10-03 03:16:56,18,-10,3606.5,2413
2022-10-03 03:16:57,55,-31,3606.25,2382
2022-10-03 03:16:58,28,33,3606.0,2415
2022-10-03 03:16:59,20,-4,3606.0,2411
2022-10-03 03:17:00,19,-5,3605.75,2406
2022-10-03 03:17:01,45,20,3606.25,2426
2022-10-03 03:17:02,3,1,3606.25,2427
2022-10-03 03:17:03,8,2,3606.0,2429
2022-10-03 03:17:04,10,-2,3606.25,2427
2022-10-03 03:17:05,18,-8,3606.5,2419
2022-10-03 03:17:06,4,-2,3606.5,2417
2022-10-03 03:17:07,6,-5,3606.25,2412
2022-10-03 03:17:08,3,-1,3606.25,2411
2022-10-03 03:17:09,2,2,3606.5,2413
2022-10-03 03:17:10,1,1,3606.5,2414
2022-10-03 03:17:11,12,-2,3606.25,2412
2022-10-03 03:17:13,6,6,3606.25,2418
2022-10-03 03:17:14,1,-1,3606.25,2417
2022-10-03 03:17:15,4,-2,3606.25,2415
2022-10-03 03:17:16,1,1,3606.25,2416
2022-10-03 03:17:17,3,-3,3606.0,2413
2022-10-03 03:17:19,13,1,3606.5,2414
2022-10-03 03:17:21,1,-1,3606.25,2413
2022-10-03 03:17:22,2,2,3606.25,2415
2022-10-03 03:17:23,6,-1,3606.5,2414
2022-10-03 03:17:24,84,17,3607.75,2431
2022-10-03 03:17:25,23,4,3608.0,2435
2022-10-03 03:17:26,64,14,3608.25,2449
2022-10-03 03:17:27,20,-5,3608.25,2444
2022-10-03 03:17:28,14,-6,3608.25,2438
2022-10-03 03:17:29,9,3,3608.25,2441
2022-10-03 03:17:30,37,-13,3608.25,2428
2022-10-03 03:17:31,7,2,3608.0,2430
2022-10-03 03:17:32,7,5,3608.0,2435
2022-10-03 03:17:33,8,4,3608.25,2439
2022-10-03 03:17:34,6,3,3608.75,2442
2022-10-03 03:17:35,21,0,3608.75,2442
2022-10-03 03:17:36,33,7,3609.25,2449
2022-10-03 03:17:37,28,4,3609.25,2453
2022-10-03 03:17:38,15,-7,3609.0,2446
2022-10-03 03:17:39,13,7,3608.75,2453
2022-10-03 03:17:40,9,-5,3609.0,2448
2022-10-03 03:17:41,22,-7,3608.75,2441
2022-10-03 03:17:42,19,7,3608.75,2448
2022-10-03 03:17:43,12,5,3608.75,2453
2022-10-03 03:17:44,1,-1,3608.5,2452
2022-10-03 03:17:45,17,-6,3608.5,2446
2022-10-03 03:17:46,2,2,3608.0,2448
2022-10-03 03:17:47,2,2,3608.25,2450
2022-10-03 03:17:48,29,-4,3607.75,2446
2022-10-03 03:17:49,45,-34,3607.25,2412
2022-10-03 03:17:50,25,-10,3607.0,2402
2022-10-03 03:17:51,44,-14,3606.75,2388
2022-10-03 03:17:52,8,-2,3606.75,2386
2022-10-03 03:17:53,2,2,3607.25,2388
2022-10-03 03:17:54,4,0,3607.25,2388
2022-10-03 03:17:55,9,3,3607.0,2391
2022-10-03 03:17:56,9,1,3607.0,2392
2022-10-03 03:17:57,8,-6,3607.25,2386
2022-10-03 03:17:58,1,-1,3607.25,2385
2022-10-03 03:17:59,3,-1,3608.0,2384
2022-10-03 03:18:00,19,7,3608.0,2391
2022-10-03 03:18:01,13,-1,3608.0,2390
2022-10-03 03:18:02,15,1,3607.5,2391
2022-10-03 03:18:03,8,4,3607.5,2395
2022-10-03 03:18:04,1,-1,3607.0,2394
2022-10-03 03:18:05,7,5,3607.5,2399
2022-10-03 03:18:06,2,-2,3607.5,2397
2022-10-03 03:18:07,3,-3,3607.0,2394
2022-10-03 03:18:09,13,-1,3607.0,2393
2022-10-03 03:18:10,7,-1,3607.0,2392
2022-10-03 03:18:11,5,-5,3606.75,2387
2022-10-03 03:18:12,12,1,3607.25,2388
2022-10-03 03:18:13,7,1,3607.25,2389
2022-10-03 03:18:14,10,0,3607.25,2389
2022-10-03 03:18:15,7,5,3607.25,2394
2022-10-03 03:18:16,17,-6,3607.0,2388
2022-10-03 03:18:17,4,0,3607.25,2388
2022-10-03 03:18:18,73,25,3608.25,2413
2022-10-03 03:18:19,2,2,3608.0,2415
2022-10-03 03:18:20,9,3,3608.25,2418
2022-10-03 03:18:21,4,2,3608.25,2420
2022-10-03 03:18:22,51,-12,3608.0,2408
2022-10-03 03:18:23,4,4,3607.25,2412
2022-10-03 03:18:24,1,-1,3607.25,2411
2022-10-03 03:18:25,2,2,3607.75,2413
2022-10-03 03:18:26,1,1,3608.0,2414
2022-10-03 03:18:27,7,1,3608.0,2415
2022-10-03 03:18:29,8,4,3607.75,2419
2022-10-03 03:18:30,1,1,3607.75,2420
2022-10-03 03:18:31,28,12,3608.25,2432
2022-10-03 03:18:32,1,-1,3608.0,2431
2022-10-03 03:18:33,3,1,3608.0,2432
2022-10-03 03:18:34,42,-33,3607.75,2399
2022-10-03 03:18:35,14,7,3606.75,2406
2022-10-03 03:18:36,10,-4,3606.75,2402
2022-10-03 03:18:37,15,-2,3607.25,2400
2022-10-03 03:18:38,8,4,3607.5,2404
2022-10-03 03:18:39,6,2,3607.5,2406
2022-10-03 03:18:41,5,2,3607.5,2408
2022-10-03 03:18:42,14,-3,3607.75,2405
2022-10-03 03:18:43,4,4,3607.75,2409
2022-10-03 03:18:45,13,1,3608.0,2410
2022-10-03 03:18:46,1,-1,3607.5,2409
2022-10-03 03:18:48,3,3,3608.0,2412
2022-10-03 03:18:49,16,14,3608.5,2426
2022-10-03 03:18:50,9,4,3608.5,2430
2022-10-03 03:18:51,5,1,3608.5,2431
2022-10-03 03:18:52,4,4,3608.5,2435
2022-10-03 03:18:53,2,0,3608.5,2435
2022-10-03 03:18:54,15,2,3608.75,2437
2022-10-03 03:18:55,11,7,3609.0,2444
2022-10-03 03:18:56,1,-1,3608.75,2443
2022-10-03 03:18:57,17,-19,3608.75,2424
2022-10-03 03:18:58,13,3,3608.0,2427
2022-10-03 03:18:59,9,-2,3608.25,2425
2022-10-03 03:19:00,13,-3,3608.0,2422
2022-10-03 03:19:01,6,2,3607.25,2424
2022-10-03 03:19:02,15,13,3608.0,2437
2022-10-03 03:19:04,14,8,3608.25,2445
2022-10-03 03:19:05,17,-10,3608.25,2435
2022-10-03 03:19:07,15,0,3608.0,2435
2022-10-03 03:19:08,4,0,3607.5,2435
2022-10-03 03:19:09,10,2,3607.5,2437
2022-10-03 03:19:10,10,15,3607.5,2452
2022-10-03 03:19:12,5,-4,3607.0,2448
2022-10-03 03:19:13,28,19,3607.0,2467
2022-10-03 03:19:14,9,-3,3607.0,2464
2022-10-03 03:19:15,1,-1,3606.75,2463
2022-10-03 03:19:16,6,4,3607.0,2467
2022-10-03 03:19:17,8,0,3607.0,2467
2022-10-03 03:19:19,2,0,3607.0,2467
2022-10-03 03:19:20,5,2,3607.0,2469
2022-10-03 03:19:21,8,2,3607.0,2471
2022-10-03 03:19:22,8,4,3607.25,2475
2022-10-03 03:19:23,5,3,3607.0,2478
2022-10-03 03:19:24,2,-2,3607.25,2476
2022-10-03 03:19:25,5,-1,3607.0,2475
2022-10-03 03:19:26,2,0,3607.0,2475
2022-10-03 03:19:27,2,0,3607.0,2475
2022-10-03 03:19:28,4,0,3607.0,2475
2022-10-03 03:19:29,9,-3,3606.75,2472
2022-10-03 03:19:30,19,17,3607.0,2489
2022-10-03 03:19:31,3,-1,3607.0,2488
2022-10-03 03:19:32,1,1,3607.0,2489
2022-10-03 03:19:33,1,-1,3606.75,2488
2022-10-03 03:19:34,40,-13,3606.75,2475
2022-10-03 03:19:35,38,-21,3606.0,2454
2022-10-03 03:19:36,5,-3,3605.75,2451
2022-10-03 03:19:37,50,-25,3605.75,2426
2022-10-03 03:19:38,79,-9,3605.5,2417
2022-10-03 03:19:39,13,1,3605.5,2418
2022-10-03 03:19:40,23,6,3605.5,2424
2022-10-03 03:19:41,65,0,3605.5,2424
2022-10-03 03:19:42,36,3,3605.75,2427
2022-10-03 03:19:43,28,1,3606.25,2428
2022-10-03 03:19:44,10,-2,3606.75,2426
2022-10-03 03:19:45,11,-3,3606.75,2423
2022-10-03 03:19:46,18,28,3607.25,2451
2022-10-03 03:19:47,20,8,3607.5,2459
2022-10-03 03:19:48,5,-3,3607.5,2456
2022-10-03 03:19:49,4,-4,3607.25,2452
2022-10-03 03:19:51,10,0,3607.25,2452
2022-10-03 03:19:52,4,2,3607.25,2454
2022-10-03 03:19:53,3,2,3607.25,2456
2022-10-03 03:19:54,14,4,3607.5,2460
2022-10-03 03:19:55,41,19,3608.75,2479
2022-10-03 03:19:56,5,1,3608.25,2480
2022-10-03 03:19:58,18,2,3608.75,2482
2022-10-03 03:19:59,39,37,3609.0,2519
2022-10-03 03:20:00,16,3,3609.25,2522
2022-10-03 03:20:01,30,2,3609.0,2524
2022-10-03 03:20:02,9,3,3609.0,2527
2022-10-03 03:20:03,23,6,3608.5,2533
2022-10-03 03:20:04,39,25,3608.5,2558
2022-10-03 03:20:05,3,1,3608.25,2559
2022-10-03 03:20:06,7,1,3608.5,2560
2022-10-03 03:20:08,12,0,3608.25,2560
2022-10-03 03:20:09,5,-5,3608.0,2555
2022-10-03 03:20:10,1,1,3608.25,2556
2022-10-03 03:20:11,1,-1,3608.0,2555
2022-10-03 03:20:12,5,-4,3607.75,2551
2022-10-03 03:20:13,9,-4,3607.25,2547
2022-10-03 03:20:14,28,-21,3607.0,2526
2022-10-03 03:20:15,14,0,3607.25,2526
2022-10-03 03:20:16,34,-8,3607.5,2518
2022-10-03 03:20:17,4,2,3607.5,2520
2022-10-03 03:20:18,6,6,3607.75,2526
2022-10-03 03:20:19,2,-2,3607.75,2524
2022-10-03 03:20:20,7,-3,3607.75,2521
2022-10-03 03:20:22,11,-5,3607.75,2516
2022-10-03 03:20:23,2,-2,3607.5,2514
2022-10-03 03:20:24,18,-1,3607.5,2513
2022-10-03 03:20:25,9,3,3607.25,2516
2022-10-03 03:20:27,1,-1,3607.25,2515
2022-10-03 03:20:28,10,0,3607.75,2515
2022-10-03 03:20:29,2,-2,3607.75,2513
2022-10-03 03:20:30,3,1,3608.0,2514
2022-10-03 03:20:31,7,-5,3608.0,2509
2022-10-03 03:20:32,2,2,3608.0,2511
2022-10-03 03:20:33,11,2,3608.75,2513
2022-10-03 03:20:34,3,-1,3608.75,2512
2022-10-03 03:20:35,5,3,3608.75,2515
2022-10-03 03:20:36,5,3,3608.75,2518
2022-10-03 03:20:37,23,0,3609.25,2518
2022-10-03 03:20:38,10,2,3609.0,2520
2022-10-03 03:20:39,5,3,3609.0,2523
2022-10-03 03:20:40,4,2,3609.0,2525
2022-10-03 03:20:41,6,-6,3608.75,2519
2022-10-03 03:20:42,11,-9,3608.75,2510
2022-10-03 03:20:43,3,1,3609.0,2511
2022-10-03 03:20:44,4,-6,3609.0,2505
2022-10-03 03:20:46,22,17,3609.5,2522
2022-10-03 03:20:47,23,6,3609.75,2528
2022-10-03 03:20:48,107,59,3610.5,2587
2022-10-03 03:20:49,8,-2,3610.25,2585
2022-10-03 03:20:50,18,16,3610.5,2601
2022-10-03 03:20:51,19,8,3610.5,2609
2022-10-03 03:20:52,17,4,3610.5,2613
2022-10-03 03:20:53,24,-1,3610.25,2612
2022-10-03 03:20:54,10,-4,3610.25,2608
2022-10-03 03:20:55,1,1,3610.0,2609
2022-10-03 03:20:56,5,1,3610.25,2610
2022-10-03 03:20:57,19,-7,3610.0,2603
2022-10-03 03:20:58,7,0,3610.0,2603
2022-10-03 03:20:59,4,0,3609.75,2603
2022-10-03 03:21:00,15,-3,3609.75,2600
2022-10-03 03:21:01,19,6,3609.25,2606
2022-10-03 03:21:02,15,-8,3609.25,2598
2022-10-03 03:21:03,7,1,3609.0,2599
2022-10-03 03:21:04,7,-1,3609.25,2598
2022-10-03 03:21:05,45,30,3610.0,2628
2022-10-03 03:21:06,6,6,3610.0,2634
2022-10-03 03:21:07,7,1,3610.0,2635
2022-10-03 03:21:08,2,2,3610.0,2637
2022-10-03 03:21:09,7,1,3609.75,2638
2022-10-03 03:21:10,16,4,3610.25,2642
2022-10-03 03:21:11,131,-127,3610.0,2515
2022-10-03 03:21:13,5,-3,3609.75,2512
2022-10-03 03:21:15,17,1,3609.75,2513
2022-10-03 03:21:16,9,-2,3609.75,2511
2022-10-03 03:21:18,12,-1,3610.0,2510
2022-10-03 03:21:19,18,9,3610.25,2519
2022-10-03 03:21:20,4,2,3610.25,2521
2022-10-03 03:21:21,1,1,3610.25,2522
2022-10-03 03:21:23,23,2,3610.75,2524
2022-10-03 03:21:24,3,1,3610.5,2525
2022-10-03 03:21:25,20,-11,3610.25,2514
2022-10-03 03:21:26,4,4,3610.0,2518
2022-10-03 03:21:27,5,-3,3609.75,2515
2022-10-03 03:21:29,6,-6,3609.75,2509
2022-10-03 03:21:30,8,2,3610.0,2511
2022-10-03 03:21:31,7,-7,3610.0,2504
2022-10-03 03:21:32,1,1,3609.75,2505
2022-10-03 03:21:33,34,2,3609.75,2507
2022-10-03 03:21:34,9,7,3609.75,2514
2022-10-03 03:21:35,17,-7,3609.75,2507
2022-10-03 03:21:36,37,-39,3609.25,2468
2022-10-03 03:21:37,17,5,3609.25,2473
2022-10-03 03:21:38,4,2,3609.5,2475
2022-10-03 03:21:39,6,6,3609.75,2481
2022-10-03 03:21:40,6,-2,3609.75,2479
2022-10-03 03:21:42,3,-1,3609.75,2478
2022-10-03 03:21:43,1,-1,3609.25,2477
2022-10-03 03:21:44,10,0,3609.5,2477
2022-10-03 03:21:45,1,-1,3609.25,2476
2022-10-03 03:21:47,2,2,3609.5,2478
2022-10-03 03:21:48,2,-2,3609.5,2476
2022-10-03 03:21:49,4,4,3609.5,2480
2022-10-03 03:21:50,7,-5,3609.25,2475
2022-10-03 03:21:51,2,0,3609.25,2475
2022-10-03 03:21:52,3,-3,3609.0,2472
2022-10-03 03:21:53,2,-2,3609.0,2470
2022-10-03 03:21:54,2,2,3608.75,2472
2022-10-03 03:21:55,38,-18,3608.75,2454
2022-10-03 03:21:56,4,2,3609.0,2456
2022-10-03 03:21:58,24,26,3609.0,2482
2022-10-03 03:21:59,9,1,3609.0,2483
2022-10-03 03:22:00,26,15,3609.25,2498
2022-10-03 03:22:02,5,1,3609.25,2499
2022-10-03 03:22:04,9,3,3609.75,2502
2022-10-03 03:22:05,25,6,3610.0,2508
2022-10-03 03:22:06,5,1,3610.0,2509
2022-10-03 03:22:07,6,6,3609.75,2515
2022-10-03 03:22:08,10,-2,3609.75,2513
2022-10-03 03:22:10,2,0,3609.25,2513
2022-10-03 03:22:11,2,2,3609.75,2515
2022-10-03 03:22:12,56,17,3610.25,2532
2022-10-03 03:22:13,2,2,3610.25,2534
2022-10-03 03:22:14,13,-1,3610.5,2533
2022-10-03 03:22:15,1,-1,3610.25,2532
2022-10-03 03:22:16,13,-1,3610.5,2531
2022-10-03 03:22:17,1,-1,3610.5,2530
2022-10-03 03:22:18,5,3,3610.25,2533
2022-10-03 03:22:19,6,-6,3610.0,2527
2022-10-03 03:22:20,11,11,3610.5,2538
2022-10-03 03:22:21,6,2,3610.5,2540
2022-10-03 03:22:22,3,1,3610.5,2541
2022-10-03 03:22:23,49,15,3610.75,2556
2022-10-03 03:22:24,15,-7,3610.75,2549
2022-10-03 03:22:25,9,3,3610.5,2552
2022-10-03 03:22:26,55,25,3611.0,2577
2022-10-03 03:22:27,8,3,3611.0,2580
2022-10-03 03:22:28,24,1,3611.25,2581
2022-10-03 03:22:29,34,-8,3611.25,2573
2022-10-03 03:22:30,12,-1,3611.5,2572
2022-10-03 03:22:31,17,-19,3611.25,2553
2022-10-03 03:22:32,17,-11,3611.25,2542
2022-10-03 03:22:33,6,4,3611.25,2546
2022-10-03 03:22:34,3,-1,3611.0,2545
2022-10-03 03:22:35,2,-2,3611.0,2543
2022-10-03 03:22:36,153,0,3610.75,2543
2022-10-03 03:22:38,101,-22,3609.75,2521
2022-10-03 03:22:39,20,16,3610.0,2537
2022-10-03 03:22:40,14,4,3610.25,2541
2022-10-03 03:22:41,10,2,3610.5,2543
2022-10-03 03:22:42,3,-1,3610.25,2542
2022-10-03 03:22:43,1,-1,3610.0,2541
2022-10-03 03:22:44,12,7,3610.25,2548
2022-10-03 03:22:45,1,1,3610.25,2549
2022-10-03 03:22:46,13,-5,3610.0,2544
2022-10-03 03:22:47,23,-25,3610.0,2519
2022-10-03 03:22:48,30,10,3609.75,2529
2022-10-03 03:22:49,4,1,3610.0,2530
2022-10-03 03:22:50,8,5,3610.0,2535
2022-10-03 03:22:51,15,-8,3609.75,2527
2022-10-03 03:22:52,2,-2,3609.5,2525
2022-10-03 03:22:53,12,5,3610.0,2530
2022-10-03 03:22:54,2,2,3610.0,2532
2022-10-03 03:22:55,23,13,3610.0,2545
2022-10-03 03:22:56,1,-1,3610.0,2544
2022-10-03 03:22:57,4,-4,3610.0,2540
2022-10-03 03:22:58,8,-8,3609.5,2532
2022-10-03 03:22:59,5,1,3609.25,2533
2022-10-03 03:23:00,4,4,3609.5,2537
2022-10-03 03:23:01,3,-1,3609.75,2536
2022-10-03 03:23:02,5,-1,3609.5,2535
2022-10-03 03:23:03,35,43,3609.75,2578
2022-10-03 03:23:04,2,2,3610.0,2580
2022-10-03 03:23:05,15,1,3610.25,2581
2022-10-03 03:23:06,6,0,3610.0,2581
2022-10-03 03:23:07,5,1,3610.0,2582
2022-10-03 03:23:09,3,3,3610.0,2585
2022-10-03 03:23:11,8,5,3610.25,2590
2022-10-03 03:23:12,3,1,3610.25,2591
2022-10-03 03:23:13,3,-3,3610.25,2588
2022-10-03 03:23:14,15,-3,3610.0,2585
2022-10-03 03:23:15,9,-5,3609.25,2580
2022-10-03 03:23:16,5,-1,3609.0,2579
2022-10-03 03:23:17,51,-48,3608.75,2531
2022-10-03 03:23:18,11,3,3607.75,2534
2022-10-03 03:23:19,9,-5,3608.0,2529
2022-10-03 03:23:20,15,9,3608.0,2538
2022-10-03 03:23:21,4,-2,3608.5,2536
2022-10-03 03:23:22,4,-4,3608.0,2532
2022-10-03 03:23:23,5,1,3608.5,2533
2022-10-03 03:23:24,7,-4,3608.25,2529
2022-10-03 03:23:25,14,-5,3608.0,2524
2022-10-03 03:23:26,19,9,3608.25,2533
2022-10-03 03:23:28,6,-4,3608.25,2529
2022-10-03 03:23:29,10,-2,3608.25,2527
2022-10-03 03:23:30,4,0,3608.25,2527
2022-10-03 03:23:31,12,-5,3608.0,2522
2022-10-03 03:23:32,20,-10,3607.75,2512
2022-10-03 03:23:33,4,2,3607.75,2514
2022-10-03 03:23:34,9,1,3607.75,2515
2022-10-03 03:23:35,3,3,3607.75,2518
2022-10-03 03:23:36,4,0,3608.0,2518
2022-10-03 03:23:37,5,-5,3608.0,2513
2022-10-03 03:23:38,12,-2,3608.25,2511
2022-10-03 03:23:39,10,0,3608.25,2511
2022-10-03 03:23:40,21,-10,3608.0,2501
2022-10-03 03:23:43,14,-9,3607.5,2492
2022-10-03 03:23:44,11,-6,3607.0,2486
2022-10-03 03:23:45,11,8,3607.25,2494
2022-10-03 03:23:46,18,3,3607.5,2497
2022-10-03 03:23:47,2,-2,3607.5,2495
2022-10-03 03:23:48,11,-5,3607.5,2490
2022-10-03 03:23:49,18,-13,3607.5,2477
2022-10-03 03:23:50,3,-1,3607.0,2476
2022-10-03 03:23:51,6,-6,3606.75,2470
2022-10-03 03:23:52,33,1,3607.25,2471
2022-10-03 03:23:53,1,-1,3607.0,2470
2022-10-03 03:23:54,5,3,3607.25,2473
2022-10-03 03:23:55,4,-4,3607.25,2469
2022-10-03 03:23:56,16,-10,3606.5,2459
2022-10-03 03:23:57,9,1,3607.0,2460
2022-10-03 03:23:58,2,-2,3607.0,2458
2022-10-03 03:23:59,2,-2,3606.5,2456
2022-10-03 03:24:00,14,-6,3606.75,2450
2022-10-03 03:24:02,10,4,3607.0,2454
2022-10-03 03:24:03,1,1,3607.0,2455
2022-10-03 03:24:04,5,2,3607.25,2457
2022-10-03 03:24:05,12,4,3607.25,2461
2022-10-03 03:24:06,5,-3,3607.25,2458
2022-10-03 03:24:07,38,18,3608.25,2476
2022-10-03 03:24:08,9,1,3608.5,2477
2022-10-03 03:24:09,6,-4,3608.25,2473
2022-10-03 03:24:10,11,-1,3608.25,2472
2022-10-03 03:24:11,12,4,3608.25,2476
2022-10-03 03:24:12,4,-2,3608.0,2474
2022-10-03 03:24:13,3,1,3608.0,2475
2022-10-03 03:24:14,5,-3,3607.75,2472
2022-10-03 03:24:15,4,-4,3607.5,2468
2022-10-03 03:24:16,15,-5,3607.0,2463
2022-10-03 03:24:17,10,18,3607.0,2481
2022-10-03 03:24:18,1,-1,3607.0,2480
2022-10-03 03:24:19,4,0,3607.25,2480
2022-10-03 03:24:20,16,-5,3607.0,2475
2022-10-03 03:24:21,5,-1,3607.0,2474
2022-10-03 03:24:22,2,-2,3607.0,2472
2022-10-03 03:24:23,10,6,3607.75,2478
2022-10-03 03:24:24,12,0,3607.75,2478
2022-10-03 03:24:25,4,-2,3607.5,2476
2022-10-03 03:24:26,7,-5,3607.25,2471
2022-10-03 03:24:27,21,-16,3607.25,2455
2022-10-03 03:24:28,4,4,3606.75,2459
2022-10-03 03:24:29,3,3,3606.75,2462
2022-10-03 03:24:30,1,-1,3606.75,2461
2022-10-03 03:24:31,15,5,3607.0,2466
2022-10-03 03:24:32,2,0,3607.0,2466
2022-10-03 03:24:33,3,-1,3607.0,2465
2022-10-03 03:24:34,3,1,3606.75,2466
2022-10-03 03:24:35,35,13,3607.25,2479
2022-10-03 03:24:36,5,1,3607.75,2480
2022-10-03 03:24:37,5,1,3607.25,2481
2022-10-03 03:24:40,4,-2,3607.5,2479
2022-10-03 03:24:41,5,-1,3607.5,2478
2022-10-03 03:24:44,1,1,3607.5,2479
2022-10-03 03:24:45,3,1,3607.75,2480
2022-10-03 03:24:46,14,2,3607.5,2482
2022-10-03 03:24:47,17,2,3608.25,2484
2022-10-03 03:24:48,9,-5,3608.0,2479
2022-10-03 03:24:49,9,1,3607.75,2480
2022-10-03 03:24:50,6,0,3607.5,2480
2022-10-03 03:24:51,64,-17,3607.0,2463
2022-10-03 03:24:52,1,-1,3606.75,2462
2022-10-03 03:24:54,3,1,3606.75,2463
2022-10-03 03:24:55,1,-1,3606.75,2462
2022-10-03 03:24:56,1,-1,3606.75,2461
2022-10-03 03:24:57,6,6,3607.25,2467
2022-10-03 03:24:58,9,-5,3607.25,2462
2022-10-03 03:24:59,5,-1,3607.25,2461
2022-10-03 03:25:01,23,4,3607.75,2465
2022-10-03 03:25:02,19,-7,3608.0,2458
2022-10-03 03:25:03,3,-1,3608.0,2457
2022-10-03 03:25:04,3,-3,3608.0,2454
2022-10-03 03:25:05,4,-2,3608.0,2452
2022-10-03 03:25:06,10,-1,3608.25,2451
2022-10-03 03:25:07,51,37,3609.75,2488
2022-10-03 03:25:08,46,20,3610.0,2508
2022-10-03 03:25:09,9,-2,3610.0,2506
2022-10-03 03:25:10,5,-1,3609.75,2505
2022-10-03 03:25:11,4,-2,3609.75,2503
2022-10-03 03:25:12,3,3,3609.75,2506
2022-10-03 03:25:13,18,-20,3609.75,2486
2022-10-03 03:25:15,19,5,3609.75,2491
2022-10-03 03:25:16,4,-4,3609.25,2487
2022-10-03 03:25:17,18,-4,3609.75,2483
2022-10-03 03:25:19,38,11,3609.75,2494
2022-10-03 03:25:20,10,-3,3609.75,2491
2022-10-03 03:25:21,4,1,3609.75,2492
2022-10-03 03:25:22,2,2,3610.0,2494
2022-10-03 03:25:23,3,3,3610.25,2497
2022-10-03 03:25:24,8,0,3610.25,2497
2022-10-03 03:25:25,9,0,3610.25,2497
2022-10-03 03:25:26,13,1,3610.25,2498
2022-10-03 03:25:27,5,-2,3610.0,2496
2022-10-03 03:25:28,2,2,3610.0,2498
2022-10-03 03:25:29,16,-8,3609.75,2490
2022-10-03 03:25:30,7,-4,3609.5,2486
2022-10-03 03:25:31,13,5,3609.25,2491
2022-10-03 03:25:32,5,5,3609.75,2496
2022-10-03 03:25:33,11,-3,3609.5,2493
2022-10-03 03:25:34,2,0,3609.5,2493
2022-10-03 03:25:35,3,3,3609.5,2496
2022-10-03 03:25:36,1,-1,3609.5,2495
2022-10-03 03:25:37,1,1,3609.75,2496
2022-10-03 03:25:38,3,1,3609.75,2497
2022-10-03 03:25:39,40,-27,3609.5,2470
2022-10-03 03:25:40,20,6,3609.25,2476
2022-10-03 03:25:41,2,-2,3609.0,2474
2022-10-03 03:25:43,3,-3,3608.75,2471
2022-10-03 03:25:44,7,5,3609.0,2476
2022-10-03 03:25:45,83,26,3609.75,2502
2022-10-03 03:25:46,12,-4,3609.5,2498
2022-10-03 03:25:48,4,-2,3609.5,2496
2022-10-03 03:25:50,10,-2,3609.5,2494
2022-10-03 03:25:51,108,-37,3609.75,2457
2022-10-03 03:25:52,52,17,3608.5,2474
2022-10-03 03:25:54,5,-5,3608.25,2469
2022-10-03 03:25:55,13,-3,3608.25,2466
2022-10-03 03:25:56,7,-1,3608.0,2465
2022-10-03 03:25:57,3,0,3608.0,2465
2022-10-03 03:25:58,11,5,3608.0,2470
2022-10-03 03:25:59,3,1,3608.25,2471
2022-10-03 03:26:00,4,2,3608.5,2473
2022-10-03 03:26:01,11,3,3608.5,2476
2022-10-03 03:26:02,7,-3,3608.75,2473
2022-10-03 03:26:03,3,-3,3608.5,2470
2022-10-03 03:26:04,6,-4,3608.25,2466
2022-10-03 03:26:05,7,4,3608.25,2470
2022-10-03 03:26:06,11,-9,3608.0,2461
2022-10-03 03:26:07,14,-4,3607.5,2457
2022-10-03 03:26:08,28,-6,3607.5,2451
2022-10-03 03:26:09,9,3,3608.0,2454
2022-10-03 03:26:10,9,-5,3607.5,2449
2022-10-03 03:26:11,4,0,3607.75,2449
2022-10-03 03:26:12,16,4,3607.75,2453
2022-10-03 03:26:13,6,-4,3607.75,2449
2022-10-03 03:26:14,1,1,3607.75,2450
2022-10-03 03:26:15,1,1,3608.0,2451
2022-10-03 03:26:17,7,2,3608.0,2453
2022-10-03 03:26:18,15,-13,3608.25,2440
2022-10-03 03:26:20,5,1,3608.0,2441
2022-10-03 03:26:21,4,4,3608.0,2445
2022-10-03 03:26:22,15,-2,3608.25,2443
2022-10-03 03:26:23,3,-3,3608.25,2440
2022-10-03 03:26:24,3,-1,3608.25,2439
2022-10-03 03:26:25,7,-3,3608.0,2436
2022-10-03 03:26:26,4,-2,3607.5,2434
2022-10-03 03:26:27,15,-7,3607.5,2427
2022-10-03 03:26:28,2,2,3607.5,2429
2022-10-03 03:26:30,4,3,3607.75,2432
2022-10-03 03:26:31,7,-1,3608.0,2431
2022-10-03 03:26:33,9,0,3608.25,2431
2022-10-03 03:26:34,3,-3,3608.0,2428
2022-10-03 03:26:35,1,-1,3607.75,2427
2022-10-03 03:26:36,101,39,3609.5,2466
2022-10-03 03:26:37,20,8,3609.5,2474
2022-10-03 03:26:38,3,1,3609.5,2475
2022-10-03 03:26:39,7,5,3609.75,2480
2022-10-03 03:26:40,3,-1,3609.25,2479
2022-10-03 03:26:41,1,-1,3609.0,2478
2022-10-03 03:26:42,9,-3,3609.0,2475
2022-10-03 03:26:44,2,2,3609.0,2477
2022-10-03 03:26:45,3,-3,3609.0,2474
2022-10-03 03:26:46,29,6,3609.75,2480
2022-10-03 03:26:47,1,-1,3609.5,2479
2022-10-03 03:26:49,3,1,3609.25,2480
2022-10-03 03:26:51,6,-6,3609.0,2474
2022-10-03 03:26:52,1,-1,3608.75,2473
2022-10-03 03:26:53,12,8,3609.25,2481
2022-10-03 03:26:54,8,-8,3609.0,2473
2022-10-03 03:26:55,1,-1,3608.75,2472
2022-10-03 03:26:56,13,-1,3608.75,2471
2022-10-03 03:26:57,5,-1,3608.75,2470
2022-10-03 03:26:58,12,9,3609.25,2479
2022-10-03 03:26:59,4,-3,3609.0,2476
2022-10-03 03:27:00,23,-13,3609.0,2463
2022-10-03 03:27:02,9,-4,3609.0,2459
2022-10-03 03:27:03,4,-4,3608.75,2455
2022-10-03 03:27:04,5,3,3609.25,2458
2022-10-03 03:27:06,8,6,3609.5,2464
2022-10-03 03:27:07,2,-2,3609.25,2462
2022-10-03 03:27:08,1,1,3609.25,2463
2022-10-03 03:27:09,16,3,3609.0,2466
2022-10-03 03:27:10,76,-15,3609.0,2451
2022-10-03 03:27:11,5,-3,3608.75,2448
2022-10-03 03:27:12,14,5,3608.25,2453
2022-10-03 03:27:13,14,7,3608.25,2460
2022-10-03 03:27:14,8,-3,3608.25,2457
2022-10-03 03:27:16,1,1,3608.25,2458
2022-10-03 03:27:17,5,3,3608.25,2461
2022-10-03 03:27:18,3,-1,3608.25,2460
2022-10-03 03:27:19,20,5,3609.0,2465
2022-10-03 03:27:20,4,-4,3608.75,2461
2022-10-03 03:27:21,2,-2,3608.75,2459
2022-10-03 03:27:22,5,3,3609.0,2462
2022-10-03 03:27:23,6,-1,3609.0,2461
2022-10-03 03:27:24,19,5,3609.25,2466
2022-10-03 03:27:26,14,9,3609.75,2475
2022-10-03 03:27:27,3,3,3609.75,2478
2022-10-03 03:27:28,4,1,3609.75,2479
2022-10-03 03:27:29,4,0,3609.5,2479
2022-10-03 03:27:30,3,1,3609.5,2480
2022-10-03 03:27:31,3,-3,3609.75,2477
2022-10-03 03:27:33,4,2,3609.25,2479
2022-10-03 03:27:34,2,-2,3609.25,2477
2022-10-03 03:27:35,2,2,3609.25,2479
2022-10-03 03:27:36,33,36,3609.5,2515
2022-10-03 03:27:37,4,0,3609.25,2515
2022-10-03 03:27:39,4,-4,3609.25,2511
2022-10-03 03:27:40,7,-3,3609.25,2508
2022-10-03 03:27:41,2,-2,3609.25,2506
2022-10-03 03:27:42,2,-2,3609.0,2504
2022-10-03 03:27:43,1,-1,3609.0,2503
2022-10-03 03:27:44,1,-1,3609.0,2502
2022-10-03 03:27:45,22,-1,3608.75,2501
2022-10-03 03:27:47,11,6,3608.75,2507
2022-10-03 03:27:48,10,0,3608.75,2507
2022-10-03 03:27:49,1,1,3608.75,2508
2022-10-03 03:27:50,42,-2,3609.0,2506
2022-10-03 03:27:51,2,-2,3608.75,2504
2022-10-03 03:27:52,9,-3,3608.5,2501
2022-10-03 03:27:53,9,-1,3608.5,2500
2022-10-03 03:27:55,1,-1,3608.25,2499
2022-10-03 03:27:56,1,-1,3608.25,2498
2022-10-03 03:27:58,2,-2,3608.5,2496
2022-10-03 03:28:00,19,3,3608.25,2499
2022-10-03 03:28:01,2,0,3608.25,2499
2022-10-03 03:28:02,156,-45,3608.25,2454
2022-10-03 03:28:03,5,3,3607.0,2457
2022-10-03 03:28:04,11,-5,3607.25,2452
2022-10-03 03:28:05,19,-2,3607.5,2450
2022-10-03 03:28:06,12,1,3607.5,2451
2022-10-03 03:28:07,4,-4,3607.5,2447
2022-10-03 03:28:09,2,-2,3607.5,2445
2022-10-03 03:28:11,3,1,3607.5,2446
2022-10-03 03:28:13,1,-1,3607.25,2445
2022-10-03 03:28:14,9,7,3607.75,2452
2022-10-03 03:28:15,9,6,3608.5,2458
2022-10-03 03:28:16,1,1,3608.5,2459
2022-10-03 03:28:18,10,-2,3608.25,2457
2022-10-03 03:28:20,16,0,3608.5,2457
2022-10-03 03:28:21,4,2,3608.5,2459
2022-10-03 03:28:23,6,-4,3608.5,2455
2022-10-03 03:28:24,24,-1,3608.25,2454
2022-10-03 03:28:25,5,1,3608.5,2455
2022-10-03 03:28:27,49,-8,3608.0,2447
2022-10-03 03:28:28,3,-1,3607.25,2446
2022-10-03 03:28:29,5,3,3607.5,2449
2022-10-03 03:28:30,6,-6,3607.5,2443
2022-10-03 03:28:31,32,9,3607.75,2452
2022-10-03 03:28:32,3,-1,3607.5,2451
2022-10-03 03:28:33,2,2,3607.5,2453
2022-10-03 03:28:35,10,1,3607.5,2454
2022-10-03 03:28:36,2,0,3607.5,2454
2022-10-03 03:28:37,12,-2,3607.5,2452
2022-10-03 03:28:38,1,-1,3607.25,2451
2022-10-03 03:28:39,3,1,3607.25,2452
2022-10-03 03:28:40,14,9,3607.75,2461
2022-10-03 03:28:41,5,-5,3607.75,2456
2022-10-03 03:28:43,53,-73,3607.5,2383
2022-10-03 03:28:44,5,-5,3607.25,2378
2022-10-03 03:28:47,17,-2,3607.25,2376
2022-10-03 03:28:48,23,3,3607.25,2379
2022-10-03 03:28:49,9,7,3607.25,2386
2022-10-03 03:28:50,4,-4,3607.25,2382
2022-10-03 03:28:52,5,3,3607.0,2385
2022-10-03 03:28:53,1,1,3607.0,2386
2022-10-03 03:28:54,12,-6,3607.0,2380
2022-10-03 03:28:55,26,3,3607.5,2383
2022-10-03 03:28:56,7,3,3607.75,2386
2022-10-03 03:28:57,1,1,3608.0,2387
2022-10-03 03:28:58,10,0,3608.5,2387
2022-10-03 03:28:59,2,-2,3608.25,2385
2022-10-03 03:29:00,26,4,3609.0,2389
2022-10-03 03:29:01,12,-3,3609.0,2386
2022-10-03 03:29:02,13,-11,3609.0,2375
2022-10-03 03:29:03,5,5,3609.25,2380
2022-10-03 03:29:04,38,-6,3609.25,2374
2022-10-03 03:29:05,8,8,3609.25,2382
2022-10-03 03:29:06,21,-9,3609.0,2373
2022-10-03 03:29:07,18,-10,3609.0,2363
2022-10-03 03:29:08,23,-8,3608.5,2355
2022-10-03 03:29:09,17,9,3609.0,2364
2022-10-03 03:29:10,7,1,3608.75,2365
2022-10-03 03:29:11,16,3,3608.75,2368
2022-10-03 03:29:13,13,13,3609.0,2381
2022-10-03 03:29:14,2,2,3609.0,2383
2022-10-03 03:29:15,2,2,3609.0,2385
2022-10-03 03:29:16,4,4,3609.0,2389
2022-10-03 03:29:17,3,-1,3609.0,2388
2022-10-03 03:29:18,43,10,3609.5,2398
2022-10-03 03:29:19,5,-5,3609.25,2393
2022-10-03 03:29:20,3,-3,3609.0,2390
2022-10-03 03:29:21,2,2,3609.0,2392
2022-10-03 03:29:23,4,2,3609.25,2394
2022-10-03 03:29:24,23,6,3609.75,2400
2022-10-03 03:29:25,49,14,3610.0,2414
2022-10-03 03:29:26,10,0,3610.0,2414
2022-10-03 03:29:27,41,12,3610.5,2426
2022-10-03 03:29:28,6,-4,3610.5,2422
2022-10-03 03:29:29,6,0,3610.0,2422
2022-10-03 03:29:31,11,3,3610.0,2425
2022-10-03 03:29:32,15,-3,3609.5,2422
2022-10-03 03:29:33,48,32,3609.25,2454
2022-10-03 03:29:34,5,-3,3609.0,2451
2022-10-03 03:29:36,10,-10,3608.5,2441
2022-10-03 03:29:37,139,-33,3608.0,2408
2022-10-03 03:29:38,18,5,3607.75,2413
2022-10-03 03:29:39,1,-1,3607.75,2412
2022-10-03 03:29:40,10,8,3608.25,2420
2022-10-03 03:29:41,19,-2,3608.5,2418
2022-10-03 03:29:44,4,4,3608.25,2422
2022-10-03 03:29:45,19,9,3609.0,2431
2022-10-03 03:29:46,4,0,3608.75,2431
2022-10-03 03:29:47,4,4,3608.75,2435
2022-10-03 03:29:50,12,-1,3608.75,2434
2022-10-03 03:29:52,11,-3,3609.0,2431
2022-10-03 03:29:53,13,1,3609.25,2432
2022-10-03 03:29:54,2,0,3609.25,2432
2022-10-03 03:29:55,9,0,3609.0,2432
2022-10-03 03:29:56,5,1,3609.0,2433
2022-10-03 03:29:57,3,2,3609.0,2435
2022-10-03 03:29:58,1,-1,3609.0,2434
2022-10-03 03:29:59,1,1,3609.25,2435
2022-10-03 03:30:00,23,-5,3609.25,2430
2022-10-03 03:30:01,8,-2,3609.5,2428
2022-10-03 03:30:02,9,0,3608.75,2428
2022-10-03 03:30:03,23,-10,3608.5,2418
2022-10-03 03:30:04,31,-10,3608.25,2408
2022-10-03 03:30:05,34,-14,3607.75,2394
2022-10-03 03:30:06,9,-3,3607.5,2391
2022-10-03 03:30:08,6,2,3607.5,2393
2022-10-03 03:30:09,14,-9,3607.25,2384
2022-10-03 03:30:10,13,2,3607.25,2386
2022-10-03 03:30:11,25,5,3607.25,2391
2022-10-03 03:30:12,4,0,3607.25,2391
2022-10-03 03:30:13,4,-3,3606.75,2388
2022-10-03 03:30:14,118,-29,3606.5,2359
2022-10-03 03:30:15,34,17,3607.0,2376
2022-10-03 03:30:16,18,11,3607.75,2387
2022-10-03 03:30:18,4,-3,3607.25,2384
2022-10-03 03:30:19,30,11,3608.25,2395
2022-10-03 03:30:20,3,-3,3608.0,2392
2022-10-03 03:30:21,28,-42,3607.75,2350
2022-10-03 03:30:22,17,8,3607.75,2358
2022-10-03 03:30:23,8,-2,3607.75,2356
2022-10-03 03:30:24,10,8,3608.0,2364
2022-10-03 03:30:25,10,2,3608.5,2366
2022-10-03 03:30:26,38,7,3608.75,2373
2022-10-03 03:30:27,1,-1,3608.25,2372
2022-10-03 03:30:28,51,0,3608.5,2372
2022-10-03 03:30:29,21,12,3609.0,2384
2022-10-03 03:30:30,18,-14,3609.25,2370
2022-10-03 03:30:31,4,1,3609.25,2371
2022-10-03 03:30:33,16,-10,3608.75,2361
2022-10-03 03:30:34,13,-5,3608.5,2356
2022-10-03 03:30:35,7,-1,3608.5,2355
2022-10-03 03:30:36,4,0,3608.5,2355
2022-10-03 03:30:37,29,26,3608.5,2381
2022-10-03 03:30:38,1,1,3608.5,2382
2022-10-03 03:30:39,4,-2,3608.5,2380
2022-10-03 03:30:40,8,-8,3608.25,2372
2022-10-03 03:30:41,14,6,3609.0,2378
2022-10-03 03:30:42,3,-3,3608.5,2375
2022-10-03 03:30:43,2,-2,3608.5,2373
2022-10-03 03:30:44,5,5,3608.75,2378
2022-10-03 03:30:45,8,-4,3608.75,2374
2022-10-03 03:30:47,6,-4,3608.75,2370
2022-10-03 03:30:48,33,16,3609.5,2386
2022-10-03 03:30:49,9,-12,3609.25,2374
2022-10-03 03:30:50,16,-8,3609.0,2366
2022-10-03 03:30:51,1,1,3609.0,2367
2022-10-03 03:30:52,8,-5,3609.0,2362
2022-10-03 03:30:53,8,-6,3609.0,2356
2022-10-03 03:30:54,14,-10,3608.5,2346
2022-10-03 03:30:56,11,1,3608.75,2347
2022-10-03 03:30:57,9,1,3608.75,2348
2022-10-03 03:30:58,3,1,3609.0,2349
2022-10-03 03:30:59,36,13,3609.25,2362
2022-10-03 03:31:00,9,-9,3609.25,2353
2022-10-03 03:31:01,81,25,3610.5,2378
2022-10-03 03:31:02,5,3,3610.0,2381
2022-10-03 03:31:03,7,3,3609.75,2384
2022-10-03 03:31:04,13,-3,3610.25,2381
2022-10-03 03:31:05,1,-1,3610.25,2380
2022-10-03 03:31:06,39,-19,3610.5,2361
2022-10-03 03:31:07,9,-5,3610.0,2356
2022-10-03 03:31:08,44,9,3610.5,2365
2022-10-03 03:31:09,6,-2,3610.0,2363
2022-10-03 03:31:10,7,1,3609.75,2364
2022-10-03 03:31:11,7,-2,3609.75,2362
2022-10-03 03:31:12,6,-2,3609.75,2360
2022-10-03 03:31:13,15,-7,3609.75,2353
2022-10-03 03:31:14,11,11,3610.5,2364
2022-10-03 03:31:15,13,4,3610.5,2368
2022-10-03 03:31:16,28,19,3610.75,2387
2022-10-03 03:31:17,9,7,3610.5,2394
2022-10-03 03:31:18,15,3,3610.5,2397
2022-10-03 03:31:19,6,-2,3610.5,2395
2022-10-03 03:31:20,6,2,3610.25,2397
2022-10-03 03:31:21,4,2,3610.25,2399
2022-10-03 03:31:22,7,1,3610.5,2400
2022-10-03 03:31:23,9,-10,3610.25,2390
2022-10-03 03:31:24,5,-3,3610.0,2387
2022-10-03 03:31:25,10,0,3610.75,2387
2022-10-03 03:31:26,12,1,3610.5,2388
2022-10-03 03:31:27,2,2,3610.0,2390
2022-10-03 03:31:28,16,-7,3610.0,2383
2022-10-03 03:31:29,44,-21,3609.5,2362
2022-10-03 03:31:30,16,-6,3608.75,2356
2022-10-03 03:31:31,3,2,3608.5,2358
2022-10-03 03:31:32,5,5,3608.5,2363
2022-10-03 03:31:33,1,-1,3608.5,2362
2022-10-03 03:31:34,4,2,3608.75,2364
2022-10-03 03:31:35,14,-8,3608.5,2356
2022-10-03 03:31:37,17,-12,3608.75,2344
2022-10-03 03:31:38,3,1,3608.75,2345
2022-10-03 03:31:39,3,-3,3608.75,2342
2022-10-03 03:31:40,11,-2,3608.75,2340
2022-10-03 03:31:42,11,-4,3609.25,2336
2022-10-03 03:31:43,11,-11,3609.0,2325
2022-10-03 03:31:44,2,0,3608.75,2325
2022-10-03 03:31:45,8,-4,3608.75,2321
2022-10-03 03:31:46,4,4,3608.75,2325
2022-10-03 03:31:47,18,4,3609.25,2329
2022-10-03 03:31:48,3,1,3609.25,2330
2022-10-03 03:31:49,6,2,3609.75,2332
2022-10-03 03:31:50,20,-16,3610.0,2316
2022-10-03 03:31:51,17,-5,3609.5,2311
2022-10-03 03:31:52,18,-5,3609.75,2306
2022-10-03 03:31:53,1,1,3609.5,2307
2022-10-03 03:31:54,4,-4,3609.25,2303
2022-10-03 03:31:55,3,-3,3609.5,2300
2022-10-03 03:31:56,5,-3,3609.5,2297
2022-10-03 03:31:57,21,-10,3609.25,2287
2022-10-03 03:31:59,6,-4,3609.5,2283
2022-10-03 03:32:00,20,-4,3609.5,2279
2022-10-03 03:32:02,13,-13,3609.25,2266
2022-10-03 03:32:03,10,8,3609.25,2274
2022-10-03 03:32:04,10,-5,3609.0,2269
2022-10-03 03:32:05,2,2,3609.0,2271
2022-10-03 03:32:06,10,-2,3609.0,2269
2022-10-03 03:32:07,1,-1,3609.0,2268
2022-10-03 03:32:08,25,-3,3609.0,2265
2022-10-03 03:32:09,10,-9,3608.5,2256
2022-10-03 03:32:10,11,-3,3608.0,2253
2022-10-03 03:32:11,42,-24,3608.0,2229
2022-10-03 03:32:12,24,2,3607.25,2231
2022-10-03 03:32:13,11,3,3607.5,2234
2022-10-03 03:32:14,1,-1,3607.5,2233
2022-10-03 03:32:15,8,1,3607.75,2234
2022-10-03 03:32:16,6,-6,3607.75,2228
2022-10-03 03:32:18,4,-2,3608.0,2226
2022-10-03 03:32:19,3,-3,3607.75,2223
2022-10-03 03:32:20,25,-25,3608.0,2198
2022-10-03 03:32:21,12,-4,3607.75,2194
2022-10-03 03:32:23,4,-6,3608.0,2188
2022-10-03 03:32:24,20,18,3608.75,2206
2022-10-03 03:32:25,2,2,3608.5,2208
2022-10-03 03:32:26,10,-6,3608.0,2202
2022-10-03 03:32:27,1,-1,3608.0,2201
2022-10-03 03:32:28,9,-4,3607.75,2197
2022-10-03 03:32:30,10,-6,3607.25,2191
2022-10-03 03:32:31,2,2,3607.25,2193
2022-10-03 03:32:32,1,1,3607.25,2194
2022-10-03 03:32:33,62,-14,3607.25,2180
2022-10-03 03:32:34,8,-4,3607.25,2176
2022-10-03 03:32:35,9,-2,3607.25,2174
2022-10-03 03:32:36,14,4,3607.5,2178
2022-10-03 03:32:37,11,6,3607.75,2184
2022-10-03 03:32:39,14,-8,3607.75,2176
2022-10-03 03:32:40,16,-14,3607.75,2162
2022-10-03 03:32:41,4,-4,3607.5,2158
2022-10-03 03:32:42,3,-2,3607.25,2156
2022-10-03 03:32:43,10,6,3607.5,2162
2022-10-03 03:32:45,3,-3,3607.5,2159
2022-10-03 03:32:46,72,-60,3607.25,2099
2022-10-03 03:32:47,10,-8,3606.25,2091
2022-10-03 03:32:48,15,5,3606.5,2096
2022-10-03 03:32:49,7,2,3607.0,2098
2022-10-03 03:32:50,27,-39,3606.75,2059
2022-10-03 03:32:51,10,2,3606.25,2061
2022-10-03 03:32:52,2,2,3606.25,2063
2022-10-03 03:32:54,6,-6,3606.0,2057
2022-10-03 03:32:55,5,-1,3606.0,2056
2022-10-03 03:32:56,3,1,3606.0,2057
2022-10-03 03:32:57,4,-4,3605.75,2053
2022-10-03 03:32:58,5,-4,3605.75,2049
2022-10-03 03:32:59,5,-3,3605.75,2046
2022-10-03 03:33:00,35,-9,3606.0,2037
2022-10-03 03:33:01,42,-16,3605.25,2021
2022-10-03 03:33:02,9,1,3605.5,2022
2022-10-03 03:33:03,15,-13,3605.25,2009
2022-10-03 03:33:04,18,-8,3605.0,2001
2022-10-03 03:33:05,16,2,3605.25,2003
2022-10-03 03:33:06,7,-1,3605.25,2002
2022-10-03 03:33:07,1,-1,3605.0,2001
2022-10-03 03:33:08,18,7,3605.25,2008
2022-10-03 03:33:09,1,1,3605.25,2009
2022-10-03 03:33:11,7,-5,3605.25,2004
2022-10-03 03:33:12,5,1,3605.25,2005
2022-10-03 03:33:14,10,-8,3605.25,1997
2022-10-03 03:33:15,13,14,3605.75,2011
2022-10-03 03:33:16,5,-3,3605.0,2008
2022-10-03 03:33:17,11,-8,3604.75,2000
2022-10-03 03:33:18,139,-61,3604.5,1939
2022-10-03 03:33:19,21,-7,3603.5,1932
2022-10-03 03:33:20,27,-4,3603.25,1928
2022-10-03 03:33:21,11,1,3603.0,1929
2022-10-03 03:33:22,3,3,3603.0,1932
2022-10-03 03:33:23,13,-7,3603.0,1925
2022-10-03 03:33:24,15,7,3603.0,1932
2022-10-03 03:33:25,82,-61,3603.0,1871
2022-10-03 03:33:26,13,-3,3602.75,1868
2022-10-03 03:33:27,16,4,3602.25,1872
2022-10-03 03:33:28,19,-1,3602.25,1871
2022-10-03 03:33:29,17,0,3602.0,1871
2022-10-03 03:33:30,17,-4,3602.25,1867
2022-10-03 03:33:31,2,2,3602.25,1869
2022-10-03 03:33:32,5,-3,3602.25,1866
2022-10-03 03:33:33,117,29,3603.0,1895
2022-10-03 03:33:34,5,-3,3603.0,1892
2022-10-03 03:33:35,21,-1,3603.0,1891
2022-10-03 03:33:36,2,-2,3602.75,1889
2022-10-03 03:33:37,6,-4,3602.5,1885
2022-10-03 03:33:38,7,-5,3602.5,1880
2022-10-03 03:33:39,28,-26,3602.25,1854
2022-10-03 03:33:40,20,2,3602.75,1856
2022-10-03 03:33:41,4,2,3603.0,1858
2022-10-03 03:33:42,42,24,3603.75,1882
2022-10-03 03:33:43,14,8,3603.75,1890
2022-10-03 03:33:44,4,-2,3603.5,1888
2022-10-03 03:33:45,10,-6,3603.75,1882
2022-10-03 03:33:46,26,9,3604.0,1891
2022-10-03 03:33:47,6,-6,3603.5,1885
2022-10-03 03:33:48,4,-2,3603.75,1883
2022-10-03 03:33:49,22,-16,3603.75,1867
2022-10-03 03:33:50,10,-5,3603.5,1862
2022-10-03 03:33:51,6,-4,3603.25,1858
2022-10-03 03:33:52,13,3,3603.0,1861
2022-10-03 03:33:53,18,11,3603.75,1872
2022-10-03 03:33:54,2,2,3604.0,1874
2022-10-03 03:33:55,100,-48,3603.5,1826
2022-10-03 03:33:56,3,-3,3602.5,1823
2022-10-03 03:33:57,15,6,3602.75,1829
2022-10-03 03:33:58,3,3,3603.0,1832
2022-10-03 03:33:59,6,-6,3602.75,1826
2022-10-03 03:34:00,10,-2,3602.5,1824
2022-10-03 03:34:01,9,0,3602.75,1824
2022-10-03 03:34:02,2,0,3603.0,1824
2022-10-03 03:34:03,10,1,3602.5,1825
2022-10-03 03:34:04,7,-2,3602.75,1823
2022-10-03 03:34:05,6,5,3602.5,1828
2022-10-03 03:34:06,1,1,3602.75,1829
2022-10-03 03:34:07,4,-4,3602.5,1825
2022-10-03 03:34:08,22,-18,3602.5,1807
2022-10-03 03:34:09,15,-10,3602.5,1797
2022-10-03 03:34:10,5,1,3602.25,1798
2022-10-03 03:34:11,1,-1,3602.0,1797
2022-10-03 03:34:12,4,1,3602.25,1798
2022-10-03 03:34:13,9,6,3602.25,1804
2022-10-03 03:34:14,2,-2,3602.25,1802
2022-10-03 03:34:16,4,2,3602.25,1804
2022-10-03 03:34:17,34,23,3602.75,1827
2022-10-03 03:34:18,4,-4,3602.5,1823
2022-10-03 03:34:19,12,6,3603.0,1829
2022-10-03 03:34:20,8,-2,3602.75,1827
2022-10-03 03:34:22,1,-1,3602.5,1826
2022-10-03 03:34:23,2,0,3602.5,1826
2022-10-03 03:34:24,8,0,3602.75,1826
2022-10-03 03:34:25,1,1,3602.25,1827
2022-10-03 03:34:26,10,15,3602.75,1842
2022-10-03 03:34:27,3,3,3602.75,1845
2022-10-03 03:34:28,2,0,3602.75,1845
2022-10-03 03:34:31,11,-9,3602.75,1836
2022-10-03 03:34:32,6,-4,3602.75,1832
2022-10-03 03:34:34,7,-5,3602.5,1827
2022-10-03 03:34:35,3,2,3602.75,1829
2022-10-03 03:34:36,2,2,3602.75,1831
2022-10-03 03:34:38,130,-7,3603.25,1824
2022-10-03 03:34:39,44,14,3603.5,1838
2022-10-03 03:34:40,4,-4,3603.25,1834
2022-10-03 03:34:41,2,2,3603.5,1836
2022-10-03 03:34:42,5,5,3603.75,1841
2022-10-03 03:34:44,4,-4,3603.5,1837
2022-10-03 03:34:45,1,1,3603.5,1838
2022-10-03 03:34:46,5,5,3603.5,1843
2022-10-03 03:34:48,24,-1,3603.5,1842
2022-10-03 03:34:49,2,2,3603.25,1844
2022-10-03 03:34:52,9,3,3603.5,1847
2022-10-03 03:34:53,39,15,3604.5,1862
2022-10-03 03:34:54,19,11,3604.5,1873
2022-10-03 03:34:55,12,-10,3604.25,1863
2022-10-03 03:34:56,10,2,3604.0,1865
2022-10-03 03:34:58,4,1,3604.25,1866
2022-10-03 03:34:59,2,2,3604.0,1868
2022-10-03 03:35:00,9,-4,3604.0,1864
2022-10-03 03:35:02,6,0,3604.0,1864
2022-10-03 03:35:04,12,-7,3603.75,1857
2022-10-03 03:35:06,3,-3,3602.75,1854
2022-10-03 03:35:07,8,-6,3602.5,1848
2022-10-03 03:35:08,3,-3,3602.5,1845
2022-10-03 03:35:10,8,4,3602.5,1849
2022-10-03 03:35:11,11,-5,3602.25,1844
2022-10-03 03:35:12,4,0,3602.25,1844
2022-10-03 03:35:13,14,-2,3602.5,1842
2022-10-03 03:35:14,24,-5,3602.75,1837
2022-10-03 03:35:15,4,-2,3602.5,1835
2022-10-03 03:35:16,22,7,3602.75,1842
2022-10-03 03:35:17,7,1,3602.75,1843
2022-10-03 03:35:18,8,-8,3602.75,1835
2022-10-03 03:35:19,24,11,3603.25,1846
2022-10-03 03:35:20,1,1,3603.75,1847
2022-10-03 03:35:21,1,1,3603.75,1848
2022-10-03 03:35:22,3,-1,3603.75,1847
2022-10-03 03:35:23,2,0,3603.75,1847
2022-10-03 03:35:24,4,1,3603.75,1848
2022-10-03 03:35:25,13,-7,3603.5,1841
2022-10-03 03:35:26,3,1,3603.25,1842
2022-10-03 03:35:27,10,6,3604.0,1848
2022-10-03 03:35:28,5,-5,3603.75,1843
2022-10-03 03:35:30,51,15,3604.5,1858
2022-10-03 03:35:31,2,2,3604.5,1860
2022-10-03 03:35:32,10,6,3604.25,1866
2022-10-03 03:35:33,1,-1,3604.25,1865
2022-10-03 03:35:34,1,1,3604.25,1866
2022-10-03 03:35:39,120,-33,3603.5,1833
2022-10-03 03:35:40,1,-1,3603.0,1832
2022-10-03 03:35:41,6,-2,3603.0,1830
2022-10-03 03:35:44,8,2,3603.0,1832
2022-10-03 03:35:45,1,-1,3603.0,1831
2022-10-03 03:35:46,2,2,3603.0,1833
2022-10-03 03:35:47,1,-1,3603.0,1832
2022-10-03 03:35:48,10,6,3603.25,1838
2022-10-03 03:35:49,2,2,3603.5,1840
2022-10-03 03:35:50,6,2,3603.75,1842
2022-10-03 03:35:51,2,-2,3603.5,1840
2022-10-03 03:35:54,1,-1,3603.0,1839
2022-10-03 03:35:55,3,3,3602.75,1842
2022-10-03 03:35:56,5,3,3603.0,1845
2022-10-03 03:35:57,7,3,3603.25,1848
2022-10-03 03:35:58,3,3,3603.5,1851
2022-10-03 03:35:59,1,-1,3603.5,1850
2022-10-03 03:36:00,18,4,3603.75,1854
2022-10-03 03:36:01,18,-13,3603.25,1841
2022-10-03 03:36:02,4,0,3602.75,1841
2022-10-03 03:36:03,15,-3,3603.0,1838
2022-10-03 03:36:06,16,4,3603.0,1842
2022-10-03 03:36:07,4,-2,3602.5,1840
2022-10-03 03:36:08,15,8,3602.25,1848
2022-10-03 03:36:09,6,0,3602.25,1848
2022-10-03 03:36:11,5,5,3602.5,1853
2022-10-03 03:36:12,1,1,3602.75,1854
2022-10-03 03:36:13,39,-27,3602.5,1827
2022-10-03 03:36:14,15,4,3602.5,1831
2022-10-03 03:36:16,7,1,3602.75,1832
2022-10-03 03:36:18,6,4,3602.75,1836
2022-10-03 03:36:19,33,-1,3602.75,1835
2022-10-03 03:36:20,2,2,3602.75,1837
2022-10-03 03:36:21,23,-20,3602.75,1817
2022-10-03 03:36:22,5,-3,3602.25,1814
2022-10-03 03:36:23,2,-2,3602.0,1812
2022-10-03 03:36:24,12,4,3602.5,1816
2022-10-03 03:36:25,3,0,3602.75,1816
2022-10-03 03:36:26,15,8,3602.75,1824
2022-10-03 03:36:27,10,9,3603.0,1833
2022-10-03 03:36:28,3,-3,3602.75,1830
2022-10-03 03:36:29,23,3,3603.5,1833
2022-10-03 03:36:30,24,14,3604.0,1847
2022-10-03 03:36:31,26,-29,3603.75,1818
2022-10-03 03:36:32,6,4,3603.25,1822
2022-10-03 03:36:33,2,2,3603.25,1824
2022-10-03 03:36:34,1,1,3603.5,1825
2022-10-03 03:36:35,9,-1,3603.75,1824
2022-10-03 03:36:36,2,0,3603.75,1824
2022-10-03 03:36:37,5,-5,3603.5,1819
2022-10-03 03:36:40,3,-1,3603.25,1818
2022-10-03 03:36:41,9,-5,3603.25,1813
2022-10-03 03:36:42,4,-2,3603.25,1811
2022-10-03 03:36:43,20,7,3603.25,1818
2022-10-03 03:36:44,7,-1,3603.25,1817
2022-10-03 03:36:45,2,-2,3603.0,1815
2022-10-03 03:36:46,4,0,3603.0,1815
2022-10-03 03:36:48,1,1,3603.0,1816
2022-10-03 03:36:50,5,-3,3603.0,1813
2022-10-03 03:36:51,36,-36,3602.5,1777
2022-10-03 03:36:52,4,-2,3602.0,1775
2022-10-03 03:36:53,1,1,3602.0,1776
2022-10-03 03:36:54,9,2,3602.25,1778
2022-10-03 03:36:55,4,-2,3602.0,1776
2022-10-03 03:36:57,1,-1,3602.0,1775
2022-10-03 03:36:59,40,-29,3601.75,1746
2022-10-03 03:37:00,3,3,3601.5,1749
2022-10-03 03:37:01,11,-5,3601.25,1744
2022-10-03 03:37:02,5,1,3601.25,1745
2022-10-03 03:37:03,15,4,3601.5,1749
2022-10-03 03:37:05,133,-106,3601.25,1643
2022-10-03 03:37:06,50,-19,3600.5,1624
2022-10-03 03:37:07,44,3,3599.75,1627
2022-10-03 03:37:08,37,7,3600.0,1634
2022-10-03 03:37:09,12,-8,3599.5,1626
2022-10-03 03:37:10,8,-6,3599.5,1620
2022-10-03 03:37:11,96,-18,3599.25,1602
2022-10-03 03:37:12,15,7,3598.5,1609
2022-10-03 03:37:13,52,-17,3598.5,1592
2022-10-03 03:37:14,11,7,3598.25,1599
2022-10-03 03:37:15,19,-1,3598.25,1598
2022-10-03 03:37:16,16,8,3598.5,1606
2022-10-03 03:37:17,6,6,3598.25,1612
2022-10-03 03:37:18,1,-1,3598.25,1611
2022-10-03 03:37:19,46,-22,3598.5,1589
2022-10-03 03:37:20,8,-1,3598.5,1588
2022-10-03 03:37:21,8,0,3598.25,1588
2022-10-03 03:37:22,10,4,3598.25,1592
2022-10-03 03:37:23,29,3,3598.75,1595
2022-10-03 03:37:24,11,5,3598.75,1600
2022-10-03 03:37:27,25,3,3599.25,1603
2022-10-03 03:37:28,16,-8,3599.5,1595
2022-10-03 03:37:29,4,0,3599.25,1595
2022-10-03 03:37:30,6,-4,3599.0,1591
2022-10-03 03:37:31,1,1,3599.0,1592
2022-10-03 03:37:32,5,-2,3599.25,1590
2022-10-03 03:37:33,3,3,3599.5,1593
2022-10-03 03:37:34,9,5,3599.5,1598
2022-10-03 03:37:35,44,-46,3599.5,1552
2022-10-03 03:37:36,10,6,3598.75,1558
2022-10-03 03:37:38,7,-1,3598.75,1557
2022-10-03 03:37:39,3,1,3599.0,1558
2022-10-03 03:37:40,10,5,3599.5,1563
2022-10-03 03:37:41,3,3,3599.5,1566
2022-10-03 03:37:42,9,5,3599.75,1571
2022-10-03 03:37:43,4,-1,3599.25,1570
2022-10-03 03:37:44,6,6,3599.5,1576
2022-10-03 03:37:45,8,-6,3599.5,1570
2022-10-03 03:37:47,3,-3,3599.25,1567
2022-10-03 03:37:49,1,-1,3599.25,1566
2022-10-03 03:37:51,7,3,3599.25,1569
2022-10-03 03:37:53,13,7,3599.75,1576
2022-10-03 03:37:55,15,11,3600.25,1587
2022-10-03 03:37:56,1,-1,3599.75,1586
2022-10-03 03:37:57,36,-23,3599.5,1563
2022-10-03 03:37:58,1,-1,3599.0,1562
2022-10-03 03:37:59,9,5,3599.0,1567
2022-10-03 03:38:00,20,-8,3598.75,1559
2022-10-03 03:38:01,8,-4,3598.75,1555
2022-10-03 03:38:02,9,-3,3599.0,1552
2022-10-03 03:38:03,4,2,3598.5,1554
2022-10-03 03:38:04,8,-8,3598.75,1546
2022-10-03 03:38:05,8,4,3598.5,1550
2022-10-03 03:38:06,4,4,3598.75,1554
2022-10-03 03:38:07,7,-3,3598.75,1551
2022-10-03 03:38:08,1,-1,3598.5,1550
2022-10-03 03:38:09,6,6,3598.75,1556
2022-10-03 03:38:10,2,2,3599.0,1558
2022-10-03 03:38:11,8,3,3599.0,1561
2022-10-03 03:38:12,4,-4,3598.75,1557
2022-10-03 03:38:13,15,-7,3598.75,1550
2022-10-03 03:38:14,3,-3,3598.5,1547
2022-10-03 03:38:15,13,7,3598.5,1554
2022-10-03 03:38:16,3,-1,3598.5,1553
2022-10-03 03:38:17,1,-1,3598.5,1552
2022-10-03 03:38:18,5,-5,3598.5,1547
2022-10-03 03:38:19,8,1,3598.25,1548
2022-10-03 03:38:20,68,-17,3598.25,1531
2022-10-03 03:38:21,5,-1,3598.25,1530
2022-10-03 03:38:22,19,5,3598.75,1535
2022-10-03 03:38:24,8,0,3598.5,1535
2022-10-03 03:38:25,6,6,3598.75,1541
2022-10-03 03:38:26,10,0,3598.5,1541
2022-10-03 03:38:27,4,-4,3598.25,1537
2022-10-03 03:38:28,3,3,3598.0,1540
2022-10-03 03:38:29,10,0,3598.5,1540
2022-10-03 03:38:30,7,-9,3598.5,1531
2022-10-03 03:38:31,2,-2,3598.25,1529
2022-10-03 03:38:32,3,1,3598.25,1530
2022-10-03 03:38:33,6,6,3598.75,1536
2022-10-03 03:38:34,4,0,3598.75,1536
2022-10-03 03:38:35,2,-2,3598.75,1534
2022-10-03 03:38:36,2,0,3598.75,1534
2022-10-03 03:38:37,29,18,3599.25,1552
2022-10-03 03:38:38,2,-2,3599.25,1550
2022-10-03 03:38:39,3,-1,3599.5,1549
2022-10-03 03:38:40,1,1,3599.25,1550
2022-10-03 03:38:41,8,-6,3599.0,1544
2022-10-03 03:38:42,2,-2,3599.0,1542
2022-10-03 03:38:43,4,-4,3598.75,1538
2022-10-03 03:38:44,4,2,3599.0,1540
2022-10-03 03:38:46,12,1,3599.0,1541
2022-10-03 03:38:48,17,2,3598.75,1543
2022-10-03 03:38:49,12,2,3598.5,1545
2022-10-03 03:38:50,1,1,3598.5,1546
2022-10-03 03:38:51,9,3,3598.5,1549
2022-10-03 03:38:52,16,9,3599.0,1558
2022-10-03 03:38:53,17,12,3599.25,1570
2022-10-03 03:38:54,8,0,3599.25,1570
2022-10-03 03:38:55,10,-6,3599.25,1564
2022-10-03 03:38:56,3,-1,3599.0,1563
2022-10-03 03:38:57,6,4,3599.0,1567
2022-10-03 03:39:00,11,-2,3599.25,1565
2022-10-03 03:39:01,6,-2,3598.75,1563
2022-10-03 03:39:02,8,0,3598.75,1563
2022-10-03 03:39:03,1,-1,3598.75,1562
2022-10-03 03:39:05,17,-8,3598.75,1554
2022-10-03 03:39:06,24,9,3599.5,1563
2022-10-03 03:39:08,5,-1,3599.5,1562
2022-10-03 03:39:09,5,-3,3599.25,1559
2022-10-03 03:39:10,5,1,3599.25,1560
2022-10-03 03:39:12,18,8,3600.0,1568
2022-10-03 03:39:13,12,-6,3600.0,1562
2022-10-03 03:39:14,2,0,3600.0,1562
2022-10-03 03:39:15,14,-8,3600.0,1554
2022-10-03 03:39:16,2,-2,3599.5,1552
2022-10-03 03:39:17,8,-8,3599.5,1544
2022-10-03 03:39:18,5,1,3599.25,1545
2022-10-03 03:39:19,1,-1,3599.0,1544
2022-10-03 03:39:20,2,2,3599.0,1546
2022-10-03 03:39:21,3,1,3599.0,1547
2022-10-03 03:39:22,19,-10,3598.75,1537
2022-10-03 03:39:25,13,9,3599.25,1546
2022-10-03 03:39:26,1,-1,3599.0,1545
2022-10-03 03:39:27,14,-6,3599.25,1539
2022-10-03 03:39:28,4,0,3599.0,1539
2022-10-03 03:39:29,3,-1,3599.0,1538
2022-10-03 03:39:30,10,4,3599.0,1542
2022-10-03 03:39:32,15,7,3599.25,1549
2022-10-03 03:39:35,2,-2,3599.25,1547
2022-10-03 03:39:37,3,-3,3599.25,1544
2022-10-03 03:39:38,8,8,3599.25,1552
2022-10-03 03:39:39,2,2,3599.25,1554
2022-10-03 03:39:40,13,-7,3599.25,1547
2022-10-03 03:39:42,6,-3,3599.0,1544
2022-10-03 03:39:43,1,-1,3598.75,1543
2022-10-03 03:39:44,17,-7,3598.75,1536
2022-10-03 03:39:45,2,2,3598.25,1538
2022-10-03 03:39:46,21,-3,3599.0,1535
2022-10-03 03:39:47,21,11,3598.75,1546
2022-10-03 03:39:48,2,-2,3598.5,1544
2022-10-03 03:39:49,2,-2,3598.5,1542
2022-10-03 03:39:50,20,0,3599.0,1542
2022-10-03 03:39:52,13,1,3599.0,1543
2022-10-03 03:39:53,6,0,3598.5,1543
2022-10-03 03:39:54,2,-2,3598.5,1541
2022-10-03 03:39:55,4,-4,3598.25,1537
2022-10-03 03:39:56,1,-1,3598.25,1536
2022-10-03 03:39:57,2,2,3598.5,1538
2022-10-03 03:39:58,3,3,3598.5,1541
2022-10-03 03:39:59,6,2,3598.25,1543
2022-10-03 03:40:00,19,-14,3598.75,1529
2022-10-03 03:40:01,6,1,3598.5,1530
2022-10-03 03:40:02,17,7,3598.5,1537
2022-10-03 03:40:03,6,-6,3598.5,1531
2022-10-03 03:40:04,22,-5,3598.75,1526
2022-10-03 03:40:05,22,9,3598.25,1535
2022-10-03 03:40:06,1,-1,3598.0,1534
2022-10-03 03:40:07,24,8,3598.25,1542
2022-10-03 03:40:08,7,3,3598.5,1545
2022-10-03 03:40:09,4,-2,3598.5,1543
2022-10-03 03:40:10,22,9,3599.0,1552
2022-10-03 03:40:12,25,10,3599.5,1562
2022-10-03 03:40:13,13,-5,3599.0,1557
2022-10-03 03:40:14,14,-14,3598.5,1543
2022-10-03 03:40:17,6,2,3598.25,1545
2022-10-03 03:40:18,4,0,3598.25,1545
2022-10-03 03:40:20,2,-2,3598.25,1543
2022-10-03 03:40:21,87,-29,3598.25,1514
2022-10-03 03:40:22,32,16,3598.5,1530
2022-10-03 03:40:23,3,1,3598.25,1531
2022-10-03 03:40:24,38,-22,3598.25,1509
2022-10-03 03:40:25,7,1,3598.5,1510
2022-10-03 03:40:26,13,16,3598.75,1526
2022-10-03 03:40:27,2,-2,3598.5,1524
2022-10-03 03:40:28,103,-70,3598.5,1454
2022-10-03 03:40:29,7,5,3597.25,1459
2022-10-03 03:40:31,21,-7,3597.25,1452
2022-10-03 03:40:32,22,3,3598.0,1455
2022-10-03 03:40:34,8,4,3598.0,1459
2022-10-03 03:40:35,4,2,3598.25,1461
2022-10-03 03:40:36,20,-1,3598.0,1460
2022-10-03 03:40:37,6,0,3598.25,1460
2022-10-03 03:40:38,4,0,3598.25,1460
2022-10-03 03:40:39,1,1,3598.25,1461
2022-10-03 03:40:40,20,5,3598.5,1466
2022-10-03 03:40:41,3,-3,3598.5,1463
2022-10-03 03:40:42,3,-1,3598.5,1462
2022-10-03 03:40:43,15,4,3598.75,1466
2022-10-03 03:40:44,6,0,3598.75,1466
2022-10-03 03:40:45,3,-1,3598.5,1465
2022-10-03 03:40:46,7,4,3598.75,1469
2022-10-03 03:40:47,1,1,3599.0,1470
2022-10-03 03:40:48,10,0,3599.0,1470
2022-10-03 03:40:49,10,8,3599.0,1478
2022-10-03 03:40:50,4,-2,3598.75,1476
2022-10-03 03:40:52,17,17,3599.25,1493
2022-10-03 03:40:53,28,-5,3599.5,1488
2022-10-03 03:40:54,43,15,3600.75,1503
2022-10-03 03:40:55,27,-7,3600.5,1496
2022-10-03 03:40:56,2,0,3600.25,1496
2022-10-03 03:40:57,1,-1,3599.75,1495
2022-10-03 03:40:58,5,-3,3599.75,1492
2022-10-03 03:40:59,10,-4,3599.75,1488
2022-10-03 03:41:00,5,-3,3599.25,1485
2022-10-03 03:41:01,12,2,3599.75,1487
2022-10-03 03:41:02,3,1,3599.75,1488
2022-10-03 03:41:03,2,0,3599.75,1488
2022-10-03 03:41:04,2,-2,3599.5,1486
2022-10-03 03:41:05,2,-2,3599.5,1484
2022-10-03 03:41:07,4,0,3599.75,1484
2022-10-03 03:41:09,1,-1,3599.5,1483
2022-10-03 03:41:10,13,7,3600.0,1490
2022-10-03 03:41:11,83,14,3600.25,1504
2022-10-03 03:41:12,54,-8,3600.0,1496
2022-10-03 03:41:13,13,-2,3600.0,1494
2022-10-03 03:41:14,10,3,3599.5,1497
2022-10-03 03:41:15,43,35,3600.5,1532
2022-10-03 03:41:16,12,-4,3600.5,1528
2022-10-03 03:41:17,25,-3,3600.25,1525
2022-10-03 03:41:19,3,3,3600.25,1528
2022-10-03 03:41:20,3,-1,3600.25,1527
2022-10-03 03:41:21,6,2,3600.5,1529
2022-10-03 03:41:22,18,0,3600.5,1529
2022-10-03 03:41:23,18,10,3600.75,1539
2022-10-03 03:41:24,5,1,3600.75,1540
2022-10-03 03:41:25,11,5,3600.5,1545
2022-10-03 03:41:26,5,-3,3600.5,1542
2022-10-03 03:41:27,18,7,3601.0,1549
2022-10-03 03:41:28,3,-1,3600.5,1548
2022-10-03 03:41:29,3,-3,3600.5,1545
2022-10-03 03:41:30,2,-2,3600.5,1543
2022-10-03 03:41:31,59,43,3601.75,1586
2022-10-03 03:41:32,26,7,3602.0,1593
2022-10-03 03:41:33,124,49,3602.75,1642
2022-10-03 03:41:34,26,4,3602.5,1646
2022-10-03 03:41:35,5,5,3602.5,1651
2022-10-03 03:41:36,12,-5,3602.5,1646
2022-10-03 03:41:37,2,1,3602.5,1647
2022-10-03 03:41:38,49,34,3602.5,1681
2022-10-03 03:41:39,3,-1,3602.0,1680
2022-10-03 03:41:40,19,-7,3602.25,1673
2022-10-03 03:41:41,4,2,3602.0,1675
2022-10-03 03:41:42,39,42,3602.25,1717
2022-10-03 03:41:43,4,0,3602.0,1717
2022-10-03 03:41:44,2,-2,3601.75,1715
2022-10-03 03:41:45,9,-5,3601.75,1710
2022-10-03 03:41:46,2,0,3601.75,1710
2022-10-03 03:41:47,2,-2,3601.75,1708
2022-10-03 03:41:48,4,-4,3601.75,1704
2022-10-03 03:41:49,4,0,3601.5,1704
2022-10-03 03:41:50,6,4,3601.75,1708
2022-10-03 03:41:51,9,9,3602.0,1717
2022-10-03 03:41:54,27,1,3602.75,1718
2022-10-03 03:41:55,7,-4,3602.75,1714
2022-10-03 03:41:56,2,-2,3602.0,1712
2022-10-03 03:41:57,21,7,3601.75,1719
2022-10-03 03:41:59,6,-2,3602.0,1717
2022-10-03 03:42:00,7,5,3602.5,1722
2022-10-03 03:42:01,11,7,3603.0,1729
2022-10-03 03:42:02,4,-4,3602.5,1725
2022-10-03 03:42:03,2,-2,3602.5,1723
2022-10-03 03:42:04,5,-3,3602.5,1720
2022-10-03 03:42:05,4,3,3602.5,1723
2022-10-03 03:42:06,8,7,3602.75,1730
2022-10-03 03:42:08,14,0,3602.75,1730
2022-10-03 03:42:09,5,-1,3602.75,1729
2022-10-03 03:42:10,1,-1,3602.75,1728
2022-10-03 03:42:11,3,-1,3602.5,1727
2022-10-03 03:42:12,11,8,3603.0,1735
2022-10-03 03:42:14,9,-5,3602.75,1730
2022-10-03 03:42:15,1,1,3602.75,1731
2022-10-03 03:42:16,4,-3,3602.5,1728
2022-10-03 03:42:17,1,-1,3602.75,1727
2022-10-03 03:42:18,5,5,3603.0,1732
2022-10-03 03:42:19,10,-4,3603.0,1728
2022-10-03 03:42:20,8,-4,3603.25,1724
2022-10-03 03:42:21,5,-3,3603.0,1721
2022-10-03 03:42:22,4,0,3602.5,1721
2022-10-03 03:42:23,16,16,3602.75,1737
2022-10-03 03:42:25,2,2,3602.75,1739
2022-10-03 03:42:26,1,-1,3602.75,1738
2022-10-03 03:42:27,1,1,3603.0,1739
2022-10-03 03:42:28,10,3,3603.0,1742
2022-10-03 03:42:29,2,2,3603.0,1744
2022-10-03 03:42:30,9,-5,3603.0,1739
2022-10-03 03:42:31,8,-4,3602.5,1735
2022-10-03 03:42:32,23,-5,3603.0,1730
2022-10-03 03:42:33,2,1,3603.0,1731
2022-10-03 03:42:34,30,11,3604.0,1742
2022-10-03 03:42:35,80,22,3604.75,1764
2022-10-03 03:42:36,8,2,3604.5,1766
2022-10-03 03:42:37,4,0,3604.75,1766
2022-10-03 03:42:38,6,4,3604.5,1770
2022-10-03 03:42:39,7,1,3604.5,1771
2022-10-03 03:42:40,5,1,3604.25,1772
2022-10-03 03:42:41,2,0,3604.5,1772
2022-10-03 03:42:42,5,5,3604.5,1777
2022-10-03 03:42:43,6,-2,3604.25,1775
2022-10-03 03:42:44,4,-4,3604.5,1771
2022-10-03 03:42:45,1,-1,3604.25,1770
2022-10-03 03:42:46,3,0,3604.0,1770
2022-10-03 03:42:47,3,-3,3604.0,1767
2022-10-03 03:42:48,4,4,3604.25,1771
2022-10-03 03:42:49,5,4,3604.5,1775
2022-10-03 03:42:50,2,-2,3604.5,1773
2022-10-03 03:42:53,16,-5,3604.25,1768
2022-10-03 03:42:54,14,4,3604.0,1772
2022-10-03 03:42:55,4,2,3604.25,1774
2022-10-03 03:42:57,2,2,3604.0,1776
2022-10-03 03:42:58,1,-1,3603.75,1775
2022-10-03 03:42:59,1,-1,3604.0,1774
2022-10-03 03:43:00,12,-4,3603.75,1770
2022-10-03 03:43:01,18,-11,3603.5,1759
2022-10-03 03:43:02,23,-7,3603.0,1752
2022-10-03 03:43:03,6,-4,3603.0,1748
2022-10-03 03:43:05,3,-3,3603.25,1745
2022-10-03 03:43:06,2,2,3603.0,1747
2022-10-03 03:43:07,10,-6,3603.0,1741
2022-10-03 03:43:08,1,-1,3602.75,1740
2022-10-03 03:43:09,2,2,3603.0,1742
2022-10-03 03:43:10,10,-8,3603.0,1734
2022-10-03 03:43:11,8,-4,3602.75,1730
2022-10-03 03:43:12,4,2,3603.0,1732
2022-10-03 03:43:13,8,-8,3602.75,1724
2022-10-03 03:43:14,8,5,3602.75,1729
2022-10-03 03:43:15,4,2,3602.75,1731
2022-10-03 03:43:16,3,3,3602.75,1734
2022-10-03 03:43:18,14,-3,3602.75,1731
2022-10-03 03:43:19,2,0,3602.75,1731
2022-10-03 03:43:20,10,-2,3602.5,1729
2022-10-03 03:43:21,7,-4,3602.75,1725
2022-10-03 03:43:22,19,5,3602.25,1730
2022-10-03 03:43:23,1,-1,3602.25,1729
2022-10-03 03:43:25,10,-9,3602.0,1720
2022-10-03 03:43:27,19,-5,3602.0,1715
2022-10-03 03:43:28,4,2,3602.0,1717
2022-10-03 03:43:29,6,-6,3602.0,1711
2022-10-03 03:43:30,8,4,3602.25,1715
2022-10-03 03:43:31,9,2,3602.25,1717
2022-10-03 03:43:33,4,4,3602.0,1721
2022-10-03 03:43:34,2,-2,3602.0,1719
2022-10-03 03:43:35,7,-7,3602.25,1712
2022-10-03 03:43:36,1,-1,3602.0,1711
2022-10-03 03:43:37,23,16,3602.5,1727
2022-10-03 03:43:39,2,-2,3602.0,1725
2022-10-03 03:43:40,7,-1,3601.75,1724
2022-10-03 03:43:41,26,-8,3602.0,1716
2022-10-03 03:43:43,1,1,3602.0,1717
2022-10-03 03:43:45,2,0,3602.0,1717
2022-10-03 03:43:46,1,-1,3602.0,1716
2022-10-03 03:43:47,2,0,3602.25,1716
2022-10-03 03:43:48,4,2,3602.5,1718
2022-10-03 03:43:50,1,1,3602.5,1719
2022-10-03 03:43:51,10,7,3602.5,1726
2022-10-03 03:43:54,6,-2,3602.25,1724
2022-10-03 03:43:56,1,-1,3602.0,1723
2022-10-03 03:43:58,7,3,3602.25,1726
2022-10-03 03:43:59,5,-5,3602.0,1721
2022-10-03 03:44:00,97,8,3602.0,1729
2022-10-03 03:44:01,13,-6,3601.25,1723
2022-10-03 03:44:02,73,-34,3601.25,1689
2022-10-03 03:44:03,14,4,3600.25,1693
2022-10-03 03:44:04,11,1,3600.5,1694
2022-10-03 03:44:05,5,3,3600.5,1697
2022-10-03 03:44:06,1,1,3600.75,1698
2022-10-03 03:44:07,31,9,3601.0,1707
2022-10-03 03:44:08,6,0,3601.0,1707
2022-10-03 03:44:09,1,-1,3600.75,1706
2022-10-03 03:44:10,1,-1,3600.75,1705
2022-10-03 03:44:12,8,0,3601.0,1705
2022-10-03 03:44:13,8,8,3601.5,1713
2022-10-03 03:44:15,4,-2,3601.25,1711
2022-10-03 03:44:16,4,0,3601.5,1711
2022-10-03 03:44:17,2,-2,3601.25,1709
2022-10-03 03:44:18,2,2,3601.25,1711
2022-10-03 03:44:20,3,3,3601.25,1714
2022-10-03 03:44:21,1,-1,3601.25,1713
2022-10-03 03:44:22,13,-5,3601.25,1708
2022-10-03 03:44:23,4,-4,3600.75,1704
2022-10-03 03:44:24,4,0,3600.5,1704
2022-10-03 03:44:25,2,2,3600.5,1706
2022-10-03 03:44:26,9,-1,3600.5,1705
2022-10-03 03:44:27,1,1,3600.5,1706
2022-10-03 03:44:29,27,19,3601.5,1725
2022-10-03 03:44:30,17,7,3600.5,1732
2022-10-03 03:44:32,3,3,3600.5,1735
2022-10-03 03:44:33,2,-2,3600.5,1733
2022-10-03 03:44:34,10,0,3600.5,1733
2022-10-03 03:44:35,1,1,3600.25,1734
2022-10-03 03:44:36,1,-1,3600.0,1733
2022-10-03 03:44:37,7,1,3600.0,1734
2022-10-03 03:44:38,6,0,3599.75,1734
2022-10-03 03:44:39,28,-16,3599.5,1718
2022-10-03 03:44:40,2,2,3599.5,1720
2022-10-03 03:44:42,4,2,3599.75,1722
2022-10-03 03:44:44,1,1,3599.5,1723
2022-10-03 03:44:45,29,-18,3600.0,1705
2022-10-03 03:44:46,2,-2,3599.75,1703
2022-10-03 03:44:47,8,-4,3599.75,1699
2022-10-03 03:44:48,33,16,3600.75,1715
2022-10-03 03:44:49,2,0,3600.75,1715
2022-10-03 03:44:50,5,-1,3600.75,1714
2022-10-03 03:44:51,5,5,3600.75,1719
2022-10-03 03:44:53,3,2,3600.75,1721
2022-10-03 03:44:55,3,1,3600.75,1722
2022-10-03 03:45:00,8,0,3600.5,1722
2022-10-03 03:45:01,1,1,3600.25,1723
2022-10-03 03:45:02,5,-1,3600.5,1722
2022-10-03 03:45:03,3,1,3600.75,1723
2022-10-03 03:45:04,1,1,3600.75,1724
2022-10-03 03:45:05,9,1,3600.75,1725
2022-10-03 03:45:06,9,-3,3600.75,1722
2022-10-03 03:45:07,7,-3,3600.5,1719
2022-10-03 03:45:08,5,1,3600.5,1720
2022-10-03 03:45:09,12,9,3601.0,1729
2022-10-03 03:45:10,6,2,3601.0,1731
2022-10-03 03:45:11,21,28,3601.0,1759
2022-10-03 03:45:12,4,4,3601.0,1763
2022-10-03 03:45:13,15,-12,3601.0,1751
2022-10-03 03:45:14,1,-1,3600.5,1750
2022-10-03 03:45:16,1,1,3601.0,1751
2022-10-03 03:45:18,10,0,3601.0,1751
2022-10-03 03:45:19,6,0,3601.0,1751
2022-10-03 03:45:20,1,1,3601.0,1752
2022-10-03 03:45:21,5,-3,3601.0,1749
2022-10-03 03:45:22,4,4,3601.25,1753
2022-10-03 03:45:23,5,-1,3601.0,1752
2022-10-03 03:45:24,2,-2,3600.75,1750
2022-10-03 03:45:25,1,-1,3600.75,1749
2022-10-03 03:45:27,13,7,3600.75,1756
2022-10-03 03:45:28,1,1,3600.75,1757
2022-10-03 03:45:29,1,1,3600.75,1758
2022-10-03 03:45:30,12,-4,3600.5,1754
2022-10-03 03:45:31,5,3,3600.5,1757
2022-10-03 03:45:32,1,1,3600.5,1758
2022-10-03 03:45:33,2,0,3600.5,1758
2022-10-03 03:45:34,2,-2,3600.25,1756
2022-10-03 03:45:36,35,1,3600.25,1757
2022-10-03 03:45:37,51,-28,3599.75,1729
2022-10-03 03:45:38,2,-2,3599.5,1727
2022-10-03 03:45:40,7,-4,3599.5,1723
2022-10-03 03:45:42,9,3,3599.5,1726
2022-10-03 03:45:43,6,0,3599.5,1726
2022-10-03 03:45:44,10,-4,3599.5,1722
2022-10-03 03:45:45,20,30,3599.5,1752
2022-10-03 03:45:46,13,5,3599.5,1757
2022-10-03 03:45:47,27,18,3600.0,1775
2022-10-03 03:45:48,10,-2,3600.25,1773
2022-10-03 03:45:50,25,25,3600.0,1798
2022-10-03 03:45:51,5,5,3600.0,1803
2022-10-03 03:45:54,9,-7,3599.75,1796
2022-10-03 03:45:55,5,2,3600.0,1798
2022-10-03 03:45:57,1,1,3600.0,1799
2022-10-03 03:45:58,18,10,3600.25,1809
2022-10-03 03:45:59,14,-1,3600.5,1808
2022-10-03 03:46:00,9,2,3600.5,1810
2022-10-03 03:46:01,7,-5,3600.75,1805
2022-10-03 03:46:02,9,1,3600.75,1806
2022-10-03 03:46:03,1,-1,3600.5,1805
2022-10-03 03:46:04,10,4,3601.0,1809
2022-10-03 03:46:05,25,33,3601.5,1842
2022-10-03 03:46:06,5,1,3601.25,1843
2022-10-03 03:46:07,6,-6,3601.0,1837
2022-10-03 03:46:08,5,-3,3601.0,1834
2022-10-03 03:46:09,1,1,3601.0,1835
2022-10-03 03:46:12,9,-1,3601.0,1834
2022-10-03 03:46:13,2,1,3601.25,1835
2022-10-03 03:46:14,1,-1,3601.25,1834
2022-10-03 03:46:15,20,4,3601.75,1838
2022-10-03 03:46:16,17,2,3602.0,1840
2022-10-03 03:46:17,11,-3,3601.75,1837
2022-10-03 03:46:18,4,0,3601.5,1837
2022-10-03 03:46:20,11,-5,3601.25,1832
2022-10-03 03:46:21,3,3,3601.25,1835
2022-10-03 03:46:22,2,2,3601.25,1837
2022-10-03 03:46:23,1,-1,3601.0,1836
2022-10-03 03:46:24,1,1,3601.25,1837
2022-10-03 03:46:25,14,3,3601.75,1840
2022-10-03 03:46:26,6,2,3601.5,1842
2022-10-03 03:46:27,5,5,3602.0,1847
2022-10-03 03:46:28,11,-5,3602.0,1842
2022-10-03 03:46:30,11,-3,3601.75,1839
2022-10-03 03:46:32,4,2,3601.75,1841
2022-10-03 03:46:34,2,1,3602.0,1842
2022-10-03 03:46:35,6,-6,3601.75,1836
2022-10-03 03:46:36,56,9,3602.0,1845
2022-10-03 03:46:37,71,-3,3602.0,1842
2022-10-03 03:46:38,2,-2,3601.75,1840
2022-10-03 03:46:39,16,-8,3601.5,1832
2022-10-03 03:46:40,2,2,3601.5,1834
2022-10-03 03:46:41,3,3,3601.5,1837
2022-10-03 03:46:42,7,1,3601.75,1838
2022-10-03 03:46:43,3,3,3601.5,1841
2022-10-03 03:46:44,7,5,3601.75,1846
2022-10-03 03:46:46,18,3,3602.0,1849
2022-10-03 03:46:47,1,-1,3601.75,1848
2022-10-03 03:46:48,11,-13,3601.75,1835
2022-10-03 03:46:49,3,-3,3601.25,1832
2022-10-03 03:46:50,2,-2,3601.25,1830
2022-10-03 03:46:51,5,3,3601.25,1833
2022-10-03 03:46:53,4,4,3601.25,1837
2022-10-03 03:46:54,1,-1,3601.25,1836
2022-10-03 03:46:55,14,7,3602.0,1843
2022-10-03 03:46:56,1,1,3602.0,1844
2022-10-03 03:47:00,18,-6,3601.75,1838
2022-10-03 03:47:01,4,-4,3601.5,1834
2022-10-03 03:47:02,23,2,3601.0,1836
2022-10-03 03:47:03,2,-2,3600.75,1834
2022-10-03 03:47:04,13,12,3600.75,1846
2022-10-03 03:47:05,13,1,3600.75,1847
2022-10-03 03:47:08,3,3,3601.25,1850
2022-10-03 03:47:09,13,5,3601.5,1855
2022-10-03 03:47:10,1,1,3601.5,1856
2022-10-03 03:47:12,1,1,3601.5,1857
2022-10-03 03:47:15,7,1,3601.25,1858
2022-10-03 03:47:16,2,2,3601.25,1860
2022-10-03 03:47:17,1,1,3601.25,1861
2022-10-03 03:47:18,3,-1,3601.25,1860
2022-10-03 03:47:20,12,6,3601.75,1866
2022-10-03 03:47:21,37,1,3602.0,1867
2022-10-03 03:47:23,8,-6,3601.75,1861
2022-10-03 03:47:24,2,2,3601.75,1863
2022-10-03 03:47:27,10,5,3602.0,1868
2022-10-03 03:47:28,288,102,3604.25,1970
2022-10-03 03:47:29,8,-6,3604.0,1964
2022-10-03 03:47:30,24,6,3604.25,1970
2022-10-03 03:47:31,40,-20,3604.25,1950
2022-10-03 03:47:32,2,0,3604.25,1950
2022-10-03 03:47:33,4,-4,3604.0,1946
2022-10-03 03:47:34,20,-4,3603.75,1942
2022-10-03 03:47:35,3,1,3603.75,1943
2022-10-03 03:47:36,24,-23,3603.5,1920
2022-10-03 03:47:37,4,0,3603.5,1920
2022-10-03 03:47:39,1,1,3603.5,1921
2022-10-03 03:47:40,4,-2,3603.25,1919
2022-10-03 03:47:43,2,0,3602.75,1919
2022-10-03 03:47:44,1,-1,3602.75,1918
2022-10-03 03:47:46,9,6,3602.75,1924
2022-10-03 03:47:48,3,-3,3603.0,1921
2022-10-03 03:47:49,3,-1,3602.75,1920
2022-10-03 03:47:50,1,-1,3602.75,1919
2022-10-03 03:47:51,8,-6,3602.5,1913
2022-10-03 03:47:53,11,5,3603.0,1918
2022-10-03 03:47:54,11,4,3603.5,1922
2022-10-03 03:47:55,1,-1,3603.25,1921
2022-10-03 03:47:59,14,6,3603.5,1927
2022-10-03 03:48:00,8,-4,3603.5,1923
2022-10-03 03:48:02,5,-1,3603.75,1922
2022-10-03 03:48:04,3,3,3604.0,1925
2022-10-03 03:48:05,6,-4,3603.75,1921
2022-10-03 03:48:06,14,-6,3603.75,1915
2022-10-03 03:48:07,16,-2,3603.25,1913
2022-10-03 03:48:10,12,1,3603.5,1914
2022-10-03 03:48:11,3,-3,3603.5,1911
2022-10-03 03:48:14,15,-3,3603.5,1908
2022-10-03 03:48:15,15,-5,3603.0,1903
2022-10-03 03:48:16,5,-1,3602.75,1902
2022-10-03 03:48:17,3,-3,3602.75,1899
2022-10-03 03:48:18,1,1,3602.75,1900
2022-10-03 03:48:19,5,-5,3602.5,1895
2022-10-03 03:48:20,4,2,3602.5,1897
2022-10-03 03:48:21,23,-10,3602.25,1887
2022-10-03 03:48:22,5,3,3602.0,1890
2022-10-03 03:48:23,6,0,3602.5,1890
2022-10-03 03:48:24,2,-2,3602.25,1888
2022-10-03 03:48:25,13,6,3602.5,1894
2022-10-03 03:48:26,3,-1,3602.75,1893
2022-10-03 03:48:27,1,1,3602.5,1894
2022-10-03 03:48:28,4,-3,3602.5,1891
2022-10-03 03:48:30,19,10,3603.0,1901
2022-10-03 03:48:32,14,0,3603.25,1901
2022-10-03 03:48:33,6,6,3604.0,1907
2022-10-03 03:48:34,14,3,3603.75,1910
2022-10-03 03:48:35,16,5,3604.0,1915
2022-10-03 03:48:36,3,-1,3603.75,1914
2022-10-03 03:48:37,1,1,3603.75,1915
2022-10-03 03:48:38,2,0,3604.0,1915
2022-10-03 03:48:39,7,-1,3603.5,1914
2022-10-03 03:48:41,4,4,3603.5,1918
2022-10-03 03:48:42,3,-3,3603.5,1915
2022-10-03 03:48:43,1,-1,3603.5,1914
2022-10-03 03:48:44,3,1,3603.5,1915
2022-10-03 03:48:45,2,-2,3603.5,1913
2022-10-03 03:48:46,1,-1,3603.5,1912
2022-10-03 03:48:47,1,-1,3603.75,1911
2022-10-03 03:48:48,4,2,3604.25,1913
2022-10-03 03:48:50,1,1,3604.25,1914
2022-10-03 03:48:51,5,-3,3604.25,1911
2022-10-03 03:48:53,18,2,3604.75,1913
2022-10-03 03:48:54,3,-1,3604.5,1912
2022-10-03 03:48:55,1,1,3604.5,1913
2022-10-03 03:48:57,6,-2,3604.25,1911
2022-10-03 03:48:58,4,2,3604.75,1913
2022-10-03 03:49:00,40,17,3605.0,1930
2022-10-03 03:49:01,1,1,3605.0,1931
2022-10-03 03:49:02,11,-3,3604.75,1928
2022-10-03 03:49:03,6,-4,3604.5,1924
2022-10-03 03:49:05,1,1,3604.75,1925
2022-10-03 03:49:06,14,-7,3604.5,1918
2022-10-03 03:49:07,2,-2,3604.0,1916
2022-10-03 03:49:08,7,-3,3604.0,1913
2022-10-03 03:49:09,15,-8,3603.75,1905
2022-10-03 03:49:10,4,-4,3603.25,1901
2022-10-03 03:49:11,3,-1,3603.0,1900
2022-10-03 03:49:12,12,6,3603.5,1906
2022-10-03 03:49:14,1,1,3603.75,1907
2022-10-03 03:49:15,6,-2,3603.5,1905
2022-10-03 03:49:16,10,13,3603.75,1918
2022-10-03 03:49:17,6,-3,3604.0,1915
2022-10-03 03:49:18,5,1,3603.75,1916
2022-10-03 03:49:20,2,2,3603.5,1918
2022-10-03 03:49:21,5,-1,3603.75,1917
2022-10-03 03:49:22,1,-1,3603.75,1916
2022-10-03 03:49:23,4,4,3603.5,1920
2022-10-03 03:49:25,6,-2,3603.75,1918
2022-10-03 03:49:26,11,-4,3604.0,1914
2022-10-03 03:49:27,5,1,3604.0,1915
2022-10-03 03:49:30,9,-5,3603.75,1910
2022-10-03 03:49:31,7,-4,3604.0,1906
2022-10-03 03:49:34,5,-5,3604.0,1901
2022-10-03 03:49:36,1,-1,3604.0,1900
2022-10-03 03:49:37,5,-1,3604.25,1899
2022-10-03 03:49:39,4,4,3604.5,1903
2022-10-03 03:49:40,14,2,3604.75,1905
2022-10-03 03:49:41,4,-1,3604.5,1904
2022-10-03 03:49:43,9,-6,3604.25,1898
2022-10-03 03:49:44,21,-4,3604.25,1894
2022-10-03 03:49:45,6,-2,3604.25,1892
2022-10-03 03:49:46,23,0,3604.25,1892
2022-10-03 03:49:47,4,-4,3604.0,1888
2022-10-03 03:49:48,4,-4,3603.75,1884
2022-10-03 03:49:49,6,0,3604.0,1884
2022-10-03 03:49:50,2,0,3603.75,1884
2022-10-03 03:49:54,3,-3,3604.0,1881
2022-10-03 03:49:55,1,-1,3604.0,1880
2022-10-03 03:50:00,2,2,3604.0,1882
2022-10-03 03:50:01,9,1,3604.25,1883
2022-10-03 03:50:02,6,-4,3603.75,1879
2022-10-03 03:50:03,8,2,3603.5,1881
2022-10-03 03:50:04,8,-2,3603.25,1879
2022-10-03 03:50:05,4,1,3603.25,1880
2022-10-03 03:50:06,5,-6,3603.0,1874
2022-10-03 03:50:07,3,1,3603.0,1875
2022-10-03 03:50:09,2,0,3603.25,1875
2022-10-03 03:50:10,4,-3,3603.25,1872
2022-10-03 03:50:12,1,1,3603.25,1873
2022-10-03 03:50:13,1,-1,3603.25,1872
2022-10-03 03:50:14,2,-2,3603.25,1870
2022-10-03 03:50:15,12,2,3604.25,1872
2022-10-03 03:50:16,1,-1,3604.25,1871
2022-10-03 03:50:17,7,4,3604.75,1875
2022-10-03 03:50:18,3,-3,3604.5,1872
2022-10-03 03:50:19,1,-1,3604.5,1871
2022-10-03 03:50:22,6,0,3604.0,1871
2022-10-03 03:50:23,1,-1,3603.75,1870
2022-10-03 03:50:24,9,-2,3603.75,1868
2022-10-03 03:50:26,7,3,3603.75,1871
2022-10-03 03:50:27,4,-1,3603.5,1870
2022-10-03 03:50:28,20,6,3603.25,1876
2022-10-03 03:50:29,6,-4,3603.0,1872
2022-10-03 03:50:30,1,-1,3602.5,1871
2022-10-03 03:50:31,9,2,3602.75,1873
2022-10-03 03:50:32,1,-1,3602.5,1872
2022-10-03 03:50:33,1,1,3602.5,1873
2022-10-03 03:50:34,2,-2,3602.5,1871
2022-10-03 03:50:35,8,4,3602.5,1875
2022-10-03 03:50:36,19,-1,3602.25,1874
2022-10-03 03:50:37,1,-1,3602.0,1873
2022-10-03 03:50:38,5,-1,3602.25,1872
2022-10-03 03:50:39,1,-1,3602.25,1871
2022-10-03 03:50:41,6,-6,3602.0,1865
2022-10-03 03:50:42,39,23,3602.75,1888
2022-10-03 03:50:43,25,3,3603.25,1891
2022-10-03 03:50:44,7,-2,3603.5,1889
2022-10-03 03:50:45,6,0,3603.5,1889
2022-10-03 03:50:47,9,-3,3603.25,1886
2022-10-03 03:50:49,1,-1,3603.25,1885
2022-10-03 03:50:50,17,3,3603.5,1888
2022-10-03 03:50:51,15,17,3604.0,1905
2022-10-03 03:50:52,32,8,3604.75,1913
2022-10-03 03:50:53,7,-1,3604.75,1912
2022-10-03 03:50:54,3,-3,3604.75,1909
2022-10-03 03:50:55,8,-6,3604.5,1903
2022-10-03 03:50:56,1,1,3604.5,1904
2022-10-03 03:50:57,6,-1,3604.5,1903
2022-10-03 03:51:00,7,-1,3604.0,1902
2022-10-03 03:51:01,7,-1,3604.5,1901
2022-10-03 03:51:02,1,-1,3604.25,1900
2022-10-03 03:51:07,12,-2,3604.0,1898
2022-10-03 03:51:08,5,-3,3604.0,1895
2022-10-03 03:51:10,10,-6,3604.0,1889
2022-10-03 03:51:11,8,-5,3604.0,1884
2022-10-03 03:51:12,13,6,3604.5,1890
2022-10-03 03:51:13,1,1,3604.25,1891
2022-10-03 03:51:16,5,1,3604.25,1892
2022-10-03 03:51:17,6,3,3604.5,1895
2022-10-03 03:51:18,1,-1,3604.5,1894
2022-10-03 03:51:19,1,-1,3604.5,1893
2022-10-03 03:51:20,1,1,3604.5,1894
2022-10-03 03:51:21,12,-4,3604.5,1890
2022-10-03 03:51:23,4,2,3604.5,1892
2022-10-03 03:51:24,2,-2,3604.25,1890
2022-10-03 03:51:25,2,2,3604.25,1892
2022-10-03 03:51:26,10,5,3604.5,1897
2022-10-03 03:51:27,1,-1,3604.5,1896
2022-10-03 03:51:28,1,-1,3604.5,1895
2022-10-03 03:51:30,2,2,3604.5,1897
2022-10-03 03:51:31,1,-1,3604.25,1896
2022-10-03 03:51:32,16,-5,3604.0,1891
2022-10-03 03:51:33,7,2,3604.0,1893
2022-10-03 03:51:34,3,-3,3604.0,1890
2022-10-03 03:51:35,2,2,3604.0,1892
2022-10-03 03:51:36,1,-1,3604.0,1891
2022-10-03 03:51:38,6,4,3604.25,1895
2022-10-03 03:51:39,2,-2,3604.25,1893
2022-10-03 03:51:40,2,-2,3604.0,1891
2022-10-03 03:51:41,3,3,3604.0,1894
2022-10-03 03:51:43,1,-1,3603.75,1893
2022-10-03 03:51:44,3,-3,3603.75,1890
2022-10-03 03:51:45,3,1,3603.75,1891
2022-10-03 03:51:46,8,-6,3603.75,1885
2022-10-03 03:51:48,14,4,3603.75,1889
2022-10-03 03:51:49,2,-2,3603.75,1887
2022-10-03 03:51:51,3,-1,3603.75,1886
2022-10-03 03:51:53,2,2,3603.75,1888
2022-10-03 03:51:56,5,-3,3604.0,1885
2022-10-03 03:51:57,8,-2,3603.75,1883
2022-10-03 03:51:58,3,-3,3603.75,1880
2022-10-03 03:51:59,1,1,3603.75,1881
2022-10-03 03:52:00,20,0,3604.25,1881
2022-10-03 03:52:01,37,-11,3603.75,1870
2022-10-03 03:52:02,7,1,3603.0,1871
2022-10-03 03:52:03,5,2,3603.0,1873
2022-10-03 03:52:04,6,-6,3602.75,1867
2022-10-03 03:52:05,27,4,3602.75,1871
2022-10-03 03:52:06,2,0,3602.5,1871
2022-10-03 03:52:07,4,0,3602.5,1871
2022-10-03 03:52:08,2,2,3602.5,1873
2022-10-03 03:52:09,7,2,3602.5,1875
2022-10-03 03:52:10,55,-1,3602.25,1874
2022-10-03 03:52:11,3,1,3602.0,1875
2022-10-03 03:52:12,1,-1,3602.0,1874
2022-10-03 03:52:15,6,-4,3601.75,1870
2022-10-03 03:52:16,11,0,3601.75,1870
2022-10-03 03:52:17,2,-2,3601.5,1868
2022-10-03 03:52:18,1,1,3601.75,1869
2022-10-03 03:52:19,32,-38,3601.5,1831
2022-10-03 03:52:20,25,1,3601.5,1832
2022-10-03 03:52:21,7,3,3601.0,1835
2022-10-03 03:52:22,12,-4,3601.0,1831
2022-10-03 03:52:23,10,-1,3600.5,1830
2022-10-03 03:52:24,17,-12,3600.75,1818
2022-10-03 03:52:26,8,0,3600.75,1818
2022-10-03 03:52:27,9,-1,3600.5,1817
2022-10-03 03:52:28,4,-4,3600.25,1813
2022-10-03 03:52:29,3,3,3600.25,1816
2022-10-03 03:52:30,2,-2,3600.0,1814
2022-10-03 03:52:31,6,-2,3600.5,1812
2022-10-03 03:52:32,5,-1,3600.75,1811
2022-10-03 03:52:33,1,1,3600.75,1812
2022-10-03 03:52:34,4,-4,3600.5,1808
2022-10-03 03:52:35,6,0,3600.75,1808
2022-10-03 03:52:36,7,-3,3600.5,1805
2022-10-03 03:52:37,4,0,3600.5,1805
2022-10-03 03:52:39,11,-3,3600.75,1802
2022-10-03 03:52:40,1,-1,3600.5,1801
2022-10-03 03:52:41,1,1,3600.5,1802
2022-10-03 03:52:42,29,16,3601.0,1818
2022-10-03 03:52:43,8,0,3600.75,1818
2022-10-03 03:52:44,4,-2,3601.0,1816
2022-10-03 03:52:45,1,-1,3600.5,1815
2022-10-03 03:52:46,7,-4,3600.5,1811
2022-10-03 03:52:47,2,0,3600.5,1811
2022-10-03 03:52:48,14,3,3600.75,1814
2022-10-03 03:52:50,1,-1,3600.75,1813
2022-10-03 03:52:51,1,-1,3600.75,1812
2022-10-03 03:52:52,36,8,3601.0,1820
2022-10-03 03:52:54,62,-14,3601.5,1806
2022-10-03 03:52:55,3,-1,3601.5,1805
2022-10-03 03:52:56,7,1,3601.5,1806
2022-10-03 03:52:57,1,-1,3601.25,1805
2022-10-03 03:52:58,16,0,3601.25,1805
2022-10-03 03:53:00,3,-1,3601.0,1804
2022-10-03 03:53:01,2,2,3601.0,1806
2022-10-03 03:53:02,5,1,3601.0,1807
2022-10-03 03:53:03,10,2,3600.75,1809
2022-10-03 03:53:04,7,-7,3600.75,1802
2022-10-03 03:53:05,2,-2,3600.5,1800
2022-10-03 03:53:07,193,-110,3600.5,1690
2022-10-03 03:53:08,2,-2,3599.25,1688
2022-10-03 03:53:09,36,-5,3599.25,1683
2022-10-03 03:53:10,3,-3,3598.75,1680
2022-10-03 03:53:11,17,-11,3598.5,1669
2022-10-03 03:53:12,2,-2,3598.25,1667
2022-10-03 03:53:13,20,0,3598.5,1667
2022-10-03 03:53:14,12,0,3598.5,1667
2022-10-03 03:53:15,61,-12,3598.5,1655
2022-10-03 03:53:16,4,-4,3597.75,1651
2022-10-03 03:53:17,7,1,3597.75,1652
2022-10-03 03:53:18,9,7,3598.25,1659
2022-10-03 03:53:19,4,-4,3598.0,1655
2022-10-03 03:53:20,2,0,3598.0,1655
2022-10-03 03:53:21,1,-1,3598.0,1654
2022-10-03 03:53:22,1,-1,3597.75,1653
2022-10-03 03:53:23,5,5,3597.75,1658
2022-10-03 03:53:25,2,-2,3597.75,1656
2022-10-03 03:53:26,24,19,3598.25,1675
2022-10-03 03:53:27,1,1,3597.75,1676
2022-10-03 03:53:28,7,-5,3597.75,1671
2022-10-03 03:53:29,1,1,3597.75,1672
2022-10-03 03:53:30,4,0,3597.75,1672
2022-10-03 03:53:31,5,-1,3597.75,1671
2022-10-03 03:53:34,5,-1,3598.0,1670
2022-10-03 03:53:35,31,-24,3597.75,1646
2022-10-03 03:53:36,14,-3,3597.25,1643
2022-10-03 03:53:37,2,0,3597.25,1643
2022-10-03 03:53:38,14,-6,3597.75,1637
2022-10-03 03:53:39,15,1,3598.0,1638
2022-10-03 03:53:40,14,-7,3598.25,1631
2022-10-03 03:53:41,1,1,3598.5,1632
2022-10-03 03:53:42,3,-3,3598.25,1629
2022-10-03 03:53:43,9,10,3598.5,1639
2022-10-03 03:53:44,7,-7,3598.25,1632
2022-10-03 03:53:45,9,2,3598.5,1634
2022-10-03 03:53:46,32,29,3598.75,1663
2022-10-03 03:53:47,5,-1,3598.75,1662
2022-10-03 03:53:48,6,-6,3598.5,1656
2022-10-03 03:53:49,20,2,3599.0,1658
2022-10-03 03:53:50,20,-6,3599.0,1652
2022-10-03 03:53:51,28,-6,3598.75,1646
2022-10-03 03:53:52,4,2,3598.75,1648
2022-10-03 03:53:53,4,0,3599.0,1648
2022-10-03 03:53:54,6,4,3599.0,1652
2022-10-03 03:53:55,2,0,3599.0,1652
2022-10-03 03:53:56,4,0,3599.0,1652
2022-10-03 03:53:57,2,-2,3599.0,1650
2022-10-03 03:53:58,15,-5,3599.0,1645
2022-10-03 03:53:59,3,-1,3599.0,1644
2022-10-03 03:54:01,7,-1,3598.75,1643
2022-10-03 03:54:02,2,-2,3598.5,1641
2022-10-03 03:54:03,8,-1,3598.5,1640
2022-10-03 03:54:05,5,-3,3598.5,1637
2022-10-03 03:54:06,2,2,3598.25,1639
2022-10-03 03:54:07,6,3,3598.75,1642
2022-10-03 03:54:08,7,-1,3598.25,1641
2022-10-03 03:54:09,1,1,3598.25,1642
2022-10-03 03:54:10,1,1,3598.25,1643
2022-10-03 03:54:13,4,0,3598.5,1643
2022-10-03 03:54:14,4,4,3598.75,1647
2022-10-03 03:54:15,2,0,3598.5,1647
2022-10-03 03:54:20,1,-1,3598.25,1646
2022-10-03 03:54:21,1,1,3598.25,1647
2022-10-03 03:54:23,8,6,3598.5,1653
2022-10-03 03:54:24,5,-1,3598.5,1652
2022-10-03 03:54:25,5,3,3598.75,1655
2022-10-03 03:54:27,10,0,3599.0,1655
2022-10-03 03:54:28,3,3,3599.25,1658
2022-10-03 03:54:29,5,0,3599.0,1658
2022-10-03 03:54:30,5,-4,3599.0,1654
2022-10-03 03:54:31,6,-6,3599.0,1648
2022-10-03 03:54:32,2,0,3599.25,1648
2022-10-03 03:54:33,2,2,3599.0,1650
2022-10-03 03:54:35,32,8,3599.75,1658
2022-10-03 03:54:36,17,3,3600.25,1661
2022-10-03 03:54:37,10,5,3600.75,1666
2022-10-03 03:54:38,11,1,3600.5,1667
2022-10-03 03:54:39,5,1,3600.25,1668
2022-10-03 03:54:40,10,-8,3600.25,1660
2022-10-03 03:54:41,109,-21,3600.25,1639
2022-10-03 03:54:43,1,-1,3599.25,1638
2022-10-03 03:54:44,3,3,3599.5,1641
2022-10-03 03:54:45,3,-3,3599.5,1638
2022-10-03 03:54:46,9,3,3599.75,1641
2022-10-03 03:54:47,18,10,3600.0,1651
2022-10-03 03:54:48,52,4,3600.0,1655
2022-10-03 03:54:50,4,4,3599.5,1659
2022-10-03 03:54:51,3,3,3599.5,1662
2022-10-03 03:54:52,5,1,3599.5,1663
2022-10-03 03:54:54,19,-2,3599.25,1661
2022-10-03 03:54:55,11,0,3599.0,1661
2022-10-03 03:54:57,2,2,3598.75,1663
2022-10-03 03:55:01,8,-13,3598.75,1650
2022-10-03 03:55:03,7,-7,3598.5,1643
2022-10-03 03:55:04,14,-10,3598.0,1633
2022-10-03 03:55:05,17,2,3598.0,1635
2022-10-03 03:55:06,2,0,3598.25,1635
2022-10-03 03:55:10,17,9,3598.75,1644
2022-10-03 03:55:11,5,7,3599.0,1651
2022-10-03 03:55:12,8,-8,3598.75,1643
2022-10-03 03:55:13,6,6,3599.0,1649
2022-10-03 03:55:14,4,-2,3598.75,1647
2022-10-03 03:55:17,5,3,3598.75,1650
2022-10-03 03:55:18,3,3,3599.25,1653
2022-10-03 03:55:19,34,33,3599.5,1686
2022-10-03 03:55:20,24,4,3599.75,1690
2022-10-03 03:55:21,8,-2,3599.75,1688
2022-10-03 03:55:24,1,1,3599.75,1689
2022-10-03 03:55:25,6,4,3599.75,1693
2022-10-03 03:55:27,7,-5,3599.5,1688
2022-10-03 03:55:28,6,6,3599.75,1694
2022-10-03 03:55:29,3,-3,3599.5,1691
2022-10-03 03:55:30,2,-2,3599.25,1689
2022-10-03 03:55:31,5,3,3599.5,1692
2022-10-03 03:55:32,24,1,3599.75,1693
2022-10-03 03:55:33,28,15,3600.5,1708
2022-10-03 03:55:35,2,0,3600.5,1708
2022-10-03 03:55:36,1,1,3600.5,1709
2022-10-03 03:55:37,5,-1,3600.5,1708
2022-10-03 03:55:38,17,-2,3600.5,1706
2022-10-03 03:55:41,32,-24,3600.25,1682
2022-10-03 03:55:43,6,-2,3600.0,1680
2022-10-03 03:55:44,1,1,3600.0,1681
2022-10-03 03:55:45,5,-3,3600.0,1678
2022-10-03 03:55:46,3,3,3600.25,1681
2022-10-03 03:55:47,5,-2,3600.0,1679
2022-10-03 03:55:49,15,1,3599.75,1680
2022-10-03 03:55:50,10,4,3600.0,1684
2022-10-03 03:55:53,46,13,3601.25,1697
2022-10-03 03:55:54,44,-4,3601.5,1693
2022-10-03 03:55:55,7,-3,3601.5,1690
2022-10-03 03:55:56,17,5,3601.25,1695
2022-10-03 03:55:58,3,1,3601.5,1696
2022-10-03 03:56:00,4,0,3601.25,1696
2022-10-03 03:56:01,16,-7,3601.5,1689
2022-10-03 03:56:02,4,2,3601.0,1691
2022-10-03 03:56:03,2,2,3601.0,1693
2022-10-03 03:56:04,27,-17,3601.5,1676
2022-10-03 03:56:05,8,-1,3601.25,1675
2022-10-03 03:56:06,20,12,3601.75,1687
2022-10-03 03:56:07,3,3,3601.5,1690
2022-10-03 03:56:08,7,7,3601.75,1697
2022-10-03 03:56:09,10,3,3601.75,1700
2022-10-03 03:56:10,6,6,3601.75,1706
2022-10-03 03:56:11,12,-5,3601.5,1701
2022-10-03 03:56:12,2,2,3601.5,1703
2022-10-03 03:56:13,3,3,3601.5,1706
2022-10-03 03:56:14,16,-11,3601.5,1695
2022-10-03 03:56:17,1,1,3601.5,1696
2022-10-03 03:56:18,11,-7,3601.25,1689
2022-10-03 03:56:19,1,1,3601.0,1690
2022-10-03 03:56:20,3,1,3601.0,1691
2022-10-03 03:56:22,10,-3,3600.75,1688
2022-10-03 03:56:23,3,1,3600.75,1689
2022-10-03 03:56:24,8,-9,3600.5,1680
2022-10-03 03:56:25,4,-2,3600.25,1678
2022-10-03 03:56:26,9,-3,3600.25,1675
2022-10-03 03:56:27,2,0,3600.0,1675
2022-10-03 03:56:28,5,1,3600.0,1676
2022-10-03 03:56:29,6,4,3600.0,1680
2022-10-03 03:56:30,3,3,3600.25,1683
2022-10-03 03:56:31,9,-11,3600.0,1672
2022-10-03 03:56:32,6,-4,3599.5,1668
2022-10-03 03:56:33,5,1,3600.0,1669
2022-10-03 03:56:34,36,4,3600.0,1673
2022-10-03 03:56:35,1,-1,3600.0,1672
2022-10-03 03:56:37,5,4,3600.25,1676
2022-10-03 03:56:38,10,5,3600.25,1681
2022-10-03 03:56:39,3,-3,3600.0,1678
2022-10-03 03:56:41,2,-2,3600.0,1676
2022-10-03 03:56:43,10,4,3600.25,1680
2022-10-03 03:56:48,5,1,3600.25,1681
2022-10-03 03:56:49,1,1,3600.5,1682
2022-10-03 03:56:50,17,4,3601.5,1686
2022-10-03 03:56:51,4,-4,3601.25,1682
2022-10-03 03:56:52,7,-5,3601.0,1677
2022-10-03 03:56:53,6,2,3601.5,1679
2022-10-03 03:56:55,7,-1,3601.5,1678
2022-10-03 03:56:56,17,12,3602.0,1690
2022-10-03 03:56:57,20,-4,3601.75,1686
2022-10-03 03:57:00,11,1,3601.75,1687
2022-10-03 03:57:01,39,18,3602.5,1705
2022-10-03 03:57:02,23,-3,3602.75,1702
2022-10-03 03:57:03,28,15,3603.0,1717
2022-10-03 03:57:04,22,-6,3603.0,1711
2022-10-03 03:57:05,4,2,3602.75,1713
2022-10-03 03:57:07,1,1,3602.5,1714
2022-10-03 03:57:08,4,0,3602.5,1714
2022-10-03 03:57:09,1,-1,3602.25,1713
2022-10-03 03:57:10,4,-2,3602.5,1711
2022-10-03 03:57:11,1,-1,3602.5,1710
2022-10-03 03:57:12,1,1,3602.5,1711
2022-10-03 03:57:13,3,-1,3602.75,1710
2022-10-03 03:57:14,1,1,3603.0,1711
2022-10-03 03:57:17,13,9,3603.25,1720
2022-10-03 03:57:18,60,-14,3603.75,1706
2022-10-03 03:57:19,1,1,3603.25,1707
2022-10-03 03:57:20,6,2,3603.5,1709
2022-10-03 03:57:22,11,5,3603.5,1714
2022-10-03 03:57:23,4,4,3603.75,1718
2022-10-03 03:57:24,5,-3,3603.5,1715
2022-10-03 03:57:25,1,-1,3603.5,1714
2022-10-03 03:57:26,3,-3,3603.5,1711
2022-10-03 03:57:27,6,4,3603.5,1715
2022-10-03 03:57:28,4,4,3603.75,1719
2022-10-03 03:57:29,4,-2,3603.5,1717
2022-10-03 03:57:30,30,7,3603.75,1724
2022-10-03 03:57:31,25,-19,3603.25,1705
2022-10-03 03:57:32,1,1,3603.25,1706
2022-10-03 03:57:33,4,2,3603.25,1708
2022-10-03 03:57:34,7,7,3603.5,1715
2022-10-03 03:57:35,5,5,3603.5,1720
2022-10-03 03:57:36,11,-6,3603.5,1714
2022-10-03 03:57:37,7,-3,3603.25,1711
2022-10-03 03:57:38,3,1,3603.0,1712
2022-10-03 03:57:39,2,-2,3603.0,1710
2022-10-03 03:57:40,6,6,3603.0,1716
2022-10-03 03:57:41,21,-9,3603.25,1707
2022-10-03 03:57:42,15,-13,3602.75,1694
2022-10-03 03:57:43,1,-1,3602.0,1693
2022-10-03 03:57:44,6,-4,3602.25,1689
2022-10-03 03:57:46,4,-2,3602.0,1687
2022-10-03 03:57:47,13,-4,3602.0,1683
2022-10-03 03:57:51,14,-6,3602.0,1677
2022-10-03 03:57:52,6,6,3601.5,1683
2022-10-03 03:57:53,2,-2,3601.5,1681
2022-10-03 03:57:54,4,-2,3601.5,1679
2022-10-03 03:57:55,8,0,3601.5,1679
2022-10-03 03:57:56,4,-4,3601.5,1675
2022-10-03 03:57:57,1,-1,3601.25,1674
2022-10-03 03:57:59,47,9,3601.5,1683
2022-10-03 03:58:00,9,-3,3602.0,1680
2022-10-03 03:58:03,7,-5,3601.5,1675
2022-10-03 03:58:04,6,4,3601.25,1679
2022-10-03 03:58:05,2,-2,3601.25,1677
2022-10-03 03:58:06,3,3,3601.5,1680
2022-10-03 03:58:07,4,-4,3601.5,1676
2022-10-03 03:58:08,1,1,3601.5,1677
2022-10-03 03:58:09,9,1,3601.75,1678
2022-10-03 03:58:10,3,-1,3602.0,1677
2022-10-03 03:58:12,2,-2,3601.75,1675
2022-10-03 03:58:15,19,3,3602.75,1678
2022-10-03 03:58:17,19,5,3602.25,1683
2022-10-03 03:58:18,2,2,3602.0,1685
2022-10-03 03:58:20,4,-2,3602.0,1683
2022-10-03 03:58:22,2,2,3602.0,1685
2022-10-03 03:58:23,9,3,3601.75,1688
2022-10-03 03:58:25,3,1,3601.5,1689
2022-10-03 03:58:26,3,-1,3601.5,1688
2022-10-03 03:58:27,5,3,3602.0,1691
2022-10-03 03:58:29,9,-3,3601.75,1688
2022-10-03 03:58:31,5,-1,3601.5,1687
2022-10-03 03:58:33,6,6,3601.75,1693
2022-10-03 03:58:34,27,-27,3601.5,1666
2022-10-03 03:58:35,5,-4,3601.25,1662
2022-10-03 03:58:36,7,-5,3601.25,1657
2022-10-03 03:58:37,3,-3,3601.25,1654
2022-10-03 03:58:39,13,-3,3601.0,1651
2022-10-03 03:58:40,19,4,3600.75,1655
2022-10-03 03:58:41,1,-1,3600.75,1654
2022-10-03 03:58:44,32,13,3601.25,1667
2022-10-03 03:58:47,4,-4,3601.0,1663
2022-10-03 03:58:49,2,0,3600.75,1663
2022-10-03 03:58:50,1,1,3600.75,1664
2022-10-03 03:58:51,2,-2,3600.75,1662
2022-10-03 03:58:53,16,11,3601.0,1673
2022-10-03 03:58:54,14,13,3601.75,1686
2022-10-03 03:58:55,2,0,3601.75,1686
2022-10-03 03:58:56,3,-3,3601.75,1683
2022-10-03 03:58:58,5,-5,3601.5,1678
2022-10-03 03:59:00,8,3,3601.25,1681
2022-10-03 03:59:01,1,-1,3601.25,1680
2022-10-03 03:59:05,1,-1,3601.0,1679
2022-10-03 03:59:06,4,0,3601.25,1679
2022-10-03 03:59:07,3,-3,3600.75,1676
2022-10-03 03:59:08,6,6,3600.5,1682
2022-10-03 03:59:09,6,4,3600.5,1686
2022-10-03 03:59:10,8,0,3601.0,1686
2022-10-03 03:59:12,3,1,3600.5,1687
2022-10-03 03:59:13,5,0,3600.5,1687
2022-10-03 03:59:15,1,-1,3600.5,1686
2022-10-03 03:59:16,21,4,3601.0,1690
2022-10-03 03:59:18,5,-1,3601.0,1689
2022-10-03 03:59:20,16,-6,3600.75,1683
2022-10-03 03:59:21,3,3,3600.25,1686
2022-10-03 03:59:22,5,3,3600.75,1689
2022-10-03 03:59:23,1,1,3600.75,1690
2022-10-03 03:59:24,9,5,3601.0,1695
2022-10-03 03:59:25,6,-2,3601.25,1693
2022-10-03 03:59:28,9,7,3601.0,1700
2022-10-03 03:59:29,16,2,3601.0,1702
2022-10-03 03:59:30,1,-1,3601.0,1701
2022-10-03 03:59:31,15,-1,3600.75,1700
2022-10-03 03:59:33,3,1,3601.0,1701
2022-10-03 03:59:35,6,-2,3601.25,1699
2022-10-03 03:59:38,10,3,3601.25,1702
2022-10-03 03:59:40,2,-2,3601.0,1700
2022-10-03 03:59:41,3,3,3601.0,1703
2022-10-03 03:59:42,5,-1,3601.0,1702
2022-10-03 03:59:43,23,28,3601.0,1730
2022-10-03 03:59:44,5,-1,3601.25,1729
2022-10-03 03:59:45,2,-2,3601.0,1727
2022-10-03 03:59:46,1,-1,3601.0,1726
2022-10-03 03:59:48,2,2,3601.0,1728
2022-10-03 03:59:50,1,-1,3601.0,1727
2022-10-03 03:59:51,21,-1,3600.75,1726
2022-10-03 03:59:55,6,2,3600.5,1728
2022-10-03 03:59:56,1,1,3600.75,1729
2022-10-03 03:59:57,13,9,3601.0,1738
2022-10-03 03:59:58,5,-4,3601.0,1734
2022-10-03 03:59:59,2,0,3601.25,1734
2022-10-03 04:00:00,103,-56,3601.25,1678
2022-10-03 04:00:01,13,-9,3600.25,1669
2022-10-03 04:00:02,36,-17,3599.75,1652
2022-10-03 04:00:03,21,1,3599.25,1653
2022-10-03 04:00:04,6,-4,3599.0,1649
2022-10-03 04:00:05,20,6,3599.25,1655
2022-10-03 04:00:06,18,-4,3599.0,1651
2022-10-03 04:00:07,2,-2,3598.75,1649
2022-10-03 04:00:08,7,5,3599.25,1654
2022-10-03 04:00:09,1,-1,3598.75,1653
2022-10-03 04:00:10,4,-2,3598.75,1651
2022-10-03 04:00:11,10,-2,3598.5,1649
2022-10-03 04:00:12,4,-2,3598.5,1647
2022-10-03 04:00:13,1,-1,3598.25,1646
2022-10-03 04:00:14,15,5,3598.5,1651
2022-10-03 04:00:15,1,-1,3598.25,1650
2022-10-03 04:00:16,10,2,3598.25,1652
2022-10-03 04:00:17,6,6,3598.5,1658
2022-10-03 04:00:19,28,2,3598.75,1660
2022-10-03 04:00:20,11,-3,3598.75,1657
2022-10-03 04:00:21,30,12,3599.0,1669
2022-10-03 04:00:22,6,0,3598.75,1669
2022-10-03 04:00:24,5,-2,3598.75,1667
2022-10-03 04:00:25,1,-1,3598.75,1666
2022-10-03 04:00:26,3,-3,3598.5,1663
2022-10-03 04:00:27,6,0,3598.25,1663
2022-10-03 04:00:28,7,3,3598.25,1666
2022-10-03 04:00:29,12,2,3598.25,1668
2022-10-03 04:00:30,8,0,3598.25,1668
2022-10-03 04:00:31,2,0,3598.25,1668
2022-10-03 04:00:32,11,-5,3598.5,1663
2022-10-03 04:00:33,28,-4,3598.0,1659
2022-10-03 04:00:34,3,3,3598.0,1662
2022-10-03 04:00:35,44,-10,3598.25,1652
2022-10-03 04:00:36,26,-9,3598.25,1643
2022-10-03 04:00:37,4,-4,3598.25,1639
2022-10-03 04:00:38,7,-3,3598.25,1636
2022-10-03 04:00:39,11,-7,3598.25,1629
2022-10-03 04:00:40,3,3,3598.25,1632
2022-10-03 04:00:41,1,-1,3598.25,1631
2022-10-03 04:00:42,21,2,3598.5,1633
2022-10-03 04:00:43,20,-13,3598.25,1620
2022-10-03 04:00:45,18,0,3598.25,1620
2022-10-03 04:00:47,39,5,3598.5,1625
2022-10-03 04:00:48,36,6,3598.5,1631
2022-10-03 04:00:50,25,-6,3598.5,1625
2022-10-03 04:00:51,6,5,3597.75,1630
2022-10-03 04:00:52,16,5,3598.0,1635
2022-10-03 04:00:53,8,0,3598.25,1635
2022-10-03 04:00:54,12,-6,3598.25,1629
2022-10-03 04:00:55,11,-9,3598.0,1620
2022-10-03 04:00:56,26,5,3598.0,1625
2022-10-03 04:00:57,2,-2,3597.75,1623
2022-10-03 04:00:58,16,-7,3598.0,1616
2022-10-03 04:00:59,23,-17,3597.75,1599
2022-10-03 04:01:00,212,-56,3597.5,1543
2022-10-03 04:01:01,76,-3,3596.75,1540
2022-10-03 04:01:02,19,-3,3596.0,1537
2022-10-03 04:01:03,18,0,3596.0,1537
2022-10-03 04:01:04,8,-6,3596.0,1531
2022-10-03 04:01:05,15,5,3596.25,1536
2022-10-03 04:01:06,28,3,3596.5,1539
2022-10-03 04:01:07,35,-27,3596.5,1512
2022-10-03 04:01:08,9,3,3596.5,1515
2022-10-03 04:01:09,15,6,3596.75,1521
2022-10-03 04:01:10,6,0,3596.5,1521
2022-10-03 04:01:11,13,-7,3596.75,1514
2022-10-03 04:01:13,7,-6,3596.25,1508
2022-10-03 04:01:14,20,7,3596.25,1515
2022-10-03 04:01:15,21,5,3596.25,1520
2022-10-03 04:01:16,22,-3,3596.75,1517
2022-10-03 04:01:17,14,-12,3596.75,1505
2022-10-03 04:01:19,22,-9,3596.75,1496
2022-10-03 04:01:20,30,-4,3596.5,1492
2022-10-03 04:01:21,9,-1,3596.5,1491
2022-10-03 04:01:22,11,-3,3596.25,1488
2022-10-03 04:01:23,6,0,3596.5,1488
2022-10-03 04:01:24,1,1,3596.5,1489
2022-10-03 04:01:25,3,-3,3596.25,1486
2022-10-03 04:01:26,8,-5,3596.25,1481
2022-10-03 04:01:27,4,0,3596.0,1481
2022-10-03 04:01:28,13,-4,3596.25,1477
2022-10-03 04:01:29,17,-2,3596.5,1475
2022-10-03 04:01:30,14,-5,3596.75,1470
2022-10-03 04:01:31,13,-3,3596.75,1467
2022-10-03 04:01:32,16,-4,3596.5,1463
2022-10-03 04:01:33,13,-8,3596.5,1455
2022-10-03 04:01:34,3,3,3596.25,1458
2022-10-03 04:01:35,11,-11,3596.25,1447
2022-10-03 04:01:36,6,-2,3596.25,1445
2022-10-03 04:01:37,6,6,3596.0,1451
2022-10-03 04:01:38,14,-12,3596.25,1439
2022-10-03 04:01:39,51,-27,3595.75,1412
2022-10-03 04:01:40,10,-8,3595.75,1404
2022-10-03 04:01:41,66,5,3596.0,1409
2022-10-03 04:01:42,1,1,3596.25,1410
2022-10-03 04:01:43,10,-8,3596.25,1402
2022-10-03 04:01:44,27,-41,3596.25,1361
2022-10-03 04:01:46,4,4,3595.75,1365
2022-10-03 04:01:47,23,6,3595.75,1371
2022-10-03 04:01:48,8,0,3595.75,1371
2022-10-03 04:01:50,36,-38,3595.75,1333
2022-10-03 04:01:51,4,2,3595.5,1335
2022-10-03 04:01:52,7,3,3595.5,1338
2022-10-03 04:01:53,7,-7,3595.25,1331
2022-10-03 04:01:54,20,8,3595.75,1339
2022-10-03 04:01:55,15,-3,3595.5,1336
2022-10-03 04:01:56,3,3,3595.5,1339
2022-10-03 04:01:57,27,9,3595.5,1348
2022-10-03 04:01:58,11,-5,3595.25,1343
2022-10-03 04:01:59,7,7,3595.5,1350
2022-10-03 04:02:00,177,-158,3595.75,1192
2022-10-03 04:02:01,1,1,3595.75,1193
2022-10-03 04:02:02,5,1,3595.75,1194
2022-10-03 04:02:03,8,-6,3596.0,1188
2022-10-03 04:02:04,37,-10,3595.75,1178
2022-10-03 04:02:05,14,-4,3595.25,1174
2022-10-03 04:02:06,5,0,3595.0,1174
2022-10-03 04:02:07,45,-22,3595.0,1152
2022-10-03 04:02:08,31,6,3594.75,1158
2022-10-03 04:02:09,9,-6,3594.5,1152
2022-10-03 04:02:10,42,-11,3594.5,1141
2022-10-03 04:02:11,3,-1,3594.5,1140
2022-10-03 04:02:12,4,-2,3594.75,1138
2022-10-03 04:02:13,14,2,3595.0,1140
2022-10-03 04:02:14,16,0,3594.75,1140
2022-10-03 04:02:15,58,-22,3594.5,1118
2022-10-03 04:02:16,3,1,3594.25,1119
2022-10-03 04:02:17,21,-7,3594.25,1112
2022-10-03 04:02:18,38,1,3594.25,1113
2022-10-03 04:02:19,14,6,3594.25,1119
2022-10-03 04:02:20,5,-1,3594.5,1118
2022-10-03 04:02:21,13,3,3594.75,1121
2022-10-03 04:02:22,23,7,3595.0,1128
2022-10-03 04:02:23,7,1,3595.0,1129
2022-10-03 04:02:24,4,-2,3595.0,1127
2022-10-03 04:02:25,66,22,3595.5,1149
2022-10-03 04:02:26,2,-2,3595.25,1147
2022-10-03 04:02:27,19,-16,3595.25,1131
2022-10-03 04:02:28,49,38,3595.25,1169
2022-10-03 04:02:29,4,-4,3595.0,1165
2022-10-03 04:02:30,12,11,3595.25,1176
2022-10-03 04:02:31,16,-8,3595.5,1168
2022-10-03 04:02:32,24,-14,3595.5,1154
2022-10-03 04:02:33,6,-4,3595.25,1150
2022-10-03 04:02:34,4,-2,3595.5,1148
2022-10-03 04:02:35,3,-3,3595.0,1145
2022-10-03 04:02:36,5,-5,3595.0,1140
2022-10-03 04:02:37,5,-5,3595.0,1135
2022-10-03 04:02:38,7,5,3595.5,1140
2022-10-03 04:02:39,5,-3,3595.25,1137
2022-10-03 04:02:40,13,-4,3595.25,1133
2022-10-03 04:02:41,6,0,3595.0,1133
2022-10-03 04:02:43,7,-1,3595.0,1132
2022-10-03 04:02:44,20,10,3595.0,1142
2022-10-03 04:02:45,3,-3,3595.0,1139
2022-10-03 04:02:46,11,3,3595.5,1142
2022-10-03 04:02:47,3,-3,3595.5,1139
2022-10-03 04:02:48,3,-1,3595.5,1138
2022-10-03 04:02:49,6,-2,3595.5,1136
2022-10-03 04:02:50,16,-2,3595.75,1134
2022-10-03 04:02:51,8,-2,3595.75,1132
2022-10-03 04:02:52,1,-1,3595.5,1131
2022-10-03 04:02:53,20,4,3595.25,1135
2022-10-03 04:02:54,1,-1,3595.0,1134
2022-10-03 04:02:56,22,-10,3594.75,1124
2022-10-03 04:02:57,38,-23,3594.0,1101
2022-10-03 04:02:58,7,1,3593.75,1102
2022-10-03 04:02:59,25,-3,3594.25,1099
2022-10-03 04:03:00,13,7,3594.5,1106
2022-10-03 04:03:01,18,-10,3594.75,1096
2022-10-03 04:03:02,3,-1,3594.25,1095
2022-10-03 04:03:03,134,-66,3594.0,1029
2022-10-03 04:03:04,53,-9,3593.5,1020
2022-10-03 04:03:05,3,-3,3593.25,1017
2022-10-03 04:03:06,13,5,3593.5,1022
2022-10-03 04:03:07,13,-3,3593.75,1019
2022-10-03 04:03:08,9,3,3594.0,1022
2022-10-03 04:03:09,2,2,3594.0,1024
2022-10-03 04:03:10,8,-4,3594.25,1020
2022-10-03 04:03:11,26,-20,3594.0,1000
2022-10-03 04:03:12,25,-1,3593.5,999
2022-10-03 04:03:13,10,-2,3593.5,997
2022-10-03 04:03:14,1,-1,3593.25,996
2022-10-03 04:03:15,8,0,3593.5,996
2022-10-03 04:03:16,11,1,3593.5,997
2022-10-03 04:03:17,8,6,3593.5,1003
2022-10-03 04:03:18,10,-6,3593.25,997
2022-10-03 04:03:19,1,1,3593.25,998
2022-10-03 04:03:20,10,0,3593.25,998
2022-10-03 04:03:21,17,-7,3593.25,991
2022-10-03 04:03:22,32,-12,3593.25,979
2022-10-03 04:03:23,1,-1,3593.0,978
2022-10-03 04:03:24,20,-10,3593.25,968
2022-10-03 04:03:25,1,-1,3593.0,967
2022-10-03 04:03:26,1,-1,3593.0,966
2022-10-03 04:03:27,5,-1,3593.25,965
2022-10-03 04:03:29,29,6,3593.5,971
2022-10-03 04:03:30,8,-7,3593.5,964
2022-10-03 04:03:31,11,-3,3593.25,961
2022-10-03 04:03:32,44,-1,3593.25,960
2022-10-03 04:03:33,11,-9,3593.0,951
2022-10-03 04:03:34,35,2,3593.0,953
2022-10-03 04:03:35,19,2,3592.75,955
2022-10-03 04:03:36,10,3,3592.75,958
2022-10-03 04:03:37,11,-3,3593.0,955
2022-10-03 04:03:38,7,-3,3593.25,952
2022-10-03 04:03:39,4,-4,3593.0,948
2022-10-03 04:03:40,3,-2,3593.0,946
2022-10-03 04:03:41,375,292,3595.5,1238
2022-10-03 04:03:42,40,4,3595.25,1242
2022-10-03 04:03:43,12,-10,3595.25,1232
2022-10-03 04:03:44,2,-2,3595.0,1230
2022-10-03 04:03:45,1,-1,3595.0,1229
2022-10-03 04:03:46,23,-20,3595.0,1209
2022-10-03 04:03:47,1,-1,3594.75,1208
2022-10-03 04:03:48,2,2,3595.0,1210
2022-10-03 04:03:49,7,3,3595.0,1213
2022-10-03 04:03:50,39,-6,3595.25,1207
2022-10-03 04:03:51,2,0,3595.0,1207
2022-10-03 04:03:52,10,10,3595.5,1217
2022-10-03 04:03:53,2,0,3595.0,1217
2022-10-03 04:03:54,13,-3,3595.0,1214
2022-10-03 04:03:55,8,8,3595.0,1222
2022-10-03 04:03:56,8,-7,3595.0,1215
2022-10-03 04:03:57,49,15,3594.75,1230
2022-10-03 04:03:58,8,0,3594.75,1230
2022-10-03 04:03:59,57,10,3594.75,1240
2022-10-03 04:04:00,1,1,3594.75,1241
2022-10-03 04:04:01,51,9,3595.25,1250
2022-10-03 04:04:02,12,-1,3595.25,1249
2022-10-03 04:04:04,12,-6,3595.25,1243
2022-10-03 04:04:05,4,4,3595.5,1247
2022-10-03 04:04:06,10,4,3595.5,1251
2022-10-03 04:04:07,1,-1,3595.25,1250
2022-10-03 04:04:08,14,-8,3595.25,1242
2022-10-03 04:04:09,11,3,3595.5,1245
2022-10-03 04:04:10,3,2,3595.5,1247
2022-10-03 04:04:11,3,-1,3595.25,1246
2022-10-03 04:04:13,16,-5,3595.25,1241
2022-10-03 04:04:14,21,-7,3594.75,1234
2022-10-03 04:04:15,23,7,3594.5,1241
2022-10-03 04:04:16,8,2,3594.5,1243
2022-10-03 04:04:17,11,-3,3594.5,1240
2022-10-03 04:04:19,7,-1,3594.75,1239
2022-10-03 04:04:20,11,-1,3594.75,1238
2022-10-03 04:04:21,3,-3,3594.75,1235
2022-10-03 04:04:22,3,1,3594.75,1236
2022-10-03 04:04:23,22,2,3594.75,1238
2022-10-03 04:04:24,6,0,3594.75,1238
2022-10-03 04:04:25,15,8,3595.0,1246
2022-10-03 04:04:26,35,25,3594.5,1271
2022-10-03 04:04:27,9,-9,3594.25,1262
2022-10-03 04:04:28,40,-40,3594.25,1222
2022-10-03 04:04:29,1,1,3594.0,1223
2022-10-03 04:04:30,12,-10,3594.0,1213
2022-10-03 04:04:31,8,-1,3593.25,1212
2022-10-03 04:04:32,10,2,3593.5,1214
2022-10-03 04:04:33,1,-1,3593.25,1213
2022-10-03 04:04:34,38,-4,3593.25,1209
2022-10-03 04:04:35,27,-25,3593.0,1184
2022-10-03 04:04:36,8,0,3593.0,1184
2022-10-03 04:04:37,1,-1,3592.75,1183
2022-10-03 04:04:38,26,-3,3592.75,1180
2022-10-03 04:04:39,13,1,3592.5,1181
2022-10-03 04:04:40,8,2,3592.5,1183
2022-10-03 04:04:41,19,7,3592.75,1190
2022-10-03 04:04:42,9,3,3592.75,1193
2022-10-03 04:04:43,12,2,3592.75,1195
2022-10-03 04:04:44,5,-3,3593.0,1192
2022-10-03 04:04:45,12,0,3593.0,1192
2022-10-03 04:04:46,1,1,3593.0,1193
2022-10-03 04:04:47,7,1,3593.25,1194
2022-10-03 04:04:48,28,7,3593.0,1201
2022-10-03 04:04:49,35,-6,3593.25,1195
2022-10-03 04:04:50,3,3,3593.25,1198
2022-10-03 04:04:51,2,-2,3593.25,1196
2022-10-03 04:04:52,14,-8,3593.25,1188
2022-10-03 04:04:53,4,-3,3593.0,1185
2022-10-03 04:04:55,3,1,3593.0,1186
2022-10-03 04:04:56,16,-13,3593.25,1173
2022-10-03 04:04:57,2,2,3593.25,1175
2022-10-03 04:04:58,12,-3,3593.25,1172
2022-10-03 04:04:59,4,-2,3593.0,1170
2022-10-03 04:05:00,6,6,3593.25,1176
2022-10-03 04:05:01,17,-6,3593.0,1170
2022-10-03 04:05:02,20,-8,3592.5,1162
2022-10-03 04:05:03,31,-28,3592.25,1134
2022-10-03 04:05:04,21,-16,3591.75,1118
2022-10-03 04:05:05,13,-3,3591.5,1115
2022-10-03 04:05:06,41,-12,3591.5,1103
2022-10-03 04:05:07,21,-3,3591.5,1100
2022-10-03 04:05:08,2,0,3591.5,1100
2022-10-03 04:05:09,2,2,3591.5,1102
2022-10-03 04:05:10,13,1,3591.5,1103
2022-10-03 04:05:11,10,-4,3591.25,1099
2022-10-03 04:05:12,1,-1,3591.25,1098
2022-10-03 04:05:13,39,-17,3591.25,1081
2022-10-03 04:05:15,14,5,3591.25,1086
2022-10-03 04:05:16,13,-3,3591.25,1083
2022-10-03 04:05:17,5,1,3591.5,1084
2022-10-03 04:05:18,7,-3,3591.5,1081
2022-10-03 04:05:19,16,-2,3591.5,1079
2022-10-03 04:05:20,26,17,3591.75,1096
2022-10-03 04:05:21,8,-1,3592.25,1095
2022-10-03 04:05:22,28,-9,3592.5,1086
2022-10-03 04:05:23,13,0,3591.75,1086
2022-10-03 04:05:25,13,-2,3592.0,1084
2022-10-03 04:05:26,14,-6,3591.5,1078
2022-10-03 04:05:27,2,2,3591.5,1080
2022-10-03 04:05:28,1,1,3591.5,1081
2022-10-03 04:05:29,8,5,3591.5,1086
2022-10-03 04:05:30,12,-6,3591.5,1080
2022-10-03 04:05:31,1,1,3591.25,1081
2022-10-03 04:05:32,1,-1,3591.0,1080
2022-10-03 04:05:33,36,9,3591.5,1089
2022-10-03 04:05:34,13,-5,3591.5,1084
2022-10-03 04:05:36,4,4,3591.5,1088
2022-10-03 04:05:37,37,-5,3593.0,1083
2022-10-03 04:05:38,14,4,3593.0,1087
2022-10-03 04:05:39,11,-4,3592.75,1083
2022-10-03 04:05:40,3,1,3592.75,1084
2022-10-03 04:05:41,13,-1,3592.75,1083
2022-10-03 04:05:42,25,9,3593.25,1092
2022-10-03 04:05:43,23,4,3593.0,1096
2022-10-03 04:05:44,3,3,3593.0,1099
2022-10-03 04:05:45,7,-3,3593.25,1096
2022-10-03 04:05:46,12,0,3593.25,1096
2022-10-03 04:05:47,21,-3,3593.25,1093
2022-10-03 04:05:48,6,4,3593.25,1097
2022-10-03 04:05:49,10,0,3593.0,1097
2022-10-03 04:05:50,1,1,3593.25,1098
2022-10-03 04:05:51,10,-2,3593.0,1096
2022-10-03 04:05:52,24,-11,3592.75,1085
2022-10-03 04:05:53,14,6,3592.5,1091
2022-10-03 04:05:54,1,-1,3592.5,1090
2022-10-03 04:05:55,7,-1,3592.75,1089
2022-10-03 04:05:56,11,0,3592.5,1089
2022-10-03 04:05:57,1,-1,3591.75,1088
2022-10-03 04:05:58,11,10,3592.0,1098
2022-10-03 04:06:00,51,22,3592.25,1120
2022-10-03 04:06:01,5,3,3592.0,1123
2022-10-03 04:06:02,21,3,3592.5,1126
2022-10-03 04:06:03,1,-1,3592.5,1125
2022-10-03 04:06:04,2,2,3592.5,1127
2022-10-03 04:06:05,15,10,3593.0,1137
2022-10-03 04:06:06,9,-1,3593.25,1136
2022-10-03 04:06:07,16,4,3593.75,1140
2022-10-03 04:06:08,5,-3,3593.5,1137
2022-10-03 04:06:09,9,-3,3593.25,1134
2022-10-03 04:06:11,4,-4,3593.0,1130
2022-10-03 04:06:12,5,5,3593.0,1135
2022-10-03 04:06:13,1,-1,3592.75,1134
2022-10-03 04:06:14,1,-1,3593.0,1133
2022-10-03 04:06:15,47,23,3592.75,1156
2022-10-03 04:06:16,10,-4,3592.75,1152
2022-10-03 04:06:18,4,-2,3592.75,1150
2022-10-03 04:06:19,5,5,3592.5,1155
2022-10-03 04:06:21,8,-8,3592.5,1147
2022-10-03 04:06:23,18,4,3592.5,1151
2022-10-03 04:06:24,37,-6,3592.5,1145
2022-10-03 04:06:25,18,-4,3592.0,1141
2022-10-03 04:06:26,7,-5,3591.75,1136
2022-10-03 04:06:27,12,3,3591.75,1139
2022-10-03 04:06:29,19,1,3592.0,1140
2022-10-03 04:06:30,23,13,3592.0,1153
2022-10-03 04:06:31,27,-1,3592.0,1152
2022-10-03 04:06:32,43,-9,3592.25,1143
2022-10-03 04:06:33,27,9,3592.25,1152
2022-10-03 04:06:34,18,-4,3592.75,1148
2022-10-03 04:06:35,35,6,3593.0,1154
2022-10-03 04:06:36,22,3,3592.5,1157
2022-10-03 04:06:37,2,2,3592.5,1159
2022-10-03 04:06:39,3,-1,3592.75,1158
2022-10-03 04:06:40,5,-3,3592.5,1155
2022-10-03 04:06:41,2,0,3592.25,1155
2022-10-03 04:06:42,9,2,3592.75,1157
2022-10-03 04:06:43,3,-3,3592.5,1154
2022-10-03 04:06:44,4,2,3593.0,1156
2022-10-03 04:06:45,4,4,3593.0,1160
2022-10-03 04:06:46,15,-1,3593.25,1159
2022-10-03 04:06:47,7,7,3593.5,1166
2022-10-03 04:06:48,12,-8,3593.5,1158
2022-10-03 04:06:49,24,8,3593.25,1166
2022-10-03 04:06:50,1,-1,3593.0,1165
2022-10-03 04:06:51,55,-24,3593.0,1141
2022-10-03 04:06:53,30,27,3592.5,1168
2022-10-03 04:06:54,4,2,3592.25,1170
2022-10-03 04:06:55,5,1,3592.5,1171
2022-10-03 04:06:56,3,-1,3592.25,1170
2022-10-03 04:06:57,15,3,3592.5,1173
2022-10-03 04:07:00,1,-1,3592.25,1172
2022-10-03 04:07:01,5,1,3592.0,1173
2022-10-03 04:07:02,15,-8,3591.75,1165
2022-10-03 04:07:03,17,9,3592.0,1174
2022-10-03 04:07:04,37,7,3592.25,1181
2022-10-03 04:07:06,1,-1,3592.0,1180
2022-10-03 04:07:07,3,1,3592.25,1181
2022-10-03 04:07:09,3,-1,3592.5,1180
2022-10-03 04:07:10,15,12,3593.0,1192
2022-10-03 04:07:12,1,-1,3593.0,1191
2022-10-03 04:07:13,3,1,3593.25,1192
2022-10-03 04:07:14,3,-3,3593.25,1189
2022-10-03 04:07:15,15,-6,3593.0,1183
2022-10-03 04:07:16,2,-1,3593.0,1182
2022-10-03 04:07:17,6,-2,3592.75,1180
2022-10-03 04:07:18,10,-6,3592.25,1174
2022-10-03 04:07:19,37,-32,3592.0,1142
2022-10-03 04:07:20,31,3,3592.0,1145
2022-10-03 04:07:21,3,0,3591.5,1145
2022-10-03 04:07:22,18,1,3591.75,1146
2022-10-03 04:07:23,1,1,3591.75,1147
2022-10-03 04:07:24,1,1,3591.75,1148
2022-10-03 04:07:26,1,-1,3591.5,1147
2022-10-03 04:07:27,5,0,3591.75,1147
2022-10-03 04:07:28,3,1,3591.75,1148
2022-10-03 04:07:29,14,6,3591.75,1154
2022-10-03 04:07:30,3,-1,3592.0,1153
2022-10-03 04:07:31,4,-2,3591.75,1151
2022-10-03 04:07:32,8,-8,3591.75,1143
2022-10-03 04:07:33,1,-1,3591.5,1142
2022-10-03 04:07:34,2,0,3591.75,1142
2022-10-03 04:07:35,33,10,3592.75,1152
2022-10-03 04:07:36,5,5,3592.75,1157
2022-10-03 04:07:37,9,-3,3592.5,1154
2022-10-03 04:07:38,11,-7,3592.25,1147
2022-10-03 04:07:40,3,-3,3592.0,1144
2022-10-03 04:07:42,17,11,3592.5,1155
2022-10-03 04:07:43,3,-1,3592.25,1154
2022-10-03 04:07:45,5,3,3592.5,1157
2022-10-03 04:07:46,2,0,3592.5,1157
2022-10-03 04:07:49,1,1,3592.25,1158
2022-10-03 04:07:50,1,1,3592.25,1159
2022-10-03 04:07:51,6,-6,3592.0,1153
2022-10-03 04:07:52,28,36,3592.5,1189
2022-10-03 04:07:53,34,9,3593.25,1198
2022-10-03 04:07:54,17,1,3593.5,1199
2022-10-03 04:07:55,29,16,3593.5,1215
2022-10-03 04:07:56,32,3,3594.0,1218
2022-10-03 04:07:57,3,1,3593.5,1219
2022-10-03 04:07:58,5,-5,3593.25,1214
2022-10-03 04:07:59,2,1,3593.25,1215
2022-10-03 04:08:00,3,-3,3593.0,1212
2022-10-03 04:08:01,93,-51,3592.75,1161
2022-10-03 04:08:02,4,-4,3592.25,1157
2022-10-03 04:08:03,17,-8,3592.25,1149
2022-10-03 04:08:04,16,15,3593.0,1164
2022-10-03 04:08:05,8,2,3593.0,1166
2022-10-03 04:08:06,3,-3,3593.0,1163
2022-10-03 04:08:07,4,0,3593.5,1163
2022-10-03 04:08:08,3,-3,3593.5,1160
2022-10-03 04:08:09,1,-1,3593.5,1159
2022-10-03 04:08:10,22,6,3593.5,1165
2022-10-03 04:08:11,34,24,3593.5,1189
2022-10-03 04:08:12,9,-5,3593.5,1184
2022-10-03 04:08:13,27,11,3594.25,1195
2022-10-03 04:08:14,4,0,3594.0,1195
2022-10-03 04:08:15,14,-4,3594.0,1191
2022-10-03 04:08:16,12,4,3593.75,1195
2022-10-03 04:08:17,7,7,3594.0,1202
2022-10-03 04:08:18,12,-10,3593.5,1192
2022-10-03 04:08:19,30,1,3593.5,1193
2022-10-03 04:08:20,5,1,3593.25,1194
2022-10-03 04:08:21,12,9,3593.5,1203
2022-10-03 04:08:22,16,3,3593.75,1206
2022-10-03 04:08:23,9,1,3594.0,1207
2022-10-03 04:08:25,2,-2,3593.5,1205
2022-10-03 04:08:26,1,-1,3593.25,1204
2022-10-03 04:08:27,15,-3,3593.25,1201
2022-10-03 04:08:28,8,-5,3593.25,1196
2022-10-03 04:08:29,6,2,3593.25,1198
2022-10-03 04:08:30,3,1,3593.25,1199
2022-10-03 04:08:31,5,1,3593.25,1200
2022-10-03 04:08:33,30,-13,3593.25,1187
2022-10-03 04:08:34,2,0,3592.75,1187
2022-10-03 04:08:35,38,17,3593.25,1204
2022-10-03 04:08:36,13,-3,3593.0,1201
2022-10-03 04:08:38,5,5,3592.75,1206
2022-10-03 04:08:39,1,-1,3592.75,1205
2022-10-03 04:08:40,48,-38,3592.75,1167
2022-10-03 04:08:41,17,3,3592.25,1170
2022-10-03 04:08:42,4,2,3592.5,1172
2022-10-03 04:08:43,6,-1,3592.25,1171
2022-10-03 04:08:44,21,-18,3592.25,1153
2022-10-03 04:08:46,45,31,3592.75,1184
2022-10-03 04:08:47,1,-1,3592.5,1183
2022-10-03 04:08:48,29,-1,3592.75,1182
2022-10-03 04:08:51,44,13,3593.25,1195
2022-10-03 04:08:52,3,-1,3593.0,1194
2022-10-03 04:08:53,46,7,3593.25,1201
2022-10-03 04:08:54,7,-6,3592.75,1195
2022-10-03 04:08:55,1,1,3592.75,1196
2022-10-03 04:08:56,23,11,3592.75,1207
2022-10-03 04:08:57,6,-2,3593.0,1205
2022-10-03 04:08:58,10,-10,3592.75,1195
2022-10-03 04:08:59,4,2,3592.75,1197
2022-10-03 04:09:00,13,1,3592.5,1198
2022-10-03 04:09:01,5,5,3592.75,1203
2022-10-03 04:09:02,9,5,3592.5,1208
2022-10-03 04:09:03,12,11,3593.0,1219
2022-10-03 04:09:04,16,7,3593.25,1226
2022-10-03 04:09:05,6,-2,3593.25,1224
2022-10-03 04:09:07,8,2,3593.0,1226
2022-10-03 04:09:08,4,4,3593.0,1230
2022-10-03 04:09:09,10,-6,3592.75,1224
2022-10-03 04:09:10,4,-4,3592.75,1220
2022-10-03 04:09:11,4,-2,3592.75,1218
2022-10-03 04:09:12,4,-2,3592.75,1216
2022-10-03 04:09:13,13,3,3592.75,1219
2022-10-03 04:09:14,28,10,3592.5,1229
2022-10-03 04:09:15,8,-2,3592.5,1227
2022-10-03 04:09:16,2,-2,3592.25,1225
2022-10-03 04:09:18,28,-6,3592.25,1219
2022-10-03 04:09:19,2,0,3592.0,1219
2022-10-03 04:09:20,23,9,3592.5,1228
2022-10-03 04:09:21,10,4,3592.5,1232
2022-10-03 04:09:22,1,1,3592.5,1233
2022-10-03 04:09:23,1,-1,3592.5,1232
2022-10-03 04:09:25,14,-2,3592.75,1230
2022-10-03 04:09:26,7,0,3592.5,1230
2022-10-03 04:09:27,7,5,3592.5,1235
2022-10-03 04:09:30,4,0,3592.25,1235
2022-10-03 04:09:31,6,6,3592.5,1241
2022-10-03 04:09:32,15,13,3592.75,1254
2022-10-03 04:09:33,5,5,3592.75,1259
2022-10-03 04:09:34,4,0,3592.5,1259
2022-10-03 04:09:35,1,1,3592.5,1260
2022-10-03 04:09:36,3,3,3592.5,1263
2022-10-03 04:09:37,7,1,3592.5,1264
2022-10-03 04:09:38,2,2,3592.75,1266
2022-10-03 04:09:39,4,-4,3592.5,1262
2022-10-03 04:09:40,1,-1,3592.5,1261
2022-10-03 04:09:41,2,0,3592.5,1261
2022-10-03 04:09:42,11,3,3592.5,1264
2022-10-03 04:09:43,5,-3,3592.5,1261
2022-10-03 04:09:44,28,-22,3592.5,1239
2022-10-03 04:09:45,24,2,3592.0,1241
2022-10-03 04:09:48,8,4,3592.25,1245
2022-10-03 04:09:49,8,2,3592.25,1247
2022-10-03 04:09:50,5,-5,3592.0,1242
2022-10-03 04:09:51,34,-12,3592.25,1230
2022-10-03 04:09:52,16,-5,3592.0,1225
2022-10-03 04:09:53,24,14,3592.5,1239
2022-10-03 04:09:54,26,2,3593.0,1241
2022-10-03 04:09:55,41,11,3593.0,1252
2022-10-03 04:09:57,7,-3,3592.75,1249
2022-10-03 04:09:58,6,2,3592.75,1251
2022-10-03 04:09:59,3,1,3592.75,1252
2022-10-03 04:10:00,27,1,3592.5,1253
2022-10-03 04:10:01,19,3,3592.0,1256
2022-10-03 04:10:02,19,0,3591.75,1256
2022-10-03 04:10:03,10,1,3592.0,1257
2022-10-03 04:10:04,5,5,3592.25,1262
2022-10-03 04:10:05,5,0,3592.25,1262
2022-10-03 04:10:06,2,-2,3592.0,1260
2022-10-03 04:10:07,29,13,3592.75,1273
2022-10-03 04:10:08,14,5,3593.0,1278
2022-10-03 04:10:10,51,7,3593.5,1285
2022-10-03 04:10:11,13,-9,3593.25,1276
2022-10-03 04:10:12,12,-4,3593.25,1272
2022-10-03 04:10:13,1,1,3593.25,1273
2022-10-03 04:10:14,12,-19,3593.0,1254
2022-10-03 04:10:15,41,11,3593.25,1265
2022-10-03 04:10:16,3,-3,3593.25,1262
2022-10-03 04:10:17,2,-2,3593.25,1260
2022-10-03 04:10:18,4,3,3593.25,1263
2022-10-03 04:10:19,1,-1,3593.25,1262
2022-10-03 04:10:20,14,2,3593.25,1264
2022-10-03 04:10:21,51,24,3594.0,1288
2022-10-03 04:10:22,13,-7,3594.0,1281
2022-10-03 04:10:23,3,-3,3593.25,1278
2022-10-03 04:10:24,8,7,3593.5,1285
2022-10-03 04:10:25,13,-3,3593.5,1282
2022-10-03 04:10:26,3,-1,3593.25,1281
2022-10-03 04:10:27,2,0,3593.0,1281
2022-10-03 04:10:28,14,-13,3592.75,1268
2022-10-03 04:10:29,4,4,3593.0,1272
2022-10-03 04:10:30,2,-2,3593.0,1270
2022-10-03 04:10:32,24,16,3593.25,1286
2022-10-03 04:10:33,9,1,3593.5,1287
2022-10-03 04:10:35,5,5,3593.5,1292
2022-10-03 04:10:37,3,3,3593.5,1295
2022-10-03 04:10:38,3,-3,3593.5,1292
2022-10-03 04:10:39,3,3,3593.5,1295
2022-10-03 04:10:40,7,0,3593.75,1295
2022-10-03 04:10:41,2,-2,3593.75,1293
2022-10-03 04:10:42,16,-14,3593.5,1279
2022-10-03 04:10:44,3,-3,3592.75,1276
2022-10-03 04:10:45,3,-1,3592.75,1275
2022-10-03 04:10:46,6,0,3592.75,1275
2022-10-03 04:10:47,2,2,3593.0,1277
2022-10-03 04:10:48,4,-2,3593.0,1275
2022-10-03 04:10:50,4,-2,3592.5,1273
2022-10-03 04:10:51,56,-3,3592.25,1270
2022-10-03 04:10:52,13,-1,3592.25,1269
2022-10-03 04:10:53,3,1,3592.0,1270
2022-10-03 04:10:55,5,-3,3592.0,1267
2022-10-03 04:10:57,4,-2,3592.0,1265
2022-10-03 04:10:58,6,2,3592.0,1267
2022-10-03 04:10:59,10,2,3592.0,1269
2022-10-03 04:11:00,38,8,3592.5,1277
2022-10-03 04:11:01,13,-7,3592.75,1270
2022-10-03 04:11:02,10,4,3593.0,1274
2022-10-03 04:11:03,2,0,3593.0,1274
2022-10-03 04:11:04,5,1,3593.0,1275
2022-10-03 04:11:05,11,-11,3592.75,1264
2022-10-03 04:11:06,28,-2,3593.25,1262
2022-10-03 04:11:07,5,1,3592.75,1263
2022-10-03 04:11:08,4,-2,3592.75,1261
2022-10-03 04:11:11,13,2,3593.0,1263
2022-10-03 04:11:13,3,-3,3592.75,1260
2022-10-03 04:11:15,46,10,3593.25,1270
2022-10-03 04:11:16,6,2,3593.25,1272
2022-10-03 04:11:18,1,-1,3593.0,1271
2022-10-03 04:11:19,9,-2,3593.0,1269
2022-10-03 04:11:20,59,51,3593.25,1320
2022-10-03 04:11:21,10,-6,3593.25,1314
2022-10-03 04:11:22,2,0,3593.25,1314
2022-10-03 04:11:23,20,6,3594.0,1320
2022-10-03 04:11:24,4,-1,3594.0,1319
2022-10-03 04:11:25,1,1,3594.25,1320
2022-10-03 04:11:26,17,-2,3594.0,1318
2022-10-03 04:11:27,1,-1,3593.75,1317
2022-10-03 04:11:28,5,-4,3593.75,1313
2022-10-03 04:11:29,7,7,3594.25,1320
2022-10-03 04:11:30,7,-7,3594.0,1313
2022-10-03 04:11:31,2,2,3594.0,1315
2022-10-03 04:11:32,3,-3,3593.75,1312
2022-10-03 04:11:33,1,-1,3593.75,1311
2022-10-03 04:11:35,1,1,3594.0,1312
2022-10-03 04:11:36,3,1,3594.0,1313
2022-10-03 04:11:37,8,2,3594.0,1315
2022-10-03 04:11:38,9,-3,3594.0,1312
2022-10-03 04:11:40,5,-1,3593.75,1311
2022-10-03 04:11:41,1,1,3594.0,1312
2022-10-03 04:11:42,4,4,3594.0,1316
2022-10-03 04:11:43,4,-4,3593.75,1312
2022-10-03 04:11:44,5,-3,3594.0,1309
2022-10-03 04:11:45,3,-1,3594.0,1308
2022-10-03 04:11:49,8,2,3594.0,1310
2022-10-03 04:11:51,11,-7,3593.75,1303
2022-10-03 04:11:52,10,-4,3593.25,1299
2022-10-03 04:11:53,4,-2,3593.25,1297
2022-10-03 04:11:54,2,2,3593.25,1299
2022-10-03 04:11:55,2,0,3593.25,1299
2022-10-03 04:11:56,17,-7,3593.25,1292
2022-10-03 04:11:58,4,3,3593.5,1295
2022-10-03 04:12:00,13,-3,3593.5,1292
2022-10-03 04:12:01,5,-3,3593.5,1289
2022-10-03 04:12:02,18,0,3593.75,1289
2022-10-03 04:12:03,5,-1,3593.5,1288
2022-10-03 04:12:04,3,-1,3593.75,1287
2022-10-03 04:12:06,6,4,3593.75,1291
2022-10-03 04:12:07,5,-1,3593.75,1290
2022-10-03 04:12:08,9,-3,3593.75,1287
2022-10-03 04:12:09,12,-6,3593.75,1281
2022-10-03 04:12:10,2,0,3593.5,1281
2022-10-03 04:12:11,1,-1,3593.25,1280
2022-10-03 04:12:12,19,-13,3593.25,1267
2022-10-03 04:12:13,4,-3,3592.75,1264
2022-10-03 04:12:14,1,1,3592.75,1265
2022-10-03 04:12:15,7,-3,3592.75,1262
2022-10-03 04:12:16,8,-8,3592.5,1254
2022-10-03 04:12:17,20,-8,3592.75,1246
2022-10-03 04:12:18,45,-9,3592.75,1237
2022-10-03 04:12:19,9,-1,3592.5,1236
2022-10-03 04:12:20,11,0,3592.5,1236
2022-10-03 04:12:21,15,2,3593.0,1238
2022-10-03 04:12:22,9,5,3593.0,1243
2022-10-03 04:12:23,1,1,3592.75,1244
2022-10-03 04:12:25,5,-1,3592.75,1243
2022-10-03 04:12:26,1,-1,3592.5,1242
2022-10-03 04:12:27,4,4,3593.25,1246
2022-10-03 04:12:28,3,1,3593.25,1247
2022-10-03 04:12:30,5,-1,3593.25,1246
2022-10-03 04:12:31,3,1,3593.5,1247
2022-10-03 04:12:32,1,1,3593.25,1248
2022-10-03 04:12:33,12,-4,3593.5,1244
2022-10-03 04:12:34,3,-1,3593.5,1243
2022-10-03 04:12:35,2,-2,3593.5,1241
2022-10-03 04:12:36,2,-2,3593.5,1239
2022-10-03 04:12:38,6,2,3593.5,1241
2022-10-03 04:12:39,11,10,3593.5,1251
2022-10-03 04:12:40,1,1,3593.75,1252
2022-10-03 04:12:41,7,-1,3594.0,1251
2022-10-03 04:12:42,21,13,3594.5,1264
2022-10-03 04:12:43,15,6,3594.5,1270
2022-10-03 04:12:44,5,-3,3594.5,1267
2022-10-03 04:12:45,24,10,3594.5,1277
2022-10-03 04:12:46,6,-1,3594.5,1276
2022-10-03 04:12:47,30,-21,3594.5,1255
2022-10-03 04:12:48,8,0,3594.5,1255
2022-10-03 04:12:49,2,2,3594.25,1257
2022-10-03 04:12:50,5,3,3594.5,1260
2022-10-03 04:12:51,13,-8,3594.5,1252
2022-10-03 04:12:52,1,-1,3594.0,1251
2022-10-03 04:12:53,5,-3,3594.25,1248
2022-10-03 04:12:55,1,1,3594.25,1249
2022-10-03 04:12:56,2,0,3594.25,1249
2022-10-03 04:12:57,10,2,3594.0,1251
2022-10-03 04:12:59,5,-1,3594.0,1250
2022-10-03 04:13:00,7,1,3594.25,1251
2022-10-03 04:13:01,1,1,3594.25,1252
2022-10-03 04:13:02,9,5,3594.75,1257
2022-10-03 04:13:03,4,-2,3594.5,1255
2022-10-03 04:13:04,37,16,3594.75,1271
2022-10-03 04:13:05,38,19,3595.0,1290
2022-10-03 04:13:06,81,8,3595.5,1298
2022-10-03 04:13:07,9,3,3595.25,1301
2022-10-03 04:13:08,32,18,3595.0,1319
2022-10-03 04:13:09,4,3,3595.0,1322
2022-10-03 04:13:11,14,14,3595.0,1336
2022-10-03 04:13:12,26,-10,3595.0,1326
2022-10-03 04:13:13,4,-4,3594.75,1322
2022-10-03 04:13:14,3,3,3594.5,1325
2022-10-03 04:13:15,4,2,3594.5,1327
2022-10-03 04:13:16,20,12,3594.75,1339
2022-10-03 04:13:17,19,13,3595.0,1352
2022-10-03 04:13:19,48,26,3595.5,1378
2022-10-03 04:13:20,25,-1,3595.5,1377
2022-10-03 04:13:21,10,0,3595.5,1377
2022-10-03 04:13:22,4,4,3595.5,1381
2022-10-03 04:13:24,36,0,3595.75,1381
2022-10-03 04:13:25,8,-6,3595.25,1375
2022-10-03 04:13:26,1,-1,3595.0,1374
2022-10-03 04:13:27,18,-19,3595.0,1355
2022-10-03 04:13:28,19,-13,3595.0,1342
2022-10-03 04:13:29,7,-1,3594.75,1341
2022-10-03 04:13:30,2,2,3594.75,1343
2022-10-03 04:13:31,8,4,3595.0,1347
2022-10-03 04:13:32,3,3,3595.25,1350
2022-10-03 04:13:33,3,-1,3595.5,1349
2022-10-03 04:13:34,4,0,3595.5,1349
2022-10-03 04:13:35,3,3,3595.75,1352
2022-10-03 04:13:36,20,8,3595.75,1360
2022-10-03 04:13:37,20,-5,3596.0,1355
2022-10-03 04:13:39,13,5,3595.75,1360
2022-10-03 04:13:40,26,9,3595.75,1369
2022-10-03 04:13:41,4,0,3595.75,1369
2022-10-03 04:13:42,2,2,3595.75,1371
2022-10-03 04:13:43,41,-7,3595.75,1364
2022-10-03 04:13:44,38,-4,3595.25,1360
2022-10-03 04:13:45,16,-6,3595.25,1354
2022-10-03 04:13:46,5,5,3595.25,1359
2022-10-03 04:13:47,24,3,3595.25,1362
2022-10-03 04:13:48,46,20,3595.75,1382
2022-10-03 04:13:49,23,-7,3596.0,1375
2022-10-03 04:13:50,78,14,3596.25,1389
2022-10-03 04:13:51,36,-13,3595.5,1376
2022-10-03 04:13:53,28,-13,3595.25,1363
2022-10-03 04:13:54,1,-1,3595.0,1362
2022-10-03 04:13:55,2,-2,3595.0,1360
2022-10-03 04:13:56,2,2,3595.25,1362
2022-10-03 04:13:57,3,1,3595.25,1363
2022-10-03 04:13:58,6,6,3595.0,1369
2022-10-03 04:14:00,29,-5,3595.0,1364
2022-10-03 04:14:01,11,-4,3595.0,1360
2022-10-03 04:14:02,3,3,3595.25,1363
2022-10-03 04:14:03,7,-5,3595.0,1358
2022-10-03 04:14:04,7,3,3595.0,1361
2022-10-03 04:14:05,2,0,3595.0,1361
2022-10-03 04:14:06,8,2,3594.75,1363
2022-10-03 04:14:07,6,-4,3594.75,1359
2022-10-03 04:14:08,5,0,3594.5,1359
2022-10-03 04:14:10,16,-4,3594.25,1355
2022-10-03 04:14:11,4,2,3594.25,1357
2022-10-03 04:14:12,2,-2,3594.0,1355
2022-10-03 04:14:14,30,-8,3594.0,1347
2022-10-03 04:14:15,13,-3,3593.75,1344
2022-10-03 04:14:16,5,0,3594.0,1344
2022-10-03 04:14:17,15,-5,3594.0,1339
2022-10-03 04:14:19,2,2,3594.25,1341
2022-10-03 04:14:21,7,-5,3594.0,1336
2022-10-03 04:14:22,1,-1,3594.0,1335
2022-10-03 04:14:24,6,3,3594.5,1338
2022-10-03 04:14:25,10,8,3595.25,1346
2022-10-03 04:14:26,13,-10,3595.25,1336
2022-10-03 04:14:27,1,1,3595.5,1337
2022-10-03 04:14:28,6,-3,3595.25,1334
2022-10-03 04:14:30,5,5,3595.25,1339
2022-10-03 04:14:31,12,-2,3595.5,1337
2022-10-03 04:14:32,12,-1,3595.5,1336
2022-10-03 04:14:33,9,4,3595.75,1340
2022-10-03 04:14:34,6,-6,3595.5,1334
2022-10-03 04:14:35,4,-4,3595.75,1330
2022-10-03 04:14:36,13,7,3595.75,1337
2022-10-03 04:14:37,2,0,3595.5,1337
2022-10-03 04:14:39,34,24,3596.0,1361
2022-10-03 04:14:41,6,0,3595.5,1361
2022-10-03 04:14:42,4,-2,3595.5,1359
2022-10-03 04:14:43,18,-4,3595.25,1355
2022-10-03 04:14:44,3,3,3595.5,1358
2022-10-03 04:14:45,1,1,3595.5,1359
2022-10-03 04:14:46,12,4,3595.75,1363
2022-10-03 04:14:47,9,1,3596.0,1364
2022-10-03 04:14:49,1,-1,3595.75,1363
2022-10-03 04:14:53,2,-2,3595.75,1361
2022-10-03 04:14:55,3,3,3595.75,1364
2022-10-03 04:14:56,3,3,3595.75,1367
2022-10-03 04:14:57,7,-1,3595.75,1366
2022-10-03 04:14:58,1,1,3596.0,1367
2022-10-03 04:14:59,27,3,3596.0,1370
2022-10-03 04:15:00,4,-2,3595.75,1368
2022-10-03 04:15:01,6,-4,3595.75,1364
2022-10-03 04:15:02,16,5,3596.0,1369
2022-10-03 04:15:03,19,3,3596.0,1372
2022-10-03 04:15:05,1,1,3596.0,1373
2022-10-03 04:15:06,24,-14,3595.75,1359
2022-10-03 04:15:07,2,0,3595.75,1359
2022-10-03 04:15:08,3,1,3595.75,1360
2022-10-03 04:15:09,3,-1,3595.75,1359
2022-10-03 04:15:10,1,-1,3595.75,1358
2022-10-03 04:15:11,2,0,3595.75,1358
2022-10-03 04:15:12,32,8,3596.0,1366
2022-10-03 04:15:13,10,0,3596.5,1366
2022-10-03 04:15:15,33,27,3597.0,1393
2022-10-03 04:15:16,11,-9,3597.0,1384
2022-10-03 04:15:17,4,2,3597.0,1386
2022-10-03 04:15:18,4,2,3597.0,1388
2022-10-03 04:15:19,82,-80,3596.75,1308
2022-10-03 04:15:20,2,0,3597.0,1308
2022-10-03 04:15:21,47,64,3597.5,1372
2022-10-03 04:15:22,17,5,3597.5,1377
2022-10-03 04:15:23,13,-3,3597.25,1374
2022-10-03 04:15:24,1,1,3597.25,1375
2022-10-03 04:15:25,8,-2,3597.25,1373
2022-10-03 04:15:26,1,1,3597.25,1374
2022-10-03 04:15:27,2,-1,3597.0,1373
2022-10-03 04:15:28,1,-1,3597.0,1372
2022-10-03 04:15:30,6,2,3597.25,1374
2022-10-03 04:15:31,11,3,3597.25,1377
2022-10-03 04:15:33,8,-2,3597.25,1375
2022-10-03 04:15:34,1,-1,3597.25,1374
2022-10-03 04:15:35,12,3,3597.5,1377
2022-10-03 04:15:36,6,4,3597.25,1381
2022-10-03 04:15:37,24,-8,3597.5,1373
2022-10-03 04:15:38,1,1,3597.5,1374
2022-10-03 04:15:39,8,4,3597.5,1378
2022-10-03 04:15:40,2,-2,3597.0,1376
2022-10-03 04:15:42,7,1,3597.25,1377
2022-10-03 04:15:44,15,2,3597.5,1379
2022-10-03 04:15:45,14,3,3597.25,1382
2022-10-03 04:15:46,4,4,3597.0,1386
2022-10-03 04:15:47,7,1,3596.75,1387
2022-10-03 04:15:48,19,16,3597.0,1403
2022-10-03 04:15:49,3,-1,3597.0,1402
2022-10-03 04:15:50,16,16,3597.5,1418
2022-10-03 04:15:51,12,1,3597.5,1419
2022-10-03 04:15:52,3,-1,3597.25,1418
2022-10-03 04:15:53,1,-1,3597.0,1417
2022-10-03 04:15:55,3,3,3597.5,1420
2022-10-03 04:15:56,1,-1,3597.0,1419
2022-10-03 04:15:57,14,14,3597.5,1433
2022-10-03 04:15:58,17,10,3598.0,1443
2022-10-03 04:16:00,20,-1,3597.75,1442
2022-10-03 04:16:01,13,-1,3597.25,1441
2022-10-03 04:16:02,15,0,3597.0,1441
2022-10-03 04:16:03,24,10,3597.5,1451
2022-10-03 04:16:04,3,-3,3597.5,1448
2022-10-03 04:16:05,6,0,3597.75,1448
2022-10-03 04:16:06,12,-4,3597.5,1444
2022-10-03 04:16:07,15,12,3598.0,1456
2022-10-03 04:16:08,11,-3,3597.75,1453
2022-10-03 04:16:11,10,0,3597.5,1453
2022-10-03 04:16:12,23,10,3597.0,1463
2022-10-03 04:16:13,12,0,3597.25,1463
2022-10-03 04:16:14,9,-3,3596.75,1460
2022-10-03 04:16:15,7,6,3597.0,1466
2022-10-03 04:16:16,12,-10,3596.75,1456
2022-10-03 04:16:17,2,2,3596.75,1458
2022-10-03 04:16:18,2,0,3596.75,1458
2022-10-03 04:16:19,2,0,3596.75,1458
2022-10-03 04:16:20,3,3,3597.0,1461
2022-10-03 04:16:21,4,-2,3596.75,1459
2022-10-03 04:16:23,7,-3,3596.75,1456
2022-10-03 04:16:24,9,3,3597.0,1459
2022-10-03 04:16:25,6,-4,3596.75,1455
2022-10-03 04:16:26,1,-1,3596.75,1454
2022-10-03 04:16:27,3,1,3596.75,1455
2022-10-03 04:16:28,2,2,3597.0,1457
2022-10-03 04:16:30,1,-1,3597.0,1456
2022-10-03 04:16:31,2,-2,3596.75,1454
2022-10-03 04:16:33,11,-5,3596.75,1449
2022-10-03 04:16:35,1,1,3596.5,1450
2022-10-03 04:16:36,12,-5,3596.5,1445
2022-10-03 04:16:37,2,-2,3596.25,1443
2022-10-03 04:16:38,21,-9,3596.0,1434
2022-10-03 04:16:39,15,-3,3595.5,1431
2022-10-03 04:16:40,8,-4,3595.5,1427
2022-10-03 04:16:41,20,1,3595.5,1428
2022-10-03 04:16:42,2,2,3595.5,1430
2022-10-03 04:16:43,4,-4,3595.25,1426
2022-10-03 04:16:44,26,-23,3595.75,1403
2022-10-03 04:16:45,30,-14,3595.5,1389
2022-10-03 04:16:46,12,10,3595.75,1399
2022-10-03 04:16:47,12,-2,3595.25,1397
2022-10-03 04:16:48,13,7,3595.5,1404
2022-10-03 04:16:49,35,-5,3595.25,1399
2022-10-03 04:16:50,10,2,3595.5,1401
2022-10-03 04:16:51,6,6,3595.5,1407
2022-10-03 04:16:52,28,32,3596.0,1439
2022-10-03 04:16:53,6,-4,3596.0,1435
2022-10-03 04:16:54,6,-6,3595.75,1429
2022-10-03 04:16:55,8,-6,3595.5,1423
2022-10-03 04:16:56,1,1,3595.5,1424
2022-10-03 04:16:57,3,3,3595.75,1427
2022-10-03 04:16:58,5,-5,3595.5,1422
2022-10-03 04:16:59,10,4,3595.5,1426
2022-10-03 04:17:00,10,0,3595.5,1426
2022-10-03 04:17:01,2,2,3595.5,1428
2022-10-03 04:17:02,7,1,3595.5,1429
2022-10-03 04:17:03,1,-1,3595.25,1428
2022-10-03 04:17:05,6,-4,3595.25,1424
2022-10-03 04:17:06,1,1,3595.0,1425
2022-10-03 04:17:07,7,-4,3594.75,1421
2022-10-03 04:17:08,1,-1,3594.75,1420
2022-10-03 04:17:09,1,-1,3594.75,1419
2022-10-03 04:17:10,14,4,3595.0,1423
2022-10-03 04:17:11,1,1,3595.0,1424
2022-10-03 04:17:12,1,-1,3594.75,1423
2022-10-03 04:17:13,1,1,3594.75,1424
2022-10-03 04:17:14,16,1,3594.75,1425
2022-10-03 04:17:15,2,2,3594.75,1427
2022-10-03 04:17:16,8,0,3594.75,1427
2022-10-03 04:17:17,1,-1,3594.75,1426
2022-10-03 04:17:18,3,1,3594.75,1427
2022-10-03 04:17:19,1,1,3594.75,1428
2022-10-03 04:17:20,3,-1,3594.75,1427
2022-10-03 04:17:21,2,-2,3594.75,1425
2022-10-03 04:17:22,78,62,3595.75,1487
2022-10-03 04:17:25,1,-1,3595.25,1486
2022-10-03 04:17:26,24,15,3595.5,1501
2022-10-03 04:17:27,4,-4,3595.25,1497
2022-10-03 04:17:28,16,-1,3595.5,1496
2022-10-03 04:17:30,26,-24,3595.5,1472
2022-10-03 04:17:35,11,-10,3594.75,1462
2022-10-03 04:17:36,11,3,3595.0,1465
2022-10-03 04:17:39,4,-4,3595.0,1461
2022-10-03 04:17:40,1,1,3595.0,1462
2022-10-03 04:17:42,13,0,3595.25,1462
2022-10-03 04:17:44,2,2,3595.75,1464
2022-10-03 04:17:45,3,-3,3595.75,1461
2022-10-03 04:17:46,7,-3,3595.75,1458
2022-10-03 04:17:47,3,-3,3595.5,1455
2022-10-03 04:17:49,10,7,3595.5,1462
2022-10-03 04:17:50,1,-1,3595.5,1461
2022-10-03 04:17:52,11,4,3596.0,1465
2022-10-03 04:17:53,6,-4,3596.0,1461
2022-10-03 04:17:54,5,-5,3595.5,1456
2022-10-03 04:17:55,2,2,3595.5,1458
2022-10-03 04:17:56,1,-1,3595.5,1457
2022-10-03 04:17:57,1,1,3595.5,1458
2022-10-03 04:17:58,1,1,3595.75,1459
2022-10-03 04:17:59,6,0,3596.0,1459
2022-10-03 04:18:00,3,-3,3595.75,1456
2022-10-03 04:18:01,11,1,3596.0,1457
2022-10-03 04:18:02,3,1,3595.75,1458
2022-10-03 04:18:03,6,0,3595.25,1458
2022-10-03 04:18:04,1,-1,3595.0,1457
2022-10-03 04:18:05,2,-2,3595.0,1455
2022-10-03 04:18:06,3,-1,3595.0,1454
2022-10-03 04:18:07,8,-2,3595.0,1452
2022-10-03 04:18:08,1,1,3595.25,1453
2022-10-03 04:18:10,2,2,3595.25,1455
2022-10-03 04:18:11,2,-2,3595.25,1453
2022-10-03 04:18:12,1,-1,3595.0,1452
2022-10-03 04:18:13,1,1,3594.75,1453
2022-10-03 04:18:14,8,4,3594.75,1457
2022-10-03 04:18:15,8,-2,3594.75,1455
2022-10-03 04:18:16,2,-2,3594.5,1453
2022-10-03 04:18:17,3,-1,3594.75,1452
2022-10-03 04:18:18,10,-8,3594.5,1444
2022-10-03 04:18:19,1,-1,3594.5,1443
2022-10-03 04:18:21,25,-1,3594.75,1442
2022-10-03 04:18:22,6,-2,3594.75,1440
2022-10-03 04:18:23,17,-5,3594.75,1435
2022-10-03 04:18:24,2,0,3594.75,1435
2022-10-03 04:18:25,5,-5,3594.75,1430
2022-10-03 04:18:27,2,2,3594.5,1432
2022-10-03 04:18:28,3,3,3594.5,1435
2022-10-03 04:18:29,1,-1,3594.5,1434
2022-10-03 04:18:30,1,1,3594.5,1435
2022-10-03 04:18:34,4,-2,3594.5,1433
2022-10-03 04:18:35,10,8,3595.0,1441
2022-10-03 04:18:36,8,0,3595.0,1441
2022-10-03 04:18:37,4,2,3595.0,1443
2022-10-03 04:18:38,2,-2,3594.75,1441
2022-10-03 04:18:39,12,-9,3594.25,1432
2022-10-03 04:18:40,14,-3,3594.25,1429
2022-10-03 04:18:43,2,2,3594.25,1431
2022-10-03 04:18:44,1,-1,3594.5,1430
2022-10-03 04:18:45,4,0,3594.5,1430
2022-10-03 04:18:46,6,0,3594.5,1430
2022-10-03 04:18:47,1,1,3594.5,1431
2022-10-03 04:18:49,2,2,3594.75,1433
2022-10-03 04:18:51,2,-2,3594.75,1431
2022-10-03 04:18:52,10,10,3595.0,1441
2022-10-03 04:18:53,4,-2,3594.75,1439
2022-10-03 04:18:54,7,7,3594.75,1446
2022-10-03 04:18:55,5,1,3594.75,1447
2022-10-03 04:18:58,15,-2,3595.0,1445
2022-10-03 04:19:00,12,0,3595.5,1445
2022-10-03 04:19:01,11,0,3595.25,1445
2022-10-03 04:19:02,10,-2,3595.0,1443
2022-10-03 04:19:03,5,1,3595.0,1444
2022-10-03 04:19:05,3,1,3594.75,1445
2022-10-03 04:19:06,1,-1,3594.75,1444
2022-10-03 04:19:07,1,1,3594.75,1445
2022-10-03 04:19:08,17,13,3595.25,1458
2022-10-03 04:19:09,10,-8,3595.25,1450
2022-10-03 04:19:10,1,-1,3595.0,1449
2022-10-03 04:19:12,4,2,3595.25,1451
2022-10-03 04:19:13,1,-1,3595.25,1450
2022-10-03 04:19:15,2,-2,3595.25,1448
2022-10-03 04:19:16,2,0,3595.25,1448
2022-10-03 04:19:17,11,3,3595.5,1451
2022-10-03 04:19:18,2,0,3595.25,1451
2022-10-03 04:19:19,11,-7,3595.25,1444
2022-10-03 04:19:20,4,2,3594.75,1446
2022-10-03 04:19:21,13,4,3595.0,1450
2022-10-03 04:19:22,2,-2,3595.0,1448
2022-10-03 04:19:23,1,1,3595.0,1449
2022-10-03 04:19:24,1,1,3595.0,1450
2022-10-03 04:19:26,15,3,3595.0,1453
2022-10-03 04:19:27,16,-10,3595.25,1443
2022-10-03 04:19:28,5,-3,3595.0,1440
2022-10-03 04:19:29,1,-1,3594.75,1439
2022-10-03 04:19:31,5,5,3595.0,1444
2022-10-03 04:19:32,2,2,3594.75,1446
2022-10-03 04:19:36,1,1,3595.0,1447
2022-10-03 04:19:37,12,8,3595.75,1455
2022-10-03 04:19:38,4,-4,3595.75,1451
2022-10-03 04:19:41,14,12,3595.75,1463
2022-10-03 04:19:42,1,-1,3595.75,1462
2022-10-03 04:19:43,3,-3,3595.5,1459
2022-10-03 04:19:45,1,-1,3595.5,1458
2022-10-03 04:19:46,6,9,3595.75,1467
2022-10-03 04:19:47,1,-1,3595.5,1466
2022-10-03 04:19:49,1,1,3595.5,1467
2022-10-03 04:19:51,1,1,3595.75,1468
2022-10-03 04:19:52,1,1,3595.75,1469
2022-10-03 04:19:54,28,8,3596.75,1477
2022-10-03 04:19:55,12,0,3597.0,1477
2022-10-03 04:19:56,5,-1,3596.75,1476
2022-10-03 04:19:57,7,-5,3597.0,1471
2022-10-03 04:19:58,3,3,3596.75,1474
2022-10-03 04:19:59,4,-4,3596.5,1470
2022-10-03 04:20:00,1,1,3596.75,1471
2022-10-03 04:20:01,14,0,3596.5,1471
2022-10-03 04:20:03,14,-2,3596.0,1469
2022-10-03 04:20:04,2,-2,3595.75,1467
2022-10-03 04:20:05,3,1,3595.75,1468
2022-10-03 04:20:06,19,2,3596.25,1470
2022-10-03 04:20:08,43,-17,3596.5,1453
2022-10-03 04:20:09,13,-1,3596.25,1452
2022-10-03 04:20:10,4,2,3596.25,1454
2022-10-03 04:20:11,18,3,3596.25,1457
2022-10-03 04:20:14,19,-9,3596.25,1448
2022-10-03 04:20:15,13,18,3597.5,1466
2022-10-03 04:20:16,7,-5,3597.25,1461
2022-10-03 04:20:17,3,3,3597.5,1464
2022-10-03 04:20:18,3,3,3597.5,1467
2022-10-03 04:20:19,37,37,3598.25,1504
2022-10-03 04:20:20,12,-1,3598.75,1503
2022-10-03 04:20:21,5,-3,3598.25,1500
2022-10-03 04:20:22,6,4,3597.5,1504
2022-10-03 04:20:23,10,5,3597.5,1509
2022-10-03 04:20:24,22,-14,3597.25,1495
2022-10-03 04:20:25,6,2,3597.0,1497
2022-10-03 04:20:26,6,0,3597.25,1497
2022-10-03 04:20:27,1,-1,3597.0,1496
2022-10-03 04:20:28,10,8,3597.25,1504
2022-10-03 04:20:29,7,1,3597.5,1505
2022-10-03 04:20:30,2,-2,3597.25,1503
2022-10-03 04:20:31,3,3,3597.5,1506
2022-10-03 04:20:32,10,6,3598.25,1512
2022-10-03 04:20:33,13,-9,3597.75,1503
2022-10-03 04:20:34,7,1,3597.75,1504
2022-10-03 04:20:35,7,3,3597.75,1507
2022-10-03 04:20:36,22,-8,3597.75,1499
2022-10-03 04:20:37,1,-1,3597.75,1498
2022-10-03 04:20:38,4,-3,3597.75,1495
2022-10-03 04:20:39,1,1,3597.75,1496
2022-10-03 04:20:40,13,-2,3597.5,1494
2022-10-03 04:20:42,5,5,3597.25,1499
2022-10-03 04:20:43,9,-5,3597.0,1494
2022-10-03 04:20:45,12,1,3597.0,1495
2022-10-03 04:20:46,9,1,3597.0,1496
2022-10-03 04:20:48,7,-7,3596.75,1489
2022-10-03 04:20:49,15,1,3597.25,1490
2022-10-03 04:20:50,1,-1,3596.75,1489
2022-10-03 04:20:52,2,0,3597.25,1489
2022-10-03 04:20:53,3,-1,3597.0,1488
2022-10-03 04:20:54,6,-2,3597.0,1486
2022-10-03 04:20:55,3,3,3597.0,1489
2022-10-03 04:20:56,3,-1,3597.0,1488
2022-10-03 04:20:57,1,1,3597.0,1489
2022-10-03 04:20:58,7,5,3597.25,1494
2022-10-03 04:21:00,5,3,3597.25,1497
2022-10-03 04:21:01,1,-1,3597.25,1496
2022-10-03 04:21:02,2,2,3597.25,1498
2022-10-03 04:21:03,6,-4,3597.0,1494
2022-10-03 04:21:04,35,17,3597.25,1511
2022-10-03 04:21:05,3,-1,3597.0,1510
2022-10-03 04:21:06,9,7,3597.5,1517
2022-10-03 04:21:07,38,-56,3597.25,1461
2022-10-03 04:21:09,8,-2,3596.75,1459
2022-10-03 04:21:10,3,-1,3597.0,1458
2022-10-03 04:21:11,8,0,3597.0,1458
2022-10-03 04:21:13,3,-3,3597.0,1455
2022-10-03 04:21:14,7,-1,3597.0,1454
2022-10-03 04:21:15,8,-4,3597.0,1450
2022-10-03 04:21:16,8,0,3596.75,1450
2022-10-03 04:21:17,1,-1,3596.75,1449
2022-10-03 04:21:18,4,-4,3596.75,1445
2022-10-03 04:21:19,7,3,3597.0,1448
2022-10-03 04:21:20,3,-1,3596.75,1447
2022-10-03 04:21:21,8,1,3597.0,1448
2022-10-03 04:21:24,1,-1,3596.75,1447
2022-10-03 04:21:25,2,0,3596.75,1447
2022-10-03 04:21:26,4,-2,3596.75,1445
2022-10-03 04:21:28,1,-1,3596.75,1444
2022-10-03 04:21:30,10,8,3597.0,1452
2022-10-03 04:21:31,13,-4,3597.25,1448
2022-10-03 04:21:34,12,11,3598.0,1459
2022-10-03 04:21:35,2,2,3598.0,1461
2022-10-03 04:21:36,17,3,3598.0,1464
2022-10-03 04:21:38,1,-1,3598.0,1463
2022-10-03 04:21:40,11,3,3598.25,1466
2022-10-03 04:21:42,6,6,3598.25,1472
2022-10-03 04:21:43,9,0,3598.25,1472
2022-10-03 04:21:45,12,-15,3598.25,1457
2022-10-03 04:21:46,5,1,3598.25,1458
2022-10-03 04:21:48,12,6,3598.25,1464
2022-10-03 04:21:53,3,-3,3598.0,1461
2022-10-03 04:21:54,19,12,3598.25,1473
2022-10-03 04:21:55,7,-1,3598.0,1472
2022-10-03 04:21:56,9,0,3598.25,1472
2022-10-03 04:21:57,3,3,3597.75,1475
2022-10-03 04:21:58,3,-1,3598.0,1474
2022-10-03 04:21:59,4,-4,3597.75,1470
2022-10-03 04:22:00,2,2,3597.75,1472
2022-10-03 04:22:01,7,-3,3597.75,1469
2022-10-03 04:22:02,4,2,3597.25,1471
2022-10-03 04:22:04,9,-9,3597.25,1462
2022-10-03 04:22:05,7,3,3597.25,1465
2022-10-03 04:22:06,4,-2,3597.25,1463
2022-10-03 04:22:07,4,-2,3597.25,1461
2022-10-03 04:22:08,7,3,3597.0,1464
2022-10-03 04:22:09,3,1,3597.0,1465
2022-10-03 04:22:10,23,-8,3596.75,1457
2022-10-03 04:22:11,25,22,3596.75,1479
2022-10-03 04:22:13,15,4,3596.75,1483
2022-10-03 04:22:14,2,-2,3596.75,1481
2022-10-03 04:22:16,1,-1,3596.75,1480
2022-10-03 04:22:17,2,2,3596.75,1482
2022-10-03 04:22:21,1,-1,3597.0,1481
2022-10-03 04:22:23,1,-1,3596.75,1480
2022-10-03 04:22:25,3,3,3596.75,1483
2022-10-03 04:22:26,3,3,3597.25,1486
2022-10-03 04:22:27,10,-1,3597.25,1485
2022-10-03 04:22:31,7,-6,3596.5,1479
2022-10-03 04:22:32,3,-3,3596.25,1476
2022-10-03 04:22:33,7,-3,3596.25,1473
2022-10-03 04:22:34,1,-1,3596.0,1472
2022-10-03 04:22:36,10,-2,3596.75,1470
2022-10-03 04:22:37,1,-1,3596.5,1469
2022-10-03 04:22:38,1,-1,3596.25,1468
2022-10-03 04:22:39,2,2,3596.5,1470
2022-10-03 04:22:41,4,4,3596.75,1474
2022-10-03 04:22:42,1,1,3596.75,1475
2022-10-03 04:22:43,1,1,3596.25,1476
2022-10-03 04:22:44,4,4,3596.5,1480
2022-10-03 04:22:47,6,0,3596.5,1480
2022-10-03 04:22:48,11,-6,3596.25,1474
2022-10-03 04:22:49,1,-1,3596.25,1473
2022-10-03 04:22:50,6,0,3596.25,1473
2022-10-03 04:22:52,4,0,3596.25,1473
2022-10-03 04:22:53,1,1,3596.0,1474
2022-10-03 04:22:54,9,-5,3596.0,1469
2022-10-03 04:22:55,3,3,3596.0,1472
2022-10-03 04:22:59,26,-36,3596.0,1436
2022-10-03 04:23:01,8,0,3595.75,1436
2022-10-03 04:23:02,58,-22,3595.5,1414
2022-10-03 04:23:03,6,0,3595.75,1414
2022-10-03 04:23:04,6,4,3595.75,1418
2022-10-03 04:23:08,4,-2,3596.0,1416
2022-10-03 04:23:09,12,-1,3595.5,1415
2022-10-03 04:23:11,3,1,3595.75,1416
2022-10-03 04:23:15,4,-4,3595.75,1412
2022-10-03 04:23:16,1,1,3595.75,1413
2022-10-03 04:23:18,7,7,3596.5,1420
2022-10-03 04:23:21,4,0,3596.75,1420
2022-10-03 04:23:26,1,-1,3596.5,1419
2022-10-03 04:23:27,6,2,3596.75,1421
2022-10-03 04:23:29,1,1,3596.75,1422
2022-10-03 04:23:30,1,1,3596.75,1423
2022-10-03 04:23:31,3,3,3597.0,1426
2022-10-03 04:23:32,4,-3,3596.75,1423
2022-10-03 04:23:35,1,-1,3596.5,1422
2022-10-03 04:23:36,5,1,3596.5,1423
2022-10-03 04:23:40,29,6,3597.5,1429
2022-10-03 04:23:42,11,-2,3597.25,1427
2022-10-03 04:23:43,2,2,3597.5,1429
2022-10-03 04:23:44,3,-1,3597.25,1428
2022-10-03 04:23:45,2,-2,3597.0,1426
2022-10-03 04:23:46,7,3,3597.25,1429
2022-10-03 04:23:48,2,-2,3597.25,1427
2022-10-03 04:23:49,20,1,3597.75,1428
2022-10-03 04:23:50,25,-9,3598.5,1419
2022-10-03 04:23:52,18,11,3598.25,1430
2022-10-03 04:23:54,5,5,3598.25,1435
2022-10-03 04:23:55,50,17,3598.75,1452
2022-10-03 04:23:56,9,1,3598.75,1453
2022-10-03 04:23:57,25,-21,3598.75,1432
2022-10-03 04:23:58,24,20,3598.75,1452
2022-10-03 04:23:59,16,-6,3598.75,1446
2022-10-03 04:24:01,11,8,3599.0,1454
2022-10-03 04:24:02,12,-4,3599.0,1450
2022-10-03 04:24:03,3,-3,3598.75,1447
2022-10-03 04:24:04,1,-1,3598.5,1446
2022-10-03 04:24:05,3,-1,3598.75,1445
2022-10-03 04:24:06,12,-6,3598.5,1439
2022-10-03 04:24:07,11,1,3598.5,1440
2022-10-03 04:24:08,3,-1,3598.75,1439
2022-10-03 04:24:09,6,5,3598.75,1444
2022-10-03 04:24:10,4,4,3599.0,1448
2022-10-03 04:24:11,9,-5,3598.75,1443
2022-10-03 04:24:12,9,1,3598.75,1444
2022-10-03 04:24:14,6,1,3598.5,1445
2022-10-03 04:24:15,21,9,3598.75,1454
2022-10-03 04:24:16,10,9,3598.0,1463
2022-10-03 04:24:17,6,-5,3598.25,1458
2022-10-03 04:24:18,1,1,3598.25,1459
2022-10-03 04:24:19,2,-2,3598.25,1457
2022-10-03 04:24:21,12,-10,3598.0,1447
2022-10-03 04:24:22,1,-1,3597.75,1446
2022-10-03 04:24:24,3,1,3598.0,1447
2022-10-03 04:24:25,4,2,3598.0,1449
2022-10-03 04:24:27,4,0,3597.75,1449
2022-10-03 04:24:28,4,-2,3597.75,1447
2022-10-03 04:24:29,2,0,3597.75,1447
2022-10-03 04:24:30,5,5,3598.0,1452
2022-10-03 04:24:31,1,1,3598.0,1453
2022-10-03 04:24:32,6,-5,3598.0,1448
2022-10-03 04:24:33,3,1,3598.5,1449
2022-10-03 04:24:34,2,0,3598.5,1449
2022-10-03 04:24:36,12,4,3598.5,1453
2022-10-03 04:24:37,4,0,3598.25,1453
2022-10-03 04:24:38,1,-1,3598.25,1452
2022-10-03 04:24:39,4,-2,3598.25,1450
2022-10-03 04:24:42,1,-1,3598.25,1449
2022-10-03 04:24:43,7,-5,3598.25,1444
2022-10-03 04:24:44,11,7,3597.75,1451
2022-10-03 04:24:46,1,-1,3597.5,1450
2022-10-03 04:24:47,3,3,3598.0,1453
2022-10-03 04:24:49,1,-1,3597.75,1452
2022-10-03 04:24:51,9,-4,3597.5,1448
2022-10-03 04:24:52,4,0,3597.5,1448
2022-10-03 04:24:53,4,4,3597.5,1452
2022-10-03 04:24:54,2,2,3597.5,1454
2022-10-03 04:24:57,5,1,3597.75,1455
2022-10-03 04:24:59,1,1,3597.75,1456
2022-10-03 04:25:00,15,-1,3597.75,1455
2022-10-03 04:25:01,1,-1,3597.0,1454
2022-10-03 04:25:02,9,-1,3597.25,1453
2022-10-03 04:25:03,13,0,3597.25,1453
2022-10-03 04:25:04,4,2,3597.25,1455
2022-10-03 04:25:05,8,1,3597.25,1456
2022-10-03 04:25:06,3,-3,3596.75,1453
2022-10-03 04:25:07,6,-4,3596.75,1449
2022-10-03 04:25:08,6,0,3597.0,1449
2022-10-03 04:25:09,1,-1,3596.75,1448
2022-10-03 04:25:10,1,1,3596.75,1449
2022-10-03 04:25:11,7,1,3596.75,1450
2022-10-03 04:25:14,3,1,3596.75,1451
2022-10-03 04:25:16,1,1,3597.0,1452
2022-10-03 04:25:18,1,1,3597.0,1453
2022-10-03 04:25:22,11,12,3597.75,1465
2022-10-03 04:25:23,2,-2,3597.75,1463
2022-10-03 04:25:26,1,-1,3597.5,1462
2022-10-03 04:25:27,1,-1,3597.5,1461
2022-10-03 04:25:28,2,2,3597.5,1463
2022-10-03 04:25:29,3,-3,3597.5,1460
2022-10-03 04:25:30,2,0,3597.5,1460
2022-10-03 04:25:31,1,-1,3597.5,1459
2022-10-03 04:25:32,7,-1,3598.0,1458
2022-10-03 04:25:34,3,-1,3597.75,1457
2022-10-03 04:25:37,1,1,3598.0,1458
2022-10-03 04:25:38,15,-7,3597.75,1451
2022-10-03 04:25:39,6,-4,3598.25,1447
2022-10-03 04:25:40,2,-2,3598.0,1445
2022-10-03 04:25:41,2,-2,3598.0,1443
2022-10-03 04:25:44,8,-4,3598.25,1439
2022-10-03 04:25:47,2,-2,3598.25,1437
2022-10-03 04:25:48,4,0,3598.0,1437
2022-10-03 04:25:50,5,5,3598.0,1442
2022-10-03 04:25:51,19,4,3598.5,1446
2022-10-03 04:25:52,20,-1,3598.25,1445
2022-10-03 04:25:53,2,2,3598.25,1447
2022-10-03 04:25:55,3,-3,3598.25,1444
2022-10-03 04:25:56,13,-3,3598.25,1441
2022-10-03 04:25:58,2,-2,3597.75,1439
2022-10-03 04:26:00,10,1,3598.5,1440
2022-10-03 04:26:01,18,3,3599.0,1443
2022-10-03 04:26:02,125,117,3599.75,1560
2022-10-03 04:26:03,19,14,3599.5,1574
2022-10-03 04:26:04,6,-2,3599.25,1572
2022-10-03 04:26:05,4,-4,3599.25,1568
2022-10-03 04:26:06,1,1,3599.25,1569
2022-10-03 04:26:07,12,-10,3599.25,1559
2022-10-03 04:26:08,4,-4,3599.0,1555
2022-10-03 04:26:09,13,-1,3598.75,1554
2022-10-03 04:26:10,6,0,3598.75,1554
2022-10-03 04:26:11,4,2,3598.75,1556
2022-10-03 04:26:12,1,1,3599.0,1557
2022-10-03 04:26:14,7,1,3599.0,1558
2022-10-03 04:26:18,1,-1,3598.75,1557
2022-10-03 04:26:19,7,-7,3598.75,1550
2022-10-03 04:26:20,15,-1,3598.5,1549
2022-10-03 04:26:22,1,-1,3598.0,1548
2022-10-03 04:26:23,2,2,3598.5,1550
2022-10-03 04:26:25,2,-2,3598.5,1548
2022-10-03 04:26:26,1,1,3598.5,1549
2022-10-03 04:26:27,2,2,3598.5,1551
2022-10-03 04:26:28,2,-2,3598.5,1549
2022-10-03 04:26:29,1,1,3598.5,1550
2022-10-03 04:26:32,14,-4,3598.75,1546
2022-10-03 04:26:33,1,1,3598.75,1547
2022-10-03 04:26:34,2,0,3598.5,1547
2022-10-03 04:26:35,27,4,3598.75,1551
2022-10-03 04:26:37,6,-1,3598.5,1550
2022-10-03 04:26:39,6,6,3598.75,1556
2022-10-03 04:26:41,3,1,3598.75,1557
2022-10-03 04:26:44,21,-8,3598.75,1549
2022-10-03 04:26:46,12,-8,3598.75,1541
2022-10-03 04:26:47,10,8,3598.25,1549
2022-10-03 04:26:48,19,-3,3598.5,1546
2022-10-03 04:26:50,4,-4,3597.75,1542
2022-10-03 04:26:52,7,5,3597.75,1547
2022-10-03 04:26:53,2,-2,3597.75,1545
2022-10-03 04:26:54,6,0,3597.5,1545
2022-10-03 04:26:55,1,-1,3597.25,1544
2022-10-03 04:26:56,9,-1,3597.0,1543
2022-10-03 04:26:57,1,1,3597.0,1544
2022-10-03 04:26:58,28,1,3597.0,1545
2022-10-03 04:27:00,19,11,3597.0,1556
2022-10-03 04:27:01,6,2,3597.25,1558
2022-10-03 04:27:03,5,-1,3597.0,1557
2022-10-03 04:27:04,11,7,3597.0,1564
2022-10-03 04:27:05,5,3,3597.25,1567
2022-10-03 04:27:07,57,-34,3597.0,1533
2022-10-03 04:27:09,9,9,3597.0,1542
2022-10-03 04:27:10,1,-1,3596.75,1541
2022-10-03 04:27:11,33,-1,3596.75,1540
2022-10-03 04:27:12,6,-4,3597.0,1536
2022-10-03 04:27:14,4,0,3596.75,1536
2022-10-03 04:27:15,1,-1,3596.5,1535
2022-10-03 04:27:16,4,-4,3596.5,1531
2022-10-03 04:27:18,2,-2,3596.75,1529
2022-10-03 04:27:20,7,-3,3597.0,1526
2022-10-03 04:27:21,1,-1,3597.0,1525
2022-10-03 04:27:22,10,-13,3596.75,1512
2022-10-03 04:27:23,10,-10,3596.25,1502
2022-10-03 04:27:24,4,-4,3595.75,1498
2022-10-03 04:27:25,40,-1,3595.5,1497
2022-10-03 04:27:26,9,5,3595.5,1502
2022-10-03 04:27:27,4,0,3595.5,1502
2022-10-03 04:27:30,7,2,3595.5,1504
2022-10-03 04:27:32,1,-1,3595.25,1503
2022-10-03 04:27:33,1,-1,3595.25,1502
2022-10-03 04:27:34,33,-38,3595.25,1464
2022-10-03 04:27:35,1,-1,3595.0,1463
2022-10-03 04:27:36,3,1,3595.25,1464
2022-10-03 04:27:37,14,-7,3595.0,1457
2022-10-03 04:27:38,4,0,3595.25,1457
2022-10-03 04:27:39,9,-3,3595.0,1454
2022-10-03 04:27:40,35,4,3595.5,1458
2022-10-03 04:27:42,1,-1,3595.5,1457
2022-10-03 04:27:43,6,-6,3595.5,1451
2022-10-03 04:27:44,2,2,3595.5,1453
2022-10-03 04:27:45,5,-1,3595.5,1452
2022-10-03 04:27:47,1,-1,3595.5,1451
2022-10-03 04:27:48,18,-6,3595.5,1445
2022-10-03 04:27:50,6,-6,3594.75,1439
2022-10-03 04:27:52,20,-11,3594.5,1428
2022-10-03 04:27:53,122,-11,3594.75,1417
2022-10-03 04:27:54,3,-3,3594.5,1414
2022-10-03 04:27:55,5,5,3594.75,1419
2022-10-03 04:27:56,4,-4,3594.5,1415
2022-10-03 04:27:57,2,2,3594.5,1417
2022-10-03 04:27:59,11,6,3594.75,1423
2022-10-03 04:28:00,9,5,3594.75,1428
2022-10-03 04:28:01,6,6,3594.5,1434
2022-10-03 04:28:03,4,-2,3594.75,1432
2022-10-03 04:28:04,2,2,3594.75,1434
2022-10-03 04:28:07,1,-1,3594.75,1433
2022-10-03 04:28:11,15,6,3595.0,1439
2022-10-03 04:28:12,3,1,3595.25,1440
2022-10-03 04:28:13,9,7,3595.25,1447
2022-10-03 04:28:14,5,-1,3595.25,1446
2022-10-03 04:28:16,2,0,3595.25,1446
2022-10-03 04:28:17,1,-1,3595.0,1445
2022-10-03 04:28:18,6,4,3595.0,1449
2022-10-03 04:28:20,8,2,3595.25,1451
2022-10-03 04:28:21,1,-1,3595.25,1450
2022-10-03 04:28:22,3,3,3595.25,1453
2022-10-03 04:28:23,16,19,3595.75,1472
2022-10-03 04:28:24,6,-2,3595.75,1470
2022-10-03 04:28:25,22,13,3596.25,1483
2022-10-03 04:28:26,17,11,3596.75,1494
2022-10-03 04:28:30,5,-5,3596.25,1489
2022-10-03 04:28:31,8,-8,3596.0,1481
2022-10-03 04:28:32,23,1,3597.0,1482
2022-10-03 04:28:33,39,18,3597.0,1500
2022-10-03 04:28:34,13,3,3597.25,1503
2022-10-03 04:28:35,5,3,3597.25,1506
2022-10-03 04:28:36,5,-3,3596.75,1503
2022-10-03 04:28:37,4,-4,3596.75,1499
2022-10-03 04:28:38,1,1,3596.75,1500
2022-10-03 04:28:40,2,2,3596.75,1502
2022-10-03 04:28:41,1,1,3597.0,1503
2022-10-03 04:28:42,4,-2,3596.75,1501
2022-10-03 04:28:43,5,-1,3597.0,1500
2022-10-03 04:28:45,3,-3,3596.75,1497
2022-10-03 04:28:46,2,2,3597.0,1499
2022-10-03 04:28:47,2,2,3597.0,1501
2022-10-03 04:28:48,7,-3,3597.0,1498
2022-10-03 04:28:50,19,1,3597.25,1499
2022-10-03 04:28:51,8,1,3597.25,1500
2022-10-03 04:28:53,4,4,3597.5,1504
2022-10-03 04:28:54,2,-2,3597.5,1502
2022-10-03 04:28:55,3,3,3597.5,1505
2022-10-03 04:28:56,4,0,3597.5,1505
2022-10-03 04:28:59,4,-4,3597.25,1501
2022-10-03 04:29:00,18,-27,3597.25,1474
2022-10-03 04:29:01,41,-17,3596.75,1457
2022-10-03 04:29:02,6,-7,3596.25,1450
2022-10-03 04:29:03,7,5,3596.0,1455
2022-10-03 04:29:04,38,-47,3596.0,1408
2022-10-03 04:29:05,9,-3,3595.5,1405
2022-10-03 04:29:07,4,4,3595.5,1409
2022-10-03 04:29:08,7,0,3595.5,1409
2022-10-03 04:29:09,3,3,3595.75,1412
2022-10-03 04:29:10,12,-7,3595.75,1405
2022-10-03 04:29:11,1,1,3595.75,1406
2022-10-03 04:29:12,1,1,3595.75,1407
2022-10-03 04:29:13,2,2,3595.75,1409
2022-10-03 04:29:15,6,-2,3595.5,1407
2022-10-03 04:29:16,3,-3,3595.5,1404
2022-10-03 04:29:17,24,-3,3595.5,1401
2022-10-03 04:29:18,6,-9,3595.75,1392
2022-10-03 04:29:20,6,-2,3595.75,1390
2022-10-03 04:29:21,2,-2,3595.75,1388
2022-10-03 04:29:23,3,3,3596.0,1391
2022-10-03 04:29:24,2,2,3596.25,1393
2022-10-03 04:29:26,9,3,3596.0,1396
2022-10-03 04:29:27,7,3,3596.0,1399
2022-10-03 04:29:28,3,3,3596.0,1402
2022-10-03 04:29:29,6,4,3596.0,1406
2022-10-03 04:29:30,3,3,3596.25,1409
2022-10-03 04:29:31,12,4,3596.5,1413
2022-10-03 04:29:32,2,-2,3596.25,1411
2022-10-03 04:29:33,5,-3,3596.25,1408
2022-10-03 04:29:34,1,1,3596.25,1409
2022-10-03 04:29:35,4,2,3596.5,1411
2022-10-03 04:29:37,4,2,3596.25,1413
2022-10-03 04:29:38,13,-8,3596.0,1405
2022-10-03 04:29:40,2,2,3595.75,1407
2022-10-03 04:29:41,3,3,3596.0,1410
2022-10-03 04:29:42,3,-1,3595.75,1409
2022-10-03 04:29:43,12,6,3595.75,1415
2022-10-03 04:29:46,1,1,3596.0,1416
2022-10-03 04:29:47,3,3,3596.25,1419
2022-10-03 04:29:48,3,3,3596.25,1422
2022-10-03 04:29:49,12,6,3596.25,1428
2022-10-03 04:29:51,1,-1,3596.25,1427
2022-10-03 04:29:52,1,-1,3596.25,1426
2022-10-03 04:29:53,4,2,3596.25,1428
2022-10-03 04:29:54,3,-1,3596.5,1427
2022-10-03 04:29:57,3,-3,3596.25,1424
2022-10-03 04:29:58,17,0,3596.75,1424
2022-10-03 04:29:59,2,0,3596.5,1424
2022-10-03 04:30:00,12,-4,3596.0,1420
2022-10-03 04:30:01,5,5,3596.5,1425
2022-10-03 04:30:02,4,0,3596.75,1425
2022-10-03 04:30:03,7,-5,3596.75,1420
2022-10-03 04:30:04,14,1,3597.25,1421
2022-10-03 04:30:06,10,-8,3597.0,1413
2022-10-03 04:30:07,2,2,3597.0,1415
2022-10-03 04:30:08,9,1,3597.0,1416
2022-10-03 04:30:09,2,2,3597.0,1418
2022-10-03 04:30:11,2,2,3597.0,1420
2022-10-03 04:30:13,7,-5,3597.0,1415
2022-10-03 04:30:14,4,0,3597.25,1415
2022-10-03 04:30:15,3,3,3597.5,1418
2022-10-03 04:30:17,2,-2,3597.0,1416
2022-10-03 04:30:18,10,4,3597.0,1420
2022-10-03 04:30:19,3,-1,3597.0,1419
2022-10-03 04:30:22,1,-1,3597.0,1418
2022-10-03 04:30:23,10,6,3597.0,1424
2022-10-03 04:30:24,2,2,3597.0,1426
2022-10-03 04:30:26,2,-2,3597.25,1424
2022-10-03 04:30:28,2,2,3597.25,1426
2022-10-03 04:30:29,4,2,3597.5,1428
2022-10-03 04:30:30,1,-1,3597.5,1427
2022-10-03 04:30:31,12,0,3597.75,1427
2022-10-03 04:30:32,2,-2,3597.75,1425
2022-10-03 04:30:33,4,2,3597.75,1427
2022-10-03 04:30:34,11,9,3598.0,1436
2022-10-03 04:30:35,12,-6,3598.25,1430
2022-10-03 04:30:36,22,-24,3598.0,1406
2022-10-03 04:30:38,3,3,3597.5,1409
2022-10-03 04:30:39,10,-2,3597.5,1407
2022-10-03 04:30:43,6,-4,3597.25,1403
2022-10-03 04:30:48,16,-7,3597.0,1396
2022-10-03 04:30:49,23,-4,3596.75,1392
2022-10-03 04:30:51,1,1,3596.25,1393
2022-10-03 04:30:53,3,1,3595.75,1394
2022-10-03 04:30:54,23,-6,3595.5,1388
2022-10-03 04:30:55,32,-8,3595.25,1380
2022-10-03 04:30:56,3,3,3595.75,1383
2022-10-03 04:30:57,1,1,3595.5,1384
2022-10-03 04:30:58,9,3,3595.5,1387
2022-10-03 04:30:59,4,-2,3595.5,1385
2022-10-03 04:31:01,14,-10,3595.5,1375
2022-10-03 04:31:02,3,1,3595.5,1376
2022-10-03 04:31:03,4,4,3595.75,1380
2022-10-03 04:31:04,2,-2,3595.5,1378
2022-10-03 04:31:06,2,0,3595.5,1378
2022-10-03 04:31:07,4,4,3595.5,1382
2022-10-03 04:31:09,1,-1,3595.5,1381
2022-10-03 04:31:11,17,5,3595.75,1386
2022-10-03 04:31:14,1,1,3595.75,1387
2022-10-03 04:31:15,4,0,3595.5,1387
2022-10-03 04:31:17,13,11,3595.75,1398
2022-10-03 04:31:18,37,0,3595.5,1398
2022-10-03 04:31:21,8,2,3595.5,1400
2022-10-03 04:31:22,2,0,3595.5,1400
2022-10-03 04:31:25,1,-1,3595.25,1399
2022-10-03 04:31:26,4,-2,3595.25,1397
2022-10-03 04:31:27,1,-1,3595.25,1396
2022-10-03 04:31:29,8,5,3595.5,1401
2022-10-03 04:31:30,3,3,3595.75,1404
2022-10-03 04:31:32,4,-2,3595.75,1402
2022-10-03 04:31:34,7,-1,3595.5,1401
2022-10-03 04:31:36,2,2,3595.75,1403
2022-10-03 04:31:38,9,-3,3595.5,1400
2022-10-03 04:31:39,4,-4,3595.25,1396
2022-10-03 04:31:40,5,-1,3595.0,1395
2022-10-03 04:31:42,2,0,3595.0,1395
2022-10-03 04:31:45,2,-2,3595.0,1393
2022-10-03 04:31:46,3,-3,3595.0,1390
2022-10-03 04:31:48,18,10,3594.75,1400
2022-10-03 04:31:49,26,13,3595.25,1413
2022-10-03 04:31:50,6,-4,3595.0,1409
2022-10-03 04:31:52,3,-3,3594.75,1406
2022-10-03 04:31:53,2,0,3594.75,1406
2022-10-03 04:31:54,1,1,3594.75,1407
2022-10-03 04:31:55,12,-5,3594.5,1402
2022-10-03 04:31:56,13,3,3594.25,1405
2022-10-03 04:31:57,14,-3,3594.25,1402
2022-10-03 04:31:58,5,-1,3594.25,1401
2022-10-03 04:31:59,12,5,3594.5,1406
2022-10-03 04:32:00,33,-19,3594.25,1387
2022-10-03 04:32:01,1,1,3594.25,1388
2022-10-03 04:32:02,105,-13,3594.25,1375
2022-10-03 04:32:03,9,-2,3594.0,1373
2022-10-03 04:32:04,13,-18,3593.75,1355
2022-10-03 04:32:05,31,-5,3593.5,1350
2022-10-03 04:32:06,11,5,3593.5,1355
2022-10-03 04:32:07,1,1,3593.75,1356
2022-10-03 04:32:08,3,1,3593.5,1357
2022-10-03 04:32:09,4,0,3593.75,1357
2022-10-03 04:32:10,4,0,3593.75,1357
2022-10-03 04:32:11,1,-1,3593.5,1356
2022-10-03 04:32:12,33,-14,3593.75,1342
2022-10-03 04:32:13,1,-1,3593.5,1341
2022-10-03 04:32:14,3,3,3593.75,1344
2022-10-03 04:32:15,2,2,3593.5,1346
2022-10-03 04:32:16,23,-2,3593.5,1344
2022-10-03 04:32:17,4,-3,3593.5,1341
2022-10-03 04:32:18,3,3,3593.75,1344
2022-10-03 04:32:19,1,1,3594.0,1345
2022-10-03 04:32:20,3,3,3594.0,1348
2022-10-03 04:32:21,49,49,3595.25,1397
2022-10-03 04:32:22,11,-8,3595.0,1389
2022-10-03 04:32:23,2,2,3594.75,1391
2022-10-03 04:32:26,2,0,3594.5,1391
2022-10-03 04:32:28,3,3,3594.75,1394
2022-10-03 04:32:29,1,1,3595.0,1395
2022-10-03 04:32:30,3,3,3595.25,1398
2022-10-03 04:32:32,1,-1,3595.0,1397
2022-10-03 04:32:33,2,0,3595.0,1397
2022-10-03 04:32:35,2,0,3594.75,1397
2022-10-03 04:32:36,1,-1,3594.75,1396
2022-10-03 04:32:37,8,-6,3594.75,1390
2022-10-03 04:32:39,4,2,3595.25,1392
2022-10-03 04:32:40,2,-2,3594.75,1390
2022-10-03 04:32:41,2,2,3594.75,1392
2022-10-03 04:32:43,4,2,3595.0,1394
2022-10-03 04:32:44,3,-3,3594.75,1391
2022-10-03 04:32:45,4,2,3595.5,1393
2022-10-03 04:32:46,5,-1,3595.75,1392
2022-10-03 04:32:47,29,-8,3595.75,1384
2022-10-03 04:32:50,5,3,3595.75,1387
2022-10-03 04:32:51,15,-9,3595.25,1378
2022-10-03 04:32:52,1,-1,3594.75,1377
2022-10-03 04:32:53,2,-2,3595.0,1375
2022-10-03 04:32:55,1,1,3595.0,1376
2022-10-03 04:32:56,4,4,3595.5,1380
2022-10-03 04:32:58,1,-1,3595.5,1379
2022-10-03 04:33:00,18,0,3595.5,1379
2022-10-03 04:33:02,7,-1,3595.75,1378
2022-10-03 04:33:04,4,4,3596.25,1382
2022-10-03 04:33:05,7,-5,3596.0,1377
2022-10-03 04:33:07,4,0,3596.25,1377
2022-10-03 04:33:08,16,6,3596.5,1383
2022-10-03 04:33:09,3,3,3596.5,1386
2022-10-03 04:33:11,17,8,3597.25,1394
2022-10-03 04:33:12,6,1,3597.0,1395
2022-10-03 04:33:13,13,-9,3597.0,1386
2022-10-03 04:33:14,2,2,3597.0,1388
2022-10-03 04:33:15,2,2,3597.0,1390
2022-10-03 04:33:16,5,5,3597.25,1395
2022-10-03 04:33:17,16,6,3598.0,1401
2022-10-03 04:33:18,13,0,3598.25,1401
2022-10-03 04:33:19,12,0,3598.25,1401
2022-10-03 04:33:20,3,3,3598.0,1404
2022-10-03 04:33:21,4,0,3598.0,1404
2022-10-03 04:33:22,20,-2,3598.5,1402
2022-10-03 04:33:23,6,2,3598.5,1404
2022-10-03 04:33:24,9,-5,3598.5,1399
2022-10-03 04:33:25,10,0,3598.5,1399
2022-10-03 04:33:26,50,35,3599.5,1434
2022-10-03 04:33:27,9,2,3599.25,1436
2022-10-03 04:33:28,1,1,3599.25,1437
2022-10-03 04:33:30,22,5,3599.25,1442
2022-10-03 04:33:31,5,0,3599.25,1442
2022-10-03 04:33:32,2,-2,3598.75,1440
2022-10-03 04:33:33,4,2,3599.25,1442
2022-10-03 04:33:34,2,-2,3599.0,1440
2022-10-03 04:33:35,31,9,3599.25,1449
2022-10-03 04:33:36,12,-6,3599.25,1443
2022-10-03 04:33:37,29,16,3599.75,1459
2022-10-03 04:33:38,44,25,3600.25,1484
2022-10-03 04:33:39,7,7,3600.0,1491
2022-10-03 04:33:40,1,1,3600.0,1492
2022-10-03 04:33:41,16,-4,3600.0,1488
2022-10-03 04:33:42,20,0,3600.0,1488
2022-10-03 04:33:43,20,-10,3599.5,1478
2022-10-03 04:33:44,8,-3,3599.25,1475
2022-10-03 04:33:45,10,8,3599.75,1483
2022-10-03 04:33:46,4,2,3599.75,1485
2022-10-03 04:33:48,15,3,3600.0,1488
2022-10-03 04:33:49,24,14,3600.5,1502
2022-10-03 04:33:50,1,1,3600.75,1503
2022-10-03 04:33:51,3,3,3600.5,1506
2022-10-03 04:33:52,14,-13,3600.25,1493
2022-10-03 04:33:53,2,0,3600.25,1493
2022-10-03 04:33:54,5,4,3600.0,1497
2022-10-03 04:33:55,22,4,3600.75,1501
2022-10-03 04:33:57,11,-1,3600.5,1500
2022-10-03 04:33:58,30,14,3600.25,1514
2022-10-03 04:33:59,1,-1,3600.0,1513
2022-10-03 04:34:00,53,12,3600.5,1525
2022-10-03 04:34:01,2,0,3600.75,1525
2022-10-03 04:34:02,38,0,3600.75,1525
2022-10-03 04:34:03,8,3,3600.75,1528
2022-10-03 04:34:04,5,5,3601.0,1533
2022-10-03 04:34:05,4,-4,3600.75,1529
2022-10-03 04:34:06,31,23,3600.75,1552
2022-10-03 04:34:07,4,-2,3600.75,1550
2022-10-03 04:34:08,29,-4,3600.75,1546
2022-10-03 04:34:09,1,1,3600.75,1547
2022-10-03 04:34:10,13,11,3600.75,1558
2022-10-03 04:34:11,3,-3,3600.5,1555
2022-10-03 04:34:12,7,4,3600.75,1559
2022-10-03 04:34:13,35,-14,3600.75,1545
2022-10-03 04:34:14,2,0,3600.25,1545
2022-10-03 04:34:15,2,-2,3600.25,1543
2022-10-03 04:34:17,16,-2,3600.75,1541
2022-10-03 04:34:18,20,-4,3600.5,1537
2022-10-03 04:34:19,1,-1,3600.25,1536
2022-10-03 04:34:20,6,6,3600.25,1542
2022-10-03 04:34:21,5,5,3600.5,1547
2022-10-03 04:34:22,7,-1,3600.75,1546
2022-10-03 04:34:23,8,2,3600.75,1548
2022-10-03 04:34:24,21,6,3600.75,1554
2022-10-03 04:34:25,1,-1,3600.5,1553
2022-10-03 04:34:26,9,-3,3600.5,1550
2022-10-03 04:34:27,10,8,3600.25,1558
2022-10-03 04:34:28,6,-6,3600.0,1552
2022-10-03 04:34:30,1,1,3600.0,1553
2022-10-03 04:34:31,1,-1,3600.0,1552
2022-10-03 04:34:32,4,4,3600.25,1556
2022-10-03 04:34:33,8,-6,3600.25,1550
2022-10-03 04:34:35,2,0,3600.25,1550
2022-10-03 04:34:37,24,4,3600.0,1554
2022-10-03 04:34:38,8,-6,3600.0,1548
2022-10-03 04:34:39,1,-1,3600.0,1547
2022-10-03 04:34:40,6,4,3599.75,1551
2022-10-03 04:34:41,2,2,3600.0,1553
2022-10-03 04:34:44,44,-30,3599.75,1523
2022-10-03 04:34:45,6,1,3599.75,1524
2022-10-03 04:34:46,4,2,3600.0,1526
2022-10-03 04:34:48,6,0,3600.0,1526
2022-10-03 04:34:49,15,10,3600.25,1536
2022-10-03 04:34:52,2,2,3600.25,1538
2022-10-03 04:34:54,5,-1,3600.25,1537
2022-10-03 04:34:55,9,6,3600.75,1543
2022-10-03 04:34:56,2,-2,3600.75,1541
2022-10-03 04:34:57,3,-3,3600.5,1538
2022-10-03 04:34:58,27,33,3601.0,1571
2022-10-03 04:34:59,6,-2,3601.0,1569
2022-10-03 04:35:00,13,9,3601.0,1578
2022-10-03 04:35:01,30,3,3601.25,1581
2022-10-03 04:35:02,9,3,3600.75,1584
2022-10-03 04:35:03,2,0,3600.5,1584
2022-10-03 04:35:04,4,4,3600.75,1588
2022-10-03 04:35:05,14,-4,3600.5,1584
2022-10-03 04:35:06,27,4,3600.5,1588
2022-10-03 04:35:07,1,1,3600.5,1589
2022-10-03 04:35:08,3,-1,3600.25,1588
2022-10-03 04:35:09,7,5,3600.75,1593
2022-10-03 04:35:10,1,-1,3600.5,1592
2022-10-03 04:35:11,8,-3,3600.75,1589
2022-10-03 04:35:12,7,-5,3600.5,1584
2022-10-03 04:35:13,7,-5,3600.25,1579
2022-10-03 04:35:14,18,-8,3599.75,1571
2022-10-03 04:35:15,9,-3,3599.25,1568
2022-10-03 04:35:16,13,12,3599.75,1580
2022-10-03 04:35:17,14,2,3600.25,1582
2022-10-03 04:35:18,7,-1,3600.5,1581
2022-10-03 04:35:19,1,1,3600.5,1582
2022-10-03 04:35:20,5,2,3600.5,1584
2022-10-03 04:35:21,5,3,3600.25,1587
2022-10-03 04:35:24,8,0,3600.0,1587
2022-10-03 04:35:25,6,4,3600.0,1591
2022-10-03 04:35:26,2,2,3600.25,1593
2022-10-03 04:35:27,1,-1,3600.0,1592
2022-10-03 04:35:28,5,2,3600.0,1594
2022-10-03 04:35:29,2,0,3600.0,1594
2022-10-03 04:35:30,6,-2,3599.75,1592
2022-10-03 04:35:31,15,-4,3600.0,1588
2022-10-03 04:35:32,2,0,3599.75,1588
2022-10-03 04:35:33,7,3,3599.75,1591
2022-10-03 04:35:35,8,3,3600.0,1594
2022-10-03 04:35:36,1,-1,3599.75,1593
2022-10-03 04:35:37,9,-7,3599.75,1586
2022-10-03 04:35:38,9,-5,3599.75,1581
2022-10-03 04:35:39,2,-2,3599.75,1579
2022-10-03 04:35:40,17,-5,3600.0,1574
2022-10-03 04:35:41,5,-3,3599.25,1571
2022-10-03 04:35:42,10,-2,3599.25,1569
2022-10-03 04:35:43,1,1,3599.25,1570
2022-10-03 04:35:44,2,-2,3599.25,1568
2022-10-03 04:35:45,7,7,3599.75,1575
2022-10-03 04:35:46,2,0,3599.75,1575
2022-10-03 04:35:47,22,8,3600.25,1583
2022-10-03 04:35:48,3,1,3600.25,1584
2022-10-03 04:35:49,14,2,3600.25,1586
2022-10-03 04:35:50,18,12,3600.25,1598
2022-10-03 04:35:51,18,-2,3600.5,1596
2022-10-03 04:35:52,6,-4,3600.0,1592
2022-10-03 04:35:53,4,-2,3600.0,1590
2022-10-03 04:35:55,3,3,3600.0,1593
2022-10-03 04:35:57,6,0,3600.25,1593
2022-10-03 04:35:58,2,-2,3600.0,1591
2022-10-03 04:35:59,36,10,3600.5,1601
2022-10-03 04:36:00,13,-9,3600.25,1592
2022-10-03 04:36:01,11,-9,3599.75,1583
2022-10-03 04:36:02,8,3,3599.75,1586
2022-10-03 04:36:03,7,0,3600.0,1586
2022-10-03 04:36:04,6,-4,3600.0,1582
2022-10-03 04:36:05,3,-3,3600.0,1579
2022-10-03 04:36:06,15,9,3600.25,1588
2022-10-03 04:36:07,9,-5,3600.25,1583
2022-10-03 04:36:08,4,-4,3600.25,1579
2022-10-03 04:36:10,23,6,3600.5,1585
2022-10-03 04:36:12,26,-1,3600.5,1584
2022-10-03 04:36:14,8,-6,3600.0,1578
2022-10-03 04:36:17,2,0,3600.25,1578
2022-10-03 04:36:18,28,17,3600.75,1595
2022-10-03 04:36:19,9,-9,3600.75,1586
2022-10-03 04:36:20,3,-3,3600.5,1583
2022-10-03 04:36:21,1,-1,3600.5,1582
2022-10-03 04:36:22,1,-1,3600.5,1581
2022-10-03 04:36:24,1,-1,3600.25,1580
2022-10-03 04:36:26,4,-2,3600.25,1578
2022-10-03 04:36:27,11,-5,3600.5,1573
2022-10-03 04:36:28,2,2,3600.0,1575
2022-10-03 04:36:29,27,-20,3600.0,1555
2022-10-03 04:36:31,1,-1,3600.0,1554
2022-10-03 04:36:32,9,-4,3600.0,1550
2022-10-03 04:36:33,2,2,3599.5,1552
2022-10-03 04:36:34,14,-1,3599.5,1551
2022-10-03 04:36:35,4,0,3599.0,1551
2022-10-03 04:36:37,24,16,3599.5,1567
2022-10-03 04:36:38,12,-2,3599.25,1565
2022-10-03 04:36:40,7,6,3599.5,1571
2022-10-03 04:36:41,1,-1,3599.5,1570
2022-10-03 04:36:42,3,-1,3599.5,1569
2022-10-03 04:36:44,1,-1,3599.25,1568
2022-10-03 04:36:45,1,1,3599.5,1569
2022-10-03 04:36:47,2,-2,3599.25,1567
2022-10-03 04:36:48,20,5,3599.75,1572
2022-10-03 04:36:49,3,-3,3599.5,1569
2022-10-03 04:36:51,1,1,3599.75,1570
2022-10-03 04:36:52,8,0,3599.75,1570
2022-10-03 04:36:53,29,15,3600.0,1585
2022-10-03 04:36:54,3,1,3599.75,1586
2022-10-03 04:36:55,32,-1,3599.75,1585
2022-10-03 04:36:56,7,-3,3599.5,1582
2022-10-03 04:37:00,3,1,3599.5,1583
2022-10-03 04:37:02,7,1,3599.5,1584
2022-10-03 04:37:05,4,2,3599.25,1586
2022-10-03 04:37:06,2,-2,3599.25,1584
2022-10-03 04:37:07,1,1,3599.25,1585
2022-10-03 04:37:08,3,-1,3599.25,1584
2022-10-03 04:37:10,5,-3,3599.5,1581
2022-10-03 04:37:11,1,-1,3599.0,1580
2022-10-03 04:37:12,31,-26,3598.75,1554
2022-10-03 04:37:13,48,-13,3598.5,1541
2022-10-03 04:37:14,23,4,3598.5,1545
2022-10-03 04:37:15,5,-1,3598.0,1544
2022-10-03 04:37:16,3,3,3598.25,1547
2022-10-03 04:37:17,1,-1,3598.0,1546
2022-10-03 04:37:18,14,-7,3598.0,1539
2022-10-03 04:37:19,10,-6,3597.75,1533
2022-10-03 04:37:21,18,-12,3597.75,1521
2022-10-03 04:37:23,11,-2,3597.75,1519
2022-10-03 04:37:24,14,6,3597.75,1525
2022-10-03 04:37:26,26,9,3598.0,1534
2022-10-03 04:37:28,16,-4,3598.75,1530
2022-10-03 04:37:29,4,2,3597.75,1532
2022-10-03 04:37:31,4,0,3598.0,1532
2022-10-03 04:37:32,10,-2,3598.25,1530
2022-10-03 04:37:33,12,5,3598.0,1535
2022-10-03 04:37:36,1,-1,3598.0,1534
2022-10-03 04:37:37,1,1,3598.0,1535
2022-10-03 04:37:38,2,2,3598.0,1537
2022-10-03 04:37:39,5,-5,3598.0,1532
2022-10-03 04:37:41,11,-7,3597.75,1525
2022-10-03 04:37:42,24,-13,3597.25,1512
2022-10-03 04:37:43,3,-1,3597.5,1511
2022-10-03 04:37:44,23,-3,3597.25,1508
2022-10-03 04:37:46,7,0,3597.25,1508
2022-10-03 04:37:47,1,1,3597.0,1509
2022-10-03 04:37:48,2,2,3597.25,1511
2022-10-03 04:37:49,7,0,3597.25,1511
2022-10-03 04:37:50,1,-1,3597.25,1510
2022-10-03 04:37:51,3,-3,3597.25,1507
2022-10-03 04:37:52,3,1,3597.25,1508
2022-10-03 04:37:53,1,1,3597.25,1509
2022-10-03 04:37:54,1,1,3597.25,1510
2022-10-03 04:37:55,4,3,3597.5,1513
2022-10-03 04:37:56,2,-2,3597.5,1511
2022-10-03 04:37:58,2,0,3597.5,1511
2022-10-03 04:37:59,2,2,3597.75,1513
2022-10-03 04:38:01,2,-2,3597.5,1511
2022-10-03 04:38:02,2,-2,3597.5,1509
2022-10-03 04:38:03,1,-1,3597.25,1508
2022-10-03 04:38:05,8,4,3597.25,1512
2022-10-03 04:38:06,1,-1,3597.0,1511
2022-10-03 04:38:07,1,1,3597.25,1512
2022-10-03 04:38:09,2,-2,3597.5,1510
2022-10-03 04:38:10,2,-2,3597.25,1508
2022-10-03 04:38:13,5,-3,3597.75,1505
2022-10-03 04:38:14,9,-1,3598.25,1504
2022-10-03 04:38:15,5,-5,3598.25,1499
2022-10-03 04:38:16,3,3,3598.25,1502
2022-10-03 04:38:17,4,-1,3598.0,1501
2022-10-03 04:38:18,6,3,3598.0,1504
2022-10-03 04:38:19,1,-1,3598.0,1503
2022-10-03 04:38:20,7,3,3598.25,1506
2022-10-03 04:38:21,4,-4,3598.25,1502
2022-10-03 04:38:22,2,0,3598.0,1502
2022-10-03 04:38:23,2,-2,3598.0,1500
2022-10-03 04:38:24,4,-4,3598.0,1496
2022-10-03 04:38:25,4,-4,3598.0,1492
2022-10-03 04:38:26,14,6,3597.75,1498
2022-10-03 04:38:27,4,-4,3597.5,1494
2022-10-03 04:38:28,23,-6,3597.25,1488
2022-10-03 04:38:30,12,-1,3597.0,1487
2022-10-03 04:38:31,1,1,3597.25,1488
2022-10-03 04:38:32,9,-4,3597.0,1484
2022-10-03 04:38:34,1,1,3597.25,1485
2022-10-03 04:38:35,1,1,3597.25,1486
2022-10-03 04:38:36,24,-14,3597.25,1472
2022-10-03 04:38:37,3,1,3597.25,1473
2022-10-03 04:38:40,3,1,3597.0,1474
2022-10-03 04:38:41,5,2,3597.0,1476
2022-10-03 04:38:42,7,5,3597.5,1481
2022-10-03 04:38:44,7,1,3597.5,1482
2022-10-03 04:38:45,1,-1,3597.5,1481
2022-10-03 04:38:46,1,1,3597.75,1482
2022-10-03 04:38:47,10,6,3598.0,1488
2022-10-03 04:38:48,3,-3,3597.75,1485
2022-10-03 04:38:51,5,1,3597.75,1486
2022-10-03 04:38:52,66,66,3599.0,1552
2022-10-03 04:38:53,13,0,3598.75,1552
2022-10-03 04:38:55,5,-5,3598.25,1547
2022-10-03 04:38:57,2,0,3598.25,1547
2022-10-03 04:38:58,5,3,3597.75,1550
2022-10-03 04:38:59,20,-7,3597.5,1543
2022-10-03 04:39:00,20,-5,3597.5,1538
2022-10-03 04:39:01,11,-5,3597.75,1533
2022-10-03 04:39:02,4,4,3598.25,1537
2022-10-03 04:39:03,2,-2,3597.75,1535
2022-10-03 04:39:04,2,0,3598.0,1535
2022-10-03 04:39:05,3,3,3598.25,1538
2022-10-03 04:39:06,10,-6,3598.25,1532
2022-10-03 04:39:07,1,-1,3598.0,1531
2022-10-03 04:39:09,6,-5,3597.75,1526
2022-10-03 04:39:10,6,0,3597.75,1526
2022-10-03 04:39:12,4,0,3597.75,1526
2022-10-03 04:39:13,23,-17,3597.5,1509
2022-10-03 04:39:14,14,-8,3597.5,1501
2022-10-03 04:39:15,10,0,3597.25,1501
2022-10-03 04:39:16,5,-3,3597.25,1498
2022-10-03 04:39:18,27,-15,3597.5,1483
2022-10-03 04:39:20,7,-1,3597.5,1482
2022-10-03 04:39:21,3,3,3597.25,1485
2022-10-03 04:39:22,8,6,3597.25,1491
2022-10-03 04:39:23,14,-2,3597.5,1489
2022-10-03 04:39:24,2,-2,3597.5,1487
2022-10-03 04:39:25,7,-3,3597.5,1484
2022-10-03 04:39:28,27,-2,3597.5,1482
2022-10-03 04:39:29,35,-20,3597.5,1462
2022-10-03 04:39:30,19,-3,3597.5,1459
2022-10-03 04:39:34,23,3,3597.75,1462
2022-10-03 04:39:35,2,2,3598.0,1464
2022-10-03 04:39:37,2,2,3598.25,1466
2022-10-03 04:39:38,38,20,3598.75,1486
2022-10-03 04:39:39,39,12,3598.75,1498
2022-10-03 04:39:41,7,1,3598.5,1499
2022-10-03 04:39:42,2,2,3598.5,1501
2022-10-03 04:39:43,16,10,3598.75,1511
2022-10-03 04:39:44,12,11,3598.75,1522
2022-10-03 04:39:45,23,0,3598.75,1522
2022-10-03 04:39:48,1,-1,3598.5,1521
2022-10-03 04:39:49,1,-1,3598.5,1520
2022-10-03 04:39:50,12,-7,3598.5,1513
2022-10-03 04:39:52,4,0,3598.25,1513
2022-10-03 04:39:55,1,1,3598.5,1514
2022-10-03 04:39:56,2,-2,3598.5,1512
2022-10-03 04:39:57,2,-2,3598.5,1510
2022-10-03 04:39:59,8,-6,3598.5,1504
2022-10-03 04:40:01,4,0,3598.25,1504
2022-10-03 04:40:03,9,-5,3598.25,1499
2022-10-03 04:40:04,3,-1,3598.25,1498
2022-10-03 04:40:06,4,0,3598.5,1498
2022-10-03 04:40:07,6,-4,3598.25,1494
2022-10-03 04:40:09,12,-10,3598.0,1484
2022-10-03 04:40:10,2,0,3598.25,1484
2022-10-03 04:40:11,1,1,3598.25,1485
2022-10-03 04:40:12,1,1,3598.25,1486
2022-10-03 04:40:14,2,0,3598.25,1486
2022-10-03 04:40:16,6,2,3599.0,1488
2022-10-03 04:40:17,6,6,3599.0,1494
2022-10-03 04:40:18,3,-1,3598.75,1493
2022-10-03 04:40:19,1,-1,3598.5,1492
2022-10-03 04:40:21,1,-1,3598.75,1491
2022-10-03 04:40:22,2,0,3598.75,1491
2022-10-03 04:40:26,6,2,3599.25,1493
2022-10-03 04:40:27,15,7,3599.75,1500
2022-10-03 04:40:29,1,-1,3599.25,1499
2022-10-03 04:40:30,6,-2,3599.25,1497
2022-10-03 04:40:31,6,4,3599.0,1501
2022-10-03 04:40:32,5,-5,3599.0,1496
2022-10-03 04:40:33,3,-3,3599.0,1493
2022-10-03 04:40:35,2,-2,3599.0,1491
2022-10-03 04:40:36,2,-2,3599.0,1489
2022-10-03 04:40:39,19,8,3599.25,1497
2022-10-03 04:40:41,7,0,3599.25,1497
2022-10-03 04:40:42,3,-1,3599.25,1496
2022-10-03 04:40:43,3,-1,3599.25,1495
2022-10-03 04:40:44,13,-11,3599.0,1484
2022-10-03 04:40:48,3,-3,3599.0,1481
2022-10-03 04:40:49,2,2,3599.5,1483
2022-10-03 04:40:51,16,6,3599.75,1489
2022-10-03 04:40:52,6,-5,3599.5,1484
2022-10-03 04:40:53,62,-28,3599.5,1456
2022-10-03 04:40:54,21,8,3599.5,1464
2022-10-03 04:40:56,4,2,3599.5,1466
2022-10-03 04:40:59,1,1,3599.25,1467
2022-10-03 04:41:00,4,2,3599.75,1469
2022-10-03 04:41:01,11,11,3599.5,1480
2022-10-03 04:41:02,6,-2,3599.5,1478
2022-10-03 04:41:03,1,-1,3599.25,1477
2022-10-03 04:41:06,7,1,3599.5,1478
2022-10-03 04:41:07,1,-1,3599.75,1477
2022-10-03 04:41:08,2,2,3600.0,1479
2022-10-03 04:41:09,1,-1,3599.75,1478
2022-10-03 04:41:10,31,-14,3599.75,1464
2022-10-03 04:41:11,15,5,3599.75,1469
2022-10-03 04:41:12,1,1,3599.75,1470
2022-10-03 04:41:13,9,3,3599.75,1473
2022-10-03 04:41:14,2,-2,3599.75,1471
2022-10-03 04:41:16,3,1,3599.5,1472
2022-10-03 04:41:20,12,7,3599.75,1479
2022-10-03 04:41:21,4,0,3599.5,1479
2022-10-03 04:41:23,16,-4,3599.5,1475
2022-10-03 04:41:25,8,0,3599.5,1475
2022-10-03 04:41:27,4,2,3599.5,1477
2022-10-03 04:41:28,2,0,3599.5,1477
2022-10-03 04:41:31,9,9,3599.75,1486
2022-10-03 04:41:32,2,0,3599.75,1486
2022-10-03 04:41:33,3,0,3599.75,1486
2022-10-03 04:41:34,3,1,3599.75,1487
2022-10-03 04:41:37,3,-1,3599.75,1486
2022-10-03 04:41:38,1,1,3600.0,1487
2022-10-03 04:41:42,2,-2,3599.75,1485
2022-10-03 04:41:44,11,9,3600.0,1494
2022-10-03 04:41:45,12,-4,3599.75,1490
2022-10-03 04:41:46,4,4,3600.0,1494
2022-10-03 04:41:47,13,-7,3600.0,1487
2022-10-03 04:41:51,9,-3,3599.75,1484
2022-10-03 04:41:52,6,-6,3599.25,1478
2022-10-03 04:41:54,4,4,3599.25,1482
2022-10-03 04:41:56,2,0,3599.5,1482
2022-10-03 04:41:59,8,-6,3599.25,1476
2022-10-03 04:42:00,93,-1,3599.75,1475
2022-10-03 04:42:01,15,13,3600.0,1488
2022-10-03 04:42:03,2,2,3600.25,1490
2022-10-03 04:42:05,8,-6,3600.0,1484
2022-10-03 04:42:07,7,-3,3599.75,1481
2022-10-03 04:42:08,1,1,3600.0,1482
2022-10-03 04:42:11,9,5,3600.25,1487
2022-10-03 04:42:12,2,-2,3600.25,1485
2022-10-03 04:42:13,32,-24,3600.0,1461
2022-10-03 04:42:14,2,-2,3599.25,1459
2022-10-03 04:42:15,7,-1,3599.25,1458
2022-10-03 04:42:16,9,-5,3599.25,1453
2022-10-03 04:42:18,2,-2,3599.0,1451
2022-10-03 04:42:20,2,-2,3599.0,1449
2022-10-03 04:42:21,115,-31,3599.0,1418
2022-10-03 04:42:22,26,-6,3598.25,1412
2022-10-03 04:42:23,26,16,3598.25,1428
2022-10-03 04:42:24,6,-1,3597.5,1427
2022-10-03 04:42:25,7,1,3597.5,1428
2022-10-03 04:42:26,7,4,3597.25,1432
2022-10-03 04:42:27,3,3,3597.5,1435
2022-10-03 04:42:31,11,0,3597.75,1435
2022-10-03 04:42:32,1,-1,3597.25,1434
2022-10-03 04:42:34,1,-1,3597.5,1433
2022-10-03 04:42:37,11,-11,3597.5,1422
2022-10-03 04:42:38,4,4,3597.5,1426
2022-10-03 04:42:40,5,-5,3597.25,1421
2022-10-03 04:42:41,14,-12,3597.0,1409
2022-10-03 04:42:42,2,2,3597.25,1411
2022-10-03 04:42:43,4,-2,3597.25,1409
2022-10-03 04:42:44,5,1,3597.25,1410
2022-10-03 04:42:45,5,-1,3597.0,1409
2022-10-03 04:42:46,7,1,3597.25,1410
2022-10-03 04:42:47,6,-3,3597.0,1407
2022-10-03 04:42:48,13,15,3597.5,1422
2022-10-03 04:42:49,2,0,3597.5,1422
2022-10-03 04:42:51,1,-1,3597.0,1421
2022-10-03 04:42:53,6,0,3597.0,1421
2022-10-03 04:42:55,2,-2,3597.0,1419
2022-10-03 04:42:56,1,-1,3597.0,1418
2022-10-03 04:42:57,1,-1,3597.25,1417
2022-10-03 04:42:58,57,-31,3597.25,1386
2022-10-03 04:42:59,1,1,3597.5,1387
2022-10-03 04:43:00,16,-4,3597.25,1383
2022-10-03 04:43:02,5,-5,3597.25,1378
2022-10-03 04:43:03,3,1,3597.25,1379
2022-10-03 04:43:04,1,1,3597.5,1380
2022-10-03 04:43:05,2,2,3597.5,1382
2022-10-03 04:43:07,2,2,3597.75,1384
2022-10-03 04:43:09,1,1,3597.5,1385
2022-10-03 04:43:10,3,1,3597.75,1386
2022-10-03 04:43:16,2,0,3597.75,1386
2022-10-03 04:43:19,2,-2,3597.5,1384
2022-10-03 04:43:21,1,-1,3597.75,1383
2022-10-03 04:43:22,66,-74,3597.5,1309
2022-10-03 04:43:23,2,-2,3597.5,1307
2022-10-03 04:43:24,24,23,3597.75,1330
2022-10-03 04:43:25,5,-1,3597.25,1329
2022-10-03 04:43:27,2,2,3597.25,1331
2022-10-03 04:43:29,1,-1,3597.25,1330
2022-10-03 04:43:30,7,1,3597.25,1331
2022-10-03 04:43:31,4,2,3597.25,1333
2022-10-03 04:43:32,3,3,3597.5,1336
2022-10-03 04:43:33,1,-1,3597.5,1335
2022-10-03 04:43:34,4,2,3597.5,1337
2022-10-03 04:43:35,3,3,3597.5,1340
2022-10-03 04:43:36,5,-5,3597.5,1335
2022-10-03 04:43:37,1,1,3597.5,1336
2022-10-03 04:43:40,11,9,3598.5,1345
2022-10-03 04:43:41,31,3,3599.0,1348
2022-10-03 04:43:44,1,-1,3598.75,1347
2022-10-03 04:43:45,9,5,3599.0,1352
2022-10-03 04:43:46,2,-2,3598.75,1350
2022-10-03 04:43:48,1,-1,3598.75,1349
2022-10-03 04:43:49,1,1,3599.0,1350
2022-10-03 04:43:51,1,-1,3599.25,1349
2022-10-03 04:43:52,5,3,3599.25,1352
2022-10-03 04:43:53,10,8,3599.5,1360
2022-10-03 04:43:55,5,-5,3599.25,1355
2022-10-03 04:43:56,5,-1,3599.25,1354
2022-10-03 04:43:57,4,0,3599.25,1354
2022-10-03 04:43:58,1,-1,3599.0,1353
2022-10-03 04:43:59,17,5,3599.0,1358
2022-10-03 04:44:00,8,-8,3598.75,1350
2022-10-03 04:44:01,13,1,3598.75,1351
2022-10-03 04:44:02,1,-1,3598.75,1350
2022-10-03 04:44:03,19,24,3599.25,1374
2022-10-03 04:44:04,1,1,3599.25,1375
2022-10-03 04:44:05,4,0,3599.25,1375
2022-10-03 04:44:09,2,-2,3599.0,1373
2022-10-03 04:44:11,2,-2,3598.75,1371
2022-10-03 04:44:12,4,4,3598.75,1375
2022-10-03 04:44:13,5,2,3599.0,1377
2022-10-03 04:44:16,3,-3,3598.75,1374
2022-10-03 04:44:17,21,32,3598.75,1406
2022-10-03 04:44:18,12,1,3598.75,1407
2022-10-03 04:44:22,5,-3,3598.0,1404
2022-10-03 04:44:23,2,2,3598.0,1406
2022-10-03 04:44:25,5,5,3598.0,1411
2022-10-03 04:44:27,2,2,3598.0,1413
2022-10-03 04:44:28,1,-1,3598.0,1412
2022-10-03 04:44:30,7,-7,3598.0,1405
2022-10-03 04:44:31,8,6,3598.0,1411
2022-10-03 04:44:38,14,-4,3597.75,1407
2022-10-03 04:44:39,6,4,3597.75,1411
2022-10-03 04:44:40,23,9,3598.0,1420
2022-10-03 04:44:42,8,6,3598.5,1426
2022-10-03 04:44:45,3,-1,3598.5,1425
2022-10-03 04:44:47,1,1,3598.5,1426
2022-10-03 04:44:49,1,1,3598.5,1427
2022-10-03 04:44:51,6,-1,3598.5,1426
2022-10-03 04:44:55,8,-1,3598.5,1425
2022-10-03 04:44:56,2,-2,3598.5,1423
2022-10-03 04:44:58,7,5,3599.0,1428
2022-10-03 04:44:59,7,-1,3598.75,1427
2022-10-03 04:45:00,15,-2,3598.75,1425
2022-10-03 04:45:02,1,-1,3598.25,1424
2022-10-03 04:45:04,7,-1,3598.25,1423
2022-10-03 04:45:06,13,-1,3598.0,1422
2022-10-03 04:45:07,6,5,3598.25,1427
2022-10-03 04:45:08,3,3,3598.5,1430
2022-10-03 04:45:10,2,-2,3598.25,1428
2022-10-03 04:45:14,11,-4,3598.75,1424
2022-10-03 04:45:15,1,1,3598.5,1425
2022-10-03 04:45:18,2,2,3598.5,1427
2022-10-03 04:45:21,6,2,3598.75,1429
2022-10-03 04:45:22,2,2,3598.75,1431
2022-10-03 04:45:26,20,0,3598.75,1431
2022-10-03 04:45:29,4,2,3599.0,1433
2022-10-03 04:45:31,1,1,3599.0,1434
2022-10-03 04:45:33,10,8,3599.5,1442
2022-10-03 04:45:34,3,3,3599.5,1445
2022-10-03 04:45:36,2,0,3599.25,1445
2022-10-03 04:45:39,23,-3,3599.0,1442
2022-10-03 04:45:42,2,-2,3598.25,1440
2022-10-03 04:45:46,16,-3,3598.25,1437
2022-10-03 04:45:47,1,1,3598.0,1438
2022-10-03 04:45:49,4,0,3598.0,1438
2022-10-03 04:45:50,2,2,3598.25,1440
2022-10-03 04:45:51,11,9,3598.5,1449
2022-10-03 04:45:53,19,15,3598.75,1464
2022-10-03 04:45:54,1,-1,3598.5,1463
2022-10-03 04:45:56,1,-1,3598.75,1462
2022-10-03 04:45:57,4,4,3598.75,1466
2022-10-03 04:45:58,3,2,3599.0,1468
2022-10-03 04:46:02,2,-2,3598.75,1466
2022-10-03 04:46:04,2,2,3598.75,1468
2022-10-03 04:46:05,6,0,3599.25,1468
2022-10-03 04:46:08,6,-2,3599.25,1466
2022-10-03 04:46:09,34,-18,3599.0,1448
2022-10-03 04:46:10,7,-3,3598.5,1445
2022-10-03 04:46:11,10,8,3598.75,1453
2022-10-03 04:46:13,1,1,3598.75,1454
2022-10-03 04:46:14,4,-4,3598.5,1450
2022-10-03 04:46:16,3,1,3598.75,1451
2022-10-03 04:46:17,1,1,3599.0,1452
2022-10-03 04:46:18,6,6,3599.0,1458
2022-10-03 04:46:19,3,-3,3598.75,1455
2022-10-03 04:46:21,32,16,3599.5,1471
2022-10-03 04:46:23,1,-1,3599.25,1470
2022-10-03 04:46:24,26,4,3599.75,1474
2022-10-03 04:46:26,2,0,3599.75,1474
2022-10-03 04:46:27,13,-1,3599.5,1473
2022-10-03 04:46:28,4,-2,3599.75,1471
2022-10-03 04:46:29,7,5,3599.75,1476
2022-10-03 04:46:30,3,3,3599.75,1479
2022-10-03 04:46:31,6,-4,3599.5,1475
2022-10-03 04:46:33,1,1,3599.5,1476
2022-10-03 04:46:35,25,13,3599.75,1489
2022-10-03 04:46:37,6,4,3600.0,1493
2022-10-03 04:46:38,6,3,3599.75,1496
2022-10-03 04:46:40,62,44,3600.75,1540
2022-10-03 04:46:41,3,3,3600.75,1543
2022-10-03 04:46:43,11,5,3600.75,1548
2022-10-03 04:46:44,3,1,3600.75,1549
2022-10-03 04:46:45,2,2,3601.0,1551
2022-10-03 04:46:46,1,-1,3600.75,1550
2022-10-03 04:46:47,8,3,3601.0,1553
2022-10-03 04:46:48,1,-1,3601.0,1552
2022-10-03 04:46:49,8,2,3601.0,1554
2022-10-03 04:46:50,3,1,3601.25,1555
2022-10-03 04:46:51,4,-4,3600.75,1551
2022-10-03 04:46:52,6,2,3600.75,1553
2022-10-03 04:46:53,11,-3,3600.5,1550
2022-10-03 04:46:55,2,-2,3600.5,1548
2022-10-03 04:46:56,8,-2,3600.5,1546
2022-10-03 04:46:57,7,-1,3600.5,1545
2022-10-03 04:46:58,3,3,3600.5,1548
2022-10-03 04:47:00,5,1,3600.5,1549
2022-10-03 04:47:01,5,5,3600.5,1554
2022-10-03 04:47:03,2,-2,3600.25,1552
2022-10-03 04:47:04,10,0,3600.25,1552
2022-10-03 04:47:05,7,-1,3600.25,1551
2022-10-03 04:47:06,15,-1,3599.75,1550
2022-10-03 04:47:07,5,-5,3599.75,1545
2022-10-03 04:47:08,3,3,3599.75,1548
2022-10-03 04:47:09,17,5,3599.75,1553
2022-10-03 04:47:11,5,9,3600.0,1562
2022-10-03 04:47:12,3,-1,3600.0,1561
2022-10-03 04:47:13,3,2,3599.75,1563
2022-10-03 04:47:14,7,1,3599.5,1564
2022-10-03 04:47:15,5,-5,3599.5,1559
2022-10-03 04:47:18,3,3,3599.75,1562
2022-10-03 04:47:21,8,0,3600.0,1562
2022-10-03 04:47:24,3,1,3599.75,1563
2022-10-03 04:47:29,2,2,3599.75,1565
2022-10-03 04:47:30,26,-11,3599.25,1554
2022-10-03 04:47:31,4,0,3598.5,1554
2022-10-03 04:47:32,2,0,3598.5,1554
2022-10-03 04:47:33,4,2,3598.5,1556
2022-10-03 04:47:34,2,-2,3598.25,1554
2022-10-03 04:47:35,12,4,3598.5,1558
2022-10-03 04:47:36,20,-6,3598.5,1552
2022-10-03 04:47:38,3,-1,3598.5,1551
2022-10-03 04:47:39,2,-2,3598.5,1549
2022-10-03 04:47:40,9,4,3598.5,1553
2022-10-03 04:47:43,2,2,3598.5,1555
2022-10-03 04:47:44,5,4,3598.75,1559
2022-10-03 04:47:45,12,3,3598.75,1562
2022-10-03 04:47:46,7,5,3598.75,1567
2022-10-03 04:47:48,2,2,3599.0,1569
2022-10-03 04:47:50,12,-2,3599.5,1567
2022-10-03 04:47:51,2,-1,3599.0,1566
2022-10-03 04:47:54,12,-8,3598.75,1558
2022-10-03 04:48:01,4,2,3598.75,1560
2022-10-03 04:48:03,9,-7,3598.5,1553
2022-10-03 04:48:04,1,-1,3598.25,1552
2022-10-03 04:48:05,2,2,3598.5,1554
2022-10-03 04:48:07,1,-1,3598.25,1553
2022-10-03 04:48:08,6,-6,3598.25,1547
2022-10-03 04:48:10,2,0,3598.25,1547
2022-10-03 04:48:11,2,0,3598.5,1547
2022-10-03 04:48:14,1,-1,3598.75,1546
2022-10-03 04:48:16,2,0,3598.5,1546
2022-10-03 04:48:18,5,5,3598.75,1551
2022-10-03 04:48:19,8,-5,3598.5,1546
2022-10-03 04:48:21,20,-4,3598.5,1542
2022-10-03 04:48:23,4,3,3598.0,1545
2022-10-03 04:48:24,5,-5,3598.25,1540
2022-10-03 04:48:26,1,-1,3597.75,1539
2022-10-03 04:48:30,3,1,3597.75,1540
2022-10-03 04:48:32,1,-1,3597.75,1539
2022-10-03 04:48:33,3,-1,3597.75,1538
2022-10-03 04:48:34,5,-5,3597.25,1533
2022-10-03 04:48:35,4,2,3597.25,1535
2022-10-03 04:48:38,9,2,3597.75,1537
2022-10-03 04:48:41,22,15,3598.25,1552
2022-10-03 04:48:42,1,1,3598.5,1553
2022-10-03 04:48:45,3,-3,3598.5,1550
2022-10-03 04:48:47,3,-3,3598.5,1547
2022-10-03 04:48:49,15,6,3599.0,1553
2022-10-03 04:48:50,2,2,3599.25,1555
2022-10-03 04:48:51,23,17,3600.0,1572
2022-10-03 04:48:52,1,-1,3600.0,1571
2022-10-03 04:48:53,7,-3,3600.0,1568
2022-10-03 04:48:54,2,0,3599.75,1568
2022-10-03 04:48:55,6,-6,3599.75,1562
2022-10-03 04:48:56,1,-1,3599.75,1561
2022-10-03 04:48:58,1,-1,3599.75,1560
2022-10-03 04:48:59,4,0,3600.0,1560
2022-10-03 04:49:00,1,-1,3599.5,1559
2022-10-03 04:49:01,1,-1,3599.5,1558
2022-10-03 04:49:02,127,48,3600.25,1606
2022-10-03 04:49:04,35,50,3600.75,1656
2022-10-03 04:49:06,5,1,3600.5,1657
2022-10-03 04:49:07,3,1,3600.5,1658
2022-10-03 04:49:08,1,1,3600.5,1659
2022-10-03 04:49:09,7,-1,3600.25,1658
2022-10-03 04:49:10,30,19,3600.75,1677
2022-10-03 04:49:11,10,7,3600.5,1684
2022-10-03 04:49:12,1,1,3600.5,1685
2022-10-03 04:49:15,3,-3,3600.25,1682
2022-10-03 04:49:16,2,-2,3600.0,1680
2022-10-03 04:49:17,11,-3,3600.25,1677
2022-10-03 04:49:18,1,1,3600.25,1678
2022-10-03 04:49:19,1,1,3600.25,1679
2022-10-03 04:49:20,2,-2,3600.0,1677
2022-10-03 04:49:22,4,4,3600.25,1681
2022-10-03 04:49:23,1,1,3600.25,1682
2022-10-03 04:49:24,1,1,3600.25,1683
2022-10-03 04:49:26,26,-14,3600.0,1669
2022-10-03 04:49:30,4,2,3599.5,1671
2022-10-03 04:49:31,6,-2,3599.75,1669
2022-10-03 04:49:32,1,1,3599.75,1670
2022-10-03 04:49:40,2,-2,3599.25,1668
2022-10-03 04:49:41,2,2,3599.5,1670
2022-10-03 04:49:42,9,-1,3599.5,1669
2022-10-03 04:49:43,3,3,3599.75,1672
2022-10-03 04:49:45,4,4,3600.0,1676
2022-10-03 04:49:47,1,-1,3599.5,1675
2022-10-03 04:49:48,3,3,3599.75,1678
2022-10-03 04:49:49,3,3,3599.75,1681
2022-10-03 04:49:51,12,-12,3599.5,1669
2022-10-03 04:49:52,4,-2,3599.25,1667
2022-10-03 04:49:55,1,1,3599.0,1668
2022-10-03 04:50:00,5,-3,3599.0,1665
2022-10-03 04:50:01,2,2,3599.25,1667
2022-10-03 04:50:02,2,-2,3599.25,1665
2022-10-03 04:50:06,19,13,3599.5,1678
2022-10-03 04:50:11,1,-1,3599.25,1677
2022-10-03 04:50:13,4,-2,3599.75,1675
2022-10-03 04:50:14,1,-1,3599.5,1674
2022-10-03 04:50:16,1,1,3600.0,1675
2022-10-03 04:50:17,1,-1,3599.75,1674
2022-10-03 04:50:21,1,1,3600.0,1675
2022-10-03 04:50:22,1,-1,3600.0,1674
2022-10-03 04:50:25,5,3,3600.0,1677
2022-10-03 04:50:26,2,2,3600.0,1679
2022-10-03 04:50:27,1,-1,3600.0,1678
2022-10-03 04:50:31,12,-2,3600.5,1676
2022-10-03 04:50:32,8,0,3600.5,1676
2022-10-03 04:50:33,3,-3,3600.5,1673
2022-10-03 04:50:35,7,5,3600.5,1678
2022-10-03 04:50:36,3,1,3600.5,1679
2022-10-03 04:50:38,6,0,3600.5,1679
2022-10-03 04:50:39,1,-1,3599.75,1678
2022-10-03 04:50:40,1,1,3600.0,1679
2022-10-03 04:50:43,1,1,3600.0,1680
2022-10-03 04:50:44,1,1,3600.0,1681
2022-10-03 04:50:48,2,0,3600.0,1681
2022-10-03 04:50:54,4,-4,3599.75,1677
2022-10-03 04:50:55,3,3,3599.75,1680
2022-10-03 04:50:57,1,-1,3599.75,1679
2022-10-03 04:50:58,1,-1,3599.5,1678
2022-10-03 04:51:00,2,-2,3599.5,1676
2022-10-03 04:51:01,2,0,3599.5,1676
2022-10-03 04:51:03,10,9,3600.0,1685
2022-10-03 04:51:05,1,1,3600.25,1686
2022-10-03 04:51:06,4,2,3600.0,1688
2022-10-03 04:51:10,8,-5,3599.5,1683
2022-10-03 04:51:11,4,2,3599.5,1685
2022-10-03 04:51:14,4,0,3599.25,1685
2022-10-03 04:51:15,2,2,3599.5,1687
2022-10-03 04:51:17,9,-1,3599.25,1686
2022-10-03 04:51:18,3,1,3599.0,1687
2022-10-03 04:51:19,3,3,3599.0,1690
2022-10-03 04:51:23,5,-3,3598.75,1687
2022-10-03 04:51:24,9,2,3598.75,1689
2022-10-03 04:51:26,10,5,3598.75,1694
2022-10-03 04:51:34,5,-5,3598.5,1689
2022-10-03 04:51:35,2,2,3598.25,1691
2022-10-03 04:51:36,4,2,3598.0,1693
2022-10-03 04:51:38,3,1,3598.0,1694
2022-10-03 04:51:39,4,2,3598.25,1696
2022-10-03 04:51:41,15,0,3598.5,1696
2022-10-03 04:51:42,5,-3,3598.25,1693
2022-10-03 04:51:46,4,0,3598.25,1693
2022-10-03 04:51:48,2,2,3598.25,1695
2022-10-03 04:51:49,1,-1,3598.0,1694
2022-10-03 04:51:50,15,4,3598.0,1698
2022-10-03 04:51:52,10,6,3598.5,1704
2022-10-03 04:51:54,7,-1,3598.75,1703
2022-10-03 04:51:55,5,3,3598.75,1706
2022-10-03 04:51:59,2,2,3598.5,1708
2022-10-03 04:52:01,3,-3,3598.5,1705
2022-10-03 04:52:04,8,2,3598.5,1707
2022-10-03 04:52:05,3,-1,3598.25,1706
2022-10-03 04:52:11,1,-1,3598.25,1705
2022-10-03 04:52:13,6,3,3598.5,1708
2022-10-03 04:52:14,4,4,3598.5,1712
2022-10-03 04:52:15,2,2,3598.75,1714
2022-10-03 04:52:19,8,0,3598.5,1714
2022-10-03 04:52:21,1,1,3598.5,1715
2022-10-03 04:52:22,2,0,3598.5,1715
2022-10-03 04:52:27,1,-1,3598.5,1714
2022-10-03 04:52:29,2,2,3598.5,1716
2022-10-03 04:52:35,6,2,3598.5,1718
2022-10-03 04:52:36,3,-3,3598.25,1715
2022-10-03 04:52:39,7,7,3598.5,1722
2022-10-03 04:52:42,2,2,3598.75,1724
2022-10-03 04:52:47,1,-1,3598.5,1723
2022-10-03 04:52:48,11,8,3599.25,1731
2022-10-03 04:52:51,14,3,3599.25,1734
2022-10-03 04:52:52,17,7,3599.5,1741
2022-10-03 04:52:54,4,-4,3599.25,1737
2022-10-03 04:53:00,15,1,3599.5,1738
2022-10-03 04:53:01,5,-5,3599.25,1733
2022-10-03 04:53:02,2,0,3599.25,1733
2022-10-03 04:53:03,2,2,3599.25,1735
2022-10-03 04:53:06,2,-2,3599.5,1733
2022-10-03 04:53:08,2,-2,3599.25,1731
2022-10-03 04:53:09,18,-5,3599.25,1726
2022-10-03 04:53:12,7,-2,3599.25,1724
2022-10-03 04:53:13,1,-1,3599.0,1723
2022-10-03 04:53:16,2,0,3599.25,1723
2022-10-03 04:53:17,1,-1,3599.25,1722
2022-10-03 04:53:21,7,3,3599.5,1725
2022-10-03 04:53:22,1,-1,3599.25,1724
2022-10-03 04:53:25,2,2,3599.5,1726
2022-10-03 04:53:26,24,-10,3599.25,1716
2022-10-03 04:53:28,1,-1,3598.75,1715
2022-10-03 04:53:29,3,3,3599.0,1718
2022-10-03 04:53:31,4,0,3599.0,1718
2022-10-03 04:53:32,2,0,3599.0,1718
2022-10-03 04:53:34,1,-1,3598.75,1717
2022-10-03 04:53:36,22,6,3599.25,1723
2022-10-03 04:53:37,4,2,3599.5,1725
2022-10-03 04:53:39,1,-1,3599.25,1724
2022-10-03 04:53:44,47,17,3600.0,1741
2022-10-03 04:53:47,4,0,3600.0,1741
2022-10-03 04:53:49,7,-1,3600.0,1740
2022-10-03 04:53:50,1,1,3600.0,1741
2022-10-03 04:53:51,1,1,3600.0,1742
2022-10-03 04:53:52,12,-8,3599.75,1734
2022-10-03 04:53:55,5,4,3599.75,1738
2022-10-03 04:53:57,1,-1,3599.25,1737
2022-10-03 04:53:58,3,-3,3599.25,1734
2022-10-03 04:53:59,1,1,3599.25,1735
2022-10-03 04:54:00,4,4,3599.25,1739
2022-10-03 04:54:02,4,4,3599.25,1743
2022-10-03 04:54:04,1,1,3599.25,1744
2022-10-03 04:54:05,3,3,3599.25,1747
2022-10-03 04:54:06,5,5,3599.5,1752
2022-10-03 04:54:08,6,-2,3599.5,1750
2022-10-03 04:54:09,4,-4,3599.0,1746
2022-10-03 04:54:10,6,-6,3599.0,1740
2022-10-03 04:54:17,19,5,3599.5,1745
2022-10-03 04:54:18,2,2,3599.25,1747
2022-10-03 04:54:22,2,2,3599.25,1749
2022-10-03 04:54:23,1,-1,3599.25,1748
2022-10-03 04:54:24,4,4,3599.5,1752
2022-10-03 04:54:27,31,19,3599.75,1771
2022-10-03 04:54:28,4,2,3599.75,1773
2022-10-03 04:54:29,9,-5,3599.75,1768
2022-10-03 04:54:31,3,-3,3599.75,1765
2022-10-03 04:54:33,1,-1,3599.75,1764
2022-10-03 04:54:35,6,0,3599.75,1764
2022-10-03 04:54:36,3,1,3599.75,1765
2022-10-03 04:54:37,3,1,3599.75,1766
2022-10-03 04:54:38,12,10,3599.75,1776
2022-10-03 04:54:40,29,12,3600.25,1788
2022-10-03 04:54:41,1,-1,3600.0,1787
2022-10-03 04:54:42,6,0,3599.75,1787
2022-10-03 04:54:43,2,2,3599.75,1789
2022-10-03 04:54:45,4,0,3600.0,1789
2022-10-03 04:54:48,15,11,3600.5,1800
2022-10-03 04:54:49,1,-1,3600.25,1799
2022-10-03 04:54:50,7,-5,3600.25,1794
2022-10-03 04:54:51,3,3,3600.25,1797
2022-10-03 04:54:53,14,-23,3600.25,1774
2022-10-03 04:54:54,1,-1,3599.5,1773
2022-10-03 04:54:56,6,2,3600.0,1775
2022-10-03 04:54:57,6,5,3600.0,1780
2022-10-03 04:54:58,1,1,3600.0,1781
2022-10-03 04:54:59,1,-1,3600.0,1780
2022-10-03 04:55:01,2,0,3600.25,1780
2022-10-03 04:55:03,1,1,3600.25,1781
2022-10-03 04:55:05,14,-6,3600.0,1775
2022-10-03 04:55:06,4,0,3600.0,1775
2022-10-03 04:55:07,3,-1,3599.75,1774
2022-10-03 04:55:09,5,3,3599.75,1777
2022-10-03 04:55:11,2,-2,3599.75,1775
2022-10-03 04:55:12,1,-1,3599.5,1774
2022-10-03 04:55:14,26,-4,3599.5,1770
2022-10-03 04:55:16,2,2,3599.25,1772
2022-10-03 04:55:17,4,0,3599.25,1772
2022-10-03 04:55:18,9,-5,3599.5,1767
2022-10-03 04:55:19,6,-1,3599.25,1766
2022-10-03 04:55:20,7,7,3599.5,1773
2022-10-03 04:55:21,3,-1,3599.5,1772
2022-10-03 04:55:25,1,-1,3599.5,1771
2022-10-03 04:55:26,1,1,3599.5,1772
2022-10-03 04:55:27,3,-1,3599.5,1771
2022-10-03 04:55:28,1,-1,3599.25,1770
2022-10-03 04:55:30,7,3,3599.5,1773
2022-10-03 04:55:31,14,-8,3599.0,1765
2022-10-03 04:55:32,4,3,3599.25,1768
2022-10-03 04:55:35,7,3,3599.25,1771
2022-10-03 04:55:37,9,-3,3599.0,1768
2022-10-03 04:55:45,20,-14,3598.75,1754
2022-10-03 04:55:46,8,-5,3598.75,1749
2022-10-03 04:55:47,1,-1,3598.75,1748
2022-10-03 04:55:51,2,0,3598.75,1748
2022-10-03 04:55:52,1,1,3598.75,1749
2022-10-03 04:55:55,11,7,3598.75,1756
2022-10-03 04:55:57,1,1,3598.75,1757
2022-10-03 04:55:58,1,1,3598.75,1758
2022-10-03 04:55:59,6,6,3599.25,1764
2022-10-03 04:56:01,10,11,3599.75,1775
2022-10-03 04:56:02,1,1,3599.75,1776
2022-10-03 04:56:03,22,5,3600.0,1781
2022-10-03 04:56:04,28,-15,3599.75,1766
2022-10-03 04:56:05,5,-1,3599.25,1765
2022-10-03 04:56:07,7,-7,3599.0,1758
2022-10-03 04:56:08,9,7,3599.0,1765
2022-10-03 04:56:11,3,-3,3598.75,1762
2022-10-03 04:56:12,5,-5,3598.75,1757
2022-10-03 04:56:13,2,2,3599.0,1759
2022-10-03 04:56:14,9,-5,3599.25,1754
2022-10-03 04:56:15,18,7,3600.0,1761
2022-10-03 04:56:16,16,1,3600.25,1762
2022-10-03 04:56:17,6,-2,3600.25,1760
2022-10-03 04:56:18,4,0,3600.25,1760
2022-10-03 04:56:20,9,1,3600.0,1761
2022-10-03 04:56:21,25,-5,3600.0,1756
2022-10-03 04:56:24,11,-10,3599.5,1746
2022-10-03 04:56:27,3,3,3599.75,1749
2022-10-03 04:56:28,18,-2,3599.75,1747
2022-10-03 04:56:33,2,1,3599.75,1748
2022-10-03 04:56:34,15,-6,3600.0,1742
2022-10-03 04:56:35,1,1,3600.0,1743
2022-10-03 04:56:36,33,12,3600.75,1755
2022-10-03 04:56:37,9,0,3600.5,1755
2022-10-03 04:56:38,11,-6,3600.25,1749
2022-10-03 04:56:39,2,2,3600.25,1751
2022-10-03 04:56:40,3,3,3600.25,1754
2022-10-03 04:56:48,6,-4,3600.25,1750
2022-10-03 04:56:49,3,-1,3600.0,1749
2022-10-03 04:56:50,2,-2,3600.0,1747
2022-10-03 04:56:51,12,-12,3599.75,1735
2022-10-03 04:56:52,7,2,3599.75,1737
2022-10-03 04:56:53,1,1,3599.75,1738
2022-10-03 04:56:54,5,5,3600.0,1743
2022-10-03 04:57:00,11,-3,3599.75,1740
2022-10-03 04:57:01,11,3,3599.75,1743
2022-10-03 04:57:02,1,-1,3599.75,1742
2022-10-03 04:57:03,11,1,3600.0,1743
2022-10-03 04:57:04,6,0,3600.0,1743
2022-10-03 04:57:05,3,1,3600.25,1744
2022-10-03 04:57:06,1,-1,3600.0,1743
2022-10-03 04:57:07,2,2,3600.0,1745
2022-10-03 04:57:10,3,-3,3600.0,1742
2022-10-03 04:57:11,1,-1,3599.75,1741
2022-10-03 04:57:12,20,-9,3599.5,1732
2022-10-03 04:57:13,1,-1,3598.75,1731
2022-10-03 04:57:14,1,1,3599.0,1732
2022-10-03 04:57:15,2,2,3598.75,1734
2022-10-03 04:57:16,16,-12,3598.75,1722
2022-10-03 04:57:18,7,2,3598.75,1724
2022-10-03 04:57:19,5,3,3598.75,1727
2022-10-03 04:57:20,4,0,3598.75,1727
2022-10-03 04:57:24,5,0,3599.0,1727
2022-10-03 04:57:25,1,-1,3598.75,1726
2022-10-03 04:57:31,5,-5,3598.75,1721
2022-10-03 04:57:32,5,5,3598.75,1726
2022-10-03 04:57:35,1,1,3598.75,1727
2022-10-03 04:57:37,1,1,3599.0,1728
2022-10-03 04:57:38,2,2,3599.0,1730
2022-10-03 04:57:40,5,1,3598.75,1731
2022-10-03 04:57:42,19,4,3599.0,1735
2022-10-03 04:57:43,4,0,3599.75,1735
2022-10-03 04:57:44,4,-2,3599.75,1733
2022-10-03 04:57:48,8,6,3600.0,1739
2022-10-03 04:57:49,13,-15,3600.0,1724
2022-10-03 04:57:51,8,-2,3599.75,1722
2022-10-03 04:57:53,1,1,3600.0,1723
2022-10-03 04:57:54,6,-2,3599.75,1721
2022-10-03 04:57:55,2,2,3599.75,1723
2022-10-03 04:57:56,2,2,3600.0,1725
2022-10-03 04:57:57,6,-6,3600.0,1719
2022-10-03 04:57:58,1,-1,3599.5,1718
2022-10-03 04:58:00,6,2,3599.75,1720
2022-10-03 04:58:01,2,2,3599.75,1722
2022-10-03 04:58:03,5,5,3599.5,1727
2022-10-03 04:58:04,1,1,3599.75,1728
2022-10-03 04:58:05,4,-2,3600.0,1726
2022-10-03 04:58:10,1,1,3599.75,1727
2022-10-03 04:58:11,4,0,3599.75,1727
2022-10-03 04:58:15,5,-5,3599.75,1722
2022-10-03 04:58:16,23,-10,3599.5,1712
2022-10-03 04:58:17,6,-6,3599.25,1706
2022-10-03 04:58:18,6,-6,3599.25,1700
2022-10-03 04:58:19,4,3,3599.25,1703
2022-10-03 04:58:23,23,-9,3599.0,1694
2022-10-03 04:58:24,7,2,3598.75,1696
2022-10-03 04:58:29,1,-1,3598.5,1695
2022-10-03 04:58:32,9,8,3598.75,1703
2022-10-03 04:58:33,3,3,3599.0,1706
2022-10-03 04:58:36,3,-3,3599.0,1703
2022-10-03 04:58:37,14,-13,3599.0,1690
2022-10-03 04:58:44,8,6,3598.75,1696
2022-10-03 04:58:46,12,6,3599.0,1702
2022-10-03 04:58:49,1,1,3599.25,1703
2022-10-03 04:58:50,2,2,3599.25,1705
2022-10-03 04:58:52,2,2,3599.5,1707
2022-10-03 04:58:53,3,1,3599.5,1708
2022-10-03 04:58:54,1,1,3599.5,1709
2022-10-03 04:58:55,1,1,3599.5,1710
2022-10-03 04:59:00,22,-2,3600.0,1708
2022-10-03 04:59:08,8,-8,3599.25,1700
2022-10-03 04:59:09,3,-3,3599.0,1697
2022-10-03 04:59:12,41,-17,3599.0,1680
2022-10-03 04:59:15,15,3,3598.5,1683
2022-10-03 04:59:16,1,1,3598.5,1684
2022-10-03 04:59:18,20,-3,3598.25,1681
2022-10-03 04:59:19,1,-1,3598.25,1680
2022-10-03 04:59:20,2,-2,3598.25,1678
2022-10-03 04:59:21,5,5,3598.75,1683
2022-10-03 04:59:22,6,-4,3598.5,1679
2022-10-03 04:59:26,2,0,3598.5,1679
2022-10-03 04:59:27,2,2,3598.75,1681
2022-10-03 04:59:30,1,-1,3598.75,1680
2022-10-03 04:59:31,10,12,3599.25,1692
2022-10-03 04:59:32,2,0,3599.0,1692
2022-10-03 04:59:36,4,3,3599.0,1695
2022-10-03 04:59:37,2,-2,3599.0,1693
2022-10-03 04:59:38,2,2,3599.0,1695
2022-10-03 04:59:39,3,-3,3599.0,1692
2022-10-03 04:59:40,9,7,3599.0,1699
2022-10-03 04:59:42,9,-1,3598.5,1698
2022-10-03 04:59:43,2,2,3598.75,1700
2022-10-03 04:59:44,10,6,3599.0,1706
2022-10-03 04:59:45,6,-2,3598.75,1704
2022-10-03 04:59:48,4,0,3599.0,1704
2022-10-03 04:59:54,3,1,3599.0,1705
2022-10-03 04:59:55,2,-2,3598.75,1703
2022-10-03 04:59:57,2,-2,3598.75,1701
2022-10-03 04:59:58,2,2,3598.75,1703
2022-10-03 05:00:00,65,27,3599.5,1730
2022-10-03 05:00:01,17,-8,3598.75,1722
2022-10-03 05:00:02,5,4,3598.5,1726
2022-10-03 05:00:03,5,-3,3598.5,1723
2022-10-03 05:00:05,10,-10,3598.25,1713
2022-10-03 05:00:06,19,-7,3598.5,1706
2022-10-03 05:00:07,3,3,3598.5,1709
2022-10-03 05:00:08,5,5,3598.5,1714
2022-10-03 05:00:09,2,2,3598.5,1716
2022-10-03 05:00:10,6,0,3598.5,1716
2022-10-03 05:00:11,10,-4,3598.25,1712
2022-10-03 05:00:13,4,-4,3598.0,1708
2022-10-03 05:00:15,27,-13,3598.0,1695
2022-10-03 05:00:17,10,-1,3598.25,1694
2022-10-03 05:00:18,5,-3,3598.25,1691
2022-10-03 05:00:19,6,5,3598.25,1696
2022-10-03 05:00:20,2,0,3598.25,1696
2022-10-03 05:00:21,5,-1,3598.25,1695
2022-10-03 05:00:23,2,0,3598.25,1695
2022-10-03 05:00:26,2,2,3598.25,1697
2022-10-03 05:00:27,6,4,3598.25,1701
2022-10-03 05:00:30,16,-6,3598.25,1695
2022-10-03 05:00:31,12,-2,3597.75,1693
2022-10-03 05:00:32,1,1,3597.75,1694
2022-10-03 05:00:33,15,-8,3597.75,1686
2022-10-03 05:00:34,19,15,3598.25,1701
2022-10-03 05:00:35,7,1,3598.25,1702
2022-10-03 05:00:37,5,-5,3598.0,1697
2022-10-03 05:00:39,16,-7,3597.75,1690
2022-10-03 05:00:40,16,0,3597.75,1690
2022-10-03 05:00:41,7,-6,3597.5,1684
2022-10-03 05:00:42,8,-4,3597.25,1680
2022-10-03 05:00:43,13,1,3597.25,1681
2022-10-03 05:00:44,1,-1,3597.25,1680
2022-10-03 05:00:45,33,34,3597.5,1714
2022-10-03 05:00:46,6,-5,3597.25,1709
2022-10-03 05:00:47,1,1,3597.5,1710
2022-10-03 05:00:48,1,-1,3597.25,1709
2022-10-03 05:00:49,11,-3,3597.25,1706
2022-10-03 05:00:52,2,-2,3597.25,1704
2022-10-03 05:00:53,7,7,3597.25,1711
2022-10-03 05:00:55,14,7,3597.25,1718
2022-10-03 05:00:56,2,0,3597.25,1718
2022-10-03 05:00:57,2,-2,3597.25,1716
2022-10-03 05:00:59,36,-5,3597.5,1711
2022-10-03 05:01:00,3,-1,3597.5,1710
2022-10-03 05:01:01,8,2,3597.75,1712
2022-10-03 05:01:02,7,-2,3597.75,1710
2022-10-03 05:01:03,14,-5,3597.5,1705
2022-10-03 05:01:04,1,-1,3597.5,1704
2022-10-03 05:01:05,2,2,3597.5,1706
2022-10-03 05:01:06,10,-1,3597.5,1705
2022-10-03 05:01:07,3,3,3597.25,1708
2022-10-03 05:01:09,64,-32,3597.0,1676
2022-10-03 05:01:10,7,-3,3596.25,1673
2022-10-03 05:01:11,37,-8,3596.5,1665
2022-10-03 05:01:12,1,-1,3596.0,1664
2022-10-03 05:01:13,14,-7,3596.25,1657
2022-10-03 05:01:14,91,-62,3596.0,1595
2022-10-03 05:01:15,10,0,3596.0,1595
2022-10-03 05:01:16,24,-2,3596.25,1593
2022-10-03 05:01:17,6,-4,3596.0,1589
2022-10-03 05:01:18,2,2,3596.0,1591
2022-10-03 05:01:19,40,-14,3596.0,1577
2022-10-03 05:01:20,3,-3,3595.75,1574
2022-10-03 05:01:22,28,-5,3595.75,1569
2022-10-03 05:01:23,1,-1,3595.5,1568
2022-10-03 05:01:24,7,6,3595.5,1574
2022-10-03 05:01:25,10,0,3595.5,1574
2022-10-03 05:01:26,7,7,3595.5,1581
2022-10-03 05:01:27,15,4,3595.75,1585
2022-10-03 05:01:28,9,-8,3595.75,1577
2022-10-03 05:01:29,2,2,3595.75,1579
2022-10-03 05:01:31,2,0,3595.75,1579
2022-10-03 05:01:32,20,10,3596.25,1589
2022-10-03 05:01:33,1,1,3596.25,1590
2022-10-03 05:01:34,8,-1,3596.25,1589
2022-10-03 05:01:35,28,-5,3596.25,1584
2022-10-03 05:01:36,1,-1,3595.75,1583
2022-10-03 05:01:37,1,1,3596.0,1584
2022-10-03 05:01:39,7,-7,3595.75,1577
2022-10-03 05:01:41,6,4,3595.75,1581
2022-10-03 05:01:42,5,-1,3595.75,1580
2022-10-03 05:01:43,1,1,3596.0,1581
2022-10-03 05:01:45,8,-10,3595.75,1571
2022-10-03 05:01:46,8,-6,3595.5,1565
2022-10-03 05:01:47,1,-1,3595.25,1564
2022-10-03 05:01:48,34,-14,3595.25,1550
2022-10-03 05:01:49,1,1,3595.5,1551
2022-10-03 05:01:50,26,-13,3595.25,1538
2022-10-03 05:01:51,4,-4,3595.0,1534
2022-10-03 05:01:52,28,-6,3595.0,1528
2022-10-03 05:01:53,11,-10,3594.5,1518
2022-10-03 05:01:54,45,-21,3594.75,1497
2022-10-03 05:01:55,13,6,3594.75,1503
2022-10-03 05:01:56,15,8,3594.75,1511
2022-10-03 05:01:57,21,-7,3594.75,1504
2022-10-03 05:01:59,1,-1,3594.5,1503
2022-10-03 05:02:00,19,-14,3594.5,1489
2022-10-03 05:02:01,18,14,3595.0,1503
2022-10-03 05:02:02,14,8,3595.25,1511
2022-10-03 05:02:03,23,-1,3595.5,1510
2022-10-03 05:02:04,20,-7,3595.0,1503
2022-10-03 05:02:05,8,3,3595.0,1506
2022-10-03 05:02:06,23,-7,3595.0,1499
2022-10-03 05:02:07,2,0,3594.5,1499
2022-10-03 05:02:09,3,-3,3594.5,1496
2022-10-03 05:02:10,4,-2,3594.75,1494
2022-10-03 05:02:12,4,4,3594.75,1498
2022-10-03 05:02:13,13,-9,3594.75,1489
2022-10-03 05:02:15,1,1,3594.75,1490
2022-10-03 05:02:17,2,0,3594.5,1490
2022-10-03 05:02:19,10,8,3594.75,1498
2022-10-03 05:02:20,4,3,3594.75,1501
2022-10-03 05:02:21,4,-4,3594.75,1497
2022-10-03 05:02:22,36,-22,3594.75,1475
2022-10-03 05:02:23,8,3,3594.5,1478
2022-10-03 05:02:24,7,-3,3594.75,1475
2022-10-03 05:02:27,10,-6,3594.75,1469
2022-10-03 05:02:29,4,-2,3595.0,1467
2022-10-03 05:02:33,4,0,3594.75,1467
2022-10-03 05:02:34,5,-5,3594.5,1462
2022-10-03 05:02:36,6,-5,3594.5,1457
2022-10-03 05:02:38,15,-3,3594.75,1454
2022-10-03 05:02:39,42,-52,3594.75,1402
2022-10-03 05:02:40,9,-8,3594.5,1394
2022-10-03 05:02:41,24,0,3594.75,1394
2022-10-03 05:02:43,8,-6,3594.5,1388
2022-10-03 05:02:44,1,-1,3594.25,1387
2022-10-03 05:02:45,7,-2,3594.5,1385
2022-10-03 05:02:46,4,-4,3594.25,1381
2022-10-03 05:02:47,12,-2,3594.25,1379
2022-10-03 05:02:48,2,2,3594.25,1381
2022-10-03 05:02:49,10,-1,3594.25,1380
2022-10-03 05:02:50,9,2,3594.25,1382
2022-10-03 05:02:51,17,-6,3594.0,1376
2022-10-03 05:02:52,27,-15,3594.25,1361
2022-10-03 05:02:53,11,10,3594.25,1371
2022-10-03 05:02:54,12,-8,3594.25,1363
2022-10-03 05:02:55,10,7,3594.25,1370
2022-10-03 05:02:56,21,-8,3594.25,1362
2022-10-03 05:02:57,6,-4,3593.75,1358
2022-10-03 05:02:58,1,1,3594.0,1359
2022-10-03 05:02:59,54,-16,3593.75,1343
2022-10-03 05:03:00,54,-5,3593.25,1338
2022-10-03 05:03:01,17,-9,3593.5,1329
2022-10-03 05:03:02,1,-1,3593.25,1328
2022-10-03 05:03:03,34,-11,3593.5,1317
2022-10-03 05:03:04,1,1,3593.5,1318
2022-10-03 05:03:05,1,-1,3593.25,1317
2022-10-03 05:03:06,16,-4,3593.25,1313
2022-10-03 05:03:07,19,-11,3593.0,1302
2022-10-03 05:03:08,5,-4,3592.75,1298
2022-10-03 05:03:09,3,-3,3592.75,1295
2022-10-03 05:03:10,100,7,3593.25,1302
2022-10-03 05:03:11,6,-6,3592.75,1296
2022-10-03 05:03:12,6,0,3593.0,1296
2022-10-03 05:03:13,30,-3,3593.0,1293
2022-10-03 05:03:14,8,3,3593.25,1296
2022-10-03 05:03:16,8,-3,3593.0,1293
2022-10-03 05:03:17,1,1,3593.0,1294
2022-10-03 05:03:18,12,-10,3592.75,1284
2022-10-03 05:03:19,9,6,3593.0,1290
2022-10-03 05:03:20,17,-15,3593.0,1275
2022-10-03 05:03:21,7,1,3593.0,1276
2022-10-03 05:03:22,14,9,3593.25,1285
2022-10-03 05:03:23,6,-2,3593.5,1283
2022-10-03 05:03:24,21,1,3594.0,1284
2022-10-03 05:03:25,7,-3,3594.0,1281
2022-10-03 05:03:26,44,-5,3594.0,1276
2022-10-03 05:03:27,11,-8,3593.75,1268
2022-10-03 05:03:28,1,1,3593.75,1269
2022-10-03 05:03:30,46,-16,3594.0,1253
2022-10-03 05:03:31,1,1,3593.75,1254
2022-10-03 05:03:32,17,-3,3593.75,1251
2022-10-03 05:03:33,15,-7,3593.75,1244
2022-10-03 05:03:34,4,-4,3593.5,1240
2022-10-03 05:03:37,15,-9,3593.75,1231
2022-10-03 05:03:39,1,1,3593.75,1232
2022-10-03 05:03:40,3,0,3593.75,1232
2022-10-03 05:03:41,49,2,3593.75,1234
2022-10-03 05:03:42,25,35,3594.25,1269
2022-10-03 05:03:44,10,-8,3594.0,1261
2022-10-03 05:03:45,10,5,3594.25,1266
2022-10-03 05:03:47,21,3,3594.75,1269
2022-10-03 05:03:48,18,-9,3594.5,1260
2022-10-03 05:03:49,2,-2,3594.25,1258
2022-10-03 05:03:50,9,-8,3594.0,1250
2022-10-03 05:03:52,2,2,3594.25,1252
2022-10-03 05:03:55,194,68,3595.0,1320
2022-10-03 05:03:56,1,-1,3595.0,1319
2022-10-03 05:03:58,12,-7,3595.0,1312
2022-10-03 05:03:59,30,14,3595.5,1326
2022-10-03 05:04:00,17,-1,3595.25,1325
2022-10-03 05:04:01,6,-5,3595.25,1320
2022-10-03 05:04:02,5,-3,3595.25,1317
2022-10-03 05:04:03,19,0,3595.0,1317
2022-10-03 05:04:04,12,-9,3595.0,1308
2022-10-03 05:04:05,4,-2,3595.0,1306
2022-10-03 05:04:06,1,-1,3595.0,1305
2022-10-03 05:04:07,12,-9,3595.0,1296
2022-10-03 05:04:09,3,-1,3595.0,1295
2022-10-03 05:04:10,3,1,3595.0,1296
2022-10-03 05:04:11,28,-5,3595.0,1291
2022-10-03 05:04:13,3,-3,3594.75,1288
2022-10-03 05:04:14,6,-2,3595.0,1286
2022-10-03 05:04:16,2,-2,3595.0,1284
2022-10-03 05:04:19,23,16,3595.5,1300
2022-10-03 05:04:21,34,9,3596.0,1309
2022-10-03 05:04:22,15,-11,3595.75,1298
2022-10-03 05:04:23,3,-3,3595.5,1295
2022-10-03 05:04:24,6,-4,3595.25,1291
2022-10-03 05:04:25,16,-4,3595.5,1287
2022-10-03 05:04:27,10,5,3595.25,1292
2022-10-03 05:04:28,2,-2,3595.25,1290
2022-10-03 05:04:30,1,-1,3595.25,1289
2022-10-03 05:04:31,5,-1,3595.25,1288
2022-10-03 05:04:33,1,-1,3595.25,1287
2022-10-03 05:04:35,1,-1,3595.25,1286
2022-10-03 05:04:36,1,-1,3595.25,1285
2022-10-03 05:04:39,7,1,3595.25,1286
2022-10-03 05:04:40,19,1,3595.25,1287
2022-10-03 05:04:41,6,-3,3595.0,1284
2022-10-03 05:04:42,12,-4,3594.75,1280
2022-10-03 05:04:43,9,-4,3595.0,1276
2022-10-03 05:04:44,95,-43,3594.75,1233
2022-10-03 05:04:45,78,7,3593.75,1240
2022-10-03 05:04:46,26,-17,3593.25,1223
2022-10-03 05:04:47,11,4,3593.0,1227
2022-10-03 05:04:49,38,-16,3593.0,1211
2022-10-03 05:04:50,8,-2,3593.0,1209
2022-10-03 05:04:51,20,9,3593.0,1218
2022-10-03 05:04:52,17,5,3593.0,1223
2022-10-03 05:04:53,4,2,3593.0,1225
2022-10-03 05:04:54,9,3,3593.0,1228
2022-10-03 05:04:55,24,-12,3593.0,1216
2022-10-03 05:04:56,10,1,3593.0,1217
2022-10-03 05:04:57,3,-3,3593.0,1214
2022-10-03 05:04:58,20,-16,3593.0,1198
2022-10-03 05:05:00,32,-14,3592.5,1184
2022-10-03 05:05:01,4,-2,3592.5,1182
2022-10-03 05:05:02,40,12,3592.75,1194
2022-10-03 05:05:03,11,3,3593.0,1197
2022-10-03 05:05:04,17,-9,3593.0,1188
2022-10-03 05:05:05,5,-1,3593.0,1187
2022-10-03 05:05:06,3,-1,3593.25,1186
2022-10-03 05:05:07,18,6,3593.5,1192
2022-10-03 05:05:08,3,-1,3593.25,1191
2022-10-03 05:05:09,9,4,3593.25,1195
2022-10-03 05:05:10,4,-4,3593.0,1191
2022-10-03 05:05:11,25,-2,3593.0,1189
2022-10-03 05:05:12,58,-19,3592.75,1170
2022-10-03 05:05:13,1,1,3592.75,1171
2022-10-03 05:05:14,21,2,3592.75,1173
2022-10-03 05:05:16,2,-2,3592.75,1171
2022-10-03 05:05:17,16,-8,3592.75,1163
2022-10-03 05:05:19,3,3,3592.75,1166
2022-10-03 05:05:21,21,1,3593.0,1167
2022-10-03 05:05:22,5,-1,3593.0,1166
2022-10-03 05:05:23,2,-2,3593.0,1164
2022-10-03 05:05:25,5,3,3593.0,1167
2022-10-03 05:05:28,16,12,3593.5,1179
2022-10-03 05:05:29,8,2,3593.5,1181
2022-10-03 05:05:30,4,3,3593.25,1184
2022-10-03 05:05:31,1,1,3593.5,1185
2022-10-03 05:05:32,10,7,3593.5,1192
2022-10-03 05:05:33,3,-3,3593.5,1189
2022-10-03 05:05:34,7,-1,3593.5,1188
2022-10-03 05:05:35,2,2,3593.5,1190
2022-10-03 05:05:36,4,-2,3593.5,1188
2022-10-03 05:05:37,14,-6,3593.25,1182
2022-10-03 05:05:38,1,1,3593.5,1183
2022-10-03 05:05:39,3,1,3593.5,1184
2022-10-03 05:05:40,4,-4,3593.25,1180
2022-10-03 05:05:42,7,-3,3593.0,1177
2022-10-03 05:05:43,3,-3,3592.75,1174
2022-10-03 05:05:44,4,4,3593.0,1178
2022-10-03 05:05:46,25,-13,3592.75,1165
2022-10-03 05:05:48,1,-1,3592.5,1164
2022-10-03 05:05:49,3,-3,3592.5,1161
2022-10-03 05:05:51,3,-3,3592.5,1158
2022-10-03 05:05:52,48,-39,3592.25,1119
2022-10-03 05:05:53,15,9,3592.0,1128
2022-10-03 05:05:54,15,5,3592.25,1133
2022-10-03 05:05:55,7,1,3592.25,1134
2022-10-03 05:05:56,2,-2,3592.25,1132
2022-10-03 05:05:57,1,-1,3592.25,1131
2022-10-03 05:05:58,24,-13,3592.25,1118
2022-10-03 05:06:00,12,0,3592.25,1118
2022-10-03 05:06:01,42,21,3593.0,1139
2022-10-03 05:06:02,12,5,3593.0,1144
2022-10-03 05:06:03,6,-2,3593.0,1142
2022-10-03 05:06:04,3,3,3593.0,1145
2022-10-03 05:06:05,1,-1,3593.0,1144
2022-10-03 05:06:06,2,2,3593.25,1146
2022-10-03 05:06:07,26,-8,3593.25,1138
2022-10-03 05:06:08,34,-4,3592.5,1134
2022-10-03 05:06:09,1,-1,3592.5,1133
2022-10-03 05:06:10,1,-1,3592.5,1132
2022-10-03 05:06:11,17,-4,3592.5,1128
2022-10-03 05:06:12,3,-1,3592.5,1127
2022-10-03 05:06:14,7,-1,3592.75,1126
2022-10-03 05:06:15,1,1,3593.0,1127
2022-10-03 05:06:16,3,3,3593.0,1130
2022-10-03 05:06:17,6,6,3593.0,1136
2022-10-03 05:06:18,3,-3,3592.75,1133
2022-10-03 05:06:19,3,2,3592.75,1135
2022-10-03 05:06:20,1,1,3592.75,1136
2022-10-03 05:06:21,13,-8,3593.0,1128
2022-10-03 05:06:22,3,1,3592.5,1129
2022-10-03 05:06:24,3,3,3592.5,1132
2022-10-03 05:06:25,2,0,3592.5,1132
2022-10-03 05:06:26,10,-3,3592.25,1129
2022-10-03 05:06:27,21,0,3592.0,1129
2022-10-03 05:06:28,5,-4,3591.75,1125
2022-10-03 05:06:29,5,-5,3591.5,1120
2022-10-03 05:06:30,1,-1,3591.5,1119
2022-10-03 05:06:31,11,10,3591.75,1129
2022-10-03 05:06:32,18,-6,3591.75,1123
2022-10-03 05:06:33,5,-4,3591.5,1119
2022-10-03 05:06:34,13,-3,3591.5,1116
2022-10-03 05:06:35,19,14,3591.75,1130
2022-10-03 05:06:36,2,2,3591.5,1132
2022-10-03 05:06:38,13,-2,3591.5,1130
2022-10-03 05:06:39,3,-3,3591.25,1127
2022-10-03 05:06:40,1,1,3591.5,1128
2022-10-03 05:06:41,1,-1,3591.25,1127
2022-10-03 05:06:42,12,6,3591.5,1133
2022-10-03 05:06:43,7,-1,3591.5,1132
2022-10-03 05:06:46,155,-117,3591.25,1015
2022-10-03 05:06:47,6,5,3590.75,1020
2022-10-03 05:06:48,1,-1,3590.5,1019
2022-10-03 05:06:49,11,-4,3590.75,1015
2022-10-03 05:06:50,34,9,3590.75,1024
2022-10-03 05:06:51,10,0,3590.75,1024
2022-10-03 05:06:52,20,-14,3590.75,1010
2022-10-03 05:06:54,1,-1,3590.5,1009
2022-10-03 05:06:55,15,-5,3590.5,1004
2022-10-03 05:06:56,77,34,3590.75,1038
2022-10-03 05:06:57,4,-4,3590.5,1034
2022-10-03 05:06:58,9,-9,3590.5,1025
2022-10-03 05:06:59,44,-16,3590.75,1009
2022-10-03 05:07:00,22,-6,3590.5,1003
2022-10-03 05:07:01,53,-17,3590.25,986
2022-10-03 05:07:02,18,9,3590.25,995
2022-10-03 05:07:03,166,-104,3590.0,891
2022-10-03 05:07:04,28,-5,3589.75,886
2022-10-03 05:07:05,22,4,3589.75,890
2022-10-03 05:07:06,24,3,3589.75,893
2022-10-03 05:07:07,55,-34,3589.75,859
2022-10-03 05:07:08,22,8,3589.75,867
2022-10-03 05:07:09,32,15,3590.0,882
2022-10-03 05:07:10,8,-6,3589.75,876
2022-10-03 05:07:11,2,2,3590.0,878
2022-10-03 05:07:12,5,3,3589.75,881
2022-10-03 05:07:13,160,-39,3589.5,842
2022-10-03 05:07:14,28,11,3589.0,853
2022-10-03 05:07:15,21,2,3589.0,855
2022-10-03 05:07:16,10,0,3589.0,855
2022-10-03 05:07:17,21,-8,3589.0,847
2022-10-03 05:07:18,25,7,3589.0,854
2022-10-03 05:07:19,20,-9,3588.75,845
2022-10-03 05:07:20,43,-11,3588.75,834
2022-10-03 05:07:21,22,0,3588.75,834
2022-10-03 05:07:22,40,21,3588.75,855
2022-10-03 05:07:23,37,-22,3588.75,833
2022-10-03 05:07:24,34,8,3588.75,841
2022-10-03 05:07:25,46,-4,3588.75,837
2022-10-03 05:07:26,13,-5,3588.75,832
2022-10-03 05:07:27,16,6,3588.75,838
2022-10-03 05:07:28,2,0,3588.75,838
2022-10-03 05:07:29,44,-8,3588.75,830
2022-10-03 05:07:30,12,-2,3588.75,828
2022-10-03 05:07:31,8,2,3588.75,830
2022-10-03 05:07:32,17,-8,3588.75,822
2022-10-03 05:07:33,13,1,3588.75,823
2022-10-03 05:07:34,11,8,3588.75,831
2022-10-03 05:07:35,16,-9,3588.75,822
2022-10-03 05:07:36,7,1,3588.75,823
2022-10-03 05:07:37,12,-8,3589.0,815
2022-10-03 05:07:38,1,-1,3588.75,814
2022-10-03 05:07:39,9,-2,3588.75,812
2022-10-03 05:07:40,11,-6,3589.0,806
2022-10-03 05:07:41,17,-8,3588.75,798
2022-10-03 05:07:42,278,-113,3588.5,685
2022-10-03 05:07:43,2,2,3587.75,687
2022-10-03 05:07:44,10,-7,3587.75,680
2022-10-03 05:07:45,27,22,3588.0,702
2022-10-03 05:07:46,6,1,3588.0,703
2022-10-03 05:07:47,10,8,3588.0,711
2022-10-03 05:07:48,52,-20,3588.0,691
2022-10-03 05:07:49,9,-5,3587.75,686
2022-10-03 05:07:50,46,5,3588.0,691
2022-10-03 05:07:51,27,-10,3588.0,681
2022-10-03 05:07:52,16,8,3588.0,689
2022-10-03 05:07:53,1,-1,3587.75,688
2022-10-03 05:07:54,4,-3,3587.75,685
2022-10-03 05:07:55,1,-1,3587.75,684
2022-10-03 05:07:56,7,0,3588.0,684
2022-10-03 05:07:57,67,49,3588.0,733
2022-10-03 05:07:58,49,3,3588.5,736
2022-10-03 05:07:59,7,-1,3588.5,735
2022-10-03 05:08:00,31,5,3588.75,740
2022-10-03 05:08:01,73,42,3589.75,782
2022-10-03 05:08:02,23,2,3589.75,784
2022-10-03 05:08:03,20,-14,3589.5,770
2022-10-03 05:08:04,20,-2,3589.75,768
2022-10-03 05:08:05,25,12,3589.75,780
2022-10-03 05:08:06,8,-1,3589.75,779
2022-10-03 05:08:07,36,17,3590.0,796
2022-10-03 05:08:08,73,-29,3589.75,767
2022-10-03 05:08:09,13,12,3589.25,779
2022-10-03 05:08:11,12,-8,3589.0,771
2022-10-03 05:08:12,15,11,3589.5,782
2022-10-03 05:08:13,1,1,3589.5,783
2022-10-03 05:08:14,6,4,3589.75,787
2022-10-03 05:08:15,18,-4,3589.75,783
2022-10-03 05:08:16,10,0,3590.0,783
2022-10-03 05:08:17,2,-2,3589.75,781
2022-10-03 05:08:19,2,-2,3589.75,779
2022-10-03 05:08:20,28,-16,3589.75,763
2022-10-03 05:08:21,17,13,3589.75,776
2022-10-03 05:08:22,8,-3,3589.5,773
2022-10-03 05:08:23,2,-2,3589.5,771
2022-10-03 05:08:24,8,-1,3589.5,770
2022-10-03 05:08:25,3,3,3589.5,773
2022-10-03 05:08:26,2,0,3589.75,773
2022-10-03 05:08:27,3,1,3589.5,774
2022-10-03 05:08:28,2,-2,3589.5,772
2022-10-03 05:08:29,4,-4,3589.5,768
2022-10-03 05:08:30,2,0,3589.5,768
2022-10-03 05:08:31,10,1,3589.5,769
2022-10-03 05:08:32,8,8,3589.75,777
2022-10-03 05:08:33,246,-4,3590.5,773
2022-10-03 05:08:34,18,-6,3590.25,767
2022-10-03 05:08:35,12,6,3590.0,773
2022-10-03 05:08:36,7,-2,3590.25,771
2022-10-03 05:08:37,31,15,3590.5,786
2022-10-03 05:08:39,31,-4,3590.25,782
2022-10-03 05:08:40,26,14,3590.25,796
2022-10-03 05:08:41,1,1,3590.25,797
2022-10-03 05:08:42,28,8,3590.0,805
2022-10-03 05:08:43,16,-2,3590.25,803
2022-10-03 05:08:44,123,-7,3590.0,796
2022-10-03 05:08:45,64,-28,3589.25,768
2022-10-03 05:08:46,16,-12,3588.75,756
2022-10-03 05:08:47,14,-5,3588.75,751
2022-10-03 05:08:48,169,-122,3588.75,629
2022-10-03 05:08:49,11,3,3588.5,632
2022-10-03 05:08:50,48,1,3589.0,633
2022-10-03 05:08:51,11,-1,3588.5,632
2022-10-03 05:08:52,11,-7,3588.75,625
2022-10-03 05:08:53,21,-5,3588.25,620
2022-10-03 05:08:54,12,2,3588.5,622
2022-10-03 05:08:55,29,-16,3588.25,606
2022-10-03 05:08:56,37,-4,3588.25,602
2022-10-03 05:08:57,37,-7,3588.0,595
2022-10-03 05:08:58,6,6,3588.5,601
2022-10-03 05:08:59,15,6,3588.75,607
2022-10-03 05:09:00,9,2,3589.0,609
2022-10-03 05:09:01,36,12,3589.5,621
2022-10-03 05:09:02,5,3,3589.5,624
2022-10-03 05:09:03,17,1,3589.5,625
2022-10-03 05:09:04,2,0,3589.25,625
2022-10-03 05:09:05,12,0,3589.25,625
2022-10-03 05:09:07,13,-10,3589.25,615
2022-10-03 05:09:11,11,4,3589.0,619
2022-10-03 05:09:12,76,14,3590.25,633
2022-10-03 05:09:13,97,82,3591.5,715
2022-10-03 05:09:14,34,-21,3591.75,694
2022-10-03 05:09:15,9,4,3591.5,698
2022-10-03 05:09:16,18,-1,3591.25,697
2022-10-03 05:09:18,9,-5,3591.25,692
2022-10-03 05:09:19,49,-5,3591.25,687
2022-10-03 05:09:20,2,0,3591.25,687
2022-10-03 05:09:21,10,-5,3590.75,682
2022-10-03 05:09:22,1,-1,3590.75,681
2022-10-03 05:09:24,3,-3,3590.75,678
2022-10-03 05:09:26,7,0,3590.5,678
2022-10-03 05:09:29,13,-1,3590.5,677
2022-10-03 05:09:30,8,4,3590.5,681
2022-10-03 05:09:32,14,-18,3590.25,663
2022-10-03 05:09:33,26,4,3589.75,667
2022-10-03 05:09:34,24,8,3589.25,675
2022-10-03 05:09:35,4,2,3589.0,677
2022-10-03 05:09:36,1,-1,3589.0,676
2022-10-03 05:09:37,20,-3,3589.0,673
2022-10-03 05:09:38,14,-1,3589.0,672
2022-10-03 05:09:39,3,1,3588.75,673
2022-10-03 05:09:40,1,1,3589.0,674
2022-10-03 05:09:41,35,2,3589.5,676
2022-10-03 05:09:42,3,3,3589.25,679
2022-10-03 05:09:44,1,-1,3589.0,678
2022-10-03 05:09:45,9,-8,3589.25,670
2022-10-03 05:09:46,3,1,3589.25,671
2022-10-03 05:09:47,1,-1,3589.0,670
2022-10-03 05:09:49,1,-1,3589.0,669
2022-10-03 05:09:50,238,-201,3589.25,468
2022-10-03 05:09:51,28,11,3589.25,479
2022-10-03 05:09:52,8,-7,3589.25,472
2022-10-03 05:09:53,4,4,3589.5,476
2022-10-03 05:09:54,16,10,3589.75,486
2022-10-03 05:09:55,6,1,3589.75,487
2022-10-03 05:09:56,4,0,3589.75,487
2022-10-03 05:09:57,4,4,3589.75,491
2022-10-03 05:09:59,15,-6,3589.5,485
2022-10-03 05:10:00,15,-3,3589.75,482
2022-10-03 05:10:01,8,7,3589.75,489
2022-10-03 05:10:02,58,39,3590.75,528
2022-10-03 05:10:03,34,-2,3591.0,526
2022-10-03 05:10:04,49,24,3591.0,550
2022-10-03 05:10:06,20,-1,3591.0,549
2022-10-03 05:10:08,1,1,3591.0,550
2022-10-03 05:10:09,39,-3,3590.75,547
2022-10-03 05:10:10,14,5,3591.0,552
2022-10-03 05:10:13,11,-2,3591.25,550
2022-10-03 05:10:14,27,-3,3591.5,547
2022-10-03 05:10:15,7,-1,3591.0,546
2022-10-03 05:10:16,12,-11,3590.75,535
2022-10-03 05:10:17,4,2,3591.0,537
2022-10-03 05:10:19,7,3,3591.0,540
2022-10-03 05:10:20,3,-4,3590.75,536
2022-10-03 05:10:21,4,0,3591.0,536
2022-10-03 05:10:22,10,4,3591.0,540
2022-10-03 05:10:23,1,1,3591.0,541
2022-10-03 05:10:24,3,-3,3590.75,538
2022-10-03 05:10:25,1,1,3591.0,539
2022-10-03 05:10:26,8,2,3591.0,541
2022-10-03 05:10:27,2,2,3591.0,543
2022-10-03 05:10:29,18,8,3591.25,551
2022-10-03 05:10:30,24,13,3591.75,564
2022-10-03 05:10:31,15,2,3592.0,566
2022-10-03 05:10:32,12,4,3592.0,570
2022-10-03 05:10:33,15,-10,3592.0,560
2022-10-03 05:10:34,7,1,3592.25,561
2022-10-03 05:10:35,52,12,3592.5,573
2022-10-03 05:10:36,4,-2,3592.25,571
2022-10-03 05:10:37,8,-2,3592.25,569
2022-10-03 05:10:38,2,-2,3592.25,567
2022-10-03 05:10:39,20,-1,3592.25,566
2022-10-03 05:10:40,8,-1,3592.25,565
2022-10-03 05:10:41,1,-1,3592.0,564
2022-10-03 05:10:42,34,7,3592.5,571
2022-10-03 05:10:43,4,0,3592.5,571
2022-10-03 05:10:44,12,7,3592.5,578
2022-10-03 05:10:45,25,8,3592.75,586
2022-10-03 05:10:46,6,1,3592.75,587
2022-10-03 05:10:47,18,3,3592.75,590
2022-10-03 05:10:48,72,-6,3592.75,584
2022-10-03 05:10:50,3,3,3592.5,587
2022-10-03 05:10:53,14,8,3592.5,595
2022-10-03 05:10:54,7,-2,3592.25,593
2022-10-03 05:10:55,12,12,3592.25,605
2022-10-03 05:10:57,17,-8,3592.5,597
2022-10-03 05:10:58,12,2,3592.25,599
2022-10-03 05:10:59,8,6,3592.25,605
2022-10-03 05:11:00,6,0,3592.5,605
2022-10-03 05:11:01,5,1,3592.25,606
2022-10-03 05:11:02,4,2,3592.0,608
2022-10-03 05:11:03,6,2,3592.25,610
2022-10-03 05:11:04,1,1,3592.5,611
2022-10-03 05:11:05,4,2,3592.25,613
2022-10-03 05:11:07,3,-1,3592.25,612
2022-10-03 05:11:08,9,3,3592.5,615
2022-10-03 05:11:09,4,4,3592.5,619
2022-10-03 05:11:10,10,-6,3592.5,613
2022-10-03 05:11:11,3,-3,3592.5,610
2022-10-03 05:11:12,3,1,3592.75,611
2022-10-03 05:11:13,9,-3,3592.5,608
2022-10-03 05:11:14,7,-5,3592.25,603
2022-10-03 05:11:15,1,1,3592.25,604
2022-10-03 05:11:17,7,-6,3592.0,598
2022-10-03 05:11:20,7,-7,3591.75,591
2022-10-03 05:11:22,7,5,3591.75,596
2022-10-03 05:11:23,3,-1,3592.0,595
2022-10-03 05:11:25,2,2,3591.75,597
2022-10-03 05:11:27,13,12,3592.25,609
2022-10-03 05:11:29,12,6,3592.5,615
2022-10-03 05:11:31,3,-3,3592.25,612
2022-10-03 05:11:32,2,-2,3592.0,610
2022-10-03 05:11:34,3,3,3592.0,613
2022-10-03 05:11:35,3,-3,3592.0,610
2022-10-03 05:11:36,1,1,3592.0,611
2022-10-03 05:11:37,4,-4,3591.75,607
2022-10-03 05:11:38,18,-13,3591.75,594
2022-10-03 05:11:39,20,10,3591.5,604
2022-10-03 05:11:41,1,-1,3591.25,603
2022-10-03 05:11:43,10,8,3591.5,611
2022-10-03 05:11:44,4,2,3591.5,613
2022-10-03 05:11:45,1,-1,3591.5,612
2022-10-03 05:11:46,5,1,3591.5,613
2022-10-03 05:11:47,5,0,3591.5,613
2022-10-03 05:11:50,9,9,3591.5,622
2022-10-03 05:11:51,5,-3,3591.25,619
2022-10-03 05:11:52,6,-4,3591.0,615
2022-10-03 05:11:55,1,-1,3591.0,614
2022-10-03 05:11:56,14,11,3591.5,625
2022-10-03 05:12:00,4,0,3591.5,625
2022-10-03 05:12:03,14,1,3591.5,626
2022-10-03 05:12:06,2,2,3591.75,628
2022-10-03 05:12:07,15,12,3592.0,640
2022-10-03 05:12:08,2,0,3592.25,640
2022-10-03 05:12:09,3,-3,3592.25,637
2022-10-03 05:12:10,5,-3,3592.0,634
2022-10-03 05:12:13,14,0,3592.5,634
2022-10-03 05:12:15,41,5,3593.0,639
2022-10-03 05:12:17,7,-4,3592.75,635
2022-10-03 05:12:19,3,3,3592.5,638
2022-10-03 05:12:20,12,10,3592.75,648
2022-10-03 05:12:21,6,-4,3592.5,644
2022-10-03 05:12:22,15,7,3592.75,651
2022-10-03 05:12:23,30,-5,3592.75,646
2022-10-03 05:12:25,5,-1,3592.5,645
2022-10-03 05:12:26,3,1,3592.5,646
2022-10-03 05:12:27,1,-1,3592.5,645
2022-10-03 05:12:28,1,-1,3592.5,644
2022-10-03 05:12:29,1,1,3592.5,645
2022-10-03 05:12:30,9,-7,3592.25,638
2022-10-03 05:12:32,24,12,3592.25,650
2022-10-03 05:12:33,6,0,3592.5,650
2022-10-03 05:12:36,34,-3,3592.75,647
2022-10-03 05:12:37,22,-31,3592.5,616
2022-10-03 05:12:39,7,7,3592.5,623
2022-10-03 05:12:44,1,-1,3592.5,622
2022-10-03 05:12:45,8,-3,3592.5,619
2022-10-03 05:12:48,9,-3,3592.25,616
2022-10-03 05:12:50,4,-4,3592.25,612
2022-10-03 05:12:51,4,-2,3592.5,610
2022-10-03 05:12:55,15,12,3593.0,622
2022-10-03 05:12:58,8,-3,3592.75,619
2022-10-03 05:12:59,3,-3,3592.5,616
2022-10-03 05:13:00,7,-1,3592.75,615
2022-10-03 05:13:02,4,2,3592.75,617
2022-10-03 05:13:03,4,-4,3592.75,613
2022-10-03 05:13:05,2,-2,3592.5,611
2022-10-03 05:13:08,2,-2,3592.5,609
2022-10-03 05:13:09,3,-1,3592.5,608
2022-10-03 05:13:10,4,0,3592.25,608
2022-10-03 05:13:12,1,1,3592.5,609
2022-10-03 05:13:13,12,12,3592.75,621
2022-10-03 05:13:14,1,-1,3592.75,620
2022-10-03 05:13:15,2,-2,3592.75,618
2022-10-03 05:13:16,25,-9,3592.75,609
2022-10-03 05:13:19,1,-1,3592.75,608
2022-10-03 05:13:20,1,1,3593.0,609
2022-10-03 05:13:22,15,6,3593.0,615
2022-10-03 05:13:24,20,-5,3593.0,610
2022-10-03 05:13:25,7,-4,3593.0,606
2022-10-03 05:13:27,3,3,3593.0,609
2022-10-03 05:13:28,2,2,3593.0,611
2022-10-03 05:13:30,12,12,3593.25,623
2022-10-03 05:13:31,2,2,3593.25,625
2022-10-03 05:13:33,13,-5,3593.0,620
2022-10-03 05:13:34,1,1,3593.0,621
2022-10-03 05:13:36,1,1,3593.25,622
2022-10-03 05:13:38,1,1,3593.25,623
2022-10-03 05:13:39,1,-1,3593.0,622
2022-10-03 05:13:40,4,0,3593.25,622
2022-10-03 05:13:43,10,-8,3593.0,614
2022-10-03 05:13:44,1,1,3593.0,615
2022-10-03 05:13:45,7,1,3593.0,616
2022-10-03 05:13:46,4,4,3593.0,620
2022-10-03 05:13:48,4,-4,3593.0,616
2022-10-03 05:13:49,2,2,3593.25,618
2022-10-03 05:13:53,7,-3,3593.0,615
2022-10-03 05:13:55,1,-1,3593.0,614
2022-10-03 05:13:57,6,-6,3593.0,608
2022-10-03 05:13:58,4,-2,3593.0,606
2022-10-03 05:13:59,7,-1,3592.75,605
2022-10-03 05:14:00,15,-4,3592.75,601
2022-10-03 05:14:01,9,3,3593.0,604
2022-10-03 05:14:02,10,-8,3593.0,596
2022-10-03 05:14:03,10,6,3592.75,602
2022-10-03 05:14:04,3,1,3592.75,603
2022-10-03 05:14:05,2,-2,3592.5,601
2022-10-03 05:14:06,6,-2,3592.75,599
2022-10-03 05:14:07,4,0,3592.75,599
2022-10-03 05:14:08,3,1,3592.75,600
2022-10-03 05:14:09,2,0,3592.75,600
2022-10-03 05:14:14,1,-1,3592.75,599
2022-10-03 05:14:15,26,-12,3592.75,587
2022-10-03 05:14:16,1,-1,3592.5,586
2022-10-03 05:14:17,9,3,3592.5,589
2022-10-03 05:14:21,28,11,3593.0,600
2022-10-03 05:14:22,19,-1,3593.25,599
2022-10-03 05:14:24,1,1,3593.25,600
2022-10-03 05:14:25,3,1,3593.25,601
2022-10-03 05:14:26,4,4,3593.5,605
2022-10-03 05:14:27,2,2,3593.5,607
2022-10-03 05:14:28,2,-2,3593.5,605
2022-10-03 05:14:30,12,-8,3593.5,597
2022-10-03 05:14:32,8,-4,3593.25,593
2022-10-03 05:14:34,10,7,3593.5,600
2022-10-03 05:14:36,4,0,3593.25,600
2022-10-03 05:14:37,5,-5,3593.25,595
2022-10-03 05:14:38,1,-1,3593.25,594
2022-10-03 05:14:39,2,0,3593.25,594
2022-10-03 05:14:41,8,-6,3593.25,588
2022-10-03 05:14:42,15,-13,3592.75,575
2022-10-03 05:14:45,8,-8,3592.5,567
2022-10-03 05:14:46,4,0,3592.5,567
2022-10-03 05:14:49,4,-4,3592.5,563
2022-10-03 05:14:51,8,1,3592.5,564
2022-10-03 05:14:52,1,1,3592.5,565
2022-10-03 05:14:53,23,13,3592.75,578
2022-10-03 05:14:54,1,1,3592.75,579
2022-10-03 05:14:55,12,6,3593.0,585
2022-10-03 05:14:56,10,-3,3593.0,582
2022-10-03 05:14:57,3,-2,3593.0,580
2022-10-03 05:14:59,3,3,3593.25,583
2022-10-03 05:15:00,48,15,3594.0,598
2022-10-03 05:15:01,53,8,3595.0,606
2022-10-03 05:15:02,50,-2,3595.5,604
2022-10-03 05:15:03,12,4,3595.5,608
2022-10-03 05:15:04,1,-1,3595.25,607
2022-10-03 05:15:05,27,22,3595.5,629
2022-10-03 05:15:06,22,-12,3595.25,617
2022-10-03 05:15:07,5,3,3595.0,620
2022-10-03 05:15:08,16,-8,3595.0,612
2022-10-03 05:15:09,13,8,3594.75,620
2022-10-03 05:15:10,3,-1,3594.75,619
2022-10-03 05:15:11,2,0,3594.75,619
2022-10-03 05:15:12,3,3,3594.5,622
2022-10-03 05:15:13,33,17,3594.75,639
2022-10-03 05:15:14,3,3,3595.0,642
2022-10-03 05:15:15,4,-2,3595.0,640
2022-10-03 05:15:16,1,-1,3594.5,639
2022-10-03 05:15:17,12,4,3594.75,643
2022-10-03 05:15:18,11,9,3595.0,652
2022-10-03 05:15:19,10,10,3595.0,662
2022-10-03 05:15:20,15,8,3595.0,670
2022-10-03 05:15:22,42,-2,3595.0,668
2022-10-03 05:15:23,12,8,3595.0,676
2022-10-03 05:15:25,1,1,3595.0,677
2022-10-03 05:15:26,1,1,3595.0,678
2022-10-03 05:15:28,14,-9,3594.75,669
2022-10-03 05:15:29,9,1,3594.75,670
2022-10-03 05:15:30,9,7,3594.75,677
2022-10-03 05:15:31,35,17,3595.0,694
2022-10-03 05:15:32,16,-12,3594.75,682
2022-10-03 05:15:33,11,5,3594.75,687
2022-10-03 05:15:34,3,-3,3594.75,684
2022-10-03 05:15:35,5,5,3594.75,689
2022-10-03 05:15:36,4,-4,3594.5,685
2022-10-03 05:15:37,8,-6,3594.5,679
2022-10-03 05:15:38,5,1,3594.25,680
2022-10-03 05:15:39,9,9,3594.5,689
2022-10-03 05:15:40,27,7,3594.75,696
2022-10-03 05:15:41,11,11,3595.0,707
2022-10-03 05:15:42,20,1,3595.0,708
2022-10-03 05:15:43,2,-2,3595.0,706
2022-10-03 05:15:44,2,-2,3594.75,704
2022-10-03 05:15:48,7,-1,3594.75,703
2022-10-03 05:15:49,4,-4,3594.5,699
2022-10-03 05:15:50,2,2,3594.75,701
2022-10-03 05:15:51,1,-1,3594.75,700
2022-10-03 05:15:52,33,-10,3594.5,690
2022-10-03 05:15:53,1,1,3594.5,691
2022-10-03 05:15:54,11,8,3594.75,699
2022-10-03 05:15:55,3,-3,3594.75,696
2022-10-03 05:15:56,1,-1,3594.75,695
2022-10-03 05:15:58,2,-2,3594.5,693
2022-10-03 05:16:00,10,7,3594.75,700
2022-10-03 05:16:01,1,-1,3594.75,699
2022-10-03 05:16:02,11,5,3595.0,704
2022-10-03 05:16:03,13,-3,3594.75,701
2022-10-03 05:16:06,4,0,3594.75,701
2022-10-03 05:16:08,1,-1,3594.75,700
2022-10-03 05:16:09,1,1,3594.75,701
2022-10-03 05:16:11,7,0,3595.0,701
2022-10-03 05:16:13,1,-1,3594.75,700
2022-10-03 05:16:19,10,-9,3594.5,691
2022-10-03 05:16:20,25,0,3594.25,691
2022-10-03 05:16:25,10,7,3594.5,698
2022-10-03 05:16:26,3,-1,3594.5,697
2022-10-03 05:16:27,3,-1,3594.5,696
2022-10-03 05:16:29,4,-4,3594.5,692
2022-10-03 05:16:33,2,2,3594.5,694
2022-10-03 05:16:34,2,-2,3594.25,692
2022-10-03 05:16:38,6,-6,3594.5,686
2022-10-03 05:16:44,7,6,3594.5,692
2022-10-03 05:16:47,2,-2,3594.5,690
2022-10-03 05:16:50,1,-1,3594.25,689
2022-10-03 05:16:52,11,-1,3594.25,688
2022-10-03 05:16:53,1,-1,3594.0,687
2022-10-03 05:16:54,1,-1,3594.0,686
2022-10-03 05:16:55,8,7,3594.25,693
2022-10-03 05:16:56,7,7,3594.5,700
2022-10-03 05:16:59,25,3,3594.5,703
2022-10-03 05:17:01,14,8,3594.75,711
2022-10-03 05:17:02,1,1,3594.75,712
2022-10-03 05:17:04,3,-3,3594.5,709
2022-10-03 05:17:05,10,-9,3594.5,700
2022-10-03 05:17:06,17,-3,3594.25,697
2022-10-03 05:17:07,7,-3,3594.0,694
2022-10-03 05:17:09,1,-1,3594.0,693
2022-10-03 05:17:12,17,3,3594.25,696
2022-10-03 05:17:13,7,7,3594.5,703
2022-10-03 05:17:14,12,4,3594.75,707
2022-10-03 05:17:15,4,4,3594.75,711
2022-10-03 05:17:16,3,3,3594.75,714
2022-10-03 05:17:18,8,3,3594.75,717
2022-10-03 05:17:20,15,1,3594.5,718
2022-10-03 05:17:22,3,3,3594.5,721
2022-10-03 05:17:24,11,0,3594.75,721
2022-10-03 05:17:25,17,12,3595.25,733
2022-10-03 05:17:26,10,-8,3595.5,725
2022-10-03 05:17:27,4,-3,3595.25,722
2022-10-03 05:17:29,2,0,3595.25,722
2022-10-03 05:17:30,5,3,3595.5,725
2022-10-03 05:17:31,1,1,3595.5,726
2022-10-03 05:17:32,10,-10,3595.25,716
2022-10-03 05:17:34,2,-2,3595.0,714
2022-10-03 05:17:35,3,1,3595.0,715
2022-10-03 05:17:38,1,-1,3595.0,714
2022-10-03 05:17:39,3,3,3595.0,717
2022-10-03 05:17:40,6,4,3594.75,721
2022-10-03 05:17:42,18,12,3595.0,733
2022-10-03 05:17:43,5,5,3595.25,738
2022-10-03 05:17:44,6,-4,3595.0,734
2022-10-03 05:17:45,2,-2,3595.0,732
2022-10-03 05:17:47,2,-2,3595.0,730
2022-10-03 05:17:48,32,-22,3594.75,708
2022-10-03 05:17:50,4,2,3595.0,710
2022-10-03 05:17:51,5,4,3595.0,714
2022-10-03 05:17:53,24,-2,3595.5,712
2022-10-03 05:17:54,76,18,3596.25,730
2022-10-03 05:17:55,8,2,3596.5,732
2022-10-03 05:17:56,13,-3,3596.25,729
2022-10-03 05:17:57,5,-1,3596.5,728
2022-10-03 05:17:58,12,5,3597.0,733
2022-10-03 05:17:59,15,-3,3596.75,730
2022-10-03 05:18:00,2,0,3596.75,730
2022-10-03 05:18:01,5,-2,3596.75,728
2022-10-03 05:18:02,3,3,3596.5,731
2022-10-03 05:18:03,11,-1,3596.25,730
2022-10-03 05:18:04,12,-8,3596.0,722
2022-10-03 05:18:05,11,7,3596.25,729
2022-10-03 05:18:06,6,5,3596.25,734
2022-10-03 05:18:07,1,-1,3596.25,733
2022-10-03 05:18:08,4,3,3596.5,736
2022-10-03 05:18:10,5,4,3596.75,740
2022-10-03 05:18:11,14,-13,3596.75,727
2022-10-03 05:18:13,1,1,3596.5,728
2022-10-03 05:18:14,5,1,3596.5,729
2022-10-03 05:18:16,10,-6,3596.5,723
2022-10-03 05:18:18,4,-2,3596.25,721
2022-10-03 05:18:21,12,-8,3596.0,713
2022-10-03 05:18:22,7,6,3596.5,719
2022-10-03 05:18:23,2,2,3596.5,721
2022-10-03 05:18:24,1,1,3596.5,722
2022-10-03 05:18:25,7,0,3596.25,722
2022-10-03 05:18:29,1,-1,3596.0,721
2022-10-03 05:18:32,14,0,3596.25,721
2022-10-03 05:18:33,62,-15,3596.0,706
2022-10-03 05:18:35,8,6,3596.0,712
2022-10-03 05:18:38,4,-4,3595.75,708
2022-10-03 05:18:39,3,-1,3595.75,707
2022-10-03 05:18:40,19,12,3596.25,719
2022-10-03 05:18:41,2,-2,3596.25,717
2022-10-03 05:18:42,2,2,3596.25,719
2022-10-03 05:18:44,11,-5,3596.0,714
2022-10-03 05:18:46,11,5,3596.0,719
2022-10-03 05:18:48,1,-1,3595.75,718
2022-10-03 05:18:49,9,-9,3595.75,709
2022-10-03 05:18:50,3,3,3596.0,712
2022-10-03 05:18:51,2,-2,3595.75,710
2022-10-03 05:18:52,3,1,3596.0,711
2022-10-03 05:18:54,2,2,3596.25,713
2022-10-03 05:18:55,5,5,3596.25,718
2022-10-03 05:18:56,4,-4,3596.0,714
2022-10-03 05:18:57,2,2,3596.0,716
2022-10-03 05:18:58,1,-1,3596.0,715
2022-10-03 05:18:59,4,0,3596.25,715
2022-10-03 05:19:00,36,17,3596.25,732
2022-10-03 05:19:01,6,6,3596.75,738
2022-10-03 05:19:02,1,-1,3596.75,737
2022-10-03 05:19:03,2,-2,3596.5,735
2022-10-03 05:19:04,2,2,3596.75,737
2022-10-03 05:19:06,13,11,3596.75,748
2022-10-03 05:19:09,17,-4,3596.75,744
2022-10-03 05:19:10,4,1,3596.5,745
2022-10-03 05:19:12,6,2,3596.75,747
2022-10-03 05:19:15,2,2,3596.75,749
2022-10-03 05:19:17,3,-3,3596.75,746
2022-10-03 05:19:18,1,1,3596.75,747
2022-10-03 05:19:19,7,-3,3596.75,744
2022-10-03 05:19:20,7,-2,3596.5,742
2022-10-03 05:19:21,7,2,3596.75,744
2022-10-03 05:19:22,1,-1,3596.5,743
2022-10-03 05:19:23,2,2,3596.5,745
2022-10-03 05:19:25,3,3,3596.5,748
2022-10-03 05:19:28,3,1,3596.75,749
2022-10-03 05:19:30,2,-2,3596.5,747
2022-10-03 05:19:32,20,-7,3596.5,740
2022-10-03 05:19:33,2,-2,3596.25,738
2022-10-03 05:19:36,37,3,3596.25,741
2022-10-03 05:19:37,12,2,3596.5,743
2022-10-03 05:19:39,9,-8,3596.25,735
2022-10-03 05:19:40,20,0,3596.25,735
2022-10-03 05:19:41,5,-2,3596.5,733
2022-10-03 05:19:44,3,3,3596.25,736
2022-10-03 05:19:45,8,8,3596.5,744
2022-10-03 05:19:46,16,27,3597.0,771
2022-10-03 05:19:47,3,-3,3596.75,768
2022-10-03 05:19:48,1,-1,3596.5,767
2022-10-03 05:19:49,11,-4,3596.5,763
2022-10-03 05:19:50,16,7,3596.75,770
2022-10-03 05:19:52,1,-1,3596.25,769
2022-10-03 05:19:53,3,-3,3596.0,766
2022-10-03 05:19:54,1,-1,3596.0,765
2022-10-03 05:19:56,10,-9,3595.75,756
2022-10-03 05:19:58,4,4,3595.75,760
2022-10-03 05:19:59,6,1,3595.75,761
2022-10-03 05:20:00,6,0,3595.75,761
2022-10-03 05:20:01,1,-1,3595.5,760
2022-10-03 05:20:02,1,-1,3595.5,759
2022-10-03 05:20:03,1,-1,3595.5,758
2022-10-03 05:20:04,4,-4,3595.5,754
2022-10-03 05:20:07,6,2,3596.0,756
2022-10-03 05:20:08,9,3,3596.25,759
2022-10-03 05:20:09,15,15,3596.5,774
2022-10-03 05:20:10,30,-11,3596.75,763
2022-10-03 05:20:11,4,1,3596.5,764
2022-10-03 05:20:12,4,2,3596.5,766
2022-10-03 05:20:15,3,1,3596.5,767
2022-10-03 05:20:16,7,-3,3596.5,764
2022-10-03 05:20:17,9,-6,3596.25,758
2022-10-03 05:20:18,3,3,3596.25,761
2022-10-03 05:20:19,5,4,3596.5,765
2022-10-03 05:20:20,7,7,3596.5,772
2022-10-03 05:20:22,7,-5,3596.5,767
2022-10-03 05:20:23,4,0,3596.5,767
2022-10-03 05:20:24,2,-2,3596.5,765
2022-10-03 05:20:26,8,-8,3596.5,757
2022-10-03 05:20:27,2,-2,3596.5,755
2022-10-03 05:20:28,2,0,3596.5,755
2022-10-03 05:20:29,27,5,3596.75,760
2022-10-03 05:20:30,5,0,3596.75,760
2022-10-03 05:20:32,29,-7,3596.5,753
2022-10-03 05:20:33,2,2,3596.75,755
2022-10-03 05:20:34,28,18,3597.25,773
2022-10-03 05:20:35,9,-8,3597.0,765
2022-10-03 05:20:39,4,4,3596.75,769
2022-10-03 05:20:40,23,16,3597.0,785
2022-10-03 05:20:41,5,1,3596.5,786
2022-10-03 05:20:44,3,3,3596.75,789
2022-10-03 05:20:45,2,-2,3596.75,787
2022-10-03 05:20:47,2,2,3596.75,789
2022-10-03 05:20:50,3,-3,3596.5,786
2022-10-03 05:20:54,2,-2,3596.5,784
2022-10-03 05:20:57,9,9,3596.75,793
2022-10-03 05:20:58,8,-4,3596.75,789
2022-10-03 05:21:00,3,1,3596.75,790
2022-10-03 05:21:01,21,19,3597.25,809
2022-10-03 05:21:02,8,-5,3597.25,804
2022-10-03 05:21:03,7,-4,3596.75,800
2022-10-03 05:21:04,21,18,3597.25,818
2022-10-03 05:21:06,15,3,3597.25,821
2022-10-03 05:21:07,14,4,3597.5,825
2022-10-03 05:21:09,6,-3,3597.0,822
2022-10-03 05:21:10,8,8,3597.25,830
2022-10-03 05:21:12,5,-3,3597.0,827
2022-10-03 05:21:13,5,3,3597.25,830
2022-10-03 05:21:16,65,29,3597.5,859
2022-10-03 05:21:17,2,-2,3597.5,857
2022-10-03 05:21:20,3,-3,3597.5,854
2022-10-03 05:21:25,26,4,3597.5,858
2022-10-03 05:21:26,1,1,3597.5,859
2022-10-03 05:21:27,1,-1,3597.5,858
2022-10-03 05:21:32,22,-2,3597.5,856
2022-10-03 05:21:36,14,1,3597.5,857
2022-10-03 05:21:37,3,-1,3597.5,856
2022-10-03 05:21:38,24,0,3597.5,856
2022-10-03 05:21:39,7,0,3597.5,856
2022-10-03 05:21:40,7,2,3597.5,858
2022-10-03 05:21:42,4,-1,3597.25,857
2022-10-03 05:21:43,8,6,3597.5,863
2022-10-03 05:21:45,6,5,3597.75,868
2022-10-03 05:21:46,2,-2,3597.5,866
2022-10-03 05:21:48,17,-3,3597.75,863
2022-10-03 05:21:49,55,-7,3597.25,856
2022-10-03 05:21:50,19,16,3597.5,872
2022-10-03 05:21:51,10,0,3597.5,872
2022-10-03 05:21:52,16,8,3597.5,880
2022-10-03 05:21:54,21,-14,3597.25,866
2022-10-03 05:21:55,13,12,3597.25,878
2022-10-03 05:21:56,13,-2,3597.25,876
2022-10-03 05:21:58,7,7,3597.25,883
2022-10-03 05:21:59,2,-2,3597.0,881
2022-10-03 05:22:00,17,13,3597.5,894
2022-10-03 05:22:02,49,28,3598.25,922
2022-10-03 05:22:03,13,12,3598.5,934
2022-10-03 05:22:04,13,-10,3598.25,924
2022-10-03 05:22:05,4,2,3598.25,926
2022-10-03 05:22:06,1,-1,3598.25,925
2022-10-03 05:22:07,6,3,3598.25,928
2022-10-03 05:22:08,22,18,3598.5,946
2022-10-03 05:22:09,17,-3,3598.25,943
2022-10-03 05:22:11,13,12,3598.5,955
2022-10-03 05:22:12,35,6,3599.0,961
2022-10-03 05:22:13,52,-5,3598.5,956
2022-10-03 05:22:15,3,3,3598.5,959
2022-10-03 05:22:16,8,-5,3598.5,954
2022-10-03 05:22:17,5,3,3598.5,957
2022-10-03 05:22:18,1,-1,3598.25,956
2022-10-03 05:22:19,4,2,3598.25,958
2022-10-03 05:22:22,7,5,3598.25,963
2022-10-03 05:22:23,2,-2,3598.0,961
2022-10-03 05:22:24,13,2,3598.25,963
2022-10-03 05:22:25,7,5,3598.5,968
2022-10-03 05:22:26,5,-2,3598.75,966
2022-10-03 05:22:28,10,4,3598.5,970
2022-10-03 05:22:31,35,11,3598.5,981
2022-10-03 05:22:32,1,-1,3598.5,980
2022-10-03 05:22:33,5,1,3598.5,981
2022-10-03 05:22:35,5,-2,3598.5,979
2022-10-03 05:22:36,7,2,3598.75,981
2022-10-03 05:22:37,19,-7,3599.0,974
2022-10-03 05:22:38,12,6,3598.75,980
2022-10-03 05:22:39,6,2,3599.0,982
2022-10-03 05:22:40,8,-1,3599.0,981
2022-10-03 05:22:41,16,-2,3599.5,979
2022-10-03 05:22:43,25,6,3599.25,985
2022-10-03 05:22:45,9,1,3599.25,986
2022-10-03 05:22:46,17,13,3599.25,999
2022-10-03 05:22:49,3,-1,3599.25,998
2022-10-03 05:22:50,20,-11,3599.25,987
2022-10-03 05:22:52,24,-15,3599.25,972
2022-10-03 05:22:53,9,5,3599.0,977
2022-10-03 05:22:55,1,-1,3598.75,976
2022-10-03 05:22:56,5,3,3599.0,979
2022-10-03 05:22:57,1,-1,3599.0,978
2022-10-03 05:22:59,17,13,3599.25,991
2022-10-03 05:23:00,2,-2,3599.25,989
2022-10-03 05:23:01,12,-10,3599.25,979
2022-10-03 05:23:02,21,-1,3599.0,978
2022-10-03 05:23:03,6,-6,3599.0,972
2022-10-03 05:23:04,20,-6,3598.75,966
2022-10-03 05:23:05,46,30,3599.0,996
2022-10-03 05:23:07,1,-1,3598.75,995
2022-10-03 05:23:08,2,0,3599.0,995
2022-10-03 05:23:10,1,-1,3598.75,994
2022-10-03 05:23:11,1,-1,3598.75,993
2022-10-03 05:23:12,9,3,3599.0,996
2022-10-03 05:23:15,8,5,3599.0,1001
2022-10-03 05:23:18,22,9,3598.75,1010
2022-10-03 05:23:19,12,-2,3599.0,1008
2022-10-03 05:23:20,1,-1,3599.0,1007
2022-10-03 05:23:22,2,-2,3599.0,1005
2022-10-03 05:23:23,68,14,3599.75,1019
2022-10-03 05:23:25,38,20,3600.25,1039
2022-10-03 05:23:26,9,3,3600.25,1042
2022-10-03 05:23:27,15,5,3600.0,1047
2022-10-03 05:23:28,1,-1,3600.0,1046
2022-10-03 05:23:29,18,17,3600.25,1063
2022-10-03 05:23:30,6,-6,3600.25,1057
2022-10-03 05:23:32,10,10,3600.25,1067
2022-10-03 05:23:33,1,-1,3600.25,1066
2022-10-03 05:23:36,6,6,3600.5,1072
2022-10-03 05:23:37,11,7,3600.5,1079
2022-10-03 05:23:38,18,-2,3600.75,1077
2022-10-03 05:23:39,34,-6,3600.75,1071
2022-10-03 05:23:40,9,-5,3600.75,1066
2022-10-03 05:23:41,11,-9,3600.75,1057
2022-10-03 05:23:42,8,1,3600.75,1058
2022-10-03 05:23:43,6,4,3600.75,1062
2022-10-03 05:23:44,15,-5,3600.75,1057
2022-10-03 05:23:45,12,8,3601.0,1065
2022-10-03 05:23:47,41,15,3601.25,1080
2022-10-03 05:23:48,26,-1,3600.75,1079
2022-10-03 05:23:49,5,-1,3601.0,1078
2022-10-03 05:23:50,20,11,3601.25,1089
2022-10-03 05:23:51,7,1,3601.25,1090
2022-10-03 05:23:52,43,6,3601.75,1096
2022-10-03 05:23:53,2,0,3601.75,1096
2022-10-03 05:23:54,41,14,3602.0,1110
2022-10-03 05:23:55,12,-3,3601.75,1107
2022-10-03 05:23:56,10,2,3602.0,1109
2022-10-03 05:23:57,132,75,3602.75,1184
2022-10-03 05:23:58,25,-2,3602.5,1182
2022-10-03 05:23:59,23,-3,3602.25,1179
2022-10-03 05:24:00,12,9,3602.5,1188
2022-10-03 05:24:01,29,11,3602.75,1199
2022-10-03 05:24:02,46,13,3602.75,1212
2022-10-03 05:24:03,7,3,3602.75,1215
2022-10-03 05:24:05,11,8,3602.75,1223
2022-10-03 05:24:06,26,-7,3603.0,1216
2022-10-03 05:24:07,73,38,3603.5,1254
2022-10-03 05:24:08,44,-9,3603.75,1245
2022-10-03 05:24:09,10,3,3603.5,1248
2022-10-03 05:24:10,4,0,3603.5,1248
2022-10-03 05:24:11,84,0,3603.5,1248
2022-10-03 05:24:12,1,-1,3603.0,1247
2022-10-03 05:24:13,7,2,3603.25,1249
2022-10-03 05:24:14,3,0,3603.25,1249
2022-10-03 05:24:15,3,3,3603.25,1252
2022-10-03 05:24:16,3,-2,3603.0,1250
2022-10-03 05:24:18,107,-21,3603.25,1229
2022-10-03 05:24:19,29,10,3602.75,1239
2022-10-03 05:24:20,18,0,3602.75,1239
2022-10-03 05:24:21,19,-2,3602.75,1237
2022-10-03 05:24:22,2,0,3603.0,1237
2022-10-03 05:24:23,10,8,3603.0,1245
2022-10-03 05:24:24,9,-3,3602.75,1242
2022-10-03 05:24:25,1,1,3602.75,1243
2022-10-03 05:24:26,5,1,3602.75,1244
2022-10-03 05:24:27,4,-4,3602.5,1240
2022-10-03 05:24:28,2,0,3602.75,1240
2022-10-03 05:24:29,5,3,3602.75,1243
2022-10-03 05:24:30,19,-8,3602.75,1235
2022-10-03 05:24:31,10,-4,3602.25,1231
2022-10-03 05:24:32,1,1,3602.5,1232
2022-10-03 05:24:33,5,-5,3602.25,1227
2022-10-03 05:24:34,33,18,3602.5,1245
2022-10-03 05:24:35,84,-15,3602.0,1230
2022-10-03 05:24:36,18,10,3602.0,1240
2022-10-03 05:24:37,13,-5,3602.0,1235
2022-10-03 05:24:38,87,8,3602.5,1243
2022-10-03 05:24:39,39,21,3602.75,1264
2022-10-03 05:24:40,6,1,3602.75,1265
2022-10-03 05:24:41,7,-2,3602.75,1263
2022-10-03 05:24:42,12,5,3602.75,1268
2022-10-03 05:24:43,1,1,3603.0,1269
2022-10-03 05:24:44,61,-22,3602.75,1247
2022-10-03 05:24:45,6,2,3602.25,1249
2022-10-03 05:24:46,210,-30,3602.25,1219
2022-10-03 05:24:47,5,-5,3601.5,1214
2022-10-03 05:24:48,110,64,3602.25,1278
2022-10-03 05:24:49,4,-3,3602.25,1275
2022-10-03 05:24:50,24,10,3602.25,1285
2022-10-03 05:24:51,2,0,3602.25,1285
2022-10-03 05:24:53,8,4,3602.25,1289
2022-10-03 05:24:54,21,9,3602.5,1298
2022-10-03 05:24:55,12,8,3602.5,1306
2022-10-03 05:24:57,79,57,3602.75,1363
2022-10-03 05:24:58,5,-1,3602.5,1362
2022-10-03 05:24:59,8,5,3602.5,1367
2022-10-03 05:25:00,23,-5,3602.25,1362
2022-10-03 05:25:01,18,4,3601.75,1366
2022-10-03 05:25:02,34,-13,3602.0,1353
2022-10-03 05:25:03,13,8,3601.5,1361
2022-10-03 05:25:04,22,9,3601.5,1370
2022-10-03 05:25:05,17,11,3601.75,1381
2022-10-03 05:25:07,16,2,3601.75,1383
2022-10-03 05:25:08,14,12,3602.0,1395
2022-10-03 05:25:09,5,-5,3602.0,1390
2022-10-03 05:25:10,4,-4,3601.75,1386
2022-10-03 05:25:11,19,-12,3601.5,1374
2022-10-03 05:25:12,2,-2,3601.5,1372
2022-10-03 05:25:13,35,5,3601.75,1377
2022-10-03 05:25:14,8,-8,3601.75,1369
2022-10-03 05:25:16,10,4,3602.0,1373
2022-10-03 05:25:17,6,-4,3602.0,1369
2022-10-03 05:25:18,4,-4,3602.0,1365
2022-10-03 05:25:19,6,-5,3601.75,1360
2022-10-03 05:25:23,32,20,3602.0,1380
2022-10-03 05:25:24,5,-1,3602.0,1379
2022-10-03 05:25:25,1,-1,3602.0,1378
2022-10-03 05:25:28,5,-5,3601.75,1373
2022-10-03 05:25:31,8,-4,3601.75,1369
2022-10-03 05:25:37,5,-5,3601.75,1364
2022-10-03 05:25:40,9,-2,3601.75,1362
2022-10-03 05:25:44,9,1,3601.75,1363
2022-10-03 05:25:46,6,-6,3601.5,1357
2022-10-03 05:25:47,5,-2,3601.25,1355
2022-10-03 05:25:48,9,3,3601.5,1358
2022-10-03 05:25:49,1,-1,3601.25,1357
2022-10-03 05:25:50,51,-45,3601.5,1312
2022-10-03 05:25:51,7,2,3601.5,1314
2022-10-03 05:25:52,1,-1,3601.25,1313
2022-10-03 05:25:54,2,-2,3601.25,1311
2022-10-03 05:25:56,4,-3,3601.25,1308
2022-10-03 05:25:57,6,-6,3601.0,1302
2022-10-03 05:26:00,15,15,3601.5,1317
2022-10-03 05:26:01,8,6,3601.5,1323
2022-10-03 05:26:03,12,-2,3601.25,1321
2022-10-03 05:26:04,4,4,3601.25,1325
2022-10-03 05:26:05,2,-2,3601.0,1323
2022-10-03 05:26:06,2,2,3601.25,1325
2022-10-03 05:26:08,4,-4,3601.25,1321
2022-10-03 05:26:09,11,-3,3601.25,1318
2022-10-03 05:26:10,1,1,3601.5,1319
2022-10-03 05:26:11,6,4,3601.5,1323
2022-10-03 05:26:12,2,2,3601.5,1325
2022-10-03 05:26:15,4,-2,3601.25,1323
2022-10-03 05:26:16,1,1,3601.25,1324
2022-10-03 05:26:17,3,-1,3601.0,1323
2022-10-03 05:26:20,14,-5,3600.75,1318
2022-10-03 05:26:23,25,-4,3601.0,1314
2022-10-03 05:26:25,22,4,3600.75,1318
2022-10-03 05:26:26,9,-5,3600.5,1313
2022-10-03 05:26:27,8,-7,3600.5,1306
2022-10-03 05:26:30,7,-1,3600.25,1305
2022-10-03 05:26:32,6,-6,3600.25,1299
2022-10-03 05:26:34,13,6,3600.5,1305
2022-10-03 05:26:35,2,-2,3600.5,1303
2022-10-03 05:26:36,27,44,3600.75,1347
2022-10-03 05:26:38,33,-3,3600.75,1344
2022-10-03 05:26:40,53,20,3601.0,1364
2022-10-03 05:26:41,2,-2,3600.75,1362
2022-10-03 05:26:43,17,13,3601.25,1375
2022-10-03 05:26:44,4,-4,3601.25,1371
2022-10-03 05:26:46,5,5,3601.25,1376
2022-10-03 05:26:49,1,-1,3601.25,1375
2022-10-03 05:26:50,7,-1,3601.25,1374
2022-10-03 05:26:52,1,1,3601.25,1375
2022-10-03 05:26:53,1,-1,3601.25,1374
2022-10-03 05:26:55,3,3,3601.5,1377
2022-10-03 05:26:56,1,1,3601.25,1378
2022-10-03 05:26:57,1,1,3601.5,1379
2022-10-03 05:26:59,68,20,3601.75,1399
2022-10-03 05:27:00,2,-2,3601.75,1397
2022-10-03 05:27:01,12,2,3602.0,1399
2022-10-03 05:27:02,1,1,3602.0,1400
2022-10-03 05:27:03,5,1,3602.0,1401
2022-10-03 05:27:04,4,2,3602.0,1403
2022-10-03 05:27:05,11,-10,3602.0,1393
2022-10-03 05:27:07,3,-1,3602.0,1392
2022-10-03 05:27:08,1,1,3602.0,1393
2022-10-03 05:27:09,1,1,3602.0,1394
2022-10-03 05:27:12,9,-6,3601.75,1388
2022-10-03 05:27:13,4,-4,3601.75,1384
2022-10-03 05:27:14,30,-13,3601.75,1371
2022-10-03 05:27:15,9,-9,3601.75,1362
2022-10-03 05:27:16,1,-1,3601.75,1361
2022-10-03 05:27:17,33,-4,3601.75,1357
2022-10-03 05:27:18,1,1,3601.75,1358
2022-10-03 05:27:21,13,4,3601.75,1362
2022-10-03 05:27:23,3,3,3601.75,1365
2022-10-03 05:27:27,11,-5,3601.5,1360
2022-10-03 05:27:28,2,-2,3601.5,1358
2022-10-03 05:27:30,3,-1,3601.5,1357
2022-10-03 05:27:31,1,-1,3601.5,1356
2022-10-03 05:27:34,3,1,3601.5,1357
2022-10-03 05:27:35,8,7,3601.75,1364
2022-10-03 05:27:37,5,5,3601.5,1369
2022-10-03 05:27:38,10,2,3601.5,1371
2022-10-03 05:27:39,1,1,3601.5,1372
2022-10-03 05:27:40,3,3,3601.75,1375
2022-10-03 05:27:41,14,9,3602.0,1384
2022-10-03 05:27:42,15,-5,3602.25,1379
2022-10-03 05:27:43,2,2,3602.0,1381
2022-10-03 05:27:45,6,-4,3602.25,1377
2022-10-03 05:27:47,7,-7,3602.0,1370
2022-10-03 05:27:48,1,-1,3602.0,1369
2022-10-03 05:27:49,2,0,3602.0,1369
2022-10-03 05:27:53,5,1,3602.0,1370
2022-10-03 05:27:54,12,9,3602.25,1379
2022-10-03 05:27:59,6,2,3602.25,1381
2022-10-03 05:28:00,59,-18,3602.0,1363
2022-10-03 05:28:02,17,-5,3601.75,1358
2022-10-03 05:28:04,3,-1,3601.75,1357
2022-10-03 05:28:07,4,-4,3601.75,1353
2022-10-03 05:28:09,3,3,3601.75,1356
2022-10-03 05:28:10,1,1,3602.0,1357
2022-10-03 05:28:13,7,1,3601.75,1358
2022-10-03 05:28:15,1,1,3601.75,1359
2022-10-03 05:28:17,22,-4,3602.25,1355
2022-10-03 05:28:19,3,-1,3602.25,1354
2022-10-03 05:28:20,1,-1,3602.25,1353
2022-10-03 05:28:21,1,1,3602.25,1354
2022-10-03 05:28:22,8,0,3602.0,1354
2022-10-03 05:28:32,5,5,3602.25,1359
2022-10-03 05:28:35,11,0,3602.25,1359
2022-10-03 05:28:37,1,1,3602.25,1360
2022-10-03 05:28:38,3,-3,3602.25,1357
2022-10-03 05:28:39,7,-3,3602.25,1354
2022-10-03 05:28:40,1,-1,3602.25,1353
2022-10-03 05:28:41,5,3,3602.5,1356
2022-10-03 05:28:44,16,-7,3602.25,1349
2022-10-03 05:28:47,11,9,3602.25,1358
2022-10-03 05:28:48,6,2,3602.25,1360
2022-10-03 05:28:49,5,-3,3602.25,1357
2022-10-03 05:28:53,1,-1,3602.0,1356
2022-10-03 05:28:55,3,3,3602.25,1359
2022-10-03 05:28:56,16,-16,3602.25,1343
2022-10-03 05:28:57,4,-2,3602.25,1341
2022-10-03 05:29:00,37,2,3602.75,1343
2022-10-03 05:29:01,8,2,3602.5,1345
2022-10-03 05:29:02,10,-3,3602.25,1342
2022-10-03 05:29:03,1,-1,3602.0,1341
2022-10-03 05:29:04,6,-4,3602.0,1337
2022-10-03 05:29:05,4,-4,3602.0,1333
2022-10-03 05:29:06,14,-7,3601.5,1326
2022-10-03 05:29:07,10,8,3601.5,1334
2022-10-03 05:29:08,14,-9,3601.5,1325
2022-10-03 05:29:09,1,-1,3601.25,1324
2022-10-03 05:29:11,19,-5,3601.25,1319
2022-10-03 05:29:13,12,10,3601.25,1329
2022-10-03 05:29:14,2,-2,3601.25,1327
2022-10-03 05:29:15,4,4,3601.25,1331
2022-10-03 05:29:17,38,-18,3601.0,1313
2022-10-03 05:29:18,44,-54,3600.25,1259
2022-10-03 05:29:19,4,-2,3600.0,1257
2022-10-03 05:29:20,11,8,3600.25,1265
2022-10-03 05:29:21,7,-2,3600.25,1263
2022-10-03 05:29:23,17,17,3600.25,1280
2022-10-03 05:29:24,6,3,3600.25,1283
2022-10-03 05:29:25,1,-1,3600.0,1282
2022-10-03 05:29:26,14,2,3600.25,1284
2022-10-03 05:29:27,8,4,3600.5,1288
2022-10-03 05:29:29,4,0,3600.5,1288
2022-10-03 05:29:32,4,6,3601.0,1294
2022-10-03 05:29:33,3,1,3601.25,1295
2022-10-03 05:29:34,7,8,3601.75,1303
2022-10-03 05:29:35,18,3,3602.25,1306
2022-10-03 05:29:36,8,8,3602.5,1314
2022-10-03 05:29:37,6,2,3602.5,1316
2022-10-03 05:29:41,13,10,3602.75,1326
2022-10-03 05:29:42,32,20,3603.5,1346
2022-10-03 05:29:43,27,8,3603.5,1354
2022-10-03 05:29:44,25,20,3604.0,1374
2022-10-03 05:29:45,13,-6,3603.75,1368
2022-10-03 05:29:46,14,-4,3603.75,1364
2022-10-03 05:29:47,2,0,3603.75,1364
2022-10-03 05:29:48,5,1,3603.5,1365
2022-10-03 05:29:49,24,-12,3603.5,1353
2022-10-03 05:29:51,1,1,3603.5,1354
2022-10-03 05:29:52,10,-4,3603.25,1350
2022-10-03 05:29:53,11,7,3603.5,1357
2022-10-03 05:29:54,5,1,3603.5,1358
2022-10-03 05:29:55,14,-2,3603.75,1356
2022-10-03 05:29:56,18,-7,3603.25,1349
2022-10-03 05:29:57,2,0,3603.25,1349
2022-10-03 05:29:58,30,-1,3603.0,1348
2022-10-03 05:29:59,1,1,3603.0,1349
2022-10-03 05:30:00,17,7,3603.25,1356
2022-10-03 05:30:01,2,-2,3603.0,1354
2022-10-03 05:30:02,1,-1,3603.0,1353
2022-10-03 05:30:04,30,-2,3602.75,1351
2022-10-03 05:30:05,14,8,3602.75,1359
2022-10-03 05:30:06,6,-6,3602.75,1353
2022-10-03 05:30:07,82,21,3603.25,1374
2022-10-03 05:30:08,18,-3,3603.25,1371
2022-10-03 05:30:09,13,-1,3603.25,1370
2022-10-03 05:30:10,12,-10,3603.25,1360
2022-10-03 05:30:11,3,1,3602.75,1361
2022-10-03 05:30:12,7,-1,3602.75,1360
2022-10-03 05:30:13,2,2,3603.0,1362
2022-10-03 05:30:14,12,8,3603.0,1370
2022-10-03 05:30:15,13,-9,3602.75,1361
2022-10-03 05:30:16,13,-5,3602.25,1356
2022-10-03 05:30:17,3,-1,3602.25,1355
2022-10-03 05:30:19,3,3,3602.25,1358
2022-10-03 05:30:20,1,-1,3602.25,1357
2022-10-03 05:30:21,7,5,3602.25,1362
2022-10-03 05:30:22,1,-1,3602.25,1361
2022-10-03 05:30:23,102,43,3603.25,1404
2022-10-03 05:30:24,49,4,3604.0,1408
2022-10-03 05:30:26,17,-4,3603.75,1404
2022-10-03 05:30:27,8,-6,3603.5,1398
2022-10-03 05:30:28,6,-4,3603.5,1394
2022-10-03 05:30:29,14,10,3603.75,1404
2022-10-03 05:30:30,6,-6,3603.75,1398
2022-10-03 05:30:31,6,0,3604.0,1398
2022-10-03 05:30:32,1,1,3604.0,1399
2022-10-03 05:30:33,49,15,3604.25,1414
2022-10-03 05:30:34,7,3,3604.5,1417
2022-10-03 05:30:35,4,-2,3604.25,1415
2022-10-03 05:30:36,9,8,3604.25,1423
2022-10-03 05:30:37,3,-3,3604.25,1420
2022-10-03 05:30:39,17,-7,3604.0,1413
2022-10-03 05:30:40,3,2,3604.0,1415
2022-10-03 05:30:41,3,3,3604.0,1418
2022-10-03 05:30:42,2,2,3604.25,1420
2022-10-03 05:30:43,12,-10,3604.0,1410
2022-10-03 05:30:45,6,2,3603.75,1412
2022-10-03 05:30:46,2,2,3603.75,1414
2022-10-03 05:30:47,13,-7,3603.5,1407
2022-10-03 05:30:48,4,-4,3603.75,1403
2022-10-03 05:30:51,2,0,3604.0,1403
2022-10-03 05:30:52,4,-4,3603.5,1399
2022-10-03 05:30:53,2,2,3603.5,1401
2022-10-03 05:30:56,6,0,3603.5,1401
2022-10-03 05:30:58,5,-1,3603.5,1400
2022-10-03 05:30:59,15,-23,3603.75,1377
2022-10-03 05:31:01,2,-1,3603.5,1376
2022-10-03 05:31:03,15,-1,3603.75,1375
2022-10-03 05:31:05,1,-1,3603.5,1374
2022-10-03 05:31:06,13,-1,3603.5,1373
2022-10-03 05:31:07,1,-1,3603.5,1372
2022-10-03 05:31:09,19,-16,3603.5,1356
2022-10-03 05:31:10,12,-14,3603.0,1342
2022-10-03 05:31:11,33,-3,3603.0,1339
2022-10-03 05:31:12,1,-1,3602.75,1338
2022-10-03 05:31:14,2,0,3602.75,1338
2022-10-03 05:31:15,19,-6,3603.25,1332
2022-10-03 05:31:16,7,5,3603.0,1337
2022-10-03 05:31:18,23,-8,3602.5,1329
2022-10-03 05:31:19,3,-3,3602.5,1326
2022-10-03 05:31:20,4,2,3602.5,1328
2022-10-03 05:31:21,12,-5,3602.75,1323
2022-10-03 05:31:23,42,22,3603.75,1345
2022-10-03 05:31:24,17,12,3604.0,1357
2022-10-03 05:31:25,17,-9,3604.0,1348
2022-10-03 05:31:26,12,12,3604.0,1360
2022-10-03 05:31:29,1,1,3604.25,1361
2022-10-03 05:31:30,301,326,3606.25,1687
2022-10-03 05:31:31,90,6,3605.5,1693
2022-10-03 05:31:32,2,2,3605.75,1695
2022-10-03 05:31:33,35,0,3605.75,1695
2022-10-03 05:31:34,21,-5,3605.75,1690
2022-10-03 05:31:35,14,1,3605.75,1691
2022-10-03 05:31:36,15,-3,3605.75,1688
2022-10-03 05:31:37,10,-3,3606.0,1685
2022-10-03 05:31:39,16,-3,3605.75,1682
2022-10-03 05:31:40,3,-3,3605.5,1679
2022-10-03 05:31:42,30,-1,3605.5,1678
2022-10-03 05:31:43,8,-5,3605.5,1673
2022-10-03 05:31:46,9,-1,3605.5,1672
2022-10-03 05:31:47,9,-5,3605.5,1667
2022-10-03 05:31:48,11,-5,3605.5,1662
2022-10-03 05:31:49,16,4,3605.75,1666
2022-10-03 05:31:50,8,-2,3606.0,1664
2022-10-03 05:31:51,4,-2,3605.75,1662
2022-10-03 05:31:52,3,3,3606.0,1665
2022-10-03 05:31:53,1,1,3605.75,1666
2022-10-03 05:31:54,2,2,3605.75,1668
2022-10-03 05:31:55,10,-8,3605.5,1660
2022-10-03 05:31:56,11,3,3605.5,1663
2022-10-03 05:31:58,7,-2,3605.5,1661
2022-10-03 05:32:00,21,-16,3606.0,1645
2022-10-03 05:32:01,52,3,3605.25,1648
2022-10-03 05:32:02,6,-2,3605.0,1646
2022-10-03 05:32:03,22,9,3605.0,1655
2022-10-03 05:32:04,3,3,3605.25,1658
2022-10-03 05:32:06,15,2,3605.5,1660
2022-10-03 05:32:07,4,4,3605.75,1664
2022-10-03 05:32:08,102,42,3606.75,1706
2022-10-03 05:32:09,27,-21,3606.5,1685
2022-10-03 05:32:10,5,5,3606.25,1690
2022-10-03 05:32:11,11,-7,3606.0,1683
2022-10-03 05:32:12,9,1,3606.0,1684
2022-10-03 05:32:13,1,-1,3605.75,1683
2022-10-03 05:32:14,2,2,3605.75,1685
2022-10-03 05:32:17,41,-26,3605.75,1659
2022-10-03 05:32:18,1,1,3605.25,1660
2022-10-03 05:32:19,8,-3,3605.0,1657
2022-10-03 05:32:20,10,-4,3605.25,1653
2022-10-03 05:32:21,3,3,3605.5,1656
2022-10-03 05:32:22,2,-2,3605.25,1654
2022-10-03 05:32:23,2,-2,3605.25,1652
2022-10-03 05:32:26,2,-2,3605.25,1650
2022-10-03 05:32:27,16,-2,3605.25,1648
2022-10-03 05:32:28,2,-2,3605.25,1646
2022-10-03 05:32:29,10,0,3605.5,1646
2022-10-03 05:32:30,1,1,3605.5,1647
2022-10-03 05:32:31,2,-2,3605.25,1645
2022-10-03 05:32:33,1,-1,3605.0,1644
2022-10-03 05:32:34,2,-2,3605.0,1642
2022-10-03 05:32:35,50,17,3606.0,1659
2022-10-03 05:32:36,1,-1,3605.75,1658
2022-10-03 05:32:37,19,3,3605.75,1661
2022-10-03 05:32:38,35,14,3606.0,1675
2022-10-03 05:32:39,10,-1,3606.25,1674
2022-10-03 05:32:40,14,-5,3606.0,1669
2022-10-03 05:32:41,2,2,3606.0,1671
2022-10-03 05:32:42,7,-7,3605.75,1664
2022-10-03 05:32:43,9,2,3605.5,1666
2022-10-03 05:32:44,1,-1,3605.25,1665
2022-10-03 05:32:45,3,-1,3605.5,1664
2022-10-03 05:32:46,1,-1,3605.25,1663
2022-10-03 05:32:51,1,-1,3605.25,1662
2022-10-03 05:32:52,33,17,3606.0,1679
2022-10-03 05:32:53,7,1,3605.75,1680
2022-10-03 05:32:54,3,-1,3605.75,1679
2022-10-03 05:32:55,4,-1,3605.75,1678
2022-10-03 05:32:59,5,-3,3605.5,1675
2022-10-03 05:33:00,45,-9,3605.25,1666
2022-10-03 05:33:01,9,-9,3604.75,1657
2022-10-03 05:33:02,5,1,3605.0,1658
2022-10-03 05:33:03,1,-1,3604.75,1657
2022-10-03 05:33:04,4,1,3605.0,1658
2022-10-03 05:33:07,6,2,3605.0,1660
2022-10-03 05:33:08,14,6,3605.25,1666
2022-10-03 05:33:09,10,-10,3605.0,1656
2022-10-03 05:33:10,2,0,3605.0,1656
2022-10-03 05:33:11,20,13,3605.25,1669
2022-10-03 05:33:12,6,4,3605.5,1673
2022-10-03 05:33:14,2,-2,3605.25,1671
2022-10-03 05:33:17,12,-8,3605.25,1663
2022-10-03 05:33:18,3,1,3605.25,1664
2022-10-03 05:33:20,6,2,3605.5,1666
2022-10-03 05:33:21,1,-1,3605.0,1665
2022-10-03 05:33:26,6,2,3605.25,1667
2022-10-03 05:33:27,1,1,3605.25,1668
2022-10-03 05:33:28,4,-4,3605.25,1664
2022-10-03 05:33:30,21,-6,3605.0,1658
2022-10-03 05:33:32,1,-1,3604.75,1657
2022-10-03 05:33:33,5,-5,3604.75,1652
2022-10-03 05:33:35,2,0,3605.0,1652
2022-10-03 05:33:36,2,-2,3604.75,1650
2022-10-03 05:33:37,1,1,3605.0,1651
2022-10-03 05:33:40,9,-8,3604.5,1643
2022-10-03 05:33:41,10,4,3604.5,1647
2022-10-03 05:33:42,5,-3,3604.5,1644
2022-10-03 05:33:43,5,-1,3604.5,1643
2022-10-03 05:33:44,1,-1,3604.25,1642
2022-10-03 05:33:45,4,0,3604.75,1642
2022-10-03 05:33:46,16,6,3604.75,1648
2022-10-03 05:33:50,1,-1,3605.0,1647
2022-10-03 05:33:52,17,5,3605.25,1652
2022-10-03 05:33:53,17,-19,3605.25,1633
2022-10-03 05:33:56,2,0,3605.25,1633
2022-10-03 05:33:58,9,-3,3605.25,1630
2022-10-03 05:33:59,3,1,3605.25,1631
2022-10-03 05:34:00,5,-4,3605.25,1627
2022-10-03 05:34:01,13,13,3605.25,1640
2022-10-03 05:34:02,4,-4,3605.25,1636
2022-10-03 05:34:03,3,1,3605.25,1637
2022-10-03 05:34:04,4,2,3605.5,1639
2022-10-03 05:34:05,3,1,3605.25,1640
2022-10-03 05:34:07,11,-7,3605.25,1633
2022-10-03 05:34:08,10,-1,3605.0,1632
2022-10-03 05:34:10,10,-11,3605.0,1621
2022-10-03 05:34:15,6,6,3604.75,1627
2022-10-03 05:34:17,26,-1,3605.25,1626
2022-10-03 05:34:18,2,0,3605.25,1626
2022-10-03 05:34:19,5,3,3605.25,1629
2022-10-03 05:34:20,9,-9,3605.25,1620
2022-10-03 05:34:22,2,0,3605.0,1620
2022-10-03 05:34:23,2,2,3605.0,1622
2022-10-03 05:34:25,3,-5,3605.0,1617
2022-10-03 05:34:26,1,1,3605.0,1618
2022-10-03 05:34:27,1,-1,3605.0,1617
2022-10-03 05:34:28,3,3,3605.0,1620
2022-10-03 05:34:29,9,-5,3605.25,1615
2022-10-03 05:34:31,13,6,3605.25,1621
2022-10-03 05:34:32,10,-5,3605.25,1616
2022-10-03 05:34:34,2,0,3605.25,1616
2022-10-03 05:34:37,4,-4,3605.5,1612
2022-10-03 05:34:38,1,1,3605.5,1613
2022-10-03 05:34:40,4,-2,3605.5,1611
2022-10-03 05:34:41,3,1,3605.5,1612
2022-10-03 05:34:42,13,7,3606.0,1619
2022-10-03 05:34:44,16,8,3606.5,1627
2022-10-03 05:34:45,3,0,3606.25,1627
2022-10-03 05:34:46,1,-1,3606.0,1626
2022-10-03 05:34:51,1,1,3606.25,1627
2022-10-03 05:34:52,15,-12,3606.0,1615
2022-10-03 05:34:55,7,-7,3605.5,1608
2022-10-03 05:34:56,8,6,3605.75,1614
2022-10-03 05:34:57,2,-2,3605.5,1612
2022-10-03 05:34:58,12,5,3605.75,1617
2022-10-03 05:35:00,5,1,3606.0,1618
2022-10-03 05:35:01,17,-1,3606.0,1617
2022-10-03 05:35:02,22,3,3606.25,1620
2022-10-03 05:35:03,95,4,3606.75,1624
2022-10-03 05:35:04,2,-2,3606.75,1622
2022-10-03 05:35:06,14,11,3607.0,1633
2022-10-03 05:35:07,1,-1,3606.75,1632
2022-10-03 05:35:08,17,7,3607.25,1639
2022-10-03 05:35:09,42,-14,3607.0,1625
2022-10-03 05:35:10,1,-1,3607.0,1624
2022-10-03 05:35:11,10,-5,3607.0,1619
2022-10-03 05:35:12,2,2,3607.25,1621
2022-10-03 05:35:13,7,5,3607.0,1626
2022-10-03 05:35:14,2,2,3607.25,1628
2022-10-03 05:35:15,4,-2,3607.25,1626
2022-10-03 05:35:16,8,7,3607.0,1633
2022-10-03 05:35:17,10,1,3607.25,1634
2022-10-03 05:35:18,1,1,3607.25,1635
2022-10-03 05:35:21,34,28,3607.75,1663
2022-10-03 05:35:22,11,-6,3607.5,1657
2022-10-03 05:35:23,6,-2,3607.5,1655
2022-10-03 05:35:24,3,3,3607.5,1658
2022-10-03 05:35:25,10,-1,3607.25,1657
2022-10-03 05:35:27,9,-7,3607.5,1650
2022-10-03 05:35:28,52,-1,3607.25,1649
2022-10-03 05:35:29,6,-4,3607.0,1645
2022-10-03 05:35:30,1,-1,3607.0,1644
2022-10-03 05:35:33,6,2,3607.0,1646
2022-10-03 05:35:34,24,-16,3607.0,1630
2022-10-03 05:35:36,4,-4,3606.75,1626
2022-10-03 05:35:37,5,-4,3606.5,1622
2022-10-03 05:35:39,4,2,3606.5,1624
2022-10-03 05:35:40,5,3,3606.5,1627
2022-10-03 05:35:42,1,1,3606.5,1628
2022-10-03 05:35:45,10,2,3606.5,1630
2022-10-03 05:35:46,14,1,3606.25,1631
2022-10-03 05:35:47,8,-10,3606.0,1621
2022-10-03 05:35:48,11,1,3606.0,1622
2022-10-03 05:35:49,1,-1,3606.0,1621
2022-10-03 05:35:50,7,-1,3606.0,1620
2022-10-03 05:35:51,8,-1,3606.0,1619
2022-10-03 05:35:53,50,3,3606.5,1622
2022-10-03 05:35:55,1,-1,3606.25,1621
2022-10-03 05:35:57,2,2,3606.5,1623
2022-10-03 05:35:59,1,1,3606.75,1624
2022-10-03 05:36:01,15,-1,3606.75,1623
2022-10-03 05:36:02,13,-11,3606.5,1612
2022-10-03 05:36:03,2,2,3606.75,1614
2022-10-03 05:36:07,1,1,3606.5,1615
2022-10-03 05:36:08,3,-1,3606.5,1614
2022-10-03 05:36:10,3,-3,3606.25,1611
2022-10-03 05:36:11,10,7,3606.25,1618
2022-10-03 05:36:13,1,-1,3606.0,1617
2022-10-03 05:36:14,7,-3,3606.25,1614
2022-10-03 05:36:15,1,1,3606.25,1615
2022-10-03 05:36:16,6,3,3606.25,1618
2022-10-03 05:36:18,1,1,3606.25,1619
2022-10-03 05:36:23,9,-9,3606.0,1610
2022-10-03 05:36:25,2,-2,3605.75,1608
2022-10-03 05:36:26,18,2,3605.75,1610
2022-10-03 05:36:27,1,-1,3605.5,1609
2022-10-03 05:36:28,28,-2,3605.5,1607
2022-10-03 05:36:31,3,-1,3605.25,1606
2022-10-03 05:36:32,2,-2,3605.25,1604
2022-10-03 05:36:36,4,2,3605.25,1606
2022-10-03 05:36:37,3,1,3605.25,1607
2022-10-03 05:36:40,4,-2,3605.25,1605
2022-10-03 05:36:41,18,6,3605.5,1611
2022-10-03 05:36:42,8,2,3605.5,1613
2022-10-03 05:36:44,1,1,3605.5,1614
2022-10-03 05:36:46,1,-1,3605.25,1613
2022-10-03 05:36:48,15,1,3605.5,1614
2022-10-03 05:36:49,5,5,3605.5,1619
2022-10-03 05:36:51,15,-2,3606.0,1617
2022-10-03 05:36:52,1,-1,3605.75,1616
2022-10-03 05:36:54,30,-21,3605.75,1595
2022-10-03 05:36:56,3,-3,3605.75,1592
2022-10-03 05:37:00,15,1,3606.0,1593
2022-10-03 05:37:01,17,5,3606.25,1598
2022-10-03 05:37:02,5,3,3606.25,1601
2022-10-03 05:37:05,16,-4,3606.0,1597
2022-10-03 05:37:09,8,-4,3605.75,1593
2022-10-03 05:37:10,7,-3,3605.75,1590
2022-10-03 05:37:11,26,-20,3605.5,1570
2022-10-03 05:37:12,3,-3,3605.5,1567
2022-10-03 05:37:13,3,1,3605.75,1568
2022-10-03 05:37:16,6,-5,3605.75,1563
2022-10-03 05:37:17,1,1,3605.75,1564
2022-10-03 05:37:20,1,1,3605.75,1565
2022-10-03 05:37:21,11,-9,3605.75,1556
2022-10-03 05:37:22,10,-8,3605.5,1548
2022-10-03 05:37:23,15,-12,3605.5,1536
2022-10-03 05:37:24,35,-24,3605.25,1512
2022-10-03 05:37:25,22,1,3605.0,1513
2022-10-03 05:37:26,1,-1,3604.75,1512
2022-10-03 05:37:27,2,-2,3604.75,1510
2022-10-03 05:37:28,6,-4,3604.75,1506
2022-10-03 05:37:29,3,-3,3604.75,1503
2022-10-03 05:37:30,5,-3,3604.75,1500
2022-10-03 05:37:31,9,-5,3604.75,1495
2022-10-03 05:37:32,35,-17,3604.5,1478
2022-10-03 05:37:33,39,-19,3604.5,1459
2022-10-03 05:37:34,19,-16,3604.0,1443
2022-10-03 05:37:35,25,-4,3604.0,1439
2022-10-03 05:37:36,4,2,3604.0,1441
2022-10-03 05:37:37,3,-1,3604.0,1440
2022-10-03 05:37:38,21,-2,3604.0,1438
2022-10-03 05:37:39,15,-11,3603.75,1427
2022-10-03 05:37:40,28,-4,3603.75,1423
2022-10-03 05:37:41,6,-1,3603.75,1422
2022-10-03 05:37:43,40,7,3604.0,1429
2022-10-03 05:37:47,2,2,3604.25,1431
2022-10-03 05:37:48,19,-17,3604.0,1414
2022-10-03 05:37:49,4,-3,3604.0,1411
2022-10-03 05:37:50,22,-16,3604.0,1395
2022-10-03 05:37:51,4,4,3603.75,1399
2022-10-03 05:37:52,2,-1,3603.5,1398
2022-10-03 05:37:53,4,-2,3603.75,1396
2022-10-03 05:37:54,28,-20,3603.75,1376
2022-10-03 05:37:55,14,9,3603.75,1385
2022-10-03 05:37:56,4,-2,3603.75,1383
2022-10-03 05:37:57,3,-3,3603.75,1380
2022-10-03 05:37:59,9,7,3603.75,1387
2022-10-03 05:38:01,37,-20,3604.0,1367
2022-10-03 05:38:02,5,-3,3603.75,1364
2022-10-03 05:38:03,4,2,3603.75,1366
2022-10-03 05:38:06,4,4,3603.75,1370
2022-10-03 05:38:07,1,1,3603.75,1371
2022-10-03 05:38:11,1,1,3604.0,1372
2022-10-03 05:38:12,16,-5,3603.75,1367
2022-10-03 05:38:13,11,-10,3603.5,1357
2022-10-03 05:38:14,25,-11,3603.5,1346
2022-10-03 05:38:15,12,0,3603.25,1346
2022-10-03 05:38:16,27,-19,3603.25,1327
2022-10-03 05:38:17,4,-4,3603.25,1323
2022-10-03 05:38:18,1,-1,3603.25,1322
2022-10-03 05:38:20,6,2,3603.25,1324
2022-10-03 05:38:21,3,-3,3603.25,1321
2022-10-03 05:38:22,18,-13,3603.25,1308
2022-10-03 05:38:23,12,-11,3603.0,1297
2022-10-03 05:38:24,3,-1,3603.25,1296
2022-10-03 05:38:25,40,2,3603.5,1298
2022-10-03 05:38:26,14,0,3603.5,1298
2022-10-03 05:38:28,6,-6,3603.25,1292
2022-10-03 05:38:29,3,1,3603.25,1293
2022-10-03 05:38:32,11,-5,3603.25,1288
2022-10-03 05:38:33,6,-5,3603.25,1283
2022-10-03 05:38:34,10,-9,3603.25,1274
2022-10-03 05:38:35,15,-5,3603.25,1269
2022-10-03 05:38:37,8,3,3603.5,1272
2022-10-03 05:38:38,4,-4,3603.5,1268
2022-10-03 05:38:39,1,-1,3603.5,1267
2022-10-03 05:38:41,1,-1,3603.25,1266
2022-10-03 05:38:42,5,-3,3603.25,1263
2022-10-03 05:38:43,23,-8,3603.25,1255
2022-10-03 05:38:44,16,-3,3603.25,1252
2022-10-03 05:38:46,3,3,3603.25,1255
2022-10-03 05:38:48,15,3,3603.5,1258
2022-10-03 05:38:49,12,-12,3603.25,1246
2022-10-03 05:38:50,1,-1,3603.25,1245
2022-10-03 05:38:53,4,-4,3603.25,1241
2022-10-03 05:38:54,5,0,3603.5,1241
2022-10-03 05:38:58,9,-4,3603.25,1237
2022-10-03 05:38:59,8,2,3603.25,1239
2022-10-03 05:39:00,5,-5,3603.25,1234
2022-10-03 05:39:01,1,-1,3603.25,1233
2022-10-03 05:39:02,14,-12,3603.25,1221
2022-10-03 05:39:03,7,5,3603.0,1226
2022-10-03 05:39:04,45,-18,3603.0,1208
2022-10-03 05:39:05,14,-8,3602.5,1200
2022-10-03 05:39:06,6,4,3602.75,1204
2022-10-03 05:39:07,1,-1,3602.5,1203
2022-10-03 05:39:08,1,-1,3602.5,1202
2022-10-03 05:39:10,23,-2,3602.75,1200
2022-10-03 05:39:11,9,3,3602.75,1203
2022-10-03 05:39:12,3,-1,3602.75,1202
2022-10-03 05:39:13,8,-8,3602.5,1194
2022-10-03 05:39:15,7,7,3602.75,1201
2022-10-03 05:39:16,3,-1,3602.75,1200
2022-10-03 05:39:19,13,-11,3602.75,1189
2022-10-03 05:39:20,12,-9,3602.5,1180
2022-10-03 05:39:21,7,-5,3602.5,1175
2022-10-03 05:39:23,15,9,3602.75,1184
2022-10-03 05:39:25,1,1,3602.75,1185
2022-10-03 05:39:27,9,-3,3602.5,1182
2022-10-03 05:39:28,9,2,3602.5,1184
2022-10-03 05:39:29,19,-15,3602.25,1169
2022-10-03 05:39:30,6,-5,3602.25,1164
2022-10-03 05:39:31,4,-2,3602.5,1162
2022-10-03 05:39:32,7,-1,3602.5,1161
2022-10-03 05:39:33,23,-8,3602.25,1153
2022-10-03 05:39:34,139,-14,3602.5,1139
2022-10-03 05:39:35,19,12,3602.5,1151
2022-10-03 05:39:36,44,22,3603.25,1173
2022-10-03 05:39:37,1,-1,3603.0,1172
2022-10-03 05:39:39,25,-3,3603.25,1169
2022-10-03 05:39:40,5,-2,3603.0,1167
2022-10-03 05:39:41,2,2,3603.0,1169
2022-10-03 05:39:43,9,-1,3603.25,1168
2022-10-03 05:39:44,9,3,3603.25,1171
2022-10-03 05:39:45,6,-2,3603.0,1169
2022-10-03 05:39:46,7,-1,3603.25,1168
2022-10-03 05:39:47,3,-1,3603.0,1167
2022-10-03 05:39:51,15,-9,3603.0,1158
2022-10-03 05:39:52,1,-1,3603.0,1157
2022-10-03 05:39:53,29,-8,3603.5,1149
2022-10-03 05:39:54,6,-2,3603.25,1147
2022-10-03 05:39:56,3,-1,3603.25,1146
2022-10-03 05:39:57,7,-5,3603.0,1141
2022-10-03 05:39:59,7,3,3603.0,1144
2022-10-03 05:40:00,1,-1,3602.75,1143
2022-10-03 05:40:01,8,1,3603.0,1144
2022-10-03 05:40:04,12,-11,3602.75,1133
2022-10-03 05:40:05,4,-4,3602.75,1129
2022-10-03 05:40:06,71,-22,3602.75,1107
2022-10-03 05:40:07,9,9,3602.5,1116
2022-10-03 05:40:08,1,1,3602.75,1117
2022-10-03 05:40:10,1,-1,3602.5,1116
2022-10-03 05:40:11,20,-1,3602.75,1115
2022-10-03 05:40:12,6,-5,3602.75,1110
2022-10-03 05:40:13,4,-4,3602.75,1106
2022-10-03 05:40:14,12,-6,3602.75,1100
2022-10-03 05:40:15,15,-15,3602.75,1085
2022-10-03 05:40:19,13,2,3602.75,1087
2022-10-03 05:40:21,4,-4,3602.75,1083
2022-10-03 05:40:22,12,-12,3602.5,1071
2022-10-03 05:40:23,2,0,3602.5,1071
2022-10-03 05:40:24,13,-7,3602.5,1064
2022-10-03 05:40:25,15,-6,3602.25,1058
2022-10-03 05:40:26,3,3,3602.5,1061
2022-10-03 05:40:31,16,-5,3602.25,1056
2022-10-03 05:40:32,12,-7,3602.25,1049
2022-10-03 05:40:33,16,4,3602.5,1053
2022-10-03 05:40:34,1,-1,3602.25,1052
2022-10-03 05:40:36,1,-1,3602.25,1051
2022-10-03 05:40:38,13,1,3602.25,1052
2022-10-03 05:40:40,72,-28,3602.0,1024
2022-10-03 05:40:41,68,-25,3602.0,999
2022-10-03 05:40:42,65,-6,3602.25,993
2022-10-03 05:40:43,1,1,3602.25,994
2022-10-03 05:40:51,20,-7,3602.25,987
2022-10-03 05:40:52,6,-2,3602.25,985
2022-10-03 05:40:53,43,3,3602.25,988
2022-10-03 05:40:54,13,-1,3602.25,987
2022-10-03 05:40:59,36,3,3602.5,990
2022-10-03 05:41:00,19,-9,3602.0,981
2022-10-03 05:41:01,3,-2,3602.0,979
2022-10-03 05:41:03,10,8,3602.25,987
2022-10-03 05:41:05,8,-5,3602.25,982
2022-10-03 05:41:06,3,-1,3602.0,981
2022-10-03 05:41:09,12,-2,3602.0,979
2022-10-03 05:41:10,2,-2,3602.0,977
2022-10-03 05:41:11,8,8,3602.25,985
2022-10-03 05:41:15,85,10,3603.0,995
2022-10-03 05:41:16,11,3,3603.25,998
2022-10-03 05:41:18,16,-12,3603.25,986
2022-10-03 05:41:19,6,6,3603.25,992
2022-10-03 05:41:20,14,5,3603.5,997
2022-10-03 05:41:22,1,1,3603.75,998
2022-10-03 05:41:23,96,33,3604.5,1031
2022-10-03 05:41:24,26,11,3604.75,1042
2022-10-03 05:41:25,14,-11,3604.5,1031
2022-10-03 05:41:26,1,1,3604.5,1032
2022-10-03 05:41:28,12,2,3604.25,1034
2022-10-03 05:41:29,2,0,3604.25,1034
2022-10-03 05:41:30,10,-10,3604.0,1024
2022-10-03 05:41:31,26,-9,3603.75,1015
2022-10-03 05:41:32,2,2,3603.5,1017
2022-10-03 05:41:33,12,-6,3603.25,1011
2022-10-03 05:41:34,12,5,3603.0,1016
2022-10-03 05:41:35,5,3,3603.0,1019
2022-10-03 05:41:36,1,1,3603.0,1020
2022-10-03 05:41:39,3,3,3603.25,1023
2022-10-03 05:41:40,20,7,3603.25,1030
2022-10-03 05:41:41,7,6,3603.25,1036
2022-10-03 05:41:42,10,6,3603.5,1042
2022-10-03 05:41:43,5,-5,3603.5,1037
2022-10-03 05:41:49,8,2,3603.5,1039
2022-10-03 05:41:50,3,-3,3603.5,1036
2022-10-03 05:41:52,1,-1,3603.5,1035
2022-10-03 05:41:57,17,-1,3603.75,1034
2022-10-03 05:41:58,4,-4,3603.5,1030
2022-10-03 05:42:00,12,-2,3603.75,1028
2022-10-03 05:42:01,12,3,3603.75,1031
2022-10-03 05:42:02,1,1,3603.75,1032
2022-10-03 05:42:04,3,-3,3603.75,1029
2022-10-03 05:42:07,3,-1,3603.75,1028
2022-10-03 05:42:10,2,-2,3603.5,1026
2022-10-03 05:42:17,7,-7,3603.25,1019
2022-10-03 05:42:18,20,-11,3603.25,1008
2022-10-03 05:42:19,5,-1,3603.25,1007
2022-10-03 05:42:20,2,-2,3603.0,1005
2022-10-03 05:42:24,11,-3,3603.0,1002
2022-10-03 05:42:25,8,-2,3603.25,1000
2022-10-03 05:42:26,18,-16,3603.0,984
2022-10-03 05:42:27,15,0,3602.75,984
2022-10-03 05:42:28,4,-4,3602.5,980
2022-10-03 05:42:31,5,4,3602.75,984
2022-10-03 05:42:36,12,-6,3602.5,978
2022-10-03 05:42:39,1,-1,3602.5,977
2022-10-03 05:42:41,11,-7,3602.5,970
2022-10-03 05:42:42,7,-7,3602.25,963
2022-10-03 05:42:46,2,2,3602.5,965
2022-10-03 05:42:47,44,10,3603.0,975
2022-10-03 05:42:48,6,-2,3603.0,973
2022-10-03 05:42:52,8,1,3603.0,974
2022-10-03 05:42:54,11,4,3603.25,978
2022-10-03 05:42:55,3,-1,3603.25,977
2022-10-03 05:42:56,24,8,3603.5,985
2022-10-03 05:42:57,4,-3,3603.5,982
2022-10-03 05:42:58,8,-8,3603.25,974
2022-10-03 05:42:59,12,-9,3603.25,965
2022-10-03 05:43:02,1,-1,3603.0,964
2022-10-03 05:43:05,1,-1,3602.75,963
2022-10-03 05:43:06,4,3,3602.75,966
2022-10-03 05:43:08,5,0,3603.0,966
2022-10-03 05:43:13,4,-3,3602.75,963
2022-10-03 05:43:15,33,-7,3602.75,956
2022-10-03 05:43:17,5,-1,3602.5,955
2022-10-03 05:43:18,1,1,3602.75,956
2022-10-03 05:43:19,5,1,3602.5,957
2022-10-03 05:43:24,73,15,3602.5,972
2022-10-03 05:43:26,1,-1,3602.0,971
2022-10-03 05:43:27,1,-1,3602.0,970
2022-10-03 05:43:28,1,-1,3602.0,969
2022-10-03 05:43:34,26,5,3602.25,974
2022-10-03 05:43:35,1,-1,3602.0,973
2022-10-03 05:43:37,1,-1,3602.0,972
2022-10-03 05:43:39,53,6,3602.25,978
2022-10-03 05:43:45,9,-1,3602.0,977
2022-10-03 05:43:47,67,-6,3602.25,971
2022-10-03 05:43:48,9,-5,3602.0,966
2022-10-03 05:43:49,2,-1,3602.0,965
2022-10-03 05:43:50,68,-27,3602.0,938
2022-10-03 05:43:52,2,-2,3602.0,936
2022-10-03 05:43:54,35,-1,3602.25,935
2022-10-03 05:43:57,6,0,3602.25,935
2022-10-03 05:43:58,3,3,3602.25,938
2022-10-03 05:43:59,5,-4,3602.25,934
2022-10-03 05:44:00,8,0,3602.25,934
2022-10-03 05:44:02,3,3,3602.25,937
2022-10-03 05:44:04,6,0,3602.25,937
2022-10-03 05:44:05,30,-12,3602.0,925
2022-10-03 05:44:06,25,-6,3602.0,919
2022-10-03 05:44:09,23,-12,3602.0,907
2022-10-03 05:44:10,136,-73,3602.0,834
2022-10-03 05:44:11,1,1,3601.75,835
2022-10-03 05:44:14,17,-17,3601.5,818
2022-10-03 05:44:15,7,-3,3601.5,815
2022-10-03 05:44:19,10,-2,3601.25,813
2022-10-03 05:44:20,4,0,3601.25,813
2022-10-03 05:44:22,34,-26,3601.0,787
2022-10-03 05:44:24,23,-8,3601.0,779
2022-10-03 05:44:25,26,-10,3600.75,769
2022-10-03 05:44:26,7,-7,3600.75,762
2022-10-03 05:44:27,9,-8,3600.5,754
2022-10-03 05:44:28,24,-4,3600.25,750
2022-10-03 05:44:29,8,-2,3600.25,748
2022-10-03 05:44:31,2,-2,3600.0,746
2022-10-03 05:44:34,60,28,3600.75,774
2022-10-03 05:44:35,1,-1,3600.5,773
2022-10-03 05:44:36,12,6,3601.0,779
2022-10-03 05:44:37,12,12,3601.0,791
2022-10-03 05:44:38,1,-1,3600.75,790
2022-10-03 05:44:40,11,-6,3600.75,784
2022-10-03 05:44:42,5,2,3600.75,786
2022-10-03 05:44:43,5,-3,3600.75,783
2022-10-03 05:44:44,5,-1,3600.75,782
2022-10-03 05:44:46,6,-2,3600.5,780
2022-10-03 05:44:47,6,6,3601.0,786
2022-10-03 05:44:49,13,1,3601.0,787
2022-10-03 05:44:51,6,-2,3601.0,785
2022-10-03 05:44:52,1,-1,3600.75,784
2022-10-03 05:44:53,18,12,3601.0,796
2022-10-03 05:44:54,2,2,3601.25,798
2022-10-03 05:44:55,3,3,3601.25,801
2022-10-03 05:44:56,4,-4,3601.0,797
2022-10-03 05:44:57,11,-1,3601.25,796
2022-10-03 05:44:58,4,4,3601.25,800
2022-10-03 05:45:00,13,-1,3601.25,799
2022-10-03 05:45:01,7,4,3601.25,803
2022-10-03 05:45:03,15,4,3601.5,807
2022-10-03 05:45:05,12,-8,3601.5,799
2022-10-03 05:45:06,12,-4,3601.25,795
2022-10-03 05:45:07,9,9,3601.0,804
2022-10-03 05:45:10,32,18,3601.25,822
2022-10-03 05:45:11,3,-3,3601.0,819
2022-10-03 05:45:13,8,0,3600.75,819
2022-10-03 05:45:15,4,4,3601.0,823
2022-10-03 05:45:17,1,1,3601.25,824
2022-10-03 05:45:19,18,10,3601.25,834
2022-10-03 05:45:20,10,-5,3601.0,829
2022-10-03 05:45:23,14,8,3600.75,837
2022-10-03 05:45:25,9,-7,3600.5,830
2022-10-03 05:45:26,22,14,3600.5,844
2022-10-03 05:45:27,14,6,3600.5,850
2022-10-03 05:45:28,1,-1,3600.25,849
2022-10-03 05:45:31,1,-1,3600.25,848
2022-10-03 05:45:32,2,2,3600.5,850
2022-10-03 05:45:33,3,-1,3600.5,849
2022-10-03 05:45:34,13,-4,3600.25,845
2022-10-03 05:45:35,2,-2,3600.25,843
2022-10-03 05:45:41,11,11,3600.75,854
2022-10-03 05:45:42,2,-2,3600.5,852
2022-10-03 05:45:43,2,-2,3600.5,850
2022-10-03 05:45:44,4,3,3600.75,853
2022-10-03 05:45:45,2,-2,3600.5,851
2022-10-03 05:45:46,1,1,3600.5,852
2022-10-03 05:45:48,3,3,3600.5,855
2022-10-03 05:45:51,2,1,3600.75,856
2022-10-03 05:45:53,83,33,3601.5,889
2022-10-03 05:45:54,4,-4,3601.0,885
2022-10-03 05:45:55,4,4,3601.0,889
2022-10-03 05:45:59,23,-2,3601.0,887
2022-10-03 05:46:00,3,1,3601.0,888
2022-10-03 05:46:01,7,3,3601.0,891
2022-10-03 05:46:02,7,3,3601.0,894
2022-10-03 05:46:03,1,-1,3601.0,893
2022-10-03 05:46:04,14,12,3601.25,905
2022-10-03 05:46:05,1,1,3601.25,906
2022-10-03 05:46:06,6,3,3601.25,909
2022-10-03 05:46:07,1,1,3601.5,910
2022-10-03 05:46:09,12,5,3601.5,915
2022-10-03 05:46:10,21,5,3601.75,920
2022-10-03 05:46:11,12,-6,3601.75,914
2022-10-03 05:46:16,18,8,3601.5,922
2022-10-03 05:46:19,11,-2,3601.5,920
2022-10-03 05:46:20,8,-5,3601.5,915
2022-10-03 05:46:21,8,0,3601.5,915
2022-10-03 05:46:22,2,0,3601.5,915
2022-10-03 05:46:23,3,-3,3601.5,912
2022-10-03 05:46:26,13,-6,3601.25,906
2022-10-03 05:46:28,11,8,3601.25,914
2022-10-03 05:46:29,1,-1,3601.25,913
2022-10-03 05:46:35,8,-3,3601.25,910
2022-10-03 05:46:36,4,0,3601.25,910
2022-10-03 05:46:37,1,-1,3601.0,909
2022-10-03 05:46:40,6,4,3601.0,913
2022-10-03 05:46:42,7,3,3601.0,916
2022-10-03 05:46:43,1,-1,3600.75,915
2022-10-03 05:46:44,3,1,3601.0,916
2022-10-03 05:46:46,7,3,3601.0,919
2022-10-03 05:46:47,2,2,3601.0,921
2022-10-03 05:46:48,1,-1,3601.0,920
2022-10-03 05:46:51,2,2,3601.0,922
2022-10-03 05:46:52,1,-1,3601.0,921
2022-10-03 05:46:55,19,13,3601.25,934
2022-10-03 05:46:56,1,1,3601.5,935
2022-10-03 05:46:57,2,2,3601.5,937
2022-10-03 05:46:58,39,-12,3601.5,925
2022-10-03 05:47:01,4,-4,3601.0,921
2022-10-03 05:47:04,20,-3,3601.0,918
2022-10-03 05:47:05,17,-3,3600.5,915
2022-10-03 05:47:06,2,2,3600.75,917
2022-10-03 05:47:07,8,-4,3600.5,913
2022-10-03 05:47:08,1,1,3600.5,914
2022-10-03 05:47:10,18,-10,3600.25,904
2022-10-03 05:47:11,1,-1,3600.0,903
2022-10-03 05:47:14,10,6,3600.25,909
2022-10-03 05:47:15,1,-1,3600.0,908
2022-10-03 05:47:16,7,5,3600.25,913
2022-10-03 05:47:20,3,-3,3600.25,910
2022-10-03 05:47:21,3,2,3600.25,912
2022-10-03 05:47:23,8,-8,3600.25,904
2022-10-03 05:47:24,1,1,3600.25,905
2022-10-03 05:47:25,2,-2,3600.0,903
2022-10-03 05:47:26,1,-1,3600.0,902
2022-10-03 05:47:27,1,1,3600.25,903
2022-10-03 05:47:28,6,6,3600.25,909
2022-10-03 05:47:29,2,-2,3600.25,907
2022-10-03 05:47:33,1,1,3600.25,908
2022-10-03 05:47:34,12,-12,3600.0,896
2022-10-03 05:47:36,13,7,3600.0,903
2022-10-03 05:47:37,1,1,3600.0,904
2022-10-03 05:47:38,18,6,3600.25,910
2022-10-03 05:47:39,11,-8,3600.0,902
2022-10-03 05:47:43,4,4,3600.0,906
2022-10-03 05:47:44,11,-4,3599.75,902
2022-10-03 05:47:45,8,6,3599.75,908
2022-10-03 05:47:48,1,1,3600.0,909
2022-10-03 05:47:50,8,0,3599.75,909
2022-10-03 05:47:55,15,10,3600.25,919
2022-10-03 05:47:57,23,-6,3600.0,913
2022-10-03 05:47:58,2,0,3600.0,913
2022-10-03 05:48:00,9,1,3600.0,914
2022-10-03 05:48:01,10,-8,3600.25,906
2022-10-03 05:48:02,8,3,3600.25,909
2022-10-03 05:48:03,2,0,3600.0,909
2022-10-03 05:48:04,4,2,3600.0,911
2022-10-03 05:48:05,4,-4,3599.75,907
2022-10-03 05:48:07,11,-1,3600.0,906
2022-10-03 05:48:09,10,4,3600.0,910
2022-10-03 05:48:11,6,2,3600.0,912
2022-10-03 05:48:14,10,0,3600.0,912
2022-10-03 05:48:17,1,1,3600.0,913
2022-10-03 05:48:18,2,-2,3599.75,911
2022-10-03 05:48:19,1,1,3600.0,912
2022-10-03 05:48:20,5,5,3600.0,917
2022-10-03 05:48:22,2,2,3600.25,919
2022-10-03 05:48:24,10,7,3600.25,926
2022-10-03 05:48:25,12,-5,3600.25,921
2022-10-03 05:48:28,24,-5,3600.25,916
2022-10-03 05:48:29,3,-3,3600.0,913
2022-10-03 05:48:33,1,1,3600.0,914
2022-10-03 05:48:37,1,1,3600.0,915
2022-10-03 05:48:38,36,-12,3600.0,903
2022-10-03 05:48:39,11,0,3599.75,903
2022-10-03 05:48:40,8,6,3600.0,909
2022-10-03 05:48:41,2,-2,3600.0,907
2022-10-03 05:48:45,18,-7,3600.0,900
2022-10-03 05:48:46,3,-3,3599.75,897
2022-10-03 05:48:47,14,-7,3599.75,890
2022-10-03 05:48:49,18,3,3599.5,893
2022-10-03 05:48:53,8,1,3599.75,894
2022-10-03 05:48:56,4,-2,3599.5,892
2022-10-03 05:48:57,1,1,3599.75,893
2022-10-03 05:48:58,4,0,3599.75,893
2022-10-03 05:49:00,8,-8,3599.75,885
2022-10-03 05:49:01,2,2,3599.75,887
2022-10-03 05:49:02,6,-5,3599.75,882
2022-10-03 05:49:03,14,5,3600.0,887
2022-10-03 05:49:07,40,26,3600.75,913
2022-10-03 05:49:08,12,3,3601.0,916
2022-10-03 05:49:09,3,-1,3600.75,915
2022-10-03 05:49:12,13,1,3601.0,916
2022-10-03 05:49:13,2,0,3600.75,916
2022-10-03 05:49:14,1,1,3600.75,917
2022-10-03 05:49:15,1,1,3600.75,918
2022-10-03 05:49:16,5,-5,3600.75,913
2022-10-03 05:49:17,2,2,3600.5,915
2022-10-03 05:49:18,2,0,3600.5,915
2022-10-03 05:49:19,5,3,3600.5,918
2022-10-03 05:49:21,9,-5,3600.5,913
2022-10-03 05:49:25,8,-5,3600.25,908
2022-10-03 05:49:26,1,-1,3600.25,907
2022-10-03 05:49:27,1,-1,3600.25,906
2022-10-03 05:49:28,5,1,3600.5,907
2022-10-03 05:49:30,27,19,3601.0,926
2022-10-03 05:49:31,17,11,3601.25,937
2022-10-03 05:49:32,6,2,3601.5,939
2022-10-03 05:49:33,3,3,3601.5,942
2022-10-03 05:49:34,44,0,3601.5,942
2022-10-03 05:49:35,23,17,3601.5,959
2022-10-03 05:49:36,44,37,3602.0,996
2022-10-03 05:49:37,3,3,3601.5,999
2022-10-03 05:49:38,1,1,3601.75,1000
2022-10-03 05:49:40,39,-13,3601.75,987
2022-10-03 05:49:41,4,4,3601.25,991
2022-10-03 05:49:43,2,2,3601.25,993
2022-10-03 05:49:44,42,33,3601.5,1026
2022-10-03 05:49:48,2,-2,3601.25,1024
2022-10-03 05:49:50,11,7,3601.5,1031
2022-10-03 05:49:51,1,-1,3601.25,1030
2022-10-03 05:49:54,1,1,3601.5,1031
2022-10-03 05:49:55,6,3,3601.5,1034
2022-10-03 05:49:56,4,0,3601.5,1034
2022-10-03 05:49:57,1,1,3601.5,1035
2022-10-03 05:49:58,1,1,3601.5,1036
2022-10-03 05:49:59,9,-3,3601.25,1033
2022-10-03 05:50:00,16,-2,3601.0,1031
2022-10-03 05:50:01,14,12,3601.0,1043
2022-10-03 05:50:02,1,1,3601.25,1044
2022-10-03 05:50:04,2,2,3601.5,1046
2022-10-03 05:50:08,7,-6,3601.75,1040
2022-10-03 05:50:10,2,-2,3601.75,1038
2022-10-03 05:50:11,4,0,3601.75,1038
2022-10-03 05:50:13,4,3,3601.75,1041
2022-10-03 05:50:16,1,-1,3601.75,1040
2022-10-03 05:50:17,61,33,3603.0,1073
2022-10-03 05:50:19,14,-6,3602.75,1067
2022-10-03 05:50:20,2,-2,3602.75,1065
2022-10-03 05:50:21,3,1,3602.75,1066
2022-10-03 05:50:23,1,1,3602.75,1067
2022-10-03 05:50:24,1,1,3602.75,1068
2022-10-03 05:50:25,8,0,3602.75,1068
2022-10-03 05:50:26,3,-1,3602.25,1067
2022-10-03 05:50:27,1,-1,3602.25,1066
2022-10-03 05:50:29,2,-2,3602.25,1064
2022-10-03 05:50:30,3,1,3602.5,1065
2022-10-03 05:50:31,1,1,3602.5,1066
2022-10-03 05:50:32,5,-3,3602.25,1063
2022-10-03 05:50:33,2,2,3602.25,1065
2022-10-03 05:50:34,1,-1,3602.0,1064
2022-10-03 05:50:36,4,4,3602.25,1068
2022-10-03 05:50:40,13,-8,3602.25,1060
2022-10-03 05:50:41,1,1,3602.25,1061
2022-10-03 05:50:42,27,6,3602.75,1067
2022-10-03 05:50:43,5,-5,3602.75,1062
2022-10-03 05:50:44,1,1,3602.75,1063
2022-10-03 05:50:45,2,2,3603.0,1065
2022-10-03 05:50:46,26,7,3603.75,1072
2022-10-03 05:50:47,1,1,3603.5,1073
2022-10-03 05:50:48,17,0,3603.5,1073
2022-10-03 05:50:49,11,-3,3603.75,1070
2022-10-03 05:50:50,1,1,3603.75,1071
2022-10-03 05:50:51,2,-2,3603.5,1069
2022-10-03 05:50:52,1,-1,3603.5,1068
2022-10-03 05:50:54,12,11,3603.75,1079
2022-10-03 05:50:55,9,-8,3603.75,1071
2022-10-03 05:50:57,1,1,3603.75,1072
2022-10-03 05:50:59,8,-5,3603.5,1067
2022-10-03 05:51:00,4,4,3603.75,1071
2022-10-03 05:51:01,12,-10,3603.75,1061
2022-10-03 05:51:02,2,0,3603.5,1061
2022-10-03 05:51:03,9,-1,3603.25,1060
2022-10-03 05:51:09,19,7,3603.5,1067
2022-10-03 05:51:11,6,-6,3603.25,1061
2022-10-03 05:51:12,3,3,3603.25,1064
2022-10-03 05:51:13,2,-2,3603.25,1062
2022-10-03 05:51:14,1,-1,3603.0,1061
2022-10-03 05:51:16,2,-2,3603.0,1059
2022-10-03 05:51:18,14,-8,3603.0,1051
2022-10-03 05:51:19,13,1,3602.5,1052
2022-10-03 05:51:20,2,-2,3602.5,1050
2022-10-03 05:51:22,2,0,3602.5,1050
2022-10-03 05:51:25,18,-10,3602.5,1040
2022-10-03 05:51:28,1,1,3602.5,1041
2022-10-03 05:51:29,15,-11,3602.25,1030
2022-10-03 05:51:30,16,-11,3601.5,1019
2022-10-03 05:51:32,1,1,3601.75,1020
2022-10-03 05:51:34,9,-3,3601.5,1017
2022-10-03 05:51:35,1,1,3601.5,1018
2022-10-03 05:51:36,12,5,3601.75,1023
2022-10-03 05:51:38,1,1,3602.0,1024
2022-10-03 05:51:40,13,0,3602.0,1024
2022-10-03 05:51:42,15,6,3602.25,1030
2022-10-03 05:51:43,2,-2,3601.75,1028
2022-10-03 05:51:44,1,-1,3601.75,1027
2022-10-03 05:51:45,2,-2,3601.5,1025
2022-10-03 05:51:46,9,6,3602.0,1031
2022-10-03 05:51:49,6,-4,3601.75,1027
2022-10-03 05:51:50,2,-2,3601.75,1025
2022-10-03 05:51:51,19,-17,3601.75,1008
2022-10-03 05:51:52,11,-7,3601.25,1001
2022-10-03 05:51:53,3,3,3601.25,1004
2022-10-03 05:51:56,1,-1,3601.0,1003
2022-10-03 05:52:00,1,-1,3601.0,1002
2022-10-03 05:52:01,28,-12,3601.25,990
2022-10-03 05:52:02,3,-3,3600.5,987
2022-10-03 05:52:06,39,27,3601.0,1014
2022-10-03 05:52:07,4,-4,3600.5,1010
2022-10-03 05:52:08,4,-2,3600.5,1008
2022-10-03 05:52:09,3,-3,3600.5,1005
2022-10-03 05:52:11,3,-1,3600.5,1004
2022-10-03 05:52:12,19,12,3600.75,1016
2022-10-03 05:52:14,3,-1,3600.75,1015
2022-10-03 05:52:15,4,4,3601.0,1019
2022-10-03 05:52:17,1,-1,3601.0,1018
2022-10-03 05:52:19,4,-2,3601.0,1016
2022-10-03 05:52:22,3,-3,3600.75,1013
2022-10-03 05:52:25,7,5,3601.0,1018
2022-10-03 05:52:28,3,-3,3601.0,1015
2022-10-03 05:52:30,6,4,3601.25,1019
2022-10-03 05:52:32,13,0,3601.5,1019
2022-10-03 05:52:34,5,0,3601.5,1019
2022-10-03 05:52:35,2,0,3601.75,1019
2022-10-03 05:52:36,8,0,3602.0,1019
2022-10-03 05:52:37,9,-9,3602.0,1010
2022-10-03 05:52:38,3,-3,3602.0,1007
2022-10-03 05:52:39,5,2,3601.75,1009
2022-10-03 05:52:44,7,-5,3601.5,1004
2022-10-03 05:52:45,1,-1,3601.5,1003
2022-10-03 05:52:47,59,28,3601.75,1031
2022-10-03 05:52:49,4,-4,3601.75,1027
2022-10-03 05:52:51,12,4,3601.75,1031
2022-10-03 05:52:54,10,8,3602.0,1039
2022-10-03 05:52:57,8,2,3602.5,1041
2022-10-03 05:52:58,9,0,3602.5,1041
2022-10-03 05:53:00,4,-2,3602.5,1039
2022-10-03 05:53:02,11,-9,3602.25,1030
2022-10-03 05:53:03,10,2,3602.0,1032
2022-10-03 05:53:07,2,-2,3602.0,1030
2022-10-03 05:53:08,1,1,3602.25,1031
2022-10-03 05:53:09,4,-4,3602.0,1027
2022-10-03 05:53:17,1,1,3602.0,1028
2022-10-03 05:53:18,2,2,3602.0,1030
2022-10-03 05:53:19,4,-4,3602.0,1026
2022-10-03 05:53:21,3,3,3602.0,1029
2022-10-03 05:53:23,6,-6,3602.0,1023
2022-10-03 05:53:25,4,-2,3602.0,1021
2022-10-03 05:53:27,3,-3,3601.75,1018
2022-10-03 05:53:29,2,-2,3601.75,1016
2022-10-03 05:53:33,2,-2,3601.75,1014
2022-10-03 05:53:38,8,-6,3601.75,1008
2022-10-03 05:53:41,3,3,3601.75,1011
2022-10-03 05:53:42,2,-2,3601.75,1009
2022-10-03 05:53:43,1,-1,3601.5,1008
2022-10-03 05:53:48,12,11,3602.5,1019
2022-10-03 05:53:49,8,-2,3602.5,1017
2022-10-03 05:53:50,6,-2,3602.5,1015
2022-10-03 05:53:53,4,-2,3602.5,1013
2022-10-03 05:53:54,1,1,3602.25,1014
2022-10-03 05:53:55,2,2,3602.5,1016
2022-10-03 05:53:57,3,2,3602.5,1018
2022-10-03 05:53:58,3,-3,3602.5,1015
2022-10-03 05:53:59,2,-2,3602.5,1013
2022-10-03 05:54:01,1,1,3602.5,1014
2022-10-03 05:54:02,6,0,3602.25,1014
2022-10-03 05:54:04,64,30,3603.25,1044
2022-10-03 05:54:05,2,2,3603.25,1046
2022-10-03 05:54:07,12,6,3603.5,1052
2022-10-03 05:54:08,21,-15,3603.5,1037
2022-10-03 05:54:10,10,-5,3603.0,1032
2022-10-03 05:54:11,6,-4,3603.0,1028
2022-10-03 05:54:12,14,-3,3603.0,1025
2022-10-03 05:54:13,5,-5,3603.0,1020
2022-10-03 05:54:14,10,-3,3603.0,1017
2022-10-03 05:54:15,2,0,3603.0,1017
2022-10-03 05:54:16,1,-1,3603.0,1016
2022-10-03 05:54:17,1,-1,3603.0,1015
2022-10-03 05:54:18,18,7,3603.25,1022
2022-10-03 05:54:19,2,-2,3603.25,1020
2022-10-03 05:54:21,11,-5,3603.25,1015
2022-10-03 05:54:22,11,-3,3603.25,1012
2022-10-03 05:54:24,2,-2,3603.25,1010
2022-10-03 05:54:27,2,-2,3603.25,1008
2022-10-03 05:54:29,1,-1,3603.25,1007
2022-10-03 05:54:30,3,3,3603.5,1010
2022-10-03 05:54:32,3,1,3603.5,1011
2022-10-03 05:54:34,8,2,3603.25,1013
2022-10-03 05:54:35,13,-2,3603.25,1011
2022-10-03 05:54:36,1,-1,3603.5,1010
2022-10-03 05:54:38,1,1,3603.75,1011
2022-10-03 05:54:39,6,-3,3603.5,1008
2022-10-03 05:54:41,5,5,3603.5,1013
2022-10-03 05:54:42,2,-2,3603.5,1011
2022-10-03 05:54:44,2,2,3603.5,1013
2022-10-03 05:54:46,6,-5,3603.25,1008
2022-10-03 05:54:51,4,4,3603.25,1012
2022-10-03 05:54:57,1,1,3603.25,1013
2022-10-03 05:55:00,17,-16,3603.25,997
2022-10-03 05:55:01,5,3,3603.25,1000
2022-10-03 05:55:02,5,5,3603.5,1005
2022-10-03 05:55:03,1,-1,3603.25,1004
2022-10-03 05:55:04,9,6,3603.5,1010
2022-10-03 05:55:07,10,-3,3603.75,1007
2022-10-03 05:55:08,2,-2,3603.5,1005
2022-10-03 05:55:09,2,2,3603.75,1007
2022-10-03 05:55:10,23,28,3603.75,1035
2022-10-03 05:55:13,1,1,3603.75,1036
2022-10-03 05:55:15,4,4,3603.75,1040
2022-10-03 05:55:16,1,1,3603.75,1041
2022-10-03 05:55:18,24,16,3604.5,1057
2022-10-03 05:55:19,2,-2,3604.25,1055
2022-10-03 05:55:21,14,-5,3604.0,1050
2022-10-03 05:55:22,17,17,3604.25,1067
2022-10-03 05:55:24,7,-6,3604.0,1061
2022-10-03 05:55:25,8,-4,3604.0,1057
2022-10-03 05:55:26,1,1,3604.0,1058
2022-10-03 05:55:27,7,-4,3604.0,1054
2022-10-03 05:55:28,2,2,3604.0,1056
2022-10-03 05:55:29,2,-2,3603.75,1054
2022-10-03 05:55:30,74,15,3604.25,1069
2022-10-03 05:55:31,13,-7,3604.25,1062
2022-10-03 05:55:33,1,1,3604.25,1063
2022-10-03 05:55:34,4,-2,3604.25,1061
2022-10-03 05:55:36,4,2,3604.25,1063
2022-10-03 05:55:37,4,0,3604.25,1063
2022-10-03 05:55:38,9,-9,3604.0,1054
2022-10-03 05:55:42,17,-12,3604.0,1042
2022-10-03 05:55:43,2,2,3603.75,1044
2022-10-03 05:55:45,8,6,3603.75,1050
2022-10-03 05:55:47,3,-3,3603.75,1047
2022-10-03 05:55:48,7,7,3604.0,1054
2022-10-03 05:55:49,2,2,3604.0,1056
2022-10-03 05:55:50,2,-2,3604.0,1054
2022-10-03 05:55:51,2,-2,3604.0,1052
2022-10-03 05:55:52,4,4,3604.25,1056
2022-10-03 05:55:53,9,0,3604.5,1056
2022-10-03 05:55:54,3,-3,3604.25,1053
2022-10-03 05:55:57,16,12,3604.25,1065
2022-10-03 05:55:58,11,15,3604.25,1080
2022-10-03 05:56:01,6,2,3604.25,1082
2022-10-03 05:56:02,1,-1,3604.0,1081
2022-10-03 05:56:03,7,5,3604.25,1086
2022-10-03 05:56:04,32,-8,3604.0,1078
2022-10-03 05:56:05,13,4,3604.0,1082
2022-10-03 05:56:08,3,-3,3604.0,1079
2022-10-03 05:56:09,1,1,3604.0,1080
2022-10-03 05:56:12,1,1,3604.0,1081
2022-10-03 05:56:13,20,-6,3603.75,1075
2022-10-03 05:56:15,1,-1,3603.75,1074
2022-10-03 05:56:16,1,-1,3603.75,1073
2022-10-03 05:56:17,6,5,3603.75,1078
2022-10-03 05:56:18,14,14,3604.0,1092
2022-10-03 05:56:24,5,3,3604.5,1095
2022-10-03 05:56:25,1,-1,3604.0,1094
2022-10-03 05:56:27,2,2,3604.25,1096
2022-10-03 05:56:28,4,-4,3604.0,1092
2022-10-03 05:56:31,50,-4,3603.75,1088
2022-10-03 05:56:32,25,8,3603.75,1096
2022-10-03 05:56:33,1,-1,3603.75,1095
2022-10-03 05:56:39,11,-10,3603.5,1085
2022-10-03 05:56:40,1,1,3603.5,1086
2022-10-03 05:56:42,13,11,3603.75,1097
2022-10-03 05:56:43,4,2,3604.0,1099
2022-10-03 05:56:44,4,0,3603.75,1099
2022-10-03 05:56:48,10,-9,3603.75,1090
2022-10-03 05:56:49,2,-2,3603.75,1088
2022-10-03 05:56:52,8,4,3604.0,1092
2022-10-03 05:56:53,1,-1,3604.0,1091
2022-10-03 05:56:55,3,-3,3604.0,1088
2022-10-03 05:56:56,1,1,3604.0,1089
2022-10-03 05:56:57,2,2,3604.25,1091
2022-10-03 05:56:58,1,-1,3604.0,1090
2022-10-03 05:56:59,11,-2,3604.0,1088
2022-10-03 05:57:00,9,2,3603.75,1090
2022-10-03 05:57:08,4,-2,3603.5,1088
2022-10-03 05:57:09,1,1,3603.5,1089
2022-10-03 05:57:10,30,10,3603.5,1099
2022-10-03 05:57:11,21,19,3604.0,1118
2022-10-03 05:57:14,6,-6,3604.0,1112
2022-10-03 05:57:15,1,-1,3603.5,1111
2022-10-03 05:57:16,16,3,3603.75,1114
2022-10-03 05:57:17,1,1,3603.75,1115
2022-10-03 05:57:18,3,3,3603.75,1118
2022-10-03 05:57:21,4,-2,3603.75,1116
2022-10-03 05:57:25,58,10,3604.0,1126
2022-10-03 05:57:28,11,-9,3603.75,1117
2022-10-03 05:57:30,5,3,3603.5,1120
2022-10-03 05:57:34,1,-1,3603.25,1119
2022-10-03 05:57:35,5,3,3603.5,1122
2022-10-03 05:57:39,4,0,3603.25,1122
2022-10-03 05:57:41,1,-1,3603.25,1121
2022-10-03 05:57:42,4,2,3603.25,1123
2022-10-03 05:57:44,11,10,3603.5,1133
2022-10-03 05:57:45,1,1,3603.5,1134
2022-10-03 05:57:46,22,1,3603.75,1135
2022-10-03 05:57:47,14,8,3604.5,1143
2022-10-03 05:57:48,4,-2,3604.5,1141
2022-10-03 05:57:49,5,5,3604.5,1146
2022-10-03 05:57:51,9,9,3604.5,1155
2022-10-03 05:57:55,1,-1,3604.5,1154
2022-10-03 05:57:58,23,-7,3604.5,1147
2022-10-03 05:58:00,2,2,3604.75,1149
2022-10-03 05:58:01,18,3,3604.75,1152
2022-10-03 05:58:02,17,-4,3604.5,1148
2022-10-03 05:58:03,6,0,3604.5,1148
2022-10-03 05:58:09,7,-2,3604.0,1146
2022-10-03 05:58:11,9,7,3604.0,1153
2022-10-03 05:58:13,1,1,3604.0,1154
2022-10-03 05:58:14,11,-5,3604.0,1149
2022-10-03 05:58:16,6,4,3603.75,1153
2022-10-03 05:58:17,3,3,3603.75,1156
2022-10-03 05:58:19,1,1,3603.75,1157
2022-10-03 05:58:20,1,-1,3603.75,1156
2022-10-03 05:58:24,13,2,3603.75,1158
2022-10-03 05:58:26,2,-2,3603.75,1156
2022-10-03 05:58:31,3,-3,3603.75,1153
2022-10-03 05:58:32,5,1,3603.75,1154
2022-10-03 05:58:35,2,2,3603.75,1156
2022-10-03 05:58:36,2,-2,3603.75,1154
2022-10-03 05:58:37,3,3,3603.75,1157
2022-10-03 05:58:38,32,18,3604.0,1175
2022-10-03 05:58:39,7,4,3604.25,1179
2022-10-03 05:58:40,9,-4,3604.25,1175
2022-10-03 05:58:46,9,8,3604.5,1183
2022-10-03 05:58:47,14,-2,3604.75,1181
2022-10-03 05:58:48,5,1,3604.75,1182
2022-10-03 05:58:49,9,-9,3604.75,1173
2022-10-03 05:58:57,8,0,3604.25,1173
2022-10-03 05:58:58,1,-1,3604.25,1172
2022-10-03 05:59:01,5,3,3604.25,1175
2022-10-03 05:59:04,8,-4,3604.25,1171
2022-10-03 05:59:07,1,-1,3604.25,1170
2022-10-03 05:59:13,1,-1,3604.25,1169
2022-10-03 05:59:14,1,1,3604.25,1170
2022-10-03 05:59:19,11,2,3604.25,1172
2022-10-03 05:59:21,6,-2,3604.25,1170
2022-10-03 05:59:22,9,-5,3604.25,1165
2022-10-03 05:59:24,1,-1,3604.25,1164
2022-10-03 05:59:27,8,6,3604.5,1170
2022-10-03 05:59:28,1,1,3604.5,1171
2022-10-03 05:59:30,2,-2,3604.5,1169
2022-10-03 05:59:31,1,1,3604.5,1170
2022-10-03 05:59:32,6,-6,3604.25,1164
2022-10-03 05:59:35,11,-7,3604.0,1157
2022-10-03 05:59:37,322,104,3605.75,1261
2022-10-03 05:59:38,5,-1,3605.25,1260
2022-10-03 05:59:39,3,1,3605.25,1261
2022-10-03 05:59:40,1,1,3605.25,1262
2022-10-03 05:59:41,15,2,3605.0,1264
2022-10-03 05:59:42,20,6,3605.25,1270
2022-10-03 05:59:43,17,-12,3605.0,1258
2022-10-03 05:59:44,17,7,3605.5,1265
2022-10-03 05:59:45,9,-7,3605.25,1258
2022-10-03 05:59:46,5,3,3605.5,1261
2022-10-03 05:59:48,11,3,3605.25,1264
2022-10-03 05:59:49,7,0,3605.25,1264
2022-10-03 05:59:52,1,-1,3605.0,1263
2022-10-03 05:59:53,1,-1,3605.0,1262
2022-10-03 05:59:55,1,-1,3605.0,1261
2022-10-03 05:59:57,24,1,3605.5,1262
2022-10-03 05:59:59,1,-1,3605.0,1261
2022-10-03 06:00:01,18,-9,3605.25,1252
2022-10-03 06:00:02,1,-1,3605.0,1251
2022-10-03 06:00:03,5,-5,3604.75,1246
2022-10-03 06:00:05,6,2,3604.75,1248
2022-10-03 06:00:06,5,-3,3604.75,1245
2022-10-03 06:00:08,3,-3,3604.75,1242
2022-10-03 06:00:09,1,1,3604.75,1243
2022-10-03 06:00:10,6,0,3605.0,1243
2022-10-03 06:00:11,1,1,3604.75,1244
2022-10-03 06:00:12,7,1,3604.75,1245
2022-10-03 06:00:15,7,3,3604.75,1248
2022-10-03 06:00:20,2,-2,3604.75,1246
2022-10-03 06:00:21,3,1,3604.75,1247
2022-10-03 06:00:24,2,2,3604.75,1249
2022-10-03 06:00:26,15,-3,3604.5,1246
2022-10-03 06:00:27,4,-3,3604.5,1243
2022-10-03 06:00:30,3,-3,3604.5,1240
2022-10-03 06:00:31,1,1,3604.5,1241
2022-10-03 06:00:32,3,-3,3604.5,1238
2022-10-03 06:00:33,1,-1,3604.5,1237
2022-10-03 06:00:35,22,1,3604.75,1238
2022-10-03 06:00:37,22,9,3605.0,1247
2022-10-03 06:00:39,13,7,3605.5,1254
2022-10-03 06:00:40,17,13,3606.0,1267
2022-10-03 06:00:41,26,-16,3605.75,1251
2022-10-03 06:00:42,1,1,3605.75,1252
2022-10-03 06:00:43,7,2,3605.75,1254
2022-10-03 06:00:44,5,-2,3605.75,1252
2022-10-03 06:00:48,2,0,3605.75,1252
2022-10-03 06:00:49,3,-3,3605.75,1249
2022-10-03 06:00:51,2,-2,3605.5,1247
2022-10-03 06:00:52,15,-11,3605.75,1236
2022-10-03 06:00:53,1,1,3605.75,1237
2022-10-03 06:00:54,2,-2,3605.75,1235
2022-10-03 06:00:55,1,-1,3605.5,1234
2022-10-03 06:00:58,11,-10,3605.5,1224
2022-10-03 06:01:00,6,-3,3605.25,1221
2022-10-03 06:01:01,1,1,3605.25,1222
2022-10-03 06:01:02,13,9,3605.25,1231
2022-10-03 06:01:05,14,-9,3605.25,1222
2022-10-03 06:01:06,4,2,3605.25,1224
2022-10-03 06:01:08,3,3,3605.5,1227
2022-10-03 06:01:10,2,2,3605.75,1229
2022-10-03 06:01:11,3,3,3605.75,1232
2022-10-03 06:01:12,10,-9,3605.5,1223
2022-10-03 06:01:13,5,4,3605.5,1227
2022-10-03 06:01:17,8,-3,3605.5,1224
2022-10-03 06:01:23,5,-3,3605.5,1221
2022-10-03 06:01:26,38,24,3606.5,1245
2022-10-03 06:01:27,4,3,3606.5,1248
2022-10-03 06:01:28,2,2,3606.5,1250
2022-10-03 06:01:29,1,-1,3606.25,1249
2022-10-03 06:01:30,3,1,3606.25,1250
2022-10-03 06:01:31,4,-2,3606.25,1248
2022-10-03 06:01:33,81,30,3606.5,1278
2022-10-03 06:01:34,1,1,3605.75,1279
2022-10-03 06:01:40,38,-3,3605.5,1276
2022-10-03 06:01:41,15,2,3605.75,1278
2022-10-03 06:01:42,1,1,3605.75,1279
2022-10-03 06:01:44,3,1,3605.5,1280
2022-10-03 06:01:46,8,0,3605.5,1280
2022-10-03 06:01:47,16,12,3605.75,1292
2022-10-03 06:01:49,15,1,3605.75,1293
2022-10-03 06:01:54,1,-1,3605.5,1292
2022-10-03 06:01:55,38,-13,3605.5,1279
2022-10-03 06:01:56,9,-1,3605.25,1278
2022-10-03 06:01:59,20,-15,3605.0,1263
2022-10-03 06:02:02,16,-5,3604.75,1258
2022-10-03 06:02:03,10,-1,3604.5,1257
2022-10-03 06:02:04,34,-7,3604.25,1250
2022-10-03 06:02:05,13,0,3604.25,1250
2022-10-03 06:02:06,39,20,3604.75,1270
2022-10-03 06:02:07,2,2,3604.75,1272
2022-10-03 06:02:09,5,-4,3604.5,1268
2022-10-03 06:02:11,25,-10,3604.25,1258
2022-10-03 06:02:12,19,-4,3604.25,1254
2022-10-03 06:02:14,23,5,3604.25,1259
2022-10-03 06:02:16,2,-2,3604.0,1257
2022-10-03 06:02:17,8,4,3604.25,1261
2022-10-03 06:02:23,5,5,3604.25,1266
2022-10-03 06:02:24,5,1,3604.25,1267
2022-10-03 06:02:25,1,-1,3604.25,1266
2022-10-03 06:02:26,21,-2,3604.75,1264
2022-10-03 06:02:27,3,2,3604.75,1266
2022-10-03 06:02:28,17,1,3604.75,1267
2022-10-03 06:02:31,11,5,3605.0,1272
2022-10-03 06:02:32,20,-24,3605.25,1248
2022-10-03 06:02:33,12,12,3605.75,1260
2022-10-03 06:02:34,19,16,3606.0,1276
2022-10-03 06:02:37,7,-3,3606.0,1273
2022-10-03 06:02:38,19,5,3606.0,1278
2022-10-03 06:02:40,3,1,3606.0,1279
2022-10-03 06:02:41,2,2,3606.0,1281
2022-10-03 06:02:42,22,15,3606.25,1296
2022-10-03 06:02:43,7,-6,3606.0,1290
2022-10-03 06:02:45,12,10,3606.5,1300
2022-10-03 06:02:46,18,5,3606.5,1305
2022-10-03 06:02:47,5,5,3606.5,1310
2022-10-03 06:02:48,13,-7,3606.75,1303
2022-10-03 06:02:51,14,14,3606.75,1317
2022-10-03 06:02:52,47,-26,3606.5,1291
2022-10-03 06:02:54,5,5,3606.25,1296
2022-10-03 06:02:59,48,-18,3606.0,1278
2022-10-03 06:03:00,23,-11,3605.75,1267
2022-10-03 06:03:01,15,-8,3605.25,1259
2022-10-03 06:03:02,6,3,3605.0,1262
2022-10-03 06:03:03,1,1,3605.25,1263
2022-10-03 06:03:04,1,-1,3605.0,1262
2022-10-03 06:03:05,7,1,3605.0,1263
2022-10-03 06:03:09,9,-3,3604.75,1260
2022-10-03 06:03:10,12,-5,3604.75,1255
2022-10-03 06:03:11,13,5,3605.0,1260
2022-10-03 06:03:12,3,3,3605.0,1263
2022-10-03 06:03:13,10,-1,3605.0,1262
2022-10-03 06:03:15,6,4,3605.0,1266
2022-10-03 06:03:17,1,-1,3604.75,1265
2022-10-03 06:03:18,1,-1,3604.5,1264
2022-10-03 06:03:19,5,5,3604.75,1269
2022-10-03 06:03:20,3,-1,3604.75,1268
2022-10-03 06:03:21,2,0,3604.75,1268
2022-10-03 06:03:25,59,19,3606.25,1287
2022-10-03 06:03:27,1,1,3605.75,1288
2022-10-03 06:03:28,3,3,3605.75,1291
2022-10-03 06:03:29,5,0,3605.75,1291
2022-10-03 06:03:30,2,1,3605.75,1292
2022-10-03 06:03:31,3,3,3605.75,1295
2022-10-03 06:03:33,5,-1,3605.5,1294
2022-10-03 06:03:34,7,-4,3605.25,1290
2022-10-03 06:03:35,1,1,3605.5,1291
2022-10-03 06:03:39,2,2,3605.5,1293
2022-10-03 06:03:40,5,-4,3605.25,1289
2022-10-03 06:03:41,3,3,3605.25,1292
2022-10-03 06:03:44,2,2,3605.5,1294
2022-10-03 06:03:46,2,0,3605.5,1294
2022-10-03 06:03:48,3,3,3605.75,1297
2022-10-03 06:03:50,6,6,3606.0,1303
2022-10-03 06:03:51,18,-9,3606.0,1294
2022-10-03 06:03:52,6,3,3606.0,1297
2022-10-03 06:03:53,9,6,3606.5,1303
2022-10-03 06:03:54,11,-3,3606.25,1300
2022-10-03 06:03:55,7,-1,3606.25,1299
2022-10-03 06:03:56,6,-8,3606.25,1291
2022-10-03 06:03:59,7,3,3606.25,1294
2022-10-03 06:04:00,10,2,3606.25,1296
2022-10-03 06:04:01,3,3,3606.0,1299
2022-10-03 06:04:02,3,-1,3606.0,1298
2022-10-03 06:04:03,2,2,3606.0,1300
2022-10-03 06:04:04,15,7,3606.0,1307
2022-10-03 06:04:05,6,4,3606.25,1311
2022-10-03 06:04:10,15,11,3606.5,1322
2022-10-03 06:04:12,20,2,3606.75,1324
2022-10-03 06:04:13,35,15,3607.25,1339
2022-10-03 06:04:14,5,3,3607.25,1342
2022-10-03 06:04:15,4,-2,3607.25,1340
2022-10-03 06:04:16,1,1,3607.25,1341
2022-10-03 06:04:19,20,9,3607.5,1350
2022-10-03 06:04:21,2,2,3607.25,1352
2022-10-03 06:04:23,33,-14,3607.0,1338
2022-10-03 06:04:24,1,-1,3607.0,1337
2022-10-03 06:04:29,10,6,3607.25,1343
2022-10-03 06:04:30,10,0,3607.5,1343
2022-10-03 06:04:32,13,-1,3607.25,1342
2022-10-03 06:04:36,1,-1,3607.25,1341
2022-10-03 06:04:37,11,-3,3607.25,1338
2022-10-03 06:04:38,14,10,3607.5,1348
2022-10-03 06:04:40,1,1,3607.5,1349
2022-10-03 06:04:42,1,1,3607.5,1350
2022-10-03 06:04:43,5,-3,3607.5,1347
2022-10-03 06:04:44,1,1,3607.5,1348
2022-10-03 06:04:45,2,0,3607.5,1348
2022-10-03 06:04:46,19,-14,3607.5,1334
2022-10-03 06:04:47,4,0,3607.0,1334
2022-10-03 06:04:50,1,1,3607.0,1335
2022-10-03 06:04:51,3,-3,3607.0,1332
2022-10-03 06:04:52,1,-1,3607.0,1331
2022-10-03 06:04:54,3,-1,3607.0,1330
2022-10-03 06:04:55,3,-1,3607.25,1329
2022-10-03 06:04:58,6,2,3607.0,1331
2022-10-03 06:04:59,19,-5,3606.75,1326
2022-10-03 06:05:00,4,0,3606.75,1326
2022-10-03 06:05:01,14,-10,3606.75,1316
2022-10-03 06:05:02,4,4,3606.75,1320
2022-10-03 06:05:03,12,-4,3606.75,1316
2022-10-03 06:05:04,1,-1,3606.5,1315
2022-10-03 06:05:05,2,-2,3606.5,1313
2022-10-03 06:05:06,4,4,3606.5,1317
2022-10-03 06:05:08,8,4,3606.75,1321
2022-10-03 06:05:09,19,-10,3606.5,1311
2022-10-03 06:05:10,5,0,3606.25,1311
2022-10-03 06:05:12,2,-2,3606.25,1309
2022-10-03 06:05:13,6,-4,3606.0,1305
2022-10-03 06:05:14,2,0,3606.0,1305
2022-10-03 06:05:15,17,7,3606.25,1312
2022-10-03 06:05:16,6,3,3606.25,1315
2022-10-03 06:05:18,5,-1,3606.5,1314
2022-10-03 06:05:19,6,2,3606.75,1316
2022-10-03 06:05:20,16,-1,3606.75,1315
2022-10-03 06:05:23,2,0,3606.75,1315
2022-10-03 06:05:24,1,-1,3606.75,1314
2022-10-03 06:05:25,16,-9,3606.75,1305
2022-10-03 06:05:26,1,-1,3606.5,1304
2022-10-03 06:05:27,2,-2,3606.5,1302
2022-10-03 06:05:28,208,-118,3606.75,1184
2022-10-03 06:05:29,15,5,3605.75,1189
2022-10-03 06:05:30,103,9,3606.0,1198
2022-10-03 06:05:31,6,2,3606.25,1200
2022-10-03 06:05:32,33,20,3606.75,1220
2022-10-03 06:05:33,25,2,3606.75,1222
2022-10-03 06:05:35,48,2,3606.5,1224
2022-10-03 06:05:36,3,-3,3606.5,1221
2022-10-03 06:05:37,4,4,3606.5,1225
2022-10-03 06:05:39,13,0,3606.5,1225
2022-10-03 06:05:40,8,-6,3606.5,1219
2022-10-03 06:05:41,15,0,3606.25,1219
2022-10-03 06:05:46,13,-6,3606.25,1213
2022-10-03 06:05:49,29,-15,3606.25,1198
2022-10-03 06:05:50,1,1,3606.0,1199
2022-10-03 06:05:52,10,2,3605.75,1201
2022-10-03 06:05:53,30,-17,3605.5,1184
2022-10-03 06:05:54,20,-6,3605.5,1178
2022-10-03 06:05:55,9,0,3605.5,1178
2022-10-03 06:05:56,1,-1,3605.5,1177
2022-10-03 06:05:57,23,1,3605.75,1178
2022-10-03 06:05:59,11,-5,3605.5,1173
2022-10-03 06:06:00,10,-5,3605.5,1168
2022-10-03 06:06:01,28,-41,3605.25,1127
2022-10-03 06:06:02,83,-70,3605.0,1057
2022-10-03 06:06:03,3,-3,3604.5,1054
2022-10-03 06:06:04,8,4,3604.5,1058
2022-10-03 06:06:05,10,8,3604.75,1066
2022-10-03 06:06:07,2,-2,3604.75,1064
2022-10-03 06:06:10,15,7,3604.75,1071
2022-10-03 06:06:11,20,6,3604.75,1077
2022-10-03 06:06:13,4,2,3604.75,1079
2022-10-03 06:06:14,6,-6,3604.75,1073
2022-10-03 06:06:19,3,1,3604.75,1074
2022-10-03 06:06:23,6,0,3604.75,1074
2022-10-03 06:06:24,1,1,3604.75,1075
2022-10-03 06:06:25,2,-2,3604.75,1073
2022-10-03 06:06:27,2,-2,3604.75,1071
2022-10-03 06:06:29,5,4,3604.75,1075
2022-10-03 06:06:31,1,1,3605.0,1076
2022-10-03 06:06:32,16,16,3605.25,1092
2022-10-03 06:06:33,1,-1,3605.25,1091
2022-10-03 06:06:35,10,-4,3604.75,1087
2022-10-03 06:06:38,1,1,3604.75,1088
2022-10-03 06:06:39,5,-1,3604.75,1087
2022-10-03 06:06:41,12,4,3605.0,1091
2022-10-03 06:06:43,1,-1,3604.75,1090
2022-10-03 06:06:44,2,-2,3604.5,1088
2022-10-03 06:06:45,20,-9,3604.5,1079
2022-10-03 06:06:47,27,-13,3604.75,1066
2022-10-03 06:06:48,3,-3,3604.25,1063
2022-10-03 06:06:49,5,-1,3604.25,1062
2022-10-03 06:06:50,2,2,3604.75,1064
2022-10-03 06:06:51,15,4,3605.0,1068
2022-10-03 06:06:52,1,1,3605.25,1069
2022-10-03 06:06:59,14,-10,3605.25,1059
2022-10-03 06:07:00,11,3,3605.25,1062
2022-10-03 06:07:01,2,-2,3605.0,1060
2022-10-03 06:07:03,8,-8,3605.0,1052
2022-10-03 06:07:04,7,-2,3604.75,1050
2022-10-03 06:07:05,14,-11,3604.75,1039
2022-10-03 06:07:06,27,13,3605.0,1052
2022-10-03 06:07:08,2,-2,3605.0,1050
2022-10-03 06:07:10,15,-1,3605.0,1049
2022-10-03 06:07:13,10,-4,3605.25,1045
2022-10-03 06:07:17,20,-11,3605.0,1034
2022-10-03 06:07:19,2,2,3605.25,1036
2022-10-03 06:07:20,62,12,3606.0,1048
2022-10-03 06:07:21,7,5,3606.0,1053
2022-10-03 06:07:23,6,-2,3606.0,1051
2022-10-03 06:07:25,3,1,3606.0,1052
2022-10-03 06:07:27,3,-1,3606.0,1051
2022-10-03 06:07:29,6,-4,3605.75,1047
2022-10-03 06:07:30,15,7,3606.0,1054
2022-10-03 06:07:34,3,-3,3606.0,1051
2022-10-03 06:07:36,34,33,3606.0,1084
2022-10-03 06:07:37,1,1,3606.0,1085
2022-10-03 06:07:38,6,-6,3606.0,1079
2022-10-03 06:07:39,1,1,3606.25,1080
2022-10-03 06:07:41,3,3,3606.25,1083
2022-10-03 06:07:43,2,2,3606.25,1085
2022-10-03 06:07:46,7,-1,3606.0,1084
2022-10-03 06:07:48,5,0,3606.0,1084
2022-10-03 06:07:51,1,1,3606.25,1085
2022-10-03 06:07:53,1,1,3606.25,1086
2022-10-03 06:07:55,14,-12,3606.0,1074
2022-10-03 06:07:56,2,2,3605.75,1076
2022-10-03 06:07:57,3,3,3605.75,1079
2022-10-03 06:07:58,11,-5,3605.5,1074
2022-10-03 06:07:59,6,-6,3605.25,1068
2022-10-03 06:08:00,8,1,3605.25,1069
2022-10-03 06:08:01,7,1,3605.25,1070
2022-10-03 06:08:03,51,-20,3605.0,1050
2022-10-03 06:08:06,5,-5,3604.75,1045
2022-10-03 06:08:07,18,7,3604.75,1052
2022-10-03 06:08:10,47,17,3605.25,1069
2022-10-03 06:08:15,6,4,3605.5,1073
2022-10-03 06:08:16,3,-2,3605.25,1071
2022-10-03 06:08:17,6,-6,3605.25,1065
2022-10-03 06:08:19,3,-3,3605.0,1062
2022-10-03 06:08:21,6,2,3605.0,1064
2022-10-03 06:08:22,2,0,3605.25,1064
2022-10-03 06:08:23,1,1,3605.0,1065
2022-10-03 06:08:24,7,-1,3605.0,1064
2022-10-03 06:08:27,1,1,3605.0,1065
2022-10-03 06:08:31,3,3,3605.0,1068
2022-10-03 06:08:32,4,-4,3605.0,1064
2022-10-03 06:08:33,1,1,3605.0,1065
2022-10-03 06:08:37,4,-4,3604.75,1061
2022-10-03 06:08:38,3,-3,3604.75,1058
2022-10-03 06:08:39,4,-1,3604.75,1057
2022-10-03 06:08:40,8,2,3604.75,1059
2022-10-03 06:08:46,3,-3,3604.75,1056
2022-10-03 06:08:47,2,2,3604.75,1058
2022-10-03 06:08:50,6,0,3604.75,1058
2022-10-03 06:08:51,1,-1,3604.75,1057
2022-10-03 06:08:52,3,3,3604.75,1060
2022-10-03 06:08:54,2,-2,3604.75,1058
2022-10-03 06:08:55,1,-1,3604.75,1057
2022-10-03 06:09:00,16,9,3605.5,1066
2022-10-03 06:09:01,4,2,3605.25,1068
2022-10-03 06:09:02,1,1,3605.5,1069
2022-10-03 06:09:03,3,-1,3605.5,1068
2022-10-03 06:09:04,3,-3,3605.5,1065
2022-10-03 06:09:05,21,-3,3606.0,1062
2022-10-03 06:09:06,5,-3,3606.0,1059
2022-10-03 06:09:07,1,-1,3605.75,1058
2022-10-03 06:09:09,4,2,3606.0,1060
2022-10-03 06:09:10,3,-3,3606.0,1057
2022-10-03 06:09:11,1,1,3606.0,1058
2022-10-03 06:09:13,1,1,3606.0,1059
2022-10-03 06:09:24,13,-4,3605.75,1055
2022-10-03 06:09:27,10,10,3605.75,1065
2022-10-03 06:09:29,3,1,3606.0,1066
2022-10-03 06:09:30,5,-1,3606.0,1065
2022-10-03 06:09:32,5,5,3606.0,1070
2022-10-03 06:09:33,13,4,3606.25,1074
2022-10-03 06:09:34,2,-2,3606.0,1072
2022-10-03 06:09:35,2,2,3606.0,1074
2022-10-03 06:09:36,4,-1,3606.25,1073
2022-10-03 06:09:37,2,-2,3605.75,1071
2022-10-03 06:09:38,5,3,3606.0,1074
2022-10-03 06:09:39,3,-3,3605.75,1071
2022-10-03 06:09:40,5,3,3606.0,1074
2022-10-03 06:09:41,1,1,3606.0,1075
2022-10-03 06:09:43,4,0,3605.75,1075
2022-10-03 06:09:45,4,4,3606.0,1079
2022-10-03 06:09:46,1,1,3606.0,1080
2022-10-03 06:09:48,3,-3,3606.0,1077
2022-10-03 06:09:49,13,-6,3605.5,1071
2022-10-03 06:09:54,2,3,3606.0,1074
2022-10-03 06:09:58,2,-2,3606.0,1072
2022-10-03 06:09:59,11,-11,3605.75,1061
2022-10-03 06:10:00,2,2,3605.75,1063
2022-10-03 06:10:01,3,3,3605.75,1066
2022-10-03 06:10:02,1,-1,3605.5,1065
2022-10-03 06:10:04,3,3,3605.75,1068
2022-10-03 06:10:05,1,1,3605.75,1069
2022-10-03 06:10:06,8,7,3606.0,1076
2022-10-03 06:10:07,1,-1,3606.0,1075
2022-10-03 06:10:08,3,-3,3606.0,1072
2022-10-03 06:10:12,18,10,3606.5,1082
2022-10-03 06:10:13,13,-7,3606.5,1075
2022-10-03 06:10:14,1,1,3606.5,1076
2022-10-03 06:10:18,9,5,3606.75,1081
2022-10-03 06:10:19,26,-40,3606.75,1041
2022-10-03 06:10:20,1,1,3606.25,1042
2022-10-03 06:10:26,2,-2,3606.0,1040
2022-10-03 06:10:28,1,-1,3606.25,1039
2022-10-03 06:10:30,8,-3,3606.25,1036
2022-10-03 06:10:31,9,8,3606.0,1044
2022-10-03 06:10:34,4,4,3606.0,1048
2022-10-03 06:10:38,4,-4,3606.25,1044
2022-10-03 06:10:39,3,-3,3606.0,1041
2022-10-03 06:10:40,2,2,3606.0,1043
2022-10-03 06:10:42,8,-2,3606.0,1041
2022-10-03 06:10:51,1,1,3606.25,1042
2022-10-03 06:10:55,6,0,3606.5,1042
2022-10-03 06:10:56,2,2,3606.5,1044
2022-10-03 06:10:57,1,-1,3606.5,1043
2022-10-03 06:10:58,1,-1,3606.5,1042
2022-10-03 06:11:02,10,-3,3606.75,1039
2022-10-03 06:11:03,1,-1,3606.75,1038
2022-10-03 06:11:04,2,-2,3606.75,1036
2022-10-03 06:11:06,1,1,3606.75,1037
2022-10-03 06:11:08,8,0,3607.0,1037
2022-10-03 06:11:09,33,20,3607.0,1057
2022-10-03 06:11:12,14,-10,3606.75,1047
2022-10-03 06:11:14,6,-6,3606.5,1041
2022-10-03 06:11:15,4,0,3606.5,1041
2022-10-03 06:11:19,15,-9,3606.5,1032
2022-10-03 06:11:23,1,1,3606.75,1033
2022-10-03 06:11:24,8,5,3606.75,1038
2022-10-03 06:11:25,4,0,3607.0,1038
2022-10-03 06:11:26,2,2,3607.25,1040
2022-10-03 06:11:27,4,-1,3607.0,1039
2022-10-03 06:11:28,4,2,3607.25,1041
2022-10-03 06:11:29,4,-2,3607.0,1039
2022-10-03 06:11:30,9,-2,3607.25,1037
2022-10-03 06:11:31,1,1,3607.25,1038
2022-10-03 06:11:32,5,3,3607.25,1041
2022-10-03 06:11:35,5,5,3607.25,1046
2022-10-03 06:11:36,7,3,3607.25,1049
2022-10-03 06:11:37,284,197,3608.75,1246
2022-10-03 06:11:39,18,4,3607.75,1250
2022-10-03 06:11:40,9,1,3607.75,1251
2022-10-03 06:11:41,11,9,3608.0,1260
2022-10-03 06:11:42,5,-2,3608.0,1258
2022-10-03 06:11:43,17,8,3608.25,1266
2022-10-03 06:11:44,12,10,3608.25,1276
2022-10-03 06:11:46,7,-5,3608.25,1271
2022-10-03 06:11:47,16,4,3608.5,1275
2022-10-03 06:11:48,1,1,3608.5,1276
2022-10-03 06:11:49,15,3,3608.5,1279
2022-10-03 06:11:51,14,12,3608.75,1291
2022-10-03 06:11:52,77,49,3609.25,1340
2022-10-03 06:11:53,25,-5,3609.25,1335
2022-10-03 06:11:54,2,2,3609.25,1337
2022-10-03 06:11:56,4,4,3609.5,1341
2022-10-03 06:11:57,13,1,3609.5,1342
2022-10-03 06:11:58,15,7,3609.5,1349
2022-10-03 06:11:59,25,1,3609.5,1350
2022-10-03 06:12:00,4,-2,3609.25,1348
2022-10-03 06:12:01,3,3,3609.25,1351
2022-10-03 06:12:03,37,4,3609.5,1355
2022-10-03 06:12:04,14,8,3609.25,1363
2022-10-03 06:12:05,53,-16,3609.75,1347
2022-10-03 06:12:06,1,-1,3609.25,1346
2022-10-03 06:12:07,10,13,3609.5,1359
2022-10-03 06:12:08,23,-5,3609.25,1354
2022-10-03 06:12:09,1,-1,3609.25,1353
2022-10-03 06:12:14,6,6,3609.5,1359
2022-10-03 06:12:15,7,5,3609.5,1364
2022-10-03 06:12:17,1,1,3609.5,1365
2022-10-03 06:12:20,13,-8,3609.25,1357
2022-10-03 06:12:21,5,-5,3609.0,1352
2022-10-03 06:12:23,33,-22,3609.0,1330
2022-10-03 06:12:24,8,0,3608.5,1330
2022-10-03 06:12:25,7,-1,3608.75,1329
2022-10-03 06:12:26,4,2,3608.75,1331
2022-10-03 06:12:27,3,3,3608.75,1334
2022-10-03 06:12:28,7,1,3608.75,1335
2022-10-03 06:12:29,15,3,3609.25,1338
2022-10-03 06:12:30,2,1,3609.0,1339
2022-10-03 06:12:32,3,3,3609.0,1342
2022-10-03 06:12:34,3,1,3609.25,1343
2022-10-03 06:12:35,9,-7,3609.25,1336
2022-10-03 06:12:37,3,-1,3608.75,1335
2022-10-03 06:12:38,1,1,3608.75,1336
2022-10-03 06:12:41,3,1,3608.75,1337
2022-10-03 06:12:45,1,-1,3608.75,1336
2022-10-03 06:12:47,5,-3,3608.75,1333
2022-10-03 06:12:48,14,-1,3608.75,1332
2022-10-03 06:12:49,3,-1,3608.75,1331
2022-10-03 06:12:50,5,5,3608.75,1336
2022-10-03 06:12:52,2,0,3608.5,1336
2022-10-03 06:12:53,47,16,3609.0,1352
2022-10-03 06:12:54,7,0,3609.0,1352
2022-10-03 06:12:55,3,1,3609.0,1353
2022-10-03 06:12:58,4,4,3609.0,1357
2022-10-03 06:13:01,17,-11,3608.75,1346
2022-10-03 06:13:02,2,2,3608.5,1348
2022-10-03 06:13:03,1,1,3608.75,1349
2022-10-03 06:13:05,2,-2,3608.75,1347
2022-10-03 06:13:10,8,-7,3608.5,1340
2022-10-03 06:13:11,3,1,3608.25,1341
2022-10-03 06:13:12,2,-2,3608.25,1339
2022-10-03 06:13:15,2,-2,3608.25,1337
2022-10-03 06:13:16,4,-4,3608.25,1333
2022-10-03 06:13:20,34,-14,3608.5,1319
2022-10-03 06:13:21,67,-81,3607.75,1238
2022-10-03 06:13:22,17,2,3607.25,1240
2022-10-03 06:13:23,1,-1,3607.25,1239
2022-10-03 06:13:24,8,-3,3607.5,1236
2022-10-03 06:13:25,3,1,3607.25,1237
2022-10-03 06:13:27,3,2,3607.25,1239
2022-10-03 06:13:30,16,1,3607.25,1240
2022-10-03 06:13:31,3,-1,3607.25,1239
2022-10-03 06:13:32,5,-3,3607.0,1236
2022-10-03 06:13:33,8,-8,3607.0,1228
2022-10-03 06:13:36,10,14,3607.25,1242
2022-10-03 06:13:37,3,1,3607.25,1243
2022-10-03 06:13:38,7,3,3607.25,1246
2022-10-03 06:13:39,2,0,3607.25,1246
2022-10-03 06:13:40,9,-5,3607.25,1241
2022-10-03 06:13:44,2,2,3607.5,1243
2022-10-03 06:13:47,21,12,3607.75,1255
2022-10-03 06:13:48,10,4,3607.75,1259
2022-10-03 06:13:52,26,-3,3607.5,1256
2022-10-03 06:13:56,2,2,3607.5,1258
2022-10-03 06:13:58,4,1,3607.5,1259
2022-10-03 06:13:59,1,-1,3607.5,1258
2022-10-03 06:14:00,3,-3,3607.5,1255
2022-10-03 06:14:01,5,-1,3607.5,1254
2022-10-03 06:14:05,1,-1,3607.25,1253
2022-10-03 06:14:07,3,-3,3607.25,1250
2022-10-03 06:14:09,1,-1,3607.0,1249
2022-10-03 06:14:10,2,-2,3607.0,1247
2022-10-03 06:14:13,2,-2,3607.0,1245
2022-10-03 06:14:15,32,-29,3606.75,1216
2022-10-03 06:14:16,8,5,3606.5,1221
2022-10-03 06:14:18,12,0,3606.5,1221
2022-10-03 06:14:20,21,15,3606.75,1236
2022-10-03 06:14:21,21,-7,3606.25,1229
2022-10-03 06:14:23,38,-17,3606.0,1212
2022-10-03 06:14:24,13,2,3605.75,1214
2022-10-03 06:14:26,2,-2,3605.75,1212
2022-10-03 06:14:28,5,1,3606.0,1213
2022-10-03 06:14:29,9,-5,3605.75,1208
2022-10-03 06:14:30,1,-1,3605.75,1207
2022-10-03 06:14:34,9,1,3605.5,1208
2022-10-03 06:14:36,3,-3,3605.5,1205
2022-10-03 06:14:37,9,4,3605.75,1209
2022-10-03 06:14:38,18,-10,3605.5,1199
2022-10-03 06:14:39,6,2,3605.5,1201
2022-10-03 06:14:40,6,1,3605.5,1202
2022-10-03 06:14:42,7,3,3605.5,1205
2022-10-03 06:14:44,1,1,3605.5,1206
2022-10-03 06:14:45,2,-2,3605.25,1204
2022-10-03 06:14:46,11,7,3605.5,1211
2022-10-03 06:14:47,1,1,3605.5,1212
2022-10-03 06:14:48,1,1,3605.5,1213
2022-10-03 06:14:50,1,-1,3605.25,1212
2022-10-03 06:14:51,2,0,3605.25,1212
2022-10-03 06:14:52,6,-2,3605.25,1210
2022-10-03 06:14:53,5,-2,3605.25,1208
2022-10-03 06:14:54,3,1,3605.25,1209
2022-10-03 06:14:57,8,3,3605.5,1212
2022-10-03 06:14:59,2,0,3605.25,1212
2022-10-03 06:15:01,10,-4,3605.25,1208
2022-10-03 06:15:03,5,2,3605.5,1210
2022-10-03 06:15:04,12,4,3605.5,1214
2022-10-03 06:15:06,15,-5,3605.5,1209
2022-10-03 06:15:07,3,-1,3605.0,1208
2022-10-03 06:15:09,2,-2,3605.0,1206
2022-10-03 06:15:10,1,-1,3605.0,1205
2022-10-03 06:15:11,1,-1,3605.0,1204
2022-10-03 06:15:15,4,-6,3604.75,1198
2022-10-03 06:15:16,102,-26,3604.5,1172
2022-10-03 06:15:17,18,8,3604.5,1180
2022-10-03 06:15:19,4,2,3604.5,1182
2022-10-03 06:15:20,3,3,3604.75,1185
2022-10-03 06:15:22,4,-4,3604.5,1181
2022-10-03 06:15:23,4,4,3604.25,1185
2022-10-03 06:15:24,8,8,3604.75,1193
2022-10-03 06:15:25,1,-1,3604.5,1192
2022-10-03 06:15:28,3,-1,3604.5,1191
2022-10-03 06:15:36,5,3,3604.5,1194
2022-10-03 06:15:37,1,-1,3604.25,1193
2022-10-03 06:15:38,13,-5,3604.25,1188
2022-10-03 06:15:40,1,1,3604.25,1189
2022-10-03 06:15:41,3,-3,3604.25,1186
2022-10-03 06:15:42,13,-2,3604.25,1184
2022-10-03 06:15:43,2,-2,3604.25,1182
2022-10-03 06:15:44,7,7,3604.5,1189
2022-10-03 06:15:49,8,1,3604.5,1190
2022-10-03 06:15:50,1,1,3604.5,1191
2022-10-03 06:15:51,3,-3,3604.5,1188
2022-10-03 06:15:52,12,-5,3604.5,1183
2022-10-03 06:15:53,8,8,3604.5,1191
2022-10-03 06:15:56,1,-1,3604.5,1190
2022-10-03 06:15:57,6,6,3604.75,1196
2022-10-03 06:16:00,1,1,3604.75,1197
2022-10-03 06:16:01,8,6,3604.75,1203
2022-10-03 06:16:02,9,-7,3604.75,1196
2022-10-03 06:16:06,2,2,3604.75,1198
2022-10-03 06:16:09,2,2,3604.75,1200
2022-10-03 06:16:10,5,-6,3604.5,1194
2022-10-03 06:16:11,3,1,3604.5,1195
2022-10-03 06:16:13,3,3,3604.5,1198
2022-10-03 06:16:14,4,0,3604.75,1198
2022-10-03 06:16:15,4,-4,3604.75,1194
2022-10-03 06:16:17,6,6,3604.75,1200
2022-10-03 06:16:18,25,-37,3604.75,1163
2022-10-03 06:16:20,7,-1,3604.5,1162
2022-10-03 06:16:22,2,-2,3604.5,1160
2022-10-03 06:16:23,6,0,3604.75,1160
2022-10-03 06:16:25,5,1,3604.75,1161
2022-10-03 06:16:26,2,2,3605.0,1163
2022-10-03 06:16:30,20,10,3605.25,1173
2022-10-03 06:16:31,3,-3,3605.25,1170
2022-10-03 06:16:32,2,-2,3605.0,1168
2022-10-03 06:16:34,2,2,3605.25,1170
2022-10-03 06:16:37,6,4,3605.25,1174
2022-10-03 06:16:39,1,-1,3605.25,1173
2022-10-03 06:16:40,1,-1,3605.0,1172
2022-10-03 06:16:43,2,-2,3605.0,1170
2022-10-03 06:16:44,1,-1,3605.0,1169
2022-10-03 06:16:47,2,-2,3604.75,1167
2022-10-03 06:16:50,21,-7,3604.75,1160
2022-10-03 06:16:51,4,4,3605.25,1164
2022-10-03 06:16:52,5,5,3605.5,1169
2022-10-03 06:16:54,3,1,3605.5,1170
2022-10-03 06:16:55,6,-6,3605.5,1164
2022-10-03 06:16:56,8,4,3605.75,1168
2022-10-03 06:16:58,5,5,3605.75,1173
2022-10-03 06:16:59,3,-3,3605.5,1170
2022-10-03 06:17:01,7,-5,3605.5,1165
2022-10-03 06:17:02,2,-2,3605.25,1163
2022-10-03 06:17:03,1,1,3605.25,1164
2022-10-03 06:17:05,2,0,3605.25,1164
2022-10-03 06:17:09,3,-3,3605.0,1161
2022-10-03 06:17:10,4,2,3605.25,1163
2022-10-03 06:17:11,1,-1,3605.25,1162
2022-10-03 06:17:13,4,2,3605.25,1164
2022-10-03 06:17:14,1,-1,3605.0,1163
2022-10-03 06:17:15,2,2,3605.0,1165
2022-10-03 06:17:16,12,4,3605.25,1169
2022-10-03 06:17:18,6,-8,3605.0,1161
2022-10-03 06:17:21,4,4,3605.0,1165
2022-10-03 06:17:22,2,-2,3605.0,1163
2022-10-03 06:17:23,1,-1,3604.75,1162
2022-10-03 06:17:25,20,34,3605.25,1196
2022-10-03 06:17:27,4,-2,3605.0,1194
2022-10-03 06:17:28,5,-5,3605.0,1189
2022-10-03 06:17:29,2,0,3605.0,1189
2022-10-03 06:17:31,1,-1,3605.0,1188
2022-10-03 06:17:33,3,3,3605.0,1191
2022-10-03 06:17:35,14,9,3605.0,1200
2022-10-03 06:17:36,1,-1,3605.0,1199
2022-10-03 06:17:38,13,-4,3605.0,1195
2022-10-03 06:17:39,4,0,3605.0,1195
2022-10-03 06:17:43,2,0,3605.0,1195
2022-10-03 06:17:47,1,-1,3605.0,1194
2022-10-03 06:17:50,10,5,3605.25,1199
2022-10-03 06:17:51,4,0,3605.25,1199
2022-10-03 06:17:52,1,1,3605.25,1200
2022-10-03 06:17:53,7,1,3605.25,1201
2022-10-03 06:17:54,6,-1,3605.25,1200
2022-10-03 06:17:58,1,-1,3605.25,1199
2022-10-03 06:17:59,1,-1,3605.25,1198
2022-10-03 06:18:00,10,-2,3605.0,1196
2022-10-03 06:18:01,4,-4,3604.75,1192
2022-10-03 06:18:02,2,2,3605.0,1194
2022-10-03 06:18:03,5,1,3605.0,1195
2022-10-03 06:18:06,9,-5,3604.75,1190
2022-10-03 06:18:07,3,3,3604.5,1193
2022-10-03 06:18:08,1,-1,3604.5,1192
2022-10-03 06:18:09,6,6,3605.0,1198
2022-10-03 06:18:10,1,1,3605.25,1199
2022-10-03 06:18:12,2,-2,3605.25,1197
2022-10-03 06:18:13,3,3,3605.25,1200
2022-10-03 06:18:15,4,0,3605.25,1200
2022-10-03 06:18:16,3,1,3605.25,1201
2022-10-03 06:18:17,1,1,3605.25,1202
2022-10-03 06:18:19,1,1,3605.25,1203
2022-10-03 06:18:20,1,1,3605.25,1204
2022-10-03 06:18:21,3,-3,3605.25,1201
2022-10-03 06:18:23,9,-7,3605.0,1194
2022-10-03 06:18:24,2,0,3604.5,1194
2022-10-03 06:18:25,5,1,3604.5,1195
2022-10-03 06:18:34,4,-4,3604.25,1191
2022-10-03 06:18:35,2,0,3604.25,1191
2022-10-03 06:18:39,7,-1,3604.25,1190
2022-10-03 06:18:41,49,-20,3604.0,1170
2022-10-03 06:18:43,54,15,3604.25,1185
2022-10-03 06:18:45,2,2,3604.25,1187
2022-10-03 06:18:46,2,-2,3604.25,1185
2022-10-03 06:18:48,3,-1,3604.25,1184
2022-10-03 06:18:49,16,-16,3604.25,1168
2022-10-03 06:18:50,4,2,3604.0,1170
2022-10-03 06:18:53,12,1,3604.25,1171
2022-10-03 06:18:54,4,0,3604.25,1171
2022-10-03 06:18:57,1,-1,3604.0,1170
2022-10-03 06:18:58,2,-1,3604.0,1169
2022-10-03 06:18:59,6,-6,3604.0,1163
2022-10-03 06:19:00,7,5,3604.0,1168
2022-10-03 06:19:01,3,3,3604.0,1171
2022-10-03 06:19:02,5,-5,3603.75,1166
2022-10-03 06:19:03,4,2,3604.0,1168
2022-10-03 06:19:04,3,-2,3603.75,1166
2022-10-03 06:19:05,3,-3,3603.75,1163
2022-10-03 06:19:06,3,3,3604.0,1166
2022-10-03 06:19:07,1,-1,3604.0,1165
2022-10-03 06:19:08,1,1,3604.25,1166
2022-10-03 06:19:12,4,-4,3604.0,1162
2022-10-03 06:19:16,1,1,3603.75,1163
2022-10-03 06:19:19,1,1,3603.75,1164
2022-10-03 06:19:20,4,2,3603.75,1166
2022-10-03 06:19:23,10,6,3604.25,1172
2022-10-03 06:19:25,8,6,3604.5,1178
2022-10-03 06:19:26,7,1,3604.75,1179
2022-10-03 06:19:27,54,13,3605.5,1192
2022-10-03 06:19:28,1,1,3605.5,1193
2022-10-03 06:19:29,3,1,3605.5,1194
2022-10-03 06:19:30,14,-3,3605.25,1191
2022-10-03 06:19:31,6,-3,3605.0,1188
2022-10-03 06:19:37,1,1,3605.0,1189
2022-10-03 06:19:38,13,-9,3605.0,1180
2022-10-03 06:19:41,1,1,3605.0,1181
2022-10-03 06:19:43,10,2,3605.25,1183
2022-10-03 06:19:47,4,0,3605.25,1183
2022-10-03 06:19:49,1,1,3605.25,1184
2022-10-03 06:19:52,6,6,3605.25,1190
2022-10-03 06:19:53,3,-3,3605.25,1187
2022-10-03 06:19:55,1,-1,3605.25,1186
2022-10-03 06:19:58,12,1,3605.75,1187
2022-10-03 06:19:59,20,16,3606.0,1203
2022-10-03 06:20:00,5,2,3606.25,1205
2022-10-03 06:20:01,28,1,3606.25,1206
2022-10-03 06:20:02,1,1,3606.25,1207
2022-10-03 06:20:03,9,-5,3606.25,1202
2022-10-03 06:20:04,5,1,3606.5,1203
2022-10-03 06:20:05,4,4,3606.5,1207
2022-10-03 06:20:06,17,8,3606.5,1215
2022-10-03 06:20:07,1,1,3606.5,1216
2022-10-03 06:20:08,9,-1,3606.75,1215
2022-10-03 06:20:09,14,-4,3606.75,1211
2022-10-03 06:20:10,1,1,3606.5,1212
2022-10-03 06:20:11,16,10,3606.75,1222
2022-10-03 06:20:12,7,-2,3606.75,1220
2022-10-03 06:20:13,12,-6,3606.5,1214
2022-10-03 06:20:14,1,-1,3606.5,1213
2022-10-03 06:20:15,34,-13,3606.25,1200
2022-10-03 06:20:16,10,1,3606.25,1201
2022-10-03 06:20:17,2,-2,3606.25,1199
2022-10-03 06:20:22,15,-9,3606.0,1190
2022-10-03 06:20:23,1,-1,3606.0,1189
2022-10-03 06:20:26,30,-5,3606.0,1184
2022-10-03 06:20:27,12,-8,3605.5,1176
2022-10-03 06:20:28,5,1,3605.5,1177
2022-10-03 06:20:29,14,10,3606.0,1187
2022-10-03 06:20:30,13,-7,3605.75,1180
2022-10-03 06:20:32,1,1,3605.5,1181
2022-10-03 06:20:36,2,2,3605.75,1183
2022-10-03 06:20:37,9,-7,3605.75,1176
2022-10-03 06:20:39,1,1,3605.5,1177
2022-10-03 06:20:47,5,3,3605.5,1180
2022-10-03 06:20:49,12,4,3605.75,1184
2022-10-03 06:20:53,2,-2,3605.75,1182
2022-10-03 06:20:57,21,-14,3605.5,1168
2022-10-03 06:20:58,2,-2,3605.25,1166
2022-10-03 06:21:00,19,10,3606.0,1176
2022-10-03 06:21:01,4,-2,3605.75,1174
2022-10-03 06:21:02,7,0,3605.75,1174
2022-10-03 06:21:05,1,1,3605.75,1175
2022-10-03 06:21:10,4,-4,3605.5,1171
2022-10-03 06:21:11,1,-1,3605.5,1170
2022-10-03 06:21:15,8,6,3605.75,1176
2022-10-03 06:21:16,7,-4,3605.75,1172
2022-10-03 06:21:18,4,-2,3605.5,1170
2022-10-03 06:21:19,2,-2,3605.5,1168
2022-10-03 06:21:20,25,9,3606.25,1177
2022-10-03 06:21:21,1,1,3606.25,1178
2022-10-03 06:21:22,10,10,3606.5,1188
2022-10-03 06:21:24,1,1,3606.5,1189
2022-10-03 06:21:29,11,-4,3606.25,1185
2022-10-03 06:21:31,3,-3,3606.25,1182
2022-10-03 06:21:33,12,-4,3606.25,1178
2022-10-03 06:21:35,10,-7,3606.5,1171
2022-10-03 06:21:36,3,-3,3606.5,1168
2022-10-03 06:21:37,2,2,3606.75,1170
2022-10-03 06:21:39,1,1,3606.75,1171
2022-10-03 06:21:40,20,5,3606.75,1176
2022-10-03 06:21:41,8,-5,3606.75,1171
2022-10-03 06:21:42,13,-2,3606.5,1169
2022-10-03 06:21:43,11,-3,3606.25,1166
2022-10-03 06:21:45,11,-6,3606.25,1160
2022-10-03 06:21:47,1,1,3606.0,1161
2022-10-03 06:21:49,1,-1,3605.75,1160
2022-10-03 06:21:52,14,2,3606.25,1162
2022-10-03 06:21:56,9,4,3606.25,1166
2022-10-03 06:21:59,1,-1,3606.0,1165
2022-10-03 06:22:03,12,-5,3606.0,1160
2022-10-03 06:22:05,2,-2,3605.75,1158
2022-10-03 06:22:06,3,-3,3605.75,1155
2022-10-03 06:22:08,11,6,3605.75,1161
2022-10-03 06:22:09,4,4,3605.75,1165
2022-10-03 06:22:11,6,-3,3605.75,1162
2022-10-03 06:22:12,19,0,3605.75,1162
2022-10-03 06:22:13,17,-6,3606.0,1156
2022-10-03 06:22:14,3,3,3606.25,1159
2022-10-03 06:22:15,3,-3,3606.25,1156
2022-10-03 06:22:16,10,-2,3606.5,1154
2022-10-03 06:22:17,7,4,3606.75,1158
2022-10-03 06:22:18,2,2,3606.75,1160
2022-10-03 06:22:19,1,-1,3606.75,1159
2022-10-03 06:22:20,41,14,3607.25,1173
2022-10-03 06:22:22,6,4,3607.75,1177
2022-10-03 06:22:23,15,7,3608.0,1184
2022-10-03 06:22:24,20,-5,3608.0,1179
2022-10-03 06:22:25,16,3,3608.25,1182
2022-10-03 06:22:26,8,-1,3608.25,1181
2022-10-03 06:22:27,7,-5,3608.25,1176
2022-10-03 06:22:29,22,-10,3608.25,1166
2022-10-03 06:22:30,1,-1,3608.0,1165
2022-10-03 06:22:31,17,-11,3608.0,1154
2022-10-03 06:22:32,4,2,3608.0,1156
2022-10-03 06:22:34,8,-5,3608.0,1151
2022-10-03 06:22:35,4,1,3608.0,1152
2022-10-03 06:22:36,5,4,3608.25,1156
2022-10-03 06:22:37,6,6,3608.5,1162
2022-10-03 06:22:38,2,-2,3608.25,1160
2022-10-03 06:22:39,1,1,3608.5,1161
2022-10-03 06:22:41,8,-2,3608.0,1159
2022-10-03 06:22:44,13,-5,3607.75,1154
2022-10-03 06:22:46,3,3,3608.0,1157
2022-10-03 06:22:47,17,11,3608.0,1168
2022-10-03 06:22:48,3,2,3608.0,1170
2022-10-03 06:22:49,1,1,3607.75,1171
2022-10-03 06:22:50,1,1,3607.75,1172
2022-10-03 06:22:52,1,1,3607.75,1173
2022-10-03 06:22:56,8,4,3607.75,1177
2022-10-03 06:22:57,13,-7,3607.5,1170
2022-10-03 06:22:58,5,-3,3607.25,1167
2022-10-03 06:22:59,2,2,3607.25,1169
2022-10-03 06:23:00,5,1,3607.5,1170
2022-10-03 06:23:01,4,0,3607.5,1170
2022-10-03 06:23:03,2,-2,3607.5,1168
2022-10-03 06:23:04,11,12,3607.75,1180
2022-10-03 06:23:05,69,27,3608.25,1207
2022-10-03 06:23:06,4,0,3608.0,1207
2022-10-03 06:23:07,2,0,3608.0,1207
2022-10-03 06:23:09,128,-137,3608.0,1070
2022-10-03 06:23:10,20,6,3607.25,1076
2022-10-03 06:23:12,12,2,3607.25,1078
2022-10-03 06:23:13,2,0,3607.25,1078
2022-10-03 06:23:14,1,-1,3607.25,1077
2022-10-03 06:23:15,14,-11,3607.0,1066
2022-10-03 06:23:16,4,-1,3607.0,1065
2022-10-03 06:23:17,24,-16,3606.75,1049
2022-10-03 06:23:18,3,-3,3606.75,1046
2022-10-03 06:23:19,11,-10,3606.75,1036
2022-10-03 06:23:20,26,-21,3606.5,1015
2022-10-03 06:23:21,6,5,3606.75,1020
2022-10-03 06:23:22,1,1,3606.75,1021
2022-10-03 06:23:23,3,1,3606.75,1022
2022-10-03 06:23:25,7,-3,3606.75,1019
2022-10-03 06:23:29,6,6,3606.75,1025
2022-10-03 06:23:33,6,0,3606.75,1025
2022-10-03 06:23:38,2,2,3606.75,1027
2022-10-03 06:23:39,13,-5,3606.5,1022
2022-10-03 06:23:41,10,9,3606.75,1031
2022-10-03 06:23:45,1,1,3606.75,1032
2022-10-03 06:23:46,1,-1,3606.5,1031
2022-10-03 06:23:47,1,1,3606.75,1032
2022-10-03 06:23:51,1,-1,3606.5,1031
2022-10-03 06:23:52,12,4,3606.5,1035
2022-10-03 06:23:53,1,1,3606.75,1036
2022-10-03 06:23:54,3,1,3606.75,1037
2022-10-03 06:23:55,1,-1,3606.75,1036
2022-10-03 06:23:57,3,3,3606.75,1039
2022-10-03 06:23:58,2,-2,3606.75,1037
2022-10-03 06:24:00,30,18,3607.0,1055
2022-10-03 06:24:01,1,1,3607.0,1056
2022-10-03 06:24:04,2,0,3607.0,1056
2022-10-03 06:24:05,9,7,3607.25,1063
2022-10-03 06:24:07,6,-5,3607.0,1058
2022-10-03 06:24:08,2,-2,3607.0,1056
2022-10-03 06:24:09,2,-2,3607.0,1054
2022-10-03 06:24:10,1,1,3607.0,1055
2022-10-03 06:24:13,7,-4,3607.0,1051
2022-10-03 06:24:18,7,-3,3606.75,1048
2022-10-03 06:24:19,4,1,3606.75,1049
2022-10-03 06:24:22,10,-6,3606.5,1043
2022-10-03 06:24:24,5,5,3607.0,1048
2022-10-03 06:24:26,1,1,3607.0,1049
2022-10-03 06:24:29,2,-2,3606.75,1047
2022-10-03 06:24:30,1,1,3606.75,1048
2022-10-03 06:24:32,1,-1,3606.75,1047
2022-10-03 06:24:34,3,-1,3606.75,1046
2022-10-03 06:24:35,5,3,3607.0,1049
2022-10-03 06:24:36,13,-3,3607.0,1046
2022-10-03 06:24:38,5,1,3607.0,1047
2022-10-03 06:24:40,1,-1,3606.75,1046
2022-10-03 06:24:44,3,4,3607.25,1050
2022-10-03 06:24:46,5,-5,3607.0,1045
2022-10-03 06:24:48,1,1,3606.75,1046
2022-10-03 06:24:49,1,-1,3606.75,1045
2022-10-03 06:24:53,3,-3,3606.5,1042
2022-10-03 06:24:54,12,-8,3606.5,1034
2022-10-03 06:25:02,1,-1,3606.5,1033
2022-10-03 06:25:03,3,-3,3606.25,1030
2022-10-03 06:25:06,23,-10,3606.25,1020
2022-10-03 06:25:07,1,-1,3605.75,1019
2022-10-03 06:25:08,12,-4,3605.75,1015
2022-10-03 06:25:09,6,0,3605.5,1015
2022-10-03 06:25:11,3,1,3605.5,1016
2022-10-03 06:25:12,11,9,3605.75,1025
2022-10-03 06:25:13,3,-3,3605.5,1022
2022-10-03 06:25:15,34,1,3605.75,1023
2022-10-03 06:25:16,4,2,3605.5,1025
2022-10-03 06:25:17,5,5,3605.75,1030
2022-10-03 06:25:18,10,-4,3605.75,1026
2022-10-03 06:25:19,1,1,3605.75,1027
2022-10-03 06:25:22,6,4,3606.0,1031
2022-10-03 06:25:23,7,5,3606.5,1036
2022-10-03 06:25:24,1,1,3606.75,1037
2022-10-03 06:25:26,2,2,3606.75,1039
2022-10-03 06:25:30,1,1,3606.75,1040
2022-10-03 06:25:31,1,-1,3606.75,1039
2022-10-03 06:25:32,6,-2,3606.75,1037
2022-10-03 06:25:34,2,-2,3606.75,1035
2022-10-03 06:25:36,51,-27,3607.0,1008
2022-10-03 06:25:38,1,-1,3607.0,1007
2022-10-03 06:25:40,6,-4,3607.0,1003
2022-10-03 06:25:42,26,11,3607.5,1014
2022-10-03 06:25:43,3,2,3607.5,1016
2022-10-03 06:25:46,13,9,3607.75,1025
2022-10-03 06:25:47,5,-5,3607.75,1020
2022-10-03 06:25:51,3,1,3607.75,1021
2022-10-03 06:25:52,6,-6,3607.5,1015
2022-10-03 06:25:55,5,-1,3607.5,1014
2022-10-03 06:26:01,12,-3,3607.5,1011
2022-10-03 06:26:02,2,-2,3607.5,1009
2022-10-03 06:26:03,1,-1,3607.5,1008
2022-10-03 06:26:05,3,3,3607.5,1011
2022-10-03 06:26:07,7,2,3607.75,1013
2022-10-03 06:26:08,1,1,3607.75,1014
2022-10-03 06:26:09,1,1,3607.75,1015
2022-10-03 06:26:12,12,-2,3607.75,1013
2022-10-03 06:26:15,5,-5,3607.5,1008
2022-10-03 06:26:16,8,1,3607.75,1009
2022-10-03 06:26:17,2,-2,3607.5,1007
2022-10-03 06:26:19,7,7,3607.75,1014
2022-10-03 06:26:20,27,-8,3607.75,1006
2022-10-03 06:26:21,2,2,3607.75,1008
2022-10-03 06:26:30,3,-3,3607.5,1005
2022-10-03 06:26:33,1,1,3607.75,1006
2022-10-03 06:26:34,4,-2,3607.75,1004
2022-10-03 06:26:35,11,1,3607.5,1005
2022-10-03 06:26:38,8,-4,3607.5,1001
2022-10-03 06:26:42,8,2,3607.5,1003
2022-10-03 06:26:46,7,-6,3607.25,997
2022-10-03 06:26:49,2,2,3607.25,999
2022-10-03 06:26:51,5,3,3607.75,1002
2022-10-03 06:26:52,7,5,3607.75,1007
2022-10-03 06:26:53,9,7,3607.75,1014
2022-10-03 06:26:54,4,5,3608.0,1019
2022-10-03 06:26:58,12,1,3607.75,1020
2022-10-03 06:27:00,9,9,3607.75,1029
2022-10-03 06:27:01,10,10,3608.0,1039
2022-10-03 06:27:02,4,-2,3608.0,1037
2022-10-03 06:27:05,20,-2,3608.0,1035
2022-10-03 06:27:07,1,-1,3608.0,1034
2022-10-03 06:27:10,16,12,3608.25,1046
2022-10-03 06:27:11,13,7,3608.5,1053
2022-10-03 06:27:12,2,0,3608.5,1053
2022-10-03 06:27:13,4,3,3608.5,1056
2022-10-03 06:27:15,17,-14,3608.25,1042
2022-10-03 06:27:16,8,7,3608.0,1049
2022-10-03 06:27:17,1,1,3608.0,1050
2022-10-03 06:27:18,2,2,3608.0,1052
2022-10-03 06:27:19,25,18,3608.75,1070
2022-10-03 06:27:21,21,0,3608.75,1070
2022-10-03 06:27:22,16,8,3608.75,1078
2022-10-03 06:27:23,28,-10,3608.5,1068
2022-10-03 06:27:24,11,5,3608.75,1073
2022-10-03 06:27:25,12,-6,3608.75,1067
2022-10-03 06:27:26,44,-39,3608.5,1028
2022-10-03 06:27:27,5,1,3608.25,1029
2022-10-03 06:27:28,18,12,3608.5,1041
2022-10-03 06:27:30,12,10,3608.5,1051
2022-10-03 06:27:34,3,3,3608.5,1054
2022-10-03 06:27:35,2,-2,3608.5,1052
2022-10-03 06:27:37,12,-12,3608.25,1040
2022-10-03 06:27:40,2,1,3608.25,1041
2022-10-03 06:27:41,14,6,3608.25,1047
2022-10-03 06:27:42,8,6,3608.5,1053
2022-10-03 06:27:46,13,-10,3608.5,1043
2022-10-03 06:27:47,2,2,3608.5,1045
2022-10-03 06:27:49,2,-2,3608.5,1043
2022-10-03 06:27:54,17,-8,3608.25,1035
2022-10-03 06:27:56,12,8,3608.75,1043
2022-10-03 06:27:58,16,16,3608.75,1059
2022-10-03 06:27:59,4,4,3608.75,1063
2022-10-03 06:28:00,4,2,3609.0,1065
2022-10-03 06:28:01,20,9,3609.0,1074
2022-10-03 06:28:02,1,-1,3609.0,1073
2022-10-03 06:28:03,11,-8,3609.0,1065
2022-10-03 06:28:04,15,5,3608.75,1070
2022-10-03 06:28:05,1,-1,3608.5,1069
2022-10-03 06:28:08,4,-2,3608.75,1067
2022-10-03 06:28:09,5,5,3608.75,1072
2022-10-03 06:28:11,11,-8,3608.5,1064
2022-10-03 06:28:13,80,88,3609.0,1152
2022-10-03 06:28:14,3,3,3608.75,1155
2022-10-03 06:28:15,2,-2,3608.75,1153
2022-10-03 06:28:16,1,1,3609.0,1154
2022-10-03 06:28:19,7,-7,3608.5,1147
2022-10-03 06:28:21,34,20,3608.5,1167
2022-10-03 06:28:23,9,-9,3608.5,1158
2022-10-03 06:28:27,54,28,3608.5,1186
2022-10-03 06:28:28,2,2,3608.75,1188
2022-10-03 06:28:29,2,-1,3608.5,1187
2022-10-03 06:28:31,1,-1,3608.5,1186
2022-10-03 06:28:32,2,-2,3608.25,1184
2022-10-03 06:28:34,7,7,3608.25,1191
2022-10-03 06:28:36,14,7,3608.25,1198
2022-10-03 06:28:42,1,-1,3608.25,1197
2022-10-03 06:28:43,2,2,3608.25,1199
2022-10-03 06:28:44,11,-13,3608.25,1186
2022-10-03 06:28:45,1,1,3607.75,1187
2022-10-03 06:28:46,6,4,3608.0,1191
2022-10-03 06:28:48,20,3,3608.0,1194
2022-10-03 06:28:52,7,1,3608.0,1195
2022-10-03 06:28:53,3,-2,3608.0,1193
2022-10-03 06:28:56,11,3,3608.25,1196
2022-10-03 06:28:59,8,0,3608.25,1196
2022-10-03 06:29:00,23,30,3608.75,1226
2022-10-03 06:29:01,17,6,3608.75,1232
2022-10-03 06:29:02,6,-4,3608.75,1228
2022-10-03 06:29:08,4,-2,3608.5,1226
2022-10-03 06:29:09,1,-1,3608.5,1225
2022-10-03 06:29:10,4,-4,3608.25,1221
2022-10-03 06:29:11,10,8,3608.25,1229
2022-10-03 06:29:12,25,23,3608.25,1252
2022-10-03 06:29:13,4,-4,3608.0,1248
2022-10-03 06:29:14,4,0,3608.0,1248
2022-10-03 06:29:17,7,7,3608.0,1255
2022-10-03 06:29:25,6,2,3608.25,1257
2022-10-03 06:29:26,31,19,3608.75,1276
2022-10-03 06:29:27,19,-9,3608.75,1267
2022-10-03 06:29:28,1,-1,3608.75,1266
2022-10-03 06:29:31,13,9,3609.0,1275
2022-10-03 06:29:32,8,-3,3609.0,1272
2022-10-03 06:29:33,5,-5,3609.0,1267
2022-10-03 06:29:34,5,3,3609.0,1270
2022-10-03 06:29:38,1,1,3609.25,1271
2022-10-03 06:29:39,1,-1,3609.0,1270
2022-10-03 06:29:42,1,1,3609.25,1271
2022-10-03 06:29:47,5,-5,3609.0,1266
2022-10-03 06:29:49,161,90,3610.0,1356
2022-10-03 06:29:51,14,-5,3610.0,1351
2022-10-03 06:29:52,24,11,3610.0,1362
2022-10-03 06:29:53,37,44,3610.5,1406
2022-10-03 06:29:54,11,7,3610.5,1413
2022-10-03 06:29:55,2,-2,3610.5,1411
2022-10-03 06:29:56,8,-6,3610.5,1405
2022-10-03 06:29:58,3,-3,3610.25,1402
2022-10-03 06:29:59,7,2,3610.5,1404
2022-10-03 06:30:00,1,-1,3610.25,1403
2022-10-03 06:30:01,6,-6,3610.25,1397
2022-10-03 06:30:02,13,-7,3610.25,1390
2022-10-03 06:30:03,3,-3,3609.75,1387
2022-10-03 06:30:04,13,6,3610.0,1393
2022-10-03 06:30:05,3,-1,3610.0,1392
2022-10-03 06:30:06,6,2,3610.25,1394
2022-10-03 06:30:08,2,-2,3610.0,1392
2022-10-03 06:30:12,13,13,3610.25,1405
2022-10-03 06:30:15,2,2,3610.25,1407
2022-10-03 06:30:21,66,17,3610.5,1424
2022-10-03 06:30:24,17,6,3610.5,1430
2022-10-03 06:30:25,7,1,3610.5,1431
2022-10-03 06:30:27,3,-3,3610.0,1428
2022-10-03 06:30:28,10,-2,3610.0,1426
2022-10-03 06:30:29,2,-2,3610.0,1424
2022-10-03 06:30:30,6,1,3610.0,1425
2022-10-03 06:30:31,5,-3,3610.0,1422
2022-10-03 06:30:36,4,2,3610.0,1424
2022-10-03 06:30:37,4,2,3610.0,1426
2022-10-03 06:30:38,1,-1,3610.0,1425
2022-10-03 06:30:39,14,1,3610.0,1426
2022-10-03 06:30:40,1,-1,3609.75,1425
2022-10-03 06:30:41,3,0,3610.0,1425
2022-10-03 06:30:43,20,-4,3609.75,1421
2022-10-03 06:30:44,7,4,3610.0,1425
2022-10-03 06:30:47,1,1,3610.0,1426
2022-10-03 06:30:48,1,1,3610.0,1427
2022-10-03 06:30:52,29,15,3610.0,1442
2022-10-03 06:30:53,38,-14,3609.75,1428
2022-10-03 06:30:54,3,1,3609.75,1429
2022-10-03 06:30:55,1,1,3609.75,1430
2022-10-03 06:30:56,1,-1,3609.5,1429
2022-10-03 06:30:58,1,1,3609.75,1430
2022-10-03 06:30:59,6,0,3609.75,1430
2022-10-03 06:31:04,3,1,3610.0,1431
2022-10-03 06:31:06,47,-6,3609.75,1425
2022-10-03 06:31:07,158,-34,3609.5,1391
2022-10-03 06:31:08,3,2,3608.5,1393
2022-10-03 06:31:09,3,1,3608.75,1394
2022-10-03 06:31:10,3,3,3608.75,1397
2022-10-03 06:31:11,1,1,3608.75,1398
2022-10-03 06:31:13,16,-14,3608.5,1384
2022-10-03 06:31:16,8,8,3608.5,1392
2022-10-03 06:31:18,3,-3,3608.5,1389
2022-10-03 06:31:19,15,0,3608.25,1389
2022-10-03 06:31:20,14,9,3608.5,1398
2022-10-03 06:31:22,3,-1,3608.25,1397
2022-10-03 06:31:23,10,-2,3608.25,1395
2022-10-03 06:31:24,4,0,3608.25,1395
2022-10-03 06:31:25,2,0,3608.25,1395
2022-10-03 06:31:28,8,4,3608.25,1399
2022-10-03 06:31:29,10,-9,3608.0,1390
2022-10-03 06:31:32,9,5,3608.25,1395
2022-10-03 06:31:33,3,1,3608.5,1396
2022-10-03 06:31:34,8,2,3608.25,1398
2022-10-03 06:31:35,1,-1,3608.25,1397
2022-10-03 06:31:37,2,-2,3608.25,1395
2022-10-03 06:31:38,1,-1,3608.25,1394
2022-10-03 06:31:41,2,2,3608.25,1396
2022-10-03 06:31:46,1,1,3608.5,1397
2022-10-03 06:31:52,1,-1,3608.25,1396
2022-10-03 06:31:56,4,-4,3608.25,1392
2022-10-03 06:31:57,3,-3,3608.25,1389
2022-10-03 06:31:59,3,3,3608.25,1392
2022-10-03 06:32:00,2,2,3608.25,1394
2022-10-03 06:32:01,2,-2,3608.0,1392
2022-10-03 06:32:02,9,3,3608.25,1395
2022-10-03 06:32:03,1,1,3608.25,1396
2022-10-03 06:32:04,52,8,3608.0,1404
2022-10-03 06:32:06,7,-1,3607.75,1403
2022-10-03 06:32:08,2,-2,3607.5,1401
2022-10-03 06:32:10,27,15,3608.0,1416
2022-10-03 06:32:11,1,1,3607.75,1417
2022-10-03 06:32:12,1,1,3607.75,1418
2022-10-03 06:32:13,4,4,3607.75,1422
2022-10-03 06:32:14,2,2,3607.75,1424
2022-10-03 06:32:15,2,2,3607.75,1426
2022-10-03 06:32:16,23,15,3608.0,1441
2022-10-03 06:32:19,4,4,3608.25,1445
2022-10-03 06:32:20,24,20,3608.75,1465
2022-10-03 06:32:21,8,4,3609.0,1469
2022-10-03 06:32:22,1,-1,3609.0,1468
2022-10-03 06:32:24,2,2,3609.25,1470
2022-10-03 06:32:25,13,-10,3609.0,1460
2022-10-03 06:32:26,1,-1,3608.75,1459
2022-10-03 06:32:28,7,7,3609.0,1466
2022-10-03 06:32:29,8,4,3609.25,1470
2022-10-03 06:32:30,5,-3,3609.0,1467
2022-10-03 06:32:31,3,3,3609.0,1470
2022-10-03 06:32:33,5,5,3609.0,1475
2022-10-03 06:32:34,80,-66,3608.75,1409
2022-10-03 06:32:35,4,4,3608.5,1413
2022-10-03 06:32:36,1,1,3608.5,1414
2022-10-03 06:32:40,6,-2,3608.25,1412
2022-10-03 06:32:41,10,9,3608.5,1421
2022-10-03 06:32:42,6,6,3609.0,1427
2022-10-03 06:32:44,2,-2,3609.0,1425
2022-10-03 06:32:45,3,-3,3609.0,1422
2022-10-03 06:32:46,1,-1,3608.75,1421
2022-10-03 06:32:47,34,-1,3609.0,1420
2022-10-03 06:32:50,18,7,3609.0,1427
2022-10-03 06:32:51,1,-1,3609.0,1426
2022-10-03 06:32:55,1,1,3609.0,1427
2022-10-03 06:33:00,3,-1,3608.75,1426
2022-10-03 06:33:03,3,-3,3608.5,1423
2022-10-03 06:33:04,3,3,3608.5,1426
2022-10-03 06:33:08,17,16,3608.75,1442
2022-10-03 06:33:10,4,4,3608.75,1446
2022-10-03 06:33:14,13,7,3609.0,1453
2022-10-03 06:33:16,2,-2,3608.5,1451
2022-10-03 06:33:17,2,2,3608.5,1453
2022-10-03 06:33:18,2,2,3608.5,1455
2022-10-03 06:33:19,9,4,3608.5,1459
2022-10-03 06:33:22,13,-1,3608.5,1458
2022-10-03 06:33:24,3,-3,3608.5,1455
2022-10-03 06:33:26,5,0,3608.5,1455
2022-10-03 06:33:27,2,-2,3608.5,1453
2022-10-03 06:33:28,2,-2,3608.25,1451
2022-10-03 06:33:29,1,-1,3608.25,1450
2022-10-03 06:33:30,3,2,3608.5,1452
2022-10-03 06:33:31,7,3,3608.5,1455
2022-10-03 06:33:32,2,2,3608.5,1457
2022-10-03 06:33:33,21,7,3608.5,1464
2022-10-03 06:33:34,6,0,3608.5,1464
2022-10-03 06:33:35,12,21,3608.75,1485
2022-10-03 06:33:36,27,21,3609.0,1506
2022-10-03 06:33:37,28,10,3609.25,1516
2022-10-03 06:33:38,2,0,3609.0,1516
2022-10-03 06:33:39,3,1,3609.0,1517
2022-10-03 06:33:41,4,2,3609.0,1519
2022-10-03 06:33:42,6,6,3609.25,1525
2022-10-03 06:33:43,12,2,3609.25,1527
2022-10-03 06:33:45,12,-5,3609.0,1522
2022-10-03 06:33:46,1,1,3609.0,1523
2022-10-03 06:33:49,1,1,3609.0,1524
2022-10-03 06:33:50,4,1,3608.75,1525
2022-10-03 06:33:51,2,-2,3608.75,1523
2022-10-03 06:33:52,4,-1,3608.5,1522
2022-10-03 06:33:55,11,-9,3608.5,1513
2022-10-03 06:33:56,1,1,3608.25,1514
2022-10-03 06:33:57,2,2,3608.5,1516
2022-10-03 06:33:59,1,-1,3608.25,1515
2022-10-03 06:34:01,48,-38,3608.25,1477
2022-10-03 06:34:02,1,1,3608.0,1478
2022-10-03 06:34:03,1,-1,3607.75,1477
2022-10-03 06:34:04,13,11,3607.75,1488
2022-10-03 06:34:05,1,1,3607.75,1489
2022-10-03 06:34:06,18,10,3608.25,1499
2022-10-03 06:34:08,2,2,3608.25,1501
2022-10-03 06:34:12,10,2,3608.5,1503
2022-10-03 06:34:17,1,-1,3608.25,1502
2022-10-03 06:34:20,1,-1,3608.25,1501
2022-10-03 06:34:22,3,-1,3608.25,1500
2022-10-03 06:34:23,2,2,3608.25,1502
2022-10-03 06:34:29,2,-2,3608.25,1500
2022-10-03 06:34:31,1,1,3608.25,1501
2022-10-03 06:34:36,7,0,3608.25,1501
2022-10-03 06:34:37,1,1,3608.25,1502
2022-10-03 06:34:38,1,1,3608.25,1503
2022-10-03 06:34:39,1,-1,3608.0,1502
2022-10-03 06:34:40,1,-1,3608.0,1501
2022-10-03 06:34:41,2,2,3608.0,1503
2022-10-03 06:34:43,1,1,3608.25,1504
2022-10-03 06:34:44,1,-1,3608.25,1503
2022-10-03 06:34:52,11,11,3608.25,1514
2022-10-03 06:34:55,5,0,3608.5,1514
2022-10-03 06:34:58,5,3,3608.5,1517
2022-10-03 06:35:00,1,1,3608.5,1518
2022-10-03 06:35:02,9,5,3608.5,1523
2022-10-03 06:35:03,14,8,3608.5,1531
2022-10-03 06:35:04,7,2,3608.25,1533
2022-10-03 06:35:06,1,1,3608.25,1534
2022-10-03 06:35:09,20,0,3608.0,1534
2022-10-03 06:35:10,1,1,3608.0,1535
2022-10-03 06:35:11,6,-4,3607.75,1531
2022-10-03 06:35:12,53,4,3608.0,1535
2022-10-03 06:35:13,17,20,3608.25,1555
2022-10-03 06:35:15,26,19,3608.5,1574
2022-10-03 06:35:17,4,4,3608.75,1578
2022-10-03 06:35:21,1,-1,3608.75,1577
2022-10-03 06:35:22,6,-6,3608.5,1571
2022-10-03 06:35:24,9,2,3609.0,1573
2022-10-03 06:35:31,4,4,3608.75,1577
2022-10-03 06:35:34,13,-1,3608.75,1576
2022-10-03 06:35:35,11,2,3608.75,1578
2022-10-03 06:35:36,5,4,3608.75,1582
2022-10-03 06:35:42,3,1,3608.75,1583
2022-10-03 06:35:44,7,-4,3608.5,1579
2022-10-03 06:35:45,2,2,3608.5,1581
2022-10-03 06:35:48,2,0,3608.75,1581
2022-10-03 06:35:52,1,-1,3608.5,1580
2022-10-03 06:35:55,14,-12,3608.5,1568
2022-10-03 06:35:58,2,2,3608.25,1570
2022-10-03 06:36:00,2,-2,3608.25,1568
2022-10-03 06:36:01,1,1,3608.5,1569
2022-10-03 06:36:02,18,10,3608.75,1579
2022-10-03 06:36:03,5,-3,3609.0,1576
2022-10-03 06:36:05,4,-1,3608.75,1575
2022-10-03 06:36:06,2,-2,3608.75,1573
2022-10-03 06:36:08,1,-1,3608.75,1572
2022-10-03 06:36:11,2,-2,3608.75,1570
2022-10-03 06:36:12,1,-1,3608.75,1569
2022-10-03 06:36:14,2,-2,3608.5,1567
2022-10-03 06:36:18,1,-1,3608.5,1566
2022-10-03 06:36:26,1,1,3608.25,1567
2022-10-03 06:36:30,4,2,3608.25,1569
2022-10-03 06:36:33,13,-6,3608.0,1563
2022-10-03 06:36:36,10,0,3608.0,1563
2022-10-03 06:36:40,2,-2,3608.0,1561
2022-10-03 06:36:42,9,5,3608.25,1566
2022-10-03 06:36:44,1,1,3608.25,1567
2022-10-03 06:36:46,1,1,3608.25,1568
2022-10-03 06:36:48,1,1,3608.25,1569
2022-10-03 06:36:53,92,-25,3608.25,1544
2022-10-03 06:36:54,5,5,3608.0,1549
2022-10-03 06:36:58,10,8,3608.25,1557
2022-10-03 06:37:00,12,-3,3608.25,1554
2022-10-03 06:37:04,1,-1,3608.0,1553
2022-10-03 06:37:07,3,3,3608.25,1556
2022-10-03 06:37:08,1,-1,3608.25,1555
2022-10-03 06:37:09,4,-4,3608.25,1551
2022-10-03 06:37:10,1,1,3608.25,1552
2022-10-03 06:37:11,1,-1,3608.25,1551
2022-10-03 06:37:12,2,-2,3608.25,1549
2022-10-03 06:37:15,3,-3,3608.25,1546
2022-10-03 06:37:17,3,2,3608.5,1548
2022-10-03 06:37:18,2,-2,3608.5,1546
2022-10-03 06:37:20,2,-2,3608.5,1544
2022-10-03 06:37:22,4,-4,3608.5,1540
2022-10-03 06:37:24,3,-3,3608.25,1537
2022-10-03 06:37:27,3,3,3608.5,1540
2022-10-03 06:37:33,1,-1,3608.25,1539
2022-10-03 06:37:36,2,-2,3608.25,1537
2022-10-03 06:37:37,1,1,3608.25,1538
2022-10-03 06:37:39,1,1,3608.25,1539
2022-10-03 06:37:41,14,-6,3608.0,1533
2022-10-03 06:37:42,4,-4,3608.0,1529
2022-10-03 06:37:44,7,7,3608.0,1536
2022-10-03 06:37:45,12,12,3608.0,1548
2022-10-03 06:37:46,32,-22,3607.75,1526
2022-10-03 06:37:48,1,1,3607.5,1527
2022-10-03 06:37:49,5,1,3607.5,1528
2022-10-03 06:37:51,14,-1,3607.5,1527
2022-10-03 06:37:52,1,-1,3607.5,1526
2022-10-03 06:37:53,28,9,3607.5,1535
2022-10-03 06:37:55,5,2,3607.25,1537
2022-10-03 06:37:57,380,-194,3607.25,1343
2022-10-03 06:37:58,7,5,3606.5,1348
2022-10-03 06:37:59,4,-4,3606.25,1344
2022-10-03 06:38:00,14,-6,3606.25,1338
2022-10-03 06:38:01,16,-5,3606.25,1333
2022-10-03 06:38:03,25,8,3606.5,1341
2022-10-03 06:38:04,6,6,3606.5,1347
2022-10-03 06:38:05,17,5,3606.25,1352
2022-10-03 06:38:06,3,-3,3606.25,1349
2022-10-03 06:38:07,3,3,3606.25,1352
2022-10-03 06:38:08,2,-2,3606.25,1350
2022-10-03 06:38:10,10,-5,3606.25,1345
2022-10-03 06:38:11,1,1,3606.25,1346
2022-10-03 06:38:12,6,5,3606.25,1351
2022-10-03 06:38:16,5,5,3606.5,1356
2022-10-03 06:38:17,4,-2,3606.5,1354
2022-10-03 06:38:19,9,-7,3606.25,1347
2022-10-03 06:38:20,3,3,3606.25,1350
2022-10-03 06:38:22,3,1,3606.25,1351
2022-10-03 06:38:23,7,-1,3606.25,1350
2022-10-03 06:38:24,4,4,3606.25,1354
2022-10-03 06:38:25,2,-2,3606.25,1352
2022-10-03 06:38:26,130,144,3607.25,1496
2022-10-03 06:38:27,29,8,3607.0,1504
2022-10-03 06:38:28,13,-2,3606.75,1502
2022-10-03 06:38:29,4,-4,3606.75,1498
2022-10-03 06:38:30,4,4,3607.0,1502
2022-10-03 06:38:31,5,4,3607.25,1506
2022-10-03 06:38:32,10,0,3607.5,1506
2022-10-03 06:38:35,1,1,3607.25,1507
2022-10-03 06:38:37,14,-5,3607.0,1502
2022-10-03 06:38:38,3,3,3607.0,1505
2022-10-03 06:38:39,4,-4,3606.75,1501
2022-10-03 06:38:41,1,-1,3606.75,1500
2022-10-03 06:38:42,6,3,3606.75,1503
2022-10-03 06:38:45,11,-7,3606.75,1496
2022-10-03 06:38:46,2,-2,3606.75,1494
2022-10-03 06:38:48,2,2,3607.0,1496
2022-10-03 06:38:50,2,-2,3607.0,1494
2022-10-03 06:38:52,3,3,3607.0,1497
2022-10-03 06:38:53,5,-3,3607.0,1494
2022-10-03 06:38:56,6,2,3607.0,1496
2022-10-03 06:38:58,6,6,3607.25,1502
2022-10-03 06:39:00,1,1,3607.25,1503
2022-10-03 06:39:01,1,-1,3607.25,1502
2022-10-03 06:39:06,4,-4,3607.25,1498
2022-10-03 06:39:07,24,-6,3607.0,1492
2022-10-03 06:39:08,5,2,3607.0,1494
2022-10-03 06:39:10,4,4,3607.0,1498
2022-10-03 06:39:11,1,1,3607.0,1499
2022-10-03 06:39:13,1,-1,3607.0,1498
2022-10-03 06:39:14,2,2,3607.5,1500
2022-10-03 06:39:18,12,-9,3607.25,1491
2022-10-03 06:39:21,4,-4,3606.75,1487
2022-10-03 06:39:27,13,-9,3606.5,1478
2022-10-03 06:39:29,13,-10,3606.0,1468
2022-10-03 06:39:30,39,-10,3605.75,1458
2022-10-03 06:39:31,4,-3,3605.25,1455
2022-10-03 06:39:33,3,-1,3605.5,1454
2022-10-03 06:39:36,4,-3,3605.25,1451
2022-10-03 06:39:40,21,5,3605.5,1456
2022-10-03 06:39:42,2,-2,3605.25,1454
2022-10-03 06:39:43,3,-1,3605.25,1453
2022-10-03 06:39:44,3,0,3605.25,1453
2022-10-03 06:39:45,7,5,3605.25,1458
2022-10-03 06:39:46,18,11,3605.5,1469
2022-10-03 06:39:47,1,-1,3605.0,1468
2022-10-03 06:39:49,72,-45,3605.25,1423
2022-10-03 06:39:51,7,2,3605.25,1425
2022-10-03 06:39:56,1,-1,3605.25,1424
2022-10-03 06:39:58,5,-1,3605.25,1423
2022-10-03 06:40:00,4,2,3605.25,1425
2022-10-03 06:40:02,6,2,3605.25,1427
2022-10-03 06:40:03,8,2,3605.25,1429
2022-10-03 06:40:05,7,6,3605.5,1435
2022-10-03 06:40:06,1,-1,3605.5,1434
2022-10-03 06:40:07,4,6,3606.0,1440
2022-10-03 06:40:09,6,0,3606.0,1440
2022-10-03 06:40:10,37,-36,3605.5,1404
2022-10-03 06:40:11,2,-2,3605.5,1402
2022-10-03 06:40:12,3,-1,3605.25,1401
2022-10-03 06:40:13,1,1,3605.25,1402
2022-10-03 06:40:14,12,-6,3605.0,1396
2022-10-03 06:40:17,34,-8,3604.75,1388
2022-10-03 06:40:18,3,-3,3604.75,1385
2022-10-03 06:40:19,3,-1,3605.0,1384
2022-10-03 06:40:20,2,0,3605.0,1384
2022-10-03 06:40:21,3,-3,3605.0,1381
2022-10-03 06:40:23,1,-1,3605.25,1380
2022-10-03 06:40:25,1,-1,3605.25,1379
2022-10-03 06:40:26,13,13,3605.5,1392
2022-10-03 06:40:29,5,3,3605.5,1395
2022-10-03 06:40:30,1,1,3605.5,1396
2022-10-03 06:40:34,11,5,3605.5,1401
2022-10-03 06:40:35,3,-3,3605.5,1398
2022-10-03 06:40:36,1,1,3605.75,1399
2022-10-03 06:40:37,1,1,3605.5,1400
2022-10-03 06:40:38,2,2,3605.75,1402
2022-10-03 06:40:45,7,1,3605.75,1403
2022-10-03 06:40:46,1,1,3606.0,1404
2022-10-03 06:40:47,16,-12,3606.0,1392
2022-10-03 06:40:48,1,1,3605.75,1393
2022-10-03 06:40:50,9,-1,3605.5,1392
2022-10-03 06:40:52,20,3,3605.5,1395
2022-10-03 06:40:56,3,-1,3605.5,1394
2022-10-03 06:40:57,2,2,3605.5,1396
2022-10-03 06:40:59,1,1,3605.5,1397
2022-10-03 06:41:03,6,6,3605.75,1403
2022-10-03 06:41:07,1,1,3605.75,1404
2022-10-03 06:41:08,11,-3,3605.75,1401
2022-10-03 06:41:09,1,1,3605.75,1402
2022-10-03 06:41:10,1,-1,3605.75,1401
2022-10-03 06:41:16,2,2,3605.75,1403
2022-10-03 06:41:22,10,-5,3605.5,1398
2022-10-03 06:41:26,19,-10,3605.25,1388
2022-10-03 06:41:27,7,1,3604.75,1389
2022-10-03 06:41:28,1,-1,3604.75,1388
2022-10-03 06:41:29,4,4,3605.0,1392
2022-10-03 06:41:31,2,0,3605.0,1392
2022-10-03 06:41:33,3,3,3605.25,1395
2022-10-03 06:41:37,1,-1,3605.0,1394
2022-10-03 06:41:39,5,-3,3605.0,1391
2022-10-03 06:41:40,1,-1,3604.75,1390
2022-10-03 06:41:41,2,-2,3605.0,1388
2022-10-03 06:41:42,3,-3,3604.75,1385
2022-10-03 06:41:43,1,1,3605.0,1386
2022-10-03 06:41:46,2,-2,3604.75,1384
2022-10-03 06:41:49,30,-13,3604.75,1371
2022-10-03 06:41:51,3,3,3604.75,1374
2022-10-03 06:41:52,6,6,3604.75,1380
2022-10-03 06:41:57,3,-3,3604.75,1377
2022-10-03 06:41:58,3,1,3605.0,1378
2022-10-03 06:41:59,1,-1,3604.75,1377
2022-10-03 06:42:02,1,-1,3604.75,1376
2022-10-03 06:42:04,2,0,3604.75,1376
2022-10-03 06:42:06,1,1,3605.0,1377
2022-10-03 06:42:08,13,3,3604.75,1380
2022-10-03 06:42:09,2,-2,3604.75,1378
2022-10-03 06:42:10,6,2,3604.75,1380
2022-10-03 06:42:12,5,-5,3604.75,1375
2022-10-03 06:42:14,9,-3,3604.75,1372
2022-10-03 06:42:15,5,3,3604.75,1375
2022-10-03 06:42:16,1,-1,3604.5,1374
2022-10-03 06:42:18,1,-1,3604.5,1373
2022-10-03 06:42:21,4,2,3604.5,1375
2022-10-03 06:42:23,2,-2,3604.25,1373
2022-10-03 06:42:24,16,4,3604.75,1377
2022-10-03 06:42:28,26,8,3605.5,1385
2022-10-03 06:42:32,1,1,3605.5,1386
2022-10-03 06:42:34,1,-1,3605.25,1385
2022-10-03 06:42:37,4,4,3605.5,1389
2022-10-03 06:42:38,4,2,3605.75,1391
2022-10-03 06:42:40,6,1,3605.75,1392
2022-10-03 06:42:41,4,2,3605.75,1394
2022-10-03 06:42:44,15,22,3606.0,1416
2022-10-03 06:42:45,6,-4,3605.75,1412
2022-10-03 06:42:46,4,2,3606.0,1414
2022-10-03 06:42:47,3,-1,3605.75,1413
2022-10-03 06:42:49,19,1,3606.0,1414
2022-10-03 06:42:52,8,6,3606.75,1420
2022-10-03 06:42:54,2,0,3606.5,1420
2022-10-03 06:42:55,11,-4,3606.25,1416
2022-10-03 06:42:56,1,-1,3606.25,1415
2022-10-03 06:42:57,16,-1,3606.0,1414
2022-10-03 06:42:58,3,-3,3606.0,1411
2022-10-03 06:42:59,1,-1,3605.75,1410
2022-10-03 06:43:00,6,1,3606.0,1411
2022-10-03 06:43:01,1,-1,3605.75,1410
2022-10-03 06:43:02,1,1,3606.0,1411
2022-10-03 06:43:03,1,1,3606.0,1412
2022-10-03 06:43:04,1,1,3606.0,1413
2022-10-03 06:43:05,1,1,3606.0,1414
2022-10-03 06:43:06,6,3,3606.0,1417
2022-10-03 06:43:08,1,1,3606.25,1418
2022-10-03 06:43:09,5,1,3606.25,1419
2022-10-03 06:43:10,1,1,3606.5,1420
2022-10-03 06:43:12,8,-5,3606.25,1415
2022-10-03 06:43:13,4,4,3606.25,1419
2022-10-03 06:43:15,1,-1,3606.25,1418
2022-10-03 06:43:17,2,-2,3606.0,1416
2022-10-03 06:43:19,2,-2,3606.0,1414
2022-10-03 06:43:21,1,1,3606.25,1415
2022-10-03 06:43:23,2,-2,3606.25,1413
2022-10-03 06:43:24,42,-12,3606.0,1401
2022-10-03 06:43:25,2,1,3606.0,1402
2022-10-03 06:43:29,16,-11,3605.75,1391
2022-10-03 06:43:32,4,4,3605.75,1395
2022-10-03 06:43:36,2,0,3605.5,1395
2022-10-03 06:43:37,4,4,3605.75,1399
2022-10-03 06:43:47,6,-6,3605.75,1393
2022-10-03 06:43:49,2,-2,3605.5,1391
2022-10-03 06:43:50,2,2,3605.75,1393
2022-10-03 06:43:51,1,1,3605.75,1394
2022-10-03 06:44:00,2,2,3605.75,1396
2022-10-03 06:44:01,1,-1,3605.75,1395
2022-10-03 06:44:03,1,1,3605.75,1396
2022-10-03 06:44:04,5,3,3606.0,1399
2022-10-03 06:44:05,1,-1,3605.75,1398
2022-10-03 06:44:07,1,-1,3605.5,1397
2022-10-03 06:44:09,1,-1,3605.25,1396
2022-10-03 06:44:11,6,6,3605.75,1402
2022-10-03 06:44:15,1,-1,3605.75,1401
2022-10-03 06:44:17,1,-1,3605.75,1400
2022-10-03 06:44:18,5,1,3606.0,1401
2022-10-03 06:44:23,6,5,3606.0,1406
2022-10-03 06:44:26,8,1,3606.0,1407
2022-10-03 06:44:27,14,8,3606.0,1415
2022-10-03 06:44:29,10,3,3606.0,1418
2022-10-03 06:44:35,13,-4,3605.75,1414
2022-10-03 06:44:37,3,-3,3605.75,1411
2022-10-03 06:44:40,5,2,3606.0,1413
2022-10-03 06:44:43,9,1,3606.0,1414
2022-10-03 06:44:50,12,-3,3605.75,1411
2022-10-03 06:45:00,22,-12,3605.75,1399
2022-10-03 06:45:01,1,1,3605.5,1400
2022-10-03 06:45:02,6,-1,3605.5,1399
2022-10-03 06:45:03,1,-1,3605.5,1398
2022-10-03 06:45:04,3,-3,3605.5,1395
2022-10-03 06:45:06,6,4,3605.5,1399
2022-10-03 06:45:09,1,1,3605.75,1400
2022-10-03 06:45:13,78,22,3606.5,1422
2022-10-03 06:45:16,1,1,3606.0,1423
2022-10-03 06:45:21,2,2,3606.0,1425
2022-10-03 06:45:26,2,2,3606.0,1427
2022-10-03 06:45:30,15,15,3606.75,1442
2022-10-03 06:45:31,2,2,3607.0,1444
2022-10-03 06:45:32,11,-3,3607.0,1441
2022-10-03 06:45:33,8,-4,3607.0,1437
2022-10-03 06:45:34,10,6,3607.25,1443
2022-10-03 06:45:35,9,-1,3607.5,1442
2022-10-03 06:45:36,2,1,3607.5,1443
2022-10-03 06:45:40,1,1,3607.5,1444
2022-10-03 06:45:41,4,3,3607.5,1447
2022-10-03 06:45:42,15,1,3607.5,1448
2022-10-03 06:45:43,6,-5,3607.25,1443
2022-10-03 06:45:44,2,-2,3607.0,1441
2022-10-03 06:45:46,30,-6,3606.75,1435
2022-10-03 06:45:47,2,0,3606.75,1435
2022-10-03 06:45:48,5,-5,3606.75,1430
2022-10-03 06:45:49,2,-2,3606.75,1428
2022-10-03 06:45:50,26,25,3607.0,1453
2022-10-03 06:45:51,16,-6,3607.25,1447
2022-10-03 06:45:52,1,-1,3607.0,1446
2022-10-03 06:45:53,34,-11,3607.25,1435
2022-10-03 06:45:56,13,10,3606.75,1445
2022-10-03 06:45:57,6,1,3607.0,1446
2022-10-03 06:45:59,2,-2,3607.0,1444
2022-10-03 06:46:00,2,-2,3607.0,1442
2022-10-03 06:46:01,3,3,3607.0,1445
2022-10-03 06:46:03,6,0,3607.0,1445
2022-10-03 06:46:04,1,-1,3607.0,1444
2022-10-03 06:46:06,15,21,3607.25,1465
2022-10-03 06:46:07,3,-3,3607.0,1462
2022-10-03 06:46:08,6,0,3607.25,1462
2022-10-03 06:46:10,8,-3,3606.75,1459
2022-10-03 06:46:12,9,9,3606.75,1468
2022-10-03 06:46:13,4,4,3607.0,1472
2022-10-03 06:46:14,7,-5,3607.0,1467
2022-10-03 06:46:15,2,-2,3607.0,1465
2022-10-03 06:46:16,1,-1,3607.0,1464
2022-10-03 06:46:17,5,-1,3607.0,1463
2022-10-03 06:46:19,11,-5,3606.75,1458
2022-10-03 06:46:22,3,-1,3607.0,1457
2022-10-03 06:46:26,33,-10,3606.75,1447
2022-10-03 06:46:27,9,-8,3605.75,1439
2022-10-03 06:46:31,5,3,3605.75,1442
2022-10-03 06:46:32,1,-1,3605.75,1441
2022-10-03 06:46:33,3,1,3605.75,1442
2022-10-03 06:46:35,1,-1,3605.75,1441
2022-10-03 06:46:36,1,-1,3605.75,1440
2022-10-03 06:46:37,68,28,3606.25,1468
2022-10-03 06:46:40,9,-2,3606.25,1466
2022-10-03 06:46:43,13,-4,3607.0,1462
2022-10-03 06:46:47,4,-2,3606.5,1460
2022-10-03 06:46:48,3,-4,3606.25,1456
2022-10-03 06:46:51,2,0,3606.0,1456
2022-10-03 06:46:52,2,-2,3605.75,1454
2022-10-03 06:46:53,6,2,3606.0,1456
2022-10-03 06:46:54,2,0,3606.0,1456
2022-10-03 06:46:56,5,1,3605.75,1457
2022-10-03 06:46:58,2,-2,3605.75,1455
2022-10-03 06:47:02,2,2,3606.0,1457
2022-10-03 06:47:04,2,2,3606.0,1459
2022-10-03 06:47:05,6,-2,3606.0,1457
2022-10-03 06:47:06,12,7,3606.5,1464
2022-10-03 06:47:07,15,-7,3607.0,1457
2022-10-03 06:47:08,3,-3,3606.75,1454
2022-10-03 06:47:12,2,0,3606.75,1454
2022-10-03 06:47:13,1,-1,3606.75,1453
2022-10-03 06:47:16,8,2,3606.75,1455
2022-10-03 06:47:19,2,-2,3606.75,1453
2022-10-03 06:47:21,2,-2,3606.75,1451
2022-10-03 06:47:25,22,-7,3606.5,1444
2022-10-03 06:47:26,5,3,3606.5,1447
2022-10-03 06:47:31,5,-4,3606.5,1443
2022-10-03 06:47:36,25,0,3606.5,1443
2022-10-03 06:47:37,3,2,3606.5,1445
2022-10-03 06:47:39,9,-7,3606.5,1438
2022-10-03 06:47:40,5,-6,3606.25,1432
2022-10-03 06:47:41,13,-5,3606.0,1427
2022-10-03 06:47:42,7,2,3606.0,1429
2022-10-03 06:47:53,3,2,3606.25,1431
2022-10-03 06:47:54,2,-2,3606.0,1429
2022-10-03 06:47:57,1,1,3606.25,1430
2022-10-03 06:47:58,1,-1,3606.25,1429
2022-10-03 06:48:01,5,3,3606.0,1432
2022-10-03 06:48:02,7,-5,3606.0,1427
2022-10-03 06:48:03,1,1,3606.0,1428
2022-10-03 06:48:05,3,-1,3606.0,1427
2022-10-03 06:48:06,4,4,3606.25,1431
2022-10-03 06:48:09,1,-1,3606.25,1430
2022-10-03 06:48:11,49,23,3606.75,1453
2022-10-03 06:48:12,13,-1,3606.75,1452
2022-10-03 06:48:14,2,0,3606.75,1452
2022-10-03 06:48:19,1,-1,3606.75,1451
2022-10-03 06:48:20,17,8,3607.0,1459
2022-10-03 06:48:22,33,-4,3607.0,1455
2022-10-03 06:48:23,9,2,3607.0,1457
2022-10-03 06:48:25,15,-9,3606.75,1448
2022-10-03 06:48:26,8,8,3606.75,1456
2022-10-03 06:48:28,1,1,3607.0,1457
2022-10-03 06:48:31,2,2,3607.0,1459
2022-10-03 06:48:33,25,-9,3606.75,1450
2022-10-03 06:48:40,10,4,3607.0,1454
2022-10-03 06:48:41,7,-1,3607.0,1453
2022-10-03 06:48:42,8,0,3607.0,1453
2022-10-03 06:48:43,10,-10,3606.75,1443
2022-10-03 06:48:45,7,-6,3606.5,1437
2022-10-03 06:48:46,2,-2,3606.25,1435
2022-10-03 06:48:47,5,4,3606.25,1439
2022-10-03 06:48:48,1,-1,3606.25,1438
2022-10-03 06:48:50,4,2,3606.5,1440
2022-10-03 06:48:55,2,-2,3606.5,1438
2022-10-03 06:48:56,6,2,3606.75,1440
2022-10-03 06:48:57,1,1,3607.0,1441
2022-10-03 06:48:59,11,-7,3606.75,1434
2022-10-03 06:49:00,2,0,3606.75,1434
2022-10-03 06:49:01,2,0,3606.75,1434
2022-10-03 06:49:02,5,2,3607.0,1436
2022-10-03 06:49:03,4,-4,3606.75,1432
2022-10-03 06:49:05,9,7,3606.75,1439
2022-10-03 06:49:09,33,3,3607.0,1442
2022-10-03 06:49:11,16,-5,3606.75,1437
2022-10-03 06:49:15,1,1,3606.75,1438
2022-10-03 06:49:19,12,-6,3606.75,1432
2022-10-03 06:49:26,30,10,3607.0,1442
2022-10-03 06:49:27,11,-9,3606.75,1433
2022-10-03 06:49:30,2,2,3606.5,1435
2022-10-03 06:49:32,49,-6,3607.0,1429
2022-10-03 06:49:35,98,70,3607.75,1499
2022-10-03 06:49:36,79,35,3608.5,1534
2022-10-03 06:49:37,76,40,3609.0,1574
2022-10-03 06:49:38,42,17,3609.75,1591
2022-10-03 06:49:39,6,-4,3609.75,1587
2022-10-03 06:49:40,16,7,3609.75,1594
2022-10-03 06:49:41,6,-4,3610.0,1590
2022-10-03 06:49:42,50,27,3610.25,1617
2022-10-03 06:49:43,29,0,3610.25,1617
2022-10-03 06:49:44,21,11,3610.25,1628
2022-10-03 06:49:45,20,-13,3610.25,1615
2022-10-03 06:49:46,1,-1,3610.0,1614
2022-10-03 06:49:47,3,3,3610.25,1617
2022-10-03 06:49:48,60,0,3610.25,1617
2022-10-03 06:49:49,17,2,3610.75,1619
2022-10-03 06:49:50,4,4,3610.5,1623
2022-10-03 06:49:51,25,-2,3610.5,1621
2022-10-03 06:49:52,7,7,3610.5,1628
2022-10-03 06:49:53,20,-11,3610.75,1617
2022-10-03 06:49:54,14,-3,3610.25,1614
2022-10-03 06:49:55,3,1,3610.25,1615
2022-10-03 06:49:56,8,2,3610.5,1617
2022-10-03 06:49:57,37,16,3610.75,1633
2022-10-03 06:49:58,31,-6,3611.0,1627
2022-10-03 06:49:59,329,120,3612.75,1747
2022-10-03 06:50:00,23,-14,3612.5,1733
2022-10-03 06:50:01,39,7,3612.5,1740
2022-10-03 06:50:02,18,0,3612.5,1740
2022-10-03 06:50:03,5,3,3612.5,1743
2022-10-03 06:50:04,6,-6,3612.5,1737
2022-10-03 06:50:05,41,38,3613.0,1775
2022-10-03 06:50:06,29,-2,3613.0,1773
2022-10-03 06:50:07,33,19,3613.25,1792
2022-10-03 06:50:08,172,38,3613.75,1830
2022-10-03 06:50:09,34,2,3613.25,1832
2022-10-03 06:50:10,4,0,3613.0,1832
2022-10-03 06:50:11,21,-3,3613.0,1829
2022-10-03 06:50:12,14,9,3613.25,1838
2022-10-03 06:50:13,44,-17,3613.0,1821
2022-10-03 06:50:14,15,5,3612.75,1826
2022-10-03 06:50:15,51,-18,3612.75,1808
2022-10-03 06:50:16,20,-13,3612.25,1795
2022-10-03 06:50:17,29,1,3612.5,1796
2022-10-03 06:50:19,15,-4,3612.25,1792
2022-10-03 06:50:20,43,-10,3612.0,1782
2022-10-03 06:50:21,30,-12,3611.5,1770
2022-10-03 06:50:22,25,2,3611.5,1772
2022-10-03 06:50:23,7,6,3611.5,1778
2022-10-03 06:50:24,23,0,3611.5,1778
2022-10-03 06:50:26,16,3,3611.75,1781
2022-10-03 06:50:27,21,-10,3611.5,1771
2022-10-03 06:50:28,30,-8,3611.25,1763
2022-10-03 06:50:29,12,-9,3611.25,1754
2022-10-03 06:50:30,20,3,3611.75,1757
2022-10-03 06:50:31,6,0,3611.75,1757
2022-10-03 06:50:33,1,1,3611.75,1758
2022-10-03 06:50:34,39,32,3612.75,1790
2022-10-03 06:50:35,312,-264,3612.5,1526
2022-10-03 06:50:36,31,13,3611.5,1539
2022-10-03 06:50:37,13,9,3612.0,1548
2022-10-03 06:50:38,64,23,3612.25,1571
2022-10-03 06:50:39,31,1,3612.5,1572
2022-10-03 06:50:40,17,-1,3612.5,1571
2022-10-03 06:50:42,18,2,3612.5,1573
2022-10-03 06:50:46,2,-2,3612.5,1571
2022-10-03 06:50:47,69,23,3613.25,1594
2022-10-03 06:50:48,6,6,3613.25,1600
2022-10-03 06:50:49,10,-6,3613.25,1594
2022-10-03 06:50:50,3,-1,3613.25,1593
2022-10-03 06:50:51,10,-4,3613.0,1589
2022-10-03 06:50:52,13,-6,3613.0,1583
2022-10-03 06:50:53,13,3,3613.0,1586
2022-10-03 06:50:54,10,-2,3612.75,1584
2022-10-03 06:50:55,32,-4,3612.75,1580
2022-10-03 06:50:56,10,-7,3612.5,1573
2022-10-03 06:50:57,20,3,3612.5,1576
2022-10-03 06:50:58,7,-4,3612.5,1572
2022-10-03 06:50:59,12,8,3612.5,1580
2022-10-03 06:51:00,3,-1,3612.75,1579
2022-10-03 06:51:01,55,36,3612.75,1615
2022-10-03 06:51:03,16,-7,3612.5,1608
2022-10-03 06:51:04,19,14,3612.75,1622
2022-10-03 06:51:05,5,-4,3612.5,1618
2022-10-03 06:51:06,1,1,3612.5,1619
2022-10-03 06:51:07,1,1,3612.5,1620
2022-10-03 06:51:08,10,3,3612.5,1623
2022-10-03 06:51:09,13,-5,3612.5,1618
2022-10-03 06:51:11,54,34,3612.75,1652
2022-10-03 06:51:12,1,1,3612.75,1653
2022-10-03 06:51:13,8,-8,3612.5,1645
2022-10-03 06:51:14,13,12,3612.75,1657
2022-10-03 06:51:15,3,1,3612.75,1658
2022-10-03 06:51:16,9,-4,3612.75,1654
2022-10-03 06:51:17,13,-6,3612.75,1648
2022-10-03 06:51:18,1,1,3612.75,1649
2022-10-03 06:51:20,3,-3,3612.75,1646
2022-10-03 06:51:21,24,25,3612.75,1671
2022-10-03 06:51:22,11,8,3612.75,1679
2022-10-03 06:51:23,3,3,3612.75,1682
2022-10-03 06:51:24,53,61,3613.25,1743
2022-10-03 06:51:25,80,57,3613.75,1800
2022-10-03 06:51:26,158,106,3614.75,1906
2022-10-03 06:51:27,18,17,3614.25,1923
2022-10-03 06:51:28,1,-1,3614.0,1922
2022-10-03 06:51:30,22,-15,3614.0,1907
2022-10-03 06:51:32,3,-1,3614.0,1906
2022-10-03 06:51:34,1,1,3614.0,1907
2022-10-03 06:51:35,33,-22,3613.75,1885
2022-10-03 06:51:36,4,4,3613.5,1889
2022-10-03 06:51:37,5,-1,3613.25,1888
2022-10-03 06:51:40,39,-18,3613.0,1870
2022-10-03 06:51:41,5,-1,3612.75,1869
2022-10-03 06:51:42,2,-2,3612.5,1867
2022-10-03 06:51:43,10,-2,3612.25,1865
2022-10-03 06:51:44,1,-1,3612.25,1864
2022-10-03 06:51:45,24,-17,3612.25,1847
2022-10-03 06:51:46,1,1,3612.5,1848
2022-10-03 06:51:47,98,-21,3612.5,1827
2022-10-03 06:51:48,29,-15,3612.0,1812
2022-10-03 06:51:49,33,7,3611.5,1819
2022-10-03 06:51:50,12,0,3611.5,1819
2022-10-03 06:51:52,33,-9,3611.25,1810
2022-10-03 06:51:53,3,-3,3611.25,1807
2022-10-03 06:51:54,2,-2,3611.25,1805
2022-10-03 06:51:55,15,8,3611.25,1813
2022-10-03 06:51:57,5,1,3611.5,1814
2022-10-03 06:51:58,33,21,3611.5,1835
2022-10-03 06:51:59,5,3,3611.25,1838
2022-10-03 06:52:00,7,5,3611.25,1843
2022-10-03 06:52:01,8,0,3611.25,1843
2022-10-03 06:52:02,20,-14,3611.0,1829
2022-10-03 06:52:03,29,-23,3610.5,1806
2022-10-03 06:52:04,3,-3,3610.25,1803
2022-10-03 06:52:05,35,-1,3610.5,1802
2022-10-03 06:52:06,22,6,3611.0,1808
2022-10-03 06:52:07,16,-3,3610.75,1805
2022-10-03 06:52:08,7,1,3610.5,1806
2022-10-03 06:52:09,6,-6,3610.25,1800
2022-10-03 06:52:10,8,2,3610.25,1802
2022-10-03 06:52:11,1,-1,3610.0,1801
2022-10-03 06:52:12,14,1,3610.25,1802
2022-10-03 06:52:13,6,4,3610.25,1806
2022-10-03 06:52:14,1,1,3610.25,1807
2022-10-03 06:52:15,16,13,3610.25,1820
2022-10-03 06:52:16,9,8,3610.5,1828
2022-10-03 06:52:17,17,-14,3610.25,1814
2022-10-03 06:52:18,8,4,3610.25,1818
2022-10-03 06:52:19,4,-4,3610.25,1814
2022-10-03 06:52:21,7,-1,3610.25,1813
2022-10-03 06:52:22,2,-2,3610.25,1811
2022-10-03 06:52:23,55,-42,3610.0,1769
2022-10-03 06:52:24,6,6,3609.5,1775
2022-10-03 06:52:25,6,1,3609.5,1776
2022-10-03 06:52:26,2,-2,3609.25,1774
2022-10-03 06:52:27,4,-4,3609.25,1770
2022-10-03 06:52:28,16,-5,3609.25,1765
2022-10-03 06:52:29,5,-1,3609.25,1764
2022-10-03 06:52:30,7,-5,3609.0,1759
2022-10-03 06:52:31,4,0,3609.0,1759
2022-10-03 06:52:32,5,3,3609.25,1762
2022-10-03 06:52:33,6,-6,3609.0,1756
2022-10-03 06:52:36,17,1,3609.25,1757
2022-10-03 06:52:37,3,-3,3609.0,1754
2022-10-03 06:52:39,15,-14,3608.75,1740
2022-10-03 06:52:40,16,-4,3608.5,1736
2022-10-03 06:52:46,12,2,3608.75,1738
2022-10-03 06:52:47,10,-10,3608.75,1728
2022-10-03 06:52:48,8,-8,3608.5,1720
2022-10-03 06:52:49,2,0,3608.75,1720
2022-10-03 06:52:50,11,-9,3608.75,1711
2022-10-03 06:52:51,1,1,3608.5,1712
2022-10-03 06:52:52,26,1,3608.25,1713
2022-10-03 06:52:53,6,0,3608.5,1713
2022-10-03 06:52:54,7,3,3608.25,1716
2022-10-03 06:52:55,35,19,3608.75,1735
2022-10-03 06:52:57,14,2,3609.0,1737
2022-10-03 06:52:58,2,0,3608.75,1737
2022-10-03 06:52:59,10,1,3609.0,1738
2022-10-03 06:53:00,7,-7,3608.75,1731
2022-10-03 06:53:01,7,-3,3608.75,1728
2022-10-03 06:53:02,5,5,3609.0,1733
2022-10-03 06:53:03,40,10,3609.25,1743
2022-10-03 06:53:04,1,1,3609.25,1744
2022-10-03 06:53:05,3,-3,3609.0,1741
2022-10-03 06:53:06,39,0,3609.75,1741
2022-10-03 06:53:07,267,121,3610.25,1862
2022-10-03 06:53:08,48,1,3610.0,1863
2022-10-03 06:53:09,58,22,3610.5,1885
2022-10-03 06:53:10,55,0,3611.0,1885
2022-10-03 06:53:11,40,6,3611.0,1891
2022-10-03 06:53:12,2,-1,3610.75,1890
2022-10-03 06:53:13,18,-11,3610.75,1879
2022-10-03 06:53:14,10,-2,3610.5,1877
2022-10-03 06:53:15,4,0,3610.5,1877
2022-10-03 06:53:17,40,-12,3610.5,1865
2022-10-03 06:53:18,4,4,3610.25,1869
2022-10-03 06:53:19,6,-6,3610.0,1863
2022-10-03 06:53:20,5,1,3610.0,1864
2022-10-03 06:53:21,3,-1,3610.0,1863
2022-10-03 06:53:22,6,3,3610.0,1866
2022-10-03 06:53:23,31,6,3610.25,1872
2022-10-03 06:53:24,3,1,3610.25,1873
2022-10-03 06:53:25,3,1,3610.25,1874
2022-10-03 06:53:27,12,8,3610.5,1882
2022-10-03 06:53:29,3,3,3610.75,1885
2022-10-03 06:53:30,3,-3,3610.5,1882
2022-10-03 06:53:31,1,1,3610.5,1883
2022-10-03 06:53:33,15,5,3610.5,1888
2022-10-03 06:53:34,1,1,3610.75,1889
2022-10-03 06:53:35,1,1,3610.75,1890
2022-10-03 06:53:37,26,-11,3610.5,1879
2022-10-03 06:53:38,10,3,3610.5,1882
2022-10-03 06:53:39,3,-3,3610.5,1879
2022-10-03 06:53:42,9,0,3610.75,1879
2022-10-03 06:53:43,4,-4,3610.5,1875
2022-10-03 06:53:46,17,-11,3610.25,1864
2022-10-03 06:53:47,2,-2,3610.0,1862
2022-10-03 06:53:50,1,-1,3610.0,1861
2022-10-03 06:53:52,6,2,3610.0,1863
2022-10-03 06:53:54,1,-1,3610.0,1862
2022-10-03 06:53:55,9,-3,3610.0,1859
2022-10-03 06:53:56,13,12,3610.5,1871
2022-10-03 06:53:57,5,-3,3610.25,1868
2022-10-03 06:53:59,4,-1,3610.0,1867
2022-10-03 06:54:00,2,2,3610.0,1869
2022-10-03 06:54:01,1,1,3610.25,1870
2022-10-03 06:54:02,19,5,3610.5,1875
2022-10-03 06:54:03,1,1,3610.5,1876
2022-10-03 06:54:04,14,14,3610.75,1890
2022-10-03 06:54:05,30,6,3611.0,1896
2022-10-03 06:54:06,4,2,3611.0,1898
2022-10-03 06:54:07,1,-1,3611.0,1897
2022-10-03 06:54:08,6,-3,3611.0,1894
2022-10-03 06:54:09,4,-1,3611.0,1893
2022-10-03 06:54:10,2,0,3611.25,1893
2022-10-03 06:54:12,11,-3,3611.0,1890
2022-10-03 06:54:13,3,1,3610.75,1891
2022-10-03 06:54:16,8,-8,3610.5,1883
2022-10-03 06:54:17,10,4,3610.75,1887
2022-10-03 06:54:18,6,0,3610.5,1887
2022-10-03 06:54:19,3,3,3610.75,1890
2022-10-03 06:54:20,40,-16,3610.75,1874
2022-10-03 06:54:21,2,2,3610.75,1876
2022-10-03 06:54:22,2,-2,3610.75,1874
2022-10-03 06:54:23,10,-4,3610.5,1870
2022-10-03 06:54:24,2,-2,3610.25,1868
2022-10-03 06:54:25,1,-1,3610.25,1867
2022-10-03 06:54:26,3,3,3610.25,1870
2022-10-03 06:54:27,2,-2,3610.25,1868
2022-10-03 06:54:29,1,-1,3610.0,1867
2022-10-03 06:54:31,31,-11,3610.25,1856
2022-10-03 06:54:32,6,-6,3609.75,1850
2022-10-03 06:54:33,36,-21,3609.5,1829
2022-10-03 06:54:34,40,-3,3609.0,1826
2022-10-03 06:54:35,3,1,3609.25,1827
2022-10-03 06:54:36,5,3,3609.25,1830
2022-10-03 06:54:37,86,98,3609.75,1928
2022-10-03 06:54:38,21,-2,3609.5,1926
2022-10-03 06:54:39,6,-5,3609.5,1921
2022-10-03 06:54:41,10,-2,3609.5,1919
2022-10-03 06:54:43,1,-1,3609.5,1918
2022-10-03 06:54:44,14,-1,3609.5,1917
2022-10-03 06:54:45,10,-11,3609.25,1906
2022-10-03 06:54:46,32,7,3609.75,1913
2022-10-03 06:54:49,12,9,3610.0,1922
2022-10-03 06:54:50,2,-2,3609.75,1920
2022-10-03 06:54:51,4,4,3610.25,1924
2022-10-03 06:54:55,5,3,3610.25,1927
2022-10-03 06:54:56,6,2,3610.25,1929
2022-10-03 06:54:57,8,-1,3610.5,1928
2022-10-03 06:54:59,4,-3,3610.25,1925
2022-10-03 06:55:00,7,-3,3610.0,1922
2022-10-03 06:55:03,1,-1,3610.0,1921
2022-10-03 06:55:05,167,167,3611.25,2088
2022-10-03 06:55:06,12,4,3611.5,2092
2022-10-03 06:55:07,18,-2,3611.5,2090
2022-10-03 06:55:08,30,22,3612.5,2112
2022-10-03 06:55:09,7,-3,3612.25,2109
2022-10-03 06:55:10,9,-2,3612.25,2107
2022-10-03 06:55:11,7,-5,3612.0,2102
2022-10-03 06:55:13,481,395,3614.5,2497
2022-10-03 06:55:14,75,-29,3614.0,2468
2022-10-03 06:55:15,17,1,3613.5,2469
2022-10-03 06:55:16,2,-2,3613.5,2467
2022-10-03 06:55:17,37,-7,3613.25,2460
2022-10-03 06:55:18,21,0,3613.5,2460
2022-10-03 06:55:19,27,6,3613.5,2466
2022-10-03 06:55:20,17,0,3613.5,2466
2022-10-03 06:55:21,12,4,3613.5,2470
2022-10-03 06:55:22,37,-15,3613.75,2455
2022-10-03 06:55:23,1,1,3613.5,2456
2022-10-03 06:55:24,13,-3,3613.25,2453
2022-10-03 06:55:25,5,-4,3613.25,2449
2022-10-03 06:55:27,10,-2,3613.0,2447
2022-10-03 06:55:28,14,-1,3613.5,2446
2022-10-03 06:55:30,7,-3,3613.5,2443
2022-10-03 06:55:31,1,1,3613.5,2444
2022-10-03 06:55:32,20,-14,3613.25,2430
2022-10-03 06:55:33,3,3,3613.0,2433
2022-10-03 06:55:34,1,1,3613.25,2434
2022-10-03 06:55:35,1,-1,3613.0,2433
2022-10-03 06:55:36,1,-1,3613.0,2432
2022-10-03 06:55:37,13,-1,3613.25,2431
2022-10-03 06:55:40,4,4,3613.0,2435
2022-10-03 06:55:41,4,-4,3612.75,2431
2022-10-03 06:55:42,2,2,3612.75,2433
2022-10-03 06:55:44,61,-40,3613.0,2393
2022-10-03 06:55:45,13,3,3612.75,2396
2022-10-03 06:55:47,1,1,3612.75,2397
2022-10-03 06:55:48,4,0,3612.75,2397
2022-10-03 06:55:49,3,-3,3612.5,2394
2022-10-03 06:55:50,22,5,3612.75,2399
2022-10-03 06:55:51,60,46,3613.25,2445
2022-10-03 06:55:53,9,-6,3613.25,2439
2022-10-03 06:55:54,17,-11,3613.0,2428
2022-10-03 06:55:55,9,-3,3612.75,2425
2022-10-03 06:55:56,8,4,3612.5,2429
2022-10-03 06:55:57,14,10,3612.5,2439
2022-10-03 06:55:58,25,6,3612.75,2445
2022-10-03 06:55:59,21,5,3613.0,2450
2022-10-03 06:56:00,2,0,3613.0,2450
2022-10-03 06:56:02,53,10,3613.25,2460
2022-10-03 06:56:03,3,1,3613.25,2461
2022-10-03 06:56:04,2,2,3613.25,2463
2022-10-03 06:56:05,1,1,3613.25,2464
2022-10-03 06:56:06,22,10,3613.25,2474
2022-10-03 06:56:07,2,2,3613.25,2476
2022-10-03 06:56:08,29,-19,3613.0,2457
2022-10-03 06:56:09,45,35,3613.5,2492
2022-10-03 06:56:10,21,-11,3613.5,2481
2022-10-03 06:56:11,415,110,3614.75,2591
2022-10-03 06:56:12,151,56,3615.25,2647
2022-10-03 06:56:13,26,-1,3615.0,2646
2022-10-03 06:56:14,31,18,3615.0,2664
2022-10-03 06:56:15,2,-1,3614.75,2663
2022-10-03 06:56:16,64,4,3615.0,2667
2022-10-03 06:56:17,63,25,3615.5,2692
2022-10-03 06:56:18,11,2,3615.75,2694
2022-10-03 06:56:19,11,7,3615.75,2701
2022-10-03 06:56:20,57,-11,3615.75,2690
2022-10-03 06:56:21,36,38,3615.75,2728
2022-10-03 06:56:22,31,-20,3615.75,2708
2022-10-03 06:56:23,8,2,3615.75,2710
2022-10-03 06:56:24,79,-30,3615.5,2680
2022-10-03 06:56:25,22,5,3615.25,2685
2022-10-03 06:56:27,10,4,3615.25,2689
2022-10-03 06:56:28,4,4,3615.5,2693
2022-10-03 06:56:30,3,3,3615.5,2696
2022-10-03 06:56:31,2,0,3615.5,2696
2022-10-03 06:56:32,11,9,3615.5,2705
2022-10-03 06:56:33,4,-2,3615.75,2703
2022-10-03 06:56:34,20,-10,3615.25,2693
2022-10-03 06:56:35,120,153,3615.75,2846
2022-10-03 06:56:36,3,-1,3615.5,2845
2022-10-03 06:56:37,20,5,3615.5,2850
2022-10-03 06:56:38,10,-2,3615.5,2848
2022-10-03 06:56:39,2,0,3615.75,2848
2022-10-03 06:56:40,105,35,3616.0,2883
2022-10-03 06:56:41,2,-2,3615.5,2881
2022-10-03 06:56:42,9,3,3615.75,2884
2022-10-03 06:56:43,23,1,3616.0,2885
2022-10-03 06:56:44,32,-18,3615.5,2867
2022-10-03 06:56:46,4,0,3615.5,2867
2022-10-03 06:56:47,4,-4,3615.25,2863
2022-10-03 06:56:48,5,1,3615.0,2864
2022-10-03 06:56:49,20,-1,3614.75,2863
2022-10-03 06:56:51,16,1,3615.0,2864
2022-10-03 06:56:52,5,-3,3615.0,2861
2022-10-03 06:56:53,31,27,3615.25,2888
2022-10-03 06:56:54,8,-8,3615.25,2880
2022-10-03 06:56:55,81,-15,3615.0,2865
2022-10-03 06:56:56,131,39,3615.5,2904
2022-10-03 06:56:57,12,-4,3615.25,2900
2022-10-03 06:56:58,1,-1,3615.0,2899
2022-10-03 06:56:59,7,-4,3615.25,2895
2022-10-03 06:57:00,26,4,3615.5,2899
2022-10-03 06:57:01,39,36,3616.0,2935
2022-10-03 06:57:02,13,-4,3616.0,2931
2022-10-03 06:57:03,7,-3,3615.75,2928
2022-10-03 06:57:04,19,2,3615.75,2930
2022-10-03 06:57:05,11,1,3615.75,2931
2022-10-03 06:57:06,136,149,3616.5,3080
2022-10-03 06:57:07,45,14,3616.25,3094
2022-10-03 06:57:09,36,-16,3616.0,3078
2022-10-03 06:57:10,8,-2,3615.25,3076
2022-10-03 06:57:11,25,-7,3615.0,3069
2022-10-03 06:57:12,10,-4,3615.0,3065
2022-10-03 06:57:13,31,2,3615.0,3067
2022-10-03 06:57:14,5,-5,3615.0,3062
2022-10-03 06:57:16,1,-1,3614.75,3061
2022-10-03 06:57:17,4,4,3615.0,3065
2022-10-03 06:57:18,13,-3,3615.0,3062
2022-10-03 06:57:19,3,3,3615.0,3065
2022-10-03 06:57:20,9,-6,3615.0,3059
2022-10-03 06:57:21,3,-3,3615.0,3056
2022-10-03 06:57:22,11,-8,3614.75,3048
2022-10-03 06:57:23,4,0,3614.75,3048
2022-10-03 06:57:24,10,0,3614.75,3048
2022-10-03 06:57:25,11,5,3614.75,3053
2022-10-03 06:57:27,3,-3,3614.75,3050
2022-10-03 06:57:28,16,-8,3614.75,3042
2022-10-03 06:57:29,3,-3,3614.5,3039
2022-10-03 06:57:31,43,20,3615.75,3059
2022-10-03 06:57:33,1,-1,3615.5,3058
2022-10-03 06:57:35,184,115,3616.5,3173
2022-10-03 06:57:36,8,-5,3616.25,3168
2022-10-03 06:57:37,22,-5,3616.0,3163
2022-10-03 06:57:38,1,-1,3616.0,3162
2022-10-03 06:57:39,14,-6,3616.0,3156
2022-10-03 06:57:40,1,1,3616.0,3157
2022-10-03 06:57:41,14,7,3616.0,3164
2022-10-03 06:57:42,2,-2,3615.75,3162
2022-10-03 06:57:43,1,-1,3615.75,3161
2022-10-03 06:57:44,38,-6,3616.0,3155
2022-10-03 06:57:45,9,9,3615.5,3164
2022-10-03 06:57:46,38,35,3615.75,3199
2022-10-03 06:57:47,1,1,3615.5,3200
2022-10-03 06:57:49,1,-1,3615.25,3199
2022-10-03 06:57:50,1,-1,3615.25,3198
2022-10-03 06:57:52,16,-6,3615.25,3192
2022-10-03 06:57:53,16,-11,3615.0,3181
2022-10-03 06:57:54,14,11,3615.5,3192
2022-10-03 06:57:55,43,-22,3615.0,3170
2022-10-03 06:57:56,1,1,3615.0,3171
2022-10-03 06:57:57,15,-12,3614.75,3159
2022-10-03 06:57:58,102,-3,3615.25,3156
2022-10-03 06:57:59,2,-2,3615.25,3154
2022-10-03 06:58:00,31,10,3615.5,3164
2022-10-03 06:58:01,29,-14,3615.25,3150
2022-10-03 06:58:02,2,-2,3615.25,3148
2022-10-03 06:58:03,10,0,3615.5,3148
2022-10-03 06:58:04,16,9,3615.5,3157
2022-10-03 06:58:05,6,-6,3615.5,3151
2022-10-03 06:58:06,15,7,3615.5,3158
2022-10-03 06:58:07,9,1,3615.5,3159
2022-10-03 06:58:08,17,5,3615.75,3164
2022-10-03 06:58:09,18,-11,3615.25,3153
2022-10-03 06:58:10,14,8,3615.5,3161
2022-10-03 06:58:14,11,6,3615.5,3167
2022-10-03 06:58:15,5,2,3615.5,3169
2022-10-03 06:58:17,20,4,3615.5,3173
2022-10-03 06:58:18,7,-1,3615.5,3172
2022-10-03 06:58:19,6,6,3615.75,3178
2022-10-03 06:58:20,14,-12,3615.5,3166
2022-10-03 06:58:24,20,-6,3615.25,3160
2022-10-03 06:58:25,8,8,3615.25,3168
2022-10-03 06:58:26,4,4,3615.25,3172
2022-10-03 06:58:27,51,-32,3615.0,3140
2022-10-03 06:58:28,32,-6,3614.75,3134
2022-10-03 06:58:29,3,-3,3614.75,3131
2022-10-03 06:58:30,3,3,3614.75,3134
2022-10-03 06:58:31,4,-4,3614.75,3130
2022-10-03 06:58:32,1,-1,3614.75,3129
2022-10-03 06:58:33,9,6,3615.0,3135
2022-10-03 06:58:34,7,5,3615.0,3140
2022-10-03 06:58:36,11,-6,3614.75,3134
2022-10-03 06:58:37,2,2,3614.75,3136
2022-10-03 06:58:38,1,-1,3614.75,3135
2022-10-03 06:58:40,10,1,3614.75,3136
2022-10-03 06:58:42,10,2,3615.0,3138
2022-10-03 06:58:43,4,-2,3615.0,3136
2022-10-03 06:58:44,2,2,3615.0,3138
2022-10-03 06:58:45,3,-1,3615.0,3137
2022-10-03 06:58:46,6,-4,3615.25,3133
2022-10-03 06:58:47,5,4,3615.25,3137
2022-10-03 06:58:51,15,14,3615.25,3151
2022-10-03 06:58:54,32,-11,3615.0,3140
2022-10-03 06:58:55,3,-2,3615.0,3138
2022-10-03 06:58:57,14,3,3615.25,3141
2022-10-03 06:58:58,52,-71,3615.25,3070
2022-10-03 06:58:59,12,-2,3614.75,3068
2022-10-03 06:59:00,39,0,3614.75,3068
2022-10-03 06:59:01,1,-1,3614.5,3067
2022-10-03 06:59:02,24,-12,3614.5,3055
2022-10-03 06:59:04,6,2,3614.75,3057
2022-10-03 06:59:05,11,-7,3614.75,3050
2022-10-03 06:59:06,12,4,3615.0,3054
2022-10-03 06:59:07,1,1,3615.25,3055
2022-10-03 06:59:09,19,-4,3615.0,3051
2022-10-03 06:59:10,58,-59,3615.0,2992
2022-10-03 06:59:12,2,-2,3615.0,2990
2022-10-03 06:59:13,12,-2,3615.0,2988
2022-10-03 06:59:15,12,-8,3615.0,2980
2022-10-03 06:59:17,27,5,3615.5,2985
2022-10-03 06:59:19,5,-5,3615.25,2980
2022-10-03 06:59:20,19,7,3615.5,2987
2022-10-03 06:59:21,7,-2,3615.5,2985
2022-10-03 06:59:22,1,1,3615.25,2986
2022-10-03 06:59:23,5,-1,3615.25,2985
2022-10-03 06:59:28,11,-11,3615.0,2974
2022-10-03 06:59:29,7,-5,3615.0,2969
2022-10-03 06:59:30,4,-3,3615.0,2966
2022-10-03 06:59:33,1,-1,3615.0,2965
2022-10-03 06:59:34,5,5,3615.25,2970
2022-10-03 06:59:35,6,-1,3615.25,2969
2022-10-03 06:59:36,23,20,3615.75,2989
2022-10-03 06:59:37,6,-4,3615.5,2985
2022-10-03 06:59:38,2,1,3615.5,2986
2022-10-03 06:59:39,7,5,3615.5,2991
2022-10-03 06:59:40,10,-6,3615.5,2985
2022-10-03 06:59:41,1,1,3615.75,2986
2022-10-03 06:59:42,16,12,3616.0,2998
2022-10-03 06:59:43,29,2,3616.0,3000
2022-10-03 06:59:44,28,0,3616.25,3000
2022-10-03 06:59:45,3,-1,3616.25,2999
2022-10-03 06:59:47,7,1,3616.25,3000
2022-10-03 06:59:48,20,-12,3616.0,2988
2022-10-03 06:59:51,24,-5,3615.75,2983
2022-10-03 06:59:52,3,2,3615.75,2985
2022-10-03 06:59:53,7,-5,3615.75,2980
2022-10-03 06:59:54,1,1,3615.75,2981
2022-10-03 06:59:55,4,4,3616.0,2985
2022-10-03 06:59:56,4,2,3615.75,2987
2022-10-03 06:59:57,10,10,3616.25,2997
2022-10-03 06:59:58,44,-4,3616.25,2993
2022-10-03 06:59:59,52,28,3616.5,3021
2022-10-03 07:00:00,76,-2,3616.5,3019
2022-10-03 07:00:01,49,-12,3615.25,3007
2022-10-03 07:00:02,28,-6,3615.0,3001
2022-10-03 07:00:03,21,11,3615.0,3012
2022-10-03 07:00:04,4,4,3615.25,3016
2022-10-03 07:00:05,21,2,3615.5,3018
2022-10-03 07:00:06,7,-5,3615.25,3013
2022-10-03 07:00:07,2,2,3615.25,3015
2022-10-03 07:00:08,1,1,3615.5,3016
2022-10-03 07:00:09,8,4,3615.5,3020
2022-10-03 07:00:10,31,-23,3615.25,2997
2022-10-03 07:00:11,2,2,3615.0,2999
2022-10-03 07:00:12,4,-1,3615.25,2998
2022-10-03 07:00:13,1,-1,3615.0,2997
2022-10-03 07:00:14,2,-2,3615.25,2995
2022-10-03 07:00:15,3,1,3615.25,2996
2022-10-03 07:00:16,3,-3,3615.25,2993
2022-10-03 07:00:17,10,-10,3615.0,2983
2022-10-03 07:00:18,19,3,3614.75,2986
2022-10-03 07:00:19,24,-11,3615.0,2975
2022-10-03 07:00:20,1,-1,3614.5,2974
2022-10-03 07:00:22,15,11,3614.75,2985
2022-10-03 07:00:23,2,2,3615.0,2987
2022-10-03 07:00:24,1,-1,3614.75,2986
2022-10-03 07:00:25,11,-11,3614.75,2975
2022-10-03 07:00:26,25,-2,3614.75,2973
2022-10-03 07:00:27,14,-4,3614.75,2969
2022-10-03 07:00:28,214,-108,3614.5,2861
2022-10-03 07:00:29,38,-6,3614.25,2855
2022-10-03 07:00:30,47,18,3614.25,2873
2022-10-03 07:00:31,6,-2,3614.0,2871
2022-10-03 07:00:32,5,-5,3614.0,2866
2022-10-03 07:00:33,8,1,3614.25,2867
2022-10-03 07:00:34,3,-3,3614.0,2864
2022-10-03 07:00:35,34,4,3614.75,2868
2022-10-03 07:00:36,8,6,3615.0,2874
2022-10-03 07:00:37,20,-13,3615.25,2861
2022-10-03 07:00:38,12,-10,3615.0,2851
2022-10-03 07:00:39,101,29,3616.25,2880
2022-10-03 07:00:40,38,-24,3616.0,2856
2022-10-03 07:00:41,3,-3,3616.0,2853
2022-10-03 07:00:42,12,0,3616.25,2853
2022-10-03 07:00:43,9,0,3616.25,2853
2022-10-03 07:00:44,8,8,3616.5,2861
2022-10-03 07:00:45,20,29,3617.0,2890
2022-10-03 07:00:46,72,5,3617.0,2895
2022-10-03 07:00:47,17,7,3616.75,2902
2022-10-03 07:00:48,9,3,3616.75,2905
2022-10-03 07:00:49,3,3,3616.75,2908
2022-10-03 07:00:50,40,-19,3616.25,2889
2022-10-03 07:00:51,18,-7,3616.25,2882
2022-10-03 07:00:53,2,-1,3615.75,2881
2022-10-03 07:00:54,14,-10,3615.75,2871
2022-10-03 07:00:55,7,-1,3615.5,2870
2022-10-03 07:00:56,4,3,3615.5,2873
2022-10-03 07:00:57,7,-4,3615.5,2869
2022-10-03 07:01:00,8,2,3615.75,2871
2022-10-03 07:01:01,1,1,3615.75,2872
2022-10-03 07:01:03,27,14,3615.75,2886
2022-10-03 07:01:04,8,-6,3615.75,2880
2022-10-03 07:01:06,9,3,3615.75,2883
2022-10-03 07:01:07,8,-2,3616.0,2881
2022-10-03 07:01:09,25,5,3616.25,2886
2022-10-03 07:01:10,6,-6,3616.0,2880
2022-10-03 07:01:11,2,-2,3615.75,2878
2022-10-03 07:01:12,11,0,3615.5,2878
2022-10-03 07:01:13,1,-1,3615.5,2877
2022-10-03 07:01:15,5,-5,3615.5,2872
2022-10-03 07:01:16,6,-6,3615.5,2866
2022-10-03 07:01:17,19,4,3615.75,2870
2022-10-03 07:01:18,14,0,3616.0,2870
2022-10-03 07:01:19,7,-1,3616.25,2869
2022-10-03 07:01:21,66,11,3616.25,2880
2022-10-03 07:01:23,11,-3,3615.75,2877
2022-10-03 07:01:24,1,-1,3615.5,2876
2022-10-03 07:01:25,10,2,3615.75,2878
2022-10-03 07:01:26,22,-21,3615.5,2857
2022-10-03 07:01:27,10,0,3615.25,2857
2022-10-03 07:01:28,23,-5,3615.25,2852
2022-10-03 07:01:29,3,1,3615.25,2853
2022-10-03 07:01:30,1,-1,3615.25,2852
2022-10-03 07:01:32,6,-4,3615.25,2848
2022-10-03 07:01:33,32,7,3615.75,2855
2022-10-03 07:01:34,45,31,3616.25,2886
2022-10-03 07:01:35,31,17,3616.0,2903
2022-10-03 07:01:36,5,-5,3615.5,2898
2022-10-03 07:01:37,8,-8,3615.25,2890
2022-10-03 07:01:38,5,5,3615.25,2895
2022-10-03 07:01:39,1,-1,3615.25,2894
2022-10-03 07:01:40,18,-11,3615.0,2883
2022-10-03 07:01:41,6,5,3615.0,2888
2022-10-03 07:01:42,15,3,3615.25,2891
2022-10-03 07:01:43,10,0,3615.0,2891
2022-10-03 07:01:44,11,-15,3615.0,2876
2022-10-03 07:01:46,10,-6,3614.75,2870
2022-10-03 07:01:47,20,5,3614.75,2875
2022-10-03 07:01:49,32,-15,3614.5,2860
2022-10-03 07:01:50,77,-22,3614.25,2838
2022-10-03 07:01:51,53,-9,3613.75,2829
2022-10-03 07:01:52,1,1,3613.75,2830
2022-10-03 07:01:53,27,3,3613.75,2833
2022-10-03 07:01:55,24,2,3613.5,2835
2022-10-03 07:01:56,14,10,3613.75,2845
2022-10-03 07:01:57,8,1,3613.5,2846
2022-10-03 07:01:58,1,1,3613.5,2847
2022-10-03 07:01:59,3,-1,3613.5,2846
2022-10-03 07:02:00,52,-40,3613.25,2806
2022-10-03 07:02:01,60,-36,3612.75,2770
2022-10-03 07:02:02,39,1,3612.25,2771
2022-10-03 07:02:03,71,-22,3612.25,2749
2022-10-03 07:02:04,7,-5,3612.25,2744
2022-10-03 07:02:05,49,3,3612.25,2747
2022-10-03 07:02:06,51,3,3612.75,2750
2022-10-03 07:02:07,15,11,3613.0,2761
2022-10-03 07:02:08,18,11,3613.25,2772
2022-10-03 07:02:09,24,-5,3613.25,2767
2022-10-03 07:02:10,12,4,3613.25,2771
2022-10-03 07:02:11,17,10,3613.75,2781
2022-10-03 07:02:12,3,1,3613.75,2782
2022-10-03 07:02:13,1,-1,3613.5,2781
2022-10-03 07:02:14,41,-3,3613.75,2778
2022-10-03 07:02:15,30,-5,3613.25,2773
2022-10-03 07:02:16,9,5,3613.25,2778
2022-10-03 07:02:17,1,-1,3613.0,2777
2022-10-03 07:02:18,12,-4,3613.25,2773
2022-10-03 07:02:19,8,4,3613.25,2777
2022-10-03 07:02:20,14,7,3613.75,2784
2022-10-03 07:02:21,4,-4,3613.5,2780
2022-10-03 07:02:22,1,-1,3613.5,2779
2022-10-03 07:02:23,10,4,3613.5,2783
2022-10-03 07:02:24,9,-3,3613.25,2780
2022-10-03 07:02:25,8,2,3613.25,2782
2022-10-03 07:02:26,3,-1,3613.5,2781
2022-10-03 07:02:27,10,-6,3613.25,2775
2022-10-03 07:02:29,10,-4,3613.0,2771
2022-10-03 07:02:30,8,2,3613.25,2773
2022-10-03 07:02:31,4,0,3613.25,2773
2022-10-03 07:02:32,4,0,3613.25,2773
2022-10-03 07:02:33,1,1,3613.25,2774
2022-10-03 07:02:34,6,-2,3613.0,2772
2022-10-03 07:02:36,14,11,3613.25,2783
2022-10-03 07:02:37,9,3,3613.75,2786
2022-10-03 07:02:38,2,0,3613.75,2786
2022-10-03 07:02:39,5,3,3613.5,2789
2022-10-03 07:02:40,6,-2,3613.75,2787
2022-10-03 07:02:42,2,-2,3613.5,2785
2022-10-03 07:02:43,2,-2,3613.5,2783
2022-10-03 07:02:44,4,-2,3613.5,2781
2022-10-03 07:02:46,1,-1,3613.25,2780
2022-10-03 07:02:47,1,1,3613.5,2781
2022-10-03 07:02:48,13,-3,3613.5,2778
2022-10-03 07:02:49,1,1,3613.5,2779
2022-10-03 07:02:50,6,0,3613.25,2779
2022-10-03 07:02:53,4,4,3613.75,2783
2022-10-03 07:02:54,4,-3,3613.75,2780
2022-10-03 07:02:55,4,4,3613.75,2784
2022-10-03 07:02:56,1,-1,3613.75,2783
2022-10-03 07:02:57,39,3,3614.0,2786
2022-10-03 07:02:58,12,0,3613.75,2786
2022-10-03 07:03:00,26,4,3613.75,2790
2022-10-03 07:03:01,11,1,3614.0,2791
2022-10-03 07:03:02,3,-3,3613.75,2788
2022-10-03 07:03:03,3,-3,3613.75,2785
2022-10-03 07:03:04,1,-1,3613.75,2784
2022-10-03 07:03:05,3,3,3614.0,2787
2022-10-03 07:03:06,9,3,3613.75,2790
2022-10-03 07:03:09,64,40,3614.75,2830
2022-10-03 07:03:10,9,1,3614.5,2831
2022-10-03 07:03:11,25,-18,3614.25,2813
2022-10-03 07:03:12,1,-1,3614.0,2812
2022-10-03 07:03:13,18,0,3614.0,2812
2022-10-03 07:03:14,30,11,3614.5,2823
2022-10-03 07:03:15,5,5,3614.5,2828
2022-10-03 07:03:16,3,-3,3614.5,2825
2022-10-03 07:03:17,1,1,3614.5,2826
2022-10-03 07:03:18,4,0,3614.5,2826
2022-10-03 07:03:20,50,-14,3614.25,2812
2022-10-03 07:03:21,6,4,3613.75,2816
2022-10-03 07:03:23,3,1,3614.0,2817
2022-10-03 07:03:24,5,3,3614.25,2820
2022-10-03 07:03:25,4,0,3614.25,2820
2022-10-03 07:03:26,7,3,3614.5,2823
2022-10-03 07:03:27,17,3,3614.5,2826
2022-10-03 07:03:29,10,6,3614.75,2832
2022-10-03 07:03:30,4,3,3614.75,2835
2022-10-03 07:03:32,26,23,3615.0,2858
2022-10-03 07:03:34,10,2,3615.0,2860
2022-10-03 07:03:35,34,-26,3614.75,2834
2022-10-03 07:03:38,16,8,3614.75,2842
2022-10-03 07:03:40,12,-6,3614.75,2836
2022-10-03 07:03:41,1,1,3615.0,2837
2022-10-03 07:03:42,6,-2,3614.75,2835
2022-10-03 07:03:43,8,-2,3614.75,2833
2022-10-03 07:03:45,14,-3,3614.75,2830
2022-10-03 07:03:46,7,6,3614.75,2836
2022-10-03 07:03:48,7,7,3615.0,2843
2022-10-03 07:03:49,29,-4,3615.25,2839
2022-10-03 07:03:50,2,2,3615.0,2841
2022-10-03 07:03:51,2,-2,3614.75,2839
2022-10-03 07:03:52,15,-1,3614.5,2838
2022-10-03 07:03:53,12,-1,3614.5,2837
2022-10-03 07:03:54,5,-5,3614.25,2832
2022-10-03 07:03:55,22,-11,3614.25,2821
2022-10-03 07:03:57,10,6,3614.25,2827
2022-10-03 07:03:58,2,-3,3614.0,2824
2022-10-03 07:03:59,3,3,3614.0,2827
2022-10-03 07:04:00,4,-4,3614.0,2823
2022-10-03 07:04:01,12,2,3613.75,2825
2022-10-03 07:04:02,2,2,3613.75,2827
2022-10-03 07:04:03,19,-5,3613.75,2822
2022-10-03 07:04:05,7,0,3613.5,2822
2022-10-03 07:04:07,6,-4,3613.5,2818
2022-10-03 07:04:08,8,-4,3613.5,2814
2022-10-03 07:04:09,9,3,3613.25,2817
2022-10-03 07:04:10,3,3,3613.25,2820
2022-10-03 07:04:13,6,6,3613.5,2826
2022-10-03 07:04:14,6,6,3613.75,2832
2022-10-03 07:04:15,1,-1,3613.75,2831
2022-10-03 07:04:16,1,1,3614.0,2832
2022-10-03 07:04:17,6,6,3614.0,2838
2022-10-03 07:04:18,11,-11,3614.0,2827
2022-10-03 07:04:19,5,-5,3613.5,2822
2022-10-03 07:04:21,4,-4,3613.25,2818
2022-10-03 07:04:22,8,-7,3613.25,2811
2022-10-03 07:04:23,13,11,3613.5,2822
2022-10-03 07:04:24,8,0,3613.5,2822
2022-10-03 07:04:25,11,9,3613.75,2831
2022-10-03 07:04:26,1,-1,3613.75,2830
2022-10-03 07:04:27,1,1,3613.75,2831
2022-10-03 07:04:29,3,1,3613.75,2832
2022-10-03 07:04:30,16,14,3614.0,2846
2022-10-03 07:04:31,4,-2,3614.0,2844
2022-10-03 07:04:32,6,-6,3614.0,2838
2022-10-03 07:04:33,6,1,3614.0,2839
2022-10-03 07:04:34,34,17,3614.75,2856
2022-10-03 07:04:35,1,-1,3614.5,2855
2022-10-03 07:04:36,7,4,3614.75,2859
2022-10-03 07:04:39,5,-5,3614.75,2854
2022-10-03 07:04:40,4,-4,3614.75,2850
2022-10-03 07:04:41,7,7,3615.0,2857
2022-10-03 07:04:43,3,3,3615.0,2860
2022-10-03 07:04:44,2,-2,3614.75,2858
2022-10-03 07:04:45,2,2,3615.0,2860
2022-10-03 07:04:47,1,-1,3615.0,2859
2022-10-03 07:04:48,11,-4,3614.75,2855
2022-10-03 07:04:49,1,1,3615.0,2856
2022-10-03 07:04:53,14,2,3614.5,2858
2022-10-03 07:04:54,4,-1,3614.5,2857
2022-10-03 07:04:58,3,3,3614.5,2860
2022-10-03 07:04:59,3,3,3614.5,2863
2022-10-03 07:05:00,25,-9,3614.5,2854
2022-10-03 07:05:01,28,-13,3614.25,2841
2022-10-03 07:05:02,10,3,3614.0,2844
2022-10-03 07:05:03,27,-9,3613.75,2835
2022-10-03 07:05:04,20,15,3613.75,2850
2022-10-03 07:05:05,3,-3,3613.75,2847
2022-10-03 07:05:07,7,3,3613.75,2850
2022-10-03 07:05:08,3,3,3613.75,2853
2022-10-03 07:05:09,4,-4,3613.75,2849
2022-10-03 07:05:11,16,-5,3613.75,2844
2022-10-03 07:05:15,13,-2,3613.75,2842
2022-10-03 07:05:16,10,-4,3613.75,2838
2022-10-03 07:05:17,8,6,3613.5,2844
2022-10-03 07:05:18,4,2,3613.75,2846
2022-10-03 07:05:19,2,2,3613.75,2848
2022-10-03 07:05:21,2,2,3613.75,2850
2022-10-03 07:05:22,24,14,3614.25,2864
2022-10-03 07:05:23,6,-6,3614.25,2858
2022-10-03 07:05:24,6,2,3614.5,2860
2022-10-03 07:05:25,109,44,3615.75,2904
2022-10-03 07:05:26,11,1,3615.5,2905
2022-10-03 07:05:27,1,1,3615.5,2906
2022-10-03 07:05:28,2,0,3615.5,2906
2022-10-03 07:05:30,21,-7,3615.5,2899
2022-10-03 07:05:31,5,1,3615.5,2900
2022-10-03 07:05:32,8,-8,3615.25,2892
2022-10-03 07:05:36,11,-5,3615.0,2887
2022-10-03 07:05:37,5,5,3615.25,2892
2022-10-03 07:05:38,9,4,3615.0,2896
2022-10-03 07:05:39,17,8,3615.25,2904
2022-10-03 07:05:40,1,-1,3615.0,2903
2022-10-03 07:05:41,1,-1,3615.0,2902
2022-10-03 07:05:42,2,2,3615.0,2904
2022-10-03 07:05:43,5,5,3615.0,2909
2022-10-03 07:05:44,18,4,3615.25,2913
2022-10-03 07:05:45,3,3,3615.25,2916
2022-10-03 07:05:46,2,2,3615.5,2918
2022-10-03 07:05:47,7,4,3615.5,2922
2022-10-03 07:05:49,3,-3,3615.25,2919
2022-10-03 07:05:50,32,11,3615.75,2930
2022-10-03 07:05:51,2,0,3615.5,2930
2022-10-03 07:05:52,30,17,3615.75,2947
2022-10-03 07:05:53,2,0,3615.5,2947
2022-10-03 07:05:55,5,5,3615.75,2952
2022-10-03 07:05:56,3,-3,3615.5,2949
2022-10-03 07:05:57,40,-9,3615.5,2940
2022-10-03 07:05:58,26,-13,3614.75,2927
2022-10-03 07:05:59,1,1,3614.75,2928
2022-10-03 07:06:00,2,2,3614.75,2930
2022-10-03 07:06:01,41,-13,3614.5,2917
2022-10-03 07:06:03,10,8,3614.5,2925
2022-10-03 07:06:04,21,1,3614.5,2926
2022-10-03 07:06:05,64,-47,3614.5,2879
2022-10-03 07:06:06,7,5,3614.25,2884
2022-10-03 07:06:07,17,-2,3614.0,2882
2022-10-03 07:06:08,20,-6,3614.5,2876
2022-10-03 07:06:09,12,-7,3614.0,2869
2022-10-03 07:06:10,42,-13,3614.25,2856
2022-10-03 07:06:12,13,9,3614.5,2865
2022-10-03 07:06:13,13,0,3614.5,2865
2022-10-03 07:06:14,11,-8,3614.5,2857
2022-10-03 07:06:15,5,-5,3614.25,2852
2022-10-03 07:06:16,8,6,3614.5,2858
2022-10-03 07:06:18,17,7,3614.75,2865
2022-10-03 07:06:19,21,-6,3614.5,2859
2022-10-03 07:06:20,1,1,3614.5,2860
2022-10-03 07:06:21,17,13,3614.75,2873
2022-10-03 07:06:22,2,2,3614.5,2875
2022-10-03 07:06:24,11,-6,3614.25,2869
2022-10-03 07:06:26,16,9,3614.25,2878
2022-10-03 07:06:27,8,2,3614.5,2880
2022-10-03 07:06:28,3,-3,3614.25,2877
2022-10-03 07:06:29,1,1,3614.5,2878
2022-10-03 07:06:31,1,1,3614.5,2879
2022-10-03 07:06:32,4,-4,3614.5,2875
2022-10-03 07:06:33,29,13,3614.75,2888
2022-10-03 07:06:34,5,-3,3615.0,2885
2022-10-03 07:06:35,69,36,3615.5,2921
2022-10-03 07:06:38,20,1,3615.5,2922
2022-10-03 07:06:39,12,-2,3615.5,2920
2022-10-03 07:06:40,6,-3,3615.75,2917
2022-10-03 07:06:44,8,0,3615.5,2917
2022-10-03 07:06:45,34,44,3616.0,2961
2022-10-03 07:06:46,9,-1,3615.75,2960
2022-10-03 07:06:47,5,-5,3615.5,2955
2022-10-03 07:06:49,10,-8,3615.25,2947
2022-10-03 07:06:50,23,-13,3615.25,2934
2022-10-03 07:06:51,2,2,3615.0,2936
2022-10-03 07:06:53,7,5,3615.0,2941
2022-10-03 07:06:55,1,1,3615.0,2942
2022-10-03 07:06:58,7,4,3615.0,2946
2022-10-03 07:06:59,37,19,3615.5,2965
2022-10-03 07:07:00,11,7,3615.25,2972
2022-10-03 07:07:01,14,9,3615.25,2981
2022-10-03 07:07:02,9,8,3615.25,2989
2022-10-03 07:07:03,1,-1,3615.25,2988
2022-10-03 07:07:04,2,2,3615.25,2990
2022-10-03 07:07:05,39,-2,3615.5,2988
2022-10-03 07:07:06,15,-3,3615.5,2985
2022-10-03 07:07:07,36,-11,3615.5,2974
2022-10-03 07:07:08,8,6,3615.25,2980
2022-10-03 07:07:09,20,4,3615.25,2984
2022-10-03 07:07:10,2,-2,3615.25,2982
2022-10-03 07:07:11,7,5,3615.25,2987
2022-10-03 07:07:12,11,-9,3615.25,2978
2022-10-03 07:07:13,33,-3,3615.0,2975
2022-10-03 07:07:14,24,12,3614.75,2987
2022-10-03 07:07:15,5,-5,3614.75,2982
2022-10-03 07:07:16,31,15,3615.5,2997
2022-10-03 07:07:18,14,10,3615.5,3007
2022-10-03 07:07:19,1,1,3615.75,3008
2022-10-03 07:07:20,25,-4,3615.75,3004
2022-10-03 07:07:23,5,-3,3615.5,3001
2022-10-03 07:07:24,10,5,3615.5,3006
2022-10-03 07:07:25,16,-3,3615.75,3003
2022-10-03 07:07:27,11,-11,3615.5,2992
2022-10-03 07:07:28,9,1,3615.5,2993
2022-10-03 07:07:29,3,-1,3615.5,2992
2022-10-03 07:07:31,2,2,3615.5,2994
2022-10-03 07:07:32,1,1,3615.75,2995
2022-10-03 07:07:33,6,-2,3615.5,2993
2022-10-03 07:07:35,5,5,3615.5,2998
2022-10-03 07:07:40,1,-1,3615.5,2997
2022-10-03 07:07:42,7,1,3615.75,2998
2022-10-03 07:07:43,1,-1,3615.5,2997
2022-10-03 07:07:44,19,-2,3616.0,2995
2022-10-03 07:07:45,4,4,3616.0,2999
2022-10-03 07:07:48,15,-3,3616.0,2996
2022-10-03 07:07:50,20,-5,3615.75,2991
2022-10-03 07:07:51,1,-1,3615.5,2990
2022-10-03 07:07:52,3,-1,3615.75,2989
2022-10-03 07:07:53,6,-3,3615.75,2986
2022-10-03 07:07:54,1,1,3615.75,2987
2022-10-03 07:07:57,14,-5,3616.0,2982
2022-10-03 07:07:58,6,1,3616.0,2983
2022-10-03 07:07:59,1,-1,3615.75,2982
2022-10-03 07:08:00,18,5,3616.0,2987
2022-10-03 07:08:01,1,-1,3615.75,2986
2022-10-03 07:08:02,8,4,3616.0,2990
2022-10-03 07:08:04,62,11,3616.5,3001
2022-10-03 07:08:05,1,-1,3616.0,3000
2022-10-03 07:08:07,21,-10,3615.75,2990
2022-10-03 07:08:08,5,-5,3615.5,2985
2022-10-03 07:08:10,1,-1,3615.25,2984
2022-10-03 07:08:11,5,5,3615.5,2989
2022-10-03 07:08:12,31,-8,3615.5,2981
2022-10-03 07:08:14,7,6,3615.5,2987
2022-10-03 07:08:15,20,-14,3615.5,2973
2022-10-03 07:08:16,3,2,3615.25,2975
2022-10-03 07:08:19,2,0,3615.25,2975
2022-10-03 07:08:20,13,4,3615.75,2979
2022-10-03 07:08:21,80,0,3615.75,2979
2022-10-03 07:08:23,15,10,3615.5,2989
2022-10-03 07:08:24,27,-13,3615.5,2976
2022-10-03 07:08:27,4,-2,3615.75,2974
2022-10-03 07:08:28,9,5,3615.5,2979
2022-10-03 07:08:30,2,0,3615.5,2979
2022-10-03 07:08:32,75,-7,3615.25,2972
2022-10-03 07:08:33,7,-2,3615.25,2970
2022-10-03 07:08:34,1,-1,3615.25,2969
2022-10-03 07:08:36,9,-7,3615.25,2962
2022-10-03 07:08:39,3,-1,3615.25,2961
2022-10-03 07:08:40,4,-4,3615.25,2957
2022-10-03 07:08:41,5,2,3615.25,2959
2022-10-03 07:08:42,1,-1,3615.25,2958
2022-10-03 07:08:44,48,-22,3615.25,2936
2022-10-03 07:08:45,18,-5,3615.0,2931
2022-10-03 07:08:46,25,2,3615.25,2933
2022-10-03 07:08:47,67,13,3615.5,2946
2022-10-03 07:08:48,24,9,3615.75,2955
2022-10-03 07:08:49,14,8,3616.0,2963
2022-10-03 07:08:50,10,3,3616.0,2966
2022-10-03 07:08:52,11,3,3616.0,2969
2022-10-03 07:08:53,9,0,3616.0,2969
2022-10-03 07:08:56,158,72,3616.75,3041
2022-10-03 07:08:57,20,5,3616.0,3046
2022-10-03 07:08:59,9,4,3616.0,3050
2022-10-03 07:09:00,10,7,3616.0,3057
2022-10-03 07:09:02,13,7,3616.0,3064
2022-10-03 07:09:06,4,-4,3616.0,3060
2022-10-03 07:09:07,14,-7,3616.0,3053
2022-10-03 07:09:11,14,-10,3616.0,3043
2022-10-03 07:09:12,23,2,3616.0,3045
2022-10-03 07:09:14,41,-9,3615.75,3036
2022-10-03 07:09:15,5,5,3616.0,3041
2022-10-03 07:09:16,6,-4,3616.0,3037
2022-10-03 07:09:17,5,-1,3616.0,3036
2022-10-03 07:09:19,1,-1,3615.75,3035
2022-10-03 07:09:20,14,-10,3615.75,3025
2022-10-03 07:09:21,17,-13,3615.5,3012
2022-10-03 07:09:23,17,-10,3615.25,3002
2022-10-03 07:09:24,23,-10,3615.0,2992
2022-10-03 07:09:26,26,7,3615.5,2999
2022-10-03 07:09:27,16,4,3615.5,3003
2022-10-03 07:09:29,6,2,3615.75,3005
2022-10-03 07:09:30,2,0,3615.75,3005
2022-10-03 07:09:31,4,-2,3615.75,3003
2022-10-03 07:09:33,11,-9,3615.5,2994
2022-10-03 07:09:34,14,6,3615.5,3000
2022-10-03 07:09:35,1,-1,3615.25,2999
2022-10-03 07:09:37,16,0,3615.5,2999
2022-10-03 07:09:38,7,-1,3615.5,2998
2022-10-03 07:09:39,6,6,3615.5,3004
2022-10-03 07:09:40,32,-20,3615.5,2984
2022-10-03 07:09:41,1,-1,3615.25,2983
2022-10-03 07:09:44,3,-2,3615.25,2981
2022-10-03 07:09:45,3,-3,3615.25,2978
2022-10-03 07:09:47,37,-7,3615.0,2971
2022-10-03 07:09:48,3,3,3615.0,2974
2022-10-03 07:09:49,9,-1,3614.75,2973
2022-10-03 07:09:50,5,-5,3614.5,2968
2022-10-03 07:09:51,5,5,3614.75,2973
2022-10-03 07:09:52,5,-3,3614.75,2970
2022-10-03 07:09:53,1,1,3614.75,2971
2022-10-03 07:09:54,13,10,3614.75,2981
2022-10-03 07:09:57,4,1,3615.0,2982
2022-10-03 07:09:58,40,-44,3614.75,2938
2022-10-03 07:09:59,6,-4,3614.5,2934
2022-10-03 07:10:00,1,1,3614.5,2935
2022-10-03 07:10:01,19,-9,3614.25,2926
2022-10-03 07:10:02,27,3,3614.5,2929
2022-10-03 07:10:03,13,-1,3614.25,2928
2022-10-03 07:10:05,20,-4,3614.0,2924
2022-10-03 07:10:06,15,11,3614.0,2935
2022-10-03 07:10:07,1,-1,3614.0,2934
2022-10-03 07:10:08,1,-1,3614.0,2933
2022-10-03 07:10:09,10,5,3614.25,2938
2022-10-03 07:10:10,9,2,3614.25,2940
2022-10-03 07:10:11,27,-14,3614.25,2926
2022-10-03 07:10:13,1,-1,3613.75,2925
2022-10-03 07:10:14,12,-4,3613.75,2921
2022-10-03 07:10:15,1,1,3614.0,2922
2022-10-03 07:10:16,5,3,3614.0,2925
2022-10-03 07:10:18,6,2,3614.0,2927
2022-10-03 07:10:19,9,7,3614.25,2934
2022-10-03 07:10:20,1,-1,3614.25,2933
2022-10-03 07:10:22,18,6,3614.5,2939
2022-10-03 07:10:23,40,31,3615.25,2970
2022-10-03 07:10:24,4,0,3615.0,2970
2022-10-03 07:10:25,6,-1,3615.0,2969
2022-10-03 07:10:27,19,-6,3615.0,2963
2022-10-03 07:10:30,6,4,3614.75,2967
2022-10-03 07:10:31,10,-3,3614.75,2964
2022-10-03 07:10:33,5,-5,3614.75,2959
2022-10-03 07:10:34,2,2,3614.75,2961
2022-10-03 07:10:35,2,-1,3614.5,2960
2022-10-03 07:10:36,7,-1,3614.75,2959
2022-10-03 07:10:37,4,4,3614.75,2963
2022-10-03 07:10:39,2,2,3614.75,2965
2022-10-03 07:10:41,4,0,3614.75,2965
2022-10-03 07:10:42,3,-3,3614.5,2962
2022-10-03 07:10:43,8,-4,3614.5,2958
2022-10-03 07:10:44,4,2,3614.5,2960
2022-10-03 07:10:45,12,-2,3614.25,2958
2022-10-03 07:10:47,33,7,3614.75,2965
2022-10-03 07:10:48,19,-9,3614.0,2956
2022-10-03 07:10:49,1,1,3614.0,2957
2022-10-03 07:10:50,54,-42,3613.75,2915
2022-10-03 07:10:51,31,-15,3613.25,2900
2022-10-03 07:10:52,17,-4,3613.0,2896
2022-10-03 07:10:53,8,1,3613.0,2897
2022-10-03 07:10:55,12,4,3613.0,2901
2022-10-03 07:10:56,9,-9,3613.0,2892
2022-10-03 07:10:57,6,0,3613.0,2892
2022-10-03 07:10:58,4,-2,3613.25,2890
2022-10-03 07:10:59,37,5,3613.25,2895
2022-10-03 07:11:00,26,-9,3613.0,2886
2022-10-03 07:11:01,18,8,3613.75,2894
2022-10-03 07:11:02,6,-3,3613.5,2891
2022-10-03 07:11:03,11,-3,3613.5,2888
2022-10-03 07:11:04,10,6,3613.5,2894
2022-10-03 07:11:05,11,-1,3613.5,2893
2022-10-03 07:11:07,4,0,3613.75,2893
2022-10-03 07:11:08,1,-1,3613.25,2892
2022-10-03 07:11:10,14,-8,3613.5,2884
2022-10-03 07:11:13,7,0,3613.5,2884
2022-10-03 07:11:16,4,-3,3613.0,2881
2022-10-03 07:11:18,10,5,3613.25,2886
2022-10-03 07:11:19,26,-5,3613.5,2881
2022-10-03 07:11:20,26,4,3613.5,2885
2022-10-03 07:11:21,6,4,3613.5,2889
2022-10-03 07:11:22,7,5,3613.5,2894
2022-10-03 07:11:23,3,0,3613.5,2894
2022-10-03 07:11:24,5,0,3613.5,2894
2022-10-03 07:11:25,23,-8,3613.5,2886
2022-10-03 07:11:26,17,10,3613.5,2896
2022-10-03 07:11:29,1,-1,3613.25,2895
2022-10-03 07:11:30,1,-1,3613.25,2894
2022-10-03 07:11:31,2,1,3613.5,2895
2022-10-03 07:11:32,11,-6,3613.25,2889
2022-10-03 07:11:33,23,-11,3613.0,2878
2022-10-03 07:11:34,40,-9,3613.0,2869
2022-10-03 07:11:35,10,0,3613.0,2869
2022-10-03 07:11:36,18,17,3613.25,2886
2022-10-03 07:11:37,42,8,3613.5,2894
2022-10-03 07:11:38,20,-3,3613.25,2891
2022-10-03 07:11:39,11,7,3613.5,2898
2022-10-03 07:11:40,3,1,3613.5,2899
2022-10-03 07:11:41,22,-4,3613.5,2895
2022-10-03 07:11:42,13,1,3613.5,2896
2022-10-03 07:11:43,21,15,3613.75,2911
2022-10-03 07:11:44,9,-3,3613.75,2908
2022-10-03 07:11:47,9,5,3614.0,2913
2022-10-03 07:11:48,28,-20,3614.0,2893
2022-10-03 07:11:50,1,1,3614.25,2894
2022-10-03 07:11:52,5,1,3614.25,2895
2022-10-03 07:11:53,1,1,3614.25,2896
2022-10-03 07:11:54,11,-7,3614.0,2889
2022-10-03 07:11:56,1,-1,3614.0,2888
2022-10-03 07:11:57,12,2,3614.25,2890
2022-10-03 07:11:59,16,0,3614.0,2890
2022-10-03 07:12:02,17,-8,3614.0,2882
2022-10-03 07:12:03,1,-1,3613.5,2881
2022-10-03 07:12:04,13,-9,3613.5,2872
2022-10-03 07:12:05,13,5,3613.5,2877
2022-10-03 07:12:10,5,5,3613.75,2882
2022-10-03 07:12:11,9,9,3613.75,2891
2022-10-03 07:12:16,7,0,3614.0,2891
2022-10-03 07:12:17,1,1,3614.0,2892
2022-10-03 07:12:21,1,-1,3613.75,2891
2022-10-03 07:12:23,26,-3,3614.0,2888
2022-10-03 07:12:24,14,0,3614.25,2888
2022-10-03 07:12:25,5,4,3614.25,2892
2022-10-03 07:12:26,4,0,3614.25,2892
2022-10-03 07:12:27,14,-7,3614.0,2885
2022-10-03 07:12:31,7,3,3614.25,2888
2022-10-03 07:12:32,8,-5,3614.0,2883
2022-10-03 07:12:33,18,-8,3613.75,2875
2022-10-03 07:12:35,1,-1,3613.75,2874
2022-10-03 07:12:36,50,-23,3613.5,2851
2022-10-03 07:12:37,1,-1,3613.0,2850
2022-10-03 07:12:38,2,-1,3613.0,2849
2022-10-03 07:12:39,20,-5,3613.0,2844
2022-10-03 07:12:40,6,-2,3613.25,2842
2022-10-03 07:12:43,3,3,3613.5,2845
2022-10-03 07:12:44,1,1,3613.75,2846
2022-10-03 07:12:45,14,1,3613.75,2847
2022-10-03 07:12:46,1,-1,3613.5,2846
2022-10-03 07:12:47,5,-3,3613.75,2843
2022-10-03 07:12:48,1,-1,3613.75,2842
2022-10-03 07:12:50,56,28,3615.0,2870
2022-10-03 07:12:54,13,-9,3614.5,2861
2022-10-03 07:12:55,22,1,3614.75,2862
2022-10-03 07:12:57,7,-1,3614.5,2861
2022-10-03 07:12:58,1,-1,3614.5,2860
2022-10-03 07:13:00,7,1,3614.75,2861
2022-10-03 07:13:03,13,2,3614.5,2863
2022-10-03 07:13:04,6,4,3614.75,2867
2022-10-03 07:13:05,6,2,3614.75,2869
2022-10-03 07:13:06,28,7,3615.25,2876
2022-10-03 07:13:07,11,1,3615.5,2877
2022-10-03 07:13:08,5,5,3615.5,2882
2022-10-03 07:13:09,11,5,3615.75,2887
2022-10-03 07:13:11,22,7,3615.75,2894
2022-10-03 07:13:12,5,2,3615.75,2896
2022-10-03 07:13:13,48,4,3616.25,2900
2022-10-03 07:13:14,13,3,3615.75,2903
2022-10-03 07:13:15,1,-1,3615.5,2902
2022-10-03 07:13:17,29,0,3615.5,2902
2022-10-03 07:13:18,4,0,3615.75,2902
2022-10-03 07:13:19,1,1,3615.75,2903
2022-10-03 07:13:20,1,-1,3615.5,2902
2022-10-03 07:13:22,8,-7,3615.5,2895
2022-10-03 07:13:23,14,1,3615.5,2896
2022-10-03 07:13:24,6,4,3615.75,2900
2022-10-03 07:13:25,21,-7,3615.5,2893
2022-10-03 07:13:26,4,2,3615.5,2895
2022-10-03 07:13:27,12,-4,3615.25,2891
2022-10-03 07:13:29,3,3,3615.5,2894
2022-10-03 07:13:30,11,-3,3615.25,2891
2022-10-03 07:13:31,6,4,3615.25,2895
2022-10-03 07:13:33,1,1,3615.25,2896
2022-10-03 07:13:34,5,2,3615.25,2898
2022-10-03 07:13:36,7,-2,3615.5,2896
2022-10-03 07:13:38,1,1,3615.25,2897
2022-10-03 07:13:40,14,8,3615.5,2905
2022-10-03 07:13:41,40,-4,3615.25,2901
2022-10-03 07:13:43,6,6,3615.0,2907
2022-10-03 07:13:44,2,0,3615.0,2907
2022-10-03 07:13:46,4,-2,3615.0,2905
2022-10-03 07:13:50,19,-4,3614.75,2901
2022-10-03 07:13:52,1,1,3614.75,2902
2022-10-03 07:13:53,16,0,3614.75,2902
2022-10-03 07:13:54,20,-15,3614.5,2887
2022-10-03 07:13:55,1,-1,3614.0,2886
2022-10-03 07:13:56,6,6,3614.25,2892
2022-10-03 07:13:57,3,1,3614.25,2893
2022-10-03 07:13:58,2,0,3614.25,2893
2022-10-03 07:14:00,4,2,3614.5,2895
2022-10-03 07:14:01,16,-2,3614.5,2893
2022-10-03 07:14:02,8,4,3614.75,2897
2022-10-03 07:14:03,4,4,3614.75,2901
2022-10-03 07:14:04,8,0,3614.75,2901
2022-10-03 07:14:05,22,-9,3614.5,2892
2022-10-03 07:14:06,1,-1,3614.25,2891
2022-10-03 07:14:07,3,3,3614.5,2894
2022-10-03 07:14:09,4,-1,3614.5,2893
2022-10-03 07:14:10,4,4,3614.5,2897
2022-10-03 07:14:11,8,-6,3614.75,2891
2022-10-03 07:14:12,9,9,3614.75,2900
2022-10-03 07:14:13,1,1,3614.5,2901
2022-10-03 07:14:14,23,-5,3614.5,2896
2022-10-03 07:14:15,8,2,3614.5,2898
2022-10-03 07:14:16,3,0,3614.75,2898
2022-10-03 07:14:17,5,1,3614.75,2899
2022-10-03 07:14:18,2,2,3614.75,2901
2022-10-03 07:14:21,3,1,3614.75,2902
2022-10-03 07:14:23,5,5,3614.75,2907
2022-10-03 07:14:24,1,-1,3614.75,2906
2022-10-03 07:14:28,5,0,3614.75,2906
2022-10-03 07:14:30,37,24,3616.0,2930
2022-10-03 07:14:31,10,6,3615.75,2936
2022-10-03 07:14:32,1,-1,3615.75,2935
2022-10-03 07:14:34,7,7,3615.75,2942
2022-10-03 07:14:36,12,-10,3615.75,2932
2022-10-03 07:14:37,2,0,3615.75,2932
2022-10-03 07:14:38,2,0,3615.75,2932
2022-10-03 07:14:40,28,9,3615.75,2941
2022-10-03 07:14:41,10,-8,3615.75,2933
2022-10-03 07:14:42,21,2,3615.75,2935
2022-10-03 07:14:43,30,15,3616.0,2950
2022-10-03 07:14:44,22,-6,3616.25,2944
2022-10-03 07:14:45,48,-2,3616.25,2942
2022-10-03 07:14:46,66,12,3616.25,2954
2022-10-03 07:14:47,9,-1,3616.25,2953
2022-10-03 07:14:48,56,-32,3616.25,2921
2022-10-03 07:14:49,34,-3,3616.25,2918
2022-10-03 07:14:50,30,16,3616.75,2934
2022-10-03 07:14:51,34,-8,3616.75,2926
2022-10-03 07:14:52,3,3,3616.5,2929
2022-10-03 07:14:53,38,11,3616.75,2940
2022-10-03 07:14:55,52,-11,3617.0,2929
2022-10-03 07:14:56,8,0,3616.5,2929
2022-10-03 07:14:57,9,5,3616.75,2934
2022-10-03 07:14:58,74,-25,3616.5,2909
2022-10-03 07:14:59,1,1,3616.25,2910
2022-10-03 07:15:00,59,-23,3616.0,2887
2022-10-03 07:15:01,1,1,3615.75,2888
2022-10-03 07:15:02,26,18,3616.0,2906
2022-10-03 07:15:03,8,4,3616.0,2910
2022-10-03 07:15:04,35,2,3616.5,2912
2022-10-03 07:15:05,177,98,3617.75,3010
2022-10-03 07:15:06,49,16,3617.5,3026
2022-10-03 07:15:07,10,-4,3617.5,3022
2022-10-03 07:15:08,9,7,3617.5,3029
2022-10-03 07:15:09,24,-1,3617.5,3028
2022-10-03 07:15:10,38,33,3617.5,3061
2022-10-03 07:15:11,15,3,3617.5,3064
2022-10-03 07:15:12,14,0,3617.75,3064
2022-10-03 07:15:13,27,-10,3617.75,3054
2022-10-03 07:15:14,14,4,3617.5,3058
2022-10-03 07:15:15,8,0,3617.5,3058
2022-10-03 07:15:16,18,1,3617.5,3059
2022-10-03 07:15:17,2,-2,3617.25,3057
2022-10-03 07:15:18,1,1,3617.5,3058
2022-10-03 07:15:19,15,-4,3617.25,3054
2022-10-03 07:15:20,112,-5,3617.5,3049
2022-10-03 07:15:21,30,44,3617.5,3093
2022-10-03 07:15:22,3,1,3617.5,3094
2022-10-03 07:15:23,100,20,3618.25,3114
2022-10-03 07:15:24,17,1,3617.75,3115
2022-10-03 07:15:25,5,-1,3617.75,3114
2022-10-03 07:15:27,44,-19,3617.75,3095
2022-10-03 07:15:28,4,2,3617.5,3097
2022-10-03 07:15:30,8,-2,3617.25,3095
2022-10-03 07:15:31,14,5,3617.5,3100
2022-10-03 07:15:32,57,0,3617.25,3100
2022-10-03 07:15:33,8,-6,3617.25,3094
2022-10-03 07:15:34,5,-3,3617.25,3091
2022-10-03 07:15:35,16,-3,3617.0,3088
2022-10-03 07:15:36,2,-2,3617.0,3086
2022-10-03 07:15:37,14,5,3617.5,3091
2022-10-03 07:15:39,1,-1,3617.25,3090
2022-10-03 07:15:40,13,-1,3617.5,3089
2022-10-03 07:15:41,60,27,3617.5,3116
2022-10-03 07:15:42,2,0,3617.5,3116
2022-10-03 07:15:43,10,6,3617.5,3122
2022-10-03 07:15:44,11,10,3617.5,3132
2022-10-03 07:15:45,17,-6,3617.25,3126
2022-10-03 07:15:46,21,0,3617.25,3126
2022-10-03 07:15:47,7,-1,3617.0,3125
2022-10-03 07:15:48,7,-2,3617.0,3123
2022-10-03 07:15:50,51,40,3617.75,3163
2022-10-03 07:15:51,15,8,3617.75,3171
2022-10-03 07:15:52,2,1,3617.75,3172
2022-10-03 07:15:53,23,9,3618.0,3181
2022-10-03 07:15:54,2,0,3618.25,3181
2022-10-03 07:15:55,13,-2,3618.0,3179
2022-10-03 07:15:56,16,0,3618.0,3179
2022-10-03 07:15:57,3,-3,3618.0,3176
2022-10-03 07:15:58,51,31,3618.5,3207
2022-10-03 07:16:00,23,2,3618.5,3209
2022-10-03 07:16:01,19,-10,3618.25,3199
2022-10-03 07:16:02,7,5,3618.25,3204
2022-10-03 07:16:03,2,-2,3618.0,3202
2022-10-03 07:16:05,17,-9,3618.0,3193
2022-10-03 07:16:06,51,-13,3617.75,3180
2022-10-03 07:16:08,5,5,3618.0,3185
2022-10-03 07:16:10,7,5,3618.0,3190
2022-10-03 07:16:11,4,-4,3617.75,3186
2022-10-03 07:16:12,36,-6,3617.75,3180
2022-10-03 07:16:13,23,5,3618.0,3185
2022-10-03 07:16:14,7,5,3618.25,3190
2022-10-03 07:16:15,7,5,3618.0,3195
2022-10-03 07:16:16,2,0,3618.0,3195
2022-10-03 07:16:17,1,-1,3618.0,3194
2022-10-03 07:16:18,5,-5,3617.75,3189
2022-10-03 07:16:19,4,-3,3617.75,3186
2022-10-03 07:16:20,10,-9,3617.75,3177
2022-10-03 07:16:21,6,6,3617.75,3183
2022-10-03 07:16:22,16,-5,3617.75,3178
2022-10-03 07:16:23,3,-1,3617.75,3177
2022-10-03 07:16:24,2,0,3617.75,3177
2022-10-03 07:16:25,6,-6,3617.75,3171
2022-10-03 07:16:27,4,-4,3617.75,3167
2022-10-03 07:16:28,15,6,3618.0,3173
2022-10-03 07:16:29,3,-1,3618.0,3172
2022-10-03 07:16:31,125,0,3618.75,3172
2022-10-03 07:16:32,6,3,3618.25,3175
2022-10-03 07:16:33,24,-4,3618.0,3171
2022-10-03 07:16:34,9,1,3618.25,3172
2022-10-03 07:16:35,2,1,3618.0,3173
2022-10-03 07:16:36,7,2,3618.0,3175
2022-10-03 07:16:37,2,2,3618.0,3177
2022-10-03 07:16:40,4,4,3618.0,3181
2022-10-03 07:16:42,29,-10,3617.75,3171
2022-10-03 07:16:43,5,3,3618.0,3174
2022-10-03 07:16:44,3,3,3618.0,3177
2022-10-03 07:16:45,6,0,3618.0,3177
2022-10-03 07:16:46,5,3,3618.0,3180
2022-10-03 07:16:47,13,9,3618.25,3189
2022-10-03 07:16:49,8,-6,3618.0,3183
2022-10-03 07:16:51,2,-2,3618.0,3181
2022-10-03 07:16:53,1,1,3618.0,3182
2022-10-03 07:16:54,3,-1,3618.0,3181
2022-10-03 07:16:55,4,-4,3617.75,3177
2022-10-03 07:16:57,4,-4,3618.0,3173
2022-10-03 07:16:59,2,0,3618.0,3173
2022-10-03 07:17:00,4,-2,3618.0,3171
2022-10-03 07:17:01,1,1,3618.0,3172
2022-10-03 07:17:02,9,-1,3618.25,3171
2022-10-03 07:17:03,5,3,3618.25,3174
2022-10-03 07:17:04,6,-6,3618.25,3168
2022-10-03 07:17:05,2,-2,3618.0,3166
2022-10-03 07:17:06,1,1,3618.5,3167
2022-10-03 07:17:07,18,5,3618.25,3172
2022-10-03 07:17:08,25,-11,3618.0,3161
2022-10-03 07:17:09,8,7,3618.25,3168
2022-10-03 07:17:11,95,-53,3618.25,3115
2022-10-03 07:17:12,11,-4,3617.5,3111
2022-10-03 07:17:13,8,-2,3617.75,3109
2022-10-03 07:17:14,9,5,3617.5,3114
2022-10-03 07:17:16,5,1,3617.5,3115
2022-10-03 07:17:18,14,7,3617.5,3122
2022-10-03 07:17:19,7,0,3617.75,3122
2022-10-03 07:17:20,1,1,3617.75,3123
2022-10-03 07:17:21,9,5,3617.75,3128
2022-10-03 07:17:22,8,-3,3617.75,3125
2022-10-03 07:17:23,4,-2,3618.0,3123
2022-10-03 07:17:25,4,0,3617.75,3123
2022-10-03 07:17:28,34,26,3618.25,3149
2022-10-03 07:17:29,38,13,3618.25,3162
2022-10-03 07:17:30,13,3,3618.25,3165
2022-10-03 07:17:31,1,-1,3618.25,3164
2022-10-03 07:17:32,1,-1,3618.25,3163
2022-10-03 07:17:33,53,-19,3618.25,3144
2022-10-03 07:17:34,8,-5,3617.75,3139
2022-10-03 07:17:35,3,3,3617.75,3142
2022-10-03 07:17:36,10,7,3617.75,3149
2022-10-03 07:17:37,32,10,3618.0,3159
2022-10-03 07:17:38,1,-1,3618.0,3158
2022-10-03 07:17:40,86,12,3618.25,3170
2022-10-03 07:17:41,10,-7,3618.0,3163
2022-10-03 07:17:42,8,2,3618.0,3165
2022-10-03 07:17:43,5,-1,3618.0,3164
2022-10-03 07:17:44,28,1,3618.25,3165
2022-10-03 07:17:45,12,-9,3618.0,3156
2022-10-03 07:17:46,5,5,3618.0,3161
2022-10-03 07:17:48,19,5,3618.0,3166
2022-10-03 07:17:50,17,-5,3618.0,3161
2022-10-03 07:17:52,9,1,3618.0,3162
2022-10-03 07:17:53,9,1,3618.0,3163
2022-10-03 07:17:54,2,0,3618.0,3163
2022-10-03 07:17:55,33,0,3618.25,3163
2022-10-03 07:17:56,4,4,3618.0,3167
2022-10-03 07:17:57,1,-1,3618.0,3166
2022-10-03 07:17:58,1,-1,3618.0,3165
2022-10-03 07:17:59,8,2,3618.0,3167
2022-10-03 07:18:00,2,-2,3618.0,3165
2022-10-03 07:18:01,2,2,3618.0,3167
2022-10-03 07:18:02,1,1,3618.0,3168
2022-10-03 07:18:03,7,-7,3618.0,3161
2022-10-03 07:18:04,57,-33,3617.75,3128
2022-10-03 07:18:06,126,-25,3617.75,3103
2022-10-03 07:18:07,33,-14,3617.25,3089
2022-10-03 07:18:08,3,3,3617.5,3092
2022-10-03 07:18:10,9,-3,3617.25,3089
2022-10-03 07:18:11,1,-1,3617.25,3088
2022-10-03 07:18:13,20,-16,3617.25,3072
2022-10-03 07:18:14,111,6,3617.5,3078
2022-10-03 07:18:15,28,-8,3617.75,3070
2022-10-03 07:18:16,1,-1,3617.5,3069
2022-10-03 07:18:17,7,5,3617.75,3074
2022-10-03 07:18:18,1,-1,3617.5,3073
2022-10-03 07:18:20,1,-1,3617.5,3072
2022-10-03 07:18:22,26,-9,3617.5,3063
2022-10-03 07:18:24,2,-2,3617.5,3061
2022-10-03 07:18:27,12,4,3617.75,3065
2022-10-03 07:18:30,2,-2,3617.75,3063
2022-10-03 07:18:32,1,1,3617.75,3064
2022-10-03 07:18:33,2,0,3617.75,3064
2022-10-03 07:18:37,45,29,3618.0,3093
2022-10-03 07:18:39,5,5,3618.0,3098
2022-10-03 07:18:40,1,-1,3617.75,3097
2022-10-03 07:18:41,23,-7,3617.75,3090
2022-10-03 07:18:42,3,-3,3617.75,3087
2022-10-03 07:18:43,92,14,3618.25,3101
2022-10-03 07:18:44,20,15,3618.5,3116
2022-10-03 07:18:45,5,1,3618.25,3117
2022-10-03 07:18:46,316,-235,3618.0,2882
2022-10-03 07:18:47,47,17,3617.25,2899
2022-10-03 07:18:48,8,0,3617.25,2899
2022-10-03 07:18:49,44,41,3617.75,2940
2022-10-03 07:18:55,56,-11,3617.25,2929
2022-10-03 07:18:57,3,-3,3617.0,2926
2022-10-03 07:18:58,116,-5,3617.0,2921
2022-10-03 07:18:59,52,-53,3617.25,2868
2022-10-03 07:19:00,81,7,3616.25,2875
2022-10-03 07:19:01,3,-1,3616.25,2874
2022-10-03 07:19:02,31,13,3616.5,2887
2022-10-03 07:19:03,9,0,3616.25,2887
2022-10-03 07:19:04,9,-5,3616.25,2882
2022-10-03 07:19:05,4,-3,3616.25,2879
2022-10-03 07:19:06,2,0,3616.25,2879
2022-10-03 07:19:07,69,-22,3616.25,2857
2022-10-03 07:19:08,17,15,3616.75,2872
2022-10-03 07:19:09,14,2,3616.75,2874
2022-10-03 07:19:13,4,-4,3616.5,2870
2022-10-03 07:19:15,15,8,3616.75,2878
2022-10-03 07:19:16,89,-90,3616.75,2788
2022-10-03 07:19:18,14,1,3616.25,2789
2022-10-03 07:19:19,1,-1,3616.25,2788
2022-10-03 07:19:21,8,7,3616.5,2795
2022-10-03 07:19:23,85,-96,3616.5,2699
2022-10-03 07:19:26,17,4,3616.75,2703
2022-10-03 07:19:28,1,-1,3616.5,2702
2022-10-03 07:19:29,11,1,3616.75,2703
2022-10-03 07:19:30,3,3,3616.75,2706
2022-10-03 07:19:31,11,4,3616.75,2710
2022-10-03 07:19:32,9,2,3616.75,2712
2022-10-03 07:19:33,4,-4,3616.75,2708
2022-10-03 07:19:36,10,-10,3616.5,2698
2022-10-03 07:19:37,1,-1,3616.25,2697
2022-10-03 07:19:39,3,-3,3616.25,2694
2022-10-03 07:19:40,5,3,3616.25,2697
2022-10-03 07:19:42,6,2,3616.25,2699
2022-10-03 07:19:43,3,3,3616.25,2702
2022-10-03 07:19:44,2,-2,3616.25,2700
2022-10-03 07:19:46,1,1,3616.25,2701
2022-10-03 07:19:47,12,-5,3616.25,2696
2022-10-03 07:19:49,6,-5,3616.0,2691
2022-10-03 07:19:53,14,-5,3616.0,2686
2022-10-03 07:19:54,7,-2,3616.0,2684
2022-10-03 07:19:55,3,3,3616.0,2687
2022-10-03 07:19:56,12,-2,3615.75,2685
2022-10-03 07:19:57,9,-6,3615.75,2679
2022-10-03 07:19:58,3,-1,3615.75,2678
2022-10-03 07:19:59,6,3,3615.75,2681
2022-10-03 07:20:01,7,-2,3615.75,2679
2022-10-03 07:20:02,18,3,3615.75,2682
2022-10-03 07:20:03,1,1,3615.75,2683
2022-10-03 07:20:04,1,-1,3615.5,2682
2022-10-03 07:20:05,16,-7,3615.5,2675
2022-10-03 07:20:06,1,1,3615.5,2676
2022-10-03 07:20:07,1,1,3615.5,2677
2022-10-03 07:20:09,26,3,3615.5,2680
2022-10-03 07:20:10,9,4,3615.25,2684
2022-10-03 07:20:11,21,-6,3615.25,2678
2022-10-03 07:20:12,5,-4,3615.0,2674
2022-10-03 07:20:13,38,-38,3615.0,2636
2022-10-03 07:20:14,18,0,3615.0,2636
2022-10-03 07:20:15,10,1,3615.0,2637
2022-10-03 07:20:16,1,1,3615.25,2638
2022-10-03 07:20:17,98,-86,3615.0,2552
2022-10-03 07:20:18,20,-8,3614.5,2544
2022-10-03 07:20:19,21,6,3614.5,2550
2022-10-03 07:20:20,3,-1,3614.5,2549
2022-10-03 07:20:21,19,4,3614.5,2553
2022-10-03 07:20:23,24,0,3614.5,2553
2022-10-03 07:20:24,3,-1,3614.25,2552
2022-10-03 07:20:25,20,6,3614.25,2558
2022-10-03 07:20:26,28,-15,3614.25,2543
2022-10-03 07:20:27,6,-6,3613.75,2537
2022-10-03 07:20:28,2,-2,3613.75,2535
2022-10-03 07:20:29,3,-3,3613.75,2532
2022-10-03 07:20:30,14,10,3614.0,2542
2022-10-03 07:20:31,2,2,3614.0,2544
2022-10-03 07:20:34,11,-6,3614.25,2538
2022-10-03 07:20:35,10,9,3614.25,2547
2022-10-03 07:20:37,43,31,3615.0,2578
2022-10-03 07:20:38,13,-8,3615.0,2570
2022-10-03 07:20:39,7,7,3615.0,2577
2022-10-03 07:20:42,13,-9,3615.0,2568
2022-10-03 07:20:43,9,5,3615.25,2573
2022-10-03 07:20:44,9,-2,3615.25,2571
2022-10-03 07:20:45,7,0,3615.25,2571
2022-10-03 07:20:46,1,1,3615.25,2572
2022-10-03 07:20:47,15,-3,3615.5,2569
2022-10-03 07:20:48,23,8,3616.0,2577
2022-10-03 07:20:49,16,3,3615.75,2580
2022-10-03 07:20:50,2,-1,3615.75,2579
2022-10-03 07:20:54,3,3,3615.75,2582
2022-10-03 07:20:55,19,-8,3616.0,2574
2022-10-03 07:20:57,28,-4,3615.75,2570
2022-10-03 07:20:58,11,1,3615.5,2571
2022-10-03 07:21:00,23,2,3615.5,2573
2022-10-03 07:21:01,8,-5,3615.25,2568
2022-10-03 07:21:02,16,-1,3615.75,2567
2022-10-03 07:21:03,16,7,3615.75,2574
2022-10-03 07:21:05,11,-6,3615.75,2568
2022-10-03 07:21:06,2,0,3615.75,2568
2022-10-03 07:21:07,13,-8,3615.75,2560
2022-10-03 07:21:08,4,-4,3615.25,2556
2022-10-03 07:21:09,2,0,3615.25,2556
2022-10-03 07:21:10,4,4,3615.5,2560
2022-10-03 07:21:11,10,-1,3615.5,2559
2022-10-03 07:21:12,73,70,3616.25,2629
2022-10-03 07:21:14,22,-21,3616.0,2608
2022-10-03 07:21:15,15,4,3615.5,2612
2022-10-03 07:21:17,12,8,3615.5,2620
2022-10-03 07:21:18,5,4,3615.75,2624
2022-10-03 07:21:19,46,-19,3615.75,2605
2022-10-03 07:21:20,1,1,3615.25,2606
2022-10-03 07:21:21,7,-6,3615.25,2600
2022-10-03 07:21:22,4,4,3615.25,2604
2022-10-03 07:21:24,1,1,3615.25,2605
2022-10-03 07:21:25,25,-7,3615.0,2598
2022-10-03 07:21:27,366,-129,3615.0,2469
2022-10-03 07:21:28,13,11,3614.0,2480
2022-10-03 07:21:29,7,-1,3614.25,2479
2022-10-03 07:21:30,19,13,3614.25,2492
2022-10-03 07:21:31,1,1,3614.25,2493
2022-10-03 07:21:32,25,-12,3614.0,2481
2022-10-03 07:21:34,2,-1,3614.0,2480
2022-10-03 07:21:35,1,-1,3614.0,2479
2022-10-03 07:21:36,11,-2,3614.0,2477
2022-10-03 07:21:38,19,-11,3614.0,2466
2022-10-03 07:21:39,2,2,3613.75,2468
2022-10-03 07:21:41,2,2,3614.0,2470
2022-10-03 07:21:43,45,9,3614.25,2479
2022-10-03 07:21:44,4,-1,3614.5,2478
2022-10-03 07:21:45,1,-1,3614.25,2477
2022-10-03 07:21:48,16,-8,3614.5,2469
2022-10-03 07:21:51,9,-7,3614.25,2462
2022-10-03 07:21:52,5,-5,3614.0,2457
2022-10-03 07:21:54,15,-4,3614.0,2453
2022-10-03 07:21:56,1,-1,3614.0,2452
2022-10-03 07:21:57,1,-1,3614.0,2451
2022-10-03 07:21:58,2,2,3614.25,2453
2022-10-03 07:21:59,8,8,3614.25,2461
2022-10-03 07:22:00,27,17,3615.0,2478
2022-10-03 07:22:01,3,-3,3614.75,2475
2022-10-03 07:22:02,30,-8,3614.75,2467
2022-10-03 07:22:03,1,1,3614.75,2468
2022-10-03 07:22:04,12,-4,3614.5,2464
2022-10-03 07:22:07,14,-6,3614.5,2458
2022-10-03 07:22:08,16,-4,3614.5,2454
2022-10-03 07:22:10,11,-8,3614.5,2446
2022-10-03 07:22:11,5,5,3614.5,2451
2022-10-03 07:22:13,4,4,3614.75,2455
2022-10-03 07:22:14,15,-3,3614.75,2452
2022-10-03 07:22:16,3,-1,3615.0,2451
2022-10-03 07:22:17,4,0,3615.0,2451
2022-10-03 07:22:18,6,2,3615.0,2453
2022-10-03 07:22:21,8,-1,3614.75,2452
2022-10-03 07:22:22,4,-2,3615.0,2450
2022-10-03 07:22:23,1,1,3615.0,2451
2022-10-03 07:22:24,7,-2,3615.0,2449
2022-10-03 07:22:25,1,1,3615.25,2450
2022-10-03 07:22:27,14,8,3615.5,2458
2022-10-03 07:22:29,1,-1,3615.5,2457
2022-10-03 07:22:30,1,1,3615.75,2458
2022-10-03 07:22:33,12,12,3615.75,2470
2022-10-03 07:22:34,13,-8,3615.75,2462
2022-10-03 07:22:36,5,-5,3615.5,2457
2022-10-03 07:22:37,5,-1,3615.5,2456
2022-10-03 07:22:39,6,-2,3615.5,2454
2022-10-03 07:22:40,2,-2,3615.5,2452
2022-10-03 07:22:41,2,-2,3615.25,2450
2022-10-03 07:22:42,1,-1,3615.0,2449
2022-10-03 07:22:44,8,1,3615.25,2450
2022-10-03 07:22:45,15,-2,3615.25,2448
2022-10-03 07:22:46,6,2,3615.0,2450
2022-10-03 07:22:50,9,-9,3615.0,2441
2022-10-03 07:22:52,1,1,3614.75,2442
2022-10-03 07:22:53,6,-3,3614.75,2439
2022-10-03 07:22:54,1,-1,3614.5,2438
2022-10-03 07:22:56,2,-2,3614.5,2436
2022-10-03 07:22:59,7,6,3614.75,2442
2022-10-03 07:23:00,4,-4,3614.75,2438
2022-10-03 07:23:01,4,4,3615.0,2442
2022-10-03 07:23:02,2,2,3615.0,2444
2022-10-03 07:23:03,1,-1,3614.75,2443
2022-10-03 07:23:04,7,-5,3614.75,2438
2022-10-03 07:23:06,1,-1,3614.5,2437
2022-10-03 07:23:07,6,2,3615.0,2439
2022-10-03 07:23:08,2,-2,3614.75,2437
2022-10-03 07:23:09,4,0,3614.75,2437
2022-10-03 07:23:12,1,-1,3614.75,2436
2022-10-03 07:23:14,134,-92,3614.75,2344
2022-10-03 07:23:16,5,5,3614.5,2349
2022-10-03 07:23:21,17,14,3614.5,2363
2022-10-03 07:23:22,4,4,3614.5,2367
2022-10-03 07:23:24,6,0,3614.75,2367
2022-10-03 07:23:25,1,1,3614.75,2368
2022-10-03 07:23:26,1,1,3614.75,2369
2022-10-03 07:23:27,21,-7,3614.5,2362
2022-10-03 07:23:28,20,2,3614.75,2364
2022-10-03 07:23:30,3,3,3614.75,2367
2022-10-03 07:23:31,25,1,3615.25,2368
2022-10-03 07:23:32,8,-5,3615.0,2363
2022-10-03 07:23:33,7,-1,3614.75,2362
2022-10-03 07:23:34,5,5,3615.0,2367
2022-10-03 07:23:36,7,-7,3614.75,2360
2022-10-03 07:23:37,5,5,3614.75,2365
2022-10-03 07:23:39,9,3,3615.0,2368
2022-10-03 07:23:40,5,3,3615.0,2371
2022-10-03 07:23:43,3,-1,3614.75,2370
2022-10-03 07:23:46,3,0,3614.75,2370
2022-10-03 07:23:47,1,1,3614.75,2371
2022-10-03 07:23:48,1,1,3614.75,2372
2022-10-03 07:23:49,2,-2,3614.75,2370
2022-10-03 07:23:50,5,-3,3615.0,2367
2022-10-03 07:23:51,12,4,3614.75,2371
2022-10-03 07:23:52,14,6,3615.0,2377
2022-10-03 07:23:53,1,-1,3615.0,2376
2022-10-03 07:23:55,10,-9,3614.75,2367
2022-10-03 07:23:56,7,-7,3614.5,2360
2022-10-03 07:23:57,26,2,3614.5,2362
2022-10-03 07:23:58,2,-2,3614.25,2360
2022-10-03 07:23:59,1,-1,3614.0,2359
2022-10-03 07:24:00,9,5,3614.25,2364
2022-10-03 07:24:01,3,1,3614.25,2365
2022-10-03 07:24:02,4,-4,3614.25,2361
2022-10-03 07:24:04,13,1,3614.0,2362
2022-10-03 07:24:05,13,4,3614.25,2366
2022-10-03 07:24:06,7,-1,3614.25,2365
2022-10-03 07:24:08,6,6,3614.5,2371
2022-10-03 07:24:10,19,3,3614.75,2374
2022-10-03 07:24:11,4,0,3614.75,2374
2022-10-03 07:24:12,10,0,3615.0,2374
2022-10-03 07:24:14,15,1,3615.25,2375
2022-10-03 07:24:15,14,2,3615.0,2377
2022-10-03 07:24:17,2,0,3615.0,2377
2022-10-03 07:24:20,3,-3,3614.75,2374
2022-10-03 07:24:21,1,1,3614.75,2375
2022-10-03 07:24:22,17,5,3615.0,2380
2022-10-03 07:24:24,6,-3,3615.0,2377
2022-10-03 07:24:25,2,-2,3615.0,2375
2022-10-03 07:24:26,7,1,3615.0,2376
2022-10-03 07:24:30,16,-1,3615.0,2375
2022-10-03 07:24:31,5,-3,3615.0,2372
2022-10-03 07:24:33,13,8,3615.25,2380
2022-10-03 07:24:36,19,-5,3615.5,2375
2022-10-03 07:24:37,7,2,3615.5,2377
2022-10-03 07:24:38,2,0,3615.5,2377
2022-10-03 07:24:41,18,7,3615.5,2384
2022-10-03 07:24:43,16,-1,3615.5,2383
2022-10-03 07:24:44,3,2,3615.5,2385
2022-10-03 07:24:45,9,9,3616.0,2394
2022-10-03 07:24:46,6,-4,3615.75,2390
2022-10-03 07:24:50,4,2,3615.75,2392
2022-10-03 07:24:51,1,1,3615.75,2393
2022-10-03 07:24:54,1,1,3615.75,2394
2022-10-03 07:24:56,4,3,3616.0,2397
2022-10-03 07:24:57,2,0,3615.75,2397
2022-10-03 07:24:58,6,0,3615.75,2397
2022-10-03 07:24:59,3,3,3615.75,2400
2022-10-03 07:25:00,9,5,3616.0,2405
2022-10-03 07:25:01,2,-2,3615.75,2403
2022-10-03 07:25:02,11,2,3616.25,2405
2022-10-03 07:25:03,12,-3,3616.25,2402
2022-10-03 07:25:04,3,1,3615.75,2403
2022-10-03 07:25:06,30,-32,3615.75,2371
2022-10-03 07:25:07,5,-5,3615.5,2366
2022-10-03 07:25:08,24,-16,3615.25,2350
2022-10-03 07:25:09,10,-9,3614.75,2341
2022-10-03 07:25:10,3,-3,3614.75,2338
2022-10-03 07:25:11,8,4,3615.0,2342
2022-10-03 07:25:12,27,11,3615.25,2353
2022-10-03 07:25:13,11,5,3615.25,2358
2022-10-03 07:25:15,2,-2,3614.75,2356
2022-10-03 07:25:16,3,1,3614.75,2357
2022-10-03 07:25:17,3,-3,3614.75,2354
2022-10-03 07:25:18,2,-2,3614.75,2352
2022-10-03 07:25:21,1,-1,3614.75,2351
2022-10-03 07:25:23,3,-3,3614.75,2348
2022-10-03 07:25:24,1,-1,3614.75,2347
2022-10-03 07:25:29,35,-9,3614.75,2338
2022-10-03 07:25:31,1,1,3614.75,2339
2022-10-03 07:25:32,1,-1,3614.5,2338
2022-10-03 07:25:34,1,1,3614.75,2339
2022-10-03 07:25:36,16,7,3614.75,2346
2022-10-03 07:25:39,19,-9,3614.5,2337
2022-10-03 07:25:40,9,5,3614.75,2342
2022-10-03 07:25:42,1,-1,3614.75,2341
2022-10-03 07:25:43,13,9,3615.25,2350
2022-10-03 07:25:48,4,4,3615.25,2354
2022-10-03 07:25:49,1,-1,3615.25,2353
2022-10-03 07:25:50,7,-7,3615.25,2346
2022-10-03 07:25:51,8,2,3615.5,2348
2022-10-03 07:25:52,1,-1,3615.25,2347
2022-10-03 07:25:53,4,0,3615.25,2347
2022-10-03 07:25:54,1,1,3615.5,2348
2022-10-03 07:25:56,10,8,3615.75,2356
2022-10-03 07:26:00,17,-3,3615.75,2353
2022-10-03 07:26:02,6,0,3615.5,2353
2022-10-03 07:26:03,2,-2,3615.5,2351
2022-10-03 07:26:08,11,-5,3615.25,2346
2022-10-03 07:26:10,5,-1,3615.25,2345
2022-10-03 07:26:11,35,4,3615.0,2349
2022-10-03 07:26:12,16,0,3615.25,2349
2022-10-03 07:26:13,1,-1,3615.25,2348
2022-10-03 07:26:16,6,6,3615.5,2354
2022-10-03 07:26:17,3,-3,3615.25,2351
2022-10-03 07:26:18,2,-2,3615.25,2349
2022-10-03 07:26:19,1,1,3615.25,2350
2022-10-03 07:26:21,4,-2,3615.5,2348
2022-10-03 07:26:26,1,-1,3615.25,2347
2022-10-03 07:26:28,1,-1,3615.5,2346
2022-10-03 07:26:29,6,-6,3615.25,2340
2022-10-03 07:26:30,1,-1,3615.25,2339
2022-10-03 07:26:31,27,6,3615.75,2345
2022-10-03 07:26:33,4,-4,3615.75,2341
2022-10-03 07:26:34,14,-12,3615.5,2329
2022-10-03 07:26:36,2,-2,3615.25,2327
2022-10-03 07:26:37,2,2,3615.5,2329
2022-10-03 07:26:38,2,0,3615.5,2329
2022-10-03 07:26:41,25,3,3615.75,2332
2022-10-03 07:26:42,22,-3,3615.75,2329
2022-10-03 07:26:43,26,-2,3615.75,2327
2022-10-03 07:26:45,19,-2,3615.75,2325
2022-10-03 07:26:46,13,-9,3615.5,2316
2022-10-03 07:26:47,11,5,3615.25,2321
2022-10-03 07:26:48,1,1,3615.25,2322
2022-10-03 07:26:51,1,1,3615.25,2323
2022-10-03 07:26:52,3,-1,3615.25,2322
2022-10-03 07:26:53,2,2,3615.5,2324
2022-10-03 07:26:54,1,-1,3615.25,2323
2022-10-03 07:26:56,6,-4,3615.25,2319
2022-10-03 07:26:57,3,3,3615.25,2322
2022-10-03 07:26:58,1,-1,3615.25,2321
2022-10-03 07:27:00,2,-2,3615.25,2319
2022-10-03 07:27:01,4,-2,3615.25,2317
2022-10-03 07:27:03,4,2,3615.25,2319
2022-10-03 07:27:05,9,1,3615.25,2320
2022-10-03 07:27:06,1,-1,3615.25,2319
2022-10-03 07:27:09,2,2,3615.25,2321
2022-10-03 07:27:11,9,-7,3615.25,2314
2022-10-03 07:27:12,13,10,3615.25,2324
2022-10-03 07:27:13,3,-1,3615.25,2323
2022-10-03 07:27:14,3,1,3615.5,2324
2022-10-03 07:27:16,1,1,3615.25,2325
2022-10-03 07:27:17,1,-1,3615.25,2324
2022-10-03 07:27:18,4,4,3615.25,2328
2022-10-03 07:27:20,2,0,3615.5,2328
2022-10-03 07:27:24,11,-4,3615.0,2324
2022-10-03 07:27:26,5,-1,3615.25,2323
2022-10-03 07:27:28,12,-4,3614.75,2319
2022-10-03 07:27:29,7,1,3615.0,2320
2022-10-03 07:27:31,2,2,3615.0,2322
2022-10-03 07:27:32,2,0,3615.0,2322
2022-10-03 07:27:33,1,-1,3615.0,2321
2022-10-03 07:27:40,4,2,3615.0,2323
2022-10-03 07:27:41,3,3,3615.25,2326
2022-10-03 07:27:42,6,0,3615.25,2326
2022-10-03 07:27:44,15,-14,3615.25,2312
2022-10-03 07:27:46,16,8,3615.25,2320
2022-10-03 07:27:49,8,-6,3615.25,2314
2022-10-03 07:27:51,6,6,3615.25,2320
2022-10-03 07:27:52,2,-2,3615.25,2318
2022-10-03 07:27:53,4,0,3615.25,2318
2022-10-03 07:27:56,15,-5,3615.25,2313
2022-10-03 07:27:57,21,8,3615.5,2321
2022-10-03 07:28:00,9,-5,3615.5,2316
2022-10-03 07:28:02,26,-10,3615.5,2306
2022-10-03 07:28:04,7,1,3615.25,2307
2022-10-03 07:28:06,12,10,3615.5,2317
2022-10-03 07:28:07,29,18,3615.75,2335
2022-10-03 07:28:08,21,-17,3615.5,2318
2022-10-03 07:28:10,11,11,3615.75,2329
2022-10-03 07:28:11,49,19,3616.25,2348
2022-10-03 07:28:14,18,-8,3616.0,2340
2022-10-03 07:28:15,7,-6,3615.5,2334
2022-10-03 07:28:16,5,5,3615.5,2339
2022-10-03 07:28:17,13,-4,3615.25,2335
2022-10-03 07:28:18,1,1,3615.25,2336
2022-10-03 07:28:19,2,2,3615.25,2338
2022-10-03 07:28:20,1,1,3615.25,2339
2022-10-03 07:28:21,5,5,3615.25,2344
2022-10-03 07:28:22,25,-7,3615.5,2337
2022-10-03 07:28:23,7,3,3615.0,2340
2022-10-03 07:28:24,3,-3,3614.75,2337
2022-10-03 07:28:26,10,6,3614.75,2343
2022-10-03 07:28:28,11,5,3614.75,2348
2022-10-03 07:28:29,1,1,3614.75,2349
2022-10-03 07:28:32,50,45,3615.5,2394
2022-10-03 07:28:34,3,-3,3615.0,2391
2022-10-03 07:28:35,14,1,3615.25,2392
2022-10-03 07:28:37,1,1,3615.25,2393
2022-10-03 07:28:40,10,2,3615.25,2395
2022-10-03 07:28:42,6,-6,3615.25,2389
2022-10-03 07:28:43,1,1,3615.5,2390
2022-10-03 07:28:44,3,-3,3615.25,2387
2022-10-03 07:28:45,40,-7,3615.5,2380
2022-10-03 07:28:46,8,6,3615.0,2386
2022-10-03 07:28:47,3,-3,3615.0,2383
2022-10-03 07:28:49,11,18,3615.25,2401
2022-10-03 07:28:51,5,-5,3615.0,2396
2022-10-03 07:28:53,4,-2,3615.0,2394
2022-10-03 07:28:54,3,3,3615.25,2397
2022-10-03 07:28:56,4,2,3615.25,2399
2022-10-03 07:28:58,1,-1,3615.0,2398
2022-10-03 07:29:00,4,4,3615.5,2402
2022-10-03 07:29:02,12,4,3615.5,2406
2022-10-03 07:29:06,14,-6,3615.5,2400
2022-10-03 07:29:08,1,-1,3615.5,2399
2022-10-03 07:29:09,4,-1,3615.5,2398
2022-10-03 07:29:10,1,-1,3615.5,2397
2022-10-03 07:29:11,4,2,3615.75,2399
2022-10-03 07:29:13,2,-2,3615.75,2397
2022-10-03 07:29:14,3,1,3615.5,2398
2022-10-03 07:29:15,2,0,3615.5,2398
2022-10-03 07:29:22,5,-5,3615.25,2393
2022-10-03 07:29:23,3,3,3615.5,2396
2022-10-03 07:29:24,3,-3,3615.5,2393
2022-10-03 07:29:26,20,33,3615.75,2426
2022-10-03 07:29:27,3,-3,3615.5,2423
2022-10-03 07:29:28,3,1,3615.5,2424
2022-10-03 07:29:30,1,-1,3615.5,2423
2022-10-03 07:29:32,3,-3,3615.5,2420
2022-10-03 07:29:33,5,-1,3615.25,2419
2022-10-03 07:29:35,5,-1,3615.25,2418
2022-10-03 07:29:37,3,-3,3615.25,2415
2022-10-03 07:29:38,10,6,3615.25,2421
2022-10-03 07:29:39,2,-2,3615.25,2419
2022-10-03 07:29:40,8,-6,3615.25,2413
2022-10-03 07:29:41,20,-6,3615.0,2407
2022-10-03 07:29:42,2,-2,3615.0,2405
2022-10-03 07:29:46,11,-1,3615.0,2404
2022-10-03 07:29:47,7,3,3615.0,2407
2022-10-03 07:29:48,1,1,3615.0,2408
2022-10-03 07:29:49,14,7,3615.5,2415
2022-10-03 07:29:50,19,18,3616.0,2433
2022-10-03 07:29:51,4,2,3616.0,2435
2022-10-03 07:29:54,17,-3,3615.75,2432
2022-10-03 07:29:55,7,7,3616.0,2439
2022-10-03 07:29:56,2,-2,3615.75,2437
2022-10-03 07:29:58,79,37,3616.5,2474
2022-10-03 07:30:00,48,-4,3616.5,2470
2022-10-03 07:30:01,30,-26,3616.25,2444
2022-10-03 07:30:02,1,-1,3615.75,2443
2022-10-03 07:30:03,12,-11,3615.75,2432
2022-10-03 07:30:04,6,-2,3615.25,2430
2022-10-03 07:30:06,1,1,3615.5,2431
2022-10-03 07:30:07,23,-17,3615.25,2414
2022-10-03 07:30:08,55,29,3615.25,2443
2022-10-03 07:30:09,10,-2,3614.75,2441
2022-10-03 07:30:10,15,12,3615.0,2453
2022-10-03 07:30:11,12,3,3615.25,2456
2022-10-03 07:30:13,1,1,3615.0,2457
2022-10-03 07:30:17,23,3,3615.0,2460
2022-10-03 07:30:18,4,2,3615.25,2462
2022-10-03 07:30:19,2,0,3615.25,2462
2022-10-03 07:30:20,18,-5,3615.25,2457
2022-10-03 07:30:22,3,-3,3615.0,2454
2022-10-03 07:30:24,42,-12,3615.0,2442
2022-10-03 07:30:25,2,-2,3614.75,2440
2022-10-03 07:30:26,3,3,3615.0,2443
2022-10-03 07:30:27,2,0,3614.75,2443
2022-10-03 07:30:28,3,3,3615.0,2446
2022-10-03 07:30:29,1,-1,3614.75,2445
2022-10-03 07:30:31,1,-1,3614.75,2444
2022-10-03 07:30:33,8,-3,3614.75,2441
2022-10-03 07:30:34,2,2,3614.75,2443
2022-10-03 07:30:35,6,-4,3614.75,2439
2022-10-03 07:30:36,4,4,3614.75,2443
2022-10-03 07:30:37,3,-1,3615.0,2442
2022-10-03 07:30:38,21,35,3615.25,2477
2022-10-03 07:30:40,10,-2,3615.25,2475
2022-10-03 07:30:41,2,0,3615.25,2475
2022-10-03 07:30:43,6,-2,3615.25,2473
2022-10-03 07:30:44,8,-5,3615.25,2468
2022-10-03 07:30:45,1,-1,3615.25,2467
2022-10-03 07:30:46,8,-4,3615.25,2463
2022-10-03 07:30:47,2,2,3615.25,2465
2022-10-03 07:30:49,11,5,3615.5,2470
2022-10-03 07:30:50,5,0,3615.5,2470
2022-10-03 07:30:51,10,-8,3615.25,2462
2022-10-03 07:30:52,2,-2,3615.25,2460
2022-10-03 07:30:53,2,-2,3615.25,2458
2022-10-03 07:30:58,18,5,3615.5,2463
2022-10-03 07:30:59,35,-15,3615.5,2448
2022-10-03 07:31:00,23,10,3615.75,2458
2022-10-03 07:31:01,16,11,3616.25,2469
2022-10-03 07:31:02,10,7,3616.5,2476
2022-10-03 07:31:03,6,-6,3616.5,2470
2022-10-03 07:31:04,22,10,3617.0,2480
2022-10-03 07:31:05,28,9,3617.25,2489
2022-10-03 07:31:06,2,0,3617.25,2489
2022-10-03 07:31:07,7,-5,3617.25,2484
2022-10-03 07:31:08,16,0,3617.25,2484
2022-10-03 07:31:09,7,6,3617.5,2490
2022-10-03 07:31:10,1,-1,3617.25,2489
2022-10-03 07:31:11,19,-6,3617.5,2483
2022-10-03 07:31:12,5,-3,3617.25,2480
2022-10-03 07:31:13,18,10,3617.5,2490
2022-10-03 07:31:14,24,9,3618.0,2499
2022-10-03 07:31:15,18,6,3617.75,2505
2022-10-03 07:31:16,20,7,3617.75,2512
2022-10-03 07:31:17,6,-4,3617.5,2508
2022-10-03 07:31:20,19,0,3617.5,2508
2022-10-03 07:31:21,4,2,3617.75,2510
2022-10-03 07:31:22,3,1,3617.75,2511
2022-10-03 07:31:25,4,-4,3617.5,2507
2022-10-03 07:31:26,3,-1,3617.5,2506
2022-10-03 07:31:27,2,0,3617.5,2506
2022-10-03 07:31:29,1,1,3617.5,2507
2022-10-03 07:31:30,1,1,3617.75,2508
2022-10-03 07:31:31,13,0,3617.75,2508
2022-10-03 07:31:32,18,-13,3617.25,2495
2022-10-03 07:31:33,6,-3,3616.75,2492
2022-10-03 07:31:36,5,5,3617.0,2497
2022-10-03 07:31:37,17,-11,3617.25,2486
2022-10-03 07:31:38,9,4,3617.0,2490
2022-10-03 07:31:39,5,3,3617.25,2493
2022-10-03 07:31:40,44,-14,3617.25,2479
2022-10-03 07:31:41,9,0,3616.75,2479
2022-10-03 07:31:43,13,-1,3616.75,2478
2022-10-03 07:31:46,5,5,3617.0,2483
2022-10-03 07:31:47,3,-3,3617.0,2480
2022-10-03 07:31:48,1,1,3617.0,2481
2022-10-03 07:31:49,9,8,3617.25,2489
2022-10-03 07:31:50,4,-3,3617.25,2486
2022-10-03 07:31:52,11,-11,3617.25,2475
2022-10-03 07:31:54,7,-1,3617.0,2474
2022-10-03 07:31:56,21,-10,3617.0,2464
2022-10-03 07:31:57,1,1,3616.5,2465
2022-10-03 07:31:58,23,-27,3616.25,2438
2022-10-03 07:31:59,11,11,3616.25,2449
2022-10-03 07:32:00,6,2,3616.25,2451
2022-10-03 07:32:01,8,4,3616.5,2455
2022-10-03 07:32:05,4,4,3616.75,2459
2022-10-03 07:32:06,14,-8,3617.0,2451
2022-10-03 07:32:07,4,2,3616.5,2453
2022-10-03 07:32:08,6,-4,3616.5,2449
2022-10-03 07:32:09,1,1,3616.5,2450
2022-10-03 07:32:11,1,-1,3616.5,2449
2022-10-03 07:32:12,10,-4,3616.5,2445
2022-10-03 07:32:14,4,0,3616.5,2445
2022-10-03 07:32:15,4,2,3616.5,2447
2022-10-03 07:32:16,1,-1,3616.5,2446
2022-10-03 07:32:17,31,-35,3616.75,2411
2022-10-03 07:32:18,1,-1,3616.0,2410
2022-10-03 07:32:19,4,0,3616.25,2410
2022-10-03 07:32:20,2,-2,3616.0,2408
2022-10-03 07:32:21,10,-10,3616.25,2398
2022-10-03 07:32:24,2,2,3616.25,2400
2022-10-03 07:32:30,24,-16,3616.25,2384
2022-10-03 07:32:31,5,-3,3616.0,2381
2022-10-03 07:32:32,1,1,3616.0,2382
2022-10-03 07:32:33,34,-13,3616.0,2369
2022-10-03 07:32:37,4,-4,3616.0,2365
2022-10-03 07:32:38,1,1,3616.0,2366
2022-10-03 07:32:40,28,3,3616.25,2369
2022-10-03 07:32:41,1,1,3616.25,2370
2022-10-03 07:32:42,2,-2,3616.25,2368
2022-10-03 07:32:44,4,4,3616.25,2372
2022-10-03 07:32:45,8,7,3616.5,2379
2022-10-03 07:32:46,1,-1,3616.5,2378
2022-10-03 07:32:48,7,-4,3616.5,2374
2022-10-03 07:32:49,1,-1,3616.5,2373
2022-10-03 07:32:50,3,-1,3616.5,2372
2022-10-03 07:32:53,11,1,3616.75,2373
2022-10-03 07:32:58,1,1,3617.0,2374
2022-10-03 07:32:59,43,13,3617.25,2387
2022-10-03 07:33:02,3,3,3617.25,2390
2022-10-03 07:33:04,13,-7,3617.0,2383
2022-10-03 07:33:05,13,-2,3617.25,2381
2022-10-03 07:33:06,1,1,3617.25,2382
2022-10-03 07:33:07,1,1,3617.25,2383
2022-10-03 07:33:08,2,-2,3617.25,2381
2022-10-03 07:33:09,5,-3,3617.0,2378
2022-10-03 07:33:11,9,1,3617.0,2379
2022-10-03 07:33:12,11,-5,3617.0,2374
2022-10-03 07:33:13,8,-5,3617.0,2369
2022-10-03 07:33:14,2,0,3617.0,2369
2022-10-03 07:33:15,10,17,3617.25,2386
2022-10-03 07:33:19,8,-7,3617.0,2379
2022-10-03 07:33:20,1,-1,3616.75,2378
2022-10-03 07:33:22,6,-4,3616.5,2374
2022-10-03 07:33:23,42,28,3617.0,2402
2022-10-03 07:33:24,1,-1,3616.75,2401
2022-10-03 07:33:25,6,6,3617.25,2407
2022-10-03 07:33:27,5,-5,3617.25,2402
2022-10-03 07:33:28,1,1,3617.25,2403
2022-10-03 07:33:30,5,1,3617.5,2404
2022-10-03 07:33:31,1,1,3617.5,2405
2022-10-03 07:33:32,19,11,3617.75,2416
2022-10-03 07:33:34,16,-4,3617.75,2412
2022-10-03 07:33:35,13,7,3617.75,2419
2022-10-03 07:33:36,2,2,3617.75,2421
2022-10-03 07:33:37,9,-8,3617.5,2413
2022-10-03 07:33:38,1,1,3617.5,2414
2022-10-03 07:33:39,108,98,3618.0,2512
2022-10-03 07:33:40,17,4,3617.5,2516
2022-10-03 07:33:41,1,-1,3617.25,2515
2022-10-03 07:33:42,1,1,3617.5,2516
2022-10-03 07:33:43,6,3,3617.5,2519
2022-10-03 07:33:44,1,1,3617.75,2520
2022-10-03 07:33:45,44,15,3618.0,2535
2022-10-03 07:33:46,2,-2,3618.0,2533
2022-10-03 07:33:48,15,-9,3618.0,2524
2022-10-03 07:33:49,72,30,3618.5,2554
2022-10-03 07:33:50,11,9,3618.25,2563
2022-10-03 07:33:51,2,-2,3618.0,2561
2022-10-03 07:33:53,13,-6,3618.0,2555
2022-10-03 07:33:54,6,-2,3618.0,2553
2022-10-03 07:33:55,1,1,3618.25,2554
2022-10-03 07:33:56,16,5,3618.25,2559
2022-10-03 07:33:57,5,-1,3618.25,2558
2022-10-03 07:33:58,8,-4,3618.0,2554
2022-10-03 07:33:59,3,3,3618.0,2557
2022-10-03 07:34:00,9,3,3618.0,2560
2022-10-03 07:34:01,6,0,3618.0,2560
2022-10-03 07:34:02,5,3,3618.0,2563
2022-10-03 07:34:04,5,-4,3617.75,2559
2022-10-03 07:34:05,3,3,3617.75,2562
2022-10-03 07:34:06,10,-9,3617.5,2553
2022-10-03 07:34:07,2,-2,3617.5,2551
2022-10-03 07:34:08,1,-1,3617.5,2550
2022-10-03 07:34:11,1,-1,3617.5,2549
2022-10-03 07:34:14,2,-2,3617.5,2547
2022-10-03 07:34:15,7,0,3617.5,2547
2022-10-03 07:34:17,22,-16,3617.25,2531
2022-10-03 07:34:19,9,6,3617.0,2537
2022-10-03 07:34:21,12,-2,3617.0,2535
2022-10-03 07:34:23,4,4,3617.0,2539
2022-10-03 07:34:27,1,-1,3617.25,2538
2022-10-03 07:34:30,6,-5,3617.0,2533
2022-10-03 07:34:31,3,-1,3617.0,2532
2022-10-03 07:34:33,3,1,3617.0,2533
2022-10-03 07:34:40,10,-6,3616.75,2527
2022-10-03 07:34:43,1,1,3616.75,2528
2022-10-03 07:34:44,10,-5,3616.75,2523
2022-10-03 07:34:47,9,-4,3616.75,2519
2022-10-03 07:34:49,2,-2,3616.75,2517
2022-10-03 07:34:50,5,-5,3616.5,2512
2022-10-03 07:34:51,1,-1,3616.5,2511
2022-10-03 07:34:54,12,5,3616.75,2516
2022-10-03 07:34:55,1,1,3616.75,2517
2022-10-03 07:34:56,1,1,3617.0,2518
2022-10-03 07:34:57,1,1,3617.0,2519
2022-10-03 07:34:59,3,-3,3616.75,2516
2022-10-03 07:35:00,2,2,3616.75,2518
2022-10-03 07:35:01,4,0,3617.0,2518
2022-10-03 07:35:02,9,7,3617.0,2525
2022-10-03 07:35:04,2,0,3617.0,2525
2022-10-03 07:35:06,12,6,3617.25,2531
2022-10-03 07:35:07,9,1,3617.25,2532
2022-10-03 07:35:11,4,4,3617.25,2536
2022-10-03 07:35:12,17,-14,3617.25,2522
2022-10-03 07:35:13,2,-2,3617.0,2520
2022-10-03 07:35:14,5,-5,3617.0,2515
2022-10-03 07:35:15,3,2,3617.0,2517
2022-10-03 07:35:16,1,1,3617.25,2518
2022-10-03 07:35:17,1,-1,3617.0,2517
2022-10-03 07:35:18,2,-2,3617.0,2515
2022-10-03 07:35:19,4,-4,3617.0,2511
2022-10-03 07:35:20,11,-1,3617.25,2510
2022-10-03 07:35:21,7,2,3617.0,2512
2022-10-03 07:35:22,2,-2,3617.0,2510
2022-10-03 07:35:23,1,-1,3617.0,2509
2022-10-03 07:35:24,3,1,3617.25,2510
2022-10-03 07:35:25,2,0,3617.25,2510
2022-10-03 07:35:26,19,-1,3617.25,2509
2022-10-03 07:35:27,10,10,3617.5,2519
2022-10-03 07:35:30,4,-3,3617.25,2516
2022-10-03 07:35:31,11,-4,3617.25,2512
2022-10-03 07:35:32,4,2,3617.25,2514
2022-10-03 07:35:33,29,4,3617.5,2518
2022-10-03 07:35:34,1,-1,3617.25,2517
2022-10-03 07:35:35,6,2,3617.5,2519
2022-10-03 07:35:36,21,-7,3617.5,2512
2022-10-03 07:35:37,1,-1,3617.25,2511
2022-10-03 07:35:38,1,-1,3617.25,2510
2022-10-03 07:35:39,1,1,3617.5,2511
2022-10-03 07:35:40,4,2,3617.5,2513
2022-10-03 07:35:42,10,8,3617.75,2521
2022-10-03 07:35:43,8,8,3618.0,2529
2022-10-03 07:35:46,14,-3,3618.0,2526
2022-10-03 07:35:47,4,0,3618.0,2526
2022-10-03 07:35:48,13,5,3618.25,2531
2022-10-03 07:35:50,21,-6,3618.0,2525
2022-10-03 07:35:51,2,-2,3618.0,2523
2022-10-03 07:35:53,31,-4,3618.5,2519
2022-10-03 07:35:54,38,-12,3618.0,2507
2022-10-03 07:35:55,3,-3,3617.5,2504
2022-10-03 07:35:58,129,61,3618.25,2565
2022-10-03 07:35:59,1,-1,3618.0,2564
2022-10-03 07:36:01,43,-2,3618.25,2562
2022-10-03 07:36:04,5,-1,3618.0,2561
2022-10-03 07:36:07,14,0,3618.25,2561
2022-10-03 07:36:08,10,-8,3618.0,2553
2022-10-03 07:36:09,2,2,3618.25,2555
2022-10-03 07:36:10,3,1,3618.25,2556
2022-10-03 07:36:11,2,2,3618.25,2558
2022-10-03 07:36:12,6,2,3618.25,2560
2022-10-03 07:36:13,11,-4,3618.0,2556
2022-10-03 07:36:14,21,-25,3618.0,2531
2022-10-03 07:36:16,1,-1,3617.75,2530
2022-10-03 07:36:17,21,0,3617.75,2530
2022-10-03 07:36:18,41,-7,3617.75,2523
2022-10-03 07:36:19,2,2,3617.5,2525
2022-10-03 07:36:22,7,3,3617.5,2528
2022-10-03 07:36:23,1,-1,3617.25,2527
2022-10-03 07:36:25,27,21,3617.5,2548
2022-10-03 07:36:26,1,-1,3617.25,2547
2022-10-03 07:36:27,45,-26,3617.25,2521
2022-10-03 07:36:28,7,7,3616.75,2528
2022-10-03 07:36:30,3,3,3616.75,2531
2022-10-03 07:36:32,1,1,3616.75,2532
2022-10-03 07:36:33,1,-1,3616.5,2531
2022-10-03 07:36:34,23,-2,3616.75,2529
2022-10-03 07:36:38,2,-2,3616.5,2527
2022-10-03 07:36:41,5,1,3616.75,2528
2022-10-03 07:36:42,3,0,3617.0,2528
2022-10-03 07:36:43,3,1,3617.0,2529
2022-10-03 07:36:44,5,-1,3617.25,2528
2022-10-03 07:36:47,3,-3,3617.0,2525
2022-10-03 07:36:49,1,1,3617.0,2526
2022-10-03 07:36:50,10,-8,3616.75,2518
2022-10-03 07:36:53,1,-1,3616.5,2517
2022-10-03 07:36:54,16,1,3616.5,2518
2022-10-03 07:36:55,6,-6,3616.25,2512
2022-10-03 07:36:57,21,4,3616.5,2516
2022-10-03 07:36:59,133,45,3618.0,2561
2022-10-03 07:37:00,11,-3,3617.5,2558
2022-10-03 07:37:03,4,-4,3617.5,2554
2022-10-03 07:37:04,4,2,3617.5,2556
2022-10-03 07:37:05,96,-10,3617.25,2546
2022-10-03 07:37:06,12,-12,3617.25,2534
2022-10-03 07:37:09,4,-3,3617.25,2531
2022-10-03 07:37:10,4,-2,3617.25,2529
2022-10-03 07:37:11,13,3,3617.0,2532
2022-10-03 07:37:16,21,7,3617.0,2539
2022-10-03 07:37:19,6,4,3617.25,2543
2022-10-03 07:37:21,2,-2,3617.0,2541
2022-10-03 07:37:23,3,-3,3616.75,2538
2022-10-03 07:37:24,4,-2,3616.75,2536
2022-10-03 07:37:26,3,2,3616.75,2538
2022-10-03 07:37:27,11,5,3617.0,2543
2022-10-03 07:37:28,3,1,3617.0,2544
2022-10-03 07:37:31,6,-6,3617.0,2538
2022-10-03 07:37:32,5,5,3617.0,2543
2022-10-03 07:37:33,4,0,3617.0,2543
2022-10-03 07:37:34,4,1,3617.0,2544
2022-10-03 07:37:35,114,1,3617.5,2545
2022-10-03 07:37:36,1,-1,3616.75,2544
2022-10-03 07:37:37,1,1,3617.0,2545
2022-10-03 07:37:38,24,-10,3616.75,2535
2022-10-03 07:37:39,7,-4,3616.75,2531
2022-10-03 07:37:45,6,4,3616.75,2535
2022-10-03 07:37:46,46,12,3617.0,2547
2022-10-03 07:37:47,10,1,3617.25,2548
2022-10-03 07:37:48,107,60,3618.0,2608
2022-10-03 07:37:49,56,20,3618.25,2628
2022-10-03 07:37:50,1,1,3618.5,2629
2022-10-03 07:37:51,33,24,3618.75,2653
2022-10-03 07:37:52,8,2,3618.75,2655
2022-10-03 07:37:53,4,3,3618.75,2658
2022-10-03 07:37:54,1,1,3618.75,2659
2022-10-03 07:37:55,31,-2,3618.5,2657
2022-10-03 07:37:58,77,13,3618.75,2670
2022-10-03 07:37:59,159,105,3619.5,2775
2022-10-03 07:38:00,18,-1,3619.5,2774
2022-10-03 07:38:01,26,1,3619.0,2775
2022-10-03 07:38:02,9,4,3619.0,2779
2022-10-03 07:38:03,4,2,3619.0,2781
2022-10-03 07:38:04,4,4,3619.25,2785
2022-10-03 07:38:06,9,-3,3619.0,2782
2022-10-03 07:38:07,2,2,3618.75,2784
2022-10-03 07:38:08,7,1,3618.75,2785
2022-10-03 07:38:09,435,357,3620.75,3142
2022-10-03 07:38:10,57,20,3620.5,3162
2022-10-03 07:38:11,3,1,3620.5,3163
2022-10-03 07:38:12,4,2,3620.5,3165
2022-10-03 07:38:13,48,1,3620.5,3166
2022-10-03 07:38:14,19,11,3620.75,3177
2022-10-03 07:38:15,15,3,3620.75,3180
2022-10-03 07:38:16,24,14,3621.0,3194
2022-10-03 07:38:17,1,1,3621.0,3195
2022-10-03 07:38:18,34,-8,3621.0,3187
2022-10-03 07:38:19,10,2,3620.75,3189
2022-10-03 07:38:20,51,8,3621.0,3197
2022-10-03 07:38:21,32,17,3621.0,3214
2022-10-03 07:38:22,10,3,3621.0,3217
2022-10-03 07:38:23,13,5,3620.75,3222
2022-10-03 07:38:25,48,-13,3620.5,3209
2022-10-03 07:38:26,17,9,3620.75,3218
2022-10-03 07:38:27,21,-7,3620.75,3211
2022-10-03 07:38:29,3,-3,3620.5,3208
2022-10-03 07:38:30,10,-10,3620.5,3198
2022-10-03 07:38:31,53,50,3620.75,3248
2022-10-03 07:38:33,1,-1,3620.5,3247
2022-10-03 07:38:34,1,1,3620.75,3248
2022-10-03 07:38:35,35,30,3621.0,3278
2022-10-03 07:38:36,11,-3,3621.25,3275
2022-10-03 07:38:37,19,2,3620.75,3277
2022-10-03 07:38:38,11,8,3620.75,3285
2022-10-03 07:38:39,47,-18,3620.75,3267
2022-10-03 07:38:40,17,13,3620.75,3280
2022-10-03 07:38:41,4,0,3620.5,3280
2022-10-03 07:38:42,2,2,3620.5,3282
2022-10-03 07:38:43,15,11,3620.5,3293
2022-10-03 07:38:44,27,10,3620.75,3303
2022-10-03 07:38:46,7,-6,3620.5,3297
2022-10-03 07:38:47,168,112,3621.0,3409
2022-10-03 07:38:48,27,14,3620.5,3423
2022-10-03 07:38:49,6,-2,3620.25,3421
2022-10-03 07:38:50,10,8,3620.5,3429
2022-10-03 07:38:51,14,-12,3620.25,3417
2022-10-03 07:38:52,15,7,3620.25,3424
2022-10-03 07:38:53,53,-22,3620.75,3402
2022-10-03 07:38:55,10,2,3620.75,3404
2022-10-03 07:38:56,2,-2,3620.5,3402
2022-10-03 07:38:57,6,-4,3620.5,3398
2022-10-03 07:38:58,1,1,3620.75,3399
2022-10-03 07:38:59,4,4,3620.75,3403
2022-10-03 07:39:00,10,-3,3620.5,3400
2022-10-03 07:39:01,7,1,3620.5,3401
2022-10-03 07:39:03,13,-6,3620.25,3395
2022-10-03 07:39:04,3,1,3620.25,3396
2022-10-03 07:39:05,24,0,3620.25,3396
2022-10-03 07:39:06,12,-3,3620.25,3393
2022-10-03 07:39:07,6,1,3620.0,3394
2022-10-03 07:39:09,9,3,3620.25,3397
2022-10-03 07:39:10,2,-2,3620.0,3395
2022-10-03 07:39:11,2,-2,3620.0,3393
2022-10-03 07:39:13,1,1,3620.25,3394
2022-10-03 07:39:14,17,12,3620.0,3406
2022-10-03 07:39:15,9,5,3620.0,3411
2022-10-03 07:39:16,5,-5,3620.0,3406
2022-10-03 07:39:17,6,-6,3619.75,3400
2022-10-03 07:39:19,17,-4,3619.75,3396
2022-10-03 07:39:20,3,1,3619.75,3397
2022-10-03 07:39:21,3,-3,3619.75,3394
2022-10-03 07:39:22,2,-2,3619.75,3392
2022-10-03 07:39:23,1,-1,3619.75,3391
2022-10-03 07:39:24,1,-1,3619.5,3390
2022-10-03 07:39:25,2,-2,3619.5,3388
2022-10-03 07:39:26,1,1,3619.75,3389
2022-10-03 07:39:28,4,-4,3619.5,3385
2022-10-03 07:39:29,3,3,3619.75,3388
2022-10-03 07:39:31,2,2,3619.75,3390
2022-10-03 07:39:32,1,-1,3619.5,3389
2022-10-03 07:39:34,1,1,3619.75,3390
2022-10-03 07:39:35,18,10,3619.75,3400
2022-10-03 07:39:37,1,1,3619.75,3401
2022-10-03 07:39:38,5,-3,3619.75,3398
2022-10-03 07:39:39,7,7,3620.0,3405
2022-10-03 07:39:40,6,-5,3619.75,3400
2022-10-03 07:39:43,1,1,3619.75,3401
2022-10-03 07:39:45,12,-8,3619.5,3393
2022-10-03 07:39:46,31,-8,3619.25,3385
2022-10-03 07:39:47,12,-10,3618.75,3375
2022-10-03 07:39:48,6,2,3618.75,3377
2022-10-03 07:39:49,4,-4,3618.75,3373
2022-10-03 07:39:50,7,-5,3618.75,3368
2022-10-03 07:39:51,1,1,3619.0,3369
2022-10-03 07:39:52,5,-1,3619.0,3368
2022-10-03 07:39:53,4,0,3619.0,3368
2022-10-03 07:39:54,3,1,3619.25,3369
2022-10-03 07:39:55,5,0,3619.25,3369
2022-10-03 07:39:56,4,4,3619.25,3373
2022-10-03 07:39:57,4,2,3619.5,3375
2022-10-03 07:39:58,2,0,3619.25,3375
2022-10-03 07:39:59,1,1,3619.25,3376
2022-10-03 07:40:00,7,1,3619.25,3377
2022-10-03 07:40:01,5,5,3619.25,3382
2022-10-03 07:40:02,12,6,3619.5,3388
2022-10-03 07:40:03,8,-4,3619.5,3384
2022-10-03 07:40:04,4,-4,3619.5,3380
2022-10-03 07:40:05,3,3,3619.25,3383
2022-10-03 07:40:06,3,3,3619.25,3386
2022-10-03 07:40:07,27,4,3619.75,3390
2022-10-03 07:40:08,3,-1,3619.5,3389
2022-10-03 07:40:09,5,-5,3619.25,3384
2022-10-03 07:40:10,3,1,3619.5,3385
2022-10-03 07:40:13,4,0,3619.5,3385
2022-10-03 07:40:15,15,12,3619.75,3397
2022-10-03 07:40:17,13,-5,3619.75,3392
2022-10-03 07:40:20,9,-4,3619.5,3388
2022-10-03 07:40:21,5,-1,3619.5,3387
2022-10-03 07:40:23,1,1,3619.5,3388
2022-10-03 07:40:25,10,6,3619.5,3394
2022-10-03 07:40:26,2,-2,3619.5,3392
2022-10-03 07:40:27,10,4,3619.5,3396
2022-10-03 07:40:29,4,-3,3619.25,3393
2022-10-03 07:40:32,9,-9,3619.25,3384
2022-10-03 07:40:34,4,1,3619.5,3385
2022-10-03 07:40:35,5,-3,3619.5,3382
2022-10-03 07:40:36,1,1,3619.5,3383
2022-10-03 07:40:39,8,-5,3619.5,3378
2022-10-03 07:40:42,4,-3,3619.5,3375
2022-10-03 07:40:43,7,7,3619.75,3382
2022-10-03 07:40:44,26,-16,3619.75,3366
2022-10-03 07:40:45,3,3,3619.75,3369
2022-10-03 07:40:50,27,4,3620.0,3373
2022-10-03 07:40:52,12,3,3620.0,3376
2022-10-03 07:40:54,17,-4,3619.75,3372
2022-10-03 07:40:55,1,1,3619.75,3373
2022-10-03 07:40:56,4,0,3619.75,3373
2022-10-03 07:40:58,1,-1,3619.5,3372
2022-10-03 07:40:59,10,2,3619.75,3374
2022-10-03 07:41:00,1,1,3619.75,3375
2022-10-03 07:41:01,53,38,3620.25,3413
2022-10-03 07:41:02,1,-1,3620.0,3412
2022-10-03 07:41:04,14,-9,3620.0,3403
2022-10-03 07:41:06,14,-2,3619.75,3401
2022-10-03 07:41:07,2,2,3619.5,3403
2022-10-03 07:41:08,1,1,3619.5,3404
2022-10-03 07:41:10,8,5,3619.5,3409
2022-10-03 07:41:11,1,1,3619.75,3410
2022-10-03 07:41:12,3,3,3619.75,3413
2022-10-03 07:41:13,9,-4,3619.75,3409
2022-10-03 07:41:14,3,-3,3619.75,3406
2022-10-03 07:41:15,20,15,3620.0,3421
2022-10-03 07:41:16,1,-1,3620.0,3420
2022-10-03 07:41:17,3,0,3620.25,3420
2022-10-03 07:41:19,12,8,3620.25,3428
2022-10-03 07:41:22,7,-4,3620.25,3424
2022-10-03 07:41:24,16,0,3620.25,3424
2022-10-03 07:41:26,8,-8,3620.0,3416
2022-10-03 07:41:27,1,1,3620.25,3417
2022-10-03 07:41:29,16,-11,3620.0,3406
2022-10-03 07:41:32,12,6,3620.0,3412
2022-10-03 07:41:35,1,-1,3619.75,3411
2022-10-03 07:41:37,10,10,3620.0,3421
2022-10-03 07:41:42,2,-2,3620.0,3419
2022-10-03 07:41:43,8,5,3620.25,3424
2022-10-03 07:41:46,1,1,3620.25,3425
2022-10-03 07:41:47,13,-12,3620.0,3413
2022-10-03 07:41:48,8,-4,3619.75,3409
2022-10-03 07:41:49,37,-30,3619.5,3379
2022-10-03 07:41:50,3,-2,3619.5,3377
2022-10-03 07:41:53,2,2,3619.5,3379
2022-10-03 07:41:54,1,-1,3619.5,3378
2022-10-03 07:41:56,3,-3,3619.5,3375
2022-10-03 07:41:57,1,1,3619.5,3376
2022-10-03 07:41:59,4,-4,3619.5,3372
2022-10-03 07:42:00,2,0,3619.75,3372
2022-10-03 07:42:01,2,-2,3619.5,3370
2022-10-03 07:42:03,10,-5,3619.25,3365
2022-10-03 07:42:04,17,-19,3619.25,3346
2022-10-03 07:42:05,15,-4,3619.0,3342
2022-10-03 07:42:07,20,-2,3619.0,3340
2022-10-03 07:42:08,13,-13,3619.0,3327
2022-10-03 07:42:09,7,1,3618.75,3328
2022-10-03 07:42:10,18,-10,3618.75,3318
2022-10-03 07:42:11,5,-4,3618.5,3314
2022-10-03 07:42:12,8,-2,3618.5,3312
2022-10-03 07:42:14,19,6,3618.75,3318
2022-10-03 07:42:15,24,6,3619.0,3324
2022-10-03 07:42:16,22,5,3619.25,3329
2022-10-03 07:42:18,1,-1,3619.25,3328
2022-10-03 07:42:20,9,5,3619.5,3333
2022-10-03 07:42:21,12,-11,3619.5,3322
2022-10-03 07:42:22,11,-9,3619.25,3313
2022-10-03 07:42:23,9,-5,3619.0,3308
2022-10-03 07:42:25,4,-2,3619.0,3306
2022-10-03 07:42:26,1,-1,3619.0,3305
2022-10-03 07:42:29,4,-2,3619.0,3303
2022-10-03 07:42:30,6,-5,3619.0,3298
2022-10-03 07:42:31,3,3,3619.25,3301
2022-10-03 07:42:32,5,4,3619.25,3305
2022-10-03 07:42:33,10,9,3619.75,3314
2022-10-03 07:42:34,8,4,3619.75,3318
2022-10-03 07:42:36,11,-8,3619.75,3310
2022-10-03 07:42:39,19,-1,3619.75,3309
2022-10-03 07:42:40,3,-1,3620.0,3308
2022-10-03 07:42:41,7,-5,3619.5,3303
2022-10-03 07:42:42,2,-2,3619.5,3301
2022-10-03 07:42:45,6,4,3619.75,3305
2022-10-03 07:42:48,1,-1,3619.75,3304
2022-10-03 07:42:49,6,-3,3619.75,3301
2022-10-03 07:42:52,6,-2,3619.75,3299
2022-10-03 07:42:55,5,-5,3619.75,3294
2022-10-03 07:42:56,5,5,3619.75,3299
2022-10-03 07:42:57,5,1,3619.75,3300
2022-10-03 07:43:01,13,-11,3619.75,3289
2022-10-03 07:43:02,9,1,3619.0,3290
2022-10-03 07:43:03,7,7,3619.25,3297
2022-10-03 07:43:04,2,-2,3619.0,3295
2022-10-03 07:43:06,3,3,3619.0,3298
2022-10-03 07:43:07,6,2,3619.25,3300
2022-10-03 07:43:09,3,-3,3619.25,3297
2022-10-03 07:43:10,2,-2,3619.25,3295
2022-10-03 07:43:11,13,2,3619.25,3297
2022-10-03 07:43:12,3,3,3619.25,3300
2022-10-03 07:43:14,1,-1,3619.25,3299
2022-10-03 07:43:18,28,-38,3619.25,3261
2022-10-03 07:43:20,1,1,3619.25,3262
2022-10-03 07:43:21,5,-5,3619.0,3257
2022-10-03 07:43:25,7,-3,3618.75,3254
2022-10-03 07:43:26,28,-11,3618.5,3243
2022-10-03 07:43:27,16,-13,3618.25,3230
2022-10-03 07:43:28,2,0,3618.25,3230
2022-10-03 07:43:29,7,1,3618.25,3231
2022-10-03 07:43:31,16,11,3618.25,3242
2022-10-03 07:43:32,6,2,3618.25,3244
2022-10-03 07:43:33,4,0,3618.25,3244
2022-10-03 07:43:35,1,1,3618.25,3245
2022-10-03 07:43:37,10,3,3618.5,3248
2022-10-03 07:43:38,2,-2,3618.25,3246
2022-10-03 07:43:39,2,0,3618.25,3246
2022-10-03 07:43:41,9,9,3618.5,3255
2022-10-03 07:43:42,2,0,3618.5,3255
2022-10-03 07:43:44,9,7,3618.75,3262
2022-10-03 07:43:46,17,11,3619.0,3273
2022-10-03 07:43:48,7,-3,3619.0,3270
2022-10-03 07:43:49,2,0,3618.75,3270
2022-10-03 07:43:51,17,2,3618.75,3272
2022-10-03 07:43:52,5,-1,3619.0,3271
2022-10-03 07:43:54,10,4,3619.0,3275
2022-10-03 07:43:56,2,-2,3618.5,3273
2022-10-03 07:43:58,7,-7,3618.25,3266
2022-10-03 07:44:00,7,7,3618.25,3273
2022-10-03 07:44:01,49,-74,3618.25,3199
2022-10-03 07:44:02,11,-1,3618.25,3198
2022-10-03 07:44:03,5,-5,3618.0,3193
2022-10-03 07:44:04,17,2,3618.25,3195
2022-10-03 07:44:09,1,1,3618.5,3196
2022-10-03 07:44:10,4,-3,3618.25,3193
2022-10-03 07:44:12,7,4,3618.25,3197
2022-10-03 07:44:13,6,-6,3618.25,3191
2022-10-03 07:44:14,4,4,3618.25,3195
2022-10-03 07:44:15,20,8,3618.25,3203
2022-10-03 07:44:16,28,-32,3618.25,3171
2022-10-03 07:44:18,12,-7,3618.0,3164
2022-10-03 07:44:19,6,4,3618.25,3168
2022-10-03 07:44:20,1,1,3618.0,3169
2022-10-03 07:44:21,2,0,3618.25,3169
2022-10-03 07:44:23,1,1,3618.25,3170
2022-10-03 07:44:26,4,3,3618.25,3173
2022-10-03 07:44:27,1,-1,3618.25,3172
2022-10-03 07:44:28,2,2,3618.25,3174
2022-10-03 07:44:31,37,12,3618.75,3186
2022-10-03 07:44:32,4,-1,3618.75,3185
2022-10-03 07:44:34,1,1,3618.75,3186
2022-10-03 07:44:35,1,-1,3618.75,3185
2022-10-03 07:44:36,1,1,3618.75,3186
2022-10-03 07:44:39,6,-6,3618.5,3180
2022-10-03 07:44:41,7,-1,3618.25,3179
2022-10-03 07:44:42,11,1,3618.5,3180
2022-10-03 07:44:44,1,-1,3618.25,3179
2022-10-03 07:44:47,6,0,3618.25,3179
2022-10-03 07:44:48,4,-2,3618.25,3177
2022-10-03 07:44:49,1,1,3618.25,3178
2022-10-03 07:44:50,12,-7,3618.25,3171
2022-10-03 07:44:52,2,2,3618.25,3173
2022-10-03 07:44:54,3,-1,3618.25,3172
2022-10-03 07:44:57,19,-9,3618.0,3163
2022-10-03 07:44:58,11,9,3618.0,3172
2022-10-03 07:45:01,21,-9,3617.75,3163
2022-10-03 07:45:02,1,1,3617.75,3164
2022-10-03 07:45:03,14,10,3618.0,3174
2022-10-03 07:45:05,7,0,3618.0,3174
2022-10-03 07:45:06,1,1,3618.0,3175
2022-10-03 07:45:08,7,5,3618.0,3180
2022-10-03 07:45:09,7,1,3618.0,3181
2022-10-03 07:45:11,1,-1,3617.75,3180
2022-10-03 07:45:12,7,-3,3618.5,3177
2022-10-03 07:45:16,1,-1,3618.25,3176
2022-10-03 07:45:17,4,-4,3618.25,3172
2022-10-03 07:45:18,7,1,3618.25,3173
2022-10-03 07:45:19,1,-1,3618.0,3172
2022-10-03 07:45:22,9,0,3618.5,3172
2022-10-03 07:45:23,15,-6,3618.5,3166
2022-10-03 07:45:24,34,-26,3618.25,3140
2022-10-03 07:45:25,1,1,3618.25,3141
2022-10-03 07:45:26,8,3,3618.25,3144
2022-10-03 07:45:27,17,-14,3618.0,3130
2022-10-03 07:45:28,12,3,3618.5,3133
2022-10-03 07:45:29,31,-8,3618.5,3125
2022-10-03 07:45:31,8,-6,3618.25,3119
2022-10-03 07:45:33,9,-3,3618.25,3116
2022-10-03 07:45:37,9,-2,3618.5,3114
2022-10-03 07:45:38,3,1,3618.5,3115
2022-10-03 07:45:39,1,1,3618.5,3116
2022-10-03 07:45:41,1,1,3618.5,3117
2022-10-03 07:45:42,5,-4,3618.5,3113
2022-10-03 07:45:47,5,1,3618.5,3114
2022-10-03 07:45:48,7,-7,3618.5,3107
2022-10-03 07:45:49,9,-6,3618.75,3101
2022-10-03 07:45:57,10,-6,3618.5,3095
2022-10-03 07:46:00,15,13,3619.0,3108
2022-10-03 07:46:01,86,64,3619.75,3172
2022-10-03 07:46:02,14,3,3619.75,3175
2022-10-03 07:46:03,24,-14,3619.75,3161
2022-10-03 07:46:04,1,-1,3619.5,3160
2022-10-03 07:46:05,5,1,3619.5,3161
2022-10-03 07:46:06,1,-1,3619.5,3160
2022-10-03 07:46:07,4,4,3619.5,3164
2022-10-03 07:46:08,1,-1,3619.5,3163
2022-10-03 07:46:09,37,13,3620.0,3176
2022-10-03 07:46:10,5,-5,3619.75,3171
2022-10-03 07:46:11,2,0,3619.75,3171
2022-10-03 07:46:12,53,39,3620.25,3210
2022-10-03 07:46:13,18,6,3620.5,3216
2022-10-03 07:46:14,13,4,3620.5,3220
2022-10-03 07:46:15,7,1,3620.5,3221
2022-10-03 07:46:16,14,-8,3620.25,3213
2022-10-03 07:46:17,21,7,3620.0,3220
2022-10-03 07:46:18,2,0,3620.25,3220
2022-10-03 07:46:19,3,-1,3620.0,3219
2022-10-03 07:46:20,1,-1,3619.75,3218
2022-10-03 07:46:22,1,1,3620.0,3219
2022-10-03 07:46:24,4,4,3620.0,3223
2022-10-03 07:46:25,6,-1,3620.0,3222
2022-10-03 07:46:26,10,-1,3620.0,3221
2022-10-03 07:46:28,20,-11,3620.0,3210
2022-10-03 07:46:32,16,-11,3619.75,3199
2022-10-03 07:46:34,19,3,3619.5,3202
2022-10-03 07:46:36,5,4,3619.5,3206
2022-10-03 07:46:37,48,55,3620.25,3261
2022-10-03 07:46:38,15,8,3620.0,3269
2022-10-03 07:46:42,2,-2,3620.0,3267
2022-10-03 07:46:44,30,-11,3620.0,3256
2022-10-03 07:46:45,4,4,3619.75,3260
2022-10-03 07:46:47,1,-1,3619.5,3259
2022-10-03 07:46:48,9,-3,3619.5,3256
2022-10-03 07:46:50,30,13,3620.0,3269
2022-10-03 07:46:51,7,-1,3620.0,3268
2022-10-03 07:46:52,3,3,3620.0,3271
2022-10-03 07:46:53,5,-1,3620.25,3270
2022-10-03 07:46:54,2,2,3620.0,3272
2022-10-03 07:46:55,2,2,3620.0,3274
2022-10-03 07:46:56,2,0,3620.25,3274
2022-10-03 07:46:57,1,1,3620.25,3275
2022-10-03 07:46:58,23,-8,3620.0,3267
2022-10-03 07:46:59,7,-2,3619.75,3265
2022-10-03 07:47:00,2,-2,3619.75,3263
2022-10-03 07:47:01,3,3,3620.0,3266
2022-10-03 07:47:04,1,-1,3619.75,3265
2022-10-03 07:47:05,2,-2,3619.75,3263
2022-10-03 07:47:06,2,2,3619.75,3265
2022-10-03 07:47:09,3,0,3620.0,3265
2022-10-03 07:47:10,1,-1,3619.75,3264
2022-10-03 07:47:14,15,4,3620.0,3268
2022-10-03 07:47:15,5,-1,3620.0,3267
2022-10-03 07:47:16,2,-2,3620.0,3265
2022-10-03 07:47:20,1,1,3620.0,3266
2022-10-03 07:47:22,17,-3,3620.0,3263
2022-10-03 07:47:23,2,2,3620.0,3265
2022-10-03 07:47:25,9,8,3620.25,3273
2022-10-03 07:47:26,8,-8,3620.25,3265
2022-10-03 07:47:27,18,3,3620.25,3268
2022-10-03 07:47:28,4,0,3620.25,3268
2022-10-03 07:47:29,20,18,3620.5,3286
2022-10-03 07:47:30,1,1,3620.5,3287
2022-10-03 07:47:31,5,-3,3620.25,3284
2022-10-03 07:47:32,3,-3,3620.25,3281
2022-10-03 07:47:34,1,1,3620.5,3282
2022-10-03 07:47:35,14,3,3620.5,3285
2022-10-03 07:47:36,1,1,3620.5,3286
2022-10-03 07:47:37,1,1,3620.5,3287
2022-10-03 07:47:38,18,-6,3620.5,3281
2022-10-03 07:47:39,2,2,3620.5,3283
2022-10-03 07:47:42,9,3,3620.5,3286
2022-10-03 07:47:44,2,-2,3620.25,3284
2022-10-03 07:47:46,1,-1,3620.25,3283
2022-10-03 07:47:47,13,-10,3620.25,3273
2022-10-03 07:47:48,7,-5,3620.25,3268
2022-10-03 07:47:49,1,1,3620.25,3269
2022-10-03 07:47:52,5,-1,3620.25,3268
2022-10-03 07:47:54,5,-2,3620.0,3266
2022-10-03 07:47:55,41,-19,3620.0,3247
2022-10-03 07:47:56,56,-33,3619.5,3214
2022-10-03 07:47:57,35,-11,3618.75,3203
2022-10-03 07:47:58,14,0,3618.0,3203
2022-10-03 07:47:59,1,1,3618.25,3204
2022-10-03 07:48:00,13,-13,3618.0,3191
2022-10-03 07:48:01,16,8,3618.25,3199
2022-10-03 07:48:02,3,3,3618.0,3202
2022-10-03 07:48:03,1,-1,3617.75,3201
2022-10-03 07:48:04,4,4,3618.0,3205
2022-10-03 07:48:05,11,-1,3618.0,3204
2022-10-03 07:48:06,5,-5,3617.75,3199
2022-10-03 07:48:07,8,2,3618.0,3201
2022-10-03 07:48:08,21,-9,3618.0,3192
2022-10-03 07:48:10,70,-12,3617.75,3180
2022-10-03 07:48:11,8,-2,3617.75,3178
2022-10-03 07:48:12,1,-1,3617.75,3177
2022-10-03 07:48:14,6,-2,3617.75,3175
2022-10-03 07:48:15,3,1,3617.75,3176
2022-10-03 07:48:16,4,0,3618.0,3176
2022-10-03 07:48:17,6,-2,3617.5,3174
2022-10-03 07:48:18,1,1,3617.75,3175
2022-10-03 07:48:22,16,3,3617.5,3178
2022-10-03 07:48:23,26,13,3617.5,3191
2022-10-03 07:48:24,94,-24,3617.5,3167
2022-10-03 07:48:25,20,-3,3616.75,3164
2022-10-03 07:48:26,5,-3,3616.75,3161
2022-10-03 07:48:27,46,-4,3616.75,3157
2022-10-03 07:48:28,12,-11,3616.75,3146
2022-10-03 07:48:29,18,-18,3616.5,3128
2022-10-03 07:48:30,17,-8,3616.75,3120
2022-10-03 07:48:31,10,-8,3616.5,3112
2022-10-03 07:48:32,13,5,3616.75,3117
2022-10-03 07:48:33,14,-15,3616.5,3102
2022-10-03 07:48:34,51,-54,3616.25,3048
2022-10-03 07:48:35,9,-7,3616.0,3041
2022-10-03 07:48:36,8,7,3616.25,3048
2022-10-03 07:48:37,28,10,3616.75,3058
2022-10-03 07:48:38,9,-3,3616.75,3055
2022-10-03 07:48:39,5,-1,3616.75,3054
2022-10-03 07:48:41,1,-1,3616.75,3053
2022-10-03 07:48:42,12,0,3617.0,3053
2022-10-03 07:48:43,26,-3,3617.0,3050
2022-10-03 07:48:44,2,0,3616.75,3050
2022-10-03 07:48:45,1,-1,3616.5,3049
2022-10-03 07:48:46,15,-8,3616.75,3041
2022-10-03 07:48:47,10,-3,3616.25,3038
2022-10-03 07:48:48,23,-2,3616.5,3036
2022-10-03 07:48:49,2,-2,3616.0,3034
2022-10-03 07:48:50,25,13,3616.5,3047
2022-10-03 07:48:52,7,-1,3616.25,3046
2022-10-03 07:48:53,1,-1,3616.25,3045
2022-10-03 07:48:56,9,-5,3616.25,3040
2022-10-03 07:48:57,29,15,3616.5,3055
2022-10-03 07:48:58,9,2,3616.75,3057
2022-10-03 07:48:59,3,-1,3616.75,3056
2022-10-03 07:49:00,10,-4,3616.75,3052
2022-10-03 07:49:01,4,-4,3616.5,3048
2022-10-03 07:49:02,31,-3,3616.25,3045
2022-10-03 07:49:04,41,9,3616.5,3054
2022-10-03 07:49:08,6,6,3616.5,3060
2022-10-03 07:49:10,1,-1,3616.5,3059
2022-10-03 07:49:11,1,1,3616.75,3060
2022-10-03 07:49:12,23,-7,3616.75,3053
2022-10-03 07:49:13,58,4,3616.75,3057
2022-10-03 07:49:14,14,2,3616.75,3059
2022-10-03 07:49:15,5,5,3616.75,3064
2022-10-03 07:49:17,12,-7,3616.75,3057
2022-10-03 07:49:18,3,3,3616.75,3060
2022-10-03 07:49:19,6,-6,3616.75,3054
2022-10-03 07:49:20,17,10,3617.0,3064
2022-10-03 07:49:21,1,-1,3617.0,3063
2022-10-03 07:49:22,3,-1,3617.0,3062
2022-10-03 07:49:23,3,1,3617.0,3063
2022-10-03 07:49:24,4,3,3617.0,3066
2022-10-03 07:49:25,1,-1,3617.0,3065
2022-10-03 07:49:26,12,-4,3617.0,3061
2022-10-03 07:49:29,26,-13,3617.0,3048
2022-10-03 07:49:32,6,4,3616.75,3052
2022-10-03 07:49:33,1,-1,3616.75,3051
2022-10-03 07:49:34,5,5,3617.25,3056
2022-10-03 07:49:35,11,-5,3617.25,3051
2022-10-03 07:49:38,6,-1,3616.75,3050
2022-10-03 07:49:39,13,-4,3616.75,3046
2022-10-03 07:49:40,3,3,3616.5,3049
2022-10-03 07:49:41,18,-15,3616.25,3034
2022-10-03 07:49:42,6,0,3616.25,3034
2022-10-03 07:49:43,2,-2,3616.25,3032
2022-10-03 07:49:44,7,5,3616.25,3037
2022-10-03 07:49:45,11,-4,3616.5,3033
2022-10-03 07:49:46,23,-17,3616.0,3016
2022-10-03 07:49:47,24,-2,3615.75,3014
2022-10-03 07:49:48,14,4,3615.75,3018
2022-10-03 07:49:49,11,4,3615.75,3022
2022-10-03 07:49:50,3,3,3615.75,3025
2022-10-03 07:49:51,3,-1,3615.75,3024
2022-10-03 07:49:52,2,0,3615.75,3024
2022-10-03 07:49:53,12,-10,3615.75,3014
2022-10-03 07:49:54,33,-32,3615.75,2982
2022-10-03 07:49:56,5,-5,3615.75,2977
2022-10-03 07:49:57,4,-2,3615.5,2975
2022-10-03 07:49:58,4,-2,3615.5,2973
2022-10-03 07:49:59,1,-1,3615.5,2972
2022-10-03 07:50:00,16,0,3615.25,2972
2022-10-03 07:50:01,61,-57,3615.5,2915
2022-10-03 07:50:02,11,-1,3615.25,2914
2022-10-03 07:50:03,61,-26,3615.25,2888
2022-10-03 07:50:05,54,-3,3615.25,2885
2022-10-03 07:50:06,1,-1,3615.0,2884
2022-10-03 07:50:07,2,-1,3615.0,2883
2022-10-03 07:50:08,1,-1,3615.0,2882
2022-10-03 07:50:10,70,11,3615.5,2893
2022-10-03 07:50:11,2,2,3615.25,2895
2022-10-03 07:50:12,24,-8,3615.0,2887
2022-10-03 07:50:13,18,7,3615.0,2894
2022-10-03 07:50:14,4,-4,3615.0,2890
2022-10-03 07:50:15,67,-29,3615.0,2861
2022-10-03 07:50:16,12,-2,3614.5,2859
2022-10-03 07:50:17,17,9,3614.75,2868
2022-10-03 07:50:19,7,-2,3614.5,2866
2022-10-03 07:50:20,3,1,3614.5,2867
2022-10-03 07:50:21,3,-3,3614.5,2864
2022-10-03 07:50:22,13,-5,3614.5,2859
2022-10-03 07:50:24,1,1,3614.5,2860
2022-10-03 07:50:25,42,16,3614.5,2876
2022-10-03 07:50:26,4,2,3614.5,2878
2022-10-03 07:50:27,69,-67,3614.5,2811
2022-10-03 07:50:28,4,4,3614.25,2815
2022-10-03 07:50:29,13,-1,3614.25,2814
2022-10-03 07:50:30,27,7,3614.25,2821
2022-10-03 07:50:31,25,-28,3614.0,2793
2022-10-03 07:50:32,4,0,3614.0,2793
2022-10-03 07:50:33,28,4,3614.0,2797
2022-10-03 07:50:34,1,-1,3614.0,2796
2022-10-03 07:50:35,1,1,3614.25,2797
2022-10-03 07:50:36,1,-1,3614.0,2796
2022-10-03 07:50:38,30,32,3614.5,2828
2022-10-03 07:50:39,4,0,3614.75,2828
2022-10-03 07:50:40,4,-4,3614.75,2824
2022-10-03 07:50:41,12,11,3615.0,2835
2022-10-03 07:50:42,21,-4,3615.0,2831
2022-10-03 07:50:43,4,1,3614.75,2832
2022-10-03 07:50:44,2,2,3615.0,2834
2022-10-03 07:50:45,6,-6,3614.75,2828
2022-10-03 07:50:46,17,3,3614.75,2831
2022-10-03 07:50:47,1,-1,3614.75,2830
2022-10-03 07:50:48,13,9,3615.0,2839
2022-10-03 07:50:49,7,4,3615.25,2843
2022-10-03 07:50:50,3,1,3615.25,2844
2022-10-03 07:50:51,5,5,3615.5,2849
2022-10-03 07:50:52,10,14,3616.0,2863
2022-10-03 07:50:53,22,-2,3616.0,2861
2022-10-03 07:50:54,33,12,3616.25,2873
2022-10-03 07:50:55,7,1,3616.25,2874
2022-10-03 07:50:56,23,-13,3616.25,2861
2022-10-03 07:50:59,8,2,3616.0,2863
2022-10-03 07:51:01,7,7,3616.25,2870
2022-10-03 07:51:03,6,6,3616.5,2876
2022-10-03 07:51:04,2,2,3616.5,2878
2022-10-03 07:51:05,1,-1,3616.25,2877
2022-10-03 07:51:07,14,-13,3616.25,2864
2022-10-03 07:51:08,11,7,3616.5,2871
2022-10-03 07:51:11,8,8,3616.5,2879
2022-10-03 07:51:12,1,1,3616.5,2880
2022-10-03 07:51:13,47,-13,3616.25,2867
2022-10-03 07:51:15,10,-7,3616.25,2860
2022-10-03 07:51:16,19,-4,3616.0,2856
2022-10-03 07:51:18,5,-5,3616.0,2851
2022-10-03 07:51:20,1,1,3616.0,2852
2022-10-03 07:51:21,51,-15,3615.75,2837
2022-10-03 07:51:23,10,-3,3615.5,2834
2022-10-03 07:51:26,50,-32,3615.25,2802
2022-10-03 07:51:27,2,-2,3615.0,2800
2022-10-03 07:51:28,2,2,3615.0,2802
2022-10-03 07:51:29,21,-32,3615.25,2770
2022-10-03 07:51:31,12,6,3615.0,2776
2022-10-03 07:51:32,4,-2,3615.0,2774
2022-10-03 07:51:33,23,0,3615.0,2774
2022-10-03 07:51:36,1,-1,3614.75,2773
2022-10-03 07:51:38,6,-4,3614.75,2769
2022-10-03 07:51:39,8,0,3614.75,2769
2022-10-03 07:51:40,3,3,3615.0,2772
2022-10-03 07:51:41,24,5,3615.0,2777
2022-10-03 07:51:43,2,-2,3615.0,2775
2022-10-03 07:51:48,18,-3,3615.0,2772
2022-10-03 07:51:49,3,-3,3615.0,2769
2022-10-03 07:51:50,19,-5,3615.0,2764
2022-10-03 07:51:51,86,-58,3614.75,2706
2022-10-03 07:51:52,62,28,3614.75,2734
2022-10-03 07:51:53,7,-7,3614.5,2727
2022-10-03 07:51:54,20,-12,3614.5,2715
2022-10-03 07:51:56,4,4,3614.5,2719
2022-10-03 07:51:58,13,-10,3614.25,2709
2022-10-03 07:51:59,22,5,3614.25,2714
2022-10-03 07:52:00,3,-1,3614.25,2713
2022-10-03 07:52:01,2,2,3614.25,2715
2022-10-03 07:52:02,5,-4,3614.25,2711
2022-10-03 07:52:05,14,7,3614.5,2718
2022-10-03 07:52:06,15,-2,3614.75,2716
2022-10-03 07:52:07,20,10,3615.0,2726
2022-10-03 07:52:08,37,10,3615.0,2736
2022-10-03 07:52:09,27,15,3615.25,2751
2022-10-03 07:52:10,19,-1,3615.25,2750
2022-10-03 07:52:11,25,0,3615.5,2750
2022-10-03 07:52:12,18,-12,3615.25,2738
2022-10-03 07:52:13,7,3,3615.0,2741
2022-10-03 07:52:14,48,10,3615.5,2751
2022-10-03 07:52:15,20,-5,3615.75,2746
2022-10-03 07:52:16,24,17,3616.0,2763
2022-10-03 07:52:17,4,-3,3615.75,2760
2022-10-03 07:52:19,1,1,3615.75,2761
2022-10-03 07:52:20,10,-10,3615.5,2751
2022-10-03 07:52:21,32,15,3616.0,2766
2022-10-03 07:52:22,4,-2,3615.75,2764
2022-10-03 07:52:23,1,1,3615.75,2765
2022-10-03 07:52:24,2,-2,3615.75,2763
2022-10-03 07:52:25,1,1,3615.75,2764
2022-10-03 07:52:26,1,1,3615.75,2765
2022-10-03 07:52:27,7,-7,3615.75,2758
2022-10-03 07:52:30,2,1,3615.75,2759
2022-10-03 07:52:32,8,4,3615.75,2763
2022-10-03 07:52:33,4,0,3615.75,2763
2022-10-03 07:52:34,8,0,3615.75,2763
2022-10-03 07:52:35,3,-3,3615.5,2760
2022-10-03 07:52:36,6,-6,3615.25,2754
2022-10-03 07:52:38,3,-3,3615.0,2751
2022-10-03 07:52:39,14,0,3615.25,2751
2022-10-03 07:52:42,1,1,3615.25,2752
2022-10-03 07:52:43,7,-5,3615.0,2747
2022-10-03 07:52:44,11,6,3615.25,2753
2022-10-03 07:52:47,2,-2,3615.0,2751
2022-10-03 07:52:52,5,-5,3615.0,2746
2022-10-03 07:52:53,8,0,3615.0,2746
2022-10-03 07:52:55,7,4,3615.25,2750
2022-10-03 07:52:57,4,0,3615.25,2750
2022-10-03 07:52:58,2,-2,3615.25,2748
2022-10-03 07:53:09,10,8,3615.5,2756
2022-10-03 07:53:10,3,3,3615.75,2759
2022-10-03 07:53:11,1,1,3615.75,2760
2022-10-03 07:53:12,4,-4,3615.75,2756
2022-10-03 07:53:13,4,-4,3615.5,2752
2022-10-03 07:53:14,1,1,3615.75,2753
2022-10-03 07:53:15,2,2,3615.75,2755
2022-10-03 07:53:16,2,2,3615.75,2757
2022-10-03 07:53:17,1,-1,3615.5,2756
2022-10-03 07:53:20,1,1,3615.25,2757
2022-10-03 07:53:21,2,0,3615.25,2757
2022-10-03 07:53:28,5,2,3615.5,2759
2022-10-03 07:53:30,21,7,3615.5,2766
2022-10-03 07:53:31,2,-2,3615.25,2764
2022-10-03 07:53:32,2,0,3615.5,2764
2022-10-03 07:53:34,23,12,3615.75,2776
2022-10-03 07:53:35,3,1,3615.75,2777
2022-10-03 07:53:37,1,1,3615.75,2778
2022-10-03 07:53:39,13,1,3615.75,2779
2022-10-03 07:53:40,9,-9,3615.75,2770
2022-10-03 07:53:41,30,9,3616.0,2779
2022-10-03 07:53:42,17,0,3616.25,2779
2022-10-03 07:53:43,18,-2,3615.75,2777
2022-10-03 07:53:44,7,-5,3615.5,2772
2022-10-03 07:53:45,6,2,3615.5,2774
2022-10-03 07:53:46,3,-1,3615.5,2773
2022-10-03 07:53:48,6,-6,3615.5,2767
2022-10-03 07:53:50,25,9,3615.75,2776
2022-10-03 07:53:51,1,1,3615.75,2777
2022-10-03 07:53:52,6,2,3615.75,2779
2022-10-03 07:53:53,25,13,3615.75,2792
2022-10-03 07:53:54,8,7,3615.75,2799
2022-10-03 07:53:55,5,3,3615.75,2802
2022-10-03 07:53:56,2,-2,3615.75,2800
2022-10-03 07:53:57,6,0,3616.0,2800
2022-10-03 07:53:59,1,-1,3615.5,2799
2022-10-03 07:54:00,26,-3,3615.5,2796
2022-10-03 07:54:01,40,-33,3615.5,2763
2022-10-03 07:54:02,19,13,3615.25,2776
2022-10-03 07:54:03,2,-2,3615.25,2774
2022-10-03 07:54:04,4,0,3615.25,2774
2022-10-03 07:54:05,2,1,3615.25,2775
2022-10-03 07:54:06,5,1,3615.5,2776
2022-10-03 07:54:07,13,11,3615.25,2787
2022-10-03 07:54:08,33,3,3615.75,2790
2022-10-03 07:54:09,19,-11,3615.75,2779
2022-10-03 07:54:11,44,16,3616.0,2795
2022-10-03 07:54:12,16,-13,3616.0,2782
2022-10-03 07:54:13,4,-3,3615.75,2779
2022-10-03 07:54:14,5,2,3615.75,2781
2022-10-03 07:54:16,6,4,3616.0,2785
2022-10-03 07:54:17,1,-1,3616.0,2784
2022-10-03 07:54:19,3,3,3616.0,2787
2022-10-03 07:54:20,1,-1,3616.0,2786
2022-10-03 07:54:21,1,-1,3615.75,2785
2022-10-03 07:54:22,2,2,3616.25,2787
2022-10-03 07:54:24,19,-4,3616.0,2783
2022-10-03 07:54:25,1,-1,3615.75,2782
2022-10-03 07:54:26,3,-3,3615.75,2779
2022-10-03 07:54:27,1,-1,3615.5,2778
2022-10-03 07:54:28,12,-3,3615.5,2775
2022-10-03 07:54:29,6,2,3615.75,2777
2022-10-03 07:54:30,2,-2,3615.5,2775
2022-10-03 07:54:32,6,4,3615.75,2779
2022-10-03 07:54:35,3,-3,3615.75,2776
2022-10-03 07:54:36,1,1,3615.75,2777
2022-10-03 07:54:37,3,-3,3615.5,2774
2022-10-03 07:54:38,4,1,3615.5,2775
2022-10-03 07:54:41,52,7,3616.0,2782
2022-10-03 07:54:43,6,0,3616.0,2782
2022-10-03 07:54:44,12,4,3616.0,2786
2022-10-03 07:54:45,31,11,3616.5,2797
2022-10-03 07:54:47,20,11,3616.5,2808
2022-10-03 07:54:48,4,0,3616.5,2808
2022-10-03 07:54:50,2,2,3616.25,2810
2022-10-03 07:54:51,6,-5,3616.25,2805
2022-10-03 07:54:53,4,3,3616.0,2808
2022-10-03 07:54:55,50,-1,3615.75,2807
2022-10-03 07:54:56,1,-1,3615.5,2806
2022-10-03 07:54:59,2,-2,3615.5,2804
2022-10-03 07:55:03,7,5,3616.0,2809
2022-10-03 07:55:04,6,6,3615.75,2815
2022-10-03 07:55:05,5,3,3616.0,2818
2022-10-03 07:55:06,4,-1,3616.0,2817
2022-10-03 07:55:09,14,-10,3615.5,2807
2022-10-03 07:55:10,4,2,3615.25,2809
2022-10-03 07:55:11,5,5,3615.5,2814
2022-10-03 07:55:13,1,1,3615.5,2815
2022-10-03 07:55:14,10,4,3615.5,2819
2022-10-03 07:55:17,18,14,3615.75,2833
2022-10-03 07:55:18,4,0,3616.0,2833
2022-10-03 07:55:19,30,6,3616.25,2839
2022-10-03 07:55:20,2,0,3616.25,2839
2022-10-03 07:55:22,2,2,3616.0,2841
2022-10-03 07:55:23,25,8,3616.0,2849
2022-10-03 07:55:24,29,16,3616.25,2865
2022-10-03 07:55:26,13,-3,3616.0,2862
2022-10-03 07:55:27,2,0,3616.0,2862
2022-10-03 07:55:28,10,7,3616.0,2869
2022-10-03 07:55:29,5,5,3616.0,2874
2022-10-03 07:55:30,8,8,3616.0,2882
2022-10-03 07:55:31,4,4,3616.0,2886
2022-10-03 07:55:32,19,14,3616.25,2900
2022-10-03 07:55:33,49,27,3616.75,2927
2022-10-03 07:55:34,175,104,3618.25,3031
2022-10-03 07:55:35,8,2,3618.25,3033
2022-10-03 07:55:36,18,8,3618.25,3041
2022-10-03 07:55:37,17,-7,3618.25,3034
2022-10-03 07:55:38,7,7,3618.25,3041
2022-10-03 07:55:40,12,2,3618.0,3043
2022-10-03 07:55:41,1,1,3618.25,3044
2022-10-03 07:55:42,24,16,3618.25,3060
2022-10-03 07:55:43,17,5,3618.5,3065
2022-10-03 07:55:44,59,19,3619.0,3084
2022-10-03 07:55:45,7,7,3619.0,3091
2022-10-03 07:55:46,7,-5,3618.5,3086
2022-10-03 07:55:47,30,19,3619.0,3105
2022-10-03 07:55:48,4,4,3618.75,3109
2022-10-03 07:55:50,12,-1,3619.0,3108
2022-10-03 07:55:51,23,10,3619.0,3118
2022-10-03 07:55:54,9,2,3619.0,3120
2022-10-03 07:55:55,2,-2,3618.75,3118
2022-10-03 07:55:57,7,0,3618.75,3118
2022-10-03 07:55:58,1,-1,3618.75,3117
2022-10-03 07:55:59,18,9,3619.0,3126
2022-10-03 07:56:00,8,4,3619.25,3130
2022-10-03 07:56:01,5,-3,3619.25,3127
2022-10-03 07:56:02,9,1,3619.0,3128
2022-10-03 07:56:03,6,-2,3619.0,3126
2022-10-03 07:56:04,2,0,3618.75,3126
2022-10-03 07:56:05,16,-3,3618.75,3123
2022-10-03 07:56:06,21,0,3618.5,3123
2022-10-03 07:56:08,20,0,3618.5,3123
2022-10-03 07:56:09,1,1,3618.0,3124
2022-10-03 07:56:10,4,4,3618.0,3128
2022-10-03 07:56:11,17,-5,3617.75,3123
2022-10-03 07:56:12,2,0,3617.75,3123
2022-10-03 07:56:14,3,-3,3618.0,3120
2022-10-03 07:56:15,6,2,3618.25,3122
2022-10-03 07:56:16,7,12,3618.25,3134
2022-10-03 07:56:17,1,1,3618.25,3135
2022-10-03 07:56:18,1,-1,3618.0,3134
2022-10-03 07:56:19,2,-2,3618.0,3132
2022-10-03 07:56:20,5,-4,3618.0,3128
2022-10-03 07:56:21,3,3,3618.0,3131
2022-10-03 07:56:23,2,2,3618.25,3133
2022-10-03 07:56:24,1,1,3618.25,3134
2022-10-03 07:56:25,16,-3,3618.25,3131
2022-10-03 07:56:26,22,10,3618.25,3141
2022-10-03 07:56:27,7,-1,3618.25,3140
2022-10-03 07:56:29,8,-4,3618.25,3136
2022-10-03 07:56:30,2,2,3618.25,3138
2022-10-03 07:56:31,1,-1,3618.0,3137
2022-10-03 07:56:33,2,-2,3618.0,3135
2022-10-03 07:56:35,6,-6,3618.0,3129
2022-10-03 07:56:37,32,-9,3617.75,3120
2022-10-03 07:56:40,11,3,3617.75,3123
2022-10-03 07:56:41,11,-1,3617.75,3122
2022-10-03 07:56:43,3,3,3617.5,3125
2022-10-03 07:56:44,1,-1,3617.25,3124
2022-10-03 07:56:45,8,8,3617.5,3132
2022-10-03 07:56:46,7,-2,3617.5,3130
2022-10-03 07:56:47,5,-5,3617.25,3125
2022-10-03 07:56:48,2,0,3617.5,3125
2022-10-03 07:56:49,6,0,3617.5,3125
2022-10-03 07:56:52,4,-4,3617.5,3121
2022-10-03 07:56:53,23,-8,3617.25,3113
2022-10-03 07:56:54,4,-4,3616.75,3109
2022-10-03 07:56:55,23,-17,3616.5,3092
2022-10-03 07:56:56,5,-5,3616.5,3087
2022-10-03 07:56:57,10,2,3616.5,3089
2022-10-03 07:56:58,3,3,3616.5,3092
2022-10-03 07:56:59,2,2,3616.75,3094
2022-10-03 07:57:01,3,-3,3616.5,3091
2022-10-03 07:57:02,21,-8,3616.25,3083
2022-10-03 07:57:03,4,2,3616.25,3085
2022-10-03 07:57:04,9,-7,3616.25,3078
2022-10-03 07:57:06,3,-3,3616.0,3075
2022-10-03 07:57:08,6,0,3616.25,3075
2022-10-03 07:57:09,4,-2,3616.25,3073
2022-10-03 07:57:11,38,23,3616.5,3096
2022-10-03 07:57:12,3,1,3616.75,3097
2022-10-03 07:57:14,10,-5,3616.75,3092
2022-10-03 07:57:15,6,-2,3616.75,3090
2022-10-03 07:57:17,1,-1,3616.25,3089
2022-10-03 07:57:18,3,3,3616.25,3092
2022-10-03 07:57:19,1,-1,3616.25,3091
2022-10-03 07:57:20,7,7,3616.5,3098
2022-10-03 07:57:22,7,7,3616.75,3105
2022-10-03 07:57:24,1,1,3616.75,3106
2022-10-03 07:57:27,18,2,3617.0,3108
2022-10-03 07:57:28,3,-3,3616.75,3105
2022-10-03 07:57:29,3,2,3617.0,3107
2022-10-03 07:57:30,3,-1,3617.0,3106
2022-10-03 07:57:32,16,2,3617.5,3108
2022-10-03 07:57:33,6,1,3617.0,3109
2022-10-03 07:57:34,5,-1,3617.0,3108
2022-10-03 07:57:35,1,-1,3617.0,3107
2022-10-03 07:57:36,18,-1,3617.0,3106
2022-10-03 07:57:37,28,31,3617.25,3137
2022-10-03 07:57:38,8,-4,3617.25,3133
2022-10-03 07:57:39,35,31,3617.75,3164
2022-10-03 07:57:42,2,0,3617.5,3164
2022-10-03 07:57:44,10,-6,3617.5,3158
2022-10-03 07:57:45,1,1,3617.5,3159
2022-10-03 07:57:46,7,3,3617.5,3162
2022-10-03 07:57:47,28,-9,3618.0,3153
2022-10-03 07:57:48,9,3,3618.25,3156
2022-10-03 07:57:49,1,-1,3618.25,3155
2022-10-03 07:57:50,34,-9,3618.25,3146
2022-10-03 07:57:51,1,-1,3618.0,3145
2022-10-03 07:57:52,13,3,3618.25,3148
2022-10-03 07:57:53,2,0,3618.25,3148
2022-10-03 07:57:54,5,1,3618.25,3149
2022-10-03 07:57:55,1,1,3618.25,3150
2022-10-03 07:57:56,1,1,3618.25,3151
2022-10-03 07:57:58,1,1,3618.25,3152
2022-10-03 07:57:59,8,3,3618.25,3155
2022-10-03 07:58:00,5,-1,3618.25,3154
2022-10-03 07:58:07,5,-3,3618.25,3151
2022-10-03 07:58:10,18,-13,3618.0,3138
2022-10-03 07:58:12,14,4,3617.75,3142
2022-10-03 07:58:14,3,1,3617.75,3143
2022-10-03 07:58:15,1,1,3617.75,3144
2022-10-03 07:58:16,16,10,3618.25,3154
2022-10-03 07:58:19,11,10,3618.5,3164
2022-10-03 07:58:22,21,-3,3618.5,3161
2022-10-03 07:58:23,8,2,3618.25,3163
2022-10-03 07:58:24,2,2,3618.5,3165
2022-10-03 07:58:25,5,1,3618.75,3166
2022-10-03 07:58:27,4,-2,3618.5,3164
2022-10-03 07:58:30,11,5,3619.0,3169
2022-10-03 07:58:31,2,-2,3618.75,3167
2022-10-03 07:58:32,23,18,3619.0,3185
2022-10-03 07:58:33,20,6,3619.25,3191
2022-10-03 07:58:34,30,14,3619.75,3205
2022-10-03 07:58:35,42,22,3620.0,3227
2022-10-03 07:58:37,6,5,3620.0,3232
2022-10-03 07:58:38,20,-5,3619.75,3227
2022-10-03 07:58:39,12,8,3620.0,3235
2022-10-03 07:58:40,7,-7,3619.5,3228
2022-10-03 07:58:41,12,-8,3619.5,3220
2022-10-03 07:58:42,10,0,3619.75,3220
2022-10-03 07:58:43,27,32,3620.25,3252
2022-10-03 07:58:45,21,9,3620.5,3261
2022-10-03 07:58:46,29,30,3620.5,3291
2022-10-03 07:58:47,4,4,3620.25,3295
2022-10-03 07:58:50,16,-1,3620.25,3294
2022-10-03 07:58:51,1,1,3620.25,3295
2022-10-03 07:58:53,8,6,3620.25,3301
2022-10-03 07:58:55,15,11,3620.5,3312
2022-10-03 07:58:56,12,-8,3620.25,3304
2022-10-03 07:58:59,4,2,3620.25,3306
2022-10-03 07:59:00,15,5,3620.5,3311
2022-10-03 07:59:01,5,3,3620.25,3314
2022-10-03 07:59:03,1,1,3620.25,3315
2022-10-03 07:59:04,2,0,3620.25,3315
2022-10-03 07:59:05,9,7,3620.5,3322
2022-10-03 07:59:06,6,-5,3620.25,3317
2022-10-03 07:59:07,2,-2,3620.25,3315
2022-10-03 07:59:08,3,-1,3620.5,3314
2022-10-03 07:59:09,5,1,3620.25,3315
2022-10-03 07:59:10,2,2,3620.25,3317
2022-10-03 07:59:11,3,0,3620.25,3317
2022-10-03 07:59:12,17,6,3620.5,3323
2022-10-03 07:59:13,2,2,3620.5,3325
2022-10-03 07:59:14,67,83,3621.0,3408
2022-10-03 07:59:15,7,2,3621.0,3410
2022-10-03 07:59:16,14,-7,3620.75,3403
2022-10-03 07:59:17,1,1,3620.75,3404
2022-10-03 07:59:18,6,4,3620.75,3408
2022-10-03 07:59:19,19,2,3621.0,3410
2022-10-03 07:59:20,13,-3,3621.0,3407
2022-10-03 07:59:21,6,2,3621.0,3409
2022-10-03 07:59:22,7,0,3621.0,3409
2022-10-03 07:59:23,22,5,3621.25,3414
2022-10-03 07:59:24,21,2,3621.25,3416
2022-10-03 07:59:25,5,3,3621.0,3419
2022-10-03 07:59:26,1,-1,3620.75,3418
2022-10-03 07:59:27,9,-5,3620.75,3413
2022-10-03 07:59:28,8,4,3621.0,3417
2022-10-03 07:59:29,4,-1,3621.0,3416
2022-10-03 07:59:30,55,79,3621.25,3495
2022-10-03 07:59:32,23,-7,3620.75,3488
2022-10-03 07:59:33,5,3,3620.75,3491
2022-10-03 07:59:34,9,-3,3621.0,3488
2022-10-03 07:59:35,1115,695,3624.5,4183
2022-10-03 07:59:36,136,-15,3623.5,4168
2022-10-03 07:59:37,27,15,3623.25,4183
2022-10-03 07:59:38,45,-2,3623.25,4181
2022-10-03 07:59:39,36,13,3623.25,4194
2022-10-03 07:59:40,68,4,3623.25,4198
2022-10-03 07:59:41,9,2,3623.75,4200
2022-10-03 07:59:42,12,2,3623.75,4202
2022-10-03 07:59:43,17,9,3623.75,4211
2022-10-03 07:59:44,26,-12,3623.5,4199
2022-10-03 07:59:45,29,-2,3623.75,4197
2022-10-03 07:59:46,64,-4,3623.75,4193
2022-10-03 07:59:47,13,-3,3624.0,4190
2022-10-03 07:59:48,18,12,3624.0,4202
2022-10-03 07:59:49,3,3,3624.0,4205
2022-10-03 07:59:50,34,0,3624.0,4205
2022-10-03 07:59:51,238,164,3625.0,4369
2022-10-03 07:59:52,52,34,3625.0,4403
2022-10-03 07:59:53,20,-3,3624.75,4400
2022-10-03 07:59:55,22,12,3624.75,4412
2022-10-03 07:59:56,84,26,3625.25,4438
2022-10-03 07:59:57,62,-24,3624.75,4414
2022-10-03 07:59:58,22,19,3625.0,4433
2022-10-03 07:59:59,33,-3,3625.0,4430
2022-10-03 08:00:00,41,3,3625.0,4433
2022-10-03 08:00:01,50,12,3625.0,4445
2022-10-03 08:00:02,31,-12,3624.75,4433
2022-10-03 08:00:03,39,-30,3624.25,4403
2022-10-03 08:00:04,34,5,3624.5,4408
2022-10-03 08:00:05,30,-10,3624.5,4398
2022-10-03 08:00:06,7,0,3624.5,4398
2022-10-03 08:00:07,11,4,3624.5,4402
2022-10-03 08:00:08,21,-9,3624.5,4393
2022-10-03 08:00:09,23,-12,3624.5,4381
2022-10-03 08:00:11,22,-10,3624.0,4371
2022-10-03 08:00:12,37,-3,3623.75,4368
2022-10-03 08:00:13,18,-14,3623.5,4354
2022-10-03 08:00:14,20,-6,3623.5,4348
2022-10-03 08:00:16,32,3,3623.5,4351
2022-10-03 08:00:17,21,-2,3623.5,4349
2022-10-03 08:00:18,26,-8,3623.25,4341
2022-10-03 08:00:19,65,-14,3623.5,4327
2022-10-03 08:00:20,12,11,3623.25,4338
2022-10-03 08:00:21,8,4,3623.5,4342
2022-10-03 08:00:22,58,-35,3623.25,4307
2022-10-03 08:00:23,14,-6,3622.75,4301
2022-10-03 08:00:24,25,-12,3622.75,4289
2022-10-03 08:00:25,79,57,3623.25,4346
2022-10-03 08:00:26,139,31,3624.0,4377
2022-10-03 08:00:27,25,-9,3624.25,4368
2022-10-03 08:00:28,41,6,3624.25,4374
2022-10-03 08:00:29,8,1,3624.0,4375
2022-10-03 08:00:30,20,4,3624.25,4379
2022-10-03 08:00:31,50,25,3624.5,4404
2022-10-03 08:00:32,20,-4,3624.5,4400
2022-10-03 08:00:33,8,8,3624.5,4408
2022-10-03 08:00:34,283,240,3626.0,4648
2022-10-03 08:00:35,115,46,3625.75,4694
2022-10-03 08:00:36,8,6,3625.5,4700
2022-10-03 08:00:37,15,-9,3625.5,4691
2022-10-03 08:00:38,35,-2,3625.25,4689
2022-10-03 08:00:39,14,0,3625.25,4689
2022-10-03 08:00:40,24,-18,3625.0,4671
2022-10-03 08:00:41,33,17,3624.75,4688
2022-10-03 08:00:43,16,5,3624.75,4693
2022-10-03 08:00:44,19,-13,3624.5,4680
2022-10-03 08:00:45,92,-32,3624.5,4648
2022-10-03 08:00:46,33,-11,3623.5,4637
2022-10-03 08:00:47,5,-1,3623.75,4636
2022-10-03 08:00:49,1,-1,3623.5,4635
2022-10-03 08:00:50,9,-6,3623.75,4629
2022-10-03 08:00:51,11,-7,3623.5,4622
2022-10-03 08:00:52,23,-1,3623.5,4621
2022-10-03 08:00:53,90,92,3623.75,4713
2022-10-03 08:00:54,7,-7,3623.25,4706
2022-10-03 08:00:55,38,-8,3623.25,4698
2022-10-03 08:00:56,23,3,3623.5,4701
2022-10-03 08:00:57,3,-1,3623.5,4700
2022-10-03 08:00:58,10,-2,3623.25,4698
2022-10-03 08:00:59,40,18,3623.75,4716
2022-10-03 08:01:00,8,-2,3623.75,4714
2022-10-03 08:01:01,35,-29,3623.75,4685
2022-10-03 08:01:02,5,3,3623.5,4688
2022-10-03 08:01:03,5,-5,3623.5,4683
2022-10-03 08:01:04,13,7,3623.75,4690
2022-10-03 08:01:05,10,4,3624.0,4694
2022-10-03 08:01:07,9,5,3624.0,4699
2022-10-03 08:01:08,12,12,3624.25,4711
2022-10-03 08:01:09,10,-7,3624.0,4704
2022-10-03 08:01:10,8,-6,3624.0,4698
2022-10-03 08:01:11,12,-3,3623.75,4695
2022-10-03 08:01:12,34,11,3624.0,4706
2022-10-03 08:01:13,21,12,3624.25,4718
2022-10-03 08:01:14,75,45,3625.0,4763
2022-10-03 08:01:15,23,-18,3624.75,4745
2022-10-03 08:01:16,15,8,3624.75,4753
2022-10-03 08:01:17,23,-13,3624.75,4740
2022-10-03 08:01:18,76,32,3625.25,4772
2022-10-03 08:01:19,10,2,3625.25,4774
2022-10-03 08:01:20,11,-2,3625.5,4772
2022-10-03 08:01:21,37,17,3625.5,4789
2022-10-03 08:01:22,18,5,3625.75,4794
2022-10-03 08:01:23,20,-12,3625.5,4782
2022-10-03 08:01:24,25,6,3625.75,4788
2022-10-03 08:01:25,1,1,3625.5,4789
2022-10-03 08:01:26,20,-5,3625.5,4784
2022-10-03 08:01:27,1,1,3625.25,4785
2022-10-03 08:01:28,1,1,3625.25,4786
2022-10-03 08:01:29,162,144,3626.25,4930
2022-10-03 08:01:30,8,3,3625.75,4933
2022-10-03 08:01:31,55,48,3626.25,4981
2022-10-03 08:01:32,7,7,3626.0,4988
2022-10-03 08:01:33,14,-4,3626.0,4984
2022-10-03 08:01:34,2,2,3626.0,4986
2022-10-03 08:01:35,39,-19,3625.75,4967
2022-10-03 08:01:37,31,0,3626.0,4967
2022-10-03 08:01:38,8,6,3626.0,4973
2022-10-03 08:01:39,20,4,3626.0,4977
2022-10-03 08:01:40,8,0,3625.75,4977
2022-10-03 08:01:41,5,-2,3625.75,4975
2022-10-03 08:01:42,4,0,3625.75,4975
2022-10-03 08:01:43,10,-4,3625.75,4971
2022-10-03 08:01:44,14,0,3626.0,4971
2022-10-03 08:01:45,12,6,3625.75,4977
2022-10-03 08:01:46,2,0,3626.0,4977
2022-10-03 08:01:47,20,-9,3625.75,4968
2022-10-03 08:01:48,14,13,3625.5,4981
2022-10-03 08:01:49,4,4,3625.75,4985
2022-10-03 08:01:50,3,-2,3625.75,4983
2022-10-03 08:01:51,681,469,3628.25,5452
2022-10-03 08:01:52,22,13,3627.25,5465
2022-10-03 08:01:53,74,11,3627.5,5476
2022-10-03 08:01:54,78,5,3627.75,5481
2022-10-03 08:01:55,47,-19,3627.5,5462
2022-10-03 08:01:56,20,8,3627.75,5470
2022-10-03 08:01:57,11,1,3628.0,5471
2022-10-03 08:01:58,8,-4,3627.75,5467
2022-10-03 08:01:59,46,-18,3627.75,5449
2022-10-03 08:02:00,44,6,3628.0,5455
2022-10-03 08:02:01,13,-7,3627.75,5448
2022-10-03 08:02:02,6,4,3627.75,5452
2022-10-03 08:02:03,31,-4,3627.75,5448
2022-10-03 08:02:04,18,2,3627.75,5450
2022-10-03 08:02:05,13,1,3628.0,5451
2022-10-03 08:02:06,8,0,3628.0,5451
2022-10-03 08:02:07,28,20,3628.5,5471
2022-10-03 08:02:08,25,-10,3628.0,5461
2022-10-03 08:02:09,23,-8,3628.0,5453
2022-10-03 08:02:10,60,-24,3627.75,5429
2022-10-03 08:02:11,37,-2,3627.75,5427
2022-10-03 08:02:12,8,-6,3627.5,5421
2022-10-03 08:02:13,27,16,3627.5,5437
2022-10-03 08:02:14,9,-5,3627.25,5432
2022-10-03 08:02:15,11,5,3627.25,5437
2022-10-03 08:02:16,30,6,3627.25,5443
2022-10-03 08:02:17,23,-10,3627.5,5433
2022-10-03 08:02:18,10,-4,3627.25,5429
2022-10-03 08:02:19,21,11,3627.5,5440
2022-10-03 08:02:20,3,1,3627.5,5441
2022-10-03 08:02:21,10,0,3627.75,5441
2022-10-03 08:02:22,12,0,3627.75,5441
2022-10-03 08:02:23,7,-3,3627.75,5438
2022-10-03 08:02:24,41,28,3628.25,5466
2022-10-03 08:02:25,2,2,3628.25,5468
2022-10-03 08:02:26,8,8,3628.25,5476
2022-10-03 08:02:27,28,2,3628.25,5478
2022-10-03 08:02:28,1,-1,3627.75,5477
2022-10-03 08:02:29,12,10,3628.0,5487
2022-10-03 08:02:30,255,167,3629.25,5654
2022-10-03 08:02:31,34,12,3628.0,5666
2022-10-03 08:02:32,54,24,3628.0,5690
2022-10-03 08:02:33,6,-5,3628.0,5685
2022-10-03 08:02:34,30,-27,3628.0,5658
2022-10-03 08:02:35,8,6,3628.25,5664
2022-10-03 08:02:36,28,15,3628.25,5679
2022-10-03 08:02:37,15,7,3628.75,5686
2022-10-03 08:02:38,61,68,3629.0,5754
2022-10-03 08:02:39,29,-5,3628.75,5749
2022-10-03 08:02:40,9,-9,3628.5,5740
2022-10-03 08:02:41,20,4,3628.75,5744
2022-10-03 08:02:43,12,1,3628.75,5745
2022-10-03 08:02:44,57,19,3629.0,5764
2022-10-03 08:02:45,1,-1,3628.5,5763
2022-10-03 08:02:46,13,8,3628.75,5771
2022-10-03 08:02:47,2,1,3628.75,5772
2022-10-03 08:02:48,19,-7,3628.5,5765
2022-10-03 08:02:49,20,-10,3628.25,5755
2022-10-03 08:02:50,29,7,3628.5,5762
2022-10-03 08:02:51,7,-1,3628.25,5761
2022-10-03 08:02:52,1,1,3628.5,5762
2022-10-03 08:02:53,16,7,3628.5,5769
2022-10-03 08:02:55,21,-8,3628.5,5761
2022-10-03 08:02:56,5,1,3628.5,5762
2022-10-03 08:02:58,14,0,3628.25,5762
2022-10-03 08:02:59,4,-4,3628.25,5758
2022-10-03 08:03:00,34,-23,3628.25,5735
2022-10-03 08:03:01,21,-8,3628.0,5727
2022-10-03 08:03:02,57,-18,3627.5,5709
2022-10-03 08:03:03,103,36,3627.75,5745
2022-10-03 08:03:04,10,-7,3627.5,5738
2022-10-03 08:03:05,18,5,3627.25,5743
2022-10-03 08:03:06,1,1,3627.25,5744
2022-10-03 08:03:07,41,-17,3627.0,5727
2022-10-03 08:03:08,55,5,3627.25,5732
2022-10-03 08:03:09,1,-1,3627.25,5731
2022-10-03 08:03:11,107,-39,3627.25,5692
2022-10-03 08:03:12,14,-4,3626.75,5688
2022-10-03 08:03:13,35,-10,3626.75,5678
2022-10-03 08:03:14,6,4,3626.75,5682
2022-10-03 08:03:15,8,2,3626.75,5684
2022-10-03 08:03:16,9,4,3627.0,5688
2022-10-03 08:03:17,17,1,3627.0,5689
2022-10-03 08:03:18,10,0,3627.0,5689
2022-10-03 08:03:20,7,7,3627.0,5696
2022-10-03 08:03:21,150,-120,3626.75,5576
2022-10-03 08:03:22,8,4,3626.75,5580
2022-10-03 08:03:23,20,-4,3626.75,5576
2022-10-03 08:03:24,2,-2,3626.75,5574
2022-10-03 08:03:26,11,-6,3626.5,5568
2022-10-03 08:03:27,7,-7,3626.5,5561
2022-10-03 08:03:28,7,-7,3626.5,5554
2022-10-03 08:03:29,13,-1,3626.5,5553
2022-10-03 08:03:31,36,-3,3626.75,5550
2022-10-03 08:03:32,19,2,3626.5,5552
2022-10-03 08:03:33,5,3,3626.5,5555
2022-10-03 08:03:35,1,1,3626.5,5556
2022-10-03 08:03:36,7,1,3626.5,5557
2022-10-03 08:03:37,57,-21,3626.0,5536
2022-10-03 08:03:38,26,-7,3626.0,5529
2022-10-03 08:03:39,5,5,3626.0,5534
2022-10-03 08:03:40,5,-3,3625.75,5531
2022-10-03 08:03:41,2,2,3626.0,5533
2022-10-03 08:03:42,19,-18,3625.75,5515
2022-10-03 08:03:44,19,-9,3625.5,5506
2022-10-03 08:03:45,7,-7,3625.25,5499
2022-10-03 08:03:46,39,10,3625.75,5509
2022-10-03 08:03:47,18,12,3625.25,5521
2022-10-03 08:03:48,34,-31,3625.0,5490
2022-10-03 08:03:49,23,6,3625.0,5496
2022-10-03 08:03:50,18,-17,3625.0,5479
2022-10-03 08:03:51,8,-7,3624.75,5472
2022-10-03 08:03:52,29,-7,3625.0,5465
2022-10-03 08:03:53,4,-2,3625.25,5463
2022-10-03 08:03:54,53,14,3625.25,5477
2022-10-03 08:03:55,73,61,3626.0,5538
2022-10-03 08:03:56,43,-22,3625.75,5516
2022-10-03 08:03:57,1,-1,3625.75,5515
2022-10-03 08:03:58,1,-1,3625.75,5514
2022-10-03 08:04:00,83,-17,3626.0,5497
2022-10-03 08:04:01,63,3,3625.75,5500
2022-10-03 08:04:02,57,4,3625.75,5504
2022-10-03 08:04:03,65,-18,3625.5,5486
2022-10-03 08:04:04,9,-1,3625.0,5485
2022-10-03 08:04:05,4,3,3624.75,5488
2022-10-03 08:04:06,33,-4,3625.25,5484
2022-10-03 08:04:07,6,-6,3625.25,5478
2022-10-03 08:04:08,44,6,3625.5,5484
2022-10-03 08:04:09,44,-12,3625.5,5472
2022-10-03 08:04:10,32,0,3625.75,5472
2022-10-03 08:04:11,42,4,3625.5,5476
2022-10-03 08:04:12,8,2,3625.25,5478
2022-10-03 08:04:13,1,-1,3625.25,5477
2022-10-03 08:04:14,3,-3,3625.25,5474
2022-10-03 08:04:15,14,-5,3625.25,5469
2022-10-03 08:04:16,14,-10,3625.5,5459
2022-10-03 08:04:20,101,10,3625.5,5469
2022-10-03 08:04:21,50,5,3625.5,5474
2022-10-03 08:04:24,18,-14,3625.25,5460
2022-10-03 08:04:25,3,1,3625.25,5461
2022-10-03 08:04:26,2,-2,3625.25,5459
2022-10-03 08:04:27,2,-1,3625.25,5458
2022-10-03 08:04:28,2,0,3625.5,5458
2022-10-03 08:04:29,38,6,3625.5,5464
2022-10-03 08:04:30,3,-3,3625.25,5461
2022-10-03 08:04:32,73,-13,3625.5,5448
2022-10-03 08:04:33,1,-1,3625.0,5447
2022-10-03 08:04:35,4,2,3625.25,5449
2022-10-03 08:04:36,96,-23,3625.25,5426
2022-10-03 08:04:37,17,9,3625.0,5435
2022-10-03 08:04:38,14,3,3625.25,5438
2022-10-03 08:04:39,10,-9,3625.0,5429
2022-10-03 08:04:41,1,1,3625.25,5430
2022-10-03 08:04:43,1,1,3625.25,5431
2022-10-03 08:04:44,21,-16,3625.25,5415
2022-10-03 08:04:45,6,0,3625.0,5415
2022-10-03 08:04:46,12,2,3625.0,5417
2022-10-03 08:04:49,12,-4,3625.0,5413
2022-10-03 08:04:50,11,9,3625.25,5422
2022-10-03 08:04:51,2,-2,3625.0,5420
2022-10-03 08:04:52,3,-3,3625.0,5417
2022-10-03 08:04:53,3,-3,3625.0,5414
2022-10-03 08:04:54,73,19,3625.75,5433
2022-10-03 08:04:55,2,0,3625.75,5433
2022-10-03 08:04:56,24,-13,3625.5,5420
2022-10-03 08:04:57,68,-7,3625.5,5413
2022-10-03 08:04:58,2,2,3625.25,5415
2022-10-03 08:05:00,50,5,3625.5,5420
2022-10-03 08:05:01,4,4,3625.25,5424
2022-10-03 08:05:02,34,10,3625.75,5434
2022-10-03 08:05:03,100,-9,3625.75,5425
2022-10-03 08:05:04,114,15,3626.0,5440
2022-10-03 08:05:05,61,-11,3626.5,5429
2022-10-03 08:05:06,21,-17,3626.25,5412
2022-10-03 08:05:07,12,-2,3626.5,5410
2022-10-03 08:05:08,68,11,3626.75,5421
2022-10-03 08:05:09,48,-1,3626.5,5420
2022-10-03 08:05:11,69,-27,3626.0,5393
2022-10-03 08:05:12,1,1,3625.75,5394
2022-10-03 08:05:13,39,8,3625.75,5402
2022-10-03 08:05:14,48,-7,3625.75,5395
2022-10-03 08:05:15,15,-6,3625.25,5389
2022-10-03 08:05:16,1,1,3625.5,5390
2022-10-03 08:05:17,1,1,3625.5,5391
2022-10-03 08:05:18,36,-13,3625.5,5378
2022-10-03 08:05:19,97,-6,3625.75,5372
2022-10-03 08:05:20,5,-5,3625.5,5367
2022-10-03 08:05:21,1,-1,3625.5,5366
2022-10-03 08:05:22,44,5,3625.75,5371
2022-10-03 08:05:23,56,-24,3625.5,5347
2022-10-03 08:05:24,43,-16,3625.75,5331
2022-10-03 08:05:26,4,-4,3625.25,5327
2022-10-03 08:05:27,1,-1,3625.25,5326
2022-10-03 08:05:28,78,-12,3625.5,5314
2022-10-03 08:05:29,2,1,3625.25,5315
2022-10-03 08:05:30,55,-41,3625.0,5274
2022-10-03 08:05:31,26,-20,3625.0,5254
2022-10-03 08:05:32,28,4,3625.25,5258
2022-10-03 08:05:33,1,-1,3624.75,5257
2022-10-03 08:05:34,10,-10,3624.75,5247
2022-10-03 08:05:35,33,-11,3624.5,5236
2022-10-03 08:05:36,14,-5,3624.5,5231
2022-10-03 08:05:37,59,26,3625.0,5257
2022-10-03 08:05:38,1,-1,3625.0,5256
2022-10-03 08:05:39,12,-3,3625.0,5253
2022-10-03 08:05:40,5,1,3625.0,5254
2022-10-03 08:05:41,2,-2,3625.0,5252
2022-10-03 08:05:42,11,-9,3625.0,5243
2022-10-03 08:05:43,48,-20,3625.0,5223
2022-10-03 08:05:44,22,6,3624.75,5229
2022-10-03 08:05:45,1,1,3624.75,5230
2022-10-03 08:05:46,9,-8,3624.5,5222
2022-10-03 08:05:47,13,2,3624.75,5224
2022-10-03 08:05:48,3,3,3624.5,5227
2022-10-03 08:05:49,21,7,3624.75,5234
2022-10-03 08:05:50,10,-4,3624.5,5230
2022-10-03 08:05:51,2,-2,3624.5,5228
2022-10-03 08:05:52,15,2,3624.75,5230
2022-10-03 08:05:53,1,1,3624.75,5231
2022-10-03 08:05:54,10,-2,3624.75,5229
2022-10-03 08:05:55,21,-7,3625.0,5222
2022-10-03 08:05:56,5,5,3625.0,5227
2022-10-03 08:05:59,24,-17,3624.75,5210
2022-10-03 08:06:00,13,12,3625.0,5222
2022-10-03 08:06:01,18,0,3624.75,5222
2022-10-03 08:06:02,7,0,3625.0,5222
2022-10-03 08:06:03,2,2,3624.75,5224
2022-10-03 08:06:04,7,-3,3624.75,5221
2022-10-03 08:06:05,6,-6,3624.5,5215
2022-10-03 08:06:06,8,-4,3624.5,5211
2022-10-03 08:06:08,6,-6,3624.25,5205
2022-10-03 08:06:09,26,17,3624.75,5222
2022-10-03 08:06:11,4,-4,3624.75,5218
2022-10-03 08:06:12,1,-1,3624.75,5217
2022-10-03 08:06:13,4,-2,3624.75,5215
2022-10-03 08:06:14,14,-9,3624.75,5206
2022-10-03 08:06:15,4,2,3624.75,5208
2022-10-03 08:06:16,3,-3,3624.5,5205
2022-10-03 08:06:17,17,-4,3624.5,5201
2022-10-03 08:06:18,1,1,3624.5,5202
2022-10-03 08:06:20,6,-6,3624.5,5196
2022-10-03 08:06:21,4,-2,3624.75,5194
2022-10-03 08:06:22,1,-1,3624.5,5193
2022-10-03 08:06:24,3,3,3624.75,5196
2022-10-03 08:06:25,38,-3,3625.0,5193
2022-10-03 08:06:26,3,0,3624.5,5193
2022-10-03 08:06:28,7,-6,3624.5,5187
2022-10-03 08:06:29,51,-12,3624.75,5175
2022-10-03 08:06:30,13,-5,3624.75,5170
2022-10-03 08:06:31,1,-1,3624.5,5169
2022-10-03 08:06:33,38,-14,3624.5,5155
2022-10-03 08:06:34,1,-1,3624.25,5154
2022-10-03 08:06:35,1,-1,3624.25,5153
2022-10-03 08:06:38,198,-115,3624.5,5038
2022-10-03 08:06:39,9,3,3624.25,5041
2022-10-03 08:06:40,9,3,3624.5,5044
2022-10-03 08:06:41,1,-1,3624.5,5043
2022-10-03 08:06:42,13,3,3624.75,5046
2022-10-03 08:06:43,7,-3,3624.75,5043
2022-10-03 08:06:44,47,4,3625.0,5047
2022-10-03 08:06:45,32,-12,3624.75,5035
2022-10-03 08:06:46,1,1,3624.75,5036
2022-10-03 08:06:48,33,-11,3624.5,5025
2022-10-03 08:06:50,12,-9,3624.25,5016
2022-10-03 08:06:51,25,-8,3624.5,5008
2022-10-03 08:06:52,2,-2,3624.5,5006
2022-10-03 08:06:53,32,26,3624.75,5032
2022-10-03 08:06:54,11,11,3624.75,5043
2022-10-03 08:06:55,11,-5,3624.75,5038
2022-10-03 08:06:56,4,-4,3624.75,5034
2022-10-03 08:06:57,17,8,3624.75,5042
2022-10-03 08:06:58,4,-4,3624.75,5038
2022-10-03 08:06:59,7,-5,3624.5,5033
2022-10-03 08:07:00,48,-11,3624.25,5022
2022-10-03 08:07:01,6,-4,3624.25,5018
2022-10-03 08:07:02,10,-4,3624.5,5014
2022-10-03 08:07:03,8,-4,3624.5,5010
2022-10-03 08:07:05,15,-20,3624.25,4990
2022-10-03 08:07:06,12,10,3624.0,5000
2022-10-03 08:07:07,8,-2,3624.25,4998
2022-10-03 08:07:08,24,-16,3624.5,4982
2022-10-03 08:07:10,5,3,3624.0,4985
2022-10-03 08:07:11,17,0,3624.0,4985
2022-10-03 08:07:12,62,-31,3624.0,4954
2022-10-03 08:07:13,13,-10,3623.5,4944
2022-10-03 08:07:14,4,2,3623.5,4946
2022-10-03 08:07:15,12,-8,3623.5,4938
2022-10-03 08:07:16,5,1,3623.5,4939
2022-10-03 08:07:17,9,-7,3623.5,4932
2022-10-03 08:07:18,24,-22,3623.5,4910
2022-10-03 08:07:19,1,-1,3623.25,4909
2022-10-03 08:07:20,30,-8,3623.5,4901
2022-10-03 08:07:22,20,-15,3623.25,4886
2022-10-03 08:07:23,2,1,3623.25,4887
2022-10-03 08:07:24,24,-12,3623.0,4875
2022-10-03 08:07:25,21,8,3623.25,4883
2022-10-03 08:07:28,5,5,3623.5,4888
2022-10-03 08:07:29,13,1,3623.5,4889
2022-10-03 08:07:30,1,-1,3623.5,4888
2022-10-03 08:07:33,7,-1,3623.75,4887
2022-10-03 08:07:34,3,-3,3623.75,4884
2022-10-03 08:07:36,1,-1,3623.75,4883
2022-10-03 08:07:37,17,-16,3623.75,4867
2022-10-03 08:07:40,32,6,3623.5,4873
2022-10-03 08:07:41,25,11,3623.5,4884
2022-10-03 08:07:42,2,-2,3623.5,4882
2022-10-03 08:07:43,5,-4,3623.25,4878
2022-10-03 08:07:45,12,-3,3623.25,4875
2022-10-03 08:07:46,19,3,3623.5,4878
2022-10-03 08:07:48,8,-8,3623.25,4870
2022-10-03 08:07:49,3,3,3623.5,4873
2022-10-03 08:07:50,1,1,3623.5,4874
2022-10-03 08:07:51,7,1,3623.5,4875
2022-10-03 08:07:52,59,45,3624.5,4920
2022-10-03 08:07:53,5,5,3624.5,4925
2022-10-03 08:07:54,21,-12,3624.5,4913
2022-10-03 08:07:55,14,-9,3624.0,4904
2022-10-03 08:07:56,6,1,3624.25,4905
2022-10-03 08:07:58,22,-3,3624.0,4902
2022-10-03 08:07:59,5,5,3624.0,4907
2022-10-03 08:08:00,2,-2,3624.0,4905
2022-10-03 08:08:01,3,3,3624.0,4908
2022-10-03 08:08:02,4,-2,3624.0,4906
2022-10-03 08:08:03,2,2,3624.0,4908
2022-10-03 08:08:05,7,-3,3624.0,4905
2022-10-03 08:08:06,11,1,3624.5,4906
2022-10-03 08:08:07,1,1,3624.5,4907
2022-10-03 08:08:08,2,-2,3624.25,4905
2022-10-03 08:08:09,10,-6,3624.5,4899
2022-10-03 08:08:11,6,2,3624.25,4901
2022-10-03 08:08:12,1,1,3624.5,4902
2022-10-03 08:08:13,34,-15,3624.0,4887
2022-10-03 08:08:14,2,2,3624.25,4889
2022-10-03 08:08:15,42,-16,3624.25,4873
2022-10-03 08:08:16,4,-2,3624.0,4871
2022-10-03 08:08:18,5,1,3623.75,4872
2022-10-03 08:08:20,15,3,3624.0,4875
2022-10-03 08:08:21,6,-4,3624.0,4871
2022-10-03 08:08:22,3,-2,3624.0,4869
2022-10-03 08:08:23,61,-64,3623.75,4805
2022-10-03 08:08:24,38,26,3624.25,4831
2022-10-03 08:08:25,86,-81,3624.0,4750
2022-10-03 08:08:26,21,-10,3624.0,4740
2022-10-03 08:08:27,22,2,3623.75,4742
2022-10-03 08:08:28,9,-8,3623.75,4734
2022-10-03 08:08:29,10,-4,3623.5,4730
2022-10-03 08:08:32,1,1,3623.75,4731
2022-10-03 08:08:34,18,11,3623.75,4742
2022-10-03 08:08:35,90,39,3625.0,4781
2022-10-03 08:08:36,10,-10,3624.5,4771
2022-10-03 08:08:37,1,1,3624.75,4772
2022-10-03 08:08:39,9,-5,3624.5,4767
2022-10-03 08:08:41,2,2,3624.5,4769
2022-10-03 08:08:42,7,1,3624.5,4770
2022-10-03 08:08:43,3,-3,3624.5,4767
2022-10-03 08:08:44,32,22,3624.75,4789
2022-10-03 08:08:45,3,2,3625.0,4791
2022-10-03 08:08:46,10,-6,3625.0,4785
2022-10-03 08:08:48,55,6,3625.0,4791
2022-10-03 08:08:50,21,31,3625.0,4822
2022-10-03 08:08:51,33,2,3625.0,4824
2022-10-03 08:08:52,11,-10,3624.75,4814
2022-10-03 08:08:54,135,29,3625.0,4843
2022-10-03 08:08:55,3,3,3624.75,4846
2022-10-03 08:08:57,21,-4,3624.75,4842
2022-10-03 08:08:59,17,-11,3624.5,4831
2022-10-03 08:09:01,7,1,3624.5,4832
2022-10-03 08:09:03,5,4,3624.75,4836
2022-10-03 08:09:05,1,1,3625.0,4837
2022-10-03 08:09:06,1,-1,3624.75,4836
2022-10-03 08:09:07,5,-2,3624.75,4834
2022-10-03 08:09:08,7,-5,3624.5,4829
2022-10-03 08:09:09,4,-2,3624.75,4827
2022-10-03 08:09:10,35,-20,3624.5,4807
2022-10-03 08:09:12,2,2,3624.5,4809
2022-10-03 08:09:13,4,-1,3624.5,4808
2022-10-03 08:09:14,2,0,3624.5,4808
2022-10-03 08:09:15,6,2,3624.5,4810
2022-10-03 08:09:16,3,3,3624.5,4813
2022-10-03 08:09:19,8,-7,3624.5,4806
2022-10-03 08:09:21,1,-1,3624.25,4805
2022-10-03 08:09:22,2,2,3624.25,4807
2022-10-03 08:09:23,1,-1,3624.0,4806
2022-10-03 08:09:24,16,9,3624.25,4815
2022-10-03 08:09:26,13,4,3624.25,4819
2022-10-03 08:09:27,27,-3,3624.5,4816
2022-10-03 08:09:28,7,-5,3624.5,4811
2022-10-03 08:09:30,23,3,3625.0,4814
2022-10-03 08:09:31,12,-4,3624.5,4810
2022-10-03 08:09:34,4,2,3624.5,4812
2022-10-03 08:09:35,7,5,3624.5,4817
2022-10-03 08:09:36,5,1,3624.5,4818
2022-10-03 08:09:37,5,3,3624.75,4821
2022-10-03 08:09:39,12,-3,3624.75,4818
2022-10-03 08:09:41,7,5,3624.75,4823
2022-10-03 08:09:42,71,2,3625.0,4825
2022-10-03 08:09:43,7,7,3624.5,4832
2022-10-03 08:09:44,37,-9,3624.5,4823
2022-10-03 08:09:45,33,4,3624.5,4827
2022-10-03 08:09:47,17,9,3624.5,4836
2022-10-03 08:09:48,8,4,3624.5,4840
2022-10-03 08:09:49,16,-3,3624.75,4837
2022-10-03 08:09:50,11,-10,3624.75,4827
2022-10-03 08:09:51,9,-9,3624.75,4818
2022-10-03 08:09:53,112,24,3625.0,4842
2022-10-03 08:09:54,62,43,3625.0,4885
2022-10-03 08:09:55,319,-40,3625.75,4845
2022-10-03 08:09:56,5,-5,3625.0,4840
2022-10-03 08:09:57,42,11,3625.5,4851
2022-10-03 08:09:58,31,10,3625.5,4861
2022-10-03 08:09:59,5,5,3625.5,4866
2022-10-03 08:10:00,112,-26,3625.25,4840
2022-10-03 08:10:01,2,2,3624.75,4842
2022-10-03 08:10:02,4,-4,3624.75,4838
2022-10-03 08:10:03,32,-15,3624.5,4823
2022-10-03 08:10:04,2,2,3624.5,4825
2022-10-03 08:10:05,11,-7,3624.75,4818
2022-10-03 08:10:06,10,-10,3624.25,4808
2022-10-03 08:10:07,12,-10,3624.5,4798
2022-10-03 08:10:10,29,16,3624.5,4814
2022-10-03 08:10:11,13,-13,3624.0,4801
2022-10-03 08:10:12,6,0,3624.0,4801
2022-10-03 08:10:13,7,3,3624.0,4804
2022-10-03 08:10:14,22,8,3624.25,4812
2022-10-03 08:10:15,3,3,3624.25,4815
2022-10-03 08:10:16,4,2,3624.5,4817
2022-10-03 08:10:17,5,-3,3624.5,4814
2022-10-03 08:10:18,1,1,3624.5,4815
2022-10-03 08:10:19,26,-16,3624.25,4799
2022-10-03 08:10:20,19,-17,3623.75,4782
2022-10-03 08:10:21,4,-4,3623.5,4778
2022-10-03 08:10:22,29,-9,3623.5,4769
2022-10-03 08:10:23,1,1,3623.5,4770
2022-10-03 08:10:24,5,-5,3623.5,4765
2022-10-03 08:10:25,1,-1,3623.25,4764
2022-10-03 08:10:26,20,-4,3623.5,4760
2022-10-03 08:10:27,2,-2,3623.25,4758
2022-10-03 08:10:28,39,36,3623.5,4794
2022-10-03 08:10:29,1,-1,3623.5,4793
2022-10-03 08:10:30,15,10,3624.0,4803
2022-10-03 08:10:31,3,1,3624.0,4804
2022-10-03 08:10:32,16,13,3624.25,4817
2022-10-03 08:10:33,12,12,3624.25,4829
2022-10-03 08:10:34,7,-4,3624.25,4825
2022-10-03 08:10:35,19,5,3624.5,4830
2022-10-03 08:10:36,26,10,3624.75,4840
2022-10-03 08:10:38,12,-5,3624.25,4835
2022-10-03 08:10:39,19,14,3624.5,4849
2022-10-03 08:10:40,14,-10,3624.25,4839
2022-10-03 08:10:41,52,27,3624.5,4866
2022-10-03 08:10:42,17,7,3624.25,4873
2022-10-03 08:10:43,6,-6,3624.0,4867
2022-10-03 08:10:45,2,-2,3623.75,4865
2022-10-03 08:10:46,13,-8,3624.0,4857
2022-10-03 08:10:47,2,-2,3623.75,4855
2022-10-03 08:10:48,8,-5,3623.75,4850
2022-10-03 08:10:50,2,-2,3623.75,4848
2022-10-03 08:10:51,3,-3,3623.75,4845
2022-10-03 08:10:52,10,-2,3623.75,4843
2022-10-03 08:10:53,11,-5,3623.5,4838
2022-10-03 08:10:54,8,-4,3623.75,4834
2022-10-03 08:10:55,7,6,3623.5,4840
2022-10-03 08:10:58,2,-2,3623.5,4838
2022-10-03 08:10:59,15,-7,3623.5,4831
2022-10-03 08:11:00,37,-22,3623.5,4809
2022-10-03 08:11:01,14,-13,3623.25,4796
2022-10-03 08:11:02,70,-63,3623.25,4733
2022-10-03 08:11:03,63,11,3623.5,4744
2022-10-03 08:11:04,3,-1,3623.5,4743
2022-10-03 08:11:05,2,-2,3623.25,4741
2022-10-03 08:11:06,39,-7,3623.5,4734
2022-10-03 08:11:07,15,-19,3623.5,4715
2022-10-03 08:11:08,10,-12,3623.5,4703
2022-10-03 08:11:09,13,4,3623.5,4707
2022-10-03 08:11:10,54,-60,3623.25,4647
2022-10-03 08:11:11,25,-5,3623.0,4642
2022-10-03 08:11:12,1,1,3623.0,4643
2022-10-03 08:11:13,3,3,3623.25,4646
2022-10-03 08:11:15,12,-2,3623.0,4644
2022-10-03 08:11:16,15,11,3623.25,4655
2022-10-03 08:11:17,22,-30,3623.0,4625
2022-10-03 08:11:18,4,-2,3623.0,4623
2022-10-03 08:11:19,4,-1,3622.75,4622
2022-10-03 08:11:20,13,-11,3623.0,4611
2022-10-03 08:11:22,9,-8,3622.5,4603
2022-10-03 08:11:23,5,-2,3622.75,4601
2022-10-03 08:11:24,2,0,3622.75,4601
2022-10-03 08:11:25,16,-16,3622.5,4585
2022-10-03 08:11:26,34,1,3623.0,4586
2022-10-03 08:11:27,11,3,3622.75,4589
2022-10-03 08:11:28,5,-3,3622.75,4586
2022-10-03 08:11:29,14,0,3623.25,4586
2022-10-03 08:11:30,25,3,3623.5,4589
2022-10-03 08:11:32,13,4,3623.5,4593
2022-10-03 08:11:33,1,-1,3623.5,4592
2022-10-03 08:11:35,15,15,3623.75,4607
2022-10-03 08:11:36,14,-5,3623.75,4602
2022-10-03 08:11:37,1,-1,3623.75,4601
2022-10-03 08:11:40,6,-6,3623.75,4595
2022-10-03 08:11:42,29,-15,3623.75,4580
2022-10-03 08:11:43,2,-2,3623.75,4578
2022-10-03 08:11:45,72,-98,3623.5,4480
2022-10-03 08:11:46,24,-11,3623.0,4469
2022-10-03 08:11:47,1,1,3623.0,4470
2022-10-03 08:11:48,10,-9,3623.0,4461
2022-10-03 08:11:49,5,5,3623.0,4466
2022-10-03 08:11:51,1,-1,3623.0,4465
2022-10-03 08:11:53,3,3,3623.25,4468
2022-10-03 08:11:54,8,7,3623.5,4475
2022-10-03 08:11:56,2,2,3623.5,4477
2022-10-03 08:11:57,30,-12,3623.25,4465
2022-10-03 08:11:58,9,1,3623.25,4466
2022-10-03 08:12:00,7,-1,3623.25,4465
2022-10-03 08:12:01,3,-1,3623.5,4464
2022-10-03 08:12:02,4,0,3623.5,4464
2022-10-03 08:12:03,6,-6,3623.25,4458
2022-10-03 08:12:06,1,1,3623.5,4459
2022-10-03 08:12:07,3,1,3623.5,4460
2022-10-03 08:12:08,5,-5,3623.25,4455
2022-10-03 08:12:09,6,2,3623.25,4457
2022-10-03 08:12:10,2,-2,3623.25,4455
2022-10-03 08:12:12,2,2,3623.5,4457
2022-10-03 08:12:13,24,12,3623.75,4469
2022-10-03 08:12:14,2,2,3623.75,4471
2022-10-03 08:12:18,57,-15,3623.5,4456
2022-10-03 08:12:19,4,-4,3623.25,4452
2022-10-03 08:12:21,9,1,3623.5,4453
2022-10-03 08:12:22,2,2,3623.5,4455
2022-10-03 08:12:23,6,2,3623.5,4457
2022-10-03 08:12:24,2,2,3623.5,4459
2022-10-03 08:12:25,24,7,3623.75,4466
2022-10-03 08:12:26,7,7,3624.0,4473
2022-10-03 08:12:27,9,2,3624.0,4475
2022-10-03 08:12:29,33,-38,3624.0,4437
2022-10-03 08:12:30,11,-6,3623.25,4431
2022-10-03 08:12:31,7,1,3623.25,4432
2022-10-03 08:12:32,4,4,3623.5,4436
2022-10-03 08:12:33,3,3,3623.25,4439
2022-10-03 08:12:34,18,-16,3623.0,4423
2022-10-03 08:12:35,3,1,3622.75,4424
2022-10-03 08:12:36,1,-1,3622.5,4423
2022-10-03 08:12:37,7,-2,3622.75,4421
2022-10-03 08:12:38,2,2,3622.75,4423
2022-10-03 08:12:39,7,-1,3622.5,4422
2022-10-03 08:12:40,8,-1,3622.5,4421
2022-10-03 08:12:41,4,-2,3622.5,4419
2022-10-03 08:12:42,3,-3,3622.5,4416
2022-10-03 08:12:43,1,1,3622.5,4417
2022-10-03 08:12:44,4,-4,3622.25,4413
2022-10-03 08:12:45,15,3,3622.5,4416
2022-10-03 08:12:46,5,4,3622.5,4420
2022-10-03 08:12:47,32,-26,3622.5,4394
2022-10-03 08:12:48,13,1,3622.25,4395
2022-10-03 08:12:49,3,-1,3622.25,4394
2022-10-03 08:12:52,23,4,3622.5,4398
2022-10-03 08:12:53,13,-13,3622.25,4385
2022-10-03 08:12:54,2,2,3622.5,4387
2022-10-03 08:12:55,5,1,3622.5,4388
2022-10-03 08:12:56,10,9,3622.75,4397
2022-10-03 08:12:57,3,-2,3622.75,4395
2022-10-03 08:12:58,5,5,3622.75,4400
2022-10-03 08:12:59,12,4,3623.0,4404
2022-10-03 08:13:00,11,-8,3623.0,4396
2022-10-03 08:13:01,21,3,3622.75,4399
2022-10-03 08:13:03,1,1,3622.75,4400
2022-10-03 08:13:04,1,1,3622.75,4401
2022-10-03 08:13:05,1,-1,3622.5,4400
2022-10-03 08:13:06,8,6,3622.75,4406
2022-10-03 08:13:07,1,-1,3622.75,4405
2022-10-03 08:13:09,6,-2,3622.75,4403
2022-10-03 08:13:10,3,-1,3622.75,4402
2022-10-03 08:13:11,1,-1,3622.5,4401
2022-10-03 08:13:12,2,0,3622.75,4401
2022-10-03 08:13:13,1,1,3622.5,4402
2022-10-03 08:13:14,22,2,3622.25,4404
2022-10-03 08:13:17,2,2,3622.25,4406
2022-10-03 08:13:18,30,-20,3622.0,4386
2022-10-03 08:13:19,3,1,3622.25,4387
2022-10-03 08:13:20,1,-1,3622.0,4386
2022-10-03 08:13:21,2,0,3622.25,4386
2022-10-03 08:13:23,16,-6,3622.0,4380
2022-10-03 08:13:24,1,1,3622.0,4381
2022-10-03 08:13:25,6,6,3622.0,4387
2022-10-03 08:13:26,2,0,3622.25,4387
2022-10-03 08:13:27,23,-4,3622.25,4383
2022-10-03 08:13:28,16,12,3622.0,4395
2022-10-03 08:13:29,5,1,3622.0,4396
2022-10-03 08:13:30,1,-1,3622.0,4395
2022-10-03 08:13:31,23,14,3622.25,4409
2022-10-03 08:13:33,3,1,3622.0,4410
2022-10-03 08:13:34,159,-130,3621.75,4280
2022-10-03 08:13:35,11,-3,3621.0,4277
2022-10-03 08:13:36,54,-6,3620.5,4271
2022-10-03 08:13:37,37,24,3620.75,4295
2022-10-03 08:13:38,65,-54,3621.0,4241
2022-10-03 08:13:39,3,1,3620.75,4242
2022-10-03 08:13:40,16,3,3620.75,4245
2022-10-03 08:13:41,13,-3,3620.75,4242
2022-10-03 08:13:42,33,4,3621.0,4246
2022-10-03 08:13:43,4,-2,3620.75,4244
2022-10-03 08:13:44,5,5,3620.75,4249
2022-10-03 08:13:45,20,-18,3620.75,4231
2022-10-03 08:13:47,12,7,3620.75,4238
2022-10-03 08:13:48,2,-2,3620.75,4236
2022-10-03 08:13:49,15,3,3621.0,4239
2022-10-03 08:13:50,10,-1,3621.0,4238
2022-10-03 08:13:51,9,2,3621.25,4240
2022-10-03 08:13:52,6,-3,3621.0,4237
2022-10-03 08:13:53,2,0,3620.75,4237
2022-10-03 08:13:54,5,2,3621.0,4239
2022-10-03 08:13:56,4,0,3621.0,4239
2022-10-03 08:13:59,1,1,3621.0,4240
2022-10-03 08:14:00,19,-11,3621.0,4229
2022-10-03 08:14:01,8,-4,3621.0,4225
2022-10-03 08:14:02,6,0,3621.0,4225
2022-10-03 08:14:03,1,1,3621.0,4226
2022-10-03 08:14:05,4,2,3621.0,4228
2022-10-03 08:14:06,9,5,3621.0,4233
2022-10-03 08:14:07,3,1,3621.0,4234
2022-10-03 08:14:08,1,-1,3621.0,4233
2022-10-03 08:14:09,5,-5,3620.75,4228
2022-10-03 08:14:11,2,2,3621.0,4230
2022-10-03 08:14:13,7,4,3621.0,4234
2022-10-03 08:14:14,13,-7,3621.25,4227
2022-10-03 08:14:15,5,5,3621.25,4232
2022-10-03 08:14:16,7,-3,3621.5,4229
2022-10-03 08:14:17,36,-36,3621.25,4193
2022-10-03 08:14:18,84,-34,3621.75,4159
2022-10-03 08:14:19,18,1,3621.5,4160
2022-10-03 08:14:20,3,-1,3621.5,4159
2022-10-03 08:14:21,11,11,3621.5,4170
2022-10-03 08:14:22,8,6,3621.75,4176
2022-10-03 08:14:23,6,-2,3621.75,4174
2022-10-03 08:14:24,1,-1,3621.75,4173
2022-10-03 08:14:25,24,16,3622.0,4189
2022-10-03 08:14:26,1,-1,3622.0,4188
2022-10-03 08:14:27,45,1,3622.25,4189
2022-10-03 08:14:28,8,0,3622.25,4189
2022-10-03 08:14:29,13,-5,3622.25,4184
2022-10-03 08:14:30,27,-8,3622.25,4176
2022-10-03 08:14:31,2,2,3622.0,4178
2022-10-03 08:14:33,9,-3,3622.0,4175
2022-10-03 08:14:34,16,-4,3622.0,4171
2022-10-03 08:14:35,1,-1,3621.75,4170
2022-10-03 08:14:36,5,3,3621.75,4173
2022-10-03 08:14:37,3,3,3621.75,4176
2022-10-03 08:14:38,13,-6,3621.5,4170
2022-10-03 08:14:39,6,6,3621.5,4176
2022-10-03 08:14:41,18,21,3621.75,4197
2022-10-03 08:14:42,4,0,3621.5,4197
2022-10-03 08:14:43,1,1,3621.5,4198
2022-10-03 08:14:45,6,2,3621.5,4200
2022-10-03 08:14:46,2,2,3621.75,4202
2022-10-03 08:14:47,75,71,3622.5,4273
2022-10-03 08:14:48,1,1,3622.0,4274
2022-10-03 08:14:49,28,-41,3622.0,4233
2022-10-03 08:14:50,20,-1,3621.75,4232
2022-10-03 08:14:53,14,0,3622.0,4232
2022-10-03 08:14:54,7,-1,3622.0,4231
2022-10-03 08:14:55,2,-2,3622.0,4229
2022-10-03 08:14:56,4,1,3622.25,4230
2022-10-03 08:14:57,2,-2,3622.25,4228
2022-10-03 08:14:58,1,-1,3622.0,4227
2022-10-03 08:14:59,3,-3,3622.25,4224
2022-10-03 08:15:00,1,1,3622.25,4225
2022-10-03 08:15:01,2,2,3622.25,4227
2022-10-03 08:15:02,2,-2,3622.25,4225
2022-10-03 08:15:03,5,-5,3622.25,4220
2022-10-03 08:15:04,2,0,3622.5,4220
2022-10-03 08:15:05,19,6,3622.25,4226
2022-10-03 08:15:06,2,-2,3622.0,4224
2022-10-03 08:15:07,4,4,3622.25,4228
2022-10-03 08:15:08,14,-10,3622.0,4218
2022-10-03 08:15:09,1,1,3622.0,4219
2022-10-03 08:15:10,6,0,3622.0,4219
2022-10-03 08:15:11,4,4,3622.0,4223
2022-10-03 08:15:12,1,-1,3621.75,4222
2022-10-03 08:15:13,3,-3,3621.75,4219
2022-10-03 08:15:14,18,12,3622.25,4231
2022-10-03 08:15:16,5,0,3622.25,4231
2022-10-03 08:15:18,5,5,3622.25,4236
2022-10-03 08:15:20,16,16,3622.5,4252
2022-10-03 08:15:21,8,-6,3622.5,4246
2022-10-03 08:15:22,88,88,3623.25,4334
2022-10-03 08:15:23,23,0,3622.75,4334
2022-10-03 08:15:24,20,11,3623.0,4345
2022-10-03 08:15:25,112,108,3623.75,4453
2022-10-03 08:15:26,3,1,3623.5,4454
2022-10-03 08:15:27,28,4,3623.5,4458
2022-10-03 08:15:28,12,0,3623.25,4458
2022-10-03 08:15:29,1,1,3623.0,4459
2022-10-03 08:15:30,64,45,3623.5,4504
2022-10-03 08:15:31,10,-4,3623.25,4500
2022-10-03 08:15:32,1,1,3623.5,4501
2022-10-03 08:15:34,15,-1,3623.5,4500
2022-10-03 08:15:35,24,-2,3623.25,4498
2022-10-03 08:15:36,39,14,3623.5,4512
2022-10-03 08:15:37,13,-10,3623.25,4502
2022-10-03 08:15:38,1,1,3623.0,4503
2022-10-03 08:15:39,5,2,3623.0,4505
2022-10-03 08:15:40,2,2,3623.25,4507
2022-10-03 08:15:43,1,-1,3623.0,4506
2022-10-03 08:15:44,62,-28,3623.0,4478
2022-10-03 08:15:45,4,-4,3622.75,4474
2022-10-03 08:15:46,29,-10,3623.0,4464
2022-10-03 08:15:47,5,-5,3623.0,4459
2022-10-03 08:15:48,7,7,3623.0,4466
2022-10-03 08:15:49,1,-1,3623.0,4465
2022-10-03 08:15:50,2,2,3623.25,4467
2022-10-03 08:15:51,10,1,3623.0,4468
2022-10-03 08:15:52,5,1,3623.0,4469
2022-10-03 08:15:54,4,-4,3623.0,4465
2022-10-03 08:15:57,20,13,3623.0,4478
2022-10-03 08:15:58,5,-3,3623.0,4475
2022-10-03 08:15:59,9,3,3623.25,4478
2022-10-03 08:16:00,17,-9,3623.0,4469
2022-10-03 08:16:02,6,-4,3623.0,4465
2022-10-03 08:16:04,4,2,3623.0,4467
2022-10-03 08:16:05,51,1,3623.5,4468
2022-10-03 08:16:06,19,9,3623.75,4477
2022-10-03 08:16:07,13,-7,3623.75,4470
2022-10-03 08:16:08,56,-6,3623.5,4464
2022-10-03 08:16:09,1,1,3623.5,4465
2022-10-03 08:16:10,1,1,3623.5,4466
2022-10-03 08:16:11,10,0,3623.5,4466
2022-10-03 08:16:12,4,-4,3623.25,4462
2022-10-03 08:16:13,8,-8,3623.25,4454
2022-10-03 08:16:14,5,1,3623.25,4455
2022-10-03 08:16:15,2,0,3623.25,4455
2022-10-03 08:16:16,4,0,3623.25,4455
2022-10-03 08:16:18,18,-4,3623.0,4451
2022-10-03 08:16:19,4,-2,3623.0,4449
2022-10-03 08:16:21,52,-14,3622.75,4435
2022-10-03 08:16:22,24,5,3622.75,4440
2022-10-03 08:16:23,15,-15,3622.0,4425
2022-10-03 08:16:24,17,6,3621.75,4431
2022-10-03 08:16:25,33,7,3622.0,4438
2022-10-03 08:16:26,5,-2,3621.75,4436
2022-10-03 08:16:27,2,2,3622.0,4438
2022-10-03 08:16:28,20,-16,3621.75,4422
2022-10-03 08:16:29,13,10,3621.75,4432
2022-10-03 08:16:30,48,1,3622.0,4433
2022-10-03 08:16:31,34,-16,3622.0,4417
2022-10-03 08:16:33,7,4,3621.5,4421
2022-10-03 08:16:34,13,6,3621.5,4427
2022-10-03 08:16:35,39,-44,3621.25,4383
2022-10-03 08:16:36,11,7,3621.25,4390
2022-10-03 08:16:37,15,-3,3621.25,4387
2022-10-03 08:16:38,6,1,3621.0,4388
2022-10-03 08:16:39,78,76,3621.75,4464
2022-10-03 08:16:40,25,-7,3621.5,4457
2022-10-03 08:16:41,7,-7,3621.5,4450
2022-10-03 08:16:44,37,-3,3621.5,4447
2022-10-03 08:16:45,10,-2,3621.5,4445
2022-10-03 08:16:46,5,3,3621.5,4448
2022-10-03 08:16:48,4,-2,3621.5,4446
2022-10-03 08:16:50,56,-18,3621.25,4428
2022-10-03 08:16:51,4,-4,3620.75,4424
2022-10-03 08:16:52,11,-5,3621.0,4419
2022-10-03 08:16:54,2,2,3621.0,4421
2022-10-03 08:16:55,1,1,3621.0,4422
2022-10-03 08:16:56,3,3,3621.0,4425
2022-10-03 08:16:58,3,1,3621.25,4426
2022-10-03 08:16:59,4,0,3621.25,4426
2022-10-03 08:17:00,3,3,3621.25,4429
2022-10-03 08:17:01,7,7,3621.5,4436
2022-10-03 08:17:02,5,-1,3621.25,4435
2022-10-03 08:17:03,1,1,3621.5,4436
2022-10-03 08:17:05,3,-1,3621.25,4435
2022-10-03 08:17:06,1,1,3621.5,4436
2022-10-03 08:17:07,17,2,3621.25,4438
2022-10-03 08:17:08,5,5,3621.25,4443
2022-10-03 08:17:09,2,-2,3621.25,4441
2022-10-03 08:17:10,5,5,3621.25,4446
2022-10-03 08:17:11,1,1,3621.25,4447
2022-10-03 08:17:14,22,1,3621.25,4448
2022-10-03 08:17:15,1,1,3621.5,4449
2022-10-03 08:17:17,5,-5,3621.25,4444
2022-10-03 08:17:18,4,2,3621.25,4446
2022-10-03 08:17:19,1,1,3621.25,4447
2022-10-03 08:17:20,50,-27,3621.0,4420
2022-10-03 08:17:22,10,-2,3621.0,4418
2022-10-03 08:17:24,7,-3,3621.0,4415
2022-10-03 08:17:26,3,-3,3621.0,4412
2022-10-03 08:17:29,14,-3,3621.0,4409
2022-10-03 08:17:30,1,-1,3620.75,4408
2022-10-03 08:17:31,85,-48,3620.75,4360
2022-10-03 08:17:32,1,-1,3620.5,4359
2022-10-03 08:17:33,3,-1,3620.75,4358
2022-10-03 08:17:34,15,5,3620.75,4363
2022-10-03 08:17:35,3,1,3620.75,4364
2022-10-03 08:17:38,4,1,3620.75,4365
2022-10-03 08:17:39,1,1,3621.0,4366
2022-10-03 08:17:40,6,-4,3620.75,4362
2022-10-03 08:17:43,2,2,3620.75,4364
2022-10-03 08:17:44,3,-3,3620.5,4361
2022-10-03 08:17:46,1,1,3620.5,4362
2022-10-03 08:17:47,15,0,3620.25,4362
2022-10-03 08:17:48,46,-31,3620.0,4331
2022-10-03 08:17:49,20,2,3620.0,4333
2022-10-03 08:17:50,4,0,3620.0,4333
2022-10-03 08:17:52,8,-8,3620.0,4325
2022-10-03 08:17:54,40,19,3620.25,4344
2022-10-03 08:17:55,9,-9,3620.0,4335
2022-10-03 08:17:56,17,5,3620.0,4340
2022-10-03 08:17:57,5,-5,3620.0,4335
2022-10-03 08:17:58,35,16,3620.25,4351
2022-10-03 08:18:00,17,5,3620.0,4356
2022-10-03 08:18:01,4,-4,3620.0,4352
2022-10-03 08:18:03,69,-15,3620.25,4337
2022-10-03 08:18:04,28,0,3620.25,4337
2022-10-03 08:18:06,24,4,3620.25,4341
2022-10-03 08:18:07,19,-4,3620.0,4337
2022-10-03 08:18:08,28,-2,3620.0,4335
2022-10-03 08:18:09,29,-2,3620.0,4333
2022-10-03 08:18:10,9,-5,3620.0,4328
2022-10-03 08:18:11,123,-32,3620.0,4296
2022-10-03 08:18:12,22,7,3620.0,4303
2022-10-03 08:18:13,87,-12,3620.25,4291
2022-10-03 08:18:14,5,1,3620.0,4292
2022-10-03 08:18:15,4,0,3620.25,4292
2022-10-03 08:18:16,8,-7,3620.25,4285
2022-10-03 08:18:17,16,7,3620.25,4292
2022-10-03 08:18:19,7,2,3620.25,4294
2022-10-03 08:18:21,4,-2,3620.25,4292
2022-10-03 08:18:22,1,-1,3620.0,4291
2022-10-03 08:18:23,4,-4,3620.0,4287
2022-10-03 08:18:24,2,0,3620.25,4287
2022-10-03 08:18:25,8,2,3620.0,4289
2022-10-03 08:18:26,4,2,3620.25,4291
2022-10-03 08:18:28,10,7,3620.25,4298
2022-10-03 08:18:29,1,-1,3620.25,4297
2022-10-03 08:18:30,7,-7,3620.25,4290
2022-10-03 08:18:32,5,-3,3620.0,4287
2022-10-03 08:18:34,3,-3,3620.0,4284
2022-10-03 08:18:35,10,-10,3620.0,4274
2022-10-03 08:18:37,12,8,3620.25,4282
2022-10-03 08:18:38,15,-15,3620.0,4267
2022-10-03 08:18:39,3,-1,3620.25,4266
2022-10-03 08:18:40,10,-8,3620.0,4258
2022-10-03 08:18:41,28,5,3620.0,4263
2022-10-03 08:18:44,75,46,3620.75,4309
2022-10-03 08:18:45,3,3,3620.75,4312
2022-10-03 08:18:46,26,-9,3620.75,4303
2022-10-03 08:18:47,1,-1,3620.5,4302
2022-10-03 08:18:50,71,11,3621.25,4313
2022-10-03 08:18:51,20,10,3621.0,4323
2022-10-03 08:18:52,6,4,3621.0,4327
2022-10-03 08:18:54,12,-4,3621.0,4323
2022-10-03 08:18:55,10,9,3621.0,4332
2022-10-03 08:18:57,86,36,3621.75,4368
2022-10-03 08:18:58,20,-11,3621.5,4357
2022-10-03 08:18:59,10,-4,3621.25,4353
2022-10-03 08:19:00,16,4,3621.25,4357
2022-10-03 08:19:01,46,29,3621.75,4386
2022-10-03 08:19:03,2,0,3621.75,4386
2022-10-03 08:19:04,57,-3,3621.5,4383
2022-10-03 08:19:05,41,26,3621.5,4409
2022-10-03 08:19:06,34,2,3621.75,4411
2022-10-03 08:19:07,14,-2,3621.75,4409
2022-10-03 08:19:08,36,-35,3621.5,4374
2022-10-03 08:19:10,10,8,3621.5,4382
2022-10-03 08:19:11,1,1,3621.75,4383
2022-10-03 08:19:12,54,20,3621.75,4403
2022-10-03 08:19:13,33,-20,3621.75,4383
2022-10-03 08:19:14,21,-10,3621.25,4373
2022-10-03 08:19:16,83,66,3621.75,4439
2022-10-03 08:19:17,7,2,3621.25,4441
2022-10-03 08:19:18,12,-6,3621.0,4435
2022-10-03 08:19:19,1,1,3621.0,4436
2022-10-03 08:19:20,5,5,3621.0,4441
2022-10-03 08:19:21,8,-8,3621.0,4433
2022-10-03 08:19:23,9,9,3621.0,4442
2022-10-03 08:19:24,7,-7,3621.0,4435
2022-10-03 08:19:25,54,29,3621.25,4464
2022-10-03 08:19:26,1,-1,3621.25,4463
2022-10-03 08:19:27,21,4,3621.25,4467
2022-10-03 08:19:28,3,-3,3621.25,4464
2022-10-03 08:19:29,7,1,3621.25,4465
2022-10-03 08:19:30,9,-1,3621.25,4464
2022-10-03 08:19:31,5,0,3621.5,4464
2022-10-03 08:19:32,12,-8,3621.25,4456
2022-10-03 08:19:34,6,2,3621.0,4458
2022-10-03 08:19:35,14,-10,3621.0,4448
2022-10-03 08:19:37,18,-5,3620.75,4443
2022-10-03 08:19:38,55,31,3621.25,4474
2022-10-03 08:19:39,1,-1,3621.0,4473
2022-10-03 08:19:41,3,3,3621.0,4476
2022-10-03 08:19:42,11,-11,3621.0,4465
2022-10-03 08:19:45,19,-10,3621.0,4455
2022-10-03 08:19:47,3,-3,3621.0,4452
2022-10-03 08:19:48,1,1,3621.0,4453
2022-10-03 08:19:51,85,-5,3621.0,4448
2022-10-03 08:19:52,12,6,3621.25,4454
2022-10-03 08:19:54,15,8,3621.5,4462
2022-10-03 08:19:55,14,-11,3621.0,4451
2022-10-03 08:19:56,9,9,3621.25,4460
2022-10-03 08:19:57,12,-12,3621.0,4448
2022-10-03 08:19:58,102,-19,3620.75,4429
2022-10-03 08:19:59,21,-12,3620.25,4417
2022-10-03 08:20:00,22,0,3620.25,4417
2022-10-03 08:20:02,28,-18,3620.0,4399
2022-10-03 08:20:03,36,-14,3620.0,4385
2022-10-03 08:20:04,32,6,3620.25,4391
2022-10-03 08:20:05,7,5,3620.25,4396
2022-10-03 08:20:06,27,12,3620.75,4408
2022-10-03 08:20:07,1,1,3621.0,4409
2022-10-03 08:20:08,37,12,3621.0,4421
2022-10-03 08:20:09,12,-1,3621.0,4420
2022-10-03 08:20:10,7,5,3621.0,4425
2022-10-03 08:20:12,13,-7,3621.0,4418
2022-10-03 08:20:13,8,2,3620.75,4420
2022-10-03 08:20:14,14,14,3621.0,4434
2022-10-03 08:20:15,1,1,3621.0,4435
2022-10-03 08:20:17,13,-7,3620.75,4428
2022-10-03 08:20:18,28,-30,3620.5,4398
2022-10-03 08:20:19,3,2,3620.5,4400
2022-10-03 08:20:20,6,-2,3620.25,4398
2022-10-03 08:20:26,16,23,3620.75,4421
2022-10-03 08:20:27,4,-3,3620.5,4418
2022-10-03 08:20:28,8,6,3620.5,4424
2022-10-03 08:20:29,5,-1,3620.5,4423
2022-10-03 08:20:31,6,-6,3620.5,4417
2022-10-03 08:20:32,3,3,3620.5,4420
2022-10-03 08:20:34,2,-2,3620.25,4418
2022-10-03 08:20:37,117,60,3621.25,4478
2022-10-03 08:20:38,1,1,3621.25,4479
2022-10-03 08:20:39,22,-8,3621.0,4471
2022-10-03 08:20:40,6,5,3621.25,4476
2022-10-03 08:20:41,4,0,3621.25,4476
2022-10-03 08:20:43,6,0,3621.25,4476
2022-10-03 08:20:44,8,6,3621.5,4482
2022-10-03 08:20:47,23,12,3621.5,4494
2022-10-03 08:20:49,20,1,3621.75,4495
2022-10-03 08:20:51,5,3,3621.75,4498
2022-10-03 08:20:52,26,-15,3621.5,4483
2022-10-03 08:20:54,1,1,3621.5,4484
2022-10-03 08:20:55,10,9,3621.5,4493
2022-10-03 08:20:57,131,53,3622.25,4546
2022-10-03 08:20:58,35,4,3622.5,4550
2022-10-03 08:20:59,5,1,3622.75,4551
2022-10-03 08:21:00,28,24,3623.0,4575
2022-10-03 08:21:01,7,-1,3623.0,4574
2022-10-03 08:21:02,49,-12,3623.0,4562
2022-10-03 08:21:03,3,2,3623.0,4564
2022-10-03 08:21:04,38,-20,3622.75,4544
2022-10-03 08:21:05,13,1,3622.75,4545
2022-10-03 08:21:06,2,2,3622.75,4547
2022-10-03 08:21:07,2,-2,3622.75,4545
2022-10-03 08:21:08,69,67,3623.25,4612
2022-10-03 08:21:09,14,-3,3622.75,4609
2022-10-03 08:21:10,24,-4,3622.5,4605
2022-10-03 08:21:11,5,5,3622.5,4610
2022-10-03 08:21:12,87,-87,3622.25,4523
2022-10-03 08:21:13,6,-6,3622.0,4517
2022-10-03 08:21:15,3,-3,3622.0,4514
2022-10-03 08:21:16,42,-11,3622.0,4503
2022-10-03 08:21:17,9,1,3621.75,4504
2022-10-03 08:21:18,27,8,3621.75,4512
2022-10-03 08:21:19,30,-18,3621.75,4494
2022-10-03 08:21:20,3,3,3621.75,4497
2022-10-03 08:21:21,2,-2,3621.75,4495
2022-10-03 08:21:22,23,7,3622.25,4502
2022-10-03 08:21:23,26,4,3622.5,4506
2022-10-03 08:21:24,30,22,3622.75,4528
2022-10-03 08:21:25,4,-4,3622.5,4524
2022-10-03 08:21:26,6,-6,3622.5,4518
2022-10-03 08:21:28,9,6,3622.5,4524
2022-10-03 08:21:29,15,11,3622.75,4535
2022-10-03 08:21:30,2,2,3622.75,4537
2022-10-03 08:21:31,35,22,3623.0,4559
2022-10-03 08:21:32,1,1,3623.0,4560
2022-10-03 08:21:33,3,3,3623.0,4563
2022-10-03 08:21:34,27,-10,3622.75,4553
2022-10-03 08:21:35,45,-17,3622.75,4536
2022-10-03 08:21:36,13,7,3622.25,4543
2022-10-03 08:21:37,2,-2,3622.0,4541
2022-10-03 08:21:38,8,6,3622.25,4547
2022-10-03 08:21:39,1,1,3622.5,4548
2022-10-03 08:21:41,4,-2,3622.5,4546
2022-10-03 08:21:42,3,-3,3622.0,4543
2022-10-03 08:21:43,21,-3,3622.25,4540
2022-10-03 08:21:44,3,2,3622.0,4542
2022-10-03 08:21:45,2,-2,3622.0,4540
2022-10-03 08:21:47,3,1,3622.0,4541
2022-10-03 08:21:48,5,5,3622.0,4546
2022-10-03 08:21:49,3,-3,3622.0,4543
2022-10-03 08:21:50,2,2,3622.0,4545
2022-10-03 08:21:51,6,-4,3622.0,4541
2022-10-03 08:21:52,5,4,3622.25,4545
2022-10-03 08:21:53,14,-8,3622.25,4537
2022-10-03 08:21:54,7,1,3622.0,4538
2022-10-03 08:21:56,20,12,3622.5,4550
2022-10-03 08:21:57,4,2,3622.5,4552
2022-10-03 08:21:58,1,-1,3622.25,4551
2022-10-03 08:22:00,10,-5,3622.25,4546
2022-10-03 08:22:01,91,26,3622.25,4572
2022-10-03 08:22:02,5,3,3622.5,4575
2022-10-03 08:22:03,1,1,3622.25,4576
2022-10-03 08:22:05,1,-1,3622.25,4575
2022-10-03 08:22:09,5,5,3622.5,4580
2022-10-03 08:22:10,431,159,3623.25,4739
2022-10-03 08:22:11,25,5,3623.25,4744
2022-10-03 08:22:12,25,5,3623.25,4749
2022-10-03 08:22:13,2,0,3623.25,4749
2022-10-03 08:22:14,5,1,3623.5,4750
2022-10-03 08:22:15,19,-5,3623.25,4745
2022-10-03 08:22:17,16,-3,3623.25,4742
2022-10-03 08:22:18,4,-3,3623.25,4739
2022-10-03 08:22:19,25,-2,3623.25,4737
2022-10-03 08:22:21,23,9,3623.5,4746
2022-10-03 08:22:23,46,26,3623.5,4772
2022-10-03 08:22:24,50,21,3624.0,4793
2022-10-03 08:22:25,29,-7,3623.75,4786
2022-10-03 08:22:26,25,20,3624.25,4806
2022-10-03 08:22:27,10,-1,3624.25,4805
2022-10-03 08:22:28,11,-1,3624.25,4804
2022-10-03 08:22:30,16,-13,3624.0,4791
2022-10-03 08:22:31,26,-4,3624.0,4787
2022-10-03 08:22:32,5,-1,3623.75,4786
2022-10-03 08:22:33,21,-10,3623.75,4776
2022-10-03 08:22:34,6,4,3623.5,4780
2022-10-03 08:22:35,2,-2,3623.5,4778
2022-10-03 08:22:37,12,-8,3623.5,4770
2022-10-03 08:22:39,8,0,3623.5,4770
2022-10-03 08:22:41,4,-4,3623.25,4766
2022-10-03 08:22:43,42,10,3623.75,4776
2022-10-03 08:22:44,19,-2,3624.0,4774
2022-10-03 08:22:45,1,-1,3623.75,4773
2022-10-03 08:22:46,3,-1,3624.0,4772
2022-10-03 08:22:47,9,0,3623.75,4772
2022-10-03 08:22:48,6,2,3624.0,4774
2022-10-03 08:22:49,2,-2,3623.75,4772
2022-10-03 08:22:50,1,1,3624.0,4773
2022-10-03 08:22:51,10,6,3624.0,4779
2022-10-03 08:22:52,1,-1,3624.0,4778
2022-10-03 08:22:53,14,0,3624.0,4778
2022-10-03 08:22:54,8,-8,3624.0,4770
2022-10-03 08:22:55,18,-1,3624.25,4769
2022-10-03 08:22:56,7,0,3624.0,4769
2022-10-03 08:22:57,2,0,3624.25,4769
2022-10-03 08:22:58,5,1,3624.0,4770
2022-10-03 08:22:59,9,-4,3624.0,4766
2022-10-03 08:23:01,5,-5,3624.0,4761
2022-10-03 08:23:02,2,2,3624.0,4763
2022-10-03 08:23:03,7,7,3624.0,4770
2022-10-03 08:23:05,5,-2,3624.0,4768
2022-10-03 08:23:07,1,-1,3624.0,4767
2022-10-03 08:23:08,10,-1,3624.25,4766
2022-10-03 08:23:09,2,0,3624.25,4766
2022-10-03 08:23:10,22,3,3624.25,4769
2022-10-03 08:23:11,11,0,3624.0,4769
2022-10-03 08:23:14,2,2,3624.0,4771
2022-10-03 08:23:18,24,4,3624.0,4775
2022-10-03 08:23:21,21,6,3624.0,4781
2022-10-03 08:23:22,5,-3,3624.0,4778
2022-10-03 08:23:24,38,-21,3623.75,4757
2022-10-03 08:23:25,11,-20,3623.5,4737
2022-10-03 08:23:26,1,1,3623.5,4738
2022-10-03 08:23:27,27,22,3623.75,4760
2022-10-03 08:23:28,4,-3,3623.5,4757
2022-10-03 08:23:29,11,-9,3623.5,4748
2022-10-03 08:23:30,19,16,3623.75,4764
2022-10-03 08:23:31,7,7,3624.0,4771
2022-10-03 08:23:32,2,0,3624.25,4771
2022-10-03 08:23:34,15,5,3624.25,4776
2022-10-03 08:23:35,3,3,3624.25,4779
2022-10-03 08:23:36,3,3,3624.25,4782
2022-10-03 08:23:37,4,-4,3624.25,4778
2022-10-03 08:23:38,9,5,3624.5,4783
2022-10-03 08:23:40,13,-11,3624.25,4772
2022-10-03 08:23:41,13,5,3624.5,4777
2022-10-03 08:23:44,1,-1,3624.25,4776
2022-10-03 08:23:45,28,18,3624.5,4794
2022-10-03 08:23:46,31,-14,3624.25,4780
2022-10-03 08:23:47,10,-3,3624.5,4777
2022-10-03 08:23:48,16,0,3624.75,4777
2022-10-03 08:23:49,1,1,3624.75,4778
2022-10-03 08:23:50,1,-1,3624.5,4777
2022-10-03 08:23:51,5,-5,3624.5,4772
2022-10-03 08:23:52,73,75,3625.0,4847
2022-10-03 08:23:53,24,16,3625.25,4863
2022-10-03 08:23:54,16,-11,3625.25,4852
2022-10-03 08:23:55,13,8,3625.25,4860
2022-10-03 08:23:56,1,-1,3625.0,4859
2022-10-03 08:23:57,15,4,3625.25,4863
2022-10-03 08:23:58,23,-8,3625.25,4855
2022-10-03 08:23:59,16,-11,3624.75,4844
2022-10-03 08:24:00,5,-5,3624.5,4839
2022-10-03 08:24:01,15,-2,3624.75,4837
2022-10-03 08:24:02,5,-5,3624.5,4832
2022-10-03 08:24:03,23,5,3624.5,4837
2022-10-03 08:24:04,18,13,3624.75,4850
2022-10-03 08:24:05,17,9,3625.0,4859
2022-10-03 08:24:06,2,2,3625.0,4861
2022-10-03 08:24:07,2,0,3625.0,4861
2022-10-03 08:24:08,14,-4,3625.0,4857
2022-10-03 08:24:09,4,-4,3625.0,4853
2022-10-03 08:24:10,4,-4,3625.0,4849
2022-10-03 08:24:11,22,4,3625.0,4853
2022-10-03 08:24:12,37,7,3625.25,4860
2022-10-03 08:24:13,16,-6,3625.25,4854
2022-10-03 08:24:14,1,1,3625.25,4855
2022-10-03 08:24:15,9,3,3625.25,4858
2022-10-03 08:24:16,17,14,3625.5,4872
2022-10-03 08:24:17,12,-4,3625.25,4868
2022-10-03 08:24:18,4,2,3625.5,4870
2022-10-03 08:24:19,2,0,3625.5,4870
2022-10-03 08:24:20,2,2,3625.5,4872
2022-10-03 08:24:21,2,2,3625.5,4874
2022-10-03 08:24:22,1,-1,3625.25,4873
2022-10-03 08:24:23,20,-11,3625.25,4862
2022-10-03 08:24:25,22,6,3625.25,4868
2022-10-03 08:24:27,9,-8,3625.25,4860
2022-10-03 08:24:29,1,1,3625.25,4861
2022-10-03 08:24:31,5,5,3625.25,4866
2022-10-03 08:24:32,106,-8,3625.5,4858
2022-10-03 08:24:33,6,-4,3625.5,4854
2022-10-03 08:24:34,10,-6,3625.5,4848
2022-10-03 08:24:35,51,30,3626.0,4878
2022-10-03 08:24:36,15,0,3626.0,4878
2022-10-03 08:24:37,30,7,3626.0,4885
2022-10-03 08:24:38,12,-7,3625.75,4878
2022-10-03 08:24:39,21,16,3626.0,4894
2022-10-03 08:24:40,83,75,3626.25,4969
2022-10-03 08:24:41,6,-4,3626.0,4965
2022-10-03 08:24:42,10,7,3626.0,4972
2022-10-03 08:24:43,12,5,3626.0,4977
2022-10-03 08:24:44,2,2,3626.25,4979
2022-10-03 08:24:45,35,-15,3626.0,4964
2022-10-03 08:24:47,1,1,3626.0,4965
2022-10-03 08:24:48,41,-12,3625.75,4953
2022-10-03 08:24:49,7,7,3625.75,4960
2022-10-03 08:24:50,5,-5,3625.5,4955
2022-10-03 08:24:51,40,-28,3625.5,4927
2022-10-03 08:24:52,10,10,3625.75,4937
2022-10-03 08:24:53,1,-1,3625.5,4936
2022-10-03 08:24:54,13,13,3626.0,4949
2022-10-03 08:24:55,5,-2,3625.75,4947
2022-10-03 08:24:56,2,2,3626.0,4949
2022-10-03 08:24:57,17,-6,3626.0,4943
2022-10-03 08:25:00,28,-14,3625.75,4929
2022-10-03 08:25:02,2,2,3625.5,4931
2022-10-03 08:25:03,9,-3,3625.25,4928
2022-10-03 08:25:04,47,5,3625.25,4933
2022-10-03 08:25:05,147,-12,3625.5,4921
2022-10-03 08:25:06,21,11,3625.5,4932
2022-10-03 08:25:07,4,-1,3625.5,4931
2022-10-03 08:25:09,1,-1,3625.5,4930
2022-10-03 08:25:10,2,2,3625.75,4932
2022-10-03 08:25:12,36,-6,3625.75,4926
2022-10-03 08:25:13,1,1,3625.75,4927
2022-10-03 08:25:14,1,1,3625.75,4928
2022-10-03 08:25:15,48,28,3626.0,4956
2022-10-03 08:25:16,4,-4,3626.0,4952
2022-10-03 08:25:17,11,-1,3626.0,4951
2022-10-03 08:25:18,13,6,3626.0,4957
2022-10-03 08:25:19,9,-1,3626.0,4956
2022-10-03 08:25:20,1,1,3626.0,4957
2022-10-03 08:25:21,26,-13,3625.75,4944
2022-10-03 08:25:22,25,-7,3625.75,4937
2022-10-03 08:25:23,1,1,3625.75,4938
2022-10-03 08:25:24,19,19,3626.0,4957
2022-10-03 08:25:28,14,-1,3626.0,4956
2022-10-03 08:25:29,3,1,3625.75,4957
2022-10-03 08:25:30,36,29,3626.0,4986
2022-10-03 08:25:31,4,0,3626.0,4986
2022-10-03 08:25:34,9,1,3626.0,4987
2022-10-03 08:25:35,1,-1,3625.75,4986
2022-10-03 08:25:36,2,0,3626.0,4986
2022-10-03 08:25:38,2,2,3626.0,4988
2022-10-03 08:25:39,6,-5,3625.75,4983
2022-10-03 08:25:40,33,-13,3625.5,4970
2022-10-03 08:25:42,33,5,3625.5,4975
2022-10-03 08:25:43,32,1,3625.5,4976
2022-10-03 08:25:44,2,-2,3625.5,4974
2022-10-03 08:25:46,41,5,3625.75,4979
2022-10-03 08:25:47,26,-18,3625.5,4961
2022-10-03 08:25:48,6,-4,3625.5,4957
2022-10-03 08:25:49,2,2,3625.5,4959
2022-10-03 08:25:50,1,1,3625.5,4960
2022-10-03 08:25:51,17,-8,3625.25,4952
2022-10-03 08:25:53,8,-4,3625.25,4948
2022-10-03 08:25:54,6,2,3625.25,4950
2022-10-03 08:25:56,190,-30,3625.25,4920
2022-10-03 08:25:57,10,10,3625.25,4930
2022-10-03 08:25:59,4,-1,3625.0,4929
2022-10-03 08:26:00,20,-3,3625.25,4926
2022-10-03 08:26:01,7,0,3625.25,4926
2022-10-03 08:26:02,258,2,3625.5,4928
2022-10-03 08:26:04,2,-2,3625.25,4926
2022-10-03 08:26:05,33,13,3625.75,4939
2022-10-03 08:26:07,4,4,3625.75,4943
2022-10-03 08:26:08,87,7,3625.75,4950
2022-10-03 08:26:09,1,1,3625.75,4951
2022-10-03 08:26:10,19,10,3625.75,4961
2022-10-03 08:26:11,12,0,3625.75,4961
2022-10-03 08:26:12,1,1,3626.0,4962
2022-10-03 08:26:13,47,17,3626.0,4979
2022-10-03 08:26:14,30,-11,3626.0,4968
2022-10-03 08:26:15,4,-4,3625.75,4964
2022-10-03 08:26:16,12,8,3625.75,4972
2022-10-03 08:26:17,1,1,3625.75,4973
2022-10-03 08:26:19,5,5,3625.75,4978
2022-10-03 08:26:20,1,1,3625.75,4979
2022-10-03 08:26:21,1,1,3625.75,4980
2022-10-03 08:26:22,22,7,3625.75,4987
2022-10-03 08:26:25,18,-16,3625.75,4971
2022-10-03 08:26:26,12,-5,3625.75,4966
2022-10-03 08:26:28,56,13,3625.75,4979
2022-10-03 08:26:29,8,4,3625.75,4983
2022-10-03 08:26:30,23,6,3625.75,4989
2022-10-03 08:26:31,6,-6,3625.75,4983
2022-10-03 08:26:32,224,-51,3625.5,4932
2022-10-03 08:26:33,2,0,3625.25,4932
2022-10-03 08:26:35,2,-2,3625.0,4930
2022-10-03 08:26:37,118,-8,3625.25,4922
2022-10-03 08:26:38,41,-2,3625.0,4920
2022-10-03 08:26:39,89,100,3625.75,5020
2022-10-03 08:26:40,24,0,3625.25,5020
2022-10-03 08:26:42,4,4,3625.25,5024
2022-10-03 08:26:43,43,39,3625.75,5063
2022-10-03 08:26:44,11,-5,3625.75,5058
2022-10-03 08:26:45,2,0,3625.75,5058
2022-10-03 08:26:47,1,-1,3625.5,5057
2022-10-03 08:26:48,37,-19,3625.5,5038
2022-10-03 08:26:49,1,-1,3625.5,5037
2022-10-03 08:26:50,2,-2,3625.5,5035
2022-10-03 08:26:51,30,10,3625.75,5045
2022-10-03 08:26:52,2,-2,3625.75,5043
2022-10-03 08:26:53,30,12,3626.0,5055
2022-10-03 08:26:54,6,-4,3626.0,5051
2022-10-03 08:26:55,19,-9,3625.75,5042
2022-10-03 08:26:56,3,-3,3625.5,5039
2022-10-03 08:26:57,5,-4,3625.5,5035
2022-10-03 08:26:58,10,5,3625.5,5040
2022-10-03 08:26:59,8,3,3625.5,5043
2022-10-03 08:27:00,26,4,3625.75,5047
2022-10-03 08:27:01,8,1,3626.0,5048
2022-10-03 08:27:02,13,7,3626.0,5055
2022-10-03 08:27:04,3,-1,3626.0,5054
2022-10-03 08:27:07,19,-16,3625.75,5038
2022-10-03 08:27:11,16,-12,3625.5,5026
2022-10-03 08:27:12,8,6,3625.5,5032
2022-10-03 08:27:13,3,3,3625.75,5035
2022-10-03 08:27:17,12,11,3625.75,5046
2022-10-03 08:27:21,1,-1,3625.75,5045
2022-10-03 08:27:27,2,-2,3625.75,5043
2022-10-03 08:27:29,2,0,3626.0,5043
2022-10-03 08:27:31,17,-9,3625.75,5034
2022-10-03 08:27:32,5,1,3625.75,5035
2022-10-03 08:27:34,1,1,3626.0,5036
2022-10-03 08:27:35,12,-4,3625.75,5032
2022-10-03 08:27:36,1,-1,3625.75,5031
2022-10-03 08:27:38,3,-3,3625.75,5028
2022-10-03 08:27:39,16,-3,3625.75,5025
2022-10-03 08:27:40,17,9,3626.0,5034
2022-10-03 08:27:43,24,3,3626.25,5037
2022-10-03 08:27:44,2,2,3626.25,5039
2022-10-03 08:27:45,1,-1,3626.0,5038
2022-10-03 08:27:46,1,1,3626.25,5039
2022-10-03 08:27:47,1,1,3626.25,5040
2022-10-03 08:27:48,2,-2,3626.0,5038
2022-10-03 08:27:49,18,-16,3626.0,5022
2022-10-03 08:27:51,3,-3,3626.0,5019
2022-10-03 08:27:53,24,-18,3626.0,5001
2022-10-03 08:27:54,27,33,3626.0,5034
2022-10-03 08:27:55,48,1,3626.25,5035
2022-10-03 08:27:57,1,1,3626.25,5036
2022-10-03 08:27:58,1,1,3626.25,5037
2022-10-03 08:27:59,1,-1,3626.0,5036
2022-10-03 08:28:00,1,-1,3626.0,5035
2022-10-03 08:28:01,39,-2,3626.0,5033
2022-10-03 08:28:03,40,-5,3626.0,5028
2022-10-03 08:28:05,4,-1,3626.0,5027
2022-10-03 08:28:06,12,6,3626.0,5033
2022-10-03 08:28:11,49,-27,3626.0,5006
2022-10-03 08:28:12,12,-2,3625.75,5004
2022-10-03 08:28:13,22,0,3626.0,5004
2022-10-03 08:28:15,11,-1,3626.0,5003
2022-10-03 08:28:16,7,-1,3626.0,5002
2022-10-03 08:28:18,10,5,3626.0,5007
2022-10-03 08:28:20,1,-1,3625.75,5006
2022-10-03 08:28:21,28,5,3626.0,5011
2022-10-03 08:28:22,1,-1,3625.75,5010
2022-10-03 08:28:23,5,1,3626.0,5011
2022-10-03 08:28:24,24,-21,3625.75,4990
2022-10-03 08:28:26,20,-31,3625.75,4959
2022-10-03 08:28:28,2,-2,3625.5,4957
2022-10-03 08:28:30,21,6,3625.75,4963
2022-10-03 08:28:31,1,1,3626.0,4964
2022-10-03 08:28:32,55,-14,3626.0,4950
2022-10-03 08:28:36,11,-6,3626.0,4944
2022-10-03 08:28:38,22,-10,3625.75,4934
2022-10-03 08:28:39,6,6,3625.75,4940
2022-10-03 08:28:40,7,3,3625.75,4943
2022-10-03 08:28:41,1,1,3625.75,4944
2022-10-03 08:28:45,20,-5,3625.75,4939
2022-10-03 08:28:47,5,-1,3625.75,4938
2022-10-03 08:28:48,1,-1,3625.5,4937
2022-10-03 08:28:49,2,-2,3625.5,4935
2022-10-03 08:28:50,4,4,3625.75,4939
2022-10-03 08:28:51,38,21,3626.0,4960
2022-10-03 08:28:52,4,-4,3625.75,4956
2022-10-03 08:28:54,1,-1,3625.75,4955
2022-10-03 08:28:55,61,-30,3625.75,4925
2022-10-03 08:28:56,2,0,3625.5,4925
2022-10-03 08:28:58,7,-3,3625.5,4922
2022-10-03 08:28:59,8,6,3625.75,4928
2022-10-03 08:29:00,19,1,3625.5,4929
2022-10-03 08:29:01,1,-1,3625.5,4928
2022-10-03 08:29:02,1,-1,3625.5,4927
2022-10-03 08:29:03,23,0,3625.75,4927
2022-10-03 08:29:04,1,1,3625.5,4928
2022-10-03 08:29:05,21,-20,3625.25,4908
2022-10-03 08:29:06,38,-12,3625.25,4896
2022-10-03 08:29:08,3,-2,3625.0,4894
2022-10-03 08:29:09,2,-1,3625.0,4893
2022-10-03 08:29:10,2,-1,3625.0,4892
2022-10-03 08:29:11,146,-17,3625.5,4875
2022-10-03 08:29:12,51,3,3625.75,4878
2022-10-03 08:29:13,46,33,3626.0,4911
2022-10-03 08:29:14,2,-2,3626.0,4909
2022-10-03 08:29:15,21,11,3626.25,4920
2022-10-03 08:29:17,71,-31,3626.25,4889
2022-10-03 08:29:19,65,43,3626.25,4932
2022-10-03 08:29:20,10,-8,3626.0,4924
2022-10-03 08:29:22,10,-4,3626.0,4920
2022-10-03 08:29:23,3,3,3626.25,4923
2022-10-03 08:29:24,1,-1,3626.0,4922
2022-10-03 08:29:25,1,-1,3626.0,4921
2022-10-03 08:29:26,14,-11,3626.0,4910
2022-10-03 08:29:27,11,-3,3625.75,4907
2022-10-03 08:29:28,2,-2,3625.75,4905
2022-10-03 08:29:29,27,0,3625.75,4905
2022-10-03 08:29:30,1,-1,3625.5,4904
2022-10-03 08:29:33,27,5,3625.75,4909
2022-10-03 08:29:34,33,1,3625.75,4910
2022-10-03 08:29:35,7,-6,3625.75,4904
2022-10-03 08:29:36,3,1,3625.75,4905
2022-10-03 08:29:37,18,-12,3625.5,4893
2022-10-03 08:29:38,52,-7,3625.5,4886
2022-10-03 08:29:39,10,-2,3625.75,4884
2022-10-03 08:29:40,2,2,3625.5,4886
2022-10-03 08:29:42,9,1,3625.75,4887
2022-10-03 08:29:43,1,-1,3625.5,4886
2022-10-03 08:29:44,3,3,3625.75,4889
2022-10-03 08:29:45,20,3,3625.75,4892
2022-10-03 08:29:46,10,10,3625.75,4902
2022-10-03 08:29:47,5,-1,3625.75,4901
2022-10-03 08:29:49,9,9,3625.75,4910
2022-10-03 08:29:50,1,-1,3625.75,4909
2022-10-03 08:29:52,7,-2,3625.75,4907
2022-10-03 08:29:56,48,-18,3625.5,4889
2022-10-03 08:29:57,2,2,3625.5,4891
2022-10-03 08:29:59,5,1,3625.5,4892
2022-10-03 08:30:00,3,1,3625.75,4893
2022-10-03 08:30:02,10,-9,3625.5,4884
2022-10-03 08:30:03,10,5,3625.75,4889
2022-10-03 08:30:04,17,-3,3625.5,4886
2022-10-03 08:30:05,4,-1,3625.5,4885
2022-10-03 08:30:06,3,-2,3625.25,4883
2022-10-03 08:30:07,23,21,3625.75,4904
2022-10-03 08:30:08,2,0,3625.75,4904
2022-10-03 08:30:10,24,-4,3625.5,4900
2022-10-03 08:30:11,2,2,3625.5,4902
2022-10-03 08:30:12,1,-1,3625.25,4901
2022-10-03 08:30:14,33,-17,3625.25,4884
2022-10-03 08:30:15,62,-16,3625.0,4868
2022-10-03 08:30:16,545,-231,3625.0,4637
2022-10-03 08:30:17,59,-16,3624.0,4621
2022-10-03 08:30:18,18,-10,3624.0,4611
2022-10-03 08:30:19,2,0,3624.0,4611
2022-10-03 08:30:20,45,-7,3623.75,4604
2022-10-03 08:30:21,15,-10,3623.5,4594
2022-10-03 08:30:22,55,29,3624.25,4623
2022-10-03 08:30:23,35,-5,3623.75,4618
2022-10-03 08:30:24,10,-6,3623.75,4612
2022-10-03 08:30:26,35,19,3624.0,4631
2022-10-03 08:30:27,6,-5,3624.0,4626
2022-10-03 08:30:28,8,8,3624.25,4634
2022-10-03 08:30:29,8,7,3624.25,4641
2022-10-03 08:30:30,1,1,3624.25,4642
2022-10-03 08:30:31,1,-1,3624.0,4641
2022-10-03 08:30:33,36,17,3624.25,4658
2022-10-03 08:30:34,2,-2,3624.25,4656
2022-10-03 08:30:36,61,-24,3624.25,4632
2022-10-03 08:30:37,18,3,3623.75,4635
2022-10-03 08:30:38,5,-4,3623.75,4631
2022-10-03 08:30:39,2,-2,3623.5,4629
2022-10-03 08:30:40,14,-9,3623.75,4620
2022-10-03 08:30:41,2,2,3623.75,4622
2022-10-03 08:30:42,4,-3,3623.5,4619
2022-10-03 08:30:44,6,6,3623.75,4625
2022-10-03 08:30:45,12,-6,3623.75,4619
2022-10-03 08:30:46,8,-6,3623.75,4613
2022-10-03 08:30:47,2,2,3623.75,4615
2022-10-03 08:30:48,8,-8,3623.75,4607
2022-10-03 08:30:49,1,1,3623.75,4608
2022-10-03 08:30:50,8,3,3624.0,4611
2022-10-03 08:30:51,1,-1,3623.75,4610
2022-10-03 08:30:53,20,5,3624.25,4615
2022-10-03 08:30:54,1,-1,3624.25,4614
2022-10-03 08:30:55,24,11,3624.75,4625
2022-10-03 08:30:56,8,1,3624.75,4626
2022-10-03 08:30:57,6,-6,3624.75,4620
2022-10-03 08:30:58,7,-6,3624.75,4614
2022-10-03 08:30:59,22,-7,3624.75,4607
2022-10-03 08:31:00,116,83,3625.75,4690
2022-10-03 08:31:01,19,-4,3625.75,4686
2022-10-03 08:31:02,8,0,3625.75,4686
2022-10-03 08:31:03,19,-10,3626.0,4676
2022-10-03 08:31:04,40,11,3626.25,4687
2022-10-03 08:31:05,150,39,3626.75,4726
2022-10-03 08:31:06,29,13,3626.5,4739
2022-10-03 08:31:07,8,6,3626.75,4745
2022-10-03 08:31:08,16,8,3626.75,4753
2022-10-03 08:31:09,61,-23,3626.5,4730
2022-10-03 08:31:10,21,20,3626.25,4750
2022-10-03 08:31:11,39,-8,3626.25,4742
2022-10-03 08:31:12,22,15,3626.25,4757
2022-10-03 08:31:13,8,0,3626.25,4757
2022-10-03 08:31:14,6,4,3626.25,4761
2022-10-03 08:31:15,27,5,3626.5,4766
2022-10-03 08:31:16,13,5,3626.75,4771
2022-10-03 08:31:17,27,25,3626.75,4796
2022-10-03 08:31:20,17,8,3626.75,4804
2022-10-03 08:31:21,158,66,3627.5,4870
2022-10-03 08:31:22,41,8,3627.5,4878
2022-10-03 08:31:23,23,-4,3627.75,4874
2022-10-03 08:31:24,89,-11,3627.75,4863
2022-10-03 08:31:25,5,-2,3627.75,4861
2022-10-03 08:31:26,2,0,3627.75,4861
2022-10-03 08:31:27,17,10,3627.75,4871
2022-10-03 08:31:28,50,-1,3628.0,4870
2022-10-03 08:31:29,108,-62,3627.5,4808
2022-10-03 08:31:30,1,1,3627.5,4809
2022-10-03 08:31:31,12,10,3627.75,4819
2022-10-03 08:31:32,7,-7,3627.75,4812
2022-10-03 08:31:33,3,3,3628.0,4815
2022-10-03 08:31:34,23,-9,3627.75,4806
2022-10-03 08:31:35,17,11,3627.75,4817
2022-10-03 08:31:36,6,5,3627.75,4822
2022-10-03 08:31:38,33,-16,3627.5,4806
2022-10-03 08:31:39,2,-2,3627.5,4804
2022-10-03 08:31:40,14,-3,3627.25,4801
2022-10-03 08:31:41,3,-1,3627.5,4800
2022-10-03 08:31:42,3,3,3627.5,4803
2022-10-03 08:31:43,1,-1,3627.25,4802
2022-10-03 08:31:44,25,13,3627.5,4815
2022-10-03 08:31:45,2,-2,3627.25,4813
2022-10-03 08:31:46,2,0,3627.5,4813
2022-10-03 08:31:48,3,-3,3627.25,4810
2022-10-03 08:31:49,2,2,3627.5,4812
2022-10-03 08:31:50,16,-1,3627.5,4811
2022-10-03 08:31:51,1,-1,3627.25,4810
2022-10-03 08:31:52,4,1,3627.5,4811
2022-10-03 08:31:53,11,4,3627.5,4815
2022-10-03 08:31:55,31,4,3627.75,4819
2022-10-03 08:31:56,21,-19,3627.75,4800
2022-10-03 08:31:57,1,-1,3627.5,4799
2022-10-03 08:31:58,14,0,3627.5,4799
2022-10-03 08:31:59,7,7,3627.75,4806
2022-10-03 08:32:00,81,38,3628.25,4844
2022-10-03 08:32:01,18,12,3628.0,4856
2022-10-03 08:32:02,31,5,3628.0,4861
2022-10-03 08:32:03,1,-1,3627.75,4860
2022-10-03 08:32:05,10,7,3628.0,4867
2022-10-03 08:32:06,62,31,3628.5,4898
2022-10-03 08:32:07,12,-2,3628.25,4896
2022-10-03 08:32:08,14,-13,3628.25,4883
2022-10-03 08:32:09,381,293,3629.5,5176
2022-10-03 08:32:10,38,13,3629.0,5189
2022-10-03 08:32:11,97,11,3629.0,5200
2022-10-03 08:32:12,36,-8,3629.0,5192
2022-10-03 08:32:13,2,1,3629.0,5193
2022-10-03 08:32:14,71,-7,3629.0,5186
2022-10-03 08:32:15,1,-1,3628.75,5185
2022-10-03 08:32:16,8,-3,3629.0,5182
2022-10-03 08:32:18,95,-36,3629.0,5146
2022-10-03 08:32:19,23,1,3629.0,5147
2022-10-03 08:32:20,45,32,3629.25,5179
2022-10-03 08:32:21,17,1,3629.25,5180
2022-10-03 08:32:22,33,15,3629.5,5195
2022-10-03 08:32:23,2,2,3629.25,5197
2022-10-03 08:32:24,7,5,3629.25,5202
2022-10-03 08:32:25,1,1,3629.25,5203
2022-10-03 08:32:26,43,0,3629.25,5203
2022-10-03 08:32:27,2,0,3629.25,5203
2022-10-03 08:32:28,4,-2,3629.25,5201
2022-10-03 08:32:29,104,29,3629.25,5230
2022-10-03 08:32:30,16,0,3629.0,5230
2022-10-03 08:32:31,65,-14,3628.75,5216
2022-10-03 08:32:32,25,-19,3628.75,5197
2022-10-03 08:32:33,49,-1,3628.5,5196
2022-10-03 08:32:34,64,45,3628.75,5241
2022-10-03 08:32:35,23,-11,3628.5,5230
2022-10-03 08:32:38,9,5,3628.5,5235
2022-10-03 08:32:39,6,-6,3628.25,5229
2022-10-03 08:32:41,28,23,3628.75,5252
2022-10-03 08:32:43,5,-5,3628.5,5247
2022-10-03 08:32:44,2,-2,3628.25,5245
2022-10-03 08:32:46,15,9,3628.75,5254
2022-10-03 08:32:47,17,7,3628.5,5261
2022-10-03 08:32:48,9,8,3628.75,5269
2022-10-03 08:32:50,21,-8,3628.5,5261
2022-10-03 08:32:51,5,4,3628.75,5265
2022-10-03 08:32:53,21,32,3629.0,5297
2022-10-03 08:32:54,8,-8,3628.75,5289
2022-10-03 08:32:55,1,1,3629.0,5290
2022-10-03 08:32:56,28,4,3629.0,5294
2022-10-03 08:32:57,79,22,3629.25,5316
2022-10-03 08:32:58,3,1,3629.25,5317
2022-10-03 08:32:59,31,14,3629.25,5331
2022-10-03 08:33:00,34,-20,3629.0,5311
2022-10-03 08:33:01,108,27,3629.5,5338
2022-10-03 08:33:02,265,129,3630.75,5467
2022-10-03 08:33:03,63,24,3631.0,5491
2022-10-03 08:33:04,65,0,3631.0,5491
2022-10-03 08:33:05,38,-4,3631.0,5487
2022-10-03 08:33:06,8,2,3631.0,5489
2022-10-03 08:33:07,29,-21,3630.75,5468
2022-10-03 08:33:08,55,7,3631.0,5475
2022-10-03 08:33:09,600,384,3633.0,5859
2022-10-03 08:33:10,88,26,3632.75,5885
2022-10-03 08:33:11,128,42,3633.0,5927
2022-10-03 08:33:12,68,-8,3633.0,5919
2022-10-03 08:33:13,168,-70,3633.0,5849
2022-10-03 08:33:14,39,-1,3632.5,5848
2022-10-03 08:33:15,25,-7,3632.5,5841
2022-10-03 08:33:16,16,-12,3632.5,5829
2022-10-03 08:33:17,96,-34,3632.75,5795
2022-10-03 08:33:19,71,-23,3632.25,5772
2022-10-03 08:33:20,60,-20,3632.0,5752
2022-10-03 08:33:21,27,-14,3631.75,5738
2022-10-03 08:33:22,25,3,3632.0,5741
2022-10-03 08:33:23,21,11,3632.0,5752
2022-10-03 08:33:24,32,37,3632.0,5789
2022-10-03 08:33:25,11,-3,3632.0,5786
2022-10-03 08:33:26,1,1,3631.75,5787
2022-10-03 08:33:27,38,-30,3631.75,5757
2022-10-03 08:33:28,85,-22,3631.0,5735
2022-10-03 08:33:29,140,151,3632.0,5886
2022-10-03 08:33:30,4,0,3631.25,5886
2022-10-03 08:33:31,8,5,3631.25,5891
2022-10-03 08:33:32,68,31,3631.75,5922
2022-10-03 08:33:33,29,-9,3631.5,5913
2022-10-03 08:33:34,6,-4,3631.5,5909
2022-10-03 08:33:35,12,-2,3631.5,5907
2022-10-03 08:33:36,34,8,3631.5,5915
2022-10-03 08:33:37,5,-3,3631.5,5912
2022-10-03 08:33:38,19,-7,3631.25,5905
2022-10-03 08:33:39,85,-53,3631.25,5852
2022-10-03 08:33:40,13,-7,3630.75,5845
2022-10-03 08:33:41,11,-3,3631.0,5842
2022-10-03 08:33:42,21,-7,3631.0,5835
2022-10-03 08:33:43,18,-1,3630.75,5834
2022-10-03 08:33:44,33,-12,3630.5,5822
2022-10-03 08:33:45,6,-6,3630.25,5816
2022-10-03 08:33:46,2,-2,3630.25,5814
2022-10-03 08:33:47,1,1,3630.5,5815
2022-10-03 08:33:48,54,21,3630.75,5836
2022-10-03 08:33:49,93,13,3631.25,5849
2022-10-03 08:33:50,6,-4,3631.25,5845
2022-10-03 08:33:51,1,-1,3631.0,5844
2022-10-03 08:33:52,27,14,3631.25,5858
2022-10-03 08:33:53,2,-2,3631.25,5856
2022-10-03 08:33:54,8,5,3631.5,5861
2022-10-03 08:33:55,18,17,3631.75,5878
2022-10-03 08:33:56,8,7,3631.75,5885
2022-10-03 08:33:57,26,-3,3631.75,5882
2022-10-03 08:33:58,10,-3,3631.75,5879
2022-10-03 08:33:59,18,11,3631.75,5890
2022-10-03 08:34:00,27,11,3632.0,5901
2022-10-03 08:34:01,18,1,3632.0,5902
2022-10-03 08:34:02,35,24,3632.25,5926
2022-10-03 08:34:03,6,4,3632.25,5930
2022-10-03 08:34:04,7,-1,3632.0,5929
2022-10-03 08:34:05,9,-3,3631.75,5926
2022-10-03 08:34:06,11,-3,3631.75,5923
2022-10-03 08:34:07,8,2,3632.0,5925
2022-10-03 08:34:08,36,31,3632.0,5956
2022-10-03 08:34:09,7,-6,3631.75,5950
2022-10-03 08:34:10,143,52,3632.25,6002
2022-10-03 08:34:11,24,10,3632.0,6012
2022-10-03 08:34:13,43,20,3632.5,6032
2022-10-03 08:34:14,26,16,3632.75,6048
2022-10-03 08:34:15,40,2,3632.75,6050
2022-10-03 08:34:16,2,-2,3632.5,6048
2022-10-03 08:34:17,153,110,3633.25,6158
2022-10-03 08:34:18,51,-20,3632.5,6138
2022-10-03 08:34:19,5,5,3632.5,6143
2022-10-03 08:34:20,9,0,3632.5,6143
2022-10-03 08:34:21,9,-9,3632.0,6134
2022-10-03 08:34:22,33,-32,3632.25,6102
2022-10-03 08:34:23,18,-4,3632.25,6098
2022-10-03 08:34:24,38,-15,3632.0,6083
2022-10-03 08:34:25,22,-8,3631.75,6075
2022-10-03 08:34:26,21,-14,3631.75,6061
2022-10-03 08:34:27,89,-37,3631.25,6024
2022-10-03 08:34:28,13,1,3630.75,6025
2022-10-03 08:34:29,30,0,3630.75,6025
2022-10-03 08:34:30,17,-13,3630.5,6012
2022-10-03 08:34:31,23,18,3630.5,6030
2022-10-03 08:34:32,17,10,3630.75,6040
2022-10-03 08:34:33,2,0,3631.0,6040
2022-10-03 08:34:34,12,-12,3630.75,6028
2022-10-03 08:34:35,4,-2,3631.0,6026
2022-10-03 08:34:36,100,105,3631.5,6131
2022-10-03 08:34:37,14,2,3631.75,6133
2022-10-03 08:34:38,16,-7,3631.75,6126
2022-10-03 08:34:40,1,1,3631.75,6127
2022-10-03 08:34:41,24,1,3631.5,6128
2022-10-03 08:34:43,9,9,3631.5,6137
2022-10-03 08:34:44,12,-6,3631.25,6131
2022-10-03 08:34:45,20,-19,3631.0,6112
2022-10-03 08:34:46,11,-7,3630.75,6105
2022-10-03 08:34:47,1,-1,3630.5,6104
2022-10-03 08:34:48,13,11,3631.0,6115
2022-10-03 08:34:49,23,-5,3631.0,6110
2022-10-03 08:34:50,8,5,3630.75,6115
2022-10-03 08:34:51,3,-3,3630.75,6112
2022-10-03 08:34:52,13,9,3631.0,6121
2022-10-03 08:34:53,2,0,3631.0,6121
2022-10-03 08:34:54,9,2,3631.0,6123
2022-10-03 08:34:55,9,1,3631.0,6124
2022-10-03 08:34:56,8,-6,3631.0,6118
2022-10-03 08:34:57,1,-1,3630.75,6117
2022-10-03 08:34:58,11,11,3631.0,6128
2022-10-03 08:34:59,9,7,3631.25,6135
2022-10-03 08:35:00,45,-22,3631.25,6113
2022-10-03 08:35:01,22,15,3631.25,6128
2022-10-03 08:35:03,4,4,3631.25,6132
2022-10-03 08:35:04,5,-3,3631.25,6129
2022-10-03 08:35:05,6,-6,3631.25,6123
2022-10-03 08:35:06,23,-6,3631.25,6117
2022-10-03 08:35:08,25,-7,3631.0,6110
2022-10-03 08:35:09,20,13,3631.25,6123
2022-10-03 08:35:12,16,5,3631.0,6128
2022-10-03 08:35:13,15,-10,3630.75,6118
2022-10-03 08:35:14,3,3,3630.75,6121
2022-10-03 08:35:15,1,1,3630.75,6122
2022-10-03 08:35:16,94,-52,3630.75,6070
2022-10-03 08:35:17,29,5,3630.75,6075
2022-10-03 08:35:18,21,-4,3630.75,6071
2022-10-03 08:35:19,3,-3,3630.5,6068
2022-10-03 08:35:20,1,-1,3630.5,6067
2022-10-03 08:35:21,8,0,3630.75,6067
2022-10-03 08:35:22,6,-2,3630.75,6065
2022-10-03 08:35:23,14,-9,3630.75,6056
2022-10-03 08:35:24,3,1,3630.5,6057
2022-10-03 08:35:25,21,8,3630.75,6065
2022-10-03 08:35:26,6,-6,3630.75,6059
2022-10-03 08:35:27,12,-4,3630.5,6055
2022-10-03 08:35:28,1,-1,3630.25,6054
2022-10-03 08:35:29,9,-1,3630.25,6053
2022-10-03 08:35:30,13,-5,3630.25,6048
2022-10-03 08:35:31,9,9,3630.25,6057
2022-10-03 08:35:32,8,-2,3630.25,6055
2022-10-03 08:35:33,7,-7,3630.25,6048
2022-10-03 08:35:34,9,9,3630.5,6057
2022-10-03 08:35:35,10,10,3630.75,6067
2022-10-03 08:35:36,7,-5,3630.75,6062
2022-10-03 08:35:38,1,-1,3630.5,6061
2022-10-03 08:35:39,11,-5,3630.75,6056
2022-10-03 08:35:40,1,-1,3630.75,6055
2022-10-03 08:35:41,3,-3,3630.75,6052
2022-10-03 08:35:42,8,0,3630.75,6052
2022-10-03 08:35:44,6,-1,3630.75,6051
2022-10-03 08:35:45,12,-8,3630.5,6043
2022-10-03 08:35:47,2,2,3630.75,6045
2022-10-03 08:35:48,7,-4,3630.5,6041
2022-10-03 08:35:49,60,-49,3630.25,5992
2022-10-03 08:35:50,245,-102,3630.25,5890
2022-10-03 08:35:51,17,3,3629.75,5893
2022-10-03 08:35:52,27,-12,3629.75,5881
2022-10-03 08:35:53,32,-3,3629.25,5878
2022-10-03 08:35:54,293,18,3629.25,5896
2022-10-03 08:35:55,13,-7,3629.0,5889
2022-10-03 08:35:56,13,-5,3629.0,5884
2022-10-03 08:35:57,3,-1,3629.0,5883
2022-10-03 08:35:58,13,-10,3628.75,5873
2022-10-03 08:35:59,48,-42,3628.75,5831
2022-10-03 08:36:00,17,6,3628.75,5837
2022-10-03 08:36:01,11,-11,3628.75,5826
2022-10-03 08:36:02,17,11,3629.25,5837
2022-10-03 08:36:03,4,2,3629.25,5839
2022-10-03 08:36:04,5,2,3629.25,5841
2022-10-03 08:36:05,15,-13,3629.25,5828
2022-10-03 08:36:06,20,12,3629.25,5840
2022-10-03 08:36:07,25,15,3629.5,5855
2022-10-03 08:36:08,47,1,3630.0,5856
2022-10-03 08:36:09,22,2,3630.25,5858
2022-10-03 08:36:10,1,-1,3630.0,5857
2022-10-03 08:36:11,14,-10,3630.25,5847
2022-10-03 08:36:12,1,-1,3630.0,5846
2022-10-03 08:36:13,9,8,3630.25,5854
2022-10-03 08:36:15,11,-3,3630.25,5851
2022-10-03 08:36:17,29,-7,3630.5,5844
2022-10-03 08:36:18,8,-5,3630.25,5839
2022-10-03 08:36:19,36,1,3630.0,5840
2022-10-03 08:36:20,36,-20,3630.0,5820
2022-10-03 08:36:21,6,0,3629.75,5820
2022-10-03 08:36:22,14,2,3629.75,5822
2022-10-03 08:36:23,9,9,3629.75,5831
2022-10-03 08:36:24,9,-1,3630.0,5830
2022-10-03 08:36:25,8,6,3630.0,5836
2022-10-03 08:36:26,5,-3,3630.0,5833
2022-10-03 08:36:27,5,-1,3630.0,5832
2022-10-03 08:36:28,28,-12,3629.75,5820
2022-10-03 08:36:29,2,2,3629.5,5822
2022-10-03 08:36:30,24,9,3629.5,5831
2022-10-03 08:36:31,19,-11,3629.25,5820
2022-10-03 08:36:32,20,-5,3629.25,5815
2022-10-03 08:36:33,15,7,3629.5,5822
2022-10-03 08:36:34,7,-1,3629.5,5821
2022-10-03 08:36:36,17,-8,3629.5,5813
2022-10-03 08:36:38,9,-9,3629.5,5804
2022-10-03 08:36:39,25,9,3629.75,5813
2022-10-03 08:36:41,1,1,3630.0,5814
2022-10-03 08:36:42,5,5,3630.0,5819
2022-10-03 08:36:43,2,0,3630.0,5819
2022-10-03 08:36:44,26,-11,3629.75,5808
2022-10-03 08:36:45,4,-4,3629.25,5804
2022-10-03 08:36:46,3,1,3629.5,5805
2022-10-03 08:36:47,4,-4,3629.5,5801
2022-10-03 08:36:48,22,-11,3629.25,5790
2022-10-03 08:36:49,11,11,3629.25,5801
2022-10-03 08:36:50,7,-6,3629.25,5795
2022-10-03 08:36:51,3,3,3629.25,5798
2022-10-03 08:36:52,63,-21,3629.25,5777
2022-10-03 08:36:53,8,4,3628.75,5781
2022-10-03 08:36:54,5,5,3629.0,5786
2022-10-03 08:36:55,5,5,3629.0,5791
2022-10-03 08:36:56,17,-5,3629.0,5786
2022-10-03 08:36:57,5,-3,3629.0,5783
2022-10-03 08:36:58,3,-1,3629.0,5782
2022-10-03 08:36:59,6,6,3629.25,5788
2022-10-03 08:37:00,23,-10,3629.25,5778
2022-10-03 08:37:02,14,-3,3629.25,5775
2022-10-03 08:37:03,4,-2,3629.25,5773
2022-10-03 08:37:05,10,-6,3629.25,5767
2022-10-03 08:37:06,15,-7,3628.75,5760
2022-10-03 08:37:07,7,-1,3629.0,5759
2022-10-03 08:37:08,2,-2,3629.0,5757
2022-10-03 08:37:09,5,-4,3629.0,5753
2022-10-03 08:37:10,1,1,3629.0,5754
2022-10-03 08:37:11,22,1,3629.25,5755
2022-10-03 08:37:12,35,-2,3629.25,5753
2022-10-03 08:37:15,4,-4,3628.75,5749
2022-10-03 08:37:16,22,11,3628.75,5760
2022-10-03 08:37:17,12,-4,3628.75,5756
2022-10-03 08:37:18,7,-5,3628.5,5751
2022-10-03 08:37:19,39,-8,3628.25,5743
2022-10-03 08:37:20,20,-18,3628.0,5725
2022-10-03 08:37:21,17,10,3628.25,5735
2022-10-03 08:37:22,14,0,3628.0,5735
2022-10-03 08:37:23,14,9,3628.0,5744
2022-10-03 08:37:24,16,1,3628.0,5745
2022-10-03 08:37:25,65,-25,3628.25,5720
2022-10-03 08:37:28,2,-2,3628.0,5718
2022-10-03 08:37:29,1,1,3628.25,5719
2022-10-03 08:37:30,25,12,3628.25,5731
2022-10-03 08:37:31,13,-11,3628.25,5720
2022-10-03 08:37:36,83,-17,3628.25,5703
2022-10-03 08:37:38,6,3,3628.25,5706
2022-10-03 08:37:40,40,-9,3628.25,5697
2022-10-03 08:37:41,3,3,3628.25,5700
2022-10-03 08:37:43,28,5,3628.25,5705
2022-10-03 08:37:44,10,-1,3628.25,5704
2022-10-03 08:37:45,33,-13,3628.25,5691
2022-10-03 08:37:47,27,6,3628.25,5697
2022-10-03 08:37:48,74,-33,3628.0,5664
2022-10-03 08:37:50,51,-13,3627.75,5651
2022-10-03 08:37:51,12,-10,3627.75,5641
2022-10-03 08:37:52,4,-3,3627.5,5638
2022-10-03 08:37:53,58,-6,3628.0,5632
2022-10-03 08:37:54,4,-2,3628.0,5630
2022-10-03 08:37:55,11,4,3628.0,5634
2022-10-03 08:37:56,4,4,3628.5,5638
2022-10-03 08:37:57,84,38,3628.75,5676
2022-10-03 08:37:58,70,23,3629.0,5699
2022-10-03 08:37:59,9,0,3628.5,5699
2022-10-03 08:38:00,19,19,3628.75,5718
2022-10-03 08:38:01,46,21,3629.25,5739
2022-10-03 08:38:02,6,-3,3629.0,5736
2022-10-03 08:38:03,32,-5,3629.0,5731
2022-10-03 08:38:04,1,1,3629.0,5732
2022-10-03 08:38:05,6,6,3629.0,5738
2022-10-03 08:38:06,20,0,3629.0,5738
2022-10-03 08:38:07,11,6,3629.25,5744
2022-10-03 08:38:08,10,-9,3629.25,5735
2022-10-03 08:38:09,1,-1,3629.0,5734
2022-10-03 08:38:10,7,7,3629.25,5741
2022-10-03 08:38:11,16,-9,3629.0,5732
2022-10-03 08:38:12,1,1,3629.0,5733
2022-10-03 08:38:13,12,-6,3629.0,5727
2022-10-03 08:38:15,10,2,3629.25,5729
2022-10-03 08:38:16,2,2,3629.25,5731
2022-10-03 08:38:17,2,-2,3629.0,5729
2022-10-03 08:38:18,8,-6,3629.0,5723
2022-10-03 08:38:19,16,-7,3629.0,5716
2022-10-03 08:38:20,14,-7,3628.75,5709
2022-10-03 08:38:21,8,8,3628.75,5717
2022-10-03 08:38:22,4,-4,3628.75,5713
2022-10-03 08:38:23,17,-4,3628.75,5709
2022-10-03 08:38:24,23,26,3629.0,5735
2022-10-03 08:38:25,12,4,3628.75,5739
2022-10-03 08:38:27,11,1,3629.0,5740
2022-10-03 08:38:28,12,4,3629.25,5744
2022-10-03 08:38:29,5,-3,3629.25,5741
2022-10-03 08:38:30,39,18,3629.5,5759
2022-10-03 08:38:31,10,3,3629.75,5762
2022-10-03 08:38:32,1,-1,3629.5,5761
2022-10-03 08:38:33,14,-14,3629.5,5747
2022-10-03 08:38:36,2,2,3629.25,5749
2022-10-03 08:38:37,18,-14,3629.0,5735
2022-10-03 08:38:38,20,-14,3628.75,5721
2022-10-03 08:38:40,7,-5,3628.75,5716
2022-10-03 08:38:41,1,-1,3628.5,5715
2022-10-03 08:38:42,10,7,3628.75,5722
2022-10-03 08:38:44,18,8,3629.0,5730
2022-10-03 08:38:45,1,-1,3629.0,5729
2022-10-03 08:38:47,4,4,3629.25,5733
2022-10-03 08:38:48,8,-4,3629.25,5729
2022-10-03 08:38:49,51,23,3630.0,5752
2022-10-03 08:38:50,8,6,3630.0,5758
2022-10-03 08:38:52,28,-9,3630.0,5749
2022-10-03 08:38:53,2,2,3630.0,5751
2022-10-03 08:38:55,1,-1,3629.75,5750
2022-10-03 08:38:56,22,-15,3629.75,5735
2022-10-03 08:38:57,15,17,3630.0,5752
2022-10-03 08:38:58,4,-3,3629.75,5749
2022-10-03 08:39:00,27,9,3630.5,5758
2022-10-03 08:39:01,33,-25,3630.25,5733
2022-10-03 08:39:02,36,1,3630.0,5734
2022-10-03 08:39:03,2,2,3630.0,5736
2022-10-03 08:39:04,1,-1,3629.75,5735
2022-10-03 08:39:05,10,0,3630.25,5735
2022-10-03 08:39:06,16,-4,3630.0,5731
2022-10-03 08:39:07,2,2,3630.0,5733
2022-10-03 08:39:08,1,-1,3630.0,5732
2022-10-03 08:39:09,14,10,3630.25,5742
2022-10-03 08:39:10,18,0,3630.5,5742
2022-10-03 08:39:11,17,-13,3630.25,5729
2022-10-03 08:39:12,74,-30,3630.0,5699
2022-10-03 08:39:13,40,-2,3629.75,5697
2022-10-03 08:39:14,6,-6,3629.75,5691
2022-10-03 08:39:15,9,-1,3630.0,5690
2022-10-03 08:39:16,11,1,3629.5,5691
2022-10-03 08:39:17,13,-7,3629.25,5684
2022-10-03 08:39:18,10,2,3629.5,5686
2022-10-03 08:39:19,12,-4,3629.5,5682
2022-10-03 08:39:20,9,-4,3629.5,5678
2022-10-03 08:39:21,25,11,3629.25,5689
2022-10-03 08:39:22,18,9,3629.5,5698
2022-10-03 08:39:23,2,0,3629.5,5698
2022-10-03 08:39:25,9,3,3629.5,5701
2022-10-03 08:39:26,8,-8,3629.5,5693
2022-10-03 08:39:27,1,-1,3629.25,5692
2022-10-03 08:39:28,13,-6,3629.5,5686
2022-10-03 08:39:29,28,-14,3629.5,5672
2022-10-03 08:39:31,2,0,3629.75,5672
2022-10-03 08:39:32,13,-5,3629.5,5667
2022-10-03 08:39:34,5,-1,3629.25,5666
2022-10-03 08:39:35,14,-10,3629.25,5656
2022-10-03 08:39:37,41,-15,3629.0,5641
2022-10-03 08:39:38,2,-2,3629.0,5639
2022-10-03 08:39:40,13,11,3629.0,5650
2022-10-03 08:39:41,8,3,3629.25,5653
2022-10-03 08:39:42,8,-6,3629.25,5647
2022-10-03 08:39:43,10,3,3629.25,5650
2022-10-03 08:39:47,3,-1,3629.5,5649
2022-10-03 08:39:49,22,0,3629.5,5649
2022-10-03 08:39:50,24,-23,3629.25,5626
2022-10-03 08:39:51,13,-8,3628.75,5618
2022-10-03 08:39:53,17,-13,3628.75,5605
2022-10-03 08:39:54,2,-2,3628.75,5603
2022-10-03 08:39:56,13,-1,3628.5,5602
2022-10-03 08:39:57,5,-5,3628.5,5597
2022-10-03 08:39:59,1,-1,3628.5,5596
2022-10-03 08:40:00,22,-8,3628.75,5588
2022-10-03 08:40:01,14,9,3628.5,5597
2022-10-03 08:40:02,8,6,3628.75,5603
2022-10-03 08:40:03,12,-12,3628.5,5591
2022-10-03 08:40:04,4,1,3628.5,5592
2022-10-03 08:40:05,1,1,3628.5,5593
2022-10-03 08:40:06,6,6,3628.5,5599
2022-10-03 08:40:07,2,-2,3628.5,5597
2022-10-03 08:40:09,1,-1,3628.5,5596
2022-10-03 08:40:10,1,-1,3628.5,5595
2022-10-03 08:40:11,28,14,3629.25,5609
2022-10-03 08:40:12,51,-46,3629.25,5563
2022-10-03 08:40:14,17,12,3629.0,5575
2022-10-03 08:40:15,8,-1,3629.0,5574
2022-10-03 08:40:17,1,1,3629.0,5575
2022-10-03 08:40:18,16,-12,3628.75,5563
2022-10-03 08:40:19,24,3,3628.75,5566
2022-10-03 08:40:20,16,10,3628.75,5576
2022-10-03 08:40:21,24,-13,3628.75,5563
2022-10-03 08:40:22,15,11,3629.0,5574
2022-10-03 08:40:23,2,0,3629.25,5574
2022-10-03 08:40:27,1,-1,3629.0,5573
2022-10-03 08:40:28,11,-9,3629.0,5564
2022-10-03 08:40:30,42,-37,3629.0,5527
2022-10-03 08:40:31,3,3,3628.75,5530
2022-10-03 08:40:32,17,10,3629.0,5540
2022-10-03 08:40:36,13,-1,3629.25,5539
2022-10-03 08:40:37,2,2,3629.5,5541
2022-10-03 08:40:38,21,-1,3629.5,5540
2022-10-03 08:40:39,2,2,3629.5,5542
2022-10-03 08:40:42,18,-7,3629.25,5535
2022-10-03 08:40:43,3,-1,3629.25,5534
2022-10-03 08:40:44,2,0,3629.5,5534
2022-10-03 08:40:45,1,-1,3629.25,5533
2022-10-03 08:40:46,2,0,3629.5,5533
2022-10-03 08:40:47,4,4,3629.25,5537
2022-10-03 08:40:48,5,-3,3629.25,5534
2022-10-03 08:40:51,5,5,3629.25,5539
2022-10-03 08:40:53,5,5,3629.25,5544
2022-10-03 08:40:54,2,-2,3629.0,5542
2022-10-03 08:40:56,16,-15,3629.0,5527
2022-10-03 08:40:58,24,14,3629.75,5541
2022-10-03 08:40:59,1,1,3629.75,5542
2022-10-03 08:41:00,150,40,3630.5,5582
2022-10-03 08:41:01,24,-7,3630.5,5575
2022-10-03 08:41:02,18,-12,3630.25,5563
2022-10-03 08:41:03,2,0,3630.0,5563
2022-10-03 08:41:04,67,-22,3629.75,5541
2022-10-03 08:41:05,20,-6,3629.0,5535
2022-10-03 08:41:06,21,16,3629.25,5551
2022-10-03 08:41:07,5,-1,3629.5,5550
2022-10-03 08:41:08,3,-3,3629.25,5547
2022-10-03 08:41:09,6,-4,3629.25,5543
2022-10-03 08:41:11,7,-5,3629.5,5538
2022-10-03 08:41:12,5,4,3629.75,5542
2022-10-03 08:41:13,6,6,3630.25,5548
2022-10-03 08:41:14,19,8,3630.5,5556
2022-10-03 08:41:15,24,9,3630.75,5565
2022-10-03 08:41:16,10,-7,3630.25,5558
2022-10-03 08:41:17,2,0,3630.5,5558
2022-10-03 08:41:18,19,-13,3630.25,5545
2022-10-03 08:41:19,4,0,3630.25,5545
2022-10-03 08:41:20,1,1,3630.25,5546
2022-10-03 08:41:22,18,18,3630.5,5564
2022-10-03 08:41:23,9,-5,3630.5,5559
2022-10-03 08:41:24,24,-3,3630.5,5556
2022-10-03 08:41:26,1,-1,3630.0,5555
2022-10-03 08:41:27,5,5,3630.25,5560
2022-10-03 08:41:28,31,10,3630.5,5570
2022-10-03 08:41:30,49,9,3631.0,5579
2022-10-03 08:41:31,10,6,3630.75,5585
2022-10-03 08:41:32,6,4,3630.75,5589
2022-10-03 08:41:35,6,2,3630.75,5591
2022-10-03 08:41:36,21,2,3631.0,5593
2022-10-03 08:41:37,2,-2,3630.75,5591
2022-10-03 08:41:38,23,7,3631.0,5598
2022-10-03 08:41:43,109,63,3631.25,5661
2022-10-03 08:41:44,14,-1,3631.25,5660
2022-10-03 08:41:45,2,-2,3631.25,5658
2022-10-03 08:41:46,11,-7,3631.25,5651
2022-10-03 08:41:47,37,0,3631.25,5651
2022-10-03 08:41:48,18,-4,3631.25,5647
2022-10-03 08:41:49,11,5,3631.25,5652
2022-10-03 08:41:50,16,14,3631.5,5666
2022-10-03 08:41:51,15,-12,3631.25,5654
2022-10-03 08:41:53,7,3,3631.0,5657
2022-10-03 08:41:54,27,-1,3631.25,5656
2022-10-03 08:41:56,11,-4,3630.75,5652
2022-10-03 08:41:57,6,2,3630.75,5654
2022-10-03 08:41:58,44,60,3631.5,5714
2022-10-03 08:42:00,24,3,3631.25,5717
2022-10-03 08:42:01,231,161,3632.0,5878
2022-10-03 08:42:02,30,9,3631.5,5887
2022-10-03 08:42:04,25,-2,3631.5,5885
2022-10-03 08:42:06,32,5,3631.5,5890
2022-10-03 08:42:07,120,38,3632.25,5928
2022-10-03 08:42:08,18,-9,3632.25,5919
2022-10-03 08:42:09,47,25,3632.0,5944
2022-10-03 08:42:10,15,-7,3631.75,5937
2022-10-03 08:42:11,40,7,3631.25,5944
2022-10-03 08:42:12,1,1,3631.25,5945
2022-10-03 08:42:13,9,-3,3631.25,5942
2022-10-03 08:42:15,24,14,3631.5,5956
2022-10-03 08:42:16,1,1,3631.5,5957
2022-10-03 08:42:17,3,-3,3631.25,5954
2022-10-03 08:42:18,6,6,3631.25,5960
2022-10-03 08:42:19,13,1,3631.75,5961
2022-10-03 08:42:20,7,3,3631.5,5964
2022-10-03 08:42:21,2,-2,3631.25,5962
2022-10-03 08:42:22,13,0,3631.25,5962
2022-10-03 08:42:23,10,-2,3631.25,5960
2022-10-03 08:42:24,22,7,3631.5,5967
2022-10-03 08:42:25,7,-3,3631.5,5964
2022-10-03 08:42:26,11,1,3631.5,5965
2022-10-03 08:42:29,6,-2,3631.25,5963
2022-10-03 08:42:30,77,76,3631.75,6039
2022-10-03 08:42:31,1,-1,3631.5,6038
2022-10-03 08:42:32,25,7,3631.75,6045
2022-10-03 08:42:33,18,-8,3631.75,6037
2022-10-03 08:42:34,10,-2,3631.75,6035
2022-10-03 08:42:35,1,1,3631.75,6036
2022-10-03 08:42:36,30,2,3632.25,6038
2022-10-03 08:42:37,4,3,3632.0,6041
2022-10-03 08:42:38,16,-8,3631.75,6033
2022-10-03 08:42:39,1,1,3632.0,6034
2022-10-03 08:42:40,121,20,3632.25,6054
2022-10-03 08:42:42,42,-19,3632.0,6035
2022-10-03 08:42:43,8,-4,3631.75,6031
2022-10-03 08:42:44,4,-2,3631.75,6029
2022-10-03 08:42:45,53,33,3632.25,6062
2022-10-03 08:42:46,17,5,3632.0,6067
2022-10-03 08:42:48,140,48,3632.75,6115
2022-10-03 08:42:49,83,31,3633.0,6146
2022-10-03 08:42:50,411,-88,3634.0,6058
2022-10-03 08:42:51,64,-36,3633.5,6022
2022-10-03 08:42:52,27,-9,3633.5,6013
2022-10-03 08:42:53,4,2,3633.5,6015
2022-10-03 08:42:54,7,-1,3633.5,6014
2022-10-03 08:42:55,48,22,3633.75,6036
2022-10-03 08:42:56,2,0,3633.5,6036
2022-10-03 08:42:57,2,0,3633.5,6036
2022-10-03 08:42:58,37,-2,3633.5,6034
2022-10-03 08:42:59,71,18,3633.5,6052
2022-10-03 08:43:00,25,-8,3633.25,6044
2022-10-03 08:43:01,202,96,3634.0,6140
2022-10-03 08:43:02,84,-6,3633.5,6134
2022-10-03 08:43:03,2,-2,3632.75,6132
2022-10-03 08:43:04,65,-35,3632.75,6097
2022-10-03 08:43:05,32,-6,3632.25,6091
2022-10-03 08:43:06,88,8,3632.25,6099
2022-10-03 08:43:07,14,9,3632.25,6108
2022-10-03 08:43:08,11,3,3632.75,6111
2022-10-03 08:43:09,22,-10,3633.0,6101
2022-10-03 08:43:10,11,-9,3632.5,6092
2022-10-03 08:43:11,20,8,3632.75,6100
2022-10-03 08:43:12,16,8,3632.75,6108
2022-10-03 08:43:13,20,-2,3632.25,6106
2022-10-03 08:43:15,32,-17,3632.25,6089
2022-10-03 08:43:16,10,-8,3632.25,6081
2022-10-03 08:43:17,11,-4,3632.0,6077
2022-10-03 08:43:18,6,-5,3632.0,6072
2022-10-03 08:43:19,10,2,3632.0,6074
2022-10-03 08:43:20,96,-26,3632.25,6048
2022-10-03 08:43:21,121,-29,3632.0,6019
2022-10-03 08:43:22,18,0,3631.75,6019
2022-10-03 08:43:23,69,-26,3631.5,5993
2022-10-03 08:43:24,27,12,3631.75,6005
2022-10-03 08:43:26,1,1,3631.75,6006
2022-10-03 08:43:27,35,-11,3631.75,5995
2022-10-03 08:43:28,4,3,3632.0,5998
2022-10-03 08:43:29,7,7,3632.0,6005
2022-10-03 08:43:30,15,-8,3632.0,5997
2022-10-03 08:43:33,9,9,3632.0,6006
2022-10-03 08:43:34,2,0,3632.0,6006
2022-10-03 08:43:35,1,1,3632.0,6007
2022-10-03 08:43:36,5,5,3632.0,6012
2022-10-03 08:43:37,12,2,3632.0,6014
2022-10-03 08:43:38,8,6,3632.0,6020
2022-10-03 08:43:39,13,5,3632.5,6025
2022-10-03 08:43:41,18,-7,3632.5,6018
2022-10-03 08:43:43,12,7,3632.25,6025
2022-10-03 08:43:46,16,2,3632.75,6027
2022-10-03 08:43:47,8,-6,3632.5,6021
2022-10-03 08:43:48,68,42,3633.25,6063
2022-10-03 08:43:49,9,9,3633.25,6072
2022-10-03 08:43:51,23,-12,3633.0,6060
2022-10-03 08:43:52,8,8,3633.0,6068
2022-10-03 08:43:53,46,-16,3633.0,6052
2022-10-03 08:43:54,10,-10,3632.25,6042
2022-10-03 08:43:55,13,5,3632.25,6047
2022-10-03 08:43:56,10,-4,3632.25,6043
2022-10-03 08:43:57,95,-5,3632.0,6038
2022-10-03 08:43:59,11,-5,3631.75,6033
2022-10-03 08:44:00,52,-2,3632.0,6031
2022-10-03 08:44:01,24,18,3632.5,6049
2022-10-03 08:44:02,22,-3,3632.25,6046
2022-10-03 08:44:03,33,24,3632.75,6070
2022-10-03 08:44:04,10,-9,3632.25,6061
2022-10-03 08:44:05,1,-1,3632.0,6060
2022-10-03 08:44:06,10,4,3632.25,6064
2022-10-03 08:44:07,27,3,3632.25,6067
2022-10-03 08:44:08,2,0,3632.25,6067
2022-10-03 08:44:09,15,11,3632.5,6078
2022-10-03 08:44:10,8,8,3632.5,6086
2022-10-03 08:44:11,1,1,3632.75,6087
2022-10-03 08:44:12,9,-6,3632.75,6081
2022-10-03 08:44:13,8,4,3632.5,6085
2022-10-03 08:44:14,14,3,3632.5,6088
2022-10-03 08:44:15,2,-2,3632.25,6086
2022-10-03 08:44:17,1,1,3632.5,6087
2022-10-03 08:44:18,5,-3,3632.25,6084
2022-10-03 08:44:19,34,7,3632.0,6091
2022-10-03 08:44:20,24,11,3632.25,6102
2022-10-03 08:44:21,20,1,3632.0,6103
2022-10-03 08:44:22,51,65,3632.5,6168
2022-10-03 08:44:23,9,3,3632.25,6171
2022-10-03 08:44:24,4,-4,3632.25,6167
2022-10-03 08:44:25,10,-4,3632.5,6163
2022-10-03 08:44:27,5,1,3632.5,6164
2022-10-03 08:44:28,4,2,3632.25,6166
2022-10-03 08:44:29,6,4,3632.5,6170
2022-10-03 08:44:31,75,-35,3632.5,6135
2022-10-03 08:44:32,1,1,3631.75,6136
2022-10-03 08:44:33,2,0,3631.75,6136
2022-10-03 08:44:34,15,7,3631.75,6143
2022-10-03 08:44:35,11,-9,3631.5,6134
2022-10-03 08:44:36,23,2,3631.5,6136
2022-10-03 08:44:38,2,-2,3631.5,6134
2022-10-03 08:44:39,5,-5,3631.5,6129
2022-10-03 08:44:40,3,3,3631.5,6132
2022-10-03 08:44:41,5,5,3631.5,6137
2022-10-03 08:44:43,1,-1,3631.5,6136
2022-10-03 08:44:44,1,-1,3631.5,6135
2022-10-03 08:44:45,7,-7,3631.5,6128
2022-10-03 08:44:46,16,11,3632.0,6139
2022-10-03 08:44:47,11,10,3632.0,6149
2022-10-03 08:44:48,1,-1,3632.0,6148
2022-10-03 08:44:49,20,-20,3632.0,6128
2022-10-03 08:44:50,9,9,3632.25,6137
2022-10-03 08:44:51,4,0,3632.25,6137
2022-10-03 08:44:52,63,-7,3632.5,6130
2022-10-03 08:44:53,4,-4,3632.25,6126
2022-10-03 08:44:54,2,-2,3632.25,6124
2022-10-03 08:44:55,2,2,3632.25,6126
2022-10-03 08:44:56,17,1,3632.5,6127
2022-10-03 08:44:57,9,4,3632.75,6131
2022-10-03 08:44:58,114,10,3632.75,6141
2022-10-03 08:44:59,22,6,3632.75,6147
2022-10-03 08:45:00,37,13,3633.0,6160
2022-10-03 08:45:01,10,-6,3632.75,6154
2022-10-03 08:45:02,19,-1,3632.75,6153
2022-10-03 08:45:03,13,7,3632.75,6160
2022-10-03 08:45:04,77,63,3633.0,6223
2022-10-03 08:45:05,10,10,3633.0,6233
2022-10-03 08:45:06,31,2,3633.25,6235
2022-10-03 08:45:07,11,1,3633.25,6236
2022-10-03 08:45:08,7,3,3633.25,6239
2022-10-03 08:45:09,33,7,3633.5,6246
2022-10-03 08:45:10,32,11,3633.5,6257
2022-10-03 08:45:11,8,-3,3633.5,6254
2022-10-03 08:45:12,90,18,3633.75,6272
2022-10-03 08:45:13,113,63,3633.75,6335
2022-10-03 08:45:14,35,-3,3633.5,6332
2022-10-03 08:45:15,1,-1,3633.5,6331
2022-10-03 08:45:16,4,0,3633.75,6331
2022-10-03 08:45:17,25,10,3634.0,6341
2022-10-03 08:45:18,6,4,3634.0,6345
2022-10-03 08:45:19,34,-4,3634.25,6341
2022-10-03 08:45:20,17,-2,3634.25,6339
2022-10-03 08:45:21,102,4,3634.5,6343
2022-10-03 08:45:22,24,2,3634.25,6345
2022-10-03 08:45:23,8,-6,3634.25,6339
2022-10-03 08:45:24,3,0,3634.25,6339
2022-10-03 08:45:25,1,1,3634.25,6340
2022-10-03 08:45:26,245,-5,3634.25,6335
2022-10-03 08:45:27,13,9,3634.0,6344
2022-10-03 08:45:28,154,-17,3633.75,6327
2022-10-03 08:45:29,19,-10,3633.25,6317
2022-10-03 08:45:30,86,-15,3633.25,6302
2022-10-03 08:45:31,24,12,3633.5,6314
2022-10-03 08:45:32,2,-2,3633.25,6312
2022-10-03 08:45:33,17,1,3633.5,6313
2022-10-03 08:45:34,1,1,3633.5,6314
2022-10-03 08:45:35,171,-87,3633.25,6227
2022-10-03 08:45:36,6,-4,3632.75,6223
2022-10-03 08:45:37,17,-11,3632.75,6212
2022-10-03 08:45:38,13,9,3632.75,6221
2022-10-03 08:45:39,1,-1,3632.75,6220
2022-10-03 08:45:42,30,7,3633.0,6227
2022-10-03 08:45:43,13,3,3633.0,6230
2022-10-03 08:45:44,1,-1,3632.75,6229
2022-10-03 08:45:46,32,14,3633.25,6243
2022-10-03 08:45:47,4,0,3633.5,6243
2022-10-03 08:45:49,22,-7,3633.25,6236
2022-10-03 08:45:50,4,0,3633.25,6236
2022-10-03 08:45:51,5,4,3633.25,6240
2022-10-03 08:45:54,13,-13,3633.0,6227
2022-10-03 08:45:55,3,-3,3632.75,6224
2022-10-03 08:45:57,50,14,3633.0,6238
2022-10-03 08:45:58,5,-4,3633.0,6234
2022-10-03 08:45:59,2,2,3633.0,6236
2022-10-03 08:46:00,27,-7,3633.0,6229
2022-10-03 08:46:01,11,-5,3632.75,6224
2022-10-03 08:46:03,18,-14,3632.5,6210
2022-10-03 08:46:04,113,-34,3632.25,6176
2022-10-03 08:46:05,20,11,3632.25,6187
2022-10-03 08:46:06,14,10,3632.75,6197
2022-10-03 08:46:07,61,-19,3632.5,6178
2022-10-03 08:46:08,7,0,3632.5,6178
2022-10-03 08:46:09,3,-3,3632.5,6175
2022-10-03 08:46:10,8,-3,3632.5,6172
2022-10-03 08:46:12,15,-9,3632.5,6163
2022-10-03 08:46:13,9,9,3632.5,6172
2022-10-03 08:46:14,4,0,3632.75,6172
2022-10-03 08:46:15,3,-1,3632.75,6171
2022-10-03 08:46:17,13,-9,3632.5,6162
2022-10-03 08:46:19,42,15,3632.75,6177
2022-10-03 08:46:21,11,11,3633.0,6188
2022-10-03 08:46:22,58,-15,3633.25,6173
2022-10-03 08:46:23,11,-11,3632.75,6162
2022-10-03 08:46:25,23,-16,3632.75,6146
2022-10-03 08:46:26,6,6,3632.75,6152
2022-10-03 08:46:27,46,-9,3633.0,6143
2022-10-03 08:46:28,16,-12,3633.25,6131
2022-10-03 08:46:29,20,4,3632.75,6135
2022-10-03 08:46:30,9,-3,3632.75,6132
2022-10-03 08:46:31,5,1,3632.75,6133
2022-10-03 08:46:33,62,12,3633.25,6145
2022-10-03 08:46:34,32,-28,3633.25,6117
2022-10-03 08:46:36,6,-5,3633.25,6112
2022-10-03 08:46:37,42,11,3633.25,6123
2022-10-03 08:46:38,23,-20,3633.0,6103
2022-10-03 08:46:39,35,23,3633.25,6126
2022-10-03 08:46:41,5,-5,3633.0,6121
2022-10-03 08:46:42,15,0,3633.0,6121
2022-10-03 08:46:43,4,-4,3633.0,6117
2022-10-03 08:46:45,28,1,3633.25,6118
2022-10-03 08:46:46,6,5,3633.25,6123
2022-10-03 08:46:47,6,-4,3633.25,6119
2022-10-03 08:46:49,47,30,3633.5,6149
2022-10-03 08:46:50,9,4,3633.25,6153
2022-10-03 08:46:51,10,9,3633.5,6162
2022-10-03 08:46:52,2,1,3633.5,6163
2022-10-03 08:46:53,10,-7,3633.25,6156
2022-10-03 08:46:54,16,-8,3633.5,6148
2022-10-03 08:46:55,4,-2,3633.25,6146
2022-10-03 08:46:57,10,2,3633.25,6148
2022-10-03 08:46:58,1,-1,3633.25,6147
2022-10-03 08:46:59,72,49,3633.75,6196
2022-10-03 08:47:00,22,-14,3634.0,6182
2022-10-03 08:47:01,62,0,3634.0,6182
2022-10-03 08:47:02,41,-54,3634.0,6128
2022-10-03 08:47:03,15,-13,3633.5,6115
2022-10-03 08:47:04,20,-15,3633.25,6100
2022-10-03 08:47:05,34,-7,3633.5,6093
2022-10-03 08:47:06,8,-7,3633.5,6086
2022-10-03 08:47:08,19,8,3633.5,6094
2022-10-03 08:47:09,10,-8,3633.5,6086
2022-10-03 08:47:10,1,1,3633.5,6087
2022-10-03 08:47:11,31,-8,3633.25,6079
2022-10-03 08:47:12,5,-5,3633.0,6074
2022-10-03 08:47:13,64,-48,3633.0,6026
2022-10-03 08:47:14,19,0,3633.25,6026
2022-10-03 08:47:15,1,1,3633.25,6027
2022-10-03 08:47:16,22,10,3633.5,6037
2022-10-03 08:47:17,4,-4,3633.5,6033
2022-10-03 08:47:18,2,-2,3633.25,6031
2022-10-03 08:47:19,40,19,3633.75,6050
2022-10-03 08:47:20,27,-8,3633.75,6042
2022-10-03 08:47:21,19,0,3633.25,6042
2022-10-03 08:47:22,8,-2,3633.5,6040
2022-10-03 08:47:23,2,-2,3633.5,6038
2022-10-03 08:47:24,17,-7,3633.5,6031
2022-10-03 08:47:25,76,19,3633.75,6050
2022-10-03 08:47:27,22,-12,3633.5,6038
2022-10-03 08:47:28,1,-1,3633.25,6037
2022-10-03 08:47:29,8,4,3633.5,6041
2022-10-03 08:47:30,22,1,3633.75,6042
2022-10-03 08:47:31,46,15,3634.25,6057
2022-10-03 08:47:34,1,-1,3634.0,6056
2022-10-03 08:47:35,1,-1,3634.0,6055
2022-10-03 08:47:36,88,2,3634.25,6057
2022-10-03 08:47:38,46,-19,3634.0,6038
2022-10-03 08:47:39,21,10,3634.0,6048
2022-10-03 08:47:40,7,-1,3633.75,6047
2022-10-03 08:47:41,13,7,3634.0,6054
2022-10-03 08:47:42,9,8,3634.0,6062
2022-10-03 08:47:45,1,-1,3634.0,6061
2022-10-03 08:47:46,1,-1,3634.0,6060
2022-10-03 08:47:47,29,-14,3634.0,6046
2022-10-03 08:47:48,2,1,3634.0,6047
2022-10-03 08:47:50,90,42,3634.25,6089
2022-10-03 08:47:53,1,1,3634.25,6090
2022-10-03 08:47:54,39,-25,3634.0,6065
2022-10-03 08:47:57,18,3,3633.75,6068
2022-10-03 08:47:58,5,4,3633.75,6072
2022-10-03 08:47:59,3,-3,3633.5,6069
2022-10-03 08:48:00,20,-1,3634.0,6068
2022-10-03 08:48:01,1,-1,3633.75,6067
2022-10-03 08:48:02,4,-4,3633.75,6063
2022-10-03 08:48:03,6,3,3633.75,6066
2022-10-03 08:48:04,72,-19,3633.75,6047
2022-10-03 08:48:05,5,5,3633.75,6052
2022-10-03 08:48:06,4,-1,3633.75,6051
2022-10-03 08:48:07,7,3,3633.75,6054
2022-10-03 08:48:08,24,-12,3633.75,6042
2022-10-03 08:48:09,5,-5,3633.5,6037
2022-10-03 08:48:10,2,-2,3633.5,6035
2022-10-03 08:48:11,8,8,3633.75,6043
2022-10-03 08:48:12,14,9,3634.0,6052
2022-10-03 08:48:14,24,5,3634.25,6057
2022-10-03 08:48:15,14,-7,3634.25,6050
2022-10-03 08:48:16,70,-12,3634.5,6038
2022-10-03 08:48:17,20,-15,3634.0,6023
2022-10-03 08:48:18,12,-6,3634.25,6017
2022-10-03 08:48:19,13,7,3634.25,6024
2022-10-03 08:48:20,22,3,3634.25,6027
2022-10-03 08:48:21,148,64,3634.75,6091
2022-10-03 08:48:22,2,0,3634.75,6091
2022-10-03 08:48:23,68,11,3634.75,6102
2022-10-03 08:48:24,31,18,3635.0,6120
2022-10-03 08:48:25,31,-12,3635.0,6108
2022-10-03 08:48:26,8,4,3634.75,6112
2022-10-03 08:48:27,1,1,3634.75,6113
2022-10-03 08:48:28,1,-1,3634.5,6112
2022-10-03 08:48:29,1,1,3634.75,6113
2022-10-03 08:48:30,20,-4,3634.75,6109
2022-10-03 08:48:31,9,3,3634.75,6112
2022-10-03 08:48:32,43,22,3635.0,6134
2022-10-03 08:48:33,6,3,3635.0,6137
2022-10-03 08:48:34,29,-18,3634.75,6119
2022-10-03 08:48:35,15,4,3634.75,6123
2022-10-03 08:48:36,14,-9,3635.0,6114
2022-10-03 08:48:37,5,-3,3635.0,6111
2022-10-03 08:48:38,10,10,3634.75,6121
2022-10-03 08:48:39,10,7,3635.0,6128
2022-10-03 08:48:41,178,43,3635.0,6171
2022-10-03 08:48:42,99,12,3635.0,6183
2022-10-03 08:48:43,3,1,3635.0,6184
2022-10-03 08:48:45,10,-9,3634.75,6175
2022-10-03 08:48:46,2,-2,3634.75,6173
2022-10-03 08:48:47,56,-15,3634.75,6158
2022-10-03 08:48:48,1,1,3634.75,6159
2022-10-03 08:48:49,123,35,3635.0,6194
2022-10-03 08:48:50,80,21,3635.5,6215
2022-10-03 08:48:51,43,31,3635.5,6246
2022-10-03 08:48:52,3,1,3635.5,6247
2022-10-03 08:48:53,88,56,3635.5,6303
2022-10-03 08:48:54,9,-2,3635.5,6301
2022-10-03 08:48:55,1,-1,3635.25,6300
2022-10-03 08:48:56,31,-2,3635.5,6298
2022-10-03 08:48:57,43,30,3635.5,6328
2022-10-03 08:48:58,21,11,3635.5,6339
2022-10-03 08:48:59,70,31,3635.75,6370
2022-10-03 08:49:00,92,5,3636.0,6375
2022-10-03 08:49:01,72,36,3636.25,6411
2022-10-03 08:49:02,24,13,3636.25,6424
2022-10-03 08:49:03,1,-1,3636.0,6423
2022-10-03 08:49:04,13,9,3636.25,6432
2022-10-03 08:49:05,577,344,3637.75,6776
2022-10-03 08:49:06,46,5,3637.25,6781
2022-10-03 08:49:07,19,-9,3637.0,6772
2022-10-03 08:49:08,39,0,3637.0,6772
2022-10-03 08:49:09,84,-14,3637.0,6758
2022-10-03 08:49:10,23,10,3637.0,6768
2022-10-03 08:49:11,49,-19,3637.0,6749
2022-10-03 08:49:12,19,14,3637.25,6763
2022-10-03 08:49:13,59,-1,3637.5,6762
2022-10-03 08:49:14,144,15,3637.25,6777
2022-10-03 08:49:15,7,6,3637.0,6783
2022-10-03 08:49:16,2,2,3637.0,6785
2022-10-03 08:49:17,105,17,3637.25,6802
2022-10-03 08:49:18,4,-2,3637.25,6800
2022-10-03 08:49:20,43,-24,3637.25,6776
2022-10-03 08:49:21,92,41,3637.5,6817
2022-10-03 08:49:22,59,43,3637.75,6860
2022-10-03 08:49:23,78,-1,3637.25,6859
2022-10-03 08:49:24,14,-3,3637.25,6856
2022-10-03 08:49:25,33,10,3637.5,6866
2022-10-03 08:49:26,50,-30,3637.25,6836
2022-10-03 08:49:27,9,5,3637.25,6841
2022-10-03 08:49:28,178,95,3637.75,6936
2022-10-03 08:49:29,5,-3,3637.5,6933
2022-10-03 08:49:30,5,-4,3637.5,6929
2022-10-03 08:49:31,61,10,3638.0,6939
2022-10-03 08:49:32,41,-15,3637.75,6924
2022-10-03 08:49:33,3,3,3637.75,6927
2022-10-03 08:49:34,4,2,3637.75,6929
2022-10-03 08:49:35,52,-26,3637.5,6903
2022-10-03 08:49:36,1,-1,3637.25,6902
2022-10-03 08:49:37,47,18,3638.0,6920
2022-10-03 08:49:38,8,-6,3637.75,6914
2022-10-03 08:49:39,22,-16,3637.75,6898
2022-10-03 08:49:40,56,-27,3638.0,6871
2022-10-03 08:49:41,11,6,3638.0,6877
2022-10-03 08:49:42,143,27,3637.75,6904
2022-10-03 08:49:43,5,2,3637.75,6906
2022-10-03 08:49:44,3,3,3637.75,6909
2022-10-03 08:49:45,5,1,3637.75,6910
2022-10-03 08:49:46,109,75,3638.0,6985
2022-10-03 08:49:47,199,40,3638.5,7025
2022-10-03 08:49:48,36,17,3638.5,7042
2022-10-03 08:49:49,6,-4,3638.5,7038
2022-10-03 08:49:50,27,19,3638.5,7057
2022-10-03 08:49:52,12,-9,3638.5,7048
2022-10-03 08:49:53,55,24,3638.75,7072
2022-10-03 08:49:54,84,-21,3638.25,7051
2022-10-03 08:49:55,10,-8,3638.25,7043
2022-10-03 08:49:56,1,-1,3638.25,7042
2022-10-03 08:49:57,77,-10,3638.25,7032
2022-10-03 08:49:58,9,5,3638.25,7037
2022-10-03 08:49:59,242,-51,3638.0,6986
2022-10-03 08:50:00,38,-14,3638.0,6972
2022-10-03 08:50:01,36,-27,3637.75,6945
2022-10-03 08:50:02,33,-14,3637.75,6931
2022-10-03 08:50:03,43,-16,3637.75,6915
2022-10-03 08:50:04,44,-11,3637.75,6904
2022-10-03 08:50:05,9,2,3637.75,6906
2022-10-03 08:50:06,71,41,3638.25,6947
2022-10-03 08:50:07,89,-25,3638.0,6922
2022-10-03 08:50:08,38,13,3638.25,6935
2022-10-03 08:50:09,53,-16,3638.25,6919
2022-10-03 08:50:10,18,10,3638.25,6929
2022-10-03 08:50:11,24,6,3638.25,6935
2022-10-03 08:50:12,40,-23,3638.0,6912
2022-10-03 08:50:13,29,7,3638.0,6919
2022-10-03 08:50:15,23,15,3638.0,6934
2022-10-03 08:50:16,27,-6,3638.0,6928
2022-10-03 08:50:17,11,-1,3638.0,6927
2022-10-03 08:50:19,59,-21,3638.0,6906
2022-10-03 08:50:20,54,-17,3638.25,6889
2022-10-03 08:50:21,8,5,3638.0,6894
2022-10-03 08:50:23,5,1,3638.0,6895
2022-10-03 08:50:24,65,-27,3637.75,6868
2022-10-03 08:50:25,63,-35,3637.75,6833
2022-10-03 08:50:26,51,12,3637.5,6845
2022-10-03 08:50:27,19,-12,3637.5,6833
2022-10-03 08:50:28,254,28,3638.0,6861
2022-10-03 08:50:31,3,-1,3638.0,6860
2022-10-03 08:50:32,190,-58,3638.0,6802
2022-10-03 08:50:33,50,-9,3638.0,6793
2022-10-03 08:50:34,26,21,3638.25,6814
2022-10-03 08:50:35,15,0,3638.25,6814
2022-10-03 08:50:37,9,-6,3638.25,6808
2022-10-03 08:50:38,1,1,3638.5,6809
2022-10-03 08:50:39,65,21,3638.5,6830
2022-10-03 08:50:40,1,-1,3638.25,6829
2022-10-03 08:50:41,86,-11,3638.25,6818
2022-10-03 08:50:42,98,-19,3638.0,6799
2022-10-03 08:50:43,16,0,3638.25,6799
2022-10-03 08:50:45,1,1,3638.25,6800
2022-10-03 08:50:46,15,11,3638.25,6811
2022-10-03 08:50:47,218,89,3639.0,6900
2022-10-03 08:50:48,53,2,3638.5,6902
2022-10-03 08:50:49,3,3,3638.75,6905
2022-10-03 08:50:50,2,0,3638.75,6905
2022-10-03 08:50:51,28,20,3638.75,6925
2022-10-03 08:50:52,29,5,3638.75,6930
2022-10-03 08:50:53,50,-32,3638.75,6898
2022-10-03 08:50:54,5,1,3639.0,6899
2022-10-03 08:50:55,5,-1,3639.0,6898
2022-10-03 08:50:56,23,8,3639.0,6906
2022-10-03 08:50:57,223,28,3639.0,6934
2022-10-03 08:50:58,76,-2,3639.25,6932
2022-10-03 08:50:59,103,-59,3638.75,6873
2022-10-03 08:51:00,125,39,3638.75,6912
2022-10-03 08:51:02,9,6,3638.75,6918
2022-10-03 08:51:03,4,4,3638.75,6922
2022-10-03 08:51:04,71,24,3639.0,6946
2022-10-03 08:51:05,46,-23,3639.0,6923
2022-10-03 08:51:06,8,3,3639.0,6926
2022-10-03 08:51:07,9,0,3639.0,6926
2022-10-03 08:51:08,69,-19,3639.0,6907
2022-10-03 08:51:09,3,2,3638.75,6909
2022-10-03 08:51:10,55,-2,3639.0,6907
2022-10-03 08:51:11,42,-18,3639.25,6889
2022-10-03 08:51:13,33,9,3639.0,6898
2022-10-03 08:51:14,10,-3,3639.25,6895
2022-10-03 08:51:15,53,-4,3639.0,6891
2022-10-03 08:51:16,5,1,3639.0,6892
2022-10-03 08:51:17,86,-2,3639.0,6890
2022-10-03 08:51:18,12,7,3639.0,6897
2022-10-03 08:51:19,2,2,3639.0,6899
2022-10-03 08:51:20,71,31,3639.0,6930
2022-10-03 08:51:21,16,-7,3639.25,6923
2022-10-03 08:51:22,126,16,3639.25,6939
2022-10-03 08:51:23,29,-1,3639.25,6938
2022-10-03 08:51:24,29,-4,3639.25,6934
2022-10-03 08:51:25,11,-1,3639.25,6933
2022-10-03 08:51:26,14,4,3639.25,6937
2022-10-03 08:51:27,69,-3,3639.25,6934
2022-10-03 08:51:28,18,11,3639.25,6945
2022-10-03 08:51:29,2,2,3639.5,6947
2022-10-03 08:51:30,50,-3,3639.5,6944
2022-10-03 08:51:31,22,4,3639.25,6948
2022-10-03 08:51:32,1,1,3639.25,6949
2022-10-03 08:51:33,2,-2,3639.0,6947
2022-10-03 08:51:34,12,7,3639.25,6954
2022-10-03 08:51:35,6,3,3639.5,6957
2022-10-03 08:51:36,86,69,3639.75,7026
2022-10-03 08:51:37,146,55,3640.0,7081
2022-10-03 08:51:38,32,-8,3640.0,7073
2022-10-03 08:51:40,9,4,3639.75,7077
2022-10-03 08:51:41,74,-23,3639.5,7054
2022-10-03 08:51:42,50,-3,3639.75,7051
2022-10-03 08:51:43,3,3,3640.0,7054
2022-10-03 08:51:44,3,-3,3639.75,7051
2022-10-03 08:51:45,23,-14,3640.0,7037
2022-10-03 08:51:46,78,30,3640.0,7067
2022-10-03 08:51:47,97,38,3640.25,7105
2022-10-03 08:51:48,23,14,3640.5,7119
2022-10-03 08:51:49,50,-13,3640.5,7106
2022-10-03 08:51:50,17,-6,3640.25,7100
2022-10-03 08:51:51,11,3,3640.5,7103
2022-10-03 08:51:52,7,-4,3640.5,7099
2022-10-03 08:51:53,70,-5,3640.5,7094
2022-10-03 08:51:54,3,1,3640.5,7095
2022-10-03 08:51:55,51,19,3640.5,7114
2022-10-03 08:51:56,22,1,3640.5,7115
2022-10-03 08:51:57,34,-1,3640.5,7114
2022-10-03 08:51:58,20,11,3640.5,7125
2022-10-03 08:51:59,88,56,3640.5,7181
2022-10-03 08:52:00,131,40,3640.75,7221
2022-10-03 08:52:01,52,-16,3640.5,7205
2022-10-03 08:52:02,8,2,3640.75,7207
2022-10-03 08:52:03,2,-2,3640.5,7205
2022-10-03 08:52:04,136,126,3641.25,7331
2022-10-03 08:52:05,154,15,3641.5,7346
2022-10-03 08:52:06,31,11,3641.5,7357
2022-10-03 08:52:07,8,2,3641.5,7359
2022-10-03 08:52:08,106,7,3641.75,7366
2022-10-03 08:52:09,33,18,3641.5,7384
2022-10-03 08:52:10,80,44,3641.75,7428
2022-10-03 08:52:11,45,15,3641.5,7443
2022-10-03 08:52:12,24,3,3641.5,7446
2022-10-03 08:52:13,19,-2,3641.5,7444
2022-10-03 08:52:14,62,-41,3641.5,7403
2022-10-03 08:52:16,33,4,3641.5,7407
2022-10-03 08:52:17,2,2,3641.5,7409
2022-10-03 08:52:18,13,-6,3641.5,7403
2022-10-03 08:52:19,83,-36,3641.25,7367
2022-10-03 08:52:20,13,-10,3641.25,7357
2022-10-03 08:52:21,29,1,3641.25,7358
2022-10-03 08:52:22,87,-30,3641.0,7328
2022-10-03 08:52:23,52,-33,3641.0,7295
2022-10-03 08:52:24,43,22,3640.75,7317
2022-10-03 08:52:25,26,-21,3640.5,7296
2022-10-03 08:52:26,11,-8,3640.25,7288
2022-10-03 08:52:27,237,-31,3640.5,7257
2022-10-03 08:52:28,20,-2,3640.5,7255
2022-10-03 08:52:29,60,-13,3640.75,7242
2022-10-03 08:52:30,120,50,3641.0,7292
2022-10-03 08:52:31,43,18,3640.75,7310
2022-10-03 08:52:32,28,8,3641.0,7318
2022-10-03 08:52:33,3,-1,3641.0,7317
2022-10-03 08:52:34,16,-8,3640.75,7309
2022-10-03 08:52:35,13,4,3640.75,7313
2022-10-03 08:52:36,13,-9,3640.75,7304
2022-10-03 08:52:37,56,53,3641.0,7357
2022-10-03 08:52:38,9,-3,3641.0,7354
2022-10-03 08:52:40,3,-3,3640.75,7351
2022-10-03 08:52:41,34,-18,3640.75,7333
2022-10-03 08:52:42,23,-4,3640.75,7329
2022-10-03 08:52:43,42,-17,3640.75,7312
2022-10-03 08:52:44,63,2,3641.0,7314
2022-10-03 08:52:45,1,-1,3640.75,7313
2022-10-03 08:52:47,24,-13,3640.75,7300
2022-10-03 08:52:48,143,84,3641.0,7384
2022-10-03 08:52:49,50,-8,3640.75,7376
2022-10-03 08:52:50,47,-35,3640.75,7341
2022-10-03 08:52:51,112,-14,3640.5,7327
2022-10-03 08:52:52,5,-2,3640.5,7325
2022-10-03 08:52:53,20,3,3640.25,7328
2022-10-03 08:52:54,4,1,3640.25,7329
2022-10-03 08:52:55,158,-47,3640.25,7282
2022-10-03 08:52:56,249,-135,3639.5,7147
2022-10-03 08:52:57,95,18,3639.25,7165
2022-10-03 08:52:58,23,-14,3639.0,7151
2022-10-03 08:52:59,167,-130,3639.5,7021
2022-10-03 08:53:00,19,-13,3638.75,7008
2022-10-03 08:53:01,30,15,3638.75,7023
2022-10-03 08:53:02,44,-19,3638.75,7004
2022-10-03 08:53:03,31,-5,3639.0,6999
2022-10-03 08:53:04,67,-51,3639.0,6948
2022-10-03 08:53:05,66,-41,3638.75,6907
2022-10-03 08:53:06,7,-1,3638.25,6906
2022-10-03 08:53:07,8,-5,3638.25,6901
2022-10-03 08:53:08,29,10,3638.25,6911
2022-10-03 08:53:09,9,3,3638.25,6914
2022-10-03 08:53:10,38,-1,3638.25,6913
2022-10-03 08:53:11,254,-9,3638.75,6904
2022-10-03 08:53:12,21,5,3639.0,6909
2022-10-03 08:53:13,70,-13,3638.75,6896
2022-10-03 08:53:14,48,-5,3638.5,6891
2022-10-03 08:53:15,3,-3,3638.5,6888
2022-10-03 08:53:16,34,-7,3638.75,6881
2022-10-03 08:53:18,22,1,3638.75,6882
2022-10-03 08:53:19,19,12,3638.75,6894
2022-10-03 08:53:20,53,19,3639.0,6913
2022-10-03 08:53:21,14,-11,3639.0,6902
2022-10-03 08:53:22,6,5,3639.0,6907
2022-10-03 08:53:23,19,-7,3639.0,6900
2022-10-03 08:53:24,20,-8,3639.0,6892
2022-10-03 08:53:25,13,-10,3639.0,6882
2022-10-03 08:53:26,12,-11,3638.75,6871
2022-10-03 08:53:28,22,-21,3638.75,6850
2022-10-03 08:53:30,23,-12,3638.5,6838
2022-10-03 08:53:31,28,19,3638.75,6857
2022-10-03 08:53:32,37,-19,3638.75,6838
2022-10-03 08:53:34,26,4,3638.75,6842
2022-10-03 08:53:35,41,-5,3638.75,6837
2022-10-03 08:53:36,52,26,3639.0,6863
2022-10-03 08:53:37,58,-3,3639.25,6860
2022-10-03 08:53:38,9,0,3639.25,6860
2022-10-03 08:53:40,2,0,3639.25,6860
2022-10-03 08:53:41,1,-1,3639.0,6859
2022-10-03 08:53:42,5,3,3639.25,6862
2022-10-03 08:53:43,10,-8,3639.0,6854
2022-10-03 08:53:44,49,9,3639.25,6863
2022-10-03 08:53:45,3,-2,3639.0,6861
2022-10-03 08:53:46,34,10,3639.25,6871
2022-10-03 08:53:47,77,-28,3639.0,6843
2022-10-03 08:53:48,9,1,3638.75,6844
2022-10-03 08:53:49,50,-22,3638.5,6822
2022-10-03 08:53:50,14,-2,3638.25,6820
2022-10-03 08:53:51,35,-12,3638.25,6808
2022-10-03 08:53:52,30,2,3638.25,6810
2022-10-03 08:53:53,254,-108,3638.25,6702
2022-10-03 08:53:54,8,0,3637.75,6702
2022-10-03 08:53:55,32,16,3637.75,6718
2022-10-03 08:53:56,51,-19,3637.75,6699
2022-10-03 08:53:57,45,-9,3637.5,6690
2022-10-03 08:53:58,2,2,3637.75,6692
2022-10-03 08:53:59,5,5,3637.75,6697
2022-10-03 08:54:00,61,37,3637.75,6734
2022-10-03 08:54:01,38,14,3638.25,6748
2022-10-03 08:54:02,35,-19,3638.0,6729
2022-10-03 08:54:03,5,1,3638.0,6730
2022-10-03 08:54:05,10,8,3638.0,6738
2022-10-03 08:54:06,29,2,3638.25,6740
2022-10-03 08:54:07,1,-1,3638.25,6739
2022-10-03 08:54:08,10,-7,3638.25,6732
2022-10-03 08:54:09,48,7,3638.5,6739
2022-10-03 08:54:10,15,-6,3638.25,6733
2022-10-03 08:54:11,7,-3,3638.5,6730
2022-10-03 08:54:12,1,-1,3638.25,6729
2022-10-03 08:54:13,3,2,3638.25,6731
2022-10-03 08:54:14,1,-1,3638.25,6730
2022-10-03 08:54:15,2,-2,3638.25,6728
2022-10-03 08:54:16,21,15,3638.25,6743
2022-10-03 08:54:17,2,-2,3638.0,6741
2022-10-03 08:54:18,19,-8,3638.25,6733
2022-10-03 08:54:19,6,-1,3638.0,6732
2022-10-03 08:54:20,59,22,3638.0,6754
2022-10-03 08:54:21,13,-2,3638.0,6752
2022-10-03 08:54:22,87,49,3638.5,6801
2022-10-03 08:54:23,1,-1,3638.25,6800
2022-10-03 08:54:24,1,-1,3638.25,6799
2022-10-03 08:54:25,98,12,3638.25,6811
2022-10-03 08:54:26,11,-7,3638.25,6804
2022-10-03 08:54:27,32,-17,3638.0,6787
2022-10-03 08:54:29,128,150,3638.5,6937
2022-10-03 08:54:30,46,-21,3638.25,6916
2022-10-03 08:54:31,17,7,3637.75,6923
2022-10-03 08:54:32,4,-1,3637.75,6922
2022-10-03 08:54:33,1,-1,3637.5,6921
2022-10-03 08:54:34,30,18,3638.0,6939
2022-10-03 08:54:35,5,-4,3637.75,6935
2022-10-03 08:54:36,8,-6,3637.75,6929
2022-10-03 08:54:37,1,-1,3637.5,6928
2022-10-03 08:54:40,2,-2,3637.5,6926
2022-10-03 08:54:41,46,-22,3637.75,6904
2022-10-03 08:54:43,11,-8,3637.25,6896
2022-10-03 08:54:44,2,-2,3637.25,6894
2022-10-03 08:54:45,161,18,3637.5,6912
2022-10-03 08:54:46,7,-5,3637.5,6907
2022-10-03 08:54:47,33,8,3637.5,6915
2022-10-03 08:54:48,30,2,3637.75,6917
2022-10-03 08:54:49,10,5,3637.75,6922
2022-10-03 08:54:50,23,3,3638.0,6925
2022-10-03 08:54:51,27,-15,3637.75,6910
2022-10-03 08:54:52,5,2,3637.75,6912
2022-10-03 08:54:53,33,20,3637.75,6932
2022-10-03 08:54:54,73,-20,3637.75,6912
2022-10-03 08:54:55,13,0,3637.5,6912
2022-10-03 08:54:56,64,-33,3637.25,6879
2022-10-03 08:54:57,3,1,3637.5,6880
2022-10-03 08:54:58,79,-7,3637.5,6873
2022-10-03 08:54:59,241,-105,3637.25,6768
2022-10-03 08:55:00,14,12,3637.5,6780
2022-10-03 08:55:01,128,2,3637.75,6782
2022-10-03 08:55:02,21,8,3637.75,6790
2022-10-03 08:55:03,16,15,3638.0,6805
2022-10-03 08:55:04,23,3,3638.0,6808
2022-10-03 08:55:05,21,15,3638.0,6823
2022-10-03 08:55:06,631,-176,3638.25,6647
2022-10-03 08:55:07,84,42,3637.75,6689
2022-10-03 08:55:08,19,-7,3637.75,6682
2022-10-03 08:55:09,12,-1,3637.5,6681
2022-10-03 08:55:10,4,0,3637.5,6681
2022-10-03 08:55:11,23,-1,3637.25,6680
2022-10-03 08:55:12,35,-7,3637.5,6673
2022-10-03 08:55:13,24,-8,3637.0,6665
2022-10-03 08:55:14,11,-3,3637.0,6662
2022-10-03 08:55:15,1,1,3637.0,6663
2022-10-03 08:55:16,43,1,3637.0,6664
2022-10-03 08:55:17,28,-3,3637.0,6661
2022-10-03 08:55:18,69,-43,3636.75,6618
2022-10-03 08:55:19,2,2,3637.0,6620
2022-10-03 08:55:20,15,-11,3636.75,6609
2022-10-03 08:55:21,52,-21,3636.5,6588
2022-10-03 08:55:22,19,1,3636.5,6589
2022-10-03 08:55:23,32,11,3636.5,6600
2022-10-03 08:55:24,29,8,3636.75,6608
2022-10-03 08:55:25,42,9,3637.0,6617
2022-10-03 08:55:26,5,3,3636.75,6620
2022-10-03 08:55:27,5,-1,3636.75,6619
2022-10-03 08:55:28,27,16,3636.75,6635
2022-10-03 08:55:29,95,-58,3636.5,6577
2022-10-03 08:55:30,196,-43,3636.75,6534
2022-10-03 08:55:31,20,-17,3636.75,6517
2022-10-03 08:55:32,1,-1,3636.5,6516
2022-10-03 08:55:33,45,-5,3636.75,6511
2022-10-03 08:55:34,8,7,3636.5,6518
2022-10-03 08:55:35,4,1,3636.5,6519
2022-10-03 08:55:36,5,5,3636.5,6524
2022-10-03 08:55:38,14,-4,3636.5,6520
2022-10-03 08:55:39,20,14,3636.5,6534
2022-10-03 08:55:40,21,14,3636.5,6548
2022-10-03 08:55:41,7,-6,3636.5,6542
2022-10-03 08:55:42,7,5,3636.5,6547
2022-10-03 08:55:43,8,-2,3636.5,6545
2022-10-03 08:55:44,32,13,3636.75,6558
2022-10-03 08:55:45,62,26,3636.75,6584
2022-10-03 08:55:46,8,-7,3636.5,6577
2022-10-03 08:55:47,78,41,3636.75,6618
2022-10-03 08:55:48,2,1,3636.75,6619
2022-10-03 08:55:49,37,16,3636.75,6635
2022-10-03 08:55:50,3,-3,3636.5,6632
2022-10-03 08:55:51,150,56,3637.0,6688
2022-10-03 08:55:52,6,1,3636.75,6689
2022-10-03 08:55:53,116,-130,3636.75,6559
2022-10-03 08:55:54,2,2,3636.75,6561
2022-10-03 08:55:55,23,-10,3636.5,6551
2022-10-03 08:55:56,13,10,3636.75,6561
2022-10-03 08:55:58,13,-6,3636.5,6555
2022-10-03 08:56:01,36,19,3636.75,6574
2022-10-03 08:56:03,21,-4,3636.5,6570
2022-10-03 08:56:04,10,-7,3636.5,6563
2022-10-03 08:56:06,29,-9,3636.5,6554
2022-10-03 08:56:07,7,0,3636.5,6554
2022-10-03 08:56:08,179,-49,3636.25,6505
2022-10-03 08:56:09,31,7,3636.25,6512
2022-10-03 08:56:10,18,8,3636.25,6520
2022-10-03 08:56:12,4,-4,3636.0,6516
2022-10-03 08:56:13,63,-32,3636.0,6484
2022-10-03 08:56:14,29,14,3636.0,6498
2022-10-03 08:56:15,13,-9,3636.0,6489
2022-10-03 08:56:16,35,16,3636.25,6505
2022-10-03 08:56:18,2,0,3636.25,6505
2022-10-03 08:56:19,1,-1,3636.0,6504
2022-10-03 08:56:20,61,-12,3636.0,6492
2022-10-03 08:56:21,4,-4,3636.0,6488
2022-10-03 08:56:22,50,-13,3636.25,6475
2022-10-03 08:56:23,2,-2,3636.0,6473
2022-10-03 08:56:24,1,-1,3636.0,6472
2022-10-03 08:56:25,19,10,3636.25,6482
2022-10-03 08:56:26,28,-4,3636.25,6478
2022-10-03 08:56:27,2,-2,3636.0,6476
2022-10-03 08:56:29,3,-2,3636.0,6474
2022-10-03 08:56:30,251,-93,3636.0,6381
2022-10-03 08:56:31,3,1,3636.0,6382
2022-10-03 08:56:32,2,0,3636.0,6382
2022-10-03 08:56:33,44,4,3636.25,6386
2022-10-03 08:56:34,6,-2,3636.25,6384
2022-10-03 08:56:35,17,-11,3636.0,6373
2022-10-03 08:56:36,20,4,3636.0,6377
2022-10-03 08:56:37,9,1,3636.0,6378
2022-10-03 08:56:38,124,153,3636.5,6531
2022-10-03 08:56:39,1,-1,3636.0,6530
2022-10-03 08:56:40,63,-24,3636.0,6506
2022-10-03 08:56:41,24,-6,3636.25,6500
2022-10-03 08:56:42,1,1,3636.25,6501
2022-10-03 08:56:43,8,-8,3636.0,6493
2022-10-03 08:56:44,1,-1,3636.0,6492
2022-10-03 08:56:45,3,3,3636.25,6495
2022-10-03 08:56:46,33,-7,3636.0,6488
2022-10-03 08:56:47,18,7,3636.25,6495
2022-10-03 08:56:48,9,-3,3636.25,6492
2022-10-03 08:56:49,33,18,3636.5,6510
2022-10-03 08:56:50,174,87,3636.75,6597
2022-10-03 08:56:51,33,-5,3636.5,6592
2022-10-03 08:56:52,36,-19,3636.25,6573
2022-10-03 08:56:53,56,10,3636.5,6583
2022-10-03 08:56:54,30,13,3637.0,6596
2022-10-03 08:56:56,40,26,3637.0,6622
2022-10-03 08:56:57,17,-9,3636.75,6613
2022-10-03 08:56:58,1,1,3636.75,6614
2022-10-03 08:56:59,33,-13,3636.5,6601
2022-10-03 08:57:00,6,-5,3636.25,6596
2022-10-03 08:57:01,5,-3,3636.0,6593
2022-10-03 08:57:03,63,62,3636.5,6655
2022-10-03 08:57:04,11,-6,3636.25,6649
2022-10-03 08:57:06,19,2,3636.25,6651
2022-10-03 08:57:07,11,-3,3636.25,6648
2022-10-03 08:57:08,3,0,3636.5,6648
2022-10-03 08:57:09,1,1,3636.5,6649
2022-10-03 08:57:11,2,-2,3636.25,6647
2022-10-03 08:57:12,21,-7,3636.5,6640
2022-10-03 08:57:13,4,-4,3636.25,6636
2022-10-03 08:57:14,7,7,3636.25,6643
2022-10-03 08:57:16,5,-5,3636.0,6638
2022-10-03 08:57:17,64,-5,3636.25,6633
2022-10-03 08:57:18,4,-1,3636.25,6632
2022-10-03 08:57:19,33,-14,3636.25,6618
2022-10-03 08:57:21,1,-1,3636.0,6617
2022-10-03 08:57:22,49,11,3636.25,6628
2022-10-03 08:57:23,36,-3,3636.25,6625
2022-10-03 08:57:24,23,-14,3636.25,6611
2022-10-03 08:57:25,9,8,3636.25,6619
2022-10-03 08:57:26,1,-1,3636.25,6618
2022-10-03 08:57:27,35,-19,3636.25,6599
2022-10-03 08:57:29,1,1,3636.25,6600
2022-10-03 08:57:30,4,-2,3636.25,6598
2022-10-03 08:57:31,124,41,3636.75,6639
2022-10-03 08:57:32,15,4,3636.75,6643
2022-10-03 08:57:33,28,-3,3636.75,6640
2022-10-03 08:57:34,18,2,3636.75,6642
2022-10-03 08:57:35,81,-2,3636.75,6640
2022-10-03 08:57:36,17,4,3636.75,6644
2022-10-03 08:57:37,15,11,3637.0,6655
2022-10-03 08:57:38,1,1,3637.0,6656
2022-10-03 08:57:39,26,-13,3636.75,6643
2022-10-03 08:57:40,76,20,3637.0,6663
2022-10-03 08:57:41,45,-6,3636.75,6657
2022-10-03 08:57:42,2,2,3636.75,6659
2022-10-03 08:57:43,6,2,3636.75,6661
2022-10-03 08:57:45,12,0,3636.75,6661
2022-10-03 08:57:46,141,-15,3636.75,6646
2022-10-03 08:57:48,24,20,3636.75,6666
2022-10-03 08:57:49,5,-2,3636.5,6664
2022-10-03 08:57:51,20,-10,3636.5,6654
2022-10-03 08:57:52,20,0,3636.75,6654
2022-10-03 08:57:53,28,-14,3636.75,6640
2022-10-03 08:57:54,54,41,3637.25,6681
2022-10-03 08:57:55,55,-2,3637.75,6679
2022-10-03 08:57:56,4,4,3637.5,6683
2022-10-03 08:57:58,1,-1,3637.5,6682
2022-10-03 08:57:59,2,2,3637.75,6684
2022-10-03 08:58:00,40,-9,3637.75,6675
2022-10-03 08:58:01,1,1,3637.5,6676
2022-10-03 08:58:02,36,-8,3637.25,6668
2022-10-03 08:58:03,5,3,3637.25,6671
2022-10-03 08:58:04,19,13,3637.5,6684
2022-10-03 08:58:05,1,1,3637.5,6685
2022-10-03 08:58:06,15,6,3637.75,6691
2022-10-03 08:58:07,4,2,3637.75,6693
2022-10-03 08:58:08,26,-15,3637.5,6678
2022-10-03 08:58:09,2,0,3637.75,6678
2022-10-03 08:58:10,237,124,3638.25,6802
2022-10-03 08:58:11,29,-3,3638.0,6799
2022-10-03 08:58:13,26,6,3638.25,6805
2022-10-03 08:58:14,30,18,3638.5,6823
2022-10-03 08:58:15,25,12,3638.5,6835
2022-10-03 08:58:16,56,-12,3638.5,6823
2022-10-03 08:58:18,52,14,3638.25,6837
2022-10-03 08:58:19,2,2,3638.25,6839
2022-10-03 08:58:20,2,0,3638.25,6839
2022-10-03 08:58:21,5,5,3638.25,6844
2022-10-03 08:58:22,36,-20,3638.0,6824
2022-10-03 08:58:24,26,-13,3638.0,6811
2022-10-03 08:58:27,1,-1,3637.75,6810
2022-10-03 08:58:28,27,-11,3638.0,6799
2022-10-03 08:58:29,38,10,3638.0,6809
2022-10-03 08:58:31,5,4,3638.0,6813
2022-10-03 08:58:32,1,-1,3637.75,6812
2022-10-03 08:58:35,11,8,3638.25,6820
2022-10-03 08:58:36,2,0,3638.0,6820
2022-10-03 08:58:38,2,2,3638.0,6822
2022-10-03 08:58:39,8,8,3638.0,6830
2022-10-03 08:58:40,9,3,3638.0,6833
2022-10-03 08:58:41,14,6,3638.25,6839
2022-10-03 08:58:42,6,-2,3638.0,6837
2022-10-03 08:58:44,14,1,3638.25,6838
2022-10-03 08:58:45,5,5,3638.25,6843
2022-10-03 08:58:46,5,-5,3638.0,6838
2022-10-03 08:58:47,8,7,3638.25,6845
2022-10-03 08:58:48,5,1,3638.25,6846
2022-10-03 08:58:49,27,0,3638.25,6846
2022-10-03 08:58:51,6,-6,3638.25,6840
2022-10-03 08:58:52,18,-8,3638.5,6832
2022-10-03 08:58:53,10,3,3638.25,6835
2022-10-03 08:58:56,15,-8,3638.25,6827
2022-10-03 08:58:57,24,0,3638.25,6827
2022-10-03 08:58:58,23,-6,3638.0,6821
2022-10-03 08:58:59,1,-1,3637.75,6820
2022-10-03 08:59:00,49,-8,3638.0,6812
2022-10-03 08:59:01,20,-1,3638.0,6811
2022-10-03 08:59:03,14,-6,3637.75,6805
2022-10-03 08:59:05,13,8,3637.75,6813
2022-10-03 08:59:06,39,-24,3637.5,6789
2022-10-03 08:59:07,1,1,3637.5,6790
2022-10-03 08:59:09,67,-29,3637.25,6761
2022-10-03 08:59:10,43,-12,3637.0,6749
2022-10-03 08:59:11,14,-2,3637.0,6747
2022-10-03 08:59:12,9,5,3637.0,6752
2022-10-03 08:59:13,52,0,3637.25,6752
2022-10-03 08:59:14,16,5,3637.25,6757
2022-10-03 08:59:15,4,0,3637.0,6757
2022-10-03 08:59:16,10,7,3637.25,6764
2022-10-03 08:59:17,21,2,3637.0,6766
2022-10-03 08:59:18,11,-6,3637.0,6760
2022-10-03 08:59:20,14,-3,3636.75,6757
2022-10-03 08:59:21,15,3,3637.0,6760
2022-10-03 08:59:22,49,-33,3636.5,6727
2022-10-03 08:59:23,5,3,3636.75,6730
2022-10-03 08:59:25,18,1,3636.75,6731
2022-10-03 08:59:26,5,-1,3637.0,6730
2022-10-03 08:59:27,6,4,3636.75,6734
2022-10-03 08:59:28,2,-2,3636.75,6732
2022-10-03 08:59:29,7,-5,3636.75,6727
2022-10-03 08:59:30,3,1,3636.5,6728
2022-10-03 08:59:31,7,-6,3636.5,6722
2022-10-03 08:59:32,4,-4,3636.25,6718
2022-10-03 08:59:33,89,-47,3636.5,6671
2022-10-03 08:59:34,55,-7,3636.5,6664
2022-10-03 08:59:35,2,-2,3636.0,6662
2022-10-03 08:59:37,27,1,3636.0,6663
2022-10-03 08:59:38,8,-4,3636.25,6659
2022-10-03 08:59:39,30,13,3636.25,6672
2022-10-03 08:59:40,6,-2,3636.25,6670
2022-10-03 08:59:41,9,6,3636.25,6676
2022-10-03 08:59:42,53,-17,3636.5,6659
2022-10-03 08:59:44,1,-1,3636.25,6658
2022-10-03 08:59:45,22,1,3636.25,6659
2022-10-03 08:59:46,84,-17,3636.25,6642
2022-10-03 08:59:47,62,-38,3636.0,6604
2022-10-03 08:59:48,2,-2,3636.0,6602
2022-10-03 08:59:49,2,-2,3636.0,6600
2022-10-03 08:59:50,45,5,3636.25,6605
2022-10-03 08:59:51,29,8,3636.25,6613
2022-10-03 08:59:52,8,3,3636.25,6616
2022-10-03 08:59:55,1,-1,3636.0,6615
2022-10-03 08:59:56,2,-2,3636.0,6613
2022-10-03 08:59:57,6,-6,3636.0,6607
2022-10-03 08:59:59,10,-6,3636.0,6601
2022-10-03 09:00:00,66,9,3636.25,6610
2022-10-03 09:00:01,55,-24,3636.25,6586
2022-10-03 09:00:02,45,-5,3636.0,6581
2022-10-03 09:00:03,2,0,3636.0,6581
2022-10-03 09:00:04,24,8,3636.0,6589
2022-10-03 09:00:05,11,-9,3636.0,6580
2022-10-03 09:00:06,14,-11,3636.0,6569
2022-10-03 09:00:07,40,15,3636.25,6584
2022-10-03 09:00:08,61,12,3636.25,6596
2022-10-03 09:00:09,2,2,3636.25,6598
2022-10-03 09:00:11,14,-12,3636.0,6586
2022-10-03 09:00:12,11,5,3636.0,6591
2022-10-03 09:00:13,16,-5,3636.0,6586
2022-10-03 09:00:15,77,-28,3635.75,6558
2022-10-03 09:00:16,7,7,3635.75,6565
2022-10-03 09:00:17,3,1,3636.0,6566
2022-10-03 09:00:19,1,1,3636.0,6567
2022-10-03 09:00:21,32,-9,3636.0,6558
2022-10-03 09:00:22,1,1,3636.0,6559
2022-10-03 09:00:25,8,1,3635.75,6560
2022-10-03 09:00:26,6,6,3635.75,6566
2022-10-03 09:00:27,121,29,3636.25,6595
2022-10-03 09:00:28,37,9,3636.25,6604
2022-10-03 09:00:29,1,-1,3636.0,6603
2022-10-03 09:00:30,1,1,3636.25,6604
2022-10-03 09:00:31,1,-1,3636.0,6603
2022-10-03 09:00:32,33,-16,3636.25,6587
2022-10-03 09:00:33,1,1,3636.0,6588
2022-10-03 09:00:34,45,-26,3635.75,6562
2022-10-03 09:00:35,26,-15,3635.75,6547
2022-10-03 09:00:37,29,2,3635.75,6549
2022-10-03 09:00:38,35,4,3636.0,6553
2022-10-03 09:00:39,13,-2,3636.0,6551
2022-10-03 09:00:40,69,2,3636.25,6553
2022-10-03 09:00:41,19,0,3636.25,6553
2022-10-03 09:00:42,4,-2,3636.25,6551
2022-10-03 09:00:44,12,0,3636.25,6551
2022-10-03 09:00:45,16,-4,3636.25,6547
2022-10-03 09:00:46,1,-1,3636.0,6546
2022-10-03 09:00:47,4,2,3636.25,6548
2022-10-03 09:00:49,69,18,3636.5,6566
2022-10-03 09:00:50,32,5,3636.75,6571
2022-10-03 09:00:51,21,-1,3636.5,6570
2022-10-03 09:00:52,9,2,3636.5,6572
2022-10-03 09:00:53,10,-1,3636.75,6571
2022-10-03 09:00:54,11,2,3636.75,6573
2022-10-03 09:00:55,15,8,3636.75,6581
2022-10-03 09:00:56,15,7,3637.0,6588
2022-10-03 09:00:57,3,3,3637.25,6591
2022-10-03 09:00:58,25,17,3637.5,6608
2022-10-03 09:00:59,4,2,3637.5,6610
2022-10-03 09:01:00,41,-17,3637.25,6593
2022-10-03 09:01:01,6,6,3637.25,6599
2022-10-03 09:01:02,17,8,3637.25,6607
2022-10-03 09:01:03,8,-3,3637.25,6604
2022-10-03 09:01:04,2,2,3637.25,6606
2022-10-03 09:01:05,30,1,3637.5,6607
2022-10-03 09:01:06,5,-1,3637.5,6606
2022-10-03 09:01:07,12,-9,3637.5,6597
2022-10-03 09:01:08,7,-6,3637.25,6591
2022-10-03 09:01:09,31,36,3637.5,6627
2022-10-03 09:01:10,1,-1,3637.25,6626
2022-10-03 09:01:12,33,-1,3637.25,6625
2022-10-03 09:01:13,6,-1,3637.25,6624
2022-10-03 09:01:14,10,-2,3637.25,6622
2022-10-03 09:01:15,11,-5,3637.25,6617
2022-10-03 09:01:16,1,1,3637.5,6618
2022-10-03 09:01:19,23,14,3637.5,6632
2022-10-03 09:01:21,21,4,3637.5,6636
2022-10-03 09:01:22,31,-11,3637.5,6625
2022-10-03 09:01:23,10,-4,3637.25,6621
2022-10-03 09:01:25,25,-18,3637.0,6603
2022-10-03 09:01:26,37,-7,3637.0,6596
2022-10-03 09:01:27,13,5,3636.75,6601
2022-10-03 09:01:28,6,5,3637.0,6606
2022-10-03 09:01:31,11,-4,3636.75,6602
2022-10-03 09:01:32,4,3,3636.75,6605
2022-10-03 09:01:33,6,2,3636.75,6607
2022-10-03 09:01:34,18,2,3636.75,6609
2022-10-03 09:01:35,2,2,3636.75,6611
2022-10-03 09:01:36,4,-3,3636.75,6608
2022-10-03 09:01:37,1,-1,3636.75,6607
2022-10-03 09:01:39,23,6,3637.0,6613
2022-10-03 09:01:40,7,-5,3637.0,6608
2022-10-03 09:01:41,32,17,3637.25,6625
2022-10-03 09:01:43,23,15,3637.25,6640
2022-10-03 09:01:44,10,-4,3637.5,6636
2022-10-03 09:01:45,6,-5,3637.25,6631
2022-10-03 09:01:46,11,-7,3637.25,6624
2022-10-03 09:01:47,35,0,3637.25,6624
2022-10-03 09:01:48,2,-2,3637.25,6622
2022-10-03 09:01:49,11,-9,3637.25,6613
2022-10-03 09:01:50,35,-7,3637.0,6606
2022-10-03 09:01:52,10,4,3637.0,6610
2022-10-03 09:01:53,16,-11,3636.75,6599
2022-10-03 09:01:54,12,9,3637.0,6608
2022-10-03 09:02:00,47,20,3637.25,6628
2022-10-03 09:02:01,37,4,3637.25,6632
2022-10-03 09:02:02,14,-2,3637.25,6630
2022-10-03 09:02:03,3,1,3637.25,6631
2022-10-03 09:02:07,8,8,3637.25,6639
2022-10-03 09:02:08,58,26,3637.5,6665
2022-10-03 09:02:09,11,4,3637.5,6669
2022-10-03 09:02:10,12,3,3637.5,6672
2022-10-03 09:02:11,98,-12,3637.25,6660
2022-10-03 09:02:12,33,-7,3637.0,6653
2022-10-03 09:02:13,4,2,3636.75,6655
2022-10-03 09:02:14,3,3,3637.0,6658
2022-10-03 09:02:15,14,-12,3636.75,6646
2022-10-03 09:02:16,57,14,3636.5,6660
2022-10-03 09:02:17,1,1,3636.75,6661
2022-10-03 09:02:18,5,1,3636.75,6662
2022-10-03 09:02:20,16,1,3636.75,6663
2022-10-03 09:02:21,2,1,3636.75,6664
2022-10-03 09:02:22,1,-1,3636.5,6663
2022-10-03 09:02:25,43,3,3636.75,6666
2022-10-03 09:02:26,8,7,3636.75,6673
2022-10-03 09:02:28,9,8,3637.0,6681
2022-10-03 09:02:29,11,-3,3637.0,6678
2022-10-03 09:02:30,1,-1,3636.75,6677
2022-10-03 09:02:31,7,-5,3636.75,6672
2022-10-03 09:02:32,23,-11,3636.5,6661
2022-10-03 09:02:33,17,10,3636.5,6671
2022-10-03 09:02:34,33,3,3636.5,6674
2022-10-03 09:02:35,12,7,3636.5,6681
2022-10-03 09:02:38,1,1,3636.75,6682
2022-10-03 09:02:39,33,-14,3636.5,6668
2022-10-03 09:02:40,27,5,3636.5,6673
2022-10-03 09:02:43,4,4,3636.75,6677
2022-10-03 09:02:44,17,10,3636.75,6687
2022-10-03 09:02:46,1,-1,3636.5,6686
2022-10-03 09:02:47,13,8,3636.75,6694
2022-10-03 09:02:48,23,7,3637.0,6701
2022-10-03 09:02:50,1,-1,3637.0,6700
2022-10-03 09:02:51,16,-5,3637.0,6695
2022-10-03 09:02:52,27,23,3637.25,6718
2022-10-03 09:02:53,3,3,3637.25,6721
2022-10-03 09:02:55,28,-9,3637.0,6712
2022-10-03 09:02:56,55,15,3637.25,6727
2022-10-03 09:02:57,22,-10,3637.25,6717
2022-10-03 09:02:58,8,7,3637.25,6724
2022-10-03 09:02:59,1,-1,3637.25,6723
2022-10-03 09:03:00,1,1,3637.5,6724
2022-10-03 09:03:01,23,-7,3637.25,6717
2022-10-03 09:03:02,40,9,3637.25,6726
2022-10-03 09:03:03,6,2,3637.25,6728
2022-10-03 09:03:07,34,-6,3637.25,6722
2022-10-03 09:03:08,3,-2,3637.0,6720
2022-10-03 09:03:11,89,-22,3637.0,6698
2022-10-03 09:03:12,1,1,3637.0,6699
2022-10-03 09:03:13,21,13,3637.25,6712
2022-10-03 09:03:14,10,1,3637.25,6713
2022-10-03 09:03:15,57,21,3637.5,6734
2022-10-03 09:03:16,12,2,3637.5,6736
2022-10-03 09:03:17,15,-11,3637.25,6725
2022-10-03 09:03:19,5,4,3637.25,6729
2022-10-03 09:03:20,24,14,3637.5,6743
2022-10-03 09:03:22,32,10,3637.75,6753
2022-10-03 09:03:23,4,3,3637.75,6756
2022-10-03 09:03:24,22,20,3638.0,6776
2022-10-03 09:03:25,6,0,3638.0,6776
2022-10-03 09:03:26,29,18,3638.0,6794
2022-10-03 09:03:27,11,-10,3637.75,6784
2022-10-03 09:03:28,1,1,3638.0,6785
2022-10-03 09:03:29,6,4,3638.0,6789
2022-10-03 09:03:30,2,2,3638.0,6791
2022-10-03 09:03:31,1,1,3638.0,6792
2022-10-03 09:03:32,19,0,3637.75,6792
2022-10-03 09:03:33,3,-3,3637.5,6789
2022-10-03 09:03:34,17,-7,3637.5,6782
2022-10-03 09:03:35,1,1,3637.5,6783
2022-10-03 09:03:36,8,7,3637.5,6790
2022-10-03 09:03:37,29,6,3637.5,6796
2022-10-03 09:03:38,1,1,3637.5,6797
2022-10-03 09:03:39,19,7,3637.5,6804
2022-10-03 09:03:40,25,-10,3637.5,6794
2022-10-03 09:03:42,1,1,3637.75,6795
2022-10-03 09:03:44,33,-1,3637.75,6794
2022-10-03 09:03:45,5,5,3637.75,6799
2022-10-03 09:03:46,37,9,3638.0,6808
2022-10-03 09:03:48,3,1,3638.0,6809
2022-10-03 09:03:49,30,14,3638.0,6823
2022-10-03 09:03:50,28,-5,3638.0,6818
2022-10-03 09:03:51,17,0,3638.0,6818
2022-10-03 09:03:52,64,2,3637.75,6820
2022-10-03 09:03:54,27,8,3638.0,6828
2022-10-03 09:03:56,2,-2,3638.0,6826
2022-10-03 09:03:57,16,2,3638.25,6828
2022-10-03 09:03:58,83,-9,3638.0,6819
2022-10-03 09:03:59,1,1,3637.75,6820
2022-10-03 09:04:00,21,5,3638.0,6825
2022-10-03 09:04:01,15,15,3638.0,6840
2022-10-03 09:04:02,4,0,3638.0,6840
2022-10-03 09:04:03,25,10,3638.0,6850
2022-10-03 09:04:04,3,3,3638.0,6853
2022-10-03 09:04:06,39,11,3638.0,6864
2022-10-03 09:04:07,3,-1,3638.25,6863
2022-10-03 09:04:09,2,-2,3638.0,6861
2022-10-03 09:04:10,12,9,3638.25,6870
2022-10-03 09:04:11,1,-1,3638.0,6869
2022-10-03 09:04:12,1,-1,3638.0,6868
2022-10-03 09:04:13,22,-14,3638.0,6854
2022-10-03 09:04:14,9,4,3638.0,6858
2022-10-03 09:04:15,7,1,3638.0,6859
2022-10-03 09:04:16,2,0,3638.0,6859
2022-10-03 09:04:18,31,-17,3637.75,6842
2022-10-03 09:04:20,37,-15,3637.75,6827
2022-10-03 09:04:22,1,1,3637.75,6828
2022-10-03 09:04:23,8,2,3637.75,6830
2022-10-03 09:04:24,40,-14,3637.75,6816
2022-10-03 09:04:25,15,9,3638.0,6825
2022-10-03 09:04:27,1,-1,3638.0,6824
2022-10-03 09:04:28,1,-1,3638.0,6823
2022-10-03 09:04:29,2,-1,3638.0,6822
2022-10-03 09:04:30,3,-3,3638.0,6819
2022-10-03 09:04:31,73,30,3638.25,6849
2022-10-03 09:04:32,44,-15,3638.25,6834
2022-10-03 09:04:33,62,3,3638.25,6837
2022-10-03 09:04:34,4,2,3638.25,6839
2022-10-03 09:04:36,67,-14,3638.0,6825
2022-10-03 09:04:37,40,11,3638.0,6836
2022-10-03 09:04:39,2,2,3638.25,6838
2022-10-03 09:04:40,36,-15,3638.0,6823
2022-10-03 09:04:41,4,4,3638.25,6827
2022-10-03 09:04:42,27,16,3638.25,6843
2022-10-03 09:04:43,46,21,3638.25,6864
2022-10-03 09:04:44,63,35,3638.5,6899
2022-10-03 09:04:45,99,47,3638.75,6946
2022-10-03 09:04:46,16,14,3639.0,6960
2022-10-03 09:04:47,23,-7,3638.75,6953
2022-10-03 09:04:48,5,-2,3638.75,6951
2022-10-03 09:04:49,19,-12,3638.75,6939
2022-10-03 09:04:50,11,-7,3638.5,6932
2022-10-03 09:04:51,8,6,3638.5,6938
2022-10-03 09:04:52,13,9,3638.5,6947
2022-10-03 09:04:53,8,6,3638.5,6953
2022-10-03 09:04:55,2,0,3638.75,6953
2022-10-03 09:04:56,43,17,3638.75,6970
2022-10-03 09:04:57,3,1,3638.75,6971
2022-10-03 09:04:58,4,3,3638.75,6974
2022-10-03 09:04:59,2,2,3638.75,6976
2022-10-03 09:05:00,1,1,3638.75,6977
2022-10-03 09:05:01,1,1,3638.75,6978
2022-10-03 09:05:02,41,-11,3638.5,6967
2022-10-03 09:05:03,1,-1,3638.5,6966
2022-10-03 09:05:04,75,-4,3638.75,6962
2022-10-03 09:05:05,1,1,3638.75,6963
2022-10-03 09:05:06,5,5,3638.75,6968
2022-10-03 09:05:08,129,-47,3638.5,6921
2022-10-03 09:05:09,84,-43,3638.5,6878
2022-10-03 09:05:10,51,-11,3637.75,6867
2022-10-03 09:05:11,10,2,3637.75,6869
2022-10-03 09:05:12,10,6,3637.75,6875
2022-10-03 09:05:13,16,8,3638.25,6883
2022-10-03 09:05:15,8,7,3638.25,6890
2022-10-03 09:05:16,2,0,3638.5,6890
2022-10-03 09:05:17,2,-2,3638.25,6888
2022-10-03 09:05:18,14,-12,3638.25,6876
2022-10-03 09:05:19,12,1,3638.25,6877
2022-10-03 09:05:20,77,14,3638.5,6891
2022-10-03 09:05:21,1,1,3638.5,6892
2022-10-03 09:05:22,1,1,3638.75,6893
2022-10-03 09:05:23,6,-4,3638.5,6889
2022-10-03 09:05:24,2,0,3638.5,6889
2022-10-03 09:05:25,16,-7,3638.5,6882
2022-10-03 09:05:26,7,-7,3638.0,6875
2022-10-03 09:05:27,31,13,3638.5,6888
2022-10-03 09:05:28,4,4,3638.5,6892
2022-10-03 09:05:29,14,-6,3638.5,6886
2022-10-03 09:05:31,19,-2,3638.5,6884
2022-10-03 09:05:32,5,-1,3638.5,6883
2022-10-03 09:05:33,2,0,3638.5,6883
2022-10-03 09:05:36,21,-7,3638.25,6876
2022-10-03 09:05:37,65,1,3638.25,6877
2022-10-03 09:05:38,45,-29,3638.0,6848
2022-10-03 09:05:40,6,-6,3637.75,6842
2022-10-03 09:05:41,23,10,3638.0,6852
2022-10-03 09:05:42,8,3,3637.75,6855
2022-10-03 09:05:43,8,-7,3637.5,6848
2022-10-03 09:05:44,1,-1,3637.5,6847
2022-10-03 09:05:45,11,9,3637.75,6856
2022-10-03 09:05:46,11,-9,3637.75,6847
2022-10-03 09:05:47,56,29,3637.75,6876
2022-10-03 09:05:48,21,-2,3637.75,6874
2022-10-03 09:05:49,7,-5,3637.75,6869
2022-10-03 09:05:50,65,27,3638.0,6896
2022-10-03 09:05:51,18,1,3638.0,6897
2022-10-03 09:05:53,2,2,3638.0,6899
2022-10-03 09:05:54,22,-19,3637.75,6880
2022-10-03 09:05:56,48,28,3638.5,6908
2022-10-03 09:05:57,4,2,3638.75,6910
2022-10-03 09:05:59,46,-21,3638.75,6889
2022-10-03 09:06:00,10,5,3638.5,6894
2022-10-03 09:06:01,30,-15,3638.5,6879
2022-10-03 09:06:03,39,21,3638.75,6900
2022-10-03 09:06:04,15,-5,3638.5,6895
2022-10-03 09:06:05,36,-10,3638.25,6885
2022-10-03 09:06:07,49,1,3638.25,6886
2022-10-03 09:06:08,10,-5,3638.25,6881
2022-10-03 09:06:09,18,-1,3638.25,6880
2022-10-03 09:06:10,1,-1,3638.25,6879
2022-10-03 09:06:11,43,-10,3638.5,6869
2022-10-03 09:06:12,2,-1,3638.5,6868
2022-10-03 09:06:15,41,-15,3638.5,6853
2022-10-03 09:06:16,57,1,3638.75,6854
2022-10-03 09:06:17,6,-2,3639.0,6852
2022-10-03 09:06:18,28,-16,3638.75,6836
2022-10-03 09:06:20,29,0,3638.75,6836
2022-10-03 09:06:21,11,-5,3638.75,6831
2022-10-03 09:06:22,6,-6,3638.75,6825
2022-10-03 09:06:23,33,-15,3638.5,6810
2022-10-03 09:06:25,2,0,3638.5,6810
2022-10-03 09:06:26,1,-1,3638.25,6809
2022-10-03 09:06:27,3,1,3638.5,6810
2022-10-03 09:06:28,43,-7,3638.25,6803
2022-10-03 09:06:29,19,3,3638.25,6806
2022-10-03 09:06:30,4,3,3638.5,6809
2022-10-03 09:06:31,1,1,3638.5,6810
2022-10-03 09:06:33,1,1,3638.5,6811
2022-10-03 09:06:34,19,-11,3638.25,6800
2022-10-03 09:06:36,2,-2,3638.25,6798
2022-10-03 09:06:37,15,13,3638.5,6811
2022-10-03 09:06:38,1,-1,3638.5,6810
2022-10-03 09:06:39,92,18,3638.75,6828
2022-10-03 09:06:42,35,-9,3638.75,6819
2022-10-03 09:06:43,9,-2,3638.75,6817
2022-10-03 09:06:44,5,3,3638.75,6820
2022-10-03 09:06:45,10,3,3638.75,6823
2022-10-03 09:06:46,26,-14,3638.5,6809
2022-10-03 09:06:47,3,-3,3638.5,6806
2022-10-03 09:06:48,1,-1,3638.5,6805
2022-10-03 09:06:50,41,-25,3638.5,6780
2022-10-03 09:06:51,57,-29,3638.25,6751
2022-10-03 09:06:52,63,-23,3638.25,6728
2022-10-03 09:06:54,56,-37,3637.75,6691
2022-10-03 09:06:55,38,-21,3637.5,6670
2022-10-03 09:06:56,2,2,3637.5,6672
2022-10-03 09:06:57,47,6,3637.5,6678
2022-10-03 09:06:58,151,-41,3637.25,6637
2022-10-03 09:06:59,30,5,3637.25,6642
2022-10-03 09:07:00,75,28,3637.75,6670
2022-10-03 09:07:01,59,-5,3637.75,6665
2022-10-03 09:07:02,89,28,3638.25,6693
2022-10-03 09:07:03,11,6,3638.25,6699
2022-10-03 09:07:04,31,0,3638.5,6699
2022-10-03 09:07:05,238,38,3639.0,6737
2022-10-03 09:07:06,125,26,3639.25,6763
2022-10-03 09:07:07,15,1,3639.25,6764
2022-10-03 09:07:08,14,10,3639.5,6774
2022-10-03 09:07:09,8,3,3639.5,6777
2022-10-03 09:07:10,17,-9,3639.5,6768
2022-10-03 09:07:11,31,1,3639.5,6769
2022-10-03 09:07:12,44,2,3639.5,6771
2022-10-03 09:07:13,1,-1,3639.25,6770
2022-10-03 09:07:14,5,3,3639.5,6773
2022-10-03 09:07:15,3,-3,3639.25,6770
2022-10-03 09:07:16,28,1,3639.25,6771
2022-10-03 09:07:17,31,13,3639.5,6784
2022-10-03 09:07:21,114,43,3639.75,6827
2022-10-03 09:07:22,209,97,3640.5,6924
2022-10-03 09:07:23,52,-14,3640.25,6910
2022-10-03 09:07:24,4,3,3640.25,6913
2022-10-03 09:07:25,9,3,3640.25,6916
2022-10-03 09:07:26,4,-1,3640.25,6915
2022-10-03 09:07:27,3,1,3640.25,6916
2022-10-03 09:07:28,2,2,3640.25,6918
2022-10-03 09:07:29,4,0,3640.25,6918
2022-10-03 09:07:30,2,0,3640.25,6918
2022-10-03 09:07:31,57,-17,3640.25,6901
2022-10-03 09:07:32,38,-8,3640.25,6893
2022-10-03 09:07:33,85,-28,3640.0,6865
2022-10-03 09:07:34,32,6,3639.75,6871
2022-10-03 09:07:35,10,-3,3639.75,6868
2022-10-03 09:07:36,28,-20,3639.5,6848
2022-10-03 09:07:37,18,-14,3639.25,6834
2022-10-03 09:07:38,15,1,3639.25,6835
2022-10-03 09:07:39,4,-2,3639.25,6833
2022-10-03 09:07:40,134,-2,3639.0,6831
2022-10-03 09:07:41,1,-1,3639.0,6830
2022-10-03 09:07:42,1,-1,3639.0,6829
2022-10-03 09:07:43,18,12,3639.25,6841
2022-10-03 09:07:44,14,0,3639.25,6841
2022-10-03 09:07:45,4,0,3639.5,6841
2022-10-03 09:07:46,2,-2,3639.25,6839
2022-10-03 09:07:47,37,-23,3639.5,6816
2022-10-03 09:07:49,2,-1,3639.0,6815
2022-10-03 09:07:50,27,-7,3639.0,6808
2022-10-03 09:07:52,33,3,3639.0,6811
2022-10-03 09:07:53,52,-2,3639.25,6809
2022-10-03 09:07:54,11,5,3639.25,6814
2022-10-03 09:07:55,7,-2,3639.25,6812
2022-10-03 09:07:56,25,-3,3639.25,6809
2022-10-03 09:07:57,5,3,3639.25,6812
2022-10-03 09:07:58,2,-2,3639.25,6810
2022-10-03 09:07:59,12,0,3639.0,6810
2022-10-03 09:08:00,15,5,3639.25,6815
2022-10-03 09:08:01,22,-4,3639.25,6811
2022-10-03 09:08:02,8,2,3639.25,6813
2022-10-03 09:08:04,67,27,3639.5,6840
2022-10-03 09:08:06,4,-1,3639.5,6839
2022-10-03 09:08:08,2,2,3639.5,6841
2022-10-03 09:08:09,41,-26,3639.25,6815
2022-10-03 09:08:10,9,8,3639.25,6823
2022-10-03 09:08:11,25,-13,3639.5,6810
2022-10-03 09:08:12,2,0,3639.25,6810
2022-10-03 09:08:13,6,3,3639.25,6813
2022-10-03 09:08:14,79,-7,3639.5,6806
2022-10-03 09:08:15,13,-3,3639.5,6803
2022-10-03 09:08:16,9,0,3639.5,6803
2022-10-03 09:08:17,6,4,3639.75,6807
2022-10-03 09:08:18,1,1,3639.75,6808
2022-10-03 09:08:19,65,13,3639.75,6821
2022-10-03 09:08:20,10,4,3639.75,6825
2022-10-03 09:08:21,15,6,3639.75,6831
2022-10-03 09:08:22,1,-1,3639.5,6830
2022-10-03 09:08:23,34,-17,3639.75,6813
2022-10-03 09:08:24,53,-15,3639.5,6798
2022-10-03 09:08:25,17,-6,3639.25,6792
2022-10-03 09:08:27,32,-13,3639.25,6779
2022-10-03 09:08:29,49,-4,3639.25,6775
2022-10-03 09:08:32,3,0,3639.25,6775
2022-10-03 09:08:33,25,-11,3639.25,6764
2022-10-03 09:08:34,4,-3,3639.0,6761
2022-10-03 09:08:35,25,14,3639.25,6775
2022-10-03 09:08:36,4,0,3639.25,6775
2022-10-03 09:08:37,29,-4,3639.25,6771
2022-10-03 09:08:40,12,-10,3639.25,6761
2022-10-03 09:08:41,51,24,3639.5,6785
2022-10-03 09:08:42,1,-1,3639.5,6784
2022-10-03 09:08:43,27,-7,3639.5,6777
2022-10-03 09:08:44,21,-9,3639.5,6768
2022-10-03 09:08:46,57,11,3639.5,6779
2022-10-03 09:08:47,1,1,3639.5,6780
2022-10-03 09:08:48,16,-10,3639.5,6770
2022-10-03 09:08:49,10,0,3639.5,6770
2022-10-03 09:08:51,6,-5,3639.25,6765
2022-10-03 09:08:52,74,26,3639.5,6791
2022-10-03 09:08:53,18,3,3639.75,6794
2022-10-03 09:08:56,17,-10,3639.75,6784
2022-10-03 09:08:57,6,3,3639.75,6787
2022-10-03 09:08:58,4,0,3639.75,6787
2022-10-03 09:08:59,13,-2,3640.0,6785
2022-10-03 09:09:00,1,-1,3639.75,6784
2022-10-03 09:09:01,4,-3,3639.75,6781
2022-10-03 09:09:03,18,4,3640.0,6785
2022-10-03 09:09:04,16,2,3640.0,6787
2022-10-03 09:09:05,178,33,3640.0,6820
2022-10-03 09:09:06,15,-9,3639.5,6811
2022-10-03 09:09:07,1,1,3639.5,6812
2022-10-03 09:09:08,38,-21,3639.5,6791
2022-10-03 09:09:10,20,-13,3639.5,6778
2022-10-03 09:09:11,26,-3,3639.25,6775
2022-10-03 09:09:13,1,-1,3639.25,6774
2022-10-03 09:09:14,33,17,3639.5,6791
2022-10-03 09:09:15,1,-1,3639.5,6790
2022-10-03 09:09:17,5,-4,3639.5,6786
2022-10-03 09:09:20,58,24,3639.75,6810
2022-10-03 09:09:21,9,6,3639.75,6816
2022-10-03 09:09:22,16,-5,3639.5,6811
2022-10-03 09:09:24,8,-5,3639.5,6806
2022-10-03 09:09:25,1,-1,3639.25,6805
2022-10-03 09:09:26,8,4,3639.5,6809
2022-10-03 09:09:27,10,-10,3639.5,6799
2022-10-03 09:09:28,8,-8,3639.25,6791
2022-10-03 09:09:29,3,-1,3639.25,6790
2022-10-03 09:09:31,15,11,3639.5,6801
2022-10-03 09:09:32,2,-2,3639.5,6799
2022-10-03 09:09:33,18,-3,3639.5,6796
2022-10-03 09:09:34,11,-8,3639.5,6788
2022-10-03 09:09:35,68,-36,3639.25,6752
2022-10-03 09:09:36,113,-27,3639.0,6725
2022-10-03 09:09:37,6,5,3639.25,6730
2022-10-03 09:09:38,1,-1,3639.0,6729
2022-10-03 09:09:39,32,-5,3639.0,6724
2022-10-03 09:09:40,38,-7,3639.0,6717
2022-10-03 09:09:41,2,-1,3639.0,6716
2022-10-03 09:09:42,17,-2,3639.0,6714
2022-10-03 09:09:43,24,7,3639.0,6721
2022-10-03 09:09:44,34,-9,3639.25,6712
2022-10-03 09:09:45,31,-11,3639.0,6701
2022-10-03 09:09:46,22,-11,3639.0,6690
2022-10-03 09:09:47,1,-1,3639.0,6689
2022-10-03 09:09:49,2,-2,3639.0,6687
2022-10-03 09:09:50,32,8,3639.25,6695
2022-10-03 09:09:51,17,3,3639.25,6698
2022-10-03 09:09:52,1,-1,3639.0,6697
2022-10-03 09:09:53,10,-8,3639.0,6689
2022-10-03 09:09:54,34,24,3639.5,6713
2022-10-03 09:09:55,3,3,3639.5,6716
2022-10-03 09:09:56,1,-1,3639.25,6715
2022-10-03 09:09:57,83,9,3639.5,6724
2022-10-03 09:09:58,1,1,3639.0,6725
2022-10-03 09:09:59,3,1,3639.0,6726
2022-10-03 09:10:00,98,-25,3639.25,6701
2022-10-03 09:10:02,1,1,3639.25,6702
2022-10-03 09:10:03,6,6,3639.25,6708
2022-10-03 09:10:05,75,19,3639.75,6727
2022-10-03 09:10:06,5,0,3639.75,6727
2022-10-03 09:10:07,1,-1,3639.5,6726
2022-10-03 09:10:08,2,2,3639.75,6728
2022-10-03 09:10:09,28,-5,3639.75,6723
2022-10-03 09:10:10,20,4,3639.5,6727
2022-10-03 09:10:12,101,-4,3639.5,6723
2022-10-03 09:10:14,2,2,3639.25,6725
2022-10-03 09:10:15,1,1,3639.25,6726
2022-10-03 09:10:16,7,4,3639.25,6730
2022-10-03 09:10:19,24,-1,3639.25,6729
2022-10-03 09:10:20,8,2,3639.25,6731
2022-10-03 09:10:21,8,-5,3639.25,6726
2022-10-03 09:10:23,1,-1,3639.0,6725
2022-10-03 09:10:24,2,-1,3639.0,6724
2022-10-03 09:10:25,47,-17,3639.0,6707
2022-10-03 09:10:26,114,19,3639.5,6726
2022-10-03 09:10:28,36,-14,3639.25,6712
2022-10-03 09:10:29,10,4,3639.25,6716
2022-10-03 09:10:30,14,10,3639.25,6726
2022-10-03 09:10:32,3,3,3639.5,6729
2022-10-03 09:10:34,23,2,3639.25,6731
2022-10-03 09:10:35,8,-7,3639.0,6724
2022-10-03 09:10:37,61,-10,3639.0,6714
2022-10-03 09:10:38,21,2,3639.0,6716
2022-10-03 09:10:40,3,-2,3639.0,6714
2022-10-03 09:10:41,47,24,3639.25,6738
2022-10-03 09:10:42,1,-1,3639.25,6737
2022-10-03 09:10:44,2,2,3639.5,6739
2022-10-03 09:10:45,20,-7,3639.5,6732
2022-10-03 09:10:46,38,22,3639.25,6754
2022-10-03 09:10:47,3,-2,3639.0,6752
2022-10-03 09:10:49,18,-10,3639.0,6742
2022-10-03 09:10:50,36,16,3639.0,6758
2022-10-03 09:10:51,11,10,3639.0,6768
2022-10-03 09:10:52,4,2,3639.0,6770
2022-10-03 09:10:53,17,14,3639.0,6784
2022-10-03 09:10:54,20,-4,3639.0,6780
2022-10-03 09:10:55,143,-30,3639.0,6750
2022-10-03 09:10:56,23,21,3639.0,6771
2022-10-03 09:10:57,12,-7,3638.75,6764
2022-10-03 09:10:58,15,2,3638.75,6766
2022-10-03 09:10:59,2,-1,3638.75,6765
2022-10-03 09:11:00,86,-90,3638.75,6675
2022-10-03 09:11:01,76,15,3639.25,6690
2022-10-03 09:11:02,13,-1,3639.0,6689
2022-10-03 09:11:03,24,-9,3639.0,6680
2022-10-03 09:11:04,13,3,3639.0,6683
2022-10-03 09:11:05,7,-6,3639.0,6677
2022-10-03 09:11:06,3,-3,3638.75,6674
2022-10-03 09:11:08,19,12,3639.0,6686
2022-10-03 09:11:09,1,-1,3638.75,6685
2022-10-03 09:11:10,15,-12,3638.75,6673
2022-10-03 09:11:11,1,1,3639.0,6674
2022-10-03 09:11:12,11,-10,3638.75,6664
2022-10-03 09:11:13,1,-1,3638.5,6663
2022-10-03 09:11:14,72,-48,3638.5,6615
2022-10-03 09:11:16,38,-22,3638.5,6593
2022-10-03 09:11:17,5,5,3638.5,6598
2022-10-03 09:11:18,2,2,3638.5,6600
2022-10-03 09:11:20,37,17,3638.5,6617
2022-10-03 09:11:21,1,-1,3638.25,6616
2022-10-03 09:11:22,23,9,3638.5,6625
2022-10-03 09:11:23,37,20,3639.0,6645
2022-10-03 09:11:24,68,14,3638.75,6659
2022-10-03 09:11:25,29,-11,3638.75,6648
2022-10-03 09:11:26,6,0,3638.75,6648
2022-10-03 09:11:27,8,6,3638.75,6654
2022-10-03 09:11:28,3,-3,3638.75,6651
2022-10-03 09:11:29,8,7,3638.75,6658
2022-10-03 09:11:30,26,5,3639.0,6663
2022-10-03 09:11:31,58,-17,3638.75,6646
2022-10-03 09:11:32,25,-18,3638.25,6628
2022-10-03 09:11:33,24,-7,3638.25,6621
2022-10-03 09:11:34,2,2,3638.25,6623
2022-10-03 09:11:35,8,-8,3638.25,6615
2022-10-03 09:11:37,3,-2,3638.0,6613
2022-10-03 09:11:38,21,11,3638.25,6624
2022-10-03 09:11:40,9,-7,3638.0,6617
2022-10-03 09:11:41,9,8,3638.5,6625
2022-10-03 09:11:42,24,-18,3638.25,6607
2022-10-03 09:11:45,18,-10,3638.25,6597
2022-10-03 09:11:46,8,-1,3638.5,6596
2022-10-03 09:11:48,3,1,3638.5,6597
2022-10-03 09:11:49,5,-4,3638.25,6593
2022-10-03 09:11:50,5,-3,3638.25,6590
2022-10-03 09:11:51,11,2,3638.25,6592
2022-10-03 09:11:52,7,1,3638.25,6593
2022-10-03 09:11:54,4,-3,3638.25,6590
2022-10-03 09:11:55,92,36,3638.75,6626
2022-10-03 09:11:56,1,-1,3638.5,6625
2022-10-03 09:11:58,13,6,3638.75,6631
2022-10-03 09:11:59,16,-10,3638.5,6621
2022-10-03 09:12:00,17,11,3638.5,6632
2022-10-03 09:12:01,2,1,3638.75,6633
2022-10-03 09:12:02,2,-1,3638.5,6632
2022-10-03 09:12:03,38,-5,3638.5,6627
2022-10-03 09:12:04,2,0,3638.75,6627
2022-10-03 09:12:06,24,-8,3638.5,6619
2022-10-03 09:12:07,13,-12,3638.25,6607
2022-10-03 09:12:08,1,1,3638.25,6608
2022-10-03 09:12:09,5,3,3638.25,6611
2022-10-03 09:12:10,2,0,3638.25,6611
2022-10-03 09:12:12,19,-16,3638.0,6595
2022-10-03 09:12:13,27,2,3638.0,6597
2022-10-03 09:12:14,2,2,3638.0,6599
2022-10-03 09:12:15,10,8,3638.0,6607
2022-10-03 09:12:16,12,-9,3637.75,6598
2022-10-03 09:12:18,8,-5,3638.0,6593
2022-10-03 09:12:19,17,4,3638.0,6597
2022-10-03 09:12:20,36,-26,3638.25,6571
2022-10-03 09:12:21,49,16,3638.5,6587
2022-10-03 09:12:22,4,-4,3638.0,6583
2022-10-03 09:12:23,9,3,3638.5,6586
2022-10-03 09:12:24,1,-1,3638.25,6585
2022-10-03 09:12:26,98,17,3638.75,6602
2022-10-03 09:12:28,62,14,3639.0,6616
2022-10-03 09:12:29,30,-1,3638.75,6615
2022-10-03 09:12:30,25,-1,3638.75,6614
2022-10-03 09:12:31,1,1,3638.75,6615
2022-10-03 09:12:32,62,-5,3638.75,6610
2022-10-03 09:12:33,30,-5,3638.75,6605
2022-10-03 09:12:34,10,1,3638.75,6606
2022-10-03 09:12:35,35,-8,3638.75,6598
2022-10-03 09:12:36,66,-14,3638.75,6584
2022-10-03 09:12:38,2,2,3638.75,6586
2022-10-03 09:12:39,10,-6,3638.5,6580
2022-10-03 09:12:41,28,-17,3638.5,6563
2022-10-03 09:12:42,33,26,3638.75,6589
2022-10-03 09:12:43,72,-20,3639.0,6569
2022-10-03 09:12:44,69,12,3639.0,6581
2022-10-03 09:12:45,14,8,3639.0,6589
2022-10-03 09:12:47,27,-5,3639.0,6584
2022-10-03 09:12:48,9,4,3639.0,6588
2022-10-03 09:12:49,2,-2,3639.0,6586
2022-10-03 09:12:50,1,1,3639.25,6587
2022-10-03 09:12:51,69,8,3639.25,6595
2022-10-03 09:12:52,24,16,3639.5,6611
2022-10-03 09:12:53,74,-29,3639.25,6582
2022-10-03 09:12:55,3,1,3639.25,6583
2022-10-03 09:12:56,1,1,3639.25,6584
2022-10-03 09:12:57,5,5,3639.25,6589
2022-10-03 09:12:58,3,1,3639.5,6590
2022-10-03 09:13:00,111,11,3640.0,6601
2022-10-03 09:13:01,46,-14,3639.5,6587
2022-10-03 09:13:02,15,14,3639.5,6601
2022-10-03 09:13:03,31,-1,3639.75,6600
2022-10-03 09:13:04,5,-4,3639.75,6596
2022-10-03 09:13:05,2,1,3640.0,6597
2022-10-03 09:13:06,14,-8,3639.75,6589
2022-10-03 09:13:07,11,5,3640.0,6594
2022-10-03 09:13:08,6,3,3639.75,6597
2022-10-03 09:13:09,1,1,3639.75,6598
2022-10-03 09:13:11,1,1,3639.75,6599
2022-10-03 09:13:12,16,15,3639.75,6614
2022-10-03 09:13:13,1,-1,3639.5,6613
2022-10-03 09:13:14,1,-1,3639.5,6612
2022-10-03 09:13:15,44,-6,3639.5,6606
2022-10-03 09:13:16,11,3,3639.75,6609
2022-10-03 09:13:17,14,-2,3639.75,6607
2022-10-03 09:13:18,19,-4,3639.75,6603
2022-10-03 09:13:19,15,7,3639.75,6610
2022-10-03 09:13:21,16,11,3639.75,6621
2022-10-03 09:13:22,115,19,3640.0,6640
2022-10-03 09:13:23,163,65,3640.5,6705
2022-10-03 09:13:24,12,-3,3640.5,6702
2022-10-03 09:13:25,83,4,3640.75,6706
2022-10-03 09:13:26,14,8,3640.5,6714
2022-10-03 09:13:27,2,1,3640.5,6715
2022-10-03 09:13:28,19,-9,3640.5,6706
2022-10-03 09:13:29,6,6,3640.5,6712
2022-10-03 09:13:30,17,0,3640.5,6712
2022-10-03 09:13:31,2,2,3640.5,6714
2022-10-03 09:13:32,11,8,3640.75,6722
2022-10-03 09:13:33,4,3,3640.75,6725
2022-10-03 09:13:34,15,10,3640.75,6735
2022-10-03 09:13:35,20,16,3641.0,6751
2022-10-03 09:13:36,66,26,3641.0,6777
2022-10-03 09:13:37,44,0,3641.25,6777
2022-10-03 09:13:38,20,2,3641.25,6779
2022-10-03 09:13:39,12,2,3641.0,6781
2022-10-03 09:13:40,7,1,3641.0,6782
2022-10-03 09:13:42,29,-4,3641.0,6778
2022-10-03 09:13:43,27,6,3641.0,6784
2022-10-03 09:13:44,7,5,3641.0,6789
2022-10-03 09:13:45,21,-3,3641.0,6786
2022-10-03 09:13:46,6,5,3641.0,6791
2022-10-03 09:13:47,9,-4,3641.0,6787
2022-10-03 09:13:48,2,-2,3641.0,6785
2022-10-03 09:13:49,2,-2,3641.0,6783
2022-10-03 09:13:50,6,-5,3641.0,6778
2022-10-03 09:13:51,163,36,3641.25,6814
2022-10-03 09:13:52,39,-5,3641.25,6809
2022-10-03 09:13:53,21,-4,3641.0,6805
2022-10-03 09:13:54,1,1,3641.0,6806
2022-10-03 09:13:56,3,-3,3640.75,6803
2022-10-03 09:13:58,2,0,3641.0,6803
2022-10-03 09:13:59,1,1,3641.0,6804
2022-10-03 09:14:00,30,6,3641.0,6810
2022-10-03 09:14:01,20,0,3641.25,6810
2022-10-03 09:14:02,3,1,3641.25,6811
2022-10-03 09:14:03,12,8,3641.25,6819
2022-10-03 09:14:04,1,-1,3641.0,6818
2022-10-03 09:14:05,2,2,3641.25,6820
2022-10-03 09:14:07,7,5,3641.25,6825
2022-10-03 09:14:08,234,85,3641.75,6910
2022-10-03 09:14:09,28,1,3641.5,6911
2022-10-03 09:14:10,54,-3,3641.75,6908
2022-10-03 09:14:11,20,16,3641.75,6924
2022-10-03 09:14:12,211,70,3642.5,6994
2022-10-03 09:14:13,17,12,3642.5,7006
2022-10-03 09:14:14,8,6,3642.5,7012
2022-10-03 09:14:15,216,79,3643.5,7091
2022-10-03 09:14:16,308,-248,3643.5,6843
2022-10-03 09:14:17,77,-15,3642.75,6828
2022-10-03 09:14:18,59,-31,3642.5,6797
2022-10-03 09:14:19,16,11,3642.25,6808
2022-10-03 09:14:20,10,3,3642.25,6811
2022-10-03 09:14:21,20,-1,3642.25,6810
2022-10-03 09:14:22,42,-1,3642.5,6809
2022-10-03 09:14:23,29,-17,3642.25,6792
2022-10-03 09:14:24,11,0,3642.25,6792
2022-10-03 09:14:25,34,13,3642.5,6805
2022-10-03 09:14:26,1,1,3642.75,6806
2022-10-03 09:14:27,19,-11,3642.75,6795
2022-10-03 09:14:28,32,11,3643.0,6806
2022-10-03 09:14:29,38,-13,3642.25,6793
2022-10-03 09:14:30,6,-3,3642.25,6790
2022-10-03 09:14:31,15,10,3642.25,6800
2022-10-03 09:14:32,29,8,3642.25,6808
2022-10-03 09:14:33,1,-1,3642.25,6807
2022-10-03 09:14:34,3,-3,3642.25,6804
2022-10-03 09:14:35,46,12,3642.5,6816
2022-10-03 09:14:36,11,-8,3642.5,6808
2022-10-03 09:14:37,16,1,3642.5,6809
2022-10-03 09:14:38,6,-3,3642.75,6806
2022-10-03 09:14:39,15,-6,3642.5,6800
2022-10-03 09:14:40,6,5,3642.5,6805
2022-10-03 09:14:41,37,-6,3642.5,6799
2022-10-03 09:14:42,50,6,3642.5,6805
2022-10-03 09:14:43,12,1,3642.75,6806
2022-10-03 09:14:44,8,-3,3642.5,6803
2022-10-03 09:14:45,21,-7,3642.5,6796
2022-10-03 09:14:46,79,-10,3642.25,6786
2022-10-03 09:14:47,9,2,3642.25,6788
2022-10-03 09:14:48,4,-2,3642.25,6786
2022-10-03 09:14:49,18,11,3642.25,6797
2022-10-03 09:14:50,4,-4,3642.0,6793
2022-10-03 09:14:51,1,-1,3642.0,6792
2022-10-03 09:14:52,19,8,3642.25,6800
2022-10-03 09:14:54,22,-1,3642.25,6799
2022-10-03 09:14:55,45,6,3642.25,6805
2022-10-03 09:14:56,29,-4,3642.25,6801
2022-10-03 09:14:57,75,17,3642.5,6818
2022-10-03 09:14:58,31,7,3642.5,6825
2022-10-03 09:14:59,4,3,3642.75,6828
2022-10-03 09:15:00,41,-16,3642.5,6812
2022-10-03 09:15:01,13,8,3642.75,6820
2022-10-03 09:15:02,37,-4,3642.75,6816
2022-10-03 09:15:03,28,5,3642.75,6821
2022-10-03 09:15:04,2,2,3643.0,6823
2022-10-03 09:15:05,36,3,3643.0,6826
2022-10-03 09:15:06,21,1,3643.0,6827
2022-10-03 09:15:09,18,-16,3642.5,6811
2022-10-03 09:15:10,18,-3,3642.5,6808
2022-10-03 09:15:11,80,32,3643.0,6840
2022-10-03 09:15:12,11,4,3642.75,6844
2022-10-03 09:15:13,1,-1,3642.75,6843
2022-10-03 09:15:15,22,-9,3642.75,6834
2022-10-03 09:15:16,32,-11,3642.75,6823
2022-10-03 09:15:17,1,1,3642.75,6824
2022-10-03 09:15:18,1,1,3642.75,6825
2022-10-03 09:15:19,22,-1,3642.5,6824
2022-10-03 09:15:20,19,0,3642.75,6824
2022-10-03 09:15:21,26,14,3642.75,6838
2022-10-03 09:15:23,27,-18,3642.75,6820
2022-10-03 09:15:24,118,-29,3642.5,6791
2022-10-03 09:15:25,47,11,3642.5,6802
2022-10-03 09:15:26,33,5,3642.25,6807
2022-10-03 09:15:27,13,-3,3642.25,6804
2022-10-03 09:15:28,65,16,3642.25,6820
2022-10-03 09:15:29,80,-13,3642.25,6807
2022-10-03 09:15:30,5,-2,3642.25,6805
2022-10-03 09:15:31,71,11,3642.5,6816
2022-10-03 09:15:32,1,1,3642.75,6817
2022-10-03 09:15:33,36,17,3643.0,6834
2022-10-03 09:15:34,36,-14,3642.75,6820
2022-10-03 09:15:35,8,-7,3642.75,6813
2022-10-03 09:15:36,39,-18,3642.75,6795
2022-10-03 09:15:37,23,-19,3642.25,6776
2022-10-03 09:15:38,1,-1,3642.25,6775
2022-10-03 09:15:39,21,-2,3642.25,6773
2022-10-03 09:15:40,11,2,3642.25,6775
2022-10-03 09:15:41,2,-2,3642.0,6773
2022-10-03 09:15:42,259,-18,3642.0,6755
2022-10-03 09:15:43,15,-9,3641.5,6746
2022-10-03 09:15:44,6,2,3641.5,6748
2022-10-03 09:15:45,31,-9,3641.25,6739
2022-10-03 09:15:46,2,-2,3641.25,6737
2022-10-03 09:15:47,20,17,3641.75,6754
2022-10-03 09:15:48,3,1,3641.75,6755
2022-10-03 09:15:49,51,-4,3641.5,6751
2022-10-03 09:15:50,29,-3,3641.75,6748
2022-10-03 09:15:51,2,2,3641.75,6750
2022-10-03 09:15:52,16,-6,3641.75,6744
2022-10-03 09:15:53,19,15,3641.75,6759
2022-10-03 09:15:54,9,-5,3641.75,6754
2022-10-03 09:15:56,46,22,3642.0,6776
2022-10-03 09:15:57,2,-2,3641.75,6774
2022-10-03 09:15:58,36,11,3642.0,6785
2022-10-03 09:15:59,12,0,3642.0,6785
2022-10-03 09:16:00,11,-4,3642.0,6781
2022-10-03 09:16:01,53,-14,3642.25,6767
2022-10-03 09:16:02,10,-7,3642.0,6760
2022-10-03 09:16:03,1,-1,3642.0,6759
2022-10-03 09:16:04,1,-1,3642.0,6758
2022-10-03 09:16:05,42,19,3642.25,6777
2022-10-03 09:16:06,14,-13,3642.25,6764
2022-10-03 09:16:07,22,4,3642.0,6768
2022-10-03 09:16:09,31,-15,3642.0,6753
2022-10-03 09:16:10,11,-1,3641.75,6752
2022-10-03 09:16:11,6,4,3641.75,6756
2022-10-03 09:16:12,43,5,3642.0,6761
2022-10-03 09:16:13,24,-5,3641.75,6756
2022-10-03 09:16:14,5,-5,3641.75,6751
2022-10-03 09:16:16,44,6,3641.5,6757
2022-10-03 09:16:17,24,1,3641.5,6758
2022-10-03 09:16:18,2,2,3641.5,6760
2022-10-03 09:16:20,1,-1,3641.5,6759
2022-10-03 09:16:21,32,1,3641.75,6760
2022-10-03 09:16:22,105,-23,3641.25,6737
2022-10-03 09:16:23,55,-14,3641.25,6723
2022-10-03 09:16:24,76,-40,3641.0,6683
2022-10-03 09:16:25,43,15,3641.0,6698
2022-10-03 09:16:26,23,-15,3641.0,6683
2022-10-03 09:16:27,3,3,3641.0,6686
2022-10-03 09:16:28,32,19,3641.0,6705
2022-10-03 09:16:29,5,-4,3641.0,6701
2022-10-03 09:16:30,1,-1,3641.0,6700
2022-10-03 09:16:31,20,5,3641.25,6705
2022-10-03 09:16:32,26,1,3641.0,6706
2022-10-03 09:16:33,9,-5,3640.75,6701
2022-10-03 09:16:34,43,-18,3640.75,6683
2022-10-03 09:16:35,48,-7,3641.0,6676
2022-10-03 09:16:36,3,-1,3640.75,6675
2022-10-03 09:16:37,15,1,3640.75,6676
2022-10-03 09:16:38,2,0,3640.75,6676
2022-10-03 09:16:39,60,-3,3640.75,6673
2022-10-03 09:16:40,86,67,3641.25,6740
2022-10-03 09:16:41,5,3,3641.5,6743
2022-10-03 09:16:42,2,-2,3641.25,6741
2022-10-03 09:16:43,15,-4,3641.25,6737
2022-10-03 09:16:44,84,33,3641.75,6770
2022-10-03 09:16:45,20,-1,3642.0,6769
2022-10-03 09:16:47,41,30,3642.5,6799
2022-10-03 09:16:48,28,9,3642.5,6808
2022-10-03 09:16:49,56,38,3643.0,6846
2022-10-03 09:16:50,3,3,3643.0,6849
2022-10-03 09:16:51,24,21,3643.0,6870
2022-10-03 09:16:52,80,15,3643.0,6885
2022-10-03 09:16:53,144,43,3643.0,6928
2022-10-03 09:16:54,16,10,3643.25,6938
2022-10-03 09:16:55,26,-14,3643.25,6924
2022-10-03 09:16:56,91,42,3643.75,6966
2022-10-03 09:16:57,95,-28,3643.75,6938
2022-10-03 09:16:58,32,16,3643.75,6954
2022-10-03 09:16:59,26,7,3643.75,6961
2022-10-03 09:17:00,35,8,3643.75,6969
2022-10-03 09:17:01,30,6,3643.5,6975
2022-10-03 09:17:02,54,18,3643.75,6993
2022-10-03 09:17:03,5,-1,3643.75,6992
2022-10-03 09:17:04,112,27,3644.25,7019
2022-10-03 09:17:05,17,-7,3644.25,7012
2022-10-03 09:17:06,169,44,3644.5,7056
2022-10-03 09:17:07,17,16,3644.5,7072
2022-10-03 09:17:08,144,-32,3644.5,7040
2022-10-03 09:17:09,30,0,3644.5,7040
2022-10-03 09:17:10,23,4,3644.25,7044
2022-10-03 09:17:11,22,-6,3644.5,7038
2022-10-03 09:17:12,76,-13,3644.5,7025
2022-10-03 09:17:13,7,2,3644.25,7027
2022-10-03 09:17:14,16,6,3644.25,7033
2022-10-03 09:17:15,107,15,3644.25,7048
2022-10-03 09:17:16,6,2,3644.25,7050
2022-10-03 09:17:17,456,150,3644.75,7200
2022-10-03 09:17:18,21,14,3644.75,7214
2022-10-03 09:17:19,6,2,3644.75,7216
2022-10-03 09:17:20,15,9,3644.75,7225
2022-10-03 09:17:21,63,-21,3644.75,7204
2022-10-03 09:17:22,6,-2,3644.75,7202
2022-10-03 09:17:23,163,70,3645.25,7272
2022-10-03 09:17:24,165,95,3645.5,7367
2022-10-03 09:17:25,44,-7,3645.25,7360
2022-10-03 09:17:26,25,-13,3644.75,7347
2022-10-03 09:17:27,100,35,3645.0,7382
2022-10-03 09:17:28,13,-8,3644.5,7374
2022-10-03 09:17:29,32,24,3644.75,7398
2022-10-03 09:17:30,15,-8,3644.5,7390
2022-10-03 09:17:31,46,18,3644.75,7408
2022-10-03 09:17:32,215,-29,3644.5,7379
2022-10-03 09:17:33,24,-15,3644.25,7364
2022-10-03 09:17:34,23,0,3644.25,7364
2022-10-03 09:17:35,57,24,3644.5,7388
2022-10-03 09:17:36,16,0,3644.75,7388
2022-10-03 09:17:37,35,8,3644.75,7396
2022-10-03 09:17:38,18,-4,3645.0,7392
2022-10-03 09:17:39,9,2,3644.75,7394
2022-10-03 09:17:40,16,1,3645.0,7395
2022-10-03 09:17:41,5,-4,3644.75,7391
2022-10-03 09:17:42,48,24,3645.0,7415
2022-10-03 09:17:43,14,-10,3645.0,7405
2022-10-03 09:17:44,14,-5,3644.75,7400
2022-10-03 09:17:45,8,-3,3644.5,7397
2022-10-03 09:17:46,60,-10,3644.5,7387
2022-10-03 09:17:47,66,-13,3644.25,7374
2022-10-03 09:17:48,23,-7,3644.0,7367
2022-10-03 09:17:49,21,16,3644.25,7383
2022-10-03 09:17:50,10,-1,3644.0,7382
2022-10-03 09:17:51,32,13,3644.25,7395
2022-10-03 09:17:52,9,-3,3644.25,7392
2022-10-03 09:17:53,14,-11,3644.25,7381
2022-10-03 09:17:54,21,11,3644.5,7392
2022-10-03 09:17:55,12,-2,3644.5,7390
2022-10-03 09:17:56,19,-6,3644.0,7384
2022-10-03 09:17:57,38,-11,3644.0,7373
2022-10-03 09:17:58,9,-1,3644.0,7372
2022-10-03 09:17:59,135,-70,3644.0,7302
2022-10-03 09:18:00,13,-7,3644.0,7295
2022-10-03 09:18:01,65,-16,3644.0,7279
2022-10-03 09:18:02,90,27,3644.0,7306
2022-10-03 09:18:03,21,-8,3644.0,7298
2022-10-03 09:18:04,2,0,3644.0,7298
2022-10-03 09:18:05,11,1,3644.0,7299
2022-10-03 09:18:06,12,-6,3644.25,7293
2022-10-03 09:18:07,25,9,3644.25,7302
2022-10-03 09:18:08,32,6,3644.5,7308
2022-10-03 09:18:09,8,-6,3644.75,7302
2022-10-03 09:18:10,49,-3,3644.75,7299
2022-10-03 09:18:11,18,3,3645.0,7302
2022-10-03 09:18:12,3,1,3645.0,7303
2022-10-03 09:18:13,2,2,3645.0,7305
2022-10-03 09:18:14,14,2,3645.0,7307
2022-10-03 09:18:15,36,-4,3645.0,7303
2022-10-03 09:18:16,7,2,3645.0,7305
2022-10-03 09:18:17,51,27,3645.25,7332
2022-10-03 09:18:18,2,2,3645.0,7334
2022-10-03 09:18:19,18,-6,3645.0,7328
2022-10-03 09:18:20,20,8,3645.0,7336
2022-10-03 09:18:21,22,13,3645.0,7349
2022-10-03 09:18:22,17,-2,3645.0,7347
2022-10-03 09:18:23,6,2,3644.75,7349
2022-10-03 09:18:24,19,-10,3644.75,7339
2022-10-03 09:18:25,15,-2,3644.5,7337
2022-10-03 09:18:26,8,5,3644.75,7342
2022-10-03 09:18:27,17,-12,3644.5,7330
2022-10-03 09:18:28,3,-1,3644.5,7329
2022-10-03 09:18:29,1,1,3644.5,7330
2022-10-03 09:18:30,1,1,3644.5,7331
2022-10-03 09:18:31,68,-14,3644.75,7317
2022-10-03 09:18:32,4,-2,3644.5,7315
2022-10-03 09:18:34,6,6,3644.5,7321
2022-10-03 09:18:35,57,33,3644.5,7354
2022-10-03 09:18:36,1,1,3644.75,7355
2022-10-03 09:18:37,25,-15,3644.5,7340
2022-10-03 09:18:38,22,-13,3644.5,7327
2022-10-03 09:18:39,18,-8,3644.0,7319
2022-10-03 09:18:40,3,3,3644.0,7322
2022-10-03 09:18:41,24,-1,3644.0,7321
2022-10-03 09:18:42,1,1,3644.0,7322
2022-10-03 09:18:43,34,-9,3644.0,7313
2022-10-03 09:18:44,34,9,3644.0,7322
2022-10-03 09:18:45,16,2,3644.25,7324
2022-10-03 09:18:46,28,-5,3643.75,7319
2022-10-03 09:18:47,98,-6,3643.75,7313
2022-10-03 09:18:48,2,0,3643.75,7313
2022-10-03 09:18:49,44,12,3644.0,7325
2022-10-03 09:18:50,43,2,3644.25,7327
2022-10-03 09:18:51,22,6,3644.0,7333
2022-10-03 09:18:52,114,-57,3644.0,7276
2022-10-03 09:18:53,8,8,3643.75,7284
2022-10-03 09:18:54,84,-6,3643.5,7278
2022-10-03 09:18:55,21,1,3643.75,7279
2022-10-03 09:18:56,27,4,3643.75,7283
2022-10-03 09:18:57,7,-6,3643.5,7277
2022-10-03 09:18:58,8,-1,3643.75,7276
2022-10-03 09:18:59,147,-102,3643.5,7174
2022-10-03 09:19:00,37,19,3643.5,7193
2022-10-03 09:19:02,22,-1,3643.75,7192
2022-10-03 09:19:03,18,-3,3643.75,7189
2022-10-03 09:19:04,42,26,3644.0,7215
2022-10-03 09:19:05,48,-7,3644.25,7208
2022-10-03 09:19:06,8,5,3644.0,7213
2022-10-03 09:19:07,5,3,3644.25,7216
2022-10-03 09:19:08,1,-1,3644.0,7215
2022-10-03 09:19:09,60,33,3644.5,7248
2022-10-03 09:19:10,45,21,3644.5,7269
2022-10-03 09:19:11,9,-4,3644.25,7265
2022-10-03 09:19:12,3,-1,3644.5,7264
2022-10-03 09:19:13,11,-2,3644.5,7262
2022-10-03 09:19:14,14,1,3644.5,7263
2022-10-03 09:19:15,1,-1,3644.0,7262
2022-10-03 09:19:16,16,-13,3644.0,7249
2022-10-03 09:19:17,16,2,3643.75,7251
2022-10-03 09:19:18,9,-4,3643.75,7247
2022-10-03 09:19:19,21,-10,3643.5,7237
2022-10-03 09:19:20,2,0,3643.75,7237
2022-10-03 09:19:22,9,3,3643.75,7240
2022-10-03 09:19:23,38,-16,3643.5,7224
2022-10-03 09:19:24,1,1,3643.75,7225
2022-10-03 09:19:26,36,24,3643.75,7249
2022-10-03 09:19:27,70,-7,3643.5,7242
2022-10-03 09:19:28,71,13,3643.5,7255
2022-10-03 09:19:30,29,19,3643.75,7274
2022-10-03 09:19:31,2,-2,3643.5,7272
2022-10-03 09:19:32,34,20,3643.75,7292
2022-10-03 09:19:33,18,-2,3643.5,7290
2022-10-03 09:19:34,49,4,3643.5,7294
2022-10-03 09:19:35,4,-2,3643.75,7292
2022-10-03 09:19:36,23,6,3643.75,7298
2022-10-03 09:19:37,5,-4,3643.75,7294
2022-10-03 09:19:38,5,-5,3643.75,7289
2022-10-03 09:19:40,12,-2,3643.75,7287
2022-10-03 09:19:41,5,-4,3643.75,7283
2022-10-03 09:19:42,2,2,3644.0,7285
2022-10-03 09:19:43,4,-2,3644.0,7283
2022-10-03 09:19:45,23,14,3644.0,7297
2022-10-03 09:19:46,22,-22,3644.0,7275
2022-10-03 09:19:47,2,2,3643.75,7277
2022-10-03 09:19:49,11,10,3643.75,7287
2022-10-03 09:19:51,2,-2,3643.5,7285
2022-10-03 09:19:52,40,-8,3643.5,7277
2022-10-03 09:19:53,10,-6,3643.5,7271
2022-10-03 09:19:55,11,1,3643.75,7272
2022-10-03 09:19:57,2,-2,3643.5,7270
2022-10-03 09:19:58,28,-1,3644.0,7269
2022-10-03 09:19:59,5,-3,3643.75,7266
2022-10-03 09:20:00,86,23,3643.75,7289
2022-10-03 09:20:01,9,8,3643.75,7297
2022-10-03 09:20:03,12,-2,3643.75,7295
2022-10-03 09:20:04,89,7,3643.75,7302
2022-10-03 09:20:05,69,-28,3643.25,7274
2022-10-03 09:20:06,31,-1,3643.25,7273
2022-10-03 09:20:07,17,-11,3643.25,7262
2022-10-03 09:20:08,11,5,3643.0,7267
2022-10-03 09:20:09,18,-2,3642.75,7265
2022-10-03 09:20:10,151,-12,3642.5,7253
2022-10-03 09:20:11,27,-11,3642.5,7242
2022-10-03 09:20:12,28,11,3642.75,7253
2022-10-03 09:20:13,17,16,3643.0,7269
2022-10-03 09:20:14,21,9,3643.0,7278
2022-10-03 09:20:15,51,-1,3642.75,7277
2022-10-03 09:20:16,39,13,3642.75,7290
2022-10-03 09:20:17,24,-13,3642.75,7277
2022-10-03 09:20:18,1,1,3642.5,7278
2022-10-03 09:20:19,39,6,3642.75,7284
2022-10-03 09:20:20,11,-9,3642.5,7275
2022-10-03 09:20:21,3,-1,3642.5,7274
2022-10-03 09:20:22,49,5,3642.75,7279
2022-10-03 09:20:23,9,-1,3642.5,7278
2022-10-03 09:20:24,73,-19,3642.5,7259
2022-10-03 09:20:25,5,-3,3642.25,7256
2022-10-03 09:20:26,20,17,3642.75,7273
2022-10-03 09:20:27,44,-10,3642.5,7263
2022-10-03 09:20:28,39,12,3642.75,7275
2022-10-03 09:20:29,6,-1,3642.5,7274
2022-10-03 09:20:30,18,8,3642.75,7282
2022-10-03 09:20:31,4,-2,3642.75,7280
2022-10-03 09:20:32,1,-1,3642.5,7279
2022-10-03 09:20:33,17,-6,3642.5,7273
2022-10-03 09:20:34,18,12,3642.75,7285
2022-10-03 09:20:35,108,41,3643.25,7326
2022-10-03 09:20:37,3,1,3643.0,7327
2022-10-03 09:20:38,2,0,3643.0,7327
2022-10-03 09:20:39,42,18,3643.25,7345
2022-10-03 09:20:40,66,6,3643.75,7351
2022-10-03 09:20:41,16,1,3643.75,7352
2022-10-03 09:20:42,19,13,3644.0,7365
2022-10-03 09:20:43,22,18,3644.25,7383
2022-10-03 09:20:45,2,-2,3644.0,7381
2022-10-03 09:20:46,25,-17,3644.0,7364
2022-10-03 09:20:48,26,-21,3644.0,7343
2022-10-03 09:20:49,11,4,3643.75,7347
2022-10-03 09:20:50,25,-12,3644.0,7335
2022-10-03 09:20:51,2,-2,3643.75,7333
2022-10-03 09:20:52,9,-9,3643.5,7324
2022-10-03 09:20:53,11,10,3643.75,7334
2022-10-03 09:20:54,12,-7,3643.5,7327
2022-10-03 09:20:55,3,3,3643.5,7330
2022-10-03 09:20:56,24,-7,3643.25,7323
2022-10-03 09:20:58,16,6,3643.5,7329
2022-10-03 09:20:59,13,4,3643.5,7333
2022-10-03 09:21:00,23,-8,3643.5,7325
2022-10-03 09:21:01,40,20,3644.0,7345
2022-10-03 09:21:02,17,-5,3643.75,7340
2022-10-03 09:21:03,30,12,3644.0,7352
2022-10-03 09:21:04,29,-2,3644.0,7350
2022-10-03 09:21:05,7,0,3643.75,7350
2022-10-03 09:21:06,11,11,3644.0,7361
2022-10-03 09:21:07,11,-2,3644.0,7359
2022-10-03 09:21:08,22,-2,3643.75,7357
2022-10-03 09:21:09,1,-1,3643.5,7356
2022-10-03 09:21:10,28,-3,3643.5,7353
2022-10-03 09:21:11,15,5,3643.5,7358
2022-10-03 09:21:12,1,1,3643.5,7359
2022-10-03 09:21:13,14,4,3643.5,7363
2022-10-03 09:21:14,4,-4,3643.5,7359
2022-10-03 09:21:15,41,0,3643.75,7359
2022-10-03 09:21:16,10,-10,3643.5,7349
2022-10-03 09:21:17,3,1,3643.5,7350
2022-10-03 09:21:19,1,-1,3643.25,7349
2022-10-03 09:21:20,31,-3,3643.25,7346
2022-10-03 09:21:21,1,-1,3643.25,7345
2022-10-03 09:21:22,20,2,3643.5,7347
2022-10-03 09:21:23,76,63,3643.75,7410
2022-10-03 09:21:25,2,-2,3643.25,7408
2022-10-03 09:21:26,26,7,3643.5,7415
2022-10-03 09:21:27,8,-2,3643.5,7413
2022-10-03 09:21:28,31,-14,3643.5,7399
2022-10-03 09:21:29,1,1,3643.25,7400
2022-10-03 09:21:30,1,1,3643.25,7401
2022-10-03 09:21:31,37,14,3643.25,7415
2022-10-03 09:21:32,47,-29,3643.25,7386
2022-10-03 09:21:33,4,3,3643.0,7389
2022-10-03 09:21:34,24,-17,3642.75,7372
2022-10-03 09:21:35,33,5,3643.0,7377
2022-10-03 09:21:36,36,-6,3643.25,7371
2022-10-03 09:21:37,4,0,3643.25,7371
2022-10-03 09:21:40,49,5,3643.25,7376
2022-10-03 09:21:41,18,0,3643.25,7376
2022-10-03 09:21:42,4,0,3643.25,7376
2022-10-03 09:21:43,1,-1,3643.0,7375
2022-10-03 09:21:44,12,-6,3643.25,7369
2022-10-03 09:21:45,40,-12,3643.25,7357
2022-10-03 09:21:46,58,-20,3642.75,7337
2022-10-03 09:21:47,68,-41,3642.5,7296
2022-10-03 09:21:48,24,17,3642.75,7313
2022-10-03 09:21:49,41,17,3642.75,7330
2022-10-03 09:21:50,23,-1,3643.0,7329
2022-10-03 09:21:52,1,-1,3642.75,7328
2022-10-03 09:21:53,35,12,3642.75,7340
2022-10-03 09:21:54,17,-8,3642.75,7332
2022-10-03 09:21:55,36,9,3642.75,7341
2022-10-03 09:21:56,138,8,3643.0,7349
2022-10-03 09:21:57,12,9,3643.0,7358
2022-10-03 09:21:58,102,38,3643.25,7396
2022-10-03 09:21:59,1,-1,3643.0,7395
2022-10-03 09:22:00,16,-11,3643.0,7384
2022-10-03 09:22:01,2,-2,3642.75,7382
2022-10-03 09:22:02,12,-6,3642.75,7376
2022-10-03 09:22:03,20,-13,3642.75,7363
2022-10-03 09:22:04,63,-15,3642.75,7348
2022-10-03 09:22:05,6,2,3642.5,7350
2022-10-03 09:22:06,31,-2,3642.75,7348
2022-10-03 09:22:07,3,-1,3642.5,7347
2022-10-03 09:22:08,20,-1,3642.5,7346
2022-10-03 09:22:09,1,-1,3642.25,7345
2022-10-03 09:22:10,1,1,3642.5,7346
2022-10-03 09:22:11,16,6,3642.5,7352
2022-10-03 09:22:12,18,3,3642.5,7355
2022-10-03 09:22:14,39,0,3642.25,7355
2022-10-03 09:22:15,22,-19,3642.0,7336
2022-10-03 09:22:16,18,6,3642.25,7342
2022-10-03 09:22:17,6,-1,3642.25,7341
2022-10-03 09:22:18,7,5,3642.25,7346
2022-10-03 09:22:20,9,-6,3642.0,7340
2022-10-03 09:22:21,73,-13,3642.5,7327
2022-10-03 09:22:22,16,-3,3642.5,7324
2022-10-03 09:22:24,30,-9,3642.0,7315
2022-10-03 09:22:25,1,-1,3641.75,7314
2022-10-03 09:22:26,20,-15,3642.0,7299
2022-10-03 09:22:27,1,-1,3641.75,7298
2022-10-03 09:22:28,4,-3,3641.75,7295
2022-10-03 09:22:29,2,0,3642.0,7295
2022-10-03 09:22:31,65,-4,3642.0,7291
2022-10-03 09:22:32,1,1,3641.75,7292
2022-10-03 09:22:33,3,-2,3641.75,7290
2022-10-03 09:22:34,30,-20,3642.0,7270
2022-10-03 09:22:35,6,-3,3641.75,7267
2022-10-03 09:22:36,3,2,3641.75,7269
2022-10-03 09:22:37,9,-6,3641.5,7263
2022-10-03 09:22:38,12,-5,3641.75,7258
2022-10-03 09:22:39,24,-11,3641.75,7247
2022-10-03 09:22:40,1,-1,3641.5,7246
2022-10-03 09:22:41,1,-1,3641.5,7245
2022-10-03 09:22:42,31,8,3641.75,7253
2022-10-03 09:22:43,9,-3,3641.5,7250
2022-10-03 09:22:44,53,12,3641.5,7262
2022-10-03 09:22:45,2,2,3641.5,7264
2022-10-03 09:22:46,6,4,3641.5,7268
2022-10-03 09:22:47,22,-19,3641.25,7249
2022-10-03 09:22:48,16,-12,3641.25,7237
2022-10-03 09:22:49,14,-5,3641.5,7232
2022-10-03 09:22:50,104,-42,3641.25,7190
2022-10-03 09:22:51,25,15,3641.0,7205
2022-10-03 09:22:52,46,-14,3641.0,7191
2022-10-03 09:22:53,3,-3,3640.75,7188
2022-10-03 09:22:54,22,-3,3640.75,7185
2022-10-03 09:22:55,56,-6,3641.0,7179
2022-10-03 09:22:56,30,-22,3641.0,7157
2022-10-03 09:22:57,10,2,3641.0,7159
2022-10-03 09:22:58,4,-1,3641.0,7158
2022-10-03 09:22:59,1,1,3641.0,7159
2022-10-03 09:23:00,82,-12,3641.0,7147
2022-10-03 09:23:01,9,-4,3641.0,7143
2022-10-03 09:23:02,23,-11,3641.0,7132
2022-10-03 09:23:03,12,5,3641.0,7137
2022-10-03 09:23:04,25,-28,3641.0,7109
2022-10-03 09:23:05,23,10,3641.0,7119
2022-10-03 09:23:06,40,-27,3640.5,7092
2022-10-03 09:23:07,25,14,3640.75,7106
2022-10-03 09:23:08,13,-10,3640.75,7096
2022-10-03 09:23:09,1,-1,3640.75,7095
2022-10-03 09:23:11,23,19,3641.25,7114
2022-10-03 09:23:12,14,-9,3641.25,7105
2022-10-03 09:23:13,17,10,3641.0,7115
2022-10-03 09:23:14,51,-9,3641.0,7106
2022-10-03 09:23:15,38,-26,3641.0,7080
2022-10-03 09:23:16,78,-9,3640.75,7071
2022-10-03 09:23:17,13,3,3640.75,7074
2022-10-03 09:23:19,26,-5,3640.75,7069
2022-10-03 09:23:20,1,1,3640.75,7070
2022-10-03 09:23:21,1,-1,3640.5,7069
2022-10-03 09:23:22,15,-7,3640.5,7062
2022-10-03 09:23:23,15,12,3640.5,7074
2022-10-03 09:23:24,26,0,3640.5,7074
2022-10-03 09:23:25,23,15,3640.75,7089
2022-10-03 09:23:26,11,-6,3640.5,7083
2022-10-03 09:23:27,1,-1,3640.5,7082
2022-10-03 09:23:28,1,-1,3640.5,7081
2022-10-03 09:23:29,2,-1,3640.5,7080
2022-10-03 09:23:30,22,4,3640.5,7084
2022-10-03 09:23:31,3,-2,3640.5,7082
2022-10-03 09:23:32,4,1,3640.5,7083
2022-10-03 09:23:33,5,-5,3640.5,7078
2022-10-03 09:23:34,14,-5,3640.5,7073
2022-10-03 09:23:35,33,-2,3640.5,7071
2022-10-03 09:23:36,10,4,3640.75,7075
2022-10-03 09:23:37,3,-1,3640.75,7074
2022-10-03 09:23:38,7,-2,3640.5,7072
2022-10-03 09:23:39,56,-12,3640.5,7060
2022-10-03 09:23:40,14,9,3640.5,7069
2022-10-03 09:23:42,30,-12,3640.5,7057
2022-10-03 09:23:43,2,2,3640.5,7059
2022-10-03 09:23:44,51,41,3640.75,7100
2022-10-03 09:23:45,2,-2,3640.25,7098
2022-10-03 09:23:46,10,0,3640.5,7098
2022-10-03 09:23:47,7,2,3640.5,7100
2022-10-03 09:23:48,5,4,3640.5,7104
2022-10-03 09:23:49,6,2,3640.5,7106
2022-10-03 09:23:50,4,0,3640.5,7106
2022-10-03 09:23:52,81,18,3640.5,7124
2022-10-03 09:23:53,23,9,3640.5,7133
2022-10-03 09:23:54,31,-4,3640.75,7129
2022-10-03 09:23:55,3,1,3640.75,7130
2022-10-03 09:23:56,37,-18,3640.5,7112
2022-10-03 09:23:57,13,-10,3640.5,7102
2022-10-03 09:23:58,1,-1,3640.25,7101
2022-10-03 09:23:59,26,-17,3640.25,7084
2022-10-03 09:24:00,25,4,3640.25,7088
2022-10-03 09:24:01,5,-2,3640.25,7086
2022-10-03 09:24:02,45,-19,3640.25,7067
2022-10-03 09:24:03,21,11,3640.5,7078
2022-10-03 09:24:04,13,-1,3640.5,7077
2022-10-03 09:24:05,10,-4,3640.75,7073
2022-10-03 09:24:06,16,-5,3640.75,7068
2022-10-03 09:24:07,3,3,3640.5,7071
2022-10-03 09:24:08,20,6,3640.5,7077
2022-10-03 09:24:09,15,1,3640.75,7078
2022-10-03 09:24:10,129,32,3640.75,7110
2022-10-03 09:24:12,13,6,3640.75,7116
2022-10-03 09:24:13,2,2,3640.75,7118
2022-10-03 09:24:14,18,1,3640.75,7119
2022-10-03 09:24:15,27,3,3641.0,7122
2022-10-03 09:24:16,15,-11,3641.0,7111
2022-10-03 09:24:17,4,1,3640.75,7112
2022-10-03 09:24:18,47,-25,3640.75,7087
2022-10-03 09:24:19,750,-73,3640.75,7014
2022-10-03 09:24:20,245,42,3640.25,7056
2022-10-03 09:24:21,6,-5,3640.0,7051
2022-10-03 09:24:22,41,-4,3640.0,7047
2022-10-03 09:24:23,4,-4,3640.0,7043
2022-10-03 09:24:24,36,-16,3640.0,7027
2022-10-03 09:24:25,14,10,3640.25,7037
2022-10-03 09:24:27,5,-5,3640.25,7032
2022-10-03 09:24:28,7,-3,3640.25,7029
2022-10-03 09:24:29,6,-5,3640.25,7024
2022-10-03 09:24:30,21,8,3640.5,7032
2022-10-03 09:24:31,9,7,3640.5,7039
2022-10-03 09:24:32,65,-22,3640.75,7017
2022-10-03 09:24:34,1,-1,3640.5,7016
2022-10-03 09:24:35,11,-4,3640.75,7012
2022-10-03 09:24:36,11,-9,3640.5,7003
2022-10-03 09:24:37,1,1,3640.5,7004
2022-10-03 09:24:38,10,2,3640.5,7006
2022-10-03 09:24:41,1,-1,3640.25,7005
2022-10-03 09:24:42,3,-3,3640.25,7002
2022-10-03 09:24:43,28,-20,3640.25,6982
2022-10-03 09:24:44,4,3,3640.5,6985
2022-10-03 09:24:47,50,9,3640.5,6994
2022-10-03 09:24:48,3,-1,3640.5,6993
2022-10-03 09:24:49,41,5,3640.25,6998
2022-10-03 09:24:50,1,1,3640.5,6999
2022-10-03 09:24:51,24,5,3640.25,7004
2022-10-03 09:24:52,8,3,3640.25,7007
2022-10-03 09:24:53,26,-7,3640.25,7000
2022-10-03 09:24:54,1,1,3640.25,7001
2022-10-03 09:24:55,2,2,3640.25,7003
2022-10-03 09:24:56,2,-2,3640.0,7001
2022-10-03 09:24:58,1,-1,3640.0,7000
2022-10-03 09:24:59,119,-10,3640.0,6990
2022-10-03 09:25:00,333,-118,3640.0,6872
2022-10-03 09:25:01,53,7,3639.75,6879
2022-10-03 09:25:02,37,-8,3639.75,6871
2022-10-03 09:25:03,31,-1,3639.5,6870
2022-10-03 09:25:04,114,-53,3639.75,6817
2022-10-03 09:25:05,175,-35,3639.5,6782
2022-10-03 09:25:06,22,10,3639.25,6792
2022-10-03 09:25:07,53,-32,3639.5,6760
2022-10-03 09:25:08,5,-3,3639.25,6757
2022-10-03 09:25:09,22,7,3639.25,6764
2022-10-03 09:25:10,42,-22,3639.25,6742
2022-10-03 09:25:11,36,8,3639.0,6750
2022-10-03 09:25:12,19,-8,3639.0,6742
2022-10-03 09:25:13,5,-2,3638.75,6740
2022-10-03 09:25:14,14,-12,3638.75,6728
2022-10-03 09:25:15,57,-12,3638.75,6716
2022-10-03 09:25:16,9,-9,3638.5,6707
2022-10-03 09:25:17,12,-7,3638.5,6700
2022-10-03 09:25:18,2,-2,3638.5,6698
2022-10-03 09:25:19,4,2,3638.75,6700
2022-10-03 09:25:20,9,3,3638.75,6703
2022-10-03 09:25:21,1,-1,3638.5,6702
2022-10-03 09:25:22,73,-32,3638.75,6670
2022-10-03 09:25:23,41,6,3639.0,6676
2022-10-03 09:25:24,14,0,3639.0,6676
2022-10-03 09:25:25,99,-7,3639.0,6669
2022-10-03 09:25:26,23,-4,3639.0,6665
2022-10-03 09:25:29,26,-11,3638.75,6654
2022-10-03 09:25:30,22,-13,3638.5,6641
2022-10-03 09:25:31,4,2,3638.75,6643
2022-10-03 09:25:32,37,20,3638.75,6663
2022-10-03 09:25:33,23,-11,3639.0,6652
2022-10-03 09:25:34,72,-32,3639.0,6620
2022-10-03 09:25:36,7,1,3639.0,6621
2022-10-03 09:25:37,17,-5,3638.75,6616
2022-10-03 09:25:38,50,-23,3638.5,6593
2022-10-03 09:25:39,1,1,3638.75,6594
2022-10-03 09:25:41,1,-1,3638.5,6593
2022-10-03 09:25:42,4,0,3638.75,6593
2022-10-03 09:25:43,1,1,3638.75,6594
2022-10-03 09:25:44,1,1,3638.75,6595
2022-10-03 09:25:45,57,-26,3638.75,6569
2022-10-03 09:25:46,21,9,3638.75,6578
2022-10-03 09:25:48,42,-17,3638.5,6561
2022-10-03 09:25:49,1,1,3638.75,6562
2022-10-03 09:25:50,9,-5,3638.5,6557
2022-10-03 09:25:52,112,-7,3638.75,6550
2022-10-03 09:25:53,8,8,3638.75,6558
2022-10-03 09:25:55,33,13,3639.0,6571
2022-10-03 09:25:56,47,-12,3638.75,6559
2022-10-03 09:25:57,5,5,3639.0,6564
2022-10-03 09:25:58,23,4,3639.0,6568
2022-10-03 09:25:59,53,8,3639.25,6576
2022-10-03 09:26:02,95,-23,3639.25,6553
2022-10-03 09:26:03,2,0,3638.75,6553
2022-10-03 09:26:04,54,-14,3638.75,6539
2022-10-03 09:26:05,24,-9,3639.0,6530
2022-10-03 09:26:07,3,1,3638.75,6531
2022-10-03 09:26:08,16,-15,3638.5,6516
2022-10-03 09:26:09,68,9,3638.75,6525
2022-10-03 09:26:11,63,-9,3639.0,6516
2022-10-03 09:26:12,28,-4,3638.75,6512
2022-10-03 09:26:13,12,-6,3638.75,6506
2022-10-03 09:26:14,1,1,3638.75,6507
2022-10-03 09:26:15,28,4,3638.75,6511
2022-10-03 09:26:16,4,1,3639.0,6512
2022-10-03 09:26:17,15,-11,3638.75,6501
2022-10-03 09:26:18,49,2,3638.75,6503
2022-10-03 09:26:19,9,0,3638.75,6503
2022-10-03 09:26:20,95,-12,3638.5,6491
2022-10-03 09:26:21,17,-9,3638.75,6482
2022-10-03 09:26:22,13,0,3638.5,6482
2022-10-03 09:26:23,15,-2,3638.5,6480
2022-10-03 09:26:24,89,-15,3638.5,6465
2022-10-03 09:26:25,3,1,3638.25,6466
2022-10-03 09:26:26,1,1,3638.25,6467
2022-10-03 09:26:27,44,-4,3638.25,6463
2022-10-03 09:26:28,42,4,3638.25,6467
2022-10-03 09:26:29,41,-5,3638.25,6462
2022-10-03 09:26:30,102,-35,3638.0,6427
2022-10-03 09:26:31,42,14,3638.0,6441
2022-10-03 09:26:32,36,-10,3638.0,6431
2022-10-03 09:26:33,187,-113,3638.25,6318
2022-10-03 09:26:34,13,-8,3637.5,6310
2022-10-03 09:26:35,26,-17,3637.5,6293
2022-10-03 09:26:36,68,6,3637.5,6299
2022-10-03 09:26:37,16,2,3637.5,6301
2022-10-03 09:26:38,6,6,3637.75,6307
2022-10-03 09:26:39,4,4,3637.75,6311
2022-10-03 09:26:40,15,11,3638.0,6322
2022-10-03 09:26:41,13,-9,3638.0,6313
2022-10-03 09:26:42,38,-13,3637.75,6300
2022-10-03 09:26:43,41,27,3638.0,6327
2022-10-03 09:26:44,121,2,3638.0,6329
2022-10-03 09:26:45,17,6,3638.25,6335
2022-10-03 09:26:46,40,22,3638.25,6357
2022-10-03 09:26:47,38,4,3638.25,6361
2022-10-03 09:26:48,16,-4,3638.25,6357
2022-10-03 09:26:49,4,1,3638.25,6358
2022-10-03 09:26:50,7,0,3638.25,6358
2022-10-03 09:26:51,20,7,3638.75,6365
2022-10-03 09:26:52,71,27,3638.75,6392
2022-10-03 09:26:53,81,-7,3638.5,6385
2022-10-03 09:26:54,14,3,3638.5,6388
2022-10-03 09:26:55,53,7,3638.5,6395
2022-10-03 09:26:56,83,-35,3638.5,6360
2022-10-03 09:26:57,34,-3,3638.5,6357
2022-10-03 09:26:58,27,5,3638.25,6362
2022-10-03 09:26:59,38,-11,3638.25,6351
2022-10-03 09:27:00,39,-7,3638.5,6344
2022-10-03 09:27:01,11,-4,3638.5,6340
2022-10-03 09:27:02,14,6,3638.5,6346
2022-10-03 09:27:03,66,50,3638.75,6396
2022-10-03 09:27:04,73,19,3639.0,6415
2022-10-03 09:27:05,16,9,3639.0,6424
2022-10-03 09:27:06,16,7,3639.0,6431
2022-10-03 09:27:07,31,-3,3639.0,6428
2022-10-03 09:27:08,4,1,3639.0,6429
2022-10-03 09:27:09,2,2,3639.0,6431
2022-10-03 09:27:10,31,-4,3639.0,6427
2022-10-03 09:27:12,68,-12,3638.75,6415
2022-10-03 09:27:13,32,-11,3639.0,6404
2022-10-03 09:27:14,45,27,3639.0,6431
2022-10-03 09:27:15,19,-4,3639.0,6427
2022-10-03 09:27:16,43,-12,3638.75,6415
2022-10-03 09:27:17,25,6,3638.5,6421
2022-10-03 09:27:18,3,3,3638.5,6424
2022-10-03 09:27:19,31,-22,3638.25,6402
2022-10-03 09:27:20,22,8,3638.25,6410
2022-10-03 09:27:21,1,1,3638.25,6411
2022-10-03 09:27:22,50,-28,3638.0,6383
2022-10-03 09:27:23,42,-8,3637.5,6375
2022-10-03 09:27:24,59,18,3637.75,6393
2022-10-03 09:27:25,3,1,3638.0,6394
2022-10-03 09:27:26,42,-2,3638.25,6392
2022-10-03 09:27:27,19,4,3638.0,6396
2022-10-03 09:27:28,7,5,3638.0,6401
2022-10-03 09:27:29,30,-8,3638.0,6393
2022-10-03 09:27:30,18,13,3638.25,6406
2022-10-03 09:27:31,53,2,3638.25,6408
2022-10-03 09:27:32,5,1,3638.0,6409
2022-10-03 09:27:33,52,-8,3638.0,6401
2022-10-03 09:27:34,2,0,3637.75,6401
2022-10-03 09:27:35,34,0,3637.75,6401
2022-10-03 09:27:36,38,10,3638.0,6411
2022-10-03 09:27:37,31,13,3638.25,6424
2022-10-03 09:27:38,3,-1,3638.25,6423
2022-10-03 09:27:39,39,-7,3638.25,6416
2022-10-03 09:27:40,23,-10,3638.0,6406
2022-10-03 09:27:41,12,-6,3638.25,6400
2022-10-03 09:27:42,29,13,3638.0,6413
2022-10-03 09:27:43,1,1,3638.0,6414
2022-10-03 09:27:44,56,-33,3637.75,6381
2022-10-03 09:27:45,48,-9,3637.75,6372
2022-10-03 09:27:46,43,-8,3637.75,6364
2022-10-03 09:27:47,51,27,3638.0,6391
2022-10-03 09:27:48,3,1,3638.25,6392
2022-10-03 09:27:50,52,17,3638.25,6409
2022-10-03 09:27:52,26,-12,3638.0,6397
2022-10-03 09:27:53,32,0,3638.25,6397
2022-10-03 09:27:54,12,-11,3638.0,6386
2022-10-03 09:27:55,44,-5,3637.75,6381
2022-10-03 09:27:56,29,9,3638.0,6390
2022-10-03 09:27:57,12,-8,3637.75,6382
2022-10-03 09:27:58,80,0,3637.75,6382
2022-10-03 09:27:59,2,2,3637.75,6384
2022-10-03 09:28:00,178,15,3638.0,6399
2022-10-03 09:28:01,12,-7,3637.5,6392
2022-10-03 09:28:02,43,-7,3637.75,6385
2022-10-03 09:28:03,3,2,3637.5,6387
2022-10-03 09:28:04,27,8,3637.5,6395
2022-10-03 09:28:05,3,1,3637.75,6396
2022-10-03 09:28:06,64,-6,3637.75,6390
2022-10-03 09:28:07,2,0,3637.75,6390
2022-10-03 09:28:08,61,12,3637.75,6402
2022-10-03 09:28:09,46,-12,3637.75,6390
2022-10-03 09:28:10,1,-1,3637.25,6389
2022-10-03 09:28:11,1,1,3637.5,6390
2022-10-03 09:28:12,106,-28,3637.75,6362
2022-10-03 09:28:13,76,-31,3637.5,6331
2022-10-03 09:28:14,108,-25,3637.25,6306
2022-10-03 09:28:15,7,-1,3637.25,6305
2022-10-03 09:28:16,66,-3,3637.25,6302
2022-10-03 09:28:17,14,-9,3637.25,6293
2022-10-03 09:28:18,3,-2,3636.75,6291
2022-10-03 09:28:19,82,-25,3637.0,6266
2022-10-03 09:28:20,106,-42,3636.75,6224
2022-10-03 09:28:21,85,-38,3636.75,6186
2022-10-03 09:28:22,78,-47,3636.75,6139
2022-10-03 09:28:23,32,11,3636.75,6150
2022-10-03 09:28:24,29,-10,3636.5,6140
2022-10-03 09:28:25,7,-5,3636.75,6135
2022-10-03 09:28:26,55,23,3636.75,6158
2022-10-03 09:28:27,33,-9,3637.0,6149
2022-10-03 09:28:28,24,7,3637.0,6156
2022-10-03 09:28:29,59,30,3637.5,6186
2022-10-03 09:28:30,1,1,3637.5,6187
2022-10-03 09:28:31,221,-129,3637.5,6058
2022-10-03 09:28:32,50,-12,3637.0,6046
2022-10-03 09:28:33,11,-2,3636.75,6044
2022-10-03 09:28:34,37,3,3637.0,6047
2022-10-03 09:28:35,21,-4,3637.25,6043
2022-10-03 09:28:36,1,1,3637.0,6044
2022-10-03 09:28:37,1,-1,3636.75,6043
2022-10-03 09:28:38,63,5,3637.0,6048
2022-10-03 09:28:39,24,-1,3637.0,6047
2022-10-03 09:28:40,58,3,3637.0,6050
2022-10-03 09:28:41,35,-17,3637.25,6033
2022-10-03 09:28:42,74,7,3637.25,6040
2022-10-03 09:28:43,10,0,3637.0,6040
2022-10-03 09:28:44,10,-9,3637.0,6031
2022-10-03 09:28:45,8,-3,3637.0,6028
2022-10-03 09:28:46,65,-10,3637.0,6018
2022-10-03 09:28:47,9,-6,3636.75,6012
2022-10-03 09:28:48,2,-1,3636.75,6011
2022-10-03 09:28:49,66,-25,3637.0,5986
2022-10-03 09:28:50,28,17,3637.0,6003
2022-10-03 09:28:51,73,23,3637.25,6026
2022-10-03 09:28:52,70,-3,3638.0,6023
2022-10-03 09:28:53,42,-13,3637.75,6010
2022-10-03 09:28:54,53,-43,3637.75,5967
2022-10-03 09:28:55,2,0,3637.5,5967
2022-10-03 09:28:56,8,-2,3637.5,5965
2022-10-03 09:28:57,19,13,3637.5,5978
2022-10-03 09:28:58,75,-32,3637.5,5946
2022-10-03 09:28:59,3,1,3637.5,5947
2022-10-03 09:29:00,47,-10,3637.5,5937
2022-10-03 09:29:01,54,19,3637.5,5956
2022-10-03 09:29:02,38,-36,3637.5,5920
2022-10-03 09:29:03,51,4,3637.5,5924
2022-10-03 09:29:04,16,-7,3637.5,5917
2022-10-03 09:29:05,31,5,3637.5,5922
2022-10-03 09:29:06,10,8,3637.5,5930
2022-10-03 09:29:07,1,1,3637.5,5931
2022-10-03 09:29:08,58,-10,3637.25,5921
2022-10-03 09:29:09,74,-20,3637.25,5901
2022-10-03 09:29:10,22,2,3637.25,5903
2022-10-03 09:29:11,11,5,3637.5,5908
2022-10-03 09:29:12,23,-5,3637.5,5903
2022-10-03 09:29:13,2,2,3637.25,5905
2022-10-03 09:29:14,18,0,3637.25,5905
2022-10-03 09:29:15,86,-53,3637.25,5852
2022-10-03 09:29:16,45,-27,3637.25,5825
2022-10-03 09:29:17,87,-44,3637.0,5781
2022-10-03 09:29:18,42,2,3636.75,5783
2022-10-03 09:29:19,83,19,3637.0,5802
2022-10-03 09:29:20,38,0,3637.0,5802
2022-10-03 09:29:21,79,-21,3636.75,5781
2022-10-03 09:29:22,40,-13,3636.75,5768
2022-10-03 09:29:23,41,8,3637.0,5776
2022-10-03 09:29:24,6,6,3637.0,5782
2022-10-03 09:29:25,11,-7,3637.0,5775
2022-10-03 09:29:26,30,12,3637.0,5787
2022-10-03 09:29:27,3,-1,3637.0,5786
2022-10-03 09:29:28,38,19,3637.0,5805
2022-10-03 09:29:29,51,-13,3637.25,5792
2022-10-03 09:29:30,10,5,3637.25,5797
2022-10-03 09:29:31,32,-2,3637.25,5795
2022-10-03 09:29:32,39,24,3637.5,5819
2022-10-03 09:29:33,22,-2,3637.5,5817
2022-10-03 09:29:34,49,-14,3637.5,5803
2022-10-03 09:29:35,80,-10,3637.5,5793
2022-10-03 09:29:36,57,15,3637.25,5808
2022-10-03 09:29:37,23,-10,3637.25,5798
2022-10-03 09:29:38,16,13,3637.25,5811
2022-10-03 09:29:39,63,-1,3637.5,5810
2022-10-03 09:29:40,91,18,3637.75,5828
2022-10-03 09:29:41,150,55,3638.0,5883
2022-10-03 09:29:42,43,3,3638.25,5886
2022-10-03 09:29:43,68,1,3638.0,5887
2022-10-03 09:29:44,142,-59,3638.0,5828
2022-10-03 09:29:45,103,-22,3638.0,5806
2022-10-03 09:29:46,44,-5,3637.75,5801
2022-10-03 09:29:47,132,-27,3637.5,5774
2022-10-03 09:29:48,47,-20,3637.5,5754
2022-10-03 09:29:49,173,-55,3637.5,5699
2022-10-03 09:29:50,132,-22,3636.75,5677
2022-10-03 09:29:51,69,-4,3636.5,5673
2022-10-03 09:29:52,25,-2,3636.75,5671
2022-10-03 09:29:53,87,-52,3636.75,5619
2022-10-03 09:29:54,132,-22,3636.25,5597
2022-10-03 09:29:55,154,0,3636.25,5597
2022-10-03 09:29:56,52,-11,3636.25,5586
2022-10-03 09:29:57,143,37,3636.5,5623
2022-10-03 09:29:58,338,-128,3636.75,5495
2022-10-03 09:29:59,197,24,3636.25,5519
2022-10-03 09:30:00,1219,-133,3636.0,5386
2022-10-03 09:30:01,585,18,3636.0,5404
2022-10-03 09:30:02,345,-48,3635.75,5356
2022-10-03 09:30:03,571,-127,3635.25,5229
2022-10-03 09:30:04,780,83,3635.75,5312
2022-10-03 09:30:05,503,-32,3635.5,5280
2022-10-03 09:30:06,291,15,3636.5,5295
2022-10-03 09:30:07,227,61,3636.75,5356
2022-10-03 09:30:08,402,-46,3637.0,5310
2022-10-03 09:30:09,218,73,3636.5,5383
2022-10-03 09:30:10,217,27,3637.0,5410
2022-10-03 09:30:11,295,-8,3637.0,5402
2022-10-03 09:30:12,323,76,3637.25,5478
2022-10-03 09:30:13,224,31,3637.5,5509
2022-10-03 09:30:14,250,14,3637.25,5523
2022-10-03 09:30:15,185,22,3637.75,5545
2022-10-03 09:30:16,409,-45,3637.25,5500
2022-10-03 09:30:17,271,24,3637.5,5524
2022-10-03 09:30:18,210,50,3637.75,5574
2022-10-03 09:30:19,177,-24,3637.75,5550
2022-10-03 09:30:20,191,-46,3637.75,5504
2022-10-03 09:30:21,463,-65,3637.0,5439
2022-10-03 09:30:22,158,1,3637.25,5440
2022-10-03 09:30:23,452,149,3638.25,5589
2022-10-03 09:30:24,313,-33,3639.0,5556
2022-10-03 09:30:25,387,10,3639.5,5566
2022-10-03 09:30:26,297,59,3639.5,5625
2022-10-03 09:30:27,380,-60,3639.25,5565
2022-10-03 09:30:28,195,-60,3639.0,5505
2022-10-03 09:30:29,213,-20,3638.25,5485
2022-10-03 09:30:30,285,5,3638.0,5490
2022-10-03 09:30:31,187,-16,3638.0,5474
2022-10-03 09:30:32,212,-7,3637.5,5467
2022-10-03 09:30:33,331,42,3638.5,5509
2022-10-03 09:30:34,167,-44,3638.0,5465
2022-10-03 09:30:35,178,48,3638.5,5513
2022-10-03 09:30:36,138,-10,3638.5,5503
2022-10-03 09:30:37,181,-22,3638.75,5481
2022-10-03 09:30:38,233,-18,3638.75,5463
2022-10-03 09:30:39,180,-77,3638.5,5386
2022-10-03 09:30:40,282,63,3638.25,5449
2022-10-03 09:30:41,188,18,3638.75,5467
2022-10-03 09:30:42,77,-37,3638.75,5430
2022-10-03 09:30:43,112,25,3638.75,5455
2022-10-03 09:30:44,69,8,3639.0,5463
2022-10-03 09:30:45,145,-59,3639.0,5404
2022-10-03 09:30:46,182,-15,3639.0,5389
2022-10-03 09:30:47,128,-24,3639.0,5365
2022-10-03 09:30:48,133,-12,3639.0,5353
2022-10-03 09:30:49,241,2,3638.5,5355
2022-10-03 09:30:50,129,-30,3638.25,5325
2022-10-03 09:30:51,138,-26,3637.75,5299
2022-10-03 09:30:52,250,-25,3637.25,5274
2022-10-03 09:30:53,181,24,3637.75,5298
2022-10-03 09:30:54,112,7,3637.75,5305
2022-10-03 09:30:55,162,-38,3637.5,5267
2022-10-03 09:30:56,371,-104,3636.75,5163
2022-10-03 09:30:57,174,-15,3636.5,5148
2022-10-03 09:30:58,60,-2,3636.5,5146
2022-10-03 09:30:59,73,33,3636.75,5179
2022-10-03 09:31:00,350,-28,3637.0,5151
2022-10-03 09:31:01,111,-11,3637.25,5140
2022-10-03 09:31:02,202,-14,3637.25,5126
2022-10-03 09:31:03,162,32,3638.0,5158
2022-10-03 09:31:04,228,-38,3638.0,5120
2022-10-03 09:31:05,143,20,3637.75,5140
2022-10-03 09:31:06,117,13,3637.5,5153
2022-10-03 09:31:07,184,25,3637.5,5178
2022-10-03 09:31:08,193,10,3638.0,5188
2022-10-03 09:31:09,142,19,3638.5,5207
2022-10-03 09:31:10,198,-9,3638.75,5198
2022-10-03 09:31:11,516,-172,3639.25,5026
2022-10-03 09:31:12,202,-50,3639.0,4976
2022-10-03 09:31:13,122,21,3638.5,4997
2022-10-03 09:31:14,125,12,3638.25,5009
2022-10-03 09:31:15,160,54,3638.75,5063
2022-10-03 09:31:16,167,6,3639.0,5069
2022-10-03 09:31:17,224,-16,3639.0,5053
2022-10-03 09:31:18,237,-6,3639.5,5047
2022-10-03 09:31:19,109,16,3639.25,5063
2022-10-03 09:31:20,109,-12,3639.0,5051
2022-10-03 09:31:21,93,0,3639.25,5051
2022-10-03 09:31:22,155,-26,3639.5,5025
2022-10-03 09:31:23,193,49,3639.5,5074
2022-10-03 09:31:24,294,-71,3639.5,5003
2022-10-03 09:31:25,169,27,3639.0,5030
2022-10-03 09:31:26,278,-59,3638.75,4971
2022-10-03 09:31:27,135,-9,3637.75,4962
2022-10-03 09:31:28,273,-34,3637.25,4928
2022-10-03 09:31:29,215,15,3637.75,4943
2022-10-03 09:31:30,150,-58,3637.5,4885
2022-10-03 09:31:31,368,-88,3637.0,4797
2022-10-03 09:31:32,160,-30,3636.25,4767
2022-10-03 09:31:33,100,-4,3636.0,4763
2022-10-03 09:31:34,230,-47,3636.0,4716
2022-10-03 09:31:35,177,-13,3635.75,4703
2022-10-03 09:31:36,379,-91,3635.5,4612
2022-10-03 09:31:37,281,-9,3635.0,4603
2022-10-03 09:31:38,178,5,3635.0,4608
2022-10-03 09:31:39,156,8,3635.0,4616
2022-10-03 09:31:40,132,-4,3634.75,4612
2022-10-03 09:31:41,169,36,3635.25,4648
2022-10-03 09:31:42,180,-1,3635.5,4647
2022-10-03 09:31:43,240,-61,3635.0,4586
2022-10-03 09:31:44,105,-36,3634.75,4550
2022-10-03 09:31:45,342,-81,3634.25,4469
2022-10-03 09:31:46,284,-67,3634.25,4402
2022-10-03 09:31:47,317,-29,3634.0,4373
2022-10-03 09:31:48,205,-23,3634.0,4350
2022-10-03 09:31:49,327,-82,3633.75,4268
2022-10-03 09:31:50,179,31,3634.0,4299
2022-10-03 09:31:51,121,-26,3634.0,4273
2022-10-03 09:31:52,291,85,3634.75,4358
2022-10-03 09:31:53,199,-56,3634.75,4302
2022-10-03 09:31:54,205,-16,3634.25,4286
2022-10-03 09:31:55,149,-4,3634.5,4282
2022-10-03 09:31:56,106,-13,3634.5,4269
2022-10-03 09:31:57,186,5,3634.0,4274
2022-10-03 09:31:58,79,4,3634.0,4278
2022-10-03 09:31:59,120,6,3634.0,4284
2022-10-03 09:32:00,250,-8,3634.25,4276
2022-10-03 09:32:01,184,-75,3634.0,4201
2022-10-03 09:32:02,161,15,3633.5,4216
2022-10-03 09:32:03,288,-47,3633.5,4169
2022-10-03 09:32:04,191,14,3633.5,4183
2022-10-03 09:32:05,258,55,3634.0,4238
2022-10-03 09:32:06,278,-47,3634.0,4191
2022-10-03 09:32:07,164,18,3633.5,4209
2022-10-03 09:32:08,229,-22,3634.25,4187
2022-10-03 09:32:09,170,-23,3634.0,4164
2022-10-03 09:32:10,118,-30,3633.5,4134
2022-10-03 09:32:11,116,0,3633.5,4134
2022-10-03 09:32:12,279,-11,3633.5,4123
2022-10-03 09:32:13,168,-61,3633.25,4062
2022-10-03 09:32:14,192,82,3634.0,4144
2022-10-03 09:32:15,65,5,3634.0,4149
2022-10-03 09:32:16,120,-4,3633.75,4145
2022-10-03 09:32:17,58,24,3633.75,4169
2022-10-03 09:32:18,77,12,3633.75,4181
2022-10-03 09:32:19,105,-17,3633.5,4164
2022-10-03 09:32:20,216,-21,3633.5,4143
2022-10-03 09:32:21,173,28,3634.0,4171
2022-10-03 09:32:22,74,-10,3634.25,4161
2022-10-03 09:32:23,56,-1,3633.75,4160
2022-10-03 09:32:24,58,-4,3633.5,4156
2022-10-03 09:32:25,168,-18,3633.25,4138
2022-10-03 09:32:26,64,-9,3633.0,4129
2022-10-03 09:32:27,236,-45,3633.0,4084
2022-10-03 09:32:28,98,5,3632.75,4089
2022-10-03 09:32:29,161,14,3633.25,4103
2022-10-03 09:32:30,240,-143,3633.25,3960
2022-10-03 09:32:31,130,13,3632.5,3973
2022-10-03 09:32:32,187,-15,3632.75,3958
2022-10-03 09:32:33,671,-377,3632.25,3581
2022-10-03 09:32:34,321,-8,3631.75,3573
2022-10-03 09:32:35,114,-26,3631.0,3547
2022-10-03 09:32:36,75,-41,3630.5,3506
2022-10-03 09:32:37,217,56,3631.5,3562
2022-10-03 09:32:38,129,8,3631.25,3570
2022-10-03 09:32:39,194,20,3632.0,3590
2022-10-03 09:32:40,135,5,3631.75,3595
2022-10-03 09:32:41,147,-15,3631.75,3580
2022-10-03 09:32:42,111,10,3632.0,3590
2022-10-03 09:32:43,121,9,3632.25,3599
2022-10-03 09:32:44,200,-24,3631.75,3575
2022-10-03 09:32:45,125,-9,3631.75,3566
2022-10-03 09:32:46,81,6,3631.75,3572
2022-10-03 09:32:47,242,143,3631.5,3715
2022-10-03 09:32:48,65,-4,3631.5,3711
2022-10-03 09:32:49,102,-2,3631.5,3709
2022-10-03 09:32:50,156,21,3631.5,3730
2022-10-03 09:32:51,98,30,3631.75,3760
2022-10-03 09:32:52,228,-21,3631.5,3739
2022-10-03 09:32:53,176,-13,3631.75,3726
2022-10-03 09:32:54,91,20,3631.5,3746
2022-10-03 09:32:55,139,-51,3631.5,3695
2022-10-03 09:32:56,230,-21,3631.25,3674
2022-10-03 09:32:57,199,-4,3631.25,3670
2022-10-03 09:32:58,283,-33,3631.0,3637
2022-10-03 09:32:59,301,-124,3630.5,3513
2022-10-03 09:33:00,221,37,3630.0,3550
2022-10-03 09:33:01,98,33,3630.0,3583
2022-10-03 09:33:02,130,21,3630.5,3604
2022-10-03 09:33:03,151,-29,3630.25,3575
2022-10-03 09:33:04,154,-17,3630.25,3558
2022-10-03 09:33:05,78,-6,3630.0,3552
2022-10-03 09:33:06,145,-3,3629.75,3549
2022-10-03 09:33:07,234,-48,3629.5,3501
2022-10-03 09:33:08,137,27,3629.75,3528
2022-10-03 09:33:09,55,14,3629.75,3542
2022-10-03 09:33:10,120,-24,3629.75,3518
2022-10-03 09:33:11,135,-8,3629.75,3510
2022-10-03 09:33:12,152,-37,3629.25,3473
2022-10-03 09:33:13,126,-18,3629.0,3455
2022-10-03 09:33:14,148,18,3629.25,3473
2022-10-03 09:33:15,167,-10,3629.25,3463
2022-10-03 09:33:16,83,5,3629.0,3468
2022-10-03 09:33:17,127,-36,3629.0,3432
2022-10-03 09:33:18,127,-22,3628.5,3410
2022-10-03 09:33:19,140,-12,3628.25,3398
2022-10-03 09:33:20,175,24,3628.25,3422
2022-10-03 09:33:21,160,42,3629.0,3464
2022-10-03 09:33:22,144,35,3629.25,3499
2022-10-03 09:33:23,355,11,3629.5,3510
2022-10-03 09:33:24,63,-7,3629.5,3503
2022-10-03 09:33:25,100,9,3629.5,3512
2022-10-03 09:33:26,219,45,3629.5,3557
2022-10-03 09:33:27,300,41,3629.5,3598
2022-10-03 09:33:28,275,65,3630.25,3663
2022-10-03 09:33:29,157,16,3630.75,3679
2022-10-03 09:33:30,159,-6,3630.5,3673
2022-10-03 09:33:31,98,16,3630.25,3689
2022-10-03 09:33:32,88,-28,3630.0,3661
2022-10-03 09:33:33,164,-18,3629.75,3643
2022-10-03 09:33:34,178,-15,3630.25,3628
2022-10-03 09:33:35,72,-7,3630.0,3621
2022-10-03 09:33:36,266,3,3630.0,3624
2022-10-03 09:33:37,82,17,3629.75,3641
2022-10-03 09:33:38,52,8,3630.0,3649
2022-10-03 09:33:39,109,1,3630.25,3650
2022-10-03 09:33:40,149,-10,3630.25,3640
2022-10-03 09:33:41,307,43,3629.75,3683
2022-10-03 09:33:42,40,8,3629.75,3691
2022-10-03 09:33:43,313,-73,3629.75,3618
2022-10-03 09:33:44,143,-11,3628.75,3607
2022-10-03 09:33:45,94,-7,3629.25,3600
2022-10-03 09:33:46,28,-7,3629.25,3593
2022-10-03 09:33:47,58,-12,3629.0,3581
2022-10-03 09:33:48,58,-7,3629.0,3574
2022-10-03 09:33:49,115,-2,3628.5,3572
2022-10-03 09:33:50,88,-26,3628.25,3546
2022-10-03 09:33:51,165,-16,3628.25,3530
2022-10-03 09:33:52,66,-10,3628.0,3520
2022-10-03 09:33:53,195,36,3628.5,3556
2022-10-03 09:33:54,265,-12,3629.0,3544
2022-10-03 09:33:55,102,0,3629.25,3544
2022-10-03 09:33:56,87,-25,3629.25,3519
2022-10-03 09:33:57,181,-1,3629.0,3518
2022-10-03 09:33:58,149,-11,3628.75,3507
2022-10-03 09:33:59,94,13,3628.75,3520
2022-10-03 09:34:00,342,-66,3628.75,3454
2022-10-03 09:34:01,87,16,3628.5,3470
2022-10-03 09:34:02,157,19,3629.0,3489
2022-10-03 09:34:03,55,15,3628.5,3504
2022-10-03 09:34:04,21,4,3628.5,3508
2022-10-03 09:34:05,91,-14,3628.5,3494
2022-10-03 09:34:06,70,-27,3628.25,3467
2022-10-03 09:34:07,82,-13,3628.25,3454
2022-10-03 09:34:08,234,-28,3628.0,3426
2022-10-03 09:34:09,292,-79,3627.75,3347
2022-10-03 09:34:10,218,-49,3627.0,3298
2022-10-03 09:34:11,207,15,3627.0,3313
2022-10-03 09:34:12,136,-10,3627.0,3303
2022-10-03 09:34:13,126,-40,3627.0,3263
2022-10-03 09:34:14,170,-8,3626.5,3255
2022-10-03 09:34:15,90,-6,3626.75,3249
2022-10-03 09:34:16,135,37,3626.75,3286
2022-10-03 09:34:17,80,-15,3626.75,3271
2022-10-03 09:34:18,89,-14,3626.75,3257
2022-10-03 09:34:19,129,23,3627.0,3280
2022-10-03 09:34:20,83,3,3627.0,3283
2022-10-03 09:34:21,80,15,3627.0,3298
2022-10-03 09:34:22,67,-20,3627.0,3278
2022-10-03 09:34:23,163,43,3627.5,3321
2022-10-03 09:34:24,265,31,3628.0,3352
2022-10-03 09:34:25,218,-39,3628.0,3313
2022-10-03 09:34:26,88,3,3628.25,3316
2022-10-03 09:34:27,86,-21,3628.0,3295
2022-10-03 09:34:28,100,11,3628.25,3306
2022-10-03 09:34:29,147,19,3628.25,3325
2022-10-03 09:34:30,156,-13,3628.0,3312
2022-10-03 09:34:31,293,37,3629.0,3349
2022-10-03 09:34:32,409,102,3629.75,3451
2022-10-03 09:34:33,166,-30,3630.0,3421
2022-10-03 09:34:34,129,12,3629.75,3433
2022-10-03 09:34:35,369,110,3631.0,3543
2022-10-03 09:34:36,447,157,3631.25,3700
2022-10-03 09:34:37,172,-11,3631.25,3689
2022-10-03 09:34:38,227,7,3631.5,3696
2022-10-03 09:34:39,224,30,3631.75,3726
2022-10-03 09:34:40,147,-21,3631.75,3705
2022-10-03 09:34:41,104,-14,3631.5,3691
2022-10-03 09:34:42,217,-15,3631.25,3676
2022-10-03 09:34:43,97,-9,3631.5,3667
2022-10-03 09:34:44,333,103,3631.75,3770
2022-10-03 09:34:45,397,76,3632.25,3846
2022-10-03 09:34:46,132,33,3632.25,3879
2022-10-03 09:34:47,205,44,3632.75,3923
2022-10-03 09:34:48,168,-17,3632.5,3906
2022-10-03 09:34:49,172,-25,3632.0,3881
2022-10-03 09:34:50,105,19,3631.75,3900
2022-10-03 09:34:51,89,15,3631.75,3915
2022-10-03 09:34:52,74,11,3632.0,3926
2022-10-03 09:34:53,188,-31,3631.75,3895
2022-10-03 09:34:54,186,-61,3631.5,3834
2022-10-03 09:34:55,111,-60,3631.5,3774
2022-10-03 09:34:56,83,8,3631.25,3782
2022-10-03 09:34:57,216,-44,3631.0,3738
2022-10-03 09:34:58,148,15,3630.75,3753
2022-10-03 09:34:59,241,-28,3630.25,3725
2022-10-03 09:35:00,333,2,3629.75,3727
2022-10-03 09:35:01,460,-114,3629.0,3613
2022-10-03 09:35:02,110,-17,3629.0,3596
2022-10-03 09:35:03,174,28,3629.25,3624
2022-10-03 09:35:04,155,2,3629.5,3626
2022-10-03 09:35:05,159,-8,3630.0,3618
2022-10-03 09:35:06,121,2,3629.75,3620
2022-10-03 09:35:07,204,-2,3629.75,3618
2022-10-03 09:35:08,72,-16,3630.0,3602
2022-10-03 09:35:09,77,-12,3630.0,3590
2022-10-03 09:35:10,51,14,3630.0,3604
2022-10-03 09:35:11,138,-45,3629.75,3559
2022-10-03 09:35:12,158,-5,3629.0,3554
2022-10-03 09:35:13,83,0,3628.5,3554
2022-10-03 09:35:14,128,-12,3629.25,3542
2022-10-03 09:35:15,119,8,3629.25,3550
2022-10-03 09:35:16,233,-24,3629.0,3526
2022-10-03 09:35:17,181,21,3628.5,3547
2022-10-03 09:35:18,99,4,3628.75,3551
2022-10-03 09:35:19,125,12,3629.0,3563
2022-10-03 09:35:20,73,-1,3628.75,3562
2022-10-03 09:35:21,90,7,3629.0,3569
2022-10-03 09:35:22,52,-16,3629.25,3553
2022-10-03 09:35:23,192,-50,3628.75,3503
2022-10-03 09:35:24,134,-39,3627.75,3464
2022-10-03 09:35:25,167,0,3628.0,3464
2022-10-03 09:35:26,171,27,3627.75,3491
2022-10-03 09:35:27,118,-58,3628.25,3433
2022-10-03 09:35:28,59,-5,3628.25,3428
2022-10-03 09:35:29,137,-31,3628.25,3397
2022-10-03 09:35:30,160,10,3628.0,3407
2022-10-03 09:35:31,105,17,3628.75,3424
2022-10-03 09:35:32,142,2,3628.75,3426
2022-10-03 09:35:33,83,-31,3628.5,3395
2022-10-03 09:35:34,109,11,3628.75,3406
2022-10-03 09:35:35,72,-9,3628.25,3397
2022-10-03 09:35:36,23,3,3628.0,3400
2022-10-03 09:35:37,102,-2,3628.0,3398
2022-10-03 09:35:38,82,-12,3627.5,3386
2022-10-03 09:35:39,167,-31,3627.25,3355
2022-10-03 09:35:40,126,-37,3627.0,3318
2022-10-03 09:35:41,132,-4,3626.75,3314
2022-10-03 09:35:42,168,-16,3626.5,3298
2022-10-03 09:35:43,197,-74,3626.5,3224
2022-10-03 09:35:44,223,7,3626.25,3231
2022-10-03 09:35:45,1064,527,3628.0,3758
2022-10-03 09:35:46,147,45,3628.0,3803
2022-10-03 09:35:47,133,7,3628.0,3810
2022-10-03 09:35:48,61,23,3628.0,3833
2022-10-03 09:35:49,131,10,3627.75,3843
2022-10-03 09:35:50,138,62,3628.5,3905
2022-10-03 09:35:51,116,7,3628.5,3912
2022-10-03 09:35:52,38,-9,3628.25,3903
2022-10-03 09:35:53,131,-14,3628.25,3889
2022-10-03 09:35:54,53,-11,3628.0,3878
2022-10-03 09:35:55,122,-25,3628.0,3853
2022-10-03 09:35:56,61,3,3628.0,3856
2022-10-03 09:35:57,178,11,3628.0,3867
2022-10-03 09:35:58,316,-152,3627.75,3715
2022-10-03 09:35:59,182,-32,3627.0,3683
2022-10-03 09:36:00,303,-32,3626.5,3651
2022-10-03 09:36:01,513,164,3627.5,3815
2022-10-03 09:36:02,67,2,3627.5,3817
2022-10-03 09:36:03,82,18,3627.5,3835
2022-10-03 09:36:04,109,11,3627.5,3846
2022-10-03 09:36:05,63,-19,3627.5,3827
2022-10-03 09:36:06,95,-26,3627.5,3801
2022-10-03 09:36:07,205,-7,3627.75,3794
2022-10-03 09:36:08,212,-2,3628.25,3792
2022-10-03 09:36:09,69,4,3627.5,3796
2022-10-03 09:36:10,87,-13,3627.5,3783
2022-10-03 09:36:11,183,93,3627.5,3876
2022-10-03 09:36:12,51,22,3627.5,3898
2022-10-03 09:36:13,76,-7,3627.75,3891
2022-10-03 09:36:14,230,-57,3626.75,3834
2022-10-03 09:36:15,223,-9,3626.25,3825
2022-10-03 09:36:16,93,24,3626.75,3849
2022-10-03 09:36:17,98,39,3627.0,3888
2022-10-03 09:36:18,58,18,3627.0,3906
2022-10-03 09:36:19,62,-5,3627.5,3901
2022-10-03 09:36:20,90,4,3627.75,3905
2022-10-03 09:36:21,84,-7,3627.5,3898
2022-10-03 09:36:22,80,-10,3627.5,3888
2022-10-03 09:36:23,41,-4,3627.5,3884
2022-10-03 09:36:24,94,0,3627.75,3884
2022-10-03 09:36:25,185,67,3629.0,3951
2022-10-03 09:36:26,105,-20,3628.5,3931
2022-10-03 09:36:27,131,21,3628.5,3952
2022-10-03 09:36:28,88,-3,3628.25,3949
2022-10-03 09:36:29,64,-5,3628.25,3944
2022-10-03 09:36:30,190,-6,3628.0,3938
2022-10-03 09:36:31,76,-12,3627.75,3926
2022-10-03 09:36:32,112,-3,3627.5,3923
2022-10-03 09:36:33,274,-47,3627.25,3876
2022-10-03 09:36:34,264,-59,3626.5,3817
2022-10-03 09:36:35,83,16,3626.5,3833
2022-10-03 09:36:36,167,31,3626.75,3864
2022-10-03 09:36:37,37,-16,3626.75,3848
2022-10-03 09:36:38,235,-102,3626.75,3746
2022-10-03 09:36:39,107,-29,3626.25,3717
2022-10-03 09:36:40,121,15,3626.5,3732
2022-10-03 09:36:41,67,-10,3626.25,3722
2022-10-03 09:36:42,64,12,3626.25,3734
2022-10-03 09:36:43,107,19,3627.0,3753
2022-10-03 09:36:44,138,75,3627.25,3828
2022-10-03 09:36:45,119,-32,3627.0,3796
2022-10-03 09:36:46,59,-8,3626.5,3788
2022-10-03 09:36:47,35,4,3626.5,3792
2022-10-03 09:36:48,72,0,3626.75,3792
2022-10-03 09:36:49,66,3,3626.5,3795
2022-10-03 09:36:50,52,-28,3626.5,3767
2022-10-03 09:36:51,56,-38,3626.25,3729
2022-10-03 09:36:52,69,19,3626.25,3748
2022-10-03 09:36:53,83,-27,3626.5,3721
2022-10-03 09:36:54,53,-6,3626.75,3715
2022-10-03 09:36:55,70,-1,3626.75,3714
2022-10-03 09:36:56,147,-30,3627.0,3684
2022-10-03 09:36:57,47,-14,3626.5,3670
2022-10-03 09:36:58,29,7,3626.5,3677
2022-10-03 09:36:59,74,-3,3626.5,3674
2022-10-03 09:37:00,118,-25,3626.75,3649
2022-10-03 09:37:01,129,-8,3626.5,3641
2022-10-03 09:37:02,64,8,3626.5,3649
2022-10-03 09:37:03,145,-47,3626.25,3602
2022-10-03 09:37:04,460,-56,3625.75,3546
2022-10-03 09:37:05,122,-11,3625.75,3535
2022-10-03 09:37:06,78,-16,3626.0,3519
2022-10-03 09:37:07,74,-19,3625.25,3500
2022-10-03 09:37:08,142,33,3626.0,3533
2022-10-03 09:37:09,97,-23,3625.75,3510
2022-10-03 09:37:10,60,-11,3625.5,3499
2022-10-03 09:37:11,59,5,3625.75,3504
2022-10-03 09:37:12,68,12,3626.25,3516
2022-10-03 09:37:13,67,-20,3626.0,3496
2022-10-03 09:37:14,132,-17,3625.5,3479
2022-10-03 09:37:15,103,-26,3625.25,3453
2022-10-03 09:37:16,169,-53,3625.25,3400
2022-10-03 09:37:17,125,34,3625.75,3434
2022-10-03 09:37:18,40,-8,3625.75,3426
2022-10-03 09:37:19,179,-128,3626.0,3298
2022-10-03 09:37:20,22,-10,3625.5,3288
2022-10-03 09:37:21,55,12,3626.0,3300
2022-10-03 09:37:22,158,-14,3626.25,3286
2022-10-03 09:37:23,52,-11,3626.0,3275
2022-10-03 09:37:24,72,-25,3625.75,3250
2022-10-03 09:37:25,109,-18,3625.5,3232
2022-10-03 09:37:26,45,-6,3625.25,3226
2022-10-03 09:37:27,133,-39,3625.25,3187
2022-10-03 09:37:28,284,-116,3624.5,3071
2022-10-03 09:37:29,79,-12,3624.25,3059
2022-10-03 09:37:30,77,7,3624.5,3066
2022-10-03 09:37:31,55,-17,3624.5,3049
2022-10-03 09:37:32,91,-11,3624.25,3038
2022-10-03 09:37:33,99,22,3624.25,3060
2022-10-03 09:37:34,134,-26,3624.25,3034
2022-10-03 09:37:35,122,9,3624.0,3043
2022-10-03 09:37:36,96,-14,3624.5,3029
2022-10-03 09:37:37,122,17,3624.75,3046
2022-10-03 09:37:38,84,-28,3624.5,3018
2022-10-03 09:37:39,102,-1,3624.75,3017
2022-10-03 09:37:40,284,-35,3624.25,2982
2022-10-03 09:37:41,56,-18,3623.75,2964
2022-10-03 09:37:42,191,-80,3623.25,2884
2022-10-03 09:37:43,186,5,3623.5,2889
2022-10-03 09:37:44,81,-10,3623.5,2879
2022-10-03 09:37:45,95,13,3623.75,2892
2022-10-03 09:37:46,83,28,3624.25,2920
2022-10-03 09:37:47,66,-20,3624.25,2900
2022-10-03 09:37:48,100,-25,3623.75,2875
2022-10-03 09:37:49,107,-7,3623.75,2868
2022-10-03 09:37:50,54,-6,3623.75,2862
2022-10-03 09:37:51,118,-49,3623.5,2813
2022-10-03 09:37:52,46,17,3623.75,2830
2022-10-03 09:37:53,111,14,3623.75,2844
2022-10-03 09:37:54,33,5,3623.75,2849
2022-10-03 09:37:55,139,-5,3623.25,2844
2022-10-03 09:37:56,93,22,3623.5,2866
2022-10-03 09:37:57,106,-21,3623.5,2845
2022-10-03 09:37:58,73,12,3623.5,2857
2022-10-03 09:37:59,138,31,3623.75,2888
2022-10-03 09:38:00,344,72,3624.75,2960
2022-10-03 09:38:01,241,98,3625.0,3058
2022-10-03 09:38:02,233,-8,3625.25,3050
2022-10-03 09:38:03,91,15,3624.25,3065
2022-10-03 09:38:04,67,18,3624.25,3083
2022-10-03 09:38:05,54,1,3624.5,3084
2022-10-03 09:38:06,56,12,3624.5,3096
2022-10-03 09:38:07,260,-166,3624.0,2930
2022-10-03 09:38:08,187,2,3624.5,2932
2022-10-03 09:38:09,73,2,3624.5,2934
2022-10-03 09:38:10,160,41,3624.75,2975
2022-10-03 09:38:11,155,35,3625.0,3010
2022-10-03 09:38:12,170,21,3625.25,3031
2022-10-03 09:38:13,169,57,3625.75,3088
2022-10-03 09:38:14,69,29,3625.25,3117
2022-10-03 09:38:15,107,-17,3625.0,3100
2022-10-03 09:38:16,56,-3,3625.0,3097
2022-10-03 09:38:17,114,-24,3624.75,3073
2022-10-03 09:38:18,129,-24,3624.5,3049
2022-10-03 09:38:19,82,-6,3624.25,3043
2022-10-03 09:38:20,65,15,3625.0,3058
2022-10-03 09:38:21,128,49,3625.25,3107
2022-10-03 09:38:22,168,39,3625.5,3146
2022-10-03 09:38:23,68,-6,3625.0,3140
2022-10-03 09:38:24,179,4,3624.5,3144
2022-10-03 09:38:25,135,24,3624.75,3168
2022-10-03 09:38:26,133,7,3625.25,3175
2022-10-03 09:38:27,110,-5,3625.25,3170
2022-10-03 09:38:28,123,27,3625.5,3197
2022-10-03 09:38:29,91,-36,3625.5,3161
2022-10-03 09:38:30,83,-8,3625.0,3153
2022-10-03 09:38:31,61,16,3624.75,3169
2022-10-03 09:38:32,29,3,3624.75,3172
2022-10-03 09:38:33,158,28,3625.25,3200
2022-10-03 09:38:34,77,14,3625.25,3214
2022-10-03 09:38:35,82,-10,3625.25,3204
2022-10-03 09:38:36,144,-19,3625.5,3185
2022-10-03 09:38:37,63,10,3624.75,3195
2022-10-03 09:38:38,49,-3,3625.0,3192
2022-10-03 09:38:39,146,19,3625.25,3211
2022-10-03 09:38:40,53,2,3625.25,3213
2022-10-03 09:38:41,138,-18,3624.75,3195
2022-10-03 09:38:42,114,-31,3624.75,3164
2022-10-03 09:38:43,76,13,3625.0,3177
2022-10-03 09:38:44,54,-12,3625.0,3165
2022-10-03 09:38:45,144,-11,3624.75,3154
2022-10-03 09:38:46,156,38,3625.5,3192
2022-10-03 09:38:47,62,3,3625.25,3195
2022-10-03 09:38:48,82,19,3625.25,3214
2022-10-03 09:38:49,245,-123,3625.5,3091
2022-10-03 09:38:50,49,2,3625.25,3093
2022-10-03 09:38:51,131,32,3625.0,3125
2022-10-03 09:38:52,47,3,3625.0,3128
2022-10-03 09:38:53,97,35,3625.75,3163
2022-10-03 09:38:54,281,79,3626.75,3242
2022-10-03 09:38:55,170,-16,3626.25,3226
2022-10-03 09:38:56,77,13,3626.25,3239
2022-10-03 09:38:57,107,10,3626.0,3249
2022-10-03 09:38:58,99,15,3626.75,3264
2022-10-03 09:38:59,89,2,3626.75,3266
2022-10-03 09:39:00,212,-3,3626.25,3263
2022-10-03 09:39:01,221,-39,3626.5,3224
2022-10-03 09:39:02,225,-25,3625.5,3199
2022-10-03 09:39:03,177,-10,3625.0,3189
2022-10-03 09:39:04,107,-2,3625.0,3187
2022-10-03 09:39:05,102,5,3625.0,3192
2022-10-03 09:39:06,204,80,3625.75,3272
2022-10-03 09:39:07,66,-22,3625.75,3250
2022-10-03 09:39:08,123,-14,3626.0,3236
2022-10-03 09:39:09,23,-7,3625.5,3229
2022-10-03 09:39:10,88,16,3624.75,3245
2022-10-03 09:39:11,101,-18,3625.0,3227
2022-10-03 09:39:12,129,-41,3624.5,3186
2022-10-03 09:39:13,141,-5,3624.25,3181
2022-10-03 09:39:14,72,-32,3624.0,3149
2022-10-03 09:39:15,111,-33,3624.0,3116
2022-10-03 09:39:16,91,-9,3624.0,3107
2022-10-03 09:39:17,393,-76,3623.75,3031
2022-10-03 09:39:18,131,-24,3623.25,3007
2022-10-03 09:39:19,223,5,3623.25,3012
2022-10-03 09:39:20,93,-1,3623.25,3011
2022-10-03 09:39:21,90,10,3623.5,3021
2022-10-03 09:39:22,83,-10,3623.5,3011
2022-10-03 09:39:23,196,-24,3623.5,2987
2022-10-03 09:39:24,137,-29,3622.75,2958
2022-10-03 09:39:25,154,4,3623.0,2962
2022-10-03 09:39:26,156,34,3623.25,2996
2022-10-03 09:39:27,186,5,3623.25,3001
2022-10-03 09:39:28,158,21,3623.75,3022
2022-10-03 09:39:29,334,123,3624.5,3145
2022-10-03 09:39:30,397,52,3624.75,3197
2022-10-03 09:39:31,285,-15,3624.5,3182
2022-10-03 09:39:32,90,-3,3624.25,3179
2022-10-03 09:39:33,77,-3,3624.25,3176
2022-10-03 09:39:34,99,29,3624.25,3205
2022-10-03 09:39:35,119,-31,3624.25,3174
2022-10-03 09:39:36,134,-38,3623.75,3136
2022-10-03 09:39:37,153,-22,3623.5,3114
2022-10-03 09:39:38,309,-45,3623.0,3069
2022-10-03 09:39:39,61,7,3623.0,3076
2022-10-03 09:39:40,23,-2,3622.75,3074
2022-10-03 09:39:41,71,11,3622.75,3085
2022-10-03 09:39:42,86,11,3623.25,3096
2022-10-03 09:39:43,70,-9,3623.0,3087
2022-10-03 09:39:44,30,-3,3622.75,3084
2022-10-03 09:39:45,73,2,3622.5,3086
2022-10-03 09:39:46,127,-34,3622.75,3052
2022-10-03 09:39:47,102,-13,3622.25,3039
2022-10-03 09:39:48,81,8,3622.5,3047
2022-10-03 09:39:49,96,-6,3622.75,3041
2022-10-03 09:39:50,62,8,3622.75,3049
2022-10-03 09:39:51,209,2,3623.0,3051
2022-10-03 09:39:52,180,-11,3622.5,3040
2022-10-03 09:39:53,68,8,3622.0,3048
2022-10-03 09:39:54,69,-3,3622.5,3045
2022-10-03 09:39:55,96,13,3622.25,3058
2022-10-03 09:39:56,29,-11,3622.25,3047
2022-10-03 09:39:57,49,1,3622.25,3048
2022-10-03 09:39:58,48,6,3622.25,3054
2022-10-03 09:39:59,75,11,3622.25,3065
2022-10-03 09:40:00,236,-15,3622.75,3050
2022-10-03 09:40:01,105,1,3622.25,3051
2022-10-03 09:40:02,202,-46,3622.25,3005
2022-10-03 09:40:03,568,-237,3622.0,2768
2022-10-03 09:40:04,210,-33,3621.0,2735
2022-10-03 09:40:05,581,-179,3621.0,2556
2022-10-03 09:40:06,210,11,3620.0,2567
2022-10-03 09:40:07,399,-93,3619.5,2474
2022-10-03 09:40:08,287,-173,3618.5,2301
2022-10-03 09:40:09,193,26,3617.5,2327
2022-10-03 09:40:10,345,63,3618.25,2390
2022-10-03 09:40:11,203,23,3618.5,2413
2022-10-03 09:40:12,123,3,3618.5,2416
2022-10-03 09:40:13,226,37,3619.0,2453
2022-10-03 09:40:14,270,60,3619.25,2513
2022-10-03 09:40:15,275,-33,3618.75,2480
2022-10-03 09:40:16,203,-10,3618.25,2470
2022-10-03 09:40:17,143,23,3618.75,2493
2022-10-03 09:40:18,164,-23,3618.75,2470
2022-10-03 09:40:19,143,-4,3618.25,2466
2022-10-03 09:40:20,106,-23,3618.25,2443
2022-10-03 09:40:21,74,2,3618.0,2445
2022-10-03 09:40:22,22,11,3618.0,2456
2022-10-03 09:40:23,90,15,3618.25,2471
2022-10-03 09:40:24,164,-7,3618.75,2464
2022-10-03 09:40:25,240,41,3619.5,2505
2022-10-03 09:40:26,149,6,3619.5,2511
2022-10-03 09:40:27,116,-12,3619.25,2499
2022-10-03 09:40:28,98,23,3619.5,2522
2022-10-03 09:40:29,297,-173,3619.25,2349
2022-10-03 09:40:30,68,3,3618.5,2352
2022-10-03 09:40:31,135,31,3619.0,2383
2022-10-03 09:40:32,107,-8,3618.75,2375
2022-10-03 09:40:33,102,34,3619.25,2409
2022-10-03 09:40:34,46,-5,3619.25,2404
2022-10-03 09:40:35,91,39,3619.0,2443
2022-10-03 09:40:36,51,-4,3619.0,2439
2022-10-03 09:40:37,82,4,3619.25,2443
2022-10-03 09:40:38,154,51,3619.75,2494
2022-10-03 09:40:39,32,-1,3619.75,2493
2022-10-03 09:40:40,58,7,3619.5,2500
2022-10-03 09:40:41,70,17,3619.5,2517
2022-10-03 09:40:42,66,-22,3619.0,2495
2022-10-03 09:40:43,47,12,3619.25,2507
2022-10-03 09:40:44,104,-11,3619.25,2496
2022-10-03 09:40:45,144,-10,3619.25,2486
2022-10-03 09:40:46,40,-6,3618.75,2480
2022-10-03 09:40:47,56,-6,3618.75,2474
2022-10-03 09:40:48,35,3,3618.75,2477
2022-10-03 09:40:49,94,-4,3619.0,2473
2022-10-03 09:40:50,95,-3,3619.0,2470
2022-10-03 09:40:51,99,-31,3618.5,2439
2022-10-03 09:40:52,76,-28,3618.25,2411
2022-10-03 09:40:53,125,14,3618.5,2425
2022-10-03 09:40:54,31,-12,3618.25,2413
2022-10-03 09:40:55,71,20,3618.75,2433
2022-10-03 09:40:56,30,7,3618.75,2440
2022-10-03 09:40:57,82,20,3618.25,2460
2022-10-03 09:40:58,63,2,3618.25,2462
2022-10-03 09:40:59,77,7,3618.25,2469
2022-10-03 09:41:00,282,37,3619.0,2506
2022-10-03 09:41:01,250,-13,3618.75,2493
2022-10-03 09:41:02,41,-3,3618.5,2490
2022-10-03 09:41:03,92,49,3618.5,2539
2022-10-03 09:41:04,51,-10,3618.5,2529
2022-10-03 09:41:05,70,-9,3618.5,2520
2022-10-03 09:41:06,107,-12,3618.5,2508
2022-10-03 09:41:07,95,29,3618.75,2537
2022-10-03 09:41:08,91,-24,3618.75,2513
2022-10-03 09:41:09,79,18,3618.75,2531
2022-10-03 09:41:10,83,-21,3618.75,2510
2022-10-03 09:41:11,187,55,3619.25,2565
2022-10-03 09:41:12,131,5,3619.5,2570
2022-10-03 09:41:13,53,13,3619.25,2583
2022-10-03 09:41:14,114,-6,3619.25,2577
2022-10-03 09:41:15,90,-20,3619.0,2557
2022-10-03 09:41:16,97,5,3619.25,2562
2022-10-03 09:41:17,299,67,3620.5,2629
2022-10-03 09:41:18,72,10,3620.25,2639
2022-10-03 09:41:19,100,22,3620.75,2661
2022-10-03 09:41:20,310,50,3621.75,2711
2022-10-03 09:41:21,324,199,3622.25,2910
2022-10-03 09:41:22,83,-6,3622.0,2904
2022-10-03 09:41:23,100,-21,3621.75,2883
2022-10-03 09:41:24,83,25,3621.75,2908
2022-10-03 09:41:25,400,199,3623.0,3107
2022-10-03 09:41:26,155,-23,3622.75,3084
2022-10-03 09:41:27,113,19,3622.25,3103
2022-10-03 09:41:28,108,14,3622.25,3117
2022-10-03 09:41:29,155,-27,3622.0,3090
2022-10-03 09:41:30,109,-3,3622.25,3087
2022-10-03 09:41:31,146,-37,3622.0,3050
2022-10-03 09:41:32,140,-55,3621.25,2995
2022-10-03 09:41:33,78,-16,3620.75,2979
2022-10-03 09:41:34,103,-9,3621.0,2970
2022-10-03 09:41:35,27,-5,3621.25,2965
2022-10-03 09:41:36,125,-61,3621.0,2904
2022-10-03 09:41:37,46,15,3621.25,2919
2022-10-03 09:41:38,92,-3,3621.25,2916
2022-10-03 09:41:39,120,52,3621.5,2968
2022-10-03 09:41:40,62,6,3621.5,2974
2022-10-03 09:41:41,204,59,3622.0,3033
2022-10-03 09:41:42,127,22,3622.25,3055
2022-10-03 09:41:43,48,-7,3622.25,3048
2022-10-03 09:41:44,131,18,3622.25,3066
2022-10-03 09:41:45,87,34,3622.0,3100
2022-10-03 09:41:46,129,-4,3621.75,3096
2022-10-03 09:41:47,48,8,3621.5,3104
2022-10-03 09:41:48,107,-38,3621.5,3066
2022-10-03 09:41:49,83,7,3621.5,3073
2022-10-03 09:41:50,71,-1,3621.75,3072
2022-10-03 09:41:51,76,2,3622.0,3074
2022-10-03 09:41:52,55,2,3622.25,3076
2022-10-03 09:41:53,118,30,3623.0,3106
2022-10-03 09:41:54,165,50,3623.25,3156
2022-10-03 09:41:55,74,-4,3623.25,3152
2022-10-03 09:41:56,137,-1,3623.25,3151
2022-10-03 09:41:57,34,1,3622.5,3152
2022-10-03 09:41:58,56,-2,3622.5,3150
2022-10-03 09:41:59,66,5,3622.5,3155
2022-10-03 09:42:00,81,-6,3622.75,3149
2022-10-03 09:42:01,78,-15,3622.25,3134
2022-10-03 09:42:02,84,5,3622.25,3139
2022-10-03 09:42:03,27,0,3622.5,3139
2022-10-03 09:42:04,109,12,3622.75,3151
2022-10-03 09:42:05,35,7,3623.25,3158
2022-10-03 09:42:06,153,44,3623.25,3202
2022-10-03 09:42:07,67,-16,3623.25,3186
2022-10-03 09:42:08,84,43,3623.5,3229
2022-10-03 09:42:09,285,75,3624.0,3304
2022-10-03 09:42:10,180,39,3624.5,3343
2022-10-03 09:42:11,230,60,3625.0,3403
2022-10-03 09:42:12,193,22,3625.0,3425
2022-10-03 09:42:13,130,0,3625.25,3425
2022-10-03 09:42:14,89,8,3625.0,3433
2022-10-03 09:42:15,160,-33,3624.75,3400
2022-10-03 09:42:16,151,-6,3624.25,3394
2022-10-03 09:42:17,75,1,3624.5,3395
2022-10-03 09:42:18,130,35,3625.25,3430
2022-10-03 09:42:19,115,-31,3625.25,3399
2022-10-03 09:42:20,129,12,3625.25,3411
2022-10-03 09:42:21,23,7,3625.25,3418
2022-10-03 09:42:22,52,12,3625.25,3430
2022-10-03 09:42:23,68,2,3625.25,3432
2022-10-03 09:42:24,148,13,3625.5,3445
2022-10-03 09:42:25,110,12,3625.25,3457
2022-10-03 09:42:26,125,52,3625.75,3509
2022-10-03 09:42:27,155,7,3626.25,3516
2022-10-03 09:42:28,60,6,3625.75,3522
2022-10-03 09:42:29,273,184,3626.0,3706
2022-10-03 09:42:30,90,0,3626.0,3706
2022-10-03 09:42:31,66,-13,3625.75,3693
2022-10-03 09:42:32,128,26,3626.0,3719
2022-10-03 09:42:33,175,21,3626.0,3740
2022-10-03 09:42:34,77,2,3626.0,3742
2022-10-03 09:42:35,151,45,3626.5,3787
2022-10-03 09:42:36,343,88,3627.25,3875
2022-10-03 09:42:37,286,142,3627.75,4017
2022-10-03 09:42:38,172,-31,3627.25,3986
2022-10-03 09:42:39,93,24,3627.25,4010
2022-10-03 09:42:40,60,24,3627.25,4034
2022-10-03 09:42:41,102,-20,3626.75,4014
2022-10-03 09:42:42,138,-68,3626.75,3946
2022-10-03 09:42:43,95,9,3626.5,3955
2022-10-03 09:42:44,81,14,3626.75,3969
2022-10-03 09:42:45,151,22,3627.0,3991
2022-10-03 09:42:46,48,-5,3627.25,3986
2022-10-03 09:42:47,17,-4,3627.0,3982
2022-10-03 09:42:48,121,0,3627.5,3982
2022-10-03 09:42:49,71,-22,3627.5,3960
2022-10-03 09:42:50,70,2,3627.5,3962
2022-10-03 09:42:51,180,6,3627.75,3968
2022-10-03 09:42:52,217,72,3628.75,4040
2022-10-03 09:42:53,186,-1,3628.5,4039
2022-10-03 09:42:54,100,-11,3628.0,4028
2022-10-03 09:42:55,74,-18,3627.75,4010
2022-10-03 09:42:56,87,-7,3627.75,4003
2022-10-03 09:42:57,76,3,3627.5,4006
2022-10-03 09:42:58,40,-3,3627.5,4003
2022-10-03 09:42:59,65,4,3627.75,4007
2022-10-03 09:43:00,162,-14,3628.25,3993
2022-10-03 09:43:01,81,14,3628.25,4007
2022-10-03 09:43:02,197,49,3628.25,4056
2022-10-03 09:43:03,200,-7,3628.25,4049
2022-10-03 09:43:04,45,-25,3628.25,4024
2022-10-03 09:43:05,202,-39,3627.75,3985
2022-10-03 09:43:06,60,15,3627.75,4000
2022-10-03 09:43:07,60,12,3628.0,4012
2022-10-03 09:43:08,35,3,3628.25,4015
2022-10-03 09:43:09,152,40,3628.75,4055
2022-10-03 09:43:10,101,-1,3628.75,4054
2022-10-03 09:43:11,146,-6,3628.75,4048
2022-10-03 09:43:12,352,12,3629.25,4060
2022-10-03 09:43:13,221,42,3629.75,4102
2022-10-03 09:43:14,343,92,3630.5,4194
2022-10-03 09:43:15,78,-32,3630.0,4162
2022-10-03 09:43:16,218,-56,3630.0,4106
2022-10-03 09:43:17,158,-2,3629.5,4104
2022-10-03 09:43:18,200,-18,3629.5,4086
2022-10-03 09:43:19,327,19,3629.75,4105
2022-10-03 09:43:20,80,-11,3630.0,4094
2022-10-03 09:43:21,79,26,3630.0,4120
2022-10-03 09:43:22,227,-3,3630.0,4117
2022-10-03 09:43:23,84,-1,3630.0,4116
2022-10-03 09:43:24,112,38,3630.25,4154
2022-10-03 09:43:25,88,-23,3630.0,4131
2022-10-03 09:43:26,22,7,3630.25,4138
2022-10-03 09:43:27,91,-4,3630.0,4134
2022-10-03 09:43:28,125,0,3630.0,4134
2022-10-03 09:43:29,129,-32,3630.0,4102
2022-10-03 09:43:30,131,27,3630.0,4129
2022-10-03 09:43:31,26,-4,3630.0,4125
2022-10-03 09:43:32,84,-27,3630.0,4098
2022-10-03 09:43:33,191,26,3630.25,4124
2022-10-03 09:43:34,128,-5,3630.0,4119
2022-10-03 09:43:35,193,-63,3629.75,4056
2022-10-03 09:43:36,110,18,3629.25,4074
2022-10-03 09:43:37,81,-10,3629.75,4064
2022-10-03 09:43:38,56,5,3629.5,4069
2022-10-03 09:43:39,279,46,3630.25,4115
2022-10-03 09:43:40,414,-31,3630.25,4084
2022-10-03 09:43:41,119,-12,3629.75,4072
2022-10-03 09:43:42,74,-5,3629.75,4067
2022-10-03 09:43:43,84,-18,3629.5,4049
2022-10-03 09:43:44,33,4,3629.75,4053
2022-10-03 09:43:45,29,-1,3629.75,4052
2022-10-03 09:43:46,160,13,3629.75,4065
2022-10-03 09:43:47,56,15,3629.75,4080
2022-10-03 09:43:48,34,20,3630.0,4100
2022-10-03 09:43:49,17,6,3630.0,4106
2022-10-03 09:43:50,88,15,3630.5,4121
2022-10-03 09:43:51,54,-21,3630.5,4100
2022-10-03 09:43:52,61,0,3630.75,4100
2022-10-03 09:43:53,16,6,3630.5,4106
2022-10-03 09:43:54,79,-7,3630.25,4099
2022-10-03 09:43:55,730,-51,3630.75,4048
2022-10-03 09:43:56,93,1,3630.0,4049
2022-10-03 09:43:57,105,-6,3630.25,4043
2022-10-03 09:43:58,15,4,3630.0,4047
2022-10-03 09:43:59,78,22,3630.25,4069
2022-10-03 09:44:00,72,26,3630.5,4095
2022-10-03 09:44:01,74,3,3630.5,4098
2022-10-03 09:44:02,75,-25,3630.25,4073
2022-10-03 09:44:03,122,-5,3630.0,4068
2022-10-03 09:44:04,56,5,3630.25,4073
2022-10-03 09:44:05,226,-1,3630.75,4072
2022-10-03 09:44:06,90,-13,3630.5,4059
2022-10-03 09:44:07,56,-21,3630.0,4038
2022-10-03 09:44:08,97,18,3630.5,4056
2022-10-03 09:44:09,46,5,3630.5,4061
2022-10-03 09:44:10,38,-6,3630.25,4055
2022-10-03 09:44:11,164,-27,3630.25,4028
2022-10-03 09:44:12,105,-33,3629.75,3995
2022-10-03 09:44:13,97,-13,3630.0,3982
2022-10-03 09:44:14,80,-9,3629.75,3973
2022-10-03 09:44:15,68,21,3630.0,3994
2022-10-03 09:44:16,70,19,3630.0,4013
2022-10-03 09:44:17,67,6,3630.0,4019
2022-10-03 09:44:18,264,1,3630.25,4020
2022-10-03 09:44:19,72,1,3629.75,4021
2022-10-03 09:44:20,50,-16,3630.0,4005
2022-10-03 09:44:21,91,8,3629.75,4013
2022-10-03 09:44:22,124,1,3630.0,4014
2022-10-03 09:44:23,44,0,3630.0,4014
2022-10-03 09:44:24,90,13,3630.0,4027
2022-10-03 09:44:25,29,10,3630.0,4037
2022-10-03 09:44:26,71,5,3630.25,4042
2022-10-03 09:44:27,80,-22,3630.75,4020
2022-10-03 09:44:28,136,30,3630.5,4050
2022-10-03 09:44:29,31,-4,3630.25,4046
2022-10-03 09:44:30,118,-22,3630.25,4024
2022-10-03 09:44:31,43,-16,3630.0,4008
2022-10-03 09:44:32,46,3,3630.0,4011
2022-10-03 09:44:33,148,-6,3630.5,4005
2022-10-03 09:44:34,116,-20,3630.0,3985
2022-10-03 09:44:35,38,-1,3629.75,3984
2022-10-03 09:44:36,101,0,3630.0,3984
2022-10-03 09:44:37,19,-9,3630.25,3975
2022-10-03 09:44:38,182,-27,3630.5,3948
2022-10-03 09:44:39,47,-1,3630.0,3947
2022-10-03 09:44:40,63,-11,3630.0,3936
2022-10-03 09:44:41,146,0,3630.5,3936
2022-10-03 09:44:42,45,3,3630.25,3939
2022-10-03 09:44:43,80,-19,3629.75,3920
2022-10-03 09:44:44,266,-108,3629.5,3812
2022-10-03 09:44:45,96,9,3629.25,3821
2022-10-03 09:44:46,49,14,3629.5,3835
2022-10-03 09:44:47,65,-20,3629.25,3815
2022-10-03 09:44:48,164,11,3629.5,3826
2022-10-03 09:44:49,26,-6,3629.5,3820
2022-10-03 09:44:50,36,-8,3629.5,3812
2022-10-03 09:44:51,15,3,3629.25,3815
2022-10-03 09:44:52,88,12,3629.5,3827
2022-10-03 09:44:53,35,10,3629.25,3837
2022-10-03 09:44:54,40,-1,3629.25,3836
2022-10-03 09:44:55,27,6,3629.5,3842
2022-10-03 09:44:56,7,1,3629.5,3843
2022-10-03 09:44:57,137,40,3630.25,3883
2022-10-03 09:44:58,38,13,3630.25,3896
2022-10-03 09:44:59,80,-22,3630.25,3874
2022-10-03 09:45:00,168,-20,3630.0,3854
2022-10-03 09:45:01,64,13,3629.75,3867
2022-10-03 09:45:02,105,5,3630.0,3872
2022-10-03 09:45:03,69,5,3630.25,3877
2022-10-03 09:45:04,104,0,3630.5,3877
2022-10-03 09:45:05,64,0,3630.25,3877
2022-10-03 09:45:06,46,-12,3630.25,3865
2022-10-03 09:45:07,196,46,3630.75,3911
2022-10-03 09:45:08,170,1,3630.75,3912
2022-10-03 09:45:09,150,-52,3630.5,3860
2022-10-03 09:45:10,336,-36,3630.5,3824
2022-10-03 09:45:11,170,-20,3630.25,3804
2022-10-03 09:45:12,102,-11,3629.5,3793
2022-10-03 09:45:13,114,0,3629.5,3793
2022-10-03 09:45:14,58,12,3629.75,3805
2022-10-03 09:45:15,47,7,3630.0,3812
2022-10-03 09:45:16,50,-21,3630.0,3791
2022-10-03 09:45:17,43,0,3629.75,3791
2022-10-03 09:45:18,49,-10,3630.25,3781
2022-10-03 09:45:19,80,-33,3630.25,3748
2022-10-03 09:45:20,67,-2,3630.0,3746
2022-10-03 09:45:21,30,2,3629.75,3748
2022-10-03 09:45:22,32,0,3630.25,3748
2022-10-03 09:45:23,30,-8,3630.5,3740
2022-10-03 09:45:24,191,-20,3630.5,3720
2022-10-03 09:45:25,197,-9,3630.75,3711
2022-10-03 09:45:26,589,86,3631.5,3797
2022-10-03 09:45:27,104,69,3632.0,3866
2022-10-03 09:45:28,302,135,3633.0,4001
2022-10-03 09:45:29,136,17,3633.0,4018
2022-10-03 09:45:30,380,197,3634.0,4215
2022-10-03 09:45:31,697,426,3635.5,4641
2022-10-03 09:45:32,461,-164,3635.0,4477
2022-10-03 09:45:33,751,-243,3634.75,4234
2022-10-03 09:45:34,128,-10,3634.0,4224
2022-10-03 09:45:35,88,3,3633.75,4227
2022-10-03 09:45:36,91,11,3633.75,4238
2022-10-03 09:45:37,62,-8,3634.0,4230
2022-10-03 09:45:38,80,14,3634.0,4244
2022-10-03 09:45:39,174,28,3634.0,4272
2022-10-03 09:45:40,164,36,3634.25,4308
2022-10-03 09:45:41,122,13,3634.0,4321
2022-10-03 09:45:42,145,36,3634.5,4357
2022-10-03 09:45:43,75,-5,3634.75,4352
2022-10-03 09:45:44,89,-5,3634.75,4347
2022-10-03 09:45:45,130,21,3635.25,4368
2022-10-03 09:45:46,155,2,3635.0,4370
2022-10-03 09:45:47,89,-20,3634.75,4350
2022-10-03 09:45:48,433,238,3635.25,4588
2022-10-03 09:45:49,59,-3,3634.75,4585
2022-10-03 09:45:50,51,6,3634.5,4591
2022-10-03 09:45:51,58,-2,3634.75,4589
2022-10-03 09:45:52,75,15,3635.25,4604
2022-10-03 09:45:53,100,2,3635.75,4606
2022-10-03 09:45:54,161,18,3635.75,4624
2022-10-03 09:45:55,146,-30,3635.75,4594
2022-10-03 09:45:56,74,-11,3635.75,4583
2022-10-03 09:45:57,232,-59,3635.5,4524
2022-10-03 09:45:58,196,-36,3635.25,4488
2022-10-03 09:45:59,120,10,3635.5,4498
2022-10-03 09:46:00,141,13,3635.75,4511
2022-10-03 09:46:01,542,197,3637.0,4708
2022-10-03 09:46:02,67,26,3636.25,4734
2022-10-03 09:46:03,117,7,3636.0,4741
2022-10-03 09:46:04,90,7,3636.5,4748
2022-10-03 09:46:05,98,40,3636.5,4788
2022-10-03 09:46:06,124,44,3637.25,4832
2022-10-03 09:46:07,194,64,3638.0,4896
2022-10-03 09:46:08,199,32,3637.75,4928
2022-10-03 09:46:09,91,5,3638.25,4933
2022-10-03 09:46:10,291,13,3638.75,4946
2022-10-03 09:46:11,174,-10,3638.5,4936
2022-10-03 09:46:12,319,-127,3638.25,4809
2022-10-03 09:46:13,199,23,3638.5,4832
2022-10-03 09:46:14,253,-157,3638.25,4675
2022-10-03 09:46:15,120,-15,3637.75,4660
2022-10-03 09:46:16,113,15,3638.25,4675
2022-10-03 09:46:17,86,-4,3638.25,4671
2022-10-03 09:46:18,97,7,3638.25,4678
2022-10-03 09:46:19,88,-8,3637.75,4670
2022-10-03 09:46:20,113,-9,3637.5,4661
2022-10-03 09:46:21,100,14,3637.75,4675
2022-10-03 09:46:22,67,10,3637.75,4685
2022-10-03 09:46:23,154,-4,3637.75,4681
2022-10-03 09:46:24,170,35,3637.5,4716
2022-10-03 09:46:25,287,-17,3637.25,4699
2022-10-03 09:46:26,113,-28,3637.25,4671
2022-10-03 09:46:27,72,-23,3637.0,4648
2022-10-03 09:46:28,255,-26,3636.75,4622
2022-10-03 09:46:29,135,5,3637.25,4627
2022-10-03 09:46:30,108,10,3637.5,4637
2022-10-03 09:46:31,50,3,3637.5,4640
2022-10-03 09:46:32,98,-6,3637.5,4634
2022-10-03 09:46:33,57,5,3637.25,4639
2022-10-03 09:46:34,122,28,3638.0,4667
2022-10-03 09:46:35,159,-3,3637.75,4664
2022-10-03 09:46:36,91,13,3637.75,4677
2022-10-03 09:46:37,30,21,3637.75,4698
2022-10-03 09:46:38,111,52,3638.0,4750
2022-10-03 09:46:39,120,48,3638.0,4798
2022-10-03 09:46:40,269,-6,3638.0,4792
2022-10-03 09:46:41,38,12,3638.0,4804
2022-10-03 09:46:42,430,-3,3638.25,4801
2022-10-03 09:46:43,210,-28,3638.0,4773
2022-10-03 09:46:44,122,-23,3637.25,4750
2022-10-03 09:46:45,104,-33,3637.0,4717
2022-10-03 09:46:46,47,3,3636.75,4720
2022-10-03 09:46:47,121,-4,3637.0,4716
2022-10-03 09:46:48,60,17,3637.0,4733
2022-10-03 09:46:49,97,3,3637.75,4736
2022-10-03 09:46:50,83,11,3638.0,4747
2022-10-03 09:46:51,280,45,3638.0,4792
2022-10-03 09:46:52,152,27,3638.25,4819
2022-10-03 09:46:53,46,-8,3638.0,4811
2022-10-03 09:46:54,187,84,3639.25,4895
2022-10-03 09:46:55,176,-18,3639.25,4877
2022-10-03 09:46:56,51,-5,3639.25,4872
2022-10-03 09:46:57,119,-8,3639.0,4864
2022-10-03 09:46:58,44,9,3638.75,4873
2022-10-03 09:46:59,28,13,3639.0,4886
2022-10-03 09:47:00,156,51,3639.5,4937
2022-10-03 09:47:01,67,6,3639.25,4943
2022-10-03 09:47:02,66,-14,3639.25,4929
2022-10-03 09:47:03,250,15,3639.75,4944
2022-10-03 09:47:04,108,-22,3639.75,4922
2022-10-03 09:47:05,96,-24,3639.75,4898
2022-10-03 09:47:06,115,-14,3639.0,4884
2022-10-03 09:47:07,86,21,3639.25,4905
2022-10-03 09:47:08,77,16,3639.25,4921
2022-10-03 09:47:09,96,44,3639.5,4965
2022-10-03 09:47:10,73,-12,3639.5,4953
2022-10-03 09:47:11,44,7,3639.5,4960
2022-10-03 09:47:12,120,60,3639.75,5020
2022-10-03 09:47:13,345,66,3640.0,5086
2022-10-03 09:47:14,170,-14,3639.5,5072
2022-10-03 09:47:15,50,14,3639.75,5086
2022-10-03 09:47:16,110,11,3640.0,5097
2022-10-03 09:47:17,110,-8,3639.5,5089
2022-10-03 09:47:18,107,14,3639.5,5103
2022-10-03 09:47:19,89,-10,3639.5,5093
2022-10-03 09:47:20,237,-54,3639.25,5039
2022-10-03 09:47:21,211,-72,3639.25,4967
2022-10-03 09:47:22,54,-3,3638.75,4964
2022-10-03 09:47:23,166,-45,3638.0,4919
2022-10-03 09:47:24,116,-19,3638.25,4900
2022-10-03 09:47:25,138,-6,3638.25,4894
2022-10-03 09:47:26,63,9,3638.25,4903
2022-10-03 09:47:27,63,-1,3638.75,4902
2022-10-03 09:47:28,122,-21,3638.5,4881
2022-10-03 09:47:29,104,-20,3638.25,4861
2022-10-03 09:47:30,202,-28,3637.75,4833
2022-10-03 09:47:31,45,-17,3637.75,4816
2022-10-03 09:47:32,82,25,3638.25,4841
2022-10-03 09:47:33,92,33,3638.25,4874
2022-10-03 09:47:34,902,-304,3638.5,4570
2022-10-03 09:47:35,40,12,3637.75,4582
2022-10-03 09:47:36,106,-25,3637.75,4557
2022-10-03 09:47:37,528,243,3638.75,4800
2022-10-03 09:47:38,162,-17,3637.75,4783
2022-10-03 09:47:39,126,-10,3637.5,4773
2022-10-03 09:47:40,35,-2,3637.5,4771
2022-10-03 09:47:41,126,29,3638.0,4800
2022-10-03 09:47:42,102,1,3638.0,4801
2022-10-03 09:47:43,41,-5,3637.5,4796
2022-10-03 09:47:44,18,-6,3637.5,4790
2022-10-03 09:47:45,137,-40,3637.5,4750
2022-10-03 09:47:46,104,-9,3637.0,4741
2022-10-03 09:47:47,138,10,3637.0,4751
2022-10-03 09:47:48,133,-15,3636.75,4736
2022-10-03 09:47:49,11,-1,3636.75,4735
2022-10-03 09:47:50,497,130,3637.25,4865
2022-10-03 09:47:51,157,20,3637.75,4885
2022-10-03 09:47:52,118,-40,3637.75,4845
2022-10-03 09:47:53,25,4,3637.75,4849
2022-10-03 09:47:54,53,-8,3637.5,4841
2022-10-03 09:47:55,39,-6,3637.25,4835
2022-10-03 09:47:56,8,-3,3637.25,4832
2022-10-03 09:47:57,65,16,3637.75,4848
2022-10-03 09:47:58,234,5,3637.75,4853
2022-10-03 09:47:59,61,23,3637.75,4876
2022-10-03 09:48:00,232,14,3638.25,4890
2022-10-03 09:48:01,94,30,3638.5,4920
2022-10-03 09:48:02,56,14,3638.75,4934
2022-10-03 09:48:03,86,-30,3638.75,4904
2022-10-03 09:48:04,86,-9,3638.0,4895
2022-10-03 09:48:05,113,-26,3638.0,4869
2022-10-03 09:48:06,95,0,3637.75,4869
2022-10-03 09:48:07,36,1,3637.75,4870
2022-10-03 09:48:08,128,-27,3637.75,4843
2022-10-03 09:48:09,36,-12,3637.25,4831
2022-10-03 09:48:10,140,-47,3637.25,4784
2022-10-03 09:48:11,52,17,3637.5,4801
2022-10-03 09:48:12,93,23,3637.75,4824
2022-10-03 09:48:13,66,3,3637.75,4827
2022-10-03 09:48:14,65,-8,3638.0,4819
2022-10-03 09:48:15,115,6,3638.25,4825
2022-10-03 09:48:16,25,-6,3638.0,4819
2022-10-03 09:48:17,25,2,3637.75,4821
2022-10-03 09:48:18,69,23,3638.0,4844
2022-10-03 09:48:19,167,60,3638.25,4904
2022-10-03 09:48:20,75,-17,3638.25,4887
2022-10-03 09:48:21,23,-4,3638.0,4883
2022-10-03 09:48:22,60,-27,3638.0,4856
2022-10-03 09:48:23,47,16,3638.0,4872
2022-10-03 09:48:24,19,-13,3638.0,4859
2022-10-03 09:48:25,37,9,3638.0,4868
2022-10-03 09:48:26,62,10,3638.25,4878
2022-10-03 09:48:27,83,15,3639.0,4893
2022-10-03 09:48:28,83,-34,3638.75,4859
2022-10-03 09:48:29,85,-15,3638.25,4844
2022-10-03 09:48:30,33,-4,3638.0,4840
2022-10-03 09:48:31,49,-8,3637.75,4832
2022-10-03 09:48:32,250,-90,3637.75,4742
2022-10-03 09:48:33,61,-2,3637.25,4740
2022-10-03 09:48:34,65,7,3637.75,4747
2022-10-03 09:48:35,24,-2,3637.5,4745
2022-10-03 09:48:36,56,30,3638.0,4775
2022-10-03 09:48:37,24,-11,3637.75,4764
2022-10-03 09:48:38,11,-9,3637.75,4755
2022-10-03 09:48:39,55,-7,3637.75,4748
2022-10-03 09:48:40,75,-19,3637.5,4729
2022-10-03 09:48:41,59,14,3637.75,4743
2022-10-03 09:48:42,148,-43,3637.25,4700
2022-10-03 09:48:43,66,24,3637.75,4724
2022-10-03 09:48:44,32,6,3637.75,4730
2022-10-03 09:48:45,100,-32,3637.75,4698
2022-10-03 09:48:46,216,0,3637.5,4698
2022-10-03 09:48:47,61,-9,3637.75,4689
2022-10-03 09:48:48,39,-11,3637.5,4678
2022-10-03 09:48:49,38,9,3637.75,4687
2022-10-03 09:48:50,56,16,3638.0,4703
2022-10-03 09:48:51,38,0,3637.75,4703
2022-10-03 09:48:52,79,-17,3637.5,4686
2022-10-03 09:48:53,45,14,3637.25,4700
2022-10-03 09:48:54,118,27,3638.0,4727
2022-10-03 09:48:55,39,-4,3638.25,4723
2022-10-03 09:48:56,30,-3,3638.25,4720
2022-10-03 09:48:57,53,11,3638.25,4731
2022-10-03 09:48:58,134,13,3638.5,4744
2022-10-03 09:48:59,38,17,3638.0,4761
2022-10-03 09:49:00,55,-2,3638.0,4759
2022-10-03 09:49:01,59,-23,3638.25,4736
2022-10-03 09:49:02,180,51,3638.5,4787
2022-10-03 09:49:03,113,23,3638.5,4810
2022-10-03 09:49:04,105,27,3638.5,4837
2022-10-03 09:49:05,137,10,3639.0,4847
2022-10-03 09:49:06,49,-8,3638.75,4839
2022-10-03 09:49:07,11,-1,3638.75,4838
2022-10-03 09:49:08,75,-8,3638.75,4830
2022-10-03 09:49:09,10,7,3639.0,4837
2022-10-03 09:49:10,97,24,3639.25,4861
2022-10-03 09:49:11,115,34,3639.5,4895
2022-10-03 09:49:12,54,2,3639.25,4897
2022-10-03 09:49:13,100,-11,3639.0,4886
2022-10-03 09:49:14,192,67,3639.75,4953
2022-10-03 09:49:15,119,62,3639.75,5015
2022-10-03 09:49:16,138,1,3639.75,5016
2022-10-03 09:49:17,102,-9,3639.75,5007
2022-10-03 09:49:18,49,-3,3639.5,5004
2022-10-03 09:49:19,159,42,3640.0,5046
2022-10-03 09:49:20,44,5,3640.0,5051
2022-10-03 09:49:21,92,-8,3640.0,5043
2022-10-03 09:49:22,204,60,3640.25,5103
2022-10-03 09:49:23,418,247,3641.0,5350
2022-10-03 09:49:24,84,1,3641.0,5351
2022-10-03 09:49:25,166,-17,3640.75,5334
2022-10-03 09:49:26,84,10,3640.75,5344
2022-10-03 09:49:27,180,-9,3640.5,5335
2022-10-03 09:49:28,71,11,3640.75,5346
2022-10-03 09:49:29,86,26,3640.75,5372
2022-10-03 09:49:30,104,35,3640.75,5407
2022-10-03 09:49:31,101,-12,3640.75,5395
2022-10-03 09:49:32,223,4,3640.5,5399
2022-10-03 09:49:33,47,4,3640.5,5403
2022-10-03 09:49:34,230,83,3641.5,5486
2022-10-03 09:49:35,144,2,3641.25,5488
2022-10-03 09:49:36,148,-10,3641.25,5478
2022-10-03 09:49:37,137,3,3641.0,5481
2022-10-03 09:49:38,46,15,3641.0,5496
2022-10-03 09:49:39,70,-10,3641.0,5486
2022-10-03 09:49:40,24,-4,3641.0,5482
2022-10-03 09:49:41,202,-41,3641.0,5441
2022-10-03 09:49:42,511,-29,3640.25,5412
2022-10-03 09:49:43,39,-3,3640.0,5409
2022-10-03 09:49:44,120,-2,3640.25,5407
2022-10-03 09:49:45,243,-20,3639.75,5387
2022-10-03 09:49:46,123,4,3640.0,5391
2022-10-03 09:49:47,154,-70,3640.0,5321
2022-10-03 09:49:48,67,18,3639.5,5339
2022-10-03 09:49:49,370,-12,3639.5,5327
2022-10-03 09:49:50,57,15,3639.5,5342
2022-10-03 09:49:51,173,18,3639.75,5360
2022-10-03 09:49:52,78,-3,3639.75,5357
2022-10-03 09:49:53,92,-19,3639.5,5338
2022-10-03 09:49:54,137,-11,3639.5,5327
2022-10-03 09:49:55,235,-127,3639.0,5200
2022-10-03 09:49:56,185,-36,3638.25,5164
2022-10-03 09:49:57,70,20,3638.5,5184
2022-10-03 09:49:58,90,1,3638.5,5185
2022-10-03 09:49:59,91,-7,3639.0,5178
2022-10-03 09:50:00,106,11,3638.75,5189
2022-10-03 09:50:01,88,2,3639.0,5191
2022-10-03 09:50:02,27,14,3639.0,5205
2022-10-03 09:50:03,98,-22,3639.0,5183
2022-10-03 09:50:04,34,-1,3639.0,5182
2022-10-03 09:50:05,107,-27,3638.5,5155
2022-10-03 09:50:06,125,-21,3638.75,5134
2022-10-03 09:50:07,258,-62,3638.25,5072
2022-10-03 09:50:08,90,24,3638.5,5096
2022-10-03 09:50:09,91,1,3638.75,5097
2022-10-03 09:50:10,96,-4,3638.75,5093
2022-10-03 09:50:11,51,5,3638.75,5098
2022-10-03 09:50:12,48,-2,3638.75,5096
2022-10-03 09:50:13,166,-25,3638.75,5071
2022-10-03 09:50:14,55,3,3638.75,5074
2022-10-03 09:50:15,156,-16,3638.5,5058
2022-10-03 09:50:16,103,15,3638.25,5073
2022-10-03 09:50:17,169,-18,3638.5,5055
2022-10-03 09:50:18,200,21,3638.5,5076
2022-10-03 09:50:19,54,-2,3638.5,5074
2022-10-03 09:50:20,98,-18,3638.5,5056
2022-10-03 09:50:21,358,15,3639.25,5071
2022-10-03 09:50:22,91,16,3639.25,5087
2022-10-03 09:50:23,105,-12,3639.25,5075
2022-10-03 09:50:24,112,-18,3639.0,5057
2022-10-03 09:50:25,136,-9,3639.0,5048
2022-10-03 09:50:26,51,8,3638.75,5056
2022-10-03 09:50:27,128,-13,3638.75,5043
2022-10-03 09:50:28,47,4,3638.5,5047
2022-10-03 09:50:29,63,-9,3638.5,5038
2022-10-03 09:50:30,233,-86,3638.5,4952
2022-10-03 09:50:31,51,-30,3638.0,4922
2022-10-03 09:50:32,351,-146,3638.0,4776
2022-10-03 09:50:33,143,-8,3637.5,4768
2022-10-03 09:50:34,120,-45,3637.5,4723
2022-10-03 09:50:35,116,8,3637.25,4731
2022-10-03 09:50:36,122,-4,3637.25,4727
2022-10-03 09:50:37,106,0,3637.25,4727
2022-10-03 09:50:38,75,5,3637.5,4732
2022-10-03 09:50:39,91,12,3637.75,4744
2022-10-03 09:50:40,104,-30,3637.25,4714
2022-10-03 09:50:41,44,18,3637.25,4732
2022-10-03 09:50:42,103,-41,3637.0,4691
2022-10-03 09:50:43,260,-16,3636.75,4675
2022-10-03 09:50:44,54,-14,3637.0,4661
2022-10-03 09:50:45,85,-12,3637.25,4649
2022-10-03 09:50:46,9,-1,3636.75,4648
2022-10-03 09:50:47,50,-9,3637.0,4639
2022-10-03 09:50:48,47,-14,3637.0,4625
2022-10-03 09:50:49,72,-13,3637.0,4612
2022-10-03 09:50:50,86,17,3637.5,4629
2022-10-03 09:50:51,162,-1,3637.25,4628
2022-10-03 09:50:52,36,14,3637.25,4642
2022-10-03 09:50:53,67,-6,3637.5,4636
2022-10-03 09:50:54,91,-22,3637.5,4614
2022-10-03 09:50:55,105,14,3637.5,4628
2022-10-03 09:50:56,83,25,3637.5,4653
2022-10-03 09:50:57,57,0,3637.5,4653
2022-10-03 09:50:58,25,5,3637.75,4658
2022-10-03 09:50:59,185,-47,3637.5,4611
2022-10-03 09:51:00,213,-16,3637.25,4595
2022-10-03 09:51:01,330,-117,3636.5,4478
2022-10-03 09:51:02,234,-54,3636.25,4424
2022-10-03 09:51:03,229,-40,3636.0,4384
2022-10-03 09:51:04,152,-10,3636.0,4374
2022-10-03 09:51:05,93,-20,3636.0,4354
2022-10-03 09:51:06,259,-83,3635.5,4271
2022-10-03 09:51:07,263,-35,3634.75,4236
2022-10-03 09:51:08,135,26,3635.5,4262
2022-10-03 09:51:09,79,1,3635.75,4263
2022-10-03 09:51:10,86,-11,3635.75,4252
2022-10-03 09:51:11,200,30,3635.75,4282
2022-10-03 09:51:12,46,-14,3635.5,4268
2022-10-03 09:51:13,30,9,3635.25,4277
2022-10-03 09:51:14,47,9,3635.5,4286
2022-10-03 09:51:15,58,-14,3635.25,4272
2022-10-03 09:51:16,67,-30,3635.25,4242
2022-10-03 09:51:17,341,-248,3634.75,3994
2022-10-03 09:51:18,128,-19,3634.5,3975
2022-10-03 09:51:19,98,8,3634.75,3983
2022-10-03 09:51:20,190,6,3634.5,3989
2022-10-03 09:51:21,168,-6,3634.25,3983
2022-10-03 09:51:22,86,-9,3634.25,3974
2022-10-03 09:51:23,227,15,3634.5,3989
2022-10-03 09:51:24,196,18,3634.75,4007
2022-10-03 09:51:25,160,9,3635.5,4016
2022-10-03 09:51:26,140,44,3636.0,4060
2022-10-03 09:51:27,435,3,3636.0,4063
2022-10-03 09:51:28,117,-1,3635.75,4062
2022-10-03 09:51:29,105,-9,3635.75,4053
2022-10-03 09:51:30,36,0,3636.0,4053
2022-10-03 09:51:31,74,7,3636.0,4060
2022-10-03 09:51:32,31,-10,3636.0,4050
2022-10-03 09:51:33,327,115,3636.0,4165
2022-10-03 09:51:34,150,-55,3635.75,4110
2022-10-03 09:51:35,49,-2,3635.75,4108
2022-10-03 09:51:36,49,20,3635.75,4128
2022-10-03 09:51:37,80,16,3635.75,4144
2022-10-03 09:51:38,22,0,3635.5,4144
2022-10-03 09:51:39,99,-17,3635.25,4127
2022-10-03 09:51:40,80,6,3635.0,4133
2022-10-03 09:51:41,77,36,3635.5,4169
2022-10-03 09:51:42,326,189,3636.0,4358
2022-10-03 09:51:43,168,-9,3635.5,4349
2022-10-03 09:51:44,131,-120,3635.25,4229
2022-10-03 09:51:45,63,-5,3635.0,4224
2022-10-03 09:51:46,125,-46,3634.5,4178
2022-10-03 09:51:47,30,-2,3634.75,4176
2022-10-03 09:51:48,28,12,3634.75,4188
2022-10-03 09:51:49,111,-4,3634.5,4184
2022-10-03 09:51:50,88,-5,3634.75,4179
2022-10-03 09:51:51,58,-2,3634.5,4177
2022-10-03 09:51:52,91,2,3634.5,4179
2022-10-03 09:51:53,50,-7,3634.75,4172
2022-10-03 09:51:54,103,29,3635.25,4201
2022-10-03 09:51:55,37,-6,3635.25,4195
2022-10-03 09:51:56,42,-5,3635.25,4190
2022-10-03 09:51:57,31,-4,3634.75,4186
2022-10-03 09:51:58,107,-40,3634.75,4146
2022-10-03 09:51:59,64,-5,3634.75,4141
2022-10-03 09:52:00,118,3,3634.75,4144
2022-10-03 09:52:01,67,-16,3635.0,4128
2022-10-03 09:52:02,50,22,3635.25,4150
2022-10-03 09:52:03,105,17,3635.5,4167
2022-10-03 09:52:04,96,-25,3635.5,4142
2022-10-03 09:52:05,40,4,3635.0,4146
2022-10-03 09:52:06,48,-30,3635.0,4116
2022-10-03 09:52:07,78,-16,3635.0,4100
2022-10-03 09:52:08,11,3,3635.0,4103
2022-10-03 09:52:09,48,12,3635.5,4115
2022-10-03 09:52:10,209,24,3635.75,4139
2022-10-03 09:52:11,55,-9,3635.5,4130
2022-10-03 09:52:12,39,-5,3635.0,4125
2022-10-03 09:52:13,59,-9,3635.0,4116
2022-10-03 09:52:14,47,40,3635.25,4156
2022-10-03 09:52:15,94,4,3635.5,4160
2022-10-03 09:52:16,88,42,3635.75,4202
2022-10-03 09:52:17,102,-10,3635.75,4192
2022-10-03 09:52:18,130,-4,3635.0,4188
2022-10-03 09:52:19,62,3,3634.75,4191
2022-10-03 09:52:20,34,2,3634.5,4193
2022-10-03 09:52:21,20,-7,3634.75,4186
2022-10-03 09:52:22,39,4,3635.25,4190
2022-10-03 09:52:23,135,-107,3635.0,4083
2022-10-03 09:52:24,61,-35,3634.5,4048
2022-10-03 09:52:25,40,0,3634.25,4048
2022-10-03 09:52:26,67,15,3635.0,4063
2022-10-03 09:52:27,47,-2,3635.0,4061
2022-10-03 09:52:28,41,-7,3635.0,4054
2022-10-03 09:52:29,25,-11,3635.0,4043
2022-10-03 09:52:30,52,10,3634.75,4053
2022-10-03 09:52:31,26,-14,3634.75,4039
2022-10-03 09:52:32,64,12,3635.0,4051
2022-10-03 09:52:33,50,3,3635.0,4054
2022-10-03 09:52:34,43,-1,3634.75,4053
2022-10-03 09:52:35,20,-15,3634.75,4038
2022-10-03 09:52:36,156,-30,3634.5,4008
2022-10-03 09:52:37,251,-176,3634.25,3832
2022-10-03 09:52:38,45,-12,3634.0,3820
2022-10-03 09:52:39,81,3,3634.0,3823
2022-10-03 09:52:40,419,-221,3633.5,3602
2022-10-03 09:52:41,175,-37,3632.25,3565
2022-10-03 09:52:42,96,-34,3632.25,3531
2022-10-03 09:52:43,75,-12,3632.25,3519
2022-10-03 09:52:44,121,10,3632.5,3529
2022-10-03 09:52:45,66,-13,3632.25,3516
2022-10-03 09:52:46,213,-32,3632.25,3484
2022-10-03 09:52:47,148,-54,3632.0,3430
2022-10-03 09:52:48,50,-11,3632.0,3419
2022-10-03 09:52:49,13,-7,3631.75,3412
2022-10-03 09:52:50,59,-8,3631.75,3404
2022-10-03 09:52:51,71,-31,3631.5,3373
2022-10-03 09:52:52,189,-74,3631.25,3299
2022-10-03 09:52:53,262,-97,3631.25,3202
2022-10-03 09:52:54,223,-85,3631.0,3117
2022-10-03 09:52:55,263,17,3630.0,3134
2022-10-03 09:52:56,139,35,3630.25,3169
2022-10-03 09:52:57,109,-4,3630.5,3165
2022-10-03 09:52:58,208,17,3631.0,3182
2022-10-03 09:52:59,114,-18,3630.75,3164
2022-10-03 09:53:00,247,46,3630.75,3210
2022-10-03 09:53:01,137,-7,3630.75,3203
2022-10-03 09:53:02,171,-15,3630.5,3188
2022-10-03 09:53:03,93,-17,3629.75,3171
2022-10-03 09:53:04,200,43,3630.75,3214
2022-10-03 09:53:05,197,89,3631.5,3303
2022-10-03 09:53:06,122,-28,3631.75,3275
2022-10-03 09:53:07,69,1,3631.25,3276
2022-10-03 09:53:08,211,107,3631.25,3383
2022-10-03 09:53:09,44,18,3631.25,3401
2022-10-03 09:53:10,117,-26,3631.5,3375
2022-10-03 09:53:11,72,-25,3631.25,3350
2022-10-03 09:53:12,27,-3,3631.0,3347
2022-10-03 09:53:13,126,27,3631.75,3374
2022-10-03 09:53:14,88,5,3632.25,3379
2022-10-03 09:53:15,138,17,3632.75,3396
2022-10-03 09:53:16,90,-30,3632.75,3366
2022-10-03 09:53:17,129,7,3632.5,3373
2022-10-03 09:53:18,100,6,3632.5,3379
2022-10-03 09:53:19,34,1,3632.5,3380
2022-10-03 09:53:20,234,89,3633.75,3469
2022-10-03 09:53:21,130,2,3634.0,3471
2022-10-03 09:53:22,52,-1,3633.25,3470
2022-10-03 09:53:23,62,1,3633.25,3471
2022-10-03 09:53:24,55,-21,3633.25,3450
2022-10-03 09:53:25,94,-12,3633.0,3438
2022-10-03 09:53:26,74,-25,3633.5,3413
2022-10-03 09:53:27,63,0,3633.0,3413
2022-10-03 09:53:28,115,64,3633.0,3477
2022-10-03 09:53:29,60,-13,3632.5,3464
2022-10-03 09:53:30,60,9,3632.25,3473
2022-10-03 09:53:31,118,-55,3632.0,3418
2022-10-03 09:53:32,130,-4,3632.5,3414
2022-10-03 09:53:33,52,-25,3632.5,3389
2022-10-03 09:53:34,35,1,3632.25,3390
2022-10-03 09:53:35,84,2,3632.5,3392
2022-10-03 09:53:36,40,-8,3632.5,3384
2022-10-03 09:53:37,91,9,3632.0,3393
2022-10-03 09:53:38,50,7,3632.25,3400
2022-10-03 09:53:39,87,-21,3632.5,3379
2022-10-03 09:53:40,28,3,3632.75,3382
2022-10-03 09:53:41,104,30,3633.0,3412
2022-10-03 09:53:42,98,-38,3632.75,3374
2022-10-03 09:53:43,55,10,3633.0,3384
2022-10-03 09:53:44,103,-46,3633.25,3338
2022-10-03 09:53:45,142,-30,3633.0,3308
2022-10-03 09:53:46,88,-10,3632.25,3298
2022-10-03 09:53:47,84,5,3633.0,3303
2022-10-03 09:53:48,61,29,3633.0,3332
2022-10-03 09:53:49,86,-11,3633.0,3321
2022-10-03 09:53:50,39,0,3632.5,3321
2022-10-03 09:53:51,23,-1,3632.5,3320
2022-10-03 09:53:52,44,4,3632.5,3324
2022-10-03 09:53:53,46,5,3632.5,3329
2022-10-03 09:53:54,42,7,3632.5,3336
2022-10-03 09:53:55,12,-7,3632.25,3329
2022-10-03 09:53:56,84,-14,3632.5,3315
2022-10-03 09:53:57,62,-13,3632.25,3302
2022-10-03 09:53:58,35,13,3632.25,3315
2022-10-03 09:53:59,63,-9,3631.75,3306
2022-10-03 09:54:00,87,19,3632.5,3325
2022-10-03 09:54:01,85,1,3632.25,3326
2022-10-03 09:54:02,70,2,3632.5,3328
2022-10-03 09:54:03,98,-3,3633.0,3325
2022-10-03 09:54:04,195,78,3634.25,3403
2022-10-03 09:54:05,113,14,3634.25,3417
2022-10-03 09:54:06,94,62,3635.0,3479
2022-10-03 09:54:07,222,83,3635.5,3562
2022-10-03 09:54:08,172,29,3635.25,3591
2022-10-03 09:54:09,88,16,3635.0,3607
2022-10-03 09:54:10,75,-3,3634.75,3604
2022-10-03 09:54:11,58,-13,3634.75,3591
2022-10-03 09:54:12,66,-15,3634.75,3576
2022-10-03 09:54:13,77,-14,3634.25,3562
2022-10-03 09:54:14,86,10,3634.5,3572
2022-10-03 09:54:15,50,3,3634.75,3575
2022-10-03 09:54:16,74,-29,3634.5,3546
2022-10-03 09:54:17,125,-9,3634.0,3537
2022-10-03 09:54:18,59,-25,3634.0,3512
2022-10-03 09:54:19,41,7,3634.0,3519
2022-10-03 09:54:20,82,-17,3633.75,3502
2022-10-03 09:54:21,68,-1,3633.75,3501
2022-10-03 09:54:22,103,-5,3634.0,3496
2022-10-03 09:54:23,179,-65,3633.75,3431
2022-10-03 09:54:24,91,-24,3633.25,3407
2022-10-03 09:54:25,47,-32,3633.0,3375
2022-10-03 09:54:26,63,12,3633.25,3387
2022-10-03 09:54:27,52,25,3633.5,3412
2022-10-03 09:54:28,97,-20,3633.25,3392
2022-10-03 09:54:29,47,-25,3632.75,3367
2022-10-03 09:54:30,81,6,3632.75,3373
2022-10-03 09:54:31,71,-24,3632.5,3349
2022-10-03 09:54:32,132,-39,3632.0,3310
2022-10-03 09:54:33,80,6,3632.0,3316
2022-10-03 09:54:34,15,-8,3632.0,3308
2022-10-03 09:54:35,92,-19,3632.0,3289
2022-10-03 09:54:36,41,-2,3631.75,3287
2022-10-03 09:54:37,35,-2,3632.0,3285
2022-10-03 09:54:38,64,-33,3631.75,3252
2022-10-03 09:54:39,19,10,3631.75,3262
2022-10-03 09:54:40,103,5,3632.25,3267
2022-10-03 09:54:41,39,-10,3632.5,3257
2022-10-03 09:54:42,85,-7,3632.5,3250
2022-10-03 09:54:43,33,-16,3632.25,3234
2022-10-03 09:54:44,71,14,3632.0,3248
2022-10-03 09:54:45,995,362,3634.0,3610
2022-10-03 09:54:46,245,65,3633.75,3675
2022-10-03 09:54:47,180,34,3634.0,3709
2022-10-03 09:54:48,53,1,3633.5,3710
2022-10-03 09:54:49,67,-1,3634.0,3709
2022-10-03 09:54:50,220,-47,3633.5,3662
2022-10-03 09:54:51,127,25,3633.5,3687
2022-10-03 09:54:52,20,-14,3633.5,3673
2022-10-03 09:54:53,42,10,3633.5,3683
2022-10-03 09:54:54,91,2,3634.0,3685
2022-10-03 09:54:55,99,-12,3634.25,3673
2022-10-03 09:54:56,41,4,3633.75,3677
2022-10-03 09:54:57,100,39,3634.5,3716
2022-10-03 09:54:58,28,-9,3634.25,3707
2022-10-03 09:54:59,77,-9,3634.25,3698
2022-10-03 09:55:00,61,-8,3634.0,3690
2022-10-03 09:55:01,67,4,3634.0,3694
2022-10-03 09:55:02,78,-28,3633.75,3666
2022-10-03 09:55:03,52,-17,3632.75,3649
2022-10-03 09:55:04,77,-5,3633.25,3644
2022-10-03 09:55:05,41,13,3633.5,3657
2022-10-03 09:55:06,114,-33,3633.75,3624
2022-10-03 09:55:07,109,3,3634.0,3627
2022-10-03 09:55:08,99,-48,3633.5,3579
2022-10-03 09:55:09,262,-35,3632.5,3544
2022-10-03 09:55:10,66,6,3631.75,3550
2022-10-03 09:55:11,92,-1,3632.75,3549
2022-10-03 09:55:12,86,4,3633.25,3553
2022-10-03 09:55:13,84,-17,3632.75,3536
2022-10-03 09:55:14,180,49,3633.25,3585
2022-10-03 09:55:15,122,4,3633.5,3589
2022-10-03 09:55:16,35,7,3633.0,3596
2022-10-03 09:55:17,111,16,3633.25,3612
2022-10-03 09:55:18,58,2,3632.75,3614
2022-10-03 09:55:19,34,12,3632.75,3626
2022-10-03 09:55:20,66,-9,3633.0,3617
2022-10-03 09:55:21,35,-1,3633.0,3616
2022-10-03 09:55:22,65,9,3633.5,3625
2022-10-03 09:55:23,109,7,3633.25,3632
2022-10-03 09:55:24,99,-4,3633.5,3628
2022-10-03 09:55:25,72,30,3634.0,3658
2022-10-03 09:55:26,69,10,3634.0,3668
2022-10-03 09:55:27,67,3,3634.0,3671
2022-10-03 09:55:28,78,1,3634.25,3672
2022-10-03 09:55:29,193,65,3634.75,3737
2022-10-03 09:55:30,213,17,3635.25,3754
2022-10-03 09:55:31,173,-26,3634.0,3728
2022-10-03 09:55:32,97,37,3634.25,3765
2022-10-03 09:55:33,77,22,3634.25,3787
2022-10-03 09:55:34,54,26,3634.5,3813
2022-10-03 09:55:35,85,1,3634.75,3814
2022-10-03 09:55:36,69,11,3634.75,3825
2022-10-03 09:55:37,88,-2,3634.5,3823
2022-10-03 09:55:38,38,-4,3634.5,3819
2022-10-03 09:55:39,88,11,3635.25,3830
2022-10-03 09:55:40,142,-20,3635.25,3810
2022-10-03 09:55:41,78,-20,3635.0,3790
2022-10-03 09:55:42,38,-20,3634.5,3770
2022-10-03 09:55:43,45,0,3634.0,3770
2022-10-03 09:55:44,78,-25,3634.25,3745
2022-10-03 09:55:45,82,-1,3634.0,3744
2022-10-03 09:55:46,59,-13,3633.75,3731
2022-10-03 09:55:47,83,-22,3634.0,3709
2022-10-03 09:55:48,49,20,3634.25,3729
2022-10-03 09:55:49,45,-11,3634.0,3718
2022-10-03 09:55:50,122,-28,3633.5,3690
2022-10-03 09:55:51,71,11,3633.5,3701
2022-10-03 09:55:52,1082,364,3635.75,4065
2022-10-03 09:55:53,169,-8,3635.75,4057
2022-10-03 09:55:54,40,-13,3635.25,4044
2022-10-03 09:55:55,343,-75,3635.0,3969
2022-10-03 09:55:56,66,-11,3635.0,3958
2022-10-03 09:55:57,90,20,3634.75,3978
2022-10-03 09:55:58,88,12,3634.5,3990
2022-10-03 09:55:59,49,19,3634.5,4009
2022-10-03 09:56:00,100,14,3634.25,4023
2022-10-03 09:56:01,76,8,3634.5,4031
2022-10-03 09:56:02,39,15,3634.75,4046
2022-10-03 09:56:03,38,-2,3635.0,4044
2022-10-03 09:56:04,104,7,3635.0,4051
2022-10-03 09:56:05,65,16,3634.75,4067
2022-10-03 09:56:06,68,16,3634.75,4083
2022-10-03 09:56:07,60,5,3634.75,4088
2022-10-03 09:56:08,24,0,3634.75,4088
2022-10-03 09:56:09,30,7,3634.75,4095
2022-10-03 09:56:10,48,4,3635.0,4099
2022-10-03 09:56:11,40,16,3635.25,4115
2022-10-03 09:56:12,49,-1,3635.25,4114
2022-10-03 09:56:13,59,9,3635.0,4123
2022-10-03 09:56:14,66,11,3635.25,4134
2022-10-03 09:56:15,40,17,3635.25,4151
2022-10-03 09:56:16,113,-30,3634.75,4121
2022-10-03 09:56:17,38,4,3634.0,4125
2022-10-03 09:56:18,46,-13,3633.75,4112
2022-10-03 09:56:19,69,5,3634.0,4117
2022-10-03 09:56:20,48,-3,3634.0,4114
2022-10-03 09:56:21,184,3,3634.25,4117
2022-10-03 09:56:22,22,7,3634.25,4124
2022-10-03 09:56:23,22,1,3634.0,4125
2022-10-03 09:56:24,62,-1,3634.0,4124
2022-10-03 09:56:25,38,5,3633.5,4129
2022-10-03 09:56:26,78,6,3633.75,4135
2022-10-03 09:56:27,41,8,3634.0,4143
2022-10-03 09:56:28,16,-12,3633.75,4131
2022-10-03 09:56:29,43,0,3634.25,4131
2022-10-03 09:56:30,107,14,3634.75,4145
2022-10-03 09:56:31,14,-10,3634.5,4135
2022-10-03 09:56:32,60,-19,3634.0,4116
2022-10-03 09:56:33,43,19,3634.0,4135
2022-10-03 09:56:34,36,-17,3634.0,4118
2022-10-03 09:56:35,41,-7,3633.75,4111
2022-10-03 09:56:36,61,6,3633.75,4117
2022-10-03 09:56:37,23,-4,3633.75,4113
2022-10-03 09:56:38,67,10,3633.75,4123
2022-10-03 09:56:39,55,23,3634.25,4146
2022-10-03 09:56:40,32,4,3634.25,4150
2022-10-03 09:56:41,32,-1,3633.75,4149
2022-10-03 09:56:42,38,0,3633.75,4149
2022-10-03 09:56:43,69,14,3634.75,4163
2022-10-03 09:56:44,133,-3,3634.75,4160
2022-10-03 09:56:45,64,10,3634.75,4170
2022-10-03 09:56:46,20,6,3635.0,4176
2022-10-03 09:56:47,36,-2,3635.0,4174
2022-10-03 09:56:48,36,3,3634.5,4177
2022-10-03 09:56:49,29,3,3634.75,4180
2022-10-03 09:56:50,58,-8,3634.75,4172
2022-10-03 09:56:51,48,-6,3634.5,4166
2022-10-03 09:56:52,67,3,3634.25,4169
2022-10-03 09:56:53,48,-1,3634.25,4168
2022-10-03 09:56:54,27,-3,3634.0,4165
2022-10-03 09:56:55,142,-12,3633.75,4153
2022-10-03 09:56:56,81,16,3633.75,4169
2022-10-03 09:56:57,67,9,3634.0,4178
2022-10-03 09:56:58,64,11,3634.25,4189
2022-10-03 09:56:59,17,-1,3634.25,4188
2022-10-03 09:57:00,113,33,3634.5,4221
2022-10-03 09:57:01,56,11,3634.25,4232
2022-10-03 09:57:02,65,-5,3634.25,4227
2022-10-03 09:57:03,35,9,3633.75,4236
2022-10-03 09:57:04,35,1,3633.5,4237
2022-10-03 09:57:05,27,18,3633.75,4255
2022-10-03 09:57:06,30,0,3634.25,4255
2022-10-03 09:57:07,108,45,3634.5,4300
2022-10-03 09:57:08,46,-19,3634.75,4281
2022-10-03 09:57:09,99,-2,3634.0,4279
2022-10-03 09:57:10,61,-25,3633.5,4254
2022-10-03 09:57:11,39,1,3633.25,4255
2022-10-03 09:57:12,89,3,3633.25,4258
2022-10-03 09:57:13,68,-8,3633.0,4250
2022-10-03 09:57:14,127,-42,3632.5,4208
2022-10-03 09:57:15,176,-34,3632.5,4174
2022-10-03 09:57:16,73,-18,3632.25,4156
2022-10-03 09:57:17,63,5,3632.0,4161
2022-10-03 09:57:18,3,-1,3632.0,4160
2022-10-03 09:57:19,163,-1,3632.0,4159
2022-10-03 09:57:20,77,-12,3632.0,4147
2022-10-03 09:57:21,27,8,3631.75,4155
2022-10-03 09:57:22,88,-26,3631.5,4129
2022-10-03 09:57:23,140,-5,3631.5,4124
2022-10-03 09:57:24,31,-2,3631.25,4122
2022-10-03 09:57:25,100,15,3631.25,4137
2022-10-03 09:57:26,107,-50,3631.0,4087
2022-10-03 09:57:27,59,34,3631.5,4121
2022-10-03 09:57:28,131,5,3631.5,4126
2022-10-03 09:57:29,51,2,3631.25,4128
2022-10-03 09:57:30,154,-62,3630.5,4066
2022-10-03 09:57:31,189,-50,3630.25,4016
2022-10-03 09:57:32,142,33,3630.0,4049
2022-10-03 09:57:33,91,11,3630.5,4060
2022-10-03 09:57:34,116,-34,3630.25,4026
2022-10-03 09:57:35,252,4,3630.25,4030
2022-10-03 09:57:36,117,-8,3630.0,4022
2022-10-03 09:57:37,86,32,3630.75,4054
2022-10-03 09:57:38,31,-6,3630.5,4048
2022-10-03 09:57:39,90,16,3631.0,4064
2022-10-03 09:57:40,163,28,3631.75,4092
2022-10-03 09:57:41,151,-14,3632.0,4078
2022-10-03 09:57:42,125,-27,3631.5,4051
2022-10-03 09:57:43,37,8,3631.5,4059
2022-10-03 09:57:44,52,2,3631.5,4061
2022-10-03 09:57:45,62,-16,3631.25,4045
2022-10-03 09:57:46,21,3,3631.25,4048
2022-10-03 09:57:47,34,4,3631.5,4052
2022-10-03 09:57:48,173,-2,3631.25,4050
2022-10-03 09:57:49,58,-3,3631.0,4047
2022-10-03 09:57:50,70,-2,3631.0,4045
2022-10-03 09:57:51,287,-189,3631.0,3856
2022-10-03 09:57:52,46,-8,3630.5,3848
2022-10-03 09:57:53,138,-19,3630.5,3829
2022-10-03 09:57:54,121,-17,3630.5,3812
2022-10-03 09:57:55,62,17,3631.0,3829
2022-10-03 09:57:56,38,-6,3631.0,3823
2022-10-03 09:57:57,125,-33,3630.75,3790
2022-10-03 09:57:58,41,30,3631.0,3820
2022-10-03 09:57:59,78,-1,3631.5,3819
2022-10-03 09:58:00,210,22,3631.0,3841
2022-10-03 09:58:01,27,-4,3631.0,3837
2022-10-03 09:58:02,87,29,3631.5,3866
2022-10-03 09:58:03,81,-1,3631.5,3865
2022-10-03 09:58:04,44,8,3631.5,3873
2022-10-03 09:58:05,66,-5,3631.75,3868
2022-10-03 09:58:06,71,4,3631.75,3872
2022-10-03 09:58:07,84,8,3631.5,3880
2022-10-03 09:58:08,33,10,3631.5,3890
2022-10-03 09:58:09,21,-1,3631.25,3889
2022-10-03 09:58:10,61,10,3631.25,3899
2022-10-03 09:58:11,141,-25,3631.25,3874
2022-10-03 09:58:12,9,-6,3630.75,3868
2022-10-03 09:58:13,33,12,3630.75,3880
2022-10-03 09:58:14,76,-10,3631.25,3870
2022-10-03 09:58:15,25,-4,3631.0,3866
2022-10-03 09:58:16,34,4,3630.75,3870
2022-10-03 09:58:17,99,-11,3631.0,3859
2022-10-03 09:58:18,58,22,3631.25,3881
2022-10-03 09:58:19,34,5,3631.0,3886
2022-10-03 09:58:20,115,-13,3631.0,3873
2022-10-03 09:58:21,101,-29,3630.75,3844
2022-10-03 09:58:22,48,-24,3630.5,3820
2022-10-03 09:58:23,26,12,3630.75,3832
2022-10-03 09:58:24,34,13,3630.75,3845
2022-10-03 09:58:25,28,-10,3630.75,3835
2022-10-03 09:58:26,15,-5,3630.75,3830
2022-10-03 09:58:27,38,-1,3630.75,3829
2022-10-03 09:58:28,13,5,3631.0,3834
2022-10-03 09:58:29,13,8,3630.75,3842
2022-10-03 09:58:30,27,-16,3630.5,3826
2022-10-03 09:58:31,45,5,3630.5,3831
2022-10-03 09:58:32,31,6,3630.75,3837
2022-10-03 09:58:33,19,11,3630.5,3848
2022-10-03 09:58:34,10,7,3630.75,3855
2022-10-03 09:58:35,48,-2,3631.0,3853
2022-10-03 09:58:36,148,0,3631.25,3853
2022-10-03 09:58:37,65,-3,3631.75,3850
2022-10-03 09:58:38,33,4,3631.5,3854
2022-10-03 09:58:39,53,4,3631.5,3858
2022-10-03 09:58:40,6,1,3631.25,3859
2022-10-03 09:58:41,2,0,3631.25,3859
2022-10-03 09:58:42,33,10,3631.25,3869
2022-10-03 09:58:43,24,16,3631.5,3885
2022-10-03 09:58:44,64,15,3632.0,3900
2022-10-03 09:58:45,161,48,3632.75,3948
2022-10-03 09:58:46,60,33,3632.75,3981
2022-10-03 09:58:47,31,12,3632.5,3993
2022-10-03 09:58:48,64,83,3633.0,4076
2022-10-03 09:58:49,122,-31,3632.75,4045
2022-10-03 09:58:50,28,-11,3632.5,4034
2022-10-03 09:58:51,12,-9,3632.0,4025
2022-10-03 09:58:52,48,-22,3631.75,4003
2022-10-03 09:58:53,42,1,3632.0,4004
2022-10-03 09:58:54,23,-6,3631.75,3998
2022-10-03 09:58:55,2,-2,3631.5,3996
2022-10-03 09:58:56,3,1,3631.75,3997
2022-10-03 09:58:57,24,-8,3631.5,3989
2022-10-03 09:58:58,25,8,3631.75,3997
2022-10-03 09:58:59,82,-15,3631.5,3982
2022-10-03 09:59:00,114,-52,3631.25,3930
2022-10-03 09:59:01,38,11,3630.25,3941
2022-10-03 09:59:02,53,-22,3630.5,3919
2022-10-03 09:59:03,22,-5,3630.5,3914
2022-10-03 09:59:04,42,-13,3630.0,3901
2022-10-03 09:59:05,466,-216,3630.0,3685
2022-10-03 09:59:06,44,-6,3629.0,3679
2022-10-03 09:59:07,44,13,3629.0,3692
2022-10-03 09:59:08,26,16,3629.0,3708
2022-10-03 09:59:09,39,-16,3629.0,3692
2022-10-03 09:59:10,284,-179,3628.5,3513
2022-10-03 09:59:11,69,1,3627.25,3514
2022-10-03 09:59:12,120,-11,3627.0,3503
2022-10-03 09:59:13,76,8,3627.25,3511
2022-10-03 09:59:14,119,-28,3627.5,3483
2022-10-03 09:59:15,70,-5,3627.5,3478
2022-10-03 09:59:16,53,-17,3628.0,3461
2022-10-03 09:59:17,60,-24,3628.0,3437
2022-10-03 09:59:18,29,-13,3627.75,3424
2022-10-03 09:59:19,60,-9,3627.25,3415
2022-10-03 09:59:20,69,-13,3627.25,3402
2022-10-03 09:59:21,251,-63,3627.25,3339
2022-10-03 09:59:22,111,-74,3627.25,3265
2022-10-03 09:59:23,87,-49,3627.25,3216
2022-10-03 09:59:24,45,19,3627.25,3235
2022-10-03 09:59:25,117,-4,3627.75,3231
2022-10-03 09:59:26,41,-1,3627.25,3230
2022-10-03 09:59:27,15,-5,3626.75,3225
2022-10-03 09:59:28,109,-64,3627.25,3161
2022-10-03 09:59:29,94,47,3628.0,3208
2022-10-03 09:59:30,38,12,3628.5,3220
2022-10-03 09:59:31,100,32,3629.25,3252
2022-10-03 09:59:32,47,-7,3629.25,3245
2022-10-03 09:59:33,64,53,3630.0,3298
2022-10-03 09:59:34,118,-12,3629.75,3286
2022-10-03 09:59:35,43,-2,3629.75,3284
2022-10-03 09:59:36,35,-15,3630.0,3269
2022-10-03 09:59:37,29,1,3629.75,3270
2022-10-03 09:59:38,101,1,3630.0,3271
2022-10-03 09:59:39,104,-89,3629.5,3182
2022-10-03 09:59:40,31,-3,3629.0,3179
2022-10-03 09:59:41,22,9,3629.5,3188
2022-10-03 09:59:42,112,22,3630.5,3210
2022-10-03 09:59:43,120,-16,3630.25,3194
2022-10-03 09:59:44,2,0,3630.0,3194
2022-10-03 09:59:45,32,-9,3630.0,3185
2022-10-03 09:59:46,10,-2,3629.75,3183
2022-10-03 09:59:47,20,7,3630.0,3190
2022-10-03 09:59:48,101,19,3630.0,3209
2022-10-03 09:59:49,42,-22,3628.75,3187
2022-10-03 09:59:50,8,6,3629.0,3193
2022-10-03 09:59:51,19,16,3629.25,3209
2022-10-03 09:59:52,27,15,3630.0,3224
2022-10-03 09:59:53,20,7,3630.25,3231
2022-10-03 09:59:54,66,-7,3630.25,3224
2022-10-03 09:59:55,41,18,3630.5,3242
2022-10-03 09:59:56,44,46,3631.25,3288
2022-10-03 09:59:57,99,85,3632.0,3373
2022-10-03 09:59:58,90,-8,3631.75,3365
2022-10-03 09:59:59,101,35,3632.0,3400
2022-10-03 10:00:00,584,359,3639.0,3759
2022-10-03 10:00:01,390,64,3638.25,3823
2022-10-03 10:00:02,174,50,3639.0,3873
2022-10-03 10:00:03,261,77,3639.0,3950
2022-10-03 10:00:04,141,33,3638.75,3983
2022-10-03 10:00:05,344,223,3641.0,4206
2022-10-03 10:00:06,335,-72,3640.0,4134
2022-10-03 10:00:07,166,-56,3637.75,4078
2022-10-03 10:00:08,127,84,3638.5,4162
2022-10-03 10:00:09,87,1,3639.25,4163
2022-10-03 10:00:10,202,26,3640.5,4189
2022-10-03 10:00:11,233,47,3640.25,4236
2022-10-03 10:00:12,397,110,3642.25,4346
2022-10-03 10:00:13,665,477,3646.5,4823
2022-10-03 10:00:14,463,-89,3646.75,4734
2022-10-03 10:00:15,330,94,3644.0,4828
2022-10-03 10:00:16,585,330,3646.0,5158
2022-10-03 10:00:17,281,-22,3644.0,5136
2022-10-03 10:00:18,292,34,3645.25,5170
2022-10-03 10:00:19,170,7,3645.5,5177
2022-10-03 10:00:20,318,-4,3644.75,5173
2022-10-03 10:00:21,170,-29,3643.25,5144
2022-10-03 10:00:22,155,6,3643.25,5150
2022-10-03 10:00:23,485,31,3643.5,5181
2022-10-03 10:00:24,167,-27,3642.0,5154
2022-10-03 10:00:25,225,12,3642.75,5166
2022-10-03 10:00:26,254,31,3643.75,5197
2022-10-03 10:00:27,483,-80,3643.75,5117
2022-10-03 10:00:28,566,140,3644.25,5257
2022-10-03 10:00:29,284,-38,3644.25,5219
2022-10-03 10:00:30,214,-25,3644.0,5194
2022-10-03 10:00:31,143,10,3644.5,5204
2022-10-03 10:00:32,558,-52,3644.75,5152
2022-10-03 10:00:33,685,19,3644.0,5171
2022-10-03 10:00:34,555,74,3646.25,5245
2022-10-03 10:00:35,700,-155,3646.0,5090
2022-10-03 10:00:36,272,27,3645.5,5117
2022-10-03 10:00:37,335,41,3645.25,5158
2022-10-03 10:00:38,300,-2,3646.0,5156
2022-10-03 10:00:39,322,45,3645.75,5201
2022-10-03 10:00:40,580,-245,3645.0,4956
2022-10-03 10:00:41,697,-73,3644.0,4883
2022-10-03 10:00:42,473,16,3644.25,4899
2022-10-03 10:00:43,217,-5,3643.5,4894
2022-10-03 10:00:44,346,100,3644.0,4994
2022-10-03 10:00:45,182,-9,3643.5,4985
2022-10-03 10:00:46,308,24,3644.5,5009
2022-10-03 10:00:47,201,-11,3644.5,4998
2022-10-03 10:00:48,173,-23,3643.75,4975
2022-10-03 10:00:49,607,28,3645.0,5003
2022-10-03 10:00:50,938,440,3647.0,5443
2022-10-03 10:00:51,217,39,3646.75,5482
2022-10-03 10:00:52,242,2,3647.25,5484
2022-10-03 10:00:53,346,-36,3647.0,5448
2022-10-03 10:00:54,136,-6,3645.5,5442
2022-10-03 10:00:55,295,-17,3645.5,5425
2022-10-03 10:00:56,286,-3,3645.5,5422
2022-10-03 10:00:57,191,-18,3644.5,5404
2022-10-03 10:00:58,240,12,3644.25,5416
2022-10-03 10:00:59,163,20,3645.0,5436
2022-10-03 10:01:00,393,2,3645.25,5438
2022-10-03 10:01:01,202,24,3644.75,5462
2022-10-03 10:01:02,517,81,3645.25,5543
2022-10-03 10:01:03,252,12,3644.75,5555
2022-10-03 10:01:04,307,11,3644.0,5566
2022-10-03 10:01:05,627,45,3644.25,5611
2022-10-03 10:01:06,1163,-418,3643.75,5193
2022-10-03 10:01:07,407,-3,3641.75,5190
2022-10-03 10:01:08,175,44,3642.0,5234
2022-10-03 10:01:09,166,14,3642.25,5248
2022-10-03 10:01:10,182,18,3642.0,5266
2022-10-03 10:01:11,419,53,3642.75,5319
2022-10-03 10:01:12,211,32,3643.0,5351
2022-10-03 10:01:13,182,26,3643.0,5377
2022-10-03 10:01:14,267,-13,3642.75,5364
2022-10-03 10:01:15,223,25,3643.5,5389
2022-10-03 10:01:16,197,39,3644.25,5428
2022-10-03 10:01:17,169,33,3644.75,5461
2022-10-03 10:01:18,127,4,3644.75,5465
2022-10-03 10:01:19,208,-86,3644.25,5379
2022-10-03 10:01:20,175,43,3645.0,5422
2022-10-03 10:01:21,179,-15,3644.75,5407
2022-10-03 10:01:22,197,-12,3643.5,5395
2022-10-03 10:01:23,170,-25,3642.75,5370
2022-10-03 10:01:24,156,30,3643.0,5400
2022-10-03 10:01:25,217,-25,3642.75,5375
2022-10-03 10:01:26,225,9,3642.25,5384
2022-10-03 10:01:27,152,6,3642.5,5390
2022-10-03 10:01:28,180,32,3643.0,5422
2022-10-03 10:01:29,82,-2,3642.5,5420
2022-10-03 10:01:30,163,-51,3642.25,5369
2022-10-03 10:01:31,133,9,3642.0,5378
2022-10-03 10:01:32,132,16,3642.5,5394
2022-10-03 10:01:33,147,33,3642.75,5427
2022-10-03 10:01:34,79,-25,3642.25,5402
2022-10-03 10:01:35,152,24,3642.0,5426
2022-10-03 10:01:36,101,-12,3642.0,5414
2022-10-03 10:01:37,126,-20,3642.25,5394
2022-10-03 10:01:38,828,273,3644.25,5667
2022-10-03 10:01:39,187,15,3644.25,5682
2022-10-03 10:01:40,230,47,3644.0,5729
2022-10-03 10:01:41,106,0,3644.0,5729
2022-10-03 10:01:42,103,-13,3644.25,5716
2022-10-03 10:01:43,94,7,3644.25,5723
2022-10-03 10:01:44,94,-3,3643.75,5720
2022-10-03 10:01:45,102,2,3643.75,5722
2022-10-03 10:01:46,183,-9,3644.0,5713
2022-10-03 10:01:47,111,16,3644.0,5729
2022-10-03 10:01:48,101,59,3644.75,5788
2022-10-03 10:01:49,58,24,3644.5,5812
2022-10-03 10:01:50,202,-42,3644.5,5770
2022-10-03 10:01:51,407,9,3643.75,5779
2022-10-03 10:01:52,109,29,3644.0,5808
2022-10-03 10:01:53,127,-20,3644.0,5788
2022-10-03 10:01:54,110,20,3644.0,5808
2022-10-03 10:01:55,203,57,3644.25,5865
2022-10-03 10:01:56,142,23,3644.5,5888
2022-10-03 10:01:57,419,148,3645.75,6036
2022-10-03 10:01:58,167,19,3645.5,6055
2022-10-03 10:01:59,92,35,3646.0,6090
2022-10-03 10:02:00,297,121,3646.75,6211
2022-10-03 10:02:01,222,29,3646.75,6240
2022-10-03 10:02:02,141,-10,3646.75,6230
2022-10-03 10:02:03,191,10,3646.0,6240
2022-10-03 10:02:04,113,-29,3645.75,6211
2022-10-03 10:02:05,334,6,3645.5,6217
2022-10-03 10:02:06,169,34,3645.25,6251
2022-10-03 10:02:07,132,12,3645.0,6263
2022-10-03 10:02:08,161,53,3645.5,6316
2022-10-03 10:02:09,176,90,3645.5,6406
2022-10-03 10:02:10,218,50,3645.5,6456
2022-10-03 10:02:11,235,114,3645.75,6570
2022-10-03 10:02:12,273,93,3646.75,6663
2022-10-03 10:02:13,256,107,3646.5,6770
2022-10-03 10:02:14,318,82,3647.75,6852
2022-10-03 10:02:15,279,108,3648.25,6960
2022-10-03 10:02:16,331,5,3648.5,6965
2022-10-03 10:02:17,258,-26,3648.0,6939
2022-10-03 10:02:18,437,-94,3646.75,6845
2022-10-03 10:02:19,201,54,3646.0,6899
2022-10-03 10:02:20,338,10,3646.5,6909
2022-10-03 10:02:21,105,-11,3646.75,6898
2022-10-03 10:02:22,305,-40,3646.75,6858
2022-10-03 10:02:23,407,151,3648.0,7009
2022-10-03 10:02:24,115,-14,3647.25,6995
2022-10-03 10:02:25,203,-4,3648.0,6991
2022-10-03 10:02:26,379,121,3649.25,7112
2022-10-03 10:02:27,251,46,3649.25,7158
2022-10-03 10:02:28,148,6,3649.25,7164
2022-10-03 10:02:29,626,157,3650.5,7321
2022-10-03 10:02:30,506,-58,3651.25,7263
2022-10-03 10:02:31,223,-2,3651.25,7261
2022-10-03 10:02:32,251,-8,3651.0,7253
2022-10-03 10:02:33,318,-40,3650.25,7213
2022-10-03 10:02:34,169,-20,3649.75,7193
2022-10-03 10:02:35,156,9,3649.75,7202
2022-10-03 10:02:36,323,-40,3649.25,7162
2022-10-03 10:02:37,226,-23,3648.0,7139
2022-10-03 10:02:38,363,34,3648.75,7173
2022-10-03 10:02:39,267,53,3649.0,7226
2022-10-03 10:02:40,223,65,3649.5,7291
2022-10-03 10:02:41,172,20,3649.5,7311
2022-10-03 10:02:42,155,-35,3649.75,7276
2022-10-03 10:02:43,131,-35,3649.5,7241
2022-10-03 10:02:44,194,29,3649.5,7270
2022-10-03 10:02:45,231,-89,3649.25,7181
2022-10-03 10:02:46,117,-14,3648.75,7167
2022-10-03 10:02:47,184,6,3649.5,7173
2022-10-03 10:02:48,279,52,3650.0,7225
2022-10-03 10:02:49,132,8,3650.25,7233
2022-10-03 10:02:50,103,-27,3650.25,7206
2022-10-03 10:02:51,440,84,3650.75,7290
2022-10-03 10:02:52,62,1,3650.25,7291
2022-10-03 10:02:53,233,-25,3650.5,7266
2022-10-03 10:02:54,294,88,3651.5,7354
2022-10-03 10:02:55,162,-9,3651.5,7345
2022-10-03 10:02:56,284,-8,3651.75,7337
2022-10-03 10:02:57,209,4,3651.25,7341
2022-10-03 10:02:58,175,-63,3651.0,7278
2022-10-03 10:02:59,109,5,3651.5,7283
2022-10-03 10:03:00,269,54,3651.75,7337
2022-10-03 10:03:01,468,235,3652.5,7572
2022-10-03 10:03:02,1169,627,3654.5,8199
2022-10-03 10:03:03,317,2,3654.75,8201
2022-10-03 10:03:04,202,24,3654.75,8225
2022-10-03 10:03:05,260,-28,3654.5,8197
2022-10-03 10:03:06,654,310,3655.0,8507
2022-10-03 10:03:07,353,9,3655.0,8516
2022-10-03 10:03:08,591,57,3655.0,8573
2022-10-03 10:03:09,148,-35,3654.0,8538
2022-10-03 10:03:10,175,6,3653.5,8544
2022-10-03 10:03:11,205,-12,3653.75,8532
2022-10-03 10:03:12,312,18,3653.75,8550
2022-10-03 10:03:13,308,-12,3654.0,8538
2022-10-03 10:03:14,116,-14,3653.75,8524
2022-10-03 10:03:15,193,-7,3653.5,8517
2022-10-03 10:03:16,186,-28,3653.5,8489
2022-10-03 10:03:17,144,8,3653.25,8497
2022-10-03 10:03:18,196,-36,3653.0,8461
2022-10-03 10:03:19,310,-46,3652.5,8415
2022-10-03 10:03:20,205,-6,3652.5,8409
2022-10-03 10:03:21,129,2,3652.5,8411
2022-10-03 10:03:22,155,24,3653.0,8435
2022-10-03 10:03:23,93,14,3653.25,8449
2022-10-03 10:03:24,399,-7,3653.25,8442
2022-10-03 10:03:25,220,33,3653.25,8475
2022-10-03 10:03:26,204,22,3653.25,8497
2022-10-03 10:03:27,28,4,3653.25,8501
2022-10-03 10:03:28,139,29,3653.75,8530
2022-10-03 10:03:29,141,6,3653.75,8536
2022-10-03 10:03:30,91,27,3654.25,8563
2022-10-03 10:03:31,68,-1,3653.75,8562
2022-10-03 10:03:32,186,38,3654.0,8600
2022-10-03 10:03:33,149,-2,3653.75,8598
2022-10-03 10:03:34,159,10,3653.5,8608
2022-10-03 10:03:35,138,24,3654.0,8632
2022-10-03 10:03:36,85,0,3654.0,8632
2022-10-03 10:03:37,107,-13,3653.75,8619
2022-10-03 10:03:38,121,31,3654.25,8650
2022-10-03 10:03:39,90,8,3654.5,8658
2022-10-03 10:03:40,258,202,3655.0,8860
2022-10-03 10:03:41,162,-22,3654.5,8838
2022-10-03 10:03:42,115,26,3654.5,8864
2022-10-03 10:03:43,123,-11,3654.5,8853
2022-10-03 10:03:44,68,-14,3654.25,8839
2022-10-03 10:03:45,207,17,3653.75,8856
2022-10-03 10:03:46,121,4,3654.25,8860
2022-10-03 10:03:47,242,-167,3654.0,8693
2022-10-03 10:03:48,179,-30,3653.5,8663
2022-10-03 10:03:49,81,-16,3653.5,8647
2022-10-03 10:03:50,138,-25,3653.25,8622
2022-10-03 10:03:51,102,-11,3653.25,8611
2022-10-03 10:03:52,107,8,3653.5,8619
2022-10-03 10:03:53,237,-86,3653.25,8533
2022-10-03 10:03:54,223,-71,3652.5,8462
2022-10-03 10:03:55,179,12,3652.75,8474
2022-10-03 10:03:56,186,29,3653.0,8503
2022-10-03 10:03:57,149,-16,3653.0,8487
2022-10-03 10:03:58,153,-41,3652.5,8446
2022-10-03 10:03:59,250,-76,3652.25,8370
2022-10-03 10:04:00,344,50,3652.75,8420
2022-10-03 10:04:01,112,-17,3652.75,8403
2022-10-03 10:04:02,160,-32,3652.5,8371
2022-10-03 10:04:03,205,-21,3652.5,8350
2022-10-03 10:04:04,93,14,3652.5,8364
2022-10-03 10:04:05,128,0,3653.0,8364
2022-10-03 10:04:06,66,13,3652.5,8377
2022-10-03 10:04:07,122,16,3653.0,8393
2022-10-03 10:04:08,177,-48,3653.25,8345
2022-10-03 10:04:09,129,-13,3653.5,8332
2022-10-03 10:04:10,245,-126,3652.75,8206
2022-10-03 10:04:11,107,3,3652.5,8209
2022-10-03 10:04:12,144,59,3653.0,8268
2022-10-03 10:04:13,104,10,3653.25,8278
2022-10-03 10:04:14,188,-1,3653.5,8277
2022-10-03 10:04:15,157,2,3653.0,8279
2022-10-03 10:04:16,102,25,3653.0,8304
2022-10-03 10:04:17,100,18,3653.25,8322
2022-10-03 10:04:18,90,15,3653.5,8337
2022-10-03 10:04:19,124,7,3653.0,8344
2022-10-03 10:04:20,234,-13,3653.0,8331
2022-10-03 10:04:21,122,9,3652.75,8340
2022-10-03 10:04:22,192,-50,3653.0,8290
2022-10-03 10:04:23,61,-4,3653.0,8286
2022-10-03 10:04:24,125,12,3653.5,8298
2022-10-03 10:04:25,146,6,3653.5,8304
2022-10-03 10:04:26,104,-34,3653.25,8270
2022-10-03 10:04:27,132,0,3653.25,8270
2022-10-03 10:04:28,76,26,3653.0,8296
2022-10-03 10:04:29,37,-14,3653.0,8282
2022-10-03 10:04:30,330,-117,3652.75,8165
2022-10-03 10:04:31,144,16,3652.5,8181
2022-10-03 10:04:32,80,5,3653.0,8186
2022-10-03 10:04:33,117,7,3652.75,8193
2022-10-03 10:04:34,123,-3,3652.25,8190
2022-10-03 10:04:35,78,13,3651.75,8203
2022-10-03 10:04:36,62,7,3652.25,8210
2022-10-03 10:04:37,127,27,3652.0,8237
2022-10-03 10:04:38,155,28,3652.5,8265
2022-10-03 10:04:39,43,-4,3652.5,8261
2022-10-03 10:04:40,180,-9,3652.5,8252
2022-10-03 10:04:41,39,-7,3652.25,8245
2022-10-03 10:04:42,43,10,3652.75,8255
2022-10-03 10:04:43,97,34,3652.5,8289
2022-10-03 10:04:44,46,-15,3652.75,8274
2022-10-03 10:04:45,70,-9,3652.0,8265
2022-10-03 10:04:46,155,-88,3652.25,8177
2022-10-03 10:04:47,164,-21,3651.75,8156
2022-10-03 10:04:48,262,-34,3651.5,8122
2022-10-03 10:04:49,158,5,3651.75,8127
2022-10-03 10:04:50,140,34,3652.25,8161
2022-10-03 10:04:51,60,-9,3651.75,8152
2022-10-03 10:04:52,49,-23,3651.75,8129
2022-10-03 10:04:53,116,5,3652.5,8134
2022-10-03 10:04:54,72,-11,3652.5,8123
2022-10-03 10:04:55,93,-18,3652.25,8105
2022-10-03 10:04:56,91,-23,3651.75,8082
2022-10-03 10:04:57,316,-45,3651.5,8037
2022-10-03 10:04:58,272,-64,3651.0,7973
2022-10-03 10:04:59,200,-31,3651.25,7942
2022-10-03 10:05:00,195,-9,3650.75,7933
2022-10-03 10:05:01,150,0,3651.25,7933
2022-10-03 10:05:02,167,-67,3651.25,7866
2022-10-03 10:05:03,110,-25,3651.0,7841
2022-10-03 10:05:04,148,15,3651.75,7856
2022-10-03 10:05:05,138,9,3652.0,7865
2022-10-03 10:05:06,120,-13,3652.25,7852
2022-10-03 10:05:07,86,-3,3652.0,7849
2022-10-03 10:05:08,126,-60,3652.0,7789
2022-10-03 10:05:09,317,-56,3652.0,7733
2022-10-03 10:05:10,209,-53,3651.25,7680
2022-10-03 10:05:11,125,13,3651.25,7693
2022-10-03 10:05:12,119,-24,3651.25,7669
2022-10-03 10:05:13,185,22,3651.5,7691
2022-10-03 10:05:14,149,-27,3651.5,7664
2022-10-03 10:05:15,87,-6,3651.25,7658
2022-10-03 10:05:16,366,-27,3652.0,7631
2022-10-03 10:05:17,38,8,3652.0,7639
2022-10-03 10:05:18,110,-13,3652.0,7626
2022-10-03 10:05:19,27,-4,3651.75,7622
2022-10-03 10:05:20,89,3,3652.0,7625
2022-10-03 10:05:21,67,-2,3652.0,7623
2022-10-03 10:05:22,33,-6,3651.75,7617
2022-10-03 10:05:23,74,-5,3652.0,7612
2022-10-03 10:05:24,55,-7,3651.75,7605
2022-10-03 10:05:25,152,25,3652.5,7630
2022-10-03 10:05:26,111,-31,3652.75,7599
2022-10-03 10:05:27,81,12,3653.0,7611
2022-10-03 10:05:28,103,-18,3653.0,7593
2022-10-03 10:05:29,83,-10,3653.0,7583
2022-10-03 10:05:30,188,64,3653.25,7647
2022-10-03 10:05:31,61,-11,3653.25,7636
2022-10-03 10:05:32,296,84,3653.5,7720
2022-10-03 10:05:33,81,6,3653.25,7726
2022-10-03 10:05:34,65,6,3653.5,7732
2022-10-03 10:05:35,165,35,3653.75,7767
2022-10-03 10:05:36,80,-34,3653.5,7733
2022-10-03 10:05:37,36,5,3653.5,7738
2022-10-03 10:05:38,280,-33,3653.0,7705
2022-10-03 10:05:39,172,-1,3652.5,7704
2022-10-03 10:05:40,156,50,3653.0,7754
2022-10-03 10:05:41,150,3,3652.75,7757
2022-10-03 10:05:42,75,25,3653.0,7782
2022-10-03 10:05:43,139,-15,3653.25,7767
2022-10-03 10:05:44,153,-19,3653.0,7748
2022-10-03 10:05:45,88,11,3652.75,7759
2022-10-03 10:05:46,37,-10,3652.5,7749
2022-10-03 10:05:47,94,-16,3652.25,7733
2022-10-03 10:05:48,85,8,3653.0,7741
2022-10-03 10:05:49,136,-15,3653.25,7726
2022-10-03 10:05:50,37,-14,3653.0,7712
2022-10-03 10:05:51,142,19,3653.25,7731
2022-10-03 10:05:52,265,82,3653.5,7813
2022-10-03 10:05:53,57,3,3653.5,7816
2022-10-03 10:05:54,175,2,3654.0,7818
2022-10-03 10:05:55,85,13,3654.25,7831
2022-10-03 10:05:56,159,33,3654.5,7864
2022-10-03 10:05:57,193,46,3655.0,7910
2022-10-03 10:05:58,606,254,3656.0,8164
2022-10-03 10:05:59,124,13,3656.25,8177
2022-10-03 10:06:00,216,9,3655.75,8186
2022-10-03 10:06:01,105,-7,3656.25,8179
2022-10-03 10:06:02,157,40,3656.25,8219
2022-10-03 10:06:03,157,13,3656.25,8232
2022-10-03 10:06:04,212,65,3656.5,8297
2022-10-03 10:06:05,217,96,3656.75,8393
2022-10-03 10:06:06,166,25,3657.0,8418
2022-10-03 10:06:07,252,9,3656.75,8427
2022-10-03 10:06:08,238,-47,3656.5,8380
2022-10-03 10:06:09,134,-33,3655.5,8347
2022-10-03 10:06:10,135,-20,3655.25,8327
2022-10-03 10:06:11,145,31,3655.5,8358
2022-10-03 10:06:12,216,42,3656.0,8400
2022-10-03 10:06:13,119,3,3656.25,8403
2022-10-03 10:06:14,189,36,3657.0,8439
2022-10-03 10:06:15,49,-20,3656.75,8419
2022-10-03 10:06:16,115,-43,3656.5,8376
2022-10-03 10:06:17,143,5,3656.0,8381
2022-10-03 10:06:18,137,-2,3655.75,8379
2022-10-03 10:06:19,24,9,3656.0,8388
2022-10-03 10:06:20,73,5,3656.0,8393
2022-10-03 10:06:21,80,11,3656.25,8404
2022-10-03 10:06:22,19,-3,3656.5,8401
2022-10-03 10:06:23,55,-6,3656.5,8395
2022-10-03 10:06:24,74,-11,3656.25,8384
2022-10-03 10:06:25,133,13,3656.0,8397
2022-10-03 10:06:26,93,-32,3655.75,8365
2022-10-03 10:06:27,149,-11,3655.5,8354
2022-10-03 10:06:28,872,-116,3655.5,8238
2022-10-03 10:06:29,104,-32,3655.0,8206
2022-10-03 10:06:30,163,35,3654.75,8241
2022-10-03 10:06:31,292,45,3655.0,8286
2022-10-03 10:06:32,239,45,3655.75,8331
2022-10-03 10:06:33,47,-13,3655.75,8318
2022-10-03 10:06:34,16,4,3655.5,8322
2022-10-03 10:06:35,109,4,3655.75,8326
2022-10-03 10:06:36,46,-14,3656.0,8312
2022-10-03 10:06:37,185,6,3655.75,8318
2022-10-03 10:06:38,87,32,3655.75,8350
2022-10-03 10:06:39,123,23,3656.0,8373
2022-10-03 10:06:40,34,-8,3656.0,8365
2022-10-03 10:06:41,31,-2,3656.0,8363
2022-10-03 10:06:42,51,-14,3656.0,8349
2022-10-03 10:06:43,47,-14,3656.25,8335
2022-10-03 10:06:44,59,-9,3656.0,8326
2022-10-03 10:06:45,190,15,3655.75,8341
2022-10-03 10:06:46,606,-145,3656.0,8196
2022-10-03 10:06:47,79,8,3656.0,8204
2022-10-03 10:06:48,51,7,3656.0,8211
2022-10-03 10:06:49,135,-23,3656.25,8188
2022-10-03 10:06:50,116,-28,3655.75,8160
2022-10-03 10:06:51,227,63,3656.0,8223
2022-10-03 10:06:52,266,66,3656.25,8289
2022-10-03 10:06:53,86,-21,3656.0,8268
2022-10-03 10:06:54,43,-20,3655.75,8248
2022-10-03 10:06:55,59,22,3656.0,8270
2022-10-03 10:06:56,99,30,3656.5,8300
2022-10-03 10:06:57,73,-17,3656.5,8283
2022-10-03 10:06:58,87,-4,3656.25,8279
2022-10-03 10:06:59,119,-58,3656.0,8221
2022-10-03 10:07:00,82,3,3656.25,8224
2022-10-03 10:07:01,443,-64,3656.5,8160
2022-10-03 10:07:02,490,-135,3655.25,8025
2022-10-03 10:07:03,208,21,3655.0,8046
2022-10-03 10:07:04,90,21,3655.25,8067
2022-10-03 10:07:05,107,13,3655.25,8080
2022-10-03 10:07:06,86,-13,3655.5,8067
2022-10-03 10:07:07,41,-9,3655.25,8058
2022-10-03 10:07:08,81,6,3655.5,8064
2022-10-03 10:07:09,68,3,3655.75,8067
2022-10-03 10:07:10,87,-2,3655.75,8065
2022-10-03 10:07:11,29,-14,3655.5,8051
2022-10-03 10:07:12,40,-11,3655.25,8040
2022-10-03 10:07:13,44,-19,3655.0,8021
2022-10-03 10:07:14,42,10,3655.5,8031
2022-10-03 10:07:15,185,16,3655.5,8047
2022-10-03 10:07:16,280,19,3655.5,8066
2022-10-03 10:07:17,117,25,3656.0,8091
2022-10-03 10:07:18,102,27,3656.5,8118
2022-10-03 10:07:19,126,66,3657.0,8184
2022-10-03 10:07:20,962,288,3658.5,8472
2022-10-03 10:07:21,184,28,3658.75,8500
2022-10-03 10:07:22,194,2,3659.0,8502
2022-10-03 10:07:23,157,30,3659.25,8532
2022-10-03 10:07:24,203,-34,3659.0,8498
2022-10-03 10:07:25,193,-13,3658.75,8485
2022-10-03 10:07:26,123,-10,3658.0,8475
2022-10-03 10:07:27,222,-73,3657.5,8402
2022-10-03 10:07:28,375,39,3657.25,8441
2022-10-03 10:07:29,144,34,3657.75,8475
2022-10-03 10:07:30,163,-31,3658.0,8444
2022-10-03 10:07:31,213,-114,3658.0,8330
2022-10-03 10:07:32,50,-6,3657.0,8324
2022-10-03 10:07:33,131,-28,3656.75,8296
2022-10-03 10:07:34,81,-2,3657.0,8294
2022-10-03 10:07:35,82,-3,3657.25,8291
2022-10-03 10:07:36,162,12,3657.5,8303
2022-10-03 10:07:37,103,-14,3657.5,8289
2022-10-03 10:07:38,159,-24,3657.0,8265
2022-10-03 10:07:39,314,-7,3656.75,8258
2022-10-03 10:07:40,96,0,3657.0,8258
2022-10-03 10:07:41,37,-3,3657.25,8255
2022-10-03 10:07:42,31,3,3657.5,8258
2022-10-03 10:07:43,28,-3,3657.75,8255
2022-10-03 10:07:44,90,-5,3657.75,8250
2022-10-03 10:07:45,51,2,3657.5,8252
2022-10-03 10:07:46,45,4,3657.5,8256
2022-10-03 10:07:47,75,-10,3658.0,8246
2022-10-03 10:07:48,95,-1,3658.0,8245
2022-10-03 10:07:49,142,-15,3657.5,8230
2022-10-03 10:07:50,105,7,3657.25,8237
2022-10-03 10:07:51,87,-33,3657.25,8204
2022-10-03 10:07:52,37,3,3657.75,8207
2022-10-03 10:07:53,33,4,3658.25,8211
2022-10-03 10:07:54,127,18,3658.25,8229
2022-10-03 10:07:55,63,-3,3658.25,8226
2022-10-03 10:07:56,86,13,3658.75,8239
2022-10-03 10:07:57,143,-24,3659.0,8215
2022-10-03 10:07:58,163,-20,3659.0,8195
2022-10-03 10:07:59,48,-5,3658.5,8190
2022-10-03 10:08:00,86,0,3658.75,8190
2022-10-03 10:08:01,122,7,3658.5,8197
2022-10-03 10:08:02,41,11,3658.5,8208
2022-10-03 10:08:03,58,-7,3658.5,8201
2022-10-03 10:08:04,150,67,3659.0,8268
2022-10-03 10:08:05,282,97,3660.0,8365
2022-10-03 10:08:06,338,87,3660.5,8452
2022-10-03 10:08:07,170,29,3660.5,8481
2022-10-03 10:08:08,91,-27,3660.5,8454
2022-10-03 10:08:09,193,41,3660.75,8495
2022-10-03 10:08:10,240,-50,3660.0,8445
2022-10-03 10:08:11,201,26,3659.5,8471
2022-10-03 10:08:12,96,11,3659.75,8482
2022-10-03 10:08:13,50,-10,3659.75,8472
2022-10-03 10:08:14,95,5,3659.25,8477
2022-10-03 10:08:15,88,-3,3659.0,8474
2022-10-03 10:08:16,230,16,3659.75,8490
2022-10-03 10:08:17,63,11,3659.75,8501
2022-10-03 10:08:18,73,33,3660.0,8534
2022-10-03 10:08:19,105,22,3660.25,8556
2022-10-03 10:08:20,95,-15,3660.0,8541
2022-10-03 10:08:21,45,-3,3660.25,8538
2022-10-03 10:08:22,100,-8,3660.25,8530
2022-10-03 10:08:23,76,8,3660.0,8538
2022-10-03 10:08:24,85,-14,3660.25,8524
2022-10-03 10:08:25,126,14,3660.0,8538
2022-10-03 10:08:26,34,9,3660.5,8547
2022-10-03 10:08:27,159,18,3660.5,8565
2022-10-03 10:08:28,227,-102,3660.0,8463
2022-10-03 10:08:29,257,28,3660.0,8491
2022-10-03 10:08:30,41,-9,3660.25,8482
2022-10-03 10:08:31,110,4,3660.5,8486
2022-10-03 10:08:32,186,-9,3660.0,8477
2022-10-03 10:08:33,81,8,3659.75,8485
2022-10-03 10:08:34,132,20,3660.0,8505
2022-10-03 10:08:35,189,22,3660.25,8527
2022-10-03 10:08:36,77,10,3660.25,8537
2022-10-03 10:08:37,61,2,3660.5,8539
2022-10-03 10:08:38,397,-49,3660.5,8490
2022-10-03 10:08:39,136,35,3661.0,8525
2022-10-03 10:08:40,171,-52,3661.0,8473
2022-10-03 10:08:41,37,-11,3660.75,8462
2022-10-03 10:08:42,165,12,3660.75,8474
2022-10-03 10:08:43,149,-33,3660.75,8441
2022-10-03 10:08:44,230,49,3661.25,8490
2022-10-03 10:08:45,262,163,3661.75,8653
2022-10-03 10:08:46,177,-14,3661.5,8639
2022-10-03 10:08:47,92,12,3661.75,8651
2022-10-03 10:08:48,21,8,3661.75,8659
2022-10-03 10:08:49,316,6,3661.75,8665
2022-10-03 10:08:50,234,15,3661.5,8680
2022-10-03 10:08:51,92,-8,3661.75,8672
2022-10-03 10:08:52,272,-5,3661.5,8667
2022-10-03 10:08:53,83,-12,3661.5,8655
2022-10-03 10:08:54,45,-7,3661.5,8648
2022-10-03 10:08:55,258,40,3661.75,8688
2022-10-03 10:08:56,161,-3,3661.75,8685
2022-10-03 10:08:57,252,68,3662.25,8753
2022-10-03 10:08:58,326,8,3662.25,8761
2022-10-03 10:08:59,186,-27,3661.5,8734
2022-10-03 10:09:00,125,18,3661.75,8752
2022-10-03 10:09:01,69,9,3662.0,8761
2022-10-03 10:09:02,177,-47,3662.25,8714
2022-10-03 10:09:03,133,-5,3661.75,8709
2022-10-03 10:09:04,169,-13,3661.25,8696
2022-10-03 10:09:05,114,-3,3661.0,8693
2022-10-03 10:09:06,167,50,3661.5,8743
2022-10-03 10:09:07,57,10,3661.5,8753
2022-10-03 10:09:08,141,32,3661.75,8785
2022-10-03 10:09:09,136,-37,3661.75,8748
2022-10-03 10:09:10,124,39,3661.25,8787
2022-10-03 10:09:11,226,-4,3661.25,8783
2022-10-03 10:09:12,84,-25,3661.25,8758
2022-10-03 10:09:13,193,-33,3661.25,8725
2022-10-03 10:09:14,1191,-418,3660.75,8307
2022-10-03 10:09:15,332,-50,3659.25,8257
2022-10-03 10:09:16,145,32,3659.5,8289
2022-10-03 10:09:17,169,-14,3659.75,8275
2022-10-03 10:09:18,138,2,3659.5,8277
2022-10-03 10:09:19,81,5,3659.5,8282
2022-10-03 10:09:20,247,-83,3659.5,8199
2022-10-03 10:09:21,112,-9,3659.25,8190
2022-10-03 10:09:22,155,2,3659.25,8192
2022-10-03 10:09:23,210,-70,3658.75,8122
2022-10-03 10:09:24,148,-28,3658.75,8094
2022-10-03 10:09:25,241,3,3659.25,8097
2022-10-03 10:09:26,168,-24,3659.5,8073
2022-10-03 10:09:27,63,-17,3659.25,8056
2022-10-03 10:09:28,91,13,3659.5,8069
2022-10-03 10:09:29,93,-4,3659.75,8065
2022-10-03 10:09:30,136,13,3659.75,8078
2022-10-03 10:09:31,79,-10,3659.5,8068
2022-10-03 10:09:32,79,14,3659.75,8082
2022-10-03 10:09:33,65,7,3659.25,8089
2022-10-03 10:09:34,147,-1,3659.75,8088
2022-10-03 10:09:35,130,16,3659.5,8104
2022-10-03 10:09:36,67,10,3659.25,8114
2022-10-03 10:09:37,220,-10,3659.25,8104
2022-10-03 10:09:38,80,-5,3659.5,8099
2022-10-03 10:09:39,71,-2,3659.25,8097
2022-10-03 10:09:40,92,17,3660.0,8114
2022-10-03 10:09:41,153,0,3659.75,8114
2022-10-03 10:09:42,41,-3,3660.0,8111
2022-10-03 10:09:43,65,-13,3660.0,8098
2022-10-03 10:09:44,37,16,3660.0,8114
2022-10-03 10:09:45,207,37,3660.25,8151
2022-10-03 10:09:46,156,6,3659.5,8157
2022-10-03 10:09:47,75,-20,3659.0,8137
2022-10-03 10:09:48,253,-93,3659.0,8044
2022-10-03 10:09:49,153,-24,3658.0,8020
2022-10-03 10:09:50,190,76,3658.5,8096
2022-10-03 10:09:51,72,5,3658.5,8101
2022-10-03 10:09:52,78,5,3658.5,8106
2022-10-03 10:09:53,42,1,3658.75,8107
2022-10-03 10:09:54,106,13,3658.75,8120
2022-10-03 10:09:55,242,6,3658.75,8126
2022-10-03 10:09:56,62,1,3659.0,8127
2022-10-03 10:09:57,123,-27,3659.0,8100
2022-10-03 10:09:58,196,16,3659.0,8116
2022-10-03 10:09:59,58,6,3658.75,8122
2022-10-03 10:10:00,209,0,3658.75,8122
2022-10-03 10:10:01,66,-11,3659.0,8111
2022-10-03 10:10:02,62,3,3659.25,8114
2022-10-03 10:10:03,223,-16,3658.75,8098
2022-10-03 10:10:04,266,-16,3658.5,8082
2022-10-03 10:10:05,107,0,3659.0,8082
2022-10-03 10:10:06,118,-10,3659.25,8072
2022-10-03 10:10:07,113,8,3659.0,8080
2022-10-03 10:10:08,45,-6,3658.75,8074
2022-10-03 10:10:09,57,-18,3658.75,8056
2022-10-03 10:10:10,148,26,3658.75,8082
2022-10-03 10:10:11,121,-17,3658.75,8065
2022-10-03 10:10:12,338,-38,3658.25,8027
2022-10-03 10:10:13,436,-108,3657.75,7919
2022-10-03 10:10:14,199,-42,3657.25,7877
2022-10-03 10:10:15,111,-4,3657.0,7873
2022-10-03 10:10:16,283,-47,3657.0,7826
2022-10-03 10:10:17,269,22,3657.75,7848
2022-10-03 10:10:18,97,6,3657.75,7854
2022-10-03 10:10:19,100,1,3657.25,7855
2022-10-03 10:10:20,184,-67,3657.25,7788
2022-10-03 10:10:21,77,11,3657.25,7799
2022-10-03 10:10:22,282,133,3658.25,7932
2022-10-03 10:10:23,59,8,3658.5,7940
2022-10-03 10:10:24,71,-10,3658.25,7930
2022-10-03 10:10:25,196,-37,3657.75,7893
2022-10-03 10:10:26,122,13,3658.0,7906
2022-10-03 10:10:27,213,-8,3657.75,7898
2022-10-03 10:10:28,175,10,3657.75,7908
2022-10-03 10:10:29,162,-25,3657.5,7883
2022-10-03 10:10:30,122,23,3657.5,7906
2022-10-03 10:10:31,65,0,3657.0,7906
2022-10-03 10:10:32,130,22,3657.0,7928
2022-10-03 10:10:33,137,7,3657.25,7935
2022-10-03 10:10:34,95,14,3657.75,7949
2022-10-03 10:10:35,127,-12,3657.75,7937
2022-10-03 10:10:36,155,23,3658.25,7960
2022-10-03 10:10:37,50,-2,3658.0,7958
2022-10-03 10:10:38,92,-24,3658.0,7934
2022-10-03 10:10:39,129,15,3657.5,7949
2022-10-03 10:10:40,86,-8,3657.5,7941
2022-10-03 10:10:41,275,-30,3657.5,7911
2022-10-03 10:10:42,51,-7,3656.5,7904
2022-10-03 10:10:43,85,8,3656.5,7912
2022-10-03 10:10:44,47,-5,3656.5,7907
2022-10-03 10:10:45,83,-21,3656.5,7886
2022-10-03 10:10:46,68,2,3656.5,7888
2022-10-03 10:10:47,62,0,3656.75,7888
2022-10-03 10:10:48,143,25,3657.0,7913
2022-10-03 10:10:49,127,-38,3657.0,7875
2022-10-03 10:10:50,148,31,3657.25,7906
2022-10-03 10:10:51,144,13,3657.25,7919
2022-10-03 10:10:52,65,26,3657.25,7945
2022-10-03 10:10:53,128,0,3657.25,7945
2022-10-03 10:10:54,94,-10,3657.0,7935
2022-10-03 10:10:55,108,-11,3657.5,7924
2022-10-03 10:10:56,121,36,3657.75,7960
2022-10-03 10:10:57,142,-14,3658.0,7946
2022-10-03 10:10:58,127,1,3657.5,7947
2022-10-03 10:10:59,39,-1,3657.5,7946
2022-10-03 10:11:00,206,-1,3657.5,7945
2022-10-03 10:11:01,168,15,3657.5,7960
2022-10-03 10:11:02,102,-16,3657.25,7944
2022-10-03 10:11:03,57,-9,3656.75,7935
2022-10-03 10:11:04,152,43,3657.5,7978
2022-10-03 10:11:05,173,1,3657.5,7979
2022-10-03 10:11:06,51,17,3657.5,7996
2022-10-03 10:11:07,220,7,3657.75,8003
2022-10-03 10:11:08,253,114,3658.25,8117
2022-10-03 10:11:09,184,-5,3658.25,8112
2022-10-03 10:11:10,195,38,3658.5,8150
2022-10-03 10:11:11,134,-28,3658.5,8122
2022-10-03 10:11:12,141,-16,3658.25,8106
2022-10-03 10:11:13,59,1,3658.25,8107
2022-10-03 10:11:14,107,5,3658.5,8112
2022-10-03 10:11:15,76,21,3658.75,8133
2022-10-03 10:11:16,40,-11,3659.0,8122
2022-10-03 10:11:17,16,6,3658.5,8128
2022-10-03 10:11:18,139,-24,3658.5,8104
2022-10-03 10:11:19,201,29,3659.5,8133
2022-10-03 10:11:20,217,71,3660.25,8204
2022-10-03 10:11:21,155,6,3660.5,8210
2022-10-03 10:11:22,265,-51,3659.5,8159
2022-10-03 10:11:23,97,-15,3659.0,8144
2022-10-03 10:11:24,59,4,3658.75,8148
2022-10-03 10:11:25,92,7,3659.0,8155
2022-10-03 10:11:26,102,-2,3658.5,8153
2022-10-03 10:11:27,68,-10,3658.5,8143
2022-10-03 10:11:28,304,-42,3658.5,8101
2022-10-03 10:11:29,121,-39,3658.0,8062
2022-10-03 10:11:30,172,18,3657.75,8080
2022-10-03 10:11:31,185,39,3658.25,8119
2022-10-03 10:11:32,89,-15,3658.5,8104
2022-10-03 10:11:33,131,18,3658.0,8122
2022-10-03 10:11:34,120,8,3658.25,8130
2022-10-03 10:11:35,113,-5,3658.5,8125
2022-10-03 10:11:36,28,-4,3658.5,8121
2022-10-03 10:11:37,88,-14,3658.5,8107
2022-10-03 10:11:38,103,47,3658.75,8154
2022-10-03 10:11:39,265,46,3659.0,8200
2022-10-03 10:11:40,60,-11,3658.5,8189
2022-10-03 10:11:41,69,2,3658.5,8191
2022-10-03 10:11:42,30,-5,3658.5,8186
2022-10-03 10:11:43,275,-57,3658.25,8129
2022-10-03 10:11:44,72,-19,3658.25,8110
2022-10-03 10:11:45,110,9,3657.75,8119
2022-10-03 10:11:46,127,27,3658.25,8146
2022-10-03 10:11:47,131,59,3658.75,8205
2022-10-03 10:11:48,31,0,3658.5,8205
2022-10-03 10:11:49,37,-3,3658.75,8202
2022-10-03 10:11:50,79,-11,3658.75,8191
2022-10-03 10:11:51,97,16,3659.0,8207
2022-10-03 10:11:52,55,-4,3659.0,8203
2022-10-03 10:11:53,19,1,3659.0,8204
2022-10-03 10:11:54,87,-14,3659.0,8190
2022-10-03 10:11:55,41,-6,3659.25,8184
2022-10-03 10:11:56,96,6,3659.25,8190
2022-10-03 10:11:57,130,-16,3659.25,8174
2022-10-03 10:11:58,215,7,3659.5,8181
2022-10-03 10:11:59,118,29,3659.75,8210
2022-10-03 10:12:00,155,-3,3659.5,8207
2022-10-03 10:12:01,57,10,3659.75,8217
2022-10-03 10:12:02,153,-12,3660.0,8205
2022-10-03 10:12:03,100,-9,3660.0,8196
2022-10-03 10:12:04,47,-3,3659.5,8193
2022-10-03 10:12:05,55,2,3659.25,8195
2022-10-03 10:12:06,66,-1,3659.25,8194
2022-10-03 10:12:07,70,-20,3659.25,8174
2022-10-03 10:12:08,52,6,3659.0,8180
2022-10-03 10:12:09,168,-7,3659.0,8173
2022-10-03 10:12:10,121,-8,3658.75,8165
2022-10-03 10:12:11,36,-1,3658.75,8164
2022-10-03 10:12:12,67,16,3659.25,8180
2022-10-03 10:12:13,87,-1,3659.25,8179
2022-10-03 10:12:14,159,-12,3658.75,8167
2022-10-03 10:12:15,196,-41,3657.75,8126
2022-10-03 10:12:16,106,24,3657.75,8150
2022-10-03 10:12:17,72,18,3658.0,8168
2022-10-03 10:12:18,117,40,3658.75,8208
2022-10-03 10:12:19,145,22,3659.25,8230
2022-10-03 10:12:20,97,2,3659.25,8232
2022-10-03 10:12:21,122,43,3659.5,8275
2022-10-03 10:12:22,173,-15,3659.5,8260
2022-10-03 10:12:23,207,17,3658.75,8277
2022-10-03 10:12:24,95,31,3659.25,8308
2022-10-03 10:12:25,68,26,3659.5,8334
2022-10-03 10:12:26,115,-22,3659.25,8312
2022-10-03 10:12:27,162,-15,3659.25,8297
2022-10-03 10:12:28,108,3,3659.0,8300
2022-10-03 10:12:29,59,18,3658.75,8318
2022-10-03 10:12:30,113,19,3659.0,8337
2022-10-03 10:12:31,51,9,3659.0,8346
2022-10-03 10:12:32,64,6,3659.25,8352
2022-10-03 10:12:33,69,-10,3659.25,8342
2022-10-03 10:12:34,29,7,3659.5,8349
2022-10-03 10:12:35,51,-14,3659.0,8335
2022-10-03 10:12:36,148,53,3659.0,8388
2022-10-03 10:12:37,41,2,3659.0,8390
2022-10-03 10:12:38,35,16,3659.25,8406
2022-10-03 10:12:39,175,62,3659.5,8468
2022-10-03 10:12:40,90,5,3659.5,8473
2022-10-03 10:12:41,111,-40,3659.5,8433
2022-10-03 10:12:42,258,-66,3659.0,8367
2022-10-03 10:12:43,39,17,3659.25,8384
2022-10-03 10:12:44,24,15,3659.5,8399
2022-10-03 10:12:45,194,34,3659.75,8433
2022-10-03 10:12:46,92,-12,3660.0,8421
2022-10-03 10:12:47,4,-2,3659.5,8419
2022-10-03 10:12:48,323,-49,3659.75,8370
2022-10-03 10:12:49,185,-22,3659.5,8348
2022-10-03 10:12:50,98,-5,3658.75,8343
2022-10-03 10:12:51,139,35,3658.5,8378
2022-10-03 10:12:52,105,-15,3658.0,8363
2022-10-03 10:12:53,62,-2,3658.0,8361
2022-10-03 10:12:54,100,-13,3658.0,8348
2022-10-03 10:12:55,169,-22,3658.0,8326
2022-10-03 10:12:56,136,8,3658.0,8334
2022-10-03 10:12:57,62,3,3658.0,8337
2022-10-03 10:12:58,66,13,3658.5,8350
2022-10-03 10:12:59,81,-21,3658.5,8329
2022-10-03 10:13:00,94,29,3659.0,8358
2022-10-03 10:13:01,37,-16,3658.75,8342
2022-10-03 10:13:02,19,13,3659.0,8355
2022-10-03 10:13:03,80,-7,3658.75,8348
2022-10-03 10:13:04,38,12,3658.5,8360
2022-10-03 10:13:05,26,13,3659.0,8373
2022-10-03 10:13:06,48,22,3659.5,8395
2022-10-03 10:13:07,73,9,3659.5,8404
2022-10-03 10:13:08,116,12,3659.5,8416
2022-10-03 10:13:09,78,30,3659.5,8446
2022-10-03 10:13:10,129,-11,3659.5,8435
2022-10-03 10:13:11,233,-8,3659.25,8427
2022-10-03 10:13:12,177,2,3659.0,8429
2022-10-03 10:13:13,93,1,3659.25,8430
2022-10-03 10:13:14,153,-2,3659.5,8428
2022-10-03 10:13:15,55,-18,3659.25,8410
2022-10-03 10:13:16,70,8,3659.5,8418
2022-10-03 10:13:17,75,24,3659.75,8442
2022-10-03 10:13:18,110,-31,3659.5,8411
2022-10-03 10:13:19,127,18,3659.75,8429
2022-10-03 10:13:20,131,-29,3660.0,8400
2022-10-03 10:13:21,56,-4,3659.75,8396
2022-10-03 10:13:22,102,47,3659.5,8443
2022-10-03 10:13:23,180,-17,3659.25,8426
2022-10-03 10:13:24,45,6,3659.25,8432
2022-10-03 10:13:25,216,-7,3659.25,8425
2022-10-03 10:13:26,68,-2,3659.5,8423
2022-10-03 10:13:27,26,14,3659.5,8437
2022-10-03 10:13:28,36,-1,3659.75,8436
2022-10-03 10:13:29,91,18,3659.75,8454
2022-10-03 10:13:30,18,0,3660.0,8454
2022-10-03 10:13:31,151,82,3660.5,8536
2022-10-03 10:13:32,235,-112,3660.25,8424
2022-10-03 10:13:33,134,6,3660.0,8430
2022-10-03 10:13:34,27,2,3660.0,8432
2022-10-03 10:13:35,111,-3,3660.0,8429
2022-10-03 10:13:36,316,-46,3659.75,8383
2022-10-03 10:13:37,56,2,3659.0,8385
2022-10-03 10:13:38,254,55,3659.5,8440
2022-10-03 10:13:39,76,37,3660.25,8477
2022-10-03 10:13:40,68,-11,3660.25,8466
2022-10-03 10:13:41,47,3,3660.25,8469
2022-10-03 10:13:42,51,-24,3660.0,8445
2022-10-03 10:13:43,80,7,3660.0,8452
2022-10-03 10:13:44,88,11,3660.0,8463
2022-10-03 10:13:45,58,-10,3659.75,8453
2022-10-03 10:13:46,147,8,3660.0,8461
2022-10-03 10:13:47,76,-9,3660.25,8452
2022-10-03 10:13:48,259,-36,3660.25,8416
2022-10-03 10:13:49,85,-34,3659.5,8382
2022-10-03 10:13:50,128,-6,3658.75,8376
2022-10-03 10:13:51,72,1,3658.5,8377
2022-10-03 10:13:52,69,11,3658.75,8388
2022-10-03 10:13:53,189,36,3658.5,8424
2022-10-03 10:13:54,90,-11,3658.0,8413
2022-10-03 10:13:55,33,5,3657.75,8418
2022-10-03 10:13:56,67,-5,3658.25,8413
2022-10-03 10:13:57,136,-47,3658.0,8366
2022-10-03 10:13:58,58,15,3657.75,8381
2022-10-03 10:13:59,71,0,3658.0,8381
2022-10-03 10:14:00,180,35,3658.25,8416
2022-10-03 10:14:01,332,-8,3658.0,8408
2022-10-03 10:14:02,143,-19,3657.75,8389
2022-10-03 10:14:03,151,8,3657.75,8397
2022-10-03 10:14:04,98,16,3658.25,8413
2022-10-03 10:14:05,114,28,3659.25,8441
2022-10-03 10:14:06,96,-22,3658.75,8419
2022-10-03 10:14:07,42,-12,3658.5,8407
2022-10-03 10:14:08,9,-3,3658.25,8404
2022-10-03 10:14:09,158,7,3658.0,8411
2022-10-03 10:14:10,95,41,3658.5,8452
2022-10-03 10:14:11,43,23,3658.5,8475
2022-10-03 10:14:12,57,9,3658.75,8484
2022-10-03 10:14:13,75,-15,3658.5,8469
2022-10-03 10:14:14,145,-41,3658.5,8428
2022-10-03 10:14:15,75,-14,3658.0,8414
2022-10-03 10:14:16,132,-9,3658.0,8405
2022-10-03 10:14:17,44,-7,3657.75,8398
2022-10-03 10:14:18,107,3,3658.25,8401
2022-10-03 10:14:19,49,-5,3658.25,8396
2022-10-03 10:14:20,99,-21,3658.5,8375
2022-10-03 10:14:21,79,-14,3658.25,8361
2022-10-03 10:14:22,117,6,3658.25,8367
2022-10-03 10:14:23,92,1,3658.5,8368
2022-10-03 10:14:24,98,-4,3658.5,8364
2022-10-03 10:14:25,71,-5,3659.0,8359
2022-10-03 10:14:26,68,3,3658.75,8362
2022-10-03 10:14:27,112,-14,3659.0,8348
2022-10-03 10:14:28,10,7,3659.0,8355
2022-10-03 10:14:29,99,-23,3658.75,8332
2022-10-03 10:14:30,84,-17,3658.25,8315
2022-10-03 10:14:31,233,148,3658.5,8463
2022-10-03 10:14:32,90,4,3657.75,8467
2022-10-03 10:14:33,74,22,3658.5,8489
2022-10-03 10:14:34,47,-24,3658.5,8465
2022-10-03 10:14:35,29,-14,3658.0,8451
2022-10-03 10:14:36,73,8,3658.0,8459
2022-10-03 10:14:37,18,-6,3657.75,8453
2022-10-03 10:14:38,184,-45,3657.75,8408
2022-10-03 10:14:39,50,-6,3658.0,8402
2022-10-03 10:14:40,242,-51,3657.75,8351
2022-10-03 10:14:41,45,-23,3657.5,8328
2022-10-03 10:14:42,78,13,3657.75,8341
2022-10-03 10:14:43,209,-71,3657.5,8270
2022-10-03 10:14:44,164,-33,3657.0,8237
2022-10-03 10:14:45,181,-11,3656.75,8226
2022-10-03 10:14:46,56,-14,3656.75,8212
2022-10-03 10:14:47,194,-48,3656.25,8164
2022-10-03 10:14:48,168,25,3657.0,8189
2022-10-03 10:14:49,87,-27,3657.0,8162
2022-10-03 10:14:50,55,-6,3656.75,8156
2022-10-03 10:14:51,66,-3,3656.75,8153
2022-10-03 10:14:52,615,256,3657.75,8409
2022-10-03 10:14:53,119,28,3657.25,8437
2022-10-03 10:14:54,63,-13,3657.0,8424
2022-10-03 10:14:55,195,-3,3657.0,8421
2022-10-03 10:14:56,90,-5,3656.75,8416
2022-10-03 10:14:57,94,-12,3656.75,8404
2022-10-03 10:14:58,66,14,3657.0,8418
2022-10-03 10:14:59,60,-2,3657.25,8416
2022-10-03 10:15:00,269,43,3657.5,8459
2022-10-03 10:15:01,302,-22,3657.25,8437
2022-10-03 10:15:02,213,-19,3657.0,8418
2022-10-03 10:15:03,111,-11,3657.0,8407
2022-10-03 10:15:04,190,22,3657.5,8429
2022-10-03 10:15:05,89,1,3657.5,8430
2022-10-03 10:15:06,144,-28,3657.25,8402
2022-10-03 10:15:07,99,12,3657.0,8414
2022-10-03 10:15:08,102,-7,3657.0,8407
2022-10-03 10:15:09,170,-58,3656.75,8349
2022-10-03 10:15:10,304,-27,3656.5,8322
2022-10-03 10:15:11,71,3,3656.5,8325
2022-10-03 10:15:12,92,13,3656.75,8338
2022-10-03 10:15:13,125,31,3657.5,8369
2022-10-03 10:15:14,26,-11,3657.25,8358
2022-10-03 10:15:15,135,-31,3657.5,8327
2022-10-03 10:15:16,71,16,3657.5,8343
2022-10-03 10:15:17,251,45,3658.25,8388
2022-10-03 10:15:18,297,-45,3657.75,8343
2022-10-03 10:15:19,54,-12,3657.25,8331
2022-10-03 10:15:20,104,1,3657.25,8332
2022-10-03 10:15:21,90,-12,3657.0,8320
2022-10-03 10:15:22,74,16,3657.0,8336
2022-10-03 10:15:23,93,-10,3657.25,8326
2022-10-03 10:15:24,144,7,3656.5,8333
2022-10-03 10:15:25,91,-34,3656.75,8299
2022-10-03 10:15:26,96,11,3657.0,8310
2022-10-03 10:15:27,61,0,3657.25,8310
2022-10-03 10:15:28,65,-20,3657.25,8290
2022-10-03 10:15:29,238,-33,3657.25,8257
2022-10-03 10:15:30,194,-49,3657.0,8208
2022-10-03 10:15:31,104,-24,3656.75,8184
2022-10-03 10:15:32,197,-70,3655.75,8114
2022-10-03 10:15:33,207,-104,3655.5,8010
2022-10-03 10:15:34,89,16,3655.75,8026
2022-10-03 10:15:35,48,11,3655.75,8037
2022-10-03 10:15:36,42,2,3655.75,8039
2022-10-03 10:15:37,47,-4,3655.75,8035
2022-10-03 10:15:38,129,31,3656.25,8066
2022-10-03 10:15:39,131,-20,3656.5,8046
2022-10-03 10:15:40,76,-7,3656.75,8039
2022-10-03 10:15:41,31,2,3657.0,8041
2022-10-03 10:15:42,124,-7,3657.0,8034
2022-10-03 10:15:43,96,-45,3656.75,7989
2022-10-03 10:15:44,70,-2,3656.25,7987
2022-10-03 10:15:45,111,4,3656.25,7991
2022-10-03 10:15:46,98,0,3656.75,7991
2022-10-03 10:15:47,49,-4,3657.0,7987
2022-10-03 10:15:48,169,27,3657.25,8014
2022-10-03 10:15:49,63,-31,3657.0,7983
2022-10-03 10:15:50,83,3,3657.25,7986
2022-10-03 10:15:51,215,59,3657.25,8045
2022-10-03 10:15:52,282,52,3657.5,8097
2022-10-03 10:15:53,31,4,3657.75,8101
2022-10-03 10:15:54,38,-10,3657.5,8091
2022-10-03 10:15:55,126,1,3657.5,8092
2022-10-03 10:15:56,220,-55,3657.25,8037
2022-10-03 10:15:57,72,2,3657.0,8039
2022-10-03 10:15:58,39,2,3656.75,8041
2022-10-03 10:15:59,49,14,3657.0,8055
2022-10-03 10:16:00,565,121,3657.25,8176
2022-10-03 10:16:01,388,73,3656.25,8249
2022-10-03 10:16:02,238,-29,3655.75,8220
2022-10-03 10:16:03,61,16,3655.75,8236
2022-10-03 10:16:04,178,-44,3656.0,8192
2022-10-03 10:16:05,250,-34,3655.5,8158
2022-10-03 10:16:06,128,28,3656.0,8186
2022-10-03 10:16:07,260,-25,3656.0,8161
2022-10-03 10:16:08,118,-21,3656.0,8140
2022-10-03 10:16:09,138,-22,3656.0,8118
2022-10-03 10:16:10,125,-15,3655.5,8103
2022-10-03 10:16:11,175,5,3656.0,8108
2022-10-03 10:16:12,44,0,3655.75,8108
2022-10-03 10:16:13,615,0,3656.25,8108
2022-10-03 10:16:14,91,12,3656.5,8120
2022-10-03 10:16:15,107,0,3656.5,8120
2022-10-03 10:16:16,314,201,3657.25,8321
2022-10-03 10:16:17,24,0,3656.75,8321
2022-10-03 10:16:18,152,-1,3657.0,8320
2022-10-03 10:16:19,240,2,3657.75,8322
2022-10-03 10:16:20,152,-7,3657.0,8315
2022-10-03 10:16:21,42,9,3656.75,8324
2022-10-03 10:16:22,160,-9,3657.0,8315
2022-10-03 10:16:23,49,-4,3656.75,8311
2022-10-03 10:16:24,325,-88,3656.0,8223
2022-10-03 10:16:25,161,62,3656.0,8285
2022-10-03 10:16:26,118,11,3655.75,8296
2022-10-03 10:16:27,96,34,3655.75,8330
2022-10-03 10:16:28,113,8,3656.0,8338
2022-10-03 10:16:29,67,-6,3656.0,8332
2022-10-03 10:16:30,152,-37,3655.75,8295
2022-10-03 10:16:31,63,26,3656.25,8321
2022-10-03 10:16:32,120,11,3656.5,8332
2022-10-03 10:16:33,48,0,3656.25,8332
2022-10-03 10:16:34,101,-13,3656.25,8319
2022-10-03 10:16:35,97,10,3656.25,8329
2022-10-03 10:16:36,51,-10,3656.5,8319
2022-10-03 10:16:37,104,-16,3656.5,8303
2022-10-03 10:16:38,131,31,3657.0,8334
2022-10-03 10:16:39,268,86,3657.5,8420
2022-10-03 10:16:40,255,69,3658.25,8489
2022-10-03 10:16:41,310,74,3659.0,8563
2022-10-03 10:16:42,145,-7,3659.0,8556
2022-10-03 10:16:43,75,3,3659.0,8559
2022-10-03 10:16:44,122,-41,3658.75,8518
2022-10-03 10:16:45,121,5,3658.75,8523
2022-10-03 10:16:46,60,-1,3659.0,8522
2022-10-03 10:16:47,102,-55,3659.0,8467
2022-10-03 10:16:48,53,5,3659.0,8472
2022-10-03 10:16:49,83,-29,3658.75,8443
2022-10-03 10:16:50,55,16,3658.75,8459
2022-10-03 10:16:51,38,-4,3658.75,8455
2022-10-03 10:16:52,109,0,3658.5,8455
2022-10-03 10:16:53,43,-9,3658.5,8446
2022-10-03 10:16:54,39,13,3658.25,8459
2022-10-03 10:16:55,122,3,3658.25,8462
2022-10-03 10:16:56,24,-1,3657.75,8461
2022-10-03 10:16:57,205,-7,3657.75,8454
2022-10-03 10:16:58,31,22,3658.0,8476
2022-10-03 10:16:59,288,-46,3658.0,8430
2022-10-03 10:17:00,316,53,3657.5,8483
2022-10-03 10:17:01,58,-2,3657.75,8481
2022-10-03 10:17:02,83,16,3658.0,8497
2022-10-03 10:17:03,41,28,3658.5,8525
2022-10-03 10:17:04,79,0,3658.75,8525
2022-10-03 10:17:05,60,-4,3658.5,8521
2022-10-03 10:17:06,183,-31,3658.75,8490
2022-10-03 10:17:07,132,-26,3659.0,8464
2022-10-03 10:17:08,85,-23,3658.75,8441
2022-10-03 10:17:09,201,2,3658.75,8443
2022-10-03 10:17:10,160,10,3658.75,8453
2022-10-03 10:17:11,20,11,3658.75,8464
2022-10-03 10:17:12,161,10,3658.75,8474
2022-10-03 10:17:13,158,-23,3658.5,8451
2022-10-03 10:17:14,261,23,3658.5,8474
2022-10-03 10:17:15,84,0,3658.5,8474
2022-10-03 10:17:16,91,7,3659.0,8481
2022-10-03 10:17:17,81,14,3659.0,8495
2022-10-03 10:17:18,43,-16,3658.75,8479
2022-10-03 10:17:19,50,-2,3658.75,8477
2022-10-03 10:17:20,44,0,3659.0,8477
2022-10-03 10:17:21,40,-2,3659.0,8475
2022-10-03 10:17:22,145,43,3659.0,8518
2022-10-03 10:17:23,86,-12,3658.75,8506
2022-10-03 10:17:24,105,-22,3658.5,8484
2022-10-03 10:17:25,122,8,3658.25,8492
2022-10-03 10:17:26,33,-11,3658.25,8481
2022-10-03 10:17:27,125,-19,3657.75,8462
2022-10-03 10:17:28,221,85,3658.25,8547
2022-10-03 10:17:29,65,3,3658.5,8550
2022-10-03 10:17:30,94,25,3658.5,8575
2022-10-03 10:17:31,108,-22,3658.75,8553
2022-10-03 10:17:32,119,35,3659.5,8588
2022-10-03 10:17:33,88,-10,3659.5,8578
2022-10-03 10:17:34,71,-20,3658.75,8558
2022-10-03 10:17:35,164,-37,3658.5,8521
2022-10-03 10:17:36,274,-40,3657.5,8481
2022-10-03 10:17:37,60,10,3657.5,8491
2022-10-03 10:17:38,30,1,3657.5,8492
2022-10-03 10:17:39,110,-1,3658.0,8491
2022-10-03 10:17:40,98,-2,3658.0,8489
2022-10-03 10:17:41,46,-5,3657.75,8484
2022-10-03 10:17:42,37,2,3657.5,8486
2022-10-03 10:17:43,56,10,3658.0,8496
2022-10-03 10:17:44,21,-6,3657.75,8490
2022-10-03 10:17:45,53,5,3657.5,8495
2022-10-03 10:17:46,72,21,3657.75,8516
2022-10-03 10:17:47,76,-11,3658.25,8505
2022-10-03 10:17:48,75,20,3658.0,8525
2022-10-03 10:17:49,48,3,3658.0,8528
2022-10-03 10:17:50,65,9,3658.0,8537
2022-10-03 10:17:51,26,-9,3658.0,8528
2022-10-03 10:17:52,53,-4,3657.75,8524
2022-10-03 10:17:53,42,17,3657.75,8541
2022-10-03 10:17:54,136,16,3658.5,8557
2022-10-03 10:17:55,115,-15,3658.5,8542
2022-10-03 10:17:56,337,-38,3657.5,8504
2022-10-03 10:17:57,115,-29,3656.75,8475
2022-10-03 10:17:58,352,-14,3656.75,8461
2022-10-03 10:17:59,143,-24,3657.0,8437
2022-10-03 10:18:00,242,-75,3656.5,8362
2022-10-03 10:18:01,215,-54,3655.5,8308
2022-10-03 10:18:02,144,39,3655.5,8347
2022-10-03 10:18:03,99,22,3656.0,8369
2022-10-03 10:18:04,81,-24,3656.0,8345
2022-10-03 10:18:05,48,-6,3656.0,8339
2022-10-03 10:18:06,81,19,3656.0,8358
2022-10-03 10:18:07,406,-202,3656.0,8156
2022-10-03 10:18:08,86,-4,3656.0,8152
2022-10-03 10:18:09,156,-17,3656.25,8135
2022-10-03 10:18:10,111,-18,3656.25,8117
2022-10-03 10:18:11,41,-1,3655.75,8116
2022-10-03 10:18:12,125,-13,3655.75,8103
2022-10-03 10:18:13,82,4,3655.5,8107
2022-10-03 10:18:14,84,-3,3655.5,8104
2022-10-03 10:18:15,78,31,3656.0,8135
2022-10-03 10:18:16,300,78,3656.5,8213
2022-10-03 10:18:17,104,-18,3656.75,8195
2022-10-03 10:18:18,79,3,3656.75,8198
2022-10-03 10:18:19,45,-6,3656.75,8192
2022-10-03 10:18:20,95,4,3656.5,8196
2022-10-03 10:18:21,48,-14,3656.0,8182
2022-10-03 10:18:22,60,-4,3656.0,8178
2022-10-03 10:18:23,62,-11,3656.0,8167
2022-10-03 10:18:24,57,4,3656.25,8171
2022-10-03 10:18:25,74,-29,3656.25,8142
2022-10-03 10:18:26,117,8,3656.0,8150
2022-10-03 10:18:27,75,5,3656.0,8155
2022-10-03 10:18:28,84,20,3656.25,8175
2022-10-03 10:18:29,32,-2,3656.25,8173
2022-10-03 10:18:30,124,17,3656.0,8190
2022-10-03 10:18:31,101,-16,3656.5,8174
2022-10-03 10:18:32,70,15,3656.75,8189
2022-10-03 10:18:33,120,-20,3656.75,8169
2022-10-03 10:18:34,36,2,3656.25,8171
2022-10-03 10:18:35,85,-29,3656.0,8142
2022-10-03 10:18:36,108,4,3655.75,8146
2022-10-03 10:18:37,43,-5,3656.0,8141
2022-10-03 10:18:38,38,1,3656.0,8142
2022-10-03 10:18:39,127,20,3656.25,8162
2022-10-03 10:18:40,44,-2,3656.25,8160
2022-10-03 10:18:41,44,6,3656.5,8166
2022-10-03 10:18:42,43,6,3656.75,8172
2022-10-03 10:18:43,126,16,3657.0,8188
2022-10-03 10:18:44,163,38,3657.0,8226
2022-10-03 10:18:45,227,31,3657.25,8257
2022-10-03 10:18:46,135,5,3657.25,8262
2022-10-03 10:18:47,64,-8,3657.25,8254
2022-10-03 10:18:48,4,1,3656.75,8255
2022-10-03 10:18:49,32,-4,3657.0,8251
2022-10-03 10:18:50,45,4,3656.75,8255
2022-10-03 10:18:51,236,31,3657.75,8286
2022-10-03 10:18:52,142,2,3658.25,8288
2022-10-03 10:18:53,94,-3,3658.0,8285
2022-10-03 10:18:54,17,10,3658.25,8295
2022-10-03 10:18:55,391,217,3658.5,8512
2022-10-03 10:18:56,53,9,3658.0,8521
2022-10-03 10:18:57,89,-4,3658.0,8517
2022-10-03 10:18:58,87,-35,3657.75,8482
2022-10-03 10:18:59,95,-19,3657.75,8463
2022-10-03 10:19:00,96,20,3658.0,8483
2022-10-03 10:19:01,103,-16,3658.25,8467
2022-10-03 10:19:02,26,1,3658.0,8468
2022-10-03 10:19:03,39,-19,3657.75,8449
2022-10-03 10:19:04,48,-5,3657.5,8444
2022-10-03 10:19:05,137,-31,3657.5,8413
2022-10-03 10:19:06,235,-13,3657.5,8400
2022-10-03 10:19:07,47,-24,3657.75,8376
2022-10-03 10:19:08,149,-21,3657.25,8355
2022-10-03 10:19:09,78,13,3657.75,8368
2022-10-03 10:19:10,62,-3,3657.75,8365
2022-10-03 10:19:11,44,6,3657.75,8371
2022-10-03 10:19:12,94,34,3658.0,8405
2022-10-03 10:19:13,57,7,3658.25,8412
2022-10-03 10:19:14,130,-5,3658.5,8407
2022-10-03 10:19:15,288,94,3659.0,8501
2022-10-03 10:19:16,231,43,3659.25,8544
2022-10-03 10:19:17,70,-18,3659.5,8526
2022-10-03 10:19:18,181,34,3659.75,8560
2022-10-03 10:19:19,144,-16,3659.75,8544
2022-10-03 10:19:20,24,8,3659.75,8552
2022-10-03 10:19:21,186,42,3659.75,8594
2022-10-03 10:19:22,117,5,3659.75,8599
2022-10-03 10:19:23,104,20,3659.75,8619
2022-10-03 10:19:24,193,-43,3659.5,8576
2022-10-03 10:19:25,284,-32,3659.75,8544
2022-10-03 10:19:26,44,17,3659.75,8561
2022-10-03 10:19:27,222,-40,3659.75,8521
2022-10-03 10:19:28,95,-17,3658.75,8504
2022-10-03 10:19:29,80,-15,3659.0,8489
2022-10-03 10:19:30,74,9,3659.25,8498
2022-10-03 10:19:31,48,-11,3659.0,8487
2022-10-03 10:19:32,42,18,3659.25,8505
2022-10-03 10:19:33,94,12,3659.25,8517
2022-10-03 10:19:34,19,14,3659.25,8531
2022-10-03 10:19:35,66,11,3659.5,8542
2022-10-03 10:19:36,474,80,3660.25,8622
2022-10-03 10:19:37,442,169,3661.25,8791
2022-10-03 10:19:38,208,99,3661.5,8890
2022-10-03 10:19:39,295,-14,3661.5,8876
2022-10-03 10:19:40,331,84,3662.0,8960
2022-10-03 10:19:41,340,-34,3662.5,8926
2022-10-03 10:19:42,69,30,3662.25,8956
2022-10-03 10:19:43,177,1,3662.5,8957
2022-10-03 10:19:44,186,9,3662.0,8966
2022-10-03 10:19:45,75,11,3662.0,8977
2022-10-03 10:19:46,54,-4,3661.5,8973
2022-10-03 10:19:47,93,9,3661.75,8982
2022-10-03 10:19:48,135,-2,3661.75,8980
2022-10-03 10:19:49,197,13,3662.0,8993
2022-10-03 10:19:50,51,12,3662.25,9005
2022-10-03 10:19:51,181,-8,3662.0,8997
2022-10-03 10:19:52,280,-32,3661.5,8965
2022-10-03 10:19:53,172,-31,3661.75,8934
2022-10-03 10:19:54,129,13,3662.0,8947
2022-10-03 10:19:55,226,-18,3661.5,8929
2022-10-03 10:19:56,335,-150,3660.5,8779
2022-10-03 10:19:57,76,5,3660.25,8784
2022-10-03 10:19:58,98,18,3660.5,8802
2022-10-03 10:19:59,68,-18,3660.25,8784
2022-10-03 10:20:00,134,22,3660.25,8806
2022-10-03 10:20:01,114,5,3660.75,8811
2022-10-03 10:20:02,51,5,3661.0,8816
2022-10-03 10:20:03,105,0,3661.25,8816
2022-10-03 10:20:04,130,3,3661.25,8819
2022-10-03 10:20:05,70,4,3661.75,8823
2022-10-03 10:20:06,176,71,3662.0,8894
2022-10-03 10:20:07,82,-10,3662.25,8884
2022-10-03 10:20:08,157,79,3662.25,8963
2022-10-03 10:20:09,465,245,3663.5,9208
2022-10-03 10:20:10,308,51,3663.75,9259
2022-10-03 10:20:11,195,56,3664.0,9315
2022-10-03 10:20:12,444,89,3664.75,9404
2022-10-03 10:20:13,173,26,3664.25,9430
2022-10-03 10:20:14,87,-29,3664.25,9401
2022-10-03 10:20:15,166,41,3664.25,9442
2022-10-03 10:20:16,175,-37,3664.25,9405
2022-10-03 10:20:17,216,-65,3663.75,9340
2022-10-03 10:20:18,187,-19,3662.75,9321
2022-10-03 10:20:19,352,-72,3662.5,9249
2022-10-03 10:20:20,268,-100,3662.0,9149
2022-10-03 10:20:21,248,49,3662.0,9198
2022-10-03 10:20:22,121,26,3662.0,9224
2022-10-03 10:20:23,143,4,3662.25,9228
2022-10-03 10:20:24,145,27,3662.25,9255
2022-10-03 10:20:25,110,-31,3662.25,9224
2022-10-03 10:20:26,167,-25,3662.0,9199
2022-10-03 10:20:27,140,-27,3661.25,9172
2022-10-03 10:20:28,87,-24,3661.25,9148
2022-10-03 10:20:29,97,-14,3661.25,9134
2022-10-03 10:20:30,159,-52,3660.75,9082
2022-10-03 10:20:31,167,-47,3660.25,9035
2022-10-03 10:20:32,154,17,3661.0,9052
2022-10-03 10:20:33,63,6,3661.5,9058
2022-10-03 10:20:34,43,-3,3661.5,9055
2022-10-03 10:20:35,94,-11,3661.5,9044
2022-10-03 10:20:36,126,11,3661.75,9055
2022-10-03 10:20:37,60,-9,3661.75,9046
2022-10-03 10:20:38,27,8,3661.5,9054
2022-10-03 10:20:39,207,-13,3662.25,9041
2022-10-03 10:20:40,80,-4,3661.75,9037
2022-10-03 10:20:41,11,-4,3661.5,9033
2022-10-03 10:20:42,70,9,3661.5,9042
2022-10-03 10:20:43,4,3,3661.75,9045
2022-10-03 10:20:44,233,-68,3661.5,8977
2022-10-03 10:20:45,55,-9,3661.0,8968
2022-10-03 10:20:46,94,-18,3661.5,8950
2022-10-03 10:20:47,194,-26,3662.0,8924
2022-10-03 10:20:48,100,-17,3661.5,8907
2022-10-03 10:20:49,67,-19,3661.25,8888
2022-10-03 10:20:50,77,-6,3661.0,8882
2022-10-03 10:20:51,157,32,3661.75,8914
2022-10-03 10:20:52,34,-7,3661.75,8907
2022-10-03 10:20:53,76,7,3661.75,8914
2022-10-03 10:20:54,103,-5,3662.25,8909
2022-10-03 10:20:55,73,10,3662.0,8919
2022-10-03 10:20:56,85,13,3662.0,8932
2022-10-03 10:20:57,18,-2,3662.25,8930
2022-10-03 10:20:58,52,-4,3662.0,8926
2022-10-03 10:20:59,134,-19,3661.75,8907
2022-10-03 10:21:00,109,9,3661.75,8916
2022-10-03 10:21:01,51,-18,3662.0,8898
2022-10-03 10:21:02,42,-6,3662.0,8892
2022-10-03 10:21:03,44,-6,3662.0,8886
2022-10-03 10:21:04,80,18,3661.75,8904
2022-10-03 10:21:05,159,25,3662.25,8929
2022-10-03 10:21:06,262,-21,3662.25,8908
2022-10-03 10:21:07,317,-56,3661.75,8852
2022-10-03 10:21:08,368,-51,3660.5,8801
2022-10-03 10:21:09,45,-13,3660.25,8788
2022-10-03 10:21:10,156,-48,3659.75,8740
2022-10-03 10:21:11,158,-2,3660.0,8738
2022-10-03 10:21:12,101,-11,3660.0,8727
2022-10-03 10:21:13,56,-13,3660.0,8714
2022-10-03 10:21:14,121,-37,3660.25,8677
2022-10-03 10:21:15,45,-6,3660.0,8671
2022-10-03 10:21:16,51,12,3660.25,8683
2022-10-03 10:21:17,68,-17,3660.5,8666
2022-10-03 10:21:18,107,11,3660.0,8677
2022-10-03 10:21:19,6,2,3660.0,8679
2022-10-03 10:21:20,116,-52,3659.75,8627
2022-10-03 10:21:21,162,-2,3660.5,8625
2022-10-03 10:21:22,81,15,3660.5,8640
2022-10-03 10:21:23,118,5,3660.5,8645
2022-10-03 10:21:24,238,38,3661.5,8683
2022-10-03 10:21:25,120,1,3661.75,8684
2022-10-03 10:21:26,62,2,3661.75,8686
2022-10-03 10:21:27,32,-15,3661.5,8671
2022-10-03 10:21:28,88,27,3661.75,8698
2022-10-03 10:21:29,194,22,3662.0,8720
2022-10-03 10:21:30,92,6,3662.0,8726
2022-10-03 10:21:31,17,7,3662.0,8733
2022-10-03 10:21:32,113,37,3662.0,8770
2022-10-03 10:21:33,70,7,3662.0,8777
2022-10-03 10:21:34,81,-1,3661.75,8776
2022-10-03 10:21:35,155,-22,3662.0,8754
2022-10-03 10:21:36,156,70,3662.5,8824
2022-10-03 10:21:37,237,-54,3662.25,8770
2022-10-03 10:21:38,75,41,3662.75,8811
2022-10-03 10:21:39,148,-30,3662.5,8781
2022-10-03 10:21:40,57,19,3662.75,8800
2022-10-03 10:21:41,42,-17,3662.5,8783
2022-10-03 10:21:42,124,16,3662.25,8799
2022-10-03 10:21:43,94,5,3663.0,8804
2022-10-03 10:21:44,144,-4,3663.0,8800
2022-10-03 10:21:45,57,19,3662.75,8819
2022-10-03 10:21:46,55,-3,3663.0,8816
2022-10-03 10:21:47,147,38,3663.0,8854
2022-10-03 10:21:48,48,-15,3663.0,8839
2022-10-03 10:21:49,224,70,3663.5,8909
2022-10-03 10:21:50,107,-3,3663.75,8906
2022-10-03 10:21:51,150,-18,3663.75,8888
2022-10-03 10:21:52,199,59,3664.25,8947
2022-10-03 10:21:53,125,-2,3664.0,8945
2022-10-03 10:21:54,91,-18,3664.0,8927
2022-10-03 10:21:55,36,4,3664.0,8931
2022-10-03 10:21:56,103,-34,3664.25,8897
2022-10-03 10:21:57,131,-3,3663.5,8894
2022-10-03 10:21:58,213,-64,3663.25,8830
2022-10-03 10:21:59,59,-10,3662.5,8820
2022-10-03 10:22:00,69,-4,3662.5,8816
2022-10-03 10:22:01,76,2,3662.75,8818
2022-10-03 10:22:02,126,34,3663.5,8852
2022-10-03 10:22:03,93,2,3663.75,8854
2022-10-03 10:22:04,161,37,3664.25,8891
2022-10-03 10:22:05,111,-16,3663.75,8875
2022-10-03 10:22:06,29,-17,3663.25,8858
2022-10-03 10:22:07,61,-10,3663.25,8848
2022-10-03 10:22:08,110,48,3663.75,8896
2022-10-03 10:22:09,100,-23,3663.5,8873
2022-10-03 10:22:10,68,7,3663.0,8880
2022-10-03 10:22:11,124,25,3662.75,8905
2022-10-03 10:22:12,100,5,3662.75,8910
2022-10-03 10:22:13,46,-4,3662.75,8906
2022-10-03 10:22:14,176,12,3662.75,8918
2022-10-03 10:22:15,126,-8,3663.0,8910
2022-10-03 10:22:16,64,-1,3663.0,8909
2022-10-03 10:22:17,147,-3,3663.0,8906
2022-10-03 10:22:18,41,17,3662.75,8923
2022-10-03 10:22:19,76,-16,3662.75,8907
2022-10-03 10:22:20,101,13,3663.0,8920
2022-10-03 10:22:21,185,41,3663.25,8961
2022-10-03 10:22:22,178,-19,3663.25,8942
2022-10-03 10:22:23,21,0,3662.75,8942
2022-10-03 10:22:24,81,-2,3662.75,8940
2022-10-03 10:22:25,292,-73,3662.25,8867
2022-10-03 10:22:26,40,3,3662.5,8870
2022-10-03 10:22:27,63,-10,3662.5,8860
2022-10-03 10:22:28,118,-1,3662.5,8859
2022-10-03 10:22:29,29,-7,3662.5,8852
2022-10-03 10:22:30,123,55,3663.25,8907
2022-10-03 10:22:31,154,-17,3663.5,8890
2022-10-03 10:22:32,73,11,3663.25,8901
2022-10-03 10:22:33,26,10,3663.5,8911
2022-10-03 10:22:34,158,34,3664.25,8945
2022-10-03 10:22:35,713,212,3665.0,9157
2022-10-03 10:22:36,159,28,3664.75,9185
2022-10-03 10:22:37,59,-3,3664.75,9182
2022-10-03 10:22:38,99,-13,3664.25,9169
2022-10-03 10:22:39,140,-14,3664.25,9155
2022-10-03 10:22:40,42,-9,3664.5,9146
2022-10-03 10:22:41,95,11,3664.75,9157
2022-10-03 10:22:42,81,24,3664.25,9181
2022-10-03 10:22:43,45,5,3664.5,9186
2022-10-03 10:22:44,67,-2,3664.25,9184
2022-10-03 10:22:45,319,-27,3664.0,9157
2022-10-03 10:22:46,215,0,3663.75,9157
2022-10-03 10:22:47,78,21,3664.25,9178
2022-10-03 10:22:48,62,2,3664.25,9180
2022-10-03 10:22:49,43,-6,3664.0,9174
2022-10-03 10:22:50,105,-13,3664.0,9161
2022-10-03 10:22:51,132,-6,3664.0,9155
2022-10-03 10:22:52,186,-45,3663.5,9110
2022-10-03 10:22:53,48,-2,3662.75,9108
2022-10-03 10:22:54,157,-43,3662.5,9065
2022-10-03 10:22:55,245,7,3662.25,9072
2022-10-03 10:22:56,114,-10,3662.75,9062
2022-10-03 10:22:57,142,20,3662.5,9082
2022-10-03 10:22:58,55,0,3662.75,9082
2022-10-03 10:22:59,34,-11,3662.75,9071
2022-10-03 10:23:00,88,8,3662.75,9079
2022-10-03 10:23:01,101,26,3663.25,9105
2022-10-03 10:23:02,193,50,3663.5,9155
2022-10-03 10:23:03,110,-30,3663.5,9125
2022-10-03 10:23:04,76,4,3663.25,9129
2022-10-03 10:23:05,71,-6,3663.25,9123
2022-10-03 10:23:06,38,-1,3663.5,9122
2022-10-03 10:23:07,110,23,3664.0,9145
2022-10-03 10:23:08,121,11,3664.25,9156
2022-10-03 10:23:09,37,-2,3664.0,9154
2022-10-03 10:23:10,104,7,3664.5,9161
2022-10-03 10:23:11,124,-31,3664.25,9130
2022-10-03 10:23:12,71,-11,3663.75,9119
2022-10-03 10:23:13,70,25,3664.25,9144
2022-10-03 10:23:14,192,-44,3664.25,9100
2022-10-03 10:23:15,52,-17,3664.5,9083
2022-10-03 10:23:16,81,-5,3663.75,9078
2022-10-03 10:23:17,135,3,3664.0,9081
2022-10-03 10:23:18,75,-9,3664.0,9072
2022-10-03 10:23:19,37,3,3663.75,9075
2022-10-03 10:23:20,59,3,3663.75,9078
2022-10-03 10:23:21,66,-7,3663.75,9071
2022-10-03 10:23:22,87,-7,3663.75,9064
2022-10-03 10:23:23,78,-25,3663.75,9039
2022-10-03 10:23:24,52,7,3664.0,9046
2022-10-03 10:23:25,158,-56,3663.75,8990
2022-10-03 10:23:26,77,-51,3663.5,8939
2022-10-03 10:23:27,33,-6,3663.75,8933
2022-10-03 10:23:28,143,19,3663.75,8952
2022-10-03 10:23:29,85,-25,3664.0,8927
2022-10-03 10:23:30,47,-3,3663.75,8924
2022-10-03 10:23:31,51,7,3663.75,8931
2022-10-03 10:23:32,71,19,3664.25,8950
2022-10-03 10:23:33,146,-4,3664.5,8946
2022-10-03 10:23:34,120,-14,3664.25,8932
2022-10-03 10:23:35,42,11,3664.0,8943
2022-10-03 10:23:36,78,-7,3664.25,8936
2022-10-03 10:23:37,14,1,3664.0,8937
2022-10-03 10:23:38,91,-11,3664.0,8926
2022-10-03 10:23:39,137,-25,3663.75,8901
2022-10-03 10:23:40,67,-9,3663.75,8892
2022-10-03 10:23:41,198,24,3664.0,8916
2022-10-03 10:23:42,61,-4,3664.0,8912
2022-10-03 10:23:43,102,-20,3664.25,8892
2022-10-03 10:23:44,24,-3,3663.75,8889
2022-10-03 10:23:45,103,22,3664.0,8911
2022-10-03 10:23:46,71,4,3664.25,8915
2022-10-03 10:23:47,24,-8,3664.5,8907
2022-10-03 10:23:48,116,-24,3664.0,8883
2022-10-03 10:23:49,77,-2,3664.25,8881
2022-10-03 10:23:50,83,24,3664.5,8905
2022-10-03 10:23:51,35,-2,3664.5,8903
2022-10-03 10:23:52,116,-19,3664.25,8884
2022-10-03 10:23:53,49,7,3664.5,8891
2022-10-03 10:23:54,70,-1,3664.25,8890
2022-10-03 10:23:55,325,-75,3664.25,8815
2022-10-03 10:23:56,151,-49,3663.75,8766
2022-10-03 10:23:57,22,5,3663.5,8771
2022-10-03 10:23:58,36,5,3663.75,8776
2022-10-03 10:23:59,206,54,3664.75,8830
2022-10-03 10:24:00,61,-2,3664.75,8828
2022-10-03 10:24:01,43,1,3664.5,8829
2022-10-03 10:24:02,57,17,3664.75,8846
2022-10-03 10:24:03,220,49,3664.75,8895
2022-10-03 10:24:04,31,15,3664.5,8910
2022-10-03 10:24:05,168,-65,3664.25,8845
2022-10-03 10:24:06,198,42,3664.0,8887
2022-10-03 10:24:07,51,4,3664.0,8891
2022-10-03 10:24:08,61,9,3664.0,8900
2022-10-03 10:24:09,26,-17,3664.0,8883
2022-10-03 10:24:10,166,60,3664.0,8943
2022-10-03 10:24:11,50,4,3664.25,8947
2022-10-03 10:24:12,49,-33,3664.5,8914
2022-10-03 10:24:13,38,-11,3664.0,8903
2022-10-03 10:24:14,119,-13,3663.25,8890
2022-10-03 10:24:15,65,-1,3663.25,8889
2022-10-03 10:24:16,137,-13,3663.0,8876
2022-10-03 10:24:17,167,-14,3663.25,8862
2022-10-03 10:24:18,194,-5,3663.75,8857
2022-10-03 10:24:19,60,4,3663.5,8861
2022-10-03 10:24:20,56,5,3663.5,8866
2022-10-03 10:24:21,49,11,3663.75,8877
2022-10-03 10:24:22,32,-10,3663.75,8867
2022-10-03 10:24:23,37,-2,3663.75,8865
2022-10-03 10:24:24,52,14,3663.75,8879
2022-10-03 10:24:25,134,-34,3664.25,8845
2022-10-03 10:24:26,130,37,3664.75,8882
2022-10-03 10:24:27,373,195,3665.75,9077
2022-10-03 10:24:28,151,2,3665.75,9079
2022-10-03 10:24:29,261,-119,3665.5,8960
2022-10-03 10:24:30,72,-1,3665.0,8959
2022-10-03 10:24:31,35,-8,3665.25,8951
2022-10-03 10:24:32,260,14,3666.0,8965
2022-10-03 10:24:33,101,14,3665.75,8979
2022-10-03 10:24:34,99,-6,3665.5,8973
2022-10-03 10:24:35,179,32,3665.5,9005
2022-10-03 10:24:36,159,-32,3665.25,8973
2022-10-03 10:24:37,112,14,3665.5,8987
2022-10-03 10:24:38,90,41,3665.5,9028
2022-10-03 10:24:39,73,-7,3665.25,9021
2022-10-03 10:24:40,54,6,3665.25,9027
2022-10-03 10:24:41,77,-1,3665.25,9026
2022-10-03 10:24:42,174,-10,3665.0,9016
2022-10-03 10:24:43,49,1,3665.25,9017
2022-10-03 10:24:44,75,16,3665.5,9033
2022-10-03 10:24:45,121,48,3665.5,9081
2022-10-03 10:24:46,117,23,3665.5,9104
2022-10-03 10:24:47,13,11,3665.25,9115
2022-10-03 10:24:48,243,34,3665.5,9149
2022-10-03 10:24:49,188,44,3665.5,9193
2022-10-03 10:24:50,148,42,3665.75,9235
2022-10-03 10:24:51,181,30,3665.5,9265
2022-10-03 10:24:52,41,7,3665.5,9272
2022-10-03 10:24:53,187,5,3665.5,9277
2022-10-03 10:24:54,232,101,3665.75,9378
2022-10-03 10:24:55,60,-15,3665.5,9363
2022-10-03 10:24:56,750,469,3667.25,9832
2022-10-03 10:24:57,339,19,3667.5,9851
2022-10-03 10:24:58,112,-16,3667.5,9835
2022-10-03 10:24:59,270,0,3667.75,9835
2022-10-03 10:25:00,247,10,3668.0,9845
2022-10-03 10:25:01,201,-29,3667.75,9816
2022-10-03 10:25:02,239,10,3667.5,9826
2022-10-03 10:25:03,94,38,3667.25,9864
2022-10-03 10:25:04,92,41,3667.5,9905
2022-10-03 10:25:05,158,-6,3667.5,9899
2022-10-03 10:25:06,112,-59,3667.25,9840
2022-10-03 10:25:07,171,-11,3666.5,9829
2022-10-03 10:25:08,124,0,3666.75,9829
2022-10-03 10:25:09,66,18,3666.75,9847
2022-10-03 10:25:10,50,-12,3666.5,9835
2022-10-03 10:25:11,68,14,3666.75,9849
2022-10-03 10:25:12,148,-11,3666.5,9838
2022-10-03 10:25:13,254,135,3667.0,9973
2022-10-03 10:25:14,154,-27,3667.0,9946
2022-10-03 10:25:15,90,11,3666.5,9957
2022-10-03 10:25:16,161,-61,3666.75,9896
2022-10-03 10:25:17,110,-9,3666.25,9887
2022-10-03 10:25:18,66,32,3666.25,9919
2022-10-03 10:25:19,252,14,3666.75,9933
2022-10-03 10:25:20,194,22,3667.25,9955
2022-10-03 10:25:21,217,46,3667.5,10001
2022-10-03 10:25:22,185,51,3667.75,10052
2022-10-03 10:25:23,243,-8,3668.0,10044
2022-10-03 10:25:24,41,-1,3668.0,10043
2022-10-03 10:25:25,83,-2,3668.0,10041
2022-10-03 10:25:26,187,24,3668.0,10065
2022-10-03 10:25:27,180,32,3667.5,10097
2022-10-03 10:25:28,73,-17,3667.5,10080
2022-10-03 10:25:29,97,-11,3667.5,10069
2022-10-03 10:25:30,322,-11,3667.25,10058
2022-10-03 10:25:31,41,6,3667.5,10064
2022-10-03 10:25:32,240,68,3667.5,10132
2022-10-03 10:25:33,765,-185,3667.25,9947
2022-10-03 10:25:34,48,9,3666.75,9956
2022-10-03 10:25:35,190,102,3667.25,10058
2022-10-03 10:25:36,66,-22,3666.75,10036
2022-10-03 10:25:37,359,-44,3667.0,9992
2022-10-03 10:25:38,37,-14,3666.5,9978
2022-10-03 10:25:39,138,5,3666.75,9983
2022-10-03 10:25:40,75,17,3666.75,10000
2022-10-03 10:25:42,163,-17,3667.0,9983
2022-10-03 10:25:43,5,2,3666.5,9985
2022-10-03 10:25:44,234,14,3667.25,9999
2022-10-03 10:25:45,185,33,3667.25,10032
2022-10-03 10:25:46,261,-38,3666.75,9994
2022-10-03 10:25:47,148,31,3667.0,10025
2022-10-03 10:25:48,85,-4,3666.75,10021
2022-10-03 10:25:49,268,9,3667.25,10030
2022-10-03 10:25:50,188,49,3667.75,10079
2022-10-03 10:25:51,149,-26,3667.75,10053
2022-10-03 10:25:52,81,6,3667.5,10059
2022-10-03 10:25:53,43,4,3667.5,10063
2022-10-03 10:25:54,30,-2,3667.5,10061
2022-10-03 10:25:55,133,-5,3667.5,10056
2022-10-03 10:25:56,137,1,3667.5,10057
2022-10-03 10:25:57,73,26,3667.5,10083
2022-10-03 10:25:58,70,-12,3667.75,10071
2022-10-03 10:25:59,129,21,3667.5,10092
2022-10-03 10:26:00,52,-28,3667.5,10064
2022-10-03 10:26:01,146,44,3667.5,10108
2022-10-03 10:26:02,125,14,3667.75,10122
2022-10-03 10:26:03,21,5,3667.5,10127
2022-10-03 10:26:04,131,-22,3667.5,10105
2022-10-03 10:26:05,46,-15,3667.5,10090
2022-10-03 10:26:06,393,75,3668.0,10165
2022-10-03 10:26:07,248,53,3668.25,10218
2022-10-03 10:26:08,69,6,3668.25,10224
2022-10-03 10:26:09,44,17,3668.5,10241
2022-10-03 10:26:10,83,-1,3668.5,10240
2022-10-03 10:26:11,35,-14,3668.25,10226
2022-10-03 10:26:12,123,-22,3668.0,10204
2022-10-03 10:26:13,29,7,3668.0,10211
2022-10-03 10:26:14,101,7,3668.0,10218
2022-10-03 10:26:15,392,-28,3667.5,10190
2022-10-03 10:26:16,91,-15,3667.5,10175
2022-10-03 10:26:17,105,-17,3667.25,10158
2022-10-03 10:26:18,42,-5,3667.0,10153
2022-10-03 10:26:19,95,10,3667.5,10163
2022-10-03 10:26:20,42,11,3667.5,10174
2022-10-03 10:26:21,35,-14,3667.5,10160
2022-10-03 10:26:22,53,-4,3667.25,10156
2022-10-03 10:26:23,25,1,3667.0,10157
2022-10-03 10:26:24,127,-67,3666.75,10090
2022-10-03 10:26:25,132,21,3667.0,10111
2022-10-03 10:26:26,62,17,3667.25,10128
2022-10-03 10:26:27,31,-2,3667.25,10126
2022-10-03 10:26:28,66,-29,3667.0,10097
2022-10-03 10:26:29,34,-1,3667.0,10096
2022-10-03 10:26:30,66,13,3667.25,10109
2022-10-03 10:26:31,270,168,3668.0,10277
2022-10-03 10:26:32,68,22,3668.0,10299
2022-10-03 10:26:33,67,12,3668.0,10311
2022-10-03 10:26:34,99,29,3668.5,10340
2022-10-03 10:26:35,317,77,3668.75,10417
2022-10-03 10:26:36,106,22,3669.0,10439
2022-10-03 10:26:37,146,-4,3669.0,10435
2022-10-03 10:26:38,209,54,3669.0,10489
2022-10-03 10:26:39,308,65,3669.5,10554
2022-10-03 10:26:40,82,4,3669.75,10558
2022-10-03 10:26:41,167,-59,3669.5,10499
2022-10-03 10:26:42,59,20,3669.5,10519
2022-10-03 10:26:43,38,8,3669.75,10527
2022-10-03 10:26:44,258,4,3669.75,10531
2022-10-03 10:26:45,199,9,3669.25,10540
2022-10-03 10:26:46,114,0,3669.5,10540
2022-10-03 10:26:47,54,1,3669.5,10541
2022-10-03 10:26:48,281,-71,3669.75,10470
2022-10-03 10:26:49,492,-52,3670.0,10418
2022-10-03 10:26:50,153,-27,3669.0,10391
2022-10-03 10:26:51,108,16,3669.0,10407
2022-10-03 10:26:52,43,10,3669.25,10417
2022-10-03 10:26:53,58,-25,3669.0,10392
2022-10-03 10:26:54,70,12,3669.25,10404
2022-10-03 10:26:55,200,57,3669.25,10461
2022-10-03 10:26:56,136,-32,3669.25,10429
2022-10-03 10:26:57,40,5,3669.25,10434
2022-10-03 10:26:58,30,-24,3669.0,10410
2022-10-03 10:26:59,107,17,3669.25,10427
2022-10-03 10:27:00,1051,362,3670.0,10789
2022-10-03 10:27:01,389,171,3670.75,10960
2022-10-03 10:27:02,391,101,3671.25,11061
2022-10-03 10:27:03,267,46,3671.75,11107
2022-10-03 10:27:04,409,28,3672.75,11135
2022-10-03 10:27:05,202,47,3672.75,11182
2022-10-03 10:27:06,220,-44,3672.75,11138
2022-10-03 10:27:07,155,39,3672.0,11177
2022-10-03 10:27:08,215,6,3672.25,11183
2022-10-03 10:27:09,189,-45,3672.0,11138
2022-10-03 10:27:10,143,-10,3671.5,11128
2022-10-03 10:27:11,182,40,3671.25,11168
2022-10-03 10:27:12,178,-11,3671.25,11157
2022-10-03 10:27:13,50,3,3671.0,11160
2022-10-03 10:27:14,132,-2,3671.25,11158
2022-10-03 10:27:15,91,-6,3671.5,11152
2022-10-03 10:27:16,174,10,3671.75,11162
2022-10-03 10:27:17,125,52,3671.75,11214
2022-10-03 10:27:18,198,57,3672.25,11271
2022-10-03 10:27:19,210,107,3672.25,11378
2022-10-03 10:27:20,144,-29,3672.25,11349
2022-10-03 10:27:21,133,23,3672.0,11372
2022-10-03 10:27:22,119,3,3672.25,11375
2022-10-03 10:27:23,290,211,3672.75,11586
2022-10-03 10:27:24,61,-18,3672.5,11568
2022-10-03 10:27:25,295,70,3673.0,11638
2022-10-03 10:27:26,135,42,3673.5,11680
2022-10-03 10:27:27,118,-1,3673.75,11679
2022-10-03 10:27:28,165,3,3673.5,11682
2022-10-03 10:27:29,229,-99,3673.5,11583
2022-10-03 10:27:30,48,-2,3673.0,11581
2022-10-03 10:27:31,298,37,3673.5,11618
2022-10-03 10:27:32,70,-28,3673.5,11590
2022-10-03 10:27:33,122,1,3673.25,11591
2022-10-03 10:27:34,166,-19,3672.75,11572
2022-10-03 10:27:35,103,-9,3672.5,11563
2022-10-03 10:27:36,171,42,3672.5,11605
2022-10-03 10:27:37,79,5,3672.5,11610
2022-10-03 10:27:38,47,9,3672.5,11619
2022-10-03 10:27:39,34,-7,3672.5,11612
2022-10-03 10:27:40,285,-65,3672.75,11547
2022-10-03 10:27:41,92,-23,3672.0,11524
2022-10-03 10:27:42,90,-35,3672.0,11489
2022-10-03 10:27:43,59,-5,3671.75,11484
2022-10-03 10:27:44,156,20,3672.25,11504
2022-10-03 10:27:45,75,-12,3672.25,11492
2022-10-03 10:27:46,86,2,3672.5,11494
2022-10-03 10:27:47,77,2,3672.0,11496
2022-10-03 10:27:48,46,-4,3672.25,11492
2022-10-03 10:27:49,85,17,3672.5,11509
2022-10-03 10:27:50,33,-4,3672.5,11505
2022-10-03 10:27:51,87,-37,3672.25,11468
2022-10-03 10:27:52,72,-8,3672.0,11460
2022-10-03 10:27:53,152,10,3672.25,11470
2022-10-03 10:27:54,53,-8,3672.5,11462
2022-10-03 10:27:55,79,4,3672.5,11466
2022-10-03 10:27:56,157,-30,3672.75,11436
2022-10-03 10:27:57,66,-34,3672.75,11402
2022-10-03 10:27:58,400,12,3672.75,11414
2022-10-03 10:27:59,59,-21,3672.25,11393
2022-10-03 10:28:00,231,7,3672.25,11400
2022-10-03 10:28:01,144,-8,3672.25,11392
2022-10-03 10:28:02,127,-14,3672.25,11378
2022-10-03 10:28:03,104,21,3672.25,11399
2022-10-03 10:28:04,306,50,3672.25,11449
2022-10-03 10:28:05,89,-24,3671.75,11425
2022-10-03 10:28:06,33,-7,3671.75,11418
2022-10-03 10:28:07,59,1,3671.5,11419
2022-10-03 10:28:08,65,-13,3671.75,11406
2022-10-03 10:28:09,18,-3,3671.75,11403
2022-10-03 10:28:10,92,-20,3671.5,11383
2022-10-03 10:28:11,102,33,3671.75,11416
2022-10-03 10:28:12,144,67,3672.25,11483
2022-10-03 10:28:13,123,12,3672.25,11495
2022-10-03 10:28:14,104,11,3672.0,11506
2022-10-03 10:28:15,102,23,3671.75,11529
2022-10-03 10:28:16,201,47,3672.0,11576
2022-10-03 10:28:17,34,-16,3672.0,11560
2022-10-03 10:28:18,104,0,3671.5,11560
2022-10-03 10:28:19,97,23,3672.0,11583
2022-10-03 10:28:20,118,-8,3672.0,11575
2022-10-03 10:28:21,113,-9,3671.75,11566
2022-10-03 10:28:22,65,10,3672.0,11576
2022-10-03 10:28:23,73,6,3672.25,11582
2022-10-03 10:28:24,14,-1,3672.25,11581
2022-10-03 10:28:25,135,-32,3672.25,11549
2022-10-03 10:28:26,233,-8,3671.75,11541
2022-10-03 10:28:27,44,3,3672.0,11544
2022-10-03 10:28:28,72,4,3672.0,11548
2022-10-03 10:28:29,126,66,3672.25,11614
2022-10-03 10:28:30,92,-45,3672.0,11569
2022-10-03 10:28:31,23,-10,3671.75,11559
2022-10-03 10:28:32,65,0,3671.5,11559
2022-10-03 10:28:33,30,4,3671.5,11563
2022-10-03 10:28:34,48,-14,3671.5,11549
2022-10-03 10:28:35,102,10,3671.75,11559
2022-10-03 10:28:36,110,-11,3671.25,11548
2022-10-03 10:28:37,41,-5,3671.25,11543
2022-10-03 10:28:38,46,-17,3671.25,11526
2022-10-03 10:28:39,91,8,3671.25,11534
2022-10-03 10:28:40,74,-16,3671.25,11518
2022-10-03 10:28:41,76,9,3671.5,11527
2022-10-03 10:28:42,121,-23,3671.5,11504
2022-10-03 10:28:43,164,19,3671.5,11523
2022-10-03 10:28:44,202,-69,3671.0,11454
2022-10-03 10:28:45,125,-10,3670.75,11444
2022-10-03 10:28:46,44,2,3670.75,11446
2022-10-03 10:28:47,20,-3,3670.75,11443
2022-10-03 10:28:48,72,3,3671.25,11446
2022-10-03 10:28:49,65,-20,3671.0,11426
2022-10-03 10:28:50,36,-8,3670.75,11418
2022-10-03 10:28:51,174,-55,3670.25,11363
2022-10-03 10:28:52,220,-37,3669.75,11326
2022-10-03 10:28:53,161,27,3670.5,11353
2022-10-03 10:28:54,34,4,3670.25,11357
2022-10-03 10:28:55,141,-118,3670.25,11239
2022-10-03 10:28:56,234,0,3670.25,11239
2022-10-03 10:28:57,63,10,3670.5,11249
2022-10-03 10:28:58,150,49,3670.75,11298
2022-10-03 10:28:59,133,-43,3670.5,11255
2022-10-03 10:29:00,124,22,3670.25,11277
2022-10-03 10:29:01,91,8,3670.0,11285
2022-10-03 10:29:02,156,-64,3670.0,11221
2022-10-03 10:29:03,201,-72,3669.0,11149
2022-10-03 10:29:04,139,-11,3669.25,11138
2022-10-03 10:29:05,47,3,3669.5,11141
2022-10-03 10:29:06,126,6,3669.75,11147
2022-10-03 10:29:07,167,-16,3669.5,11131
2022-10-03 10:29:08,158,-58,3669.5,11073
2022-10-03 10:29:09,112,23,3669.5,11096
2022-10-03 10:29:10,58,7,3669.5,11103
2022-10-03 10:29:11,76,-6,3669.5,11097
2022-10-03 10:29:12,148,7,3670.0,11104
2022-10-03 10:29:13,123,-23,3670.0,11081
2022-10-03 10:29:14,116,-37,3669.5,11044
2022-10-03 10:29:15,61,7,3669.0,11051
2022-10-03 10:29:16,34,-11,3669.25,11040
2022-10-03 10:29:17,167,12,3669.5,11052
2022-10-03 10:29:18,34,-2,3669.25,11050
2022-10-03 10:29:19,150,-2,3670.0,11048
2022-10-03 10:29:20,66,3,3670.0,11051
2022-10-03 10:29:21,77,-20,3670.0,11031
2022-10-03 10:29:22,58,-4,3670.0,11027
2022-10-03 10:29:23,44,-6,3669.75,11021
2022-10-03 10:29:24,29,-11,3670.0,11010
2022-10-03 10:29:25,55,0,3669.75,11010
2022-10-03 10:29:26,52,1,3669.75,11011
2022-10-03 10:29:27,30,-7,3669.75,11004
2022-10-03 10:29:28,231,37,3670.0,11041
2022-10-03 10:29:29,75,-35,3670.0,11006
2022-10-03 10:29:30,58,-3,3670.25,11003
2022-10-03 10:29:31,162,7,3670.0,11010
2022-10-03 10:29:32,59,17,3670.25,11027
2022-10-03 10:29:33,55,-20,3670.25,11007
2022-10-03 10:29:34,212,-26,3670.25,10981
2022-10-03 10:29:35,125,-24,3670.0,10957
2022-10-03 10:29:36,20,0,3670.0,10957
2022-10-03 10:29:37,367,-55,3670.0,10902
2022-10-03 10:29:38,53,10,3670.0,10912
2022-10-03 10:29:39,134,-23,3669.5,10889
2022-10-03 10:29:40,113,15,3669.75,10904
2022-10-03 10:29:41,18,1,3669.75,10905
2022-10-03 10:29:42,71,20,3670.25,10925
2022-10-03 10:29:43,89,-14,3670.25,10911
2022-10-03 10:29:44,15,0,3670.25,10911
2022-10-03 10:29:45,252,-15,3670.5,10896
2022-10-03 10:29:46,112,47,3670.75,10943
2022-10-03 10:29:47,69,-15,3670.5,10928
2022-10-03 10:29:48,10,-1,3670.75,10927
2022-10-03 10:29:49,106,-10,3670.75,10917
2022-10-03 10:29:50,89,-9,3670.5,10908
2022-10-03 10:29:51,64,-15,3670.0,10893
2022-10-03 10:29:52,203,-71,3670.25,10822
2022-10-03 10:29:53,125,-27,3669.75,10795
2022-10-03 10:29:54,66,-8,3669.5,10787
2022-10-03 10:29:55,49,-8,3669.5,10779
2022-10-03 10:29:56,209,-43,3669.25,10736
2022-10-03 10:29:57,124,-16,3668.75,10720
2022-10-03 10:29:58,68,-15,3668.75,10705
2022-10-03 10:29:59,127,38,3669.0,10743
2022-10-03 10:30:00,370,64,3670.25,10807
2022-10-03 10:30:01,155,15,3670.5,10822
2022-10-03 10:30:02,93,23,3670.75,10845
2022-10-03 10:30:03,142,-15,3671.0,10830
2022-10-03 10:30:04,36,-3,3671.0,10827
2022-10-03 10:30:05,178,-51,3670.75,10776
2022-10-03 10:30:06,161,-24,3670.25,10752
2022-10-03 10:30:07,102,-16,3670.0,10736
2022-10-03 10:30:08,74,-1,3669.75,10735
2022-10-03 10:30:09,44,-10,3670.0,10725
2022-10-03 10:30:10,99,17,3670.25,10742
2022-10-03 10:30:11,29,10,3670.75,10752
2022-10-03 10:30:12,135,3,3671.0,10755
2022-10-03 10:30:13,52,16,3670.75,10771
2022-10-03 10:30:14,68,25,3671.25,10796
2022-10-03 10:30:15,109,-4,3671.25,10792
2022-10-03 10:30:16,114,-18,3671.25,10774
2022-10-03 10:30:17,50,10,3671.25,10784
2022-10-03 10:30:18,66,9,3671.5,10793
2022-10-03 10:30:19,27,-7,3671.25,10786
2022-10-03 10:30:20,67,9,3671.5,10795
2022-10-03 10:30:21,77,13,3671.75,10808
2022-10-03 10:30:22,55,-18,3671.5,10790
2022-10-03 10:30:23,32,1,3671.5,10791
2022-10-03 10:30:24,45,9,3671.25,10800
2022-10-03 10:30:25,50,11,3671.25,10811
2022-10-03 10:30:26,21,16,3671.5,10827
2022-10-03 10:30:27,39,-16,3671.5,10811
2022-10-03 10:30:28,67,14,3671.5,10825
2022-10-03 10:30:29,34,-12,3671.25,10813
2022-10-03 10:30:30,209,10,3671.5,10823
2022-10-03 10:30:31,277,86,3672.0,10909
2022-10-03 10:30:32,162,-24,3672.25,10885
2022-10-03 10:30:33,84,1,3672.25,10886
2022-10-03 10:30:34,127,13,3672.0,10899
2022-10-03 10:30:35,14,5,3671.75,10904
2022-10-03 10:30:36,151,-41,3671.75,10863
2022-10-03 10:30:37,93,-24,3671.0,10839
2022-10-03 10:30:38,79,8,3671.25,10847
2022-10-03 10:30:39,39,2,3671.5,10849
2022-10-03 10:30:40,22,-5,3671.25,10844
2022-10-03 10:30:41,49,-5,3671.25,10839
2022-10-03 10:30:42,24,1,3671.25,10840
2022-10-03 10:30:43,38,-7,3671.25,10833
2022-10-03 10:30:44,24,8,3671.25,10841
2022-10-03 10:30:45,65,8,3671.25,10849
2022-10-03 10:30:46,22,-6,3671.25,10843
2022-10-03 10:30:47,85,-35,3671.0,10808
2022-10-03 10:30:48,54,-1,3670.75,10807
2022-10-03 10:30:49,17,-12,3670.75,10795
2022-10-03 10:30:50,137,27,3671.0,10822
2022-10-03 10:30:51,92,-5,3671.25,10817
2022-10-03 10:30:52,21,13,3671.0,10830
2022-10-03 10:30:53,138,-20,3671.25,10810
2022-10-03 10:30:54,100,48,3671.5,10858
2022-10-03 10:30:55,147,-23,3671.25,10835
2022-10-03 10:30:56,10,0,3671.25,10835
2022-10-03 10:30:57,171,13,3671.5,10848
2022-10-03 10:30:58,36,-9,3671.5,10839
2022-10-03 10:30:59,49,0,3671.5,10839
2022-10-03 10:31:00,88,25,3671.5,10864
2022-10-03 10:31:01,146,-25,3671.75,10839
2022-10-03 10:31:02,40,16,3671.75,10855
2022-10-03 10:31:03,195,14,3672.25,10869
2022-10-03 10:31:04,74,1,3671.75,10870
2022-10-03 10:31:05,82,-11,3671.25,10859
2022-10-03 10:31:06,28,-3,3671.5,10856
2022-10-03 10:31:07,43,13,3671.75,10869
2022-10-03 10:31:08,135,34,3672.0,10903
2022-10-03 10:31:09,80,4,3672.0,10907
2022-10-03 10:31:10,73,-5,3671.75,10902
2022-10-03 10:31:11,26,-1,3671.75,10901
2022-10-03 10:31:12,81,-11,3671.5,10890
2022-10-03 10:31:13,53,-24,3671.5,10866
2022-10-03 10:31:14,164,-71,3671.25,10795
2022-10-03 10:31:15,175,-13,3670.75,10782
2022-10-03 10:31:16,22,-2,3671.0,10780
2022-10-03 10:31:17,69,11,3671.25,10791
2022-10-03 10:31:18,71,-43,3671.0,10748
2022-10-03 10:31:19,40,18,3671.0,10766
2022-10-03 10:31:20,86,4,3671.0,10770
2022-10-03 10:31:21,41,-2,3671.0,10768
2022-10-03 10:31:22,88,-16,3670.75,10752
2022-10-03 10:31:23,69,-5,3670.75,10747
2022-10-03 10:31:24,122,88,3671.25,10835
2022-10-03 10:31:25,97,-23,3671.0,10812
2022-10-03 10:31:26,4,2,3670.75,10814
2022-10-03 10:31:27,39,12,3670.75,10826
2022-10-03 10:31:28,85,-26,3670.5,10800
2022-10-03 10:31:29,126,41,3670.5,10841
2022-10-03 10:31:30,80,20,3671.0,10861
2022-10-03 10:31:31,74,10,3671.5,10871
2022-10-03 10:31:32,55,-19,3671.5,10852
2022-10-03 10:31:33,43,-8,3671.25,10844
2022-10-03 10:31:34,18,2,3671.25,10846
2022-10-03 10:31:35,39,-11,3671.25,10835
2022-10-03 10:31:36,4,0,3671.25,10835
2022-10-03 10:31:37,125,-13,3671.25,10822
2022-10-03 10:31:38,21,11,3671.25,10833
2022-10-03 10:31:39,93,2,3671.25,10835
2022-10-03 10:31:40,157,-9,3671.0,10826
2022-10-03 10:31:41,168,-25,3671.0,10801
2022-10-03 10:31:42,62,13,3671.0,10814
2022-10-03 10:31:43,81,35,3671.5,10849
2022-10-03 10:31:44,115,-10,3671.75,10839
2022-10-03 10:31:45,73,5,3671.5,10844
2022-10-03 10:31:46,26,6,3671.5,10850
2022-10-03 10:31:47,180,33,3671.5,10883
2022-10-03 10:31:48,5,-1,3671.5,10882
2022-10-03 10:31:49,231,-37,3672.0,10845
2022-10-03 10:31:50,153,-6,3671.5,10839
2022-10-03 10:31:51,27,2,3671.5,10841
2022-10-03 10:31:52,18,-13,3671.5,10828
2022-10-03 10:31:53,10,-3,3671.75,10825
2022-10-03 10:31:54,146,29,3672.0,10854
2022-10-03 10:31:55,139,-43,3671.75,10811
2022-10-03 10:31:56,231,-40,3671.5,10771
2022-10-03 10:31:57,257,-62,3671.25,10709
2022-10-03 10:31:58,22,4,3670.5,10713
2022-10-03 10:31:59,93,22,3670.75,10735
2022-10-03 10:32:00,247,-31,3671.0,10704
2022-10-03 10:32:01,322,-123,3670.5,10581
2022-10-03 10:32:02,38,2,3670.0,10583
2022-10-03 10:32:03,175,-26,3670.0,10557
2022-10-03 10:32:04,209,-8,3669.75,10549
2022-10-03 10:32:05,283,-117,3669.75,10432
2022-10-03 10:32:06,199,-12,3668.75,10420
2022-10-03 10:32:07,269,17,3669.0,10437
2022-10-03 10:32:08,62,-7,3668.75,10430
2022-10-03 10:32:09,171,-1,3669.25,10429
2022-10-03 10:32:10,59,3,3669.0,10432
2022-10-03 10:32:11,74,-15,3669.0,10417
2022-10-03 10:32:12,38,-11,3669.0,10406
2022-10-03 10:32:13,66,-38,3668.75,10368
2022-10-03 10:32:14,116,-18,3668.75,10350
2022-10-03 10:32:15,96,-2,3668.75,10348
2022-10-03 10:32:16,95,-21,3668.5,10327
2022-10-03 10:32:17,125,-121,3668.25,10206
2022-10-03 10:32:18,181,-37,3668.25,10169
2022-10-03 10:32:19,47,-5,3668.0,10164
2022-10-03 10:32:20,99,36,3668.25,10200
2022-10-03 10:32:21,41,-13,3668.5,10187
2022-10-03 10:32:22,177,3,3668.5,10190
2022-10-03 10:32:23,138,21,3668.75,10211
2022-10-03 10:32:24,170,35,3669.0,10246
2022-10-03 10:32:25,58,-5,3669.0,10241
2022-10-03 10:32:26,41,5,3668.75,10246
2022-10-03 10:32:27,44,-20,3668.75,10226
2022-10-03 10:32:28,42,-10,3668.75,10216
2022-10-03 10:32:29,155,-9,3669.25,10207
2022-10-03 10:32:30,162,-95,3669.0,10112
2022-10-03 10:32:31,62,-20,3669.0,10092
2022-10-03 10:32:32,99,-5,3668.25,10087
2022-10-03 10:32:33,47,-17,3668.5,10070
2022-10-03 10:32:34,51,-10,3668.5,10060
2022-10-03 10:32:35,66,-6,3668.0,10054
2022-10-03 10:32:36,38,-2,3668.25,10052
2022-10-03 10:32:37,23,-11,3668.0,10041
2022-10-03 10:32:38,60,3,3668.5,10044
2022-10-03 10:32:39,22,12,3668.25,10056
2022-10-03 10:32:40,89,11,3668.75,10067
2022-10-03 10:32:41,86,7,3669.25,10074
2022-10-03 10:32:42,8,-8,3669.0,10066
2022-10-03 10:32:43,141,25,3669.75,10091
2022-10-03 10:32:44,40,12,3669.5,10103
2022-10-03 10:32:45,139,35,3669.75,10138
2022-10-03 10:32:46,45,0,3669.75,10138
2022-10-03 10:32:47,100,18,3669.75,10156
2022-10-03 10:32:48,49,-9,3669.75,10147
2022-10-03 10:32:49,147,14,3669.5,10161
2022-10-03 10:32:50,77,-13,3669.5,10148
2022-10-03 10:32:51,98,-27,3669.5,10121
2022-10-03 10:32:52,57,-4,3669.25,10117
2022-10-03 10:32:53,17,1,3669.0,10118
2022-10-03 10:32:54,51,-3,3668.75,10115
2022-10-03 10:32:55,72,15,3669.25,10130
2022-10-03 10:32:56,10,-10,3669.25,10120
2022-10-03 10:32:57,9,-5,3669.0,10115
2022-10-03 10:32:58,34,-2,3668.75,10113
2022-10-03 10:32:59,65,-7,3669.0,10106
2022-10-03 10:33:00,109,27,3669.0,10133
2022-10-03 10:33:01,60,-13,3668.75,10120
2022-10-03 10:33:02,87,-1,3668.75,10119
2022-10-03 10:33:03,29,2,3669.25,10121
2022-10-03 10:33:04,72,-2,3669.0,10119
2022-10-03 10:33:05,90,-35,3669.0,10084
2022-10-03 10:33:06,56,10,3668.25,10094
2022-10-03 10:33:07,28,12,3668.5,10106
2022-10-03 10:33:08,61,-35,3668.25,10071
2022-10-03 10:33:09,108,-41,3668.0,10030
2022-10-03 10:33:10,76,19,3668.25,10049
2022-10-03 10:33:11,84,34,3668.5,10083
2022-10-03 10:33:12,96,21,3668.75,10104
2022-10-03 10:33:13,48,-11,3668.75,10093
2022-10-03 10:33:14,54,-18,3668.75,10075
2022-10-03 10:33:15,32,-17,3668.5,10058
2022-10-03 10:33:16,79,-10,3668.25,10048
2022-10-03 10:33:17,40,-7,3668.25,10041
2022-10-03 10:33:18,54,-2,3668.25,10039
2022-10-03 10:33:19,72,15,3668.5,10054
2022-10-03 10:33:20,28,3,3668.5,10057
2022-10-03 10:33:21,28,-8,3668.75,10049
2022-10-03 10:33:22,45,13,3668.75,10062
2022-10-03 10:33:23,34,4,3668.75,10066
2022-10-03 10:33:24,45,14,3668.75,10080
2022-10-03 10:33:25,56,16,3668.75,10096
2022-10-03 10:33:26,66,31,3669.0,10127
2022-10-03 10:33:27,102,7,3669.25,10134
2022-10-03 10:33:28,16,-12,3669.25,10122
2022-10-03 10:33:29,61,-23,3668.75,10099
2022-10-03 10:33:30,106,18,3669.0,10117
2022-10-03 10:33:31,79,1,3669.0,10118
2022-10-03 10:33:32,440,-129,3668.75,9989
2022-10-03 10:33:33,208,-86,3668.0,9903
2022-10-03 10:33:34,93,12,3668.25,9915
2022-10-03 10:33:35,62,-5,3668.5,9910
2022-10-03 10:33:36,68,-10,3668.5,9900
2022-10-03 10:33:37,43,21,3668.5,9921
2022-10-03 10:33:38,101,-15,3668.5,9906
2022-10-03 10:33:39,51,2,3668.25,9908
2022-10-03 10:33:40,151,-53,3668.25,9855
2022-10-03 10:33:41,99,-24,3668.0,9831
2022-10-03 10:33:42,164,-73,3668.0,9758
2022-10-03 10:33:43,61,7,3667.75,9765
2022-10-03 10:33:44,178,24,3668.0,9789
2022-10-03 10:33:45,44,-14,3668.25,9775
2022-10-03 10:33:46,30,4,3668.0,9779
2022-10-03 10:33:47,153,0,3668.25,9779
2022-10-03 10:33:48,97,0,3668.25,9779
2022-10-03 10:33:49,115,38,3669.0,9817
2022-10-03 10:33:50,86,-19,3669.0,9798
2022-10-03 10:33:51,84,24,3669.0,9822
2022-10-03 10:33:52,205,74,3669.75,9896
2022-10-03 10:33:53,53,-21,3669.75,9875
2022-10-03 10:33:54,129,-10,3669.75,9865
2022-10-03 10:33:55,95,9,3670.0,9874
2022-10-03 10:33:56,252,-2,3670.0,9872
2022-10-03 10:33:57,66,4,3670.0,9876
2022-10-03 10:33:58,252,54,3670.0,9930
2022-10-03 10:33:59,213,32,3670.0,9962
2022-10-03 10:34:00,97,-1,3669.75,9961
2022-10-03 10:34:01,94,-13,3669.5,9948
2022-10-03 10:34:02,35,-1,3669.25,9947
2022-10-03 10:34:03,113,31,3669.75,9978
2022-10-03 10:34:04,313,137,3670.0,10115
2022-10-03 10:34:05,115,64,3670.0,10179
2022-10-03 10:34:06,42,28,3670.0,10207
2022-10-03 10:34:07,177,-6,3670.0,10201
2022-10-03 10:34:08,54,-3,3669.75,10198
2022-10-03 10:34:09,116,17,3669.75,10215
2022-10-03 10:34:10,31,-7,3670.0,10208
2022-10-03 10:34:11,61,14,3669.75,10222
2022-10-03 10:34:12,17,11,3670.0,10233
2022-10-03 10:34:13,7,-2,3670.0,10231
2022-10-03 10:34:14,109,76,3670.0,10307
2022-10-03 10:34:15,3,3,3670.0,10310
2022-10-03 10:34:16,102,34,3670.0,10344
2022-10-03 10:34:17,89,-35,3669.75,10309
2022-10-03 10:34:18,103,68,3670.0,10377
2022-10-03 10:34:19,127,-37,3670.0,10340
2022-10-03 10:34:20,20,9,3669.75,10349
2022-10-03 10:34:21,300,85,3670.0,10434
2022-10-03 10:34:22,65,-25,3670.0,10409
2022-10-03 10:34:23,172,-65,3670.0,10344
2022-10-03 10:34:24,158,-43,3669.5,10301
2022-10-03 10:34:25,163,23,3670.0,10324
2022-10-03 10:34:26,18,4,3669.75,10328
2022-10-03 10:34:27,106,43,3669.75,10371
2022-10-03 10:34:28,49,-1,3669.75,10370
2022-10-03 10:34:29,105,-27,3669.75,10343
2022-10-03 10:34:30,169,-90,3669.5,10253
2022-10-03 10:34:31,209,90,3669.25,10343
2022-10-03 10:34:32,387,-67,3668.75,10276
2022-10-03 10:34:33,42,0,3668.25,10276
2022-10-03 10:34:34,79,26,3668.5,10302
2022-10-03 10:34:35,47,-8,3668.5,10294
2022-10-03 10:34:36,71,-19,3668.25,10275
2022-10-03 10:34:37,38,3,3668.5,10278
2022-10-03 10:34:38,99,16,3669.0,10294
2022-10-03 10:34:39,54,-23,3669.0,10271
2022-10-03 10:34:40,105,-6,3668.75,10265
2022-10-03 10:34:41,63,8,3668.75,10273
2022-10-03 10:34:42,104,-16,3668.75,10257
2022-10-03 10:34:43,97,-10,3668.75,10247
2022-10-03 10:34:44,37,-21,3668.75,10226
2022-10-03 10:34:45,92,27,3669.0,10253
2022-10-03 10:34:46,93,20,3669.25,10273
2022-10-03 10:34:47,97,-17,3669.0,10256
2022-10-03 10:34:48,58,-9,3669.0,10247
2022-10-03 10:34:49,27,11,3669.0,10258
2022-10-03 10:34:50,95,-6,3669.0,10252
2022-10-03 10:34:51,34,-1,3669.25,10251
2022-10-03 10:34:52,34,2,3669.25,10253
2022-10-03 10:34:53,36,8,3669.5,10261
2022-10-03 10:34:54,55,15,3669.5,10276
2022-10-03 10:34:55,67,25,3669.5,10301
2022-10-03 10:34:56,32,16,3669.5,10317
2022-10-03 10:34:57,254,118,3669.75,10435
2022-10-03 10:34:58,120,73,3669.75,10508
2022-10-03 10:34:59,203,39,3669.75,10547
2022-10-03 10:35:00,125,61,3669.75,10608
2022-10-03 10:35:01,654,83,3670.0,10691
2022-10-03 10:35:02,228,165,3670.0,10856
2022-10-03 10:35:03,234,142,3670.0,10998
2022-10-03 10:35:04,141,96,3670.0,11094
2022-10-03 10:35:05,334,34,3670.0,11128
2022-10-03 10:35:06,154,8,3670.0,11136
2022-10-03 10:35:07,138,64,3670.0,11200
2022-10-03 10:35:08,82,53,3670.0,11253
2022-10-03 10:35:09,178,-1,3670.0,11252
2022-10-03 10:35:10,113,25,3670.0,11277
2022-10-03 10:35:11,69,11,3670.0,11288
2022-10-03 10:35:12,63,8,3670.0,11296
2022-10-03 10:35:13,79,-11,3670.0,11285
2022-10-03 10:35:14,155,104,3670.0,11389
2022-10-03 10:35:15,210,128,3670.0,11517
2022-10-03 10:35:16,135,108,3670.0,11625
2022-10-03 10:35:17,141,101,3670.0,11726
2022-10-03 10:35:18,62,23,3670.0,11749
2022-10-03 10:35:19,47,3,3670.0,11752
2022-10-03 10:35:20,95,68,3670.0,11820
2022-10-03 10:35:21,79,-24,3670.0,11796
2022-10-03 10:35:22,180,93,3670.0,11889
2022-10-03 10:35:23,161,109,3670.0,11998
2022-10-03 10:35:24,189,120,3670.0,12118
2022-10-03 10:35:25,53,47,3670.0,12165
2022-10-03 10:35:26,105,68,3670.0,12233
2022-10-03 10:35:27,133,-37,3670.0,12196
2022-10-03 10:35:28,120,79,3669.75,12275
2022-10-03 10:35:29,44,21,3669.75,12296
2022-10-03 10:35:30,115,53,3669.75,12349
2022-10-03 10:35:31,130,9,3669.75,12358
2022-10-03 10:35:32,75,-32,3669.75,12326
2022-10-03 10:35:33,136,-42,3669.5,12284
2022-10-03 10:35:34,15,10,3669.5,12294
2022-10-03 10:35:35,86,-26,3669.75,12268
2022-10-03 10:35:36,675,195,3670.0,12463
2022-10-03 10:35:37,299,-59,3669.5,12404
2022-10-03 10:35:38,21,2,3669.25,12406
2022-10-03 10:35:39,382,-40,3669.0,12366
2022-10-03 10:35:40,63,24,3669.25,12390
2022-10-03 10:35:41,14,-5,3669.25,12385
2022-10-03 10:35:42,79,8,3669.5,12393
2022-10-03 10:35:43,72,20,3669.5,12413
2022-10-03 10:35:44,100,-1,3669.75,12412
2022-10-03 10:35:45,27,-2,3669.5,12410
2022-10-03 10:35:46,31,17,3669.5,12427
2022-10-03 10:35:47,86,17,3670.0,12444
2022-10-03 10:35:48,15,7,3670.0,12451
2022-10-03 10:35:49,32,23,3670.0,12474
2022-10-03 10:35:50,175,-33,3670.0,12441
2022-10-03 10:35:51,45,25,3669.75,12466
2022-10-03 10:35:52,29,-10,3670.0,12456
2022-10-03 10:35:53,214,-39,3669.75,12417
2022-10-03 10:35:54,215,86,3670.0,12503
2022-10-03 10:35:55,180,114,3670.0,12617
2022-10-03 10:35:56,60,42,3670.0,12659
2022-10-03 10:35:57,52,14,3670.0,12673
2022-10-03 10:35:58,129,-34,3670.0,12639
2022-10-03 10:35:59,28,20,3670.0,12659
2022-10-03 10:36:00,1424,604,3672.0,13263
2022-10-03 10:36:01,184,44,3671.0,13307
2022-10-03 10:36:02,123,61,3670.75,13368
2022-10-03 10:36:03,117,-56,3670.5,13312
2022-10-03 10:36:04,255,-88,3669.75,13224
2022-10-03 10:36:05,103,36,3670.25,13260
2022-10-03 10:36:06,316,0,3670.25,13260
2022-10-03 10:36:07,59,12,3669.75,13272
2022-10-03 10:36:08,57,33,3670.25,13305
2022-10-03 10:36:09,122,18,3670.25,13323
2022-10-03 10:36:10,421,-103,3670.25,13220
2022-10-03 10:36:11,288,-77,3669.5,13143
2022-10-03 10:36:12,113,-49,3668.5,13094
2022-10-03 10:36:13,160,-14,3668.25,13080
2022-10-03 10:36:14,302,72,3668.75,13152
2022-10-03 10:36:15,174,23,3669.5,13175
2022-10-03 10:36:16,330,44,3670.0,13219
2022-10-03 10:36:17,112,24,3670.0,13243
2022-10-03 10:36:18,96,-26,3669.75,13217
2022-10-03 10:36:19,62,-12,3669.75,13205
2022-10-03 10:36:20,35,18,3669.75,13223
2022-10-03 10:36:21,29,13,3670.0,13236
2022-10-03 10:36:22,200,62,3670.0,13298
2022-10-03 10:36:23,193,110,3670.5,13408
2022-10-03 10:36:24,25,20,3670.25,13428
2022-10-03 10:36:25,230,-28,3670.25,13400
2022-10-03 10:36:26,92,26,3670.25,13426
2022-10-03 10:36:27,132,-15,3670.25,13411
2022-10-03 10:36:28,19,12,3670.25,13423
2022-10-03 10:36:29,15,8,3670.25,13431
2022-10-03 10:36:30,33,-12,3670.5,13419
2022-10-03 10:36:31,81,-2,3670.25,13417
2022-10-03 10:36:32,35,1,3670.25,13418
2022-10-03 10:36:33,60,26,3670.5,13444
2022-10-03 10:36:34,76,-10,3670.75,13434
2022-10-03 10:36:35,63,0,3671.0,13434
2022-10-03 10:36:36,50,11,3671.0,13445
2022-10-03 10:36:37,676,-252,3671.0,13193
2022-10-03 10:36:38,164,16,3670.5,13209
2022-10-03 10:36:39,118,-14,3670.75,13195
2022-10-03 10:36:40,128,-21,3671.0,13174
2022-10-03 10:36:41,508,-149,3670.5,13025
2022-10-03 10:36:42,15,-8,3669.75,13017
2022-10-03 10:36:43,83,-26,3669.75,12991
2022-10-03 10:36:44,230,-6,3669.25,12985
2022-10-03 10:36:45,122,-5,3669.25,12980
2022-10-03 10:36:46,110,29,3669.25,13009
2022-10-03 10:36:47,91,-5,3669.25,13004
2022-10-03 10:36:48,96,-29,3669.5,12975
2022-10-03 10:36:49,34,12,3669.75,12987
2022-10-03 10:36:50,51,7,3669.75,12994
2022-10-03 10:36:51,49,-11,3669.75,12983
2022-10-03 10:36:52,87,-24,3669.5,12959
2022-10-03 10:36:53,54,4,3669.25,12963
2022-10-03 10:36:54,181,85,3669.75,13048
2022-10-03 10:36:55,72,37,3669.75,13085
2022-10-03 10:36:56,116,-37,3669.75,13048
2022-10-03 10:36:57,27,16,3669.75,13064
2022-10-03 10:36:58,37,23,3669.75,13087
2022-10-03 10:36:59,8,8,3669.75,13095
2022-10-03 10:37:00,135,57,3669.75,13152
2022-10-03 10:37:01,234,40,3669.75,13192
2022-10-03 10:37:02,70,-44,3669.25,13148
2022-10-03 10:37:03,93,33,3669.75,13181
2022-10-03 10:37:04,103,45,3669.75,13226
2022-10-03 10:37:05,502,90,3670.0,13316
2022-10-03 10:37:06,83,-57,3669.5,13259
2022-10-03 10:37:07,154,1,3669.5,13260
2022-10-03 10:37:08,94,-14,3669.25,13246
2022-10-03 10:37:09,86,28,3669.25,13274
2022-10-03 10:37:10,68,2,3669.5,13276
2022-10-03 10:37:11,214,-81,3669.0,13195
2022-10-03 10:37:12,61,19,3668.75,13214
2022-10-03 10:37:13,178,-1,3669.25,13213
2022-10-03 10:37:14,44,28,3669.25,13241
2022-10-03 10:37:15,2,2,3669.25,13243
2022-10-03 10:37:16,51,-25,3669.25,13218
2022-10-03 10:37:17,237,3,3669.5,13221
2022-10-03 10:37:18,81,-13,3669.5,13208
2022-10-03 10:37:19,90,-30,3669.25,13178
2022-10-03 10:37:20,19,-11,3669.0,13167
2022-10-03 10:37:21,37,19,3669.0,13186
2022-10-03 10:37:22,91,-4,3669.0,13182
2022-10-03 10:37:23,36,13,3669.25,13195
2022-10-03 10:37:24,193,69,3669.5,13264
2022-10-03 10:37:25,23,9,3669.5,13273
2022-10-03 10:37:26,72,-27,3669.5,13246
2022-10-03 10:37:27,1,-1,3669.0,13245
2022-10-03 10:37:28,103,-13,3669.25,13232
2022-10-03 10:37:29,19,8,3669.0,13240
2022-10-03 10:37:30,65,24,3669.5,13264
2022-10-03 10:37:31,140,82,3670.0,13346
2022-10-03 10:37:32,100,74,3670.0,13420
2022-10-03 10:37:33,145,107,3670.0,13527
2022-10-03 10:37:34,36,23,3670.0,13550
2022-10-03 10:37:35,7,5,3670.0,13555
2022-10-03 10:37:36,102,-29,3670.0,13526
2022-10-03 10:37:37,1,1,3670.0,13527
2022-10-03 10:37:38,95,-36,3670.0,13491
2022-10-03 10:37:39,119,-12,3669.5,13479
2022-10-03 10:37:40,130,-14,3669.5,13465
2022-10-03 10:37:41,20,-3,3669.25,13462
2022-10-03 10:37:42,19,15,3669.25,13477
2022-10-03 10:37:43,80,-9,3669.25,13468
2022-10-03 10:37:44,146,47,3669.75,13515
2022-10-03 10:37:45,818,425,3671.0,13940
2022-10-03 10:37:46,206,-51,3670.75,13889
2022-10-03 10:37:47,54,-14,3670.25,13875
2022-10-03 10:37:48,33,17,3670.0,13892
2022-10-03 10:37:49,105,-15,3670.0,13877
2022-10-03 10:37:50,60,-18,3670.0,13859
2022-10-03 10:37:51,155,-19,3669.5,13840
2022-10-03 10:37:52,147,-8,3668.75,13832
2022-10-03 10:37:53,315,-91,3668.25,13741
2022-10-03 10:37:54,151,-16,3667.75,13725
2022-10-03 10:37:55,245,27,3667.75,13752
2022-10-03 10:37:56,159,16,3667.75,13768
2022-10-03 10:37:57,216,-33,3667.75,13735
2022-10-03 10:37:58,87,-15,3667.5,13720
2022-10-03 10:37:59,69,-8,3667.0,13712
2022-10-03 10:38:00,86,-5,3667.25,13707
2022-10-03 10:38:01,309,-134,3666.75,13573
2022-10-03 10:38:02,535,-159,3666.25,13414
2022-10-03 10:38:03,290,-26,3665.5,13388
2022-10-03 10:38:04,48,-9,3665.75,13379
2022-10-03 10:38:05,163,3,3665.75,13382
2022-10-03 10:38:06,95,-13,3665.5,13369
2022-10-03 10:38:07,164,45,3665.75,13414
2022-10-03 10:38:08,89,14,3665.75,13428
2022-10-03 10:38:09,136,16,3666.0,13444
2022-10-03 10:38:10,110,-18,3666.0,13426
2022-10-03 10:38:11,138,-52,3666.0,13374
2022-10-03 10:38:12,61,-28,3665.5,13346
2022-10-03 10:38:13,29,-7,3665.5,13339
2022-10-03 10:38:14,195,45,3665.75,13384
2022-10-03 10:38:15,134,-7,3665.75,13377
2022-10-03 10:38:16,101,-19,3665.75,13358
2022-10-03 10:38:17,101,-33,3665.5,13325
2022-10-03 10:38:18,107,38,3665.25,13363
2022-10-03 10:38:19,182,11,3665.25,13374
2022-10-03 10:38:20,153,1,3665.5,13375
2022-10-03 10:38:21,91,-56,3665.5,13319
2022-10-03 10:38:22,27,8,3665.5,13327
2022-10-03 10:38:23,71,14,3665.75,13341
2022-10-03 10:38:24,277,153,3666.25,13494
2022-10-03 10:38:25,42,2,3666.0,13496
2022-10-03 10:38:26,29,15,3666.0,13511
2022-10-03 10:38:27,122,17,3666.5,13528
2022-10-03 10:38:28,308,-166,3666.25,13362
2022-10-03 10:38:29,54,-5,3665.75,13357
2022-10-03 10:38:30,45,-7,3665.5,13350
2022-10-03 10:38:31,61,-35,3665.75,13315
2022-10-03 10:38:32,56,16,3665.5,13331
2022-10-03 10:38:33,52,-27,3665.25,13304
2022-10-03 10:38:34,107,37,3665.75,13341
2022-10-03 10:38:35,57,-12,3665.5,13329
2022-10-03 10:38:36,57,44,3665.75,13373
2022-10-03 10:38:37,91,-3,3665.75,13370
2022-10-03 10:38:38,61,-22,3665.5,13348
2022-10-03 10:38:39,91,39,3665.75,13387
2022-10-03 10:38:40,69,-11,3665.75,13376
2022-10-03 10:38:41,96,-30,3666.0,13346
2022-10-03 10:38:42,34,1,3665.75,13347
2022-10-03 10:38:43,58,-8,3665.75,13339
2022-10-03 10:38:44,103,-4,3666.0,13335
2022-10-03 10:38:45,18,2,3666.25,13337
2022-10-03 10:38:46,96,-20,3666.25,13317
2022-10-03 10:38:47,64,5,3666.25,13322
2022-10-03 10:38:48,73,-8,3666.25,13314
2022-10-03 10:38:49,36,-6,3666.25,13308
2022-10-03 10:38:50,77,11,3666.5,13319
2022-10-03 10:38:51,24,0,3666.5,13319
2022-10-03 10:38:52,106,18,3667.0,13337
2022-10-03 10:38:53,49,-7,3666.75,13330
2022-10-03 10:38:54,167,30,3667.0,13360
2022-10-03 10:38:55,172,-13,3666.75,13347
2022-10-03 10:38:56,3,-1,3666.25,13346
2022-10-03 10:38:57,51,-28,3666.5,13318
2022-10-03 10:38:58,76,4,3666.5,13322
2022-10-03 10:38:59,23,-12,3666.5,13310
2022-10-03 10:39:00,113,-21,3666.75,13289
2022-10-03 10:39:01,28,-5,3666.25,13284
2022-10-03 10:39:02,67,-19,3666.0,13265
2022-10-03 10:39:03,29,-10,3666.0,13255
2022-10-03 10:39:04,37,7,3666.0,13262
2022-10-03 10:39:05,71,-16,3665.75,13246
2022-10-03 10:39:06,127,-42,3665.75,13204
2022-10-03 10:39:07,217,-66,3665.75,13138
2022-10-03 10:39:08,286,-121,3665.0,13017
2022-10-03 10:39:09,72,-1,3664.75,13016
2022-10-03 10:39:10,64,-36,3664.75,12980
2022-10-03 10:39:11,156,34,3664.75,13014
2022-10-03 10:39:12,149,19,3665.0,13033
2022-10-03 10:39:13,72,-15,3665.0,13018
2022-10-03 10:39:14,44,-25,3664.75,12993
2022-10-03 10:39:15,116,-4,3665.25,12989
2022-10-03 10:39:16,35,-4,3665.25,12985
2022-10-03 10:39:17,324,-74,3665.0,12911
2022-10-03 10:39:18,123,35,3664.75,12946
2022-10-03 10:39:19,132,14,3665.5,12960
2022-10-03 10:39:20,138,-47,3665.5,12913
2022-10-03 10:39:21,128,-6,3665.0,12907
2022-10-03 10:39:22,166,64,3664.75,12971
2022-10-03 10:39:23,122,38,3664.75,13009
2022-10-03 10:39:24,220,71,3665.25,13080
2022-10-03 10:39:25,37,3,3665.25,13083
2022-10-03 10:39:26,25,3,3665.5,13086
2022-10-03 10:39:27,82,-1,3666.0,13085
2022-10-03 10:39:28,47,-3,3666.0,13082
2022-10-03 10:39:29,54,3,3665.75,13085
2022-10-03 10:39:30,64,-25,3665.75,13060
2022-10-03 10:39:31,5,-3,3665.5,13057
2022-10-03 10:39:32,67,21,3665.75,13078
2022-10-03 10:39:33,55,7,3666.25,13085
2022-10-03 10:39:34,14,0,3666.0,13085
2022-10-03 10:39:35,54,-2,3666.25,13083
2022-10-03 10:39:36,48,-25,3666.0,13058
2022-10-03 10:39:37,67,-30,3665.5,13028
2022-10-03 10:39:38,61,8,3665.25,13036
2022-10-03 10:39:39,36,3,3665.5,13039
2022-10-03 10:39:40,108,32,3665.75,13071
2022-10-03 10:39:41,22,-3,3665.5,13068
2022-10-03 10:39:42,36,-3,3665.5,13065
2022-10-03 10:39:43,111,56,3666.0,13121
2022-10-03 10:39:44,93,6,3666.0,13127
2022-10-03 10:39:45,15,8,3666.0,13135
2022-10-03 10:39:46,16,-2,3666.0,13133
2022-10-03 10:39:47,43,-4,3666.0,13129
2022-10-03 10:39:48,46,14,3666.25,13143
2022-10-03 10:39:49,81,11,3666.5,13154
2022-10-03 10:39:50,18,-7,3666.5,13147
2022-10-03 10:39:51,52,-20,3666.25,13127
2022-10-03 10:39:52,41,3,3666.5,13130
2022-10-03 10:39:53,14,5,3666.5,13135
2022-10-03 10:39:54,67,-3,3666.25,13132
2022-10-03 10:39:55,14,4,3666.25,13136
2022-10-03 10:39:56,29,13,3666.5,13149
2022-10-03 10:39:57,46,-18,3666.25,13131
2022-10-03 10:39:58,35,6,3666.75,13137
2022-10-03 10:39:59,185,43,3667.5,13180
2022-10-03 10:40:00,127,-13,3667.5,13167
2022-10-03 10:40:01,77,-2,3667.0,13165
2022-10-03 10:40:02,104,-2,3667.0,13163
2022-10-03 10:40:03,23,-2,3666.5,13161
2022-10-03 10:40:04,42,1,3667.0,13162
2022-10-03 10:40:05,59,-14,3667.0,13148
2022-10-03 10:40:06,144,-31,3666.25,13117
2022-10-03 10:40:07,43,-6,3666.0,13111
2022-10-03 10:40:08,19,-10,3666.0,13101
2022-10-03 10:40:09,36,9,3666.25,13110
2022-10-03 10:40:10,122,-14,3666.25,13096
2022-10-03 10:40:11,25,-15,3665.75,13081
2022-10-03 10:40:12,91,-17,3665.5,13064
2022-10-03 10:40:13,97,-20,3665.75,13044
2022-10-03 10:40:14,58,5,3665.5,13049
2022-10-03 10:40:15,16,-2,3665.75,13047
2022-10-03 10:40:16,42,7,3665.5,13054
2022-10-03 10:40:17,61,-5,3665.5,13049
2022-10-03 10:40:18,119,-28,3665.5,13021
2022-10-03 10:40:19,44,-3,3665.5,13018
2022-10-03 10:40:20,60,5,3665.5,13023
2022-10-03 10:40:21,1,-1,3665.5,13022
2022-10-03 10:40:22,56,-10,3665.5,13012
2022-10-03 10:40:23,39,-7,3665.75,13005
2022-10-03 10:40:24,35,23,3666.25,13028
2022-10-03 10:40:25,54,-8,3666.25,13020
2022-10-03 10:40:26,38,0,3666.0,13020
2022-10-03 10:40:27,155,76,3666.25,13096
2022-10-03 10:40:28,41,-22,3666.0,13074
2022-10-03 10:40:29,117,-31,3666.0,13043
2022-10-03 10:40:30,40,19,3666.5,13062
2022-10-03 10:40:31,51,1,3666.75,13063
2022-10-03 10:40:32,24,-9,3666.75,13054
2022-10-03 10:40:33,33,-4,3666.25,13050
2022-10-03 10:40:34,62,19,3666.75,13069
2022-10-03 10:40:35,93,15,3666.75,13084
2022-10-03 10:40:36,90,-16,3666.5,13068
2022-10-03 10:40:37,40,0,3666.75,13068
2022-10-03 10:40:38,39,6,3666.75,13074
2022-10-03 10:40:39,125,-11,3666.5,13063
2022-10-03 10:40:40,137,63,3666.75,13126
2022-10-03 10:40:41,222,-113,3666.75,13013
2022-10-03 10:40:42,138,82,3666.75,13095
2022-10-03 10:40:43,82,27,3667.25,13122
2022-10-03 10:40:44,222,-95,3667.25,13027
2022-10-03 10:40:45,5,5,3667.0,13032
2022-10-03 10:40:46,74,15,3667.25,13047
2022-10-03 10:40:47,114,-21,3667.5,13026
2022-10-03 10:40:48,53,1,3667.5,13027
2022-10-03 10:40:49,140,43,3668.25,13070
2022-10-03 10:40:50,34,-3,3668.25,13067
2022-10-03 10:40:51,148,-11,3668.0,13056
2022-10-03 10:40:52,51,20,3667.75,13076
2022-10-03 10:40:53,92,31,3668.25,13107
2022-10-03 10:40:54,25,16,3668.25,13123
2022-10-03 10:40:55,100,6,3668.25,13129
2022-10-03 10:40:56,23,6,3668.0,13135
2022-10-03 10:40:57,56,4,3668.0,13139
2022-10-03 10:40:58,111,3,3667.75,13142
2022-10-03 10:40:59,82,-7,3667.5,13135
2022-10-03 10:41:00,260,-47,3666.75,13088
2022-10-03 10:41:01,135,-22,3666.5,13066
2022-10-03 10:41:02,93,-24,3666.25,13042
2022-10-03 10:41:03,72,35,3666.75,13077
2022-10-03 10:41:04,32,-2,3666.75,13075
2022-10-03 10:41:05,29,-2,3666.75,13073
2022-10-03 10:41:06,83,40,3666.5,13113
2022-10-03 10:41:07,52,8,3666.5,13121
2022-10-03 10:41:08,57,28,3666.5,13149
2022-10-03 10:41:09,54,-9,3666.5,13140
2022-10-03 10:41:10,31,4,3666.25,13144
2022-10-03 10:41:11,30,-16,3666.5,13128
2022-10-03 10:41:12,123,-4,3666.5,13124
2022-10-03 10:41:13,79,12,3666.75,13136
2022-10-03 10:41:14,52,21,3667.25,13157
2022-10-03 10:41:15,28,2,3667.5,13159
2022-10-03 10:41:16,15,-12,3667.5,13147
2022-10-03 10:41:17,44,21,3667.0,13168
2022-10-03 10:41:18,40,-8,3667.25,13160
2022-10-03 10:41:19,69,12,3666.5,13172
2022-10-03 10:41:20,57,10,3667.25,13182
2022-10-03 10:41:21,23,14,3667.25,13196
2022-10-03 10:41:22,55,-27,3667.0,13169
2022-10-03 10:41:23,100,16,3666.5,13185
2022-10-03 10:41:24,21,17,3666.5,13202
2022-10-03 10:41:25,174,-31,3666.5,13171
2022-10-03 10:41:26,14,10,3666.0,13181
2022-10-03 10:41:27,87,-5,3666.25,13176
2022-10-03 10:41:28,47,6,3666.5,13182
2022-10-03 10:41:29,32,9,3666.5,13191
2022-10-03 10:41:30,30,8,3666.75,13199
2022-10-03 10:41:31,53,18,3667.0,13217
2022-10-03 10:41:32,253,97,3667.5,13314
2022-10-03 10:41:33,136,-130,3667.75,13184
2022-10-03 10:41:34,583,-349,3667.25,12835
2022-10-03 10:41:35,49,17,3666.25,12852
2022-10-03 10:41:36,50,-17,3666.25,12835
2022-10-03 10:41:37,33,-3,3666.0,12832
2022-10-03 10:41:38,212,162,3666.5,12994
2022-10-03 10:41:39,45,13,3666.5,13007
2022-10-03 10:41:40,60,11,3666.75,13018
2022-10-03 10:41:41,90,1,3666.5,13019
2022-10-03 10:41:42,151,-42,3666.25,12977
2022-10-03 10:41:43,35,-3,3666.25,12974
2022-10-03 10:41:44,28,-8,3666.0,12966
2022-10-03 10:41:45,34,-3,3666.0,12963
2022-10-03 10:41:46,78,-30,3666.0,12933
2022-10-03 10:41:47,133,-121,3665.75,12812
2022-10-03 10:41:48,50,-1,3665.75,12811
2022-10-03 10:41:49,189,92,3665.75,12903
2022-10-03 10:41:50,47,11,3665.5,12914
2022-10-03 10:41:51,75,22,3665.75,12936
2022-10-03 10:41:52,32,8,3665.5,12944
2022-10-03 10:41:53,9,-3,3665.5,12941
2022-10-03 10:41:54,53,-4,3665.25,12937
2022-10-03 10:41:55,39,9,3665.5,12946
2022-10-03 10:41:56,45,-10,3665.75,12936
2022-10-03 10:41:57,61,11,3666.0,12947
2022-10-03 10:41:58,37,-9,3666.0,12938
2022-10-03 10:41:59,52,-7,3666.0,12931
2022-10-03 10:42:00,80,-3,3666.0,12928
2022-10-03 10:42:01,23,-18,3666.0,12910
2022-10-03 10:42:02,35,4,3665.75,12914
2022-10-03 10:42:03,27,-14,3665.75,12900
2022-10-03 10:42:04,54,11,3665.75,12911
2022-10-03 10:42:05,36,5,3666.0,12916
2022-10-03 10:42:06,111,11,3666.25,12927
2022-10-03 10:42:07,34,-17,3666.0,12910
2022-10-03 10:42:08,107,-9,3665.5,12901
2022-10-03 10:42:09,116,30,3665.75,12931
2022-10-03 10:42:10,9,3,3665.75,12934
2022-10-03 10:42:11,24,-20,3665.5,12914
2022-10-03 10:42:12,91,27,3666.0,12941
2022-10-03 10:42:13,44,-19,3665.75,12922
2022-10-03 10:42:14,34,-5,3666.0,12917
2022-10-03 10:42:15,20,17,3666.0,12934
2022-10-03 10:42:16,20,5,3666.0,12939
2022-10-03 10:42:17,52,-12,3666.25,12927
2022-10-03 10:42:18,5,-3,3666.0,12924
2022-10-03 10:42:19,65,-21,3665.75,12903
2022-10-03 10:42:20,42,10,3665.75,12913
2022-10-03 10:42:21,27,7,3666.0,12920
2022-10-03 10:42:22,85,-19,3666.0,12901
2022-10-03 10:42:23,113,-17,3665.75,12884
2022-10-03 10:42:24,18,4,3665.5,12888
2022-10-03 10:42:25,26,-17,3665.5,12871
2022-10-03 10:42:26,133,-43,3665.5,12828
2022-10-03 10:42:27,22,10,3665.5,12838
2022-10-03 10:42:28,8,0,3665.5,12838
2022-10-03 10:42:29,71,-19,3665.5,12819
2022-10-03 10:42:30,27,21,3665.75,12840
2022-10-03 10:42:31,82,52,3666.0,12892
2022-10-03 10:42:32,43,11,3666.25,12903
2022-10-03 10:42:33,44,-5,3666.0,12898
2022-10-03 10:42:34,152,-9,3666.0,12889
2022-10-03 10:42:35,111,-36,3665.5,12853
2022-10-03 10:42:36,38,0,3665.5,12853
2022-10-03 10:42:37,76,-44,3665.25,12809
2022-10-03 10:42:38,276,-179,3665.0,12630
2022-10-03 10:42:39,114,-4,3665.25,12626
2022-10-03 10:42:40,48,-11,3665.25,12615
2022-10-03 10:42:41,63,3,3665.5,12618
2022-10-03 10:42:42,75,-4,3665.5,12614
2022-10-03 10:42:43,24,14,3665.5,12628
2022-10-03 10:42:44,42,1,3665.75,12629
2022-10-03 10:42:45,11,0,3665.75,12629
2022-10-03 10:42:46,194,11,3665.75,12640
2022-10-03 10:42:47,65,-38,3665.75,12602
2022-10-03 10:42:48,88,-24,3665.75,12578
2022-10-03 10:42:49,16,-1,3665.5,12577
2022-10-03 10:42:50,55,-7,3665.5,12570
2022-10-03 10:42:51,34,14,3665.25,12584
2022-10-03 10:42:52,10,1,3665.0,12585
2022-10-03 10:42:53,146,-60,3665.0,12525
2022-10-03 10:42:54,72,9,3664.75,12534
2022-10-03 10:42:55,47,12,3665.0,12546
2022-10-03 10:42:56,38,-28,3664.75,12518
2022-10-03 10:42:57,68,20,3664.5,12538
2022-10-03 10:42:58,59,2,3664.75,12540
2022-10-03 10:42:59,53,7,3665.0,12547
2022-10-03 10:43:00,95,-7,3665.25,12540
2022-10-03 10:43:01,47,-5,3665.25,12535
2022-10-03 10:43:02,111,-13,3665.5,12522
2022-10-03 10:43:03,21,-6,3665.5,12516
2022-10-03 10:43:04,36,-5,3665.75,12511
2022-10-03 10:43:05,46,-6,3665.75,12505
2022-10-03 10:43:06,37,-8,3665.5,12497
2022-10-03 10:43:07,101,1,3666.0,12498
2022-10-03 10:43:08,37,18,3665.5,12516
2022-10-03 10:43:09,33,15,3665.75,12531
2022-10-03 10:43:10,13,-1,3665.75,12530
2022-10-03 10:43:11,20,-9,3665.75,12521
2022-10-03 10:43:12,256,62,3666.25,12583
2022-10-03 10:43:13,25,9,3666.25,12592
2022-10-03 10:43:14,85,11,3666.25,12603
2022-10-03 10:43:15,176,46,3667.25,12649
2022-10-03 10:43:16,248,22,3667.25,12671
2022-10-03 10:43:17,34,21,3667.0,12692
2022-10-03 10:43:18,58,-17,3667.0,12675
2022-10-03 10:43:19,3,1,3667.0,12676
2022-10-03 10:43:20,95,25,3667.5,12701
2022-10-03 10:43:21,93,10,3667.75,12711
2022-10-03 10:43:22,53,-6,3667.5,12705
2022-10-03 10:43:23,51,-2,3667.25,12703
2022-10-03 10:43:24,78,-1,3667.5,12702
2022-10-03 10:43:25,114,4,3667.75,12706
2022-10-03 10:43:26,75,-26,3667.25,12680
2022-10-03 10:43:27,231,102,3667.5,12782
2022-10-03 10:43:28,22,0,3667.0,12782
2022-10-03 10:43:29,13,-2,3667.0,12780
2022-10-03 10:43:30,28,0,3667.25,12780
2022-10-03 10:43:31,18,12,3667.25,12792
2022-10-03 10:43:32,46,-20,3667.25,12772
2022-10-03 10:43:33,2,2,3667.25,12774
2022-10-03 10:43:34,165,-19,3667.0,12755
2022-10-03 10:43:35,325,-100,3666.75,12655
2022-10-03 10:43:36,28,0,3666.75,12655
2022-10-03 10:43:37,21,1,3666.75,12656
2022-10-03 10:43:38,54,-3,3666.75,12653
2022-10-03 10:43:39,106,36,3667.5,12689
2022-10-03 10:43:40,58,-18,3667.5,12671
2022-10-03 10:43:41,18,5,3667.0,12676
2022-10-03 10:43:42,14,5,3667.0,12681
2022-10-03 10:43:43,59,21,3667.25,12702
2022-10-03 10:43:44,5,-3,3667.0,12699
2022-10-03 10:43:45,45,16,3667.75,12715
2022-10-03 10:43:46,78,1,3668.25,12716
2022-10-03 10:43:47,147,5,3668.25,12721
2022-10-03 10:43:48,68,-2,3668.25,12719
2022-10-03 10:43:49,82,18,3668.25,12737
2022-10-03 10:43:50,65,5,3668.0,12742
2022-10-03 10:43:51,72,-20,3668.0,12722
2022-10-03 10:43:52,42,-18,3667.75,12704
2022-10-03 10:43:53,51,-11,3667.25,12693
2022-10-03 10:43:54,11,5,3667.25,12698
2022-10-03 10:43:55,23,2,3667.25,12700
2022-10-03 10:43:56,47,-32,3667.0,12668
2022-10-03 10:43:57,67,7,3667.0,12675
2022-10-03 10:43:58,33,9,3667.25,12684
2022-10-03 10:43:59,8,6,3667.25,12690
2022-10-03 10:44:00,86,12,3667.5,12702
2022-10-03 10:44:01,32,13,3667.25,12715
2022-10-03 10:44:02,30,0,3667.5,12715
2022-10-03 10:44:03,24,-4,3667.5,12711
2022-10-03 10:44:04,91,-26,3667.5,12685
2022-10-03 10:44:05,115,22,3667.25,12707
2022-10-03 10:44:06,56,2,3668.0,12709
2022-10-03 10:44:07,56,-14,3668.0,12695
2022-10-03 10:44:08,140,91,3668.25,12786
2022-10-03 10:44:09,82,-13,3668.0,12773
2022-10-03 10:44:10,163,64,3668.25,12837
2022-10-03 10:44:11,2,0,3668.0,12837
2022-10-03 10:44:12,22,-2,3668.0,12835
2022-10-03 10:44:13,138,56,3668.5,12891
2022-10-03 10:44:14,7,7,3668.5,12898
2022-10-03 10:44:15,180,-3,3668.75,12895
2022-10-03 10:44:16,49,11,3668.75,12906
2022-10-03 10:44:17,7,7,3668.75,12913
2022-10-03 10:44:18,149,67,3669.5,12980
2022-10-03 10:44:19,77,-24,3669.5,12956
2022-10-03 10:44:20,50,7,3669.5,12963
2022-10-03 10:44:21,34,-4,3669.5,12959
2022-10-03 10:44:22,92,19,3669.75,12978
2022-10-03 10:44:23,222,87,3670.0,13065
2022-10-03 10:44:24,250,48,3670.0,13113
2022-10-03 10:44:25,165,-14,3670.0,13099
2022-10-03 10:44:26,36,3,3670.0,13102
2022-10-03 10:44:27,11,5,3670.0,13107
2022-10-03 10:44:28,9,4,3670.0,13111
2022-10-03 10:44:29,11,2,3670.0,13113
2022-10-03 10:44:30,107,4,3670.0,13117
2022-10-03 10:44:31,21,8,3670.0,13125
2022-10-03 10:44:32,119,-6,3669.75,13119
2022-10-03 10:44:33,139,-32,3669.5,13087
2022-10-03 10:44:34,27,1,3669.25,13088
2022-10-03 10:44:35,47,-2,3669.25,13086
2022-10-03 10:44:36,33,-8,3669.25,13078
2022-10-03 10:44:37,87,-7,3669.25,13071
2022-10-03 10:44:38,86,-45,3669.0,13026
2022-10-03 10:44:39,135,-43,3668.25,12983
2022-10-03 10:44:40,282,-71,3667.75,12912
2022-10-03 10:44:41,115,1,3667.5,12913
2022-10-03 10:44:42,27,-6,3667.5,12907
2022-10-03 10:44:43,26,-5,3668.0,12902
2022-10-03 10:44:44,34,-6,3667.75,12896
2022-10-03 10:44:45,21,-10,3668.0,12886
2022-10-03 10:44:46,26,-11,3667.5,12875
2022-10-03 10:44:47,68,0,3667.5,12875
2022-10-03 10:44:48,24,13,3667.75,12888
2022-10-03 10:44:49,18,-2,3667.75,12886
2022-10-03 10:44:50,83,-2,3668.0,12884
2022-10-03 10:44:51,90,3,3668.0,12887
2022-10-03 10:44:52,20,0,3668.25,12887
2022-10-03 10:44:53,62,12,3668.75,12899
2022-10-03 10:44:54,81,2,3669.0,12901
2022-10-03 10:44:55,96,31,3669.5,12932
2022-10-03 10:44:56,74,10,3670.0,12942
2022-10-03 10:44:57,162,-146,3670.0,12796
2022-10-03 10:44:58,48,-4,3669.75,12792
2022-10-03 10:44:59,60,-10,3669.75,12782
2022-10-03 10:45:00,184,11,3669.75,12793
2022-10-03 10:45:01,129,34,3670.25,12827
2022-10-03 10:45:02,82,4,3670.5,12831
2022-10-03 10:45:03,19,19,3670.5,12850
2022-10-03 10:45:04,67,-3,3670.5,12847
2022-10-03 10:45:05,304,114,3671.25,12961
2022-10-03 10:45:06,103,9,3671.25,12970
2022-10-03 10:45:07,186,99,3671.5,13069
2022-10-03 10:45:08,473,186,3672.75,13255
2022-10-03 10:45:09,289,-131,3672.75,13124
2022-10-03 10:45:10,109,-20,3672.5,13104
2022-10-03 10:45:11,110,10,3672.5,13114
2022-10-03 10:45:12,154,-17,3672.0,13097
2022-10-03 10:45:13,63,4,3671.75,13101
2022-10-03 10:45:14,69,3,3672.25,13104
2022-10-03 10:45:15,126,-15,3672.25,13089
2022-10-03 10:45:16,39,19,3672.25,13108
2022-10-03 10:45:17,39,3,3672.25,13111
2022-10-03 10:45:18,32,-1,3672.25,13110
2022-10-03 10:45:19,134,-10,3672.5,13100
2022-10-03 10:45:20,59,5,3672.5,13105
2022-10-03 10:45:21,64,-14,3672.5,13091
2022-10-03 10:45:22,69,19,3672.5,13110
2022-10-03 10:45:23,77,-13,3672.5,13097
2022-10-03 10:45:24,207,-10,3672.0,13087
2022-10-03 10:45:25,80,26,3672.25,13113
2022-10-03 10:45:26,103,21,3672.75,13134
2022-10-03 10:45:27,108,31,3672.5,13165
2022-10-03 10:45:28,44,3,3672.75,13168
2022-10-03 10:45:29,62,34,3673.0,13202
2022-10-03 10:45:30,179,8,3673.25,13210
2022-10-03 10:45:31,36,-13,3672.75,13197
2022-10-03 10:45:32,41,-3,3672.5,13194
2022-10-03 10:45:33,80,2,3672.5,13196
2022-10-03 10:45:34,118,-20,3672.25,13176
2022-10-03 10:45:35,90,10,3671.75,13186
2022-10-03 10:45:36,315,-22,3671.5,13164
2022-10-03 10:45:37,274,4,3671.5,13168
2022-10-03 10:45:38,46,15,3671.25,13183
2022-10-03 10:45:39,67,-7,3671.0,13176
2022-10-03 10:45:40,75,-2,3670.75,13174
2022-10-03 10:45:41,212,-85,3670.5,13089
2022-10-03 10:45:42,97,10,3669.75,13099
2022-10-03 10:45:43,220,7,3670.25,13106
2022-10-03 10:45:44,91,67,3671.0,13173
2022-10-03 10:45:45,106,7,3671.25,13180
2022-10-03 10:45:46,109,17,3672.0,13197
2022-10-03 10:45:47,74,-11,3672.0,13186
2022-10-03 10:45:48,72,-37,3671.5,13149
2022-10-03 10:45:49,25,5,3671.25,13154
2022-10-03 10:45:50,75,-10,3671.25,13144
2022-10-03 10:45:51,78,6,3671.5,13150
2022-10-03 10:45:52,52,-2,3672.0,13148
2022-10-03 10:45:53,28,20,3672.0,13168
2022-10-03 10:45:54,151,103,3672.25,13271
2022-10-03 10:45:55,52,4,3672.25,13275
2022-10-03 10:45:56,13,0,3672.25,13275
2022-10-03 10:45:57,72,-21,3672.25,13254
2022-10-03 10:45:58,8,8,3671.75,13262
2022-10-03 10:45:59,24,-3,3671.75,13259
2022-10-03 10:46:00,51,0,3672.0,13259
2022-10-03 10:46:01,83,-13,3671.75,13246
2022-10-03 10:46:02,79,-14,3671.5,13232
2022-10-03 10:46:03,20,0,3671.75,13232
2022-10-03 10:46:04,34,3,3671.75,13235
2022-10-03 10:46:05,74,-10,3671.75,13225
2022-10-03 10:46:06,65,26,3671.5,13251
2022-10-03 10:46:07,119,-42,3671.5,13209
2022-10-03 10:46:08,44,-24,3671.5,13185
2022-10-03 10:46:09,163,-19,3671.25,13166
2022-10-03 10:46:10,89,-42,3670.75,13124
2022-10-03 10:46:11,91,14,3671.0,13138
2022-10-03 10:46:12,17,-5,3671.25,13133
2022-10-03 10:46:13,33,1,3671.25,13134
2022-10-03 10:46:14,36,-21,3671.0,13113
2022-10-03 10:46:15,17,-2,3671.0,13111
2022-10-03 10:46:16,27,4,3671.0,13115
2022-10-03 10:46:17,68,-30,3671.0,13085
2022-10-03 10:46:18,71,-6,3670.5,13079
2022-10-03 10:46:19,38,-14,3670.5,13065
2022-10-03 10:46:20,85,-1,3670.75,13064
2022-10-03 10:46:21,57,12,3671.0,13076
2022-10-03 10:46:22,79,-27,3671.0,13049
2022-10-03 10:46:23,70,16,3670.5,13065
2022-10-03 10:46:24,112,-41,3670.5,13024
2022-10-03 10:46:25,107,18,3670.25,13042
2022-10-03 10:46:26,98,31,3670.25,13073
2022-10-03 10:46:27,64,-18,3670.25,13055
2022-10-03 10:46:28,123,-29,3670.0,13026
2022-10-03 10:46:29,91,-8,3670.0,13018
2022-10-03 10:46:30,16,6,3670.25,13024
2022-10-03 10:46:31,82,-10,3670.5,13014
2022-10-03 10:46:32,55,-10,3670.5,13004
2022-10-03 10:46:33,74,3,3670.75,13007
2022-10-03 10:46:34,18,0,3671.0,13007
2022-10-03 10:46:35,30,3,3671.25,13010
2022-10-03 10:46:36,49,-17,3671.0,12993
2022-10-03 10:46:37,95,-25,3671.0,12968
2022-10-03 10:46:38,209,-55,3670.5,12913
2022-10-03 10:46:39,77,15,3670.0,12928
2022-10-03 10:46:40,225,13,3670.0,12941
2022-10-03 10:46:41,49,7,3669.75,12948
2022-10-03 10:46:42,40,5,3670.0,12953
2022-10-03 10:46:43,59,-10,3670.0,12943
2022-10-03 10:46:44,4,-4,3669.75,12939
2022-10-03 10:46:45,50,-9,3669.75,12930
2022-10-03 10:46:46,63,0,3670.0,12930
2022-10-03 10:46:47,15,-10,3670.0,12920
2022-10-03 10:46:48,40,6,3670.25,12926
2022-10-03 10:46:49,88,12,3670.75,12938
2022-10-03 10:46:50,7,2,3670.75,12940
2022-10-03 10:46:51,88,7,3671.25,12947
2022-10-03 10:46:52,3,3,3671.25,12950
2022-10-03 10:46:53,47,-16,3671.0,12934
2022-10-03 10:46:54,38,-7,3671.0,12927
2022-10-03 10:46:55,49,22,3671.5,12949
2022-10-03 10:46:56,29,-7,3671.5,12942
2022-10-03 10:46:57,74,10,3671.25,12952
2022-10-03 10:46:58,28,13,3671.25,12965
2022-10-03 10:46:59,159,43,3672.25,13008
2022-10-03 10:47:00,51,12,3672.25,13020
2022-10-03 10:47:01,95,0,3672.5,13020
2022-10-03 10:47:02,127,21,3672.5,13041
2022-10-03 10:47:03,46,20,3672.5,13061
2022-10-03 10:47:04,94,17,3672.5,13078
2022-10-03 10:47:05,72,20,3672.5,13098
2022-10-03 10:47:06,69,-13,3672.5,13085
2022-10-03 10:47:07,79,3,3672.0,13088
2022-10-03 10:47:08,69,12,3672.5,13100
2022-10-03 10:47:09,57,29,3672.5,13129
2022-10-03 10:47:10,85,40,3672.75,13169
2022-10-03 10:47:11,258,197,3674.0,13366
2022-10-03 10:47:12,796,405,3674.5,13771
2022-10-03 10:47:13,121,21,3674.25,13792
2022-10-03 10:47:14,156,4,3674.25,13796
2022-10-03 10:47:15,80,22,3674.25,13818
2022-10-03 10:47:16,163,30,3674.75,13848
2022-10-03 10:47:17,141,32,3674.75,13880
2022-10-03 10:47:18,43,-14,3674.75,13866
2022-10-03 10:47:19,20,9,3674.5,13875
2022-10-03 10:47:20,89,-9,3674.75,13866
2022-10-03 10:47:21,155,33,3674.5,13899
2022-10-03 10:47:22,32,-4,3674.5,13895
2022-10-03 10:47:23,33,-7,3674.5,13888
2022-10-03 10:47:24,47,1,3674.5,13889
2022-10-03 10:47:25,46,-19,3674.25,13870
2022-10-03 10:47:26,224,-45,3674.0,13825
2022-10-03 10:47:27,259,-28,3673.5,13797
2022-10-03 10:47:28,79,-4,3673.5,13793
2022-10-03 10:47:29,138,22,3673.5,13815
2022-10-03 10:47:30,45,27,3673.75,13842
2022-10-03 10:47:31,13,12,3674.25,13854
2022-10-03 10:47:32,43,11,3674.25,13865
2022-10-03 10:47:33,20,13,3674.25,13878
2022-10-03 10:47:34,44,16,3674.25,13894
2022-10-03 10:47:35,82,-13,3674.25,13881
2022-10-03 10:47:36,46,-1,3674.5,13880
2022-10-03 10:47:37,60,-1,3674.5,13879
2022-10-03 10:47:38,105,16,3674.5,13895
2022-10-03 10:47:39,2,-2,3674.25,13893
2022-10-03 10:47:40,117,44,3674.5,13937
2022-10-03 10:47:41,55,-8,3674.75,13929
2022-10-03 10:47:42,45,-5,3674.75,13924
2022-10-03 10:47:43,21,-2,3674.75,13922
2022-10-03 10:47:44,113,-32,3674.25,13890
2022-10-03 10:47:45,83,-30,3674.25,13860
2022-10-03 10:47:46,23,10,3674.0,13870
2022-10-03 10:47:47,104,-1,3674.0,13869
2022-10-03 10:47:48,251,-19,3674.25,13850
2022-10-03 10:47:49,110,-27,3673.75,13823
2022-10-03 10:47:50,178,-12,3673.5,13811
2022-10-03 10:47:51,198,96,3674.0,13907
2022-10-03 10:47:52,196,37,3674.75,13944
2022-10-03 10:47:53,16,-4,3674.5,13940
2022-10-03 10:47:54,62,-5,3674.5,13935
2022-10-03 10:47:55,206,18,3674.5,13953
2022-10-03 10:47:56,61,-24,3674.5,13929
2022-10-03 10:47:57,87,1,3674.25,13930
2022-10-03 10:47:58,33,1,3674.5,13931
2022-10-03 10:47:59,24,-1,3674.75,13930
2022-10-03 10:48:00,82,-26,3674.75,13904
2022-10-03 10:48:01,98,-27,3674.25,13877
2022-10-03 10:48:02,52,7,3674.5,13884
2022-10-03 10:48:03,4,-2,3674.75,13882
2022-10-03 10:48:04,51,-5,3674.75,13877
2022-10-03 10:48:05,40,-9,3674.5,13868
2022-10-03 10:48:06,79,-26,3674.75,13842
2022-10-03 10:48:07,33,18,3674.75,13860
2022-10-03 10:48:08,20,-2,3674.75,13858
2022-10-03 10:48:09,45,10,3674.75,13868
2022-10-03 10:48:10,290,132,3675.0,14000
2022-10-03 10:48:11,157,60,3675.0,14060
2022-10-03 10:48:12,76,-20,3675.0,14040
2022-10-03 10:48:13,63,-10,3675.0,14030
2022-10-03 10:48:14,88,-6,3674.75,14024
2022-10-03 10:48:15,212,-55,3674.5,13969
2022-10-03 10:48:16,232,-27,3674.25,13942
2022-10-03 10:48:17,20,7,3673.75,13949
2022-10-03 10:48:18,64,-1,3673.75,13948
2022-10-03 10:48:19,77,7,3674.25,13955
2022-10-03 10:48:20,64,1,3674.25,13956
2022-10-03 10:48:21,54,-11,3674.0,13945
2022-10-03 10:48:22,116,34,3674.25,13979
2022-10-03 10:48:23,75,-4,3674.25,13975
2022-10-03 10:48:24,34,-17,3674.25,13958
2022-10-03 10:48:25,81,3,3674.0,13961
2022-10-03 10:48:26,42,15,3674.0,13976
2022-10-03 10:48:27,177,86,3674.5,14062
2022-10-03 10:48:28,35,-4,3674.25,14058
2022-10-03 10:48:29,26,-18,3674.25,14040
2022-10-03 10:48:30,36,14,3674.5,14054
2022-10-03 10:48:31,55,6,3674.5,14060
2022-10-03 10:48:32,29,4,3674.25,14064
2022-10-03 10:48:33,18,11,3674.5,14075
2022-10-03 10:48:34,133,8,3674.5,14083
2022-10-03 10:48:35,88,4,3674.75,14087
2022-10-03 10:48:36,99,1,3674.5,14088
2022-10-03 10:48:37,49,-6,3674.75,14082
2022-10-03 10:48:38,23,7,3674.75,14089
2022-10-03 10:48:39,14,1,3674.75,14090
2022-10-03 10:48:40,20,-12,3674.5,14078
2022-10-03 10:48:41,191,-12,3674.75,14066
2022-10-03 10:48:42,39,19,3674.75,14085
2022-10-03 10:48:43,137,-9,3674.75,14076
2022-10-03 10:48:44,148,-11,3674.5,14065
2022-10-03 10:48:45,38,14,3674.5,14079
2022-10-03 10:48:46,95,-45,3674.5,14034
2022-10-03 10:48:47,144,-26,3674.0,14008
2022-10-03 10:48:48,284,-74,3673.5,13934
2022-10-03 10:48:49,110,23,3673.25,13957
2022-10-03 10:48:50,23,-6,3673.5,13951
2022-10-03 10:48:51,71,-1,3673.5,13950
2022-10-03 10:48:52,30,9,3673.5,13959
2022-10-03 10:48:53,35,-6,3673.75,13953
2022-10-03 10:48:54,63,11,3673.75,13964
2022-10-03 10:48:55,48,-4,3673.75,13960
2022-10-03 10:48:56,93,-46,3673.5,13914
2022-10-03 10:48:57,68,1,3673.25,13915
2022-10-03 10:48:58,57,-3,3673.75,13912
2022-10-03 10:48:59,111,2,3674.0,13914
2022-10-03 10:49:00,79,-2,3673.75,13912
2022-10-03 10:49:01,23,-1,3673.5,13911
2022-10-03 10:49:02,38,11,3673.5,13922
2022-10-03 10:49:03,4,-3,3673.25,13919
2022-10-03 10:49:04,78,-36,3673.25,13883
2022-10-03 10:49:05,139,-42,3673.25,13841
2022-10-03 10:49:06,57,-8,3673.0,13833
2022-10-03 10:49:07,44,-7,3673.0,13826
2022-10-03 10:49:08,79,-7,3673.0,13819
2022-10-03 10:49:09,5,-2,3673.0,13817
2022-10-03 10:49:10,137,-20,3672.75,13797
2022-10-03 10:49:11,284,-86,3672.75,13711
2022-10-03 10:49:12,72,-8,3672.5,13703
2022-10-03 10:49:13,101,-2,3672.25,13701
2022-10-03 10:49:14,119,-25,3671.75,13676
2022-10-03 10:49:15,311,-48,3671.5,13628
2022-10-03 10:49:16,112,10,3672.0,13638
2022-10-03 10:49:17,69,-2,3672.25,13636
2022-10-03 10:49:18,58,-1,3672.25,13635
2022-10-03 10:49:19,97,-25,3672.25,13610
2022-10-03 10:49:20,32,-3,3672.5,13607
2022-10-03 10:49:21,92,-51,3672.5,13556
2022-10-03 10:49:22,112,-37,3672.0,13519
2022-10-03 10:49:23,46,6,3672.25,13525
2022-10-03 10:49:24,21,-9,3672.25,13516
2022-10-03 10:49:25,23,-9,3672.5,13507
2022-10-03 10:49:26,75,23,3672.5,13530
2022-10-03 10:49:27,68,5,3673.0,13535
2022-10-03 10:49:28,45,2,3673.0,13537
2022-10-03 10:49:29,114,53,3673.0,13590
2022-10-03 10:49:30,163,49,3673.25,13639
2022-10-03 10:49:31,136,32,3673.75,13671
2022-10-03 10:49:32,57,-27,3673.75,13644
2022-10-03 10:49:33,184,105,3674.0,13749
2022-10-03 10:49:34,110,25,3674.25,13774
2022-10-03 10:49:35,245,120,3674.75,13894
2022-10-03 10:49:36,121,57,3674.75,13951
2022-10-03 10:49:37,219,2,3675.0,13953
2022-10-03 10:49:38,95,-7,3675.0,13946
2022-10-03 10:49:39,136,-6,3675.0,13940
2022-10-03 10:49:40,54,25,3674.75,13965
2022-10-03 10:49:41,180,115,3675.0,14080
2022-10-03 10:49:42,40,24,3675.0,14104
2022-10-03 10:49:43,6,-2,3675.0,14102
2022-10-03 10:49:44,63,34,3675.0,14136
2022-10-03 10:49:45,83,30,3675.0,14166
2022-10-03 10:49:46,159,-47,3675.0,14119
2022-10-03 10:49:47,21,11,3675.0,14130
2022-10-03 10:49:48,17,12,3675.0,14142
2022-10-03 10:49:49,283,70,3675.0,14212
2022-10-03 10:49:50,91,51,3675.0,14263
2022-10-03 10:49:51,300,-4,3675.0,14259
2022-10-03 10:49:52,17,13,3674.75,14272
2022-10-03 10:49:53,30,-7,3675.0,14265
2022-10-03 10:49:54,51,-6,3675.0,14259
2022-10-03 10:49:55,89,-10,3674.5,14249
2022-10-03 10:49:56,15,-6,3674.5,14243
2022-10-03 10:49:57,158,-93,3674.25,14150
2022-10-03 10:49:58,109,5,3674.0,14155
2022-10-03 10:49:59,69,15,3674.0,14170
2022-10-03 10:50:00,59,27,3674.25,14197
2022-10-03 10:50:01,100,-5,3674.25,14192
2022-10-03 10:50:02,225,-34,3674.25,14158
2022-10-03 10:50:03,100,-41,3674.0,14117
2022-10-03 10:50:04,117,32,3674.0,14149
2022-10-03 10:50:05,4,1,3674.25,14150
2022-10-03 10:50:06,71,-16,3674.0,14134
2022-10-03 10:50:07,397,-93,3673.75,14041
2022-10-03 10:50:08,110,11,3673.0,14052
2022-10-03 10:50:09,19,-10,3673.0,14042
2022-10-03 10:50:10,63,15,3673.5,14057
2022-10-03 10:50:11,83,7,3673.75,14064
2022-10-03 10:50:12,19,10,3673.75,14074
2022-10-03 10:50:13,71,-8,3673.75,14066
2022-10-03 10:50:14,117,-8,3673.5,14058
2022-10-03 10:50:15,32,0,3673.25,14058
2022-10-03 10:50:16,88,-12,3673.5,14046
2022-10-03 10:50:17,35,14,3674.0,14060
2022-10-03 10:50:18,123,-22,3674.0,14038
2022-10-03 10:50:19,64,-16,3673.75,14022
2022-10-03 10:50:20,42,-3,3673.75,14019
2022-10-03 10:50:21,18,1,3673.75,14020
2022-10-03 10:50:22,46,-4,3673.75,14016
2022-10-03 10:50:23,81,-3,3673.5,14013
2022-10-03 10:50:24,69,-14,3673.25,13999
2022-10-03 10:50:25,63,-16,3673.25,13983
2022-10-03 10:50:26,25,1,3673.25,13984
2022-10-03 10:50:27,75,35,3673.25,14019
2022-10-03 10:50:28,23,-14,3673.25,14005
2022-10-03 10:50:29,31,10,3673.0,14015
2022-10-03 10:50:30,57,28,3673.75,14043
2022-10-03 10:50:31,89,-27,3673.75,14016
2022-10-03 10:50:32,141,-57,3673.5,13959
2022-10-03 10:50:33,36,-12,3672.75,13947
2022-10-03 10:50:34,232,-72,3672.75,13875
2022-10-03 10:50:35,64,1,3672.0,13876
2022-10-03 10:50:36,52,-8,3672.25,13868
2022-10-03 10:50:37,151,-12,3672.0,13856
2022-10-03 10:50:38,56,5,3672.25,13861
2022-10-03 10:50:39,101,-14,3672.25,13847
2022-10-03 10:50:40,25,-4,3672.5,13843
2022-10-03 10:50:41,31,12,3672.25,13855
2022-10-03 10:50:42,60,-9,3672.5,13846
2022-10-03 10:50:43,56,4,3672.75,13850
2022-10-03 10:50:44,76,34,3673.0,13884
2022-10-03 10:50:45,16,3,3673.0,13887
2022-10-03 10:50:46,19,-1,3673.0,13886
2022-10-03 10:50:47,8,-4,3673.25,13882
2022-10-03 10:50:48,83,-6,3673.0,13876
2022-10-03 10:50:49,88,-3,3673.0,13873
2022-10-03 10:50:50,71,11,3673.5,13884
2022-10-03 10:50:51,21,-3,3673.5,13881
2022-10-03 10:50:52,215,32,3673.5,13913
2022-10-03 10:50:53,79,-26,3673.5,13887
2022-10-03 10:50:54,45,1,3673.25,13888
2022-10-03 10:50:55,13,-3,3673.0,13885
2022-10-03 10:50:56,20,13,3673.0,13898
2022-10-03 10:50:57,55,13,3673.25,13911
2022-10-03 10:50:58,11,-3,3673.25,13908
2022-10-03 10:50:59,57,-13,3673.0,13895
2022-10-03 10:51:00,241,-131,3673.0,13764
2022-10-03 10:51:01,38,-17,3672.75,13747
2022-10-03 10:51:02,94,-11,3672.25,13736
2022-10-03 10:51:03,189,-20,3671.75,13716
2022-10-03 10:51:04,108,11,3672.0,13727
2022-10-03 10:51:05,96,-4,3672.0,13723
2022-10-03 10:51:06,24,-7,3671.75,13716
2022-10-03 10:51:07,34,-1,3671.75,13715
2022-10-03 10:51:08,68,-39,3671.75,13676
2022-10-03 10:51:09,68,25,3671.5,13701
2022-10-03 10:51:10,20,-8,3671.25,13693
2022-10-03 10:51:11,72,8,3671.25,13701
2022-10-03 10:51:12,65,-6,3671.0,13695
2022-10-03 10:51:13,141,20,3671.25,13715
2022-10-03 10:51:14,137,-18,3671.5,13697
2022-10-03 10:51:15,117,-7,3671.25,13690
2022-10-03 10:51:16,113,22,3671.0,13712
2022-10-03 10:51:17,64,17,3671.25,13729
2022-10-03 10:51:18,53,-6,3671.25,13723
2022-10-03 10:51:19,113,-7,3670.75,13716
2022-10-03 10:51:20,4,-3,3670.75,13713
2022-10-03 10:51:21,25,17,3671.0,13730
2022-10-03 10:51:22,45,-16,3671.25,13714
2022-10-03 10:51:23,53,-3,3671.5,13711
2022-10-03 10:51:24,99,3,3671.5,13714
2022-10-03 10:51:25,88,-3,3671.25,13711
2022-10-03 10:51:26,20,-1,3671.5,13710
2022-10-03 10:51:27,56,11,3671.5,13721
2022-10-03 10:51:28,72,22,3672.0,13743
2022-10-03 10:51:29,39,4,3671.75,13747
2022-10-03 10:51:30,126,49,3672.75,13796
2022-10-03 10:51:31,253,-20,3673.0,13776
2022-10-03 10:51:32,113,-29,3673.0,13747
2022-10-03 10:51:33,32,-17,3672.5,13730
2022-10-03 10:51:34,34,12,3672.75,13742
2022-10-03 10:51:35,85,11,3672.75,13753
2022-10-03 10:51:36,13,4,3672.75,13757
2022-10-03 10:51:37,62,-6,3673.0,13751
2022-10-03 10:51:38,86,28,3673.0,13779
2022-10-03 10:51:39,68,27,3673.25,13806
2022-10-03 10:51:40,199,-15,3673.25,13791
2022-10-03 10:51:41,59,5,3673.25,13796
2022-10-03 10:51:42,68,-14,3672.75,13782
2022-10-03 10:51:43,63,18,3672.5,13800
2022-10-03 10:51:44,18,7,3672.5,13807
2022-10-03 10:51:45,71,-1,3673.0,13806
2022-10-03 10:51:46,41,-9,3672.5,13797
2022-10-03 10:51:47,24,2,3672.25,13799
2022-10-03 10:51:48,64,-5,3672.25,13794
2022-10-03 10:51:49,72,-32,3671.75,13762
2022-10-03 10:51:50,214,-51,3671.0,13711
2022-10-03 10:51:51,51,-29,3671.0,13682
2022-10-03 10:51:52,76,-6,3670.5,13676
2022-10-03 10:51:53,121,-32,3670.5,13644
2022-10-03 10:51:54,16,-5,3670.25,13639
2022-10-03 10:51:55,77,0,3670.5,13639
2022-10-03 10:51:56,39,0,3670.5,13639
2022-10-03 10:51:57,113,1,3670.5,13640
2022-10-03 10:51:58,59,4,3670.5,13644
2022-10-03 10:51:59,259,34,3671.0,13678
2022-10-03 10:52:00,119,-22,3671.25,13656
2022-10-03 10:52:01,31,-2,3670.75,13654
2022-10-03 10:52:02,50,10,3670.75,13664
2022-10-03 10:52:03,52,25,3670.75,13689
2022-10-03 10:52:04,210,-14,3670.75,13675
2022-10-03 10:52:05,168,31,3670.75,13706
2022-10-03 10:52:06,44,-7,3670.75,13699
2022-10-03 10:52:07,98,-30,3671.0,13669
2022-10-03 10:52:08,3,-3,3670.75,13666
2022-10-03 10:52:09,177,19,3671.5,13685
2022-10-03 10:52:10,97,-22,3671.75,13663
2022-10-03 10:52:11,78,-23,3671.5,13640
2022-10-03 10:52:12,84,-22,3671.0,13618
2022-10-03 10:52:13,36,12,3671.25,13630
2022-10-03 10:52:14,53,16,3671.5,13646
2022-10-03 10:52:15,102,-18,3671.25,13628
2022-10-03 10:52:16,70,-31,3670.75,13597
2022-10-03 10:52:17,67,9,3670.5,13606
2022-10-03 10:52:18,33,7,3670.75,13613
2022-10-03 10:52:19,42,-3,3670.75,13610
2022-10-03 10:52:20,74,-18,3670.75,13592
2022-10-03 10:52:21,86,10,3670.75,13602
2022-10-03 10:52:22,26,2,3670.75,13604
2022-10-03 10:52:23,81,-31,3670.75,13573
2022-10-03 10:52:24,60,19,3671.0,13592
2022-10-03 10:52:25,81,-13,3671.25,13579
2022-10-03 10:52:26,25,7,3671.0,13586
2022-10-03 10:52:27,34,16,3671.25,13602
2022-10-03 10:52:28,39,7,3671.5,13609
2022-10-03 10:52:29,40,6,3671.75,13615
2022-10-03 10:52:30,212,-21,3671.75,13594
2022-10-03 10:52:31,167,37,3672.25,13631
2022-10-03 10:52:32,144,67,3672.5,13698
2022-10-03 10:52:33,161,36,3672.5,13734
2022-10-03 10:52:34,57,-5,3672.5,13729
2022-10-03 10:52:35,99,5,3672.25,13734
2022-10-03 10:52:36,75,-9,3671.75,13725
2022-10-03 10:52:37,20,-4,3671.75,13721
2022-10-03 10:52:38,3,1,3671.75,13722
2022-10-03 10:52:39,91,-21,3671.5,13701
2022-10-03 10:52:40,73,3,3671.25,13704
2022-10-03 10:52:41,49,0,3671.25,13704
2022-10-03 10:52:42,56,-3,3671.25,13701
2022-10-03 10:52:43,29,-12,3671.0,13689
2022-10-03 10:52:45,107,15,3671.0,13704
2022-10-03 10:52:46,76,4,3671.0,13708
2022-10-03 10:52:47,29,-3,3671.0,13705
2022-10-03 10:52:48,29,-7,3671.0,13698
2022-10-03 10:52:49,33,7,3671.0,13705
2022-10-03 10:52:50,63,-28,3671.0,13677
2022-10-03 10:52:51,27,0,3671.0,13677
2022-10-03 10:52:52,79,6,3671.0,13683
2022-10-03 10:52:53,14,4,3671.0,13687
2022-10-03 10:52:54,124,4,3671.0,13691
2022-10-03 10:52:55,90,-14,3671.0,13677
2022-10-03 10:52:56,41,-4,3671.0,13673
2022-10-03 10:52:57,43,1,3671.0,13674
2022-10-03 10:52:58,84,-21,3670.75,13653
2022-10-03 10:52:59,71,17,3671.0,13670
2022-10-03 10:53:00,112,13,3671.5,13683
2022-10-03 10:53:01,171,48,3671.75,13731
2022-10-03 10:53:02,151,-16,3671.75,13715
2022-10-03 10:53:03,27,-6,3671.75,13709
2022-10-03 10:53:04,70,0,3671.75,13709
2022-10-03 10:53:05,118,11,3672.0,13720
2022-10-03 10:53:06,72,-17,3671.75,13703
2022-10-03 10:53:07,52,-10,3671.75,13693
2022-10-03 10:53:08,135,75,3672.25,13768
2022-10-03 10:53:09,15,9,3672.25,13777
2022-10-03 10:53:10,103,2,3672.25,13779
2022-10-03 10:53:11,95,-36,3672.25,13743
2022-10-03 10:53:12,100,1,3671.75,13744
2022-10-03 10:53:13,40,-18,3671.5,13726
2022-10-03 10:53:14,86,11,3672.0,13737
2022-10-03 10:53:15,146,7,3672.0,13744
2022-10-03 10:53:16,127,42,3672.5,13786
2022-10-03 10:53:17,44,25,3672.5,13811
2022-10-03 10:53:18,141,-33,3672.25,13778
2022-10-03 10:53:19,89,19,3672.0,13797
2022-10-03 10:53:20,41,0,3672.0,13797
2022-10-03 10:53:21,12,-7,3671.75,13790
2022-10-03 10:53:22,108,8,3671.75,13798
2022-10-03 10:53:23,84,12,3672.0,13810
2022-10-03 10:53:24,24,-8,3672.0,13802
2022-10-03 10:53:25,33,8,3672.0,13810
2022-10-03 10:53:26,29,1,3671.75,13811
2022-10-03 10:53:27,57,10,3672.0,13821
2022-10-03 10:53:28,105,34,3672.25,13855
2022-10-03 10:53:29,80,15,3672.25,13870
2022-10-03 10:53:30,65,-10,3672.25,13860
2022-10-03 10:53:31,116,67,3672.5,13927
2022-10-03 10:53:32,99,49,3672.5,13976
2022-10-03 10:53:33,1,1,3672.5,13977
2022-10-03 10:53:34,1,1,3672.5,13978
2022-10-03 10:53:35,260,-84,3672.5,13894
2022-10-03 10:53:36,23,12,3672.0,13906
2022-10-03 10:53:37,35,-4,3672.0,13902
2022-10-03 10:53:38,36,-11,3672.25,13891
2022-10-03 10:53:39,56,-10,3672.0,13881
2022-10-03 10:53:40,56,10,3672.25,13891
2022-10-03 10:53:41,1,-1,3672.0,13890
2022-10-03 10:53:42,201,115,3672.5,14005
2022-10-03 10:53:43,232,90,3672.5,14095
2022-10-03 10:53:44,3,2,3672.5,14097
2022-10-03 10:53:45,111,-15,3672.5,14082
2022-10-03 10:53:46,34,23,3672.5,14105
2022-10-03 10:53:47,19,16,3672.5,14121
2022-10-03 10:53:48,146,10,3672.5,14131
2022-10-03 10:53:49,66,-24,3672.25,14107
2022-10-03 10:53:50,54,4,3672.25,14111
2022-10-03 10:53:52,101,-5,3672.25,14106
2022-10-03 10:53:53,127,96,3672.5,14202
2022-10-03 10:53:54,171,93,3672.5,14295
2022-10-03 10:53:55,53,33,3672.5,14328
2022-10-03 10:53:56,151,-48,3672.5,14280
2022-10-03 10:53:57,54,11,3672.5,14291
2022-10-03 10:53:58,57,-28,3672.25,14263
2022-10-03 10:53:59,48,11,3672.25,14274
2022-10-03 10:54:00,100,41,3672.5,14315
2022-10-03 10:54:01,228,-76,3672.5,14239
2022-10-03 10:54:02,57,24,3672.0,14263
2022-10-03 10:54:03,84,-7,3672.0,14256
2022-10-03 10:54:04,213,-65,3671.5,14191
2022-10-03 10:54:05,124,46,3671.5,14237
2022-10-03 10:54:06,31,-25,3671.5,14212
2022-10-03 10:54:07,76,23,3672.0,14235
2022-10-03 10:54:08,54,-8,3671.75,14227
2022-10-03 10:54:09,59,15,3672.0,14242
2022-10-03 10:54:10,14,7,3672.0,14249
2022-10-03 10:54:11,36,-11,3671.75,14238
2022-10-03 10:54:12,36,7,3671.75,14245
2022-10-03 10:54:13,151,30,3672.5,14275
2022-10-03 10:54:14,165,-44,3672.5,14231
2022-10-03 10:54:15,41,-4,3672.25,14227
2022-10-03 10:54:16,29,-4,3672.25,14223
2022-10-03 10:54:18,183,82,3672.5,14305
2022-10-03 10:54:19,2,2,3672.5,14307
2022-10-03 10:54:20,18,-1,3672.5,14306
2022-10-03 10:54:21,82,-15,3672.25,14291
2022-10-03 10:54:22,76,17,3672.5,14308
2022-10-03 10:54:23,50,21,3672.5,14329
2022-10-03 10:54:24,124,51,3672.5,14380
2022-10-03 10:54:25,41,21,3672.5,14401
2022-10-03 10:54:26,60,-18,3672.5,14383
2022-10-03 10:54:27,72,-9,3672.5,14374
2022-10-03 10:54:28,88,22,3672.5,14396
2022-10-03 10:54:29,132,-47,3672.25,14349
2022-10-03 10:54:30,102,21,3672.5,14370
2022-10-03 10:54:31,55,-7,3672.5,14363
2022-10-03 10:54:32,148,2,3672.5,14365
2022-10-03 10:54:33,137,-17,3671.75,14348
2022-10-03 10:54:34,47,12,3672.0,14360
2022-10-03 10:54:35,12,-9,3671.75,14351
2022-10-03 10:54:36,51,11,3672.0,14362
2022-10-03 10:54:37,94,-5,3672.0,14357
2022-10-03 10:54:38,150,14,3672.0,14371
2022-10-03 10:54:39,929,456,3673.75,14827
2022-10-03 10:54:40,160,-24,3673.25,14803
2022-10-03 10:54:41,148,5,3672.5,14808
2022-10-03 10:54:42,63,-3,3672.5,14805
2022-10-03 10:54:43,273,-13,3672.25,14792
2022-10-03 10:54:44,22,1,3672.5,14793
2022-10-03 10:54:45,77,8,3672.5,14801
2022-10-03 10:54:46,145,-16,3672.5,14785
2022-10-03 10:54:47,61,-16,3672.0,14769
2022-10-03 10:54:48,80,-10,3672.0,14759
2022-10-03 10:54:49,108,-2,3672.25,14757
2022-10-03 10:54:50,74,18,3672.25,14775
2022-10-03 10:54:51,45,14,3672.5,14789
2022-10-03 10:54:52,48,-8,3672.5,14781
2022-10-03 10:54:53,52,14,3672.25,14795
2022-10-03 10:54:54,202,-64,3672.25,14731
2022-10-03 10:54:55,52,-5,3672.25,14726
2022-10-03 10:54:56,156,-58,3671.75,14668
2022-10-03 10:54:57,98,-20,3672.0,14648
2022-10-03 10:54:58,52,3,3672.25,14651
2022-10-03 10:54:59,60,-4,3672.25,14647
2022-10-03 10:55:00,35,10,3672.5,14657
2022-10-03 10:55:01,3,-1,3672.5,14656
2022-10-03 10:55:02,29,16,3672.75,14672
2022-10-03 10:55:03,135,-14,3672.5,14658
2022-10-03 10:55:04,169,-30,3671.75,14628
2022-10-03 10:55:05,259,-2,3671.75,14626
2022-10-03 10:55:06,39,3,3672.25,14629
2022-10-03 10:55:07,67,-15,3672.0,14614
2022-10-03 10:55:08,69,12,3672.0,14626
2022-10-03 10:55:09,46,-15,3672.25,14611
2022-10-03 10:55:10,40,-12,3672.0,14599
2022-10-03 10:55:11,23,13,3672.0,14612
2022-10-03 10:55:12,96,32,3672.25,14644
2022-10-03 10:55:13,94,-10,3672.0,14634
2022-10-03 10:55:14,8,-8,3672.0,14626
2022-10-03 10:55:15,14,4,3672.0,14630
2022-10-03 10:55:16,119,7,3672.0,14637
2022-10-03 10:55:17,149,-27,3672.25,14610
2022-10-03 10:55:18,138,9,3672.0,14619
2022-10-03 10:55:19,286,10,3671.25,14629
2022-10-03 10:55:20,95,-16,3671.0,14613
2022-10-03 10:55:21,68,8,3671.25,14621
2022-10-03 10:55:22,68,2,3671.75,14623
2022-10-03 10:55:23,31,-16,3671.5,14607
2022-10-03 10:55:24,9,1,3671.5,14608
2022-10-03 10:55:25,26,-8,3671.5,14600
2022-10-03 10:55:26,7,-6,3671.5,14594
2022-10-03 10:55:27,29,-3,3671.75,14591
2022-10-03 10:55:28,55,14,3672.25,14605
2022-10-03 10:55:29,86,4,3672.25,14609
2022-10-03 10:55:30,27,-6,3672.25,14603
2022-10-03 10:55:31,30,6,3672.25,14609
2022-10-03 10:55:32,44,9,3672.5,14618
2022-10-03 10:55:33,134,23,3673.0,14641
2022-10-03 10:55:34,48,-9,3672.5,14632
2022-10-03 10:55:35,36,-1,3672.5,14631
2022-10-03 10:55:36,52,-14,3672.5,14617
2022-10-03 10:55:37,56,-25,3672.25,14592
2022-10-03 10:55:38,36,15,3672.0,14607
2022-10-03 10:55:39,59,4,3672.5,14611
2022-10-03 10:55:40,38,-4,3672.5,14607
2022-10-03 10:55:41,61,-7,3672.25,14600
2022-10-03 10:55:42,9,6,3672.25,14606
2022-10-03 10:55:43,127,-48,3672.5,14558
2022-10-03 10:55:44,24,-7,3672.0,14551
2022-10-03 10:55:45,184,126,3672.75,14677
2022-10-03 10:55:46,66,-32,3672.5,14645
2022-10-03 10:55:47,50,6,3672.0,14651
2022-10-03 10:55:48,101,4,3672.75,14655
2022-10-03 10:55:49,69,14,3673.25,14669
2022-10-03 10:55:50,212,31,3673.5,14700
2022-10-03 10:55:51,53,9,3673.25,14709
2022-10-03 10:55:52,212,35,3673.5,14744
2022-10-03 10:55:53,6,0,3673.25,14744
2022-10-03 10:55:54,53,-8,3673.25,14736
2022-10-03 10:55:55,55,-17,3673.25,14719
2022-10-03 10:55:56,92,-10,3672.75,14709
2022-10-03 10:55:57,92,20,3673.25,14729
2022-10-03 10:55:58,34,19,3673.25,14748
2022-10-03 10:55:59,53,2,3673.25,14750
2022-10-03 10:56:00,290,59,3674.0,14809
2022-10-03 10:56:01,181,94,3674.25,14903
2022-10-03 10:56:02,216,36,3674.75,14939
2022-10-03 10:56:03,148,8,3674.75,14947
2022-10-03 10:56:04,263,98,3674.75,15045
2022-10-03 10:56:05,2,2,3674.75,15047
2022-10-03 10:56:06,152,19,3675.0,15066
2022-10-03 10:56:07,169,1,3675.0,15067
2022-10-03 10:56:08,202,108,3675.0,15175
2022-10-03 10:56:09,11,10,3675.0,15185
2022-10-03 10:56:10,186,-7,3675.0,15178
2022-10-03 10:56:11,1,1,3675.0,15179
2022-10-03 10:56:12,36,20,3675.0,15199
2022-10-03 10:56:13,393,192,3675.0,15391
2022-10-03 10:56:14,16,12,3675.0,15403
2022-10-03 10:56:15,18,12,3675.0,15415
2022-10-03 10:56:16,127,55,3675.0,15470
2022-10-03 10:56:17,51,27,3675.0,15497
2022-10-03 10:56:18,98,62,3675.0,15559
2022-10-03 10:56:19,16,9,3675.0,15568
2022-10-03 10:56:20,63,38,3675.0,15606
2022-10-03 10:56:21,20,14,3675.0,15620
2022-10-03 10:56:22,158,-34,3674.75,15586
2022-10-03 10:56:23,97,-17,3674.75,15569
2022-10-03 10:56:24,113,-30,3674.75,15539
2022-10-03 10:56:25,338,-217,3674.75,15322
2022-10-03 10:56:26,67,1,3674.5,15323
2022-10-03 10:56:27,51,-2,3674.5,15321
2022-10-03 10:56:28,100,7,3674.75,15328
2022-10-03 10:56:29,22,-7,3674.75,15321
2022-10-03 10:56:30,142,-24,3675.0,15297
2022-10-03 10:56:31,19,-3,3675.0,15294
2022-10-03 10:56:32,16,12,3675.0,15306
2022-10-03 10:56:33,2,-2,3674.75,15304
2022-10-03 10:56:34,176,-37,3675.0,15267
2022-10-03 10:56:35,36,4,3674.75,15271
2022-10-03 10:56:36,54,9,3674.75,15280
2022-10-03 10:56:37,129,-2,3674.5,15278
2022-10-03 10:56:38,56,12,3674.75,15290
2022-10-03 10:56:39,9,8,3674.75,15298
2022-10-03 10:56:40,28,-8,3675.0,15290
2022-10-03 10:56:41,136,-1,3675.0,15289
2022-10-03 10:56:42,84,-9,3674.75,15280
2022-10-03 10:56:43,75,-16,3674.75,15264
2022-10-03 10:56:44,63,-29,3674.5,15235
2022-10-03 10:56:45,206,-60,3674.5,15175
2022-10-03 10:56:46,269,-29,3674.0,15146
2022-10-03 10:56:47,247,-21,3673.5,15125
2022-10-03 10:56:48,113,-1,3673.25,15124
2022-10-03 10:56:49,538,-182,3673.0,14942
2022-10-03 10:56:50,56,9,3672.25,14951
2022-10-03 10:56:51,46,33,3672.25,14984
2022-10-03 10:56:52,125,1,3672.25,14985
2022-10-03 10:56:53,28,2,3672.25,14987
2022-10-03 10:56:54,42,-12,3672.25,14975
2022-10-03 10:56:55,40,3,3672.0,14978
2022-10-03 10:56:56,78,18,3672.25,14996
2022-10-03 10:56:57,118,20,3672.25,15016
2022-10-03 10:56:58,232,84,3672.5,15100
2022-10-03 10:56:59,109,26,3672.25,15126
2022-10-03 10:57:00,164,-37,3672.25,15089
2022-10-03 10:57:01,191,-54,3672.0,15035
2022-10-03 10:57:02,59,12,3672.0,15047
2022-10-03 10:57:03,28,11,3672.0,15058
2022-10-03 10:57:04,124,-16,3672.25,15042
2022-10-03 10:57:05,4,-4,3671.5,15038
2022-10-03 10:57:06,147,-10,3671.5,15028
2022-10-03 10:57:07,55,-6,3671.5,15022
2022-10-03 10:57:08,72,21,3672.0,15043
2022-10-03 10:57:09,11,-1,3672.0,15042
2022-10-03 10:57:10,136,-43,3671.75,14999
2022-10-03 10:57:11,200,-16,3671.5,14983
2022-10-03 10:57:12,78,17,3672.0,15000
2022-10-03 10:57:13,98,21,3672.25,15021
2022-10-03 10:57:14,49,2,3672.25,15023
2022-10-03 10:57:15,154,-27,3672.5,14996
2022-10-03 10:57:16,27,-9,3672.25,14987
2022-10-03 10:57:17,139,54,3672.5,15041
2022-10-03 10:57:18,109,7,3672.5,15048
2022-10-03 10:57:19,13,9,3672.25,15057
2022-10-03 10:57:20,32,7,3672.25,15064
2022-10-03 10:57:21,111,-3,3672.25,15061
2022-10-03 10:57:22,571,202,3673.25,15263
2022-10-03 10:57:23,128,-10,3673.25,15253
2022-10-03 10:57:24,67,7,3672.75,15260
2022-10-03 10:57:25,27,0,3672.75,15260
2022-10-03 10:57:26,200,77,3673.0,15337
2022-10-03 10:57:27,8,5,3673.0,15342
2022-10-03 10:57:28,125,-11,3673.25,15331
2022-10-03 10:57:29,19,0,3673.5,15331
2022-10-03 10:57:30,96,35,3673.5,15366
2022-10-03 10:57:31,39,-4,3673.75,15362
2022-10-03 10:57:32,10,8,3673.75,15370
2022-10-03 10:57:33,212,3,3673.75,15373
2022-10-03 10:57:34,34,-10,3673.75,15363
2022-10-03 10:57:35,58,19,3673.75,15382
2022-10-03 10:57:36,26,-1,3673.5,15381
2022-10-03 10:57:37,300,-80,3673.5,15301
2022-10-03 10:57:38,30,-7,3673.25,15294
2022-10-03 10:57:39,31,0,3672.75,15294
2022-10-03 10:57:40,19,-3,3672.75,15291
2022-10-03 10:57:41,98,41,3673.0,15332
2022-10-03 10:57:42,18,-5,3673.0,15327
2022-10-03 10:57:43,36,5,3672.75,15332
2022-10-03 10:57:44,10,4,3672.5,15336
2022-10-03 10:57:45,12,9,3672.75,15345
2022-10-03 10:57:46,56,-4,3672.75,15341
2022-10-03 10:57:47,7,-6,3672.75,15335
2022-10-03 10:57:48,59,1,3673.0,15336
2022-10-03 10:57:49,254,-166,3673.25,15170
2022-10-03 10:57:50,137,-35,3673.0,15135
2022-10-03 10:57:51,19,-16,3672.5,15119
2022-10-03 10:57:52,85,-22,3672.0,15097
2022-10-03 10:57:53,48,-14,3671.75,15083
2022-10-03 10:57:54,12,-3,3671.75,15080
2022-10-03 10:57:55,24,3,3671.75,15083
2022-10-03 10:57:56,59,30,3672.0,15113
2022-10-03 10:57:57,61,20,3672.5,15133
2022-10-03 10:57:58,21,2,3672.75,15135
2022-10-03 10:57:59,119,4,3672.5,15139
2022-10-03 10:58:00,53,6,3672.5,15145
2022-10-03 10:58:01,43,4,3672.5,15149
2022-10-03 10:58:02,23,-1,3672.5,15148
2022-10-03 10:58:03,27,10,3672.5,15158
2022-10-03 10:58:04,59,-3,3672.5,15155
2022-10-03 10:58:05,29,-16,3672.25,15139
2022-10-03 10:58:06,82,4,3672.0,15143
2022-10-03 10:58:07,31,-5,3672.0,15138
2022-10-03 10:58:08,36,-7,3672.25,15131
2022-10-03 10:58:09,40,10,3672.75,15141
2022-10-03 10:58:10,53,-17,3673.0,15124
2022-10-03 10:58:11,59,7,3672.75,15131
2022-10-03 10:58:12,36,-14,3672.5,15117
2022-10-03 10:58:13,66,-8,3672.0,15109
2022-10-03 10:58:14,22,12,3671.75,15121
2022-10-03 10:58:15,67,11,3672.0,15132
2022-10-03 10:58:16,16,9,3671.75,15141
2022-10-03 10:58:17,60,8,3671.75,15149
2022-10-03 10:58:18,26,0,3671.75,15149
2022-10-03 10:58:19,5,3,3672.0,15152
2022-10-03 10:58:20,54,14,3671.75,15166
2022-10-03 10:58:21,54,-1,3672.0,15165
2022-10-03 10:58:22,43,-4,3672.25,15161
2022-10-03 10:58:23,27,-3,3672.25,15158
2022-10-03 10:58:24,12,-10,3672.0,15148
2022-10-03 10:58:25,61,15,3672.25,15163
2022-10-03 10:58:26,12,6,3672.0,15169
2022-10-03 10:58:28,26,12,3672.5,15181
2022-10-03 10:58:29,20,-10,3672.25,15171
2022-10-03 10:58:30,36,5,3672.5,15176
2022-10-03 10:58:31,22,5,3672.75,15181
2022-10-03 10:58:32,325,-114,3672.75,15067
2022-10-03 10:58:33,4,-2,3672.25,15065
2022-10-03 10:58:34,2,0,3672.25,15065
2022-10-03 10:58:35,108,-54,3672.0,15011
2022-10-03 10:58:36,141,-13,3671.5,14998
2022-10-03 10:58:37,86,10,3671.75,15008
2022-10-03 10:58:38,142,-67,3671.5,14941
2022-10-03 10:58:39,126,-39,3671.25,14902
2022-10-03 10:58:40,169,-85,3670.5,14817
2022-10-03 10:58:41,65,10,3670.5,14827
2022-10-03 10:58:42,105,29,3670.75,14856
2022-10-03 10:58:43,27,-12,3671.0,14844
2022-10-03 10:58:44,65,20,3671.0,14864
2022-10-03 10:58:45,54,-35,3671.0,14829
2022-10-03 10:58:46,33,-13,3670.75,14816
2022-10-03 10:58:47,60,11,3671.0,14827
2022-10-03 10:58:48,47,25,3671.5,14852
2022-10-03 10:58:49,43,18,3671.5,14870
2022-10-03 10:58:50,105,55,3671.5,14925
2022-10-03 10:58:51,73,-16,3671.5,14909
2022-10-03 10:58:52,102,39,3672.0,14948
2022-10-03 10:58:53,96,5,3672.0,14953
2022-10-03 10:58:54,98,-34,3672.0,14919
2022-10-03 10:58:55,20,-6,3671.25,14913
2022-10-03 10:58:56,43,11,3671.75,14924
2022-10-03 10:58:57,18,-2,3671.5,14922
2022-10-03 10:58:58,96,-15,3671.5,14907
2022-10-03 10:58:59,39,16,3671.25,14923
2022-10-03 10:59:00,296,-110,3671.25,14813
2022-10-03 10:59:01,102,-15,3671.0,14798
2022-10-03 10:59:02,134,-9,3671.0,14789
2022-10-03 10:59:03,36,8,3670.5,14797
2022-10-03 10:59:04,115,-42,3671.0,14755
2022-10-03 10:59:05,44,-5,3670.75,14750
2022-10-03 10:59:06,287,139,3671.0,14889
2022-10-03 10:59:07,16,12,3670.75,14901
2022-10-03 10:59:08,31,0,3670.75,14901
2022-10-03 10:59:09,75,24,3670.75,14925
2022-10-03 10:59:10,70,-8,3670.75,14917
2022-10-03 10:59:11,134,60,3671.0,14977
2022-10-03 10:59:12,60,-28,3671.0,14949
2022-10-03 10:59:13,269,63,3671.75,15012
2022-10-03 10:59:14,42,-4,3671.5,15008
2022-10-03 10:59:15,60,1,3671.75,15009
2022-10-03 10:59:16,44,-3,3672.0,15006
2022-10-03 10:59:17,24,-1,3671.5,15005
2022-10-03 10:59:18,4,-2,3671.75,15003
2022-10-03 10:59:19,70,-8,3671.5,14995
2022-10-03 10:59:20,140,-40,3671.5,14955
2022-10-03 10:59:21,54,-8,3671.5,14947
2022-10-03 10:59:22,94,-37,3671.5,14910
2022-10-03 10:59:23,46,18,3671.0,14928
2022-10-03 10:59:24,53,2,3671.0,14930
2022-10-03 10:59:25,561,-417,3671.25,14513
2022-10-03 10:59:26,290,12,3670.75,14525
2022-10-03 10:59:27,52,36,3671.0,14561
2022-10-03 10:59:28,54,30,3671.0,14591
2022-10-03 10:59:29,74,21,3671.0,14612
2022-10-03 10:59:30,99,16,3671.25,14628
2022-10-03 10:59:31,34,-2,3671.0,14626
2022-10-03 10:59:32,43,-4,3671.0,14622
2022-10-03 10:59:33,7,7,3671.25,14629
2022-10-03 10:59:34,34,16,3671.5,14645
2022-10-03 10:59:35,94,46,3671.75,14691
2022-10-03 10:59:36,43,1,3671.5,14692
2022-10-03 10:59:37,742,-401,3671.25,14291
2022-10-03 10:59:38,129,-9,3670.5,14282
2022-10-03 10:59:39,122,-36,3670.5,14246
2022-10-03 10:59:40,29,-3,3670.75,14243
2022-10-03 10:59:41,1,1,3670.5,14244
2022-10-03 10:59:42,87,-17,3670.5,14227
2022-10-03 10:59:43,149,-62,3670.0,14165
2022-10-03 10:59:44,61,8,3670.0,14173
2022-10-03 10:59:45,100,5,3670.0,14178
2022-10-03 10:59:46,160,-52,3670.25,14126
2022-10-03 10:59:47,231,-112,3670.0,14014
2022-10-03 10:59:48,139,-81,3669.5,13933
2022-10-03 10:59:49,162,-52,3669.25,13881
2022-10-03 10:59:50,166,25,3669.5,13906
2022-10-03 10:59:51,137,-23,3669.75,13883
2022-10-03 10:59:52,199,-83,3669.25,13800
2022-10-03 10:59:53,79,-1,3669.0,13799
2022-10-03 10:59:54,73,7,3669.0,13806
2022-10-03 10:59:55,164,-41,3669.0,13765
2022-10-03 10:59:56,56,11,3668.75,13776
2022-10-03 10:59:57,211,-45,3669.0,13731
2022-10-03 10:59:58,72,21,3669.0,13752
2022-10-03 10:59:59,140,15,3669.0,13767
2022-10-03 11:00:00,438,46,3669.5,13813
2022-10-03 11:00:01,114,34,3669.25,13847
2022-10-03 11:00:02,44,16,3669.25,13863
2022-10-03 11:00:03,55,-17,3669.25,13846
2022-10-03 11:00:04,246,-61,3668.75,13785
2022-10-03 11:00:05,244,-5,3668.5,13780
2022-10-03 11:00:06,73,20,3668.75,13800
2022-10-03 11:00:07,60,-2,3668.75,13798
2022-10-03 11:00:08,78,25,3669.25,13823
2022-10-03 11:00:09,64,4,3669.25,13827
2022-10-03 11:00:10,196,6,3669.75,13833
2022-10-03 11:00:11,276,54,3670.25,13887
2022-10-03 11:00:12,151,-39,3670.25,13848
2022-10-03 11:00:13,25,23,3670.0,13871
2022-10-03 11:00:14,87,44,3670.25,13915
2022-10-03 11:00:15,197,-24,3670.25,13891
2022-10-03 11:00:16,85,-4,3669.75,13887
2022-10-03 11:00:17,54,-16,3669.75,13871
2022-10-03 11:00:18,163,-24,3669.75,13847
2022-10-03 11:00:19,215,-50,3670.0,13797
2022-10-03 11:00:20,46,31,3670.0,13828
2022-10-03 11:00:21,6,2,3670.0,13830
2022-10-03 11:00:22,303,25,3670.5,13855
2022-10-03 11:00:23,52,-9,3670.25,13846
2022-10-03 11:00:24,210,73,3671.0,13919
2022-10-03 11:00:25,124,-15,3671.0,13904
2022-10-03 11:00:26,30,6,3670.75,13910
2022-10-03 11:00:27,4,1,3670.75,13911
2022-10-03 11:00:28,120,-32,3670.5,13879
2022-10-03 11:00:29,108,-14,3671.0,13865
2022-10-03 11:00:30,37,2,3671.0,13867
2022-10-03 11:00:31,7,4,3670.75,13871
2022-10-03 11:00:32,56,-11,3671.0,13860
2022-10-03 11:00:33,16,-1,3670.75,13859
2022-10-03 11:00:34,31,-13,3670.5,13846
2022-10-03 11:00:35,83,-18,3670.25,13828
2022-10-03 11:00:36,36,-5,3670.25,13823
2022-10-03 11:00:37,25,1,3670.0,13824
2022-10-03 11:00:38,49,7,3670.25,13831
2022-10-03 11:00:39,53,-29,3670.0,13802
2022-10-03 11:00:40,92,-34,3669.25,13768
2022-10-03 11:00:41,142,-50,3669.0,13718
2022-10-03 11:00:42,103,-27,3668.5,13691
2022-10-03 11:00:43,76,1,3668.5,13692
2022-10-03 11:00:44,87,11,3668.75,13703
2022-10-03 11:00:45,56,-1,3669.25,13702
2022-10-03 11:00:46,38,-8,3669.0,13694
2022-10-03 11:00:47,37,9,3669.25,13703
2022-10-03 11:00:48,3,1,3669.25,13704
2022-10-03 11:00:49,44,-1,3669.25,13703
2022-10-03 11:00:50,70,27,3669.25,13730
2022-10-03 11:00:51,156,21,3669.25,13751
2022-10-03 11:00:52,63,-6,3669.25,13745
2022-10-03 11:00:53,51,22,3669.25,13767
2022-10-03 11:00:54,107,-17,3669.5,13750
2022-10-03 11:00:55,63,-1,3669.5,13749
2022-10-03 11:00:56,1,-1,3669.25,13748
2022-10-03 11:00:57,83,-39,3669.5,13709
2022-10-03 11:00:58,28,-8,3669.0,13701
2022-10-03 11:00:59,160,-73,3669.0,13628
2022-10-03 11:01:00,59,14,3669.0,13642
2022-10-03 11:01:01,165,-13,3669.0,13629
2022-10-03 11:01:02,4,4,3669.0,13633
2022-10-03 11:01:03,263,-94,3668.75,13539
2022-10-03 11:01:04,160,136,3668.75,13675
2022-10-03 11:01:05,110,-16,3668.5,13659
2022-10-03 11:01:06,45,-6,3668.75,13653
2022-10-03 11:01:07,25,-10,3668.75,13643
2022-10-03 11:01:08,54,25,3668.75,13668
2022-10-03 11:01:09,114,-32,3669.0,13636
2022-10-03 11:01:10,74,11,3668.75,13647
2022-10-03 11:01:11,34,-4,3669.0,13643
2022-10-03 11:01:12,56,-13,3668.75,13630
2022-10-03 11:01:13,38,32,3669.0,13662
2022-10-03 11:01:14,43,-5,3669.25,13657
2022-10-03 11:01:15,47,-9,3669.25,13648
2022-10-03 11:01:16,64,-36,3669.0,13612
2022-10-03 11:01:17,3,1,3668.75,13613
2022-10-03 11:01:18,134,4,3668.75,13617
2022-10-03 11:01:19,46,12,3669.0,13629
2022-10-03 11:01:20,21,9,3669.0,13638
2022-10-03 11:01:21,7,-2,3669.25,13636
2022-10-03 11:01:22,83,-25,3669.0,13611
2022-10-03 11:01:23,6,2,3669.0,13613
2022-10-03 11:01:24,85,-2,3669.0,13611
2022-10-03 11:01:25,117,24,3669.25,13635
2022-10-03 11:01:26,141,-25,3669.0,13610
2022-10-03 11:01:27,104,-39,3668.75,13571
2022-10-03 11:01:28,74,-32,3668.75,13539
2022-10-03 11:01:29,4,0,3668.75,13539
2022-10-03 11:01:30,71,32,3668.75,13571
2022-10-03 11:01:31,149,-57,3668.75,13514
2022-10-03 11:01:32,176,-50,3668.5,13464
2022-10-03 11:01:33,52,27,3668.0,13491
2022-10-03 11:01:34,47,25,3668.25,13516
2022-10-03 11:01:35,27,6,3668.25,13522
2022-10-03 11:01:36,39,13,3668.25,13535
2022-10-03 11:01:37,44,-25,3668.5,13510
2022-10-03 11:01:38,108,-50,3668.5,13460
2022-10-03 11:01:39,49,-4,3668.25,13456
2022-10-03 11:01:40,72,-26,3668.25,13430
2022-10-03 11:01:41,1,-1,3668.0,13429
2022-10-03 11:01:42,58,-11,3668.25,13418
2022-10-03 11:01:43,14,-6,3668.0,13412
2022-10-03 11:01:44,15,-10,3668.0,13402
2022-10-03 11:01:45,95,-49,3667.75,13353
2022-10-03 11:01:46,10,-8,3667.75,13345
2022-10-03 11:01:47,63,-3,3668.0,13342
2022-10-03 11:01:48,65,13,3668.0,13355
2022-10-03 11:01:49,50,-29,3668.0,13326
2022-10-03 11:01:50,92,-37,3668.0,13289
2022-10-03 11:01:51,147,-9,3667.25,13280
2022-10-03 11:01:52,46,11,3667.25,13291
2022-10-03 11:01:53,11,-7,3667.5,13284
2022-10-03 11:01:54,39,-14,3667.5,13270
2022-10-03 11:01:55,62,5,3667.5,13275
2022-10-03 11:01:56,55,12,3667.5,13287
2022-10-03 11:01:57,33,-1,3667.25,13286
2022-10-03 11:01:58,237,-21,3667.25,13265
2022-10-03 11:01:59,14,-5,3667.25,13260
2022-10-03 11:02:00,25,10,3667.25,13270
2022-10-03 11:02:01,5,1,3667.25,13271
2022-10-03 11:02:02,94,-12,3667.25,13259
2022-10-03 11:02:03,3,1,3667.25,13260
2022-10-03 11:02:04,41,19,3667.5,13279
2022-10-03 11:02:05,77,5,3667.5,13284
2022-10-03 11:02:06,112,5,3667.5,13289
2022-10-03 11:02:07,61,-2,3667.25,13287
2022-10-03 11:02:08,105,-9,3667.25,13278
2022-10-03 11:02:09,179,-15,3667.25,13263
2022-10-03 11:02:10,44,-19,3667.25,13244
2022-10-03 11:02:11,176,-34,3666.75,13210
2022-10-03 11:02:12,134,10,3666.75,13220
2022-10-03 11:02:13,299,-21,3667.25,13199
2022-10-03 11:02:14,35,20,3667.25,13219
2022-10-03 11:02:15,105,25,3667.75,13244
2022-10-03 11:02:16,275,130,3668.5,13374
2022-10-03 11:02:17,96,18,3668.5,13392
2022-10-03 11:02:18,140,20,3668.75,13412
2022-10-03 11:02:19,36,25,3668.75,13437
2022-10-03 11:02:20,41,1,3669.0,13438
2022-10-03 11:02:21,177,-72,3668.5,13366
2022-10-03 11:02:22,63,1,3668.75,13367
2022-10-03 11:02:23,28,-12,3668.75,13355
2022-10-03 11:02:24,89,23,3668.75,13378
2022-10-03 11:02:25,42,20,3668.5,13398
2022-10-03 11:02:26,17,2,3668.5,13400
2022-10-03 11:02:27,7,3,3668.5,13403
2022-10-03 11:02:28,19,9,3668.75,13412
2022-10-03 11:02:29,161,10,3668.75,13422
2022-10-03 11:02:30,74,-11,3668.75,13411
2022-10-03 11:02:31,142,-14,3668.25,13397
2022-10-03 11:02:32,66,-10,3668.0,13387
2022-10-03 11:02:33,131,14,3668.0,13401
2022-10-03 11:02:34,60,-11,3668.0,13390
2022-10-03 11:02:35,7,2,3667.75,13392
2022-10-03 11:02:36,37,-13,3667.75,13379
2022-10-03 11:02:37,169,41,3668.25,13420
2022-10-03 11:02:38,80,22,3668.5,13442
2022-10-03 11:02:39,70,17,3668.25,13459
2022-10-03 11:02:40,41,-8,3668.25,13451
2022-10-03 11:02:41,98,18,3668.25,13469
2022-10-03 11:02:42,30,7,3668.0,13476
2022-10-03 11:02:43,57,-9,3668.0,13467
2022-10-03 11:02:44,54,-28,3668.0,13439
2022-10-03 11:02:45,6,5,3667.75,13444
2022-10-03 11:02:46,46,17,3667.75,13461
2022-10-03 11:02:47,102,16,3668.25,13477
2022-10-03 11:02:48,133,-1,3668.5,13476
2022-10-03 11:02:49,76,30,3668.5,13506
2022-10-03 11:02:50,99,6,3668.5,13512
2022-10-03 11:02:51,36,7,3668.5,13519
2022-10-03 11:02:52,82,19,3668.75,13538
2022-10-03 11:02:53,72,-6,3668.75,13532
2022-10-03 11:02:54,101,-21,3668.75,13511
2022-10-03 11:02:55,5,-4,3668.5,13507
2022-10-03 11:02:56,121,51,3669.0,13558
2022-10-03 11:02:57,1,1,3669.0,13559
2022-10-03 11:02:58,22,10,3669.0,13569
2022-10-03 11:02:59,64,-17,3669.0,13552
2022-10-03 11:03:00,78,39,3669.0,13591
2022-10-03 11:03:01,407,99,3669.5,13690
2022-10-03 11:03:02,116,25,3669.75,13715
2022-10-03 11:03:03,161,19,3669.5,13734
2022-10-03 11:03:04,103,-67,3669.0,13667
2022-10-03 11:03:05,97,19,3669.0,13686
2022-10-03 11:03:06,3,1,3668.75,13687
2022-10-03 11:03:07,90,15,3669.0,13702
2022-10-03 11:03:08,29,5,3669.0,13707
2022-10-03 11:03:09,46,-3,3669.0,13704
2022-10-03 11:03:10,131,-60,3668.75,13644
2022-10-03 11:03:11,94,17,3669.0,13661
2022-10-03 11:03:12,64,-8,3669.25,13653
2022-10-03 11:03:13,60,-23,3669.0,13630
2022-10-03 11:03:14,36,-6,3669.0,13624
2022-10-03 11:03:15,107,-17,3668.75,13607
2022-10-03 11:03:16,49,14,3668.75,13621
2022-10-03 11:03:17,57,13,3669.25,13634
2022-10-03 11:03:18,3,3,3669.25,13637
2022-10-03 11:03:19,70,-23,3669.0,13614
2022-10-03 11:03:20,19,13,3668.75,13627
2022-10-03 11:03:21,49,13,3669.0,13640
2022-10-03 11:03:22,17,12,3669.0,13652
2022-10-03 11:03:23,9,-4,3669.0,13648
2022-10-03 11:03:24,33,6,3669.0,13654
2022-10-03 11:03:25,34,17,3669.0,13671
2022-10-03 11:03:26,35,11,3669.5,13682
2022-10-03 11:03:27,32,6,3669.5,13688
2022-10-03 11:03:28,27,9,3669.25,13697
2022-10-03 11:03:29,37,15,3669.25,13712
2022-10-03 11:03:30,5,3,3669.5,13715
2022-10-03 11:03:31,95,-56,3669.25,13659
2022-10-03 11:03:32,32,17,3669.0,13676
2022-10-03 11:03:33,32,-16,3669.0,13660
2022-10-03 11:03:34,111,-63,3668.75,13597
2022-10-03 11:03:35,29,1,3668.5,13598
2022-10-03 11:03:36,104,-46,3668.5,13552
2022-10-03 11:03:37,105,-24,3668.5,13528
2022-10-03 11:03:38,53,10,3668.25,13538
2022-10-03 11:03:39,30,16,3668.5,13554
2022-10-03 11:03:40,69,-18,3668.75,13536
2022-10-03 11:03:41,8,3,3668.25,13539
2022-10-03 11:03:42,67,13,3668.5,13552
2022-10-03 11:03:43,4,-2,3668.5,13550
2022-10-03 11:03:44,82,2,3668.75,13552
2022-10-03 11:03:45,130,33,3669.0,13585
2022-10-03 11:03:46,59,-4,3669.0,13581
2022-10-03 11:03:47,22,-17,3669.0,13564
2022-10-03 11:03:48,175,63,3669.0,13627
2022-10-03 11:03:49,91,17,3669.25,13644
2022-10-03 11:03:50,195,36,3669.5,13680
2022-10-03 11:03:51,4,2,3669.75,13682
2022-10-03 11:03:52,70,41,3669.75,13723
2022-10-03 11:03:53,44,-1,3669.75,13722
2022-10-03 11:03:54,33,-6,3669.75,13716
2022-10-03 11:03:55,35,7,3669.75,13723
2022-10-03 11:03:56,1,1,3669.75,13724
2022-10-03 11:03:57,51,-18,3669.75,13706
2022-10-03 11:03:58,36,0,3669.5,13706
2022-10-03 11:03:59,32,-16,3669.25,13690
2022-10-03 11:04:00,21,20,3669.5,13710
2022-10-03 11:04:01,88,-38,3669.5,13672
2022-10-03 11:04:02,75,17,3669.25,13689
2022-10-03 11:04:03,95,-1,3669.25,13688
2022-10-03 11:04:04,8,-7,3669.25,13681
2022-10-03 11:04:05,30,23,3669.25,13704
2022-10-03 11:04:06,67,-42,3669.25,13662
2022-10-03 11:04:07,17,-12,3669.0,13650
2022-10-03 11:04:08,109,-61,3669.0,13589
2022-10-03 11:04:09,107,29,3669.25,13618
2022-10-03 11:04:10,86,16,3669.75,13634
2022-10-03 11:04:11,10,3,3669.75,13637
2022-10-03 11:04:12,2,2,3669.75,13639
2022-10-03 11:04:13,3,1,3669.75,13640
2022-10-03 11:04:14,197,24,3669.75,13664
2022-10-03 11:04:15,98,-10,3669.75,13654
2022-10-03 11:04:16,61,-23,3669.5,13631
2022-10-03 11:04:17,2,0,3669.25,13631
2022-10-03 11:04:18,122,4,3669.25,13635
2022-10-03 11:04:19,71,28,3669.25,13663
2022-10-03 11:04:20,75,-42,3669.5,13621
2022-10-03 11:04:21,73,-32,3669.0,13589
2022-10-03 11:04:22,96,-27,3669.0,13562
2022-10-03 11:04:23,1,-1,3668.75,13561
2022-10-03 11:04:24,126,-12,3669.0,13549
2022-10-03 11:04:25,91,-36,3668.75,13513
2022-10-03 11:04:26,47,-20,3668.75,13493
2022-10-03 11:04:27,1,1,3668.75,13494
2022-10-03 11:04:28,77,-9,3668.75,13485
2022-10-03 11:04:29,60,-24,3668.5,13461
2022-10-03 11:04:30,100,7,3668.5,13468
2022-10-03 11:04:31,4,0,3668.5,13468
2022-10-03 11:04:32,78,-4,3668.5,13464
2022-10-03 11:04:33,106,-38,3668.5,13426
2022-10-03 11:04:34,74,-3,3668.5,13423
2022-10-03 11:04:35,55,-8,3668.5,13415
2022-10-03 11:04:36,84,6,3668.25,13421
2022-10-03 11:04:37,1,1,3668.25,13422
2022-10-03 11:04:38,52,6,3668.25,13428
2022-10-03 11:04:39,54,-24,3668.25,13404
2022-10-03 11:04:40,10,-6,3668.0,13398
2022-10-03 11:04:41,141,13,3668.25,13411
2022-10-03 11:04:43,168,-13,3668.25,13398
2022-10-03 11:04:44,33,-9,3668.0,13389
2022-10-03 11:04:45,52,-21,3668.0,13368
2022-10-03 11:04:46,213,11,3668.0,13379
2022-10-03 11:04:47,47,7,3668.0,13386
2022-10-03 11:04:48,95,-6,3668.0,13380
2022-10-03 11:04:49,78,-28,3668.0,13352
2022-10-03 11:04:50,66,2,3667.75,13354
2022-10-03 11:04:51,114,17,3668.0,13371
2022-10-03 11:04:52,52,-46,3668.0,13325
2022-10-03 11:04:53,102,-48,3667.75,13277
2022-10-03 11:04:54,2,2,3667.75,13279
2022-10-03 11:04:55,30,13,3667.75,13292
2022-10-03 11:04:56,87,13,3667.75,13305
2022-10-03 11:04:57,81,11,3667.75,13316
2022-10-03 11:04:58,22,13,3667.75,13329
2022-10-03 11:04:59,6,2,3667.75,13331
2022-10-03 11:05:00,126,-46,3667.75,13285
2022-10-03 11:05:01,126,43,3667.75,13328
2022-10-03 11:05:02,120,28,3668.25,13356
2022-10-03 11:05:03,9,0,3668.25,13356
2022-10-03 11:05:04,8,-2,3668.25,13354
2022-10-03 11:05:05,28,-15,3668.25,13339
2022-10-03 11:05:06,310,-77,3668.0,13262
2022-10-03 11:05:07,58,-46,3667.5,13216
2022-10-03 11:05:08,42,6,3667.0,13222
2022-10-03 11:05:09,68,-15,3667.25,13207
2022-10-03 11:05:10,8,0,3667.0,13207
2022-10-03 11:05:11,173,-65,3666.75,13142
2022-10-03 11:05:12,46,5,3667.0,13147
2022-10-03 11:05:13,33,-14,3667.0,13133
2022-10-03 11:05:14,52,15,3667.0,13148
2022-10-03 11:05:15,95,24,3667.75,13172
2022-10-03 11:05:16,27,0,3667.75,13172
2022-10-03 11:05:17,165,27,3668.25,13199
2022-10-03 11:05:18,16,9,3668.5,13208
2022-10-03 11:05:19,115,8,3668.5,13216
2022-10-03 11:05:20,331,89,3669.25,13305
2022-10-03 11:05:21,30,12,3669.0,13317
2022-10-03 11:05:22,189,14,3669.25,13331
2022-10-03 11:05:23,62,23,3669.25,13354
2022-10-03 11:05:24,36,20,3669.25,13374
2022-10-03 11:05:25,91,-23,3669.25,13351
2022-10-03 11:05:26,20,-9,3669.5,13342
2022-10-03 11:05:27,18,-3,3669.5,13339
2022-10-03 11:05:28,47,-20,3669.5,13319
2022-10-03 11:05:29,5,1,3669.5,13320
2022-10-03 11:05:30,120,-26,3669.25,13294
2022-10-03 11:05:31,188,-68,3669.0,13226
2022-10-03 11:05:32,126,-33,3668.0,13193
2022-10-03 11:05:33,87,30,3668.0,13223
2022-10-03 11:05:34,49,-5,3668.25,13218
2022-10-03 11:05:35,7,3,3668.5,13221
2022-10-03 11:05:36,60,-18,3668.75,13203
2022-10-03 11:05:37,51,30,3668.5,13233
2022-10-03 11:05:38,28,4,3668.5,13237
2022-10-03 11:05:39,66,-36,3668.75,13201
2022-10-03 11:05:40,483,-255,3668.75,12946
2022-10-03 11:05:41,208,-34,3668.0,12912
2022-10-03 11:05:42,24,16,3668.25,12928
2022-10-03 11:05:43,84,-2,3668.5,12926
2022-10-03 11:05:44,1,1,3668.5,12927
2022-10-03 11:05:45,72,-11,3668.5,12916
2022-10-03 11:05:46,82,-33,3668.5,12883
2022-10-03 11:05:47,23,-9,3668.5,12874
2022-10-03 11:05:48,79,10,3668.5,12884
2022-10-03 11:05:49,31,-8,3668.5,12876
2022-10-03 11:05:50,48,9,3668.75,12885
2022-10-03 11:05:51,24,-11,3668.25,12874
2022-10-03 11:05:52,16,1,3668.5,12875
2022-10-03 11:05:53,33,-2,3668.5,12873
2022-10-03 11:05:54,14,9,3668.5,12882
2022-10-03 11:05:55,41,-3,3668.5,12879
2022-10-03 11:05:56,41,1,3668.5,12880
2022-10-03 11:05:57,105,31,3668.75,12911
2022-10-03 11:05:58,67,-4,3668.75,12907
2022-10-03 11:05:59,47,22,3669.0,12929
2022-10-03 11:06:00,52,4,3669.0,12933
2022-10-03 11:06:01,60,-18,3669.0,12915
2022-10-03 11:06:02,8,5,3669.0,12920
2022-10-03 11:06:03,71,-5,3669.25,12915
2022-10-03 11:06:04,17,7,3669.0,12922
2022-10-03 11:06:05,23,-19,3669.0,12903
2022-10-03 11:06:06,78,-8,3668.5,12895
2022-10-03 11:06:07,11,2,3668.5,12897
2022-10-03 11:06:08,173,-22,3668.5,12875
2022-10-03 11:06:09,89,41,3669.0,12916
2022-10-03 11:06:10,42,19,3669.0,12935
2022-10-03 11:06:11,49,-15,3669.0,12920
2022-10-03 11:06:12,3,2,3669.25,12922
2022-10-03 11:06:13,9,8,3669.25,12930
2022-10-03 11:06:14,116,-32,3669.0,12898
2022-10-03 11:06:15,27,5,3669.0,12903
2022-10-03 11:06:16,27,-13,3668.75,12890
2022-10-03 11:06:17,12,8,3668.75,12898
2022-10-03 11:06:18,68,12,3668.75,12910
2022-10-03 11:06:19,57,-5,3669.0,12905
2022-10-03 11:06:20,55,-37,3668.75,12868
2022-10-03 11:06:21,12,11,3668.75,12879
2022-10-03 11:06:22,59,2,3669.0,12881
2022-10-03 11:06:23,28,-24,3668.75,12857
2022-10-03 11:06:24,26,16,3668.5,12873
2022-10-03 11:06:25,76,1,3669.0,12874
2022-10-03 11:06:26,37,-1,3668.75,12873
2022-10-03 11:06:27,35,-7,3668.5,12866
2022-10-03 11:06:28,36,-23,3668.5,12843
2022-10-03 11:06:29,45,9,3668.75,12852
2022-10-03 11:06:30,216,47,3668.5,12899
2022-10-03 11:06:31,82,-38,3668.5,12861
2022-10-03 11:06:32,102,26,3668.5,12887
2022-10-03 11:06:33,55,10,3668.75,12897
2022-10-03 11:06:34,92,3,3668.75,12900
2022-10-03 11:06:35,28,12,3669.0,12912
2022-10-03 11:06:36,39,-5,3668.75,12907
2022-10-03 11:06:37,9,8,3668.75,12915
2022-10-03 11:06:38,34,1,3669.0,12916
2022-10-03 11:06:39,8,7,3668.75,12923
2022-10-03 11:06:40,4,-2,3668.75,12921
2022-10-03 11:06:41,54,-18,3668.75,12903
2022-10-03 11:06:42,103,28,3668.75,12931
2022-10-03 11:06:43,126,54,3669.25,12985
2022-10-03 11:06:44,138,8,3669.0,12993
2022-10-03 11:06:45,42,7,3668.75,13000
2022-10-03 11:06:46,101,-26,3669.0,12974
2022-10-03 11:06:47,38,26,3669.0,13000
2022-10-03 11:06:48,1,-1,3669.0,12999
2022-10-03 11:06:49,33,-10,3669.25,12989
2022-10-03 11:06:50,24,-6,3669.0,12983
2022-10-03 11:06:51,192,56,3669.5,13039
2022-10-03 11:06:52,100,24,3669.5,13063
2022-10-03 11:06:53,63,-36,3669.25,13027
2022-10-03 11:06:54,35,-7,3669.0,13020
2022-10-03 11:06:55,31,11,3669.0,13031
2022-10-03 11:06:56,44,-2,3669.25,13029
2022-10-03 11:06:57,33,2,3669.0,13031
2022-10-03 11:06:58,52,6,3669.25,13037
2022-10-03 11:07:00,137,-31,3669.25,13006
2022-10-03 11:07:01,64,20,3669.25,13026
2022-10-03 11:07:02,42,18,3669.25,13044
2022-10-03 11:07:03,17,-8,3669.0,13036
2022-10-03 11:07:05,10,8,3669.0,13044
2022-10-03 11:07:06,1,-1,3669.0,13043
2022-10-03 11:07:07,5,-5,3669.0,13038
2022-10-03 11:07:08,2,-2,3669.0,13036
2022-10-03 11:07:09,31,18,3669.25,13054
2022-10-03 11:07:10,310,56,3670.0,13110
2022-10-03 11:07:11,1025,229,3670.75,13339
2022-10-03 11:07:12,133,54,3671.0,13393
2022-10-03 11:07:13,182,53,3671.5,13446
2022-10-03 11:07:14,267,99,3672.25,13545
2022-10-03 11:07:15,143,22,3672.25,13567
2022-10-03 11:07:16,65,-6,3672.25,13561
2022-10-03 11:07:17,116,-11,3672.0,13550
2022-10-03 11:07:18,38,24,3672.0,13574
2022-10-03 11:07:19,61,35,3672.5,13609
2022-10-03 11:07:20,149,13,3672.75,13622
2022-10-03 11:07:21,168,13,3673.0,13635
2022-10-03 11:07:22,153,-65,3673.0,13570
2022-10-03 11:07:23,54,28,3672.75,13598
2022-10-03 11:07:24,40,2,3673.0,13600
2022-10-03 11:07:25,101,-13,3673.0,13587
2022-10-03 11:07:26,35,3,3672.75,13590
2022-10-03 11:07:27,102,50,3672.75,13640
2022-10-03 11:07:28,123,56,3673.0,13696
2022-10-03 11:07:29,61,-5,3672.75,13691
2022-10-03 11:07:30,29,14,3673.0,13705
2022-10-03 11:07:31,16,4,3673.0,13709
2022-10-03 11:07:32,64,21,3673.0,13730
2022-10-03 11:07:33,151,11,3673.25,13741
2022-10-03 11:07:34,107,1,3673.25,13742
2022-10-03 11:07:35,160,70,3673.25,13812
2022-10-03 11:07:36,130,46,3673.5,13858
2022-10-03 11:07:37,56,-8,3673.25,13850
2022-10-03 11:07:38,61,-12,3673.25,13838
2022-10-03 11:07:39,29,3,3673.0,13841
2022-10-03 11:07:40,105,-31,3673.0,13810
2022-10-03 11:07:41,49,-12,3672.5,13798
2022-10-03 11:07:42,42,-6,3672.5,13792
2022-10-03 11:07:43,62,-16,3672.25,13776
2022-10-03 11:07:44,52,-1,3672.5,13775
2022-10-03 11:07:45,24,6,3672.75,13781
2022-10-03 11:07:46,57,14,3672.75,13795
2022-10-03 11:07:47,164,-34,3672.5,13761
2022-10-03 11:07:48,104,-55,3672.25,13706
2022-10-03 11:07:49,94,-44,3672.0,13662
2022-10-03 11:07:50,134,-35,3672.0,13627
2022-10-03 11:07:51,101,10,3671.5,13637
2022-10-03 11:07:52,44,-4,3671.25,13633
2022-10-03 11:07:53,111,20,3671.75,13653
2022-10-03 11:07:54,43,-2,3672.0,13651
2022-10-03 11:07:55,39,-9,3672.0,13642
2022-10-03 11:07:56,10,-10,3671.5,13632
2022-10-03 11:07:57,22,3,3671.5,13635
2022-10-03 11:07:58,31,17,3671.5,13652
2022-10-03 11:07:59,54,-2,3671.5,13650
2022-10-03 11:08:00,119,8,3672.25,13658
2022-10-03 11:08:01,95,-3,3672.25,13655
2022-10-03 11:08:02,64,42,3672.5,13697
2022-10-03 11:08:03,182,11,3672.75,13708
2022-10-03 11:08:04,106,61,3672.75,13769
2022-10-03 11:08:05,212,42,3673.0,13811
2022-10-03 11:08:06,114,31,3673.5,13842
2022-10-03 11:08:07,105,65,3673.75,13907
2022-10-03 11:08:08,7,4,3673.75,13911
2022-10-03 11:08:09,89,-20,3673.75,13891
2022-10-03 11:08:10,21,-10,3673.5,13881
2022-10-03 11:08:11,61,-8,3673.75,13873
2022-10-03 11:08:12,3,1,3673.75,13874
2022-10-03 11:08:13,134,65,3673.75,13939
2022-10-03 11:08:14,85,-38,3673.5,13901
2022-10-03 11:08:15,72,-30,3673.5,13871
2022-10-03 11:08:16,95,-15,3673.25,13856
2022-10-03 11:08:17,75,-9,3672.75,13847
2022-10-03 11:08:18,95,19,3673.0,13866
2022-10-03 11:08:19,60,-13,3673.25,13853
2022-10-03 11:08:20,17,9,3673.0,13862
2022-10-03 11:08:21,141,3,3673.25,13865
2022-10-03 11:08:22,28,10,3673.25,13875
2022-10-03 11:08:23,1,-1,3673.0,13874
2022-10-03 11:08:24,44,4,3673.25,13878
2022-10-03 11:08:25,95,10,3673.75,13888
2022-10-03 11:08:26,37,20,3673.5,13908
2022-10-03 11:08:27,100,33,3673.75,13941
2022-10-03 11:08:28,70,36,3673.75,13977
2022-10-03 11:08:29,41,-5,3673.5,13972
2022-10-03 11:08:30,3,3,3673.5,13975
2022-10-03 11:08:31,1,-1,3673.25,13974
2022-10-03 11:08:32,7,3,3673.5,13977
2022-10-03 11:08:33,277,57,3674.25,14034
2022-10-03 11:08:34,84,4,3674.5,14038
2022-10-03 11:08:35,17,-6,3674.5,14032
2022-10-03 11:08:36,134,-42,3674.25,13990
2022-10-03 11:08:37,16,-3,3673.75,13987
2022-10-03 11:08:38,23,8,3673.75,13995
2022-10-03 11:08:39,36,4,3673.75,13999
2022-10-03 11:08:40,10,-8,3673.75,13991
2022-10-03 11:08:41,109,-38,3673.75,13953
2022-10-03 11:08:42,91,18,3673.5,13971
2022-10-03 11:08:43,30,6,3673.75,13977
2022-10-03 11:08:44,45,15,3674.0,13992
2022-10-03 11:08:45,7,-2,3674.0,13990
2022-10-03 11:08:46,53,-6,3674.25,13984
2022-10-03 11:08:47,17,2,3674.0,13986
2022-10-03 11:08:48,91,-5,3674.25,13981
2022-10-03 11:08:49,46,19,3674.25,14000
2022-10-03 11:08:50,19,-2,3674.0,13998
2022-10-03 11:08:51,51,-11,3674.0,13987
2022-10-03 11:08:52,18,-13,3673.75,13974
2022-10-03 11:08:53,19,13,3673.75,13987
2022-10-03 11:08:54,95,-20,3674.0,13967
2022-10-03 11:08:55,47,-7,3674.0,13960
2022-10-03 11:08:56,35,6,3674.0,13966
2022-10-03 11:08:57,50,13,3674.0,13979
2022-10-03 11:08:58,75,16,3674.25,13995
2022-10-03 11:08:59,36,2,3674.25,13997
2022-10-03 11:09:00,19,-2,3674.0,13995
2022-10-03 11:09:01,8,-1,3674.25,13994
2022-10-03 11:09:02,27,-3,3674.25,13991
2022-10-03 11:09:03,17,12,3674.5,14003
2022-10-03 11:09:04,17,-8,3674.25,13995
2022-10-03 11:09:05,4,0,3674.5,13995
2022-10-03 11:09:06,64,17,3674.5,14012
2022-10-03 11:09:07,114,19,3674.75,14031
2022-10-03 11:09:08,12,6,3674.75,14037
2022-10-03 11:09:09,47,36,3674.75,14073
2022-10-03 11:09:10,3,1,3674.75,14074
2022-10-03 11:09:11,5,3,3674.75,14077
2022-10-03 11:09:12,91,40,3674.75,14117
2022-10-03 11:09:13,25,-8,3674.75,14109
2022-10-03 11:09:15,105,-41,3674.75,14068
2022-10-03 11:09:16,1609,955,3676.75,15023
2022-10-03 11:09:17,423,52,3676.25,15075
2022-10-03 11:09:18,98,-2,3676.25,15073
2022-10-03 11:09:19,7,3,3676.25,15076
2022-10-03 11:09:20,158,-3,3676.5,15073
2022-10-03 11:09:21,60,-12,3676.0,15061
2022-10-03 11:09:22,115,94,3676.5,15155
2022-10-03 11:09:23,60,-1,3676.25,15154
2022-10-03 11:09:24,86,25,3676.25,15179
2022-10-03 11:09:25,194,55,3676.25,15234
2022-10-03 11:09:26,156,-33,3676.25,15201
2022-10-03 11:09:27,49,6,3676.0,15207
2022-10-03 11:09:28,29,16,3676.25,15223
2022-10-03 11:09:29,63,-22,3676.25,15201
2022-10-03 11:09:30,304,52,3676.5,15253
2022-10-03 11:09:31,45,-27,3676.25,15226
2022-10-03 11:09:32,15,2,3676.25,15228
2022-10-03 11:09:33,136,-26,3676.0,15202
2022-10-03 11:09:34,297,-89,3676.0,15113
2022-10-03 11:09:35,124,18,3675.5,15131
2022-10-03 11:09:36,272,-83,3675.25,15048
2022-10-03 11:09:37,100,-53,3674.75,14995
2022-10-03 11:09:38,159,54,3675.25,15049
2022-10-03 11:09:39,16,-4,3675.25,15045
2022-10-03 11:09:40,97,15,3675.5,15060
2022-10-03 11:09:41,43,25,3675.5,15085
2022-10-03 11:09:42,4,1,3675.75,15086
2022-10-03 11:09:43,11,2,3675.75,15088
2022-10-03 11:09:44,99,1,3675.75,15089
2022-10-03 11:09:45,14,6,3675.75,15095
2022-10-03 11:09:46,2,-2,3675.75,15093
2022-10-03 11:09:47,112,-29,3675.75,15064
2022-10-03 11:09:48,74,-3,3675.75,15061
2022-10-03 11:09:49,17,-3,3675.75,15058
2022-10-03 11:09:50,58,-24,3675.75,15034
2022-10-03 11:09:51,15,-11,3676.0,15023
2022-10-03 11:09:52,67,-10,3675.5,15013
2022-10-03 11:09:53,46,8,3675.75,15021
2022-10-03 11:09:54,26,0,3675.5,15021
2022-10-03 11:09:55,146,52,3676.0,15073
2022-10-03 11:09:56,237,53,3676.25,15126
2022-10-03 11:09:57,111,4,3676.5,15130
2022-10-03 11:09:58,39,-18,3676.5,15112
2022-10-03 11:09:59,42,13,3676.5,15125
2022-10-03 11:10:00,216,86,3676.75,15211
2022-10-03 11:10:01,162,14,3676.75,15225
2022-10-03 11:10:02,322,111,3677.25,15336
2022-10-03 11:10:03,124,21,3677.0,15357
2022-10-03 11:10:04,67,12,3677.25,15369
2022-10-03 11:10:05,223,-73,3677.25,15296
2022-10-03 11:10:06,199,47,3677.5,15343
2022-10-03 11:10:07,32,2,3677.5,15345
2022-10-03 11:10:08,231,28,3677.75,15373
2022-10-03 11:10:09,78,-23,3677.75,15350
2022-10-03 11:10:10,78,-21,3677.75,15329
2022-10-03 11:10:11,102,-4,3677.75,15325
2022-10-03 11:10:12,79,3,3677.75,15328
2022-10-03 11:10:13,203,105,3678.25,15433
2022-10-03 11:10:14,112,39,3678.0,15472
2022-10-03 11:10:15,68,-2,3678.25,15470
2022-10-03 11:10:16,719,248,3678.75,15718
2022-10-03 11:10:17,188,42,3678.5,15760
2022-10-03 11:10:18,125,37,3678.5,15797
2022-10-03 11:10:19,27,14,3678.5,15811
2022-10-03 11:10:20,41,4,3678.75,15815
2022-10-03 11:10:21,111,-25,3678.75,15790
2022-10-03 11:10:22,14,5,3678.5,15795
2022-10-03 11:10:23,72,0,3678.5,15795
2022-10-03 11:10:24,85,-10,3678.5,15785
2022-10-03 11:10:25,105,-2,3678.25,15783
2022-10-03 11:10:26,25,14,3678.25,15797
2022-10-03 11:10:27,153,16,3678.75,15813
2022-10-03 11:10:28,15,-9,3678.75,15804
2022-10-03 11:10:29,6,2,3678.75,15806
2022-10-03 11:10:30,93,19,3678.75,15825
2022-10-03 11:10:31,63,-15,3678.75,15810
2022-10-03 11:10:32,382,50,3679.5,15860
2022-10-03 11:10:33,62,6,3679.25,15866
2022-10-03 11:10:34,44,8,3679.0,15874
2022-10-03 11:10:35,18,2,3679.25,15876
2022-10-03 11:10:36,4,4,3679.25,15880
2022-10-03 11:10:37,195,-70,3679.0,15810
2022-10-03 11:10:38,53,-3,3678.75,15807
2022-10-03 11:10:39,513,278,3679.5,16085
2022-10-03 11:10:40,30,5,3679.25,16090
2022-10-03 11:10:41,41,-8,3679.25,16082
2022-10-03 11:10:42,71,-7,3679.25,16075
2022-10-03 11:10:43,43,4,3679.25,16079
2022-10-03 11:10:44,80,3,3679.5,16082
2022-10-03 11:10:45,94,2,3679.5,16084
2022-10-03 11:10:46,14,-6,3679.5,16078
2022-10-03 11:10:47,291,53,3680.0,16131
2022-10-03 11:10:48,111,-10,3680.0,16121
2022-10-03 11:10:49,183,19,3680.0,16140
2022-10-03 11:10:50,1,-1,3679.75,16139
2022-10-03 11:10:51,64,17,3680.0,16156
2022-10-03 11:10:52,3,1,3680.0,16157
2022-10-03 11:10:53,148,-59,3680.0,16098
2022-10-03 11:10:54,5,0,3680.0,16098
2022-10-03 11:10:55,200,24,3680.0,16122
2022-10-03 11:10:56,27,-12,3680.0,16110
2022-10-03 11:10:57,36,-11,3680.0,16099
2022-10-03 11:10:58,31,16,3680.0,16115
2022-10-03 11:10:59,14,4,3680.0,16119
2022-10-03 11:11:00,376,73,3680.0,16192
2022-10-03 11:11:01,86,-26,3680.0,16166
2022-10-03 11:11:02,333,-74,3679.5,16092
2022-10-03 11:11:03,148,-27,3679.5,16065
2022-10-03 11:11:04,68,-27,3679.5,16038
2022-10-03 11:11:05,82,17,3679.25,16055
2022-10-03 11:11:06,26,-3,3679.5,16052
2022-10-03 11:11:07,213,-61,3679.25,15991
2022-10-03 11:11:08,105,-27,3679.0,15964
2022-10-03 11:11:09,124,-7,3678.75,15957
2022-10-03 11:11:10,253,-4,3678.75,15953
2022-10-03 11:11:11,30,13,3678.5,15966
2022-10-03 11:11:12,77,2,3679.0,15968
2022-10-03 11:11:13,180,-12,3679.0,15956
2022-10-03 11:11:14,64,8,3678.75,15964
2022-10-03 11:11:15,61,6,3678.75,15970
2022-10-03 11:11:16,152,-22,3678.75,15948
2022-10-03 11:11:17,248,34,3678.75,15982
2022-10-03 11:11:18,33,-13,3678.75,15969
2022-10-03 11:11:19,59,-17,3679.0,15952
2022-10-03 11:11:20,58,9,3678.75,15961
2022-10-03 11:11:21,38,-18,3678.5,15943
2022-10-03 11:11:22,36,-11,3678.25,15932
2022-10-03 11:11:23,21,-16,3678.25,15916
2022-10-03 11:11:24,275,-83,3678.25,15833
2022-10-03 11:11:25,153,40,3677.75,15873
2022-10-03 11:11:26,81,-11,3677.5,15862
2022-10-03 11:11:27,137,-8,3677.5,15854
2022-10-03 11:11:28,102,17,3677.75,15871
2022-10-03 11:11:29,21,-12,3678.0,15859
2022-10-03 11:11:30,20,6,3677.75,15865
2022-10-03 11:11:31,62,14,3677.75,15879
2022-10-03 11:11:32,115,1,3678.0,15880
2022-10-03 11:11:33,63,8,3678.0,15888
2022-10-03 11:11:34,77,4,3678.25,15892
2022-10-03 11:11:35,53,-16,3678.25,15876
2022-10-03 11:11:36,82,-22,3677.75,15854
2022-10-03 11:11:37,640,-140,3677.25,15714
2022-10-03 11:11:38,463,46,3678.25,15760
2022-10-03 11:11:39,102,-30,3677.5,15730
2022-10-03 11:11:40,57,-28,3677.0,15702
2022-10-03 11:11:41,85,-27,3677.0,15675
2022-10-03 11:11:42,67,13,3677.25,15688
2022-10-03 11:11:43,130,-48,3677.25,15640
2022-10-03 11:11:44,112,-10,3677.5,15630
2022-10-03 11:11:45,45,-20,3677.25,15610
2022-10-03 11:11:46,101,-19,3677.0,15591
2022-10-03 11:11:47,172,-10,3676.75,15581
2022-10-03 11:11:48,43,5,3676.75,15586
2022-10-03 11:11:49,23,14,3676.75,15600
2022-10-03 11:11:50,30,-12,3676.75,15588
2022-10-03 11:11:51,98,-8,3676.75,15580
2022-10-03 11:11:52,105,29,3677.0,15609
2022-10-03 11:11:53,10,1,3677.0,15610
2022-10-03 11:11:54,158,1,3677.0,15611
2022-10-03 11:11:55,163,-31,3677.0,15580
2022-10-03 11:11:56,90,3,3676.5,15583
2022-10-03 11:11:57,43,0,3676.5,15583
2022-10-03 11:11:58,63,10,3676.75,15593
2022-10-03 11:11:59,61,-8,3676.75,15585
2022-10-03 11:12:00,67,10,3676.5,15595
2022-10-03 11:12:01,16,7,3676.5,15602
2022-10-03 11:12:02,60,7,3676.75,15609
2022-10-03 11:12:03,26,1,3677.0,15610
2022-10-03 11:12:04,58,-34,3676.75,15576
2022-10-03 11:12:05,91,-1,3676.25,15575
2022-10-03 11:12:06,18,3,3676.25,15578
2022-10-03 11:12:07,147,-51,3676.5,15527
2022-10-03 11:12:08,201,25,3676.5,15552
2022-10-03 11:12:09,200,-35,3676.0,15517
2022-10-03 11:12:10,285,-57,3675.5,15460
2022-10-03 11:12:11,252,-86,3674.75,15374
2022-10-03 11:12:12,173,15,3674.5,15389
2022-10-03 11:12:13,240,-59,3674.5,15330
2022-10-03 11:12:14,41,-13,3674.25,15317
2022-10-03 11:12:15,60,2,3674.25,15319
2022-10-03 11:12:16,68,-20,3674.25,15299
2022-10-03 11:12:17,82,-4,3674.25,15295
2022-10-03 11:12:18,136,-47,3674.5,15248
2022-10-03 11:12:19,15,-1,3674.25,15247
2022-10-03 11:12:20,73,-1,3674.5,15246
2022-10-03 11:12:21,94,2,3674.75,15248
2022-10-03 11:12:22,40,20,3674.75,15268
2022-10-03 11:12:23,90,21,3675.25,15289
2022-10-03 11:12:24,8,0,3675.0,15289
2022-10-03 11:12:25,145,-22,3674.75,15267
2022-10-03 11:12:26,42,-2,3675.0,15265
2022-10-03 11:12:27,17,9,3675.0,15274
2022-10-03 11:12:28,105,18,3675.5,15292
2022-10-03 11:12:29,52,15,3675.25,15307
2022-10-03 11:12:30,109,23,3675.0,15330
2022-10-03 11:12:31,107,-65,3674.75,15265
2022-10-03 11:12:32,47,11,3674.75,15276
2022-10-03 11:12:33,122,-34,3674.5,15242
2022-10-03 11:12:34,130,-32,3673.75,15210
2022-10-03 11:12:35,136,-21,3673.75,15189
2022-10-03 11:12:36,106,-12,3673.75,15177
2022-10-03 11:12:37,83,-12,3673.75,15165
2022-10-03 11:12:38,78,2,3673.75,15167
2022-10-03 11:12:39,69,19,3673.75,15186
2022-10-03 11:12:40,42,-8,3674.0,15178
2022-10-03 11:12:41,106,2,3674.0,15180
2022-10-03 11:12:42,22,-4,3674.25,15176
2022-10-03 11:12:43,86,-16,3674.25,15160
2022-10-03 11:12:44,53,18,3674.5,15178
2022-10-03 11:12:45,8,-8,3674.25,15170
2022-10-03 11:12:46,38,-2,3674.25,15168
2022-10-03 11:12:47,17,0,3674.25,15168
2022-10-03 11:12:48,90,4,3674.5,15172
2022-10-03 11:12:49,30,6,3674.0,15178
2022-10-03 11:12:50,33,-20,3674.0,15158
2022-10-03 11:12:51,107,-26,3673.75,15132
2022-10-03 11:12:52,31,-7,3674.0,15125
2022-10-03 11:12:53,180,43,3674.25,15168
2022-10-03 11:12:55,3,1,3674.25,15169
2022-10-03 11:12:56,10,-1,3674.25,15168
2022-10-03 11:12:57,66,6,3674.25,15174
2022-10-03 11:12:58,31,19,3674.5,15193
2022-10-03 11:12:59,32,15,3674.25,15208
2022-10-03 11:13:00,100,-39,3674.25,15169
2022-10-03 11:13:01,85,-28,3673.75,15141
2022-10-03 11:13:02,140,-37,3673.75,15104
2022-10-03 11:13:03,239,93,3673.75,15197
2022-10-03 11:13:04,54,10,3673.25,15207
2022-10-03 11:13:05,78,5,3673.5,15212
2022-10-03 11:13:06,35,1,3673.75,15213
2022-10-03 11:13:07,33,14,3674.0,15227
2022-10-03 11:13:08,312,-13,3674.0,15214
2022-10-03 11:13:09,3,1,3673.75,15215
2022-10-03 11:13:10,33,-6,3673.5,15209
2022-10-03 11:13:11,42,10,3673.5,15219
2022-10-03 11:13:12,25,-9,3673.5,15210
2022-10-03 11:13:13,105,8,3673.75,15218
2022-10-03 11:13:14,39,-17,3673.75,15201
2022-10-03 11:13:15,41,-5,3674.0,15196
2022-10-03 11:13:16,44,1,3673.75,15197
2022-10-03 11:13:17,74,11,3674.0,15208
2022-10-03 11:13:18,99,-28,3673.75,15180
2022-10-03 11:13:19,13,2,3673.75,15182
2022-10-03 11:13:20,35,10,3674.0,15192
2022-10-03 11:13:21,92,-1,3674.25,15191
2022-10-03 11:13:22,35,-14,3674.0,15177
2022-10-03 11:13:23,68,-34,3674.0,15143
2022-10-03 11:13:24,90,8,3673.75,15151
2022-10-03 11:13:25,92,-13,3673.5,15138
2022-10-03 11:13:26,82,-44,3673.5,15094
2022-10-03 11:13:27,236,-18,3673.25,15076
2022-10-03 11:13:28,82,19,3673.75,15095
2022-10-03 11:13:29,172,46,3673.75,15141
2022-10-03 11:13:30,43,-1,3673.75,15140
2022-10-03 11:13:31,14,-6,3673.75,15134
2022-10-03 11:13:32,124,-21,3673.5,15113
2022-10-03 11:13:33,39,15,3673.75,15128
2022-10-03 11:13:34,169,36,3673.75,15164
2022-10-03 11:13:35,105,21,3674.0,15185
2022-10-03 11:13:36,65,-6,3674.25,15179
2022-10-03 11:13:37,46,1,3674.25,15180
2022-10-03 11:13:38,51,-14,3674.25,15166
2022-10-03 11:13:39,200,6,3674.25,15172
2022-10-03 11:13:40,189,-25,3674.0,15147
2022-10-03 11:13:41,2,2,3674.0,15149
2022-10-03 11:13:42,110,-2,3673.75,15147
2022-10-03 11:13:43,29,2,3673.75,15149
2022-10-03 11:13:44,34,-3,3674.0,15146
2022-10-03 11:13:45,134,-59,3673.75,15087
2022-10-03 11:13:46,118,42,3673.75,15129
2022-10-03 11:13:47,45,-2,3673.75,15127
2022-10-03 11:13:48,35,7,3673.75,15134
2022-10-03 11:13:49,406,162,3674.5,15296
2022-10-03 11:13:50,119,-42,3674.5,15254
2022-10-03 11:13:51,1,-1,3674.25,15253
2022-10-03 11:13:52,76,-24,3674.5,15229
2022-10-03 11:13:53,410,51,3674.75,15280
2022-10-03 11:13:54,174,-55,3674.75,15225
2022-10-03 11:13:55,3,3,3674.75,15228
2022-10-03 11:13:56,148,14,3674.75,15242
2022-10-03 11:13:57,42,23,3674.75,15265
2022-10-03 11:13:58,98,61,3675.0,15326
2022-10-03 11:13:59,152,-13,3675.25,15313
2022-10-03 11:14:00,145,46,3675.25,15359
2022-10-03 11:14:01,345,-24,3675.25,15335
2022-10-03 11:14:02,106,-11,3675.25,15324
2022-10-03 11:14:03,73,-22,3675.0,15302
2022-10-03 11:14:04,44,9,3675.0,15311
2022-10-03 11:14:05,151,45,3675.5,15356
2022-10-03 11:14:06,52,12,3675.75,15368
2022-10-03 11:14:07,58,-18,3675.75,15350
2022-10-03 11:14:08,20,11,3675.75,15361
2022-10-03 11:14:09,107,-22,3675.5,15339
2022-10-03 11:14:10,84,6,3675.5,15345
2022-10-03 11:14:11,73,-8,3675.5,15337
2022-10-03 11:14:12,33,-3,3675.5,15334
2022-10-03 11:14:13,20,-6,3675.25,15328
2022-10-03 11:14:14,38,12,3675.75,15340
2022-10-03 11:14:15,72,-23,3675.5,15317
2022-10-03 11:14:16,75,7,3675.75,15324
2022-10-03 11:14:17,2,-2,3675.5,15322
2022-10-03 11:14:18,52,2,3675.75,15324
2022-10-03 11:14:19,152,14,3675.75,15338
2022-10-03 11:14:20,57,17,3675.25,15355
2022-10-03 11:14:21,66,0,3675.5,15355
2022-10-03 11:14:22,84,-63,3675.25,15292
2022-10-03 11:14:23,124,-11,3675.25,15281
2022-10-03 11:14:24,73,3,3675.0,15284
2022-10-03 11:14:25,3,-2,3674.75,15282
2022-10-03 11:14:26,55,6,3674.75,15288
2022-10-03 11:14:27,7,3,3674.75,15291
2022-10-03 11:14:28,41,-17,3674.75,15274
2022-10-03 11:14:29,2,0,3674.75,15274
2022-10-03 11:14:30,16,-7,3674.75,15267
2022-10-03 11:14:31,10,-6,3674.75,15261
2022-10-03 11:14:32,9,4,3674.75,15265
2022-10-03 11:14:33,17,10,3674.75,15275
2022-10-03 11:14:34,74,-30,3674.75,15245
2022-10-03 11:14:35,108,22,3674.75,15267
2022-10-03 11:14:36,30,22,3675.0,15289
2022-10-03 11:14:37,4,-4,3675.0,15285
2022-10-03 11:14:38,31,4,3675.0,15289
2022-10-03 11:14:39,39,15,3675.0,15304
2022-10-03 11:14:40,64,18,3675.5,15322
2022-10-03 11:14:41,7,1,3675.5,15323
2022-10-03 11:14:42,105,5,3675.5,15328
2022-10-03 11:14:43,3,3,3675.5,15331
2022-10-03 11:14:44,26,-15,3675.25,15316
2022-10-03 11:14:45,148,42,3675.75,15358
2022-10-03 11:14:46,5,-3,3675.75,15355
2022-10-03 11:14:47,69,3,3676.0,15358
2022-10-03 11:14:48,66,7,3676.0,15365
2022-10-03 11:14:49,3,3,3676.0,15368
2022-10-03 11:14:50,115,33,3676.5,15401
2022-10-03 11:14:51,48,0,3676.5,15401
2022-10-03 11:14:52,61,-3,3676.5,15398
2022-10-03 11:14:53,82,-13,3676.25,15385
2022-10-03 11:14:55,86,-8,3676.0,15377
2022-10-03 11:14:56,26,17,3676.0,15394
2022-10-03 11:14:57,119,-38,3676.0,15356
2022-10-03 11:15:00,3,-1,3676.0,15355
2022-10-03 11:15:01,168,-36,3676.0,15319
2022-10-03 11:15:02,21,-3,3675.75,15316
2022-10-03 11:15:03,32,0,3675.75,15316
2022-10-03 11:15:04,83,-10,3675.75,15306
2022-10-03 11:15:05,38,6,3675.5,15312
2022-10-03 11:15:06,26,-5,3675.75,15307
2022-10-03 11:15:07,32,-14,3675.5,15293
2022-10-03 11:15:08,145,-35,3675.75,15258
2022-10-03 11:15:09,185,-10,3675.25,15248
2022-10-03 11:15:10,137,2,3675.0,15250
2022-10-03 11:15:11,73,10,3675.0,15260
2022-10-03 11:15:12,115,35,3675.5,15295
2022-10-03 11:15:13,32,-17,3675.25,15278
2022-10-03 11:15:14,94,9,3675.5,15287
2022-10-03 11:15:15,10,6,3675.5,15293
2022-10-03 11:15:16,33,-14,3675.25,15279
2022-10-03 11:15:17,106,27,3675.75,15306
2022-10-03 11:15:18,209,78,3676.0,15384
2022-10-03 11:15:19,4,2,3676.0,15386
2022-10-03 11:15:20,12,-11,3675.75,15375
2022-10-03 11:15:21,88,24,3676.25,15399
2022-10-03 11:15:22,142,12,3676.5,15411
2022-10-03 11:15:23,148,24,3677.0,15435
2022-10-03 11:15:24,59,-3,3677.0,15432
2022-10-03 11:15:25,81,15,3677.0,15447
2022-10-03 11:15:26,65,16,3676.75,15463
2022-10-03 11:15:27,114,8,3677.25,15471
2022-10-03 11:15:28,111,39,3677.75,15510
2022-10-03 11:15:29,105,9,3677.75,15519
2022-10-03 11:15:30,94,-7,3677.75,15512
2022-10-03 11:15:31,97,-20,3677.75,15492
2022-10-03 11:15:32,65,-24,3677.5,15468
2022-10-03 11:15:33,18,-1,3677.25,15467
2022-10-03 11:15:34,33,10,3677.25,15477
2022-10-03 11:15:35,38,9,3677.25,15486
2022-10-03 11:15:36,226,-49,3677.5,15437
2022-10-03 11:15:37,30,7,3677.5,15444
2022-10-03 11:15:38,143,-32,3677.5,15412
2022-10-03 11:15:39,8,6,3677.25,15418
2022-10-03 11:15:40,10,-6,3677.25,15412
2022-10-03 11:15:41,44,-10,3677.0,15402
2022-10-03 11:15:42,131,-20,3676.75,15382
2022-10-03 11:15:43,16,-2,3677.0,15380
2022-10-03 11:15:44,29,7,3677.0,15387
2022-10-03 11:15:45,23,-11,3677.0,15376
2022-10-03 11:15:46,72,0,3677.0,15376
2022-10-03 11:15:47,70,-24,3676.75,15352
2022-10-03 11:15:48,68,23,3676.25,15375
2022-10-03 11:15:49,122,-1,3676.75,15374
2022-10-03 11:15:50,3,3,3676.75,15377
2022-10-03 11:15:51,16,-13,3676.5,15364
2022-10-03 11:15:52,55,8,3677.0,15372
2022-10-03 11:15:53,14,2,3676.75,15374
2022-10-03 11:15:54,126,31,3677.25,15405
2022-10-03 11:15:55,104,20,3677.75,15425
2022-10-03 11:15:56,61,-4,3677.75,15421
2022-10-03 11:15:57,71,-15,3677.75,15406
2022-10-03 11:15:58,91,24,3678.0,15430
2022-10-03 11:15:59,64,-13,3678.0,15417
2022-10-03 11:16:00,74,-13,3678.0,15404
2022-10-03 11:16:01,33,9,3677.75,15413
2022-10-03 11:16:02,76,-2,3677.75,15411
2022-10-03 11:16:03,35,15,3677.75,15426
2022-10-03 11:16:04,194,-99,3677.75,15327
2022-10-03 11:16:05,63,-14,3677.5,15313
2022-10-03 11:16:06,55,8,3677.5,15321
2022-10-03 11:16:07,35,-6,3677.25,15315
2022-10-03 11:16:08,29,6,3677.25,15321
2022-10-03 11:16:09,30,2,3677.0,15323
2022-10-03 11:16:10,77,-36,3677.0,15287
2022-10-03 11:16:11,49,5,3677.0,15292
2022-10-03 11:16:12,66,7,3677.25,15299
2022-10-03 11:16:13,28,-20,3677.25,15279
2022-10-03 11:16:14,27,14,3677.0,15293
2022-10-03 11:16:15,22,-10,3677.0,15283
2022-10-03 11:16:16,2,2,3677.0,15285
2022-10-03 11:16:17,72,-11,3676.75,15274
2022-10-03 11:16:18,78,7,3676.5,15281
2022-10-03 11:16:19,27,5,3676.75,15286
2022-10-03 11:16:20,35,7,3677.25,15293
2022-10-03 11:16:21,52,-1,3677.25,15292
2022-10-03 11:16:22,38,-1,3677.25,15291
2022-10-03 11:16:23,23,11,3677.25,15302
2022-10-03 11:16:24,1,-1,3677.25,15301
2022-10-03 11:16:26,36,-8,3677.25,15293
2022-10-03 11:16:27,37,1,3677.25,15294
2022-10-03 11:16:28,35,0,3677.0,15294
2022-10-03 11:16:29,61,-8,3676.75,15286
2022-10-03 11:16:30,6,-5,3676.5,15281
2022-10-03 11:16:31,35,-12,3676.75,15269
2022-10-03 11:16:32,18,-14,3676.5,15255
2022-10-03 11:16:33,79,-7,3676.25,15248
2022-10-03 11:16:34,66,17,3676.25,15265
2022-10-03 11:16:35,64,18,3676.5,15283
2022-10-03 11:16:36,17,-4,3676.75,15279
2022-10-03 11:16:37,18,-3,3676.5,15276
2022-10-03 11:16:38,18,-1,3676.75,15275
2022-10-03 11:16:39,18,-2,3676.75,15273
2022-10-03 11:16:40,27,1,3676.5,15274
2022-10-03 11:16:41,42,-4,3676.25,15270
2022-10-03 11:16:42,26,-10,3676.0,15260
2022-10-03 11:16:43,68,10,3676.25,15270
2022-10-03 11:16:44,182,-113,3676.0,15157
2022-10-03 11:16:45,56,12,3676.0,15169
2022-10-03 11:16:46,56,-14,3676.0,15155
2022-10-03 11:16:47,87,19,3676.5,15174
2022-10-03 11:16:48,21,-8,3676.5,15166
2022-10-03 11:16:49,71,7,3676.25,15173
2022-10-03 11:16:50,45,-14,3676.0,15159
2022-10-03 11:16:51,38,6,3676.0,15165
2022-10-03 11:16:52,11,3,3676.0,15168
2022-10-03 11:16:53,14,0,3676.5,15168
2022-10-03 11:16:54,108,-29,3676.25,15139
2022-10-03 11:16:55,35,3,3676.25,15142
2022-10-03 11:16:56,16,-12,3676.25,15130
2022-10-03 11:16:57,21,15,3676.25,15145
2022-10-03 11:16:58,60,-2,3676.25,15143
2022-10-03 11:16:59,62,10,3676.25,15153
2022-10-03 11:17:00,134,23,3676.75,15176
2022-10-03 11:17:01,67,-1,3676.75,15175
2022-10-03 11:17:02,1,1,3676.5,15176
2022-10-03 11:17:03,79,7,3676.75,15183
2022-10-03 11:17:04,52,21,3677.0,15204
2022-10-03 11:17:05,1,1,3677.0,15205
2022-10-03 11:17:06,212,6,3677.0,15211
2022-10-03 11:17:07,39,-8,3677.0,15203
2022-10-03 11:17:08,26,4,3676.75,15207
2022-10-03 11:17:09,2,0,3677.0,15207
2022-10-03 11:17:10,62,5,3677.25,15212
2022-10-03 11:17:11,4,4,3677.25,15216
2022-10-03 11:17:12,28,-14,3677.25,15202
2022-10-03 11:17:13,13,8,3677.25,15210
2022-10-03 11:17:14,16,-12,3677.0,15198
2022-10-03 11:17:15,18,8,3677.25,15206
2022-10-03 11:17:16,16,-1,3677.25,15205
2022-10-03 11:17:17,54,-15,3677.0,15190
2022-10-03 11:17:18,14,-1,3677.25,15189
2022-10-03 11:17:19,235,28,3677.5,15217
2022-10-03 11:17:20,17,10,3677.5,15227
2022-10-03 11:17:21,14,-3,3677.75,15224
2022-10-03 11:17:22,9,5,3677.5,15229
2022-10-03 11:17:23,81,-10,3677.5,15219
2022-10-03 11:17:24,15,12,3677.75,15231
2022-10-03 11:17:25,68,9,3678.0,15240
2022-10-03 11:17:26,7,6,3677.75,15246
2022-10-03 11:17:27,20,12,3677.75,15258
2022-10-03 11:17:28,44,0,3677.75,15258
2022-10-03 11:17:29,39,-22,3677.75,15236
2022-10-03 11:17:30,22,16,3677.75,15252
2022-10-03 11:17:31,86,-24,3677.5,15228
2022-10-03 11:17:32,31,2,3677.25,15230
2022-10-03 11:17:33,30,0,3677.25,15230
2022-10-03 11:17:34,1,-1,3677.25,15229
2022-10-03 11:17:35,40,3,3677.5,15232
2022-10-03 11:17:37,55,-8,3677.5,15224
2022-10-03 11:17:38,2,2,3677.5,15226
2022-10-03 11:17:40,56,-37,3677.25,15189
2022-10-03 11:17:41,124,-26,3677.0,15163
2022-10-03 11:17:42,31,-13,3677.0,15150
2022-10-03 11:17:43,11,-8,3676.5,15142
2022-10-03 11:17:44,82,25,3677.0,15167
2022-10-03 11:17:45,151,26,3677.25,15193
2022-10-03 11:17:46,35,0,3677.75,15193
2022-10-03 11:17:47,43,3,3677.5,15196
2022-10-03 11:17:48,31,0,3677.5,15196
2022-10-03 11:17:49,9,7,3677.5,15203
2022-10-03 11:17:50,6,1,3677.5,15204
2022-10-03 11:17:51,48,-12,3677.25,15192
2022-10-03 11:17:52,21,-1,3677.0,15191
2022-10-03 11:17:53,12,4,3677.25,15195
2022-10-03 11:17:54,25,-7,3677.0,15188
2022-10-03 11:17:55,25,-1,3677.25,15187
2022-10-03 11:17:56,48,-12,3677.25,15175
2022-10-03 11:17:57,17,7,3677.5,15182
2022-10-03 11:17:58,52,-6,3677.5,15176
2022-10-03 11:17:59,76,15,3677.5,15191
2022-10-03 11:18:00,22,-8,3677.5,15183
2022-10-03 11:18:01,46,-19,3677.25,15164
2022-10-03 11:18:02,26,3,3677.25,15167
2022-10-03 11:18:03,8,0,3677.25,15167
2022-10-03 11:18:04,36,14,3677.5,15181
2022-10-03 11:18:05,27,7,3677.5,15188
2022-10-03 11:18:06,108,44,3678.0,15232
2022-10-03 11:18:07,119,18,3678.5,15250
2022-10-03 11:18:08,50,4,3678.5,15254
2022-10-03 11:18:09,67,-9,3678.25,15245
2022-10-03 11:18:10,107,-3,3678.25,15242
2022-10-03 11:18:11,109,-17,3678.25,15225
2022-10-03 11:18:12,10,8,3678.25,15233
2022-10-03 11:18:13,44,9,3678.5,15242
2022-10-03 11:18:14,28,-2,3678.5,15240
2022-10-03 11:18:15,58,-6,3678.25,15234
2022-10-03 11:18:16,135,-77,3678.25,15157
2022-10-03 11:18:17,76,-10,3677.75,15147
2022-10-03 11:18:18,81,-4,3677.75,15143
2022-10-03 11:18:19,83,-18,3677.5,15125
2022-10-03 11:18:20,162,-9,3677.5,15116
2022-10-03 11:18:21,40,9,3677.0,15125
2022-10-03 11:18:22,2,0,3677.0,15125
2022-10-03 11:18:23,62,10,3677.25,15135
2022-10-03 11:18:24,3,3,3677.5,15138
2022-10-03 11:18:25,23,-7,3677.25,15131
2022-10-03 11:18:26,49,11,3677.5,15142
2022-10-03 11:18:27,69,-3,3677.25,15139
2022-10-03 11:18:28,49,-22,3677.25,15117
2022-10-03 11:18:29,19,-12,3677.0,15105
2022-10-03 11:18:30,67,-27,3676.75,15078
2022-10-03 11:18:31,74,-28,3676.5,15050
2022-10-03 11:18:32,80,-25,3676.25,15025
2022-10-03 11:18:33,82,10,3675.75,15035
2022-10-03 11:18:34,6,-4,3676.0,15031
2022-10-03 11:18:35,53,-5,3676.0,15026
2022-10-03 11:18:36,34,-15,3676.0,15011
2022-10-03 11:18:37,91,-36,3675.75,14975
2022-10-03 11:18:38,68,22,3675.75,14997
2022-10-03 11:18:39,35,1,3675.75,14998
2022-10-03 11:18:40,13,-10,3675.75,14988
2022-10-03 11:18:41,81,15,3675.5,15003
2022-10-03 11:18:42,51,-15,3675.25,14988
2022-10-03 11:18:43,50,-15,3675.25,14973
2022-10-03 11:18:44,39,17,3675.25,14990
2022-10-03 11:18:45,33,2,3675.5,14992
2022-10-03 11:18:46,86,-16,3675.5,14976
2022-10-03 11:18:47,140,-23,3675.25,14953
2022-10-03 11:18:48,67,9,3675.25,14962
2022-10-03 11:18:49,48,-6,3675.25,14956
2022-10-03 11:18:50,61,12,3675.0,14968
2022-10-03 11:18:51,17,4,3674.75,14972
2022-10-03 11:18:52,55,-8,3675.0,14964
2022-10-03 11:18:53,13,-10,3675.0,14954
2022-10-03 11:18:54,17,5,3675.0,14959
2022-10-03 11:18:55,34,5,3675.0,14964
2022-10-03 11:18:56,43,11,3675.25,14975
2022-10-03 11:18:57,56,-21,3675.5,14954
2022-10-03 11:18:58,54,-40,3675.5,14914
2022-10-03 11:18:59,34,7,3675.5,14921
2022-10-03 11:19:00,98,0,3675.25,14921
2022-10-03 11:19:01,11,0,3675.5,14921
2022-10-03 11:19:02,1,1,3675.5,14922
2022-10-03 11:19:03,47,13,3675.5,14935
2022-10-03 11:19:04,126,-56,3675.5,14879
2022-10-03 11:19:05,23,-12,3675.0,14867
2022-10-03 11:19:06,40,6,3675.25,14873
2022-10-03 11:19:07,24,-15,3674.75,14858
2022-10-03 11:19:08,22,-2,3674.75,14856
2022-10-03 11:19:09,19,3,3675.0,14859
2022-10-03 11:19:10,60,-17,3675.0,14842
2022-10-03 11:19:11,31,3,3675.0,14845
2022-10-03 11:19:12,34,16,3675.25,14861
2022-10-03 11:19:13,87,0,3675.5,14861
2022-10-03 11:19:14,6,-4,3675.5,14857
2022-10-03 11:19:15,2,-2,3675.0,14855
2022-10-03 11:19:16,23,5,3675.0,14860
2022-10-03 11:19:17,1,1,3675.0,14861
2022-10-03 11:19:18,39,13,3675.25,14874
2022-10-03 11:19:19,11,2,3675.5,14876
2022-10-03 11:19:20,46,2,3675.25,14878
2022-10-03 11:19:21,53,0,3675.25,14878
2022-10-03 11:19:22,7,6,3675.5,14884
2022-10-03 11:19:23,78,-7,3675.5,14877
2022-10-03 11:19:24,19,-4,3675.25,14873
2022-10-03 11:19:25,73,37,3675.25,14910
2022-10-03 11:19:26,36,-5,3675.25,14905
2022-10-03 11:19:27,9,0,3675.25,14905
2022-10-03 11:19:28,24,-6,3675.25,14899
2022-10-03 11:19:29,52,1,3675.25,14900
2022-10-03 11:19:30,76,-6,3675.0,14894
2022-10-03 11:19:31,46,2,3674.75,14896
2022-10-03 11:19:32,32,-4,3674.75,14892
2022-10-03 11:19:33,23,12,3675.0,14904
2022-10-03 11:19:34,17,1,3675.0,14905
2022-10-03 11:19:35,25,-1,3674.75,14904
2022-10-03 11:19:36,1,1,3674.75,14905
2022-10-03 11:19:37,99,1,3674.5,14906
2022-10-03 11:19:38,44,24,3675.0,14930
2022-10-03 11:19:39,14,-8,3675.0,14922
2022-10-03 11:19:40,39,5,3675.0,14927
2022-10-03 11:19:41,6,5,3675.0,14932
2022-10-03 11:19:42,25,-2,3674.75,14930
2022-10-03 11:19:43,51,-14,3674.75,14916
2022-10-03 11:19:44,59,-19,3674.25,14897
2022-10-03 11:19:45,35,-1,3674.25,14896
2022-10-03 11:19:46,15,4,3674.25,14900
2022-10-03 11:19:47,81,-46,3674.25,14854
2022-10-03 11:19:48,42,-28,3673.75,14826
2022-10-03 11:19:49,95,-25,3674.0,14801
2022-10-03 11:19:50,123,-6,3673.75,14795
2022-10-03 11:19:51,42,5,3673.5,14800
2022-10-03 11:19:52,15,7,3673.75,14807
2022-10-03 11:19:53,3,1,3673.75,14808
2022-10-03 11:19:54,76,9,3673.75,14817
2022-10-03 11:19:55,12,0,3673.75,14817
2022-10-03 11:19:56,38,5,3674.0,14822
2022-10-03 11:19:57,22,-2,3674.0,14820
2022-10-03 11:19:58,85,23,3674.25,14843
2022-10-03 11:20:00,4,0,3674.25,14843
2022-10-03 11:20:01,106,-41,3674.25,14802
2022-10-03 11:20:02,68,-19,3674.0,14783
2022-10-03 11:20:03,71,7,3674.25,14790
2022-10-03 11:20:04,41,-1,3674.25,14789
2022-10-03 11:20:05,105,-35,3673.75,14754
2022-10-03 11:20:06,85,26,3673.5,14780
2022-10-03 11:20:07,26,3,3673.75,14783
2022-10-03 11:20:08,57,20,3673.75,14803
2022-10-03 11:20:09,25,3,3674.0,14806
2022-10-03 11:20:10,49,-13,3674.0,14793
2022-10-03 11:20:11,43,-6,3674.0,14787
2022-10-03 11:20:12,42,15,3674.0,14802
2022-10-03 11:20:13,28,7,3674.0,14809
2022-10-03 11:20:14,6,2,3674.0,14811
2022-10-03 11:20:15,1,-1,3674.0,14810
2022-10-03 11:20:16,16,-4,3674.25,14806
2022-10-03 11:20:17,39,-3,3674.25,14803
2022-10-03 11:20:18,50,-23,3674.0,14780
2022-10-03 11:20:19,88,-12,3674.0,14768
2022-10-03 11:20:20,33,-11,3674.0,14757
2022-10-03 11:20:21,1,1,3674.0,14758
2022-10-03 11:20:22,22,5,3674.0,14763
2022-10-03 11:20:23,30,-2,3674.0,14761
2022-10-03 11:20:24,5,-1,3674.25,14760
2022-10-03 11:20:25,21,-11,3674.0,14749
2022-10-03 11:20:26,42,22,3674.25,14771
2022-10-03 11:20:27,32,8,3674.25,14779
2022-10-03 11:20:28,18,3,3674.25,14782
2022-10-03 11:20:29,61,-25,3674.25,14757
2022-10-03 11:20:30,127,-35,3674.5,14722
2022-10-03 11:20:31,2,2,3674.0,14724
2022-10-03 11:20:32,124,8,3674.25,14732
2022-10-03 11:20:33,45,25,3674.75,14757
2022-10-03 11:20:34,57,4,3675.0,14761
2022-10-03 11:20:35,64,5,3675.0,14766
2022-10-03 11:20:36,18,-7,3675.0,14759
2022-10-03 11:20:37,204,-52,3675.0,14707
2022-10-03 11:20:38,63,13,3674.25,14720
2022-10-03 11:20:39,22,-3,3674.25,14717
2022-10-03 11:20:40,40,-12,3674.0,14705
2022-10-03 11:20:41,48,-18,3673.75,14687
2022-10-03 11:20:42,60,1,3673.75,14688
2022-10-03 11:20:43,51,-4,3673.75,14684
2022-10-03 11:20:44,38,6,3674.0,14690
2022-10-03 11:20:45,41,10,3674.0,14700
2022-10-03 11:20:46,24,-2,3673.75,14698
2022-10-03 11:20:47,47,-2,3673.75,14696
2022-10-03 11:20:48,57,-27,3673.25,14669
2022-10-03 11:20:49,112,-50,3673.5,14619
2022-10-03 11:20:50,115,-32,3673.25,14587
2022-10-03 11:20:51,60,-23,3672.75,14564
2022-10-03 11:20:52,30,18,3673.0,14582
2022-10-03 11:20:53,63,7,3672.75,14589
2022-10-03 11:20:54,26,-12,3672.75,14577
2022-10-03 11:20:55,97,-11,3672.75,14566
2022-10-03 11:20:56,60,8,3673.0,14574
2022-10-03 11:20:57,69,19,3673.25,14593
2022-10-03 11:20:58,28,-5,3673.25,14588
2022-10-03 11:20:59,31,3,3673.0,14591
2022-10-03 11:21:00,52,2,3673.5,14593
2022-10-03 11:21:01,67,16,3673.25,14609
2022-10-03 11:21:02,43,12,3673.25,14621
2022-10-03 11:21:03,80,-1,3673.25,14620
2022-10-03 11:21:04,170,-19,3673.0,14601
2022-10-03 11:21:05,74,-2,3673.0,14599
2022-10-03 11:21:06,110,-47,3673.0,14552
2022-10-03 11:21:07,48,-22,3673.0,14530
2022-10-03 11:21:08,132,-16,3672.75,14514
2022-10-03 11:21:09,72,17,3672.75,14531
2022-10-03 11:21:10,47,2,3673.25,14533
2022-10-03 11:21:11,3,1,3673.25,14534
2022-10-03 11:21:12,166,-7,3673.5,14527
2022-10-03 11:21:14,12,-10,3673.0,14517
2022-10-03 11:21:15,65,10,3673.0,14527
2022-10-03 11:21:16,139,-17,3673.0,14510
2022-10-03 11:21:17,67,-12,3673.25,14498
2022-10-03 11:21:18,107,41,3673.25,14539
2022-10-03 11:21:19,131,2,3673.5,14541
2022-10-03 11:21:20,94,-42,3673.25,14499
2022-10-03 11:21:21,11,6,3672.75,14505
2022-10-03 11:21:22,40,-2,3673.0,14503
2022-10-03 11:21:23,51,24,3673.25,14527
2022-10-03 11:21:24,41,20,3673.75,14547
2022-10-03 11:21:25,118,-27,3673.75,14520
2022-10-03 11:21:26,159,-140,3673.75,14380
2022-10-03 11:21:27,94,-51,3673.5,14329
2022-10-03 11:21:28,37,10,3673.5,14339
2022-10-03 11:21:29,40,-2,3673.25,14337
2022-10-03 11:21:30,81,7,3673.25,14344
2022-10-03 11:21:31,8,6,3673.25,14350
2022-10-03 11:21:32,20,-10,3673.25,14340
2022-10-03 11:21:33,1,1,3673.25,14341
2022-10-03 11:21:34,49,3,3673.5,14344
2022-10-03 11:21:35,12,-10,3673.25,14334
2022-10-03 11:21:36,3,0,3673.25,14334
2022-10-03 11:21:37,45,-23,3673.0,14311
2022-10-03 11:21:38,86,15,3673.5,14326
2022-10-03 11:21:39,73,0,3673.75,14326
2022-10-03 11:21:40,136,-22,3673.25,14304
2022-10-03 11:21:41,60,-13,3673.5,14291
2022-10-03 11:21:42,37,12,3673.25,14303
2022-10-03 11:21:43,72,14,3673.75,14317
2022-10-03 11:21:44,51,-15,3673.5,14302
2022-10-03 11:21:45,28,12,3673.25,14314
2022-10-03 11:21:46,20,11,3673.25,14325
2022-10-03 11:21:47,5,-2,3673.0,14323
2022-10-03 11:21:48,22,0,3673.25,14323
2022-10-03 11:21:49,50,-12,3673.25,14311
2022-10-03 11:21:50,32,10,3673.5,14321
2022-10-03 11:21:51,87,17,3673.75,14338
2022-10-03 11:21:52,178,-88,3673.75,14250
2022-10-03 11:21:53,34,4,3673.25,14254
2022-10-03 11:21:54,15,3,3673.25,14257
2022-10-03 11:21:55,65,18,3673.25,14275
2022-10-03 11:21:56,111,-37,3672.75,14238
2022-10-03 11:21:57,37,10,3673.25,14248
2022-10-03 11:21:58,139,-70,3673.0,14178
2022-10-03 11:21:59,64,7,3672.75,14185
2022-10-03 11:22:00,37,0,3672.75,14185
2022-10-03 11:22:01,44,5,3672.75,14190
2022-10-03 11:22:02,860,-285,3672.5,13905
2022-10-03 11:22:03,42,32,3672.5,13937
2022-10-03 11:22:04,122,-29,3672.5,13908
2022-10-03 11:22:05,29,-25,3672.25,13883
2022-10-03 11:22:06,10,-5,3672.5,13878
2022-10-03 11:22:07,155,64,3673.0,13942
2022-10-03 11:22:08,138,-10,3673.25,13932
2022-10-03 11:22:09,22,-8,3673.25,13924
2022-10-03 11:22:10,58,-3,3673.25,13921
2022-10-03 11:22:11,17,5,3673.25,13926
2022-10-03 11:22:12,47,12,3673.25,13938
2022-10-03 11:22:13,77,-8,3673.25,13930
2022-10-03 11:22:14,110,7,3673.25,13937
2022-10-03 11:22:15,74,22,3673.5,13959
2022-10-03 11:22:16,31,13,3673.5,13972
2022-10-03 11:22:17,268,74,3673.75,14046
2022-10-03 11:22:18,34,0,3673.5,14046
2022-10-03 11:22:19,12,0,3673.5,14046
2022-10-03 11:22:20,61,9,3673.75,14055
2022-10-03 11:22:21,241,17,3674.0,14072
2022-10-03 11:22:22,24,-4,3673.75,14068
2022-10-03 11:22:23,50,-9,3673.75,14059
2022-10-03 11:22:24,37,-2,3673.75,14057
2022-10-03 11:22:25,39,14,3674.0,14071
2022-10-03 11:22:26,28,-7,3673.5,14064
2022-10-03 11:22:27,213,-14,3673.5,14050
2022-10-03 11:22:28,19,13,3673.75,14063
2022-10-03 11:22:29,22,-2,3673.5,14061
2022-10-03 11:22:30,200,-56,3673.5,14005
2022-10-03 11:22:31,102,19,3673.5,14024
2022-10-03 11:22:32,123,-41,3673.75,13983
2022-10-03 11:22:33,112,-7,3673.25,13976
2022-10-03 11:22:34,75,-2,3673.0,13974
2022-10-03 11:22:35,77,-19,3672.75,13955
2022-10-03 11:22:36,50,11,3672.75,13966
2022-10-03 11:22:37,41,25,3672.75,13991
2022-10-03 11:22:38,41,14,3673.25,14005
2022-10-03 11:22:39,26,9,3673.5,14014
2022-10-03 11:22:40,15,15,3673.5,14029
2022-10-03 11:22:41,29,0,3673.75,14029
2022-10-03 11:22:42,45,-8,3673.5,14021
2022-10-03 11:22:43,74,-13,3673.5,14008
2022-10-03 11:22:44,7,5,3673.5,14013
2022-10-03 11:22:45,21,-8,3673.75,14005
2022-10-03 11:22:46,45,4,3673.25,14009
2022-10-03 11:22:47,26,6,3673.75,14015
2022-10-03 11:22:48,40,-19,3673.75,13996
2022-10-03 11:22:49,47,1,3673.25,13997
2022-10-03 11:22:50,17,-3,3673.25,13994
2022-10-03 11:22:51,45,1,3673.25,13995
2022-10-03 11:22:52,41,0,3673.25,13995
2022-10-03 11:22:53,37,2,3673.5,13997
2022-10-03 11:22:54,7,-3,3673.0,13994
2022-10-03 11:22:55,198,-66,3673.5,13928
2022-10-03 11:22:56,35,1,3673.25,13929
2022-10-03 11:22:57,55,9,3673.5,13938
2022-10-03 11:22:58,200,-105,3673.25,13833
2022-10-03 11:22:59,47,11,3673.0,13844
2022-10-03 11:23:00,113,13,3673.75,13857
2022-10-03 11:23:01,91,41,3673.75,13898
2022-10-03 11:23:02,194,-93,3673.5,13805
2022-10-03 11:23:03,111,40,3673.5,13845
2022-10-03 11:23:04,2,2,3673.75,13847
2022-10-03 11:23:05,223,73,3674.0,13920
2022-10-03 11:23:06,51,-7,3674.0,13913
2022-10-03 11:23:07,48,-5,3674.25,13908
2022-10-03 11:23:08,60,-25,3673.75,13883
2022-10-03 11:23:09,24,-10,3673.5,13873
2022-10-03 11:23:10,199,-91,3673.25,13782
2022-10-03 11:23:11,26,-12,3673.25,13770
2022-10-03 11:23:12,72,12,3673.0,13782
2022-10-03 11:23:13,37,3,3673.25,13785
2022-10-03 11:23:14,46,4,3673.0,13789
2022-10-03 11:23:15,73,1,3673.25,13790
2022-10-03 11:23:16,8,0,3673.0,13790
2022-10-03 11:23:17,51,7,3673.25,13797
2022-10-03 11:23:18,51,-19,3673.0,13778
2022-10-03 11:23:19,62,-29,3672.75,13749
2022-10-03 11:23:20,17,-10,3673.0,13739
2022-10-03 11:23:21,77,34,3673.0,13773
2022-10-03 11:23:22,144,-59,3673.0,13714
2022-10-03 11:23:23,59,28,3672.75,13742
2022-10-03 11:23:24,30,6,3673.0,13748
2022-10-03 11:23:25,61,30,3673.25,13778
2022-10-03 11:23:26,23,9,3673.5,13787
2022-10-03 11:23:27,146,9,3673.5,13796
2022-10-03 11:23:28,140,30,3673.5,13826
2022-10-03 11:23:29,192,49,3673.25,13875
2022-10-03 11:23:30,70,1,3672.75,13876
2022-10-03 11:23:31,101,-12,3672.5,13864
2022-10-03 11:23:32,119,40,3672.75,13904
2022-10-03 11:23:33,59,22,3672.75,13926
2022-10-03 11:23:34,113,55,3673.0,13981
2022-10-03 11:23:35,145,38,3673.25,14019
2022-10-03 11:23:36,36,11,3673.5,14030
2022-10-03 11:23:37,325,46,3673.5,14076
2022-10-03 11:23:38,152,82,3673.5,14158
2022-10-03 11:23:39,70,23,3673.75,14181
2022-10-03 11:23:40,21,10,3673.75,14191
2022-10-03 11:23:41,30,2,3673.75,14193
2022-10-03 11:23:42,135,-4,3674.0,14189
2022-10-03 11:23:43,69,12,3673.75,14201
2022-10-03 11:23:44,95,26,3673.75,14227
2022-10-03 11:23:45,91,33,3674.25,14260
2022-10-03 11:23:46,232,9,3674.25,14269
2022-10-03 11:23:47,263,43,3673.75,14312
2022-10-03 11:23:48,62,-11,3673.75,14301
2022-10-03 11:23:49,155,14,3673.75,14315
2022-10-03 11:23:50,84,-1,3674.0,14314
2022-10-03 11:23:51,60,15,3674.0,14329
2022-10-03 11:23:52,3,1,3674.25,14330
2022-10-03 11:23:53,7,0,3674.25,14330
2022-10-03 11:23:54,69,-11,3674.25,14319
2022-10-03 11:23:55,114,40,3674.25,14359
2022-10-03 11:23:56,42,17,3674.25,14376
2022-10-03 11:23:57,2,-1,3674.0,14375
2022-10-03 11:23:58,73,36,3674.25,14411
2022-10-03 11:23:59,176,39,3674.5,14450
2022-10-03 11:24:00,100,16,3674.75,14466
2022-10-03 11:24:01,151,-29,3674.75,14437
2022-10-03 11:24:02,49,-5,3674.75,14432
2022-10-03 11:24:03,95,8,3675.0,14440
2022-10-03 11:24:04,242,30,3675.25,14470
2022-10-03 11:24:05,73,31,3675.25,14501
2022-10-03 11:24:06,44,-23,3675.0,14478
2022-10-03 11:24:07,81,-24,3674.75,14454
2022-10-03 11:24:08,87,23,3674.25,14477
2022-10-03 11:24:09,78,-9,3674.25,14468
2022-10-03 11:24:10,36,-8,3674.5,14460
2022-10-03 11:24:11,97,-21,3674.25,14439
2022-10-03 11:24:12,54,15,3674.0,14454
2022-10-03 11:24:13,28,10,3674.25,14464
2022-10-03 11:24:14,95,21,3674.5,14485
2022-10-03 11:24:15,43,-4,3674.5,14481
2022-10-03 11:24:16,72,-1,3674.0,14480
2022-10-03 11:24:17,1,-1,3673.75,14479
2022-10-03 11:24:18,35,-21,3673.75,14458
2022-10-03 11:24:19,11,7,3674.0,14465
2022-10-03 11:24:20,134,29,3674.25,14494
2022-10-03 11:24:21,94,-41,3673.75,14453
2022-10-03 11:24:22,116,-36,3673.75,14417
2022-10-03 11:24:23,65,-30,3673.25,14387
2022-10-03 11:24:24,7,-5,3673.0,14382
2022-10-03 11:24:25,150,-11,3673.25,14371
2022-10-03 11:24:26,59,7,3673.25,14378
2022-10-03 11:24:27,12,1,3673.5,14379
2022-10-03 11:24:28,28,7,3673.75,14386
2022-10-03 11:24:29,66,43,3673.75,14429
2022-10-03 11:24:30,27,-4,3673.75,14425
2022-10-03 11:24:31,3,-2,3673.5,14423
2022-10-03 11:24:32,33,3,3673.75,14426
2022-10-03 11:24:33,20,-5,3673.75,14421
2022-10-03 11:24:34,9,9,3674.0,14430
2022-10-03 11:24:35,194,21,3674.0,14451
2022-10-03 11:24:36,179,26,3674.25,14477
2022-10-03 11:24:37,8,6,3674.25,14483
2022-10-03 11:24:38,7,-2,3674.25,14481
2022-10-03 11:24:39,16,0,3674.25,14481
2022-10-03 11:24:40,59,8,3674.5,14489
2022-10-03 11:24:41,38,-6,3674.25,14483
2022-10-03 11:24:42,310,120,3674.5,14603
2022-10-03 11:24:43,55,18,3674.5,14621
2022-10-03 11:24:44,188,34,3674.75,14655
2022-10-03 11:24:45,75,0,3674.5,14655
2022-10-03 11:24:46,20,3,3674.75,14658
2022-10-03 11:24:48,21,9,3674.75,14667
2022-10-03 11:24:49,97,-5,3675.0,14662
2022-10-03 11:24:50,35,-7,3674.75,14655
2022-10-03 11:24:51,47,-9,3675.0,14646
2022-10-03 11:24:52,199,69,3675.5,14715
2022-10-03 11:24:53,36,-16,3675.25,14699
2022-10-03 11:24:54,35,-1,3675.0,14698
2022-10-03 11:24:55,100,5,3675.5,14703
2022-10-03 11:24:56,6,-6,3675.25,14697
2022-10-03 11:24:57,33,1,3675.25,14698
2022-10-03 11:24:58,23,-2,3675.25,14696
2022-10-03 11:24:59,58,1,3675.25,14697
2022-10-03 11:25:00,234,84,3675.75,14781
2022-10-03 11:25:01,71,21,3675.75,14802
2022-10-03 11:25:02,117,48,3676.0,14850
2022-10-03 11:25:03,245,38,3676.0,14888
2022-10-03 11:25:04,74,14,3675.5,14902
2022-10-03 11:25:05,27,6,3675.5,14908
2022-10-03 11:25:06,119,-25,3675.5,14883
2022-10-03 11:25:07,4,2,3675.5,14885
2022-10-03 11:25:08,11,7,3675.5,14892
2022-10-03 11:25:09,3,1,3675.5,14893
2022-10-03 11:25:10,15,-10,3675.5,14883
2022-10-03 11:25:11,36,24,3675.75,14907
2022-10-03 11:25:12,75,-4,3676.0,14903
2022-10-03 11:25:13,33,2,3676.0,14905
2022-10-03 11:25:14,41,-11,3676.0,14894
2022-10-03 11:25:15,48,3,3675.75,14897
2022-10-03 11:25:16,43,7,3675.75,14904
2022-10-03 11:25:17,39,-24,3675.75,14880
2022-10-03 11:25:18,39,18,3675.5,14898
2022-10-03 11:25:19,188,-27,3675.25,14871
2022-10-03 11:25:20,106,-18,3674.75,14853
2022-10-03 11:25:21,42,-7,3674.5,14846
2022-10-03 11:25:22,239,-108,3674.75,14738
2022-10-03 11:25:23,76,-19,3674.25,14719
2022-10-03 11:25:24,15,-7,3674.0,14712
2022-10-03 11:25:25,28,9,3674.25,14721
2022-10-03 11:25:26,225,-10,3674.25,14711
2022-10-03 11:25:27,37,-11,3674.25,14700
2022-10-03 11:25:28,99,-16,3674.0,14684
2022-10-03 11:25:29,29,-6,3674.25,14678
2022-10-03 11:25:30,35,-18,3673.75,14660
2022-10-03 11:25:31,2,-2,3673.5,14658
2022-10-03 11:25:32,136,-19,3673.75,14639
2022-10-03 11:25:33,1,-1,3673.5,14638
2022-10-03 11:25:34,35,9,3673.5,14647
2022-10-03 11:25:35,69,-3,3673.25,14644
2022-10-03 11:25:36,126,-28,3673.25,14616
2022-10-03 11:25:37,120,-5,3672.5,14611
2022-10-03 11:25:38,96,-20,3672.5,14591
2022-10-03 11:25:39,66,17,3672.5,14608
2022-10-03 11:25:40,66,5,3672.75,14613
2022-10-03 11:25:41,69,11,3672.5,14624
2022-10-03 11:25:42,125,-44,3672.25,14580
2022-10-03 11:25:43,76,0,3672.0,14580
2022-10-03 11:25:44,83,27,3672.25,14607
2022-10-03 11:25:45,22,5,3672.25,14612
2022-10-03 11:25:46,55,5,3672.5,14617
2022-10-03 11:25:47,161,-43,3671.75,14574
2022-10-03 11:25:48,32,5,3672.0,14579
2022-10-03 11:25:49,34,0,3672.0,14579
2022-10-03 11:25:50,81,-18,3672.0,14561
2022-10-03 11:25:51,67,23,3672.0,14584
2022-10-03 11:25:52,21,-8,3672.0,14576
2022-10-03 11:25:53,25,13,3671.75,14589
2022-10-03 11:25:54,143,-8,3672.25,14581
2022-10-03 11:25:55,7,2,3672.25,14583
2022-10-03 11:25:56,30,4,3672.25,14587
2022-10-03 11:25:57,72,-7,3672.0,14580
2022-10-03 11:25:58,49,1,3672.25,14581
2022-10-03 11:25:59,323,25,3672.75,14606
2022-10-03 11:26:00,21,-14,3672.75,14592
2022-10-03 11:26:01,135,17,3673.0,14609
2022-10-03 11:26:02,41,23,3673.25,14632
2022-10-03 11:26:03,89,-23,3673.25,14609
2022-10-03 11:26:04,22,2,3673.25,14611
2022-10-03 11:26:05,66,19,3673.75,14630
2022-10-03 11:26:06,101,9,3674.25,14639
2022-10-03 11:26:07,17,0,3674.0,14639
2022-10-03 11:26:08,292,-37,3673.75,14602
2022-10-03 11:26:09,19,8,3673.75,14610
2022-10-03 11:26:10,103,-20,3673.5,14590
2022-10-03 11:26:11,42,6,3673.5,14596
2022-10-03 11:26:12,38,12,3673.75,14608
2022-10-03 11:26:13,31,7,3673.75,14615
2022-10-03 11:26:14,79,14,3674.0,14629
2022-10-03 11:26:15,86,-11,3674.0,14618
2022-10-03 11:26:16,40,24,3673.75,14642
2022-10-03 11:26:17,32,-6,3673.5,14636
2022-10-03 11:26:18,55,-1,3673.75,14635
2022-10-03 11:26:19,25,13,3673.75,14648
2022-10-03 11:26:20,340,-36,3673.5,14612
2022-10-03 11:26:21,130,-4,3673.5,14608
2022-10-03 11:26:22,60,-22,3673.5,14586
2022-10-03 11:26:23,5,1,3673.25,14587
2022-10-03 11:26:24,137,-25,3673.0,14562
2022-10-03 11:26:25,43,9,3673.0,14571
2022-10-03 11:26:26,50,-10,3672.75,14561
2022-10-03 11:26:27,7,-3,3672.75,14558
2022-10-03 11:26:28,53,17,3672.75,14575
2022-10-03 11:26:29,120,17,3673.5,14592
2022-10-03 11:26:30,24,-1,3673.75,14591
2022-10-03 11:26:31,65,22,3673.75,14613
2022-10-03 11:26:32,39,13,3674.0,14626
2022-10-03 11:26:33,35,3,3673.75,14629
2022-10-03 11:26:34,35,2,3673.75,14631
2022-10-03 11:26:35,222,45,3674.0,14676
2022-10-03 11:26:36,14,9,3674.0,14685
2022-10-03 11:26:37,125,-21,3674.0,14664
2022-10-03 11:26:38,104,-23,3674.0,14641
2022-10-03 11:26:39,15,11,3673.75,14652
2022-10-03 11:26:40,69,16,3674.25,14668
2022-10-03 11:26:41,29,-2,3674.0,14666
2022-10-03 11:26:42,48,-1,3674.0,14665
2022-10-03 11:26:43,77,4,3674.5,14669
2022-10-03 11:26:44,58,-11,3674.25,14658
2022-10-03 11:26:45,57,-2,3674.5,14656
2022-10-03 11:26:46,23,-6,3674.25,14650
2022-10-03 11:26:47,52,-1,3674.0,14649
2022-10-03 11:26:48,32,5,3674.0,14654
2022-10-03 11:26:49,42,6,3673.75,14660
2022-10-03 11:26:50,83,15,3674.0,14675
2022-10-03 11:26:51,37,-5,3674.0,14670
2022-10-03 11:26:52,38,-1,3674.25,14669
2022-10-03 11:26:53,102,-12,3674.25,14657
2022-10-03 11:26:54,77,-13,3674.0,14644
2022-10-03 11:26:55,2,2,3674.0,14646
2022-10-03 11:26:56,72,18,3674.0,14664
2022-10-03 11:26:57,16,-2,3674.25,14662
2022-10-03 11:26:59,191,76,3674.5,14738
2022-10-03 11:27:00,161,-48,3674.25,14690
2022-10-03 11:27:01,2,-1,3673.75,14689
2022-10-03 11:27:02,55,1,3674.25,14690
2022-10-03 11:27:03,45,10,3674.0,14700
2022-10-03 11:27:04,11,9,3674.25,14709
2022-10-03 11:27:05,39,-17,3674.0,14692
2022-10-03 11:27:06,48,24,3674.5,14716
2022-10-03 11:27:07,28,6,3674.5,14722
2022-10-03 11:27:08,15,7,3674.5,14729
2022-10-03 11:27:09,47,3,3674.25,14732
2022-10-03 11:27:10,71,-7,3674.5,14725
2022-10-03 11:27:11,36,-3,3674.5,14722
2022-10-03 11:27:12,28,-10,3674.5,14712
2022-10-03 11:27:13,99,-31,3674.5,14681
2022-10-03 11:27:14,91,8,3674.0,14689
2022-10-03 11:27:15,62,1,3674.0,14690
2022-10-03 11:27:16,29,2,3674.5,14692
2022-10-03 11:27:17,69,5,3674.5,14697
2022-10-03 11:27:18,47,2,3674.75,14699
2022-10-03 11:27:19,218,76,3675.0,14775
2022-10-03 11:27:20,31,13,3675.0,14788
2022-10-03 11:27:21,139,92,3675.0,14880
2022-10-03 11:27:22,1,1,3675.0,14881
2022-10-03 11:27:23,93,-8,3675.0,14873
2022-10-03 11:27:24,167,95,3675.0,14968
2022-10-03 11:27:26,1,1,3675.0,14969
2022-10-03 11:27:27,155,69,3675.0,15038
2022-10-03 11:27:28,74,-19,3675.0,15019
2022-10-03 11:27:29,29,-14,3674.75,15005
2022-10-03 11:27:30,110,-4,3674.75,15001
2022-10-03 11:27:31,15,7,3674.75,15008
2022-10-03 11:27:32,8,3,3675.0,15011
2022-10-03 11:27:33,46,-1,3674.75,15010
2022-10-03 11:27:34,23,-8,3674.75,15002
2022-10-03 11:27:35,48,-4,3674.75,14998
2022-10-03 11:27:36,52,17,3674.5,15015
2022-10-03 11:27:37,11,3,3674.5,15018
2022-10-03 11:27:38,55,24,3674.75,15042
2022-10-03 11:27:39,28,8,3674.75,15050
2022-10-03 11:27:40,24,7,3675.0,15057
2022-10-03 11:27:41,4,4,3675.0,15061
2022-10-03 11:27:42,37,-17,3674.75,15044
2022-10-03 11:27:43,12,7,3674.75,15051
2022-10-03 11:27:44,42,8,3674.75,15059
2022-10-03 11:27:45,46,1,3675.0,15060
2022-10-03 11:27:46,6,4,3675.0,15064
2022-10-03 11:27:48,13,11,3675.0,15075
2022-10-03 11:27:49,4,4,3675.0,15079
2022-10-03 11:27:50,1,-1,3674.75,15078
2022-10-03 11:27:51,340,-26,3675.0,15052
2022-10-03 11:27:52,14,4,3675.0,15056
2022-10-03 11:27:53,44,3,3675.0,15059
2022-10-03 11:27:54,45,-12,3675.0,15047
2022-10-03 11:27:55,376,156,3675.0,15203
2022-10-03 11:27:56,9,5,3675.0,15208
2022-10-03 11:27:57,9,-6,3675.0,15202
2022-10-03 11:27:58,75,-4,3675.0,15198
2022-10-03 11:27:59,85,50,3675.0,15248
2022-10-03 11:28:00,165,-3,3675.0,15245
2022-10-03 11:28:01,1,-1,3674.75,15244
2022-10-03 11:28:02,70,-27,3674.75,15217
2022-10-03 11:28:03,21,6,3675.0,15223
2022-10-03 11:28:04,255,113,3675.0,15336
2022-10-03 11:28:05,55,26,3675.0,15362
2022-10-03 11:28:06,6,1,3675.0,15363
2022-10-03 11:28:07,1,1,3675.0,15364
2022-10-03 11:28:08,72,24,3675.0,15388
2022-10-03 11:28:09,2,0,3675.0,15388
2022-10-03 11:28:10,5,5,3675.0,15393
2022-10-03 11:28:11,7,-7,3674.75,15386
2022-10-03 11:28:12,3,-1,3675.0,15385
2022-10-03 11:28:13,185,108,3675.0,15493
2022-10-03 11:28:14,133,79,3675.0,15572
2022-10-03 11:28:15,347,69,3675.0,15641
2022-10-03 11:28:16,78,49,3675.0,15690
2022-10-03 11:28:17,140,94,3675.0,15784
2022-10-03 11:28:18,17,12,3675.0,15796
2022-10-03 11:28:19,1,1,3675.0,15797
2022-10-03 11:28:20,103,-37,3675.0,15760
2022-10-03 11:28:21,165,-23,3675.0,15737
2022-10-03 11:28:22,6,2,3675.0,15739
2022-10-03 11:28:23,1,-1,3674.75,15738
2022-10-03 11:28:24,12,5,3675.0,15743
2022-10-03 11:28:25,42,27,3675.0,15770
2022-10-03 11:28:26,6,5,3675.0,15775
2022-10-03 11:28:27,3,1,3675.0,15776
2022-10-03 11:28:28,46,35,3675.0,15811
2022-10-03 11:28:29,109,65,3675.0,15876
2022-10-03 11:28:30,5,1,3675.0,15877
2022-10-03 11:28:31,4,1,3675.0,15878
2022-10-03 11:28:32,15,14,3675.0,15892
2022-10-03 11:28:33,164,-28,3674.75,15864
2022-10-03 11:28:34,8,6,3675.0,15870
2022-10-03 11:28:35,2,2,3675.0,15872
2022-10-03 11:28:36,147,88,3675.0,15960
2022-10-03 11:28:37,106,-33,3674.75,15927
2022-10-03 11:28:38,1,1,3674.75,15928
2022-10-03 11:28:39,80,5,3675.0,15933
2022-10-03 11:28:40,1,-1,3674.75,15932
2022-10-03 11:28:42,53,39,3675.0,15971
2022-10-03 11:28:44,1,1,3675.0,15972
2022-10-03 11:28:45,37,-25,3675.0,15947
2022-10-03 11:28:46,8,3,3675.0,15950
2022-10-03 11:28:47,62,26,3675.0,15976
2022-10-03 11:28:48,73,56,3675.0,16032
2022-10-03 11:28:49,219,62,3675.0,16094
2022-10-03 11:28:50,65,35,3675.0,16129
2022-10-03 11:28:51,2,0,3675.0,16129
2022-10-03 11:28:52,14,12,3675.0,16141
2022-10-03 11:28:53,1,1,3675.0,16142
2022-10-03 11:28:54,116,-24,3675.0,16118
2022-10-03 11:28:55,36,27,3675.0,16145
2022-10-03 11:28:56,13,7,3675.0,16152
2022-10-03 11:28:57,2,0,3675.0,16152
2022-10-03 11:28:58,53,39,3675.0,16191
2022-10-03 11:28:59,46,29,3675.0,16220
2022-10-03 11:29:00,81,-27,3675.0,16193
2022-10-03 11:29:01,9,-2,3675.0,16191
2022-10-03 11:29:02,87,10,3674.75,16201
2022-10-03 11:29:03,6,-1,3674.75,16200
2022-10-03 11:29:05,70,-10,3674.5,16190
2022-10-03 11:29:06,31,4,3675.0,16194
2022-10-03 11:29:07,29,-19,3675.0,16175
2022-10-03 11:29:08,43,-17,3674.5,16158
2022-10-03 11:29:10,216,-33,3674.5,16125
2022-10-03 11:29:11,22,-18,3674.0,16107
2022-10-03 11:29:12,34,18,3674.5,16125
2022-10-03 11:29:13,54,19,3674.5,16144
2022-10-03 11:29:14,50,-11,3674.75,16133
2022-10-03 11:29:15,37,-20,3674.75,16113
2022-10-03 11:29:16,46,8,3674.75,16121
2022-10-03 11:29:17,35,4,3674.5,16125
2022-10-03 11:29:18,26,1,3674.75,16126
2022-10-03 11:29:19,21,-5,3674.75,16121
2022-10-03 11:29:20,38,-24,3674.5,16097
2022-10-03 11:29:21,37,-12,3674.5,16085
2022-10-03 11:29:22,40,3,3674.5,16088
2022-10-03 11:29:24,36,-3,3674.5,16085
2022-10-03 11:29:25,33,15,3674.75,16100
2022-10-03 11:29:26,1,-1,3674.5,16099
2022-10-03 11:29:27,58,4,3674.75,16103
2022-10-03 11:29:28,53,38,3675.0,16141
2022-10-03 11:29:29,3,-1,3675.0,16140
2022-10-03 11:29:30,118,6,3675.0,16146
2022-10-03 11:29:32,1,-1,3674.75,16145
2022-10-03 11:29:33,101,-26,3675.0,16119
2022-10-03 11:29:34,118,-16,3674.75,16103
2022-10-03 11:29:35,158,-40,3674.75,16063
2022-10-03 11:29:36,120,7,3674.25,16070
2022-10-03 11:29:37,36,3,3674.25,16073
2022-10-03 11:29:38,3,0,3674.25,16073
2022-10-03 11:29:39,93,3,3674.25,16076
2022-10-03 11:29:40,7,-6,3674.25,16070
2022-10-03 11:29:41,59,-14,3674.0,16056
2022-10-03 11:29:42,41,26,3674.25,16082
2022-10-03 11:29:43,22,-8,3674.25,16074
2022-10-03 11:29:44,50,-7,3674.25,16067
2022-10-03 11:29:45,96,-30,3674.0,16037
2022-10-03 11:29:46,139,64,3674.5,16101
2022-10-03 11:29:47,63,2,3674.25,16103
2022-10-03 11:29:48,65,4,3674.25,16107
2022-10-03 11:29:49,48,-5,3674.25,16102
2022-10-03 11:29:50,136,-66,3674.0,16036
2022-10-03 11:29:51,152,-46,3674.0,15990
2022-10-03 11:29:52,41,16,3674.25,16006
2022-10-03 11:29:53,37,6,3674.25,16012
2022-10-03 11:29:54,107,40,3674.75,16052
2022-10-03 11:29:55,15,-5,3674.75,16047
2022-10-03 11:29:56,202,42,3674.75,16089
2022-10-03 11:29:57,22,9,3675.0,16098
2022-10-03 11:29:58,23,-7,3675.0,16091
2022-10-03 11:29:59,7,3,3675.0,16094
2022-10-03 11:30:00,668,233,3675.0,16327
2022-10-03 11:30:01,599,173,3675.0,16500
2022-10-03 11:30:02,1256,438,3676.25,16938
2022-10-03 11:30:03,85,-24,3676.25,16914
2022-10-03 11:30:04,106,-27,3676.0,16887
2022-10-03 11:30:05,149,5,3676.0,16892
2022-10-03 11:30:06,113,49,3676.0,16941
2022-10-03 11:30:07,21,13,3676.0,16954
2022-10-03 11:30:08,58,25,3676.25,16979
2022-10-03 11:30:09,227,-112,3676.25,16867
2022-10-03 11:30:10,242,34,3675.75,16901
2022-10-03 11:30:11,132,118,3676.75,17019
2022-10-03 11:30:12,337,68,3677.25,17087
2022-10-03 11:30:13,248,-131,3677.0,16956
2022-10-03 11:30:14,22,6,3676.75,16962
2022-10-03 11:30:15,33,-9,3676.5,16953
2022-10-03 11:30:16,74,-24,3676.5,16929
2022-10-03 11:30:17,7,0,3676.25,16929
2022-10-03 11:30:18,73,-7,3676.25,16922
2022-10-03 11:30:19,26,20,3676.25,16942
2022-10-03 11:30:20,226,14,3676.5,16956
2022-10-03 11:30:21,119,-32,3676.25,16924
2022-10-03 11:30:22,172,11,3675.75,16935
2022-10-03 11:30:23,51,-6,3676.0,16929
2022-10-03 11:30:24,112,33,3676.0,16962
2022-10-03 11:30:25,57,12,3676.25,16974
2022-10-03 11:30:26,57,-6,3676.25,16968
2022-10-03 11:30:27,98,2,3676.25,16970
2022-10-03 11:30:28,3,-1,3676.0,16969
2022-10-03 11:30:29,51,-8,3675.75,16961
2022-10-03 11:30:30,19,-10,3676.0,16951
2022-10-03 11:30:31,39,5,3675.75,16956
2022-10-03 11:30:32,20,17,3675.75,16973
2022-10-03 11:30:33,108,-44,3675.75,16929
2022-10-03 11:30:34,29,16,3676.0,16945
2022-10-03 11:30:35,77,11,3676.0,16956
2022-10-03 11:30:36,26,10,3676.5,16966
2022-10-03 11:30:37,327,-46,3676.75,16920
2022-10-03 11:30:38,84,-17,3676.5,16903
2022-10-03 11:30:39,47,11,3676.5,16914
2022-10-03 11:30:40,35,-17,3676.5,16897
2022-10-03 11:30:41,67,-16,3676.25,16881
2022-10-03 11:30:42,27,-12,3676.25,16869
2022-10-03 11:30:43,68,-12,3676.0,16857
2022-10-03 11:30:44,42,-11,3675.75,16846
2022-10-03 11:30:45,111,6,3676.0,16852
2022-10-03 11:30:46,14,6,3676.0,16858
2022-10-03 11:30:47,83,5,3676.0,16863
2022-10-03 11:30:48,86,24,3676.0,16887
2022-10-03 11:30:49,69,11,3676.0,16898
2022-10-03 11:30:50,108,-12,3676.0,16886
2022-10-03 11:30:51,91,-33,3675.75,16853
2022-10-03 11:30:52,283,-103,3675.5,16750
2022-10-03 11:30:53,2,0,3675.5,16750
2022-10-03 11:30:54,326,-88,3675.5,16662
2022-10-03 11:30:55,18,-5,3675.0,16657
2022-10-03 11:30:56,40,-32,3674.5,16625
2022-10-03 11:30:57,22,2,3674.5,16627
2022-10-03 11:30:58,92,-5,3674.5,16622
2022-10-03 11:30:59,75,32,3674.75,16654
2022-10-03 11:31:00,51,17,3675.25,16671
2022-10-03 11:31:01,65,25,3675.5,16696
2022-10-03 11:31:02,3,-3,3675.25,16693
2022-10-03 11:31:03,61,9,3675.5,16702
2022-10-03 11:31:04,9,3,3675.5,16705
2022-10-03 11:31:05,26,-1,3675.75,16704
2022-10-03 11:31:06,75,-32,3675.75,16672
2022-10-03 11:31:07,60,12,3675.75,16684
2022-10-03 11:31:08,17,-15,3675.75,16669
2022-10-03 11:31:09,87,0,3675.75,16669
2022-10-03 11:31:10,126,22,3676.0,16691
2022-10-03 11:31:11,16,3,3676.0,16694
2022-10-03 11:31:12,170,82,3676.25,16776
2022-10-03 11:31:13,72,-8,3676.25,16768
2022-10-03 11:31:14,44,7,3676.0,16775
2022-10-03 11:31:15,11,-9,3676.0,16766
2022-10-03 11:31:16,41,-21,3676.0,16745
2022-10-03 11:31:17,9,3,3675.75,16748
2022-10-03 11:31:18,8,-8,3675.75,16740
2022-10-03 11:31:19,26,-7,3675.75,16733
2022-10-03 11:31:20,42,-15,3675.75,16718
2022-10-03 11:31:21,54,-2,3675.5,16716
2022-10-03 11:31:22,30,22,3675.75,16738
2022-10-03 11:31:23,463,-144,3675.75,16594
2022-10-03 11:31:24,75,-17,3675.5,16577
2022-10-03 11:31:25,99,-31,3675.75,16546
2022-10-03 11:31:26,17,-3,3675.75,16543
2022-10-03 11:31:27,14,-5,3675.75,16538
2022-10-03 11:31:28,55,22,3676.0,16560
2022-10-03 11:31:29,21,-3,3676.0,16557
2022-10-03 11:31:30,97,64,3676.25,16621
2022-10-03 11:31:31,57,-10,3676.25,16611
2022-10-03 11:31:32,22,13,3676.0,16624
2022-10-03 11:31:33,10,6,3676.25,16630
2022-10-03 11:31:34,163,69,3676.5,16699
2022-10-03 11:31:35,33,-4,3676.75,16695
2022-10-03 11:31:36,22,16,3676.75,16711
2022-10-03 11:31:37,144,85,3676.75,16796
2022-10-03 11:31:38,61,-14,3677.0,16782
2022-10-03 11:31:39,79,38,3677.0,16820
2022-10-03 11:31:40,16,-7,3677.0,16813
2022-10-03 11:31:41,62,-6,3676.75,16807
2022-10-03 11:31:42,22,-7,3676.75,16800
2022-10-03 11:31:43,1,1,3677.0,16801
2022-10-03 11:31:44,13,13,3677.0,16814
2022-10-03 11:31:45,52,-18,3677.0,16796
2022-10-03 11:31:46,16,8,3676.75,16804
2022-10-03 11:31:47,10,8,3676.75,16812
2022-10-03 11:31:48,3,3,3677.0,16815
2022-10-03 11:31:49,10,6,3677.0,16821
2022-10-03 11:31:50,48,35,3677.5,16856
2022-10-03 11:31:51,99,-7,3677.25,16849
2022-10-03 11:31:52,85,16,3677.5,16865
2022-10-03 11:31:53,123,0,3677.75,16865
2022-10-03 11:31:54,30,-4,3677.25,16861
2022-10-03 11:31:55,65,-12,3677.5,16849
2022-10-03 11:31:56,57,22,3677.5,16871
2022-10-03 11:31:57,54,-21,3677.25,16850
2022-10-03 11:31:58,15,-1,3677.0,16849
2022-10-03 11:31:59,44,22,3677.25,16871
2022-10-03 11:32:00,10,-4,3677.5,16867
2022-10-03 11:32:01,84,-18,3677.25,16849
2022-10-03 11:32:02,59,-8,3677.0,16841
2022-10-03 11:32:03,1,-1,3676.75,16840
2022-10-03 11:32:04,49,-16,3677.0,16824
2022-10-03 11:32:05,62,-30,3676.75,16794
2022-10-03 11:32:06,9,7,3676.75,16801
2022-10-03 11:32:07,235,-21,3676.5,16780
2022-10-03 11:32:08,25,13,3677.0,16793
2022-10-03 11:32:09,3,3,3677.0,16796
2022-10-03 11:32:10,76,-3,3677.0,16793
2022-10-03 11:32:11,83,38,3677.25,16831
2022-10-03 11:32:12,72,-6,3677.25,16825
2022-10-03 11:32:13,50,17,3677.25,16842
2022-10-03 11:32:14,155,-55,3677.25,16787
2022-10-03 11:32:15,223,111,3677.0,16898
2022-10-03 11:32:16,43,-2,3676.75,16896
2022-10-03 11:32:17,31,18,3676.75,16914
2022-10-03 11:32:18,73,-5,3677.25,16909
2022-10-03 11:32:19,30,-3,3677.25,16906
2022-10-03 11:32:20,39,-23,3677.0,16883
2022-10-03 11:32:21,36,2,3677.0,16885
2022-10-03 11:32:22,56,-25,3677.0,16860
2022-10-03 11:32:23,8,8,3677.0,16868
2022-10-03 11:32:24,59,-36,3677.0,16832
2022-10-03 11:32:25,47,-4,3677.0,16828
2022-10-03 11:32:26,36,-13,3677.0,16815
2022-10-03 11:32:27,77,-1,3677.0,16814
2022-10-03 11:32:28,106,-15,3677.0,16799
2022-10-03 11:32:30,83,49,3677.25,16848
2022-10-03 11:32:31,7,0,3677.25,16848
2022-10-03 11:32:32,32,-4,3677.25,16844
2022-10-03 11:32:33,118,-46,3677.0,16798
2022-10-03 11:32:34,139,12,3676.5,16810
2022-10-03 11:32:35,308,-78,3676.25,16732
2022-10-03 11:32:36,39,-6,3675.5,16726
2022-10-03 11:32:37,38,6,3675.5,16732
2022-10-03 11:32:38,93,10,3675.5,16742
2022-10-03 11:32:39,18,-1,3675.5,16741
2022-10-03 11:32:40,11,-7,3675.5,16734
2022-10-03 11:32:41,65,33,3675.5,16767
2022-10-03 11:32:42,20,4,3675.5,16771
2022-10-03 11:32:43,25,17,3675.75,16788
2022-10-03 11:32:44,12,5,3675.75,16793
2022-10-03 11:32:45,19,-11,3675.75,16782
2022-10-03 11:32:46,341,-49,3675.5,16733
2022-10-03 11:32:47,32,8,3675.25,16741
2022-10-03 11:32:48,66,7,3675.25,16748
2022-10-03 11:32:49,63,19,3675.5,16767
2022-10-03 11:32:50,76,8,3675.75,16775
2022-10-03 11:32:51,15,3,3675.75,16778
2022-10-03 11:32:52,107,6,3676.0,16784
2022-10-03 11:32:53,24,1,3676.0,16785
2022-10-03 11:32:54,8,3,3676.0,16788
2022-10-03 11:32:55,6,3,3676.0,16791
2022-10-03 11:32:56,34,-17,3675.75,16774
2022-10-03 11:32:57,7,-5,3675.5,16769
2022-10-03 11:32:58,55,12,3675.5,16781
2022-10-03 11:32:59,76,-24,3675.5,16757
2022-10-03 11:33:00,157,4,3675.75,16761
2022-10-03 11:33:01,5,4,3675.75,16765
2022-10-03 11:33:02,70,10,3676.0,16775
2022-10-03 11:33:03,177,-118,3676.0,16657
2022-10-03 11:33:04,82,-23,3675.5,16634
2022-10-03 11:33:05,20,-13,3675.25,16621
2022-10-03 11:33:06,313,-77,3674.75,16544
2022-10-03 11:33:07,45,16,3674.75,16560
2022-10-03 11:33:08,56,-4,3674.75,16556
2022-10-03 11:33:09,47,11,3674.75,16567
2022-10-03 11:33:10,64,12,3675.25,16579
2022-10-03 11:33:11,57,3,3675.5,16582
2022-10-03 11:33:12,43,2,3675.75,16584
2022-10-03 11:33:13,23,-10,3675.75,16574
2022-10-03 11:33:14,23,13,3675.5,16587
2022-10-03 11:33:15,1,1,3675.75,16588
2022-10-03 11:33:16,72,29,3675.75,16617
2022-10-03 11:33:17,22,9,3675.75,16626
2022-10-03 11:33:18,43,-32,3675.5,16594
2022-10-03 11:33:19,74,33,3675.5,16627
2022-10-03 11:33:20,13,-7,3675.75,16620
2022-10-03 11:33:21,32,-4,3675.25,16616
2022-10-03 11:33:22,8,1,3675.25,16617
2022-10-03 11:33:23,34,-6,3675.0,16611
2022-10-03 11:33:24,11,4,3675.0,16615
2022-10-03 11:33:25,24,-3,3675.25,16612
2022-10-03 11:33:26,51,3,3675.0,16615
2022-10-03 11:33:28,5,-4,3675.0,16611
2022-10-03 11:33:29,39,13,3675.25,16624
2022-10-03 11:33:30,101,35,3675.5,16659
2022-10-03 11:33:31,60,-21,3675.5,16638
2022-10-03 11:33:32,34,17,3675.75,16655
2022-10-03 11:33:33,1,1,3675.75,16656
2022-10-03 11:33:34,3,-1,3675.75,16655
2022-10-03 11:33:35,47,6,3675.75,16661
2022-10-03 11:33:36,22,-13,3675.5,16648
2022-10-03 11:33:37,49,-4,3675.25,16644
2022-10-03 11:33:38,7,-2,3675.25,16642
2022-10-03 11:33:39,26,-10,3675.0,16632
2022-10-03 11:33:40,52,-23,3675.25,16609
2022-10-03 11:33:41,31,-10,3675.25,16599
2022-10-03 11:33:42,33,20,3675.25,16619
2022-10-03 11:33:43,64,1,3675.5,16620
2022-10-03 11:33:44,37,1,3675.0,16621
2022-10-03 11:33:45,2,1,3675.0,16622
2022-10-03 11:33:46,92,-36,3674.75,16586
2022-10-03 11:33:47,2,0,3674.75,16586
2022-10-03 11:33:48,30,9,3674.75,16595
2022-10-03 11:33:49,10,-7,3674.75,16588
2022-10-03 11:33:50,22,4,3675.0,16592
2022-10-03 11:33:51,38,-4,3675.0,16588
2022-10-03 11:33:52,69,9,3675.25,16597
2022-10-03 11:33:53,23,3,3675.25,16600
2022-10-03 11:33:54,2,0,3675.25,16600
2022-10-03 11:33:55,73,-18,3675.25,16582
2022-10-03 11:33:56,19,-10,3675.25,16572
2022-10-03 11:33:57,41,6,3675.25,16578
2022-10-03 11:33:58,1,-1,3675.0,16577
2022-10-03 11:33:59,22,7,3675.25,16584
2022-10-03 11:34:00,91,-25,3675.25,16559
2022-10-03 11:34:01,23,2,3674.75,16561
2022-10-03 11:34:02,42,-21,3674.75,16540
2022-10-03 11:34:03,19,-7,3674.5,16533
2022-10-03 11:34:04,36,6,3674.5,16539
2022-10-03 11:34:05,37,-20,3674.5,16519
2022-10-03 11:34:06,39,13,3674.25,16532
2022-10-03 11:34:07,171,-57,3674.25,16475
2022-10-03 11:34:08,88,9,3674.25,16484
2022-10-03 11:34:09,22,-13,3674.5,16471
2022-10-03 11:34:10,70,-10,3674.5,16461
2022-10-03 11:34:11,62,13,3674.5,16474
2022-10-03 11:34:12,18,-11,3674.25,16463
2022-10-03 11:34:13,29,1,3674.25,16464
2022-10-03 11:34:14,35,-4,3674.25,16460
2022-10-03 11:34:15,31,2,3674.25,16462
2022-10-03 11:34:16,32,9,3674.25,16471
2022-10-03 11:34:17,55,4,3674.25,16475
2022-10-03 11:34:18,37,11,3674.25,16486
2022-10-03 11:34:19,24,3,3674.25,16489
2022-10-03 11:34:20,6,-4,3674.5,16485
2022-10-03 11:34:21,71,-25,3674.25,16460
2022-10-03 11:34:22,65,-8,3673.75,16452
2022-10-03 11:34:23,14,9,3673.75,16461
2022-10-03 11:34:24,16,-4,3673.75,16457
2022-10-03 11:34:25,165,-60,3673.75,16397
2022-10-03 11:34:26,88,1,3674.0,16398
2022-10-03 11:34:27,28,-11,3674.0,16387
2022-10-03 11:34:28,66,17,3674.0,16404
2022-10-03 11:34:29,53,-17,3673.75,16387
2022-10-03 11:34:30,66,13,3673.75,16400
2022-10-03 11:34:31,89,-3,3674.0,16397
2022-10-03 11:34:32,75,-9,3673.75,16388
2022-10-03 11:34:33,14,-4,3673.75,16384
2022-10-03 11:34:34,6,1,3673.75,16385
2022-10-03 11:34:35,30,3,3673.75,16388
2022-10-03 11:34:36,68,-22,3673.75,16366
2022-10-03 11:34:37,47,23,3673.75,16389
2022-10-03 11:34:38,14,-12,3673.75,16377
2022-10-03 11:34:39,26,10,3673.75,16387
2022-10-03 11:34:40,55,24,3674.0,16411
2022-10-03 11:34:41,33,0,3674.0,16411
2022-10-03 11:34:42,26,-2,3673.75,16409
2022-10-03 11:34:43,50,-15,3674.0,16394
2022-10-03 11:34:44,14,-5,3674.0,16389
2022-10-03 11:34:45,1,1,3673.75,16390
2022-10-03 11:34:46,40,-2,3673.5,16388
2022-10-03 11:34:47,20,1,3673.75,16389
2022-10-03 11:34:48,62,-1,3673.5,16388
2022-10-03 11:34:49,56,-18,3673.5,16370
2022-10-03 11:34:50,135,-42,3673.25,16328
2022-10-03 11:34:51,152,-88,3672.75,16240
2022-10-03 11:34:52,157,53,3673.5,16293
2022-10-03 11:34:53,51,3,3673.25,16296
2022-10-03 11:34:54,50,-18,3673.5,16278
2022-10-03 11:34:55,3,-1,3673.5,16277
2022-10-03 11:34:56,6,5,3673.5,16282
2022-10-03 11:34:57,76,1,3673.75,16283
2022-10-03 11:34:58,49,-8,3673.75,16275
2022-10-03 11:34:59,123,6,3673.75,16281
2022-10-03 11:35:00,85,31,3674.0,16312
2022-10-03 11:35:01,68,28,3674.0,16340
2022-10-03 11:35:02,3,-3,3673.75,16337
2022-10-03 11:35:03,129,29,3674.0,16366
2022-10-03 11:35:04,37,4,3673.75,16370
2022-10-03 11:35:05,190,-43,3673.5,16327
2022-10-03 11:35:06,51,-1,3673.0,16326
2022-10-03 11:35:07,69,-7,3673.0,16319
2022-10-03 11:35:08,7,6,3673.0,16325
2022-10-03 11:35:09,23,8,3673.0,16333
2022-10-03 11:35:10,39,-10,3672.75,16323
2022-10-03 11:35:11,11,-6,3672.75,16317
2022-10-03 11:35:12,65,-14,3672.75,16303
2022-10-03 11:35:13,50,-18,3672.75,16285
2022-10-03 11:35:14,66,-14,3672.25,16271
2022-10-03 11:35:15,75,-27,3672.25,16244
2022-10-03 11:35:16,80,-41,3672.0,16203
2022-10-03 11:35:17,481,-83,3671.75,16120
2022-10-03 11:35:18,50,14,3671.75,16134
2022-10-03 11:35:19,39,7,3671.75,16141
2022-10-03 11:35:20,82,20,3671.75,16161
2022-10-03 11:35:21,50,-13,3672.0,16148
2022-10-03 11:35:22,50,20,3672.0,16168
2022-10-03 11:35:23,118,-29,3672.25,16139
2022-10-03 11:35:24,32,-3,3672.0,16136
2022-10-03 11:35:25,22,-3,3672.0,16133
2022-10-03 11:35:26,103,-25,3672.0,16108
2022-10-03 11:35:27,44,-12,3671.5,16096
2022-10-03 11:35:28,12,5,3671.5,16101
2022-10-03 11:35:29,6,2,3671.5,16103
2022-10-03 11:35:30,29,-15,3671.5,16088
2022-10-03 11:35:31,112,-27,3671.5,16061
2022-10-03 11:35:32,16,-10,3671.25,16051
2022-10-03 11:35:33,69,5,3671.25,16056
2022-10-03 11:35:34,27,-12,3671.25,16044
2022-10-03 11:35:35,110,-64,3671.25,15980
2022-10-03 11:35:36,114,29,3671.5,16009
2022-10-03 11:35:37,56,-2,3671.5,16007
2022-10-03 11:35:38,119,35,3672.25,16042
2022-10-03 11:35:39,114,-25,3672.25,16017
2022-10-03 11:35:40,82,-28,3672.25,15989
2022-10-03 11:35:41,74,-32,3672.0,15957
2022-10-03 11:35:42,270,-68,3672.25,15889
2022-10-03 11:35:43,1,1,3671.25,15890
2022-10-03 11:35:44,106,24,3671.5,15914
2022-10-03 11:35:45,21,-16,3671.5,15898
2022-10-03 11:35:46,63,-6,3671.25,15892
2022-10-03 11:35:47,22,-9,3671.25,15883
2022-10-03 11:35:48,16,14,3671.25,15897
2022-10-03 11:35:49,4,-4,3671.25,15893
2022-10-03 11:35:50,38,3,3671.25,15896
2022-10-03 11:35:51,22,-14,3671.5,15882
2022-10-03 11:35:52,281,-41,3671.25,15841
2022-10-03 11:35:53,57,-23,3671.25,15818
2022-10-03 11:35:54,272,-174,3671.25,15644
2022-10-03 11:35:55,98,-6,3671.0,15638
2022-10-03 11:35:56,290,-41,3670.75,15597
2022-10-03 11:35:57,93,-7,3671.0,15590
2022-10-03 11:35:58,54,9,3671.0,15599
2022-10-03 11:35:59,73,-28,3671.0,15571
2022-10-03 11:36:00,53,14,3670.75,15585
2022-10-03 11:36:01,102,2,3671.25,15587
2022-10-03 11:36:02,56,-18,3671.25,15569
2022-10-03 11:36:03,151,21,3671.25,15590
2022-10-03 11:36:04,59,-18,3671.0,15572
2022-10-03 11:36:05,38,-10,3671.0,15562
2022-10-03 11:36:06,118,10,3671.5,15572
2022-10-03 11:36:07,81,-22,3671.25,15550
2022-10-03 11:36:08,46,8,3671.0,15558
2022-10-03 11:36:09,128,-10,3671.0,15548
2022-10-03 11:36:10,110,-49,3670.75,15499
2022-10-03 11:36:11,46,29,3671.0,15528
2022-10-03 11:36:12,61,14,3671.0,15542
2022-10-03 11:36:13,28,1,3671.5,15543
2022-10-03 11:36:14,19,-6,3671.5,15537
2022-10-03 11:36:15,143,-4,3671.5,15533
2022-10-03 11:36:16,104,-18,3671.5,15515
2022-10-03 11:36:17,99,-44,3671.0,15471
2022-10-03 11:36:18,50,-16,3670.75,15455
2022-10-03 11:36:19,27,-19,3670.25,15436
2022-10-03 11:36:20,213,-45,3670.25,15391
2022-10-03 11:36:21,43,14,3670.0,15405
2022-10-03 11:36:22,107,-14,3670.25,15391
2022-10-03 11:36:23,205,7,3671.0,15398
2022-10-03 11:36:24,23,2,3671.0,15400
2022-10-03 11:36:25,86,24,3671.0,15424
2022-10-03 11:36:26,27,-3,3670.75,15421
2022-10-03 11:36:27,1,1,3670.75,15422
2022-10-03 11:36:28,104,4,3670.5,15426
2022-10-03 11:36:29,14,-2,3670.5,15424
2022-10-03 11:36:30,38,3,3670.5,15427
2022-10-03 11:36:31,81,2,3670.5,15429
2022-10-03 11:36:32,109,34,3670.5,15463
2022-10-03 11:36:33,257,-209,3670.25,15254
2022-10-03 11:36:34,10,-6,3669.75,15248
2022-10-03 11:36:35,13,-3,3669.75,15245
2022-10-03 11:36:36,100,29,3669.75,15274
2022-10-03 11:36:37,3,-3,3669.5,15271
2022-10-03 11:36:38,105,15,3670.0,15286
2022-10-03 11:36:39,200,-50,3669.75,15236
2022-10-03 11:36:40,18,3,3669.5,15239
2022-10-03 11:36:41,60,4,3670.0,15243
2022-10-03 11:36:42,60,-3,3669.75,15240
2022-10-03 11:36:43,19,7,3669.75,15247
2022-10-03 11:36:44,49,-3,3669.5,15244
2022-10-03 11:36:45,7,2,3669.75,15246
2022-10-03 11:36:46,4,0,3669.75,15246
2022-10-03 11:36:47,686,-414,3669.5,14832
2022-10-03 11:36:48,85,18,3668.5,14850
2022-10-03 11:36:49,75,-19,3668.25,14831
2022-10-03 11:36:50,143,-4,3668.25,14827
2022-10-03 11:36:51,147,6,3668.5,14833
2022-10-03 11:36:52,24,0,3668.5,14833
2022-10-03 11:36:53,61,-44,3668.25,14789
2022-10-03 11:36:54,106,-20,3668.0,14769
2022-10-03 11:36:55,112,-6,3667.75,14763
2022-10-03 11:36:56,60,22,3667.75,14785
2022-10-03 11:36:57,109,-39,3667.75,14746
2022-10-03 11:36:58,101,-2,3668.0,14744
2022-10-03 11:36:59,27,2,3667.75,14746
2022-10-03 11:37:00,80,16,3667.75,14762
2022-10-03 11:37:01,160,7,3668.25,14769
2022-10-03 11:37:02,57,-3,3668.0,14766
2022-10-03 11:37:03,71,-1,3668.25,14765
2022-10-03 11:37:04,82,5,3668.25,14770
2022-10-03 11:37:05,42,3,3668.25,14773
2022-10-03 11:37:06,109,-12,3668.25,14761
2022-10-03 11:37:07,42,5,3668.5,14766
2022-10-03 11:37:08,61,28,3668.5,14794
2022-10-03 11:37:09,123,49,3669.0,14843
2022-10-03 11:37:10,200,-21,3669.25,14822
2022-10-03 11:37:11,22,-5,3668.5,14817
2022-10-03 11:37:12,75,1,3668.75,14818
2022-10-03 11:37:13,1,-1,3668.5,14817
2022-10-03 11:37:14,4,2,3668.75,14819
2022-10-03 11:37:15,63,-25,3668.75,14794
2022-10-03 11:37:16,41,-6,3668.5,14788
2022-10-03 11:37:17,50,-26,3668.75,14762
2022-10-03 11:37:18,123,-7,3668.0,14755
2022-10-03 11:37:19,250,-8,3668.0,14747
2022-10-03 11:37:20,25,8,3668.0,14755
2022-10-03 11:37:21,15,-13,3668.0,14742
2022-10-03 11:37:22,90,6,3668.0,14748
2022-10-03 11:37:23,115,19,3668.25,14767
2022-10-03 11:37:24,8,-7,3668.0,14760
2022-10-03 11:37:25,89,-15,3668.0,14745
2022-10-03 11:37:26,9,-7,3667.75,14738
2022-10-03 11:37:27,15,2,3667.75,14740
2022-10-03 11:37:28,31,-6,3667.75,14734
2022-10-03 11:37:29,113,-28,3667.5,14706
2022-10-03 11:37:30,168,-14,3667.5,14692
2022-10-03 11:37:31,97,-31,3667.25,14661
2022-10-03 11:37:32,149,-21,3667.25,14640
2022-10-03 11:37:33,37,-18,3667.0,14622
2022-10-03 11:37:34,88,45,3666.75,14667
2022-10-03 11:37:35,126,11,3667.25,14678
2022-10-03 11:37:36,6,-4,3667.0,14674
2022-10-03 11:37:37,88,-26,3667.0,14648
2022-10-03 11:37:38,114,-1,3666.75,14647
2022-10-03 11:37:39,127,-25,3666.75,14622
2022-10-03 11:37:40,68,-11,3666.5,14611
2022-10-03 11:37:41,108,-3,3666.75,14608
2022-10-03 11:37:42,21,14,3667.0,14622
2022-10-03 11:37:43,17,-9,3667.0,14613
2022-10-03 11:37:44,64,16,3667.25,14629
2022-10-03 11:37:45,80,-19,3667.25,14610
2022-10-03 11:37:46,120,-38,3667.0,14572
2022-10-03 11:37:47,120,-36,3666.5,14536
2022-10-03 11:37:48,59,0,3666.5,14536
2022-10-03 11:37:49,59,20,3666.75,14556
2022-10-03 11:37:50,91,-43,3666.5,14513
2022-10-03 11:37:51,138,-74,3666.0,14439
2022-10-03 11:37:52,55,-7,3666.25,14432
2022-10-03 11:37:53,84,-25,3666.25,14407
2022-10-03 11:37:54,87,-16,3666.0,14391
2022-10-03 11:37:55,86,-35,3666.0,14356
2022-10-03 11:37:56,29,-4,3665.75,14352
2022-10-03 11:37:57,53,12,3666.0,14364
2022-10-03 11:37:58,68,-29,3665.75,14335
2022-10-03 11:37:59,32,1,3665.5,14336
2022-10-03 11:38:00,88,13,3666.0,14349
2022-10-03 11:38:01,27,-1,3666.0,14348
2022-10-03 11:38:02,30,2,3666.0,14350
2022-10-03 11:38:03,5,1,3666.0,14351
2022-10-03 11:38:04,133,-5,3666.25,14346
2022-10-03 11:38:05,112,16,3666.25,14362
2022-10-03 11:38:06,10,5,3666.25,14367
2022-10-03 11:38:07,164,-98,3666.25,14269
2022-10-03 11:38:08,27,14,3666.25,14283
2022-10-03 11:38:09,141,56,3666.75,14339
2022-10-03 11:38:10,31,12,3666.75,14351
2022-10-03 11:38:11,7,6,3666.75,14357
2022-10-03 11:38:12,91,-5,3667.0,14352
2022-10-03 11:38:13,119,7,3667.25,14359
2022-10-03 11:38:14,219,72,3667.5,14431
2022-10-03 11:38:15,86,-3,3667.5,14428
2022-10-03 11:38:16,166,26,3667.75,14454
2022-10-03 11:38:17,73,-14,3667.75,14440
2022-10-03 11:38:18,138,-51,3667.75,14389
2022-10-03 11:38:19,47,16,3667.5,14405
2022-10-03 11:38:20,53,-4,3667.5,14401
2022-10-03 11:38:21,25,-4,3667.25,14397
2022-10-03 11:38:22,202,-72,3667.75,14325
2022-10-03 11:38:23,42,11,3667.5,14336
2022-10-03 11:38:24,14,-10,3667.25,14326
2022-10-03 11:38:25,21,10,3667.75,14336
2022-10-03 11:38:26,57,24,3667.75,14360
2022-10-03 11:38:27,81,30,3668.0,14390
2022-10-03 11:38:28,16,10,3668.25,14400
2022-10-03 11:38:29,126,22,3668.5,14422
2022-10-03 11:38:30,49,26,3668.75,14448
2022-10-03 11:38:31,48,-16,3668.75,14432
2022-10-03 11:38:32,108,-18,3668.5,14414
2022-10-03 11:38:33,28,-11,3668.5,14403
2022-10-03 11:38:34,44,-1,3668.5,14402
2022-10-03 11:38:35,5,1,3668.5,14403
2022-10-03 11:38:36,23,1,3668.5,14404
2022-10-03 11:38:37,8,1,3668.75,14405
2022-10-03 11:38:38,28,-2,3668.75,14403
2022-10-03 11:38:39,28,0,3668.75,14403
2022-10-03 11:38:40,7,4,3668.75,14407
2022-10-03 11:38:41,1,1,3668.75,14408
2022-10-03 11:38:42,39,25,3669.0,14433
2022-10-03 11:38:43,7,-2,3669.0,14431
2022-10-03 11:38:44,98,35,3669.0,14466
2022-10-03 11:38:45,1,1,3669.0,14467
2022-10-03 11:38:46,10,-3,3669.0,14464
2022-10-03 11:38:47,1,-1,3668.75,14463
2022-10-03 11:38:48,22,-17,3668.75,14446
2022-10-03 11:38:49,166,-44,3668.75,14402
2022-10-03 11:38:50,20,-1,3668.5,14401
2022-10-03 11:38:51,76,-37,3668.5,14364
2022-10-03 11:38:52,28,-10,3668.25,14354
2022-10-03 11:38:53,123,-5,3668.5,14349
2022-10-03 11:38:54,1,1,3668.5,14350
2022-10-03 11:38:55,9,2,3668.5,14352
2022-10-03 11:38:56,2,0,3668.5,14352
2022-10-03 11:38:57,64,2,3668.5,14354
2022-10-03 11:38:58,34,10,3668.5,14364
2022-10-03 11:38:59,63,-1,3668.75,14363
2022-10-03 11:39:00,24,15,3668.75,14378
2022-10-03 11:39:02,243,74,3669.0,14452
2022-10-03 11:39:03,40,24,3669.25,14476
2022-10-03 11:39:04,8,3,3669.25,14479
2022-10-03 11:39:05,193,22,3669.25,14501
2022-10-03 11:39:06,9,3,3669.25,14504
2022-10-03 11:39:07,91,-28,3669.5,14476
2022-10-03 11:39:08,13,-9,3669.5,14467
2022-10-03 11:39:09,17,16,3669.5,14483
2022-10-03 11:39:10,4,0,3669.5,14483
2022-10-03 11:39:11,208,6,3669.5,14489
2022-10-03 11:39:12,100,-31,3669.5,14458
2022-10-03 11:39:13,114,-47,3669.5,14411
2022-10-03 11:39:14,23,-15,3669.0,14396
2022-10-03 11:39:15,152,8,3669.0,14404
2022-10-03 11:39:17,48,19,3668.75,14423
2022-10-03 11:39:18,4,1,3669.0,14424
2022-10-03 11:39:19,19,9,3669.0,14433
2022-10-03 11:39:20,212,12,3669.0,14445
2022-10-03 11:39:21,164,10,3669.0,14455
2022-10-03 11:39:22,40,-19,3669.0,14436
2022-10-03 11:39:23,12,5,3669.25,14441
2022-10-03 11:39:24,29,12,3669.25,14453
2022-10-03 11:39:25,5,-3,3669.25,14450
2022-10-03 11:39:26,56,17,3669.5,14467
2022-10-03 11:39:27,55,-31,3669.25,14436
2022-10-03 11:39:28,27,-5,3669.0,14431
2022-10-03 11:39:29,34,-9,3668.75,14422
2022-10-03 11:39:30,23,3,3669.0,14425
2022-10-03 11:39:31,69,2,3668.75,14427
2022-10-03 11:39:32,31,6,3668.75,14433
2022-10-03 11:39:33,78,-43,3668.5,14390
2022-10-03 11:39:34,2,-2,3668.25,14388
2022-10-03 11:39:35,53,-1,3668.25,14387
2022-10-03 11:39:36,1,-1,3668.25,14386
2022-10-03 11:39:37,14,-9,3668.25,14377
2022-10-03 11:39:38,21,5,3668.25,14382
2022-10-03 11:39:39,34,15,3668.25,14397
2022-10-03 11:39:40,25,-13,3668.25,14384
2022-10-03 11:39:41,55,-12,3668.5,14372
2022-10-03 11:39:43,17,14,3668.5,14386
2022-10-03 11:39:44,101,11,3668.5,14397
2022-10-03 11:39:45,16,2,3668.5,14399
2022-10-03 11:39:46,44,-5,3668.5,14394
2022-10-03 11:39:47,20,9,3668.75,14403
2022-10-03 11:39:48,102,10,3669.0,14413
2022-10-03 11:39:50,1,-1,3668.75,14412
2022-10-03 11:39:51,11,-1,3669.0,14411
2022-10-03 11:39:52,33,-3,3669.0,14408
2022-10-03 11:39:53,22,2,3668.75,14410
2022-10-03 11:39:54,37,4,3669.0,14414
2022-10-03 11:39:55,24,3,3669.0,14417
2022-10-03 11:39:56,47,24,3669.0,14441
2022-10-03 11:39:57,10,8,3669.25,14449
2022-10-03 11:39:58,153,-91,3669.0,14358
2022-10-03 11:39:59,67,10,3668.75,14368
2022-10-03 11:40:00,67,13,3668.75,14381
2022-10-03 11:40:01,34,6,3668.75,14387
2022-10-03 11:40:02,9,-7,3668.75,14380
2022-10-03 11:40:03,127,-20,3669.0,14360
2022-10-03 11:40:04,37,-4,3669.0,14356
2022-10-03 11:40:05,17,-15,3668.75,14341
2022-10-03 11:40:07,8,-8,3668.5,14333
2022-10-03 11:40:08,77,20,3669.0,14353
2022-10-03 11:40:09,41,-10,3668.75,14343
2022-10-03 11:40:10,70,-26,3668.5,14317
2022-10-03 11:40:11,192,-34,3668.25,14283
2022-10-03 11:40:12,23,-20,3667.5,14263
2022-10-03 11:40:13,87,-15,3667.5,14248
2022-10-03 11:40:14,104,-36,3667.25,14212
2022-10-03 11:40:15,38,-14,3667.25,14198
2022-10-03 11:40:16,39,13,3667.25,14211
2022-10-03 11:40:17,16,-4,3667.25,14207
2022-10-03 11:40:18,33,10,3667.5,14217
2022-10-03 11:40:19,35,0,3667.5,14217
2022-10-03 11:40:20,5,-2,3667.5,14215
2022-10-03 11:40:21,97,-48,3667.5,14167
2022-10-03 11:40:22,158,-22,3666.5,14145
2022-10-03 11:40:23,56,-1,3666.0,14144
2022-10-03 11:40:24,111,-4,3666.25,14140
2022-10-03 11:40:25,180,-3,3666.75,14137
2022-10-03 11:40:26,62,-26,3666.75,14111
2022-10-03 11:40:27,36,-15,3666.5,14096
2022-10-03 11:40:28,27,-2,3666.5,14094
2022-10-03 11:40:29,29,0,3666.5,14094
2022-10-03 11:40:30,12,-6,3666.25,14088
2022-10-03 11:40:31,51,-13,3666.25,14075
2022-10-03 11:40:32,113,17,3666.0,14092
2022-10-03 11:40:33,84,0,3665.5,14092
2022-10-03 11:40:34,55,6,3666.0,14098
2022-10-03 11:40:35,117,18,3666.0,14116
2022-10-03 11:40:36,65,-15,3666.25,14101
2022-10-03 11:40:37,73,-6,3666.5,14095
2022-10-03 11:40:38,6,0,3666.5,14095
2022-10-03 11:40:39,69,-6,3666.25,14089
2022-10-03 11:40:40,38,7,3666.25,14096
2022-10-03 11:40:41,79,-10,3666.5,14086
2022-10-03 11:40:42,18,-7,3666.25,14079
2022-10-03 11:40:43,19,-10,3666.25,14069
2022-10-03 11:40:44,77,2,3666.0,14071
2022-10-03 11:40:45,45,-3,3666.0,14068
2022-10-03 11:40:46,37,-6,3666.0,14062
2022-10-03 11:40:47,46,11,3665.75,14073
2022-10-03 11:40:48,150,-45,3665.75,14028
2022-10-03 11:40:49,111,-39,3665.5,13989
2022-10-03 11:40:50,126,-43,3665.5,13946
2022-10-03 11:40:51,78,-18,3665.5,13928
2022-10-03 11:40:52,196,-129,3665.5,13799
2022-10-03 11:40:53,10,-5,3665.5,13794
2022-10-03 11:40:54,134,17,3665.5,13811
2022-10-03 11:40:55,84,-10,3665.5,13801
2022-10-03 11:40:56,110,-18,3665.5,13783
2022-10-03 11:40:57,65,18,3665.5,13801
2022-10-03 11:40:58,279,1,3665.5,13802
2022-10-03 11:40:59,84,10,3665.5,13812
2022-10-03 11:41:00,132,35,3666.25,13847
2022-10-03 11:41:01,95,-12,3666.25,13835
2022-10-03 11:41:02,32,4,3666.25,13839
2022-10-03 11:41:03,13,5,3666.25,13844
2022-10-03 11:41:04,12,6,3666.25,13850
2022-10-03 11:41:05,77,-20,3666.5,13830
2022-10-03 11:41:06,105,38,3666.75,13868
2022-10-03 11:41:07,69,-19,3666.5,13849
2022-10-03 11:41:08,49,5,3666.0,13854
2022-10-03 11:41:09,72,-39,3666.0,13815
2022-10-03 11:41:10,145,15,3666.0,13830
2022-10-03 11:41:11,114,-35,3666.0,13795
2022-10-03 11:41:12,97,-47,3665.5,13748
2022-10-03 11:41:13,42,-4,3665.25,13744
2022-10-03 11:41:14,3,-1,3665.25,13743
2022-10-03 11:41:15,57,19,3665.5,13762
2022-10-03 11:41:16,13,-4,3665.5,13758
2022-10-03 11:41:17,34,-16,3665.5,13742
2022-10-03 11:41:18,139,-27,3665.0,13715
2022-10-03 11:41:19,69,25,3665.25,13740
2022-10-03 11:41:20,55,-12,3665.25,13728
2022-10-03 11:41:21,117,35,3665.75,13763
2022-10-03 11:41:22,133,-3,3665.75,13760
2022-10-03 11:41:23,59,-19,3665.75,13741
2022-10-03 11:41:24,26,-7,3665.25,13734
2022-10-03 11:41:25,56,-22,3665.0,13712
2022-10-03 11:41:26,9,-9,3664.75,13703
2022-10-03 11:41:27,163,-33,3664.75,13670
2022-10-03 11:41:28,598,-362,3664.25,13308
2022-10-03 11:41:29,231,-87,3663.5,13221
2022-10-03 11:41:30,124,-36,3663.0,13185
2022-10-03 11:41:31,159,1,3663.0,13186
2022-10-03 11:41:32,35,-5,3663.0,13181
2022-10-03 11:41:33,39,-3,3663.0,13178
2022-10-03 11:41:34,196,-27,3663.0,13151
2022-10-03 11:41:35,81,9,3662.5,13160
2022-10-03 11:41:36,331,77,3663.5,13237
2022-10-03 11:41:37,123,35,3663.5,13272
2022-10-03 11:41:38,167,-101,3663.0,13171
2022-10-03 11:41:39,55,6,3662.75,13177
2022-10-03 11:41:40,84,-1,3663.0,13176
2022-10-03 11:41:41,50,-3,3663.0,13173
2022-10-03 11:41:42,60,-11,3662.75,13162
2022-10-03 11:41:43,52,-2,3662.5,13160
2022-10-03 11:41:44,37,4,3662.75,13164
2022-10-03 11:41:45,188,55,3663.25,13219
2022-10-03 11:41:46,110,15,3663.5,13234
2022-10-03 11:41:47,118,-8,3663.75,13226
2022-10-03 11:41:48,38,-1,3663.5,13225
2022-10-03 11:41:49,83,-16,3663.75,13209
2022-10-03 11:41:50,91,-26,3663.0,13183
2022-10-03 11:41:51,88,-12,3662.75,13171
2022-10-03 11:41:52,17,13,3662.75,13184
2022-10-03 11:41:53,75,5,3663.0,13189
2022-10-03 11:41:54,69,-12,3663.5,13177
2022-10-03 11:41:55,32,-10,3663.5,13167
2022-10-03 11:41:56,213,12,3663.25,13179
2022-10-03 11:41:57,24,5,3663.5,13184
2022-10-03 11:41:58,143,35,3663.75,13219
2022-10-03 11:41:59,52,-8,3663.75,13211
2022-10-03 11:42:00,81,-33,3663.5,13178
2022-10-03 11:42:01,205,107,3664.75,13285
2022-10-03 11:42:02,154,39,3665.0,13324
2022-10-03 11:42:03,70,19,3665.0,13343
2022-10-03 11:42:04,57,-7,3665.0,13336
2022-10-03 11:42:05,141,-1,3665.25,13335
2022-10-03 11:42:06,83,23,3665.0,13358
2022-10-03 11:42:07,59,-1,3664.75,13357
2022-10-03 11:42:08,28,6,3664.75,13363
2022-10-03 11:42:09,92,2,3664.75,13365
2022-10-03 11:42:10,48,-4,3664.5,13361
2022-10-03 11:42:12,70,-3,3664.5,13358
2022-10-03 11:42:13,68,2,3664.5,13360
2022-10-03 11:42:14,17,-6,3664.75,13354
2022-10-03 11:42:15,77,-31,3664.5,13323
2022-10-03 11:42:16,45,28,3664.5,13351
2022-10-03 11:42:17,69,13,3664.5,13364
2022-10-03 11:42:18,52,6,3664.75,13370
2022-10-03 11:42:19,221,-29,3664.5,13341
2022-10-03 11:42:20,35,24,3664.5,13365
2022-10-03 11:42:21,45,19,3665.0,13384
2022-10-03 11:42:22,14,6,3665.0,13390
2022-10-03 11:42:23,73,15,3665.0,13405
2022-10-03 11:42:24,3,0,3665.0,13405
2022-10-03 11:42:25,14,0,3665.0,13405
2022-10-03 11:42:26,37,13,3665.0,13418
2022-10-03 11:42:27,47,-5,3665.0,13413
2022-10-03 11:42:28,46,-6,3664.75,13407
2022-10-03 11:42:29,16,5,3664.75,13412
2022-10-03 11:42:30,46,-1,3665.0,13411
2022-10-03 11:42:31,81,-5,3665.0,13406
2022-10-03 11:42:32,21,-20,3664.5,13386
2022-10-03 11:42:33,71,9,3664.5,13395
2022-10-03 11:42:34,45,6,3665.0,13401
2022-10-03 11:42:36,66,-9,3664.75,13392
2022-10-03 11:42:37,18,-13,3664.5,13379
2022-10-03 11:42:38,84,-21,3664.5,13358
2022-10-03 11:42:39,76,-37,3664.5,13321
2022-10-03 11:42:40,148,26,3664.75,13347
2022-10-03 11:42:41,70,-22,3664.5,13325
2022-10-03 11:42:42,104,11,3665.0,13336
2022-10-03 11:42:43,20,3,3665.25,13339
2022-10-03 11:42:44,8,2,3665.25,13341
2022-10-03 11:42:45,51,11,3665.5,13352
2022-10-03 11:42:46,88,-15,3665.5,13337
2022-10-03 11:42:47,73,7,3665.5,13344
2022-10-03 11:42:48,27,13,3665.5,13357
2022-10-03 11:42:49,48,3,3665.75,13360
2022-10-03 11:42:50,37,-2,3665.5,13358
2022-10-03 11:42:51,78,-19,3665.25,13339
2022-10-03 11:42:52,64,-11,3665.0,13328
2022-10-03 11:42:53,37,17,3665.25,13345
2022-10-03 11:42:56,98,-6,3665.5,13339
2022-10-03 11:42:57,96,30,3665.75,13369
2022-10-03 11:42:59,150,43,3666.0,13412
2022-10-03 11:43:00,148,-48,3666.0,13364
2022-10-03 11:43:01,45,0,3666.0,13364
2022-10-03 11:43:02,20,2,3665.75,13366
2022-10-03 11:43:03,70,-14,3665.75,13352
2022-10-03 11:43:04,70,-14,3665.75,13338
2022-10-03 11:43:05,2,0,3665.75,13338
2022-10-03 11:43:06,26,15,3665.75,13353
2022-10-03 11:43:07,54,-25,3665.75,13328
2022-10-03 11:43:08,17,-10,3665.5,13318
2022-10-03 11:43:10,23,-20,3665.25,13298
2022-10-03 11:43:11,38,6,3665.25,13304
2022-10-03 11:43:12,32,1,3665.25,13305
2022-10-03 11:43:13,24,0,3665.5,13305
2022-10-03 11:43:14,13,-2,3665.25,13303
2022-10-03 11:43:15,11,-4,3665.5,13299
2022-10-03 11:43:16,24,-16,3665.0,13283
2022-10-03 11:43:17,47,-2,3665.0,13281
2022-10-03 11:43:18,30,-2,3665.25,13279
2022-10-03 11:43:19,2,2,3665.0,13281
2022-10-03 11:43:20,30,-16,3664.75,13265
2022-10-03 11:43:21,57,9,3664.75,13274
2022-10-03 11:43:22,82,-6,3664.75,13268
2022-10-03 11:43:23,64,4,3664.75,13272
2022-10-03 11:43:24,2,0,3664.5,13272
2022-10-03 11:43:25,171,-3,3664.75,13269
2022-10-03 11:43:26,93,-15,3665.0,13254
2022-10-03 11:43:27,114,-42,3664.5,13212
2022-10-03 11:43:28,8,-7,3664.25,13205
2022-10-03 11:43:29,122,-27,3664.5,13178
2022-10-03 11:43:30,4,2,3664.75,13180
2022-10-03 11:43:31,1,-1,3664.5,13179
2022-10-03 11:43:32,1,-1,3664.5,13178
2022-10-03 11:43:33,35,-9,3664.75,13169
2022-10-03 11:43:34,30,6,3664.5,13175
2022-10-03 11:43:35,57,-17,3664.5,13158
2022-10-03 11:43:36,44,16,3664.25,13174
2022-10-03 11:43:37,43,13,3664.5,13187
2022-10-03 11:43:38,49,-12,3664.5,13175
2022-10-03 11:43:39,114,-23,3664.0,13152
2022-10-03 11:43:40,34,11,3664.25,13163
2022-10-03 11:43:41,35,12,3664.25,13175
2022-10-03 11:43:42,22,-16,3664.0,13159
2022-10-03 11:43:43,1,1,3664.0,13160
2022-10-03 11:43:44,3,2,3664.0,13162
2022-10-03 11:43:45,3,1,3664.0,13163
2022-10-03 11:43:46,182,-90,3664.0,13073
2022-10-03 11:43:47,76,9,3664.0,13082
2022-10-03 11:43:48,7,2,3664.25,13084
2022-10-03 11:43:49,34,13,3664.25,13097
2022-10-03 11:43:50,35,1,3664.5,13098
2022-10-03 11:43:51,45,-9,3664.5,13089
2022-10-03 11:43:52,23,5,3664.25,13094
2022-10-03 11:43:53,24,-4,3664.25,13090
2022-10-03 11:43:54,74,-6,3664.25,13084
2022-10-03 11:43:55,1,-1,3664.25,13083
2022-10-03 11:43:56,132,10,3664.5,13093
2022-10-03 11:43:57,20,-4,3664.5,13089
2022-10-03 11:43:58,224,27,3665.0,13116
2022-10-03 11:43:59,86,13,3665.0,13129
2022-10-03 11:44:00,34,11,3665.0,13140
2022-10-03 11:44:01,128,40,3665.25,13180
2022-10-03 11:44:02,178,25,3665.5,13205
2022-10-03 11:44:03,117,-19,3665.5,13186
2022-10-03 11:44:04,26,1,3665.75,13187
2022-10-03 11:44:05,103,38,3665.75,13225
2022-10-03 11:44:06,47,-11,3665.5,13214
2022-10-03 11:44:07,49,-16,3665.25,13198
2022-10-03 11:44:08,11,-1,3665.25,13197
2022-10-03 11:44:09,2,-2,3665.0,13195
2022-10-03 11:44:10,40,-6,3665.25,13189
2022-10-03 11:44:11,31,7,3665.25,13196
2022-10-03 11:44:12,44,7,3665.25,13203
2022-10-03 11:44:13,50,-9,3665.5,13194
2022-10-03 11:44:14,62,8,3665.5,13202
2022-10-03 11:44:15,59,37,3665.5,13239
2022-10-03 11:44:16,29,13,3665.5,13252
2022-10-03 11:44:17,4,-4,3665.25,13248
2022-10-03 11:44:18,112,-26,3665.25,13222
2022-10-03 11:44:19,53,0,3665.25,13222
2022-10-03 11:44:20,30,-4,3665.0,13218
2022-10-03 11:44:21,9,5,3664.75,13223
2022-10-03 11:44:22,10,-2,3664.75,13221
2022-10-03 11:44:23,19,-3,3664.75,13218
2022-10-03 11:44:24,19,2,3664.75,13220
2022-10-03 11:44:25,157,-54,3664.75,13166
2022-10-03 11:44:26,74,-2,3664.25,13164
2022-10-03 11:44:27,22,13,3664.25,13177
2022-10-03 11:44:28,29,15,3664.25,13192
2022-10-03 11:44:29,25,-3,3664.5,13189
2022-10-03 11:44:30,12,9,3664.25,13198
2022-10-03 11:44:31,3,-3,3664.25,13195
2022-10-03 11:44:32,41,-6,3664.25,13189
2022-10-03 11:44:33,6,-1,3664.25,13188
2022-10-03 11:44:34,3,-1,3664.25,13187
2022-10-03 11:44:35,38,-6,3664.0,13181
2022-10-03 11:44:36,115,-46,3664.0,13135
2022-10-03 11:44:37,48,16,3663.75,13151
2022-10-03 11:44:38,30,6,3664.0,13157
2022-10-03 11:44:39,41,15,3664.0,13172
2022-10-03 11:44:40,19,4,3664.25,13176
2022-10-03 11:44:41,123,19,3664.5,13195
2022-10-03 11:44:42,90,1,3664.75,13196
2022-10-03 11:44:43,4,2,3664.75,13198
2022-10-03 11:44:44,2,0,3664.75,13198
2022-10-03 11:44:45,62,23,3664.75,13221
2022-10-03 11:44:46,253,54,3664.75,13275
2022-10-03 11:44:47,31,-13,3664.75,13262
2022-10-03 11:44:48,29,18,3665.0,13280
2022-10-03 11:44:49,75,-33,3664.75,13247
2022-10-03 11:44:50,6,2,3664.5,13249
2022-10-03 11:44:51,74,-10,3664.25,13239
2022-10-03 11:44:52,33,-8,3664.25,13231
2022-10-03 11:44:53,5,-4,3664.0,13227
2022-10-03 11:44:54,29,4,3664.0,13231
2022-10-03 11:44:55,94,-9,3664.25,13222
2022-10-03 11:44:56,20,-6,3664.0,13216
2022-10-03 11:44:57,37,18,3664.0,13234
2022-10-03 11:44:58,92,-3,3664.0,13231
2022-10-03 11:44:59,11,0,3664.0,13231
2022-10-03 11:45:00,211,-32,3664.0,13199
2022-10-03 11:45:01,37,1,3664.25,13200
2022-10-03 11:45:02,48,-16,3664.0,13184
2022-10-03 11:45:03,47,5,3664.25,13189
2022-10-03 11:45:04,110,18,3664.25,13207
2022-10-03 11:45:05,53,-19,3664.25,13188
2022-10-03 11:45:06,19,1,3664.25,13189
2022-10-03 11:45:07,20,-6,3664.25,13183
2022-10-03 11:45:08,32,11,3664.25,13194
2022-10-03 11:45:09,15,3,3664.5,13197
2022-10-03 11:45:10,18,-5,3664.25,13192
2022-10-03 11:45:11,45,14,3664.75,13206
2022-10-03 11:45:12,53,13,3664.75,13219
2022-10-03 11:45:13,9,-1,3664.75,13218
2022-10-03 11:45:14,144,31,3664.75,13249
2022-10-03 11:45:15,4,2,3664.75,13251
2022-10-03 11:45:16,20,11,3664.75,13262
2022-10-03 11:45:17,127,75,3665.0,13337
2022-10-03 11:45:18,2,2,3665.0,13339
2022-10-03 11:45:19,145,-56,3665.0,13283
2022-10-03 11:45:20,87,-6,3664.5,13277
2022-10-03 11:45:21,21,3,3664.0,13280
2022-10-03 11:45:22,59,-5,3664.0,13275
2022-10-03 11:45:23,8,3,3664.0,13278
2022-10-03 11:45:24,47,-6,3664.0,13272
2022-10-03 11:45:25,1,-1,3663.75,13271
2022-10-03 11:45:26,292,-53,3664.0,13218
2022-10-03 11:45:27,173,-50,3663.75,13168
2022-10-03 11:45:28,52,-12,3664.0,13156
2022-10-03 11:45:29,49,-4,3664.0,13152
2022-10-03 11:45:30,159,-84,3663.5,13068
2022-10-03 11:45:31,80,11,3663.0,13079
2022-10-03 11:45:32,106,-40,3663.0,13039
2022-10-03 11:45:33,25,-1,3662.75,13038
2022-10-03 11:45:34,97,4,3662.5,13042
2022-10-03 11:45:35,6,-5,3662.5,13037
2022-10-03 11:45:36,131,-66,3662.5,12971
2022-10-03 11:45:37,19,-12,3662.5,12959
2022-10-03 11:45:38,155,30,3662.5,12989
2022-10-03 11:45:39,38,10,3662.75,12999
2022-10-03 11:45:40,19,-1,3662.5,12998
2022-10-03 11:45:41,42,-27,3662.5,12971
2022-10-03 11:45:42,8,4,3662.25,12975
2022-10-03 11:45:43,9,4,3662.5,12979
2022-10-03 11:45:44,26,5,3662.5,12984
2022-10-03 11:45:45,16,-4,3662.5,12980
2022-10-03 11:45:46,172,-32,3662.5,12948
2022-10-03 11:45:47,52,20,3662.75,12968
2022-10-03 11:45:48,71,0,3663.0,12968
2022-10-03 11:45:49,54,9,3663.25,12977
2022-10-03 11:45:50,36,6,3663.25,12983
2022-10-03 11:45:51,38,3,3663.0,12986
2022-10-03 11:45:52,108,16,3663.25,13002
2022-10-03 11:45:53,99,11,3663.25,13013
2022-10-03 11:45:54,51,27,3663.25,13040
2022-10-03 11:45:55,82,24,3663.25,13064
2022-10-03 11:45:56,82,-27,3663.0,13037
2022-10-03 11:45:57,45,2,3662.5,13039
2022-10-03 11:45:58,46,-16,3662.5,13023
2022-10-03 11:45:59,70,-7,3662.25,13016
2022-10-03 11:46:00,89,-19,3662.25,12997
2022-10-03 11:46:01,71,-5,3662.25,12992
2022-10-03 11:46:02,129,-25,3662.5,12967
2022-10-03 11:46:03,71,15,3662.75,12982
2022-10-03 11:46:04,2,-2,3662.5,12980
2022-10-03 11:46:05,64,-27,3662.5,12953
2022-10-03 11:46:06,54,14,3662.5,12967
2022-10-03 11:46:07,53,-16,3662.5,12951
2022-10-03 11:46:08,50,15,3662.75,12966
2022-10-03 11:46:09,36,6,3663.25,12972
2022-10-03 11:46:10,64,1,3663.0,12973
2022-10-03 11:46:11,15,6,3663.0,12979
2022-10-03 11:46:12,37,-6,3663.0,12973
2022-10-03 11:46:13,53,15,3663.25,12988
2022-10-03 11:46:14,234,42,3663.5,13030
2022-10-03 11:46:15,70,10,3663.0,13040
2022-10-03 11:46:16,32,7,3662.5,13047
2022-10-03 11:46:17,19,-5,3662.75,13042
2022-10-03 11:46:18,92,-45,3662.5,12997
2022-10-03 11:46:19,68,-17,3662.75,12980
2022-10-03 11:46:20,103,54,3662.5,13034
2022-10-03 11:46:21,29,18,3662.75,13052
2022-10-03 11:46:22,2,2,3662.75,13054
2022-10-03 11:46:23,27,-12,3662.5,13042
2022-10-03 11:46:24,25,-2,3662.5,13040
2022-10-03 11:46:25,30,4,3662.5,13044
2022-10-03 11:46:26,35,19,3662.25,13063
2022-10-03 11:46:27,27,-11,3662.5,13052
2022-10-03 11:46:28,201,-48,3662.25,13004
2022-10-03 11:46:29,42,4,3662.5,13008
2022-10-03 11:46:30,41,5,3662.75,13013
2022-10-03 11:46:31,49,10,3662.5,13023
2022-10-03 11:46:32,37,9,3662.75,13032
2022-10-03 11:46:33,41,7,3662.75,13039
2022-10-03 11:46:34,50,20,3663.0,13059
2022-10-03 11:46:35,58,-5,3663.0,13054
2022-10-03 11:46:36,2,2,3662.75,13056
2022-10-03 11:46:38,65,28,3662.75,13084
2022-10-03 11:46:39,63,23,3663.0,13107
2022-10-03 11:46:40,70,-32,3663.0,13075
2022-10-03 11:46:41,38,0,3662.75,13075
2022-10-03 11:46:42,9,-5,3662.75,13070
2022-10-03 11:46:43,104,5,3663.0,13075
2022-10-03 11:46:44,149,-18,3662.5,13057
2022-10-03 11:46:45,9,-3,3662.5,13054
2022-10-03 11:46:46,56,9,3662.75,13063
2022-10-03 11:46:47,76,-3,3662.75,13060
2022-10-03 11:46:48,51,13,3662.5,13073
2022-10-03 11:46:49,18,-2,3662.5,13071
2022-10-03 11:46:50,33,-6,3662.25,13065
2022-10-03 11:46:51,1,-1,3662.0,13064
2022-10-03 11:46:52,30,16,3662.5,13080
2022-10-03 11:46:53,18,-11,3662.25,13069
2022-10-03 11:46:55,40,-2,3662.25,13067
2022-10-03 11:46:56,10,2,3662.25,13069
2022-10-03 11:46:57,105,16,3663.0,13085
2022-10-03 11:46:58,32,-1,3663.0,13084
2022-10-03 11:46:59,3,1,3662.75,13085
2022-10-03 11:47:00,76,4,3662.75,13089
2022-10-03 11:47:01,21,7,3662.5,13096
2022-10-03 11:47:02,7,6,3662.5,13102
2022-10-03 11:47:03,96,11,3663.0,13113
2022-10-03 11:47:04,19,8,3662.75,13121
2022-10-03 11:47:05,73,9,3662.75,13130
2022-10-03 11:47:06,38,-20,3662.5,13110
2022-10-03 11:47:07,123,59,3663.0,13169
2022-10-03 11:47:08,61,-52,3662.75,13117
2022-10-03 11:47:09,5,2,3662.5,13119
2022-10-03 11:47:10,37,13,3662.5,13132
2022-10-03 11:47:11,20,3,3662.5,13135
2022-10-03 11:47:12,5,-1,3662.5,13134
2022-10-03 11:47:13,99,-5,3662.5,13129
2022-10-03 11:47:14,56,-25,3662.5,13104
2022-10-03 11:47:15,31,-16,3662.5,13088
2022-10-03 11:47:16,93,39,3662.5,13127
2022-10-03 11:47:17,33,4,3662.5,13131
2022-10-03 11:47:18,50,28,3662.75,13159
2022-10-03 11:47:19,11,7,3662.75,13166
2022-10-03 11:47:20,36,4,3663.0,13170
2022-10-03 11:47:21,104,20,3663.25,13190
2022-10-03 11:47:22,59,27,3663.5,13217
2022-10-03 11:47:23,119,64,3663.5,13281
2022-10-03 11:47:24,150,57,3664.0,13338
2022-10-03 11:47:25,99,34,3664.25,13372
2022-10-03 11:47:26,24,-3,3664.0,13369
2022-10-03 11:47:27,48,19,3664.25,13388
2022-10-03 11:47:28,3,-1,3664.25,13387
2022-10-03 11:47:29,62,35,3664.25,13422
2022-10-03 11:47:30,31,19,3664.25,13441
2022-10-03 11:47:31,3,0,3664.25,13441
2022-10-03 11:47:32,53,-14,3664.0,13427
2022-10-03 11:47:33,60,-26,3664.0,13401
2022-10-03 11:47:34,3,3,3664.0,13404
2022-10-03 11:47:35,75,-13,3664.0,13391
2022-10-03 11:47:36,74,-26,3663.75,13365
2022-10-03 11:47:37,10,2,3663.5,13367
2022-10-03 11:47:39,34,1,3663.75,13368
2022-10-03 11:47:40,25,0,3663.75,13368
2022-10-03 11:47:41,53,30,3664.0,13398
2022-10-03 11:47:42,56,-2,3664.25,13396
2022-10-03 11:47:43,42,-6,3664.25,13390
2022-10-03 11:47:44,66,21,3664.5,13411
2022-10-03 11:47:45,41,-9,3664.5,13402
2022-10-03 11:47:46,16,-7,3664.25,13395
2022-10-03 11:47:47,53,-15,3664.25,13380
2022-10-03 11:47:48,7,6,3664.25,13386
2022-10-03 11:47:49,25,11,3664.5,13397
2022-10-03 11:47:50,37,11,3664.5,13408
2022-10-03 11:47:51,5,3,3664.5,13411
2022-10-03 11:47:52,1,-1,3664.25,13410
2022-10-03 11:47:53,7,5,3664.5,13415
2022-10-03 11:47:54,36,21,3664.5,13436
2022-10-03 11:47:55,6,-4,3664.5,13432
2022-10-03 11:47:56,1,1,3664.5,13433
2022-10-03 11:47:57,19,13,3664.5,13446
2022-10-03 11:47:58,4,-4,3664.5,13442
2022-10-03 11:47:59,163,31,3665.0,13473
2022-10-03 11:48:00,46,-11,3664.75,13462
2022-10-03 11:48:01,13,10,3664.75,13472
2022-10-03 11:48:02,29,-17,3664.75,13455
2022-10-03 11:48:03,107,-14,3664.5,13441
2022-10-03 11:48:04,51,4,3664.75,13445
2022-10-03 11:48:05,67,28,3664.75,13473
2022-10-03 11:48:06,45,5,3665.0,13478
2022-10-03 11:48:07,5,1,3665.0,13479
2022-10-03 11:48:08,66,-10,3665.0,13469
2022-10-03 11:48:09,63,13,3665.25,13482
2022-10-03 11:48:10,8,6,3665.25,13488
2022-10-03 11:48:11,19,2,3665.25,13490
2022-10-03 11:48:12,79,14,3665.5,13504
2022-10-03 11:48:13,58,42,3665.75,13546
2022-10-03 11:48:14,91,50,3666.0,13596
2022-10-03 11:48:15,296,-45,3666.0,13551
2022-10-03 11:48:16,101,-13,3665.25,13538
2022-10-03 11:48:17,30,-13,3665.0,13525
2022-10-03 11:48:18,22,-6,3664.75,13519
2022-10-03 11:48:19,75,11,3665.25,13530
2022-10-03 11:48:20,170,-28,3665.0,13502
2022-10-03 11:48:21,56,8,3665.0,13510
2022-10-03 11:48:22,4,1,3665.0,13511
2022-10-03 11:48:23,17,-1,3665.25,13510
2022-10-03 11:48:24,1,-1,3665.0,13509
2022-10-03 11:48:25,69,-10,3665.25,13499
2022-10-03 11:48:26,30,-2,3665.25,13497
2022-10-03 11:48:27,13,3,3665.5,13500
2022-10-03 11:48:28,21,18,3665.75,13518
2022-10-03 11:48:29,117,33,3665.75,13551
2022-10-03 11:48:30,24,3,3666.0,13554
2022-10-03 11:48:31,149,59,3666.5,13613
2022-10-03 11:48:32,179,35,3666.75,13648
2022-10-03 11:48:33,189,13,3666.75,13661
2022-10-03 11:48:34,72,-25,3666.5,13636
2022-10-03 11:48:35,23,-5,3666.5,13631
2022-10-03 11:48:36,14,7,3666.5,13638
2022-10-03 11:48:37,54,-2,3666.5,13636
2022-10-03 11:48:38,30,12,3666.25,13648
2022-10-03 11:48:39,48,-3,3666.5,13645
2022-10-03 11:48:40,18,14,3666.5,13659
2022-10-03 11:48:41,91,-2,3666.75,13657
2022-10-03 11:48:42,71,-11,3666.5,13646
2022-10-03 11:48:43,27,-3,3666.5,13643
2022-10-03 11:48:44,34,7,3666.75,13650
2022-10-03 11:48:45,68,38,3667.0,13688
2022-10-03 11:48:46,63,42,3667.25,13730
2022-10-03 11:48:47,75,-10,3667.25,13720
2022-10-03 11:48:48,30,2,3667.25,13722
2022-10-03 11:48:49,19,6,3667.0,13728
2022-10-03 11:48:50,78,13,3667.25,13741
2022-10-03 11:48:51,161,15,3667.75,13756
2022-10-03 11:48:52,258,-35,3667.5,13721
2022-10-03 11:48:53,28,-15,3666.75,13706
2022-10-03 11:48:54,49,3,3666.75,13709
2022-10-03 11:48:55,166,12,3666.75,13721
2022-10-03 11:48:56,38,-7,3666.75,13714
2022-10-03 11:48:57,72,2,3666.75,13716
2022-10-03 11:48:58,92,-16,3667.0,13700
2022-10-03 11:48:59,124,31,3667.0,13731
2022-10-03 11:49:00,73,-28,3667.0,13703
2022-10-03 11:49:01,18,-5,3667.0,13698
2022-10-03 11:49:02,35,10,3667.0,13708
2022-10-03 11:49:03,55,3,3667.0,13711
2022-10-03 11:49:04,25,-11,3667.0,13700
2022-10-03 11:49:05,29,3,3667.0,13703
2022-10-03 11:49:06,107,2,3667.5,13705
2022-10-03 11:49:07,51,-6,3667.25,13699
2022-10-03 11:49:08,87,-7,3667.25,13692
2022-10-03 11:49:09,53,-7,3667.0,13685
2022-10-03 11:49:10,35,3,3667.0,13688
2022-10-03 11:49:11,67,-18,3666.75,13670
2022-10-03 11:49:12,45,-18,3666.75,13652
2022-10-03 11:49:13,28,-5,3666.5,13647
2022-10-03 11:49:14,97,-44,3666.25,13603
2022-10-03 11:49:15,63,13,3666.5,13616
2022-10-03 11:49:16,64,-11,3666.75,13605
2022-10-03 11:49:17,21,5,3666.75,13610
2022-10-03 11:49:18,19,0,3666.75,13610
2022-10-03 11:49:19,24,-2,3667.0,13608
2022-10-03 11:49:20,34,-11,3666.75,13597
2022-10-03 11:49:21,54,-11,3666.5,13586
2022-10-03 11:49:22,31,2,3666.25,13588
2022-10-03 11:49:23,3,1,3666.5,13589
2022-10-03 11:49:24,8,5,3666.5,13594
2022-10-03 11:49:25,17,6,3667.0,13600
2022-10-03 11:49:26,40,-6,3666.75,13594
2022-10-03 11:49:27,39,-4,3666.5,13590
2022-10-03 11:49:28,122,-21,3666.25,13569
2022-10-03 11:49:29,104,-16,3665.75,13553
2022-10-03 11:49:30,45,20,3666.0,13573
2022-10-03 11:49:31,37,-8,3666.0,13565
2022-10-03 11:49:32,3,-3,3666.0,13562
2022-10-03 11:49:33,51,2,3666.5,13564
2022-10-03 11:49:34,50,-17,3666.25,13547
2022-10-03 11:49:35,59,-5,3666.25,13542
2022-10-03 11:49:36,37,2,3666.25,13544
2022-10-03 11:49:37,23,-6,3666.5,13538
2022-10-03 11:49:38,39,16,3666.5,13554
2022-10-03 11:49:39,20,2,3666.75,13556
2022-10-03 11:49:40,57,-1,3666.75,13555
2022-10-03 11:49:41,44,7,3666.75,13562
2022-10-03 11:49:42,15,-3,3666.5,13559
2022-10-03 11:49:43,1,-1,3666.25,13558
2022-10-03 11:49:44,48,-5,3666.75,13553
2022-10-03 11:49:45,40,-7,3667.0,13546
2022-10-03 11:49:46,9,2,3666.75,13548
2022-10-03 11:49:47,7,-5,3666.75,13543
2022-10-03 11:49:50,35,-17,3666.5,13526
2022-10-03 11:49:51,83,-8,3666.75,13518
2022-10-03 11:49:52,26,11,3666.75,13529
2022-10-03 11:49:53,37,14,3666.75,13543
2022-10-03 11:49:54,56,-8,3667.0,13535
2022-10-03 11:49:55,44,2,3666.75,13537
2022-10-03 11:49:56,18,3,3666.75,13540
2022-10-03 11:49:57,6,0,3666.5,13540
2022-10-03 11:49:58,113,46,3667.0,13586
2022-10-03 11:49:59,195,-3,3667.25,13583
2022-10-03 11:50:00,94,-9,3667.0,13574
2022-10-03 11:50:01,76,9,3667.25,13583
2022-10-03 11:50:02,8,3,3667.25,13586
2022-10-03 11:50:03,28,-8,3667.25,13578
2022-10-03 11:50:04,62,-12,3667.0,13566
2022-10-03 11:50:05,35,0,3667.25,13566
2022-10-03 11:50:06,3,-1,3667.25,13565
2022-10-03 11:50:07,22,-5,3667.25,13560
2022-10-03 11:50:08,6,-3,3667.0,13557
2022-10-03 11:50:09,38,-18,3667.25,13539
2022-10-03 11:50:10,29,1,3667.0,13540
2022-10-03 11:50:11,150,45,3667.75,13585
2022-10-03 11:50:12,72,0,3667.5,13585
2022-10-03 11:50:13,83,-3,3667.5,13582
2022-10-03 11:50:14,2,2,3667.5,13584
2022-10-03 11:50:15,22,-9,3667.5,13575
2022-10-03 11:50:17,3,1,3667.75,13576
2022-10-03 11:50:18,51,-15,3667.75,13561
2022-10-03 11:50:19,52,-11,3667.25,13550
2022-10-03 11:50:20,3,-1,3667.25,13549
2022-10-03 11:50:21,21,-16,3667.0,13533
2022-10-03 11:50:22,31,8,3667.0,13541
2022-10-03 11:50:23,84,-9,3666.75,13532
2022-10-03 11:50:24,2,0,3666.75,13532
2022-10-03 11:50:25,47,-1,3666.5,13531
2022-10-03 11:50:26,9,-6,3666.75,13525
2022-10-03 11:50:27,14,-8,3666.25,13517
2022-10-03 11:50:28,21,9,3666.5,13526
2022-10-03 11:50:29,25,5,3666.5,13531
2022-10-03 11:50:30,17,-7,3666.75,13524
2022-10-03 11:50:31,1,-1,3666.5,13523
2022-10-03 11:50:32,35,21,3666.75,13544
2022-10-03 11:50:33,31,-15,3667.0,13529
2022-10-03 11:50:34,22,-11,3666.75,13518
2022-10-03 11:50:35,21,3,3666.5,13521
2022-10-03 11:50:36,27,4,3666.5,13525
2022-10-03 11:50:37,31,3,3666.5,13528
2022-10-03 11:50:38,16,11,3666.75,13539
2022-10-03 11:50:39,15,0,3667.0,13539
2022-10-03 11:50:40,5,0,3667.0,13539
2022-10-03 11:50:41,92,23,3667.0,13562
2022-10-03 11:50:42,98,-13,3667.25,13549
2022-10-03 11:50:43,85,9,3667.25,13558
2022-10-03 11:50:44,83,22,3667.5,13580
2022-10-03 11:50:45,106,28,3667.5,13608
2022-10-03 11:50:46,23,6,3667.5,13614
2022-10-03 11:50:47,37,28,3668.0,13642
2022-10-03 11:50:48,260,28,3668.0,13670
2022-10-03 11:50:49,37,19,3668.0,13689
2022-10-03 11:50:50,63,15,3668.0,13704
2022-10-03 11:50:51,46,-1,3668.0,13703
2022-10-03 11:50:52,2,2,3668.0,13705
2022-10-03 11:50:53,16,13,3668.0,13718
2022-10-03 11:50:54,60,-8,3668.0,13710
2022-10-03 11:50:55,33,18,3667.75,13728
2022-10-03 11:50:57,117,-12,3667.75,13716
2022-10-03 11:50:58,37,-3,3667.75,13713
2022-10-03 11:50:59,58,-11,3667.5,13702
2022-10-03 11:51:00,90,-31,3667.75,13671
2022-10-03 11:51:01,76,-19,3667.5,13652
2022-10-03 11:51:02,50,-17,3667.25,13635
2022-10-03 11:51:03,54,0,3667.25,13635
2022-10-03 11:51:04,11,-6,3667.25,13629
2022-10-03 11:51:05,34,0,3667.25,13629
2022-10-03 11:51:07,1,-1,3667.0,13628
2022-10-03 11:51:08,46,-12,3667.5,13616
2022-10-03 11:51:09,62,3,3667.25,13619
2022-10-03 11:51:10,32,5,3667.5,13624
2022-10-03 11:51:11,13,-4,3667.25,13620
2022-10-03 11:51:12,10,0,3667.5,13620
2022-10-03 11:51:13,20,-10,3667.25,13610
2022-10-03 11:51:14,13,6,3667.25,13616
2022-10-03 11:51:15,28,14,3667.5,13630
2022-10-03 11:51:16,82,42,3667.75,13672
2022-10-03 11:51:17,67,15,3668.0,13687
2022-10-03 11:51:18,16,5,3667.75,13692
2022-10-03 11:51:19,5,-3,3668.0,13689
2022-10-03 11:51:20,74,10,3668.0,13699
2022-10-03 11:51:21,23,-3,3668.0,13696
2022-10-03 11:51:22,57,5,3668.0,13701
2022-10-03 11:51:23,29,6,3668.0,13707
2022-10-03 11:51:24,21,5,3668.0,13712
2022-10-03 11:51:25,16,2,3668.0,13714
2022-10-03 11:51:26,48,-11,3667.5,13703
2022-10-03 11:51:27,7,-6,3667.25,13697
2022-10-03 11:51:29,30,10,3667.5,13707
2022-10-03 11:51:30,24,18,3667.5,13725
2022-10-03 11:51:31,8,-7,3667.5,13718
2022-10-03 11:51:32,18,0,3667.5,13718
2022-10-03 11:51:33,3,-3,3667.25,13715
2022-10-03 11:51:34,44,-16,3667.25,13699
2022-10-03 11:51:35,48,-21,3667.25,13678
2022-10-03 11:51:36,18,-2,3667.25,13676
2022-10-03 11:51:37,1,-1,3667.25,13675
2022-10-03 11:51:38,3,3,3667.5,13678
2022-10-03 11:51:39,6,3,3667.5,13681
2022-10-03 11:51:40,13,-8,3667.5,13673
2022-10-03 11:51:41,30,-15,3667.0,13658
2022-10-03 11:51:42,16,6,3667.0,13664
2022-10-03 11:51:43,38,17,3667.5,13681
2022-10-03 11:51:44,5,-4,3667.25,13677
2022-10-03 11:51:45,26,3,3667.5,13680
2022-10-03 11:51:46,1,1,3667.5,13681
2022-10-03 11:51:47,33,-6,3667.5,13675
2022-10-03 11:51:48,16,8,3667.5,13683
2022-10-03 11:51:49,6,-6,3667.25,13677
2022-10-03 11:51:50,44,14,3667.5,13691
2022-10-03 11:51:51,27,-3,3667.25,13688
2022-10-03 11:51:52,10,7,3667.5,13695
2022-10-03 11:51:53,46,6,3667.5,13701
2022-10-03 11:51:54,5,-3,3667.5,13698
2022-10-03 11:51:55,25,-10,3667.5,13688
2022-10-03 11:51:56,8,0,3667.5,13688
2022-10-03 11:51:57,18,-5,3667.5,13683
2022-10-03 11:51:58,24,-11,3667.5,13672
2022-10-03 11:51:59,7,0,3667.5,13672
2022-10-03 11:52:00,86,10,3667.75,13682
2022-10-03 11:52:01,45,-12,3667.0,13670
2022-10-03 11:52:02,22,6,3667.25,13676
2022-10-03 11:52:03,8,-6,3667.25,13670
2022-10-03 11:52:04,18,10,3667.25,13680
2022-10-03 11:52:05,16,-5,3667.25,13675
2022-10-03 11:52:06,16,-3,3667.5,13672
2022-10-03 11:52:07,11,-2,3667.25,13670
2022-10-03 11:52:08,2,0,3667.25,13670
2022-10-03 11:52:09,2,0,3667.25,13670
2022-10-03 11:52:10,57,-7,3667.0,13663
2022-10-03 11:52:11,248,-83,3666.75,13580
2022-10-03 11:52:12,50,-3,3666.75,13577
2022-10-03 11:52:13,7,-6,3666.5,13571
2022-10-03 11:52:14,46,-11,3666.75,13560
2022-10-03 11:52:15,34,-10,3666.75,13550
2022-10-03 11:52:16,16,12,3666.5,13562
2022-10-03 11:52:17,25,14,3666.75,13576
2022-10-03 11:52:18,49,21,3667.25,13597
2022-10-03 11:52:20,14,4,3667.25,13601
2022-10-03 11:52:21,78,-3,3667.25,13598
2022-10-03 11:52:24,74,10,3667.0,13608
2022-10-03 11:52:25,21,5,3667.25,13613
2022-10-03 11:52:26,56,13,3667.5,13626
2022-10-03 11:52:27,97,2,3667.5,13628
2022-10-03 11:52:28,3,-1,3667.5,13627
2022-10-03 11:52:29,25,-3,3667.25,13624
2022-10-03 11:52:30,12,-4,3667.5,13620
2022-10-03 11:52:31,65,10,3667.0,13630
2022-10-03 11:52:32,44,3,3667.25,13633
2022-10-03 11:52:33,24,-3,3666.75,13630
2022-10-03 11:52:34,2,0,3667.0,13630
2022-10-03 11:52:35,52,16,3667.5,13646
2022-10-03 11:52:36,58,21,3667.75,13667
2022-10-03 11:52:37,27,-3,3668.0,13664
2022-10-03 11:52:38,15,-3,3667.75,13661
2022-10-03 11:52:39,14,-9,3667.75,13652
2022-10-03 11:52:40,16,9,3667.75,13661
2022-10-03 11:52:41,49,10,3668.0,13671
2022-10-03 11:52:42,122,22,3668.25,13693
2022-10-03 11:52:43,36,6,3668.25,13699
2022-10-03 11:52:44,17,0,3668.0,13699
2022-10-03 11:52:45,50,1,3668.25,13700
2022-10-03 11:52:46,2,2,3668.25,13702
2022-10-03 11:52:47,19,-6,3668.25,13696
2022-10-03 11:52:48,40,2,3668.0,13698
2022-10-03 11:52:49,57,11,3668.0,13709
2022-10-03 11:52:50,12,5,3668.0,13714
2022-10-03 11:52:51,35,22,3668.5,13736
2022-10-03 11:52:52,209,48,3669.25,13784
2022-10-03 11:52:53,37,-6,3668.75,13778
2022-10-03 11:52:54,19,7,3668.5,13785
2022-10-03 11:52:55,41,10,3668.25,13795
2022-10-03 11:52:56,60,-1,3668.5,13794
2022-10-03 11:52:57,74,-17,3668.0,13777
2022-10-03 11:52:58,13,-5,3668.25,13772
2022-10-03 11:52:59,9,6,3668.0,13778
2022-10-03 11:53:00,60,-9,3668.25,13769
2022-10-03 11:53:01,28,5,3667.75,13774
2022-10-03 11:53:02,31,-6,3667.75,13768
2022-10-03 11:53:03,40,0,3667.75,13768
2022-10-03 11:53:04,30,-1,3668.0,13767
2022-10-03 11:53:05,40,7,3668.0,13774
2022-10-03 11:53:06,12,-6,3668.0,13768
2022-10-03 11:53:07,13,-5,3667.75,13763
2022-10-03 11:53:08,36,12,3668.25,13775
2022-10-03 11:53:09,1,-1,3667.75,13774
2022-10-03 11:53:10,31,22,3668.25,13796
2022-10-03 11:53:11,48,-3,3668.25,13793
2022-10-03 11:53:12,8,-4,3668.0,13789
2022-10-03 11:53:13,19,18,3668.0,13807
2022-10-03 11:53:14,81,22,3668.5,13829
2022-10-03 11:53:15,30,-10,3668.75,13819
2022-10-03 11:53:16,12,6,3668.5,13825
2022-10-03 11:53:17,33,4,3668.5,13829
2022-10-03 11:53:18,36,3,3668.5,13832
2022-10-03 11:53:19,26,16,3668.5,13848
2022-10-03 11:53:20,51,21,3668.75,13869
2022-10-03 11:53:21,19,1,3668.75,13870
2022-10-03 11:53:22,1,-1,3668.75,13869
2022-10-03 11:53:23,37,-2,3668.75,13867
2022-10-03 11:53:24,15,2,3668.75,13869
2022-10-03 11:53:25,36,-18,3668.75,13851
2022-10-03 11:53:26,15,15,3668.5,13866
2022-10-03 11:53:27,1,1,3668.75,13867
2022-10-03 11:53:28,25,-11,3668.5,13856
2022-10-03 11:53:29,7,4,3668.75,13860
2022-10-03 11:53:30,29,1,3668.75,13861
2022-10-03 11:53:32,30,-11,3668.25,13850
2022-10-03 11:53:33,5,-5,3668.0,13845
2022-10-03 11:53:34,117,-6,3668.25,13839
2022-10-03 11:53:35,8,2,3667.75,13841
2022-10-03 11:53:36,70,-7,3667.5,13834
2022-10-03 11:53:37,35,-12,3667.5,13822
2022-10-03 11:53:38,92,-6,3667.25,13816
2022-10-03 11:53:39,233,-50,3666.5,13766
2022-10-03 11:53:40,115,-10,3665.75,13756
2022-10-03 11:53:41,81,16,3666.0,13772
2022-10-03 11:53:42,83,-4,3666.0,13768
2022-10-03 11:53:43,41,5,3666.25,13773
2022-10-03 11:53:44,24,-7,3666.25,13766
2022-10-03 11:53:45,82,0,3666.5,13766
2022-10-03 11:53:46,35,6,3666.5,13772
2022-10-03 11:53:47,53,-12,3666.5,13760
2022-10-03 11:53:48,6,-2,3666.25,13758
2022-10-03 11:53:49,6,-5,3666.25,13753
2022-10-03 11:53:50,63,-11,3666.5,13742
2022-10-03 11:53:51,22,-4,3666.5,13738
2022-10-03 11:53:52,50,-8,3666.75,13730
2022-10-03 11:53:53,29,-1,3667.25,13729
2022-10-03 11:53:54,27,-1,3667.25,13728
2022-10-03 11:53:55,37,7,3667.0,13735
2022-10-03 11:53:56,13,3,3667.0,13738
2022-10-03 11:53:57,9,-6,3667.25,13732
2022-10-03 11:53:58,17,9,3667.0,13741
2022-10-03 11:53:59,29,1,3667.0,13742
2022-10-03 11:54:00,82,9,3667.0,13751
2022-10-03 11:54:01,38,-2,3666.75,13749
2022-10-03 11:54:02,49,8,3667.0,13757
2022-10-03 11:54:03,37,17,3667.25,13774
2022-10-03 11:54:04,36,-4,3667.5,13770
2022-10-03 11:54:05,22,-8,3667.25,13762
2022-10-03 11:54:06,91,2,3667.25,13764
2022-10-03 11:54:07,43,-4,3667.25,13760
2022-10-03 11:54:08,9,-8,3666.5,13752
2022-10-03 11:54:09,31,10,3666.75,13762
2022-10-03 11:54:10,24,-10,3666.5,13752
2022-10-03 11:54:11,35,2,3666.5,13754
2022-10-03 11:54:12,54,0,3666.5,13754
2022-10-03 11:54:13,51,-29,3666.5,13725
2022-10-03 11:54:14,61,-4,3666.25,13721
2022-10-03 11:54:15,3,1,3666.5,13722
2022-10-03 11:54:16,24,-11,3666.5,13711
2022-10-03 11:54:17,7,5,3666.25,13716
2022-10-03 11:54:18,6,-3,3666.0,13713
2022-10-03 11:54:19,57,-14,3666.0,13699
2022-10-03 11:54:20,20,-17,3666.0,13682
2022-10-03 11:54:21,38,12,3665.75,13694
2022-10-03 11:54:22,33,2,3666.0,13696
2022-10-03 11:54:23,5,4,3666.0,13700
2022-10-03 11:54:24,15,-2,3666.0,13698
2022-10-03 11:54:25,42,18,3666.25,13716
2022-10-03 11:54:26,18,-6,3666.25,13710
2022-10-03 11:54:27,21,-2,3666.0,13708
2022-10-03 11:54:28,32,12,3666.25,13720
2022-10-03 11:54:29,14,3,3666.25,13723
2022-10-03 11:54:30,5,2,3666.5,13725
2022-10-03 11:54:31,58,-2,3666.5,13723
2022-10-03 11:54:32,12,5,3666.25,13728
2022-10-03 11:54:34,33,-4,3666.25,13724
2022-10-03 11:54:35,29,-12,3666.25,13712
2022-10-03 11:54:36,49,-29,3665.75,13683
2022-10-03 11:54:37,151,-73,3665.75,13610
2022-10-03 11:54:38,74,24,3665.75,13634
2022-10-03 11:54:39,19,-1,3665.75,13633
2022-10-03 11:54:40,56,1,3666.0,13634
2022-10-03 11:54:41,38,-6,3666.25,13628
2022-10-03 11:54:42,25,-1,3666.0,13627
2022-10-03 11:54:43,2,-2,3666.0,13625
2022-10-03 11:54:44,1,-1,3666.0,13624
2022-10-03 11:54:45,76,-18,3666.0,13606
2022-10-03 11:54:46,1,-1,3665.5,13605
2022-10-03 11:54:47,8,-5,3665.5,13600
2022-10-03 11:54:48,58,-5,3665.75,13595
2022-10-03 11:54:49,24,7,3666.0,13602
2022-10-03 11:54:50,18,-2,3665.75,13600
2022-10-03 11:54:51,37,-1,3665.75,13599
2022-10-03 11:54:52,51,-5,3665.5,13594
2022-10-03 11:54:53,2,-2,3665.5,13592
2022-10-03 11:54:54,16,10,3665.5,13602
2022-10-03 11:54:55,10,-6,3665.5,13596
2022-10-03 11:54:56,39,-6,3665.5,13590
2022-10-03 11:54:57,40,-7,3665.5,13583
2022-10-03 11:54:58,57,-7,3665.25,13576
2022-10-03 11:54:59,110,-37,3665.25,13539
2022-10-03 11:55:00,91,-42,3665.0,13497
2022-10-03 11:55:01,65,-27,3665.0,13470
2022-10-03 11:55:02,10,-2,3664.75,13468
2022-10-03 11:55:03,15,-8,3664.75,13460
2022-10-03 11:55:04,146,-75,3664.5,13385
2022-10-03 11:55:05,266,24,3664.5,13409
2022-10-03 11:55:06,69,0,3664.75,13409
2022-10-03 11:55:07,15,1,3664.75,13410
2022-10-03 11:55:08,13,-3,3664.75,13407
2022-10-03 11:55:09,9,1,3664.5,13408
2022-10-03 11:55:10,29,-5,3664.5,13403
2022-10-03 11:55:11,56,22,3664.75,13425
2022-10-03 11:55:12,28,20,3665.0,13445
2022-10-03 11:55:13,84,20,3665.25,13465
2022-10-03 11:55:14,88,-23,3665.5,13442
2022-10-03 11:55:15,29,-8,3665.0,13434
2022-10-03 11:55:16,9,-2,3665.25,13432
2022-10-03 11:55:17,28,5,3665.25,13437
2022-10-03 11:55:18,8,5,3665.5,13442
2022-10-03 11:55:19,47,9,3665.5,13451
2022-10-03 11:55:20,35,-2,3665.5,13449
2022-10-03 11:55:21,81,-28,3665.5,13421
2022-10-03 11:55:22,22,-14,3665.5,13407
2022-10-03 11:55:23,47,0,3665.75,13407
2022-10-03 11:55:24,49,-3,3665.75,13404
2022-10-03 11:55:25,16,5,3665.5,13409
2022-10-03 11:55:26,6,0,3665.5,13409
2022-10-03 11:55:27,59,-22,3665.25,13387
2022-10-03 11:55:28,43,4,3665.25,13391
2022-10-03 11:55:29,67,31,3665.5,13422
2022-10-03 11:55:30,57,-17,3665.5,13405
2022-10-03 11:55:31,25,-4,3665.5,13401
2022-10-03 11:55:32,16,11,3665.5,13412
2022-10-03 11:55:34,5,-5,3665.25,13407
2022-10-03 11:55:35,63,-1,3665.5,13406
2022-10-03 11:55:36,61,26,3665.75,13432
2022-10-03 11:55:37,9,1,3665.75,13433
2022-10-03 11:55:38,37,7,3665.75,13440
2022-10-03 11:55:39,19,-8,3665.75,13432
2022-10-03 11:55:40,75,-8,3665.75,13424
2022-10-03 11:55:41,24,-3,3665.5,13421
2022-10-03 11:55:42,30,14,3665.75,13435
2022-10-03 11:55:43,6,2,3666.0,13437
2022-10-03 11:55:44,9,9,3666.0,13446
2022-10-03 11:55:45,89,37,3666.25,13483
2022-10-03 11:55:46,17,1,3666.25,13484
2022-10-03 11:55:47,14,0,3666.25,13484
2022-10-03 11:55:48,39,5,3666.25,13489
2022-10-03 11:55:49,53,-11,3666.25,13478
2022-10-03 11:55:50,51,-16,3666.0,13462
2022-10-03 11:55:51,52,-12,3665.25,13450
2022-10-03 11:55:52,1,-1,3664.75,13449
2022-10-03 11:55:53,29,1,3664.75,13450
2022-10-03 11:55:54,78,9,3664.5,13459
2022-10-03 11:55:55,67,-32,3664.5,13427
2022-10-03 11:55:56,60,-12,3664.0,13415
2022-10-03 11:55:57,16,-6,3664.0,13409
2022-10-03 11:55:58,111,18,3664.25,13427
2022-10-03 11:55:59,29,6,3664.25,13433
2022-10-03 11:56:00,9,3,3664.0,13436
2022-10-03 11:56:01,111,-38,3663.75,13398
2022-10-03 11:56:02,3,-3,3663.75,13395
2022-10-03 11:56:03,4,1,3664.0,13396
2022-10-03 11:56:04,122,-6,3663.75,13390
2022-10-03 11:56:05,108,-35,3663.75,13355
2022-10-03 11:56:06,110,-43,3663.75,13312
2022-10-03 11:56:07,8,2,3663.75,13314
2022-10-03 11:56:08,102,4,3663.75,13318
2022-10-03 11:56:09,146,-19,3663.75,13299
2022-10-03 11:56:10,99,-21,3663.25,13278
2022-10-03 11:56:11,58,18,3663.5,13296
2022-10-03 11:56:12,96,10,3664.0,13306
2022-10-03 11:56:13,9,-2,3664.0,13304
2022-10-03 11:56:14,2,2,3664.0,13306
2022-10-03 11:56:15,130,-16,3664.0,13290
2022-10-03 11:56:16,31,-1,3663.75,13289
2022-10-03 11:56:17,105,-1,3663.75,13288
2022-10-03 11:56:18,16,-3,3664.0,13285
2022-10-03 11:56:19,198,77,3664.25,13362
2022-10-03 11:56:20,25,-7,3664.0,13355
2022-10-03 11:56:21,3,-1,3663.75,13354
2022-10-03 11:56:22,71,18,3664.0,13372
2022-10-03 11:56:23,55,-16,3663.75,13356
2022-10-03 11:56:24,29,-3,3663.25,13353
2022-10-03 11:56:25,51,-3,3663.25,13350
2022-10-03 11:56:26,137,-83,3663.0,13267
2022-10-03 11:56:27,198,1,3663.25,13268
2022-10-03 11:56:28,70,7,3662.75,13275
2022-10-03 11:56:29,71,-10,3662.5,13265
2022-10-03 11:56:30,67,17,3662.25,13282
2022-10-03 11:56:31,30,-4,3662.25,13278
2022-10-03 11:56:32,20,-1,3662.25,13277
2022-10-03 11:56:33,28,-17,3662.25,13260
2022-10-03 11:56:34,434,-9,3662.0,13251
2022-10-03 11:56:35,192,-46,3661.25,13205
2022-10-03 11:56:36,34,2,3661.25,13207
2022-10-03 11:56:37,94,-38,3661.25,13169
2022-10-03 11:56:38,41,14,3661.25,13183
2022-10-03 11:56:39,47,-6,3661.25,13177
2022-10-03 11:56:40,51,-21,3661.25,13156
2022-10-03 11:56:41,139,-17,3660.75,13139
2022-10-03 11:56:42,102,38,3660.75,13177
2022-10-03 11:56:43,44,-4,3661.0,13173
2022-10-03 11:56:44,22,-13,3661.0,13160
2022-10-03 11:56:45,253,95,3660.75,13255
2022-10-03 11:56:46,50,10,3660.5,13265
2022-10-03 11:56:47,69,3,3660.75,13268
2022-10-03 11:56:48,50,10,3660.5,13278
2022-10-03 11:56:49,63,-6,3660.75,13272
2022-10-03 11:56:50,49,-19,3660.75,13253
2022-10-03 11:56:51,102,-25,3660.75,13228
2022-10-03 11:56:52,123,23,3661.0,13251
2022-10-03 11:56:53,30,-20,3661.0,13231
2022-10-03 11:56:54,84,6,3661.0,13237
2022-10-03 11:56:55,26,6,3660.5,13243
2022-10-03 11:56:56,3,1,3660.5,13244
2022-10-03 11:56:57,349,-66,3660.5,13178
2022-10-03 11:56:58,93,8,3660.5,13186
2022-10-03 11:56:59,83,-17,3660.25,13169
2022-10-03 11:57:00,129,-15,3660.25,13154
2022-10-03 11:57:01,7,-5,3660.5,13149
2022-10-03 11:57:02,97,44,3660.75,13193
2022-10-03 11:57:03,65,6,3661.0,13199
2022-10-03 11:57:04,107,-20,3661.0,13179
2022-10-03 11:57:05,139,11,3661.25,13190
2022-10-03 11:57:06,41,12,3661.25,13202
2022-10-03 11:57:07,168,43,3661.25,13245
2022-10-03 11:57:08,27,1,3661.25,13246
2022-10-03 11:57:09,71,-6,3661.5,13240
2022-10-03 11:57:10,179,45,3662.25,13285
2022-10-03 11:57:11,87,-28,3662.25,13257
2022-10-03 11:57:12,36,17,3662.25,13274
2022-10-03 11:57:13,105,-27,3662.0,13247
2022-10-03 11:57:14,90,56,3662.0,13303
2022-10-03 11:57:15,29,7,3662.25,13310
2022-10-03 11:57:16,2,-2,3662.0,13308
2022-10-03 11:57:17,27,-9,3662.0,13299
2022-10-03 11:57:18,45,-12,3662.0,13287
2022-10-03 11:57:19,55,7,3662.25,13294
2022-10-03 11:57:20,51,-17,3662.25,13277
2022-10-03 11:57:21,44,0,3662.0,13277
2022-10-03 11:57:22,96,0,3662.0,13277
2022-10-03 11:57:23,74,2,3661.75,13279
2022-10-03 11:57:24,18,-8,3661.5,13271
2022-10-03 11:57:25,61,3,3661.5,13274
2022-10-03 11:57:26,2,-2,3661.5,13272
2022-10-03 11:57:27,60,-4,3661.5,13268
2022-10-03 11:57:28,34,-7,3661.25,13261
2022-10-03 11:57:29,52,-35,3661.25,13226
2022-10-03 11:57:30,28,-1,3661.0,13225
2022-10-03 11:57:31,55,16,3661.0,13241
2022-10-03 11:57:32,29,10,3661.0,13251
2022-10-03 11:57:33,41,-18,3660.75,13233
2022-10-03 11:57:34,25,10,3661.0,13243
2022-10-03 11:57:35,28,7,3661.0,13250
2022-10-03 11:57:36,75,1,3661.25,13251
2022-10-03 11:57:37,6,-1,3661.5,13250
2022-10-03 11:57:38,41,11,3661.5,13261
2022-10-03 11:57:39,19,-14,3661.25,13247
2022-10-03 11:57:40,29,5,3661.25,13252
2022-10-03 11:57:41,51,-11,3661.25,13241
2022-10-03 11:57:42,56,5,3661.25,13246
2022-10-03 11:57:43,50,6,3661.5,13252
2022-10-03 11:57:44,69,-2,3661.5,13250
2022-10-03 11:57:45,11,-6,3661.5,13244
2022-10-03 11:57:46,1,1,3661.25,13245
2022-10-03 11:57:47,45,-11,3661.0,13234
2022-10-03 11:57:48,35,11,3661.0,13245
2022-10-03 11:57:49,80,37,3661.75,13282
2022-10-03 11:57:50,6,-2,3661.75,13280
2022-10-03 11:57:51,18,7,3661.75,13287
2022-10-03 11:57:52,106,-14,3661.75,13273
2022-10-03 11:57:53,29,-13,3661.0,13260
2022-10-03 11:57:54,51,6,3661.0,13266
2022-10-03 11:57:55,61,17,3661.0,13283
2022-10-03 11:57:56,25,-7,3661.25,13276
2022-10-03 11:57:57,27,-11,3661.25,13265
2022-10-03 11:57:58,87,-18,3661.25,13247
2022-10-03 11:57:59,58,1,3661.25,13248
2022-10-03 11:58:00,38,13,3661.5,13261
2022-10-03 11:58:01,24,4,3661.5,13265
2022-10-03 11:58:02,34,-8,3661.5,13257
2022-10-03 11:58:03,16,9,3661.25,13266
2022-10-03 11:58:04,69,7,3661.25,13273
2022-10-03 11:58:05,55,-8,3661.25,13265
2022-10-03 11:58:06,27,3,3661.0,13268
2022-10-03 11:58:07,23,4,3661.25,13272
2022-10-03 11:58:08,28,-10,3661.5,13262
2022-10-03 11:58:09,6,4,3661.25,13266
2022-10-03 11:58:10,31,0,3661.0,13266
2022-10-03 11:58:11,18,-4,3661.25,13262
2022-10-03 11:58:12,49,-1,3661.25,13261
2022-10-03 11:58:13,17,8,3661.25,13269
2022-10-03 11:58:14,11,-4,3661.0,13265
2022-10-03 11:58:15,59,21,3661.5,13286
2022-10-03 11:58:16,49,-10,3661.5,13276
2022-10-03 11:58:17,16,13,3661.5,13289
2022-10-03 11:58:19,47,-3,3661.5,13286
2022-10-03 11:58:20,48,15,3661.75,13301
2022-10-03 11:58:21,25,10,3662.0,13311
2022-10-03 11:58:22,27,9,3662.0,13320
2022-10-03 11:58:23,29,2,3662.0,13322
2022-10-03 11:58:24,16,7,3662.25,13329
2022-10-03 11:58:25,16,3,3662.25,13332
2022-10-03 11:58:26,26,13,3662.5,13345
2022-10-03 11:58:27,67,39,3662.75,13384
2022-10-03 11:58:28,19,-3,3662.75,13381
2022-10-03 11:58:29,48,5,3662.75,13386
2022-10-03 11:58:30,162,70,3663.0,13456
2022-10-03 11:58:31,48,-10,3663.25,13446
2022-10-03 11:58:32,36,-2,3663.25,13444
2022-10-03 11:58:33,9,2,3663.25,13446
2022-10-03 11:58:34,27,-7,3663.25,13439
2022-10-03 11:58:35,7,3,3663.25,13442
2022-10-03 11:58:36,65,9,3663.0,13451
2022-10-03 11:58:37,5,1,3663.25,13452
2022-10-03 11:58:38,51,35,3663.25,13487
2022-10-03 11:58:39,48,27,3663.25,13514
2022-10-03 11:58:40,126,-13,3663.25,13501
2022-10-03 11:58:41,62,11,3663.5,13512
2022-10-03 11:58:42,126,19,3664.25,13531
2022-10-03 11:58:43,44,6,3664.0,13537
2022-10-03 11:58:44,36,-18,3663.75,13519
2022-10-03 11:58:45,17,-4,3663.75,13515
2022-10-03 11:58:46,2,-2,3663.75,13513
2022-10-03 11:58:47,60,-15,3663.75,13498
2022-10-03 11:58:48,39,14,3664.0,13512
2022-10-03 11:58:49,62,-11,3664.0,13501
2022-10-03 11:58:50,10,8,3663.75,13509
2022-10-03 11:58:51,27,1,3664.0,13510
2022-10-03 11:58:52,9,8,3663.75,13518
2022-10-03 11:58:53,47,-4,3663.75,13514
2022-10-03 11:58:54,69,7,3664.0,13521
2022-10-03 11:58:55,64,1,3664.25,13522
2022-10-03 11:58:56,21,-5,3664.25,13517
2022-10-03 11:58:57,52,9,3664.0,13526
2022-10-03 11:58:58,39,2,3663.75,13528
2022-10-03 11:59:00,74,-12,3664.0,13516
2022-10-03 11:59:01,60,-1,3664.0,13515
2022-10-03 11:59:02,30,-11,3663.75,13504
2022-10-03 11:59:03,41,16,3664.0,13520
2022-10-03 11:59:04,26,-12,3663.75,13508
2022-10-03 11:59:05,42,-10,3663.75,13498
2022-10-03 11:59:06,19,-2,3663.75,13496
2022-10-03 11:59:07,11,-1,3663.5,13495
2022-10-03 11:59:08,22,-1,3663.5,13494
2022-10-03 11:59:09,29,-8,3663.75,13486
2022-10-03 11:59:10,66,1,3663.75,13487
2022-10-03 11:59:11,43,-9,3663.5,13478
2022-10-03 11:59:12,60,-1,3663.0,13477
2022-10-03 11:59:13,63,7,3662.75,13484
2022-10-03 11:59:14,38,-7,3663.0,13477
2022-10-03 11:59:15,32,-3,3662.75,13474
2022-10-03 11:59:16,6,-4,3662.5,13470
2022-10-03 11:59:17,82,-10,3662.75,13460
2022-10-03 11:59:18,59,10,3662.75,13470
2022-10-03 11:59:19,15,-3,3662.5,13467
2022-10-03 11:59:20,56,-1,3662.5,13466
2022-10-03 11:59:21,45,-2,3662.25,13464
2022-10-03 11:59:22,19,1,3662.25,13465
2022-10-03 11:59:23,18,-7,3662.25,13458
2022-10-03 11:59:24,45,16,3662.75,13474
2022-10-03 11:59:25,67,0,3662.5,13474
2022-10-03 11:59:26,54,12,3662.75,13486
2022-10-03 11:59:27,17,5,3663.0,13491
2022-10-03 11:59:28,40,-2,3663.0,13489
2022-10-03 11:59:29,35,-5,3662.75,13484
2022-10-03 11:59:30,69,-14,3662.5,13470
2022-10-03 11:59:31,37,-22,3662.25,13448
2022-10-03 11:59:32,3,-1,3662.25,13447
2022-10-03 11:59:33,2,0,3662.25,13447
2022-10-03 11:59:34,24,13,3662.5,13460
2022-10-03 11:59:36,42,-6,3662.75,13454
2022-10-03 11:59:37,13,5,3663.0,13459
2022-10-03 11:59:38,6,4,3663.0,13463
2022-10-03 11:59:39,1,1,3663.0,13464
2022-10-03 11:59:41,37,9,3663.0,13473
2022-10-03 11:59:42,5,3,3663.25,13476
2022-10-03 11:59:43,38,13,3663.5,13489
2022-10-03 11:59:44,36,-10,3663.75,13479
2022-10-03 11:59:45,4,0,3663.5,13479
2022-10-03 11:59:46,12,7,3663.5,13486
2022-10-03 11:59:47,9,1,3663.25,13487
2022-10-03 11:59:48,1,-1,3663.0,13486
2022-10-03 11:59:49,10,4,3663.25,13490
2022-10-03 11:59:50,48,7,3663.25,13497
2022-10-03 11:59:51,29,3,3663.25,13500
2022-10-03 11:59:52,8,6,3663.5,13506
2022-10-03 11:59:53,5,-3,3663.25,13503
2022-10-03 11:59:54,25,3,3663.25,13506
2022-10-03 11:59:55,31,13,3663.5,13519
2022-10-03 11:59:57,50,-17,3663.5,13502
2022-10-03 11:59:58,5,-4,3663.0,13498
2022-10-03 11:59:59,2,-2,3663.0,13496
2022-10-03 12:00:00,207,-12,3663.25,13484
2022-10-03 12:00:01,11,1,3663.25,13485
2022-10-03 12:00:02,59,8,3663.75,13493
2022-10-03 12:00:03,76,3,3664.25,13496
2022-10-03 12:00:04,73,-5,3664.25,13491
2022-10-03 12:00:05,87,-15,3664.25,13476
2022-10-03 12:00:06,48,-5,3663.75,13471
2022-10-03 12:00:07,44,-17,3664.0,13454
2022-10-03 12:00:08,53,4,3664.25,13458
2022-10-03 12:00:09,75,17,3664.5,13475
2022-10-03 12:00:10,132,5,3664.75,13480
2022-10-03 12:00:11,51,2,3664.5,13482
2022-10-03 12:00:12,10,6,3664.5,13488
2022-10-03 12:00:13,26,-1,3664.75,13487
2022-10-03 12:00:14,166,56,3665.0,13543
2022-10-03 12:00:15,93,16,3665.25,13559
2022-10-03 12:00:16,17,7,3665.25,13566
2022-10-03 12:00:17,108,4,3665.25,13570
2022-10-03 12:00:18,35,6,3665.0,13576
2022-10-03 12:00:19,44,22,3665.0,13598
2022-10-03 12:00:20,70,-21,3665.25,13577
2022-10-03 12:00:21,7,-1,3665.0,13576
2022-10-03 12:00:22,67,20,3665.25,13596
2022-10-03 12:00:23,78,-15,3665.25,13581
2022-10-03 12:00:24,42,-3,3664.5,13578
2022-10-03 12:00:25,4,2,3664.75,13580
2022-10-03 12:00:26,125,4,3664.75,13584
2022-10-03 12:00:27,13,-5,3664.5,13579
2022-10-03 12:00:28,56,0,3664.5,13579
2022-10-03 12:00:29,11,1,3664.5,13580
2022-10-03 12:00:30,17,7,3664.5,13587
2022-10-03 12:00:31,59,20,3665.0,13607
2022-10-03 12:00:32,34,-1,3664.75,13606
2022-10-03 12:00:33,60,7,3664.75,13613
2022-10-03 12:00:34,46,7,3664.75,13620
2022-10-03 12:00:35,237,64,3665.25,13684
2022-10-03 12:00:36,91,39,3665.5,13723
2022-10-03 12:00:37,187,97,3666.5,13820
2022-10-03 12:00:38,83,12,3666.5,13832
2022-10-03 12:00:39,141,47,3666.75,13879
2022-10-03 12:00:40,28,5,3666.5,13884
2022-10-03 12:00:41,62,19,3666.75,13903
2022-10-03 12:00:42,83,-5,3666.75,13898
2022-10-03 12:00:44,77,-5,3666.0,13893
2022-10-03 12:00:45,62,-3,3665.75,13890
2022-10-03 12:00:46,87,7,3665.5,13897
2022-10-03 12:00:47,29,7,3665.5,13904
2022-10-03 12:00:48,71,-10,3665.5,13894
2022-10-03 12:00:49,11,-4,3665.25,13890
2022-10-03 12:00:50,8,2,3665.0,13892
2022-10-03 12:00:51,82,-14,3664.75,13878
2022-10-03 12:00:52,42,8,3664.75,13886
2022-10-03 12:00:53,51,18,3665.0,13904
2022-10-03 12:00:54,13,4,3665.25,13908
2022-10-03 12:00:55,62,-12,3665.0,13896
2022-10-03 12:00:56,14,6,3665.25,13902
2022-10-03 12:00:57,68,-7,3665.25,13895
2022-10-03 12:00:58,45,4,3665.25,13899
2022-10-03 12:00:59,90,10,3665.25,13909
2022-10-03 12:01:00,91,1,3665.75,13910
2022-10-03 12:01:01,99,18,3665.75,13928
2022-10-03 12:01:02,151,41,3666.25,13969
2022-10-03 12:01:03,48,12,3666.25,13981
2022-10-03 12:01:04,28,2,3666.0,13983
2022-10-03 12:01:05,79,-6,3666.25,13977
2022-10-03 12:01:06,34,15,3666.5,13992
2022-10-03 12:01:07,51,5,3666.75,13997
2022-10-03 12:01:08,21,-12,3666.5,13985
2022-10-03 12:01:09,79,-11,3666.75,13974
2022-10-03 12:01:10,75,-16,3666.75,13958
2022-10-03 12:01:11,64,11,3666.75,13969
2022-10-03 12:01:12,99,10,3666.75,13979
2022-10-03 12:01:13,15,6,3666.75,13985
2022-10-03 12:01:14,92,43,3666.75,14028
2022-10-03 12:01:15,195,38,3667.0,14066
2022-10-03 12:01:16,124,24,3667.25,14090
2022-10-03 12:01:17,52,-7,3667.25,14083
2022-10-03 12:01:18,87,14,3667.5,14097
2022-10-03 12:01:19,132,-4,3667.75,14093
2022-10-03 12:01:20,81,6,3667.75,14099
2022-10-03 12:01:21,24,15,3667.75,14114
2022-10-03 12:01:22,151,-30,3667.5,14084
2022-10-03 12:01:23,61,3,3667.25,14087
2022-10-03 12:01:24,17,9,3667.25,14096
2022-10-03 12:01:25,63,-27,3667.0,14069
2022-10-03 12:01:26,24,14,3667.0,14083
2022-10-03 12:01:27,52,5,3667.25,14088
2022-10-03 12:01:28,42,0,3667.25,14088
2022-10-03 12:01:29,27,8,3667.25,14096
2022-10-03 12:01:30,42,5,3667.5,14101
2022-10-03 12:01:31,72,-2,3667.75,14099
2022-10-03 12:01:32,38,20,3667.75,14119
2022-10-03 12:01:33,124,34,3668.25,14153
2022-10-03 12:01:34,38,-11,3668.0,14142
2022-10-03 12:01:35,29,-14,3668.0,14128
2022-10-03 12:01:36,116,1,3668.0,14129
2022-10-03 12:01:37,40,7,3667.75,14136
2022-10-03 12:01:38,29,-11,3668.0,14125
2022-10-03 12:01:39,6,-1,3668.0,14124
2022-10-03 12:01:40,52,-16,3667.75,14108
2022-10-03 12:01:41,43,-5,3667.75,14103
2022-10-03 12:01:42,19,-9,3667.75,14094
2022-10-03 12:01:43,63,-14,3667.5,14080
2022-10-03 12:01:44,59,14,3667.75,14094
2022-10-03 12:01:45,52,-8,3668.0,14086
2022-10-03 12:01:46,1,1,3667.5,14087
2022-10-03 12:01:47,44,-13,3667.5,14074
2022-10-03 12:01:48,27,0,3667.25,14074
2022-10-03 12:01:49,107,-13,3667.25,14061
2022-10-03 12:01:50,23,-9,3667.25,14052
2022-10-03 12:01:51,2,0,3667.25,14052
2022-10-03 12:01:52,62,-1,3667.5,14051
2022-10-03 12:01:53,29,-5,3667.5,14046
2022-10-03 12:01:54,56,9,3667.75,14055
2022-10-03 12:01:55,1,-1,3667.5,14054
2022-10-03 12:01:56,42,-3,3667.75,14051
2022-10-03 12:01:57,22,-1,3667.75,14050
2022-10-03 12:01:58,15,-4,3667.5,14046
2022-10-03 12:01:59,29,-2,3667.75,14044
2022-10-03 12:02:00,150,40,3667.75,14084
2022-10-03 12:02:01,1,1,3667.5,14085
2022-10-03 12:02:02,2,-2,3667.25,14083
2022-10-03 12:02:03,12,6,3667.75,14089
2022-10-03 12:02:04,35,-6,3667.75,14083
2022-10-03 12:02:05,126,-32,3667.5,14051
2022-10-03 12:02:06,55,-6,3667.5,14045
2022-10-03 12:02:07,335,49,3668.0,14094
2022-10-03 12:02:08,63,-25,3668.25,14069
2022-10-03 12:02:09,61,22,3668.5,14091
2022-10-03 12:02:10,14,4,3668.75,14095
2022-10-03 12:02:11,105,47,3669.0,14142
2022-10-03 12:02:12,207,-89,3669.25,14053
2022-10-03 12:02:13,57,-12,3669.25,14041
2022-10-03 12:02:14,7,3,3669.0,14044
2022-10-03 12:02:15,32,3,3669.25,14047
2022-10-03 12:02:16,81,8,3669.25,14055
2022-10-03 12:02:17,51,-3,3668.75,14052
2022-10-03 12:02:18,135,-2,3668.75,14050
2022-10-03 12:02:19,45,9,3668.5,14059
2022-10-03 12:02:20,34,0,3668.5,14059
2022-10-03 12:02:21,41,-19,3668.5,14040
2022-10-03 12:02:22,107,-20,3668.25,14020
2022-10-03 12:02:23,102,19,3668.5,14039
2022-10-03 12:02:24,52,-32,3668.25,14007
2022-10-03 12:02:25,188,-25,3668.5,13982
2022-10-03 12:02:26,23,-2,3668.5,13980
2022-10-03 12:02:27,30,-18,3668.5,13962
2022-10-03 12:02:28,41,9,3668.25,13971
2022-10-03 12:02:29,60,5,3668.0,13976
2022-10-03 12:02:30,54,-20,3668.25,13956
2022-10-03 12:02:31,1,1,3668.25,13957
2022-10-03 12:02:32,87,3,3668.0,13960
2022-10-03 12:02:33,74,11,3667.75,13971
2022-10-03 12:02:34,18,-9,3667.75,13962
2022-10-03 12:02:35,2,2,3668.0,13964
2022-10-03 12:02:36,61,1,3668.0,13965
2022-10-03 12:02:37,31,-1,3668.0,13964
2022-10-03 12:02:38,42,-4,3668.0,13960
2022-10-03 12:02:39,60,2,3667.75,13962
2022-10-03 12:02:40,179,4,3667.5,13966
2022-10-03 12:02:41,26,-6,3667.5,13960
2022-10-03 12:02:42,1,-1,3667.5,13959
2022-10-03 12:02:43,48,26,3668.0,13985
2022-10-03 12:02:44,53,0,3668.0,13985
2022-10-03 12:02:45,122,-16,3667.75,13969
2022-10-03 12:02:46,1,1,3667.75,13970
2022-10-03 12:02:47,2,0,3667.75,13970
2022-10-03 12:02:48,21,-2,3667.75,13968
2022-10-03 12:02:49,75,-16,3667.5,13952
2022-10-03 12:02:50,142,-33,3667.5,13919
2022-10-03 12:02:51,32,-8,3667.5,13911
2022-10-03 12:02:52,51,4,3667.5,13915
2022-10-03 12:02:53,48,-3,3667.75,13912
2022-10-03 12:02:54,61,10,3667.75,13922
2022-10-03 12:02:55,32,3,3668.0,13925
2022-10-03 12:02:56,20,10,3667.75,13935
2022-10-03 12:02:57,19,15,3668.25,13950
2022-10-03 12:02:58,47,-1,3668.0,13949
2022-10-03 12:02:59,30,3,3668.0,13952
2022-10-03 12:03:00,111,32,3668.25,13984
2022-10-03 12:03:01,18,5,3668.0,13989
2022-10-03 12:03:02,52,-20,3668.0,13969
2022-10-03 12:03:03,40,18,3668.0,13987
2022-10-03 12:03:04,7,-6,3667.75,13981
2022-10-03 12:03:05,59,-14,3668.0,13967
2022-10-03 12:03:06,2,-2,3667.5,13965
2022-10-03 12:03:07,122,63,3668.5,14028
2022-10-03 12:03:08,47,-21,3668.75,14007
2022-10-03 12:03:09,20,-3,3668.25,14004
2022-10-03 12:03:10,2,0,3668.5,14004
2022-10-03 12:03:11,75,8,3668.5,14012
2022-10-03 12:03:12,15,11,3668.5,14023
2022-10-03 12:03:13,139,67,3669.0,14090
2022-10-03 12:03:14,143,-36,3668.75,14054
2022-10-03 12:03:15,30,-3,3668.75,14051
2022-10-03 12:03:16,4,4,3668.5,14055
2022-10-03 12:03:17,35,-22,3668.25,14033
2022-10-03 12:03:18,2,0,3668.5,14033
2022-10-03 12:03:19,10,-1,3668.25,14032
2022-10-03 12:03:20,82,-19,3668.0,14013
2022-10-03 12:03:21,51,5,3668.25,14018
2022-10-03 12:03:22,6,6,3668.25,14024
2022-10-03 12:03:23,69,15,3668.75,14039
2022-10-03 12:03:24,18,14,3668.75,14053
2022-10-03 12:03:25,75,-9,3668.75,14044
2022-10-03 12:03:26,9,-4,3668.75,14040
2022-10-03 12:03:27,33,-1,3668.25,14039
2022-10-03 12:03:28,29,11,3668.5,14050
2022-10-03 12:03:29,45,-7,3668.25,14043
2022-10-03 12:03:30,54,-22,3668.25,14021
2022-10-03 12:03:31,77,8,3668.5,14029
2022-10-03 12:03:32,3,3,3668.5,14032
2022-10-03 12:03:33,23,-7,3668.25,14025
2022-10-03 12:03:34,47,-15,3668.25,14010
2022-10-03 12:03:35,4,-2,3668.0,14008
2022-10-03 12:03:36,75,-13,3667.75,13995
2022-10-03 12:03:37,67,12,3667.5,14007
2022-10-03 12:03:38,17,-1,3667.75,14006
2022-10-03 12:03:39,43,-7,3668.0,13999
2022-10-03 12:03:40,14,1,3668.0,14000
2022-10-03 12:03:41,21,-8,3667.75,13992
2022-10-03 12:03:42,83,11,3668.0,14003
2022-10-03 12:03:43,11,-4,3667.75,13999
2022-10-03 12:03:44,22,1,3667.5,14000
2022-10-03 12:03:45,67,-1,3667.5,13999
2022-10-03 12:03:46,33,3,3667.5,14002
2022-10-03 12:03:47,65,9,3667.75,14011
2022-10-03 12:03:48,34,-5,3667.5,14006
2022-10-03 12:03:49,50,-18,3667.5,13988
2022-10-03 12:03:50,54,28,3667.5,14016
2022-10-03 12:03:51,38,2,3667.5,14018
2022-10-03 12:03:52,44,15,3668.0,14033
2022-10-03 12:03:53,53,18,3668.25,14051
2022-10-03 12:03:54,106,-18,3668.0,14033
2022-10-03 12:03:55,11,6,3668.0,14039
2022-10-03 12:03:56,16,-7,3668.0,14032
2022-10-03 12:03:57,11,-3,3668.25,14029
2022-10-03 12:03:58,21,-18,3667.75,14011
2022-10-03 12:03:59,15,2,3667.5,14013
2022-10-03 12:04:00,98,1,3668.0,14014
2022-10-03 12:04:01,74,10,3668.25,14024
2022-10-03 12:04:02,7,-5,3668.0,14019
2022-10-03 12:04:03,1,1,3668.0,14020
2022-10-03 12:04:04,27,-1,3668.0,14019
2022-10-03 12:04:05,17,-5,3667.75,14014
2022-10-03 12:04:06,66,-18,3667.75,13996
2022-10-03 12:04:07,18,-1,3667.75,13995
2022-10-03 12:04:08,14,0,3667.5,13995
2022-10-03 12:04:09,18,-8,3667.5,13987
2022-10-03 12:04:10,8,-8,3667.5,13979
2022-10-03 12:04:11,78,15,3668.25,13994
2022-10-03 12:04:12,72,-2,3668.25,13992
2022-10-03 12:04:13,9,0,3668.5,13992
2022-10-03 12:04:14,197,-21,3669.0,13971
2022-10-03 12:04:15,61,-2,3668.75,13969
2022-10-03 12:04:16,42,11,3668.25,13980
2022-10-03 12:04:17,34,-18,3668.25,13962
2022-10-03 12:04:18,71,-24,3668.0,13938
2022-10-03 12:04:20,20,0,3668.0,13938
2022-10-03 12:04:21,61,-1,3668.0,13937
2022-10-03 12:04:22,17,-1,3668.0,13936
2022-10-03 12:04:23,10,1,3668.0,13937
2022-10-03 12:04:24,53,5,3668.5,13942
2022-10-03 12:04:25,14,5,3668.0,13947
2022-10-03 12:04:26,15,6,3668.0,13953
2022-10-03 12:04:27,30,-13,3667.75,13940
2022-10-03 12:04:28,29,-15,3667.75,13925
2022-10-03 12:04:29,41,6,3668.0,13931
2022-10-03 12:04:30,27,-8,3668.0,13923
2022-10-03 12:04:31,67,-24,3668.0,13899
2022-10-03 12:04:32,38,0,3668.0,13899
2022-10-03 12:04:33,30,18,3667.75,13917
2022-10-03 12:04:34,73,-16,3667.75,13901
2022-10-03 12:04:35,60,13,3667.5,13914
2022-10-03 12:04:36,39,-3,3667.75,13911
2022-10-03 12:04:37,10,-1,3667.75,13910
2022-10-03 12:04:38,26,-17,3667.5,13893
2022-10-03 12:04:39,30,0,3667.5,13893
2022-10-03 12:04:40,66,52,3668.0,13945
2022-10-03 12:04:41,55,13,3667.75,13958
2022-10-03 12:04:42,19,6,3668.0,13964
2022-10-03 12:04:43,7,-1,3668.25,13963
2022-10-03 12:04:44,150,41,3668.5,14004
2022-10-03 12:04:45,69,-6,3668.5,13998
2022-10-03 12:04:46,22,16,3668.25,14014
2022-10-03 12:04:47,29,-15,3668.25,13999
2022-10-03 12:04:48,21,-4,3668.25,13995
2022-10-03 12:04:49,24,-4,3668.25,13991
2022-10-03 12:04:50,10,9,3668.25,14000
2022-10-03 12:04:51,73,-10,3668.5,13990
2022-10-03 12:04:52,4,0,3668.75,13990
2022-10-03 12:04:53,43,-6,3668.75,13984
2022-10-03 12:04:54,1,1,3668.75,13985
2022-10-03 12:04:55,61,-23,3668.5,13962
2022-10-03 12:04:56,3,-2,3668.25,13960
2022-10-03 12:04:57,6,-1,3668.5,13959
2022-10-03 12:04:58,20,4,3668.25,13963
2022-10-03 12:04:59,15,-1,3668.5,13962
2022-10-03 12:05:00,72,22,3668.25,13984
2022-10-03 12:05:01,18,2,3668.5,13986
2022-10-03 12:05:02,10,-1,3668.25,13985
2022-10-03 12:05:03,20,4,3668.25,13989
2022-10-03 12:05:04,15,5,3668.5,13994
2022-10-03 12:05:05,22,3,3668.75,13997
2022-10-03 12:05:06,71,-4,3669.0,13993
2022-10-03 12:05:07,22,3,3668.75,13996
2022-10-03 12:05:08,59,-20,3668.5,13976
2022-10-03 12:05:09,64,-7,3668.5,13969
2022-10-03 12:05:10,52,-24,3668.5,13945
2022-10-03 12:05:11,10,4,3668.5,13949
2022-10-03 12:05:12,37,3,3668.5,13952
2022-10-03 12:05:13,18,8,3668.75,13960
2022-10-03 12:05:14,34,-16,3668.25,13944
2022-10-03 12:05:15,57,-26,3668.25,13918
2022-10-03 12:05:16,4,0,3668.0,13918
2022-10-03 12:05:17,69,-30,3667.75,13888
2022-10-03 12:05:18,163,-28,3667.25,13860
2022-10-03 12:05:19,26,14,3667.0,13874
2022-10-03 12:05:20,51,7,3667.0,13881
2022-10-03 12:05:21,73,25,3667.5,13906
2022-10-03 12:05:22,30,3,3667.0,13909
2022-10-03 12:05:23,35,-24,3667.0,13885
2022-10-03 12:05:24,1,1,3667.25,13886
2022-10-03 12:05:25,23,-5,3667.0,13881
2022-10-03 12:05:26,10,-7,3667.0,13874
2022-10-03 12:05:27,156,-16,3666.75,13858
2022-10-03 12:05:28,111,-4,3666.75,13854
2022-10-03 12:05:29,41,-11,3666.75,13843
2022-10-03 12:05:30,13,-4,3666.75,13839
2022-10-03 12:05:31,25,-2,3667.0,13837
2022-10-03 12:05:32,68,0,3667.0,13837
2022-10-03 12:05:33,25,5,3667.5,13842
2022-10-03 12:05:34,29,-9,3667.5,13833
2022-10-03 12:05:35,28,-2,3667.75,13831
2022-10-03 12:05:36,37,-1,3667.75,13830
2022-10-03 12:05:37,3,1,3667.5,13831
2022-10-03 12:05:38,48,8,3668.0,13839
2022-10-03 12:05:39,30,-9,3667.25,13830
2022-10-03 12:05:40,53,3,3667.25,13833
2022-10-03 12:05:41,48,14,3667.5,13847
2022-10-03 12:05:42,82,31,3668.25,13878
2022-10-03 12:05:43,58,-7,3668.0,13871
2022-10-03 12:05:45,52,-3,3668.0,13868
2022-10-03 12:05:46,16,-6,3668.25,13862
2022-10-03 12:05:47,26,-9,3668.5,13853
2022-10-03 12:05:48,45,4,3668.5,13857
2022-10-03 12:05:49,26,6,3668.5,13863
2022-10-03 12:05:50,35,-16,3668.5,13847
2022-10-03 12:05:51,26,-9,3668.5,13838
2022-10-03 12:05:52,42,-9,3668.5,13829
2022-10-03 12:05:53,40,15,3668.5,13844
2022-10-03 12:05:54,1,1,3668.5,13845
2022-10-03 12:05:55,31,-6,3668.25,13839
2022-10-03 12:05:56,2,0,3668.25,13839
2022-10-03 12:05:57,21,-1,3668.25,13838
2022-10-03 12:05:58,21,7,3668.25,13845
2022-10-03 12:05:59,3,-3,3668.0,13842
2022-10-03 12:06:00,64,3,3668.25,13845
2022-10-03 12:06:01,64,-15,3668.5,13830
2022-10-03 12:06:02,8,2,3668.5,13832
2022-10-03 12:06:03,5,-2,3668.5,13830
2022-10-03 12:06:04,13,4,3668.5,13834
2022-10-03 12:06:05,8,7,3668.75,13841
2022-10-03 12:06:06,35,10,3668.75,13851
2022-10-03 12:06:07,5,-1,3668.75,13850
2022-10-03 12:06:08,67,18,3669.0,13868
2022-10-03 12:06:09,551,320,3670.0,14188
2022-10-03 12:06:10,406,71,3670.25,14259
2022-10-03 12:06:11,20,18,3670.25,14277
2022-10-03 12:06:12,91,-15,3670.25,14262
2022-10-03 12:06:13,12,4,3669.75,14266
2022-10-03 12:06:14,62,-29,3669.75,14237
2022-10-03 12:06:15,71,-11,3669.75,14226
2022-10-03 12:06:16,22,15,3669.75,14241
2022-10-03 12:06:17,25,-13,3669.75,14228
2022-10-03 12:06:18,69,19,3669.75,14247
2022-10-03 12:06:19,10,-8,3669.75,14239
2022-10-03 12:06:20,85,-9,3669.75,14230
2022-10-03 12:06:21,34,-4,3670.0,14226
2022-10-03 12:06:22,136,35,3670.5,14261
2022-10-03 12:06:23,176,74,3671.0,14335
2022-10-03 12:06:24,95,-24,3670.5,14311
2022-10-03 12:06:25,19,4,3670.75,14315
2022-10-03 12:06:26,24,2,3670.75,14317
2022-10-03 12:06:27,3,1,3671.0,14318
2022-10-03 12:06:28,142,29,3671.0,14347
2022-10-03 12:06:29,66,-4,3671.25,14343
2022-10-03 12:06:30,93,-28,3671.0,14315
2022-10-03 12:06:31,85,13,3671.0,14328
2022-10-03 12:06:32,47,-17,3670.5,14311
2022-10-03 12:06:33,59,20,3670.75,14331
2022-10-03 12:06:34,92,2,3670.75,14333
2022-10-03 12:06:35,64,-19,3670.5,14314
2022-10-03 12:06:36,1,-1,3670.25,14313
2022-10-03 12:06:37,65,-13,3670.25,14300
2022-10-03 12:06:38,70,-31,3670.25,14269
2022-10-03 12:06:39,17,-1,3670.0,14268
2022-10-03 12:06:40,54,1,3670.0,14269
2022-10-03 12:06:41,22,-3,3670.0,14266
2022-10-03 12:06:42,115,15,3670.0,14281
2022-10-03 12:06:43,47,3,3669.75,14284
2022-10-03 12:06:44,73,-26,3669.75,14258
2022-10-03 12:06:45,105,-23,3669.5,14235
2022-10-03 12:06:46,72,12,3669.75,14247
2022-10-03 12:06:47,4,0,3669.75,14247
2022-10-03 12:06:48,42,-1,3669.5,14246
2022-10-03 12:06:49,83,1,3669.25,14247
2022-10-03 12:06:50,80,26,3669.5,14273
2022-10-03 12:06:51,51,10,3669.75,14283
2022-10-03 12:06:52,49,-11,3669.75,14272
2022-10-03 12:06:53,70,8,3670.0,14280
2022-10-03 12:06:54,43,-11,3670.0,14269
2022-10-03 12:06:55,3,3,3669.75,14272
2022-10-03 12:06:56,25,1,3669.75,14273
2022-10-03 12:06:57,50,-8,3669.75,14265
2022-10-03 12:06:58,2,0,3670.0,14265
2022-10-03 12:06:59,24,-6,3669.75,14259
2022-10-03 12:07:00,85,7,3670.0,14266
2022-10-03 12:07:01,7,5,3670.25,14271
2022-10-03 12:07:02,31,1,3670.0,14272
2022-10-03 12:07:03,356,47,3670.5,14319
2022-10-03 12:07:04,17,11,3670.5,14330
2022-10-03 12:07:05,36,-9,3670.25,14321
2022-10-03 12:07:06,12,2,3670.25,14323
2022-10-03 12:07:07,9,4,3670.25,14327
2022-10-03 12:07:08,247,64,3670.75,14391
2022-10-03 12:07:09,169,-24,3670.75,14367
2022-10-03 12:07:10,26,13,3670.75,14380
2022-10-03 12:07:11,5,2,3670.75,14382
2022-10-03 12:07:12,111,4,3671.0,14386
2022-10-03 12:07:13,26,-3,3671.0,14383
2022-10-03 12:07:14,68,20,3671.25,14403
2022-10-03 12:07:15,56,-5,3671.0,14398
2022-10-03 12:07:16,6,4,3670.75,14402
2022-10-03 12:07:17,19,-5,3670.75,14397
2022-10-03 12:07:18,1,1,3670.75,14398
2022-10-03 12:07:19,72,22,3671.0,14420
2022-10-03 12:07:20,77,20,3671.25,14440
2022-10-03 12:07:21,58,-10,3671.25,14430
2022-10-03 12:07:22,2,2,3671.25,14432
2022-10-03 12:07:23,31,25,3671.25,14457
2022-10-03 12:07:24,13,4,3671.25,14461
2022-10-03 12:07:25,73,-5,3671.25,14456
2022-10-03 12:07:26,19,-1,3671.25,14455
2022-10-03 12:07:27,31,4,3671.25,14459
2022-10-03 12:07:28,26,23,3671.5,14482
2022-10-03 12:07:29,141,20,3671.5,14502
2022-10-03 12:07:30,133,4,3671.0,14506
2022-10-03 12:07:31,55,-14,3670.75,14492
2022-10-03 12:07:32,131,2,3670.75,14494
2022-10-03 12:07:33,85,-24,3670.5,14470
2022-10-03 12:07:34,1,-1,3670.25,14469
2022-10-03 12:07:35,29,2,3670.5,14471
2022-10-03 12:07:36,28,12,3670.75,14483
2022-10-03 12:07:37,66,-24,3670.5,14459
2022-10-03 12:07:38,30,-5,3670.5,14454
2022-10-03 12:07:39,12,0,3670.5,14454
2022-10-03 12:07:40,53,8,3670.75,14462
2022-10-03 12:07:41,237,148,3671.25,14610
2022-10-03 12:07:42,44,4,3671.0,14614
2022-10-03 12:07:44,90,2,3671.0,14616
2022-10-03 12:07:45,45,-6,3671.0,14610
2022-10-03 12:07:46,16,1,3671.0,14611
2022-10-03 12:07:47,66,-4,3671.25,14607
2022-10-03 12:07:48,7,5,3671.0,14612
2022-10-03 12:07:49,177,67,3671.75,14679
2022-10-03 12:07:50,350,71,3672.25,14750
2022-10-03 12:07:51,20,-13,3671.75,14737
2022-10-03 12:07:52,33,-14,3671.75,14723
2022-10-03 12:07:53,7,1,3671.75,14724
2022-10-03 12:07:54,84,-10,3671.5,14714
2022-10-03 12:07:55,22,7,3671.75,14721
2022-10-03 12:07:56,24,-2,3671.5,14719
2022-10-03 12:07:57,14,1,3671.5,14720
2022-10-03 12:07:58,123,-9,3671.5,14711
2022-10-03 12:07:59,41,1,3671.75,14712
2022-10-03 12:08:00,75,12,3671.5,14724
2022-10-03 12:08:01,4,1,3671.75,14725
2022-10-03 12:08:02,42,-16,3671.5,14709
2022-10-03 12:08:03,40,6,3671.25,14715
2022-10-03 12:08:04,27,15,3671.25,14730
2022-10-03 12:08:05,43,-22,3671.0,14708
2022-10-03 12:08:06,14,-3,3671.0,14705
2022-10-03 12:08:07,24,-19,3670.75,14686
2022-10-03 12:08:08,20,-6,3670.75,14680
2022-10-03 12:08:09,46,-1,3670.75,14679
2022-10-03 12:08:10,28,-13,3670.75,14666
2022-10-03 12:08:11,46,-39,3670.5,14627
2022-10-03 12:08:12,3,-3,3670.25,14624
2022-10-03 12:08:13,90,19,3670.75,14643
2022-10-03 12:08:14,10,1,3670.75,14644
2022-10-03 12:08:15,120,31,3671.5,14675
2022-10-03 12:08:16,136,-17,3671.5,14658
2022-10-03 12:08:17,5,2,3671.25,14660
2022-10-03 12:08:18,18,3,3671.5,14663
2022-10-03 12:08:19,18,-7,3671.5,14656
2022-10-03 12:08:20,22,14,3671.75,14670
2022-10-03 12:08:21,76,14,3671.75,14684
2022-10-03 12:08:22,21,-5,3672.0,14679
2022-10-03 12:08:23,47,-24,3671.5,14655
2022-10-03 12:08:24,4,3,3671.25,14658
2022-10-03 12:08:25,32,-4,3671.0,14654
2022-10-03 12:08:26,11,-3,3671.0,14651
2022-10-03 12:08:27,21,5,3671.0,14656
2022-10-03 12:08:28,11,-1,3671.0,14655
2022-10-03 12:08:29,66,23,3671.5,14678
2022-10-03 12:08:30,59,7,3671.75,14685
2022-10-03 12:08:31,3,3,3672.0,14688
2022-10-03 12:08:32,21,-7,3671.75,14681
2022-10-03 12:08:33,3,-1,3671.75,14680
2022-10-03 12:08:34,1,-1,3671.5,14679
2022-10-03 12:08:35,50,-18,3671.5,14661
2022-10-03 12:08:36,41,1,3671.5,14662
2022-10-03 12:08:37,27,4,3671.5,14666
2022-10-03 12:08:38,21,-4,3671.5,14662
2022-10-03 12:08:39,53,19,3672.0,14681
2022-10-03 12:08:40,19,-12,3672.25,14669
2022-10-03 12:08:41,3,1,3672.0,14670
2022-10-03 12:08:42,25,5,3672.0,14675
2022-10-03 12:08:43,29,4,3672.25,14679
2022-10-03 12:08:44,75,31,3672.25,14710
2022-10-03 12:08:45,5,-3,3672.25,14707
2022-10-03 12:08:46,12,7,3672.25,14714
2022-10-03 12:08:47,26,-12,3672.25,14702
2022-10-03 12:08:48,54,4,3672.25,14706
2022-10-03 12:08:49,96,-51,3672.5,14655
2022-10-03 12:08:50,51,6,3672.25,14661
2022-10-03 12:08:51,19,-7,3672.25,14654
2022-10-03 12:08:52,14,6,3672.0,14660
2022-10-03 12:08:53,45,24,3672.25,14684
2022-10-03 12:08:54,27,2,3672.25,14686
2022-10-03 12:08:55,81,3,3672.25,14689
2022-10-03 12:08:56,18,-4,3672.0,14685
2022-10-03 12:08:57,24,6,3672.0,14691
2022-10-03 12:08:58,23,0,3672.25,14691
2022-10-03 12:08:59,37,3,3672.25,14694
2022-10-03 12:09:00,48,-7,3672.25,14687
2022-10-03 12:09:01,62,5,3672.25,14692
2022-10-03 12:09:02,16,-13,3672.25,14679
2022-10-03 12:09:03,15,-4,3672.25,14675
2022-10-03 12:09:04,27,2,3672.25,14677
2022-10-03 12:09:05,15,-10,3672.0,14667
2022-10-03 12:09:06,26,-14,3672.0,14653
2022-10-03 12:09:07,58,20,3672.5,14673
2022-10-03 12:09:08,1,1,3672.5,14674
2022-10-03 12:09:09,14,-14,3672.25,14660
2022-10-03 12:09:10,22,11,3672.25,14671
2022-10-03 12:09:11,32,-11,3672.25,14660
2022-10-03 12:09:12,28,-14,3672.5,14646
2022-10-03 12:09:13,9,-2,3672.25,14644
2022-10-03 12:09:14,4,4,3672.5,14648
2022-10-03 12:09:15,82,-33,3672.5,14615
2022-10-03 12:09:16,43,-5,3672.25,14610
2022-10-03 12:09:17,56,-9,3672.0,14601
2022-10-03 12:09:18,20,18,3672.25,14619
2022-10-03 12:09:19,291,97,3673.0,14716
2022-10-03 12:09:20,181,28,3673.5,14744
2022-10-03 12:09:21,72,4,3673.25,14748
2022-10-03 12:09:22,24,11,3673.25,14759
2022-10-03 12:09:23,68,18,3673.5,14777
2022-10-03 12:09:24,18,-6,3673.5,14771
2022-10-03 12:09:25,38,-6,3673.25,14765
2022-10-03 12:09:26,98,20,3673.0,14785
2022-10-03 12:09:27,22,-2,3673.0,14783
2022-10-03 12:09:28,123,-9,3673.0,14774
2022-10-03 12:09:29,70,5,3673.25,14779
2022-10-03 12:09:30,23,-6,3673.25,14773
2022-10-03 12:09:31,40,1,3673.0,14774
2022-10-03 12:09:32,6,4,3672.75,14778
2022-10-03 12:09:33,33,-1,3673.0,14777
2022-10-03 12:09:34,7,-1,3672.75,14776
2022-10-03 12:09:35,34,2,3672.75,14778
2022-10-03 12:09:37,23,-5,3672.75,14773
2022-10-03 12:09:38,169,-49,3672.5,14724
2022-10-03 12:09:39,9,-5,3672.25,14719
2022-10-03 12:09:40,27,-10,3672.25,14709
2022-10-03 12:09:41,29,0,3672.25,14709
2022-10-03 12:09:42,5,-2,3672.25,14707
2022-10-03 12:09:43,65,-15,3672.25,14692
2022-10-03 12:09:44,32,-7,3672.25,14685
2022-10-03 12:09:45,72,6,3672.25,14691
2022-10-03 12:09:46,87,-1,3672.5,14690
2022-10-03 12:09:47,21,11,3672.75,14701
2022-10-03 12:09:48,19,-1,3672.75,14700
2022-10-03 12:09:49,7,-3,3672.75,14697
2022-10-03 12:09:50,214,-67,3672.75,14630
2022-10-03 12:09:51,73,-20,3672.75,14610
2022-10-03 12:09:52,37,4,3672.75,14614
2022-10-03 12:09:54,50,21,3673.0,14635
2022-10-03 12:09:55,25,-1,3673.0,14634
2022-10-03 12:09:56,4,1,3673.0,14635
2022-10-03 12:09:57,271,-57,3673.0,14578
2022-10-03 12:09:58,40,-4,3673.25,14574
2022-10-03 12:09:59,40,-13,3673.0,14561
2022-10-03 12:10:00,27,-13,3673.0,14548
2022-10-03 12:10:01,69,-7,3673.0,14541
2022-10-03 12:10:02,6,-2,3673.25,14539
2022-10-03 12:10:03,19,-16,3673.25,14523
2022-10-03 12:10:04,25,7,3673.25,14530
2022-10-03 12:10:05,77,2,3673.0,14532
2022-10-03 12:10:06,32,1,3672.75,14533
2022-10-03 12:10:07,39,-12,3673.0,14521
2022-10-03 12:10:08,151,-8,3672.75,14513
2022-10-03 12:10:09,20,-1,3673.0,14512
2022-10-03 12:10:10,34,-10,3672.75,14502
2022-10-03 12:10:11,54,27,3673.0,14529
2022-10-03 12:10:12,63,-24,3673.0,14505
2022-10-03 12:10:13,27,-15,3673.0,14490
2022-10-03 12:10:14,23,10,3673.0,14500
2022-10-03 12:10:16,36,12,3673.25,14512
2022-10-03 12:10:17,85,21,3673.25,14533
2022-10-03 12:10:18,65,-6,3673.25,14527
2022-10-03 12:10:19,26,12,3673.25,14539
2022-10-03 12:10:20,19,-14,3673.5,14525
2022-10-03 12:10:21,61,2,3673.5,14527
2022-10-03 12:10:22,10,3,3673.25,14530
2022-10-03 12:10:23,82,-22,3673.25,14508
2022-10-03 12:10:24,94,-29,3672.75,14479
2022-10-03 12:10:25,35,-12,3672.75,14467
2022-10-03 12:10:26,31,-23,3673.0,14444
2022-10-03 12:10:27,19,-1,3673.0,14443
2022-10-03 12:10:28,230,75,3673.25,14518
2022-10-03 12:10:29,117,53,3673.25,14571
2022-10-03 12:10:30,81,33,3673.75,14604
2022-10-03 12:10:31,1,1,3673.5,14605
2022-10-03 12:10:32,2,-2,3673.25,14603
2022-10-03 12:10:33,10,10,3673.5,14613
2022-10-03 12:10:34,87,12,3673.5,14625
2022-10-03 12:10:35,65,14,3673.25,14639
2022-10-03 12:10:37,4,0,3673.5,14639
2022-10-03 12:10:38,80,-43,3673.25,14596
2022-10-03 12:10:39,5,-3,3672.75,14593
2022-10-03 12:10:40,4,0,3672.75,14593
2022-10-03 12:10:41,52,4,3672.5,14597
2022-10-03 12:10:42,23,-2,3672.75,14595
2022-10-03 12:10:43,151,-34,3672.5,14561
2022-10-03 12:10:44,144,7,3672.5,14568
2022-10-03 12:10:45,2,-2,3672.25,14566
2022-10-03 12:10:46,4,-1,3672.5,14565
2022-10-03 12:10:47,45,-8,3672.25,14557
2022-10-03 12:10:48,195,6,3672.25,14563
2022-10-03 12:10:49,2,0,3672.25,14563
2022-10-03 12:10:50,53,-4,3672.5,14559
2022-10-03 12:10:51,28,-5,3672.5,14554
2022-10-03 12:10:52,71,16,3673.0,14570
2022-10-03 12:10:53,126,29,3673.5,14599
2022-10-03 12:10:54,59,-5,3673.5,14594
2022-10-03 12:10:55,40,2,3673.25,14596
2022-10-03 12:10:57,22,-10,3673.25,14586
2022-10-03 12:10:58,30,-1,3673.25,14585
2022-10-03 12:10:59,77,3,3673.25,14588
2022-10-03 12:11:00,1,1,3673.25,14589
2022-10-03 12:11:01,53,-22,3673.0,14567
2022-10-03 12:11:02,65,-24,3673.0,14543
2022-10-03 12:11:03,62,-9,3672.5,14534
2022-10-03 12:11:04,52,4,3672.75,14538
2022-10-03 12:11:05,3,3,3672.5,14541
2022-10-03 12:11:06,99,-37,3672.5,14504
2022-10-03 12:11:07,27,-16,3672.25,14488
2022-10-03 12:11:08,155,-31,3672.25,14457
2022-10-03 12:11:09,70,6,3672.25,14463
2022-10-03 12:11:10,35,5,3672.25,14468
2022-10-03 12:11:11,24,6,3672.5,14474
2022-10-03 12:11:12,48,-8,3673.0,14466
2022-10-03 12:11:13,46,-26,3672.5,14440
2022-10-03 12:11:14,42,17,3672.75,14457
2022-10-03 12:11:15,15,-5,3673.0,14452
2022-10-03 12:11:16,79,15,3673.0,14467
2022-10-03 12:11:17,26,1,3673.0,14468
2022-10-03 12:11:18,68,17,3673.25,14485
2022-10-03 12:11:19,1,-1,3673.0,14484
2022-10-03 12:11:20,45,-16,3673.0,14468
2022-10-03 12:11:21,39,21,3673.0,14489
2022-10-03 12:11:22,21,-2,3673.25,14487
2022-10-03 12:11:23,21,-5,3673.0,14482
2022-10-03 12:11:24,76,-15,3672.75,14467
2022-10-03 12:11:25,3,1,3672.75,14468
2022-10-03 12:11:27,92,16,3673.25,14484
2022-10-03 12:11:28,40,-5,3673.0,14479
2022-10-03 12:11:29,28,8,3673.0,14487
2022-10-03 12:11:30,66,-1,3673.25,14486
2022-10-03 12:11:31,55,-12,3673.25,14474
2022-10-03 12:11:32,26,2,3673.0,14476
2022-10-03 12:11:34,25,19,3673.0,14495
2022-10-03 12:11:36,94,16,3673.25,14511
2022-10-03 12:11:37,15,6,3673.25,14517
2022-10-03 12:11:38,91,37,3673.75,14554
2022-10-03 12:11:39,317,27,3674.25,14581
2022-10-03 12:11:40,18,2,3674.25,14583
2022-10-03 12:11:41,8,6,3674.25,14589
2022-10-03 12:11:42,140,-25,3674.25,14564
2022-10-03 12:11:43,55,0,3674.25,14564
2022-10-03 12:11:44,1,-1,3674.0,14563
2022-10-03 12:11:45,130,-16,3674.0,14547
2022-10-03 12:11:46,94,15,3673.75,14562
2022-10-03 12:11:47,19,12,3673.75,14574
2022-10-03 12:11:48,112,18,3674.25,14592
2022-10-03 12:11:49,10,3,3674.0,14595
2022-10-03 12:11:50,42,18,3674.0,14613
2022-10-03 12:11:51,81,-3,3674.25,14610
2022-10-03 12:11:52,11,4,3674.25,14614
2022-10-03 12:11:53,277,190,3674.75,14804
2022-10-03 12:11:54,49,26,3674.5,14830
2022-10-03 12:11:55,44,-10,3674.5,14820
2022-10-03 12:11:56,70,-5,3674.75,14815
2022-10-03 12:11:57,36,6,3674.5,14821
2022-10-03 12:11:58,62,8,3674.75,14829
2022-10-03 12:11:59,34,-12,3674.5,14817
2022-10-03 12:12:00,140,1,3674.5,14818
2022-10-03 12:12:01,81,-8,3674.5,14810
2022-10-03 12:12:02,30,8,3674.75,14818
2022-10-03 12:12:03,3,1,3674.75,14819
2022-10-03 12:12:04,77,-13,3674.5,14806
2022-10-03 12:12:06,3,-3,3674.5,14803
2022-10-03 12:12:07,286,116,3675.0,14919
2022-10-03 12:12:08,38,-19,3675.0,14900
2022-10-03 12:12:09,140,-42,3675.0,14858
2022-10-03 12:12:10,164,65,3675.0,14923
2022-10-03 12:12:11,77,-10,3675.0,14913
2022-10-03 12:12:12,113,-30,3674.75,14883
2022-10-03 12:12:13,44,20,3674.75,14903
2022-10-03 12:12:14,64,-18,3674.75,14885
2022-10-03 12:12:15,53,11,3674.75,14896
2022-10-03 12:12:16,290,276,3675.5,15172
2022-10-03 12:12:17,40,-6,3675.25,15166
2022-10-03 12:12:18,134,-14,3675.0,15152
2022-10-03 12:12:19,91,9,3675.0,15161
2022-10-03 12:12:20,6,4,3675.0,15165
2022-10-03 12:12:23,42,6,3675.0,15171
2022-10-03 12:12:24,71,1,3674.75,15172
2022-10-03 12:12:25,22,6,3674.75,15178
2022-10-03 12:12:26,65,-28,3674.5,15150
2022-10-03 12:12:27,79,-33,3674.5,15117
2022-10-03 12:12:28,93,19,3674.25,15136
2022-10-03 12:12:29,102,-39,3674.0,15097
2022-10-03 12:12:30,145,-43,3674.0,15054
2022-10-03 12:12:31,25,-2,3673.75,15052
2022-10-03 12:12:32,31,-1,3673.75,15051
2022-10-03 12:12:33,9,1,3673.75,15052
2022-10-03 12:12:34,94,-28,3673.75,15024
2022-10-03 12:12:35,26,-5,3673.25,15019
2022-10-03 12:12:36,1,-1,3673.25,15018
2022-10-03 12:12:37,169,23,3674.25,15041
2022-10-03 12:12:38,32,-15,3674.0,15026
2022-10-03 12:12:39,12,4,3674.0,15030
2022-10-03 12:12:40,134,38,3674.5,15068
2022-10-03 12:12:41,2,0,3674.5,15068
2022-10-03 12:12:42,19,2,3674.25,15070
2022-10-03 12:12:43,18,-10,3674.25,15060
2022-10-03 12:12:44,63,17,3674.5,15077
2022-10-03 12:12:45,136,-27,3674.5,15050
2022-10-03 12:12:46,11,1,3674.25,15051
2022-10-03 12:12:47,24,-3,3674.25,15048
2022-10-03 12:12:48,12,-3,3674.0,15045
2022-10-03 12:12:49,10,-7,3674.0,15038
2022-10-03 12:12:50,52,-3,3674.0,15035
2022-10-03 12:12:51,46,-23,3674.0,15012
2022-10-03 12:12:52,80,8,3673.75,15020
2022-10-03 12:12:53,19,13,3674.25,15033
2022-10-03 12:12:54,1,-1,3674.0,15032
2022-10-03 12:12:55,39,17,3674.25,15049
2022-10-03 12:12:56,21,-8,3674.25,15041
2022-10-03 12:12:57,32,-6,3674.5,15035
2022-10-03 12:12:58,23,-2,3674.5,15033
2022-10-03 12:12:59,38,3,3674.25,15036
2022-10-03 12:13:00,292,19,3674.5,15055
2022-10-03 12:13:01,21,0,3674.5,15055
2022-10-03 12:13:03,21,-15,3674.25,15040
2022-10-03 12:13:04,2,2,3674.25,15042
2022-10-03 12:13:05,48,-12,3674.0,15030
2022-10-03 12:13:06,77,-19,3673.75,15011
2022-10-03 12:13:07,59,-21,3673.5,14990
2022-10-03 12:13:08,1,1,3673.75,14991
2022-10-03 12:13:09,81,27,3674.0,15018
2022-10-03 12:13:10,18,0,3674.0,15018
2022-10-03 12:13:11,87,4,3674.0,15022
2022-10-03 12:13:12,12,4,3674.25,15026
2022-10-03 12:13:13,35,-11,3674.0,15015
2022-10-03 12:13:14,49,7,3673.75,15022
2022-10-03 12:13:15,2,0,3674.0,15022
2022-10-03 12:13:16,62,-19,3673.75,15003
2022-10-03 12:13:17,14,6,3674.0,15009
2022-10-03 12:13:18,15,-14,3673.75,14995
2022-10-03 12:13:19,79,-22,3673.75,14973
2022-10-03 12:13:20,9,-9,3673.5,14964
2022-10-03 12:13:21,5,-5,3673.25,14959
2022-10-03 12:13:22,47,-12,3673.25,14947
2022-10-03 12:13:23,36,-4,3673.5,14943
2022-10-03 12:13:24,1,-1,3673.25,14942
2022-10-03 12:13:25,1,-1,3673.25,14941
2022-10-03 12:13:26,51,6,3673.5,14947
2022-10-03 12:13:27,1,-1,3673.5,14946
2022-10-03 12:13:28,1,-1,3673.5,14945
2022-10-03 12:13:29,45,14,3673.75,14959
2022-10-03 12:13:30,85,12,3674.0,14971
2022-10-03 12:13:31,14,10,3674.0,14981
2022-10-03 12:13:32,7,-2,3674.25,14979
2022-10-03 12:13:33,2,2,3674.25,14981
2022-10-03 12:13:34,78,-19,3674.0,14962
2022-10-03 12:13:35,10,-1,3673.75,14961
2022-10-03 12:13:37,38,-15,3673.75,14946
2022-10-03 12:13:38,35,-4,3673.5,14942
2022-10-03 12:13:39,8,-2,3673.5,14940
2022-10-03 12:13:40,50,-8,3673.25,14932
2022-10-03 12:13:41,44,-22,3673.0,14910
2022-10-03 12:13:42,62,2,3673.0,14912
2022-10-03 12:13:43,6,-2,3673.25,14910
2022-10-03 12:13:44,71,-21,3673.0,14889
2022-10-03 12:13:45,3,-3,3672.75,14886
2022-10-03 12:13:47,64,-10,3672.75,14876
2022-10-03 12:13:49,54,11,3673.0,14887
2022-10-03 12:13:50,36,15,3673.25,14902
2022-10-03 12:13:51,2,1,3673.5,14903
2022-10-03 12:13:52,65,-2,3673.5,14901
2022-10-03 12:13:53,30,-19,3673.75,14882
2022-10-03 12:13:54,18,-3,3673.5,14879
2022-10-03 12:13:55,118,-4,3673.5,14875
2022-10-03 12:13:56,3,0,3673.25,14875
2022-10-03 12:13:57,4,-3,3673.0,14872
2022-10-03 12:13:58,39,-8,3673.25,14864
2022-10-03 12:13:59,21,14,3673.25,14878
2022-10-03 12:14:00,1,-1,3673.25,14877
2022-10-03 12:14:01,49,12,3673.5,14889
2022-10-03 12:14:02,1,-1,3673.5,14888
2022-10-03 12:14:03,31,-16,3673.5,14872
2022-10-03 12:14:04,5,-3,3673.5,14869
2022-10-03 12:14:05,85,-18,3673.5,14851
2022-10-03 12:14:06,26,-6,3673.25,14845
2022-10-03 12:14:07,49,-26,3673.25,14819
2022-10-03 12:14:08,37,7,3673.25,14826
2022-10-03 12:14:09,23,-14,3673.0,14812
2022-10-03 12:14:10,107,-40,3672.75,14772
2022-10-03 12:14:11,172,-26,3672.25,14746
2022-10-03 12:14:12,31,10,3672.25,14756
2022-10-03 12:14:13,9,-2,3672.5,14754
2022-10-03 12:14:14,1,-1,3672.25,14753
2022-10-03 12:14:15,155,-30,3672.5,14723
2022-10-03 12:14:16,69,14,3672.5,14737
2022-10-03 12:14:17,2,0,3672.5,14737
2022-10-03 12:14:18,54,-4,3672.5,14733
2022-10-03 12:14:19,39,-22,3672.25,14711
2022-10-03 12:14:20,61,-24,3672.0,14687
2022-10-03 12:14:21,54,-29,3672.0,14658
2022-10-03 12:14:22,39,-3,3671.75,14655
2022-10-03 12:14:23,53,7,3671.75,14662
2022-10-03 12:14:24,44,10,3671.75,14672
2022-10-03 12:14:25,42,8,3671.75,14680
2022-10-03 12:14:26,28,3,3671.75,14683
2022-10-03 12:14:27,39,12,3672.0,14695
2022-10-03 12:14:28,142,-11,3672.5,14684
2022-10-03 12:14:29,88,-20,3672.75,14664
2022-10-03 12:14:30,19,-6,3672.75,14658
2022-10-03 12:14:31,18,2,3672.5,14660
2022-10-03 12:14:32,2,1,3672.5,14661
2022-10-03 12:14:33,47,-10,3672.75,14651
2022-10-03 12:14:34,1,1,3672.75,14652
2022-10-03 12:14:35,48,-2,3672.75,14650
2022-10-03 12:14:37,80,-20,3672.5,14630
2022-10-03 12:14:38,7,-1,3672.25,14629
2022-10-03 12:14:39,7,1,3672.25,14630
2022-10-03 12:14:40,109,-20,3672.0,14610
2022-10-03 12:14:41,30,12,3672.5,14622
2022-10-03 12:14:42,27,-12,3672.0,14610
2022-10-03 12:14:43,13,7,3672.25,14617
2022-10-03 12:14:44,38,8,3672.25,14625
2022-10-03 12:14:45,87,-24,3672.25,14601
2022-10-03 12:14:46,212,-16,3672.25,14585
2022-10-03 12:14:47,24,1,3672.25,14586
2022-10-03 12:14:48,7,1,3672.25,14587
2022-10-03 12:14:49,14,-4,3672.25,14583
2022-10-03 12:14:50,1,1,3672.5,14584
2022-10-03 12:14:51,52,-15,3672.5,14569
2022-10-03 12:14:52,60,-4,3672.0,14565
2022-10-03 12:14:53,3,-1,3672.25,14564
2022-10-03 12:14:54,1,-1,3672.0,14563
2022-10-03 12:14:55,184,-57,3672.0,14506
2022-10-03 12:14:56,143,-22,3671.5,14484
2022-10-03 12:14:57,163,20,3671.75,14504
2022-10-03 12:14:58,7,2,3671.5,14506
2022-10-03 12:14:59,40,25,3671.75,14531
2022-10-03 12:15:00,174,32,3671.5,14563
2022-10-03 12:15:01,73,5,3671.75,14568
2022-10-03 12:15:02,68,-16,3671.75,14552
2022-10-03 12:15:03,143,-10,3671.75,14542
2022-10-03 12:15:04,47,-30,3671.5,14512
2022-10-03 12:15:05,78,-12,3671.5,14500
2022-10-03 12:15:06,32,8,3671.5,14508
2022-10-03 12:15:07,104,-5,3671.75,14503
2022-10-03 12:15:08,113,-43,3671.75,14460
2022-10-03 12:15:09,91,5,3671.75,14465
2022-10-03 12:15:10,32,-10,3671.25,14455
2022-10-03 12:15:11,85,43,3671.5,14498
2022-10-03 12:15:12,62,-6,3671.5,14492
2022-10-03 12:15:13,81,26,3671.75,14518
2022-10-03 12:15:14,53,-2,3672.0,14516
2022-10-03 12:15:15,4,4,3672.0,14520
2022-10-03 12:15:16,3,-4,3671.75,14516
2022-10-03 12:15:17,46,-4,3671.5,14512
2022-10-03 12:15:18,16,-5,3671.5,14507
2022-10-03 12:15:19,3,3,3671.5,14510
2022-10-03 12:15:20,30,5,3671.5,14515
2022-10-03 12:15:21,16,9,3671.5,14524
2022-10-03 12:15:22,24,6,3671.75,14530
2022-10-03 12:15:23,20,-10,3671.75,14520
2022-10-03 12:15:24,25,-16,3671.5,14504
2022-10-03 12:15:25,97,-16,3671.25,14488
2022-10-03 12:15:26,60,7,3671.25,14495
2022-10-03 12:15:27,11,-2,3671.25,14493
2022-10-03 12:15:28,26,-12,3671.25,14481
2022-10-03 12:15:29,12,-6,3671.0,14475
2022-10-03 12:15:30,30,16,3671.0,14491
2022-10-03 12:15:31,44,-9,3671.0,14482
2022-10-03 12:15:32,140,-10,3671.0,14472
2022-10-03 12:15:33,26,6,3671.0,14478
2022-10-03 12:15:34,6,-6,3671.0,14472
2022-10-03 12:15:35,74,-7,3671.25,14465
2022-10-03 12:15:36,41,-6,3671.25,14459
2022-10-03 12:15:37,16,13,3671.25,14472
2022-10-03 12:15:38,35,1,3671.25,14473
2022-10-03 12:15:39,261,-3,3671.5,14470
2022-10-03 12:15:40,82,13,3671.75,14483
2022-10-03 12:15:41,7,-7,3671.5,14476
2022-10-03 12:15:42,41,-1,3671.75,14475
2022-10-03 12:15:43,22,7,3671.75,14482
2022-10-03 12:15:44,49,18,3672.0,14500
2022-10-03 12:15:47,38,7,3672.0,14507
2022-10-03 12:15:48,37,-3,3672.25,14504
2022-10-03 12:15:49,82,-18,3672.0,14486
2022-10-03 12:15:50,67,7,3672.0,14493
2022-10-03 12:15:51,10,7,3671.75,14500
2022-10-03 12:15:52,38,22,3672.0,14522
2022-10-03 12:15:53,29,10,3672.0,14532
2022-10-03 12:15:54,8,-2,3672.25,14530
2022-10-03 12:15:55,32,-5,3672.25,14525
2022-10-03 12:15:57,18,-7,3672.0,14518
2022-10-03 12:15:58,52,-8,3672.25,14510
2022-10-03 12:15:59,4,3,3672.0,14513
2022-10-03 12:16:00,97,-21,3672.0,14492
2022-10-03 12:16:01,7,0,3672.0,14492
2022-10-03 12:16:02,15,5,3672.0,14497
2022-10-03 12:16:03,55,-12,3672.25,14485
2022-10-03 12:16:04,21,-5,3671.75,14480
2022-10-03 12:16:05,43,-13,3671.75,14467
2022-10-03 12:16:06,25,-11,3671.5,14456
2022-10-03 12:16:07,23,8,3671.5,14464
2022-10-03 12:16:08,29,18,3671.5,14482
2022-10-03 12:16:09,2,-2,3671.25,14480
2022-10-03 12:16:10,22,-8,3671.25,14472
2022-10-03 12:16:11,29,-10,3671.5,14462
2022-10-03 12:16:13,78,-8,3671.5,14454
2022-10-03 12:16:14,58,6,3671.75,14460
2022-10-03 12:16:15,32,-2,3671.75,14458
2022-10-03 12:16:16,60,-1,3672.0,14457
2022-10-03 12:16:17,1,1,3672.0,14458
2022-10-03 12:16:18,40,-9,3672.0,14449
2022-10-03 12:16:19,36,3,3672.25,14452
2022-10-03 12:16:20,50,-3,3672.25,14449
2022-10-03 12:16:21,2,2,3672.0,14451
2022-10-03 12:16:22,32,-3,3672.0,14448
2022-10-03 12:16:23,38,-12,3671.75,14436
2022-10-03 12:16:24,4,-3,3671.5,14433
2022-10-03 12:16:26,25,2,3671.75,14435
2022-10-03 12:16:27,19,-12,3671.5,14423
2022-10-03 12:16:28,1,1,3671.5,14424
2022-10-03 12:16:29,78,1,3671.5,14425
2022-10-03 12:16:30,5,2,3671.25,14427
2022-10-03 12:16:31,3,-2,3671.0,14425
2022-10-03 12:16:33,1,1,3671.25,14426
2022-10-03 12:16:34,65,-15,3671.25,14411
2022-10-03 12:16:35,106,-30,3670.75,14381
2022-10-03 12:16:36,92,10,3670.75,14391
2022-10-03 12:16:37,20,-8,3670.75,14383
2022-10-03 12:16:38,26,-12,3670.75,14371
2022-10-03 12:16:39,45,7,3670.75,14378
2022-10-03 12:16:40,6,3,3671.0,14381
2022-10-03 12:16:41,105,-6,3671.0,14375
2022-10-03 12:16:42,8,6,3670.75,14381
2022-10-03 12:16:43,34,3,3670.75,14384
2022-10-03 12:16:44,27,-6,3671.0,14378
2022-10-03 12:16:45,17,-5,3671.0,14373
2022-10-03 12:16:46,5,2,3670.75,14375
2022-10-03 12:16:47,61,14,3671.0,14389
2022-10-03 12:16:48,20,2,3671.25,14391
2022-10-03 12:16:49,52,12,3671.5,14403
2022-10-03 12:16:50,25,-12,3671.5,14391
2022-10-03 12:16:51,4,1,3671.25,14392
2022-10-03 12:16:52,29,11,3671.25,14403
2022-10-03 12:16:53,50,1,3671.25,14404
2022-10-03 12:16:54,1,1,3671.5,14405
2022-10-03 12:16:55,2,2,3671.5,14407
2022-10-03 12:16:56,138,-12,3671.5,14395
2022-10-03 12:16:57,50,-15,3671.75,14380
2022-10-03 12:16:58,15,4,3671.75,14384
2022-10-03 12:16:59,10,6,3671.5,14390
2022-10-03 12:17:00,24,-7,3671.75,14383
2022-10-03 12:17:01,2,-1,3671.25,14382
2022-10-03 12:17:02,21,17,3671.5,14399
2022-10-03 12:17:03,60,12,3671.75,14411
2022-10-03 12:17:04,9,0,3671.75,14411
2022-10-03 12:17:05,16,3,3671.75,14414
2022-10-03 12:17:07,1,1,3671.75,14415
2022-10-03 12:17:08,99,22,3672.25,14437
2022-10-03 12:17:09,52,-5,3672.25,14432
2022-10-03 12:17:10,52,-12,3672.5,14420
2022-10-03 12:17:11,68,11,3672.5,14431
2022-10-03 12:17:12,11,-5,3672.5,14426
2022-10-03 12:17:13,21,-7,3672.25,14419
2022-10-03 12:17:14,36,-4,3672.0,14415
2022-10-03 12:17:15,20,-2,3671.5,14413
2022-10-03 12:17:16,26,10,3671.5,14423
2022-10-03 12:17:17,192,-42,3671.75,14381
2022-10-03 12:17:18,84,9,3671.75,14390
2022-10-03 12:17:19,42,-3,3671.75,14387
2022-10-03 12:17:20,5,-5,3671.75,14382
2022-10-03 12:17:21,7,6,3672.0,14388
2022-10-03 12:17:22,1,1,3672.0,14389
2022-10-03 12:17:24,28,-20,3671.75,14369
2022-10-03 12:17:25,4,-3,3671.5,14366
2022-10-03 12:17:26,70,-8,3671.5,14358
2022-10-03 12:17:27,23,9,3671.5,14367
2022-10-03 12:17:28,14,4,3671.75,14371
2022-10-03 12:17:29,19,9,3671.75,14380
2022-10-03 12:17:30,58,18,3672.0,14398
2022-10-03 12:17:31,2,-2,3671.75,14396
2022-10-03 12:17:32,6,1,3671.75,14397
2022-10-03 12:17:33,51,-13,3671.75,14384
2022-10-03 12:17:34,65,-1,3672.0,14383
2022-10-03 12:17:35,18,-3,3672.0,14380
2022-10-03 12:17:36,21,-4,3672.0,14376
2022-10-03 12:17:37,10,-6,3672.0,14370
2022-10-03 12:17:39,10,-1,3671.75,14369
2022-10-03 12:17:41,35,-18,3671.75,14351
2022-10-03 12:17:42,1,1,3671.5,14352
2022-10-03 12:17:43,32,1,3671.25,14353
2022-10-03 12:17:44,20,-15,3671.0,14338
2022-10-03 12:17:45,35,8,3671.25,14346
2022-10-03 12:17:46,17,0,3671.25,14346
2022-10-03 12:17:47,12,-4,3671.25,14342
2022-10-03 12:17:48,15,-11,3671.25,14331
2022-10-03 12:17:49,8,2,3671.25,14333
2022-10-03 12:17:50,2,-2,3671.0,14331
2022-10-03 12:17:51,51,-1,3671.0,14330
2022-10-03 12:17:52,21,0,3671.25,14330
2022-10-03 12:17:53,66,17,3671.25,14347
2022-10-03 12:17:54,4,2,3671.5,14349
2022-10-03 12:17:55,96,15,3671.75,14364
2022-10-03 12:17:56,70,1,3672.0,14365
2022-10-03 12:17:57,1,1,3671.75,14366
2022-10-03 12:17:58,46,-14,3672.0,14352
2022-10-03 12:17:59,30,0,3671.75,14352
2022-10-03 12:18:00,45,-34,3671.75,14318
2022-10-03 12:18:01,43,9,3671.75,14327
2022-10-03 12:18:04,77,14,3671.75,14341
2022-10-03 12:18:05,42,13,3672.0,14354
2022-10-03 12:18:06,51,-11,3672.0,14343
2022-10-03 12:18:07,50,-7,3672.0,14336
2022-10-03 12:18:08,33,2,3672.0,14338
2022-10-03 12:18:09,2,2,3672.0,14340
2022-10-03 12:18:10,18,1,3672.0,14341
2022-10-03 12:18:11,5,1,3672.0,14342
2022-10-03 12:18:12,6,0,3672.0,14342
2022-10-03 12:18:13,24,-3,3672.0,14339
2022-10-03 12:18:14,58,6,3672.5,14345
2022-10-03 12:18:15,14,0,3672.25,14345
2022-10-03 12:18:16,2,0,3672.25,14345
2022-10-03 12:18:17,4,2,3672.25,14347
2022-10-03 12:18:18,108,-76,3672.25,14271
2022-10-03 12:18:19,37,-15,3671.75,14256
2022-10-03 12:18:20,27,12,3671.75,14268
2022-10-03 12:18:21,7,-1,3671.75,14267
2022-10-03 12:18:22,13,2,3671.5,14269
2022-10-03 12:18:23,8,0,3671.75,14269
2022-10-03 12:18:24,13,-4,3671.5,14265
2022-10-03 12:18:25,1,-1,3671.5,14264
2022-10-03 12:18:26,21,-2,3671.75,14262
2022-10-03 12:18:27,23,-3,3671.25,14259
2022-10-03 12:18:28,23,2,3671.5,14261
2022-10-03 12:18:29,19,0,3671.25,14261
2022-10-03 12:18:30,14,4,3671.25,14265
2022-10-03 12:18:31,15,2,3671.25,14267
2022-10-03 12:18:32,45,-24,3671.25,14243
2022-10-03 12:18:33,64,-9,3670.75,14234
2022-10-03 12:18:34,48,17,3671.0,14251
2022-10-03 12:18:35,4,-2,3671.0,14249
2022-10-03 12:18:36,45,0,3671.0,14249
2022-10-03 12:18:37,98,-12,3670.5,14237
2022-10-03 12:18:38,31,-25,3670.5,14212
2022-10-03 12:18:39,278,23,3670.5,14235
2022-10-03 12:18:40,23,14,3670.5,14249
2022-10-03 12:18:41,64,12,3670.5,14261
2022-10-03 12:18:42,29,3,3670.5,14264
2022-10-03 12:18:43,32,-9,3670.75,14255
2022-10-03 12:18:44,32,1,3670.75,14256
2022-10-03 12:18:45,5,-1,3670.5,14255
2022-10-03 12:18:47,48,-4,3670.25,14251
2022-10-03 12:18:48,4,2,3670.5,14253
2022-10-03 12:18:49,40,-4,3670.5,14249
2022-10-03 12:18:50,3,-3,3670.25,14246
2022-10-03 12:18:51,16,-9,3670.5,14237
2022-10-03 12:18:52,91,-28,3670.25,14209
2022-10-03 12:18:53,166,-2,3670.25,14207
2022-10-03 12:18:54,1,1,3670.25,14208
2022-10-03 12:18:55,4,-2,3670.25,14206
2022-10-03 12:18:56,80,-26,3670.0,14180
2022-10-03 12:18:57,328,-7,3670.0,14173
2022-10-03 12:18:58,11,-10,3669.75,14163
2022-10-03 12:18:59,3,-3,3669.75,14160
2022-10-03 12:19:00,223,-53,3670.0,14107
2022-10-03 12:19:01,42,-4,3670.0,14103
2022-10-03 12:19:02,156,80,3670.0,14183
2022-10-03 12:19:03,75,-2,3670.0,14181
2022-10-03 12:19:04,140,-11,3670.25,14170
2022-10-03 12:19:05,4,0,3670.25,14170
2022-10-03 12:19:06,178,-38,3670.25,14132
2022-10-03 12:19:07,38,-7,3670.0,14125
2022-10-03 12:19:08,5,-1,3669.75,14124
2022-10-03 12:19:09,2,0,3669.75,14124
2022-10-03 12:19:10,42,-13,3669.75,14111
2022-10-03 12:19:11,21,8,3669.5,14119
2022-10-03 12:19:12,32,-1,3669.5,14118
2022-10-03 12:19:13,111,-23,3669.5,14095
2022-10-03 12:19:14,60,-40,3669.0,14055
2022-10-03 12:19:15,191,-6,3669.25,14049
2022-10-03 12:19:16,97,33,3668.75,14082
2022-10-03 12:19:17,31,13,3668.75,14095
2022-10-03 12:19:18,92,7,3668.75,14102
2022-10-03 12:19:19,3,0,3668.75,14102
2022-10-03 12:19:20,8,-3,3668.75,14099
2022-10-03 12:19:21,13,-2,3668.75,14097
2022-10-03 12:19:22,6,1,3668.75,14098
2022-10-03 12:19:23,160,-12,3668.75,14086
2022-10-03 12:19:24,83,-23,3668.25,14063
2022-10-03 12:19:25,62,16,3668.0,14079
2022-10-03 12:19:26,41,5,3668.25,14084
2022-10-03 12:19:27,34,1,3668.75,14085
2022-10-03 12:19:28,149,-44,3668.75,14041
2022-10-03 12:19:29,1,-1,3668.5,14040
2022-10-03 12:19:30,90,-37,3668.75,14003
2022-10-03 12:19:31,24,6,3668.5,14009
2022-10-03 12:19:32,41,11,3668.5,14020
2022-10-03 12:19:33,2,-2,3668.25,14018
2022-10-03 12:19:34,142,-25,3668.5,13993
2022-10-03 12:19:35,55,-27,3668.25,13966
2022-10-03 12:19:36,3,1,3668.0,13967
2022-10-03 12:19:37,135,-55,3667.75,13912
2022-10-03 12:19:38,103,9,3667.75,13921
2022-10-03 12:19:39,18,-1,3668.0,13920
2022-10-03 12:19:40,181,19,3668.0,13939
2022-10-03 12:19:41,56,25,3668.25,13964
2022-10-03 12:19:42,14,-8,3668.5,13956
2022-10-03 12:19:43,47,-6,3668.25,13950
2022-10-03 12:19:44,28,-14,3668.0,13936
2022-10-03 12:19:45,16,-3,3668.25,13933
2022-10-03 12:19:46,5,-1,3668.25,13932
2022-10-03 12:19:47,1,1,3668.25,13933
2022-10-03 12:19:48,18,11,3668.25,13944
2022-10-03 12:19:49,8,0,3668.5,13944
2022-10-03 12:19:50,23,6,3668.5,13950
2022-10-03 12:19:51,1,1,3668.5,13951
2022-10-03 12:19:52,126,36,3669.0,13987
2022-10-03 12:19:53,79,23,3669.25,14010
2022-10-03 12:19:54,14,-4,3669.25,14006
2022-10-03 12:19:55,20,0,3669.25,14006
2022-10-03 12:19:56,46,-10,3669.25,13996
2022-10-03 12:19:57,37,16,3669.75,14012
2022-10-03 12:19:58,58,-9,3669.75,14003
2022-10-03 12:19:59,65,17,3670.0,14020
2022-10-03 12:20:00,53,1,3670.0,14021
2022-10-03 12:20:01,159,13,3670.25,14034
2022-10-03 12:20:02,198,-62,3669.75,13972
2022-10-03 12:20:03,75,26,3670.0,13998
2022-10-03 12:20:04,32,-15,3670.0,13983
2022-10-03 12:20:05,84,-12,3670.0,13971
2022-10-03 12:20:06,259,45,3669.75,14016
2022-10-03 12:20:07,12,-10,3669.5,14006
2022-10-03 12:20:08,124,-34,3669.5,13972
2022-10-03 12:20:09,21,-12,3669.75,13960
2022-10-03 12:20:10,65,12,3669.5,13972
2022-10-03 12:20:11,2,0,3669.5,13972
2022-10-03 12:20:12,130,-12,3669.25,13960
2022-10-03 12:20:13,55,21,3668.75,13981
2022-10-03 12:20:14,16,-8,3668.75,13973
2022-10-03 12:20:15,84,17,3668.75,13990
2022-10-03 12:20:16,58,-7,3668.5,13983
2022-10-03 12:20:17,50,5,3668.25,13988
2022-10-03 12:20:18,19,-1,3668.5,13987
2022-10-03 12:20:19,19,-12,3668.75,13975
2022-10-03 12:20:20,64,-4,3668.25,13971
2022-10-03 12:20:21,47,-26,3668.25,13945
2022-10-03 12:20:22,170,-59,3667.75,13886
2022-10-03 12:20:23,39,-10,3667.25,13876
2022-10-03 12:20:24,196,-152,3667.0,13724
2022-10-03 12:20:25,40,0,3666.75,13724
2022-10-03 12:20:26,9,-6,3667.0,13718
2022-10-03 12:20:27,60,15,3666.75,13733
2022-10-03 12:20:28,37,13,3667.0,13746
2022-10-03 12:20:29,117,-38,3666.75,13708
2022-10-03 12:20:30,52,-34,3666.75,13674
2022-10-03 12:20:31,94,-25,3666.0,13649
2022-10-03 12:20:32,56,-1,3666.25,13648
2022-10-03 12:20:33,15,10,3666.25,13658
2022-10-03 12:20:34,108,3,3666.75,13661
2022-10-03 12:20:35,19,1,3666.75,13662
2022-10-03 12:20:36,76,25,3667.0,13687
2022-10-03 12:20:37,70,39,3667.25,13726
2022-10-03 12:20:38,771,-380,3667.0,13346
2022-10-03 12:20:39,61,-33,3666.5,13313
2022-10-03 12:20:40,56,0,3666.25,13313
2022-10-03 12:20:41,12,4,3666.0,13317
2022-10-03 12:20:42,68,0,3666.25,13317
2022-10-03 12:20:43,58,8,3666.0,13325
2022-10-03 12:20:44,3,3,3666.0,13328
2022-10-03 12:20:45,107,-34,3665.75,13294
2022-10-03 12:20:46,9,4,3665.5,13298
2022-10-03 12:20:47,41,2,3665.5,13300
2022-10-03 12:20:48,68,-2,3665.75,13298
2022-10-03 12:20:49,4,0,3665.5,13298
2022-10-03 12:20:50,17,-3,3665.5,13295
2022-10-03 12:20:51,60,2,3665.5,13297
2022-10-03 12:20:52,11,11,3665.75,13308
2022-10-03 12:20:53,71,21,3665.75,13329
2022-10-03 12:20:54,36,18,3666.0,13347
2022-10-03 12:20:55,31,-6,3666.0,13341
2022-10-03 12:20:56,18,-3,3666.0,13338
2022-10-03 12:20:57,25,4,3666.0,13342
2022-10-03 12:20:58,78,30,3666.25,13372
2022-10-03 12:20:59,42,5,3666.25,13377
2022-10-03 12:21:00,149,3,3666.75,13380
2022-10-03 12:21:01,48,-2,3666.25,13378
2022-10-03 12:21:02,37,-4,3666.25,13374
2022-10-03 12:21:03,39,-10,3666.25,13364
2022-10-03 12:21:04,4,0,3666.0,13364
2022-10-03 12:21:05,31,0,3666.0,13364
2022-10-03 12:21:06,15,-11,3665.75,13353
2022-10-03 12:21:07,26,-2,3665.75,13351
2022-10-03 12:21:08,18,-3,3665.75,13348
2022-10-03 12:21:09,46,-5,3665.75,13343
2022-10-03 12:21:10,22,-5,3665.5,13338
2022-10-03 12:21:11,26,-8,3665.5,13330
2022-10-03 12:21:12,39,-8,3665.5,13322
2022-10-03 12:21:13,114,-28,3665.5,13294
2022-10-03 12:21:14,129,73,3666.0,13367
2022-10-03 12:21:15,33,-21,3666.25,13346
2022-10-03 12:21:16,21,5,3666.0,13351
2022-10-03 12:21:17,17,5,3666.25,13356
2022-10-03 12:21:18,22,2,3666.0,13358
2022-10-03 12:21:20,46,-14,3666.0,13344
2022-10-03 12:21:21,24,-4,3665.75,13340
2022-10-03 12:21:22,12,-5,3666.0,13335
2022-10-03 12:21:23,12,2,3665.75,13337
2022-10-03 12:21:24,33,-9,3665.25,13328
2022-10-03 12:21:25,3,1,3665.25,13329
2022-10-03 12:21:26,92,3,3665.25,13332
2022-10-03 12:21:27,26,20,3665.25,13352
2022-10-03 12:21:28,27,-4,3665.25,13348
2022-10-03 12:21:29,4,0,3665.25,13348
2022-10-03 12:21:30,37,-10,3665.0,13338
2022-10-03 12:21:31,10,3,3665.0,13341
2022-10-03 12:21:32,17,-2,3665.25,13339
2022-10-03 12:21:33,10,3,3665.25,13342
2022-10-03 12:21:34,62,9,3665.25,13351
2022-10-03 12:21:35,23,8,3665.5,13359
2022-10-03 12:21:36,27,8,3665.75,13367
2022-10-03 12:21:37,28,-5,3665.5,13362
2022-10-03 12:21:39,32,-19,3665.25,13343
2022-10-03 12:21:40,12,11,3665.25,13354
2022-10-03 12:21:41,16,-8,3665.0,13346
2022-10-03 12:21:42,48,8,3665.0,13354
2022-10-03 12:21:43,7,5,3665.0,13359
2022-10-03 12:21:44,17,6,3665.0,13365
2022-10-03 12:21:45,12,-3,3665.0,13362
2022-10-03 12:21:46,1,-1,3664.75,13361
2022-10-03 12:21:47,53,28,3665.25,13389
2022-10-03 12:21:48,85,40,3665.25,13429
2022-10-03 12:21:49,18,6,3665.5,13435
2022-10-03 12:21:50,62,10,3665.75,13445
2022-10-03 12:21:51,19,1,3665.75,13446
2022-10-03 12:21:52,9,8,3666.0,13454
2022-10-03 12:21:53,34,-14,3666.0,13440
2022-10-03 12:21:54,9,-6,3665.75,13434
2022-10-03 12:21:55,27,-17,3665.5,13417
2022-10-03 12:21:56,3,3,3665.5,13420
2022-10-03 12:21:58,101,-2,3665.25,13418
2022-10-03 12:21:59,10,5,3665.0,13423
2022-10-03 12:22:00,28,3,3665.0,13426
2022-10-03 12:22:01,30,0,3665.0,13426
2022-10-03 12:22:02,27,8,3665.0,13434
2022-10-03 12:22:03,29,-5,3665.0,13429
2022-10-03 12:22:04,71,7,3665.0,13436
2022-10-03 12:22:05,3,-1,3665.0,13435
2022-10-03 12:22:06,61,-28,3665.0,13407
2022-10-03 12:22:07,21,-14,3664.75,13393
2022-10-03 12:22:08,66,-26,3664.75,13367
2022-10-03 12:22:09,38,-9,3664.75,13358
2022-10-03 12:22:10,63,-18,3664.5,13340
2022-10-03 12:22:11,1,-1,3664.25,13339
2022-10-03 12:22:12,32,13,3664.5,13352
2022-10-03 12:22:14,36,-2,3664.5,13350
2022-10-03 12:22:15,2,2,3664.75,13352
2022-10-03 12:22:16,45,13,3664.5,13365
2022-10-03 12:22:17,62,-18,3664.75,13347
2022-10-03 12:22:18,5,-2,3664.5,13345
2022-10-03 12:22:19,64,16,3664.5,13361
2022-10-03 12:22:20,25,1,3664.5,13362
2022-10-03 12:22:21,4,-1,3664.75,13361
2022-10-03 12:22:22,83,-39,3664.5,13322
2022-10-03 12:22:23,15,-4,3664.25,13318
2022-10-03 12:22:24,43,16,3664.5,13334
2022-10-03 12:22:25,59,-43,3664.25,13291
2022-10-03 12:22:26,14,9,3664.25,13300
2022-10-03 12:22:27,22,7,3664.25,13307
2022-10-03 12:22:28,29,0,3664.25,13307
2022-10-03 12:22:29,16,-3,3664.5,13304
2022-10-03 12:22:30,23,6,3664.5,13310
2022-10-03 12:22:31,19,-8,3664.25,13302
2022-10-03 12:22:32,5,-1,3664.25,13301
2022-10-03 12:22:33,1,1,3664.25,13302
2022-10-03 12:22:34,44,18,3664.25,13320
2022-10-03 12:22:35,38,15,3664.75,13335
2022-10-03 12:22:36,42,-1,3664.75,13334
2022-10-03 12:22:37,90,-9,3665.0,13325
2022-10-03 12:22:38,10,4,3665.0,13329
2022-10-03 12:22:39,57,-4,3665.0,13325
2022-10-03 12:22:40,37,1,3665.0,13326
2022-10-03 12:22:41,30,-3,3665.0,13323
2022-10-03 12:22:42,8,-3,3665.0,13320
2022-10-03 12:22:43,60,6,3665.25,13326
2022-10-03 12:22:44,38,-17,3665.0,13309
2022-10-03 12:22:45,23,1,3664.75,13310
2022-10-03 12:22:46,16,-3,3664.75,13307
2022-10-03 12:22:47,29,-7,3664.75,13300
2022-10-03 12:22:48,42,-18,3664.5,13282
2022-10-03 12:22:49,31,1,3664.75,13283
2022-10-03 12:22:50,1,-1,3664.25,13282
2022-10-03 12:22:52,62,-29,3664.25,13253
2022-10-03 12:22:53,41,17,3664.0,13270
2022-10-03 12:22:54,33,-2,3664.25,13268
2022-10-03 12:22:55,4,-3,3664.25,13265
2022-10-03 12:22:56,1,-1,3664.25,13264
2022-10-03 12:22:57,60,14,3664.75,13278
2022-10-03 12:22:58,24,-6,3664.75,13272
2022-10-03 12:22:59,38,13,3664.5,13285
2022-10-03 12:23:00,51,-21,3664.75,13264
2022-10-03 12:23:01,31,-3,3664.5,13261
2022-10-03 12:23:02,30,3,3664.5,13264
2022-10-03 12:23:03,62,20,3664.75,13284
2022-10-03 12:23:04,11,-1,3664.75,13283
2022-10-03 12:23:05,22,13,3665.0,13296
2022-10-03 12:23:06,8,-2,3664.75,13294
2022-10-03 12:23:07,70,-17,3664.5,13277
2022-10-03 12:23:09,116,15,3665.0,13292
2022-10-03 12:23:10,29,7,3665.25,13299
2022-10-03 12:23:11,61,-3,3665.25,13296
2022-10-03 12:23:12,72,16,3665.25,13312
2022-10-03 12:23:13,3,3,3665.25,13315
2022-10-03 12:23:14,1,1,3665.25,13316
2022-10-03 12:23:15,24,-6,3665.0,13310
2022-10-03 12:23:16,36,0,3665.0,13310
2022-10-03 12:23:17,18,-7,3664.75,13303
2022-10-03 12:23:18,34,8,3665.0,13311
2022-10-03 12:23:19,1,1,3665.25,13312
2022-10-03 12:23:20,1,1,3665.25,13313
2022-10-03 12:23:21,27,-5,3665.25,13308
2022-10-03 12:23:22,2,1,3665.25,13309
2022-10-03 12:23:23,40,-4,3665.25,13305
2022-10-03 12:23:24,14,9,3665.25,13314
2022-10-03 12:23:25,12,-4,3665.0,13310
2022-10-03 12:23:26,82,-24,3664.75,13286
2022-10-03 12:23:27,25,1,3664.75,13287
2022-10-03 12:23:28,51,9,3665.0,13296
2022-10-03 12:23:29,5,2,3665.0,13298
2022-10-03 12:23:30,37,-4,3665.25,13294
2022-10-03 12:23:31,2,0,3665.25,13294
2022-10-03 12:23:32,34,-5,3665.25,13289
2022-10-03 12:23:33,20,6,3665.5,13295
2022-10-03 12:23:34,44,-9,3665.25,13286
2022-10-03 12:23:35,1,1,3665.0,13287
2022-10-03 12:23:36,33,0,3665.0,13287
2022-10-03 12:23:37,50,2,3665.25,13289
2022-10-03 12:23:39,44,5,3665.0,13294
2022-10-03 12:23:40,27,-1,3665.0,13293
2022-10-03 12:23:42,129,-19,3664.75,13274
2022-10-03 12:23:43,5,5,3665.0,13279
2022-10-03 12:23:44,8,-6,3665.0,13273
2022-10-03 12:23:45,75,-8,3664.5,13265
2022-10-03 12:23:46,8,-1,3664.5,13264
2022-10-03 12:23:48,41,2,3664.75,13266
2022-10-03 12:23:49,13,7,3664.75,13273
2022-10-03 12:23:50,38,3,3664.5,13276
2022-10-03 12:23:51,83,30,3665.0,13306
2022-10-03 12:23:52,18,4,3665.25,13310
2022-10-03 12:23:53,42,-19,3665.5,13291
2022-10-03 12:23:54,6,5,3665.25,13296
2022-10-03 12:23:55,34,-9,3665.25,13287
2022-10-03 12:23:56,22,5,3665.25,13292
2022-10-03 12:23:57,2,0,3665.0,13292
2022-10-03 12:23:58,21,-2,3665.25,13290
2022-10-03 12:23:59,62,14,3665.0,13304
2022-10-03 12:24:00,3,1,3665.0,13305
2022-10-03 12:24:01,29,0,3665.25,13305
2022-10-03 12:24:02,32,2,3665.5,13307
2022-10-03 12:24:03,32,24,3665.5,13331
2022-10-03 12:24:04,246,88,3666.5,13419
2022-10-03 12:24:05,6,2,3666.25,13421
2022-10-03 12:24:06,16,11,3666.25,13432
2022-10-03 12:24:07,13,-8,3666.25,13424
2022-10-03 12:24:08,5,1,3666.25,13425
2022-10-03 12:24:09,44,10,3666.25,13435
2022-10-03 12:24:10,58,-22,3666.0,13413
2022-10-03 12:24:11,62,40,3666.75,13453
2022-10-03 12:24:12,281,-38,3667.75,13415
2022-10-03 12:24:13,116,12,3667.75,13427
2022-10-03 12:24:14,623,266,3669.0,13693
2022-10-03 12:24:15,375,45,3669.25,13738
2022-10-03 12:24:16,110,-3,3669.0,13735
2022-10-03 12:24:17,57,28,3669.0,13763
2022-10-03 12:24:18,67,2,3669.0,13765
2022-10-03 12:24:19,69,42,3669.0,13807
2022-10-03 12:24:20,55,3,3669.0,13810
2022-10-03 12:24:21,38,-12,3669.0,13798
2022-10-03 12:24:22,106,55,3669.0,13853
2022-10-03 12:24:23,205,44,3669.75,13897
2022-10-03 12:24:24,346,62,3670.25,13959
2022-10-03 12:24:25,136,-39,3670.25,13920
2022-10-03 12:24:26,99,42,3670.0,13962
2022-10-03 12:24:27,46,2,3669.5,13964
2022-10-03 12:24:28,23,2,3669.5,13966
2022-10-03 12:24:29,267,61,3670.0,14027
2022-10-03 12:24:30,65,11,3670.0,14038
2022-10-03 12:24:31,30,-15,3670.0,14023
2022-10-03 12:24:32,194,-51,3669.75,13972
2022-10-03 12:24:33,110,-56,3669.75,13916
2022-10-03 12:24:34,38,8,3669.5,13924
2022-10-03 12:24:35,165,4,3669.75,13928
2022-10-03 12:24:36,296,133,3670.0,14061
2022-10-03 12:24:37,24,14,3670.0,14075
2022-10-03 12:24:38,85,-37,3670.0,14038
2022-10-03 12:24:39,66,15,3670.0,14053
2022-10-03 12:24:40,183,29,3670.25,14082
2022-10-03 12:24:41,14,1,3670.25,14083
2022-10-03 12:24:42,34,10,3670.5,14093
2022-10-03 12:24:43,59,-21,3670.5,14072
2022-10-03 12:24:44,20,-11,3670.25,14061
2022-10-03 12:24:45,55,-15,3670.25,14046
2022-10-03 12:24:46,57,-25,3670.25,14021
2022-10-03 12:24:47,109,-1,3670.0,14020
2022-10-03 12:24:48,74,-36,3670.0,13984
2022-10-03 12:24:49,66,10,3670.0,13994
2022-10-03 12:24:50,99,14,3670.0,14008
2022-10-03 12:24:51,114,1,3670.25,14009
2022-10-03 12:24:52,153,-40,3670.0,13969
2022-10-03 12:24:53,143,22,3669.75,13991
2022-10-03 12:24:54,18,2,3670.0,13993
2022-10-03 12:24:55,39,-11,3670.25,13982
2022-10-03 12:24:56,28,-1,3670.25,13981
2022-10-03 12:24:57,22,-13,3670.25,13968
2022-10-03 12:24:58,31,-7,3670.25,13961
2022-10-03 12:24:59,83,-12,3670.5,13949
2022-10-03 12:25:00,145,-23,3670.0,13926
2022-10-03 12:25:01,57,19,3669.75,13945
2022-10-03 12:25:02,39,14,3670.25,13959
2022-10-03 12:25:03,17,12,3670.25,13971
2022-10-03 12:25:04,36,-6,3670.25,13965
2022-10-03 12:25:05,48,-9,3670.0,13956
2022-10-03 12:25:06,28,-4,3670.25,13952
2022-10-03 12:25:07,4,0,3670.25,13952
2022-10-03 12:25:08,198,14,3670.25,13966
2022-10-03 12:25:09,171,102,3670.25,14068
2022-10-03 12:25:10,10,7,3670.25,14075
2022-10-03 12:25:11,64,-7,3670.25,14068
2022-10-03 12:25:12,53,-16,3670.25,14052
2022-10-03 12:25:13,10,-4,3670.25,14048
2022-10-03 12:25:14,4,-4,3670.0,14044
2022-10-03 12:25:15,29,-13,3670.25,14031
2022-10-03 12:25:16,92,-29,3670.0,14002
2022-10-03 12:25:17,54,13,3670.0,14015
2022-10-03 12:25:18,226,35,3670.5,14050
2022-10-03 12:25:19,18,-4,3670.25,14046
2022-10-03 12:25:20,2,2,3670.25,14048
2022-10-03 12:25:21,2,2,3670.25,14050
2022-10-03 12:25:22,8,0,3670.25,14050
2022-10-03 12:25:23,21,-10,3670.5,14040
2022-10-03 12:25:24,56,-1,3670.25,14039
2022-10-03 12:25:25,1,-1,3670.0,14038
2022-10-03 12:25:26,32,-3,3670.0,14035
2022-10-03 12:25:27,55,-26,3670.0,14009
2022-10-03 12:25:28,124,11,3670.5,14020
2022-10-03 12:25:29,75,26,3670.75,14046
2022-10-03 12:25:30,52,-26,3670.75,14020
2022-10-03 12:25:31,56,-6,3670.25,14014
2022-10-03 12:25:32,52,-26,3670.25,13988
2022-10-03 12:25:33,18,10,3670.0,13998
2022-10-03 12:25:34,86,-32,3670.0,13966
2022-10-03 12:25:35,56,-8,3670.0,13958
2022-10-03 12:25:36,7,-3,3669.5,13955
2022-10-03 12:25:37,183,-46,3669.75,13909
2022-10-03 12:25:38,5,-1,3669.75,13908
2022-10-03 12:25:39,3,-2,3669.5,13906
2022-10-03 12:25:40,93,21,3670.0,13927
2022-10-03 12:25:41,13,-3,3670.25,13924
2022-10-03 12:25:42,4,0,3670.25,13924
2022-10-03 12:25:43,14,-2,3670.25,13922
2022-10-03 12:25:44,47,23,3670.5,13945
2022-10-03 12:25:45,69,17,3670.75,13962
2022-10-03 12:25:46,17,11,3671.0,13973
2022-10-03 12:25:47,6,5,3671.0,13978
2022-10-03 12:25:48,28,18,3671.25,13996
2022-10-03 12:25:49,49,1,3671.25,13997
2022-10-03 12:25:50,111,-30,3671.0,13967
2022-10-03 12:25:51,7,1,3670.75,13968
2022-10-03 12:25:52,86,9,3671.25,13977
2022-10-03 12:25:53,53,27,3671.25,14004
2022-10-03 12:25:54,18,5,3671.25,14009
2022-10-03 12:25:55,86,-8,3671.25,14001
2022-10-03 12:25:56,23,-17,3671.25,13984
2022-10-03 12:25:57,22,2,3671.25,13986
2022-10-03 12:25:58,23,10,3671.5,13996
2022-10-03 12:25:59,50,15,3671.5,14011
2022-10-03 12:26:00,7,1,3671.5,14012
2022-10-03 12:26:01,6,5,3671.5,14017
2022-10-03 12:26:02,73,36,3671.75,14053
2022-10-03 12:26:03,31,-18,3671.75,14035
2022-10-03 12:26:04,32,3,3671.5,14038
2022-10-03 12:26:05,4,3,3671.5,14041
2022-10-03 12:26:06,44,-21,3671.25,14020
2022-10-03 12:26:07,106,0,3671.25,14020
2022-10-03 12:26:08,50,16,3671.5,14036
2022-10-03 12:26:09,85,32,3672.0,14068
2022-10-03 12:26:10,47,6,3672.0,14074
2022-10-03 12:26:11,42,-9,3672.25,14065
2022-10-03 12:26:12,8,2,3672.25,14067
2022-10-03 12:26:13,87,6,3672.25,14073
2022-10-03 12:26:14,73,-5,3672.0,14068
2022-10-03 12:26:15,77,15,3672.0,14083
2022-10-03 12:26:16,42,-11,3672.25,14072
2022-10-03 12:26:17,6,4,3672.25,14076
2022-10-03 12:26:18,54,14,3672.5,14090
2022-10-03 12:26:19,89,-11,3672.25,14079
2022-10-03 12:26:20,45,7,3672.25,14086
2022-10-03 12:26:21,62,-4,3672.0,14082
2022-10-03 12:26:22,7,-2,3671.75,14080
2022-10-03 12:26:23,13,10,3671.75,14090
2022-10-03 12:26:24,31,11,3671.75,14101
2022-10-03 12:26:25,39,-14,3672.0,14087
2022-10-03 12:26:26,60,-3,3671.5,14084
2022-10-03 12:26:27,20,-8,3671.25,14076
2022-10-03 12:26:28,64,-13,3671.0,14063
2022-10-03 12:26:29,70,-18,3671.0,14045
2022-10-03 12:26:30,147,-57,3671.0,13988
2022-10-03 12:26:31,340,-163,3670.25,13825
2022-10-03 12:26:32,150,24,3669.5,13849
2022-10-03 12:26:33,49,-18,3669.25,13831
2022-10-03 12:26:34,30,0,3669.0,13831
2022-10-03 12:26:35,63,-1,3669.0,13830
2022-10-03 12:26:36,59,11,3669.25,13841
2022-10-03 12:26:37,4,0,3669.5,13841
2022-10-03 12:26:38,24,-7,3669.25,13834
2022-10-03 12:26:39,32,-13,3669.0,13821
2022-10-03 12:26:40,100,-36,3668.75,13785
2022-10-03 12:26:41,9,-2,3668.75,13783
2022-10-03 12:26:42,27,-9,3668.5,13774
2022-10-03 12:26:43,22,14,3668.75,13788
2022-10-03 12:26:44,104,8,3668.75,13796
2022-10-03 12:26:45,57,15,3669.0,13811
2022-10-03 12:26:46,13,-1,3669.0,13810
2022-10-03 12:26:47,13,8,3669.0,13818
2022-10-03 12:26:48,49,-12,3668.75,13806
2022-10-03 12:26:49,32,9,3669.25,13815
2022-10-03 12:26:50,24,2,3669.0,13817
2022-10-03 12:26:51,70,13,3669.25,13830
2022-10-03 12:26:52,29,-7,3669.25,13823
2022-10-03 12:26:53,41,-14,3669.25,13809
2022-10-03 12:26:54,1,1,3669.0,13810
2022-10-03 12:26:55,48,-10,3668.75,13800
2022-10-03 12:26:56,44,-6,3668.75,13794
2022-10-03 12:26:57,84,-15,3668.5,13779
2022-10-03 12:26:58,99,-28,3668.25,13751
2022-10-03 12:26:59,97,9,3668.25,13760
2022-10-03 12:27:00,83,16,3668.25,13776
2022-10-03 12:27:01,41,-11,3668.25,13765
2022-10-03 12:27:02,70,-19,3667.75,13746
2022-10-03 12:27:03,72,-4,3667.5,13742
2022-10-03 12:27:04,72,-24,3667.5,13718
2022-10-03 12:27:05,69,-8,3667.0,13710
2022-10-03 12:27:06,55,-19,3666.75,13691
2022-10-03 12:27:07,31,1,3666.5,13692
2022-10-03 12:27:08,116,-7,3666.5,13685
2022-10-03 12:27:09,113,-12,3666.5,13673
2022-10-03 12:27:10,133,-11,3666.25,13662
2022-10-03 12:27:11,41,-14,3665.5,13648
2022-10-03 12:27:12,28,-10,3665.5,13638
2022-10-03 12:27:13,387,-270,3665.5,13368
2022-10-03 12:27:14,91,4,3665.25,13372
2022-10-03 12:27:15,87,-54,3665.5,13318
2022-10-03 12:27:16,38,4,3665.0,13322
2022-10-03 12:27:17,126,12,3665.0,13334
2022-10-03 12:27:18,45,5,3665.0,13339
2022-10-03 12:27:19,96,18,3665.0,13357
2022-10-03 12:27:20,19,6,3665.0,13363
2022-10-03 12:27:21,77,-32,3664.75,13331
2022-10-03 12:27:22,89,12,3664.5,13343
2022-10-03 12:27:23,16,-2,3664.5,13341
2022-10-03 12:27:24,6,-2,3664.5,13339
2022-10-03 12:27:25,98,33,3665.0,13372
2022-10-03 12:27:26,29,4,3665.0,13376
2022-10-03 12:27:27,96,-13,3665.0,13363
2022-10-03 12:27:28,64,15,3665.0,13378
2022-10-03 12:27:29,52,11,3665.25,13389
2022-10-03 12:27:30,51,6,3665.5,13395
2022-10-03 12:27:31,14,1,3665.25,13396
2022-10-03 12:27:32,69,-17,3665.25,13379
2022-10-03 12:27:33,38,-4,3664.75,13375
2022-10-03 12:27:34,4,-2,3664.75,13373
2022-10-03 12:27:35,40,-5,3664.75,13368
2022-10-03 12:27:36,42,-16,3664.75,13352
2022-10-03 12:27:37,42,-15,3664.5,13337
2022-10-03 12:27:38,101,-26,3664.25,13311
2022-10-03 12:27:39,74,-2,3664.0,13309
2022-10-03 12:27:40,192,-88,3663.75,13221
2022-10-03 12:27:41,54,5,3663.25,13226
2022-10-03 12:27:42,87,8,3663.25,13234
2022-10-03 12:27:43,66,-4,3663.25,13230
2022-10-03 12:27:44,8,-5,3663.5,13225
2022-10-03 12:27:45,12,-6,3663.5,13219
2022-10-03 12:27:46,71,8,3663.5,13227
2022-10-03 12:27:47,81,35,3663.5,13262
2022-10-03 12:27:48,10,-7,3663.5,13255
2022-10-03 12:27:49,31,-6,3663.75,13249
2022-10-03 12:27:50,48,10,3663.75,13259
2022-10-03 12:27:51,80,7,3664.0,13266
2022-10-03 12:27:52,56,-2,3663.5,13264
2022-10-03 12:27:53,40,-13,3663.5,13251
2022-10-03 12:27:54,112,-15,3663.0,13236
2022-10-03 12:27:55,41,-6,3663.0,13230
2022-10-03 12:27:56,89,-28,3663.0,13202
2022-10-03 12:27:57,100,-30,3662.5,13172
2022-10-03 12:27:58,71,-17,3662.5,13155
2022-10-03 12:27:59,43,-3,3662.5,13152
2022-10-03 12:28:00,129,62,3662.5,13214
2022-10-03 12:28:01,93,-4,3662.5,13210
2022-10-03 12:28:02,31,-7,3662.5,13203
2022-10-03 12:28:03,45,15,3662.75,13218
2022-10-03 12:28:04,73,29,3663.25,13247
2022-10-03 12:28:05,35,11,3663.25,13258
2022-10-03 12:28:06,68,-3,3663.0,13255
2022-10-03 12:28:07,38,-21,3662.75,13234
2022-10-03 12:28:08,16,-6,3662.5,13228
2022-10-03 12:28:09,46,-17,3662.5,13211
2022-10-03 12:28:10,31,-8,3662.75,13203
2022-10-03 12:28:11,26,6,3662.75,13209
2022-10-03 12:28:12,50,-9,3662.75,13200
2022-10-03 12:28:13,26,-12,3662.75,13188
2022-10-03 12:28:15,2,-2,3662.25,13186
2022-10-03 12:28:16,55,25,3663.0,13211
2022-10-03 12:28:17,49,7,3663.0,13218
2022-10-03 12:28:18,32,2,3663.0,13220
2022-10-03 12:28:19,14,-4,3663.25,13216
2022-10-03 12:28:20,64,4,3663.5,13220
2022-10-03 12:28:21,33,11,3663.5,13231
2022-10-03 12:28:22,49,0,3663.75,13231
2022-10-03 12:28:23,7,4,3663.75,13235
2022-10-03 12:28:24,21,-11,3663.75,13224
2022-10-03 12:28:25,2,-2,3663.75,13222
2022-10-03 12:28:26,130,34,3664.5,13256
2022-10-03 12:28:27,169,-34,3664.5,13222
2022-10-03 12:28:28,25,-2,3664.25,13220
2022-10-03 12:28:29,55,-4,3664.25,13216
2022-10-03 12:28:30,20,5,3664.25,13221
2022-10-03 12:28:31,5,2,3664.25,13223
2022-10-03 12:28:32,125,5,3664.25,13228
2022-10-03 12:28:33,34,-8,3664.25,13220
2022-10-03 12:28:34,25,2,3664.5,13222
2022-10-03 12:28:35,47,-2,3664.5,13220
2022-10-03 12:28:36,205,-100,3664.5,13120
2022-10-03 12:28:37,61,1,3663.75,13121
2022-10-03 12:28:38,12,-12,3663.25,13109
2022-10-03 12:28:39,9,5,3663.25,13114
2022-10-03 12:28:40,1,-1,3663.0,13113
2022-10-03 12:28:41,84,-5,3663.0,13108
2022-10-03 12:28:42,8,1,3662.75,13109
2022-10-03 12:28:43,45,-2,3663.0,13107
2022-10-03 12:28:44,21,14,3663.25,13121
2022-10-03 12:28:45,38,-9,3663.25,13112
2022-10-03 12:28:46,21,10,3663.0,13122
2022-10-03 12:28:47,38,4,3663.25,13126
2022-10-03 12:28:48,146,-33,3662.75,13093
2022-10-03 12:28:49,1,-1,3662.5,13092
2022-10-03 12:28:50,2,2,3662.75,13094
2022-10-03 12:28:51,41,26,3663.0,13120
2022-10-03 12:28:52,46,-25,3662.75,13095
2022-10-03 12:28:53,4,2,3662.75,13097
2022-10-03 12:28:54,36,-1,3662.75,13096
2022-10-03 12:28:55,59,9,3663.0,13105
2022-10-03 12:28:56,20,-10,3663.0,13095
2022-10-03 12:28:57,36,-3,3662.75,13092
2022-10-03 12:28:58,29,-4,3662.75,13088
2022-10-03 12:28:59,33,-16,3663.0,13072
2022-10-03 12:29:00,68,-15,3662.75,13057
2022-10-03 12:29:01,37,-4,3662.75,13053
2022-10-03 12:29:02,18,0,3662.75,13053
2022-10-03 12:29:03,16,-4,3662.75,13049
2022-10-03 12:29:04,70,26,3663.0,13075
2022-10-03 12:29:05,44,5,3663.25,13080
2022-10-03 12:29:06,16,-2,3663.25,13078
2022-10-03 12:29:07,12,-6,3663.25,13072
2022-10-03 12:29:08,21,10,3663.5,13082
2022-10-03 12:29:09,19,-1,3663.25,13081
2022-10-03 12:29:10,59,10,3663.75,13091
2022-10-03 12:29:11,35,-8,3663.75,13083
2022-10-03 12:29:12,78,20,3664.0,13103
2022-10-03 12:29:13,11,7,3664.0,13110
2022-10-03 12:29:14,65,-14,3663.75,13096
2022-10-03 12:29:15,5,-4,3663.5,13092
2022-10-03 12:29:16,31,17,3663.75,13109
2022-10-03 12:29:17,19,4,3664.0,13113
2022-10-03 12:29:18,1,1,3664.0,13114
2022-10-03 12:29:19,77,23,3664.0,13137
2022-10-03 12:29:20,18,0,3663.75,13137
2022-10-03 12:29:21,27,-14,3663.75,13123
2022-10-03 12:29:22,75,22,3664.0,13145
2022-10-03 12:29:23,28,-1,3664.25,13144
2022-10-03 12:29:24,31,-18,3664.0,13126
2022-10-03 12:29:25,2,-2,3663.75,13124
2022-10-03 12:29:26,14,0,3664.0,13124
2022-10-03 12:29:27,29,5,3663.75,13129
2022-10-03 12:29:28,20,3,3663.5,13132
2022-10-03 12:29:29,5,3,3663.5,13135
2022-10-03 12:29:30,13,9,3663.75,13144
2022-10-03 12:29:31,35,-6,3663.75,13138
2022-10-03 12:29:32,11,0,3663.75,13138
2022-10-03 12:29:33,20,-3,3663.5,13135
2022-10-03 12:29:34,15,0,3663.5,13135
2022-10-03 12:29:35,18,3,3663.25,13138
2022-10-03 12:29:36,3,-3,3663.0,13135
2022-10-03 12:29:37,92,-24,3663.25,13111
2022-10-03 12:29:38,50,-1,3662.75,13110
2022-10-03 12:29:39,19,-3,3663.0,13107
2022-10-03 12:29:40,14,-1,3663.0,13106
2022-10-03 12:29:41,18,11,3663.0,13117
2022-10-03 12:29:42,120,60,3663.25,13177
2022-10-03 12:29:43,14,-4,3663.25,13173
2022-10-03 12:29:44,49,-21,3663.0,13152
2022-10-03 12:29:45,1,-1,3663.0,13151
2022-10-03 12:29:46,68,23,3663.25,13174
2022-10-03 12:29:47,27,16,3663.5,13190
2022-10-03 12:29:48,1,-1,3663.25,13189
2022-10-03 12:29:50,122,-32,3663.5,13157
2022-10-03 12:29:51,3,-2,3663.25,13155
2022-10-03 12:29:52,7,-3,3663.5,13152
2022-10-03 12:29:53,41,5,3663.25,13157
2022-10-03 12:29:54,9,-1,3663.5,13156
2022-10-03 12:29:55,41,12,3663.5,13168
2022-10-03 12:29:56,17,-3,3663.25,13165
2022-10-03 12:29:57,34,-14,3663.0,13151
2022-10-03 12:29:58,119,-21,3663.0,13130
2022-10-03 12:29:59,90,-19,3662.75,13111
2022-10-03 12:30:00,110,-18,3662.75,13093
2022-10-03 12:30:01,28,-4,3662.5,13089
2022-10-03 12:30:02,12,-9,3662.5,13080
2022-10-03 12:30:03,77,15,3663.0,13095
2022-10-03 12:30:04,8,3,3663.0,13098
2022-10-03 12:30:05,37,-4,3663.0,13094
2022-10-03 12:30:06,10,7,3662.75,13101
2022-10-03 12:30:07,11,7,3662.75,13108
2022-10-03 12:30:08,47,-8,3662.75,13100
2022-10-03 12:30:09,25,2,3662.75,13102
2022-10-03 12:30:10,119,-61,3663.0,13041
2022-10-03 12:30:11,18,-8,3662.75,13033
2022-10-03 12:30:12,11,9,3662.75,13042
2022-10-03 12:30:13,33,-1,3663.0,13041
2022-10-03 12:30:14,55,-24,3662.75,13017
2022-10-03 12:30:15,93,-25,3662.5,12992
2022-10-03 12:30:16,29,-15,3662.25,12977
2022-10-03 12:30:17,54,0,3662.25,12977
2022-10-03 12:30:18,111,-69,3662.25,12908
2022-10-03 12:30:19,73,7,3662.25,12915
2022-10-03 12:30:20,44,3,3662.5,12918
2022-10-03 12:30:21,47,-16,3662.0,12902
2022-10-03 12:30:22,54,-8,3661.5,12894
2022-10-03 12:30:23,78,18,3662.0,12912
2022-10-03 12:30:24,59,10,3662.25,12922
2022-10-03 12:30:25,39,-18,3662.0,12904
2022-10-03 12:30:26,1,1,3661.75,12905
2022-10-03 12:30:27,58,-22,3661.75,12883
2022-10-03 12:30:28,33,-8,3661.5,12875
2022-10-03 12:30:29,297,-82,3661.25,12793
2022-10-03 12:30:30,29,2,3660.75,12795
2022-10-03 12:30:31,47,-15,3660.75,12780
2022-10-03 12:30:32,70,-46,3660.75,12734
2022-10-03 12:30:33,81,8,3660.75,12742
2022-10-03 12:30:34,55,7,3660.75,12749
2022-10-03 12:30:35,76,-40,3660.75,12709
2022-10-03 12:30:36,27,0,3660.5,12709
2022-10-03 12:30:37,11,-5,3660.75,12704
2022-10-03 12:30:38,62,25,3661.25,12729
2022-10-03 12:30:39,34,-2,3661.0,12727
2022-10-03 12:30:40,47,0,3661.25,12727
2022-10-03 12:30:41,40,12,3661.25,12739
2022-10-03 12:30:42,58,-10,3661.25,12729
2022-10-03 12:30:43,16,1,3661.0,12730
2022-10-03 12:30:44,33,-10,3660.75,12720
2022-10-03 12:30:45,63,7,3661.0,12727
2022-10-03 12:30:46,31,9,3660.75,12736
2022-10-03 12:30:47,33,2,3661.0,12738
2022-10-03 12:30:48,45,-6,3661.0,12732
2022-10-03 12:30:49,60,5,3661.0,12737
2022-10-03 12:30:50,47,-18,3661.25,12719
2022-10-03 12:30:51,102,-37,3660.75,12682
2022-10-03 12:30:52,25,14,3660.75,12696
2022-10-03 12:30:53,5,-5,3660.5,12691
2022-10-03 12:30:54,69,22,3661.0,12713
2022-10-03 12:30:55,29,-4,3661.25,12709
2022-10-03 12:30:56,22,-12,3661.0,12697
2022-10-03 12:30:57,41,-6,3661.0,12691
2022-10-03 12:30:58,22,14,3660.75,12705
2022-10-03 12:30:59,33,6,3661.0,12711
2022-10-03 12:31:00,40,-4,3661.0,12707
2022-10-03 12:31:01,80,-19,3660.75,12688
2022-10-03 12:31:02,44,9,3660.75,12697
2022-10-03 12:31:03,450,-111,3660.5,12586
2022-10-03 12:31:04,64,-26,3660.0,12560
2022-10-03 12:31:05,75,-2,3660.0,12558
2022-10-03 12:31:06,56,18,3660.25,12576
2022-10-03 12:31:07,132,-3,3660.25,12573
2022-10-03 12:31:08,74,-5,3660.75,12568
2022-10-03 12:31:09,11,-6,3660.5,12562
2022-10-03 12:31:10,104,-2,3660.25,12560
2022-10-03 12:31:11,57,1,3660.5,12561
2022-10-03 12:31:12,34,15,3660.5,12576
2022-10-03 12:31:13,65,10,3660.75,12586
2022-10-03 12:31:14,10,3,3660.75,12589
2022-10-03 12:31:15,9,4,3661.0,12593
2022-10-03 12:31:16,175,34,3661.0,12627
2022-10-03 12:31:17,32,14,3661.0,12641
2022-10-03 12:31:18,77,37,3661.5,12678
2022-10-03 12:31:19,57,-56,3661.5,12622
2022-10-03 12:31:20,75,-28,3661.0,12594
2022-10-03 12:31:21,1,1,3660.5,12595
2022-10-03 12:31:22,25,19,3660.75,12614
2022-10-03 12:31:23,34,-19,3660.5,12595
2022-10-03 12:31:24,38,16,3660.5,12611
2022-10-03 12:31:25,5,-2,3660.5,12609
2022-10-03 12:31:26,5,-3,3660.5,12606
2022-10-03 12:31:27,10,-7,3660.5,12599
2022-10-03 12:31:28,61,-10,3660.5,12589
2022-10-03 12:31:29,20,3,3660.5,12592
2022-10-03 12:31:30,49,-21,3660.25,12571
2022-10-03 12:31:31,2,2,3660.5,12573
2022-10-03 12:31:32,75,3,3660.5,12576
2022-10-03 12:31:33,5,-5,3660.25,12571
2022-10-03 12:31:34,37,6,3660.5,12577
2022-10-03 12:31:35,25,-4,3660.5,12573
2022-10-03 12:31:36,5,-1,3660.5,12572
2022-10-03 12:31:37,52,-8,3660.5,12564
2022-10-03 12:31:38,19,-3,3660.5,12561
2022-10-03 12:31:39,3,3,3660.5,12564
2022-10-03 12:31:40,1,-1,3660.25,12563
2022-10-03 12:31:41,40,5,3660.75,12568
2022-10-03 12:31:42,9,-3,3660.5,12565
2022-10-03 12:31:43,20,-3,3660.25,12562
2022-10-03 12:31:44,11,5,3660.5,12567
2022-10-03 12:31:45,26,-11,3660.5,12556
2022-10-03 12:31:46,17,3,3660.25,12559
2022-10-03 12:31:47,2,-2,3660.0,12557
2022-10-03 12:31:48,23,-5,3660.25,12552
2022-10-03 12:31:50,79,-6,3660.25,12546
2022-10-03 12:31:51,60,17,3660.25,12563
2022-10-03 12:31:52,13,5,3660.25,12568
2022-10-03 12:31:53,3,-1,3660.25,12567
2022-10-03 12:31:54,20,-8,3660.25,12559
2022-10-03 12:31:55,24,-2,3660.25,12557
2022-10-03 12:31:56,17,2,3660.25,12559
2022-10-03 12:31:57,10,-1,3660.25,12558
2022-10-03 12:31:58,55,-8,3660.25,12550
2022-10-03 12:31:59,9,-8,3660.0,12542
2022-10-03 12:32:00,36,4,3660.5,12546
2022-10-03 12:32:01,85,-12,3660.5,12534
2022-10-03 12:32:02,15,6,3660.25,12540
2022-10-03 12:32:03,12,8,3660.5,12548
2022-10-03 12:32:04,36,-2,3660.5,12546
2022-10-03 12:32:05,14,-9,3660.25,12537
2022-10-03 12:32:06,21,19,3660.75,12556
2022-10-03 12:32:07,87,10,3661.5,12566
2022-10-03 12:32:08,32,11,3661.25,12577
2022-10-03 12:32:09,83,27,3661.5,12604
2022-10-03 12:32:10,30,1,3661.5,12605
2022-10-03 12:32:11,11,-5,3661.5,12600
2022-10-03 12:32:12,20,-2,3661.5,12598
2022-10-03 12:32:13,115,49,3662.0,12647
2022-10-03 12:32:14,171,38,3662.5,12685
2022-10-03 12:32:15,30,0,3662.0,12685
2022-10-03 12:32:16,23,-9,3662.0,12676
2022-10-03 12:32:17,16,3,3662.25,12679
2022-10-03 12:32:18,10,3,3662.25,12682
2022-10-03 12:32:19,36,3,3662.25,12685
2022-10-03 12:32:20,140,14,3662.5,12699
2022-10-03 12:32:21,29,5,3662.0,12704
2022-10-03 12:32:22,1,1,3662.25,12705
2022-10-03 12:32:23,62,12,3662.5,12717
2022-10-03 12:32:24,7,3,3662.5,12720
2022-10-03 12:32:25,93,-33,3662.25,12687
2022-10-03 12:32:26,9,-1,3661.75,12686
2022-10-03 12:32:27,37,4,3662.0,12690
2022-10-03 12:32:28,20,9,3662.0,12699
2022-10-03 12:32:29,22,8,3662.0,12707
2022-10-03 12:32:30,66,-16,3662.5,12691
2022-10-03 12:32:31,88,-37,3662.25,12654
2022-10-03 12:32:32,54,-1,3662.5,12653
2022-10-03 12:32:33,26,-7,3662.25,12646
2022-10-03 12:32:34,3,3,3662.25,12649
2022-10-03 12:32:35,20,17,3662.5,12666
2022-10-03 12:32:36,37,4,3662.5,12670
2022-10-03 12:32:37,61,12,3662.25,12682
2022-10-03 12:32:38,3,-1,3662.25,12681
2022-10-03 12:32:39,22,-8,3662.25,12673
2022-10-03 12:32:40,44,9,3662.5,12682
2022-10-03 12:32:41,53,-23,3662.25,12659
2022-10-03 12:32:42,51,19,3662.75,12678
2022-10-03 12:32:43,3,1,3662.75,12679
2022-10-03 12:32:44,43,26,3663.0,12705
2022-10-03 12:32:45,32,-16,3663.0,12689
2022-10-03 12:32:46,11,5,3663.0,12694
2022-10-03 12:32:47,32,6,3663.25,12700
2022-10-03 12:32:48,182,58,3664.0,12758
2022-10-03 12:32:49,52,-5,3663.75,12753
2022-10-03 12:32:50,51,-11,3663.75,12742
2022-10-03 12:32:51,55,-14,3663.75,12728
2022-10-03 12:32:52,34,-12,3663.75,12716
2022-10-03 12:32:53,13,2,3663.75,12718
2022-10-03 12:32:54,127,14,3663.75,12732
2022-10-03 12:32:55,34,-10,3663.75,12722
2022-10-03 12:32:56,71,-31,3663.25,12691
2022-10-03 12:32:57,100,36,3663.25,12727
2022-10-03 12:32:58,17,-15,3662.75,12712
2022-10-03 12:32:59,44,17,3663.5,12729
2022-10-03 12:33:00,42,5,3663.5,12734
2022-10-03 12:33:01,3,-1,3663.25,12733
2022-10-03 12:33:02,18,16,3663.25,12749
2022-10-03 12:33:03,40,-4,3663.5,12745
2022-10-03 12:33:04,17,1,3663.5,12746
2022-10-03 12:33:05,44,-4,3663.5,12742
2022-10-03 12:33:06,17,2,3663.5,12744
2022-10-03 12:33:07,2,2,3663.5,12746
2022-10-03 12:33:08,34,14,3663.5,12760
2022-10-03 12:33:09,11,8,3663.75,12768
2022-10-03 12:33:10,22,-7,3663.75,12761
2022-10-03 12:33:11,8,-4,3663.75,12757
2022-10-03 12:33:12,15,-6,3664.0,12751
2022-10-03 12:33:13,252,-20,3664.0,12731
2022-10-03 12:33:14,114,-58,3663.75,12673
2022-10-03 12:33:15,17,1,3663.75,12674
2022-10-03 12:33:16,326,-42,3663.75,12632
2022-10-03 12:33:17,37,7,3664.0,12639
2022-10-03 12:33:19,55,-1,3664.0,12638
2022-10-03 12:33:20,193,-47,3663.75,12591
2022-10-03 12:33:21,10,3,3663.5,12594
2022-10-03 12:33:22,96,6,3663.75,12600
2022-10-03 12:33:23,108,-46,3663.5,12554
2022-10-03 12:33:24,6,-2,3663.5,12552
2022-10-03 12:33:25,6,2,3663.5,12554
2022-10-03 12:33:26,3,0,3663.5,12554
2022-10-03 12:33:27,15,0,3663.5,12554
2022-10-03 12:33:28,42,1,3663.5,12555
2022-10-03 12:33:29,90,-21,3663.5,12534
2022-10-03 12:33:30,149,-12,3663.25,12522
2022-10-03 12:33:31,188,16,3663.5,12538
2022-10-03 12:33:32,71,2,3663.25,12540
2022-10-03 12:33:33,10,6,3663.5,12546
2022-10-03 12:33:34,8,1,3663.5,12547
2022-10-03 12:33:35,15,-13,3663.5,12534
2022-10-03 12:33:36,52,1,3663.25,12535
2022-10-03 12:33:37,1,-1,3663.25,12534
2022-10-03 12:33:38,112,26,3663.5,12560
2022-10-03 12:33:39,67,16,3663.5,12576
2022-10-03 12:33:41,7,4,3663.75,12580
2022-10-03 12:33:42,47,-21,3663.5,12559
2022-10-03 12:33:43,141,23,3664.0,12582
2022-10-03 12:33:44,96,0,3664.25,12582
2022-10-03 12:33:45,70,-34,3664.25,12548
2022-10-03 12:33:46,8,5,3664.0,12553
2022-10-03 12:33:47,5,0,3664.25,12553
2022-10-03 12:33:48,86,-27,3664.25,12526
2022-10-03 12:33:49,17,-9,3664.25,12517
2022-10-03 12:33:50,61,25,3664.25,12542
2022-10-03 12:33:51,59,32,3664.25,12574
2022-10-03 12:33:52,21,17,3664.25,12591
2022-10-03 12:33:53,124,-82,3664.25,12509
2022-10-03 12:33:54,22,-6,3664.25,12503
2022-10-03 12:33:55,67,-15,3664.0,12488
2022-10-03 12:33:56,172,67,3664.0,12555
2022-10-03 12:33:57,80,-17,3664.25,12538
2022-10-03 12:33:58,1,-1,3664.25,12537
2022-10-03 12:33:59,100,24,3664.75,12561
2022-10-03 12:34:00,110,-7,3664.75,12554
2022-10-03 12:34:01,42,18,3665.0,12572
2022-10-03 12:34:02,126,-8,3664.75,12564
2022-10-03 12:34:03,6,1,3664.75,12565
2022-10-03 12:34:04,15,7,3664.75,12572
2022-10-03 12:34:05,38,-15,3665.0,12557
2022-10-03 12:34:06,49,-18,3665.0,12539
2022-10-03 12:34:07,22,14,3665.0,12553
2022-10-03 12:34:08,120,9,3665.0,12562
2022-10-03 12:34:09,64,67,3665.25,12629
2022-10-03 12:34:10,1,1,3665.25,12630
2022-10-03 12:34:11,2,1,3665.25,12631
2022-10-03 12:34:12,75,-6,3665.5,12625
2022-10-03 12:34:13,41,-8,3665.5,12617
2022-10-03 12:34:14,54,17,3665.75,12634
2022-10-03 12:34:15,124,31,3666.0,12665
2022-10-03 12:34:16,73,-6,3666.0,12659
2022-10-03 12:34:17,191,36,3666.5,12695
2022-10-03 12:34:18,49,-16,3666.0,12679
2022-10-03 12:34:19,152,-46,3666.0,12633
2022-10-03 12:34:20,97,-12,3666.0,12621
2022-10-03 12:34:21,54,-19,3666.0,12602
2022-10-03 12:34:22,3,-3,3665.5,12599
2022-10-03 12:34:23,61,-27,3665.5,12572
2022-10-03 12:34:24,2,0,3665.5,12572
2022-10-03 12:34:25,20,-3,3665.25,12569
2022-10-03 12:34:26,29,-23,3665.25,12546
2022-10-03 12:34:27,24,-7,3665.0,12539
2022-10-03 12:34:28,36,-11,3665.25,12528
2022-10-03 12:34:29,12,-7,3665.0,12521
2022-10-03 12:34:30,2,-2,3665.0,12519
2022-10-03 12:34:31,33,-13,3665.0,12506
2022-10-03 12:34:32,16,8,3665.0,12514
2022-10-03 12:34:33,15,-2,3665.0,12512
2022-10-03 12:34:34,43,9,3665.25,12521
2022-10-03 12:34:35,5,-4,3665.0,12517
2022-10-03 12:34:36,18,10,3665.25,12527
2022-10-03 12:34:37,11,-10,3665.25,12517
2022-10-03 12:34:38,43,22,3665.5,12539
2022-10-03 12:34:39,18,14,3665.75,12553
2022-10-03 12:34:40,103,21,3666.0,12574
2022-10-03 12:34:41,1,-1,3666.0,12573
2022-10-03 12:34:42,179,-3,3666.5,12570
2022-10-03 12:34:43,60,-29,3666.0,12541
2022-10-03 12:34:44,118,-59,3666.0,12482
2022-10-03 12:34:45,106,-11,3666.0,12471
2022-10-03 12:34:46,31,7,3666.25,12478
2022-10-03 12:34:47,61,26,3666.5,12504
2022-10-03 12:34:48,6,-3,3666.5,12501
2022-10-03 12:34:49,6,1,3666.5,12502
2022-10-03 12:34:50,2,2,3666.5,12504
2022-10-03 12:34:51,8,5,3666.5,12509
2022-10-03 12:34:52,79,32,3666.75,12541
2022-10-03 12:34:53,22,10,3666.75,12551
2022-10-03 12:34:54,81,-11,3666.75,12540
2022-10-03 12:34:55,98,-24,3666.75,12516
2022-10-03 12:34:56,160,37,3666.75,12553
2022-10-03 12:34:57,18,13,3667.0,12566
2022-10-03 12:34:58,138,-24,3667.0,12542
2022-10-03 12:34:59,113,23,3666.75,12565
2022-10-03 12:35:00,23,-1,3666.75,12564
2022-10-03 12:35:01,103,-26,3666.75,12538
2022-10-03 12:35:02,4,0,3666.75,12538
2022-10-03 12:35:03,10,-8,3666.5,12530
2022-10-03 12:35:04,160,40,3667.0,12570
2022-10-03 12:35:05,71,-3,3667.0,12567
2022-10-03 12:35:06,63,8,3667.25,12575
2022-10-03 12:35:07,61,3,3666.75,12578
2022-10-03 12:35:08,46,-28,3666.75,12550
2022-10-03 12:35:09,44,-20,3666.5,12530
2022-10-03 12:35:10,27,-3,3666.25,12527
2022-10-03 12:35:11,26,18,3666.75,12545
2022-10-03 12:35:12,16,10,3667.0,12555
2022-10-03 12:35:13,64,6,3667.0,12561
2022-10-03 12:35:14,6,2,3667.0,12563
2022-10-03 12:35:15,262,-5,3667.25,12558
2022-10-03 12:35:16,103,-20,3667.25,12538
2022-10-03 12:35:17,26,-7,3667.25,12531
2022-10-03 12:35:18,37,-16,3667.0,12515
2022-10-03 12:35:19,20,-15,3667.0,12500
2022-10-03 12:35:20,87,37,3667.0,12537
2022-10-03 12:35:21,34,-16,3666.75,12521
2022-10-03 12:35:22,8,-3,3666.75,12518
2022-10-03 12:35:23,2,0,3667.0,12518
2022-10-03 12:35:24,28,13,3667.0,12531
2022-10-03 12:35:25,115,14,3667.25,12545
2022-10-03 12:35:26,13,5,3667.0,12550
2022-10-03 12:35:27,2,-2,3667.0,12548
2022-10-03 12:35:28,73,-21,3667.0,12527
2022-10-03 12:35:29,19,-1,3666.75,12526
2022-10-03 12:35:30,19,6,3666.75,12532
2022-10-03 12:35:31,12,-10,3666.75,12522
2022-10-03 12:35:32,66,-8,3666.75,12514
2022-10-03 12:35:33,32,-8,3666.5,12506
2022-10-03 12:35:34,26,-21,3666.5,12485
2022-10-03 12:35:35,6,-2,3666.25,12483
2022-10-03 12:35:36,47,13,3666.5,12496
2022-10-03 12:35:37,33,-2,3666.5,12494
2022-10-03 12:35:38,33,-5,3666.5,12489
2022-10-03 12:35:39,16,6,3666.5,12495
2022-10-03 12:35:40,46,10,3666.75,12505
2022-10-03 12:35:41,13,6,3667.0,12511
2022-10-03 12:35:42,21,7,3666.75,12518
2022-10-03 12:35:43,3,-1,3666.75,12517
2022-10-03 12:35:44,7,6,3666.75,12523
2022-10-03 12:35:45,21,16,3667.0,12539
2022-10-03 12:35:46,110,-24,3667.0,12515
2022-10-03 12:35:47,28,-7,3666.5,12508
2022-10-03 12:35:48,24,-3,3666.25,12505
2022-10-03 12:35:49,54,-14,3666.25,12491
2022-10-03 12:35:50,148,-102,3665.75,12389
2022-10-03 12:35:51,119,-9,3665.5,12380
2022-10-03 12:35:52,81,-17,3665.75,12363
2022-10-03 12:35:53,15,-10,3665.5,12353
2022-10-03 12:35:54,36,-10,3665.5,12343
2022-10-03 12:35:55,90,2,3665.25,12345
2022-10-03 12:35:56,50,9,3665.0,12354
2022-10-03 12:35:57,77,-8,3665.25,12346
2022-10-03 12:35:58,31,-23,3665.0,12323
2022-10-03 12:35:59,17,-14,3664.5,12309
2022-10-03 12:36:00,100,-2,3664.75,12307
2022-10-03 12:36:01,62,2,3664.75,12309
2022-10-03 12:36:02,6,1,3664.75,12310
2022-10-03 12:36:03,15,0,3664.75,12310
2022-10-03 12:36:05,30,24,3665.0,12334
2022-10-03 12:36:06,17,9,3665.0,12343
2022-10-03 12:36:07,54,19,3665.25,12362
2022-10-03 12:36:08,44,5,3665.75,12367
2022-10-03 12:36:09,37,9,3665.75,12376
2022-10-03 12:36:10,122,48,3666.25,12424
2022-10-03 12:36:11,63,9,3666.5,12433
2022-10-03 12:36:12,49,7,3666.5,12440
2022-10-03 12:36:13,104,26,3666.75,12466
2022-10-03 12:36:15,100,27,3666.75,12493
2022-10-03 12:36:16,42,9,3667.0,12502
2022-10-03 12:36:17,44,-2,3666.75,12500
2022-10-03 12:36:18,6,-4,3666.5,12496
2022-10-03 12:36:19,38,-17,3666.5,12479
2022-10-03 12:36:20,9,-9,3666.25,12470
2022-10-03 12:36:21,33,-4,3665.75,12466
2022-10-03 12:36:22,23,-3,3665.75,12463
2022-10-03 12:36:23,5,0,3665.75,12463
2022-10-03 12:36:24,16,15,3666.0,12478
2022-10-03 12:36:25,57,21,3666.25,12499
2022-10-03 12:36:26,15,3,3666.25,12502
2022-10-03 12:36:27,46,8,3666.5,12510
2022-10-03 12:36:28,19,-6,3666.25,12504
2022-10-03 12:36:29,9,2,3666.25,12506
2022-10-03 12:36:30,76,-17,3666.25,12489
2022-10-03 12:36:31,23,-17,3666.0,12472
2022-10-03 12:36:32,1,1,3666.0,12473
2022-10-03 12:36:33,5,1,3666.0,12474
2022-10-03 12:36:35,46,-16,3666.0,12458
2022-10-03 12:36:36,45,26,3666.25,12484
2022-10-03 12:36:37,255,-22,3666.25,12462
2022-10-03 12:36:38,108,-63,3666.0,12399
2022-10-03 12:36:39,95,24,3666.0,12423
2022-10-03 12:36:40,61,3,3666.0,12426
2022-10-03 12:36:41,34,13,3666.25,12439
2022-10-03 12:36:42,32,22,3666.25,12461
2022-10-03 12:36:43,49,11,3666.5,12472
2022-10-03 12:36:44,55,-4,3666.25,12468
2022-10-03 12:36:45,35,13,3666.25,12481
2022-10-03 12:36:46,14,10,3666.25,12491
2022-10-03 12:36:47,38,-13,3666.25,12478
2022-10-03 12:36:48,103,-29,3666.0,12449
2022-10-03 12:36:49,31,-3,3666.0,12446
2022-10-03 12:36:50,30,0,3665.75,12446
2022-10-03 12:36:51,29,7,3665.75,12453
2022-10-03 12:36:52,72,0,3665.75,12453
2022-10-03 12:36:54,15,-10,3665.75,12443
2022-10-03 12:36:55,13,6,3665.75,12449
2022-10-03 12:36:56,18,-1,3665.75,12448
2022-10-03 12:36:57,21,9,3666.0,12457
2022-10-03 12:37:00,31,-3,3666.0,12454
2022-10-03 12:37:01,47,-33,3665.75,12421
2022-10-03 12:37:02,40,21,3666.0,12442
2022-10-03 12:37:04,4,2,3666.25,12444
2022-10-03 12:37:05,2,0,3666.25,12444
2022-10-03 12:37:06,97,-15,3666.25,12429
2022-10-03 12:37:07,1,-1,3665.5,12428
2022-10-03 12:37:08,92,-15,3665.5,12413
2022-10-03 12:37:09,153,61,3665.25,12474
2022-10-03 12:37:10,2,2,3665.25,12476
2022-10-03 12:37:11,36,-1,3665.25,12475
2022-10-03 12:37:12,38,-20,3665.25,12455
2022-10-03 12:37:13,112,-14,3665.25,12441
2022-10-03 12:37:14,17,-6,3665.25,12435
2022-10-03 12:37:15,62,-3,3665.25,12432
2022-10-03 12:37:16,2,-2,3665.0,12430
2022-10-03 12:37:17,8,-3,3665.0,12427
2022-10-03 12:37:18,1,1,3665.0,12428
2022-10-03 12:37:19,63,-6,3665.0,12422
2022-10-03 12:37:20,59,-11,3665.0,12411
2022-10-03 12:37:21,14,1,3665.0,12412
2022-10-03 12:37:22,23,-2,3665.0,12410
2022-10-03 12:37:23,3,1,3665.0,12411
2022-10-03 12:37:24,217,-5,3665.0,12406
2022-10-03 12:37:25,14,5,3664.25,12411
2022-10-03 12:37:26,47,1,3664.0,12412
2022-10-03 12:37:27,24,-2,3664.0,12410
2022-10-03 12:37:28,81,-4,3663.5,12406
2022-10-03 12:37:29,152,-42,3663.5,12364
2022-10-03 12:37:30,21,3,3663.5,12367
2022-10-03 12:37:31,257,-159,3663.5,12208
2022-10-03 12:37:32,109,-29,3662.75,12179
2022-10-03 12:37:33,101,6,3663.0,12185
2022-10-03 12:37:34,26,-9,3663.25,12176
2022-10-03 12:37:35,24,-9,3663.0,12167
2022-10-03 12:37:36,83,-3,3663.0,12164
2022-10-03 12:37:37,24,-10,3663.0,12154
2022-10-03 12:37:38,18,-8,3662.75,12146
2022-10-03 12:37:39,17,4,3663.25,12150
2022-10-03 12:37:40,28,-3,3663.25,12147
2022-10-03 12:37:41,29,9,3663.0,12156
2022-10-03 12:37:42,12,-9,3662.75,12147
2022-10-03 12:37:43,72,-2,3663.0,12145
2022-10-03 12:37:44,3,-2,3662.5,12143
2022-10-03 12:37:45,46,4,3663.0,12147
2022-10-03 12:37:46,34,-2,3663.0,12145
2022-10-03 12:37:47,28,-1,3663.0,12144
2022-10-03 12:37:49,160,-45,3663.0,12099
2022-10-03 12:37:50,6,1,3662.75,12100
2022-10-03 12:37:51,2,-2,3662.5,12098
2022-10-03 12:37:52,123,17,3663.0,12115
2022-10-03 12:37:53,33,-5,3662.5,12110
2022-10-03 12:37:54,85,-17,3662.5,12093
2022-10-03 12:37:55,23,1,3662.75,12094
2022-10-03 12:37:56,28,-4,3662.75,12090
2022-10-03 12:37:57,1,-1,3662.25,12089
2022-10-03 12:37:58,16,0,3662.5,12089
2022-10-03 12:37:59,20,5,3662.75,12094
2022-10-03 12:38:00,153,32,3663.0,12126
2022-10-03 12:38:01,105,-5,3663.0,12121
2022-10-03 12:38:02,17,12,3663.0,12133
2022-10-03 12:38:03,43,-14,3663.0,12119
2022-10-03 12:38:04,58,-24,3662.75,12095
2022-10-03 12:38:05,12,7,3662.5,12102
2022-10-03 12:38:06,37,22,3662.5,12124
2022-10-03 12:38:07,19,-8,3662.25,12116
2022-10-03 12:38:08,9,4,3662.25,12120
2022-10-03 12:38:09,24,5,3662.5,12125
2022-10-03 12:38:10,19,-7,3662.5,12118
2022-10-03 12:38:11,34,-23,3662.0,12095
2022-10-03 12:38:12,11,9,3662.0,12104
2022-10-03 12:38:13,21,9,3662.5,12113
2022-10-03 12:38:14,57,15,3662.75,12128
2022-10-03 12:38:15,20,-1,3662.75,12127
2022-10-03 12:38:16,16,-1,3663.0,12126
2022-10-03 12:38:17,2,2,3663.0,12128
2022-10-03 12:38:18,60,28,3663.25,12156
2022-10-03 12:38:19,58,27,3663.5,12183
2022-10-03 12:38:20,47,25,3663.75,12208
2022-10-03 12:38:21,80,3,3663.75,12211
2022-10-03 12:38:22,28,9,3663.75,12220
2022-10-03 12:38:23,31,-7,3663.5,12213
2022-10-03 12:38:24,25,-2,3663.5,12211
2022-10-03 12:38:25,40,20,3663.5,12231
2022-10-03 12:38:26,20,0,3663.75,12231
2022-10-03 12:38:27,1,-1,3663.5,12230
2022-10-03 12:38:28,18,4,3664.0,12234
2022-10-03 12:38:29,8,7,3664.0,12241
2022-10-03 12:38:30,49,0,3664.0,12241
2022-10-03 12:38:31,62,22,3664.0,12263
2022-10-03 12:38:32,43,-10,3664.0,12253
2022-10-03 12:38:33,31,3,3663.75,12256
2022-10-03 12:38:34,23,3,3664.0,12259
2022-10-03 12:38:35,53,24,3664.75,12283
2022-10-03 12:38:36,72,-2,3664.75,12281
2022-10-03 12:38:37,17,4,3664.75,12285
2022-10-03 12:38:38,5,4,3664.75,12289
2022-10-03 12:38:39,43,17,3665.0,12306
2022-10-03 12:38:40,7,5,3665.0,12311
2022-10-03 12:38:41,1,-1,3664.75,12310
2022-10-03 12:38:42,50,-5,3664.75,12305
2022-10-03 12:38:43,21,-6,3664.75,12299
2022-10-03 12:38:44,23,2,3664.75,12301
2022-10-03 12:38:45,11,2,3664.75,12303
2022-10-03 12:38:46,19,-6,3664.75,12297
2022-10-03 12:38:47,16,5,3664.75,12302
2022-10-03 12:38:48,13,-2,3664.75,12300
2022-10-03 12:38:49,37,2,3665.0,12302
2022-10-03 12:38:51,30,-9,3664.75,12293
2022-10-03 12:38:52,75,3,3665.0,12296
2022-10-03 12:38:53,9,7,3665.25,12303
2022-10-03 12:38:54,16,5,3665.25,12308
2022-10-03 12:38:55,33,-6,3665.0,12302
2022-10-03 12:38:56,52,9,3665.0,12311
2022-10-03 12:38:57,8,4,3665.0,12315
2022-10-03 12:38:58,2,2,3665.25,12317
2022-10-03 12:39:00,67,23,3665.25,12340
2022-10-03 12:39:02,60,0,3665.5,12340
2022-10-03 12:39:03,3,3,3665.5,12343
2022-10-03 12:39:04,36,8,3665.75,12351
2022-10-03 12:39:05,40,-11,3665.75,12340
2022-10-03 12:39:06,98,17,3666.0,12357
2022-10-03 12:39:07,82,28,3666.0,12385
2022-10-03 12:39:08,27,12,3666.0,12397
2022-10-03 12:39:09,107,20,3666.75,12417
2022-10-03 12:39:10,49,-3,3666.25,12414
2022-10-03 12:39:11,32,0,3666.25,12414
2022-10-03 12:39:12,25,4,3666.5,12418
2022-10-03 12:39:13,4,3,3666.5,12421
2022-10-03 12:39:14,25,-4,3666.25,12417
2022-10-03 12:39:15,26,-7,3666.5,12410
2022-10-03 12:39:16,33,-14,3666.5,12396
2022-10-03 12:39:17,48,6,3666.25,12402
2022-10-03 12:39:18,11,-1,3666.25,12401
2022-10-03 12:39:19,109,16,3667.0,12417
2022-10-03 12:39:20,54,-1,3667.25,12416
2022-10-03 12:39:21,2,2,3666.75,12418
2022-10-03 12:39:23,128,94,3667.25,12512
2022-10-03 12:39:24,10,6,3667.25,12518
2022-10-03 12:39:25,29,2,3667.25,12520
2022-10-03 12:39:26,54,19,3667.5,12539
2022-10-03 12:39:27,49,-1,3667.25,12538
2022-10-03 12:39:28,30,-6,3667.0,12532
2022-10-03 12:39:29,2,0,3667.0,12532
2022-10-03 12:39:30,97,-38,3667.0,12494
2022-10-03 12:39:31,3,2,3666.75,12496
2022-10-03 12:39:32,7,3,3666.75,12499
2022-10-03 12:39:33,6,-4,3667.0,12495
2022-10-03 12:39:34,14,-2,3666.75,12493
2022-10-03 12:39:35,65,5,3667.0,12498
2022-10-03 12:39:36,3,1,3667.0,12499
2022-10-03 12:39:37,12,0,3666.75,12499
2022-10-03 12:39:38,4,-4,3666.75,12495
2022-10-03 12:39:39,3,-3,3666.75,12492
2022-10-03 12:39:40,15,-5,3666.75,12487
2022-10-03 12:39:41,28,23,3667.0,12510
2022-10-03 12:39:42,13,-6,3667.0,12504
2022-10-03 12:39:44,27,-1,3666.75,12503
2022-10-03 12:39:45,5,-3,3666.5,12500
2022-10-03 12:39:46,15,3,3666.5,12503
2022-10-03 12:39:47,35,-4,3666.75,12499
2022-10-03 12:39:48,8,8,3666.75,12507
2022-10-03 12:39:49,2,-2,3666.5,12505
2022-10-03 12:39:50,37,-4,3666.75,12501
2022-10-03 12:39:51,19,15,3666.75,12516
2022-10-03 12:39:52,26,-11,3667.0,12505
2022-10-03 12:39:53,47,-16,3666.75,12489
2022-10-03 12:39:54,20,7,3666.75,12496
2022-10-03 12:39:55,9,1,3666.5,12497
2022-10-03 12:39:56,14,-8,3666.5,12489
2022-10-03 12:39:57,28,14,3666.75,12503
2022-10-03 12:39:58,14,-4,3667.0,12499
2022-10-03 12:39:59,14,5,3667.0,12504
2022-10-03 12:40:00,32,-13,3667.0,12491
2022-10-03 12:40:01,353,3,3667.0,12494
2022-10-03 12:40:02,104,-35,3667.0,12459
2022-10-03 12:40:04,86,10,3667.0,12469
2022-10-03 12:40:06,15,8,3667.0,12477
2022-10-03 12:40:07,27,11,3667.25,12488
2022-10-03 12:40:08,164,61,3667.25,12549
2022-10-03 12:40:09,124,-28,3667.0,12521
2022-10-03 12:40:10,184,-108,3667.0,12413
2022-10-03 12:40:11,83,-14,3666.75,12399
2022-10-03 12:40:12,86,66,3666.75,12465
2022-10-03 12:40:13,46,3,3666.75,12468
2022-10-03 12:40:14,103,28,3666.75,12496
2022-10-03 12:40:15,52,21,3667.0,12517
2022-10-03 12:40:16,12,6,3667.25,12523
2022-10-03 12:40:17,108,84,3667.5,12607
2022-10-03 12:40:18,34,-14,3667.25,12593
2022-10-03 12:40:19,15,0,3667.5,12593
2022-10-03 12:40:20,37,-18,3667.25,12575
2022-10-03 12:40:21,16,-10,3667.0,12565
2022-10-03 12:40:22,18,-8,3666.75,12557
2022-10-03 12:40:23,59,5,3666.75,12562
2022-10-03 12:40:25,82,-6,3666.5,12556
2022-10-03 12:40:26,44,11,3666.75,12567
2022-10-03 12:40:27,125,45,3667.0,12612
2022-10-03 12:40:28,1,-1,3667.0,12611
2022-10-03 12:40:29,118,-53,3667.0,12558
2022-10-03 12:40:30,1,-1,3667.0,12557
2022-10-03 12:40:31,45,-8,3667.0,12549
2022-10-03 12:40:32,129,53,3667.5,12602
2022-10-03 12:40:33,4,-1,3667.5,12601
2022-10-03 12:40:34,8,3,3667.5,12604
2022-10-03 12:40:35,80,21,3667.75,12625
2022-10-03 12:40:36,5,4,3667.75,12629
2022-10-03 12:40:37,38,30,3668.0,12659
2022-10-03 12:40:38,143,25,3668.0,12684
2022-10-03 12:40:39,68,2,3667.75,12686
2022-10-03 12:40:40,60,-22,3667.5,12664
2022-10-03 12:40:41,51,-26,3667.5,12638
2022-10-03 12:40:42,13,-9,3667.5,12629
2022-10-03 12:40:44,27,2,3667.5,12631
2022-10-03 12:40:45,19,13,3667.25,12644
2022-10-03 12:40:46,34,21,3667.25,12665
2022-10-03 12:40:50,88,28,3667.5,12693
2022-10-03 12:40:52,138,37,3668.0,12730
2022-10-03 12:40:53,32,11,3668.0,12741
2022-10-03 12:40:55,4,2,3667.75,12743
2022-10-03 12:40:56,53,7,3668.25,12750
2022-10-03 12:40:57,5,2,3668.25,12752
2022-10-03 12:40:58,21,-1,3668.25,12751
2022-10-03 12:40:59,31,21,3668.25,12772
2022-10-03 12:41:00,45,5,3668.25,12777
2022-10-03 12:41:01,21,-10,3668.25,12767
2022-10-03 12:41:02,1,1,3668.0,12768
2022-10-03 12:41:03,2,0,3668.0,12768
2022-10-03 12:41:05,25,15,3668.25,12783
2022-10-03 12:41:06,18,0,3668.25,12783
2022-10-03 12:41:07,13,-3,3668.0,12780
2022-10-03 12:41:08,25,-2,3668.0,12778
2022-10-03 12:41:09,1,1,3667.75,12779
2022-10-03 12:41:10,190,-39,3667.75,12740
2022-10-03 12:41:11,46,-7,3667.75,12733
2022-10-03 12:41:12,36,16,3667.75,12749
2022-10-03 12:41:13,2,0,3667.75,12749
2022-10-03 12:41:14,23,-15,3667.75,12734
2022-10-03 12:41:15,1,1,3667.75,12735
2022-10-03 12:41:16,4,1,3667.75,12736
2022-10-03 12:41:17,114,-31,3667.5,12705
2022-10-03 12:41:18,7,-7,3667.25,12698
2022-10-03 12:41:19,24,2,3667.5,12700
2022-10-03 12:41:20,63,17,3667.75,12717
2022-10-03 12:41:21,54,-9,3668.0,12708
2022-10-03 12:41:22,116,-22,3668.0,12686
2022-10-03 12:41:23,6,-2,3667.75,12684
2022-10-03 12:41:24,2,2,3668.0,12686
2022-10-03 12:41:25,1,1,3668.0,12687
2022-10-03 12:41:27,2,0,3668.0,12687
2022-10-03 12:41:28,2,0,3668.0,12687
2022-10-03 12:41:29,2,2,3668.0,12689
2022-10-03 12:41:30,1,-1,3667.75,12688
2022-10-03 12:41:31,79,-34,3667.75,12654
2022-10-03 12:41:32,36,-6,3667.5,12648
2022-10-03 12:41:33,1,-1,3667.5,12647
2022-10-03 12:41:34,129,10,3667.5,12657
2022-10-03 12:41:35,3,-2,3667.25,12655
2022-10-03 12:41:36,80,-21,3667.25,12634
2022-10-03 12:41:37,117,38,3667.25,12672
2022-10-03 12:41:38,81,12,3667.5,12684
2022-10-03 12:41:39,154,-68,3667.5,12616
2022-10-03 12:41:40,4,3,3667.25,12619
2022-10-03 12:41:41,32,-8,3667.25,12611
2022-10-03 12:41:42,15,-12,3667.5,12599
2022-10-03 12:41:43,1,1,3667.25,12600
2022-10-03 12:41:44,7,2,3667.5,12602
2022-10-03 12:41:45,38,-14,3667.25,12588
2022-10-03 12:41:47,16,11,3667.25,12599
2022-10-03 12:41:48,67,-1,3667.5,12598
2022-10-03 12:41:50,43,-10,3667.25,12588
2022-10-03 12:41:51,5,-2,3667.25,12586
2022-10-03 12:41:52,45,-17,3667.5,12569
2022-10-03 12:41:53,36,6,3667.5,12575
2022-10-03 12:41:54,3,-3,3667.5,12572
2022-10-03 12:41:55,19,5,3667.5,12577
2022-10-03 12:41:56,3,1,3667.5,12578
2022-10-03 12:41:57,26,-6,3667.25,12572
2022-10-03 12:41:58,31,-19,3667.0,12553
2022-10-03 12:41:59,14,11,3667.25,12564
2022-10-03 12:42:00,42,-38,3667.25,12526
2022-10-03 12:42:01,20,5,3667.0,12531
2022-10-03 12:42:02,37,4,3667.0,12535
2022-10-03 12:42:03,21,-13,3667.25,12522
2022-10-03 12:42:04,20,5,3667.0,12527
2022-10-03 12:42:05,71,-7,3667.0,12520
2022-10-03 12:42:06,11,-10,3667.0,12510
2022-10-03 12:42:07,69,-24,3666.75,12486
2022-10-03 12:42:08,208,-9,3666.75,12477
2022-10-03 12:42:09,35,9,3666.5,12486
2022-10-03 12:42:10,56,-2,3666.25,12484
2022-10-03 12:42:11,60,-28,3666.25,12456
2022-10-03 12:42:12,52,-14,3666.0,12442
2022-10-03 12:42:13,7,-7,3665.75,12435
2022-10-03 12:42:14,32,8,3666.0,12443
2022-10-03 12:42:15,52,2,3666.0,12445
2022-10-03 12:42:16,58,11,3666.0,12456
2022-10-03 12:42:17,13,-11,3665.75,12445
2022-10-03 12:42:18,32,-7,3666.0,12438
2022-10-03 12:42:19,28,-3,3666.0,12435
2022-10-03 12:42:20,24,12,3666.0,12447
2022-10-03 12:42:21,50,19,3666.25,12466
2022-10-03 12:42:22,2,2,3666.5,12468
2022-10-03 12:42:24,19,-14,3666.25,12454
2022-10-03 12:42:25,5,-4,3666.0,12450
2022-10-03 12:42:26,11,-7,3666.0,12443
2022-10-03 12:42:27,12,-7,3665.75,12436
2022-10-03 12:42:28,23,13,3666.0,12449
2022-10-03 12:42:29,44,-1,3666.0,12448
2022-10-03 12:42:30,20,1,3666.25,12449
2022-10-03 12:42:31,2,0,3666.25,12449
2022-10-03 12:42:32,46,-14,3666.25,12435
2022-10-03 12:42:33,5,3,3666.25,12438
2022-10-03 12:42:34,14,-5,3666.25,12433
2022-10-03 12:42:35,33,0,3666.0,12433
2022-10-03 12:42:36,4,2,3666.0,12435
2022-10-03 12:42:37,34,7,3666.0,12442
2022-10-03 12:42:38,1,1,3666.0,12443
2022-10-03 12:42:39,26,-6,3665.75,12437
2022-10-03 12:42:40,33,9,3666.0,12446
2022-10-03 12:42:41,23,-2,3665.75,12444
2022-10-03 12:42:42,12,7,3665.75,12451
2022-10-03 12:42:43,36,-8,3665.5,12443
2022-10-03 12:42:44,88,-18,3665.5,12425
2022-10-03 12:42:45,126,-34,3665.0,12391
2022-10-03 12:42:46,122,-30,3665.25,12361
2022-10-03 12:42:47,76,-11,3664.75,12350
2022-10-03 12:42:48,43,4,3665.0,12354
2022-10-03 12:42:49,44,3,3665.0,12357
2022-10-03 12:42:50,15,-1,3665.25,12356
2022-10-03 12:42:51,40,-2,3665.0,12354
2022-10-03 12:42:52,18,3,3665.0,12357
2022-10-03 12:42:53,19,2,3664.75,12359
2022-10-03 12:42:54,39,-1,3664.75,12358
2022-10-03 12:42:55,60,32,3665.25,12390
2022-10-03 12:42:56,14,10,3665.5,12400
2022-10-03 12:42:57,7,1,3665.5,12401
2022-10-03 12:42:58,46,2,3665.75,12403
2022-10-03 12:42:59,29,-7,3665.5,12396
2022-10-03 12:43:00,46,-26,3665.75,12370
2022-10-03 12:43:01,45,-18,3665.75,12352
2022-10-03 12:43:02,14,-1,3665.75,12351
2022-10-03 12:43:03,6,-2,3665.75,12349
2022-10-03 12:43:04,57,15,3666.25,12364
2022-10-03 12:43:05,32,11,3666.0,12375
2022-10-03 12:43:06,29,2,3665.75,12377
2022-10-03 12:43:07,3,-1,3665.75,12376
2022-10-03 12:43:08,33,12,3665.75,12388
2022-10-03 12:43:09,7,3,3666.0,12391
2022-10-03 12:43:10,21,10,3665.75,12401
2022-10-03 12:43:11,5,3,3665.75,12404
2022-10-03 12:43:12,6,-2,3666.0,12402
2022-10-03 12:43:13,86,9,3666.25,12411
2022-10-03 12:43:14,7,1,3666.0,12412
2022-10-03 12:43:15,31,-2,3665.75,12410
2022-10-03 12:43:16,20,-7,3665.5,12403
2022-10-03 12:43:17,4,0,3665.75,12403
2022-10-03 12:43:18,38,-10,3665.25,12393
2022-10-03 12:43:19,41,3,3665.25,12396
2022-10-03 12:43:20,24,-3,3665.25,12393
2022-10-03 12:43:21,28,-14,3665.25,12379
2022-10-03 12:43:22,26,-1,3665.0,12378
2022-10-03 12:43:23,14,-4,3664.75,12374
2022-10-03 12:43:24,2,-2,3664.75,12372
2022-10-03 12:43:25,29,-23,3664.75,12349
2022-10-03 12:43:26,4,0,3664.75,12349
2022-10-03 12:43:27,1,1,3664.75,12350
2022-10-03 12:43:28,2,-2,3664.5,12348
2022-10-03 12:43:29,67,-34,3664.5,12314
2022-10-03 12:43:30,2,-2,3664.5,12312
2022-10-03 12:43:31,15,-7,3664.5,12305
2022-10-03 12:43:32,13,-10,3664.5,12295
2022-10-03 12:43:33,1,-1,3664.25,12294
2022-10-03 12:43:34,1,-1,3664.25,12293
2022-10-03 12:43:35,42,4,3664.5,12297
2022-10-03 12:43:36,22,6,3664.75,12303
2022-10-03 12:43:37,1,1,3664.75,12304
2022-10-03 12:43:38,45,14,3664.5,12318
2022-10-03 12:43:39,20,7,3664.75,12325
2022-10-03 12:43:40,23,13,3665.25,12338
2022-10-03 12:43:41,16,-1,3665.0,12337
2022-10-03 12:43:42,8,7,3665.25,12344
2022-10-03 12:43:43,16,9,3665.75,12353
2022-10-03 12:43:44,86,17,3666.0,12370
2022-10-03 12:43:45,96,-9,3666.25,12361
2022-10-03 12:43:46,39,3,3666.25,12364
2022-10-03 12:43:47,26,-6,3666.25,12358
2022-10-03 12:43:48,15,-8,3665.75,12350
2022-10-03 12:43:49,31,3,3665.75,12353
2022-10-03 12:43:50,19,0,3665.5,12353
2022-10-03 12:43:51,20,6,3665.5,12359
2022-10-03 12:43:52,14,13,3666.0,12372
2022-10-03 12:43:53,18,2,3666.0,12374
2022-10-03 12:43:55,19,4,3666.0,12378
2022-10-03 12:43:56,58,22,3666.5,12400
2022-10-03 12:43:57,26,-3,3666.25,12397
2022-10-03 12:43:58,25,20,3666.25,12417
2022-10-03 12:43:59,1,1,3666.25,12418
2022-10-03 12:44:00,42,17,3666.25,12435
2022-10-03 12:44:01,98,-7,3666.5,12428
2022-10-03 12:44:02,4,0,3666.5,12428
2022-10-03 12:44:03,38,-16,3666.5,12412
2022-10-03 12:44:04,25,-4,3666.0,12408
2022-10-03 12:44:05,56,-12,3666.0,12396
2022-10-03 12:44:06,7,7,3665.5,12403
2022-10-03 12:44:08,13,15,3666.0,12418
2022-10-03 12:44:09,18,-2,3665.75,12416
2022-10-03 12:44:10,20,18,3666.25,12434
2022-10-03 12:44:11,10,-6,3666.0,12428
2022-10-03 12:44:12,35,-9,3666.0,12419
2022-10-03 12:44:13,27,-19,3665.75,12400
2022-10-03 12:44:14,51,5,3666.0,12405
2022-10-03 12:44:15,13,5,3666.0,12410
2022-10-03 12:44:16,67,-22,3666.0,12388
2022-10-03 12:44:17,98,29,3666.25,12417
2022-10-03 12:44:18,48,20,3666.5,12437
2022-10-03 12:44:19,14,-6,3666.5,12431
2022-10-03 12:44:20,146,-79,3666.25,12352
2022-10-03 12:44:21,10,-6,3666.5,12346
2022-10-03 12:44:23,66,70,3666.75,12416
2022-10-03 12:44:24,8,-6,3666.5,12410
2022-10-03 12:44:25,4,-2,3666.5,12408
2022-10-03 12:44:26,92,-16,3666.5,12392
2022-10-03 12:44:27,57,18,3666.0,12410
2022-10-03 12:44:28,40,6,3666.0,12416
2022-10-03 12:44:29,1,1,3666.0,12417
2022-10-03 12:44:30,72,-16,3665.75,12401
2022-10-03 12:44:31,10,0,3665.5,12401
2022-10-03 12:44:32,16,2,3665.5,12403
2022-10-03 12:44:33,5,3,3665.75,12406
2022-10-03 12:44:34,38,11,3665.75,12417
2022-10-03 12:44:35,45,3,3666.0,12420
2022-10-03 12:44:36,8,-8,3666.0,12412
2022-10-03 12:44:37,17,15,3666.25,12427
2022-10-03 12:44:38,3,2,3666.25,12429
2022-10-03 12:44:39,32,-3,3666.0,12426
2022-10-03 12:44:40,18,-3,3666.0,12423
2022-10-03 12:44:41,4,1,3666.25,12424
2022-10-03 12:44:42,52,16,3666.5,12440
2022-10-03 12:44:43,41,-12,3666.5,12428
2022-10-03 12:44:44,3,-1,3666.5,12427
2022-10-03 12:44:46,80,15,3666.75,12442
2022-10-03 12:44:47,48,13,3666.75,12455
2022-10-03 12:44:48,9,-3,3666.5,12452
2022-10-03 12:44:49,128,32,3666.25,12484
2022-10-03 12:44:50,37,1,3666.25,12485
2022-10-03 12:44:51,25,-3,3666.25,12482
2022-10-03 12:44:52,61,-13,3666.5,12469
2022-10-03 12:44:53,49,-9,3666.5,12460
2022-10-03 12:44:55,20,-5,3666.5,12455
2022-10-03 12:44:56,39,8,3666.5,12463
2022-10-03 12:44:58,111,-43,3666.5,12420
2022-10-03 12:44:59,29,15,3666.75,12435
2022-10-03 12:45:00,86,23,3667.0,12458
2022-10-03 12:45:01,51,-14,3666.75,12444
2022-10-03 12:45:02,20,-6,3666.5,12438
2022-10-03 12:45:03,30,5,3666.5,12443
2022-10-03 12:45:04,16,-2,3666.5,12441
2022-10-03 12:45:05,51,-11,3666.5,12430
2022-10-03 12:45:06,14,-9,3666.5,12421
2022-10-03 12:45:07,32,15,3666.25,12436
2022-10-03 12:45:08,2,2,3666.5,12438
2022-10-03 12:45:09,34,-9,3666.25,12429
2022-10-03 12:45:10,42,0,3666.5,12429
2022-10-03 12:45:11,62,29,3667.0,12458
2022-10-03 12:45:12,46,13,3667.0,12471
2022-10-03 12:45:13,6,1,3667.0,12472
2022-10-03 12:45:14,162,-2,3667.25,12470
2022-10-03 12:45:15,66,2,3666.75,12472
2022-10-03 12:45:16,10,-6,3666.25,12466
2022-10-03 12:45:17,38,-10,3666.25,12456
2022-10-03 12:45:18,70,-19,3666.0,12437
2022-10-03 12:45:19,1,-1,3665.5,12436
2022-10-03 12:45:21,75,-2,3665.75,12434
2022-10-03 12:45:22,53,-16,3665.25,12418
2022-10-03 12:45:23,47,3,3664.75,12421
2022-10-03 12:45:24,36,19,3665.0,12440
2022-10-03 12:45:25,19,-1,3665.0,12439
2022-10-03 12:45:26,11,-2,3665.0,12437
2022-10-03 12:45:27,45,3,3665.0,12440
2022-10-03 12:45:28,10,1,3665.25,12441
2022-10-03 12:45:29,1,-1,3665.0,12440
2022-10-03 12:45:30,56,-23,3664.75,12417
2022-10-03 12:45:31,28,-19,3665.0,12398
2022-10-03 12:45:32,8,0,3665.0,12398
2022-10-03 12:45:33,20,-4,3665.25,12394
2022-10-03 12:45:34,11,-6,3665.0,12388
2022-10-03 12:45:35,11,-6,3665.0,12382
2022-10-03 12:45:36,10,-6,3665.0,12376
2022-10-03 12:45:37,45,-17,3665.25,12359
2022-10-03 12:45:38,8,-7,3665.0,12352
2022-10-03 12:45:39,31,-4,3664.75,12348
2022-10-03 12:45:40,2,-1,3664.75,12347
2022-10-03 12:45:41,28,8,3665.0,12355
2022-10-03 12:45:43,9,-3,3665.0,12352
2022-10-03 12:45:44,6,6,3665.0,12358
2022-10-03 12:45:45,54,15,3665.5,12373
2022-10-03 12:45:47,53,-16,3665.5,12357
2022-10-03 12:45:48,13,-6,3665.25,12351
2022-10-03 12:45:49,5,-2,3665.25,12349
2022-10-03 12:45:50,32,-4,3665.0,12345
2022-10-03 12:45:51,9,0,3665.0,12345
2022-10-03 12:45:52,1,1,3665.25,12346
2022-10-03 12:45:53,13,1,3665.0,12347
2022-10-03 12:45:54,42,8,3665.0,12355
2022-10-03 12:45:55,20,-9,3664.75,12346
2022-10-03 12:45:56,8,3,3664.75,12349
2022-10-03 12:45:57,2,2,3665.0,12351
2022-10-03 12:45:58,20,-12,3665.0,12339
2022-10-03 12:45:59,42,25,3665.0,12364
2022-10-03 12:46:00,31,7,3665.0,12371
2022-10-03 12:46:01,22,-5,3665.25,12366
2022-10-03 12:46:02,2,2,3665.25,12368
2022-10-03 12:46:03,12,-4,3665.25,12364
2022-10-03 12:46:04,44,12,3665.5,12376
2022-10-03 12:46:05,11,3,3665.5,12379
2022-10-03 12:46:06,1,-1,3665.5,12378
2022-10-03 12:46:07,38,-3,3665.5,12375
2022-10-03 12:46:08,29,-9,3665.5,12366
2022-10-03 12:46:09,32,17,3666.0,12383
2022-10-03 12:46:10,6,4,3665.75,12387
2022-10-03 12:46:11,7,3,3665.75,12390
2022-10-03 12:46:12,9,-8,3665.5,12382
2022-10-03 12:46:13,12,-2,3665.25,12380
2022-10-03 12:46:14,14,7,3665.5,12387
2022-10-03 12:46:15,42,-14,3665.5,12373
2022-10-03 12:46:16,12,5,3665.25,12378
2022-10-03 12:46:18,12,2,3665.25,12380
2022-10-03 12:46:19,4,2,3665.25,12382
2022-10-03 12:46:20,23,-8,3665.25,12374
2022-10-03 12:46:21,18,10,3665.25,12384
2022-10-03 12:46:22,13,4,3665.0,12388
2022-10-03 12:46:23,31,-11,3665.0,12377
2022-10-03 12:46:24,11,-6,3665.0,12371
2022-10-03 12:46:25,1,1,3665.0,12372
2022-10-03 12:46:27,33,7,3665.25,12379
2022-10-03 12:46:28,10,1,3665.5,12380
2022-10-03 12:46:29,4,-1,3665.5,12379
2022-10-03 12:46:31,60,24,3666.25,12403
2022-10-03 12:46:32,23,-4,3666.0,12399
2022-10-03 12:46:34,17,13,3666.25,12412
2022-10-03 12:46:35,37,19,3666.75,12431
2022-10-03 12:46:36,140,0,3667.5,12431
2022-10-03 12:46:37,35,2,3667.25,12433
2022-10-03 12:46:38,33,14,3667.0,12447
2022-10-03 12:46:39,36,-4,3667.25,12443
2022-10-03 12:46:40,28,18,3667.0,12461
2022-10-03 12:46:41,29,0,3667.0,12461
2022-10-03 12:46:42,2,2,3667.0,12463
2022-10-03 12:46:43,31,7,3667.0,12470
2022-10-03 12:46:44,35,-4,3667.25,12466
2022-10-03 12:46:45,41,21,3667.75,12487
2022-10-03 12:46:46,32,-5,3667.75,12482
2022-10-03 12:46:47,53,-1,3667.75,12481
2022-10-03 12:46:48,10,4,3667.75,12485
2022-10-03 12:46:49,8,4,3667.75,12489
2022-10-03 12:46:50,34,5,3667.5,12494
2022-10-03 12:46:51,6,4,3667.75,12498
2022-10-03 12:46:52,8,7,3667.75,12505
2022-10-03 12:46:53,20,8,3667.75,12513
2022-10-03 12:46:54,26,1,3667.75,12514
2022-10-03 12:46:55,21,-10,3667.5,12504
2022-10-03 12:46:56,22,-12,3667.0,12492
2022-10-03 12:46:57,24,10,3667.0,12502
2022-10-03 12:46:58,34,-8,3667.0,12494
2022-10-03 12:46:59,21,12,3667.0,12506
2022-10-03 12:47:01,4,-2,3667.25,12504
2022-10-03 12:47:02,30,-1,3667.25,12503
2022-10-03 12:47:03,25,-5,3667.25,12498
2022-10-03 12:47:04,18,-1,3667.0,12497
2022-10-03 12:47:05,40,-13,3667.0,12484
2022-10-03 12:47:06,39,6,3666.75,12490
2022-10-03 12:47:07,29,-5,3666.75,12485
2022-10-03 12:47:08,16,2,3666.75,12487
2022-10-03 12:47:09,29,-3,3666.75,12484
2022-10-03 12:47:10,7,-6,3666.5,12478
2022-10-03 12:47:11,44,-18,3666.5,12460
2022-10-03 12:47:12,66,29,3666.25,12489
2022-10-03 12:47:13,32,3,3666.5,12492
2022-10-03 12:47:14,3,2,3666.5,12494
2022-10-03 12:47:15,22,-1,3666.75,12493
2022-10-03 12:47:16,112,18,3667.0,12511
2022-10-03 12:47:17,29,20,3667.25,12531
2022-10-03 12:47:18,12,-3,3667.25,12528
2022-10-03 12:47:19,48,-1,3667.0,12527
2022-10-03 12:47:20,7,11,3667.5,12538
2022-10-03 12:47:21,24,-5,3667.5,12533
2022-10-03 12:47:22,13,5,3667.0,12538
2022-10-03 12:47:23,15,-4,3667.0,12534
2022-10-03 12:47:24,19,-3,3666.75,12531
2022-10-03 12:47:25,11,-6,3666.5,12525
2022-10-03 12:47:26,44,-10,3666.5,12515
2022-10-03 12:47:27,82,-69,3666.5,12446
2022-10-03 12:47:28,56,-2,3665.5,12444
2022-10-03 12:47:29,62,10,3665.25,12454
2022-10-03 12:47:30,15,5,3665.25,12459
2022-10-03 12:47:31,66,5,3665.0,12464
2022-10-03 12:47:32,55,14,3665.25,12478
2022-10-03 12:47:33,9,5,3665.25,12483
2022-10-03 12:47:34,22,-8,3665.0,12475
2022-10-03 12:47:35,1,1,3665.0,12476
2022-10-03 12:47:36,37,1,3665.0,12477
2022-10-03 12:47:37,8,-6,3664.75,12471
2022-10-03 12:47:38,1,-1,3664.75,12470
2022-10-03 12:47:39,8,0,3665.0,12470
2022-10-03 12:47:40,23,17,3665.25,12487
2022-10-03 12:47:41,18,2,3665.25,12489
2022-10-03 12:47:42,14,-2,3665.5,12487
2022-10-03 12:47:43,56,-17,3665.25,12470
2022-10-03 12:47:44,55,-8,3664.75,12462
2022-10-03 12:47:45,98,-8,3664.75,12454
2022-10-03 12:47:46,151,-35,3664.75,12419
2022-10-03 12:47:47,150,89,3665.25,12508
2022-10-03 12:47:48,35,2,3665.5,12510
2022-10-03 12:47:49,34,6,3665.25,12516
2022-10-03 12:47:50,30,4,3665.5,12520
2022-10-03 12:47:51,60,-14,3665.75,12506
2022-10-03 12:47:52,50,9,3665.75,12515
2022-10-03 12:47:53,44,8,3666.0,12523
2022-10-03 12:47:54,2,0,3666.25,12523
2022-10-03 12:47:55,56,17,3666.5,12540
2022-10-03 12:47:56,3,2,3666.5,12542
2022-10-03 12:47:57,6,5,3666.5,12547
2022-10-03 12:47:58,38,-11,3666.5,12536
2022-10-03 12:47:59,10,-5,3666.25,12531
2022-10-03 12:48:00,26,-11,3666.25,12520
2022-10-03 12:48:01,9,-1,3666.0,12519
2022-10-03 12:48:02,27,10,3666.0,12529
2022-10-03 12:48:03,9,-7,3665.75,12522
2022-10-03 12:48:04,21,-1,3665.75,12521
2022-10-03 12:48:05,60,-53,3666.0,12468
2022-10-03 12:48:06,36,-5,3665.75,12463
2022-10-03 12:48:07,9,9,3665.75,12472
2022-10-03 12:48:08,23,17,3666.0,12489
2022-10-03 12:48:09,17,3,3666.0,12492
2022-10-03 12:48:10,23,-14,3665.5,12478
2022-10-03 12:48:11,2,-2,3665.5,12476
2022-10-03 12:48:12,17,13,3665.75,12489
2022-10-03 12:48:13,2,2,3666.0,12491
2022-10-03 12:48:14,49,-17,3666.0,12474
2022-10-03 12:48:15,26,-1,3665.75,12473
2022-10-03 12:48:16,41,-5,3666.0,12468
2022-10-03 12:48:17,6,6,3665.75,12474
2022-10-03 12:48:18,23,1,3666.0,12475
2022-10-03 12:48:19,30,6,3666.25,12481
2022-10-03 12:48:20,16,-2,3666.5,12479
2022-10-03 12:48:22,12,4,3666.5,12483
2022-10-03 12:48:23,10,1,3666.5,12484
2022-10-03 12:48:24,16,-7,3666.5,12477
2022-10-03 12:48:25,20,7,3666.75,12484
2022-10-03 12:48:26,23,22,3667.25,12506
2022-10-03 12:48:27,14,-5,3667.0,12501
2022-10-03 12:48:28,28,23,3667.0,12524
2022-10-03 12:48:29,38,4,3667.25,12528
2022-10-03 12:48:30,1,1,3667.25,12529
2022-10-03 12:48:31,17,6,3667.25,12535
2022-10-03 12:48:32,27,8,3667.25,12543
2022-10-03 12:48:33,10,-3,3667.25,12540
2022-10-03 12:48:34,23,-8,3667.25,12532
2022-10-03 12:48:35,20,1,3667.25,12533
2022-10-03 12:48:36,10,5,3667.25,12538
2022-10-03 12:48:37,43,33,3667.5,12571
2022-10-03 12:48:38,71,-18,3667.5,12553
2022-10-03 12:48:39,18,3,3667.25,12556
2022-10-03 12:48:40,51,-16,3667.0,12540
2022-10-03 12:48:41,40,-5,3666.75,12535
2022-10-03 12:48:42,17,3,3666.75,12538
2022-10-03 12:48:43,4,4,3667.0,12542
2022-10-03 12:48:44,7,5,3667.0,12547
2022-10-03 12:48:45,1,-1,3667.0,12546
2022-10-03 12:48:46,30,-5,3666.75,12541
2022-10-03 12:48:47,18,9,3667.0,12550
2022-10-03 12:48:48,29,-1,3667.0,12549
2022-10-03 12:48:50,8,6,3666.75,12555
2022-10-03 12:48:52,58,-24,3666.75,12531
2022-10-03 12:48:53,8,2,3666.75,12533
2022-10-03 12:48:54,7,-7,3666.75,12526
2022-10-03 12:48:55,7,0,3666.5,12526
2022-10-03 12:48:57,19,-9,3666.5,12517
2022-10-03 12:48:58,50,8,3666.25,12525
2022-10-03 12:49:00,67,-15,3666.0,12510
2022-10-03 12:49:01,27,0,3666.25,12510
2022-10-03 12:49:02,8,-3,3666.5,12507
2022-10-03 12:49:03,1,-1,3666.25,12506
2022-10-03 12:49:04,30,3,3666.5,12509
2022-10-03 12:49:05,18,10,3666.75,12519
2022-10-03 12:49:08,34,-9,3666.0,12510
2022-10-03 12:49:09,23,-6,3666.25,12504
2022-10-03 12:49:10,76,-15,3666.25,12489
2022-10-03 12:49:11,22,-1,3666.25,12488
2022-10-03 12:49:12,10,2,3666.25,12490
2022-10-03 12:49:13,4,-2,3666.25,12488
2022-10-03 12:49:14,19,-4,3666.25,12484
2022-10-03 12:49:15,24,2,3666.25,12486
2022-10-03 12:49:16,8,1,3666.25,12487
2022-10-03 12:49:17,43,-7,3666.25,12480
2022-10-03 12:49:18,6,-6,3665.75,12474
2022-10-03 12:49:19,52,19,3666.25,12493
2022-10-03 12:49:20,20,-2,3665.75,12491
2022-10-03 12:49:21,22,-8,3665.75,12483
2022-10-03 12:49:22,2,-2,3665.75,12481
2022-10-03 12:49:23,16,3,3666.25,12484
2022-10-03 12:49:24,9,-1,3666.25,12483
2022-10-03 12:49:25,1,1,3666.25,12484
2022-10-03 12:49:26,415,-342,3666.0,12142
2022-10-03 12:49:27,66,-33,3665.5,12109
2022-10-03 12:49:29,29,-8,3665.5,12101
2022-10-03 12:49:30,49,-2,3665.25,12099
2022-10-03 12:49:31,28,-8,3665.25,12091
2022-10-03 12:49:32,46,3,3665.25,12094
2022-10-03 12:49:33,39,3,3665.25,12097
2022-10-03 12:49:34,23,1,3665.25,12098
2022-10-03 12:49:35,2,0,3665.25,12098
2022-10-03 12:49:36,14,8,3665.25,12106
2022-10-03 12:49:37,48,8,3665.5,12114
2022-10-03 12:49:38,59,-20,3665.25,12094
2022-10-03 12:49:39,8,-6,3665.25,12088
2022-10-03 12:49:40,40,6,3665.5,12094
2022-10-03 12:49:41,19,-6,3665.5,12088
2022-10-03 12:49:42,1,-1,3665.5,12087
2022-10-03 12:49:43,13,-12,3665.5,12075
2022-10-03 12:49:44,9,-4,3665.75,12071
2022-10-03 12:49:45,26,21,3665.5,12092
2022-10-03 12:49:48,13,9,3665.5,12101
2022-10-03 12:49:49,20,10,3665.75,12111
2022-10-03 12:49:50,24,3,3666.0,12114
2022-10-03 12:49:52,3,3,3666.0,12117
2022-10-03 12:49:53,14,-11,3665.75,12106
2022-10-03 12:49:54,8,6,3665.75,12112
2022-10-03 12:49:55,4,0,3665.75,12112
2022-10-03 12:49:56,18,-3,3665.75,12109
2022-10-03 12:49:58,8,-3,3665.75,12106
2022-10-03 12:50:00,33,8,3666.0,12114
2022-10-03 12:50:01,4,1,3666.0,12115
2022-10-03 12:50:02,36,12,3666.25,12127
2022-10-03 12:50:03,19,-1,3666.5,12126
2022-10-03 12:50:04,27,9,3666.0,12135
2022-10-03 12:50:05,22,-15,3666.0,12120
2022-10-03 12:50:06,33,5,3665.75,12125
2022-10-03 12:50:07,1,-1,3665.5,12124
2022-10-03 12:50:08,33,13,3666.25,12137
2022-10-03 12:50:09,17,-4,3666.25,12133
2022-10-03 12:50:10,11,-4,3666.25,12129
2022-10-03 12:50:11,468,-316,3666.0,11813
2022-10-03 12:50:12,45,-13,3665.5,11800
2022-10-03 12:50:13,4,-1,3665.5,11799
2022-10-03 12:50:15,48,-1,3665.75,11798
2022-10-03 12:50:17,67,-12,3665.75,11786
2022-10-03 12:50:18,12,-8,3665.25,11778
2022-10-03 12:50:19,1,-1,3665.0,11777
2022-10-03 12:50:20,27,7,3665.25,11784
2022-10-03 12:50:21,21,-4,3665.25,11780
2022-10-03 12:50:22,3,3,3665.5,11783
2022-10-03 12:50:23,29,2,3665.75,11785
2022-10-03 12:50:24,65,4,3665.75,11789
2022-10-03 12:50:25,15,2,3665.75,11791
2022-10-03 12:50:28,38,-9,3665.5,11782
2022-10-03 12:50:29,67,0,3665.5,11782
2022-10-03 12:50:30,18,-8,3665.5,11774
2022-10-03 12:50:31,1,1,3665.75,11775
2022-10-03 12:50:33,2,-1,3665.5,11774
2022-10-03 12:50:34,34,26,3666.0,11800
2022-10-03 12:50:36,15,10,3666.25,11810
2022-10-03 12:50:37,19,-6,3666.0,11804
2022-10-03 12:50:38,7,-5,3666.0,11799
2022-10-03 12:50:39,8,-7,3665.75,11792
2022-10-03 12:50:42,96,-24,3665.5,11768
2022-10-03 12:50:43,37,6,3665.5,11774
2022-10-03 12:50:44,17,1,3665.75,11775
2022-10-03 12:50:45,9,2,3665.25,11777
2022-10-03 12:50:48,2,0,3665.5,11777
2022-10-03 12:50:49,57,-1,3665.5,11776
2022-10-03 12:50:50,2,0,3665.5,11776
2022-10-03 12:50:51,12,9,3666.0,11785
2022-10-03 12:50:52,9,-9,3665.75,11776
2022-10-03 12:50:53,35,-3,3665.75,11773
2022-10-03 12:50:56,2,-1,3665.5,11772
2022-10-03 12:50:57,18,3,3665.75,11775
2022-10-03 12:50:58,7,-7,3665.75,11768
2022-10-03 12:50:59,19,3,3665.75,11771
2022-10-03 12:51:00,37,-11,3665.5,11760
2022-10-03 12:51:01,15,3,3665.5,11763
2022-10-03 12:51:02,7,2,3665.5,11765
2022-10-03 12:51:04,25,-10,3665.5,11755
2022-10-03 12:51:05,152,24,3665.5,11779
2022-10-03 12:51:06,2,-1,3665.0,11778
2022-10-03 12:51:07,18,0,3665.25,11778
2022-10-03 12:51:08,3,-1,3665.5,11777
2022-10-03 12:51:09,136,56,3666.25,11833
2022-10-03 12:51:10,43,-3,3666.0,11830
2022-10-03 12:51:11,22,-8,3665.75,11822
2022-10-03 12:51:12,22,-8,3665.75,11814
2022-10-03 12:51:14,37,-30,3665.5,11784
2022-10-03 12:51:15,23,10,3665.25,11794
2022-10-03 12:51:16,10,0,3665.25,11794
2022-10-03 12:51:17,35,16,3665.25,11810
2022-10-03 12:51:18,28,-4,3665.5,11806
2022-10-03 12:51:19,16,-3,3665.75,11803
2022-10-03 12:51:21,12,-2,3665.25,11801
2022-10-03 12:51:22,2,1,3665.25,11802
2022-10-03 12:51:23,1,-1,3665.0,11801
2022-10-03 12:51:24,47,-11,3665.0,11790
2022-10-03 12:51:25,10,-6,3665.0,11784
2022-10-03 12:51:26,75,17,3665.0,11801
2022-10-03 12:51:27,21,11,3665.0,11812
2022-10-03 12:51:28,52,-13,3664.75,11799
2022-10-03 12:51:29,41,1,3665.0,11800
2022-10-03 12:51:30,11,-2,3665.0,11798
2022-10-03 12:51:31,14,9,3665.25,11807
2022-10-03 12:51:32,24,9,3665.25,11816
2022-10-03 12:51:33,39,-10,3665.25,11806
2022-10-03 12:51:34,5,-3,3665.0,11803
2022-10-03 12:51:35,93,28,3665.0,11831
2022-10-03 12:51:36,4,-3,3664.75,11828
2022-10-03 12:51:37,44,-3,3665.0,11825
2022-10-03 12:51:38,21,-8,3665.0,11817
2022-10-03 12:51:39,7,-6,3664.75,11811
2022-10-03 12:51:40,1,-1,3664.5,11810
2022-10-03 12:51:41,34,-14,3664.75,11796
2022-10-03 12:51:42,180,86,3665.0,11882
2022-10-03 12:51:43,3,-3,3664.75,11879
2022-10-03 12:51:44,5,-3,3664.75,11876
2022-10-03 12:51:45,114,-15,3664.75,11861
2022-10-03 12:51:46,2,-2,3664.5,11859
2022-10-03 12:51:47,56,-26,3664.5,11833
2022-10-03 12:51:48,25,12,3664.75,11845
2022-10-03 12:51:49,28,12,3664.75,11857
2022-10-03 12:51:50,71,22,3665.0,11879
2022-10-03 12:51:51,2,-2,3665.0,11877
2022-10-03 12:51:52,20,4,3665.0,11881
2022-10-03 12:51:53,1,-1,3665.0,11880
2022-10-03 12:51:54,8,8,3665.25,11888
2022-10-03 12:51:55,17,15,3665.5,11903
2022-10-03 12:51:56,29,6,3665.5,11909
2022-10-03 12:51:57,5,-1,3665.25,11908
2022-10-03 12:52:00,46,11,3665.75,11919
2022-10-03 12:52:01,15,-9,3665.5,11910
2022-10-03 12:52:02,4,-1,3665.5,11909
2022-10-03 12:52:03,1,-1,3665.25,11908
2022-10-03 12:52:04,20,-10,3665.25,11898
2022-10-03 12:52:05,17,-5,3665.0,11893
2022-10-03 12:52:06,24,-6,3665.25,11887
2022-10-03 12:52:08,22,-8,3665.25,11879
2022-10-03 12:52:09,26,-8,3665.25,11871
2022-10-03 12:52:11,51,10,3665.0,11881
2022-10-03 12:52:12,25,-9,3664.75,11872
2022-10-03 12:52:13,75,-25,3664.75,11847
2022-10-03 12:52:14,61,-8,3664.5,11839
2022-10-03 12:52:15,139,-66,3664.25,11773
2022-10-03 12:52:16,30,-8,3663.75,11765
2022-10-03 12:52:17,43,-1,3663.5,11764
2022-10-03 12:52:18,13,-9,3663.5,11755
2022-10-03 12:52:19,46,-1,3663.75,11754
2022-10-03 12:52:20,7,1,3663.75,11755
2022-10-03 12:52:21,36,-6,3663.5,11749
2022-10-03 12:52:22,43,-4,3663.5,11745
2022-10-03 12:52:23,39,10,3663.75,11755
2022-10-03 12:52:24,63,1,3664.25,11756
2022-10-03 12:52:25,26,-18,3663.75,11738
2022-10-03 12:52:26,22,8,3663.75,11746
2022-10-03 12:52:27,7,4,3663.75,11750
2022-10-03 12:52:28,13,4,3663.75,11754
2022-10-03 12:52:29,29,-11,3663.5,11743
2022-10-03 12:52:30,15,4,3663.5,11747
2022-10-03 12:52:31,20,-16,3663.75,11731
2022-10-03 12:52:32,19,-5,3663.75,11726
2022-10-03 12:52:33,15,9,3663.5,11735
2022-10-03 12:52:34,30,-16,3663.5,11719
2022-10-03 12:52:35,17,-7,3663.5,11712
2022-10-03 12:52:36,11,-7,3663.25,11705
2022-10-03 12:52:37,41,4,3663.25,11709
2022-10-03 12:52:38,472,-229,3663.0,11480
2022-10-03 12:52:39,496,-324,3662.5,11156
2022-10-03 12:52:40,96,-1,3661.25,11155
2022-10-03 12:52:41,240,-109,3661.0,11046
2022-10-03 12:52:42,318,7,3660.5,11053
2022-10-03 12:52:43,67,5,3661.0,11058
2022-10-03 12:52:44,114,16,3661.0,11074
2022-10-03 12:52:45,50,-31,3660.75,11043
2022-10-03 12:52:46,28,-9,3660.5,11034
2022-10-03 12:52:47,60,9,3661.0,11043
2022-10-03 12:52:48,66,-20,3661.0,11023
2022-10-03 12:52:49,51,26,3661.25,11049
2022-10-03 12:52:50,41,-12,3661.25,11037
2022-10-03 12:52:51,38,-3,3661.25,11034
2022-10-03 12:52:52,58,-5,3661.25,11029
2022-10-03 12:52:53,33,-18,3660.75,11011
2022-10-03 12:52:54,53,-19,3660.75,10992
2022-10-03 12:52:55,72,-5,3660.5,10987
2022-10-03 12:52:56,28,-9,3660.75,10978
2022-10-03 12:52:57,68,20,3660.75,10998
2022-10-03 12:52:58,33,-10,3661.0,10988
2022-10-03 12:52:59,30,-2,3661.0,10986
2022-10-03 12:53:00,31,7,3660.75,10993
2022-10-03 12:53:01,167,-66,3661.25,10927
2022-10-03 12:53:02,5,1,3661.25,10928
2022-10-03 12:53:03,47,8,3661.5,10936
2022-10-03 12:53:04,99,12,3661.75,10948
2022-10-03 12:53:05,62,-13,3662.0,10935
2022-10-03 12:53:06,125,21,3662.5,10956
2022-10-03 12:53:07,63,8,3662.5,10964
2022-10-03 12:53:08,411,163,3664.5,11127
2022-10-03 12:53:09,122,86,3665.5,11213
2022-10-03 12:53:10,80,-20,3665.5,11193
2022-10-03 12:53:11,141,-38,3665.25,11155
2022-10-03 12:53:12,36,-21,3664.75,11134
2022-10-03 12:53:13,95,16,3664.75,11150
2022-10-03 12:53:14,74,-18,3664.5,11132
2022-10-03 12:53:15,60,-4,3663.75,11128
2022-10-03 12:53:16,43,2,3663.5,11130
2022-10-03 12:53:17,132,47,3664.0,11177
2022-10-03 12:53:18,63,15,3664.0,11192
2022-10-03 12:53:19,31,-7,3663.75,11185
2022-10-03 12:53:20,14,-3,3663.75,11182
2022-10-03 12:53:21,26,-4,3663.75,11178
2022-10-03 12:53:22,26,-6,3663.5,11172
2022-10-03 12:53:23,38,-6,3663.5,11166
2022-10-03 12:53:24,30,25,3663.75,11191
2022-10-03 12:53:25,58,6,3663.75,11197
2022-10-03 12:53:26,56,12,3664.0,11209
2022-10-03 12:53:27,42,13,3664.5,11222
2022-10-03 12:53:28,17,6,3664.25,11228
2022-10-03 12:53:29,41,3,3664.25,11231
2022-10-03 12:53:30,24,-1,3664.25,11230
2022-10-03 12:53:31,41,13,3664.5,11243
2022-10-03 12:53:32,16,7,3664.5,11250
2022-10-03 12:53:33,12,-2,3664.5,11248
2022-10-03 12:53:34,76,54,3664.75,11302
2022-10-03 12:53:35,31,-3,3664.5,11299
2022-10-03 12:53:36,36,-13,3664.5,11286
2022-10-03 12:53:37,43,-10,3664.25,11276
2022-10-03 12:53:38,35,0,3664.5,11276
2022-10-03 12:53:39,8,2,3664.25,11278
2022-10-03 12:53:40,90,19,3664.75,11297
2022-10-03 12:53:41,34,-5,3664.75,11292
2022-10-03 12:53:42,32,0,3664.25,11292
2022-10-03 12:53:43,143,-124,3664.5,11168
2022-10-03 12:53:44,12,11,3664.25,11179
2022-10-03 12:53:45,15,6,3664.25,11185
2022-10-03 12:53:46,47,-3,3664.25,11182
2022-10-03 12:53:47,37,-9,3664.0,11173
2022-10-03 12:53:48,46,-6,3663.75,11167
2022-10-03 12:53:49,32,7,3664.0,11174
2022-10-03 12:53:50,80,-30,3663.75,11144
2022-10-03 12:53:51,15,2,3663.5,11146
2022-10-03 12:53:52,11,-4,3663.25,11142
2022-10-03 12:53:53,26,2,3663.25,11144
2022-10-03 12:53:54,3,-3,3663.25,11141
2022-10-03 12:53:55,31,-8,3663.25,11133
2022-10-03 12:53:56,1,1,3663.25,11134
2022-10-03 12:53:57,35,-4,3663.25,11130
2022-10-03 12:53:58,11,-9,3663.25,11121
2022-10-03 12:53:59,53,1,3663.0,11122
2022-10-03 12:54:00,95,6,3663.25,11128
2022-10-03 12:54:01,82,-40,3663.0,11088
2022-10-03 12:54:02,75,-23,3662.25,11065
2022-10-03 12:54:03,143,-58,3662.0,11007
2022-10-03 12:54:04,24,-11,3662.0,10996
2022-10-03 12:54:05,33,12,3662.0,11008
2022-10-03 12:54:06,7,-7,3661.75,11001
2022-10-03 12:54:07,99,-44,3661.5,10957
2022-10-03 12:54:08,120,10,3661.0,10967
2022-10-03 12:54:09,58,11,3660.75,10978
2022-10-03 12:54:10,75,13,3660.75,10991
2022-10-03 12:54:11,94,-77,3660.5,10914
2022-10-03 12:54:12,46,-4,3660.5,10910
2022-10-03 12:54:13,164,-25,3660.5,10885
2022-10-03 12:54:14,39,-16,3660.5,10869
2022-10-03 12:54:15,47,-5,3660.5,10864
2022-10-03 12:54:16,98,-8,3660.5,10856
2022-10-03 12:54:17,107,43,3660.75,10899
2022-10-03 12:54:18,39,-1,3660.75,10898
2022-10-03 12:54:19,28,-1,3660.75,10897
2022-10-03 12:54:20,38,-5,3660.75,10892
2022-10-03 12:54:21,37,3,3660.75,10895
2022-10-03 12:54:22,32,-10,3661.0,10885
2022-10-03 12:54:23,49,15,3661.0,10900
2022-10-03 12:54:24,19,-1,3661.25,10899
2022-10-03 12:54:25,31,0,3661.25,10899
2022-10-03 12:54:26,27,0,3661.0,10899
2022-10-03 12:54:27,3,3,3661.0,10902
2022-10-03 12:54:28,38,6,3661.0,10908
2022-10-03 12:54:29,53,24,3661.75,10932
2022-10-03 12:54:30,33,1,3661.75,10933
2022-10-03 12:54:31,41,23,3661.75,10956
2022-10-03 12:54:32,31,9,3662.0,10965
2022-10-03 12:54:33,21,4,3662.0,10969
2022-10-03 12:54:34,10,5,3662.0,10974
2022-10-03 12:54:36,66,31,3662.25,11005
2022-10-03 12:54:37,20,10,3662.25,11015
2022-10-03 12:54:38,189,68,3662.5,11083
2022-10-03 12:54:39,48,-3,3663.0,11080
2022-10-03 12:54:40,47,31,3663.25,11111
2022-10-03 12:54:41,37,1,3663.25,11112
2022-10-03 12:54:42,57,-5,3663.5,11107
2022-10-03 12:54:43,54,2,3663.75,11109
2022-10-03 12:54:44,74,-11,3664.0,11098
2022-10-03 12:54:45,43,9,3663.75,11107
2022-10-03 12:54:46,9,5,3663.75,11112
2022-10-03 12:54:47,3,-1,3663.75,11111
2022-10-03 12:54:48,91,-26,3663.75,11085
2022-10-03 12:54:49,22,-7,3663.25,11078
2022-10-03 12:54:50,19,5,3663.5,11083
2022-10-03 12:54:51,36,-4,3663.25,11079
2022-10-03 12:54:52,13,-3,3663.5,11076
2022-10-03 12:54:53,5,1,3663.75,11077
2022-10-03 12:54:54,83,6,3664.0,11083
2022-10-03 12:54:55,4,-3,3663.75,11080
2022-10-03 12:54:56,35,-18,3663.75,11062
2022-10-03 12:54:57,23,-5,3663.5,11057
2022-10-03 12:54:58,31,-8,3663.75,11049
2022-10-03 12:54:59,144,50,3663.75,11099
2022-10-03 12:55:00,43,9,3663.75,11108
2022-10-03 12:55:01,45,2,3663.5,11110
2022-10-03 12:55:02,73,-27,3663.25,11083
2022-10-03 12:55:03,19,5,3663.25,11088
2022-10-03 12:55:04,26,-18,3663.25,11070
2022-10-03 12:55:05,9,2,3663.25,11072
2022-10-03 12:55:06,24,-2,3663.0,11070
2022-10-03 12:55:07,30,-10,3662.75,11060
2022-10-03 12:55:08,28,9,3663.0,11069
2022-10-03 12:55:09,6,-1,3662.75,11068
2022-10-03 12:55:10,8,2,3662.75,11070
2022-10-03 12:55:11,132,11,3662.75,11081
2022-10-03 12:55:12,62,-21,3662.5,11060
2022-10-03 12:55:13,36,-6,3662.5,11054
2022-10-03 12:55:14,175,53,3662.5,11107
2022-10-03 12:55:15,10,-1,3662.5,11106
2022-10-03 12:55:16,29,-3,3662.5,11103
2022-10-03 12:55:17,6,0,3662.5,11103
2022-10-03 12:55:18,29,0,3662.5,11103
2022-10-03 12:55:19,23,5,3662.5,11108
2022-10-03 12:55:20,36,-17,3662.5,11091
2022-10-03 12:55:21,16,8,3662.25,11099
2022-10-03 12:55:22,48,23,3662.5,11122
2022-10-03 12:55:23,13,-6,3662.5,11116
2022-10-03 12:55:24,27,-12,3662.0,11104
2022-10-03 12:55:25,51,-11,3662.0,11093
2022-10-03 12:55:26,50,17,3662.0,11110
2022-10-03 12:55:27,16,-11,3662.0,11099
2022-10-03 12:55:28,25,1,3662.0,11100
2022-10-03 12:55:29,26,0,3661.75,11100
2022-10-03 12:55:30,24,5,3662.0,11105
2022-10-03 12:55:31,13,-1,3661.75,11104
2022-10-03 12:55:32,20,11,3661.75,11115
2022-10-03 12:55:33,28,10,3662.0,11125
2022-10-03 12:55:34,28,5,3662.0,11130
2022-10-03 12:55:35,2,-2,3661.75,11128
2022-10-03 12:55:36,28,4,3662.0,11132
2022-10-03 12:55:37,5,1,3662.0,11133
2022-10-03 12:55:38,24,13,3662.25,11146
2022-10-03 12:55:39,13,7,3662.0,11153
2022-10-03 12:55:40,18,2,3662.0,11155
2022-10-03 12:55:41,49,21,3662.5,11176
2022-10-03 12:55:42,31,11,3662.25,11187
2022-10-03 12:55:43,4,-4,3662.0,11183
2022-10-03 12:55:44,59,-1,3662.0,11182
2022-10-03 12:55:45,26,11,3662.25,11193
2022-10-03 12:55:46,24,12,3662.25,11205
2022-10-03 12:55:47,102,29,3663.0,11234
2022-10-03 12:55:48,21,1,3663.0,11235
2022-10-03 12:55:49,38,-3,3662.75,11232
2022-10-03 12:55:50,34,5,3662.5,11237
2022-10-03 12:55:51,4,-4,3662.5,11233
2022-10-03 12:55:52,41,15,3662.5,11248
2022-10-03 12:55:53,11,-4,3662.75,11244
2022-10-03 12:55:54,1,-1,3662.5,11243
2022-10-03 12:55:55,3,3,3662.75,11246
2022-10-03 12:55:56,54,3,3662.75,11249
2022-10-03 12:55:57,13,-5,3662.75,11244
2022-10-03 12:55:58,21,-3,3662.5,11241
2022-10-03 12:55:59,29,-4,3662.5,11237
2022-10-03 12:56:00,28,8,3662.5,11245
2022-10-03 12:56:01,24,16,3663.0,11261
2022-10-03 12:56:02,47,7,3663.25,11268
2022-10-03 12:56:03,148,99,3663.25,11367
2022-10-03 12:56:04,83,32,3663.5,11399
2022-10-03 12:56:05,22,8,3663.75,11407
2022-10-03 12:56:06,124,24,3663.75,11431
2022-10-03 12:56:07,34,3,3664.0,11434
2022-10-03 12:56:08,63,16,3664.0,11450
2022-10-03 12:56:09,88,54,3664.25,11504
2022-10-03 12:56:10,122,28,3664.25,11532
2022-10-03 12:56:11,53,-14,3664.25,11518
2022-10-03 12:56:12,4,0,3664.0,11518
2022-10-03 12:56:13,51,7,3664.25,11525
2022-10-03 12:56:14,11,6,3664.25,11531
2022-10-03 12:56:15,49,6,3664.5,11537
2022-10-03 12:56:16,35,6,3664.75,11543
2022-10-03 12:56:17,12,-3,3664.75,11540
2022-10-03 12:56:18,10,-4,3664.75,11536
2022-10-03 12:56:19,6,2,3664.75,11538
2022-10-03 12:56:20,29,7,3664.75,11545
2022-10-03 12:56:21,36,-8,3664.5,11537
2022-10-03 12:56:22,78,41,3665.0,11578
2022-10-03 12:56:23,27,0,3664.75,11578
2022-10-03 12:56:24,28,-13,3664.25,11565
2022-10-03 12:56:26,2,-2,3664.25,11563
2022-10-03 12:56:27,53,-15,3664.25,11548
2022-10-03 12:56:28,148,41,3665.0,11589
2022-10-03 12:56:29,20,2,3665.0,11591
2022-10-03 12:56:30,152,45,3665.75,11636
2022-10-03 12:56:31,40,1,3665.75,11637
2022-10-03 12:56:32,48,17,3665.5,11654
2022-10-03 12:56:33,62,33,3665.75,11687
2022-10-03 12:56:34,9,4,3665.75,11691
2022-10-03 12:56:35,97,-9,3666.0,11682
2022-10-03 12:56:36,24,9,3666.0,11691
2022-10-03 12:56:37,34,-18,3665.75,11673
2022-10-03 12:56:38,18,0,3665.75,11673
2022-10-03 12:56:39,32,19,3666.0,11692
2022-10-03 12:56:40,25,0,3665.75,11692
2022-10-03 12:56:41,31,-4,3665.75,11688
2022-10-03 12:56:42,10,-2,3665.75,11686
2022-10-03 12:56:43,21,-5,3665.75,11681
2022-10-03 12:56:44,20,3,3665.75,11684
2022-10-03 12:56:45,21,1,3666.0,11685
2022-10-03 12:56:46,7,-7,3665.75,11678
2022-10-03 12:56:47,15,4,3665.75,11682
2022-10-03 12:56:48,11,11,3666.0,11693
2022-10-03 12:56:49,35,-13,3665.75,11680
2022-10-03 12:56:50,57,13,3665.5,11693
2022-10-03 12:56:51,3,-3,3665.25,11690
2022-10-03 12:56:52,11,-5,3665.25,11685
2022-10-03 12:56:53,121,-74,3665.25,11611
2022-10-03 12:56:54,25,5,3665.5,11616
2022-10-03 12:56:55,53,4,3665.75,11620
2022-10-03 12:56:56,41,-6,3665.5,11614
2022-10-03 12:56:57,23,7,3665.5,11621
2022-10-03 12:56:58,13,-5,3665.5,11616
2022-10-03 12:56:59,60,12,3665.75,11628
2022-10-03 12:57:00,20,3,3665.75,11631
2022-10-03 12:57:01,33,-1,3665.5,11630
2022-10-03 12:57:02,47,12,3665.75,11642
2022-10-03 12:57:03,21,10,3665.75,11652
2022-10-03 12:57:04,23,4,3665.75,11656
2022-10-03 12:57:05,53,-14,3665.75,11642
2022-10-03 12:57:06,33,7,3666.0,11649
2022-10-03 12:57:07,47,30,3666.25,11679
2022-10-03 12:57:08,69,-15,3666.0,11664
2022-10-03 12:57:09,32,-20,3665.5,11644
2022-10-03 12:57:10,8,6,3665.5,11650
2022-10-03 12:57:11,45,-16,3665.25,11634
2022-10-03 12:57:12,31,11,3665.5,11645
2022-10-03 12:57:13,37,-9,3665.5,11636
2022-10-03 12:57:14,23,-2,3665.75,11634
2022-10-03 12:57:15,25,5,3665.75,11639
2022-10-03 12:57:16,37,7,3666.25,11646
2022-10-03 12:57:17,10,3,3666.25,11649
2022-10-03 12:57:18,8,6,3666.5,11655
2022-10-03 12:57:19,81,10,3666.75,11665
2022-10-03 12:57:20,2,2,3666.75,11667
2022-10-03 12:57:21,113,52,3667.25,11719
2022-10-03 12:57:22,152,34,3668.0,11753
2022-10-03 12:57:23,53,20,3667.5,11773
2022-10-03 12:57:24,37,11,3667.5,11784
2022-10-03 12:57:25,80,9,3667.75,11793
2022-10-03 12:57:26,22,-4,3667.5,11789
2022-10-03 12:57:27,61,-16,3667.0,11773
2022-10-03 12:57:28,18,1,3667.25,11774
2022-10-03 12:57:29,36,2,3667.25,11776
2022-10-03 12:57:30,27,2,3667.25,11778
2022-10-03 12:57:31,28,-1,3667.25,11777
2022-10-03 12:57:32,2,2,3667.25,11779
2022-10-03 12:57:33,28,8,3667.5,11787
2022-10-03 12:57:34,33,2,3667.75,11789
2022-10-03 12:57:35,28,-3,3667.5,11786
2022-10-03 12:57:36,21,-4,3667.25,11782
2022-10-03 12:57:37,80,-29,3667.25,11753
2022-10-03 12:57:38,29,7,3667.25,11760
2022-10-03 12:57:39,44,0,3667.0,11760
2022-10-03 12:57:40,32,-8,3666.75,11752
2022-10-03 12:57:41,72,-16,3667.0,11736
2022-10-03 12:57:42,4,0,3667.25,11736
2022-10-03 12:57:43,1,-1,3667.0,11735
2022-10-03 12:57:44,16,-11,3667.0,11724
2022-10-03 12:57:45,2,2,3667.0,11726
2022-10-03 12:57:46,139,15,3667.0,11741
2022-10-03 12:57:47,60,-32,3666.5,11709
2022-10-03 12:57:48,34,1,3666.5,11710
2022-10-03 12:57:49,42,9,3666.75,11719
2022-10-03 12:57:50,1,-1,3666.5,11718
2022-10-03 12:57:51,89,-3,3666.5,11715
2022-10-03 12:57:52,10,-10,3666.25,11705
2022-10-03 12:57:53,69,-17,3666.0,11688
2022-10-03 12:57:54,10,2,3666.0,11690
2022-10-03 12:57:55,12,-2,3665.75,11688
2022-10-03 12:57:56,89,-15,3665.5,11673
2022-10-03 12:57:57,39,1,3665.5,11674
2022-10-03 12:57:58,12,0,3665.5,11674
2022-10-03 12:57:59,38,4,3665.75,11678
2022-10-03 12:58:00,17,11,3665.75,11689
2022-10-03 12:58:01,24,0,3666.0,11689
2022-10-03 12:58:02,2,2,3666.25,11691
2022-10-03 12:58:03,6,-2,3666.25,11689
2022-10-03 12:58:04,55,-17,3666.0,11672
2022-10-03 12:58:05,4,1,3665.75,11673
2022-10-03 12:58:06,68,-25,3665.75,11648
2022-10-03 12:58:07,55,-14,3665.75,11634
2022-10-03 12:58:08,32,-5,3665.5,11629
2022-10-03 12:58:09,3,-1,3665.75,11628
2022-10-03 12:58:10,22,-1,3665.75,11627
2022-10-03 12:58:11,11,-9,3665.5,11618
2022-10-03 12:58:12,4,2,3665.5,11620
2022-10-03 12:58:13,22,3,3665.5,11623
2022-10-03 12:58:14,14,-11,3665.25,11612
2022-10-03 12:58:15,42,2,3665.5,11614
2022-10-03 12:58:17,62,13,3666.0,11627
2022-10-03 12:58:18,18,-4,3666.0,11623
2022-10-03 12:58:19,23,-3,3666.0,11620
2022-10-03 12:58:20,16,11,3666.25,11631
2022-10-03 12:58:21,22,2,3666.25,11633
2022-10-03 12:58:22,37,-4,3666.5,11629
2022-10-03 12:58:23,28,5,3667.0,11634
2022-10-03 12:58:24,7,6,3666.75,11640
2022-10-03 12:58:25,2,0,3666.75,11640
2022-10-03 12:58:26,38,-4,3666.75,11636
2022-10-03 12:58:27,16,-1,3666.75,11635
2022-10-03 12:58:28,6,-2,3666.75,11633
2022-10-03 12:58:29,21,-2,3666.5,11631
2022-10-03 12:58:30,20,8,3666.75,11639
2022-10-03 12:58:31,1,1,3666.5,11640
2022-10-03 12:58:32,47,1,3666.5,11641
2022-10-03 12:58:33,88,-3,3666.75,11638
2022-10-03 12:58:34,44,22,3667.0,11660
2022-10-03 12:58:35,5,2,3667.0,11662
2022-10-03 12:58:36,61,-6,3666.75,11656
2022-10-03 12:58:37,61,0,3667.0,11656
2022-10-03 12:58:38,63,5,3667.0,11661
2022-10-03 12:58:39,39,-11,3666.75,11650
2022-10-03 12:58:40,20,3,3666.75,11653
2022-10-03 12:58:41,2,0,3667.0,11653
2022-10-03 12:58:42,103,58,3667.25,11711
2022-10-03 12:58:43,39,-19,3666.75,11692
2022-10-03 12:58:44,16,-7,3666.75,11685
2022-10-03 12:58:45,9,7,3666.75,11692
2022-10-03 12:58:46,19,-3,3666.75,11689
2022-10-03 12:58:47,35,3,3666.5,11692
2022-10-03 12:58:49,2,-2,3666.5,11690
2022-10-03 12:58:50,64,-6,3666.75,11684
2022-10-03 12:58:51,71,5,3666.25,11689
2022-10-03 12:58:52,11,-1,3666.25,11688
2022-10-03 12:58:53,9,1,3666.25,11689
2022-10-03 12:58:54,13,3,3666.25,11692
2022-10-03 12:58:55,14,-6,3666.25,11686
2022-10-03 12:58:56,3,-1,3666.25,11685
2022-10-03 12:58:57,19,3,3666.25,11688
2022-10-03 12:58:59,20,-5,3666.25,11683
2022-10-03 12:59:00,20,2,3666.0,11685
2022-10-03 12:59:01,14,10,3666.25,11695
2022-10-03 12:59:02,1,1,3666.5,11696
2022-10-03 12:59:03,32,-20,3666.25,11676
2022-10-03 12:59:04,7,7,3666.25,11683
2022-10-03 12:59:06,39,-4,3666.5,11679
2022-10-03 12:59:08,30,-1,3666.5,11678
2022-10-03 12:59:09,31,5,3666.75,11683
2022-10-03 12:59:10,36,12,3666.75,11695
2022-10-03 12:59:11,24,7,3666.75,11702
2022-10-03 12:59:12,75,55,3667.0,11757
2022-10-03 12:59:13,2,-2,3666.75,11755
2022-10-03 12:59:14,22,3,3666.75,11758
2022-10-03 12:59:15,32,4,3667.0,11762
2022-10-03 12:59:16,25,1,3666.25,11763
2022-10-03 12:59:17,18,6,3666.5,11769
2022-10-03 12:59:18,25,-1,3666.75,11768
2022-10-03 12:59:19,3,-1,3666.75,11767
2022-10-03 12:59:20,59,-12,3667.0,11755
2022-10-03 12:59:21,57,30,3667.25,11785
2022-10-03 12:59:22,111,23,3667.75,11808
2022-10-03 12:59:23,63,30,3667.75,11838
2022-10-03 12:59:24,14,-2,3667.75,11836
2022-10-03 12:59:25,39,-8,3667.75,11828
2022-10-03 12:59:26,37,1,3667.75,11829
2022-10-03 12:59:27,120,-53,3667.5,11776
2022-10-03 12:59:28,26,16,3667.5,11792
2022-10-03 12:59:29,43,17,3667.75,11809
2022-10-03 12:59:30,157,-11,3668.0,11798
2022-10-03 12:59:31,7,5,3667.5,11803
2022-10-03 12:59:32,84,-15,3667.5,11788
2022-10-03 12:59:33,47,13,3667.5,11801
2022-10-03 12:59:34,1,-1,3667.25,11800
2022-10-03 12:59:35,144,-15,3667.5,11785
2022-10-03 12:59:36,52,10,3667.75,11795
2022-10-03 12:59:37,11,-4,3667.75,11791
2022-10-03 12:59:38,33,11,3667.75,11802
2022-10-03 12:59:39,23,-4,3667.75,11798
2022-10-03 12:59:40,38,20,3667.75,11818
2022-10-03 12:59:41,63,-14,3667.5,11804
2022-10-03 12:59:42,15,-10,3667.5,11794
2022-10-03 12:59:43,16,6,3667.5,11800
2022-10-03 12:59:44,18,-2,3667.5,11798
2022-10-03 12:59:45,34,8,3667.75,11806
2022-10-03 12:59:46,6,-2,3668.0,11804
2022-10-03 12:59:47,52,23,3668.0,11827
2022-10-03 12:59:48,8,6,3668.0,11833
2022-10-03 12:59:49,1,1,3668.0,11834
2022-10-03 12:59:50,29,1,3668.25,11835
2022-10-03 12:59:51,28,22,3668.25,11857
2022-10-03 12:59:52,1,-1,3668.0,11856
2022-10-03 12:59:53,155,98,3668.75,11954
2022-10-03 12:59:54,38,7,3668.5,11961
2022-10-03 12:59:55,4,4,3668.5,11965
2022-10-03 12:59:56,27,18,3668.5,11983
2022-10-03 12:59:57,82,10,3668.5,11993
2022-10-03 12:59:58,2,0,3668.5,11993
2022-10-03 12:59:59,12,2,3668.5,11995
2022-10-03 13:00:00,129,-4,3668.5,11991
2022-10-03 13:00:01,46,34,3668.5,12025
2022-10-03 13:00:02,14,6,3668.5,12031
2022-10-03 13:00:03,88,16,3668.75,12047
2022-10-03 13:00:04,54,-9,3668.5,12038
2022-10-03 13:00:05,48,9,3668.5,12047
2022-10-03 13:00:06,25,-13,3668.5,12034
2022-10-03 13:00:07,40,20,3668.25,12054
2022-10-03 13:00:08,20,-7,3668.25,12047
2022-10-03 13:00:09,46,2,3668.25,12049
2022-10-03 13:00:10,26,2,3668.25,12051
2022-10-03 13:00:11,38,-1,3668.25,12050
2022-10-03 13:00:12,32,18,3668.5,12068
2022-10-03 13:00:13,57,43,3668.75,12111
2022-10-03 13:00:14,249,76,3669.5,12187
2022-10-03 13:00:15,79,31,3669.5,12218
2022-10-03 13:00:16,14,-5,3669.5,12213
2022-10-03 13:00:17,313,-60,3669.5,12153
2022-10-03 13:00:18,6,6,3669.5,12159
2022-10-03 13:00:19,163,-6,3669.5,12153
2022-10-03 13:00:20,165,57,3669.5,12210
2022-10-03 13:00:21,214,94,3670.25,12304
2022-10-03 13:00:22,85,64,3670.25,12368
2022-10-03 13:00:23,109,28,3670.5,12396
2022-10-03 13:00:24,229,34,3671.0,12430
2022-10-03 13:00:25,45,20,3670.75,12450
2022-10-03 13:00:26,76,5,3670.75,12455
2022-10-03 13:00:27,163,-15,3670.75,12440
2022-10-03 13:00:28,29,8,3671.0,12448
2022-10-03 13:00:29,53,2,3671.0,12450
2022-10-03 13:00:30,81,-13,3670.75,12437
2022-10-03 13:00:31,106,-5,3670.75,12432
2022-10-03 13:00:32,52,27,3670.75,12459
2022-10-03 13:00:33,4,-2,3670.75,12457
2022-10-03 13:00:34,8,8,3670.75,12465
2022-10-03 13:00:35,68,40,3671.0,12505
2022-10-03 13:00:36,7,7,3671.0,12512
2022-10-03 13:00:37,32,1,3671.0,12513
2022-10-03 13:00:38,111,4,3671.0,12517
2022-10-03 13:00:39,55,10,3671.0,12527
2022-10-03 13:00:40,35,-7,3671.0,12520
2022-10-03 13:00:41,9,6,3670.75,12526
2022-10-03 13:00:42,62,23,3671.25,12549
2022-10-03 13:00:43,70,-1,3671.0,12548
2022-10-03 13:00:44,15,-7,3670.75,12541
2022-10-03 13:00:45,58,-7,3670.75,12534
2022-10-03 13:00:46,26,-14,3670.75,12520
2022-10-03 13:00:47,77,-5,3670.5,12515
2022-10-03 13:00:48,161,-100,3670.25,12415
2022-10-03 13:00:49,62,12,3670.0,12427
2022-10-03 13:00:50,18,1,3670.0,12428
2022-10-03 13:00:51,37,0,3670.0,12428
2022-10-03 13:00:52,20,-8,3669.75,12420
2022-10-03 13:00:53,17,-9,3669.5,12411
2022-10-03 13:00:54,74,-24,3669.5,12387
2022-10-03 13:00:55,59,-20,3669.25,12367
2022-10-03 13:00:56,40,21,3669.25,12388
2022-10-03 13:00:57,21,-17,3669.25,12371
2022-10-03 13:00:58,31,15,3669.25,12386
2022-10-03 13:00:59,94,5,3669.5,12391
2022-10-03 13:01:00,63,13,3669.5,12404
2022-10-03 13:01:01,27,23,3669.75,12427
2022-10-03 13:01:02,93,15,3670.0,12442
2022-10-03 13:01:03,13,-9,3670.0,12433
2022-10-03 13:01:04,2,1,3670.0,12434
2022-10-03 13:01:05,32,5,3670.25,12439
2022-10-03 13:01:06,29,6,3670.25,12445
2022-10-03 13:01:07,13,-3,3670.25,12442
2022-10-03 13:01:08,19,-3,3670.5,12439
2022-10-03 13:01:09,17,11,3670.25,12450
2022-10-03 13:01:10,12,-8,3670.25,12442
2022-10-03 13:01:11,76,39,3670.5,12481
2022-10-03 13:01:12,175,-15,3670.25,12466
2022-10-03 13:01:13,6,-2,3670.25,12464
2022-10-03 13:01:14,46,24,3670.5,12488
2022-10-03 13:01:15,46,-12,3670.5,12476
2022-10-03 13:01:16,147,3,3670.75,12479
2022-10-03 13:01:17,1,-1,3670.5,12478
2022-10-03 13:01:18,3,1,3670.75,12479
2022-10-03 13:01:19,78,-15,3670.75,12464
2022-10-03 13:01:20,48,4,3670.75,12468
2022-10-03 13:01:21,193,-5,3670.75,12463
2022-10-03 13:01:22,26,-10,3670.75,12453
2022-10-03 13:01:23,100,-8,3670.5,12445
2022-10-03 13:01:24,42,2,3670.25,12447
2022-10-03 13:01:25,41,-19,3670.0,12428
2022-10-03 13:01:26,16,-8,3670.25,12420
2022-10-03 13:01:27,10,-10,3670.0,12410
2022-10-03 13:01:28,22,10,3670.0,12420
2022-10-03 13:01:29,16,-2,3670.0,12418
2022-10-03 13:01:30,1,1,3670.0,12419
2022-10-03 13:01:31,12,-6,3670.25,12413
2022-10-03 13:01:32,51,-34,3669.75,12379
2022-10-03 13:01:33,38,-15,3669.5,12364
2022-10-03 13:01:34,4,-2,3669.25,12362
2022-10-03 13:01:35,16,-8,3669.25,12354
2022-10-03 13:01:36,127,-49,3669.0,12305
2022-10-03 13:01:37,18,-12,3668.75,12293
2022-10-03 13:01:38,89,29,3669.0,12322
2022-10-03 13:01:39,38,-1,3669.0,12321
2022-10-03 13:01:40,27,-15,3668.75,12306
2022-10-03 13:01:41,15,-8,3668.75,12298
2022-10-03 13:01:42,36,-5,3668.5,12293
2022-10-03 13:01:43,168,-32,3668.25,12261
2022-10-03 13:01:44,91,-11,3667.75,12250
2022-10-03 13:01:45,57,17,3668.0,12267
2022-10-03 13:01:46,49,26,3668.25,12293
2022-10-03 13:01:47,28,-17,3668.25,12276
2022-10-03 13:01:48,20,2,3668.25,12278
2022-10-03 13:01:49,31,-23,3668.25,12255
2022-10-03 13:01:50,22,0,3668.0,12255
2022-10-03 13:01:51,1,-1,3667.75,12254
2022-10-03 13:01:53,46,-8,3667.75,12246
2022-10-03 13:01:54,85,15,3667.75,12261
2022-10-03 13:01:55,27,-5,3668.0,12256
2022-10-03 13:01:56,27,-9,3667.75,12247
2022-10-03 13:01:57,14,10,3667.75,12257
2022-10-03 13:01:58,1,1,3668.0,12258
2022-10-03 13:01:59,74,22,3668.25,12280
2022-10-03 13:02:00,48,-13,3668.0,12267
2022-10-03 13:02:01,80,-20,3667.75,12247
2022-10-03 13:02:02,76,26,3668.0,12273
2022-10-03 13:02:03,72,36,3668.5,12309
2022-10-03 13:02:04,106,11,3668.5,12320
2022-10-03 13:02:05,5,1,3668.75,12321
2022-10-03 13:02:06,30,5,3668.75,12326
2022-10-03 13:02:07,7,-1,3668.75,12325
2022-10-03 13:02:08,31,12,3669.0,12337
2022-10-03 13:02:09,6,4,3669.0,12341
2022-10-03 13:02:10,72,35,3669.25,12376
2022-10-03 13:02:11,126,9,3669.5,12385
2022-10-03 13:02:12,13,7,3669.5,12392
2022-10-03 13:02:13,28,4,3669.5,12396
2022-10-03 13:02:14,44,-23,3669.75,12373
2022-10-03 13:02:15,5,3,3669.5,12376
2022-10-03 13:02:16,180,-52,3669.5,12324
2022-10-03 13:02:17,29,-4,3668.5,12320
2022-10-03 13:02:18,36,-8,3668.25,12312
2022-10-03 13:02:19,15,11,3668.5,12323
2022-10-03 13:02:20,18,2,3668.5,12325
2022-10-03 13:02:21,73,-17,3668.5,12308
2022-10-03 13:02:22,12,1,3668.5,12309
2022-10-03 13:02:23,84,0,3668.25,12309
2022-10-03 13:02:24,107,27,3668.75,12336
2022-10-03 13:02:25,21,6,3668.75,12342
2022-10-03 13:02:26,9,0,3668.75,12342
2022-10-03 13:02:27,15,14,3669.0,12356
2022-10-03 13:02:28,137,-16,3669.0,12340
2022-10-03 13:02:29,1,-1,3668.0,12339
2022-10-03 13:02:30,52,0,3668.25,12339
2022-10-03 13:02:31,26,0,3668.0,12339
2022-10-03 13:02:32,21,-1,3668.25,12338
2022-10-03 13:02:33,21,-9,3668.25,12329
2022-10-03 13:02:35,66,-19,3667.75,12310
2022-10-03 13:02:36,111,-18,3668.0,12292
2022-10-03 13:02:37,35,-11,3667.75,12281
2022-10-03 13:02:38,75,18,3667.75,12299
2022-10-03 13:02:39,18,-7,3667.75,12292
2022-10-03 13:02:40,38,4,3668.0,12296
2022-10-03 13:02:41,69,16,3668.0,12312
2022-10-03 13:02:42,61,1,3668.25,12313
2022-10-03 13:02:43,56,-11,3668.25,12302
2022-10-03 13:02:44,3,-3,3668.0,12299
2022-10-03 13:02:45,11,11,3668.0,12310
2022-10-03 13:02:46,20,-5,3668.0,12305
2022-10-03 13:02:47,20,7,3668.0,12312
2022-10-03 13:02:48,44,3,3668.25,12315
2022-10-03 13:02:49,2,2,3668.25,12317
2022-10-03 13:02:50,1,1,3668.25,12318
2022-10-03 13:02:51,3,-3,3668.0,12315
2022-10-03 13:02:52,17,11,3668.25,12326
2022-10-03 13:02:53,8,-6,3668.25,12320
2022-10-03 13:02:54,15,7,3668.25,12327
2022-10-03 13:02:55,10,-1,3668.25,12326
2022-10-03 13:02:56,25,1,3668.25,12327
2022-10-03 13:02:57,48,2,3668.0,12329
2022-10-03 13:02:58,17,-3,3667.75,12326
2022-10-03 13:02:59,18,2,3668.0,12328
2022-10-03 13:03:00,28,-11,3667.75,12317
2022-10-03 13:03:01,2,-2,3667.5,12315
2022-10-03 13:03:02,26,-8,3667.75,12307
2022-10-03 13:03:03,41,13,3667.5,12320
2022-10-03 13:03:04,29,12,3667.75,12332
2022-10-03 13:03:05,12,-6,3667.75,12326
2022-10-03 13:03:06,45,-12,3667.5,12314
2022-10-03 13:03:07,24,-8,3667.5,12306
2022-10-03 13:03:08,31,-2,3667.75,12304
2022-10-03 13:03:09,11,-7,3667.75,12297
2022-10-03 13:03:10,13,3,3667.75,12300
2022-10-03 13:03:11,33,-10,3667.5,12290
2022-10-03 13:03:12,72,-28,3667.25,12262
2022-10-03 13:03:13,14,-11,3667.5,12251
2022-10-03 13:03:14,58,12,3667.5,12263
2022-10-03 13:03:15,2,2,3667.75,12265
2022-10-03 13:03:16,106,28,3668.0,12293
2022-10-03 13:03:17,2,0,3668.0,12293
2022-10-03 13:03:18,42,1,3668.0,12294
2022-10-03 13:03:19,2,2,3668.25,12296
2022-10-03 13:03:20,41,27,3668.25,12323
2022-10-03 13:03:21,1,-1,3668.0,12322
2022-10-03 13:03:22,45,-11,3668.5,12311
2022-10-03 13:03:23,17,-4,3668.5,12307
2022-10-03 13:03:24,37,20,3668.5,12327
2022-10-03 13:03:25,19,-5,3668.25,12322
2022-10-03 13:03:26,45,24,3668.25,12346
2022-10-03 13:03:27,12,0,3668.5,12346
2022-10-03 13:03:28,3,1,3668.5,12347
2022-10-03 13:03:29,31,10,3668.5,12357
2022-10-03 13:03:30,122,22,3669.0,12379
2022-10-03 13:03:31,11,3,3668.5,12382
2022-10-03 13:03:32,50,2,3668.25,12384
2022-10-03 13:03:33,15,8,3668.25,12392
2022-10-03 13:03:34,14,-5,3668.0,12387
2022-10-03 13:03:35,9,-4,3668.0,12383
2022-10-03 13:03:36,3,2,3668.0,12385
2022-10-03 13:03:37,22,3,3668.0,12388
2022-10-03 13:03:38,18,-3,3667.75,12385
2022-10-03 13:03:39,17,11,3668.0,12396
2022-10-03 13:03:40,10,4,3668.25,12400
2022-10-03 13:03:41,10,-3,3668.5,12397
2022-10-03 13:03:42,14,8,3668.5,12405
2022-10-03 13:03:43,24,4,3668.75,12409
2022-10-03 13:03:44,11,-2,3668.5,12407
2022-10-03 13:03:45,34,16,3668.5,12423
2022-10-03 13:03:47,24,7,3668.75,12430
2022-10-03 13:03:48,38,-17,3668.5,12413
2022-10-03 13:03:49,18,4,3668.5,12417
2022-10-03 13:03:50,14,-2,3668.75,12415
2022-10-03 13:03:51,23,22,3668.75,12437
2022-10-03 13:03:52,96,10,3669.0,12447
2022-10-03 13:03:53,80,19,3669.25,12466
2022-10-03 13:03:54,10,-7,3669.0,12459
2022-10-03 13:03:55,2,2,3669.0,12461
2022-10-03 13:03:56,48,-14,3669.0,12447
2022-10-03 13:03:57,5,5,3668.75,12452
2022-10-03 13:03:58,43,1,3668.5,12453
2022-10-03 13:03:59,1,1,3668.75,12454
2022-10-03 13:04:00,2,2,3668.75,12456
2022-10-03 13:04:01,24,21,3669.0,12477
2022-10-03 13:04:02,1,1,3669.0,12478
2022-10-03 13:04:03,3,1,3669.0,12479
2022-10-03 13:04:04,64,24,3669.25,12503
2022-10-03 13:04:05,87,13,3669.5,12516
2022-10-03 13:04:06,72,1,3669.5,12517
2022-10-03 13:04:07,39,-11,3669.5,12506
2022-10-03 13:04:08,59,-33,3669.25,12473
2022-10-03 13:04:09,17,-15,3669.0,12458
2022-10-03 13:04:10,4,-4,3669.0,12454
2022-10-03 13:04:11,14,4,3669.25,12458
2022-10-03 13:04:12,7,5,3669.25,12463
2022-10-03 13:04:13,43,26,3669.25,12489
2022-10-03 13:04:14,2,2,3669.5,12491
2022-10-03 13:04:15,38,21,3669.5,12512
2022-10-03 13:04:17,51,-6,3669.75,12506
2022-10-03 13:04:18,16,-1,3669.5,12505
2022-10-03 13:04:19,17,15,3669.5,12520
2022-10-03 13:04:20,105,15,3669.75,12535
2022-10-03 13:04:21,838,77,3670.0,12612
2022-10-03 13:04:22,165,-5,3669.75,12607
2022-10-03 13:04:23,4,4,3669.75,12611
2022-10-03 13:04:24,302,30,3670.0,12641
2022-10-03 13:04:25,85,10,3670.0,12651
2022-10-03 13:04:26,262,29,3670.0,12680
2022-10-03 13:04:27,76,-14,3670.0,12666
2022-10-03 13:04:28,7,1,3670.0,12667
2022-10-03 13:04:29,29,-7,3670.0,12660
2022-10-03 13:04:30,281,78,3669.75,12738
2022-10-03 13:04:31,190,-20,3669.5,12718
2022-10-03 13:04:32,61,-6,3669.5,12712
2022-10-03 13:04:34,34,24,3669.5,12736
2022-10-03 13:04:35,89,-50,3669.5,12686
2022-10-03 13:04:36,40,-1,3669.25,12685
2022-10-03 13:04:37,7,-4,3669.25,12681
2022-10-03 13:04:38,60,19,3669.25,12700
2022-10-03 13:04:39,7,-1,3669.5,12699
2022-10-03 13:04:40,54,13,3669.75,12712
2022-10-03 13:04:41,35,-11,3669.5,12701
2022-10-03 13:04:42,33,-23,3669.0,12678
2022-10-03 13:04:43,25,13,3669.0,12691
2022-10-03 13:04:44,7,-3,3669.0,12688
2022-10-03 13:04:45,70,21,3669.0,12709
2022-10-03 13:04:46,3,3,3669.25,12712
2022-10-03 13:04:47,16,14,3669.25,12726
2022-10-03 13:04:48,32,1,3669.25,12727
2022-10-03 13:04:49,1,1,3669.25,12728
2022-10-03 13:04:50,44,-21,3669.0,12707
2022-10-03 13:04:51,77,-17,3669.0,12690
2022-10-03 13:04:52,25,-20,3668.75,12670
2022-10-03 13:04:53,2,0,3669.0,12670
2022-10-03 13:04:54,29,-7,3668.75,12663
2022-10-03 13:04:55,15,0,3669.0,12663
2022-10-03 13:04:56,8,4,3669.0,12667
2022-10-03 13:04:57,18,-3,3669.25,12664
2022-10-03 13:04:58,46,27,3669.25,12691
2022-10-03 13:04:59,12,4,3669.25,12695
2022-10-03 13:05:00,19,7,3669.25,12702
2022-10-03 13:05:01,2,2,3669.5,12704
2022-10-03 13:05:02,30,23,3669.75,12727
2022-10-03 13:05:03,1,1,3669.75,12728
2022-10-03 13:05:04,255,53,3669.75,12781
2022-10-03 13:05:05,121,-51,3670.0,12730
2022-10-03 13:05:06,190,91,3669.75,12821
2022-10-03 13:05:07,38,25,3669.75,12846
2022-10-03 13:05:08,291,-15,3669.75,12831
2022-10-03 13:05:09,2,2,3669.75,12833
2022-10-03 13:05:10,71,15,3669.75,12848
2022-10-03 13:05:11,2,-1,3669.5,12847
2022-10-03 13:05:12,103,39,3670.0,12886
2022-10-03 13:05:13,82,-23,3670.0,12863
2022-10-03 13:05:14,168,6,3670.0,12869
2022-10-03 13:05:15,73,-21,3669.75,12848
2022-10-03 13:05:16,45,20,3669.5,12868
2022-10-03 13:05:17,1,1,3669.5,12869
2022-10-03 13:05:18,19,-13,3669.25,12856
2022-10-03 13:05:19,3,-1,3669.5,12855
2022-10-03 13:05:20,113,68,3669.5,12923
2022-10-03 13:05:21,154,-38,3669.5,12885
2022-10-03 13:05:22,136,-3,3669.25,12882
2022-10-03 13:05:23,23,-21,3669.0,12861
2022-10-03 13:05:24,136,41,3669.0,12902
2022-10-03 13:05:25,3,-1,3669.0,12901
2022-10-03 13:05:26,46,28,3669.25,12929
2022-10-03 13:05:27,73,-24,3669.25,12905
2022-10-03 13:05:28,28,-1,3669.25,12904
2022-10-03 13:05:29,18,4,3669.25,12908
2022-10-03 13:05:30,67,-32,3669.25,12876
2022-10-03 13:05:31,5,-2,3669.0,12874
2022-10-03 13:05:32,63,32,3669.25,12906
2022-10-03 13:05:33,131,-6,3669.25,12900
2022-10-03 13:05:34,158,-81,3669.5,12819
2022-10-03 13:05:35,65,-18,3669.25,12801
2022-10-03 13:05:36,127,-12,3668.75,12789
2022-10-03 13:05:37,10,5,3668.75,12794
2022-10-03 13:05:38,2,2,3669.0,12796
2022-10-03 13:05:39,4,4,3669.0,12800
2022-10-03 13:05:40,57,7,3668.75,12807
2022-10-03 13:05:41,75,39,3669.0,12846
2022-10-03 13:05:42,15,-4,3669.0,12842
2022-10-03 13:05:43,1,1,3669.25,12843
2022-10-03 13:05:44,13,0,3669.25,12843
2022-10-03 13:05:45,52,23,3669.25,12866
2022-10-03 13:05:46,26,-20,3669.0,12846
2022-10-03 13:05:47,5,0,3669.25,12846
2022-10-03 13:05:48,127,42,3669.25,12888
2022-10-03 13:05:49,73,-30,3669.25,12858
2022-10-03 13:05:50,46,11,3669.0,12869
2022-10-03 13:05:51,128,65,3669.25,12934
2022-10-03 13:05:52,1,1,3669.25,12935
2022-10-03 13:05:53,1,1,3669.25,12936
2022-10-03 13:05:54,51,9,3669.25,12945
2022-10-03 13:05:55,9,-7,3669.25,12938
2022-10-03 13:05:56,15,9,3669.25,12947
2022-10-03 13:05:58,34,25,3669.5,12972
2022-10-03 13:05:59,4,-4,3669.5,12968
2022-10-03 13:06:00,41,9,3669.5,12977
2022-10-03 13:06:01,327,-183,3669.5,12794
2022-10-03 13:06:03,20,18,3669.5,12812
2022-10-03 13:06:04,1,1,3669.75,12813
2022-10-03 13:06:05,2,-2,3669.5,12811
2022-10-03 13:06:06,11,8,3669.75,12819
2022-10-03 13:06:07,152,21,3670.0,12840
2022-10-03 13:06:09,254,-27,3670.0,12813
2022-10-03 13:06:10,131,-20,3670.0,12793
2022-10-03 13:06:11,52,-22,3669.75,12771
2022-10-03 13:06:12,101,-48,3669.25,12723
2022-10-03 13:06:13,112,-37,3669.0,12686
2022-10-03 13:06:14,50,33,3669.0,12719
2022-10-03 13:06:15,25,-5,3669.0,12714
2022-10-03 13:06:16,14,13,3669.25,12727
2022-10-03 13:06:17,20,-15,3669.0,12712
2022-10-03 13:06:18,20,14,3669.0,12726
2022-10-03 13:06:19,33,5,3669.25,12731
2022-10-03 13:06:20,35,-3,3669.25,12728
2022-10-03 13:06:21,20,-13,3669.25,12715
2022-10-03 13:06:22,46,-15,3668.75,12700
2022-10-03 13:06:23,27,-17,3668.75,12683
2022-10-03 13:06:24,37,-16,3668.75,12667
2022-10-03 13:06:25,11,10,3668.75,12677
2022-10-03 13:06:26,52,39,3669.0,12716
2022-10-03 13:06:27,33,-12,3669.0,12704
2022-10-03 13:06:28,34,6,3669.0,12710
2022-10-03 13:06:29,100,16,3669.25,12726
2022-10-03 13:06:30,23,0,3669.5,12726
2022-10-03 13:06:31,2,-1,3669.25,12725
2022-10-03 13:06:32,31,-9,3669.5,12716
2022-10-03 13:06:33,25,9,3669.25,12725
2022-10-03 13:06:34,12,-6,3669.25,12719
2022-10-03 13:06:35,1,1,3669.25,12720
2022-10-03 13:06:36,2,-2,3669.0,12718
2022-10-03 13:06:37,17,-7,3669.0,12711
2022-10-03 13:06:38,29,-11,3668.75,12700
2022-10-03 13:06:39,1,1,3668.75,12701
2022-10-03 13:06:40,55,-12,3668.5,12689
2022-10-03 13:06:41,28,13,3668.75,12702
2022-10-03 13:06:43,57,-14,3668.75,12688
2022-10-03 13:06:44,3,-1,3668.5,12687
2022-10-03 13:06:45,2,2,3668.5,12689
2022-10-03 13:06:46,1,-1,3668.25,12688
2022-10-03 13:06:47,39,-5,3668.25,12683
2022-10-03 13:06:48,43,22,3668.75,12705
2022-10-03 13:06:50,1,-1,3668.5,12704
2022-10-03 13:06:51,37,17,3668.75,12721
2022-10-03 13:06:52,1,-1,3668.5,12720
2022-10-03 13:06:53,24,-10,3668.75,12710
2022-10-03 13:06:54,25,10,3668.5,12720
2022-10-03 13:06:55,22,-14,3668.5,12706
2022-10-03 13:06:56,30,-3,3668.25,12703
2022-10-03 13:06:57,10,10,3668.5,12713
2022-10-03 13:06:58,34,-14,3668.25,12699
2022-10-03 13:06:59,1,-1,3668.0,12698
2022-10-03 13:07:00,96,-9,3668.0,12689
2022-10-03 13:07:01,57,-17,3668.0,12672
2022-10-03 13:07:02,286,31,3668.0,12703
2022-10-03 13:07:03,73,7,3668.0,12710
2022-10-03 13:07:04,34,-1,3668.25,12709
2022-10-03 13:07:05,37,-9,3668.25,12700
2022-10-03 13:07:06,21,-2,3668.5,12698
2022-10-03 13:07:07,34,19,3668.75,12717
2022-10-03 13:07:08,64,32,3669.25,12749
2022-10-03 13:07:09,57,17,3669.25,12766
2022-10-03 13:07:10,18,14,3669.5,12780
2022-10-03 13:07:11,72,-27,3669.5,12753
2022-10-03 13:07:12,35,10,3669.25,12763
2022-10-03 13:07:13,63,25,3669.5,12788
2022-10-03 13:07:14,113,48,3669.75,12836
2022-10-03 13:07:15,2,2,3669.75,12838
2022-10-03 13:07:16,88,8,3669.75,12846
2022-10-03 13:07:17,74,20,3669.5,12866
2022-10-03 13:07:18,3,3,3669.5,12869
2022-10-03 13:07:19,1,-1,3669.25,12868
2022-10-03 13:07:20,4,0,3669.5,12868
2022-10-03 13:07:21,4,3,3669.5,12871
2022-10-03 13:07:22,88,26,3669.5,12897
2022-10-03 13:07:23,215,13,3670.0,12910
2022-10-03 13:07:24,8,0,3670.0,12910
2022-10-03 13:07:25,1,-1,3669.75,12909
2022-10-03 13:07:26,73,-24,3669.75,12885
2022-10-03 13:07:27,9,-3,3669.75,12882
2022-10-03 13:07:29,14,-7,3670.0,12875
2022-10-03 13:07:30,1,-1,3669.75,12874
2022-10-03 13:07:31,3,-3,3669.75,12871
2022-10-03 13:07:32,1,-1,3669.75,12870
2022-10-03 13:07:33,2,2,3670.0,12872
2022-10-03 13:07:34,13,2,3670.0,12874
2022-10-03 13:07:35,86,-31,3670.0,12843
2022-10-03 13:07:36,70,10,3669.5,12853
2022-10-03 13:07:37,27,14,3669.75,12867
2022-10-03 13:07:38,2,2,3669.75,12869
2022-10-03 13:07:39,93,9,3669.75,12878
2022-10-03 13:07:40,50,18,3669.75,12896
2022-10-03 13:07:42,29,-15,3670.0,12881
2022-10-03 13:07:43,172,-81,3670.0,12800
2022-10-03 13:07:44,94,-20,3670.0,12780
2022-10-03 13:07:45,179,-42,3670.0,12738
2022-10-03 13:07:46,1,1,3670.0,12739
2022-10-03 13:07:47,41,3,3670.0,12742
2022-10-03 13:07:48,4,0,3670.0,12742
2022-10-03 13:07:49,48,-20,3669.75,12722
2022-10-03 13:07:50,90,-5,3669.75,12717
2022-10-03 13:07:51,25,15,3669.75,12732
2022-10-03 13:07:53,33,-2,3669.75,12730
2022-10-03 13:07:54,3,-1,3670.0,12729
2022-10-03 13:07:55,20,1,3670.0,12730
2022-10-03 13:07:56,82,-37,3670.0,12693
2022-10-03 13:07:57,5,-3,3670.0,12690
2022-10-03 13:07:58,38,19,3669.75,12709
2022-10-03 13:08:00,2,2,3670.0,12711
2022-10-03 13:08:01,435,67,3670.0,12778
2022-10-03 13:08:03,75,-23,3669.5,12755
2022-10-03 13:08:04,5,1,3669.75,12756
2022-10-03 13:08:05,15,3,3669.75,12759
2022-10-03 13:08:06,1,1,3669.75,12760
2022-10-03 13:08:07,1405,439,3671.5,13199
2022-10-03 13:08:08,100,23,3671.5,13222
2022-10-03 13:08:09,95,-30,3671.25,13192
2022-10-03 13:08:10,288,137,3672.25,13329
2022-10-03 13:08:11,118,7,3672.25,13336
2022-10-03 13:08:12,189,-24,3672.0,13312
2022-10-03 13:08:13,44,31,3671.5,13343
2022-10-03 13:08:14,39,7,3671.75,13350
2022-10-03 13:08:15,58,35,3672.25,13385
2022-10-03 13:08:16,252,81,3672.75,13466
2022-10-03 13:08:17,37,17,3672.5,13483
2022-10-03 13:08:18,87,-1,3672.5,13482
2022-10-03 13:08:19,73,20,3672.25,13502
2022-10-03 13:08:20,62,35,3672.5,13537
2022-10-03 13:08:21,72,-5,3672.75,13532
2022-10-03 13:08:22,151,1,3672.75,13533
2022-10-03 13:08:23,318,92,3673.5,13625
2022-10-03 13:08:24,110,-33,3673.5,13592
2022-10-03 13:08:25,166,4,3673.5,13596
2022-10-03 13:08:26,36,-6,3673.25,13590
2022-10-03 13:08:27,66,10,3673.0,13600
2022-10-03 13:08:28,41,-6,3673.25,13594
2022-10-03 13:08:29,38,1,3673.0,13595
2022-10-03 13:08:30,153,51,3673.5,13646
2022-10-03 13:08:31,98,-21,3673.75,13625
2022-10-03 13:08:32,51,-19,3673.5,13606
2022-10-03 13:08:33,6,1,3673.5,13607
2022-10-03 13:08:34,146,24,3673.5,13631
2022-10-03 13:08:35,58,16,3673.5,13647
2022-10-03 13:08:36,93,13,3673.75,13660
2022-10-03 13:08:37,39,26,3673.75,13686
2022-10-03 13:08:38,45,7,3673.5,13693
2022-10-03 13:08:39,53,29,3673.5,13722
2022-10-03 13:08:40,5,4,3673.75,13726
2022-10-03 13:08:41,79,-4,3673.75,13722
2022-10-03 13:08:42,28,5,3673.75,13727
2022-10-03 13:08:43,1,-1,3673.5,13726
2022-10-03 13:08:44,36,27,3673.75,13753
2022-10-03 13:08:45,62,-27,3673.75,13726
2022-10-03 13:08:46,110,-12,3674.0,13714
2022-10-03 13:08:47,125,27,3674.0,13741
2022-10-03 13:08:48,105,-62,3673.5,13679
2022-10-03 13:08:49,125,-25,3673.25,13654
2022-10-03 13:08:50,50,2,3673.0,13656
2022-10-03 13:08:51,9,2,3673.25,13658
2022-10-03 13:08:52,44,-16,3673.0,13642
2022-10-03 13:08:53,3,1,3673.25,13643
2022-10-03 13:08:54,28,20,3673.5,13663
2022-10-03 13:08:55,32,-3,3673.5,13660
2022-10-03 13:08:56,50,-1,3673.5,13659
2022-10-03 13:08:57,60,-24,3673.5,13635
2022-10-03 13:08:58,46,-29,3673.25,13606
2022-10-03 13:08:59,58,-7,3673.25,13599
2022-10-03 13:09:00,29,15,3673.5,13614
2022-10-03 13:09:01,11,8,3673.5,13622
2022-10-03 13:09:02,7,5,3673.75,13627
2022-10-03 13:09:03,6,1,3673.75,13628
2022-10-03 13:09:04,69,0,3673.75,13628
2022-10-03 13:09:05,7,5,3674.0,13633
2022-10-03 13:09:06,4,4,3674.0,13637
2022-10-03 13:09:07,53,-12,3673.75,13625
2022-10-03 13:09:08,1,-1,3673.5,13624
2022-10-03 13:09:09,3,1,3673.75,13625
2022-10-03 13:09:10,66,18,3673.75,13643
2022-10-03 13:09:11,123,42,3674.25,13685
2022-10-03 13:09:12,272,63,3674.75,13748
2022-10-03 13:09:13,26,5,3674.75,13753
2022-10-03 13:09:14,65,-2,3674.75,13751
2022-10-03 13:09:15,24,7,3674.5,13758
2022-10-03 13:09:16,42,15,3674.75,13773
2022-10-03 13:09:17,54,-9,3674.75,13764
2022-10-03 13:09:18,29,14,3674.5,13778
2022-10-03 13:09:19,86,-24,3674.25,13754
2022-10-03 13:09:20,39,8,3674.25,13762
2022-10-03 13:09:21,24,-11,3674.0,13751
2022-10-03 13:09:22,1,1,3674.0,13752
2022-10-03 13:09:23,140,-20,3673.75,13732
2022-10-03 13:09:24,35,-13,3674.0,13719
2022-10-03 13:09:25,18,-3,3674.0,13716
2022-10-03 13:09:26,1,-1,3673.75,13715
2022-10-03 13:09:27,44,-10,3674.0,13705
2022-10-03 13:09:28,7,-6,3673.75,13699
2022-10-03 13:09:29,42,3,3673.5,13702
2022-10-03 13:09:30,64,-3,3673.25,13699
2022-10-03 13:09:31,65,-18,3673.5,13681
2022-10-03 13:09:33,49,-11,3673.25,13670
2022-10-03 13:09:34,10,1,3673.25,13671
2022-10-03 13:09:35,40,4,3673.25,13675
2022-10-03 13:09:36,37,14,3673.5,13689
2022-10-03 13:09:37,25,4,3673.75,13693
2022-10-03 13:09:38,25,0,3673.75,13693
2022-10-03 13:09:39,6,3,3673.75,13696
2022-10-03 13:09:40,1,1,3673.75,13697
2022-10-03 13:09:41,62,25,3674.0,13722
2022-10-03 13:09:42,59,-3,3674.25,13719
2022-10-03 13:09:43,34,12,3674.0,13731
2022-10-03 13:09:44,71,7,3673.75,13738
2022-10-03 13:09:45,3,-1,3673.75,13737
2022-10-03 13:09:46,42,-11,3673.75,13726
2022-10-03 13:09:47,43,0,3673.5,13726
2022-10-03 13:09:48,72,0,3673.5,13726
2022-10-03 13:09:49,28,12,3673.75,13738
2022-10-03 13:09:50,11,3,3674.0,13741
2022-10-03 13:09:51,22,-12,3673.75,13729
2022-10-03 13:09:52,5,4,3673.75,13733
2022-10-03 13:09:53,7,-7,3673.75,13726
2022-10-03 13:09:54,46,-9,3674.0,13717
2022-10-03 13:09:55,14,-11,3673.75,13706
2022-10-03 13:09:56,35,-2,3673.5,13704
2022-10-03 13:09:57,12,4,3673.75,13708
2022-10-03 13:09:58,47,23,3674.0,13731
2022-10-03 13:09:59,15,11,3674.0,13742
2022-10-03 13:10:00,88,18,3674.25,13760
2022-10-03 13:10:01,37,-17,3674.25,13743
2022-10-03 13:10:02,1,1,3674.25,13744
2022-10-03 13:10:03,57,9,3674.25,13753
2022-10-03 13:10:04,1,-1,3674.0,13752
2022-10-03 13:10:05,24,-6,3674.0,13746
2022-10-03 13:10:06,2,1,3674.0,13747
2022-10-03 13:10:07,1,-1,3673.75,13746
2022-10-03 13:10:08,26,-4,3674.0,13742
2022-10-03 13:10:09,23,3,3674.0,13745
2022-10-03 13:10:10,60,-11,3674.0,13734
2022-10-03 13:10:11,4,1,3674.0,13735
2022-10-03 13:10:12,27,-19,3673.75,13716
2022-10-03 13:10:13,12,3,3673.75,13719
2022-10-03 13:10:14,9,-8,3673.75,13711
2022-10-03 13:10:15,49,-30,3673.5,13681
2022-10-03 13:10:16,35,-18,3673.25,13663
2022-10-03 13:10:17,85,-21,3673.0,13642
2022-10-03 13:10:18,46,9,3673.0,13651
2022-10-03 13:10:19,21,-15,3673.0,13636
2022-10-03 13:10:20,47,-20,3672.75,13616
2022-10-03 13:10:21,99,-19,3672.75,13597
2022-10-03 13:10:22,84,36,3673.0,13633
2022-10-03 13:10:23,20,2,3673.0,13635
2022-10-03 13:10:24,7,-4,3673.25,13631
2022-10-03 13:10:25,22,14,3673.25,13645
2022-10-03 13:10:26,9,-7,3673.0,13638
2022-10-03 13:10:27,2,0,3673.25,13638
2022-10-03 13:10:30,49,24,3673.25,13662
2022-10-03 13:10:31,80,-1,3673.25,13661
2022-10-03 13:10:32,43,4,3673.0,13665
2022-10-03 13:10:33,3,-2,3673.0,13663
2022-10-03 13:10:34,12,-10,3673.0,13653
2022-10-03 13:10:35,13,6,3673.25,13659
2022-10-03 13:10:36,1198,-670,3673.25,12989
2022-10-03 13:10:37,97,32,3671.75,13021
2022-10-03 13:10:38,65,-22,3672.0,12999
2022-10-03 13:10:39,32,19,3671.75,13018
2022-10-03 13:10:40,34,-16,3671.75,13002
2022-10-03 13:10:41,127,46,3672.25,13048
2022-10-03 13:10:42,3,-1,3672.25,13047
2022-10-03 13:10:43,41,3,3672.25,13050
2022-10-03 13:10:44,35,-19,3672.25,13031
2022-10-03 13:10:45,51,20,3672.5,13051
2022-10-03 13:10:46,92,31,3672.75,13082
2022-10-03 13:10:47,79,16,3673.0,13098
2022-10-03 13:10:48,4,0,3673.0,13098
2022-10-03 13:10:49,67,-8,3673.0,13090
2022-10-03 13:10:50,123,40,3673.25,13130
2022-10-03 13:10:51,3,1,3673.25,13131
2022-10-03 13:10:52,43,-7,3673.0,13124
2022-10-03 13:10:54,60,-2,3672.5,13122
2022-10-03 13:10:55,18,16,3672.75,13138
2022-10-03 13:10:56,45,-7,3672.75,13131
2022-10-03 13:10:57,23,15,3672.75,13146
2022-10-03 13:10:58,3,2,3673.0,13148
2022-10-03 13:10:59,104,31,3673.0,13179
2022-10-03 13:11:00,11,-8,3673.0,13171
2022-10-03 13:11:01,22,9,3673.0,13180
2022-10-03 13:11:02,56,1,3673.5,13181
2022-10-03 13:11:03,6,5,3673.5,13186
2022-10-03 13:11:04,7,5,3673.5,13191
2022-10-03 13:11:05,22,14,3673.5,13205
2022-10-03 13:11:06,48,0,3673.5,13205
2022-10-03 13:11:07,87,-25,3673.5,13180
2022-10-03 13:11:08,34,9,3673.5,13189
2022-10-03 13:11:09,17,-10,3673.5,13179
2022-10-03 13:11:10,39,2,3673.5,13181
2022-10-03 13:11:11,2,0,3673.5,13181
2022-10-03 13:11:12,19,1,3673.5,13182
2022-10-03 13:11:13,36,-12,3673.5,13170
2022-10-03 13:11:14,13,4,3673.75,13174
2022-10-03 13:11:15,140,61,3674.25,13235
2022-10-03 13:11:16,40,2,3674.25,13237
2022-10-03 13:11:17,162,31,3674.0,13268
2022-10-03 13:11:18,13,-3,3674.0,13265
2022-10-03 13:11:19,67,-7,3674.0,13258
2022-10-03 13:11:20,1,-1,3673.75,13257
2022-10-03 13:11:21,147,37,3674.25,13294
2022-10-03 13:11:22,10,1,3673.75,13295
2022-10-03 13:11:23,77,-2,3673.75,13293
2022-10-03 13:11:24,54,-13,3673.5,13280
2022-10-03 13:11:25,8,-2,3673.25,13278
2022-10-03 13:11:26,80,-2,3673.5,13276
2022-10-03 13:11:27,33,-2,3673.5,13274
2022-10-03 13:11:28,48,3,3673.25,13277
2022-10-03 13:11:29,36,2,3673.5,13279
2022-10-03 13:11:30,12,1,3673.25,13280
2022-10-03 13:11:31,27,-16,3673.25,13264
2022-10-03 13:11:32,36,-6,3673.0,13258
2022-10-03 13:11:33,2,0,3673.0,13258
2022-10-03 13:11:34,42,9,3673.0,13267
2022-10-03 13:11:35,49,-20,3673.0,13247
2022-10-03 13:11:36,15,-11,3673.0,13236
2022-10-03 13:11:37,43,-10,3672.75,13226
2022-10-03 13:11:38,99,-10,3672.75,13216
2022-10-03 13:11:39,52,24,3673.25,13240
2022-10-03 13:11:40,12,-9,3673.25,13231
2022-10-03 13:11:41,8,1,3673.25,13232
2022-10-03 13:11:42,32,-9,3673.25,13223
2022-10-03 13:11:45,2,0,3673.5,13223
2022-10-03 13:11:46,34,2,3673.5,13225
2022-10-03 13:11:47,14,-8,3673.25,13217
2022-10-03 13:11:48,34,-19,3673.25,13198
2022-10-03 13:11:49,17,8,3673.25,13206
2022-10-03 13:11:50,20,-14,3673.5,13192
2022-10-03 13:11:51,17,-9,3673.25,13183
2022-10-03 13:11:52,22,-1,3673.0,13182
2022-10-03 13:11:53,34,2,3672.75,13184
2022-10-03 13:11:55,1,-1,3672.5,13183
2022-10-03 13:11:56,106,1,3672.5,13184
2022-10-03 13:11:57,25,-3,3672.5,13181
2022-10-03 13:11:58,71,-4,3672.5,13177
2022-10-03 13:11:59,13,-4,3672.25,13173
2022-10-03 13:12:00,57,32,3672.5,13205
2022-10-03 13:12:01,12,-1,3672.25,13204
2022-10-03 13:12:02,62,5,3672.5,13209
2022-10-03 13:12:03,9,9,3672.75,13218
2022-10-03 13:12:04,35,14,3673.0,13232
2022-10-03 13:12:05,1,1,3673.0,13233
2022-10-03 13:12:06,14,6,3673.0,13239
2022-10-03 13:12:07,76,-16,3673.0,13223
2022-10-03 13:12:08,8,5,3673.0,13228
2022-10-03 13:12:09,11,-7,3673.0,13221
2022-10-03 13:12:10,60,10,3673.0,13231
2022-10-03 13:12:11,41,-20,3673.0,13211
2022-10-03 13:12:12,12,7,3673.25,13218
2022-10-03 13:12:13,39,12,3673.25,13230
2022-10-03 13:12:14,16,-10,3672.75,13220
2022-10-03 13:12:15,93,16,3672.75,13236
2022-10-03 13:12:16,2,1,3672.75,13237
2022-10-03 13:12:17,82,-27,3672.5,13210
2022-10-03 13:12:18,32,0,3672.5,13210
2022-10-03 13:12:19,8,2,3672.5,13212
2022-10-03 13:12:21,184,-71,3672.25,13141
2022-10-03 13:12:22,53,-8,3672.25,13133
2022-10-03 13:12:23,25,-1,3672.25,13132
2022-10-03 13:12:24,64,5,3672.0,13137
2022-10-03 13:12:25,316,30,3672.0,13167
2022-10-03 13:12:27,143,-44,3672.0,13123
2022-10-03 13:12:28,158,51,3672.0,13174
2022-10-03 13:12:29,81,-54,3671.75,13120
2022-10-03 13:12:30,163,-28,3671.75,13092
2022-10-03 13:12:31,3,1,3671.75,13093
2022-10-03 13:12:32,9,-3,3671.75,13090
2022-10-03 13:12:33,60,26,3671.75,13116
2022-10-03 13:12:35,14,-10,3671.75,13106
2022-10-03 13:12:36,3,-2,3671.5,13104
2022-10-03 13:12:37,112,-8,3671.5,13096
2022-10-03 13:12:38,23,-10,3671.25,13086
2022-10-03 13:12:39,36,-15,3671.25,13071
2022-10-03 13:12:40,138,84,3671.25,13155
2022-10-03 13:12:41,45,7,3671.25,13162
2022-10-03 13:12:42,7,-6,3671.0,13156
2022-10-03 13:12:43,105,33,3671.25,13189
2022-10-03 13:12:44,27,-19,3671.25,13170
2022-10-03 13:12:45,2,2,3671.25,13172
2022-10-03 13:12:46,108,-64,3671.0,13108
2022-10-03 13:12:47,7,-1,3670.75,13107
2022-10-03 13:12:48,42,8,3670.75,13115
2022-10-03 13:12:49,22,7,3670.75,13122
2022-10-03 13:12:50,34,16,3671.0,13138
2022-10-03 13:12:51,56,0,3671.5,13138
2022-10-03 13:12:52,17,9,3671.5,13147
2022-10-03 13:12:53,17,1,3671.75,13148
2022-10-03 13:12:54,1,1,3671.75,13149
2022-10-03 13:12:55,88,8,3671.75,13157
2022-10-03 13:12:56,51,-18,3672.0,13139
2022-10-03 13:12:57,14,12,3672.0,13151
2022-10-03 13:12:58,2,2,3672.0,13153
2022-10-03 13:12:59,25,20,3672.0,13173
2022-10-03 13:13:00,136,16,3672.25,13189
2022-10-03 13:13:01,22,-11,3672.25,13178
2022-10-03 13:13:02,24,-4,3672.25,13174
2022-10-03 13:13:03,60,-23,3672.25,13151
2022-10-03 13:13:04,39,7,3672.5,13158
2022-10-03 13:13:05,20,13,3673.0,13171
2022-10-03 13:13:06,27,14,3673.0,13185
2022-10-03 13:13:07,5,-5,3672.75,13180
2022-10-03 13:13:08,35,-16,3672.75,13164
2022-10-03 13:13:09,51,5,3673.25,13169
2022-10-03 13:13:10,301,-22,3673.25,13147
2022-10-03 13:13:11,1,1,3673.25,13148
2022-10-03 13:13:12,155,26,3673.75,13174
2022-10-03 13:13:13,48,-10,3673.75,13164
2022-10-03 13:13:14,9,1,3673.75,13165
2022-10-03 13:13:15,2,2,3673.75,13167
2022-10-03 13:13:16,2,0,3673.75,13167
2022-10-03 13:13:17,51,-15,3673.5,13152
2022-10-03 13:13:18,11,-9,3673.5,13143
2022-10-03 13:13:19,191,-13,3673.0,13130
2022-10-03 13:13:20,37,1,3673.0,13131
2022-10-03 13:13:21,44,-5,3673.25,13126
2022-10-03 13:13:22,2,-2,3673.0,13124
2022-10-03 13:13:23,27,-1,3672.75,13123
2022-10-03 13:13:24,2,-2,3672.75,13121
2022-10-03 13:13:25,60,-17,3672.75,13104
2022-10-03 13:13:26,30,11,3673.0,13115
2022-10-03 13:13:27,27,9,3672.75,13124
2022-10-03 13:13:29,15,1,3672.75,13125
2022-10-03 13:13:30,11,-9,3672.5,13116
2022-10-03 13:13:32,36,16,3673.0,13132
2022-10-03 13:13:33,9,-9,3673.0,13123
2022-10-03 13:13:34,19,3,3673.25,13126
2022-10-03 13:13:35,36,31,3673.25,13157
2022-10-03 13:13:36,1,1,3673.25,13158
2022-10-03 13:13:38,28,-2,3673.0,13156
2022-10-03 13:13:39,23,-13,3672.75,13143
2022-10-03 13:13:41,6,0,3672.75,13143
2022-10-03 13:13:42,4,-2,3672.75,13141
2022-10-03 13:13:43,34,1,3673.0,13142
2022-10-03 13:13:44,21,13,3673.25,13155
2022-10-03 13:13:45,23,3,3673.5,13158
2022-10-03 13:13:46,10,-1,3673.0,13157
2022-10-03 13:13:47,1,-1,3672.75,13156
2022-10-03 13:13:48,11,4,3673.0,13160
2022-10-03 13:13:49,10,9,3673.25,13169
2022-10-03 13:13:50,1,1,3673.5,13170
2022-10-03 13:13:51,14,-2,3673.5,13168
2022-10-03 13:13:52,107,22,3673.5,13190
2022-10-03 13:13:53,11,-1,3673.5,13189
2022-10-03 13:13:55,5,2,3673.5,13191
2022-10-03 13:13:56,1,1,3673.5,13192
2022-10-03 13:13:57,44,11,3673.75,13203
2022-10-03 13:13:58,40,25,3674.0,13228
2022-10-03 13:13:59,4,2,3673.75,13230
2022-10-03 13:14:00,9,-7,3673.75,13223
2022-10-03 13:14:01,27,-1,3673.5,13222
2022-10-03 13:14:02,91,-29,3673.0,13193
2022-10-03 13:14:03,33,12,3673.0,13205
2022-10-03 13:14:04,27,2,3673.0,13207
2022-10-03 13:14:06,26,15,3673.0,13222
2022-10-03 13:14:07,8,-1,3673.0,13221
2022-10-03 13:14:08,13,-5,3673.0,13216
2022-10-03 13:14:09,14,-4,3673.25,13212
2022-10-03 13:14:10,1,-1,3673.0,13211
2022-10-03 13:14:11,17,6,3673.25,13217
2022-10-03 13:14:12,1,-1,3673.0,13216
2022-10-03 13:14:13,7,-7,3672.75,13209
2022-10-03 13:14:16,22,6,3672.75,13215
2022-10-03 13:14:17,4,0,3672.75,13215
2022-10-03 13:14:20,62,14,3673.0,13229
2022-10-03 13:14:21,11,5,3673.0,13234
2022-10-03 13:14:22,11,-7,3672.75,13227
2022-10-03 13:14:23,1,-1,3672.5,13226
2022-10-03 13:14:24,23,4,3672.75,13230
2022-10-03 13:14:25,4,-4,3672.5,13226
2022-10-03 13:14:26,20,13,3672.5,13239
2022-10-03 13:14:27,80,-16,3672.25,13223
2022-10-03 13:14:28,45,25,3672.5,13248
2022-10-03 13:14:29,2,-2,3672.25,13246
2022-10-03 13:14:30,35,-1,3672.25,13245
2022-10-03 13:14:32,50,-5,3672.25,13240
2022-10-03 13:14:33,22,-1,3672.25,13239
2022-10-03 13:14:34,8,4,3672.25,13243
2022-10-03 13:14:35,25,1,3672.25,13244
2022-10-03 13:14:36,2,-2,3672.25,13242
2022-10-03 13:14:37,12,11,3672.5,13253
2022-10-03 13:14:38,20,-5,3672.75,13248
2022-10-03 13:14:39,26,2,3672.75,13250
2022-10-03 13:14:41,5,-4,3672.75,13246
2022-10-03 13:14:42,34,14,3673.0,13260
2022-10-03 13:14:44,24,-8,3672.75,13252
2022-10-03 13:14:45,14,5,3672.75,13257
2022-10-03 13:14:46,7,-2,3672.75,13255
2022-10-03 13:14:47,27,0,3672.75,13255
2022-10-03 13:14:48,1,1,3672.75,13256
2022-10-03 13:14:49,1,1,3672.75,13257
2022-10-03 13:14:50,21,2,3672.75,13259
2022-10-03 13:14:51,11,5,3672.75,13264
2022-10-03 13:14:54,15,-8,3673.0,13256
2022-10-03 13:14:55,48,7,3672.75,13263
2022-10-03 13:14:57,7,2,3672.5,13265
2022-10-03 13:14:58,10,-5,3672.5,13260
2022-10-03 13:14:59,31,23,3672.75,13283
2022-10-03 13:15:00,46,0,3672.75,13283
2022-10-03 13:15:01,6,4,3672.75,13287
2022-10-03 13:15:02,31,7,3672.75,13294
2022-10-03 13:15:03,23,-6,3672.75,13288
2022-10-03 13:15:04,11,6,3672.5,13294
2022-10-03 13:15:05,13,-3,3672.5,13291
2022-10-03 13:15:06,20,-1,3672.5,13290
2022-10-03 13:15:07,83,-37,3672.5,13253
2022-10-03 13:15:08,2,-2,3672.0,13251
2022-10-03 13:15:09,107,-4,3672.0,13247
2022-10-03 13:15:10,1,-1,3671.75,13246
2022-10-03 13:15:11,70,-37,3671.75,13209
2022-10-03 13:15:12,27,-2,3671.75,13207
2022-10-03 13:15:13,52,-24,3671.5,13183
2022-10-03 13:15:14,4,-4,3671.25,13179
2022-10-03 13:15:15,51,6,3671.25,13185
2022-10-03 13:15:16,26,-2,3671.25,13183
2022-10-03 13:15:17,14,1,3671.25,13184
2022-10-03 13:15:18,30,5,3671.25,13189
2022-10-03 13:15:19,11,-2,3671.5,13187
2022-10-03 13:15:20,24,7,3671.5,13194
2022-10-03 13:15:21,13,12,3671.5,13206
2022-10-03 13:15:22,55,8,3672.0,13214
2022-10-03 13:15:23,7,-2,3672.0,13212
2022-10-03 13:15:24,33,5,3672.0,13217
2022-10-03 13:15:26,22,14,3672.0,13231
2022-10-03 13:15:27,10,-10,3672.0,13221
2022-10-03 13:15:28,5,-3,3672.0,13218
2022-10-03 13:15:29,4,2,3672.25,13220
2022-10-03 13:15:30,3,3,3672.25,13223
2022-10-03 13:15:31,61,15,3672.0,13238
2022-10-03 13:15:32,52,14,3672.5,13252
2022-10-03 13:15:33,36,7,3672.75,13259
2022-10-03 13:15:34,11,-3,3672.25,13256
2022-10-03 13:15:36,25,11,3672.5,13267
2022-10-03 13:15:37,23,6,3672.75,13273
2022-10-03 13:15:38,5,5,3672.75,13278
2022-10-03 13:15:39,5,0,3672.75,13278
2022-10-03 13:15:40,16,-3,3673.0,13275
2022-10-03 13:15:41,11,9,3673.0,13284
2022-10-03 13:15:42,55,16,3673.25,13300
2022-10-03 13:15:43,29,4,3673.0,13304
2022-10-03 13:15:44,12,0,3673.25,13304
2022-10-03 13:15:46,1,1,3673.25,13305
2022-10-03 13:15:47,1,1,3673.25,13306
2022-10-03 13:15:48,145,-49,3673.0,13257
2022-10-03 13:15:49,1,-1,3673.0,13256
2022-10-03 13:15:50,1,-1,3673.0,13255
2022-10-03 13:15:51,1,-1,3673.0,13254
2022-10-03 13:15:53,183,38,3673.5,13292
2022-10-03 13:15:54,25,-13,3673.5,13279
2022-10-03 13:15:55,38,4,3673.5,13283
2022-10-03 13:15:56,1,1,3673.5,13284
2022-10-03 13:15:57,84,30,3673.5,13314
2022-10-03 13:15:58,29,-10,3673.25,13304
2022-10-03 13:15:59,2,0,3673.5,13304
2022-10-03 13:16:00,18,16,3673.5,13320
2022-10-03 13:16:01,26,-11,3673.75,13309
2022-10-03 13:16:02,10,3,3673.5,13312
2022-10-03 13:16:03,29,14,3673.75,13326
2022-10-03 13:16:04,10,-3,3673.75,13323
2022-10-03 13:16:05,49,16,3673.75,13339
2022-10-03 13:16:06,24,-7,3673.5,13332
2022-10-03 13:16:07,20,-9,3673.5,13323
2022-10-03 13:16:08,1,-1,3673.5,13322
2022-10-03 13:16:09,45,-1,3673.5,13321
2022-10-03 13:16:10,57,-14,3673.25,13307
2022-10-03 13:16:11,1,1,3673.5,13308
2022-10-03 13:16:12,12,-7,3673.5,13301
2022-10-03 13:16:13,16,-12,3673.25,13289
2022-10-03 13:16:14,106,-28,3673.25,13261
2022-10-03 13:16:15,5,3,3673.25,13264
2022-10-03 13:16:16,1,-1,3673.0,13263
2022-10-03 13:16:17,61,-27,3673.0,13236
2022-10-03 13:16:18,26,-2,3672.5,13234
2022-10-03 13:16:19,28,11,3672.75,13245
2022-10-03 13:16:20,25,-4,3673.0,13241
2022-10-03 13:16:21,2,1,3672.75,13242
2022-10-03 13:16:23,54,24,3673.0,13266
2022-10-03 13:16:24,25,-8,3673.0,13258
2022-10-03 13:16:25,12,0,3672.75,13258
2022-10-03 13:16:26,16,-5,3673.0,13253
2022-10-03 13:16:27,1,-1,3672.75,13252
2022-10-03 13:16:28,43,-6,3673.25,13246
2022-10-03 13:16:29,5,0,3673.0,13246
2022-10-03 13:16:30,8,-6,3672.75,13240
2022-10-03 13:16:31,61,8,3672.5,13248
2022-10-03 13:16:32,30,5,3672.5,13253
2022-10-03 13:16:33,47,-10,3672.5,13243
2022-10-03 13:16:34,12,5,3672.25,13248
2022-10-03 13:16:35,24,-10,3672.5,13238
2022-10-03 13:16:36,31,-3,3672.25,13235
2022-10-03 13:16:38,34,11,3672.25,13246
2022-10-03 13:16:39,41,17,3672.25,13263
2022-10-03 13:16:40,42,-21,3672.25,13242
2022-10-03 13:16:41,16,1,3672.25,13243
2022-10-03 13:16:42,4,-3,3672.0,13240
2022-10-03 13:16:45,80,45,3672.5,13285
2022-10-03 13:16:46,1,-1,3672.25,13284
2022-10-03 13:16:47,32,6,3672.5,13290
2022-10-03 13:16:48,9,-1,3672.75,13289
2022-10-03 13:16:51,15,-1,3672.5,13288
2022-10-03 13:16:52,4,0,3672.75,13288
2022-10-03 13:16:53,1,1,3672.5,13289
2022-10-03 13:16:54,12,0,3672.25,13289
2022-10-03 13:16:55,19,10,3672.5,13299
2022-10-03 13:16:56,24,-9,3672.5,13290
2022-10-03 13:16:57,46,0,3672.75,13290
2022-10-03 13:16:58,1,-1,3672.5,13289
2022-10-03 13:16:59,12,1,3672.75,13290
2022-10-03 13:17:01,29,-2,3672.5,13288
2022-10-03 13:17:03,28,-1,3672.5,13287
2022-10-03 13:17:04,3,1,3672.5,13288
2022-10-03 13:17:05,33,-17,3672.25,13271
2022-10-03 13:17:06,12,5,3672.25,13276
2022-10-03 13:17:07,56,-21,3672.25,13255
2022-10-03 13:17:08,37,15,3672.0,13270
2022-10-03 13:17:09,8,5,3671.75,13275
2022-10-03 13:17:10,15,-13,3671.75,13262
2022-10-03 13:17:11,61,-21,3672.0,13241
2022-10-03 13:17:12,11,-5,3672.0,13236
2022-10-03 13:17:13,7,1,3672.0,13237
2022-10-03 13:17:14,14,2,3672.0,13239
2022-10-03 13:17:15,8,-5,3671.75,13234
2022-10-03 13:17:16,2,-2,3671.5,13232
2022-10-03 13:17:17,1,1,3671.75,13233
2022-10-03 13:17:18,28,5,3671.75,13238
2022-10-03 13:17:19,49,4,3672.0,13242
2022-10-03 13:17:20,24,-8,3672.0,13234
2022-10-03 13:17:21,8,3,3672.0,13237
2022-10-03 13:17:22,68,32,3672.25,13269
2022-10-03 13:17:23,12,-6,3672.25,13263
2022-10-03 13:17:24,16,4,3672.25,13267
2022-10-03 13:17:25,7,6,3672.25,13273
2022-10-03 13:17:26,10,-6,3672.25,13267
2022-10-03 13:17:27,48,-14,3672.25,13253
2022-10-03 13:17:28,20,5,3672.0,13258
2022-10-03 13:17:29,5,-1,3672.0,13257
2022-10-03 13:17:30,87,-15,3672.0,13242
2022-10-03 13:17:31,23,1,3671.75,13243
2022-10-03 13:17:32,1,1,3671.75,13244
2022-10-03 13:17:33,37,12,3672.0,13256
2022-10-03 13:17:34,12,-1,3672.0,13255
2022-10-03 13:17:35,14,4,3672.25,13259
2022-10-03 13:17:36,9,5,3672.25,13264
2022-10-03 13:17:37,15,5,3672.5,13269
2022-10-03 13:17:38,13,2,3672.5,13271
2022-10-03 13:17:39,270,64,3673.0,13335
2022-10-03 13:17:40,1,-1,3672.5,13334
2022-10-03 13:17:41,32,-2,3672.75,13332
2022-10-03 13:17:42,50,9,3672.75,13341
2022-10-03 13:17:43,2,0,3672.75,13341
2022-10-03 13:17:44,26,18,3673.25,13359
2022-10-03 13:17:45,63,7,3673.5,13366
2022-10-03 13:17:46,1,1,3673.5,13367
2022-10-03 13:17:47,5,-1,3673.5,13366
2022-10-03 13:17:49,67,5,3673.5,13371
2022-10-03 13:17:50,8,5,3673.75,13376
2022-10-03 13:17:51,28,-3,3673.5,13373
2022-10-03 13:17:53,56,-15,3673.5,13358
2022-10-03 13:17:54,14,6,3673.5,13364
2022-10-03 13:17:55,1,-1,3673.5,13363
2022-10-03 13:17:56,67,5,3674.0,13368
2022-10-03 13:17:57,31,-6,3673.75,13362
2022-10-03 13:17:58,10,8,3674.0,13370
2022-10-03 13:17:59,55,-22,3674.0,13348
2022-10-03 13:18:00,65,-9,3673.75,13339
2022-10-03 13:18:01,21,-3,3673.5,13336
2022-10-03 13:18:02,2,2,3673.5,13338
2022-10-03 13:18:03,47,18,3673.5,13356
2022-10-03 13:18:04,19,-5,3673.5,13351
2022-10-03 13:18:05,5,3,3673.75,13354
2022-10-03 13:18:06,23,-6,3673.5,13348
2022-10-03 13:18:07,56,-27,3673.5,13321
2022-10-03 13:18:08,45,12,3673.0,13333
2022-10-03 13:18:09,1,1,3673.25,13334
2022-10-03 13:18:10,33,-1,3673.25,13333
2022-10-03 13:18:11,41,-12,3673.0,13321
2022-10-03 13:18:12,58,-24,3673.0,13297
2022-10-03 13:18:13,21,12,3672.75,13309
2022-10-03 13:18:14,2,0,3673.0,13309
2022-10-03 13:18:15,37,2,3673.25,13311
2022-10-03 13:18:16,33,9,3673.25,13320
2022-10-03 13:18:17,5,3,3673.25,13323
2022-10-03 13:18:18,7,7,3673.25,13330
2022-10-03 13:18:20,26,5,3673.5,13335
2022-10-03 13:18:21,5,-3,3673.25,13332
2022-10-03 13:18:22,8,-8,3673.25,13324
2022-10-03 13:18:23,22,-5,3673.25,13319
2022-10-03 13:18:24,4,0,3673.25,13319
2022-10-03 13:18:25,19,-5,3673.0,13314
2022-10-03 13:18:26,27,13,3673.0,13327
2022-10-03 13:18:28,27,4,3673.25,13331
2022-10-03 13:18:30,1,1,3673.25,13332
2022-10-03 13:18:31,1,-1,3673.0,13331
2022-10-03 13:18:32,70,-6,3673.25,13325
2022-10-03 13:18:33,6,-5,3672.75,13320
2022-10-03 13:18:34,1,1,3673.0,13321
2022-10-03 13:18:35,4,1,3673.0,13322
2022-10-03 13:18:36,6,4,3673.0,13326
2022-10-03 13:18:37,11,-7,3673.0,13319
2022-10-03 13:18:38,2,-2,3672.75,13317
2022-10-03 13:18:41,27,6,3673.0,13323
2022-10-03 13:18:42,1,1,3673.25,13324
2022-10-03 13:18:43,3,-3,3673.0,13321
2022-10-03 13:18:44,3,-3,3673.0,13318
2022-10-03 13:18:46,15,-10,3673.0,13308
2022-10-03 13:18:47,16,-3,3673.0,13305
2022-10-03 13:18:48,52,5,3672.75,13310
2022-10-03 13:18:49,29,13,3673.0,13323
2022-10-03 13:18:50,16,7,3673.0,13330
2022-10-03 13:18:52,29,-7,3673.0,13323
2022-10-03 13:18:53,37,3,3673.0,13326
2022-10-03 13:18:54,28,11,3673.25,13337
2022-10-03 13:18:56,8,-1,3673.5,13336
2022-10-03 13:18:57,16,2,3673.25,13338
2022-10-03 13:18:58,32,18,3673.5,13356
2022-10-03 13:18:59,25,14,3673.75,13370
2022-10-03 13:19:00,19,-12,3673.5,13358
2022-10-03 13:19:01,12,4,3673.5,13362
2022-10-03 13:19:02,12,-9,3673.5,13353
2022-10-03 13:19:03,26,-3,3673.5,13350
2022-10-03 13:19:04,18,-5,3673.25,13345
2022-10-03 13:19:05,13,-2,3673.25,13343
2022-10-03 13:19:06,1,1,3673.25,13344
2022-10-03 13:19:09,33,-6,3673.0,13338
2022-10-03 13:19:10,39,-11,3673.25,13327
2022-10-03 13:19:11,19,-16,3673.0,13311
2022-10-03 13:19:12,8,-4,3673.0,13307
2022-10-03 13:19:13,30,1,3673.0,13308
2022-10-03 13:19:15,13,9,3673.25,13317
2022-10-03 13:19:16,44,15,3673.0,13332
2022-10-03 13:19:17,27,12,3673.25,13344
2022-10-03 13:19:18,18,-7,3673.0,13337
2022-10-03 13:19:19,34,-1,3673.25,13336
2022-10-03 13:19:20,25,19,3673.0,13355
2022-10-03 13:19:22,59,18,3673.0,13373
2022-10-03 13:19:23,9,7,3672.75,13380
2022-10-03 13:19:24,40,-9,3673.0,13371
2022-10-03 13:19:25,27,5,3672.75,13376
2022-10-03 13:19:26,27,2,3672.75,13378
2022-10-03 13:19:28,8,-2,3672.75,13376
2022-10-03 13:19:29,11,-1,3672.75,13375
2022-10-03 13:19:30,6,3,3672.75,13378
2022-10-03 13:19:31,30,18,3672.75,13396
2022-10-03 13:19:33,17,2,3672.75,13398
2022-10-03 13:19:34,58,-23,3672.75,13375
2022-10-03 13:19:35,33,-4,3672.5,13371
2022-10-03 13:19:36,57,7,3672.75,13378
2022-10-03 13:19:38,13,-3,3673.0,13375
2022-10-03 13:19:39,16,9,3672.75,13384
2022-10-03 13:19:40,31,19,3673.0,13403
2022-10-03 13:19:42,3,3,3673.0,13406
2022-10-03 13:19:43,5,-3,3672.75,13403
2022-10-03 13:19:44,15,10,3673.0,13413
2022-10-03 13:19:45,1,1,3673.0,13414
2022-10-03 13:19:46,1,1,3673.0,13415
2022-10-03 13:19:47,1,-1,3672.75,13414
2022-10-03 13:19:48,19,-9,3672.75,13405
2022-10-03 13:19:49,43,-12,3672.75,13393
2022-10-03 13:19:50,1,1,3672.75,13394
2022-10-03 13:19:52,31,-16,3672.75,13378
2022-10-03 13:19:54,23,-4,3672.5,13374
2022-10-03 13:19:55,8,-8,3672.5,13366
2022-10-03 13:19:56,10,-7,3672.25,13359
2022-10-03 13:19:57,38,1,3672.25,13360
2022-10-03 13:19:58,13,-10,3672.0,13350
2022-10-03 13:19:59,51,-23,3671.75,13327
2022-10-03 13:20:00,35,-19,3671.5,13308
2022-10-03 13:20:01,12,-10,3671.25,13298
2022-10-03 13:20:02,3,-1,3671.5,13297
2022-10-03 13:20:03,62,30,3671.75,13327
2022-10-03 13:20:04,78,28,3672.25,13355
2022-10-03 13:20:05,53,15,3672.25,13370
2022-10-03 13:20:06,16,-7,3672.25,13363
2022-10-03 13:20:07,21,11,3672.75,13374
2022-10-03 13:20:08,9,8,3672.75,13382
2022-10-03 13:20:09,22,6,3673.0,13388
2022-10-03 13:20:10,5,-3,3673.0,13385
2022-10-03 13:20:11,87,11,3673.25,13396
2022-10-03 13:20:12,12,10,3672.5,13406
2022-10-03 13:20:14,36,-13,3672.25,13393
2022-10-03 13:20:15,9,7,3672.25,13400
2022-10-03 13:20:16,33,1,3672.5,13401
2022-10-03 13:20:18,1,1,3672.5,13402
2022-10-03 13:20:19,49,0,3672.75,13402
2022-10-03 13:20:20,7,2,3673.0,13404
2022-10-03 13:20:21,16,5,3672.75,13409
2022-10-03 13:20:22,5,4,3673.0,13413
2022-10-03 13:20:24,26,-6,3672.75,13407
2022-10-03 13:20:25,1,1,3672.75,13408
2022-10-03 13:20:26,16,-13,3672.5,13395
2022-10-03 13:20:27,13,-10,3672.25,13385
2022-10-03 13:20:28,42,7,3672.25,13392
2022-10-03 13:20:30,34,1,3672.25,13393
2022-10-03 13:20:31,1,1,3672.25,13394
2022-10-03 13:20:32,31,21,3672.25,13415
2022-10-03 13:20:33,10,6,3672.25,13421
2022-10-03 13:20:34,1,1,3672.5,13422
2022-10-03 13:20:35,23,10,3672.5,13432
2022-10-03 13:20:36,28,-17,3672.5,13415
2022-10-03 13:20:37,27,14,3672.75,13429
2022-10-03 13:20:38,8,-4,3672.75,13425
2022-10-03 13:20:39,1,1,3672.5,13426
2022-10-03 13:20:40,52,-16,3672.25,13410
2022-10-03 13:20:41,1,1,3672.0,13411
2022-10-03 13:20:42,14,-7,3672.0,13404
2022-10-03 13:20:43,2,0,3672.0,13404
2022-10-03 13:20:44,35,7,3672.0,13411
2022-10-03 13:20:45,15,1,3672.0,13412
2022-10-03 13:20:46,61,27,3672.5,13439
2022-10-03 13:20:47,5,3,3672.5,13442
2022-10-03 13:20:48,15,12,3673.0,13454
2022-10-03 13:20:49,39,1,3673.0,13455
2022-10-03 13:20:50,6,6,3673.25,13461
2022-10-03 13:20:51,2,0,3673.25,13461
2022-10-03 13:20:52,118,27,3673.5,13488
2022-10-03 13:20:54,67,-16,3673.5,13472
2022-10-03 13:20:56,24,6,3673.75,13478
2022-10-03 13:20:57,4,-2,3673.75,13476
2022-10-03 13:20:58,18,-8,3673.5,13468
2022-10-03 13:20:59,131,18,3674.0,13486
2022-10-03 13:21:00,93,12,3674.25,13498
2022-10-03 13:21:01,38,0,3674.25,13498
2022-10-03 13:21:02,11,-4,3674.25,13494
2022-10-03 13:21:03,52,25,3674.5,13519
2022-10-03 13:21:04,14,9,3674.5,13528
2022-10-03 13:21:05,57,-1,3674.5,13527
2022-10-03 13:21:06,206,-39,3674.5,13488
2022-10-03 13:21:07,8,2,3674.5,13490
2022-10-03 13:21:08,3,1,3674.5,13491
2022-10-03 13:21:09,160,56,3674.5,13547
2022-10-03 13:21:10,50,35,3674.75,13582
2022-10-03 13:21:11,123,25,3675.0,13607
2022-10-03 13:21:12,165,63,3675.5,13670
2022-10-03 13:21:13,68,-1,3675.25,13669
2022-10-03 13:21:14,93,54,3675.25,13723
2022-10-03 13:21:15,114,-29,3675.0,13694
2022-10-03 13:21:16,53,-32,3674.75,13662
2022-10-03 13:21:17,268,6,3674.75,13668
2022-10-03 13:21:18,272,144,3675.5,13812
2022-10-03 13:21:19,76,-2,3675.5,13810
2022-10-03 13:21:20,61,-8,3675.5,13802
2022-10-03 13:21:21,58,-10,3675.25,13792
2022-10-03 13:21:23,93,-16,3675.0,13776
2022-10-03 13:21:24,18,9,3675.0,13785
2022-10-03 13:21:25,32,5,3675.5,13790
2022-10-03 13:21:26,22,7,3675.5,13797
2022-10-03 13:21:27,65,13,3675.5,13810
2022-10-03 13:21:28,39,-19,3675.5,13791
2022-10-03 13:21:29,4,2,3675.5,13793
2022-10-03 13:21:30,32,20,3675.5,13813
2022-10-03 13:21:31,13,-7,3675.5,13806
2022-10-03 13:21:32,14,4,3675.5,13810
2022-10-03 13:21:33,164,104,3676.0,13914
2022-10-03 13:21:34,45,-11,3676.0,13903
2022-10-03 13:21:35,113,96,3676.25,13999
2022-10-03 13:21:36,51,5,3676.0,14004
2022-10-03 13:21:37,10,8,3675.75,14012
2022-10-03 13:21:38,25,8,3676.0,14020
2022-10-03 13:21:39,8,4,3676.0,14024
2022-10-03 13:21:40,7,1,3676.0,14025
2022-10-03 13:21:41,77,8,3676.0,14033
2022-10-03 13:21:42,22,20,3676.25,14053
2022-10-03 13:21:43,67,17,3676.5,14070
2022-10-03 13:21:44,27,-3,3676.25,14067
2022-10-03 13:21:45,132,31,3676.75,14098
2022-10-03 13:21:46,68,7,3676.5,14105
2022-10-03 13:21:47,41,-5,3676.75,14100
2022-10-03 13:21:48,150,-40,3676.75,14060
2022-10-03 13:21:49,32,17,3676.75,14077
2022-10-03 13:21:50,87,16,3676.75,14093
2022-10-03 13:21:51,131,-43,3676.75,14050
2022-10-03 13:21:52,33,3,3676.5,14053
2022-10-03 13:21:53,135,-28,3676.75,14025
2022-10-03 13:21:54,34,0,3676.5,14025
2022-10-03 13:21:55,38,-2,3676.75,14023
2022-10-03 13:21:56,12,7,3676.75,14030
2022-10-03 13:21:57,72,17,3676.75,14047
2022-10-03 13:21:58,9,-7,3676.75,14040
2022-10-03 13:21:59,26,9,3676.75,14049
2022-10-03 13:22:00,122,39,3677.0,14088
2022-10-03 13:22:01,25,14,3677.25,14102
2022-10-03 13:22:02,269,33,3677.5,14135
2022-10-03 13:22:03,93,8,3677.75,14143
2022-10-03 13:22:04,185,89,3677.5,14232
2022-10-03 13:22:05,159,-10,3677.75,14222
2022-10-03 13:22:06,72,-1,3677.75,14221
2022-10-03 13:22:07,19,13,3677.5,14234
2022-10-03 13:22:08,340,-35,3677.5,14199
2022-10-03 13:22:09,43,-5,3677.75,14194
2022-10-03 13:22:10,38,-4,3677.75,14190
2022-10-03 13:22:11,68,-39,3677.5,14151
2022-10-03 13:22:12,31,-20,3677.25,14131
2022-10-03 13:22:13,68,-7,3677.25,14124
2022-10-03 13:22:14,66,1,3677.25,14125
2022-10-03 13:22:15,76,42,3677.5,14167
2022-10-03 13:22:16,59,1,3677.5,14168
2022-10-03 13:22:17,261,26,3677.75,14194
2022-10-03 13:22:18,24,-20,3677.75,14174
2022-10-03 13:22:19,131,70,3677.75,14244
2022-10-03 13:22:20,248,87,3678.0,14331
2022-10-03 13:22:21,161,-48,3678.0,14283
2022-10-03 13:22:22,116,13,3677.75,14296
2022-10-03 13:22:23,181,43,3678.0,14339
2022-10-03 13:22:24,71,-14,3678.0,14325
2022-10-03 13:22:25,169,71,3678.5,14396
2022-10-03 13:22:26,63,5,3678.5,14401
2022-10-03 13:22:27,152,22,3678.75,14423
2022-10-03 13:22:28,113,25,3678.75,14448
2022-10-03 13:22:29,286,65,3679.0,14513
2022-10-03 13:22:30,154,3,3679.0,14516
2022-10-03 13:22:31,144,21,3678.75,14537
2022-10-03 13:22:32,81,-33,3678.25,14504
2022-10-03 13:22:33,88,-30,3678.0,14474
2022-10-03 13:22:34,74,22,3678.0,14496
2022-10-03 13:22:35,70,5,3678.0,14501
2022-10-03 13:22:36,24,-15,3678.25,14486
2022-10-03 13:22:37,17,-13,3678.0,14473
2022-10-03 13:22:38,70,-5,3678.0,14468
2022-10-03 13:22:40,15,-9,3677.5,14459
2022-10-03 13:22:41,160,15,3677.75,14474
2022-10-03 13:22:42,4,0,3677.75,14474
2022-10-03 13:22:43,41,11,3677.75,14485
2022-10-03 13:22:44,130,60,3678.25,14545
2022-10-03 13:22:45,85,28,3678.25,14573
2022-10-03 13:22:46,2,2,3678.5,14575
2022-10-03 13:22:47,22,6,3678.5,14581
2022-10-03 13:22:48,53,-7,3678.5,14574
2022-10-03 13:22:49,62,0,3678.5,14574
2022-10-03 13:22:50,351,262,3679.25,14836
2022-10-03 13:22:51,147,40,3679.0,14876
2022-10-03 13:22:52,87,20,3678.75,14896
2022-10-03 13:22:53,51,-1,3679.0,14895
2022-10-03 13:22:54,3,0,3679.0,14895
2022-10-03 13:22:55,3,1,3679.0,14896
2022-10-03 13:22:56,1,1,3679.0,14897
2022-10-03 13:22:57,56,24,3679.0,14921
2022-10-03 13:22:58,31,3,3679.0,14924
2022-10-03 13:22:59,55,15,3679.0,14939
2022-10-03 13:23:00,6,2,3679.25,14941
2022-10-03 13:23:01,46,-21,3679.25,14920
2022-10-03 13:23:02,86,-41,3679.0,14879
2022-10-03 13:23:03,42,-2,3678.75,14877
2022-10-03 13:23:04,124,-22,3678.75,14855
2022-10-03 13:23:05,18,-2,3678.75,14853
2022-10-03 13:23:06,71,16,3678.75,14869
2022-10-03 13:23:07,9,-5,3678.75,14864
2022-10-03 13:23:08,36,-22,3678.75,14842
2022-10-03 13:23:09,7,7,3678.75,14849
2022-10-03 13:23:10,183,84,3679.0,14933
2022-10-03 13:23:11,37,0,3679.0,14933
2022-10-03 13:23:12,3,-1,3679.0,14932
2022-10-03 13:23:13,97,33,3679.0,14965
2022-10-03 13:23:14,25,12,3679.25,14977
2022-10-03 13:23:15,132,29,3679.25,15006
2022-10-03 13:23:16,72,-17,3679.25,14989
2022-10-03 13:23:17,41,20,3679.25,15009
2022-10-03 13:23:18,36,-1,3679.0,15008
2022-10-03 13:23:19,48,-4,3679.25,15004
2022-10-03 13:23:20,47,13,3679.25,15017
2022-10-03 13:23:21,7,2,3679.25,15019
2022-10-03 13:23:22,60,-4,3679.25,15015
2022-10-03 13:23:23,113,55,3679.25,15070
2022-10-03 13:23:24,17,-11,3679.25,15059
2022-10-03 13:23:25,15,8,3679.25,15067
2022-10-03 13:23:26,207,-45,3679.25,15022
2022-10-03 13:23:27,40,-8,3678.75,15014
2022-10-03 13:23:28,45,-14,3678.75,15000
2022-10-03 13:23:29,43,-5,3678.5,14995
2022-10-03 13:23:30,42,10,3678.5,15005
2022-10-03 13:23:31,48,-4,3678.25,15001
2022-10-03 13:23:32,3,-3,3678.25,14998
2022-10-03 13:23:33,36,30,3678.5,15028
2022-10-03 13:23:34,5,-1,3678.75,15027
2022-10-03 13:23:35,27,4,3678.75,15031
2022-10-03 13:23:36,24,-14,3678.75,15017
2022-10-03 13:23:37,5,1,3678.5,15018
2022-10-03 13:23:39,54,-23,3678.5,14995
2022-10-03 13:23:40,16,4,3678.5,14999
2022-10-03 13:23:41,1,-1,3678.25,14998
2022-10-03 13:23:42,66,24,3678.75,15022
2022-10-03 13:23:43,3,2,3678.75,15024
2022-10-03 13:23:44,23,-3,3679.0,15021
2022-10-03 13:23:45,38,-9,3678.75,15012
2022-10-03 13:23:46,27,3,3679.0,15015
2022-10-03 13:23:47,4,1,3679.0,15016
2022-10-03 13:23:48,21,-9,3679.0,15007
2022-10-03 13:23:49,95,62,3679.5,15069
2022-10-03 13:23:50,204,59,3679.75,15128
2022-10-03 13:23:51,1594,720,3681.75,15848
2022-10-03 13:23:52,309,-9,3681.25,15839
2022-10-03 13:23:53,105,-23,3680.75,15816
2022-10-03 13:23:54,59,-11,3680.75,15805
2022-10-03 13:23:55,90,35,3681.0,15840
2022-10-03 13:23:56,20,14,3681.0,15854
2022-10-03 13:23:57,75,30,3681.25,15884
2022-10-03 13:23:58,92,-14,3681.5,15870
2022-10-03 13:23:59,164,-23,3681.25,15847
2022-10-03 13:24:00,216,7,3681.25,15854
2022-10-03 13:24:01,33,-21,3681.0,15833
2022-10-03 13:24:02,22,-14,3680.75,15819
2022-10-03 13:24:03,58,4,3681.0,15823
2022-10-03 13:24:04,87,29,3681.0,15852
2022-10-03 13:24:05,145,51,3681.75,15903
2022-10-03 13:24:06,185,-49,3681.5,15854
2022-10-03 13:24:07,104,39,3681.25,15893
2022-10-03 13:24:08,8,1,3681.0,15894
2022-10-03 13:24:09,37,22,3681.0,15916
2022-10-03 13:24:10,8,-2,3681.0,15914
2022-10-03 13:24:11,97,16,3681.0,15930
2022-10-03 13:24:12,18,2,3681.0,15932
2022-10-03 13:24:13,66,2,3681.25,15934
2022-10-03 13:24:14,101,13,3681.5,15947
2022-10-03 13:24:15,131,49,3681.5,15996
2022-10-03 13:24:16,193,-27,3681.5,15969
2022-10-03 13:24:17,84,0,3681.5,15969
2022-10-03 13:24:18,77,7,3681.75,15976
2022-10-03 13:24:19,66,-5,3681.75,15971
2022-10-03 13:24:20,81,-29,3681.5,15942
2022-10-03 13:24:21,12,2,3681.25,15944
2022-10-03 13:24:22,6,0,3681.25,15944
2022-10-03 13:24:23,5,-1,3681.25,15943
2022-10-03 13:24:24,15,-9,3681.0,15934
2022-10-03 13:24:25,58,-10,3681.25,15924
2022-10-03 13:24:26,60,18,3681.25,15942
2022-10-03 13:24:27,66,34,3681.75,15976
2022-10-03 13:24:28,217,-146,3681.5,15830
2022-10-03 13:24:29,346,-47,3681.0,15783
2022-10-03 13:24:30,79,-15,3680.75,15768
2022-10-03 13:24:31,9,-6,3680.75,15762
2022-10-03 13:24:32,95,-50,3680.5,15712
2022-10-03 13:24:33,28,10,3680.25,15722
2022-10-03 13:24:34,72,7,3680.5,15729
2022-10-03 13:24:35,103,-25,3680.5,15704
2022-10-03 13:24:36,16,-9,3680.25,15695
2022-10-03 13:24:37,41,10,3680.25,15705
2022-10-03 13:24:38,109,-16,3680.25,15689
2022-10-03 13:24:39,36,1,3680.0,15690
2022-10-03 13:24:40,62,-11,3680.0,15679
2022-10-03 13:24:41,50,-11,3680.25,15668
2022-10-03 13:24:42,34,-13,3680.0,15655
2022-10-03 13:24:43,43,12,3679.75,15667
2022-10-03 13:24:44,48,-30,3680.0,15637
2022-10-03 13:24:45,174,-53,3679.75,15584
2022-10-03 13:24:46,71,-23,3679.5,15561
2022-10-03 13:24:47,113,42,3679.75,15603
2022-10-03 13:24:48,30,-12,3680.0,15591
2022-10-03 13:24:49,38,0,3679.75,15591
2022-10-03 13:24:50,57,2,3679.75,15593
2022-10-03 13:24:51,13,-2,3679.75,15591
2022-10-03 13:24:52,25,5,3679.5,15596
2022-10-03 13:24:53,32,-1,3679.75,15595
2022-10-03 13:24:54,69,-66,3679.5,15529
2022-10-03 13:24:55,24,0,3679.5,15529
2022-10-03 13:24:56,3,1,3679.5,15530
2022-10-03 13:24:57,32,12,3679.75,15542
2022-10-03 13:24:58,9,5,3679.75,15547
2022-10-03 13:24:59,45,18,3680.0,15565
2022-10-03 13:25:00,45,-1,3680.0,15564
2022-10-03 13:25:01,17,12,3680.25,15576
2022-10-03 13:25:02,78,-5,3680.5,15571
2022-10-03 13:25:03,70,-3,3680.25,15568
2022-10-03 13:25:04,18,4,3680.25,15572
2022-10-03 13:25:05,33,-12,3680.25,15560
2022-10-03 13:25:06,46,15,3680.5,15575
2022-10-03 13:25:07,50,4,3680.5,15579
2022-10-03 13:25:08,31,-10,3680.5,15569
2022-10-03 13:25:09,17,14,3680.5,15583
2022-10-03 13:25:10,70,-6,3680.5,15577
2022-10-03 13:25:11,9,7,3680.5,15584
2022-10-03 13:25:12,135,11,3680.75,15595
2022-10-03 13:25:13,29,-5,3680.5,15590
2022-10-03 13:25:14,55,20,3680.75,15610
2022-10-03 13:25:15,45,-22,3680.5,15588
2022-10-03 13:25:16,7,-1,3680.5,15587
2022-10-03 13:25:18,18,11,3680.5,15598
2022-10-03 13:25:19,10,-2,3680.5,15596
2022-10-03 13:25:20,24,-10,3680.25,15586
2022-10-03 13:25:21,35,24,3680.5,15610
2022-10-03 13:25:22,72,10,3680.75,15620
2022-10-03 13:25:23,35,-18,3680.5,15602
2022-10-03 13:25:24,67,42,3680.75,15644
2022-10-03 13:25:25,12,-12,3680.5,15632
2022-10-03 13:25:26,18,-8,3680.5,15624
2022-10-03 13:25:27,323,38,3680.75,15662
2022-10-03 13:25:28,35,15,3680.75,15677
2022-10-03 13:25:29,298,-31,3680.75,15646
2022-10-03 13:25:30,247,29,3681.25,15675
2022-10-03 13:25:31,5,4,3681.0,15679
2022-10-03 13:25:32,3,2,3681.0,15681
2022-10-03 13:25:33,3,3,3681.0,15684
2022-10-03 13:25:34,11,-9,3681.0,15675
2022-10-03 13:25:35,77,18,3681.25,15693
2022-10-03 13:25:36,75,-6,3681.25,15687
2022-10-03 13:25:37,394,-57,3681.25,15630
2022-10-03 13:25:38,13,-1,3681.25,15629
2022-10-03 13:25:39,190,10,3681.25,15639
2022-10-03 13:25:40,2,2,3681.25,15641
2022-10-03 13:25:41,3,-1,3681.25,15640
2022-10-03 13:25:42,61,-22,3681.25,15618
2022-10-03 13:25:43,10,8,3681.25,15626
2022-10-03 13:25:44,5,-1,3681.25,15625
2022-10-03 13:25:45,5,1,3681.25,15626
2022-10-03 13:25:46,4,2,3681.25,15628
2022-10-03 13:25:47,64,-1,3681.25,15627
2022-10-03 13:25:48,43,22,3681.25,15649
2022-10-03 13:25:49,3,3,3681.25,15652
2022-10-03 13:25:50,60,6,3681.5,15658
2022-10-03 13:25:51,1,1,3681.5,15659
2022-10-03 13:25:52,70,23,3681.5,15682
2022-10-03 13:25:53,50,21,3681.75,15703
2022-10-03 13:25:54,118,41,3682.0,15744
2022-10-03 13:25:55,8,0,3682.0,15744
2022-10-03 13:25:56,80,-22,3682.0,15722
2022-10-03 13:25:57,28,3,3682.0,15725
2022-10-03 13:25:58,197,8,3682.0,15733
2022-10-03 13:25:59,59,-20,3682.0,15713
2022-10-03 13:26:00,14,5,3682.0,15718
2022-10-03 13:26:01,20,-4,3682.0,15714
2022-10-03 13:26:02,66,1,3682.0,15715
2022-10-03 13:26:03,9,3,3682.0,15718
2022-10-03 13:26:04,2,1,3682.0,15719
2022-10-03 13:26:05,3,-1,3682.0,15718
2022-10-03 13:26:06,4,0,3682.0,15718
2022-10-03 13:26:07,252,-51,3682.0,15667
2022-10-03 13:26:08,110,-40,3681.5,15627
2022-10-03 13:26:09,38,-21,3681.25,15606
2022-10-03 13:26:10,38,-16,3681.25,15590
2022-10-03 13:26:11,27,-3,3681.0,15587
2022-10-03 13:26:12,25,-8,3681.25,15579
2022-10-03 13:26:13,45,-1,3681.0,15578
2022-10-03 13:26:14,26,7,3681.25,15585
2022-10-03 13:26:15,13,3,3681.0,15588
2022-10-03 13:26:16,43,-18,3680.75,15570
2022-10-03 13:26:17,60,14,3680.75,15584
2022-10-03 13:26:18,84,-16,3680.5,15568
2022-10-03 13:26:19,123,33,3680.75,15601
2022-10-03 13:26:20,59,18,3681.0,15619
2022-10-03 13:26:21,33,6,3681.0,15625
2022-10-03 13:26:22,24,-6,3680.75,15619
2022-10-03 13:26:23,2,2,3680.75,15621
2022-10-03 13:26:24,2,-2,3680.5,15619
2022-10-03 13:26:25,29,-1,3680.75,15618
2022-10-03 13:26:26,9,-1,3680.75,15617
2022-10-03 13:26:27,25,-8,3680.75,15609
2022-10-03 13:26:28,22,-1,3680.5,15608
2022-10-03 13:26:29,97,-50,3680.25,15558
2022-10-03 13:26:30,2,2,3680.25,15560
2022-10-03 13:26:31,53,4,3680.5,15564
2022-10-03 13:26:32,66,-3,3680.5,15561
2022-10-03 13:26:33,29,-19,3680.25,15542
2022-10-03 13:26:35,12,-3,3680.25,15539
2022-10-03 13:26:36,40,-14,3680.25,15525
2022-10-03 13:26:37,22,12,3680.0,15537
2022-10-03 13:26:38,285,-76,3680.0,15461
2022-10-03 13:26:39,31,-3,3679.5,15458
2022-10-03 13:26:40,58,-18,3679.25,15440
2022-10-03 13:26:41,47,-14,3679.0,15426
2022-10-03 13:26:42,64,19,3679.5,15445
2022-10-03 13:26:43,44,-19,3679.25,15426
2022-10-03 13:26:44,43,-2,3679.5,15424
2022-10-03 13:26:45,29,4,3679.25,15428
2022-10-03 13:26:46,16,-7,3679.25,15421
2022-10-03 13:26:47,37,14,3679.25,15435
2022-10-03 13:26:48,19,-8,3679.5,15427
2022-10-03 13:26:49,93,12,3679.75,15439
2022-10-03 13:26:50,96,-53,3679.75,15386
2022-10-03 13:26:51,21,1,3680.0,15387
2022-10-03 13:26:52,37,24,3680.0,15411
2022-10-03 13:26:53,82,38,3680.5,15449
2022-10-03 13:26:54,101,-17,3680.25,15432
2022-10-03 13:26:55,2,2,3680.25,15434
2022-10-03 13:26:56,51,-3,3680.25,15431
2022-10-03 13:26:57,31,6,3680.5,15437
2022-10-03 13:26:58,37,1,3680.25,15438
2022-10-03 13:26:59,6,3,3680.0,15441
2022-10-03 13:27:00,23,-5,3680.0,15436
2022-10-03 13:27:01,30,-6,3680.0,15430
2022-10-03 13:27:02,17,-8,3679.75,15422
2022-10-03 13:27:03,2,-2,3679.5,15420
2022-10-03 13:27:04,71,-13,3679.5,15407
2022-10-03 13:27:05,20,1,3679.75,15408
2022-10-03 13:27:06,53,7,3679.75,15415
2022-10-03 13:27:07,21,-4,3679.75,15411
2022-10-03 13:27:08,49,-14,3679.75,15397
2022-10-03 13:27:09,22,7,3679.75,15404
2022-10-03 13:27:10,20,6,3679.75,15410
2022-10-03 13:27:11,55,-21,3679.75,15389
2022-10-03 13:27:12,11,-3,3679.75,15386
2022-10-03 13:27:13,13,-7,3679.75,15379
2022-10-03 13:27:14,61,-78,3679.75,15301
2022-10-03 13:27:15,5,5,3679.75,15306
2022-10-03 13:27:16,40,-8,3680.0,15298
2022-10-03 13:27:17,13,-7,3679.75,15291
2022-10-03 13:27:18,19,5,3679.75,15296
2022-10-03 13:27:19,24,3,3679.75,15299
2022-10-03 13:27:20,47,4,3680.0,15303
2022-10-03 13:27:21,2,-2,3679.75,15301
2022-10-03 13:27:22,65,22,3680.0,15323
2022-10-03 13:27:23,2,2,3680.25,15325
2022-10-03 13:27:24,44,11,3680.25,15336
2022-10-03 13:27:25,2,2,3680.5,15338
2022-10-03 13:27:26,56,7,3680.5,15345
2022-10-03 13:27:27,36,-10,3680.25,15335
2022-10-03 13:27:28,56,-27,3680.25,15308
2022-10-03 13:27:29,11,-4,3680.25,15304
2022-10-03 13:27:30,57,-7,3680.25,15297
2022-10-03 13:27:31,37,-25,3680.0,15272
2022-10-03 13:27:33,1,-1,3679.75,15271
2022-10-03 13:27:34,12,-5,3680.0,15266
2022-10-03 13:27:35,28,1,3679.75,15267
2022-10-03 13:27:36,10,-7,3679.5,15260
2022-10-03 13:27:37,2,-2,3679.5,15258
2022-10-03 13:27:38,45,-24,3679.5,15234
2022-10-03 13:27:39,22,-10,3679.25,15224
2022-10-03 13:27:40,106,-24,3679.0,15200
2022-10-03 13:27:41,8,-6,3678.5,15194
2022-10-03 13:27:42,14,-7,3678.75,15187
2022-10-03 13:27:43,60,1,3678.5,15188
2022-10-03 13:27:44,35,-4,3678.75,15184
2022-10-03 13:27:45,47,12,3679.0,15196
2022-10-03 13:27:46,42,1,3679.0,15197
2022-10-03 13:27:47,5,-3,3679.25,15194
2022-10-03 13:27:48,1,-1,3679.0,15193
2022-10-03 13:27:49,3,-1,3679.25,15192
2022-10-03 13:27:50,102,-25,3679.0,15167
2022-10-03 13:27:51,43,-23,3678.75,15144
2022-10-03 13:27:52,8,-2,3678.75,15142
2022-10-03 13:27:53,13,6,3678.75,15148
2022-10-03 13:27:54,37,4,3678.75,15152
2022-10-03 13:27:55,108,37,3679.0,15189
2022-10-03 13:27:56,8,1,3678.75,15190
2022-10-03 13:27:57,21,0,3678.75,15190
2022-10-03 13:27:58,26,-22,3678.5,15168
2022-10-03 13:27:59,10,6,3678.5,15174
2022-10-03 13:28:00,52,-14,3678.25,15160
2022-10-03 13:28:01,5,1,3678.5,15161
2022-10-03 13:28:02,45,-24,3678.25,15137
2022-10-03 13:28:03,20,-8,3678.25,15129
2022-10-03 13:28:04,58,9,3678.25,15138
2022-10-03 13:28:05,71,-4,3678.5,15134
2022-10-03 13:28:06,48,-4,3678.5,15130
2022-10-03 13:28:07,41,11,3678.5,15141
2022-10-03 13:28:08,17,-3,3678.75,15138
2022-10-03 13:28:09,18,1,3678.5,15139
2022-10-03 13:28:10,139,8,3679.0,15147
2022-10-03 13:28:11,14,4,3679.0,15151
2022-10-03 13:28:12,15,-10,3678.75,15141
2022-10-03 13:28:13,21,2,3678.75,15143
2022-10-03 13:28:14,27,15,3679.0,15158
2022-10-03 13:28:15,38,0,3679.0,15158
2022-10-03 13:28:16,19,-7,3679.0,15151
2022-10-03 13:28:17,133,-33,3679.0,15118
2022-10-03 13:28:18,19,-13,3678.75,15105
2022-10-03 13:28:19,71,15,3679.0,15120
2022-10-03 13:28:20,67,8,3679.25,15128
2022-10-03 13:28:21,4,-4,3679.25,15124
2022-10-03 13:28:22,19,5,3679.25,15129
2022-10-03 13:28:23,32,-17,3679.0,15112
2022-10-03 13:28:24,14,5,3679.25,15117
2022-10-03 13:28:25,65,0,3679.25,15117
2022-10-03 13:28:26,19,7,3679.0,15124
2022-10-03 13:28:27,34,-10,3679.0,15114
2022-10-03 13:28:28,21,20,3679.0,15134
2022-10-03 13:28:29,28,9,3679.0,15143
2022-10-03 13:28:30,73,-1,3678.75,15142
2022-10-03 13:28:31,48,6,3678.75,15148
2022-10-03 13:28:32,87,-16,3678.75,15132
2022-10-03 13:28:33,3,3,3678.5,15135
2022-10-03 13:28:34,48,-10,3678.5,15125
2022-10-03 13:28:35,58,34,3678.5,15159
2022-10-03 13:28:36,440,-32,3678.75,15127
2022-10-03 13:28:37,26,-13,3678.75,15114
2022-10-03 13:28:38,15,8,3678.75,15122
2022-10-03 13:28:39,39,35,3679.5,15157
2022-10-03 13:28:40,108,20,3679.75,15177
2022-10-03 13:28:41,25,2,3680.0,15179
2022-10-03 13:28:42,32,-12,3680.0,15167
2022-10-03 13:28:43,3,0,3680.0,15167
2022-10-03 13:28:44,64,-24,3680.0,15143
2022-10-03 13:28:45,57,-21,3679.75,15122
2022-10-03 13:28:46,13,-10,3679.25,15112
2022-10-03 13:28:47,31,4,3679.25,15116
2022-10-03 13:28:48,7,-2,3679.25,15114
2022-10-03 13:28:49,14,8,3679.25,15122
2022-10-03 13:28:50,15,4,3679.25,15126
2022-10-03 13:28:51,2,-2,3679.0,15124
2022-10-03 13:28:52,10,10,3679.25,15134
2022-10-03 13:28:53,51,31,3679.75,15165
2022-10-03 13:28:54,9,6,3679.75,15171
2022-10-03 13:28:55,59,-32,3679.75,15139
2022-10-03 13:28:56,157,58,3679.5,15197
2022-10-03 13:28:57,50,-25,3679.25,15172
2022-10-03 13:28:58,1,-1,3679.25,15171
2022-10-03 13:28:59,8,0,3679.5,15171
2022-10-03 13:29:00,347,-15,3679.5,15156
2022-10-03 13:29:01,11,-1,3679.75,15155
2022-10-03 13:29:02,11,9,3679.75,15164
2022-10-03 13:29:03,22,-15,3679.75,15149
2022-10-03 13:29:04,18,-10,3679.5,15139
2022-10-03 13:29:05,23,-17,3679.25,15122
2022-10-03 13:29:06,5,-1,3679.0,15121
2022-10-03 13:29:07,116,-35,3678.75,15086
2022-10-03 13:29:08,25,15,3678.75,15101
2022-10-03 13:29:09,13,-7,3679.0,15094
2022-10-03 13:29:10,18,-13,3679.0,15081
2022-10-03 13:29:12,76,2,3679.0,15083
2022-10-03 13:29:13,42,-2,3679.0,15081
2022-10-03 13:29:14,5,-3,3679.0,15078
2022-10-03 13:29:15,14,2,3679.0,15080
2022-10-03 13:29:16,35,8,3679.5,15088
2022-10-03 13:29:17,19,1,3679.25,15089
2022-10-03 13:29:18,33,7,3679.5,15096
2022-10-03 13:29:19,24,-3,3679.5,15093
2022-10-03 13:29:20,1,-1,3679.0,15092
2022-10-03 13:29:21,2,2,3679.25,15094
2022-10-03 13:29:23,17,-8,3679.0,15086
2022-10-03 13:29:24,35,9,3679.25,15095
2022-10-03 13:29:26,21,0,3679.0,15095
2022-10-03 13:29:27,36,-3,3679.0,15092
2022-10-03 13:29:28,25,6,3679.25,15098
2022-10-03 13:29:29,17,-2,3679.0,15096
2022-10-03 13:29:30,7,-6,3679.0,15090
2022-10-03 13:29:31,115,-41,3678.75,15049
2022-10-03 13:29:32,66,-26,3678.25,15023
2022-10-03 13:29:33,35,12,3678.25,15035
2022-10-03 13:29:34,6,-3,3678.25,15032
2022-10-03 13:29:35,23,-14,3678.25,15018
2022-10-03 13:29:36,33,-16,3678.0,15002
2022-10-03 13:29:37,130,-16,3677.75,14986
2022-10-03 13:29:38,38,-17,3677.75,14969
2022-10-03 13:29:39,168,91,3678.25,15060
2022-10-03 13:29:40,42,-23,3678.25,15037
2022-10-03 13:29:41,4,-2,3678.25,15035
2022-10-03 13:29:42,52,1,3678.5,15036
2022-10-03 13:29:43,117,-56,3678.25,14980
2022-10-03 13:29:44,26,-5,3678.25,14975
2022-10-03 13:29:45,51,-19,3678.0,14956
2022-10-03 13:29:46,20,-15,3678.0,14941
2022-10-03 13:29:47,14,8,3678.25,14949
2022-10-03 13:29:48,1,1,3678.25,14950
2022-10-03 13:29:49,68,13,3678.5,14963
2022-10-03 13:29:50,69,-15,3678.5,14948
2022-10-03 13:29:52,9,-6,3678.5,14942
2022-10-03 13:29:54,31,2,3678.5,14944
2022-10-03 13:29:55,20,-9,3678.5,14935
2022-10-03 13:29:56,77,-5,3678.75,14930
2022-10-03 13:29:57,7,5,3678.75,14935
2022-10-03 13:29:58,127,51,3678.75,14986
2022-10-03 13:29:59,23,21,3679.0,15007
2022-10-03 13:30:00,191,88,3679.5,15095
2022-10-03 13:30:01,103,23,3679.75,15118
2022-10-03 13:30:02,213,-109,3679.5,15009
2022-10-03 13:30:03,56,-3,3679.5,15006
2022-10-03 13:30:04,30,-11,3679.25,14995
2022-10-03 13:30:05,47,-19,3678.75,14976
2022-10-03 13:30:07,1,-1,3678.5,14975
2022-10-03 13:30:08,63,9,3678.75,14984
2022-10-03 13:30:09,78,-2,3679.0,14982
2022-10-03 13:30:10,52,5,3678.75,14987
2022-10-03 13:30:11,47,-4,3678.75,14983
2022-10-03 13:30:12,1,-1,3678.5,14982
2022-10-03 13:30:13,24,10,3678.75,14992
2022-10-03 13:30:14,15,1,3678.75,14993
2022-10-03 13:30:16,189,-1,3678.75,14992
2022-10-03 13:30:17,1,-1,3678.5,14991
2022-10-03 13:30:18,111,53,3679.0,15044
2022-10-03 13:30:20,1,1,3679.0,15045
2022-10-03 13:30:21,3,-1,3679.0,15044
2022-10-03 13:30:22,65,5,3679.0,15049
2022-10-03 13:30:23,141,35,3679.0,15084
2022-10-03 13:30:24,77,-22,3679.25,15062
2022-10-03 13:30:25,14,-5,3679.0,15057
2022-10-03 13:30:26,10,0,3679.25,15057
2022-10-03 13:30:27,34,16,3679.25,15073
2022-10-03 13:30:28,85,43,3679.75,15116
2022-10-03 13:30:29,113,6,3680.0,15122
2022-10-03 13:30:30,89,15,3680.0,15137
2022-10-03 13:30:31,127,-13,3680.0,15124
2022-10-03 13:30:32,100,33,3680.25,15157
2022-10-03 13:30:33,7,-3,3680.25,15154
2022-10-03 13:30:34,54,-4,3680.25,15150
2022-10-03 13:30:35,89,12,3680.5,15162
2022-10-03 13:30:36,85,16,3680.5,15178
2022-10-03 13:30:37,22,4,3680.5,15182
2022-10-03 13:30:38,18,13,3680.5,15195
2022-10-03 13:30:39,37,25,3680.75,15220
2022-10-03 13:30:40,76,26,3681.0,15246
2022-10-03 13:30:41,62,3,3680.75,15249
2022-10-03 13:30:42,6,6,3680.75,15255
2022-10-03 13:30:43,5,3,3680.75,15258
2022-10-03 13:30:44,92,68,3681.0,15326
2022-10-03 13:30:45,55,-18,3680.75,15308
2022-10-03 13:30:46,2,0,3680.75,15308
2022-10-03 13:30:47,3,1,3680.75,15309
2022-10-03 13:30:48,1,-1,3680.5,15308
2022-10-03 13:30:49,1,1,3680.75,15309
2022-10-03 13:30:50,6,6,3680.75,15315
2022-10-03 13:30:51,104,-7,3680.75,15308
2022-10-03 13:30:52,49,-8,3680.75,15300
2022-10-03 13:30:53,6,4,3680.75,15304
2022-10-03 13:30:54,17,14,3680.75,15318
2022-10-03 13:30:55,103,16,3681.0,15334
2022-10-03 13:30:56,63,22,3681.25,15356
2022-10-03 13:30:57,6,-1,3681.25,15355
2022-10-03 13:30:58,62,-16,3681.25,15339
2022-10-03 13:30:59,4,0,3681.0,15339
2022-10-03 13:31:00,20,7,3681.0,15346
2022-10-03 13:31:01,87,19,3681.0,15365
2022-10-03 13:31:02,68,-27,3680.75,15338
2022-10-03 13:31:03,133,-5,3680.75,15333
2022-10-03 13:31:04,78,-3,3680.75,15330
2022-10-03 13:31:05,1,-1,3680.5,15329
2022-10-03 13:31:06,2,0,3680.75,15329
2022-10-03 13:31:07,60,32,3681.0,15361
2022-10-03 13:31:08,22,3,3681.0,15364
2022-10-03 13:31:09,9,7,3681.25,15371
2022-10-03 13:31:10,33,19,3681.25,15390
2022-10-03 13:31:11,21,-4,3681.25,15386
2022-10-03 13:31:12,65,-18,3681.25,15368
2022-10-03 13:31:13,82,29,3681.5,15397
2022-10-03 13:31:14,42,-19,3681.5,15378
2022-10-03 13:31:15,35,-4,3681.0,15374
2022-10-03 13:31:16,71,-33,3680.75,15341
2022-10-03 13:31:17,26,22,3681.0,15363
2022-10-03 13:31:18,2,2,3681.0,15365
2022-10-03 13:31:19,43,20,3681.25,15385
2022-10-03 13:31:20,21,10,3681.25,15395
2022-10-03 13:31:21,67,-11,3681.25,15384
2022-10-03 13:31:22,59,16,3681.5,15400
2022-10-03 13:31:23,212,79,3682.0,15479
2022-10-03 13:31:24,119,-33,3682.0,15446
2022-10-03 13:31:25,42,0,3681.75,15446
2022-10-03 13:31:26,37,17,3682.0,15463
2022-10-03 13:31:27,10,1,3682.0,15464
2022-10-03 13:31:28,65,-22,3682.0,15442
2022-10-03 13:31:29,72,30,3682.0,15472
2022-10-03 13:31:30,58,47,3682.25,15519
2022-10-03 13:31:31,84,-25,3682.25,15494
2022-10-03 13:31:32,2,0,3681.75,15494
2022-10-03 13:31:33,38,-22,3681.5,15472
2022-10-03 13:31:34,161,91,3682.0,15563
2022-10-03 13:31:35,52,-5,3682.0,15558
2022-10-03 13:31:36,8,6,3682.0,15564
2022-10-03 13:31:37,18,7,3682.0,15571
2022-10-03 13:31:38,81,-5,3682.0,15566
2022-10-03 13:31:39,33,-9,3681.75,15557
2022-10-03 13:31:40,1,1,3682.0,15558
2022-10-03 13:31:42,35,-19,3681.75,15539
2022-10-03 13:31:43,24,0,3681.75,15539
2022-10-03 13:31:44,15,11,3681.75,15550
2022-10-03 13:31:45,38,17,3682.0,15567
2022-10-03 13:31:46,21,-2,3682.0,15565
2022-10-03 13:31:47,70,35,3682.5,15600
2022-10-03 13:31:48,40,2,3682.5,15602
2022-10-03 13:31:49,46,-7,3682.25,15595
2022-10-03 13:31:50,103,4,3682.25,15599
2022-10-03 13:31:51,1,1,3682.25,15600
2022-10-03 13:31:52,32,0,3682.25,15600
2022-10-03 13:31:53,58,61,3682.25,15661
2022-10-03 13:31:54,2,2,3682.25,15663
2022-10-03 13:31:55,28,18,3682.25,15681
2022-10-03 13:31:56,8,-8,3682.25,15673
2022-10-03 13:31:57,4,-2,3682.25,15671
2022-10-03 13:31:58,34,-11,3682.25,15660
2022-10-03 13:31:59,1,1,3682.25,15661
2022-10-03 13:32:00,39,-3,3682.25,15658
2022-10-03 13:32:01,1,1,3682.25,15659
2022-10-03 13:32:03,55,6,3682.25,15665
2022-10-03 13:32:04,32,-21,3682.25,15644
2022-10-03 13:32:05,60,11,3682.75,15655
2022-10-03 13:32:06,30,16,3682.75,15671
2022-10-03 13:32:07,21,2,3682.75,15673
2022-10-03 13:32:08,36,-7,3682.5,15666
2022-10-03 13:32:09,85,-5,3682.5,15661
2022-10-03 13:32:10,12,1,3682.5,15662
2022-10-03 13:32:11,19,19,3682.75,15681
2022-10-03 13:32:12,2,2,3682.75,15683
2022-10-03 13:32:13,22,10,3682.75,15693
2022-10-03 13:32:14,269,84,3683.25,15777
2022-10-03 13:32:15,9,-1,3683.0,15776
2022-10-03 13:32:16,101,10,3683.0,15786
2022-10-03 13:32:17,4,4,3683.0,15790
2022-10-03 13:32:18,104,-24,3683.25,15766
2022-10-03 13:32:19,70,-2,3683.0,15764
2022-10-03 13:32:20,17,-2,3683.0,15762
2022-10-03 13:32:21,68,2,3682.75,15764
2022-10-03 13:32:22,56,-7,3682.75,15757
2022-10-03 13:32:23,80,15,3682.75,15772
2022-10-03 13:32:24,50,-13,3682.5,15759
2022-10-03 13:32:25,7,3,3682.5,15762
2022-10-03 13:32:26,61,-1,3682.5,15761
2022-10-03 13:32:27,27,-8,3682.5,15753
2022-10-03 13:32:28,39,35,3682.5,15788
2022-10-03 13:32:29,70,-21,3682.25,15767
2022-10-03 13:32:30,43,1,3682.25,15768
2022-10-03 13:32:31,39,16,3682.25,15784
2022-10-03 13:32:32,35,-11,3682.0,15773
2022-10-03 13:32:33,3,-3,3682.0,15770
2022-10-03 13:32:34,1,1,3682.25,15771
2022-10-03 13:32:35,58,1,3682.0,15772
2022-10-03 13:32:36,7,-4,3682.0,15768
2022-10-03 13:32:37,73,-22,3681.75,15746
2022-10-03 13:32:38,30,7,3681.75,15753
2022-10-03 13:32:39,54,-4,3682.0,15749
2022-10-03 13:32:40,1,-1,3681.75,15748
2022-10-03 13:32:41,32,-21,3681.75,15727
2022-10-03 13:32:42,67,1,3681.75,15728
2022-10-03 13:32:43,2,-1,3681.5,15727
2022-10-03 13:32:44,6,-3,3681.75,15724
2022-10-03 13:32:45,237,41,3681.75,15765
2022-10-03 13:32:47,35,14,3681.75,15779
2022-10-03 13:32:48,24,-10,3681.75,15769
2022-10-03 13:32:49,74,-10,3681.75,15759
2022-10-03 13:32:50,1,1,3681.75,15760
2022-10-03 13:32:51,1,1,3681.75,15761
2022-10-03 13:32:52,54,31,3681.75,15792
2022-10-03 13:32:53,75,0,3682.0,15792
2022-10-03 13:32:54,4,-2,3682.0,15790
2022-10-03 13:32:55,49,-2,3682.0,15788
2022-10-03 13:32:56,6,-4,3682.0,15784
2022-10-03 13:32:57,47,36,3682.25,15820
2022-10-03 13:32:58,27,4,3682.25,15824
2022-10-03 13:32:59,62,-6,3682.5,15818
2022-10-03 13:33:00,4,4,3682.5,15822
2022-10-03 13:33:01,4,1,3682.5,15823
2022-10-03 13:33:02,31,-7,3682.25,15816
2022-10-03 13:33:03,37,8,3682.25,15824
2022-10-03 13:33:04,35,10,3682.5,15834
2022-10-03 13:33:05,6,2,3682.75,15836
2022-10-03 13:33:06,7,3,3682.75,15839
2022-10-03 13:33:07,142,-14,3682.75,15825
2022-10-03 13:33:08,172,-45,3682.25,15780
2022-10-03 13:33:09,1,-1,3682.0,15779
2022-10-03 13:33:10,61,-4,3682.0,15775
2022-10-03 13:33:11,32,-2,3682.25,15773
2022-10-03 13:33:12,47,-9,3682.25,15764
2022-10-03 13:33:13,44,19,3682.5,15783
2022-10-03 13:33:14,18,-8,3682.25,15775
2022-10-03 13:33:15,5,-5,3682.0,15770
2022-10-03 13:33:16,63,-4,3682.0,15766
2022-10-03 13:33:17,76,17,3682.25,15783
2022-10-03 13:33:18,1,-1,3682.25,15782
2022-10-03 13:33:19,62,4,3682.25,15786
2022-10-03 13:33:20,159,27,3682.5,15813
2022-10-03 13:33:21,43,4,3682.5,15817
2022-10-03 13:33:22,88,34,3682.75,15851
2022-10-03 13:33:23,10,8,3683.0,15859
2022-10-03 13:33:24,42,0,3683.0,15859
2022-10-03 13:33:25,30,17,3683.0,15876
2022-10-03 13:33:26,243,-60,3683.0,15816
2022-10-03 13:33:27,1,-1,3682.75,15815
2022-10-03 13:33:28,38,-7,3682.75,15808
2022-10-03 13:33:29,14,-6,3683.0,15802
2022-10-03 13:33:30,9,-1,3683.0,15801
2022-10-03 13:33:31,20,-3,3683.0,15798
2022-10-03 13:33:32,2,-1,3682.75,15797
2022-10-03 13:33:33,140,15,3683.25,15812
2022-10-03 13:33:34,35,-17,3683.25,15795
2022-10-03 13:33:35,63,-12,3683.0,15783
2022-10-03 13:33:36,21,-7,3682.75,15776
2022-10-03 13:33:37,33,9,3682.75,15785
2022-10-03 13:33:38,262,-12,3683.0,15773
2022-10-03 13:33:39,62,-10,3683.0,15763
2022-10-03 13:33:40,111,-40,3683.25,15723
2022-10-03 13:33:41,16,-13,3683.0,15710
2022-10-03 13:33:42,2,2,3683.25,15712
2022-10-03 13:33:43,43,-17,3683.25,15695
2022-10-03 13:33:44,25,-19,3683.0,15676
2022-10-03 13:33:45,12,-10,3683.0,15666
2022-10-03 13:33:46,2,-2,3683.0,15664
2022-10-03 13:33:47,2,0,3683.25,15664
2022-10-03 13:33:48,158,17,3683.25,15681
2022-10-03 13:33:49,218,-4,3683.5,15677
2022-10-03 13:33:50,30,0,3683.0,15677
2022-10-03 13:33:51,83,20,3683.25,15697
2022-10-03 13:33:52,98,-57,3683.25,15640
2022-10-03 13:33:53,35,-25,3683.0,15615
2022-10-03 13:33:54,111,42,3683.0,15657
2022-10-03 13:33:55,86,-33,3683.25,15624
2022-10-03 13:33:56,1,1,3683.0,15625
2022-10-03 13:33:57,2,-2,3682.75,15623
2022-10-03 13:33:58,51,9,3683.0,15632
2022-10-03 13:34:00,4,1,3683.25,15633
2022-10-03 13:34:01,203,38,3683.5,15671
2022-10-03 13:34:02,3,2,3683.5,15673
2022-10-03 13:34:03,6,-5,3683.25,15668
2022-10-03 13:34:04,91,40,3683.5,15708
2022-10-03 13:34:05,134,42,3683.5,15750
2022-10-03 13:34:06,10,-3,3683.5,15747
2022-10-03 13:34:07,3,-1,3683.5,15746
2022-10-03 13:34:08,45,-16,3683.5,15730
2022-10-03 13:34:09,1,1,3683.25,15731
2022-10-03 13:34:10,83,-34,3683.0,15697
2022-10-03 13:34:11,29,-10,3683.0,15687
2022-10-03 13:34:12,24,12,3683.0,15699
2022-10-03 13:34:13,18,-12,3683.25,15687
2022-10-03 13:34:14,85,26,3683.0,15713
2022-10-03 13:34:15,7,4,3683.0,15717
2022-10-03 13:34:16,61,31,3683.0,15748
2022-10-03 13:34:17,9,3,3683.0,15751
2022-10-03 13:34:18,114,54,3683.5,15805
2022-10-03 13:34:19,1849,1149,3686.75,16954
2022-10-03 13:34:20,650,35,3686.0,16989
2022-10-03 13:34:21,85,-13,3685.5,16976
2022-10-03 13:34:22,223,22,3685.75,16998
2022-10-03 13:34:23,10,5,3685.75,17003
2022-10-03 13:34:24,60,11,3686.0,17014
2022-10-03 13:34:25,11,-3,3685.75,17011
2022-10-03 13:34:26,87,50,3686.0,17061
2022-10-03 13:34:27,208,32,3685.75,17093
2022-10-03 13:34:28,78,-1,3685.75,17092
2022-10-03 13:34:29,36,0,3685.5,17092
2022-10-03 13:34:30,16,8,3685.75,17100
2022-10-03 13:34:31,241,-14,3685.75,17086
2022-10-03 13:34:32,10,7,3685.25,17093
2022-10-03 13:34:33,30,14,3685.5,17107
2022-10-03 13:34:34,46,13,3685.75,17120
2022-10-03 13:34:35,61,3,3686.0,17123
2022-10-03 13:34:36,24,6,3685.75,17129
2022-10-03 13:34:37,427,-52,3685.75,17077
2022-10-03 13:34:38,12,10,3685.5,17087
2022-10-03 13:34:39,1,-1,3685.25,17086
2022-10-03 13:34:40,82,11,3685.75,17097
2022-10-03 13:34:41,20,8,3685.75,17105
2022-10-03 13:34:42,6,-3,3685.75,17102
2022-10-03 13:34:43,90,24,3686.0,17126
2022-10-03 13:34:44,13,12,3686.0,17138
2022-10-03 13:34:45,67,-3,3686.0,17135
2022-10-03 13:34:46,4,1,3685.75,17136
2022-10-03 13:34:47,70,-20,3685.75,17116
2022-10-03 13:34:48,70,2,3685.75,17118
2022-10-03 13:34:49,1,-1,3685.5,17117
2022-10-03 13:34:50,3,1,3685.75,17118
2022-10-03 13:34:51,1,-1,3685.5,17117
2022-10-03 13:34:52,175,63,3686.0,17180
2022-10-03 13:34:53,25,23,3685.75,17203
2022-10-03 13:34:54,36,-16,3685.75,17187
2022-10-03 13:34:55,13,10,3685.75,17197
2022-10-03 13:34:56,49,7,3686.25,17204
2022-10-03 13:34:57,132,-6,3686.0,17198
2022-10-03 13:34:58,1,1,3686.0,17199
2022-10-03 13:34:59,3,3,3686.0,17202
2022-10-03 13:35:00,59,-12,3686.0,17190
2022-10-03 13:35:01,103,-26,3685.5,17164
2022-10-03 13:35:02,63,2,3685.5,17166
2022-10-03 13:35:03,50,21,3685.25,17187
2022-10-03 13:35:04,34,-25,3685.25,17162
2022-10-03 13:35:05,173,-30,3684.75,17132
2022-10-03 13:35:06,95,16,3685.25,17148
2022-10-03 13:35:07,15,2,3685.25,17150
2022-10-03 13:35:08,47,-6,3685.0,17144
2022-10-03 13:35:09,44,-5,3685.25,17139
2022-10-03 13:35:10,49,-14,3685.25,17125
2022-10-03 13:35:11,46,-5,3685.5,17120
2022-10-03 13:35:12,36,-7,3685.25,17113
2022-10-03 13:35:13,129,-3,3685.0,17110
2022-10-03 13:35:14,26,-21,3684.75,17089
2022-10-03 13:35:15,33,11,3684.75,17100
2022-10-03 13:35:16,89,-32,3684.5,17068
2022-10-03 13:35:17,34,7,3684.75,17075
2022-10-03 13:35:18,65,-29,3684.5,17046
2022-10-03 13:35:19,32,-3,3684.0,17043
2022-10-03 13:35:20,221,-52,3684.0,16991
2022-10-03 13:35:21,41,-1,3683.75,16990
2022-10-03 13:35:22,50,-3,3684.0,16987
2022-10-03 13:35:23,38,14,3683.75,17001
2022-10-03 13:35:24,112,41,3684.0,17042
2022-10-03 13:35:25,28,4,3684.25,17046
2022-10-03 13:35:26,21,7,3684.25,17053
2022-10-03 13:35:27,21,13,3684.25,17066
2022-10-03 13:35:28,15,-3,3684.25,17063
2022-10-03 13:35:29,80,-3,3684.5,17060
2022-10-03 13:35:30,2,-2,3684.25,17058
2022-10-03 13:35:31,19,0,3684.5,17058
2022-10-03 13:35:32,10,-6,3684.5,17052
2022-10-03 13:35:33,20,15,3684.5,17067
2022-10-03 13:35:34,97,-3,3684.75,17064
2022-10-03 13:35:35,15,-5,3684.5,17059
2022-10-03 13:35:36,2,2,3684.5,17061
2022-10-03 13:35:37,4,4,3684.5,17065
2022-10-03 13:35:38,22,6,3684.5,17071
2022-10-03 13:35:40,3,-3,3684.25,17068
2022-10-03 13:35:41,71,-22,3684.25,17046
2022-10-03 13:35:42,17,5,3684.25,17051
2022-10-03 13:35:43,35,-10,3684.0,17041
2022-10-03 13:35:44,36,23,3684.25,17064
2022-10-03 13:35:45,72,-10,3684.0,17054
2022-10-03 13:35:46,40,14,3684.25,17068
2022-10-03 13:35:47,21,-6,3684.5,17062
2022-10-03 13:35:48,1,1,3684.25,17063
2022-10-03 13:35:49,88,-38,3684.5,17025
2022-10-03 13:35:50,82,15,3684.25,17040
2022-10-03 13:35:51,69,-28,3684.25,17012
2022-10-03 13:35:52,19,11,3684.0,17023
2022-10-03 13:35:53,2,-2,3684.0,17021
2022-10-03 13:35:54,143,-105,3684.0,16916
2022-10-03 13:35:55,13,6,3684.0,16922
2022-10-03 13:35:56,75,-12,3684.0,16910
2022-10-03 13:35:57,27,-4,3684.0,16906
2022-10-03 13:35:58,55,8,3684.0,16914
2022-10-03 13:35:59,63,22,3684.25,16936
2022-10-03 13:36:00,30,4,3684.25,16940
2022-10-03 13:36:01,28,0,3684.25,16940
2022-10-03 13:36:02,17,-5,3684.0,16935
2022-10-03 13:36:03,52,-22,3684.0,16913
2022-10-03 13:36:04,27,9,3684.25,16922
2022-10-03 13:36:05,22,-4,3684.0,16918
2022-10-03 13:36:06,55,-1,3684.0,16917
2022-10-03 13:36:07,56,55,3684.0,16972
2022-10-03 13:36:08,26,-8,3683.75,16964
2022-10-03 13:36:09,11,9,3684.0,16973
2022-10-03 13:36:10,10,1,3684.0,16974
2022-10-03 13:36:11,2,-1,3684.0,16973
2022-10-03 13:36:12,25,-8,3684.0,16965
2022-10-03 13:36:13,41,-17,3684.0,16948
2022-10-03 13:36:14,11,-6,3683.75,16942
2022-10-03 13:36:15,69,-43,3683.5,16899
2022-10-03 13:36:16,121,2,3684.0,16901
2022-10-03 13:36:17,59,-23,3684.0,16878
2022-10-03 13:36:18,37,7,3684.0,16885
2022-10-03 13:36:19,59,-8,3684.25,16877
2022-10-03 13:36:20,51,-2,3684.25,16875
2022-10-03 13:36:21,87,-12,3684.0,16863
2022-10-03 13:36:22,77,4,3683.5,16867
2022-10-03 13:36:23,58,-26,3683.75,16841
2022-10-03 13:36:25,33,12,3683.75,16853
2022-10-03 13:36:26,2,0,3683.75,16853
2022-10-03 13:36:27,19,10,3683.75,16863
2022-10-03 13:36:28,15,-1,3683.75,16862
2022-10-03 13:36:29,29,-12,3683.75,16850
2022-10-03 13:36:30,2,0,3683.75,16850
2022-10-03 13:36:31,17,11,3683.75,16861
2022-10-03 13:36:32,20,-11,3683.75,16850
2022-10-03 13:36:33,7,-2,3683.75,16848
2022-10-03 13:36:34,1,-1,3683.75,16847
2022-10-03 13:36:35,28,-7,3683.75,16840
2022-10-03 13:36:36,5,0,3684.0,16840
2022-10-03 13:36:37,69,23,3684.25,16863
2022-10-03 13:36:38,23,-17,3684.25,16846
2022-10-03 13:36:39,10,9,3684.25,16855
2022-10-03 13:36:40,85,34,3684.75,16889
2022-10-03 13:36:41,13,-7,3684.75,16882
2022-10-03 13:36:42,24,-2,3684.75,16880
2022-10-03 13:36:43,42,3,3684.75,16883
2022-10-03 13:36:44,24,0,3685.0,16883
2022-10-03 13:36:45,3,2,3685.0,16885
2022-10-03 13:36:46,8,-5,3685.0,16880
2022-10-03 13:36:47,25,-4,3685.0,16876
2022-10-03 13:36:48,22,-16,3685.0,16860
2022-10-03 13:36:49,22,-1,3684.75,16859
2022-10-03 13:36:50,42,-1,3684.5,16858
2022-10-03 13:36:51,12,-11,3684.5,16847
2022-10-03 13:36:52,16,11,3684.75,16858
2022-10-03 13:36:53,69,-14,3685.0,16844
2022-10-03 13:36:54,112,-73,3684.75,16771
2022-10-03 13:36:57,16,-2,3684.75,16769
2022-10-03 13:36:58,7,4,3684.5,16773
2022-10-03 13:36:59,37,-9,3684.5,16764
2022-10-03 13:37:00,61,4,3684.25,16768
2022-10-03 13:37:01,49,-5,3684.25,16763
2022-10-03 13:37:02,49,-5,3684.0,16758
2022-10-03 13:37:03,11,-3,3684.0,16755
2022-10-03 13:37:04,1,1,3684.0,16756
2022-10-03 13:37:05,35,7,3684.0,16763
2022-10-03 13:37:06,29,10,3684.0,16773
2022-10-03 13:37:07,53,-32,3684.0,16741
2022-10-03 13:37:08,7,-4,3684.0,16737
2022-10-03 13:37:09,31,0,3683.75,16737
2022-10-03 13:37:10,62,47,3684.5,16784
2022-10-03 13:37:11,43,13,3684.5,16797
2022-10-03 13:37:12,6,6,3684.75,16803
2022-10-03 13:37:13,27,17,3685.0,16820
2022-10-03 13:37:14,1,-1,3684.75,16819
2022-10-03 13:37:15,62,17,3685.0,16836
2022-10-03 13:37:16,25,3,3685.0,16839
2022-10-03 13:37:17,30,8,3685.25,16847
2022-10-03 13:37:18,1,1,3685.0,16848
2022-10-03 13:37:19,59,-24,3684.75,16824
2022-10-03 13:37:20,61,-33,3684.75,16791
2022-10-03 13:37:21,1,-1,3684.75,16790
2022-10-03 13:37:22,95,-37,3685.0,16753
2022-10-03 13:37:23,115,10,3685.0,16763
2022-10-03 13:37:25,45,-22,3685.0,16741
2022-10-03 13:37:26,101,44,3685.0,16785
2022-10-03 13:37:27,1,-1,3684.75,16784
2022-10-03 13:37:28,4,2,3685.0,16786
2022-10-03 13:37:29,1,-1,3684.75,16785
2022-10-03 13:37:30,6,0,3685.0,16785
2022-10-03 13:37:31,14,11,3685.0,16796
2022-10-03 13:37:32,9,1,3685.25,16797
2022-10-03 13:37:33,126,5,3685.75,16802
2022-10-03 13:37:34,27,-18,3685.25,16784
2022-10-03 13:37:35,201,27,3685.0,16811
2022-10-03 13:37:36,153,-52,3685.0,16759
2022-10-03 13:37:37,5,2,3685.0,16761
2022-10-03 13:37:38,258,-68,3684.75,16693
2022-10-03 13:37:39,1,1,3684.75,16694
2022-10-03 13:37:40,22,17,3684.75,16711
2022-10-03 13:37:41,2,-2,3684.75,16709
2022-10-03 13:37:42,4,-2,3685.0,16707
2022-10-03 13:37:43,44,11,3685.0,16718
2022-10-03 13:37:44,46,-20,3684.75,16698
2022-10-03 13:37:45,53,-23,3685.0,16675
2022-10-03 13:37:46,75,10,3684.75,16685
2022-10-03 13:37:47,24,0,3685.0,16685
2022-10-03 13:37:48,1,-1,3684.75,16684
2022-10-03 13:37:49,52,18,3685.0,16702
2022-10-03 13:37:50,16,5,3685.0,16707
2022-10-03 13:37:52,51,-7,3684.75,16700
2022-10-03 13:37:54,13,3,3684.75,16703
2022-10-03 13:37:56,40,-24,3684.5,16679
2022-10-03 13:37:57,1,1,3684.5,16680
2022-10-03 13:37:58,86,-22,3684.5,16658
2022-10-03 13:37:59,29,18,3684.25,16676
2022-10-03 13:38:00,1,-1,3684.25,16675
2022-10-03 13:38:01,36,-3,3684.5,16672
2022-10-03 13:38:02,15,-9,3684.5,16663
2022-10-03 13:38:03,2,0,3684.75,16663
2022-10-03 13:38:04,16,-2,3684.75,16661
2022-10-03 13:38:05,10,-9,3684.5,16652
2022-10-03 13:38:06,30,4,3684.5,16656
2022-10-03 13:38:07,37,-6,3684.5,16650
2022-10-03 13:38:08,40,17,3684.5,16667
2022-10-03 13:38:09,36,-12,3684.25,16655
2022-10-03 13:38:12,41,-15,3684.25,16640
2022-10-03 13:38:13,31,21,3684.25,16661
2022-10-03 13:38:15,91,-57,3684.25,16604
2022-10-03 13:38:16,1,1,3684.5,16605
2022-10-03 13:38:17,15,-9,3684.25,16596
2022-10-03 13:38:19,370,11,3684.25,16607
2022-10-03 13:38:20,1,1,3684.25,16608
2022-10-03 13:38:21,53,5,3684.25,16613
2022-10-03 13:38:22,7,-7,3684.25,16606
2022-10-03 13:38:23,62,-14,3684.25,16592
2022-10-03 13:38:24,16,-10,3684.0,16582
2022-10-03 13:38:25,55,20,3684.0,16602
2022-10-03 13:38:26,28,3,3684.0,16605
2022-10-03 13:38:27,2,-2,3683.75,16603
2022-10-03 13:38:28,151,-2,3683.75,16601
2022-10-03 13:38:29,33,-12,3683.75,16589
2022-10-03 13:38:30,75,7,3683.75,16596
2022-10-03 13:38:32,26,-2,3683.75,16594
2022-10-03 13:38:33,4,-1,3683.75,16593
2022-10-03 13:38:34,7,3,3683.75,16596
2022-10-03 13:38:35,47,-23,3683.5,16573
2022-10-03 13:38:36,99,-37,3683.5,16536
2022-10-03 13:38:37,59,19,3683.25,16555
2022-10-03 13:38:38,4,-4,3683.0,16551
2022-10-03 13:38:39,46,2,3683.5,16553
2022-10-03 13:38:40,22,-16,3683.25,16537
2022-10-03 13:38:41,12,-10,3683.0,16527
2022-10-03 13:38:42,35,-26,3683.0,16501
2022-10-03 13:38:43,59,-3,3683.0,16498
2022-10-03 13:38:44,39,-17,3683.25,16481
2022-10-03 13:38:45,428,-414,3683.0,16067
2022-10-03 13:38:46,123,32,3682.75,16099
2022-10-03 13:38:47,38,-16,3682.75,16083
2022-10-03 13:38:48,17,9,3682.75,16092
2022-10-03 13:38:49,29,-21,3682.5,16071
2022-10-03 13:38:50,50,-24,3682.5,16047
2022-10-03 13:38:51,81,-18,3682.25,16029
2022-10-03 13:38:52,59,-3,3682.5,16026
2022-10-03 13:38:53,31,22,3682.5,16048
2022-10-03 13:38:54,65,-24,3682.75,16024
2022-10-03 13:38:55,136,-55,3682.5,15969
2022-10-03 13:38:56,32,9,3682.25,15978
2022-10-03 13:38:57,29,13,3682.25,15991
2022-10-03 13:38:58,19,-16,3682.0,15975
2022-10-03 13:38:59,43,6,3682.25,15981
2022-10-03 13:39:00,190,-36,3682.25,15945
2022-10-03 13:39:01,32,8,3681.75,15953
2022-10-03 13:39:02,36,22,3681.75,15975
2022-10-03 13:39:03,52,5,3682.25,15980
2022-10-03 13:39:04,31,-14,3682.25,15966
2022-10-03 13:39:05,19,-13,3682.0,15953
2022-10-03 13:39:06,18,12,3682.0,15965
2022-10-03 13:39:07,73,-44,3682.0,15921
2022-10-03 13:39:08,52,17,3682.25,15938
2022-10-03 13:39:09,28,-15,3682.25,15923
2022-10-03 13:39:10,160,-12,3682.0,15911
2022-10-03 13:39:11,16,-10,3682.0,15901
2022-10-03 13:39:12,7,5,3682.0,15906
2022-10-03 13:39:13,72,11,3682.0,15917
2022-10-03 13:39:14,38,5,3682.25,15922
2022-10-03 13:39:15,77,32,3682.75,15954
2022-10-03 13:39:16,20,-8,3682.5,15946
2022-10-03 13:39:17,30,-5,3682.25,15941
2022-10-03 13:39:19,2,-1,3682.25,15940
2022-10-03 13:39:20,21,4,3682.25,15944
2022-10-03 13:39:21,35,-4,3682.0,15940
2022-10-03 13:39:22,12,-7,3682.0,15933
2022-10-03 13:39:23,47,-3,3682.0,15930
2022-10-03 13:39:24,26,-18,3682.0,15912
2022-10-03 13:39:25,47,-13,3682.0,15899
2022-10-03 13:39:26,27,4,3682.0,15903
2022-10-03 13:39:28,10,-8,3682.0,15895
2022-10-03 13:39:29,54,22,3682.25,15917
2022-10-03 13:39:30,27,4,3682.5,15921
2022-10-03 13:39:31,10,-7,3682.25,15914
2022-10-03 13:39:32,27,5,3682.25,15919
2022-10-03 13:39:33,16,2,3682.25,15921
2022-10-03 13:39:34,2,-1,3682.25,15920
2022-10-03 13:39:35,51,-12,3682.25,15908
2022-10-03 13:39:36,60,22,3682.5,15930
2022-10-03 13:39:37,40,-4,3682.75,15926
2022-10-03 13:39:38,10,0,3682.5,15926
2022-10-03 13:39:39,31,14,3682.5,15940
2022-10-03 13:39:40,39,2,3682.75,15942
2022-10-03 13:39:41,23,16,3682.75,15958
2022-10-03 13:39:42,34,9,3682.75,15967
2022-10-03 13:39:43,12,5,3683.0,15972
2022-10-03 13:39:44,1,1,3683.0,15973
2022-10-03 13:39:45,60,-5,3683.0,15968
2022-10-03 13:39:46,22,-8,3682.75,15960
2022-10-03 13:39:47,59,3,3682.75,15963
2022-10-03 13:39:48,11,0,3682.75,15963
2022-10-03 13:39:49,32,0,3682.5,15963
2022-10-03 13:39:50,43,-16,3682.5,15947
2022-10-03 13:39:51,50,6,3682.5,15953
2022-10-03 13:39:52,18,-9,3682.75,15944
2022-10-03 13:39:53,18,2,3682.5,15946
2022-10-03 13:39:54,4,-4,3682.5,15942
2022-10-03 13:39:55,7,0,3682.5,15942
2022-10-03 13:39:57,1,-1,3682.25,15941
2022-10-03 13:39:58,49,-18,3682.5,15923
2022-10-03 13:39:59,27,-2,3682.5,15921
2022-10-03 13:40:00,113,-10,3682.5,15911
2022-10-03 13:40:01,16,11,3682.75,15922
2022-10-03 13:40:02,1,1,3682.75,15923
2022-10-03 13:40:03,268,92,3683.5,16015
2022-10-03 13:40:04,67,-15,3683.25,16000
2022-10-03 13:40:05,2,-2,3682.75,15998
2022-10-03 13:40:06,20,17,3683.0,16015
2022-10-03 13:40:07,5,1,3683.0,16016
2022-10-03 13:40:08,81,-28,3682.75,15988
2022-10-03 13:40:09,53,-26,3682.5,15962
2022-10-03 13:40:10,15,-5,3682.5,15957
2022-10-03 13:40:11,15,-7,3682.5,15950
2022-10-03 13:40:12,5,0,3682.5,15950
2022-10-03 13:40:13,14,9,3682.75,15959
2022-10-03 13:40:14,99,-23,3683.0,15936
2022-10-03 13:40:15,4,-4,3682.75,15932
2022-10-03 13:40:16,11,-3,3682.75,15929
2022-10-03 13:40:17,31,10,3683.25,15939
2022-10-03 13:40:18,146,-168,3683.0,15771
2022-10-03 13:40:19,31,-6,3682.75,15765
2022-10-03 13:40:21,44,-9,3682.75,15756
2022-10-03 13:40:22,44,9,3683.0,15765
2022-10-03 13:40:23,69,-3,3683.25,15762
2022-10-03 13:40:24,6,4,3683.5,15766
2022-10-03 13:40:25,45,-24,3683.5,15742
2022-10-03 13:40:26,31,-10,3683.0,15732
2022-10-03 13:40:27,22,-3,3683.0,15729
2022-10-03 13:40:28,31,2,3682.75,15731
2022-10-03 13:40:29,40,5,3683.0,15736
2022-10-03 13:40:30,4,-2,3683.0,15734
2022-10-03 13:40:31,11,-2,3683.0,15732
2022-10-03 13:40:32,35,-16,3683.25,15716
2022-10-03 13:40:33,9,9,3683.0,15725
2022-10-03 13:40:34,21,-13,3683.0,15712
2022-10-03 13:40:35,19,-5,3682.75,15707
2022-10-03 13:40:36,9,-8,3682.75,15699
2022-10-03 13:40:37,35,6,3682.75,15705
2022-10-03 13:40:38,8,1,3682.75,15706
2022-10-03 13:40:39,1,1,3682.75,15707
2022-10-03 13:40:41,29,-5,3682.75,15702
2022-10-03 13:40:42,10,-1,3682.75,15701
2022-10-03 13:40:43,2,2,3683.0,15703
2022-10-03 13:40:45,43,2,3683.0,15705
2022-10-03 13:40:46,2,2,3683.0,15707
2022-10-03 13:40:47,31,-14,3683.0,15693
2022-10-03 13:40:48,7,-1,3683.0,15692
2022-10-03 13:40:49,4,-2,3682.75,15690
2022-10-03 13:40:50,53,10,3683.0,15700
2022-10-03 13:40:51,13,-3,3683.0,15697
2022-10-03 13:40:52,8,-2,3683.25,15695
2022-10-03 13:40:53,36,-7,3683.0,15688
2022-10-03 13:40:54,29,-3,3683.25,15685
2022-10-03 13:40:55,4,-4,3683.0,15681
2022-10-03 13:40:56,3,2,3683.0,15683
2022-10-03 13:40:57,81,34,3683.5,15717
2022-10-03 13:40:58,36,26,3683.75,15743
2022-10-03 13:40:59,45,17,3684.0,15760
2022-10-03 13:41:00,5,3,3684.0,15763
2022-10-03 13:41:01,2,0,3684.0,15763
2022-10-03 13:41:02,125,48,3684.5,15811
2022-10-03 13:41:03,46,-13,3684.25,15798
2022-10-03 13:41:04,2,0,3684.5,15798
2022-10-03 13:41:05,3,-1,3684.5,15797
2022-10-03 13:41:06,72,-3,3684.5,15794
2022-10-03 13:41:07,11,1,3684.25,15795
2022-10-03 13:41:08,12,10,3684.25,15805
2022-10-03 13:41:09,1,1,3684.25,15806
2022-10-03 13:41:11,53,-9,3684.0,15797
2022-10-03 13:41:12,44,-8,3684.0,15789
2022-10-03 13:41:14,42,6,3684.0,15795
2022-10-03 13:41:15,7,1,3684.0,15796
2022-10-03 13:41:16,1,-1,3684.0,15795
2022-10-03 13:41:17,2,0,3684.25,15795
2022-10-03 13:41:18,50,23,3684.5,15818
2022-10-03 13:41:19,82,-35,3684.25,15783
2022-10-03 13:41:20,55,-4,3684.25,15779
2022-10-03 13:41:21,54,30,3684.5,15809
2022-10-03 13:41:22,56,34,3685.0,15843
2022-10-03 13:41:23,20,-14,3684.75,15829
2022-10-03 13:41:24,54,-5,3684.5,15824
2022-10-03 13:41:25,1,-1,3684.25,15823
2022-10-03 13:41:26,3,3,3684.5,15826
2022-10-03 13:41:28,2,2,3684.5,15828
2022-10-03 13:41:30,69,10,3684.25,15838
2022-10-03 13:41:31,18,1,3684.25,15839
2022-10-03 13:41:32,27,1,3684.25,15840
2022-10-03 13:41:33,12,1,3684.25,15841
2022-10-03 13:41:34,12,-1,3684.5,15840
2022-10-03 13:41:35,82,-14,3684.5,15826
2022-10-03 13:41:36,4,-1,3684.25,15825
2022-10-03 13:41:37,43,15,3684.25,15840
2022-10-03 13:41:38,26,10,3684.25,15850
2022-10-03 13:41:39,3,-3,3684.25,15847
2022-10-03 13:41:40,1,-1,3684.25,15846
2022-10-03 13:41:42,45,-10,3684.25,15836
2022-10-03 13:41:43,27,1,3684.25,15837
2022-10-03 13:41:45,39,-9,3684.0,15828
2022-10-03 13:41:46,15,-1,3684.0,15827
2022-10-03 13:41:48,40,2,3683.75,15829
2022-10-03 13:41:49,24,7,3683.75,15836
2022-10-03 13:41:50,22,-10,3683.75,15826
2022-10-03 13:41:51,51,-8,3683.75,15818
2022-10-03 13:41:52,3,-3,3683.75,15815
2022-10-03 13:41:53,38,-2,3683.5,15813
2022-10-03 13:41:54,34,-19,3683.5,15794
2022-10-03 13:41:55,7,-5,3683.25,15789
2022-10-03 13:41:56,30,7,3683.5,15796
2022-10-03 13:41:57,16,-3,3683.25,15793
2022-10-03 13:41:58,42,12,3683.5,15805
2022-10-03 13:41:59,15,9,3683.75,15814
2022-10-03 13:42:00,1,1,3683.75,15815
2022-10-03 13:42:01,44,-10,3683.5,15805
2022-10-03 13:42:02,3,-3,3683.25,15802
2022-10-03 13:42:03,1,-1,3683.25,15801
2022-10-03 13:42:04,148,61,3683.75,15862
2022-10-03 13:42:05,17,-5,3683.5,15857
2022-10-03 13:42:06,8,-7,3683.25,15850
2022-10-03 13:42:07,89,76,3683.5,15926
2022-10-03 13:42:08,103,-12,3683.5,15914
2022-10-03 13:42:09,35,17,3683.5,15931
2022-10-03 13:42:10,18,7,3683.5,15938
2022-10-03 13:42:11,56,2,3683.75,15940
2022-10-03 13:42:12,27,1,3683.75,15941
2022-10-03 13:42:15,42,24,3684.0,15965
2022-10-03 13:42:16,46,-23,3684.25,15942
2022-10-03 13:42:17,59,-16,3684.0,15926
2022-10-03 13:42:18,7,-4,3684.0,15922
2022-10-03 13:42:19,36,1,3684.0,15923
2022-10-03 13:42:20,9,-3,3683.75,15920
2022-10-03 13:42:21,25,-5,3683.75,15915
2022-10-03 13:42:22,8,1,3683.75,15916
2022-10-03 13:42:23,29,9,3683.75,15925
2022-10-03 13:42:24,105,-55,3683.75,15870
2022-10-03 13:42:25,24,-13,3683.75,15857
2022-10-03 13:42:26,32,-5,3683.75,15852
2022-10-03 13:42:27,51,-30,3683.75,15822
2022-10-03 13:42:28,24,-5,3683.75,15817
2022-10-03 13:42:29,48,21,3684.0,15838
2022-10-03 13:42:30,38,15,3684.25,15853
2022-10-03 13:42:31,43,18,3684.25,15871
2022-10-03 13:42:32,30,4,3684.5,15875
2022-10-03 13:42:33,1,-1,3684.0,15874
2022-10-03 13:42:34,1,-1,3684.0,15873
2022-10-03 13:42:35,4,2,3684.25,15875
2022-10-03 13:42:37,19,-6,3684.0,15869
2022-10-03 13:42:38,19,0,3684.0,15869
2022-10-03 13:42:39,13,-3,3684.0,15866
2022-10-03 13:42:40,2,2,3684.0,15868
2022-10-03 13:42:41,2,2,3684.0,15870
2022-10-03 13:42:42,31,-17,3683.75,15853
2022-10-03 13:42:43,25,5,3683.75,15858
2022-10-03 13:42:44,7,-3,3683.75,15855
2022-10-03 13:42:45,1,-1,3683.5,15854
2022-10-03 13:42:46,40,-16,3683.75,15838
2022-10-03 13:42:47,1,1,3683.75,15839
2022-10-03 13:42:48,18,-11,3683.5,15828
2022-10-03 13:42:49,12,11,3683.5,15839
2022-10-03 13:42:51,24,2,3683.5,15841
2022-10-03 13:42:52,19,-4,3683.5,15837
2022-10-03 13:42:53,6,-4,3683.5,15833
2022-10-03 13:42:54,2,2,3683.5,15835
2022-10-03 13:42:55,165,-22,3683.5,15813
2022-10-03 13:42:56,42,30,3684.0,15843
2022-10-03 13:42:57,14,-3,3684.0,15840
2022-10-03 13:42:58,25,10,3684.0,15850
2022-10-03 13:42:59,9,-7,3683.75,15843
2022-10-03 13:43:00,1,-1,3683.5,15842
2022-10-03 13:43:02,49,-19,3683.5,15823
2022-10-03 13:43:03,18,6,3683.5,15829
2022-10-03 13:43:04,1,1,3683.5,15830
2022-10-03 13:43:05,96,-37,3683.25,15793
2022-10-03 13:43:07,47,1,3683.0,15794
2022-10-03 13:43:08,29,-8,3682.75,15786
2022-10-03 13:43:09,18,-7,3682.75,15779
2022-10-03 13:43:10,39,8,3682.75,15787
2022-10-03 13:43:11,2,-2,3682.75,15785
2022-10-03 13:43:12,7,-6,3682.75,15779
2022-10-03 13:43:14,24,15,3683.0,15794
2022-10-03 13:43:15,5,-1,3683.25,15793
2022-10-03 13:43:16,23,-1,3683.25,15792
2022-10-03 13:43:17,6,1,3683.25,15793
2022-10-03 13:43:18,18,13,3683.75,15806
2022-10-03 13:43:19,6,3,3683.5,15809
2022-10-03 13:43:20,5,-4,3683.25,15805
2022-10-03 13:43:21,7,7,3683.5,15812
2022-10-03 13:43:22,3,2,3683.75,15814
2022-10-03 13:43:23,20,-12,3683.5,15802
2022-10-03 13:43:24,40,-4,3683.25,15798
2022-10-03 13:43:25,12,7,3683.25,15805
2022-10-03 13:43:26,33,-4,3683.25,15801
2022-10-03 13:43:27,10,0,3683.25,15801
2022-10-03 13:43:28,26,4,3683.25,15805
2022-10-03 13:43:29,6,-4,3683.25,15801
2022-10-03 13:43:30,4,2,3683.25,15803
2022-10-03 13:43:31,25,-4,3683.0,15799
2022-10-03 13:43:33,6,-3,3683.0,15796
2022-10-03 13:43:34,11,4,3683.25,15800
2022-10-03 13:43:35,26,14,3683.5,15814
2022-10-03 13:43:36,77,-11,3683.5,15803
2022-10-03 13:43:37,18,-4,3683.0,15799
2022-10-03 13:43:38,5,-3,3683.25,15796
2022-10-03 13:43:39,1,-1,3683.0,15795
2022-10-03 13:43:40,14,-8,3683.0,15787
2022-10-03 13:43:41,33,16,3683.0,15803
2022-10-03 13:43:43,13,-1,3683.0,15802
2022-10-03 13:43:44,21,7,3683.0,15809
2022-10-03 13:43:45,87,5,3683.25,15814
2022-10-03 13:43:47,32,-2,3683.0,15812
2022-10-03 13:43:48,1,1,3683.0,15813
2022-10-03 13:43:49,68,-24,3683.0,15789
2022-10-03 13:43:50,59,6,3683.5,15795
2022-10-03 13:43:51,8,-8,3683.25,15787
2022-10-03 13:43:52,11,8,3683.5,15795
2022-10-03 13:43:53,63,-25,3683.5,15770
2022-10-03 13:43:56,22,-7,3683.25,15763
2022-10-03 13:43:57,20,1,3682.75,15764
2022-10-03 13:43:58,82,-1,3682.5,15763
2022-10-03 13:43:59,31,6,3682.75,15769
2022-10-03 13:44:00,48,11,3683.0,15780
2022-10-03 13:44:02,17,-1,3682.75,15779
2022-10-03 13:44:03,31,-3,3682.75,15776
2022-10-03 13:44:04,2,0,3683.0,15776
2022-10-03 13:44:05,18,3,3683.0,15779
2022-10-03 13:44:07,1,-1,3683.0,15778
2022-10-03 13:44:08,19,-6,3683.0,15772
2022-10-03 13:44:09,7,-6,3683.0,15766
2022-10-03 13:44:10,25,10,3683.0,15776
2022-10-03 13:44:11,33,12,3683.0,15788
2022-10-03 13:44:12,12,4,3683.0,15792
2022-10-03 13:44:13,14,-10,3683.0,15782
2022-10-03 13:44:14,10,7,3683.0,15789
2022-10-03 13:44:15,32,14,3683.25,15803
2022-10-03 13:44:16,11,-10,3683.25,15793
2022-10-03 13:44:17,2,0,3683.25,15793
2022-10-03 13:44:18,3,2,3683.25,15795
2022-10-03 13:44:19,6,4,3683.0,15799
2022-10-03 13:44:20,7,2,3683.0,15801
2022-10-03 13:44:22,40,9,3683.25,15810
2022-10-03 13:44:23,55,-15,3683.5,15795
2022-10-03 13:44:25,22,9,3683.5,15804
2022-10-03 13:44:26,13,-5,3683.5,15799
2022-10-03 13:44:27,75,34,3683.75,15833
2022-10-03 13:44:28,18,-10,3683.75,15823
2022-10-03 13:44:29,30,5,3684.0,15828
2022-10-03 13:44:30,14,-3,3684.0,15825
2022-10-03 13:44:32,14,4,3683.75,15829
2022-10-03 13:44:33,9,-2,3684.0,15827
2022-10-03 13:44:35,1,-1,3683.75,15826
2022-10-03 13:44:36,2,-2,3683.75,15824
2022-10-03 13:44:37,38,-12,3683.75,15812
2022-10-03 13:44:39,45,21,3684.0,15833
2022-10-03 13:44:40,4,-1,3684.0,15832
2022-10-03 13:44:41,1,-1,3684.0,15831
2022-10-03 13:44:42,4,1,3684.25,15832
2022-10-03 13:44:43,37,-8,3684.0,15824
2022-10-03 13:44:44,76,-47,3684.0,15777
2022-10-03 13:44:45,3,-1,3683.75,15776
2022-10-03 13:44:47,2,-2,3683.5,15774
2022-10-03 13:44:50,2,-2,3683.5,15772
2022-10-03 13:44:51,34,-7,3683.5,15765
2022-10-03 13:44:52,9,0,3683.5,15765
2022-10-03 13:44:53,26,16,3683.75,15781
2022-10-03 13:44:55,3,-1,3683.75,15780
2022-10-03 13:44:56,1,-1,3683.25,15779
2022-10-03 13:44:57,31,-11,3683.25,15768
2022-10-03 13:44:58,11,-2,3683.25,15766
2022-10-03 13:44:59,11,5,3683.25,15771
2022-10-03 13:45:00,32,-12,3683.5,15759
2022-10-03 13:45:01,10,-2,3683.5,15757
2022-10-03 13:45:02,2,-2,3683.25,15755
2022-10-03 13:45:03,16,0,3683.25,15755
2022-10-03 13:45:04,10,-3,3683.25,15752
2022-10-03 13:45:05,24,14,3683.5,15766
2022-10-03 13:45:06,5,-5,3683.5,15761
2022-10-03 13:45:07,18,14,3683.75,15775
2022-10-03 13:45:08,11,-7,3683.75,15768
2022-10-03 13:45:09,16,-15,3683.75,15753
2022-10-03 13:45:11,23,4,3683.75,15757
2022-10-03 13:45:12,8,3,3684.0,15760
2022-10-03 13:45:13,58,26,3684.0,15786
2022-10-03 13:45:15,61,10,3684.25,15796
2022-10-03 13:45:16,24,4,3684.5,15800
2022-10-03 13:45:17,13,3,3684.25,15803
2022-10-03 13:45:19,5,-3,3684.5,15800
2022-10-03 13:45:20,2,0,3684.5,15800
2022-10-03 13:45:21,2,2,3684.5,15802
2022-10-03 13:45:22,56,11,3684.5,15813
2022-10-03 13:45:23,3,3,3684.75,15816
2022-10-03 13:45:24,6,1,3684.75,15817
2022-10-03 13:45:25,3,2,3684.75,15819
2022-10-03 13:45:26,44,-9,3684.75,15810
2022-10-03 13:45:27,31,21,3684.75,15831
2022-10-03 13:45:28,8,0,3684.75,15831
2022-10-03 13:45:29,13,9,3684.75,15840
2022-10-03 13:45:30,53,-22,3684.5,15818
2022-10-03 13:45:31,791,608,3686.0,16426
2022-10-03 13:45:32,157,56,3685.5,16482
2022-10-03 13:45:33,40,15,3685.5,16497
2022-10-03 13:45:34,27,-7,3685.5,16490
2022-10-03 13:45:35,36,3,3685.25,16493
2022-10-03 13:45:36,21,0,3685.25,16493
2022-10-03 13:45:37,34,9,3685.25,16502
2022-10-03 13:45:38,45,-9,3685.25,16493
2022-10-03 13:45:39,5,-3,3685.0,16490
2022-10-03 13:45:40,44,-9,3684.75,16481
2022-10-03 13:45:41,6,4,3684.75,16485
2022-10-03 13:45:42,38,9,3684.75,16494
2022-10-03 13:45:43,31,10,3684.75,16504
2022-10-03 13:45:44,31,23,3685.0,16527
2022-10-03 13:45:45,2,-1,3685.0,16526
2022-10-03 13:45:46,27,-5,3685.25,16521
2022-10-03 13:45:47,3,-3,3685.0,16518
2022-10-03 13:45:49,61,-4,3685.0,16514
2022-10-03 13:45:50,37,16,3685.25,16530
2022-10-03 13:45:51,13,3,3685.5,16533
2022-10-03 13:45:52,4,4,3685.5,16537
2022-10-03 13:45:53,9,2,3685.5,16539
2022-10-03 13:45:54,31,-9,3685.25,16530
2022-10-03 13:45:55,50,-9,3685.0,16521
2022-10-03 13:45:56,70,-7,3685.0,16514
2022-10-03 13:45:57,20,-3,3684.75,16511
2022-10-03 13:45:58,5,-4,3684.75,16507
2022-10-03 13:45:59,32,21,3685.0,16528
2022-10-03 13:46:00,22,-14,3685.0,16514
2022-10-03 13:46:01,39,20,3685.0,16534
2022-10-03 13:46:02,12,12,3685.25,16546
2022-10-03 13:46:04,42,-10,3685.0,16536
2022-10-03 13:46:07,4,-2,3685.25,16534
2022-10-03 13:46:08,36,8,3685.25,16542
2022-10-03 13:46:09,5,2,3685.5,16544
2022-10-03 13:46:10,68,-1,3685.5,16543
2022-10-03 13:46:11,8,7,3685.5,16550
2022-10-03 13:46:12,62,0,3685.5,16550
2022-10-03 13:46:13,5,2,3685.75,16552
2022-10-03 13:46:14,34,10,3685.75,16562
2022-10-03 13:46:15,3,3,3685.75,16565
2022-10-03 13:46:16,19,17,3686.0,16582
2022-10-03 13:46:17,325,-12,3686.0,16570
2022-10-03 13:46:18,46,13,3686.0,16583
2022-10-03 13:46:20,8,2,3686.0,16585
2022-10-03 13:46:21,127,-10,3685.75,16575
2022-10-03 13:46:22,111,45,3685.75,16620
2022-10-03 13:46:24,85,-24,3685.75,16596
2022-10-03 13:46:25,2,2,3685.75,16598
2022-10-03 13:46:26,290,52,3686.0,16650
2022-10-03 13:46:27,100,4,3686.25,16654
2022-10-03 13:46:28,3,-1,3686.0,16653
2022-10-03 13:46:29,46,-6,3686.25,16647
2022-10-03 13:46:30,98,64,3686.25,16711
2022-10-03 13:46:31,135,68,3686.75,16779
2022-10-03 13:46:32,10,9,3686.75,16788
2022-10-03 13:46:33,55,-1,3686.75,16787
2022-10-03 13:46:34,23,9,3686.75,16796
2022-10-03 13:46:35,175,125,3687.25,16921
2022-10-03 13:46:36,80,-10,3687.25,16911
2022-10-03 13:46:37,96,-2,3687.25,16909
2022-10-03 13:46:38,40,31,3687.25,16940
2022-10-03 13:46:39,52,-28,3687.25,16912
2022-10-03 13:46:40,35,-10,3687.0,16902
2022-10-03 13:46:41,10,6,3687.0,16908
2022-10-03 13:46:42,52,-11,3686.75,16897
2022-10-03 13:46:43,16,-6,3686.75,16891
2022-10-03 13:46:44,71,18,3686.75,16909
2022-10-03 13:46:45,51,7,3686.75,16916
2022-10-03 13:46:46,1,1,3686.75,16917
2022-10-03 13:46:48,63,24,3687.0,16941
2022-10-03 13:46:49,32,-4,3687.25,16937
2022-10-03 13:46:50,11,9,3687.25,16946
2022-10-03 13:46:52,1289,-748,3687.0,16198
2022-10-03 13:46:53,10,5,3685.75,16203
2022-10-03 13:46:54,128,-20,3686.0,16183
2022-10-03 13:46:55,95,-19,3685.25,16164
2022-10-03 13:46:56,70,-15,3685.0,16149
2022-10-03 13:46:57,100,-20,3684.75,16129
2022-10-03 13:46:58,11,-4,3684.75,16125
2022-10-03 13:46:59,79,-8,3684.75,16117
2022-10-03 13:47:00,167,1,3684.75,16118
2022-10-03 13:47:01,135,-2,3684.75,16116
2022-10-03 13:47:02,153,51,3685.25,16167
2022-10-03 13:47:03,69,18,3685.5,16185
2022-10-03 13:47:04,29,13,3685.75,16198
2022-10-03 13:47:05,5,-5,3685.5,16193
2022-10-03 13:47:06,165,-55,3685.75,16138
2022-10-03 13:47:07,18,-2,3685.75,16136
2022-10-03 13:47:08,65,-11,3685.5,16125
2022-10-03 13:47:09,45,22,3685.5,16147
2022-10-03 13:47:10,28,-18,3685.25,16129
2022-10-03 13:47:11,51,-29,3685.0,16100
2022-10-03 13:47:12,114,35,3685.75,16135
2022-10-03 13:47:14,9,-9,3685.5,16126
2022-10-03 13:47:15,75,14,3685.75,16140
2022-10-03 13:47:16,42,-8,3685.5,16132
2022-10-03 13:47:17,77,0,3685.5,16132
2022-10-03 13:47:18,55,22,3685.75,16154
2022-10-03 13:47:19,60,10,3685.75,16164
2022-10-03 13:47:20,27,-2,3685.75,16162
2022-10-03 13:47:22,114,36,3686.0,16198
2022-10-03 13:47:23,73,1,3686.0,16199
2022-10-03 13:47:24,8,-8,3685.75,16191
2022-10-03 13:47:25,85,-29,3685.75,16162
2022-10-03 13:47:26,40,-7,3685.25,16155
2022-10-03 13:47:27,9,-4,3685.5,16151
2022-10-03 13:47:28,59,-14,3685.5,16137
2022-10-03 13:47:29,40,-13,3685.5,16124
2022-10-03 13:47:30,36,7,3685.5,16131
2022-10-03 13:47:31,11,-7,3685.5,16124
2022-10-03 13:47:32,16,-11,3685.25,16113
2022-10-03 13:47:33,22,5,3685.25,16118
2022-10-03 13:47:34,15,-4,3685.25,16114
2022-10-03 13:47:35,42,26,3685.25,16140
2022-10-03 13:47:36,49,23,3685.75,16163
2022-10-03 13:47:37,55,-33,3685.5,16130
2022-10-03 13:47:38,4,-2,3685.75,16128
2022-10-03 13:47:39,39,11,3686.0,16139
2022-10-03 13:47:40,14,1,3686.0,16140
2022-10-03 13:47:41,45,-13,3686.0,16127
2022-10-03 13:47:42,233,-210,3685.75,15917
2022-10-03 13:47:44,41,27,3685.75,15944
2022-10-03 13:47:45,87,-2,3686.0,15942
2022-10-03 13:47:46,2,0,3686.25,15942
2022-10-03 13:47:47,2,2,3686.25,15944
2022-10-03 13:47:48,4,0,3686.25,15944
2022-10-03 13:47:49,1,-1,3686.0,15943
2022-10-03 13:47:50,70,-2,3686.0,15941
2022-10-03 13:47:52,87,22,3686.25,15963
2022-10-03 13:47:53,41,-6,3686.25,15957
2022-10-03 13:47:55,1,-1,3686.0,15956
2022-10-03 13:47:56,20,12,3686.25,15968
2022-10-03 13:47:57,1,-1,3686.25,15967
2022-10-03 13:47:58,11,8,3686.5,15975
2022-10-03 13:47:59,41,-1,3686.25,15974
2022-10-03 13:48:00,7,6,3686.5,15980
2022-10-03 13:48:01,60,-13,3686.5,15967
2022-10-03 13:48:02,11,6,3686.25,15973
2022-10-03 13:48:03,2,2,3686.5,15975
2022-10-03 13:48:04,1,-1,3686.25,15974
2022-10-03 13:48:05,54,24,3686.5,15998
2022-10-03 13:48:06,24,6,3686.5,16004
2022-10-03 13:48:07,28,-18,3686.75,15986
2022-10-03 13:48:08,47,20,3686.75,16006
2022-10-03 13:48:09,3,3,3686.75,16009
2022-10-03 13:48:10,31,4,3687.0,16013
2022-10-03 13:48:11,26,-6,3686.75,16007
2022-10-03 13:48:12,16,2,3687.0,16009
2022-10-03 13:48:13,3,1,3687.0,16010
2022-10-03 13:48:14,1,1,3687.0,16011
2022-10-03 13:48:15,2,2,3687.0,16013
2022-10-03 13:48:16,428,183,3687.75,16196
2022-10-03 13:48:17,238,-118,3687.0,16078
2022-10-03 13:48:18,37,-2,3686.5,16076
2022-10-03 13:48:19,16,-7,3686.25,16069
2022-10-03 13:48:21,53,-11,3686.0,16058
2022-10-03 13:48:22,10,-5,3686.0,16053
2022-10-03 13:48:23,24,-18,3685.75,16035
2022-10-03 13:48:24,120,3,3685.5,16038
2022-10-03 13:48:25,164,-55,3685.25,15983
2022-10-03 13:48:26,62,21,3684.75,16004
2022-10-03 13:48:27,23,0,3684.75,16004
2022-10-03 13:48:28,57,-2,3684.75,16002
2022-10-03 13:48:29,3,1,3684.75,16003
2022-10-03 13:48:30,21,0,3684.75,16003
2022-10-03 13:48:31,16,8,3685.0,16011
2022-10-03 13:48:32,2,0,3685.0,16011
2022-10-03 13:48:33,19,0,3685.0,16011
2022-10-03 13:48:34,76,-10,3685.0,16001
2022-10-03 13:48:35,39,7,3685.25,16008
2022-10-03 13:48:36,39,0,3685.25,16008
2022-10-03 13:48:38,31,3,3685.5,16011
2022-10-03 13:48:39,66,1,3685.25,16012
2022-10-03 13:48:40,47,-20,3685.25,15992
2022-10-03 13:48:41,26,-2,3685.0,15990
2022-10-03 13:48:42,3,-1,3685.0,15989
2022-10-03 13:48:43,70,-8,3685.0,15981
2022-10-03 13:48:44,26,13,3684.75,15994
2022-10-03 13:48:45,6,3,3685.0,15997
2022-10-03 13:48:46,1,1,3685.0,15998
2022-10-03 13:48:47,47,9,3685.0,16007
2022-10-03 13:48:48,54,14,3685.5,16021
2022-10-03 13:48:49,13,-6,3685.5,16015
2022-10-03 13:48:50,10,8,3685.25,16023
2022-10-03 13:48:52,49,8,3685.25,16031
2022-10-03 13:48:53,72,22,3685.5,16053
2022-10-03 13:48:54,1,-1,3685.25,16052
2022-10-03 13:48:56,47,-7,3685.5,16045
2022-10-03 13:48:57,53,-8,3685.5,16037
2022-10-03 13:48:58,37,-28,3685.25,16009
2022-10-03 13:48:59,31,-2,3685.0,16007
2022-10-03 13:49:00,11,0,3685.0,16007
2022-10-03 13:49:01,66,-7,3684.75,16000
2022-10-03 13:49:02,179,-101,3685.0,15899
2022-10-03 13:49:03,24,-6,3684.5,15893
2022-10-03 13:49:04,42,-10,3684.5,15883
2022-10-03 13:49:05,43,11,3684.75,15894
2022-10-03 13:49:06,27,11,3684.75,15905
2022-10-03 13:49:07,15,0,3684.75,15905
2022-10-03 13:49:08,18,-5,3684.75,15900
2022-10-03 13:49:09,19,-1,3684.75,15899
2022-10-03 13:49:10,24,5,3684.75,15904
2022-10-03 13:49:11,3,-3,3684.5,15901
2022-10-03 13:49:12,4,4,3684.75,15905
2022-10-03 13:49:13,59,-20,3684.75,15885
2022-10-03 13:49:14,54,10,3685.0,15895
2022-10-03 13:49:15,13,2,3685.0,15897
2022-10-03 13:49:16,8,0,3685.0,15897
2022-10-03 13:49:17,78,-16,3685.25,15881
2022-10-03 13:49:18,27,-11,3685.25,15870
2022-10-03 13:49:19,2,1,3685.0,15871
2022-10-03 13:49:21,65,-1,3685.0,15870
2022-10-03 13:49:22,33,-5,3684.75,15865
2022-10-03 13:49:23,2,-2,3684.5,15863
2022-10-03 13:49:24,2,2,3684.75,15865
2022-10-03 13:49:25,1,1,3684.75,15866
2022-10-03 13:49:26,51,-26,3684.5,15840
2022-10-03 13:49:28,33,-1,3684.25,15839
2022-10-03 13:49:29,29,5,3684.5,15844
2022-10-03 13:49:30,38,4,3684.5,15848
2022-10-03 13:49:31,17,6,3684.75,15854
2022-10-03 13:49:32,3,3,3685.0,15857
2022-10-03 13:49:33,7,-3,3684.75,15854
2022-10-03 13:49:34,28,20,3684.75,15874
2022-10-03 13:49:35,32,-16,3684.75,15858
2022-10-03 13:49:36,7,7,3684.75,15865
2022-10-03 13:49:37,39,-4,3684.75,15861
2022-10-03 13:49:38,67,23,3685.0,15884
2022-10-03 13:49:39,12,6,3685.25,15890
2022-10-03 13:49:40,23,19,3685.5,15909
2022-10-03 13:49:41,3,-1,3685.5,15908
2022-10-03 13:49:42,9,-7,3685.25,15901
2022-10-03 13:49:43,21,4,3685.25,15905
2022-10-03 13:49:44,120,41,3685.75,15946
2022-10-03 13:49:45,29,0,3685.75,15946
2022-10-03 13:49:46,29,-20,3685.75,15926
2022-10-03 13:49:47,48,11,3685.75,15937
2022-10-03 13:49:48,1,1,3685.5,15938
2022-10-03 13:49:49,16,13,3685.5,15951
2022-10-03 13:49:50,28,-11,3685.5,15940
2022-10-03 13:49:51,16,9,3685.75,15949
2022-10-03 13:49:52,16,0,3685.75,15949
2022-10-03 13:49:53,15,-13,3685.5,15936
2022-10-03 13:49:54,33,8,3685.75,15944
2022-10-03 13:49:55,9,7,3685.5,15951
2022-10-03 13:49:56,11,-10,3685.5,15941
2022-10-03 13:49:57,29,-12,3685.75,15929
2022-10-03 13:49:58,10,9,3685.5,15938
2022-10-03 13:50:00,28,-6,3685.75,15932
2022-10-03 13:50:01,61,-8,3685.25,15924
2022-10-03 13:50:02,32,7,3685.0,15931
2022-10-03 13:50:03,27,-2,3685.0,15929
2022-10-03 13:50:04,16,-6,3685.25,15923
2022-10-03 13:50:05,18,9,3685.25,15932
2022-10-03 13:50:06,22,10,3685.5,15942
2022-10-03 13:50:07,12,0,3685.5,15942
2022-10-03 13:50:08,39,-1,3685.25,15941
2022-10-03 13:50:09,16,4,3685.25,15945
2022-10-03 13:50:10,19,10,3685.5,15955
2022-10-03 13:50:11,28,-7,3685.25,15948
2022-10-03 13:50:12,11,2,3685.25,15950
2022-10-03 13:50:13,2,-2,3685.0,15948
2022-10-03 13:50:14,22,-3,3685.25,15945
2022-10-03 13:50:15,8,8,3685.5,15953
2022-10-03 13:50:17,2,1,3685.5,15954
2022-10-03 13:50:18,42,-6,3685.25,15948
2022-10-03 13:50:19,3,-3,3685.25,15945
2022-10-03 13:50:20,28,-18,3685.0,15927
2022-10-03 13:50:21,20,-16,3684.75,15911
2022-10-03 13:50:22,25,-11,3684.75,15900
2022-10-03 13:50:23,19,13,3684.5,15913
2022-10-03 13:50:24,48,-33,3684.5,15880
2022-10-03 13:50:25,35,-15,3684.5,15865
2022-10-03 13:50:26,1,-1,3684.25,15864
2022-10-03 13:50:27,11,-10,3684.25,15854
2022-10-03 13:50:28,126,-21,3684.0,15833
2022-10-03 13:50:29,43,0,3684.0,15833
2022-10-03 13:50:30,4,0,3684.25,15833
2022-10-03 13:50:31,66,21,3684.25,15854
2022-10-03 13:50:32,27,-9,3684.25,15845
2022-10-03 13:50:33,56,-12,3684.25,15833
2022-10-03 13:50:34,14,-13,3684.0,15820
2022-10-03 13:50:35,4,0,3684.25,15820
2022-10-03 13:50:36,5,4,3684.25,15824
2022-10-03 13:50:37,26,-14,3684.0,15810
2022-10-03 13:50:38,157,111,3684.25,15921
2022-10-03 13:50:39,25,-15,3684.0,15906
2022-10-03 13:50:40,18,14,3684.25,15920
2022-10-03 13:50:41,58,8,3684.25,15928
2022-10-03 13:50:42,22,-3,3684.5,15925
2022-10-03 13:50:43,19,-15,3684.25,15910
2022-10-03 13:50:44,47,-7,3684.25,15903
2022-10-03 13:50:45,13,2,3684.25,15905
2022-10-03 13:50:46,5,4,3684.25,15909
2022-10-03 13:50:47,31,-10,3684.0,15899
2022-10-03 13:50:48,50,-5,3684.0,15894
2022-10-03 13:50:49,54,-11,3683.75,15883
2022-10-03 13:50:50,27,-2,3683.75,15881
2022-10-03 13:50:51,127,-66,3683.75,15815
2022-10-03 13:50:52,201,-50,3683.5,15765
2022-10-03 13:50:53,116,16,3683.5,15781
2022-10-03 13:50:54,58,11,3683.75,15792
2022-10-03 13:50:55,47,5,3683.75,15797
2022-10-03 13:50:56,36,8,3683.75,15805
2022-10-03 13:50:57,22,18,3684.0,15823
2022-10-03 13:50:58,43,16,3684.25,15839
2022-10-03 13:50:59,58,-7,3684.0,15832
2022-10-03 13:51:00,12,-1,3684.0,15831
2022-10-03 13:51:01,32,6,3684.25,15837
2022-10-03 13:51:02,3,-3,3684.0,15834
2022-10-03 13:51:03,60,12,3684.0,15846
2022-10-03 13:51:04,31,-2,3684.25,15844
2022-10-03 13:51:05,18,-11,3683.75,15833
2022-10-03 13:51:06,17,2,3683.75,15835
2022-10-03 13:51:07,41,5,3683.75,15840
2022-10-03 13:51:08,2,0,3683.75,15840
2022-10-03 13:51:09,1,-1,3683.5,15839
2022-10-03 13:51:10,91,-2,3684.0,15837
2022-10-03 13:51:11,126,64,3683.75,15901
2022-10-03 13:51:12,58,30,3683.75,15931
2022-10-03 13:51:13,4,4,3683.75,15935
2022-10-03 13:51:14,15,15,3683.75,15950
2022-10-03 13:51:15,1,1,3683.75,15951
2022-10-03 13:51:16,3,2,3683.75,15953
2022-10-03 13:51:17,4,-3,3683.5,15950
2022-10-03 13:51:18,190,-28,3683.75,15922
2022-10-03 13:51:19,3,0,3683.75,15922
2022-10-03 13:51:20,1,1,3683.75,15923
2022-10-03 13:51:21,40,24,3683.75,15947
2022-10-03 13:51:22,2,-2,3683.75,15945
2022-10-03 13:51:23,74,-16,3683.75,15929
2022-10-03 13:51:24,92,-4,3683.5,15925
2022-10-03 13:51:25,15,11,3683.5,15936
2022-10-03 13:51:28,123,-9,3683.5,15927
2022-10-03 13:51:29,3,3,3683.75,15930
2022-10-03 13:51:30,153,27,3684.0,15957
2022-10-03 13:51:31,29,19,3683.75,15976
2022-10-03 13:51:32,11,-1,3683.75,15975
2022-10-03 13:51:33,1,-1,3683.75,15974
2022-10-03 13:51:35,48,-2,3684.0,15972
2022-10-03 13:51:36,8,0,3684.0,15972
2022-10-03 13:51:37,10,7,3684.0,15979
2022-10-03 13:51:38,1,-1,3684.0,15978
2022-10-03 13:51:39,2,-2,3684.0,15976
2022-10-03 13:51:40,51,0,3684.0,15976
2022-10-03 13:51:41,49,13,3684.5,15989
2022-10-03 13:51:42,34,10,3684.25,15999
2022-10-03 13:51:43,10,-1,3684.5,15998
2022-10-03 13:51:44,14,12,3684.25,16010
2022-10-03 13:51:45,4,2,3684.5,16012
2022-10-03 13:51:46,9,8,3684.5,16020
2022-10-03 13:51:47,27,21,3684.75,16041
2022-10-03 13:51:48,7,4,3684.75,16045
2022-10-03 13:51:49,18,17,3684.75,16062
2022-10-03 13:51:50,56,-18,3684.5,16044
2022-10-03 13:51:51,6,4,3684.5,16048
2022-10-03 13:51:52,1,1,3684.5,16049
2022-10-03 13:51:53,24,-10,3684.25,16039
2022-10-03 13:51:54,20,-6,3684.25,16033
2022-10-03 13:51:55,1,1,3684.25,16034
2022-10-03 13:51:56,30,-15,3684.0,16019
2022-10-03 13:51:57,16,0,3684.0,16019
2022-10-03 13:51:59,60,0,3684.0,16019
2022-10-03 13:52:00,4,2,3684.0,16021
2022-10-03 13:52:01,57,10,3684.0,16031
2022-10-03 13:52:02,19,0,3684.0,16031
2022-10-03 13:52:03,13,-5,3684.0,16026
2022-10-03 13:52:04,12,-3,3684.0,16023
2022-10-03 13:52:05,2,0,3684.25,16023
2022-10-03 13:52:06,35,-17,3684.0,16006
2022-10-03 13:52:07,6,6,3684.0,16012
2022-10-03 13:52:08,43,-3,3684.0,16009
2022-10-03 13:52:09,16,-10,3683.75,15999
2022-10-03 13:52:10,22,1,3684.0,16000
2022-10-03 13:52:11,4,-3,3683.75,15997
2022-10-03 13:52:12,28,5,3683.75,16002
2022-10-03 13:52:14,32,3,3683.75,16005
2022-10-03 13:52:15,37,14,3684.25,16019
2022-10-03 13:52:16,38,-13,3683.75,16006
2022-10-03 13:52:17,10,-8,3683.75,15998
2022-10-03 13:52:18,10,-10,3683.5,15988
2022-10-03 13:52:20,28,10,3683.5,15998
2022-10-03 13:52:21,37,19,3683.75,16017
2022-10-03 13:52:22,12,-3,3684.0,16014
2022-10-03 13:52:23,1,1,3684.0,16015
2022-10-03 13:52:24,32,5,3683.75,16020
2022-10-03 13:52:25,6,4,3683.75,16024
2022-10-03 13:52:26,8,-3,3683.75,16021
2022-10-03 13:52:27,33,-10,3684.0,16011
2022-10-03 13:52:28,1,-1,3683.75,16010
2022-10-03 13:52:29,13,9,3684.0,16019
2022-10-03 13:52:30,46,21,3684.5,16040
2022-10-03 13:52:31,53,-1,3684.25,16039
2022-10-03 13:52:32,6,4,3684.25,16043
2022-10-03 13:52:34,12,8,3684.5,16051
2022-10-03 13:52:35,2,0,3684.5,16051
2022-10-03 13:52:36,17,10,3684.5,16061
2022-10-03 13:52:37,59,-15,3684.25,16046
2022-10-03 13:52:38,57,-18,3684.0,16028
2022-10-03 13:52:39,43,-1,3683.75,16027
2022-10-03 13:52:40,9,9,3684.0,16036
2022-10-03 13:52:41,2,-2,3684.0,16034
2022-10-03 13:52:42,24,-10,3684.0,16024
2022-10-03 13:52:43,39,-17,3683.75,16007
2022-10-03 13:52:44,65,20,3683.75,16027
2022-10-03 13:52:45,16,6,3683.5,16033
2022-10-03 13:52:46,35,8,3683.5,16041
2022-10-03 13:52:47,58,16,3683.75,16057
2022-10-03 13:52:48,4,1,3684.0,16058
2022-10-03 13:52:50,82,6,3684.0,16064
2022-10-03 13:52:51,4,-3,3684.0,16061
2022-10-03 13:52:53,65,3,3684.25,16064
2022-10-03 13:52:54,17,1,3684.25,16065
2022-10-03 13:52:55,58,3,3684.25,16068
2022-10-03 13:52:56,27,-3,3684.25,16065
2022-10-03 13:52:57,10,7,3684.25,16072
2022-10-03 13:52:58,11,-6,3684.25,16066
2022-10-03 13:53:00,242,144,3684.75,16210
2022-10-03 13:53:01,10,-8,3684.5,16202
2022-10-03 13:53:02,17,-9,3684.5,16193
2022-10-03 13:53:03,9,1,3684.25,16194
2022-10-03 13:53:04,13,1,3684.25,16195
2022-10-03 13:53:05,19,11,3684.25,16206
2022-10-03 13:53:07,6,5,3684.25,16211
2022-10-03 13:53:08,28,-3,3684.25,16208
2022-10-03 13:53:09,8,4,3684.25,16212
2022-10-03 13:53:10,29,-10,3684.25,16202
2022-10-03 13:53:12,40,-21,3684.0,16181
2022-10-03 13:53:13,24,-13,3683.75,16168
2022-10-03 13:53:14,5,-3,3683.5,16165
2022-10-03 13:53:15,19,0,3683.75,16165
2022-10-03 13:53:16,2,0,3683.75,16165
2022-10-03 13:53:17,22,-17,3683.5,16148
2022-10-03 13:53:19,22,13,3683.75,16161
2022-10-03 13:53:20,10,-7,3684.0,16154
2022-10-03 13:53:21,31,3,3683.75,16157
2022-10-03 13:53:22,41,17,3683.75,16174
2022-10-03 13:53:23,35,9,3684.0,16183
2022-10-03 13:53:24,1,1,3684.0,16184
2022-10-03 13:53:25,1,-1,3684.0,16183
2022-10-03 13:53:26,2,-1,3684.0,16182
2022-10-03 13:53:27,59,-5,3684.0,16177
2022-10-03 13:53:28,44,-20,3683.75,16157
2022-10-03 13:53:29,3,-2,3683.75,16155
2022-10-03 13:53:30,24,15,3684.25,16170
2022-10-03 13:53:31,32,-2,3684.25,16168
2022-10-03 13:53:32,27,1,3684.25,16169
2022-10-03 13:53:33,45,-8,3684.25,16161
2022-10-03 13:53:35,120,12,3684.5,16173
2022-10-03 13:53:36,1,-1,3684.0,16172
2022-10-03 13:53:37,42,2,3684.0,16174
2022-10-03 13:53:39,15,-10,3683.75,16164
2022-10-03 13:53:40,74,-11,3683.75,16153
2022-10-03 13:53:41,51,4,3684.0,16157
2022-10-03 13:53:42,12,0,3683.75,16157
2022-10-03 13:53:43,15,6,3684.0,16163
2022-10-03 13:53:44,12,-9,3683.75,16154
2022-10-03 13:53:45,6,-5,3683.75,16149
2022-10-03 13:53:46,1,-1,3683.75,16148
2022-10-03 13:53:47,1,-1,3683.75,16147
2022-10-03 13:53:48,8,6,3684.0,16153
2022-10-03 13:53:49,58,-11,3684.0,16142
2022-10-03 13:53:50,50,-7,3683.5,16135
2022-10-03 13:53:51,33,3,3683.75,16138
2022-10-03 13:53:52,1,-1,3683.75,16137
2022-10-03 13:53:55,42,26,3684.0,16163
2022-10-03 13:53:56,1,-1,3684.0,16162
2022-10-03 13:53:57,46,-9,3684.0,16153
2022-10-03 13:53:58,64,11,3684.25,16164
2022-10-03 13:54:00,15,-3,3684.25,16161
2022-10-03 13:54:01,15,11,3684.5,16172
2022-10-03 13:54:03,33,17,3684.75,16189
2022-10-03 13:54:04,57,-34,3684.5,16155
2022-10-03 13:54:06,62,-4,3684.0,16151
2022-10-03 13:54:08,20,0,3683.75,16151
2022-10-03 13:54:09,14,-1,3683.75,16150
2022-10-03 13:54:10,25,7,3683.75,16157
2022-10-03 13:54:11,5,1,3683.75,16158
2022-10-03 13:54:12,43,10,3683.75,16168
2022-10-03 13:54:13,46,-4,3683.75,16164
2022-10-03 13:54:14,5,1,3683.5,16165
2022-10-03 13:54:15,50,18,3683.75,16183
2022-10-03 13:54:16,60,-24,3683.5,16159
2022-10-03 13:54:17,15,7,3683.5,16166
2022-10-03 13:54:18,14,1,3683.75,16167
2022-10-03 13:54:19,38,8,3683.5,16175
2022-10-03 13:54:20,22,-1,3683.5,16174
2022-10-03 13:54:21,52,21,3683.75,16195
2022-10-03 13:54:22,1,-1,3683.5,16194
2022-10-03 13:54:23,26,-17,3683.5,16177
2022-10-03 13:54:24,69,14,3683.5,16191
2022-10-03 13:54:25,2,-2,3683.25,16189
2022-10-03 13:54:26,4,-3,3683.25,16186
2022-10-03 13:54:27,43,-30,3683.25,16156
2022-10-03 13:54:28,85,59,3683.5,16215
2022-10-03 13:54:29,3,-1,3683.5,16214
2022-10-03 13:54:30,20,-9,3683.25,16205
2022-10-03 13:54:31,26,-7,3683.25,16198
2022-10-03 13:54:32,134,-12,3683.25,16186
2022-10-03 13:54:33,94,13,3683.5,16199
2022-10-03 13:54:34,17,8,3683.5,16207
2022-10-03 13:54:35,29,-5,3683.75,16202
2022-10-03 13:54:36,28,5,3683.5,16207
2022-10-03 13:54:37,5,-5,3683.5,16202
2022-10-03 13:54:38,58,-28,3683.25,16174
2022-10-03 13:54:39,53,5,3683.25,16179
2022-10-03 13:54:40,3,-3,3683.0,16176
2022-10-03 13:54:41,25,-1,3683.0,16175
2022-10-03 13:54:42,74,-55,3682.75,16120
2022-10-03 13:54:43,3,-1,3683.0,16119
2022-10-03 13:54:45,6,-6,3682.75,16113
2022-10-03 13:54:46,34,14,3683.0,16127
2022-10-03 13:54:47,299,-56,3682.75,16071
2022-10-03 13:54:48,129,10,3683.0,16081
2022-10-03 13:54:49,3,-1,3683.0,16080
2022-10-03 13:54:50,14,-7,3682.75,16073
2022-10-03 13:54:51,10,2,3682.75,16075
2022-10-03 13:54:52,13,9,3683.0,16084
2022-10-03 13:54:53,387,54,3683.0,16138
2022-10-03 13:54:54,11,-6,3683.0,16132
2022-10-03 13:54:55,62,-9,3682.75,16123
2022-10-03 13:54:56,43,-17,3682.75,16106
2022-10-03 13:54:57,3,-3,3682.5,16103
2022-10-03 13:54:58,69,6,3682.75,16109
2022-10-03 13:54:59,40,16,3682.75,16125
2022-10-03 13:55:00,89,-12,3682.75,16113
2022-10-03 13:55:01,18,9,3682.5,16122
2022-10-03 13:55:02,131,-59,3682.5,16063
2022-10-03 13:55:03,79,-32,3682.25,16031
2022-10-03 13:55:04,217,-28,3681.5,16003
2022-10-03 13:55:05,145,-17,3681.5,15986
2022-10-03 13:55:06,33,6,3681.75,15992
2022-10-03 13:55:07,15,-10,3681.75,15982
2022-10-03 13:55:08,6,-2,3681.75,15980
2022-10-03 13:55:09,31,-6,3681.5,15974
2022-10-03 13:55:10,21,-1,3681.5,15973
2022-10-03 13:55:11,17,-11,3681.75,15962
2022-10-03 13:55:12,48,-12,3681.5,15950
2022-10-03 13:55:13,33,3,3681.5,15953
2022-10-03 13:55:14,33,-10,3681.5,15943
2022-10-03 13:55:15,121,-29,3681.75,15914
2022-10-03 13:55:16,139,46,3681.75,15960
2022-10-03 13:55:17,104,27,3682.0,15987
2022-10-03 13:55:18,2,0,3682.0,15987
2022-10-03 13:55:19,56,40,3682.25,16027
2022-10-03 13:55:20,60,-25,3682.25,16002
2022-10-03 13:55:21,1,-1,3681.75,16001
2022-10-03 13:55:22,9,-6,3682.0,15995
2022-10-03 13:55:23,35,-4,3681.75,15991
2022-10-03 13:55:24,89,-19,3681.75,15972
2022-10-03 13:55:25,16,-7,3681.75,15965
2022-10-03 13:55:26,34,-12,3681.75,15953
2022-10-03 13:55:27,17,-8,3681.75,15945
2022-10-03 13:55:28,68,-6,3681.75,15939
2022-10-03 13:55:29,4,-4,3681.5,15935
2022-10-03 13:55:30,81,36,3682.0,15971
2022-10-03 13:55:31,38,2,3682.0,15973
2022-10-03 13:55:32,24,-7,3681.75,15966
2022-10-03 13:55:33,27,-1,3681.75,15965
2022-10-03 13:55:34,2,-2,3681.5,15963
2022-10-03 13:55:35,48,-10,3681.5,15953
2022-10-03 13:55:36,26,9,3681.75,15962
2022-10-03 13:55:37,15,6,3681.5,15968
2022-10-03 13:55:38,1,1,3681.75,15969
2022-10-03 13:55:39,12,6,3681.75,15975
2022-10-03 13:55:40,85,-28,3681.75,15947
2022-10-03 13:55:41,51,3,3681.5,15950
2022-10-03 13:55:42,29,-14,3681.75,15936
2022-10-03 13:55:43,25,0,3681.75,15936
2022-10-03 13:55:44,57,-23,3681.75,15913
2022-10-03 13:55:45,118,4,3681.75,15917
2022-10-03 13:55:46,78,-3,3681.75,15914
2022-10-03 13:55:47,28,-11,3681.5,15903
2022-10-03 13:55:48,37,-21,3681.25,15882
2022-10-03 13:55:49,3,-3,3681.25,15879
2022-10-03 13:55:50,48,7,3681.75,15886
2022-10-03 13:55:51,35,-4,3681.75,15882
2022-10-03 13:55:52,35,-15,3681.5,15867
2022-10-03 13:55:54,58,-6,3681.5,15861
2022-10-03 13:55:55,29,20,3681.5,15881
2022-10-03 13:55:56,96,-42,3681.5,15839
2022-10-03 13:55:57,37,-6,3681.75,15833
2022-10-03 13:55:58,33,23,3681.75,15856
2022-10-03 13:55:59,17,-6,3681.75,15850
2022-10-03 13:56:00,55,-24,3681.5,15826
2022-10-03 13:56:01,57,-2,3681.75,15824
2022-10-03 13:56:02,44,11,3681.75,15835
2022-10-03 13:56:03,13,-2,3681.75,15833
2022-10-03 13:56:04,58,6,3681.75,15839
2022-10-03 13:56:05,7,5,3681.75,15844
2022-10-03 13:56:06,79,-7,3681.5,15837
2022-10-03 13:56:07,37,1,3681.5,15838
2022-10-03 13:56:08,6,0,3681.5,15838
2022-10-03 13:56:09,17,5,3681.5,15843
2022-10-03 13:56:10,17,6,3681.5,15849
2022-10-03 13:56:11,64,-33,3681.5,15816
2022-10-03 13:56:12,50,-30,3681.25,15786
2022-10-03 13:56:13,95,-1,3681.25,15785
2022-10-03 13:56:14,101,-67,3681.0,15718
2022-10-03 13:56:15,14,-4,3681.0,15714
2022-10-03 13:56:16,11,7,3681.0,15721
2022-10-03 13:56:17,6,2,3681.25,15723
2022-10-03 13:56:18,45,-7,3681.25,15716
2022-10-03 13:56:19,47,13,3681.25,15729
2022-10-03 13:56:20,52,-1,3681.25,15728
2022-10-03 13:56:21,98,-61,3681.5,15667
2022-10-03 13:56:22,2,0,3681.5,15667
2022-10-03 13:56:23,12,12,3681.75,15679
2022-10-03 13:56:24,37,19,3681.75,15698
2022-10-03 13:56:25,41,-10,3682.0,15688
2022-10-03 13:56:26,15,10,3682.0,15698
2022-10-03 13:56:27,2,0,3682.0,15698
2022-10-03 13:56:28,87,18,3682.0,15716
2022-10-03 13:56:29,5,3,3682.0,15719
2022-10-03 13:56:30,1,1,3682.0,15720
2022-10-03 13:56:31,90,-27,3682.0,15693
2022-10-03 13:56:33,36,-22,3682.0,15671
2022-10-03 13:56:34,23,-1,3681.5,15670
2022-10-03 13:56:35,32,-11,3681.75,15659
2022-10-03 13:56:36,52,17,3681.75,15676
2022-10-03 13:56:37,19,2,3681.75,15678
2022-10-03 13:56:38,3,-1,3681.75,15677
2022-10-03 13:56:39,50,-1,3681.75,15676
2022-10-03 13:56:40,5,4,3681.5,15680
2022-10-03 13:56:41,22,18,3681.75,15698
2022-10-03 13:56:42,8,-8,3681.5,15690
2022-10-03 13:56:43,9,4,3681.5,15694
2022-10-03 13:56:45,2,2,3681.75,15696
2022-10-03 13:56:46,16,-4,3681.5,15692
2022-10-03 13:56:47,27,2,3681.5,15694
2022-10-03 13:56:48,4,1,3681.5,15695
2022-10-03 13:56:50,40,0,3681.75,15695
2022-10-03 13:56:51,26,14,3681.75,15709
2022-10-03 13:56:52,77,20,3682.25,15729
2022-10-03 13:56:53,14,7,3682.0,15736
2022-10-03 13:56:54,83,-1,3682.25,15735
2022-10-03 13:56:55,11,8,3682.0,15743
2022-10-03 13:56:56,29,24,3682.25,15767
2022-10-03 13:56:57,30,-2,3682.25,15765
2022-10-03 13:56:58,5,3,3682.25,15768
2022-10-03 13:56:59,92,43,3682.75,15811
2022-10-03 13:57:00,34,-12,3682.5,15799
2022-10-03 13:57:01,11,11,3682.5,15810
2022-10-03 13:57:02,22,-16,3682.5,15794
2022-10-03 13:57:03,93,-67,3682.5,15727
2022-10-03 13:57:04,35,2,3682.0,15729
2022-10-03 13:57:05,44,5,3682.25,15734
2022-10-03 13:57:06,11,-7,3682.0,15727
2022-10-03 13:57:07,2,0,3682.0,15727
2022-10-03 13:57:09,22,-12,3681.75,15715
2022-10-03 13:57:10,52,10,3682.0,15725
2022-10-03 13:57:11,6,-4,3682.0,15721
2022-10-03 13:57:12,4,2,3682.0,15723
2022-10-03 13:57:13,55,37,3682.5,15760
2022-10-03 13:57:14,25,0,3682.25,15760
2022-10-03 13:57:15,26,-8,3682.0,15752
2022-10-03 13:57:16,15,-4,3681.75,15748
2022-10-03 13:57:17,19,4,3682.0,15752
2022-10-03 13:57:18,28,22,3682.0,15774
2022-10-03 13:57:19,34,-15,3682.25,15759
2022-10-03 13:57:20,20,12,3682.25,15771
2022-10-03 13:57:21,35,-15,3682.0,15756
2022-10-03 13:57:23,28,-4,3681.75,15752
2022-10-03 13:57:24,14,1,3681.75,15753
2022-10-03 13:57:25,46,2,3681.75,15755
2022-10-03 13:57:26,3,3,3682.0,15758
2022-10-03 13:57:27,3,-1,3682.0,15757
2022-10-03 13:57:28,2,0,3681.75,15757
2022-10-03 13:57:29,1,1,3681.75,15758
2022-10-03 13:57:30,2,2,3681.75,15760
2022-10-03 13:57:31,40,-30,3681.5,15730
2022-10-03 13:57:32,10,8,3681.5,15738
2022-10-03 13:57:33,24,11,3681.75,15749
2022-10-03 13:57:35,50,12,3682.0,15761
2022-10-03 13:57:36,2,-1,3681.75,15760
2022-10-03 13:57:38,1,1,3682.0,15761
2022-10-03 13:57:39,34,-18,3681.75,15743
2022-10-03 13:57:40,29,22,3682.25,15765
2022-10-03 13:57:41,31,22,3682.25,15787
2022-10-03 13:57:42,26,-7,3682.5,15780
2022-10-03 13:57:43,17,16,3682.5,15796
2022-10-03 13:57:44,29,5,3682.75,15801
2022-10-03 13:57:45,95,13,3682.75,15814
2022-10-03 13:57:46,40,0,3682.75,15814
2022-10-03 13:57:47,22,17,3683.0,15831
2022-10-03 13:57:48,58,-14,3683.0,15817
2022-10-03 13:57:49,12,4,3682.75,15821
2022-10-03 13:57:51,508,8,3683.25,15829
2022-10-03 13:57:52,90,19,3683.0,15848
2022-10-03 13:57:53,28,-8,3683.0,15840
2022-10-03 13:57:54,114,31,3683.0,15871
2022-10-03 13:57:55,3,3,3683.0,15874
2022-10-03 13:57:56,80,16,3683.0,15890
2022-10-03 13:57:57,6,5,3683.0,15895
2022-10-03 13:57:58,17,10,3683.0,15905
2022-10-03 13:57:59,84,47,3683.25,15952
2022-10-03 13:58:00,21,-14,3683.25,15938
2022-10-03 13:58:01,107,-4,3683.0,15934
2022-10-03 13:58:02,47,-16,3682.5,15918
2022-10-03 13:58:03,10,0,3682.5,15918
2022-10-03 13:58:04,31,-7,3682.5,15911
2022-10-03 13:58:05,14,7,3682.5,15918
2022-10-03 13:58:06,43,-15,3682.75,15903
2022-10-03 13:58:07,19,8,3682.75,15911
2022-10-03 13:58:08,41,2,3682.75,15913
2022-10-03 13:58:09,4,1,3682.75,15914
2022-10-03 13:58:10,22,-12,3682.5,15902
2022-10-03 13:58:11,25,6,3682.75,15908
2022-10-03 13:58:12,3,-2,3682.25,15906
2022-10-03 13:58:13,22,-17,3682.25,15889
2022-10-03 13:58:14,26,0,3682.25,15889
2022-10-03 13:58:15,9,4,3682.25,15893
2022-10-03 13:58:16,1,1,3682.25,15894
2022-10-03 13:58:20,31,18,3682.5,15912
2022-10-03 13:58:21,1,1,3682.5,15913
2022-10-03 13:58:22,12,7,3682.5,15920
2022-10-03 13:58:23,3,1,3682.75,15921
2022-10-03 13:58:24,1,1,3682.75,15922
2022-10-03 13:58:25,3,1,3682.75,15923
2022-10-03 13:58:26,18,7,3682.75,15930
2022-10-03 13:58:27,23,-15,3682.5,15915
2022-10-03 13:58:28,31,-11,3682.5,15904
2022-10-03 13:58:29,14,-13,3682.0,15891
2022-10-03 13:58:30,66,16,3682.25,15907
2022-10-03 13:58:31,32,8,3682.0,15915
2022-10-03 13:58:32,23,3,3682.0,15918
2022-10-03 13:58:35,1,-1,3681.75,15917
2022-10-03 13:58:36,41,9,3682.25,15926
2022-10-03 13:58:37,2,0,3682.25,15926
2022-10-03 13:58:38,5,-3,3682.0,15923
2022-10-03 13:58:39,10,-9,3682.0,15914
2022-10-03 13:58:40,32,5,3682.25,15919
2022-10-03 13:58:41,17,-8,3682.25,15911
2022-10-03 13:58:43,37,5,3682.25,15916
2022-10-03 13:58:44,6,-2,3682.25,15914
2022-10-03 13:58:45,13,-7,3682.25,15907
2022-10-03 13:58:49,56,17,3682.5,15924
2022-10-03 13:58:51,10,3,3682.5,15927
2022-10-03 13:58:52,25,-4,3682.5,15923
2022-10-03 13:58:53,1,1,3682.5,15924
2022-10-03 13:58:55,54,-22,3682.25,15902
2022-10-03 13:58:56,2,0,3682.25,15902
2022-10-03 13:58:58,36,-16,3682.25,15886
2022-10-03 13:58:59,28,-2,3681.75,15884
2022-10-03 13:59:00,35,-2,3681.75,15882
2022-10-03 13:59:01,52,1,3681.75,15883
2022-10-03 13:59:02,42,33,3681.75,15916
2022-10-03 13:59:04,9,-7,3681.75,15909
2022-10-03 13:59:05,7,4,3681.75,15913
2022-10-03 13:59:06,24,8,3681.75,15921
2022-10-03 13:59:07,1,-1,3681.75,15920
2022-10-03 13:59:08,70,-42,3681.75,15878
2022-10-03 13:59:09,9,3,3681.5,15881
2022-10-03 13:59:10,22,4,3681.75,15885
2022-10-03 13:59:11,2,-2,3681.5,15883
2022-10-03 13:59:14,52,-33,3681.5,15850
2022-10-03 13:59:15,178,33,3682.0,15883
2022-10-03 13:59:16,28,-8,3682.0,15875
2022-10-03 13:59:17,9,2,3681.75,15877
2022-10-03 13:59:18,1,1,3681.75,15878
2022-10-03 13:59:19,22,5,3681.75,15883
2022-10-03 13:59:20,2,0,3682.0,15883
2022-10-03 13:59:21,13,7,3682.25,15890
2022-10-03 13:59:22,2,2,3682.25,15892
2022-10-03 13:59:23,3,3,3682.25,15895
2022-10-03 13:59:24,17,2,3682.25,15897
2022-10-03 13:59:25,42,-9,3682.5,15888
2022-10-03 13:59:26,28,6,3682.5,15894
2022-10-03 13:59:27,5,2,3682.5,15896
2022-10-03 13:59:28,63,-2,3682.5,15894
2022-10-03 13:59:29,4,4,3682.75,15898
2022-10-03 13:59:30,4,0,3682.75,15898
2022-10-03 13:59:31,173,61,3683.0,15959
2022-10-03 13:59:32,85,24,3683.0,15983
2022-10-03 13:59:33,106,-48,3682.75,15935
2022-10-03 13:59:34,1,-1,3682.75,15934
2022-10-03 13:59:35,52,-16,3683.0,15918
2022-10-03 13:59:36,1,1,3683.0,15919
2022-10-03 13:59:37,114,-1,3682.75,15918
2022-10-03 13:59:38,2,-2,3682.5,15916
2022-10-03 13:59:39,2,2,3682.75,15918
2022-10-03 13:59:40,33,14,3683.0,15932
2022-10-03 13:59:42,4,0,3683.0,15932
2022-10-03 13:59:43,13,10,3683.0,15942
2022-10-03 13:59:44,27,-20,3682.75,15922
2022-10-03 13:59:45,1,1,3683.0,15923
2022-10-03 13:59:46,55,-3,3682.75,15920
2022-10-03 13:59:47,6,-1,3682.25,15919
2022-10-03 13:59:48,4,0,3682.5,15919
2022-10-03 13:59:49,36,-10,3682.25,15909
2022-10-03 13:59:50,39,3,3682.25,15912
2022-10-03 13:59:51,1,1,3682.0,15913
2022-10-03 13:59:52,13,-8,3682.0,15905
2022-10-03 13:59:53,24,12,3682.0,15917
2022-10-03 13:59:54,32,-13,3682.25,15904
2022-10-03 13:59:55,20,15,3682.0,15919
2022-10-03 13:59:56,21,10,3682.25,15929
2022-10-03 13:59:57,7,7,3682.5,15936
2022-10-03 13:59:58,11,5,3682.5,15941
2022-10-03 13:59:59,10,-6,3682.25,15935
2022-10-03 14:00:00,93,47,3683.0,15982
2022-10-03 14:00:01,241,-12,3683.0,15970
2022-10-03 14:00:02,92,-13,3683.0,15957
2022-10-03 14:00:03,45,-8,3683.0,15949
2022-10-03 14:00:04,41,27,3682.75,15976
2022-10-03 14:00:05,36,-6,3682.75,15970
2022-10-03 14:00:06,34,-3,3683.0,15967
2022-10-03 14:00:07,2,0,3682.75,15967
2022-10-03 14:00:08,32,-13,3682.5,15954
2022-10-03 14:00:09,58,19,3682.75,15973
2022-10-03 14:00:10,2,0,3683.0,15973
2022-10-03 14:00:11,64,10,3683.0,15983
2022-10-03 14:00:12,66,-2,3683.0,15981
2022-10-03 14:00:13,9,2,3683.0,15983
2022-10-03 14:00:14,11,-11,3682.75,15972
2022-10-03 14:00:15,119,18,3683.0,15990
2022-10-03 14:00:16,88,49,3683.0,16039
2022-10-03 14:00:17,8,-1,3683.0,16038
2022-10-03 14:00:18,9,5,3683.0,16043
2022-10-03 14:00:19,3,1,3683.0,16044
2022-10-03 14:00:20,50,26,3683.0,16070
2022-10-03 14:00:21,5,5,3683.0,16075
2022-10-03 14:00:22,1,1,3683.0,16076
2022-10-03 14:00:23,7,6,3683.0,16082
2022-10-03 14:00:24,45,-7,3682.75,16075
2022-10-03 14:00:25,101,48,3683.0,16123
2022-10-03 14:00:26,195,35,3683.25,16158
2022-10-03 14:00:27,38,-15,3683.0,16143
2022-10-03 14:00:29,106,18,3682.75,16161
2022-10-03 14:00:30,71,-30,3683.0,16131
2022-10-03 14:00:31,57,-2,3682.75,16129
2022-10-03 14:00:33,50,24,3683.0,16153
2022-10-03 14:00:34,203,47,3683.0,16200
2022-10-03 14:00:35,134,4,3683.5,16204
2022-10-03 14:00:36,23,15,3683.5,16219
2022-10-03 14:00:37,19,-14,3683.25,16205
2022-10-03 14:00:38,28,13,3683.5,16218
2022-10-03 14:00:39,2,2,3683.5,16220
2022-10-03 14:00:40,53,9,3683.5,16229
2022-10-03 14:00:41,15,13,3683.75,16242
2022-10-03 14:00:42,12,9,3683.75,16251
2022-10-03 14:00:43,24,13,3683.75,16264
2022-10-03 14:00:44,55,-12,3683.75,16252
2022-10-03 14:00:45,5,4,3683.5,16256
2022-10-03 14:00:46,108,12,3684.0,16268
2022-10-03 14:00:47,3,1,3684.0,16269
2022-10-03 14:00:48,49,16,3684.0,16285
2022-10-03 14:00:49,3,-1,3684.0,16284
2022-10-03 14:00:50,24,2,3684.0,16286
2022-10-03 14:00:51,61,15,3684.0,16301
2022-10-03 14:00:52,32,10,3683.75,16311
2022-10-03 14:00:53,12,11,3684.0,16322
2022-10-03 14:00:54,175,50,3684.5,16372
2022-10-03 14:00:55,17,-1,3684.5,16371
2022-10-03 14:00:56,7,3,3684.25,16374
2022-10-03 14:00:57,5,3,3684.25,16377
2022-10-03 14:00:58,13,6,3684.5,16383
2022-10-03 14:00:59,37,21,3684.5,16404
2022-10-03 14:01:00,14,8,3684.5,16412
2022-10-03 14:01:01,88,-27,3684.5,16385
2022-10-03 14:01:02,38,-5,3684.0,16380
2022-10-03 14:01:03,39,0,3684.0,16380
2022-10-03 14:01:04,11,-11,3683.75,16369
2022-10-03 14:01:05,47,10,3684.0,16379
2022-10-03 14:01:06,21,4,3684.0,16383
2022-10-03 14:01:07,1,-1,3683.75,16382
2022-10-03 14:01:08,14,12,3684.0,16394
2022-10-03 14:01:09,56,-8,3684.0,16386
2022-10-03 14:01:10,127,2,3684.25,16388
2022-10-03 14:01:11,83,0,3684.25,16388
2022-10-03 14:01:12,49,28,3684.5,16416
2022-10-03 14:01:13,5,5,3684.5,16421
2022-10-03 14:01:14,27,23,3684.75,16444
2022-10-03 14:01:15,235,13,3685.0,16457
2022-10-03 14:01:16,49,15,3684.75,16472
2022-10-03 14:01:17,2,2,3684.75,16474
2022-10-03 14:01:18,5,3,3684.75,16477
2022-10-03 14:01:19,1,-1,3684.5,16476
2022-10-03 14:01:20,77,-52,3684.75,16424
2022-10-03 14:01:21,2,2,3684.75,16426
2022-10-03 14:01:22,2,0,3684.75,16426
2022-10-03 14:01:23,199,30,3685.0,16456
2022-10-03 14:01:24,71,-5,3685.0,16451
2022-10-03 14:01:25,49,-17,3684.75,16434
2022-10-03 14:01:26,21,11,3684.5,16445
2022-10-03 14:01:27,12,10,3684.5,16455
2022-10-03 14:01:28,16,-5,3684.5,16450
2022-10-03 14:01:29,67,5,3684.75,16455
2022-10-03 14:01:30,40,13,3685.0,16468
2022-10-03 14:01:31,16,14,3685.0,16482
2022-10-03 14:01:32,127,4,3685.25,16486
2022-10-03 14:01:33,351,60,3685.75,16546
2022-10-03 14:01:34,20,13,3685.75,16559
2022-10-03 14:01:35,55,22,3686.0,16581
2022-10-03 14:01:36,108,30,3686.25,16611
2022-10-03 14:01:37,5,3,3686.0,16614
2022-10-03 14:01:38,7,-1,3686.0,16613
2022-10-03 14:01:39,123,-22,3686.0,16591
2022-10-03 14:01:40,98,0,3686.0,16591
2022-10-03 14:01:41,18,-11,3685.5,16580
2022-10-03 14:01:42,7,2,3685.5,16582
2022-10-03 14:01:43,106,75,3685.75,16657
2022-10-03 14:01:44,49,10,3685.75,16667
2022-10-03 14:01:45,5,-4,3685.5,16663
2022-10-03 14:01:46,51,-19,3685.5,16644
2022-10-03 14:01:47,14,-1,3685.5,16643
2022-10-03 14:01:48,60,2,3685.5,16645
2022-10-03 14:01:49,7,0,3685.25,16645
2022-10-03 14:01:50,10,6,3685.25,16651
2022-10-03 14:01:51,64,29,3685.5,16680
2022-10-03 14:01:52,10,-3,3685.5,16677
2022-10-03 14:01:53,5,3,3685.5,16680
2022-10-03 14:01:54,59,6,3685.5,16686
2022-10-03 14:01:55,131,-39,3685.75,16647
2022-10-03 14:01:56,98,28,3685.75,16675
2022-10-03 14:01:57,5,-2,3685.5,16673
2022-10-03 14:01:58,99,9,3686.0,16682
2022-10-03 14:01:59,1,1,3686.0,16683
2022-10-03 14:02:00,6,2,3686.0,16685
2022-10-03 14:02:01,27,5,3686.0,16690
2022-10-03 14:02:02,48,-13,3685.75,16677
2022-10-03 14:02:03,2,-2,3685.5,16675
2022-10-03 14:02:04,19,-8,3685.75,16667
2022-10-03 14:02:05,4,0,3685.75,16667
2022-10-03 14:02:06,124,8,3686.0,16675
2022-10-03 14:02:07,60,22,3686.25,16697
2022-10-03 14:02:08,104,-41,3686.0,16656
2022-10-03 14:02:09,5,2,3686.25,16658
2022-10-03 14:02:10,75,-2,3686.0,16656
2022-10-03 14:02:11,5,-1,3686.25,16655
2022-10-03 14:02:12,12,6,3686.25,16661
2022-10-03 14:02:13,16,9,3686.25,16670
2022-10-03 14:02:14,140,41,3686.25,16711
2022-10-03 14:02:15,13,4,3686.25,16715
2022-10-03 14:02:16,48,12,3686.5,16727
2022-10-03 14:02:17,27,-8,3686.25,16719
2022-10-03 14:02:18,45,-22,3686.25,16697
2022-10-03 14:02:19,5,1,3686.0,16698
2022-10-03 14:02:20,83,-9,3686.25,16689
2022-10-03 14:02:21,4,-3,3686.0,16686
2022-10-03 14:02:22,29,-15,3686.0,16671
2022-10-03 14:02:23,46,15,3686.0,16686
2022-10-03 14:02:24,32,21,3686.0,16707
2022-10-03 14:02:25,13,-1,3686.0,16706
2022-10-03 14:02:26,47,-21,3686.0,16685
2022-10-03 14:02:27,56,-22,3685.5,16663
2022-10-03 14:02:28,85,-11,3685.5,16652
2022-10-03 14:02:29,116,-39,3685.25,16613
2022-10-03 14:02:30,227,-28,3684.75,16585
2022-10-03 14:02:31,195,-84,3684.75,16501
2022-10-03 14:02:32,37,24,3684.75,16525
2022-10-03 14:02:33,47,20,3685.0,16545
2022-10-03 14:02:34,2,0,3685.0,16545
2022-10-03 14:02:35,6,1,3685.0,16546
2022-10-03 14:02:36,22,7,3685.0,16553
2022-10-03 14:02:37,97,37,3685.25,16590
2022-10-03 14:02:38,102,-2,3685.25,16588
2022-10-03 14:02:39,12,11,3685.0,16599
2022-10-03 14:02:40,34,1,3685.25,16600
2022-10-03 14:02:41,1,-1,3685.0,16599
2022-10-03 14:02:42,42,19,3685.25,16618
2022-10-03 14:02:43,37,17,3685.75,16635
2022-10-03 14:02:44,147,-23,3685.75,16612
2022-10-03 14:02:45,2,1,3685.25,16613
2022-10-03 14:02:46,1,1,3685.25,16614
2022-10-03 14:02:47,32,-19,3685.0,16595
2022-10-03 14:02:48,82,-8,3685.0,16587
2022-10-03 14:02:49,7,3,3685.0,16590
2022-10-03 14:02:50,3,0,3685.0,16590
2022-10-03 14:02:52,8,4,3685.0,16594
2022-10-03 14:02:53,92,-13,3685.0,16581
2022-10-03 14:02:54,49,13,3685.0,16594
2022-10-03 14:02:55,10,3,3685.0,16597
2022-10-03 14:02:56,79,-23,3685.0,16574
2022-10-03 14:02:57,132,0,3685.0,16574
2022-10-03 14:02:58,50,18,3685.0,16592
2022-10-03 14:02:59,82,37,3685.5,16629
2022-10-03 14:03:00,45,-7,3685.5,16622
2022-10-03 14:03:01,294,77,3685.25,16699
2022-10-03 14:03:02,32,-4,3685.0,16695
2022-10-03 14:03:03,6,-4,3685.0,16691
2022-10-03 14:03:04,1,-1,3684.75,16690
2022-10-03 14:03:05,84,9,3685.25,16699
2022-10-03 14:03:06,41,-9,3685.5,16690
2022-10-03 14:03:07,19,2,3685.5,16692
2022-10-03 14:03:08,2,2,3685.5,16694
2022-10-03 14:03:09,1,1,3685.5,16695
2022-10-03 14:03:10,37,14,3685.75,16709
2022-10-03 14:03:11,56,-19,3685.75,16690
2022-10-03 14:03:12,68,30,3685.5,16720
2022-10-03 14:03:13,9,7,3685.5,16727
2022-10-03 14:03:14,36,16,3685.5,16743
2022-10-03 14:03:15,89,5,3685.75,16748
2022-10-03 14:03:16,307,34,3686.0,16782
2022-10-03 14:03:17,10,-4,3685.75,16778
2022-10-03 14:03:18,136,-29,3685.5,16749
2022-10-03 14:03:19,20,3,3685.0,16752
2022-10-03 14:03:20,36,-6,3685.0,16746
2022-10-03 14:03:21,38,-11,3684.75,16735
2022-10-03 14:03:22,70,27,3684.75,16762
2022-10-03 14:03:23,40,14,3684.75,16776
2022-10-03 14:03:24,58,13,3684.75,16789
2022-10-03 14:03:25,10,-2,3684.75,16787
2022-10-03 14:03:26,19,5,3684.75,16792
2022-10-03 14:03:27,40,-1,3684.75,16791
2022-10-03 14:03:28,41,-11,3684.75,16780
2022-10-03 14:03:29,8,-6,3684.75,16774
2022-10-03 14:03:30,5,-1,3684.75,16773
2022-10-03 14:03:31,31,4,3685.0,16777
2022-10-03 14:03:32,13,10,3685.0,16787
2022-10-03 14:03:33,41,18,3685.5,16805
2022-10-03 14:03:34,13,4,3685.75,16809
2022-10-03 14:03:35,14,-3,3685.75,16806
2022-10-03 14:03:36,4,1,3686.0,16807
2022-10-03 14:03:37,3,3,3686.0,16810
2022-10-03 14:03:38,1,1,3686.0,16811
2022-10-03 14:03:39,36,-13,3685.75,16798
2022-10-03 14:03:40,44,-11,3685.75,16787
2022-10-03 14:03:41,24,1,3685.75,16788
2022-10-03 14:03:42,2,-2,3685.75,16786
2022-10-03 14:03:43,34,-8,3686.0,16778
2022-10-03 14:03:44,13,9,3685.75,16787
2022-10-03 14:03:45,21,-11,3686.0,16776
2022-10-03 14:03:46,32,-4,3685.75,16772
2022-10-03 14:03:47,28,-17,3685.5,16755
2022-10-03 14:03:48,59,6,3685.0,16761
2022-10-03 14:03:49,42,-2,3685.0,16759
2022-10-03 14:03:50,7,0,3685.0,16759
2022-10-03 14:03:52,49,6,3685.0,16765
2022-10-03 14:03:53,38,-8,3685.0,16757
2022-10-03 14:03:54,6,-4,3685.0,16753
2022-10-03 14:03:55,2,0,3685.0,16753
2022-10-03 14:03:56,33,6,3685.0,16759
2022-10-03 14:03:57,21,9,3685.0,16768
2022-10-03 14:03:58,13,11,3685.25,16779
2022-10-03 14:03:59,3,3,3685.5,16782
2022-10-03 14:04:00,29,17,3685.75,16799
2022-10-03 14:04:01,3,-1,3685.75,16798
2022-10-03 14:04:02,18,17,3685.75,16815
2022-10-03 14:04:03,2,2,3685.75,16817
2022-10-03 14:04:04,59,-5,3685.75,16812
2022-10-03 14:04:05,9,6,3686.0,16818
2022-10-03 14:04:06,38,-13,3686.0,16805
2022-10-03 14:04:07,60,25,3686.0,16830
2022-10-03 14:04:08,48,0,3686.25,16830
2022-10-03 14:04:09,45,8,3686.25,16838
2022-10-03 14:04:10,38,10,3686.25,16848
2022-10-03 14:04:11,30,-4,3686.0,16844
2022-10-03 14:04:12,41,-20,3686.0,16824
2022-10-03 14:04:15,3,-1,3685.75,16823
2022-10-03 14:04:16,54,21,3686.25,16844
2022-10-03 14:04:17,1,1,3686.25,16845
2022-10-03 14:04:18,26,10,3686.25,16855
2022-10-03 14:04:19,8,4,3686.25,16859
2022-10-03 14:04:20,3,1,3686.25,16860
2022-10-03 14:04:21,71,7,3686.25,16867
2022-10-03 14:04:22,21,-8,3686.25,16859
2022-10-03 14:04:23,35,-12,3686.25,16847
2022-10-03 14:04:24,41,-3,3686.0,16844
2022-10-03 14:04:25,1,-1,3685.75,16843
2022-10-03 14:04:26,21,-1,3686.0,16842
2022-10-03 14:04:27,47,-13,3685.75,16829
2022-10-03 14:04:28,12,-5,3685.75,16824
2022-10-03 14:04:29,49,31,3686.25,16855
2022-10-03 14:04:30,30,1,3686.25,16856
2022-10-03 14:04:31,16,-4,3686.25,16852
2022-10-03 14:04:32,19,11,3686.25,16863
2022-10-03 14:04:33,3,3,3686.5,16866
2022-10-03 14:04:34,70,37,3686.75,16903
2022-10-03 14:04:35,8,0,3686.75,16903
2022-10-03 14:04:36,18,4,3686.75,16907
2022-10-03 14:04:37,53,3,3686.75,16910
2022-10-03 14:04:38,107,-4,3686.75,16906
2022-10-03 14:04:39,102,15,3687.0,16921
2022-10-03 14:04:40,19,-1,3686.75,16920
2022-10-03 14:04:41,36,-7,3686.75,16913
2022-10-03 14:04:42,4,0,3686.5,16913
2022-10-03 14:04:43,15,10,3686.75,16923
2022-10-03 14:04:44,55,7,3686.75,16930
2022-10-03 14:04:45,2,2,3686.75,16932
2022-10-03 14:04:46,31,10,3686.75,16942
2022-10-03 14:04:47,57,-19,3687.0,16923
2022-10-03 14:04:48,15,3,3686.75,16926
2022-10-03 14:04:49,46,22,3687.0,16948
2022-10-03 14:04:50,8,5,3687.0,16953
2022-10-03 14:04:51,3,1,3687.0,16954
2022-10-03 14:04:52,8,2,3687.0,16956
2022-10-03 14:04:53,62,26,3687.0,16982
2022-10-03 14:04:54,2,-2,3686.75,16980
2022-10-03 14:04:55,2,-1,3686.75,16979
2022-10-03 14:04:56,54,-5,3686.75,16974
2022-10-03 14:04:57,4,0,3686.75,16974
2022-10-03 14:04:58,56,34,3687.0,17008
2022-10-03 14:04:59,50,-20,3686.75,16988
2022-10-03 14:05:00,11,2,3686.75,16990
2022-10-03 14:05:01,53,65,3687.0,17055
2022-10-03 14:05:02,1,-1,3686.75,17054
2022-10-03 14:05:03,15,6,3687.0,17060
2022-10-03 14:05:04,3,1,3687.0,17061
2022-10-03 14:05:05,92,109,3687.25,17170
2022-10-03 14:05:06,21,15,3687.25,17185
2022-10-03 14:05:07,20,-3,3687.25,17182
2022-10-03 14:05:08,49,-18,3687.0,17164
2022-10-03 14:05:09,30,-20,3687.25,17144
2022-10-03 14:05:10,80,1,3687.0,17145
2022-10-03 14:05:11,61,-4,3686.75,17141
2022-10-03 14:05:12,102,-12,3687.0,17129
2022-10-03 14:05:13,85,-9,3687.25,17120
2022-10-03 14:05:14,26,-10,3687.25,17110
2022-10-03 14:05:15,11,10,3687.25,17120
2022-10-03 14:05:16,63,7,3687.25,17127
2022-10-03 14:05:17,13,-5,3687.25,17122
2022-10-03 14:05:18,63,-1,3687.25,17121
2022-10-03 14:05:19,163,24,3687.5,17145
2022-10-03 14:05:20,158,-88,3687.75,17057
2022-10-03 14:05:21,51,10,3687.25,17067
2022-10-03 14:05:22,29,11,3687.25,17078
2022-10-03 14:05:23,13,7,3687.25,17085
2022-10-03 14:05:24,11,8,3687.25,17093
2022-10-03 14:05:25,42,8,3687.5,17101
2022-10-03 14:05:26,2,0,3687.25,17101
2022-10-03 14:05:27,97,-55,3687.0,17046
2022-10-03 14:05:28,83,22,3687.25,17068
2022-10-03 14:05:29,1,-1,3687.0,17067
2022-10-03 14:05:30,76,-6,3687.5,17061
2022-10-03 14:05:31,12,6,3687.5,17067
2022-10-03 14:05:32,2,0,3687.5,17067
2022-10-03 14:05:33,49,-3,3687.5,17064
2022-10-03 14:05:34,76,60,3687.5,17124
2022-10-03 14:05:35,5,-2,3687.5,17122
2022-10-03 14:05:36,29,-16,3687.25,17106
2022-10-03 14:05:37,73,-16,3687.25,17090
2022-10-03 14:05:38,4,-1,3687.25,17089
2022-10-03 14:05:39,53,17,3687.5,17106
2022-10-03 14:05:40,64,-25,3687.5,17081
2022-10-03 14:05:41,60,18,3687.25,17099
2022-10-03 14:05:42,2,0,3687.0,17099
2022-10-03 14:05:43,18,-11,3687.0,17088
2022-10-03 14:05:44,79,-14,3686.75,17074
2022-10-03 14:05:45,47,9,3687.0,17083
2022-10-03 14:05:46,1,1,3687.25,17084
2022-10-03 14:05:47,25,-1,3687.25,17083
2022-10-03 14:05:48,35,11,3687.25,17094
2022-10-03 14:05:49,10,5,3687.25,17099
2022-10-03 14:05:50,61,23,3687.5,17122
2022-10-03 14:05:51,34,6,3687.5,17128
2022-10-03 14:05:52,32,21,3687.75,17149
2022-10-03 14:05:53,22,-11,3687.75,17138
2022-10-03 14:05:54,69,57,3688.0,17195
2022-10-03 14:05:55,148,103,3688.25,17298
2022-10-03 14:05:56,201,-28,3688.25,17270
2022-10-03 14:05:57,18,7,3688.25,17277
2022-10-03 14:05:58,13,8,3688.25,17285
2022-10-03 14:05:59,68,29,3688.25,17314
2022-10-03 14:06:00,37,25,3688.25,17339
2022-10-03 14:06:01,53,11,3688.25,17350
2022-10-03 14:06:02,122,36,3688.5,17386
2022-10-03 14:06:03,25,9,3688.25,17395
2022-10-03 14:06:04,11,0,3688.25,17395
2022-10-03 14:06:05,68,18,3688.5,17413
2022-10-03 14:06:06,7,5,3688.25,17418
2022-10-03 14:06:07,111,35,3688.5,17453
2022-10-03 14:06:08,127,-14,3688.75,17439
2022-10-03 14:06:09,55,30,3688.5,17469
2022-10-03 14:06:10,76,-20,3688.25,17449
2022-10-03 14:06:11,120,-38,3688.25,17411
2022-10-03 14:06:12,93,3,3688.0,17414
2022-10-03 14:06:13,21,-7,3688.25,17407
2022-10-03 14:06:14,1,1,3688.25,17408
2022-10-03 14:06:15,103,-32,3688.25,17376
2022-10-03 14:06:16,15,12,3688.25,17388
2022-10-03 14:06:17,47,-2,3688.5,17386
2022-10-03 14:06:18,25,-9,3688.25,17377
2022-10-03 14:06:19,23,-18,3688.0,17359
2022-10-03 14:06:20,73,-33,3688.0,17326
2022-10-03 14:06:21,74,-1,3688.0,17325
2022-10-03 14:06:22,32,6,3688.25,17331
2022-10-03 14:06:24,37,-24,3688.25,17307
2022-10-03 14:06:26,62,-11,3688.0,17296
2022-10-03 14:06:27,47,-10,3688.0,17286
2022-10-03 14:06:28,27,-4,3688.0,17282
2022-10-03 14:06:29,89,-18,3688.0,17264
2022-10-03 14:06:30,1,-1,3687.75,17263
2022-10-03 14:06:31,92,28,3688.25,17291
2022-10-03 14:06:32,13,9,3688.25,17300
2022-10-03 14:06:33,126,20,3688.5,17320
2022-10-03 14:06:34,16,0,3688.5,17320
2022-10-03 14:06:35,6,-6,3688.25,17314
2022-10-03 14:06:36,31,10,3688.5,17324
2022-10-03 14:06:37,7,-7,3688.25,17317
2022-10-03 14:06:38,183,11,3688.75,17328
2022-10-03 14:06:39,11,-4,3688.75,17324
2022-10-03 14:06:40,48,4,3688.75,17328
2022-10-03 14:06:41,199,108,3689.25,17436
2022-10-03 14:06:42,61,-12,3689.25,17424
2022-10-03 14:06:43,14,6,3689.0,17430
2022-10-03 14:06:44,6,2,3689.0,17432
2022-10-03 14:06:45,24,20,3689.0,17452
2022-10-03 14:06:46,99,14,3689.25,17466
2022-10-03 14:06:47,5,2,3689.25,17468
2022-10-03 14:06:48,86,57,3689.75,17525
2022-10-03 14:06:49,162,38,3689.75,17563
2022-10-03 14:06:50,103,23,3690.0,17586
2022-10-03 14:06:51,526,140,3691.0,17726
2022-10-03 14:06:52,131,83,3691.0,17809
2022-10-03 14:06:53,113,33,3691.0,17842
2022-10-03 14:06:54,81,-1,3691.0,17841
2022-10-03 14:06:55,95,3,3691.0,17844
2022-10-03 14:06:56,65,-2,3691.25,17842
2022-10-03 14:06:57,62,-28,3691.0,17814
2022-10-03 14:06:58,34,15,3691.0,17829
2022-10-03 14:06:59,174,29,3691.5,17858
2022-10-03 14:07:00,144,7,3691.25,17865
2022-10-03 14:07:01,138,0,3691.0,17865
2022-10-03 14:07:02,83,-8,3691.0,17857
2022-10-03 14:07:03,70,23,3691.25,17880
2022-10-03 14:07:04,95,7,3691.25,17887
2022-10-03 14:07:05,25,-4,3691.25,17883
2022-10-03 14:07:06,294,17,3691.25,17900
2022-10-03 14:07:07,52,-6,3691.0,17894
2022-10-03 14:07:08,225,18,3691.0,17912
2022-10-03 14:07:09,145,-60,3690.75,17852
2022-10-03 14:07:10,110,9,3690.5,17861
2022-10-03 14:07:11,80,2,3690.5,17863
2022-10-03 14:07:12,53,-8,3690.75,17855
2022-10-03 14:07:13,45,-9,3690.75,17846
2022-10-03 14:07:14,47,-1,3690.75,17845
2022-10-03 14:07:15,34,-12,3690.75,17833
2022-10-03 14:07:16,58,-19,3690.5,17814
2022-10-03 14:07:17,103,-23,3690.25,17791
2022-10-03 14:07:18,67,3,3690.25,17794
2022-10-03 14:07:19,28,7,3690.25,17801
2022-10-03 14:07:20,16,0,3690.25,17801
2022-10-03 14:07:21,42,17,3690.25,17818
2022-10-03 14:07:22,142,48,3690.5,17866
2022-10-03 14:07:23,35,-15,3690.5,17851
2022-10-03 14:07:24,26,10,3690.25,17861
2022-10-03 14:07:25,104,-50,3690.25,17811
2022-10-03 14:07:26,34,-20,3690.25,17791
2022-10-03 14:07:27,55,-4,3690.25,17787
2022-10-03 14:07:28,23,9,3690.25,17796
2022-10-03 14:07:29,33,-5,3690.0,17791
2022-10-03 14:07:30,23,-16,3689.75,17775
2022-10-03 14:07:31,65,-24,3690.0,17751
2022-10-03 14:07:32,58,-27,3689.75,17724
2022-10-03 14:07:33,146,-32,3689.5,17692
2022-10-03 14:07:34,112,60,3689.25,17752
2022-10-03 14:07:35,86,1,3689.0,17753
2022-10-03 14:07:36,158,-86,3689.0,17667
2022-10-03 14:07:37,148,-46,3688.5,17621
2022-10-03 14:07:38,56,14,3688.25,17635
2022-10-03 14:07:39,11,1,3688.5,17636
2022-10-03 14:07:40,45,8,3688.5,17644
2022-10-03 14:07:41,12,-5,3688.25,17639
2022-10-03 14:07:42,102,-36,3688.25,17603
2022-10-03 14:07:43,2,-2,3687.75,17601
2022-10-03 14:07:44,44,-7,3688.0,17594
2022-10-03 14:07:45,18,14,3688.0,17608
2022-10-03 14:07:46,128,42,3688.5,17650
2022-10-03 14:07:47,23,0,3688.75,17650
2022-10-03 14:07:48,27,-14,3688.5,17636
2022-10-03 14:07:49,48,7,3688.5,17643
2022-10-03 14:07:50,41,-26,3688.75,17617
2022-10-03 14:07:51,15,-9,3688.25,17608
2022-10-03 14:07:52,50,3,3688.25,17611
2022-10-03 14:07:53,20,5,3688.25,17616
2022-10-03 14:07:54,20,11,3688.25,17627
2022-10-03 14:07:55,6,-2,3688.25,17625
2022-10-03 14:07:56,82,-40,3688.0,17585
2022-10-03 14:07:57,5,-3,3687.75,17582
2022-10-03 14:07:58,64,-10,3687.75,17572
2022-10-03 14:07:59,256,-111,3687.75,17461
2022-10-03 14:08:00,147,-6,3687.25,17455
2022-10-03 14:08:01,98,-5,3687.25,17450
2022-10-03 14:08:02,43,31,3687.5,17481
2022-10-03 14:08:03,27,7,3687.5,17488
2022-10-03 14:08:04,67,8,3687.5,17496
2022-10-03 14:08:05,24,-3,3687.5,17493
2022-10-03 14:08:06,4,-2,3687.5,17491
2022-10-03 14:08:07,30,-19,3687.5,17472
2022-10-03 14:08:08,96,-32,3687.25,17440
2022-10-03 14:08:09,74,-21,3686.75,17419
2022-10-03 14:08:10,3,1,3686.75,17420
2022-10-03 14:08:11,78,-10,3686.75,17410
2022-10-03 14:08:12,223,113,3687.5,17523
2022-10-03 14:08:13,29,-3,3687.0,17520
2022-10-03 14:08:14,37,3,3687.0,17523
2022-10-03 14:08:15,67,-61,3686.75,17462
2022-10-03 14:08:16,52,-2,3686.75,17460
2022-10-03 14:08:17,2,0,3686.75,17460
2022-10-03 14:08:18,74,-17,3686.75,17443
2022-10-03 14:08:19,22,-11,3686.5,17432
2022-10-03 14:08:20,300,72,3687.5,17504
2022-10-03 14:08:21,21,-13,3687.0,17491
2022-10-03 14:08:22,13,4,3687.5,17495
2022-10-03 14:08:23,57,17,3687.75,17512
2022-10-03 14:08:24,40,9,3687.75,17521
2022-10-03 14:08:25,29,-11,3687.5,17510
2022-10-03 14:08:26,5,2,3687.75,17512
2022-10-03 14:08:27,18,-6,3687.5,17506
2022-10-03 14:08:28,33,21,3687.75,17527
2022-10-03 14:08:29,45,-17,3688.0,17510
2022-10-03 14:08:30,1,-1,3687.5,17509
2022-10-03 14:08:31,3,3,3687.75,17512
2022-10-03 14:08:32,41,-9,3687.75,17503
2022-10-03 14:08:33,99,29,3687.75,17532
2022-10-03 14:08:34,28,-9,3687.75,17523
2022-10-03 14:08:35,2,2,3687.75,17525
2022-10-03 14:08:36,26,16,3688.0,17541
2022-10-03 14:08:37,53,-11,3687.75,17530
2022-10-03 14:08:38,12,6,3688.0,17536
2022-10-03 14:08:39,115,65,3688.25,17601
2022-10-03 14:08:40,17,13,3688.5,17614
2022-10-03 14:08:41,40,-25,3688.5,17589
2022-10-03 14:08:42,1,1,3688.25,17590
2022-10-03 14:08:43,41,-26,3688.25,17564
2022-10-03 14:08:44,23,9,3688.25,17573
2022-10-03 14:08:45,19,-10,3688.25,17563
2022-10-03 14:08:46,162,-19,3687.75,17544
2022-10-03 14:08:47,14,8,3688.0,17552
2022-10-03 14:08:48,25,-5,3687.75,17547
2022-10-03 14:08:49,20,-7,3688.0,17540
2022-10-03 14:08:50,1,-1,3687.75,17539
2022-10-03 14:08:51,66,-27,3687.5,17512
2022-10-03 14:08:52,19,-11,3687.5,17501
2022-10-03 14:08:53,105,48,3687.75,17549
2022-10-03 14:08:54,32,9,3687.75,17558
2022-10-03 14:08:55,17,-13,3687.75,17545
2022-10-03 14:08:57,34,6,3687.75,17551
2022-10-03 14:08:58,43,1,3687.5,17552
2022-10-03 14:08:59,39,-8,3687.75,17544
2022-10-03 14:09:00,27,-4,3688.0,17540
2022-10-03 14:09:01,4,4,3687.75,17544
2022-10-03 14:09:02,68,28,3688.0,17572
2022-10-03 14:09:03,40,-7,3688.25,17565
2022-10-03 14:09:04,4,-1,3688.0,17564
2022-10-03 14:09:05,125,35,3688.5,17599
2022-10-03 14:09:06,1,-1,3688.25,17598
2022-10-03 14:09:07,72,-6,3688.5,17592
2022-10-03 14:09:08,7,-1,3688.25,17591
2022-10-03 14:09:09,12,10,3688.75,17601
2022-10-03 14:09:10,29,5,3688.75,17606
2022-10-03 14:09:12,2,2,3688.75,17608
2022-10-03 14:09:13,117,10,3688.75,17618
2022-10-03 14:09:14,9,4,3689.0,17622
2022-10-03 14:09:15,62,5,3689.0,17627
2022-10-03 14:09:16,88,-12,3689.0,17615
2022-10-03 14:09:17,36,-4,3688.5,17611
2022-10-03 14:09:18,15,-3,3688.75,17608
2022-10-03 14:09:19,34,-9,3688.5,17599
2022-10-03 14:09:20,30,-7,3688.5,17592
2022-10-03 14:09:21,43,-12,3688.25,17580
2022-10-03 14:09:22,43,-16,3688.25,17564
2022-10-03 14:09:23,24,-14,3688.0,17550
2022-10-03 14:09:24,54,-55,3687.75,17495
2022-10-03 14:09:25,9,-1,3688.0,17494
2022-10-03 14:09:26,45,7,3687.75,17501
2022-10-03 14:09:27,67,-8,3687.75,17493
2022-10-03 14:09:28,4,0,3687.75,17493
2022-10-03 14:09:29,46,-36,3687.25,17457
2022-10-03 14:09:30,2,0,3687.5,17457
2022-10-03 14:09:31,71,16,3687.5,17473
2022-10-03 14:09:32,2,-2,3687.25,17471
2022-10-03 14:09:33,108,-46,3687.25,17425
2022-10-03 14:09:34,1,1,3687.0,17426
2022-10-03 14:09:36,108,14,3687.25,17440
2022-10-03 14:09:37,9,-4,3687.0,17436
2022-10-03 14:09:38,47,30,3687.25,17466
2022-10-03 14:09:39,19,-10,3687.5,17456
2022-10-03 14:09:40,28,-12,3687.5,17444
2022-10-03 14:09:41,14,1,3687.25,17445
2022-10-03 14:09:42,18,4,3687.25,17449
2022-10-03 14:09:43,214,87,3688.0,17536
2022-10-03 14:09:44,17,-7,3688.25,17529
2022-10-03 14:09:45,94,19,3688.25,17548
2022-10-03 14:09:46,1,1,3688.25,17549
2022-10-03 14:09:47,119,-5,3688.25,17544
2022-10-03 14:09:48,58,-2,3688.0,17542
2022-10-03 14:09:49,42,-21,3688.0,17521
2022-10-03 14:09:50,51,32,3688.25,17553
2022-10-03 14:09:51,22,-9,3688.5,17544
2022-10-03 14:09:52,2,-1,3688.25,17543
2022-10-03 14:09:53,6,-3,3688.25,17540
2022-10-03 14:09:54,17,-4,3688.25,17536
2022-10-03 14:09:55,10,-4,3688.25,17532
2022-10-03 14:09:56,32,-19,3688.25,17513
2022-10-03 14:09:57,41,35,3688.25,17548
2022-10-03 14:09:58,1,1,3688.5,17549
2022-10-03 14:09:59,1,-1,3688.25,17548
2022-10-03 14:10:00,47,28,3688.5,17576
2022-10-03 14:10:01,65,13,3689.0,17589
2022-10-03 14:10:02,25,1,3688.75,17590
2022-10-03 14:10:03,5,-1,3688.5,17589
2022-10-03 14:10:04,2,0,3688.75,17589
2022-10-03 14:10:05,119,64,3689.0,17653
2022-10-03 14:10:06,60,1,3689.0,17654
2022-10-03 14:10:08,28,-18,3688.75,17636
2022-10-03 14:10:09,38,-16,3688.5,17620
2022-10-03 14:10:10,45,2,3688.75,17622
2022-10-03 14:10:11,42,11,3688.75,17633
2022-10-03 14:10:12,5,-3,3688.75,17630
2022-10-03 14:10:13,70,21,3689.25,17651
2022-10-03 14:10:14,141,-84,3689.25,17567
2022-10-03 14:10:15,155,-94,3688.75,17473
2022-10-03 14:10:16,60,11,3688.5,17484
2022-10-03 14:10:17,18,9,3688.5,17493
2022-10-03 14:10:18,25,-5,3688.5,17488
2022-10-03 14:10:19,30,8,3689.0,17496
2022-10-03 14:10:20,37,12,3689.0,17508
2022-10-03 14:10:21,13,-8,3688.75,17500
2022-10-03 14:10:22,3,3,3688.75,17503
2022-10-03 14:10:23,49,-19,3688.75,17484
2022-10-03 14:10:24,17,-3,3688.5,17481
2022-10-03 14:10:25,10,-2,3688.5,17479
2022-10-03 14:10:26,6,4,3688.5,17483
2022-10-03 14:10:27,77,-27,3688.5,17456
2022-10-03 14:10:28,9,4,3688.75,17460
2022-10-03 14:10:30,29,3,3688.5,17463
2022-10-03 14:10:31,63,-12,3688.5,17451
2022-10-03 14:10:32,89,-9,3688.25,17442
2022-10-03 14:10:34,30,12,3688.5,17454
2022-10-03 14:10:36,19,6,3688.5,17460
2022-10-03 14:10:38,33,-3,3688.5,17457
2022-10-03 14:10:39,2,-2,3688.25,17455
2022-10-03 14:10:40,19,14,3688.5,17469
2022-10-03 14:10:41,17,5,3688.5,17474
2022-10-03 14:10:42,55,29,3689.0,17503
2022-10-03 14:10:43,83,50,3689.25,17553
2022-10-03 14:10:44,20,-1,3689.25,17552
2022-10-03 14:10:45,119,31,3689.5,17583
2022-10-03 14:10:46,4,2,3689.25,17585
2022-10-03 14:10:47,4,2,3689.25,17587
2022-10-03 14:10:48,11,7,3689.25,17594
2022-10-03 14:10:49,70,89,3689.75,17683
2022-10-03 14:10:50,53,11,3690.0,17694
2022-10-03 14:10:51,168,45,3690.25,17739
2022-10-03 14:10:52,10,4,3690.0,17743
2022-10-03 14:10:53,127,45,3690.75,17788
2022-10-03 14:10:54,401,129,3691.25,17917
2022-10-03 14:10:55,10,8,3690.75,17925
2022-10-03 14:10:56,50,-31,3690.75,17894
2022-10-03 14:10:57,11,1,3690.75,17895
2022-10-03 14:10:58,47,9,3690.75,17904
2022-10-03 14:10:59,36,15,3690.5,17919
2022-10-03 14:11:00,4,-2,3690.5,17917
2022-10-03 14:11:01,4,-3,3690.25,17914
2022-10-03 14:11:02,62,-27,3690.25,17887
2022-10-03 14:11:03,31,6,3690.5,17893
2022-10-03 14:11:04,24,6,3690.5,17899
2022-10-03 14:11:05,29,-1,3690.25,17898
2022-10-03 14:11:06,2,-2,3690.0,17896
2022-10-03 14:11:07,16,-6,3690.25,17890
2022-10-03 14:11:08,47,-10,3690.0,17880
2022-10-03 14:11:09,57,23,3690.25,17903
2022-10-03 14:11:10,26,-14,3690.5,17889
2022-10-03 14:11:11,36,-2,3690.25,17887
2022-10-03 14:11:12,61,4,3690.0,17891
2022-10-03 14:11:13,24,-10,3690.25,17881
2022-10-03 14:11:14,17,-13,3690.0,17868
2022-10-03 14:11:15,8,1,3690.0,17869
2022-10-03 14:11:16,52,-3,3689.75,17866
2022-10-03 14:11:17,26,4,3689.75,17870
2022-10-03 14:11:18,37,8,3689.75,17878
2022-10-03 14:11:19,12,-5,3689.75,17873
2022-10-03 14:11:20,63,5,3689.75,17878
2022-10-03 14:11:21,64,-10,3689.5,17868
2022-10-03 14:11:22,10,2,3689.5,17870
2022-10-03 14:11:23,26,-4,3689.5,17866
2022-10-03 14:11:24,27,12,3689.75,17878
2022-10-03 14:11:25,20,4,3690.0,17882
2022-10-03 14:11:26,40,8,3690.0,17890
2022-10-03 14:11:27,5,-4,3689.75,17886
2022-10-03 14:11:28,72,42,3690.25,17928
2022-10-03 14:11:29,21,14,3690.25,17942
2022-10-03 14:11:30,3,1,3690.5,17943
2022-10-03 14:11:31,9,-5,3690.5,17938
2022-10-03 14:11:32,85,34,3690.75,17972
2022-10-03 14:11:33,8,2,3690.5,17974
2022-10-03 14:11:34,10,6,3690.5,17980
2022-10-03 14:11:37,35,-22,3690.25,17958
2022-10-03 14:11:38,4,-4,3690.0,17954
2022-10-03 14:11:39,48,26,3690.5,17980
2022-10-03 14:11:40,25,21,3690.75,18001
2022-10-03 14:11:41,7,-5,3690.75,17996
2022-10-03 14:11:42,51,-3,3690.75,17993
2022-10-03 14:11:43,17,-2,3690.25,17991
2022-10-03 14:11:44,11,1,3690.5,17992
2022-10-03 14:11:45,1,1,3690.5,17993
2022-10-03 14:11:46,82,13,3690.5,18006
2022-10-03 14:11:47,41,2,3690.25,18008
2022-10-03 14:11:48,15,4,3690.25,18012
2022-10-03 14:11:49,49,-15,3690.25,17997
2022-10-03 14:11:50,1,1,3690.25,17998
2022-10-03 14:11:51,26,2,3690.25,18000
2022-10-03 14:11:52,25,3,3690.5,18003
2022-10-03 14:11:53,2,2,3690.5,18005
2022-10-03 14:11:55,21,14,3690.5,18019
2022-10-03 14:11:56,43,-6,3690.5,18013
2022-10-03 14:11:57,30,-4,3690.25,18009
2022-10-03 14:11:58,4,2,3690.25,18011
2022-10-03 14:11:59,8,3,3690.25,18014
2022-10-03 14:12:00,22,10,3690.25,18024
2022-10-03 14:12:01,30,-23,3690.0,18001
2022-10-03 14:12:03,113,-22,3689.75,17979
2022-10-03 14:12:04,33,3,3689.75,17982
2022-10-03 14:12:05,62,20,3690.25,18002
2022-10-03 14:12:07,13,-8,3690.25,17994
2022-10-03 14:12:08,47,3,3690.0,17997
2022-10-03 14:12:09,2,-2,3689.75,17995
2022-10-03 14:12:10,55,11,3690.0,18006
2022-10-03 14:12:11,26,4,3690.0,18010
2022-10-03 14:12:12,54,1,3690.5,18011
2022-10-03 14:12:13,24,-4,3690.5,18007
2022-10-03 14:12:14,12,0,3690.25,18007
2022-10-03 14:12:15,15,8,3690.25,18015
2022-10-03 14:12:16,13,0,3690.25,18015
2022-10-03 14:12:17,80,24,3690.5,18039
2022-10-03 14:12:18,4,1,3690.5,18040
2022-10-03 14:12:19,17,-1,3690.5,18039
2022-10-03 14:12:20,4,2,3690.25,18041
2022-10-03 14:12:21,44,-9,3690.25,18032
2022-10-03 14:12:22,14,11,3690.25,18043
2022-10-03 14:12:24,28,21,3690.25,18064
2022-10-03 14:12:27,26,6,3690.25,18070
2022-10-03 14:12:28,7,5,3690.25,18075
2022-10-03 14:12:29,69,7,3690.5,18082
2022-10-03 14:12:30,39,6,3690.75,18088
2022-10-03 14:12:31,28,2,3690.75,18090
2022-10-03 14:12:32,1,-1,3690.25,18089
2022-10-03 14:12:33,25,14,3690.5,18103
2022-10-03 14:12:34,71,29,3691.0,18132
2022-10-03 14:12:35,38,6,3690.75,18138
2022-10-03 14:12:36,38,1,3690.75,18139
2022-10-03 14:12:37,11,0,3691.0,18139
2022-10-03 14:12:38,17,-5,3691.0,18134
2022-10-03 14:12:39,15,-2,3690.75,18132
2022-10-03 14:12:41,8,6,3690.75,18138
2022-10-03 14:12:42,113,-9,3690.5,18129
2022-10-03 14:12:43,5,-1,3690.25,18128
2022-10-03 14:12:44,15,5,3690.75,18133
2022-10-03 14:12:45,8,1,3690.75,18134
2022-10-03 14:12:47,45,5,3690.75,18139
2022-10-03 14:12:48,309,63,3691.5,18202
2022-10-03 14:12:49,2,0,3691.25,18202
2022-10-03 14:12:50,4,-4,3691.0,18198
2022-10-03 14:12:51,155,-33,3691.25,18165
2022-10-03 14:12:52,27,5,3691.0,18170
2022-10-03 14:12:53,8,-2,3691.0,18168
2022-10-03 14:12:54,77,19,3691.25,18187
2022-10-03 14:12:55,19,15,3691.25,18202
2022-10-03 14:12:56,11,4,3691.5,18206
2022-10-03 14:12:57,12,-9,3691.5,18197
2022-10-03 14:12:58,19,-9,3691.5,18188
2022-10-03 14:12:59,15,11,3691.5,18199
2022-10-03 14:13:00,20,-1,3691.25,18198
2022-10-03 14:13:01,57,33,3691.25,18231
2022-10-03 14:13:02,23,-11,3691.5,18220
2022-10-03 14:13:03,76,28,3691.75,18248
2022-10-03 14:13:04,68,9,3691.75,18257
2022-10-03 14:13:05,88,26,3692.0,18283
2022-10-03 14:13:06,5,3,3691.75,18286
2022-10-03 14:13:07,70,-14,3691.5,18272
2022-10-03 14:13:08,40,0,3691.75,18272
2022-10-03 14:13:09,112,-26,3691.5,18246
2022-10-03 14:13:10,119,8,3691.5,18254
2022-10-03 14:13:11,46,-1,3691.5,18253
2022-10-03 14:13:12,54,22,3691.75,18275
2022-10-03 14:13:13,41,-3,3691.5,18272
2022-10-03 14:13:14,13,9,3691.75,18281
2022-10-03 14:13:15,55,-10,3691.75,18271
2022-10-03 14:13:16,45,3,3691.75,18274
2022-10-03 14:13:17,31,4,3692.0,18278
2022-10-03 14:13:18,2,-2,3691.75,18276
2022-10-03 14:13:19,1,1,3692.0,18277
2022-10-03 14:13:20,81,18,3692.0,18295
2022-10-03 14:13:21,3,-1,3692.0,18294
2022-10-03 14:13:22,38,-12,3691.75,18282
2022-10-03 14:13:23,27,3,3691.75,18285
2022-10-03 14:13:24,31,-1,3691.75,18284
2022-10-03 14:13:25,21,4,3691.75,18288
2022-10-03 14:13:26,83,9,3691.75,18297
2022-10-03 14:13:27,8,4,3692.0,18301
2022-10-03 14:13:28,1,-1,3691.75,18300
2022-10-03 14:13:29,7,5,3692.0,18305
2022-10-03 14:13:30,63,22,3692.25,18327
2022-10-03 14:13:31,11,9,3692.25,18336
2022-10-03 14:13:32,19,5,3692.25,18341
2022-10-03 14:13:33,9,1,3692.25,18342
2022-10-03 14:13:34,51,-11,3692.25,18331
2022-10-03 14:13:35,28,-4,3692.25,18327
2022-10-03 14:13:36,112,-20,3692.0,18307
2022-10-03 14:13:37,55,-2,3692.0,18305
2022-10-03 14:13:38,8,3,3691.75,18308
2022-10-03 14:13:39,18,-3,3691.75,18305
2022-10-03 14:13:40,63,-20,3691.5,18285
2022-10-03 14:13:41,49,-20,3691.5,18265
2022-10-03 14:13:42,92,25,3691.75,18290
2022-10-03 14:13:43,43,20,3692.25,18310
2022-10-03 14:13:44,38,-14,3692.0,18296
2022-10-03 14:13:45,21,15,3692.0,18311
2022-10-03 14:13:46,47,38,3692.25,18349
2022-10-03 14:13:47,21,-2,3692.25,18347
2022-10-03 14:13:48,2,1,3692.25,18348
2022-10-03 14:13:49,123,11,3692.25,18359
2022-10-03 14:13:50,4,2,3692.25,18361
2022-10-03 14:13:51,20,-8,3692.25,18353
2022-10-03 14:13:52,31,21,3692.5,18374
2022-10-03 14:13:53,7,1,3692.5,18375
2022-10-03 14:13:54,81,37,3692.5,18412
2022-10-03 14:13:55,343,186,3693.0,18598
2022-10-03 14:13:56,35,-22,3692.5,18576
2022-10-03 14:13:57,45,1,3692.75,18577
2022-10-03 14:13:58,9,1,3692.75,18578
2022-10-03 14:13:59,35,14,3693.0,18592
2022-10-03 14:14:00,25,-15,3692.75,18577
2022-10-03 14:14:01,6,2,3693.0,18579
2022-10-03 14:14:02,74,13,3693.0,18592
2022-10-03 14:14:03,82,-23,3692.75,18569
2022-10-03 14:14:04,30,5,3692.75,18574
2022-10-03 14:14:05,71,35,3692.75,18609
2022-10-03 14:14:06,72,-7,3692.5,18602
2022-10-03 14:14:07,29,-20,3692.5,18582
2022-10-03 14:14:08,50,-4,3692.5,18578
2022-10-03 14:14:09,153,17,3692.5,18595
2022-10-03 14:14:10,29,-3,3692.25,18592
2022-10-03 14:14:11,16,0,3692.5,18592
2022-10-03 14:14:12,13,9,3692.5,18601
2022-10-03 14:14:13,9,9,3692.5,18610
2022-10-03 14:14:14,29,-11,3692.5,18599
2022-10-03 14:14:15,34,1,3692.25,18600
2022-10-03 14:14:16,38,-9,3692.25,18591
2022-10-03 14:14:17,20,-11,3692.25,18580
2022-10-03 14:14:18,59,20,3692.5,18600
2022-10-03 14:14:19,5,-2,3692.75,18598
2022-10-03 14:14:20,1,1,3692.75,18599
2022-10-03 14:14:21,2,0,3692.75,18599
2022-10-03 14:14:22,59,25,3692.75,18624
2022-10-03 14:14:23,1,1,3692.75,18625
2022-10-03 14:14:24,28,-12,3693.0,18613
2022-10-03 14:14:25,5,-1,3693.0,18612
2022-10-03 14:14:26,32,20,3693.0,18632
2022-10-03 14:14:27,25,-3,3693.0,18629
2022-10-03 14:14:28,64,-25,3693.0,18604
2022-10-03 14:14:29,23,16,3692.75,18620
2022-10-03 14:14:30,5,4,3693.0,18624
2022-10-03 14:14:31,29,4,3693.0,18628
2022-10-03 14:14:32,36,13,3693.25,18641
2022-10-03 14:14:33,4,1,3693.25,18642
2022-10-03 14:14:34,16,-10,3693.25,18632
2022-10-03 14:14:35,2,2,3693.25,18634
2022-10-03 14:14:36,1,1,3693.25,18635
2022-10-03 14:14:37,82,-7,3693.0,18628
2022-10-03 14:14:38,14,-13,3692.75,18615
2022-10-03 14:14:39,57,-24,3692.75,18591
2022-10-03 14:14:40,36,18,3692.5,18609
2022-10-03 14:14:41,34,-12,3692.75,18597
2022-10-03 14:14:42,77,13,3692.75,18610
2022-10-03 14:14:43,33,-21,3692.5,18589
2022-10-03 14:14:44,85,-10,3692.5,18579
2022-10-03 14:14:45,109,-36,3692.0,18543
2022-10-03 14:14:46,63,25,3692.0,18568
2022-10-03 14:14:47,7,1,3692.25,18569
2022-10-03 14:14:48,72,22,3692.25,18591
2022-10-03 14:14:49,13,-2,3692.5,18589
2022-10-03 14:14:50,46,5,3692.5,18594
2022-10-03 14:14:51,85,19,3693.25,18613
2022-10-03 14:14:52,29,-17,3693.0,18596
2022-10-03 14:14:53,65,-11,3692.75,18585
2022-10-03 14:14:54,62,5,3692.75,18590
2022-10-03 14:14:55,1,1,3692.75,18591
2022-10-03 14:14:56,45,-20,3692.5,18571
2022-10-03 14:14:57,19,5,3692.5,18576
2022-10-03 14:14:58,8,-7,3692.25,18569
2022-10-03 14:14:59,18,0,3692.5,18569
2022-10-03 14:15:00,26,4,3692.5,18573
2022-10-03 14:15:01,43,13,3692.75,18586
2022-10-03 14:15:02,12,10,3692.5,18596
2022-10-03 14:15:03,1,1,3692.5,18597
2022-10-03 14:15:04,33,-4,3692.5,18593
2022-10-03 14:15:05,42,-33,3692.5,18560
2022-10-03 14:15:06,7,-1,3692.25,18559
2022-10-03 14:15:07,69,-15,3692.25,18544
2022-10-03 14:15:08,32,18,3692.0,18562
2022-10-03 14:15:09,94,-23,3692.0,18539
2022-10-03 14:15:10,48,-13,3691.75,18526
2022-10-03 14:15:11,17,3,3691.75,18529
2022-10-03 14:15:12,51,16,3692.0,18545
2022-10-03 14:15:13,11,-10,3691.75,18535
2022-10-03 14:15:14,26,-6,3692.0,18529
2022-10-03 14:15:15,10,2,3691.75,18531
2022-10-03 14:15:16,50,-4,3691.75,18527
2022-10-03 14:15:17,14,-4,3691.75,18523
2022-10-03 14:15:18,23,6,3692.0,18529
2022-10-03 14:15:19,49,21,3692.0,18550
2022-10-03 14:15:20,8,7,3691.75,18557
2022-10-03 14:15:21,2,-2,3691.5,18555
2022-10-03 14:15:22,35,8,3692.0,18563
2022-10-03 14:15:23,41,5,3692.25,18568
2022-10-03 14:15:24,48,26,3692.25,18594
2022-10-03 14:15:25,51,-5,3692.25,18589
2022-10-03 14:15:29,108,-24,3691.75,18565
2022-10-03 14:15:30,7,-4,3691.25,18561
2022-10-03 14:15:31,6,-4,3691.5,18557
2022-10-03 14:15:32,6,0,3691.5,18557
2022-10-03 14:15:33,5,-1,3691.5,18556
2022-10-03 14:15:34,101,-7,3691.75,18549
2022-10-03 14:15:35,39,-2,3691.75,18547
2022-10-03 14:15:36,40,-6,3691.25,18541
2022-10-03 14:15:37,4,1,3691.25,18542
2022-10-03 14:15:38,10,8,3691.25,18550
2022-10-03 14:15:39,3,-3,3691.25,18547
2022-10-03 14:15:40,41,13,3691.5,18560
2022-10-03 14:15:41,33,-5,3691.25,18555
2022-10-03 14:15:42,31,23,3691.5,18578
2022-10-03 14:15:43,80,18,3691.75,18596
2022-10-03 14:15:44,36,-2,3692.0,18594
2022-10-03 14:15:45,65,13,3692.0,18607
2022-10-03 14:15:46,26,13,3692.25,18620
2022-10-03 14:15:48,10,-7,3692.0,18613
2022-10-03 14:15:49,46,7,3692.25,18620
2022-10-03 14:15:50,1,-1,3692.0,18619
2022-10-03 14:15:53,2,-2,3692.0,18617
2022-10-03 14:15:54,44,23,3692.25,18640
2022-10-03 14:15:55,8,-5,3692.0,18635
2022-10-03 14:15:56,278,115,3692.75,18750
2022-10-03 14:15:57,36,1,3692.5,18751
2022-10-03 14:15:58,15,13,3692.25,18764
2022-10-03 14:15:59,34,7,3692.5,18771
2022-10-03 14:16:00,53,-5,3692.25,18766
2022-10-03 14:16:01,31,-18,3691.75,18748
2022-10-03 14:16:02,30,-2,3691.75,18746
2022-10-03 14:16:03,32,4,3692.0,18750
2022-10-03 14:16:04,17,5,3692.0,18755
2022-10-03 14:16:05,3,1,3692.0,18756
2022-10-03 14:16:06,19,13,3692.0,18769
2022-10-03 14:16:07,62,-17,3692.0,18752
2022-10-03 14:16:08,74,89,3692.25,18841
2022-10-03 14:16:09,2,0,3692.0,18841
2022-10-03 14:16:10,56,-10,3692.0,18831
2022-10-03 14:16:11,3,0,3692.0,18831
2022-10-03 14:16:12,3,2,3692.25,18833
2022-10-03 14:16:13,2,-1,3692.0,18832
2022-10-03 14:16:14,25,15,3692.25,18847
2022-10-03 14:16:15,12,-10,3692.25,18837
2022-10-03 14:16:16,41,-12,3692.0,18825
2022-10-03 14:16:17,31,0,3692.0,18825
2022-10-03 14:16:18,1,-1,3692.0,18824
2022-10-03 14:16:19,2,0,3692.25,18824
2022-10-03 14:16:21,34,-17,3692.0,18807
2022-10-03 14:16:23,89,32,3692.0,18839
2022-10-03 14:16:24,40,2,3692.0,18841
2022-10-03 14:16:25,27,16,3692.25,18857
2022-10-03 14:16:26,100,33,3692.0,18890
2022-10-03 14:16:27,22,-6,3691.75,18884
2022-10-03 14:16:29,16,-10,3691.75,18874
2022-10-03 14:16:30,47,-5,3691.75,18869
2022-10-03 14:16:31,10,-8,3691.5,18861
2022-10-03 14:16:32,1,-1,3691.5,18860
2022-10-03 14:16:33,19,12,3691.75,18872
2022-10-03 14:16:34,3,-1,3691.75,18871
2022-10-03 14:16:35,31,2,3691.75,18873
2022-10-03 14:16:36,25,0,3691.5,18873
2022-10-03 14:16:38,17,-6,3691.5,18867
2022-10-03 14:16:39,66,15,3692.0,18882
2022-10-03 14:16:40,7,3,3692.0,18885
2022-10-03 14:16:41,37,15,3692.25,18900
2022-10-03 14:16:42,2,-2,3692.25,18898
2022-10-03 14:16:43,1,-1,3692.25,18897
2022-10-03 14:16:44,17,-5,3692.5,18892
2022-10-03 14:16:45,92,3,3692.75,18895
2022-10-03 14:16:46,47,-1,3692.75,18894
2022-10-03 14:16:47,46,0,3692.5,18894
2022-10-03 14:16:48,1,1,3692.5,18895
2022-10-03 14:16:49,6,6,3692.5,18901
2022-10-03 14:16:50,17,7,3692.5,18908
2022-10-03 14:16:51,8,2,3692.75,18910
2022-10-03 14:16:52,4,3,3692.75,18913
2022-10-03 14:16:53,50,-8,3692.5,18905
2022-10-03 14:16:55,2,-2,3692.5,18903
2022-10-03 14:16:57,45,6,3692.75,18909
2022-10-03 14:16:58,16,-11,3692.75,18898
2022-10-03 14:16:59,2,2,3692.75,18900
2022-10-03 14:17:00,2,-2,3692.5,18898
2022-10-03 14:17:01,41,22,3692.75,18920
2022-10-03 14:17:03,145,10,3693.0,18930
2022-10-03 14:17:04,45,6,3693.25,18936
2022-10-03 14:17:05,12,0,3693.25,18936
2022-10-03 14:17:06,87,24,3693.25,18960
2022-10-03 14:17:07,6,5,3693.25,18965
2022-10-03 14:17:08,6,4,3693.25,18969
2022-10-03 14:17:09,67,8,3693.25,18977
2022-10-03 14:17:10,40,-18,3693.25,18959
2022-10-03 14:17:11,3,3,3693.25,18962
2022-10-03 14:17:12,83,47,3693.5,19009
2022-10-03 14:17:13,68,-6,3693.5,19003
2022-10-03 14:17:14,52,20,3693.5,19023
2022-10-03 14:17:15,91,-23,3693.5,19000
2022-10-03 14:17:16,146,16,3693.25,19016
2022-10-03 14:17:17,7,6,3693.5,19022
2022-10-03 14:17:18,67,43,3693.75,19065
2022-10-03 14:17:19,14,10,3693.75,19075
2022-10-03 14:17:20,69,-51,3693.75,19024
2022-10-03 14:17:21,10,7,3693.5,19031
2022-10-03 14:17:22,14,9,3693.5,19040
2022-10-03 14:17:23,33,16,3693.75,19056
2022-10-03 14:17:24,18,17,3693.75,19073
2022-10-03 14:17:25,8,-2,3693.75,19071
2022-10-03 14:17:26,34,-21,3693.75,19050
2022-10-03 14:17:27,59,-24,3693.5,19026
2022-10-03 14:17:28,19,-5,3693.25,19021
2022-10-03 14:17:29,10,-1,3693.25,19020
2022-10-03 14:17:30,51,23,3693.25,19043
2022-10-03 14:17:31,70,23,3693.25,19066
2022-10-03 14:17:32,28,8,3693.25,19074
2022-10-03 14:17:33,68,-20,3693.25,19054
2022-10-03 14:17:34,2,0,3693.25,19054
2022-10-03 14:17:35,2,0,3693.25,19054
2022-10-03 14:17:36,1,-1,3693.0,19053
2022-10-03 14:17:37,9,6,3693.25,19059
2022-10-03 14:17:38,121,-36,3693.25,19023
2022-10-03 14:17:39,2,2,3693.25,19025
2022-10-03 14:17:40,27,21,3693.25,19046
2022-10-03 14:17:41,6,-2,3693.0,19044
2022-10-03 14:17:43,25,-12,3693.0,19032
2022-10-03 14:17:44,5,-1,3693.25,19031
2022-10-03 14:17:45,2,-2,3693.0,19029
2022-10-03 14:17:46,92,25,3693.25,19054
2022-10-03 14:17:47,46,17,3693.25,19071
2022-10-03 14:17:48,43,-3,3693.25,19068
2022-10-03 14:17:49,28,12,3693.25,19080
2022-10-03 14:17:50,1,-1,3693.25,19079
2022-10-03 14:17:51,6,0,3693.5,19079
2022-10-03 14:17:53,52,16,3693.5,19095
2022-10-03 14:17:54,6,5,3693.75,19100
2022-10-03 14:17:56,6,4,3693.75,19104
2022-10-03 14:17:57,113,67,3694.0,19171
2022-10-03 14:17:58,2,2,3694.0,19173
2022-10-03 14:17:59,98,41,3694.25,19214
2022-10-03 14:18:00,62,-25,3694.25,19189
2022-10-03 14:18:01,17,4,3694.25,19193
2022-10-03 14:18:02,143,15,3694.5,19208
2022-10-03 14:18:03,24,12,3694.25,19220
2022-10-03 14:18:04,3,3,3694.25,19223
2022-10-03 14:18:05,76,-4,3694.25,19219
2022-10-03 14:18:06,39,-17,3694.25,19202
2022-10-03 14:18:07,32,22,3694.25,19224
2022-10-03 14:18:08,33,-13,3694.25,19211
2022-10-03 14:18:09,17,-15,3694.0,19196
2022-10-03 14:18:10,51,6,3694.25,19202
2022-10-03 14:18:11,33,1,3694.25,19203
2022-10-03 14:18:12,40,-7,3694.25,19196
2022-10-03 14:18:13,54,-11,3694.0,19185
2022-10-03 14:18:14,85,11,3694.25,19196
2022-10-03 14:18:15,62,-12,3694.0,19184
2022-10-03 14:18:16,38,-17,3694.0,19167
2022-10-03 14:18:17,52,-7,3694.0,19160
2022-10-03 14:18:18,58,-39,3694.0,19121
2022-10-03 14:18:19,63,-2,3694.25,19119
2022-10-03 14:18:20,95,2,3694.25,19121
2022-10-03 14:18:21,46,-21,3694.0,19100
2022-10-03 14:18:22,4,-2,3694.25,19098
2022-10-03 14:18:23,9,2,3694.25,19100
2022-10-03 14:18:24,372,-50,3694.25,19050
2022-10-03 14:18:25,1,-1,3694.0,19049
2022-10-03 14:18:26,31,-14,3694.25,19035
2022-10-03 14:18:27,5,0,3694.25,19035
2022-10-03 14:18:28,79,37,3694.25,19072
2022-10-03 14:18:29,22,-8,3694.25,19064
2022-10-03 14:18:30,365,-156,3694.0,18908
2022-10-03 14:18:31,64,39,3694.0,18947
2022-10-03 14:18:32,44,2,3694.0,18949
2022-10-03 14:18:33,5,-2,3694.0,18947
2022-10-03 14:18:34,237,74,3694.75,19021
2022-10-03 14:18:35,19,8,3694.5,19029
2022-10-03 14:18:36,25,-4,3694.5,19025
2022-10-03 14:18:37,194,-9,3694.75,19016
2022-10-03 14:18:38,71,6,3694.5,19022
2022-10-03 14:18:39,21,-14,3694.25,19008
2022-10-03 14:18:40,2,2,3694.0,19010
2022-10-03 14:18:41,82,-33,3694.0,18977
2022-10-03 14:18:42,31,-13,3693.75,18964
2022-10-03 14:18:43,35,-19,3693.25,18945
2022-10-03 14:18:44,8,-6,3693.0,18939
2022-10-03 14:18:45,76,-19,3693.25,18920
2022-10-03 14:18:46,90,-33,3693.25,18887
2022-10-03 14:18:47,68,10,3693.25,18897
2022-10-03 14:18:48,68,-43,3693.25,18854
2022-10-03 14:18:49,27,-2,3693.25,18852
2022-10-03 14:18:50,54,-12,3693.0,18840
2022-10-03 14:18:51,51,11,3693.25,18851
2022-10-03 14:18:52,64,-29,3693.0,18822
2022-10-03 14:18:53,12,-8,3693.25,18814
2022-10-03 14:18:54,72,21,3693.25,18835
2022-10-03 14:18:55,5,-5,3693.0,18830
2022-10-03 14:18:56,27,10,3693.25,18840
2022-10-03 14:18:57,5,-5,3693.25,18835
2022-10-03 14:18:58,34,9,3693.75,18844
2022-10-03 14:18:59,47,8,3693.75,18852
2022-10-03 14:19:00,12,6,3693.5,18858
2022-10-03 14:19:01,12,-7,3693.75,18851
2022-10-03 14:19:03,91,53,3693.75,18904
2022-10-03 14:19:04,52,-12,3693.5,18892
2022-10-03 14:19:05,43,-16,3693.0,18876
2022-10-03 14:19:06,24,-15,3693.25,18861
2022-10-03 14:19:07,18,-18,3693.0,18843
2022-10-03 14:19:08,30,-30,3692.75,18813
2022-10-03 14:19:09,116,-6,3692.5,18807
2022-10-03 14:19:10,11,-5,3692.75,18802
2022-10-03 14:19:11,149,36,3693.0,18838
2022-10-03 14:19:12,66,-16,3692.75,18822
2022-10-03 14:19:13,29,-13,3692.5,18809
2022-10-03 14:19:14,29,10,3692.5,18819
2022-10-03 14:19:15,78,-11,3692.75,18808
2022-10-03 14:19:16,5,-3,3692.5,18805
2022-10-03 14:19:17,5,-2,3692.5,18803
2022-10-03 14:19:18,157,-66,3692.75,18737
2022-10-03 14:19:19,26,14,3693.0,18751
2022-10-03 14:19:20,73,30,3693.25,18781
2022-10-03 14:19:22,5,-3,3693.25,18778
2022-10-03 14:19:23,33,-10,3693.0,18768
2022-10-03 14:19:24,4,-3,3692.75,18765
2022-10-03 14:19:25,79,-9,3692.75,18756
2022-10-03 14:19:26,31,1,3692.75,18757
2022-10-03 14:19:27,19,-2,3692.75,18755
2022-10-03 14:19:28,86,-26,3693.25,18729
2022-10-03 14:19:29,33,-13,3693.25,18716
2022-10-03 14:19:30,31,18,3693.25,18734
2022-10-03 14:19:31,117,10,3693.5,18744
2022-10-03 14:19:32,41,-20,3693.75,18724
2022-10-03 14:19:33,66,31,3694.0,18755
2022-10-03 14:19:34,73,-4,3693.5,18751
2022-10-03 14:19:35,38,-8,3693.5,18743
2022-10-03 14:19:36,7,2,3693.5,18745
2022-10-03 14:19:37,38,-5,3693.5,18740
2022-10-03 14:19:38,10,-4,3693.25,18736
2022-10-03 14:19:39,14,5,3693.25,18741
2022-10-03 14:19:40,3,-3,3693.25,18738
2022-10-03 14:19:42,1,-1,3693.25,18737
2022-10-03 14:19:43,16,4,3693.5,18741
2022-10-03 14:19:44,24,17,3693.5,18758
2022-10-03 14:19:45,2,2,3693.75,18760
2022-10-03 14:19:46,30,-7,3693.5,18753
2022-10-03 14:19:47,2,1,3693.5,18754
2022-10-03 14:19:48,13,5,3693.5,18759
2022-10-03 14:19:49,31,-7,3693.75,18752
2022-10-03 14:19:50,16,10,3693.75,18762
2022-10-03 14:19:51,2,0,3694.0,18762
2022-10-03 14:19:52,41,-2,3693.75,18760
2022-10-03 14:19:53,11,-5,3693.75,18755
2022-10-03 14:19:54,47,21,3694.0,18776
2022-10-03 14:19:55,28,-2,3694.0,18774
2022-10-03 14:19:56,69,11,3694.0,18785
2022-10-03 14:19:57,177,-114,3694.0,18671
2022-10-03 14:19:58,23,1,3693.75,18672
2022-10-03 14:19:59,60,-5,3693.75,18667
2022-10-03 14:20:00,63,2,3694.25,18669
2022-10-03 14:20:01,11,-3,3694.0,18666
2022-10-03 14:20:02,11,7,3694.0,18673
2022-10-03 14:20:03,25,6,3694.0,18679
2022-10-03 14:20:04,50,-3,3694.0,18676
2022-10-03 14:20:05,1,-1,3693.75,18675
2022-10-03 14:20:06,51,25,3694.25,18700
2022-10-03 14:20:07,11,-4,3694.0,18696
2022-10-03 14:20:08,2,2,3694.25,18698
2022-10-03 14:20:09,91,-13,3694.25,18685
2022-10-03 14:20:10,26,-1,3694.0,18684
2022-10-03 14:20:11,87,36,3694.25,18720
2022-10-03 14:20:12,23,-1,3694.25,18719
2022-10-03 14:20:13,40,12,3694.25,18731
2022-10-03 14:20:14,81,48,3694.75,18779
2022-10-03 14:20:15,6,6,3694.5,18785
2022-10-03 14:20:16,7,6,3694.5,18791
2022-10-03 14:20:17,56,9,3694.5,18800
2022-10-03 14:20:18,62,-11,3694.5,18789
2022-10-03 14:20:19,5,5,3694.5,18794
2022-10-03 14:20:20,3,1,3694.5,18795
2022-10-03 14:20:21,57,7,3694.75,18802
2022-10-03 14:20:22,5,0,3694.75,18802
2022-10-03 14:20:23,77,1,3694.5,18803
2022-10-03 14:20:24,9,-1,3694.5,18802
2022-10-03 14:20:25,5,4,3694.5,18806
2022-10-03 14:20:26,53,-5,3694.25,18801
2022-10-03 14:20:27,2,0,3694.5,18801
2022-10-03 14:20:28,5,-1,3694.25,18800
2022-10-03 14:20:29,80,-9,3694.25,18791
2022-10-03 14:20:30,19,-6,3694.5,18785
2022-10-03 14:20:31,41,-3,3694.0,18782
2022-10-03 14:20:32,10,2,3694.25,18784
2022-10-03 14:20:33,37,6,3694.5,18790
2022-10-03 14:20:34,10,-8,3694.25,18782
2022-10-03 14:20:35,10,3,3694.0,18785
2022-10-03 14:20:36,11,-7,3694.25,18778
2022-10-03 14:20:37,30,9,3694.0,18787
2022-10-03 14:20:38,50,-2,3694.25,18785
2022-10-03 14:20:39,19,2,3694.0,18787
2022-10-03 14:20:40,38,-6,3694.25,18781
2022-10-03 14:20:41,28,-21,3694.25,18760
2022-10-03 14:20:42,2,1,3694.0,18761
2022-10-03 14:20:43,41,-3,3693.75,18758
2022-10-03 14:20:44,2,1,3694.0,18759
2022-10-03 14:20:45,3,-1,3694.0,18758
2022-10-03 14:20:46,1,-1,3693.75,18757
2022-10-03 14:20:47,1,-1,3693.75,18756
2022-10-03 14:20:48,128,28,3694.0,18784
2022-10-03 14:20:49,8,1,3694.25,18785
2022-10-03 14:20:50,13,-10,3694.25,18775
2022-10-03 14:20:51,12,7,3694.0,18782
2022-10-03 14:20:53,11,-5,3694.0,18777
2022-10-03 14:20:54,78,38,3694.5,18815
2022-10-03 14:20:55,3,0,3694.5,18815
2022-10-03 14:20:56,30,-22,3694.25,18793
2022-10-03 14:20:57,1,1,3694.5,18794
2022-10-03 14:20:58,17,14,3694.75,18808
2022-10-03 14:20:59,70,-10,3694.75,18798
2022-10-03 14:21:00,24,12,3694.75,18810
2022-10-03 14:21:01,1114,476,3696.0,19286
2022-10-03 14:21:02,142,-18,3695.25,19268
2022-10-03 14:21:03,96,-36,3695.25,19232
2022-10-03 14:21:04,4,2,3695.0,19234
2022-10-03 14:21:05,39,18,3695.25,19252
2022-10-03 14:21:06,22,-3,3695.25,19249
2022-10-03 14:21:07,4,1,3695.25,19250
2022-10-03 14:21:08,77,-14,3695.25,19236
2022-10-03 14:21:09,24,14,3695.0,19250
2022-10-03 14:21:10,63,-4,3695.0,19246
2022-10-03 14:21:11,13,5,3695.0,19251
2022-10-03 14:21:12,3,1,3695.25,19252
2022-10-03 14:21:13,87,15,3695.5,19267
2022-10-03 14:21:14,27,14,3695.5,19281
2022-10-03 14:21:15,70,-3,3695.5,19278
2022-10-03 14:21:16,99,-8,3695.75,19270
2022-10-03 14:21:17,68,18,3695.75,19288
2022-10-03 14:21:18,66,-7,3695.5,19281
2022-10-03 14:21:19,12,-5,3695.5,19276
2022-10-03 14:21:20,2,0,3695.5,19276
2022-10-03 14:21:21,104,-10,3695.25,19266
2022-10-03 14:21:22,158,16,3695.0,19282
2022-10-03 14:21:23,80,10,3695.25,19292
2022-10-03 14:21:24,44,-9,3695.0,19283
2022-10-03 14:21:25,42,-5,3695.0,19278
2022-10-03 14:21:26,24,-10,3695.25,19268
2022-10-03 14:21:27,32,10,3695.25,19278
2022-10-03 14:21:28,38,4,3695.25,19282
2022-10-03 14:21:29,40,0,3695.5,19282
2022-10-03 14:21:30,39,-7,3695.25,19275
2022-10-03 14:21:31,85,6,3695.25,19281
2022-10-03 14:21:32,88,13,3695.25,19294
2022-10-03 14:21:33,14,0,3695.25,19294
2022-10-03 14:21:34,43,-3,3695.25,19291
2022-10-03 14:21:35,64,-8,3695.25,19283
2022-10-03 14:21:36,61,-3,3695.25,19280
2022-10-03 14:21:37,44,27,3695.5,19307
2022-10-03 14:21:38,81,-32,3695.5,19275
2022-10-03 14:21:39,24,-12,3695.0,19263
2022-10-03 14:21:40,45,-29,3694.75,19234
2022-10-03 14:21:41,113,-2,3694.5,19232
2022-10-03 14:21:42,7,6,3694.5,19238
2022-10-03 14:21:43,11,-9,3694.5,19229
2022-10-03 14:21:44,51,-17,3694.25,19212
2022-10-03 14:21:45,48,-5,3694.5,19207
2022-10-03 14:21:46,84,10,3694.5,19217
2022-10-03 14:21:47,40,18,3694.5,19235
2022-10-03 14:21:48,33,-2,3694.5,19233
2022-10-03 14:21:49,29,11,3694.5,19244
2022-10-03 14:21:50,3,-3,3694.5,19241
2022-10-03 14:21:51,65,18,3694.75,19259
2022-10-03 14:21:52,24,11,3694.75,19270
2022-10-03 14:21:53,11,8,3694.75,19278
2022-10-03 14:21:54,6,-5,3694.5,19273
2022-10-03 14:21:55,16,4,3695.0,19277
2022-10-03 14:21:56,9,5,3695.0,19282
2022-10-03 14:21:57,3,0,3695.0,19282
2022-10-03 14:21:59,121,33,3695.25,19315
2022-10-03 14:22:00,41,2,3695.25,19317
2022-10-03 14:22:01,2,0,3695.25,19317
2022-10-03 14:22:02,75,16,3695.25,19333
2022-10-03 14:22:03,43,-1,3695.5,19332
2022-10-03 14:22:04,10,8,3695.5,19340
2022-10-03 14:22:05,131,1,3695.5,19341
2022-10-03 14:22:06,2,0,3695.25,19341
2022-10-03 14:22:07,42,-1,3695.5,19340
2022-10-03 14:22:08,51,-22,3695.5,19318
2022-10-03 14:22:09,1,-1,3695.0,19317
2022-10-03 14:22:10,42,0,3695.25,19317
2022-10-03 14:22:11,44,0,3695.25,19317
2022-10-03 14:22:12,95,13,3695.5,19330
2022-10-03 14:22:13,41,-11,3695.5,19319
2022-10-03 14:22:14,27,9,3695.5,19328
2022-10-03 14:22:15,7,2,3695.25,19330
2022-10-03 14:22:16,229,-54,3695.25,19276
2022-10-03 14:22:17,147,-70,3695.0,19206
2022-10-03 14:22:18,3,-3,3694.5,19203
2022-10-03 14:22:19,2,-2,3694.5,19201
2022-10-03 14:22:20,14,-11,3694.5,19190
2022-10-03 14:22:21,222,-4,3694.75,19186
2022-10-03 14:22:22,44,27,3694.75,19213
2022-10-03 14:22:23,3,-2,3694.5,19211
2022-10-03 14:22:24,29,-11,3694.5,19200
2022-10-03 14:22:25,16,8,3694.5,19208
2022-10-03 14:22:26,35,18,3694.5,19226
2022-10-03 14:22:27,1,-1,3694.5,19225
2022-10-03 14:22:28,55,17,3694.75,19242
2022-10-03 14:22:29,25,-15,3694.75,19227
2022-10-03 14:22:30,50,4,3695.0,19231
2022-10-03 14:22:32,21,-11,3694.75,19220
2022-10-03 14:22:33,11,-9,3694.5,19211
2022-10-03 14:22:34,32,11,3694.5,19222
2022-10-03 14:22:35,20,8,3694.5,19230
2022-10-03 14:22:37,69,20,3695.0,19250
2022-10-03 14:22:39,120,12,3695.0,19262
2022-10-03 14:22:40,44,-10,3695.0,19252
2022-10-03 14:22:41,1,1,3695.0,19253
2022-10-03 14:22:44,67,-29,3695.0,19224
2022-10-03 14:22:45,22,-4,3694.75,19220
2022-10-03 14:22:46,1,1,3695.0,19221
2022-10-03 14:22:47,47,-24,3695.0,19197
2022-10-03 14:22:48,6,2,3694.75,19199
2022-10-03 14:22:50,79,-12,3694.5,19187
2022-10-03 14:22:51,16,11,3694.75,19198
2022-10-03 14:22:52,3,-3,3694.5,19195
2022-10-03 14:22:53,127,26,3695.0,19221
2022-10-03 14:22:54,2,-2,3694.75,19219
2022-10-03 14:22:55,31,12,3695.25,19231
2022-10-03 14:22:56,22,16,3695.25,19247
2022-10-03 14:22:57,173,24,3695.75,19271
2022-10-03 14:22:58,40,-1,3695.75,19270
2022-10-03 14:22:59,18,3,3695.5,19273
2022-10-03 14:23:00,15,0,3695.5,19273
2022-10-03 14:23:02,4,4,3695.5,19277
2022-10-03 14:23:03,69,-18,3695.5,19259
2022-10-03 14:23:04,2,2,3695.5,19261
2022-10-03 14:23:05,14,-5,3695.5,19256
2022-10-03 14:23:06,106,61,3696.0,19317
2022-10-03 14:23:07,58,10,3696.0,19327
2022-10-03 14:23:08,133,32,3696.25,19359
2022-10-03 14:23:09,78,8,3696.0,19367
2022-10-03 14:23:10,40,13,3696.25,19380
2022-10-03 14:23:11,91,9,3696.0,19389
2022-10-03 14:23:12,57,4,3695.75,19393
2022-10-03 14:23:13,18,-2,3695.75,19391
2022-10-03 14:23:14,28,-14,3695.75,19377
2022-10-03 14:23:15,14,12,3695.75,19389
2022-10-03 14:23:16,22,1,3695.75,19390
2022-10-03 14:23:17,6,-5,3695.75,19385
2022-10-03 14:23:18,54,14,3695.75,19399
2022-10-03 14:23:19,6,-1,3695.75,19398
2022-10-03 14:23:20,44,-2,3695.75,19396
2022-10-03 14:23:21,1,1,3695.5,19397
2022-10-03 14:23:22,11,8,3695.5,19405
2022-10-03 14:23:23,5,-3,3695.5,19402
2022-10-03 14:23:24,73,-17,3695.25,19385
2022-10-03 14:23:25,28,-5,3695.0,19380
2022-10-03 14:23:26,11,4,3695.25,19384
2022-10-03 14:23:27,37,-6,3695.0,19378
2022-10-03 14:23:28,50,-9,3695.0,19369
2022-10-03 14:23:29,31,-2,3695.25,19367
2022-10-03 14:23:30,55,22,3695.25,19389
2022-10-03 14:23:31,10,0,3695.25,19389
2022-10-03 14:23:32,247,43,3695.75,19432
2022-10-03 14:23:33,2,2,3695.5,19434
2022-10-03 14:23:34,60,32,3696.0,19466
2022-10-03 14:23:35,3,-3,3695.75,19463
2022-10-03 14:23:36,139,40,3696.25,19503
2022-10-03 14:23:37,4,3,3696.25,19506
2022-10-03 14:23:38,6,-4,3696.25,19502
2022-10-03 14:23:39,3,-2,3696.0,19500
2022-10-03 14:23:40,3,-1,3696.25,19499
2022-10-03 14:23:41,7,6,3696.25,19505
2022-10-03 14:23:42,6,-4,3696.25,19501
2022-10-03 14:23:43,155,63,3696.5,19564
2022-10-03 14:23:44,52,-10,3696.5,19554
2022-10-03 14:23:45,48,14,3696.5,19568
2022-10-03 14:23:46,236,76,3697.0,19644
2022-10-03 14:23:47,124,80,3697.25,19724
2022-10-03 14:23:48,111,-42,3697.25,19682
2022-10-03 14:23:49,58,17,3697.25,19699
2022-10-03 14:23:50,33,5,3697.25,19704
2022-10-03 14:23:51,12,1,3697.25,19705
2022-10-03 14:23:52,14,9,3697.25,19714
2022-10-03 14:23:53,205,15,3697.25,19729
2022-10-03 14:23:54,8,-2,3697.25,19727
2022-10-03 14:23:55,8,-2,3697.25,19725
2022-10-03 14:23:56,29,19,3697.5,19744
2022-10-03 14:23:57,6,-2,3697.5,19742
2022-10-03 14:23:58,18,4,3697.5,19746
2022-10-03 14:24:00,16,-11,3697.5,19735
2022-10-03 14:24:01,259,31,3697.75,19766
2022-10-03 14:24:02,42,23,3697.75,19789
2022-10-03 14:24:03,49,11,3697.75,19800
2022-10-03 14:24:04,132,-11,3697.75,19789
2022-10-03 14:24:05,15,0,3697.75,19789
2022-10-03 14:24:06,103,-23,3697.5,19766
2022-10-03 14:24:07,79,17,3697.5,19783
2022-10-03 14:24:08,104,-3,3697.5,19780
2022-10-03 14:24:09,52,-4,3697.25,19776
2022-10-03 14:24:10,46,-15,3697.5,19761
2022-10-03 14:24:11,46,-28,3697.25,19733
2022-10-03 14:24:12,66,-22,3697.0,19711
2022-10-03 14:24:13,64,6,3697.0,19717
2022-10-03 14:24:14,23,-4,3697.0,19713
2022-10-03 14:24:15,6,-2,3696.75,19711
2022-10-03 14:24:16,41,7,3697.0,19718
2022-10-03 14:24:17,40,-22,3696.5,19696
2022-10-03 14:24:18,58,21,3696.5,19717
2022-10-03 14:24:19,25,-2,3696.5,19715
2022-10-03 14:24:20,47,-2,3696.5,19713
2022-10-03 14:24:21,114,-60,3696.5,19653
2022-10-03 14:24:22,11,-6,3696.0,19647
2022-10-03 14:24:23,28,-11,3696.25,19636
2022-10-03 14:24:24,59,5,3696.0,19641
2022-10-03 14:24:25,59,-14,3696.0,19627
2022-10-03 14:24:26,38,6,3696.0,19633
2022-10-03 14:24:27,164,-153,3696.0,19480
2022-10-03 14:24:28,43,-20,3695.75,19460
2022-10-03 14:24:29,85,10,3695.5,19470
2022-10-03 14:24:30,57,-12,3695.5,19458
2022-10-03 14:24:31,8,-4,3695.5,19454
2022-10-03 14:24:32,15,9,3695.5,19463
2022-10-03 14:24:33,39,-9,3695.5,19454
2022-10-03 14:24:34,23,8,3695.5,19462
2022-10-03 14:24:35,8,-3,3695.5,19459
2022-10-03 14:24:36,138,-23,3695.25,19436
2022-10-03 14:24:37,66,16,3695.25,19452
2022-10-03 14:24:38,17,3,3695.5,19455
2022-10-03 14:24:39,13,6,3695.5,19461
2022-10-03 14:24:40,60,-4,3695.5,19457
2022-10-03 14:24:41,10,-1,3695.5,19456
2022-10-03 14:24:42,31,22,3695.5,19478
2022-10-03 14:24:43,129,19,3695.75,19497
2022-10-03 14:24:44,49,13,3695.75,19510
2022-10-03 14:24:45,18,-2,3695.75,19508
2022-10-03 14:24:46,10,-8,3695.5,19500
2022-10-03 14:24:47,35,-6,3695.75,19494
2022-10-03 14:24:48,6,2,3695.5,19496
2022-10-03 14:24:50,62,-8,3695.5,19488
2022-10-03 14:24:51,19,-6,3695.25,19482
2022-10-03 14:24:52,26,0,3695.5,19482
2022-10-03 14:24:53,27,-9,3695.5,19473
2022-10-03 14:24:54,55,12,3695.5,19485
2022-10-03 14:24:55,80,7,3695.5,19492
2022-10-03 14:24:56,74,11,3695.75,19503
2022-10-03 14:24:57,11,2,3695.75,19505
2022-10-03 14:24:58,87,31,3696.0,19536
2022-10-03 14:24:59,72,7,3696.25,19543
2022-10-03 14:25:00,1,-1,3696.0,19542
2022-10-03 14:25:01,15,8,3696.25,19550
2022-10-03 14:25:02,77,8,3696.25,19558
2022-10-03 14:25:03,8,-6,3696.25,19552
2022-10-03 14:25:04,7,-2,3696.25,19550
2022-10-03 14:25:05,61,-4,3696.25,19546
2022-10-03 14:25:06,22,-1,3696.25,19545
2022-10-03 14:25:07,2,0,3696.25,19545
2022-10-03 14:25:08,25,-14,3696.0,19531
2022-10-03 14:25:09,2,2,3695.75,19533
2022-10-03 14:25:10,22,13,3695.75,19546
2022-10-03 14:25:11,57,-16,3695.5,19530
2022-10-03 14:25:12,26,7,3695.75,19537
2022-10-03 14:25:13,26,-21,3695.5,19516
2022-10-03 14:25:14,3,1,3695.75,19517
2022-10-03 14:25:15,27,-15,3695.5,19502
2022-10-03 14:25:16,23,-11,3695.5,19491
2022-10-03 14:25:17,23,-12,3695.25,19479
2022-10-03 14:25:18,62,-24,3695.0,19455
2022-10-03 14:25:19,39,20,3695.25,19475
2022-10-03 14:25:20,2,-2,3695.0,19473
2022-10-03 14:25:21,48,4,3695.0,19477
2022-10-03 14:25:22,24,-11,3695.0,19466
2022-10-03 14:25:23,1,1,3695.25,19467
2022-10-03 14:25:24,53,13,3695.25,19480
2022-10-03 14:25:25,30,-3,3695.0,19477
2022-10-03 14:25:26,83,-30,3695.0,19447
2022-10-03 14:25:27,46,7,3694.75,19454
2022-10-03 14:25:28,37,9,3695.25,19463
2022-10-03 14:25:29,3,0,3695.25,19463
2022-10-03 14:25:30,43,27,3695.5,19490
2022-10-03 14:25:31,76,19,3695.5,19509
2022-10-03 14:25:32,39,-17,3695.5,19492
2022-10-03 14:25:33,38,9,3695.75,19501
2022-10-03 14:25:34,69,1,3695.75,19502
2022-10-03 14:25:35,2,-2,3695.75,19500
2022-10-03 14:25:37,96,-18,3696.0,19482
2022-10-03 14:25:38,117,-52,3695.5,19430
2022-10-03 14:25:39,19,10,3695.5,19440
2022-10-03 14:25:40,16,8,3695.5,19448
2022-10-03 14:25:41,48,0,3695.5,19448
2022-10-03 14:25:42,18,0,3695.5,19448
2022-10-03 14:25:43,30,4,3695.25,19452
2022-10-03 14:25:44,23,-7,3695.25,19445
2022-10-03 14:25:45,18,5,3695.25,19450
2022-10-03 14:25:46,14,-8,3695.25,19442
2022-10-03 14:25:47,44,-3,3695.0,19439
2022-10-03 14:25:48,15,9,3695.0,19448
2022-10-03 14:25:49,2,0,3695.25,19448
2022-10-03 14:25:50,204,-63,3695.5,19385
2022-10-03 14:25:51,31,-16,3695.25,19369
2022-10-03 14:25:52,26,-6,3695.0,19363
2022-10-03 14:25:53,1,1,3695.25,19364
2022-10-03 14:25:54,36,-2,3695.25,19362
2022-10-03 14:25:55,9,1,3695.25,19363
2022-10-03 14:25:56,6,0,3695.0,19363
2022-10-03 14:25:57,88,11,3695.25,19374
2022-10-03 14:25:58,47,6,3695.25,19380
2022-10-03 14:25:59,51,-4,3695.25,19376
2022-10-03 14:26:00,23,10,3695.25,19386
2022-10-03 14:26:01,1,1,3695.25,19387
2022-10-03 14:26:02,1,-1,3695.0,19386
2022-10-03 14:26:04,21,16,3695.5,19402
2022-10-03 14:26:05,4,4,3695.5,19406
2022-10-03 14:26:06,1,1,3695.5,19407
2022-10-03 14:26:07,80,7,3695.75,19414
2022-10-03 14:26:08,28,-2,3695.75,19412
2022-10-03 14:26:09,10,1,3695.75,19413
2022-10-03 14:26:10,2,-2,3695.5,19411
2022-10-03 14:26:11,8,2,3695.75,19413
2022-10-03 14:26:12,58,-4,3695.5,19409
2022-10-03 14:26:13,13,0,3695.75,19409
2022-10-03 14:26:14,1,1,3695.75,19410
2022-10-03 14:26:15,42,7,3695.5,19417
2022-10-03 14:26:16,26,-3,3695.5,19414
2022-10-03 14:26:17,34,-9,3695.25,19405
2022-10-03 14:26:18,17,4,3695.5,19409
2022-10-03 14:26:20,29,-8,3695.25,19401
2022-10-03 14:26:21,12,9,3695.25,19410
2022-10-03 14:26:22,24,2,3695.25,19412
2022-10-03 14:26:23,8,-2,3695.25,19410
2022-10-03 14:26:24,8,-6,3695.0,19404
2022-10-03 14:26:25,61,-11,3694.75,19393
2022-10-03 14:26:26,23,4,3694.75,19397
2022-10-03 14:26:27,54,-8,3694.75,19389
2022-10-03 14:26:28,36,16,3694.75,19405
2022-10-03 14:26:29,41,-3,3694.75,19402
2022-10-03 14:26:30,8,-6,3694.75,19396
2022-10-03 14:26:31,9,-5,3694.75,19391
2022-10-03 14:26:32,4,-2,3694.75,19389
2022-10-03 14:26:33,64,29,3695.0,19418
2022-10-03 14:26:34,52,6,3695.0,19424
2022-10-03 14:26:36,109,-50,3694.75,19374
2022-10-03 14:26:37,5,-4,3694.25,19370
2022-10-03 14:26:38,121,10,3694.5,19380
2022-10-03 14:26:39,5,-3,3694.5,19377
2022-10-03 14:26:40,33,2,3694.5,19379
2022-10-03 14:26:41,15,3,3694.5,19382
2022-10-03 14:26:42,35,-9,3694.25,19373
2022-10-03 14:26:43,126,-8,3694.25,19365
2022-10-03 14:26:44,125,59,3694.5,19424
2022-10-03 14:26:45,5,2,3694.5,19426
2022-10-03 14:26:46,52,14,3694.75,19440
2022-10-03 14:26:47,16,9,3694.75,19449
2022-10-03 14:26:48,57,6,3695.0,19455
2022-10-03 14:26:49,15,3,3695.0,19458
2022-10-03 14:26:50,25,-3,3695.0,19455
2022-10-03 14:26:51,19,5,3694.5,19460
2022-10-03 14:26:52,3,1,3694.75,19461
2022-10-03 14:26:53,29,4,3694.75,19465
2022-10-03 14:26:54,64,-22,3694.75,19443
2022-10-03 14:26:55,27,12,3694.75,19455
2022-10-03 14:26:56,18,6,3694.5,19461
2022-10-03 14:26:57,13,-5,3694.5,19456
2022-10-03 14:26:58,27,8,3694.75,19464
2022-10-03 14:26:59,21,-13,3694.75,19451
2022-10-03 14:27:00,92,7,3694.75,19458
2022-10-03 14:27:01,1,-1,3694.5,19457
2022-10-03 14:27:02,4,-1,3694.5,19456
2022-10-03 14:27:03,25,4,3695.0,19460
2022-10-03 14:27:04,1,1,3694.75,19461
2022-10-03 14:27:05,34,6,3694.75,19467
2022-10-03 14:27:06,28,10,3694.75,19477
2022-10-03 14:27:07,26,-20,3694.75,19457
2022-10-03 14:27:08,6,-1,3695.0,19456
2022-10-03 14:27:09,61,28,3695.0,19484
2022-10-03 14:27:10,52,-13,3695.0,19471
2022-10-03 14:27:11,1,1,3695.0,19472
2022-10-03 14:27:12,25,2,3695.0,19474
2022-10-03 14:27:13,17,2,3695.0,19476
2022-10-03 14:27:14,3,2,3694.75,19478
2022-10-03 14:27:15,1,1,3694.75,19479
2022-10-03 14:27:16,58,-1,3694.75,19478
2022-10-03 14:27:17,3,0,3694.75,19478
2022-10-03 14:27:18,67,14,3694.75,19492
2022-10-03 14:27:19,33,2,3695.0,19494
2022-10-03 14:27:20,41,-1,3695.0,19493
2022-10-03 14:27:21,42,20,3695.0,19513
2022-10-03 14:27:22,8,6,3695.0,19519
2022-10-03 14:27:23,11,-8,3694.75,19511
2022-10-03 14:27:24,10,7,3694.75,19518
2022-10-03 14:27:25,64,-16,3694.75,19502
2022-10-03 14:27:26,12,-6,3694.5,19496
2022-10-03 14:27:27,2,2,3694.5,19498
2022-10-03 14:27:28,35,11,3694.75,19509
2022-10-03 14:27:29,39,3,3694.75,19512
2022-10-03 14:27:30,7,-3,3694.75,19509
2022-10-03 14:27:31,2,2,3694.75,19511
2022-10-03 14:27:32,70,3,3694.75,19514
2022-10-03 14:27:33,24,1,3695.0,19515
2022-10-03 14:27:35,8,-1,3695.0,19514
2022-10-03 14:27:36,1,1,3695.0,19515
2022-10-03 14:27:38,288,86,3695.5,19601
2022-10-03 14:27:39,8,2,3695.5,19603
2022-10-03 14:27:40,4,0,3695.5,19603
2022-10-03 14:27:41,34,32,3695.5,19635
2022-10-03 14:27:42,2,-2,3695.25,19633
2022-10-03 14:27:43,9,6,3695.5,19639
2022-10-03 14:27:44,151,-12,3695.5,19627
2022-10-03 14:27:45,16,12,3695.75,19639
2022-10-03 14:27:46,5,5,3695.75,19644
2022-10-03 14:27:47,2,2,3695.75,19646
2022-10-03 14:27:48,66,26,3696.0,19672
2022-10-03 14:27:49,39,-4,3696.0,19668
2022-10-03 14:27:50,5,5,3696.0,19673
2022-10-03 14:27:51,27,22,3696.0,19695
2022-10-03 14:27:52,72,40,3696.5,19735
2022-10-03 14:27:53,6,6,3696.5,19741
2022-10-03 14:27:54,83,23,3696.5,19764
2022-10-03 14:27:55,14,2,3696.75,19766
2022-10-03 14:27:56,14,6,3696.75,19772
2022-10-03 14:27:57,134,-4,3696.75,19768
2022-10-03 14:27:58,153,81,3697.25,19849
2022-10-03 14:27:59,141,20,3697.75,19869
2022-10-03 14:28:00,27,2,3697.5,19871
2022-10-03 14:28:01,55,27,3697.5,19898
2022-10-03 14:28:02,221,24,3697.5,19922
2022-10-03 14:28:03,240,-35,3697.25,19887
2022-10-03 14:28:04,174,14,3697.5,19901
2022-10-03 14:28:05,81,-2,3697.5,19899
2022-10-03 14:28:06,29,20,3697.75,19919
2022-10-03 14:28:07,35,27,3697.75,19946
2022-10-03 14:28:08,470,86,3698.5,20032
2022-10-03 14:28:09,140,78,3698.25,20110
2022-10-03 14:28:10,153,13,3698.5,20123
2022-10-03 14:28:11,1747,770,3700.0,20893
2022-10-03 14:28:12,413,108,3700.75,21001
2022-10-03 14:28:13,349,-9,3700.75,20992
2022-10-03 14:28:14,204,48,3700.75,21040
2022-10-03 14:28:15,123,-10,3700.75,21030
2022-10-03 14:28:16,373,213,3701.25,21243
2022-10-03 14:28:17,315,25,3701.25,21268
2022-10-03 14:28:18,151,-17,3701.25,21251
2022-10-03 14:28:19,206,-19,3701.25,21232
2022-10-03 14:28:20,160,36,3701.0,21268
2022-10-03 14:28:21,218,72,3701.25,21340
2022-10-03 14:28:22,156,-9,3701.0,21331
2022-10-03 14:28:23,43,-9,3700.75,21322
2022-10-03 14:28:24,150,-36,3700.75,21286
2022-10-03 14:28:25,73,-1,3700.5,21285
2022-10-03 14:28:26,255,-39,3700.5,21246
2022-10-03 14:28:27,128,1,3700.5,21247
2022-10-03 14:28:28,55,-9,3700.5,21238
2022-10-03 14:28:29,88,13,3700.25,21251
2022-10-03 14:28:30,84,-17,3700.0,21234
2022-10-03 14:28:31,94,33,3700.25,21267
2022-10-03 14:28:32,121,-24,3700.25,21243
2022-10-03 14:28:33,45,1,3700.25,21244
2022-10-03 14:28:34,8,-1,3700.0,21243
2022-10-03 14:28:35,190,-57,3700.0,21186
2022-10-03 14:28:36,18,-11,3699.75,21175
2022-10-03 14:28:37,83,-15,3700.0,21160
2022-10-03 14:28:38,42,3,3699.75,21163
2022-10-03 14:28:39,91,43,3700.25,21206
2022-10-03 14:28:40,68,22,3700.25,21228
2022-10-03 14:28:41,31,-1,3700.25,21227
2022-10-03 14:28:42,69,-12,3700.0,21215
2022-10-03 14:28:43,89,-27,3699.75,21188
2022-10-03 14:28:44,82,-1,3700.0,21187
2022-10-03 14:28:45,71,9,3700.25,21196
2022-10-03 14:28:46,59,-27,3700.0,21169
2022-10-03 14:28:47,89,-6,3700.0,21163
2022-10-03 14:28:48,37,-12,3700.0,21151
2022-10-03 14:28:49,163,4,3700.25,21155
2022-10-03 14:28:50,79,2,3700.5,21157
2022-10-03 14:28:51,43,-14,3700.5,21143
2022-10-03 14:28:52,46,-17,3700.5,21126
2022-10-03 14:28:53,60,37,3700.5,21163
2022-10-03 14:28:54,24,-11,3700.5,21152
2022-10-03 14:28:55,7,-4,3700.0,21148
2022-10-03 14:28:56,199,-73,3700.0,21075
2022-10-03 14:28:57,107,16,3700.25,21091
2022-10-03 14:28:58,42,17,3700.5,21108
2022-10-03 14:28:59,8,6,3700.5,21114
2022-10-03 14:29:00,28,-10,3700.5,21104
2022-10-03 14:29:01,145,-41,3700.5,21063
2022-10-03 14:29:02,37,0,3700.0,21063
2022-10-03 14:29:03,28,-8,3699.75,21055
2022-10-03 14:29:04,46,9,3699.75,21064
2022-10-03 14:29:05,48,10,3700.0,21074
2022-10-03 14:29:06,24,-1,3700.0,21073
2022-10-03 14:29:07,21,-10,3700.0,21063
2022-10-03 14:29:08,4,-4,3699.5,21059
2022-10-03 14:29:09,80,27,3699.75,21086
2022-10-03 14:29:10,82,34,3700.0,21120
2022-10-03 14:29:11,73,1,3700.25,21121
2022-10-03 14:29:12,45,8,3700.0,21129
2022-10-03 14:29:13,32,-7,3700.0,21122
2022-10-03 14:29:14,188,22,3700.0,21144
2022-10-03 14:29:15,40,-13,3700.0,21131
2022-10-03 14:29:16,23,5,3700.25,21136
2022-10-03 14:29:17,35,-13,3700.0,21123
2022-10-03 14:29:18,54,33,3700.5,21156
2022-10-03 14:29:19,30,-9,3700.25,21147
2022-10-03 14:29:20,103,25,3700.75,21172
2022-10-03 14:29:21,38,-5,3700.5,21167
2022-10-03 14:29:22,46,-17,3700.75,21150
2022-10-03 14:29:23,15,9,3700.75,21159
2022-10-03 14:29:24,106,16,3701.25,21175
2022-10-03 14:29:25,52,7,3701.0,21182
2022-10-03 14:29:26,72,28,3701.0,21210
2022-10-03 14:29:27,31,3,3701.25,21213
2022-10-03 14:29:28,39,20,3701.25,21233
2022-10-03 14:29:29,68,25,3701.5,21258
2022-10-03 14:29:30,100,-17,3701.25,21241
2022-10-03 14:29:31,165,38,3701.25,21279
2022-10-03 14:29:32,65,-9,3701.0,21270
2022-10-03 14:29:33,21,12,3701.25,21282
2022-10-03 14:29:34,58,-6,3701.0,21276
2022-10-03 14:29:35,21,5,3701.25,21281
2022-10-03 14:29:36,44,4,3701.5,21285
2022-10-03 14:29:37,76,-20,3701.25,21265
2022-10-03 14:29:38,298,16,3701.5,21281
2022-10-03 14:29:39,69,-9,3701.25,21272
2022-10-03 14:29:40,170,-18,3701.25,21254
2022-10-03 14:29:41,38,2,3701.0,21256
2022-10-03 14:29:42,75,-8,3700.75,21248
2022-10-03 14:29:43,27,-5,3700.75,21243
2022-10-03 14:29:44,30,14,3701.0,21257
2022-10-03 14:29:45,67,12,3701.25,21269
2022-10-03 14:29:46,3,-3,3701.25,21266
2022-10-03 14:29:47,25,11,3701.25,21277
2022-10-03 14:29:48,112,15,3701.5,21292
2022-10-03 14:29:49,87,13,3701.5,21305
2022-10-03 14:29:50,99,6,3701.5,21311
2022-10-03 14:29:51,7,3,3701.25,21314
2022-10-03 14:29:52,529,332,3702.25,21646
2022-10-03 14:29:53,83,-24,3701.5,21622
2022-10-03 14:29:54,35,-16,3701.0,21606
2022-10-03 14:29:55,72,7,3701.0,21613
2022-10-03 14:29:56,36,-23,3701.0,21590
2022-10-03 14:29:57,12,-2,3700.75,21588
2022-10-03 14:29:58,67,29,3701.0,21617
2022-10-03 14:29:59,64,13,3701.0,21630
2022-10-03 14:30:00,61,6,3700.75,21636
2022-10-03 14:30:01,155,-37,3700.75,21599
2022-10-03 14:30:02,184,-1,3700.5,21598
2022-10-03 14:30:03,103,10,3700.25,21608
2022-10-03 14:30:04,66,11,3700.5,21619
2022-10-03 14:30:05,103,5,3700.5,21624
2022-10-03 14:30:06,126,-66,3700.75,21558
2022-10-03 14:30:07,62,-18,3700.5,21540
2022-10-03 14:30:08,51,-9,3700.0,21531
2022-10-03 14:30:09,128,-31,3699.75,21500
2022-10-03 14:30:10,77,-5,3700.0,21495
2022-10-03 14:30:11,60,-12,3700.25,21483
2022-10-03 14:30:12,13,-10,3700.0,21473
2022-10-03 14:30:13,69,5,3700.25,21478
2022-10-03 14:30:14,71,12,3700.75,21490
2022-10-03 14:30:15,6,1,3700.5,21491
2022-10-03 14:30:16,13,2,3700.5,21493
2022-10-03 14:30:17,32,-6,3700.5,21487
2022-10-03 14:30:18,46,26,3700.75,21513
2022-10-03 14:30:19,13,-6,3700.75,21507
2022-10-03 14:30:20,31,-5,3700.75,21502
2022-10-03 14:30:21,79,29,3701.0,21531
2022-10-03 14:30:22,20,11,3701.0,21542
2022-10-03 14:30:23,35,-1,3701.0,21541
2022-10-03 14:30:24,36,-12,3701.0,21529
2022-10-03 14:30:25,64,-1,3701.0,21528
2022-10-03 14:30:26,6,1,3701.0,21529
2022-10-03 14:30:27,65,-10,3701.0,21519
2022-10-03 14:30:28,15,-3,3700.5,21516
2022-10-03 14:30:29,71,7,3701.0,21523
2022-10-03 14:30:30,77,25,3701.25,21548
2022-10-03 14:30:31,38,-16,3701.0,21532
2022-10-03 14:30:32,67,-33,3701.0,21499
2022-10-03 14:30:33,2,1,3701.0,21500
2022-10-03 14:30:34,53,9,3701.0,21509
2022-10-03 14:30:35,60,19,3701.0,21528
2022-10-03 14:30:36,65,-8,3700.75,21520
2022-10-03 14:30:37,33,-13,3701.0,21507
2022-10-03 14:30:38,156,-12,3700.5,21495
2022-10-03 14:30:39,66,32,3700.75,21527
2022-10-03 14:30:40,73,7,3701.0,21534
2022-10-03 14:30:41,37,-4,3701.25,21530
2022-10-03 14:30:42,32,11,3701.0,21541
2022-10-03 14:30:43,40,-14,3701.0,21527
2022-10-03 14:30:44,5,1,3701.0,21528
2022-10-03 14:30:45,51,26,3701.0,21554
2022-10-03 14:30:46,23,-4,3701.25,21550
2022-10-03 14:30:47,55,-36,3701.0,21514
2022-10-03 14:30:48,39,12,3701.0,21526
2022-10-03 14:30:49,41,2,3701.0,21528
2022-10-03 14:30:50,37,5,3701.0,21533
2022-10-03 14:30:51,14,1,3701.0,21534
2022-10-03 14:30:52,69,-15,3701.0,21519
2022-10-03 14:30:53,2,2,3701.25,21521
2022-10-03 14:30:54,48,1,3701.25,21522
2022-10-03 14:30:55,32,10,3701.25,21532
2022-10-03 14:30:56,87,22,3701.75,21554
2022-10-03 14:30:57,29,-1,3701.75,21553
2022-10-03 14:30:58,101,-11,3701.75,21542
2022-10-03 14:30:59,65,13,3701.5,21555
2022-10-03 14:31:00,54,6,3701.5,21561
2022-10-03 14:31:01,33,-2,3701.5,21559
2022-10-03 14:31:02,7,0,3701.5,21559
2022-10-03 14:31:03,149,33,3701.75,21592
2022-10-03 14:31:04,48,7,3701.75,21599
2022-10-03 14:31:05,3,1,3701.75,21600
2022-10-03 14:31:06,4,4,3701.75,21604
2022-10-03 14:31:07,52,-5,3701.75,21599
2022-10-03 14:31:08,14,-11,3701.5,21588
2022-10-03 14:31:09,38,8,3701.5,21596
2022-10-03 14:31:10,96,32,3701.75,21628
2022-10-03 14:31:11,166,4,3702.25,21632
2022-10-03 14:31:12,13,0,3702.0,21632
2022-10-03 14:31:13,45,-9,3702.0,21623
2022-10-03 14:31:14,81,6,3702.0,21629
2022-10-03 14:31:15,3,1,3702.0,21630
2022-10-03 14:31:16,95,-28,3702.0,21602
2022-10-03 14:31:17,39,-11,3701.75,21591
2022-10-03 14:31:18,18,-16,3701.25,21575
2022-10-03 14:31:19,82,-5,3701.25,21570
2022-10-03 14:31:20,98,17,3701.5,21587
2022-10-03 14:31:21,76,12,3701.75,21599
2022-10-03 14:31:22,46,-16,3701.5,21583
2022-10-03 14:31:23,57,2,3701.0,21585
2022-10-03 14:31:24,14,-14,3700.75,21571
2022-10-03 14:31:25,29,18,3701.25,21589
2022-10-03 14:31:26,44,-4,3701.25,21585
2022-10-03 14:31:27,34,8,3701.25,21593
2022-10-03 14:31:28,2,2,3701.25,21595
2022-10-03 14:31:29,32,16,3701.5,21611
2022-10-03 14:31:30,23,-20,3701.5,21591
2022-10-03 14:31:31,98,14,3701.5,21605
2022-10-03 14:31:32,25,-13,3701.5,21592
2022-10-03 14:31:33,1,1,3701.25,21593
2022-10-03 14:31:34,49,-13,3701.25,21580
2022-10-03 14:31:35,1,-1,3701.0,21579
2022-10-03 14:31:36,6,-2,3701.25,21577
2022-10-03 14:31:37,81,2,3701.25,21579
2022-10-03 14:31:38,39,4,3701.25,21583
2022-10-03 14:31:39,51,1,3701.0,21584
2022-10-03 14:31:40,143,2,3701.0,21586
2022-10-03 14:31:41,29,16,3701.0,21602
2022-10-03 14:31:42,59,19,3701.25,21621
2022-10-03 14:31:44,3,-1,3701.25,21620
2022-10-03 14:31:45,7,-1,3701.25,21619
2022-10-03 14:31:46,44,10,3701.25,21629
2022-10-03 14:31:47,24,-6,3701.0,21623
2022-10-03 14:31:48,45,-6,3701.25,21617
2022-10-03 14:31:49,52,5,3701.0,21622
2022-10-03 14:31:50,65,2,3700.75,21624
2022-10-03 14:31:51,15,0,3701.0,21624
2022-10-03 14:31:52,75,15,3701.25,21639
2022-10-03 14:31:54,13,-3,3701.25,21636
2022-10-03 14:31:56,31,6,3701.25,21642
2022-10-03 14:31:57,21,17,3701.25,21659
2022-10-03 14:31:58,31,-25,3701.0,21634
2022-10-03 14:31:59,15,3,3700.75,21637
2022-10-03 14:32:00,112,-9,3700.75,21628
2022-10-03 14:32:01,40,-10,3700.5,21618
2022-10-03 14:32:02,15,-12,3700.5,21606
2022-10-03 14:32:03,46,7,3700.5,21613
2022-10-03 14:32:04,45,-6,3700.5,21607
2022-10-03 14:32:05,1,1,3700.5,21608
2022-10-03 14:32:06,112,36,3700.75,21644
2022-10-03 14:32:07,54,7,3701.0,21651
2022-10-03 14:32:08,30,-9,3701.0,21642
2022-10-03 14:32:09,38,11,3700.75,21653
2022-10-03 14:32:10,7,-5,3701.0,21648
2022-10-03 14:32:11,58,24,3701.0,21672
2022-10-03 14:32:12,82,17,3701.25,21689
2022-10-03 14:32:13,13,9,3701.25,21698
2022-10-03 14:32:14,3,-3,3701.0,21695
2022-10-03 14:32:15,17,16,3701.25,21711
2022-10-03 14:32:16,69,-9,3701.5,21702
2022-10-03 14:32:17,169,-98,3701.5,21604
2022-10-03 14:32:18,13,-4,3701.25,21600
2022-10-03 14:32:19,32,10,3701.25,21610
2022-10-03 14:32:20,24,-6,3701.0,21604
2022-10-03 14:32:21,83,-3,3701.0,21601
2022-10-03 14:32:22,1,-1,3700.75,21600
2022-10-03 14:32:23,130,-13,3701.0,21587
2022-10-03 14:32:25,94,6,3701.0,21593
2022-10-03 14:32:27,56,6,3701.25,21599
2022-10-03 14:32:29,42,-2,3701.25,21597
2022-10-03 14:32:30,2,-2,3701.0,21595
2022-10-03 14:32:32,18,-2,3700.75,21593
2022-10-03 14:32:33,46,-19,3700.75,21574
2022-10-03 14:32:34,160,-9,3700.5,21565
2022-10-03 14:32:35,10,-8,3700.25,21557
2022-10-03 14:32:36,36,15,3700.5,21572
2022-10-03 14:32:37,60,40,3700.75,21612
2022-10-03 14:32:38,23,10,3700.75,21622
2022-10-03 14:32:39,41,-15,3700.75,21607
2022-10-03 14:32:40,60,10,3700.5,21617
2022-10-03 14:32:41,1,-1,3700.25,21616
2022-10-03 14:32:42,109,11,3700.5,21627
2022-10-03 14:32:43,14,6,3700.5,21633
2022-10-03 14:32:44,59,-11,3700.75,21622
2022-10-03 14:32:45,39,-3,3700.75,21619
2022-10-03 14:32:46,64,-1,3701.0,21618
2022-10-03 14:32:47,55,9,3701.0,21627
2022-10-03 14:32:48,100,-37,3701.0,21590
2022-10-03 14:32:49,25,1,3700.75,21591
2022-10-03 14:32:50,1,1,3701.0,21592
2022-10-03 14:32:51,3,1,3701.0,21593
2022-10-03 14:32:52,145,12,3700.75,21605
2022-10-03 14:32:54,35,-12,3700.75,21593
2022-10-03 14:32:55,42,9,3700.5,21602
2022-10-03 14:32:56,75,32,3701.0,21634
2022-10-03 14:32:57,2,-2,3700.75,21632
2022-10-03 14:32:58,74,50,3701.25,21682
2022-10-03 14:32:59,16,-2,3701.25,21680
2022-10-03 14:33:00,30,4,3701.25,21684
2022-10-03 14:33:01,9,-6,3700.75,21678
2022-10-03 14:33:02,52,20,3700.75,21698
2022-10-03 14:33:03,29,-10,3700.75,21688
2022-10-03 14:33:05,22,17,3700.75,21705
2022-10-03 14:33:06,22,-15,3700.5,21690
2022-10-03 14:33:07,30,15,3700.75,21705
2022-10-03 14:33:08,28,-21,3700.5,21684
2022-10-03 14:33:09,11,1,3700.75,21685
2022-10-03 14:33:10,29,2,3700.75,21687
2022-10-03 14:33:11,12,3,3700.75,21690
2022-10-03 14:33:12,6,-4,3700.5,21686
2022-10-03 14:33:14,39,-20,3700.25,21666
2022-10-03 14:33:15,88,19,3700.75,21685
2022-10-03 14:33:16,54,19,3701.25,21704
2022-10-03 14:33:17,144,-100,3701.25,21604
2022-10-03 14:33:18,2,-2,3701.0,21602
2022-10-03 14:33:19,1,1,3701.25,21603
2022-10-03 14:33:20,69,41,3701.5,21644
2022-10-03 14:33:21,115,39,3701.75,21683
2022-10-03 14:33:22,68,7,3701.75,21690
2022-10-03 14:33:23,50,27,3701.75,21717
2022-10-03 14:33:24,3,3,3701.75,21720
2022-10-03 14:33:25,65,-11,3701.75,21709
2022-10-03 14:33:27,49,-20,3701.5,21689
2022-10-03 14:33:28,29,0,3701.25,21689
2022-10-03 14:33:29,29,-4,3701.25,21685
2022-10-03 14:33:30,2,-2,3701.0,21683
2022-10-03 14:33:31,17,-13,3700.75,21670
2022-10-03 14:33:32,29,-1,3701.0,21669
2022-10-03 14:33:33,2,-2,3700.75,21667
2022-10-03 14:33:34,109,5,3700.75,21672
2022-10-03 14:33:35,3,-1,3700.75,21671
2022-10-03 14:33:36,14,-6,3700.75,21665
2022-10-03 14:33:37,27,-5,3700.75,21660
2022-10-03 14:33:38,30,23,3700.75,21683
2022-10-03 14:33:39,3,3,3700.75,21686
2022-10-03 14:33:40,1,1,3701.0,21687
2022-10-03 14:33:41,25,16,3701.25,21703
2022-10-03 14:33:42,66,-5,3701.25,21698
2022-10-03 14:33:43,22,-1,3701.5,21697
2022-10-03 14:33:44,11,3,3701.25,21700
2022-10-03 14:33:45,54,2,3701.0,21702
2022-10-03 14:33:46,1,-1,3700.75,21701
2022-10-03 14:33:47,35,-19,3700.75,21682
2022-10-03 14:33:48,17,-11,3701.0,21671
2022-10-03 14:33:49,11,-2,3701.0,21669
2022-10-03 14:33:50,43,20,3701.0,21689
2022-10-03 14:33:51,49,-4,3701.25,21685
2022-10-03 14:33:52,21,0,3701.25,21685
2022-10-03 14:33:53,23,-8,3701.5,21677
2022-10-03 14:33:54,67,-44,3701.0,21633
2022-10-03 14:33:55,63,-9,3700.75,21624
2022-10-03 14:33:56,60,16,3700.75,21640
2022-10-03 14:33:57,20,2,3701.0,21642
2022-10-03 14:33:58,53,10,3701.0,21652
2022-10-03 14:33:59,41,-8,3701.0,21644
2022-10-03 14:34:00,55,-24,3700.75,21620
2022-10-03 14:34:01,31,23,3700.75,21643
2022-10-03 14:34:02,40,1,3700.5,21644
2022-10-03 14:34:03,60,-7,3700.5,21637
2022-10-03 14:34:04,39,-10,3700.5,21627
2022-10-03 14:34:05,36,-1,3700.75,21626
2022-10-03 14:34:06,30,13,3700.5,21639
2022-10-03 14:34:07,25,-1,3700.5,21638
2022-10-03 14:34:08,3,-1,3700.5,21637
2022-10-03 14:34:09,61,2,3700.5,21639
2022-10-03 14:34:10,84,9,3700.75,21648
2022-10-03 14:34:11,12,1,3700.75,21649
2022-10-03 14:34:12,26,-4,3700.75,21645
2022-10-03 14:34:13,35,-10,3700.5,21635
2022-10-03 14:34:14,42,-9,3700.5,21626
2022-10-03 14:34:15,31,-3,3700.5,21623
2022-10-03 14:34:16,16,9,3700.25,21632
2022-10-03 14:34:17,145,-47,3700.25,21585
2022-10-03 14:34:18,25,19,3700.25,21604
2022-10-03 14:34:19,77,-7,3700.5,21597
2022-10-03 14:34:20,42,-11,3700.25,21586
2022-10-03 14:34:21,2,0,3700.5,21586
2022-10-03 14:34:22,2,-2,3700.25,21584
2022-10-03 14:34:23,27,-2,3700.25,21582
2022-10-03 14:34:24,103,30,3700.75,21612
2022-10-03 14:34:25,29,8,3700.75,21620
2022-10-03 14:34:26,85,-27,3700.5,21593
2022-10-03 14:34:27,3,3,3700.25,21596
2022-10-03 14:34:28,74,23,3700.25,21619
2022-10-03 14:34:29,75,-16,3700.0,21603
2022-10-03 14:34:30,31,-6,3700.0,21597
2022-10-03 14:34:31,76,-4,3700.25,21593
2022-10-03 14:34:32,40,14,3700.5,21607
2022-10-03 14:34:33,50,-12,3700.5,21595
2022-10-03 14:34:34,9,3,3700.75,21598
2022-10-03 14:34:35,26,4,3700.5,21602
2022-10-03 14:34:36,55,11,3700.75,21613
2022-10-03 14:34:37,2,-2,3700.5,21611
2022-10-03 14:34:38,83,44,3701.0,21655
2022-10-03 14:34:39,43,6,3701.25,21661
2022-10-03 14:34:40,27,-1,3701.25,21660
2022-10-03 14:34:41,3,-1,3701.25,21659
2022-10-03 14:34:42,28,5,3701.25,21664
2022-10-03 14:34:43,1,1,3701.0,21665
2022-10-03 14:34:44,15,10,3701.25,21675
2022-10-03 14:34:45,4,-2,3701.25,21673
2022-10-03 14:34:46,68,18,3701.5,21691
2022-10-03 14:34:47,2,2,3701.25,21693
2022-10-03 14:34:48,17,3,3701.25,21696
2022-10-03 14:34:49,5,-4,3701.0,21692
2022-10-03 14:34:51,1,-1,3701.0,21691
2022-10-03 14:34:52,111,21,3701.5,21712
2022-10-03 14:34:53,9,-7,3701.5,21705
2022-10-03 14:34:54,58,-21,3701.25,21684
2022-10-03 14:34:55,17,-9,3701.5,21675
2022-10-03 14:34:56,49,-8,3701.25,21667
2022-10-03 14:34:57,86,-1,3701.0,21666
2022-10-03 14:34:59,2,2,3701.0,21668
2022-10-03 14:35:00,26,9,3701.0,21677
2022-10-03 14:35:01,27,4,3701.0,21681
2022-10-03 14:35:03,1,1,3701.0,21682
2022-10-03 14:35:04,84,-3,3700.75,21679
2022-10-03 14:35:05,16,12,3701.0,21691
2022-10-03 14:35:06,38,-7,3700.75,21684
2022-10-03 14:35:07,39,-18,3700.5,21666
2022-10-03 14:35:08,25,1,3700.75,21667
2022-10-03 14:35:09,26,-3,3700.75,21664
2022-10-03 14:35:10,60,-17,3700.5,21647
2022-10-03 14:35:11,43,9,3700.5,21656
2022-10-03 14:35:12,30,-3,3700.75,21653
2022-10-03 14:35:14,36,12,3701.0,21665
2022-10-03 14:35:15,13,8,3701.0,21673
2022-10-03 14:35:16,48,-12,3701.0,21661
2022-10-03 14:35:17,135,-10,3700.75,21651
2022-10-03 14:35:18,122,7,3700.75,21658
2022-10-03 14:35:19,6,-5,3700.75,21653
2022-10-03 14:35:20,1,1,3701.0,21654
2022-10-03 14:35:22,19,-10,3701.0,21644
2022-10-03 14:35:24,12,10,3700.75,21654
2022-10-03 14:35:25,105,36,3701.25,21690
2022-10-03 14:35:26,26,-1,3701.25,21689
2022-10-03 14:35:27,27,2,3701.25,21691
2022-10-03 14:35:28,18,1,3701.25,21692
2022-10-03 14:35:29,49,19,3701.5,21711
2022-10-03 14:35:30,36,2,3701.5,21713
2022-10-03 14:35:31,28,-2,3701.5,21711
2022-10-03 14:35:32,37,-4,3701.5,21707
2022-10-03 14:35:33,38,-12,3701.25,21695
2022-10-03 14:35:34,1,1,3701.25,21696
2022-10-03 14:35:35,23,5,3701.25,21701
2022-10-03 14:35:36,3,3,3701.25,21704
2022-10-03 14:35:37,3,-3,3701.0,21701
2022-10-03 14:35:38,32,-8,3701.0,21693
2022-10-03 14:35:39,1,1,3701.0,21694
2022-10-03 14:35:40,126,-21,3701.0,21673
2022-10-03 14:35:41,79,12,3701.25,21685
2022-10-03 14:35:42,59,10,3701.25,21695
2022-10-03 14:35:43,36,1,3701.5,21696
2022-10-03 14:35:44,16,7,3701.5,21703
2022-10-03 14:35:45,33,24,3701.75,21727
2022-10-03 14:35:46,83,8,3701.75,21735
2022-10-03 14:35:47,21,5,3702.0,21740
2022-10-03 14:35:48,12,6,3702.0,21746
2022-10-03 14:35:49,49,18,3702.0,21764
2022-10-03 14:35:50,32,25,3702.25,21789
2022-10-03 14:35:51,95,-16,3702.25,21773
2022-10-03 14:35:52,89,-6,3702.25,21767
2022-10-03 14:35:53,35,8,3702.25,21775
2022-10-03 14:35:54,4,0,3702.25,21775
2022-10-03 14:35:55,1,-1,3702.0,21774
2022-10-03 14:35:56,76,16,3702.25,21790
2022-10-03 14:35:57,6,2,3702.25,21792
2022-10-03 14:35:58,48,6,3702.0,21798
2022-10-03 14:35:59,37,0,3702.25,21798
2022-10-03 14:36:00,23,-7,3702.25,21791
2022-10-03 14:36:01,47,-21,3702.0,21770
2022-10-03 14:36:02,3,1,3701.75,21771
2022-10-03 14:36:03,64,9,3701.75,21780
2022-10-03 14:36:04,32,-16,3701.75,21764
2022-10-03 14:36:05,62,16,3702.0,21780
2022-10-03 14:36:06,49,18,3702.0,21798
2022-10-03 14:36:07,21,-4,3702.0,21794
2022-10-03 14:36:08,24,0,3702.0,21794
2022-10-03 14:36:09,5,3,3702.0,21797
2022-10-03 14:36:10,31,3,3702.0,21800
2022-10-03 14:36:11,56,9,3702.0,21809
2022-10-03 14:36:12,68,-26,3702.25,21783
2022-10-03 14:36:13,28,4,3702.0,21787
2022-10-03 14:36:14,21,-1,3702.0,21786
2022-10-03 14:36:15,3,1,3702.25,21787
2022-10-03 14:36:16,40,-3,3702.25,21784
2022-10-03 14:36:17,5,4,3702.25,21788
2022-10-03 14:36:18,42,0,3702.0,21788
2022-10-03 14:36:19,17,6,3702.25,21794
2022-10-03 14:36:20,27,23,3702.25,21817
2022-10-03 14:36:21,51,-22,3702.0,21795
2022-10-03 14:36:22,140,24,3701.5,21819
2022-10-03 14:36:23,46,6,3701.75,21825
2022-10-03 14:36:24,9,-2,3701.5,21823
2022-10-03 14:36:25,62,-14,3701.5,21809
2022-10-03 14:36:26,4,-4,3701.0,21805
2022-10-03 14:36:27,2,-2,3701.0,21803
2022-10-03 14:36:28,57,-11,3701.25,21792
2022-10-03 14:36:29,26,17,3701.25,21809
2022-10-03 14:36:30,26,8,3701.5,21817
2022-10-03 14:36:31,20,-8,3701.75,21809
2022-10-03 14:36:32,54,3,3701.5,21812
2022-10-03 14:36:33,9,-1,3701.5,21811
2022-10-03 14:36:34,19,-11,3701.25,21800
2022-10-03 14:36:35,13,6,3701.25,21806
2022-10-03 14:36:36,43,-18,3701.0,21788
2022-10-03 14:36:37,27,2,3701.25,21790
2022-10-03 14:36:38,53,-5,3701.5,21785
2022-10-03 14:36:39,30,-12,3701.25,21773
2022-10-03 14:36:40,21,7,3701.0,21780
2022-10-03 14:36:41,94,1,3701.0,21781
2022-10-03 14:36:42,16,-2,3701.0,21779
2022-10-03 14:36:43,4,-4,3701.0,21775
2022-10-03 14:36:44,61,1,3701.25,21776
2022-10-03 14:36:45,69,16,3701.0,21792
2022-10-03 14:36:46,41,7,3700.75,21799
2022-10-03 14:36:47,13,7,3701.0,21806
2022-10-03 14:36:48,30,-10,3701.0,21796
2022-10-03 14:36:49,26,-3,3701.25,21793
2022-10-03 14:36:50,33,-21,3701.0,21772
2022-10-03 14:36:51,24,10,3701.0,21782
2022-10-03 14:36:52,90,9,3701.25,21791
2022-10-03 14:36:54,19,-12,3701.0,21779
2022-10-03 14:36:55,21,7,3701.25,21786
2022-10-03 14:36:56,41,18,3701.5,21804
2022-10-03 14:36:57,24,7,3701.5,21811
2022-10-03 14:36:58,14,2,3701.5,21813
2022-10-03 14:36:59,2,2,3701.75,21815
2022-10-03 14:37:00,65,-10,3701.5,21805
2022-10-03 14:37:01,29,-1,3701.5,21804
2022-10-03 14:37:02,31,-8,3701.25,21796
2022-10-03 14:37:03,30,0,3701.25,21796
2022-10-03 14:37:04,15,-10,3701.25,21786
2022-10-03 14:37:05,26,10,3701.25,21796
2022-10-03 14:37:06,44,9,3701.5,21805
2022-10-03 14:37:08,33,11,3701.25,21816
2022-10-03 14:37:09,44,-20,3701.25,21796
2022-10-03 14:37:10,37,-6,3701.0,21790
2022-10-03 14:37:11,9,-5,3701.0,21785
2022-10-03 14:37:12,4,4,3701.0,21789
2022-10-03 14:37:13,25,4,3701.0,21793
2022-10-03 14:37:14,30,3,3701.0,21796
2022-10-03 14:37:15,8,2,3701.25,21798
2022-10-03 14:37:16,43,30,3701.5,21828
2022-10-03 14:37:17,70,23,3701.5,21851
2022-10-03 14:37:18,30,7,3701.75,21858
2022-10-03 14:37:19,3,-3,3701.5,21855
2022-10-03 14:37:20,61,22,3701.75,21877
2022-10-03 14:37:21,112,70,3702.25,21947
2022-10-03 14:37:22,60,1,3701.75,21948
2022-10-03 14:37:23,298,-248,3701.75,21700
2022-10-03 14:37:24,96,-12,3701.5,21688
2022-10-03 14:37:25,35,-7,3701.25,21681
2022-10-03 14:37:26,16,-13,3701.25,21668
2022-10-03 14:37:27,46,-5,3701.0,21663
2022-10-03 14:37:28,4,-2,3701.0,21661
2022-10-03 14:37:29,38,9,3701.0,21670
2022-10-03 14:37:30,19,3,3701.25,21673
2022-10-03 14:37:31,44,-6,3701.25,21667
2022-10-03 14:37:32,13,0,3701.25,21667
2022-10-03 14:37:33,23,-5,3701.25,21662
2022-10-03 14:37:34,26,0,3701.25,21662
2022-10-03 14:37:35,18,1,3701.25,21663
2022-10-03 14:37:36,7,0,3701.5,21663
2022-10-03 14:37:37,36,23,3701.75,21686
2022-10-03 14:37:38,4,-4,3701.5,21682
2022-10-03 14:37:39,48,4,3701.75,21686
2022-10-03 14:37:40,10,-7,3701.5,21679
2022-10-03 14:37:41,22,-1,3701.5,21678
2022-10-03 14:37:42,16,-6,3701.5,21672
2022-10-03 14:37:43,37,3,3701.25,21675
2022-10-03 14:37:45,35,-9,3701.0,21666
2022-10-03 14:37:46,72,31,3701.75,21697
2022-10-03 14:37:47,37,-27,3701.5,21670
2022-10-03 14:37:48,24,5,3701.5,21675
2022-10-03 14:37:49,40,0,3701.5,21675
2022-10-03 14:37:50,4,0,3701.5,21675
2022-10-03 14:37:51,12,-3,3701.5,21672
2022-10-03 14:37:52,26,1,3701.5,21673
2022-10-03 14:37:53,28,-6,3701.25,21667
2022-10-03 14:37:54,4,-2,3700.75,21665
2022-10-03 14:37:55,47,-16,3700.75,21649
2022-10-03 14:37:56,45,21,3700.75,21670
2022-10-03 14:37:59,52,15,3701.0,21685
2022-10-03 14:38:00,93,20,3701.0,21705
2022-10-03 14:38:01,12,-6,3700.75,21699
2022-10-03 14:38:02,49,-1,3700.75,21698
2022-10-03 14:38:03,59,13,3701.0,21711
2022-10-03 14:38:05,60,35,3701.5,21746
2022-10-03 14:38:06,1,1,3701.5,21747
2022-10-03 14:38:07,64,-27,3701.25,21720
2022-10-03 14:38:08,20,1,3701.25,21721
2022-10-03 14:38:09,32,-5,3701.25,21716
2022-10-03 14:38:10,4,-1,3701.25,21715
2022-10-03 14:38:11,19,4,3701.25,21719
2022-10-03 14:38:12,3,3,3701.25,21722
2022-10-03 14:38:13,96,-32,3701.0,21690
2022-10-03 14:38:14,22,7,3701.0,21697
2022-10-03 14:38:16,16,-1,3700.75,21696
2022-10-03 14:38:17,19,14,3701.0,21710
2022-10-03 14:38:18,80,-39,3701.25,21671
2022-10-03 14:38:19,5,3,3701.25,21674
2022-10-03 14:38:20,14,1,3701.25,21675
2022-10-03 14:38:22,95,29,3701.5,21704
2022-10-03 14:38:23,2,2,3701.5,21706
2022-10-03 14:38:24,2,2,3701.5,21708
2022-10-03 14:38:26,129,-27,3701.25,21681
2022-10-03 14:38:27,11,-6,3701.0,21675
2022-10-03 14:38:28,27,-6,3700.75,21669
2022-10-03 14:38:29,2,-1,3700.5,21668
2022-10-03 14:38:30,1,1,3700.75,21669
2022-10-03 14:38:31,22,-3,3700.75,21666
2022-10-03 14:38:32,61,-31,3700.5,21635
2022-10-03 14:38:33,31,5,3700.5,21640
2022-10-03 14:38:34,76,1,3700.5,21641
2022-10-03 14:38:35,53,16,3701.0,21657
2022-10-03 14:38:36,81,-13,3701.0,21644
2022-10-03 14:38:37,13,0,3701.0,21644
2022-10-03 14:38:38,45,-12,3701.0,21632
2022-10-03 14:38:39,5,-1,3701.0,21631
2022-10-03 14:38:41,8,-8,3700.75,21623
2022-10-03 14:38:42,79,59,3701.25,21682
2022-10-03 14:38:43,71,2,3701.5,21684
2022-10-03 14:38:44,28,3,3701.25,21687
2022-10-03 14:38:45,8,0,3701.25,21687
2022-10-03 14:38:46,19,15,3701.5,21702
2022-10-03 14:38:47,3,3,3701.5,21705
2022-10-03 14:38:48,9,-2,3701.5,21703
2022-10-03 14:38:49,85,19,3701.75,21722
2022-10-03 14:38:50,50,-26,3702.0,21696
2022-10-03 14:38:51,2,-2,3701.75,21694
2022-10-03 14:38:52,59,0,3701.75,21694
2022-10-03 14:38:53,3,2,3701.75,21696
2022-10-03 14:38:54,1,-1,3701.5,21695
2022-10-03 14:38:55,17,-14,3701.5,21681
2022-10-03 14:38:56,23,15,3701.5,21696
2022-10-03 14:38:57,40,15,3701.5,21711
2022-10-03 14:38:58,3,1,3701.75,21712
2022-10-03 14:38:59,64,14,3701.75,21726
2022-10-03 14:39:00,336,37,3702.25,21763
2022-10-03 14:39:01,2,2,3702.0,21765
2022-10-03 14:39:02,35,-11,3701.75,21754
2022-10-03 14:39:03,58,-23,3701.5,21731
2022-10-03 14:39:04,34,-11,3701.5,21720
2022-10-03 14:39:05,6,-3,3701.5,21717
2022-10-03 14:39:06,67,12,3701.75,21729
2022-10-03 14:39:08,9,7,3701.75,21736
2022-10-03 14:39:09,77,-39,3701.5,21697
2022-10-03 14:39:10,104,8,3701.5,21705
2022-10-03 14:39:11,2,0,3701.5,21705
2022-10-03 14:39:13,62,22,3701.75,21727
2022-10-03 14:39:14,76,18,3702.0,21745
2022-10-03 14:39:15,7,7,3702.25,21752
2022-10-03 14:39:16,8,-6,3702.0,21746
2022-10-03 14:39:18,52,13,3702.25,21759
2022-10-03 14:39:19,58,18,3702.5,21777
2022-10-03 14:39:20,4,3,3702.5,21780
2022-10-03 14:39:21,56,-43,3702.25,21737
2022-10-03 14:39:22,80,-6,3702.5,21731
2022-10-03 14:39:23,2,1,3702.25,21732
2022-10-03 14:39:24,5,5,3702.25,21737
2022-10-03 14:39:25,97,-8,3702.25,21729
2022-10-03 14:39:26,65,-24,3702.0,21705
2022-10-03 14:39:27,37,3,3702.25,21708
2022-10-03 14:39:28,54,9,3702.25,21717
2022-10-03 14:39:29,37,3,3702.25,21720
2022-10-03 14:39:30,7,-1,3702.25,21719
2022-10-03 14:39:31,30,-7,3702.25,21712
2022-10-03 14:39:32,1,1,3702.25,21713
2022-10-03 14:39:33,2,0,3702.25,21713
2022-10-03 14:39:34,4,4,3702.25,21717
2022-10-03 14:39:35,41,14,3702.25,21731
2022-10-03 14:39:36,91,-31,3702.25,21700
2022-10-03 14:39:37,140,9,3702.25,21709
2022-10-03 14:39:38,7,0,3702.25,21709
2022-10-03 14:39:39,94,-4,3702.25,21705
2022-10-03 14:39:40,35,4,3702.5,21709
2022-10-03 14:39:41,80,29,3702.5,21738
2022-10-03 14:39:42,6,3,3702.5,21741
2022-10-03 14:39:43,11,10,3702.5,21751
2022-10-03 14:39:44,68,-5,3702.5,21746
2022-10-03 14:39:45,19,18,3702.5,21764
2022-10-03 14:39:46,6,2,3702.5,21766
2022-10-03 14:39:47,8,6,3702.5,21772
2022-10-03 14:39:48,3,0,3702.5,21772
2022-10-03 14:39:49,93,33,3702.75,21805
2022-10-03 14:39:50,74,-40,3702.75,21765
2022-10-03 14:39:51,18,-7,3702.75,21758
2022-10-03 14:39:52,17,8,3702.75,21766
2022-10-03 14:39:53,85,-4,3702.75,21762
2022-10-03 14:39:54,4,-1,3702.75,21761
2022-10-03 14:39:55,36,-24,3702.5,21737
2022-10-03 14:39:56,86,27,3702.5,21764
2022-10-03 14:39:57,74,-11,3702.5,21753
2022-10-03 14:39:58,29,0,3702.25,21753
2022-10-03 14:39:59,20,15,3702.25,21768
2022-10-03 14:40:00,79,-1,3702.25,21767
2022-10-03 14:40:01,9,-7,3702.25,21760
2022-10-03 14:40:02,108,-52,3702.0,21708
2022-10-03 14:40:03,4,-1,3702.25,21707
2022-10-03 14:40:04,97,16,3702.25,21723
2022-10-03 14:40:05,3,-1,3702.25,21722
2022-10-03 14:40:06,67,33,3702.5,21755
2022-10-03 14:40:07,17,-3,3702.75,21752
2022-10-03 14:40:08,38,-10,3702.5,21742
2022-10-03 14:40:09,2,2,3702.5,21744
2022-10-03 14:40:10,2,0,3702.5,21744
2022-10-03 14:40:11,32,6,3702.5,21750
2022-10-03 14:40:12,99,3,3702.5,21753
2022-10-03 14:40:13,13,5,3702.5,21758
2022-10-03 14:40:14,37,6,3702.75,21764
2022-10-03 14:40:15,53,0,3702.75,21764
2022-10-03 14:40:17,3,-1,3702.5,21763
2022-10-03 14:40:18,31,19,3702.75,21782
2022-10-03 14:40:19,23,-12,3702.5,21770
2022-10-03 14:40:20,82,7,3702.5,21777
2022-10-03 14:40:21,9,-4,3702.5,21773
2022-10-03 14:40:22,46,-5,3702.5,21768
2022-10-03 14:40:23,7,2,3702.5,21770
2022-10-03 14:40:24,35,12,3702.5,21782
2022-10-03 14:40:25,128,-28,3702.25,21754
2022-10-03 14:40:26,40,-16,3702.25,21738
2022-10-03 14:40:27,48,-10,3702.0,21728
2022-10-03 14:40:28,2,-2,3701.75,21726
2022-10-03 14:40:29,35,14,3702.25,21740
2022-10-03 14:40:30,126,22,3702.25,21762
2022-10-03 14:40:34,9,6,3702.5,21768
2022-10-03 14:40:35,3,-1,3702.5,21767
2022-10-03 14:40:36,24,12,3702.5,21779
2022-10-03 14:40:37,3,1,3702.75,21780
2022-10-03 14:40:38,77,-9,3702.5,21771
2022-10-03 14:40:39,25,-2,3702.5,21769
2022-10-03 14:40:40,15,0,3702.5,21769
2022-10-03 14:40:41,6,6,3702.75,21775
2022-10-03 14:40:42,64,32,3702.75,21807
2022-10-03 14:40:43,1,-1,3702.5,21806
2022-10-03 14:40:44,3,3,3702.75,21809
2022-10-03 14:40:45,123,120,3703.0,21929
2022-10-03 14:40:46,140,-17,3703.0,21912
2022-10-03 14:40:47,132,2,3703.0,21914
2022-10-03 14:40:48,20,8,3703.0,21922
2022-10-03 14:40:49,5,-1,3703.0,21921
2022-10-03 14:40:50,270,101,3703.5,22022
2022-10-03 14:40:51,18,14,3703.25,22036
2022-10-03 14:40:52,185,96,3703.5,22132
2022-10-03 14:40:53,103,-2,3703.5,22130
2022-10-03 14:40:54,13,5,3703.5,22135
2022-10-03 14:40:55,471,202,3704.0,22337
2022-10-03 14:40:56,81,33,3703.75,22370
2022-10-03 14:40:57,31,-2,3703.75,22368
2022-10-03 14:40:58,55,22,3703.75,22390
2022-10-03 14:40:59,137,-69,3703.75,22321
2022-10-03 14:41:00,55,5,3703.5,22326
2022-10-03 14:41:01,31,9,3703.25,22335
2022-10-03 14:41:02,81,0,3703.25,22335
2022-10-03 14:41:03,77,-25,3703.25,22310
2022-10-03 14:41:05,1,-1,3703.0,22309
2022-10-03 14:41:06,3,-2,3703.0,22307
2022-10-03 14:41:07,62,7,3703.25,22314
2022-10-03 14:41:08,105,1,3703.5,22315
2022-10-03 14:41:09,32,-14,3703.5,22301
2022-10-03 14:41:10,51,-5,3703.25,22296
2022-10-03 14:41:11,16,8,3703.5,22304
2022-10-03 14:41:12,1,-1,3703.25,22303
2022-10-03 14:41:13,1,-1,3703.25,22302
2022-10-03 14:41:14,10,-1,3703.5,22301
2022-10-03 14:41:15,46,-23,3703.25,22278
2022-10-03 14:41:16,227,-58,3703.25,22220
2022-10-03 14:41:17,32,-15,3703.0,22205
2022-10-03 14:41:18,80,22,3703.0,22227
2022-10-03 14:41:19,46,-4,3703.0,22223
2022-10-03 14:41:20,1,-1,3702.75,22222
2022-10-03 14:41:21,183,-3,3703.0,22219
2022-10-03 14:41:22,30,-3,3703.0,22216
2022-10-03 14:41:23,32,17,3703.25,22233
2022-10-03 14:41:24,55,3,3703.25,22236
2022-10-03 14:41:25,36,-2,3703.25,22234
2022-10-03 14:41:26,24,-10,3703.25,22224
2022-10-03 14:41:27,5,4,3703.25,22228
2022-10-03 14:41:28,53,-7,3703.25,22221
2022-10-03 14:41:29,8,-8,3702.75,22213
2022-10-03 14:41:30,104,-25,3702.75,22188
2022-10-03 14:41:31,68,2,3702.75,22190
2022-10-03 14:41:32,92,17,3702.5,22207
2022-10-03 14:41:33,70,-10,3702.5,22197
2022-10-03 14:41:34,44,-2,3702.5,22195
2022-10-03 14:41:35,16,-10,3702.75,22185
2022-10-03 14:41:36,53,22,3703.0,22207
2022-10-03 14:41:37,91,0,3703.0,22207
2022-10-03 14:41:38,29,5,3703.0,22212
2022-10-03 14:41:39,20,-3,3703.0,22209
2022-10-03 14:41:40,6,-4,3702.75,22205
2022-10-03 14:41:41,10,-8,3702.75,22197
2022-10-03 14:41:42,55,-30,3702.5,22167
2022-10-03 14:41:43,51,15,3702.5,22182
2022-10-03 14:41:44,25,-3,3702.5,22179
2022-10-03 14:41:45,46,20,3703.0,22199
2022-10-03 14:41:46,44,10,3703.0,22209
2022-10-03 14:41:47,5,-3,3703.0,22206
2022-10-03 14:41:48,7,3,3703.0,22209
2022-10-03 14:41:49,82,9,3702.75,22218
2022-10-03 14:41:50,8,7,3703.0,22225
2022-10-03 14:41:51,5,3,3703.25,22228
2022-10-03 14:41:52,30,4,3703.25,22232
2022-10-03 14:41:53,47,18,3703.5,22250
2022-10-03 14:41:54,4,1,3703.5,22251
2022-10-03 14:41:55,34,-6,3703.25,22245
2022-10-03 14:41:56,23,7,3703.5,22252
2022-10-03 14:41:57,158,33,3703.5,22285
2022-10-03 14:41:58,3,3,3703.5,22288
2022-10-03 14:41:59,25,6,3703.5,22294
2022-10-03 14:42:00,13,1,3703.5,22295
2022-10-03 14:42:01,25,3,3703.5,22298
2022-10-03 14:42:02,95,-64,3703.25,22234
2022-10-03 14:42:03,62,14,3703.25,22248
2022-10-03 14:42:04,22,12,3703.25,22260
2022-10-03 14:42:05,6,-4,3703.25,22256
2022-10-03 14:42:07,4,-4,3703.0,22252
2022-10-03 14:42:08,101,-18,3703.25,22234
2022-10-03 14:42:09,23,18,3703.5,22252
2022-10-03 14:42:10,3,-2,3703.25,22250
2022-10-03 14:42:11,92,-46,3703.25,22204
2022-10-03 14:42:12,24,-5,3703.0,22199
2022-10-03 14:42:13,11,9,3703.0,22208
2022-10-03 14:42:14,56,12,3703.25,22220
2022-10-03 14:42:15,8,-4,3703.25,22216
2022-10-03 14:42:16,11,-5,3703.0,22211
2022-10-03 14:42:17,14,10,3703.25,22221
2022-10-03 14:42:19,21,16,3703.25,22237
2022-10-03 14:42:20,1,1,3703.5,22238
2022-10-03 14:42:21,66,8,3703.5,22246
2022-10-03 14:42:23,62,-25,3703.5,22221
2022-10-03 14:42:24,38,-22,3703.25,22199
2022-10-03 14:42:25,10,8,3703.25,22207
2022-10-03 14:42:26,17,17,3703.5,22224
2022-10-03 14:42:27,76,-15,3703.5,22209
2022-10-03 14:42:28,35,-24,3703.25,22185
2022-10-03 14:42:29,25,-5,3703.0,22180
2022-10-03 14:42:30,64,14,3703.0,22194
2022-10-03 14:42:31,4,0,3703.0,22194
2022-10-03 14:42:32,66,-11,3703.0,22183
2022-10-03 14:42:33,18,-2,3703.25,22181
2022-10-03 14:42:34,4,3,3703.25,22184
2022-10-03 14:42:35,24,-7,3703.25,22177
2022-10-03 14:42:36,31,9,3703.25,22186
2022-10-03 14:42:37,38,4,3703.25,22190
2022-10-03 14:42:39,15,-1,3703.0,22189
2022-10-03 14:42:40,13,12,3703.5,22201
2022-10-03 14:42:41,31,0,3703.25,22201
2022-10-03 14:42:44,86,6,3703.25,22207
2022-10-03 14:42:45,44,-15,3703.5,22192
2022-10-03 14:42:46,4,2,3703.5,22194
2022-10-03 14:42:47,134,-33,3703.5,22161
2022-10-03 14:42:48,2,2,3703.5,22163
2022-10-03 14:42:49,70,-1,3703.5,22162
2022-10-03 14:42:50,64,-20,3703.0,22142
2022-10-03 14:42:51,27,-12,3703.0,22130
2022-10-03 14:42:52,76,16,3703.0,22146
2022-10-03 14:42:53,7,0,3703.0,22146
2022-10-03 14:42:55,29,20,3703.0,22166
2022-10-03 14:42:56,6,2,3703.25,22168
2022-10-03 14:42:57,12,10,3703.5,22178
2022-10-03 14:42:58,37,-11,3703.25,22167
2022-10-03 14:42:59,50,-28,3703.25,22139
2022-10-03 14:43:00,55,-5,3703.0,22134
2022-10-03 14:43:01,35,30,3703.25,22164
2022-10-03 14:43:02,28,21,3703.25,22185
2022-10-03 14:43:03,174,3,3703.5,22188
2022-10-03 14:43:04,79,49,3703.75,22237
2022-10-03 14:43:05,59,-13,3703.75,22224
2022-10-03 14:43:06,13,12,3704.0,22236
2022-10-03 14:43:07,9,5,3704.0,22241
2022-10-03 14:43:08,94,-8,3703.75,22233
2022-10-03 14:43:09,4,-1,3704.0,22232
2022-10-03 14:43:10,34,16,3704.0,22248
2022-10-03 14:43:11,10,8,3704.0,22256
2022-10-03 14:43:12,104,6,3703.75,22262
2022-10-03 14:43:13,90,12,3704.0,22274
2022-10-03 14:43:14,93,16,3704.25,22290
2022-10-03 14:43:15,35,1,3704.0,22291
2022-10-03 14:43:16,33,18,3704.25,22309
2022-10-03 14:43:17,11,3,3704.25,22312
2022-10-03 14:43:18,71,-36,3704.0,22276
2022-10-03 14:43:19,62,-9,3703.75,22267
2022-10-03 14:43:20,6,2,3703.75,22269
2022-10-03 14:43:21,66,-41,3703.5,22228
2022-10-03 14:43:23,6,-2,3703.5,22226
2022-10-03 14:43:24,160,1,3703.25,22227
2022-10-03 14:43:25,4,-2,3703.25,22225
2022-10-03 14:43:26,2,-2,3703.0,22223
2022-10-03 14:43:27,94,-32,3703.0,22191
2022-10-03 14:43:28,19,11,3703.0,22202
2022-10-03 14:43:29,2,0,3703.0,22202
2022-10-03 14:43:30,43,6,3703.0,22208
2022-10-03 14:43:31,38,19,3703.25,22227
2022-10-03 14:43:32,1,-1,3703.0,22226
2022-10-03 14:43:33,41,7,3703.25,22233
2022-10-03 14:43:34,17,-11,3703.0,22222
2022-10-03 14:43:35,67,-10,3703.0,22212
2022-10-03 14:43:36,41,12,3702.75,22224
2022-10-03 14:43:37,11,-8,3702.75,22216
2022-10-03 14:43:38,119,-8,3702.75,22208
2022-10-03 14:43:39,4,-2,3703.0,22206
2022-10-03 14:43:41,2,2,3703.0,22208
2022-10-03 14:43:42,4,-2,3702.75,22206
2022-10-03 14:43:43,89,-52,3702.75,22154
2022-10-03 14:43:44,78,-44,3702.5,22110
2022-10-03 14:43:45,150,32,3702.75,22142
2022-10-03 14:43:46,70,41,3703.5,22183
2022-10-03 14:43:47,18,-6,3703.25,22177
2022-10-03 14:43:48,22,0,3703.25,22177
2022-10-03 14:43:49,24,2,3703.25,22179
2022-10-03 14:43:50,35,-25,3703.0,22154
2022-10-03 14:43:51,4,0,3703.0,22154
2022-10-03 14:43:52,1,-1,3702.75,22153
2022-10-03 14:43:53,35,9,3703.0,22162
2022-10-03 14:43:54,16,3,3703.0,22165
2022-10-03 14:43:55,11,1,3703.25,22166
2022-10-03 14:43:56,83,7,3703.25,22173
2022-10-03 14:43:57,30,-22,3703.5,22151
2022-10-03 14:43:58,21,2,3703.25,22153
2022-10-03 14:44:00,55,-6,3703.5,22147
2022-10-03 14:44:01,1,1,3703.5,22148
2022-10-03 14:44:02,30,8,3703.5,22156
2022-10-03 14:44:03,44,-14,3703.5,22142
2022-10-03 14:44:04,2,0,3703.75,22142
2022-10-03 14:44:05,41,-2,3703.75,22140
2022-10-03 14:44:06,3,1,3703.75,22141
2022-10-03 14:44:07,17,8,3703.75,22149
2022-10-03 14:44:08,131,30,3703.75,22179
2022-10-03 14:44:09,5,-1,3703.75,22178
2022-10-03 14:44:10,5,-5,3703.75,22173
2022-10-03 14:44:11,3,1,3704.0,22174
2022-10-03 14:44:12,155,30,3704.0,22204
2022-10-03 14:44:13,46,9,3704.25,22213
2022-10-03 14:44:14,347,101,3704.75,22314
2022-10-03 14:44:15,100,-12,3704.75,22302
2022-10-03 14:44:16,95,-29,3704.5,22273
2022-10-03 14:44:17,68,-35,3704.75,22238
2022-10-03 14:44:18,11,5,3704.75,22243
2022-10-03 14:44:19,44,-2,3704.75,22241
2022-10-03 14:44:20,13,3,3704.75,22244
2022-10-03 14:44:21,24,5,3704.75,22249
2022-10-03 14:44:22,23,-5,3704.5,22244
2022-10-03 14:44:23,107,-63,3704.5,22181
2022-10-03 14:44:24,96,35,3704.25,22216
2022-10-03 14:44:25,16,10,3704.25,22226
2022-10-03 14:44:26,60,6,3704.5,22232
2022-10-03 14:44:27,42,18,3704.25,22250
2022-10-03 14:44:28,37,10,3704.25,22260
2022-10-03 14:44:29,80,34,3704.5,22294
2022-10-03 14:44:30,20,-5,3704.5,22289
2022-10-03 14:44:31,7,2,3704.75,22291
2022-10-03 14:44:32,143,11,3704.75,22302
2022-10-03 14:44:33,8,-1,3704.75,22301
2022-10-03 14:44:34,473,245,3705.25,22546
2022-10-03 14:44:35,107,1,3705.25,22547
2022-10-03 14:44:36,132,7,3705.25,22554
2022-10-03 14:44:37,1,-1,3705.0,22553
2022-10-03 14:44:38,27,-14,3705.25,22539
2022-10-03 14:44:39,85,4,3705.25,22543
2022-10-03 14:44:40,54,25,3705.5,22568
2022-10-03 14:44:41,67,-21,3705.5,22547
2022-10-03 14:44:42,12,-5,3705.5,22542
2022-10-03 14:44:43,117,-32,3705.25,22510
2022-10-03 14:44:44,11,2,3705.0,22512
2022-10-03 14:44:45,91,-14,3705.0,22498
2022-10-03 14:44:46,30,22,3705.25,22520
2022-10-03 14:44:47,1,1,3705.25,22521
2022-10-03 14:44:48,126,-40,3705.25,22481
2022-10-03 14:44:49,133,-9,3705.0,22472
2022-10-03 14:44:50,48,-16,3705.0,22456
2022-10-03 14:44:51,4,0,3704.75,22456
2022-10-03 14:44:52,53,1,3705.0,22457
2022-10-03 14:44:53,99,1,3704.75,22458
2022-10-03 14:44:54,9,-5,3705.0,22453
2022-10-03 14:44:55,67,36,3705.0,22489
2022-10-03 14:44:56,100,-19,3705.25,22470
2022-10-03 14:44:57,3,-1,3705.25,22469
2022-10-03 14:44:58,35,-7,3705.25,22462
2022-10-03 14:44:59,47,21,3705.25,22483
2022-10-03 14:45:00,70,-20,3705.25,22463
2022-10-03 14:45:01,93,-40,3705.0,22423
2022-10-03 14:45:02,7,1,3705.0,22424
2022-10-03 14:45:03,15,-13,3704.75,22411
2022-10-03 14:45:04,247,-81,3704.75,22330
2022-10-03 14:45:05,34,4,3704.5,22334
2022-10-03 14:45:06,21,-7,3704.75,22327
2022-10-03 14:45:07,43,12,3705.0,22339
2022-10-03 14:45:08,48,-32,3705.0,22307
2022-10-03 14:45:09,68,12,3705.0,22319
2022-10-03 14:45:10,43,-8,3704.75,22311
2022-10-03 14:45:11,26,-11,3704.75,22300
2022-10-03 14:45:12,70,17,3704.5,22317
2022-10-03 14:45:13,39,14,3704.75,22331
2022-10-03 14:45:14,38,7,3705.0,22338
2022-10-03 14:45:15,5,3,3705.0,22341
2022-10-03 14:45:16,111,15,3705.0,22356
2022-10-03 14:45:17,41,2,3705.25,22358
2022-10-03 14:45:18,21,-3,3705.0,22355
2022-10-03 14:45:19,2,2,3705.0,22357
2022-10-03 14:45:20,45,33,3705.25,22390
2022-10-03 14:45:21,94,25,3705.25,22415
2022-10-03 14:45:22,100,-39,3705.5,22376
2022-10-03 14:45:23,30,20,3705.5,22396
2022-10-03 14:45:24,31,7,3705.75,22403
2022-10-03 14:45:25,112,11,3705.75,22414
2022-10-03 14:45:26,18,9,3705.75,22423
2022-10-03 14:45:27,92,-5,3706.0,22418
2022-10-03 14:45:28,87,-18,3705.75,22400
2022-10-03 14:45:29,68,-1,3705.5,22399
2022-10-03 14:45:30,4,-4,3705.0,22395
2022-10-03 14:45:31,68,2,3705.5,22397
2022-10-03 14:45:32,3,2,3705.5,22399
2022-10-03 14:45:33,31,25,3705.75,22424
2022-10-03 14:45:34,18,-7,3705.75,22417
2022-10-03 14:45:35,18,-4,3705.75,22413
2022-10-03 14:45:36,20,-6,3705.5,22407
2022-10-03 14:45:37,4,-2,3705.5,22405
2022-10-03 14:45:38,69,15,3705.25,22420
2022-10-03 14:45:39,39,-2,3705.25,22418
2022-10-03 14:45:40,6,-2,3705.25,22416
2022-10-03 14:45:41,1,-1,3705.0,22415
2022-10-03 14:45:43,57,4,3705.25,22419
2022-10-03 14:45:45,72,-42,3705.25,22377
2022-10-03 14:45:46,37,4,3705.0,22381
2022-10-03 14:45:47,41,7,3705.25,22388
2022-10-03 14:45:48,73,29,3705.5,22417
2022-10-03 14:45:49,2,2,3705.5,22419
2022-10-03 14:45:50,20,1,3705.25,22420
2022-10-03 14:45:51,98,41,3705.5,22461
2022-10-03 14:45:52,76,14,3705.5,22475
2022-10-03 14:45:53,44,7,3705.5,22482
2022-10-03 14:45:55,2,1,3705.5,22483
2022-10-03 14:45:56,11,7,3705.5,22490
2022-10-03 14:45:57,12,-8,3705.5,22482
2022-10-03 14:45:58,5,2,3705.25,22484
2022-10-03 14:45:59,43,9,3705.25,22493
2022-10-03 14:46:00,35,-13,3705.25,22480
2022-10-03 14:46:01,97,-18,3705.25,22462
2022-10-03 14:46:02,6,1,3705.25,22463
2022-10-03 14:46:03,68,14,3705.25,22477
2022-10-03 14:46:04,11,-7,3705.25,22470
2022-10-03 14:46:05,29,0,3705.0,22470
2022-10-03 14:46:06,6,0,3705.0,22470
2022-10-03 14:46:07,129,-5,3704.75,22465
2022-10-03 14:46:08,64,-22,3704.75,22443
2022-10-03 14:46:09,58,-38,3704.5,22405
2022-10-03 14:46:11,56,4,3704.75,22409
2022-10-03 14:46:12,44,-9,3704.75,22400
2022-10-03 14:46:13,35,11,3704.75,22411
2022-10-03 14:46:14,62,-47,3704.75,22364
2022-10-03 14:46:15,13,-1,3704.75,22363
2022-10-03 14:46:16,40,-15,3704.5,22348
2022-10-03 14:46:17,269,-129,3704.25,22219
2022-10-03 14:46:18,25,13,3703.75,22232
2022-10-03 14:46:19,3,-1,3704.0,22231
2022-10-03 14:46:20,109,10,3704.25,22241
2022-10-03 14:46:21,39,-32,3704.25,22209
2022-10-03 14:46:22,50,-4,3704.0,22205
2022-10-03 14:46:23,14,1,3704.25,22206
2022-10-03 14:46:24,1,-1,3704.0,22205
2022-10-03 14:46:25,47,-20,3704.25,22185
2022-10-03 14:46:26,24,-18,3704.0,22167
2022-10-03 14:46:27,16,9,3704.0,22176
2022-10-03 14:46:28,121,58,3704.25,22234
2022-10-03 14:46:29,37,-1,3704.25,22233
2022-10-03 14:46:30,7,3,3704.25,22236
2022-10-03 14:46:31,1,-1,3704.0,22235
2022-10-03 14:46:33,39,10,3704.25,22245
2022-10-03 14:46:34,13,-2,3704.5,22243
2022-10-03 14:46:35,12,6,3704.5,22249
2022-10-03 14:46:36,30,25,3704.5,22274
2022-10-03 14:46:37,99,48,3705.0,22322
2022-10-03 14:46:38,15,6,3705.0,22328
2022-10-03 14:46:39,66,23,3705.25,22351
2022-10-03 14:46:40,32,-3,3705.25,22348
2022-10-03 14:46:41,108,-28,3705.0,22320
2022-10-03 14:46:42,3,3,3705.0,22323
2022-10-03 14:46:44,9,1,3704.75,22324
2022-10-03 14:46:45,8,3,3705.0,22327
2022-10-03 14:46:46,43,-14,3704.75,22313
2022-10-03 14:46:47,1,-1,3704.75,22312
2022-10-03 14:46:48,155,52,3705.0,22364
2022-10-03 14:46:49,7,-3,3705.25,22361
2022-10-03 14:46:50,5,-4,3705.0,22357
2022-10-03 14:46:51,13,-10,3705.0,22347
2022-10-03 14:46:52,85,19,3705.25,22366
2022-10-03 14:46:53,2,-2,3705.25,22364
2022-10-03 14:46:54,156,-68,3705.75,22296
2022-10-03 14:46:55,53,-9,3705.5,22287
2022-10-03 14:46:56,5,-4,3705.25,22283
2022-10-03 14:46:57,87,3,3705.5,22286
2022-10-03 14:46:58,14,5,3705.5,22291
2022-10-03 14:46:59,6,2,3705.5,22293
2022-10-03 14:47:00,82,20,3705.5,22313
2022-10-03 14:47:01,22,-13,3705.25,22300
2022-10-03 14:47:02,59,2,3705.25,22302
2022-10-03 14:47:03,8,8,3705.25,22310
2022-10-03 14:47:04,45,-36,3705.0,22274
2022-10-03 14:47:05,1,-1,3705.0,22273
2022-10-03 14:47:06,352,119,3706.0,22392
2022-10-03 14:47:07,140,19,3706.0,22411
2022-10-03 14:47:08,34,4,3705.75,22415
2022-10-03 14:47:09,9,5,3705.75,22420
2022-10-03 14:47:10,49,-22,3705.5,22398
2022-10-03 14:47:11,250,-14,3705.5,22384
2022-10-03 14:47:12,1,1,3705.5,22385
2022-10-03 14:47:13,55,1,3705.5,22386
2022-10-03 14:47:14,26,6,3705.5,22392
2022-10-03 14:47:15,29,6,3705.75,22398
2022-10-03 14:47:16,2,-2,3705.5,22396
2022-10-03 14:47:17,45,7,3705.5,22403
2022-10-03 14:47:18,50,22,3705.75,22425
2022-10-03 14:47:19,104,26,3705.75,22451
2022-10-03 14:47:20,10,6,3706.0,22457
2022-10-03 14:47:21,85,18,3706.0,22475
2022-10-03 14:47:22,4,-3,3705.75,22472
2022-10-03 14:47:23,5,-1,3706.0,22471
2022-10-03 14:47:25,62,-3,3706.0,22468
2022-10-03 14:47:26,18,11,3706.0,22479
2022-10-03 14:47:27,93,29,3706.5,22508
2022-10-03 14:47:28,131,61,3706.75,22569
2022-10-03 14:47:29,88,18,3707.0,22587
2022-10-03 14:47:30,110,0,3707.0,22587
2022-10-03 14:47:31,110,-37,3707.0,22550
2022-10-03 14:47:32,71,-6,3706.5,22544
2022-10-03 14:47:33,444,284,3707.25,22828
2022-10-03 14:47:34,10,0,3706.75,22828
2022-10-03 14:47:35,11,10,3706.75,22838
2022-10-03 14:47:36,43,10,3707.0,22848
2022-10-03 14:47:37,104,-17,3706.75,22831
2022-10-03 14:47:38,57,27,3706.75,22858
2022-10-03 14:47:39,42,11,3706.75,22869
2022-10-03 14:47:40,2,2,3706.75,22871
2022-10-03 14:47:41,2,2,3706.75,22873
2022-10-03 14:47:42,7,-3,3706.75,22870
2022-10-03 14:47:43,154,22,3706.75,22892
2022-10-03 14:47:44,18,-4,3706.75,22888
2022-10-03 14:47:45,6,5,3706.75,22893
2022-10-03 14:47:46,86,-51,3706.5,22842
2022-10-03 14:47:47,5,-1,3706.5,22841
2022-10-03 14:47:48,36,-15,3706.5,22826
2022-10-03 14:47:49,127,-41,3706.25,22785
2022-10-03 14:47:50,15,10,3706.25,22795
2022-10-03 14:47:51,70,23,3706.25,22818
2022-10-03 14:47:52,87,-90,3706.0,22728
2022-10-03 14:47:53,95,14,3706.0,22742
2022-10-03 14:47:55,1,-1,3706.0,22741
2022-10-03 14:47:56,3,3,3706.25,22744
2022-10-03 14:47:57,13,6,3706.25,22750
2022-10-03 14:47:58,37,22,3706.5,22772
2022-10-03 14:47:59,128,23,3706.5,22795
2022-10-03 14:48:00,55,2,3706.75,22797
2022-10-03 14:48:01,55,28,3706.75,22825
2022-10-03 14:48:02,23,-7,3706.75,22818
2022-10-03 14:48:03,28,2,3706.5,22820
2022-10-03 14:48:04,2,-2,3706.0,22818
2022-10-03 14:48:05,91,-59,3706.0,22759
2022-10-03 14:48:06,91,14,3706.0,22773
2022-10-03 14:48:07,157,67,3706.25,22840
2022-10-03 14:48:08,55,17,3705.75,22857
2022-10-03 14:48:09,62,-4,3705.75,22853
2022-10-03 14:48:10,21,-11,3706.0,22842
2022-10-03 14:48:11,2,-2,3705.75,22840
2022-10-03 14:48:12,17,-11,3705.75,22829
2022-10-03 14:48:13,89,-38,3705.75,22791
2022-10-03 14:48:14,2,-1,3705.75,22790
2022-10-03 14:48:15,6,-2,3706.0,22788
2022-10-03 14:48:16,170,13,3706.0,22801
2022-10-03 14:48:17,26,-7,3706.25,22794
2022-10-03 14:48:18,23,-10,3706.0,22784
2022-10-03 14:48:19,46,12,3706.0,22796
2022-10-03 14:48:20,59,14,3706.25,22810
2022-10-03 14:48:21,2,-1,3706.25,22809
2022-10-03 14:48:22,72,44,3706.5,22853
2022-10-03 14:48:23,3,1,3706.5,22854
2022-10-03 14:48:24,46,0,3706.5,22854
2022-10-03 14:48:25,11,4,3706.75,22858
2022-10-03 14:48:26,6,2,3706.75,22860
2022-10-03 14:48:27,62,29,3707.0,22889
2022-10-03 14:48:28,107,67,3707.25,22956
2022-10-03 14:48:29,86,-35,3707.25,22921
2022-10-03 14:48:30,60,-2,3707.25,22919
2022-10-03 14:48:31,16,9,3707.25,22928
2022-10-03 14:48:32,55,-5,3707.25,22923
2022-10-03 14:48:33,38,11,3707.0,22934
2022-10-03 14:48:34,28,-14,3707.0,22920
2022-10-03 14:48:35,55,-17,3706.75,22903
2022-10-03 14:48:36,4,-3,3706.5,22900
2022-10-03 14:48:37,11,5,3706.75,22905
2022-10-03 14:48:38,5,-4,3706.5,22901
2022-10-03 14:48:39,96,-20,3706.5,22881
2022-10-03 14:48:40,540,-151,3706.5,22730
2022-10-03 14:48:41,364,40,3706.25,22770
2022-10-03 14:48:42,108,-29,3706.0,22741
2022-10-03 14:48:43,30,-28,3706.0,22713
2022-10-03 14:48:44,11,-2,3706.0,22711
2022-10-03 14:48:45,64,29,3706.0,22740
2022-10-03 14:48:46,6,-4,3706.25,22736
2022-10-03 14:48:47,50,10,3706.25,22746
2022-10-03 14:48:48,13,5,3706.5,22751
2022-10-03 14:48:50,694,-362,3706.25,22389
2022-10-03 14:48:51,44,-28,3705.75,22361
2022-10-03 14:48:52,142,-19,3705.75,22342
2022-10-03 14:48:53,70,-3,3705.5,22339
2022-10-03 14:48:54,5,2,3705.75,22341
2022-10-03 14:48:55,19,17,3705.75,22358
2022-10-03 14:48:56,46,24,3706.0,22382
2022-10-03 14:48:57,2,-2,3706.0,22380
2022-10-03 14:48:58,48,4,3706.25,22384
2022-10-03 14:49:00,79,42,3706.5,22426
2022-10-03 14:49:01,86,-14,3706.5,22412
2022-10-03 14:49:02,35,-11,3706.25,22401
2022-10-03 14:49:03,58,-3,3706.25,22398
2022-10-03 14:49:04,883,-307,3706.25,22091
2022-10-03 14:49:05,272,73,3705.0,22164
2022-10-03 14:49:06,210,75,3705.0,22239
2022-10-03 14:49:07,250,-83,3705.0,22156
2022-10-03 14:49:08,51,-4,3704.75,22152
2022-10-03 14:49:09,51,-18,3704.75,22134
2022-10-03 14:49:10,68,36,3705.0,22170
2022-10-03 14:49:11,19,8,3705.0,22178
2022-10-03 14:49:12,140,-58,3705.0,22120
2022-10-03 14:49:13,74,49,3705.0,22169
2022-10-03 14:49:14,5,4,3705.0,22173
2022-10-03 14:49:15,59,-19,3704.75,22154
2022-10-03 14:49:16,110,-37,3704.75,22117
2022-10-03 14:49:17,48,-1,3704.5,22116
2022-10-03 14:49:18,43,-22,3704.5,22094
2022-10-03 14:49:19,12,-3,3704.5,22091
2022-10-03 14:49:20,92,33,3704.75,22124
2022-10-03 14:49:21,62,-6,3704.75,22118
2022-10-03 14:49:22,261,-119,3704.5,21999
2022-10-03 14:49:23,80,-3,3704.25,21996
2022-10-03 14:49:24,59,3,3704.25,21999
2022-10-03 14:49:25,16,-9,3704.0,21990
2022-10-03 14:49:26,160,-23,3704.25,21967
2022-10-03 14:49:27,40,-5,3704.0,21962
2022-10-03 14:49:28,27,22,3704.0,21984
2022-10-03 14:49:29,76,9,3704.25,21993
2022-10-03 14:49:31,103,-6,3704.0,21987
2022-10-03 14:49:32,1393,-631,3704.0,21356
2022-10-03 14:49:33,95,-41,3703.75,21315
2022-10-03 14:49:34,120,-20,3703.5,21295
2022-10-03 14:49:35,192,-2,3703.75,21293
2022-10-03 14:49:36,30,6,3703.5,21299
2022-10-03 14:49:37,101,-44,3703.5,21255
2022-10-03 14:49:38,67,-5,3703.75,21250
2022-10-03 14:49:39,25,-10,3703.75,21240
2022-10-03 14:49:40,6,-1,3703.75,21239
2022-10-03 14:49:41,19,-6,3703.75,21233
2022-10-03 14:49:42,86,-13,3703.5,21220
2022-10-03 14:49:43,94,-28,3703.5,21192
2022-10-03 14:49:44,19,-1,3703.5,21191
2022-10-03 14:49:45,41,-11,3703.25,21180
2022-10-03 14:49:46,111,31,3703.75,21211
2022-10-03 14:49:47,62,-31,3704.0,21180
2022-10-03 14:49:48,81,21,3704.25,21201
2022-10-03 14:49:49,22,6,3704.25,21207
2022-10-03 14:49:50,142,20,3704.5,21227
2022-10-03 14:49:51,205,-22,3704.5,21205
2022-10-03 14:49:52,84,4,3704.5,21209
2022-10-03 14:49:53,13,-9,3704.25,21200
2022-10-03 14:49:54,84,24,3704.5,21224
2022-10-03 14:49:55,10,2,3704.25,21226
2022-10-03 14:49:56,44,30,3704.25,21256
2022-10-03 14:49:57,24,5,3704.5,21261
2022-10-03 14:49:58,2,0,3704.5,21261
2022-10-03 14:49:59,4,0,3704.5,21261
2022-10-03 14:50:00,95,-26,3704.5,21235
2022-10-03 14:50:01,211,23,3704.5,21258
2022-10-03 14:50:02,198,109,3705.25,21367
2022-10-03 14:50:03,118,6,3705.0,21373
2022-10-03 14:50:04,59,-29,3704.5,21344
2022-10-03 14:50:05,257,30,3704.5,21374
2022-10-03 14:50:06,18,4,3704.5,21378
2022-10-03 14:50:07,24,17,3704.75,21395
2022-10-03 14:50:08,48,-23,3704.5,21372
2022-10-03 14:50:09,54,2,3704.25,21374
2022-10-03 14:50:10,17,2,3704.25,21376
2022-10-03 14:50:11,172,-19,3704.25,21357
2022-10-03 14:50:12,65,8,3704.25,21365
2022-10-03 14:50:13,48,21,3704.25,21386
2022-10-03 14:50:14,127,-38,3704.5,21348
2022-10-03 14:50:15,5,-4,3704.25,21344
2022-10-03 14:50:16,9,2,3704.5,21346
2022-10-03 14:50:17,31,-11,3704.25,21335
2022-10-03 14:50:18,65,14,3704.25,21349
2022-10-03 14:50:19,67,17,3704.5,21366
2022-10-03 14:50:20,66,18,3704.5,21384
2022-10-03 14:50:21,137,20,3704.5,21404
2022-10-03 14:50:22,3,3,3704.25,21407
2022-10-03 14:50:23,1,1,3704.25,21408
2022-10-03 14:50:24,62,28,3704.5,21436
2022-10-03 14:50:26,87,29,3705.0,21465
2022-10-03 14:50:27,33,-6,3704.75,21459
2022-10-03 14:50:28,357,-14,3705.0,21445
2022-10-03 14:50:29,42,7,3705.0,21452
2022-10-03 14:50:30,3,1,3705.0,21453
2022-10-03 14:50:31,2,1,3705.0,21454
2022-10-03 14:50:32,30,-13,3705.0,21441
2022-10-03 14:50:33,4,-2,3705.0,21439
2022-10-03 14:50:34,219,22,3705.5,21461
2022-10-03 14:50:35,98,4,3705.5,21465
2022-10-03 14:50:36,14,-3,3705.25,21462
2022-10-03 14:50:37,16,1,3705.25,21463
2022-10-03 14:50:38,10,-6,3705.25,21457
2022-10-03 14:50:40,2,0,3705.25,21457
2022-10-03 14:50:41,85,-5,3705.25,21452
2022-10-03 14:50:42,92,2,3705.25,21454
2022-10-03 14:50:44,26,-13,3705.0,21441
2022-10-03 14:50:45,44,18,3705.0,21459
2022-10-03 14:50:46,72,-8,3705.0,21451
2022-10-03 14:50:47,9,-7,3704.5,21444
2022-10-03 14:50:48,81,-9,3704.5,21435
2022-10-03 14:50:50,37,-14,3704.5,21421
2022-10-03 14:50:51,92,20,3704.5,21441
2022-10-03 14:50:52,51,12,3704.75,21453
2022-10-03 14:50:53,41,-3,3704.75,21450
2022-10-03 14:50:54,11,-2,3704.75,21448
2022-10-03 14:50:55,25,10,3705.0,21458
2022-10-03 14:50:56,3,3,3705.0,21461
2022-10-03 14:50:57,60,20,3705.0,21481
2022-10-03 14:50:58,4,-2,3705.25,21479
2022-10-03 14:50:59,63,27,3705.25,21506
2022-10-03 14:51:00,52,29,3705.75,21535
2022-10-03 14:51:01,5,0,3705.75,21535
2022-10-03 14:51:02,61,29,3705.75,21564
2022-10-03 14:51:03,29,3,3705.75,21567
2022-10-03 14:51:04,4,-3,3705.5,21564
2022-10-03 14:51:05,158,-8,3706.0,21556
2022-10-03 14:51:06,15,0,3706.0,21556
2022-10-03 14:51:07,5,4,3706.0,21560
2022-10-03 14:51:08,12,5,3706.0,21565
2022-10-03 14:51:09,6,2,3706.0,21567
2022-10-03 14:51:10,169,76,3706.5,21643
2022-10-03 14:51:11,3,1,3706.25,21644
2022-10-03 14:51:12,49,17,3706.25,21661
2022-10-03 14:51:13,43,13,3706.25,21674
2022-10-03 14:51:14,15,7,3706.25,21681
2022-10-03 14:51:15,160,3,3706.75,21684
2022-10-03 14:51:16,96,19,3706.75,21703
2022-10-03 14:51:17,103,-6,3706.75,21697
2022-10-03 14:51:18,5,1,3706.75,21698
2022-10-03 14:51:19,4,2,3706.75,21700
2022-10-03 14:51:20,60,-25,3706.5,21675
2022-10-03 14:51:21,81,5,3706.25,21680
2022-10-03 14:51:22,46,-9,3706.25,21671
2022-10-03 14:51:23,17,7,3706.5,21678
2022-10-03 14:51:24,3,3,3706.5,21681
2022-10-03 14:51:25,10,-5,3706.25,21676
2022-10-03 14:51:26,1,1,3706.5,21677
2022-10-03 14:51:27,26,11,3706.5,21688
2022-10-03 14:51:28,9,-1,3706.75,21687
2022-10-03 14:51:29,38,-25,3706.5,21662
2022-10-03 14:51:30,58,1,3706.5,21663
2022-10-03 14:51:31,13,-11,3706.5,21652
2022-10-03 14:51:32,79,45,3706.75,21697
2022-10-03 14:51:33,68,-16,3706.75,21681
2022-10-03 14:51:34,53,20,3706.75,21701
2022-10-03 14:51:35,49,-3,3707.0,21698
2022-10-03 14:51:36,5,-1,3706.75,21697
2022-10-03 14:51:37,10,8,3706.75,21705
2022-10-03 14:51:38,130,-4,3706.5,21701
2022-10-03 14:51:39,31,-16,3706.5,21685
2022-10-03 14:51:40,58,7,3706.5,21692
2022-10-03 14:51:41,109,37,3706.75,21729
2022-10-03 14:51:42,51,55,3706.75,21784
2022-10-03 14:51:43,46,4,3706.75,21788
2022-10-03 14:51:44,48,4,3707.0,21792
2022-10-03 14:51:45,29,-12,3707.0,21780
2022-10-03 14:51:46,38,0,3706.75,21780
2022-10-03 14:51:47,8,-8,3706.5,21772
2022-10-03 14:51:48,90,2,3706.75,21774
2022-10-03 14:51:49,28,12,3706.5,21786
2022-10-03 14:51:50,27,12,3706.75,21798
2022-10-03 14:51:51,41,-5,3706.75,21793
2022-10-03 14:51:52,67,-8,3707.0,21785
2022-10-03 14:51:53,23,5,3706.75,21790
2022-10-03 14:51:54,42,8,3706.75,21798
2022-10-03 14:51:55,1,1,3707.0,21799
2022-10-03 14:51:57,14,4,3707.0,21803
2022-10-03 14:51:58,1,-1,3706.75,21802
2022-10-03 14:51:59,11,9,3707.0,21811
2022-10-03 14:52:00,2,2,3707.0,21813
2022-10-03 14:52:01,130,18,3707.0,21831
2022-10-03 14:52:02,141,88,3707.5,21919
2022-10-03 14:52:03,134,30,3707.75,21949
2022-10-03 14:52:04,33,17,3707.5,21966
2022-10-03 14:52:05,4,-2,3707.5,21964
2022-10-03 14:52:06,82,-13,3707.5,21951
2022-10-03 14:52:07,44,16,3707.25,21967
2022-10-03 14:52:08,59,-9,3707.25,21958
2022-10-03 14:52:09,294,49,3707.75,22007
2022-10-03 14:52:10,12,8,3707.25,22015
2022-10-03 14:52:11,88,-13,3707.25,22002
2022-10-03 14:52:12,10,8,3707.0,22010
2022-10-03 14:52:13,115,3,3707.25,22013
2022-10-03 14:52:14,173,-18,3707.25,21995
2022-10-03 14:52:16,71,-19,3707.0,21976
2022-10-03 14:52:17,35,-1,3707.0,21975
2022-10-03 14:52:18,68,8,3707.25,21983
2022-10-03 14:52:19,2,-2,3707.0,21981
2022-10-03 14:52:20,158,77,3707.5,22058
2022-10-03 14:52:21,52,-27,3707.25,22031
2022-10-03 14:52:22,376,-61,3707.25,21970
2022-10-03 14:52:23,1,-1,3707.0,21969
2022-10-03 14:52:24,5,-1,3707.25,21968
2022-10-03 14:52:25,55,-11,3707.0,21957
2022-10-03 14:52:26,52,-1,3707.25,21956
2022-10-03 14:52:27,23,17,3707.25,21973
2022-10-03 14:52:28,4,1,3707.25,21974
2022-10-03 14:52:29,46,-2,3707.25,21972
2022-10-03 14:52:30,78,-15,3707.0,21957
2022-10-03 14:52:31,43,0,3707.25,21957
2022-10-03 14:52:32,1,-1,3707.0,21956
2022-10-03 14:52:33,182,2,3707.0,21958
2022-10-03 14:52:34,125,9,3707.0,21967
2022-10-03 14:52:36,43,13,3707.25,21980
2022-10-03 14:52:37,39,-10,3707.0,21970
2022-10-03 14:52:38,8,6,3707.0,21976
2022-10-03 14:52:39,6,-6,3706.75,21970
2022-10-03 14:52:40,65,-14,3706.75,21956
2022-10-03 14:52:41,59,-44,3706.5,21912
2022-10-03 14:52:42,7,-4,3706.75,21908
2022-10-03 14:52:43,49,8,3706.75,21916
2022-10-03 14:52:44,46,22,3707.0,21938
2022-10-03 14:52:45,48,-3,3707.0,21935
2022-10-03 14:52:46,2,-2,3706.75,21933
2022-10-03 14:52:47,28,19,3707.0,21952
2022-10-03 14:52:48,1,-1,3707.0,21951
2022-10-03 14:52:49,2,2,3707.25,21953
2022-10-03 14:52:50,2,0,3707.25,21953
2022-10-03 14:52:51,11,8,3707.25,21961
2022-10-03 14:52:52,97,23,3707.0,21984
2022-10-03 14:52:53,25,-1,3707.0,21983
2022-10-03 14:52:54,1,1,3707.0,21984
2022-10-03 14:52:55,34,25,3707.0,22009
2022-10-03 14:52:56,11,-9,3707.25,22000
2022-10-03 14:52:57,1,1,3707.25,22001
2022-10-03 14:52:58,67,-25,3707.25,21976
2022-10-03 14:52:59,47,27,3707.5,22003
2022-10-03 14:53:00,77,33,3707.5,22036
2022-10-03 14:53:01,125,31,3707.25,22067
2022-10-03 14:53:02,5,-5,3707.25,22062
2022-10-03 14:53:03,1,1,3707.5,22063
2022-10-03 14:53:04,76,-7,3707.25,22056
2022-10-03 14:53:05,49,-8,3707.25,22048
2022-10-03 14:53:06,62,23,3707.5,22071
2022-10-03 14:53:07,17,8,3707.5,22079
2022-10-03 14:53:08,8,5,3707.75,22084
2022-10-03 14:53:09,374,125,3708.25,22209
2022-10-03 14:53:10,8,6,3708.0,22215
2022-10-03 14:53:11,9,7,3708.0,22222
2022-10-03 14:53:12,137,-15,3708.25,22207
2022-10-03 14:53:13,13,11,3708.25,22218
2022-10-03 14:53:14,12,8,3708.25,22226
2022-10-03 14:53:15,75,35,3708.25,22261
2022-10-03 14:53:16,211,5,3708.25,22266
2022-10-03 14:53:17,46,30,3708.25,22296
2022-10-03 14:53:18,25,-14,3708.25,22282
2022-10-03 14:53:19,62,-42,3707.75,22240
2022-10-03 14:53:20,136,11,3707.75,22251
2022-10-03 14:53:21,59,-4,3707.75,22247
2022-10-03 14:53:22,21,-17,3707.25,22230
2022-10-03 14:53:23,55,-28,3707.5,22202
2022-10-03 14:53:24,52,-1,3707.25,22201
2022-10-03 14:53:25,77,-19,3707.5,22182
2022-10-03 14:53:26,11,-6,3707.25,22176
2022-10-03 14:53:27,51,-34,3707.0,22142
2022-10-03 14:53:28,188,-78,3707.0,22064
2022-10-03 14:53:29,52,6,3706.5,22070
2022-10-03 14:53:30,61,19,3707.0,22089
2022-10-03 14:53:31,26,-6,3706.75,22083
2022-10-03 14:53:32,2,-2,3706.5,22081
2022-10-03 14:53:33,50,-8,3706.75,22073
2022-10-03 14:53:34,20,-10,3706.75,22063
2022-10-03 14:53:35,95,-2,3706.75,22061
2022-10-03 14:53:36,68,-48,3706.5,22013
2022-10-03 14:53:37,28,12,3706.5,22025
2022-10-03 14:53:38,29,1,3706.75,22026
2022-10-03 14:53:39,89,16,3707.0,22042
2022-10-03 14:53:40,3,-1,3707.0,22041
2022-10-03 14:53:41,3,-1,3707.0,22040
2022-10-03 14:53:42,7,-3,3707.0,22037
2022-10-03 14:53:43,76,3,3707.25,22040
2022-10-03 14:53:44,5,-3,3707.0,22037
2022-10-03 14:53:45,35,-18,3707.0,22019
2022-10-03 14:53:46,19,-1,3706.75,22018
2022-10-03 14:53:47,38,-3,3706.5,22015
2022-10-03 14:53:48,24,-20,3706.5,21995
2022-10-03 14:53:49,6,-2,3706.5,21993
2022-10-03 14:53:50,47,-14,3706.25,21979
2022-10-03 14:53:51,88,-11,3706.25,21968
2022-10-03 14:53:52,24,-19,3706.0,21949
2022-10-03 14:53:53,4,-4,3705.75,21945
2022-10-03 14:53:54,105,13,3706.25,21958
2022-10-03 14:53:55,43,14,3706.5,21972
2022-10-03 14:53:56,68,-1,3706.5,21971
2022-10-03 14:53:57,6,-6,3706.5,21965
2022-10-03 14:53:58,38,17,3706.75,21982
2022-10-03 14:53:59,100,-37,3706.5,21945
2022-10-03 14:54:00,43,2,3706.75,21947
2022-10-03 14:54:01,11,-4,3706.5,21943
2022-10-03 14:54:02,33,0,3706.5,21943
2022-10-03 14:54:03,21,4,3706.5,21947
2022-10-03 14:54:04,33,-13,3706.5,21934
2022-10-03 14:54:05,4,-4,3706.25,21930
2022-10-03 14:54:06,2,2,3706.5,21932
2022-10-03 14:54:07,43,-5,3706.25,21927
2022-10-03 14:54:08,27,3,3706.5,21930
2022-10-03 14:54:09,1,1,3706.5,21931
2022-10-03 14:54:10,14,-7,3706.25,21924
2022-10-03 14:54:11,10,2,3706.25,21926
2022-10-03 14:54:12,1,1,3706.5,21927
2022-10-03 14:54:14,41,-12,3706.25,21915
2022-10-03 14:54:15,43,-3,3706.5,21912
2022-10-03 14:54:16,1,-1,3706.25,21911
2022-10-03 14:54:17,71,32,3706.5,21943
2022-10-03 14:54:18,52,10,3706.5,21953
2022-10-03 14:54:19,12,-1,3706.5,21952
2022-10-03 14:54:20,8,0,3706.5,21952
2022-10-03 14:54:21,27,3,3706.75,21955
2022-10-03 14:54:22,52,28,3706.75,21983
2022-10-03 14:54:23,1,-1,3706.5,21982
2022-10-03 14:54:24,78,-3,3706.5,21979
2022-10-03 14:54:25,5,-1,3706.5,21978
2022-10-03 14:54:26,2,0,3706.5,21978
2022-10-03 14:54:27,1,1,3706.5,21979
2022-10-03 14:54:28,14,-9,3706.5,21970
2022-10-03 14:54:29,11,-8,3706.25,21962
2022-10-03 14:54:30,3,1,3706.5,21963
2022-10-03 14:54:31,6,-4,3706.5,21959
2022-10-03 14:54:32,1,-1,3706.25,21958
2022-10-03 14:54:34,9,-6,3706.5,21952
2022-10-03 14:54:35,19,-3,3706.5,21949
2022-10-03 14:54:36,93,35,3706.75,21984
2022-10-03 14:54:37,35,2,3707.0,21986
2022-10-03 14:54:38,2,0,3707.0,21986
2022-10-03 14:54:39,65,17,3707.25,22003
2022-10-03 14:54:40,51,10,3707.5,22013
2022-10-03 14:54:41,64,-4,3707.5,22009
2022-10-03 14:54:42,16,-4,3707.25,22005
2022-10-03 14:54:43,37,-19,3707.25,21986
2022-10-03 14:54:44,1,1,3707.0,21987
2022-10-03 14:54:45,122,-11,3707.0,21976
2022-10-03 14:54:46,48,-2,3706.75,21974
2022-10-03 14:54:47,24,-10,3706.75,21964
2022-10-03 14:54:48,62,32,3707.0,21996
2022-10-03 14:54:49,7,0,3707.0,21996
2022-10-03 14:54:50,2,-2,3706.75,21994
2022-10-03 14:54:51,11,9,3707.0,22003
2022-10-03 14:54:52,3,-2,3707.0,22001
2022-10-03 14:54:53,45,-9,3707.25,21992
2022-10-03 14:54:54,2,2,3707.25,21994
2022-10-03 14:54:55,61,12,3707.5,22006
2022-10-03 14:54:56,1,1,3707.5,22007
2022-10-03 14:54:57,51,31,3707.75,22038
2022-10-03 14:54:58,69,-14,3707.5,22024
2022-10-03 14:54:59,24,10,3707.75,22034
2022-10-03 14:55:00,19,-11,3707.5,22023
2022-10-03 14:55:01,51,23,3707.75,22046
2022-10-03 14:55:02,59,-13,3708.0,22033
2022-10-03 14:55:03,44,2,3707.5,22035
2022-10-03 14:55:04,23,18,3708.0,22053
2022-10-03 14:55:05,14,5,3708.0,22058
2022-10-03 14:55:06,101,-8,3708.0,22050
2022-10-03 14:55:07,3,3,3708.0,22053
2022-10-03 14:55:09,139,-57,3707.75,21996
2022-10-03 14:55:10,46,-7,3707.5,21989
2022-10-03 14:55:11,2,-2,3707.25,21987
2022-10-03 14:55:12,94,25,3707.75,22012
2022-10-03 14:55:13,62,34,3707.75,22046
2022-10-03 14:55:15,59,3,3707.75,22049
2022-10-03 14:55:17,21,10,3707.75,22059
2022-10-03 14:55:18,98,23,3708.25,22082
2022-10-03 14:55:19,1,1,3708.25,22083
2022-10-03 14:55:20,114,40,3708.25,22123
2022-10-03 14:55:21,26,16,3708.25,22139
2022-10-03 14:55:22,1,-1,3708.0,22138
2022-10-03 14:55:23,21,5,3708.25,22143
2022-10-03 14:55:24,8,4,3708.25,22147
2022-10-03 14:55:25,97,-18,3708.0,22129
2022-10-03 14:55:26,4,2,3708.25,22131
2022-10-03 14:55:27,60,-35,3708.0,22096
2022-10-03 14:55:28,62,-29,3708.0,22067
2022-10-03 14:55:29,50,21,3708.0,22088
2022-10-03 14:55:30,24,3,3708.0,22091
2022-10-03 14:55:32,4,2,3708.0,22093
2022-10-03 14:55:33,117,19,3708.0,22112
2022-10-03 14:55:34,2,2,3708.0,22114
2022-10-03 14:55:35,40,-18,3707.75,22096
2022-10-03 14:55:36,1,-1,3707.5,22095
2022-10-03 14:55:37,14,1,3707.75,22096
2022-10-03 14:55:38,135,7,3707.75,22103
2022-10-03 14:55:39,21,-19,3707.75,22084
2022-10-03 14:55:40,26,9,3707.75,22093
2022-10-03 14:55:41,71,18,3707.75,22111
2022-10-03 14:55:42,49,6,3707.75,22117
2022-10-03 14:55:43,29,8,3708.0,22125
2022-10-03 14:55:44,28,-19,3707.75,22106
2022-10-03 14:55:45,65,43,3708.0,22149
2022-10-03 14:55:46,1,-1,3707.75,22148
2022-10-03 14:55:47,46,-2,3708.0,22146
2022-10-03 14:55:49,3,-1,3707.75,22145
2022-10-03 14:55:50,1,-1,3707.75,22144
2022-10-03 14:55:51,144,-17,3708.0,22127
2022-10-03 14:55:52,57,-18,3708.0,22109
2022-10-03 14:55:53,13,12,3707.75,22121
2022-10-03 14:55:54,4,-4,3707.5,22117
2022-10-03 14:55:55,95,-13,3707.5,22104
2022-10-03 14:55:56,3,-1,3707.75,22103
2022-10-03 14:55:57,5,2,3707.75,22105
2022-10-03 14:55:58,2,1,3707.75,22106
2022-10-03 14:55:59,217,-65,3707.75,22041
2022-10-03 14:56:00,41,7,3707.5,22048
2022-10-03 14:56:01,157,-110,3707.5,21938
2022-10-03 14:56:02,16,-3,3707.25,21935
2022-10-03 14:56:03,62,-7,3707.0,21928
2022-10-03 14:56:04,45,11,3707.0,21939
2022-10-03 14:56:05,81,30,3707.5,21969
2022-10-03 14:56:06,69,22,3707.5,21991
2022-10-03 14:56:07,3,0,3707.5,21991
2022-10-03 14:56:08,35,-9,3707.5,21982
2022-10-03 14:56:09,9,2,3707.25,21984
2022-10-03 14:56:10,23,-15,3707.25,21969
2022-10-03 14:56:12,8,0,3707.25,21969
2022-10-03 14:56:13,81,32,3707.25,22001
2022-10-03 14:56:14,8,-3,3707.25,21998
2022-10-03 14:56:15,6,-6,3707.0,21992
2022-10-03 14:56:16,28,-8,3707.0,21984
2022-10-03 14:56:17,1,1,3707.0,21985
2022-10-03 14:56:18,4,-2,3707.0,21983
2022-10-03 14:56:20,12,-9,3706.75,21974
2022-10-03 14:56:21,66,2,3706.75,21976
2022-10-03 14:56:22,159,-9,3707.0,21967
2022-10-03 14:56:23,185,-81,3707.25,21886
2022-10-03 14:56:26,55,-13,3707.0,21873
2022-10-03 14:56:27,31,-4,3706.75,21869
2022-10-03 14:56:29,74,1,3706.75,21870
2022-10-03 14:56:30,46,15,3706.75,21885
2022-10-03 14:56:31,15,-5,3707.0,21880
2022-10-03 14:56:33,88,25,3707.0,21905
2022-10-03 14:56:34,38,-15,3707.0,21890
2022-10-03 14:56:35,36,-3,3707.0,21887
2022-10-03 14:56:36,55,13,3706.75,21900
2022-10-03 14:56:37,26,16,3707.0,21916
2022-10-03 14:56:38,15,12,3707.25,21928
2022-10-03 14:56:39,3,0,3707.25,21928
2022-10-03 14:56:40,43,8,3707.0,21936
2022-10-03 14:56:41,1,-1,3707.0,21935
2022-10-03 14:56:42,1,1,3707.25,21936
2022-10-03 14:56:43,6,2,3707.25,21938
2022-10-03 14:56:44,8,8,3707.25,21946
2022-10-03 14:56:45,80,29,3707.5,21975
2022-10-03 14:56:46,107,11,3707.5,21986
2022-10-03 14:56:47,126,36,3707.75,22022
2022-10-03 14:56:48,51,8,3707.75,22030
2022-10-03 14:56:49,36,9,3707.75,22039
2022-10-03 14:56:50,33,-5,3707.75,22034
2022-10-03 14:56:51,34,5,3708.0,22039
2022-10-03 14:56:52,48,-6,3708.0,22033
2022-10-03 14:56:53,259,-59,3708.0,21974
2022-10-03 14:56:54,279,69,3708.5,22043
2022-10-03 14:56:55,123,-26,3708.25,22017
2022-10-03 14:56:56,2,2,3708.0,22019
2022-10-03 14:56:57,12,-2,3708.0,22017
2022-10-03 14:56:58,75,24,3708.0,22041
2022-10-03 14:56:59,35,24,3708.25,22065
2022-10-03 14:57:00,52,-9,3708.0,22056
2022-10-03 14:57:01,46,-17,3707.75,22039
2022-10-03 14:57:02,45,4,3707.75,22043
2022-10-03 14:57:03,34,-2,3707.75,22041
2022-10-03 14:57:04,19,13,3707.75,22054
2022-10-03 14:57:05,40,-10,3708.0,22044
2022-10-03 14:57:06,19,6,3708.0,22050
2022-10-03 14:57:07,60,35,3708.0,22085
2022-10-03 14:57:08,67,13,3708.0,22098
2022-10-03 14:57:09,34,12,3708.0,22110
2022-10-03 14:57:10,30,19,3708.25,22129
2022-10-03 14:57:12,19,8,3708.25,22137
2022-10-03 14:57:13,3,-3,3708.0,22134
2022-10-03 14:57:14,5,2,3708.25,22136
2022-10-03 14:57:15,14,13,3708.25,22149
2022-10-03 14:57:16,5,-5,3708.0,22144
2022-10-03 14:57:17,148,-6,3708.25,22138
2022-10-03 14:57:18,80,11,3708.5,22149
2022-10-03 14:57:19,33,-11,3708.5,22138
2022-10-03 14:57:20,8,5,3708.5,22143
2022-10-03 14:57:21,3,-1,3708.5,22142
2022-10-03 14:57:22,72,-18,3708.5,22124
2022-10-03 14:57:23,30,-8,3708.5,22116
2022-10-03 14:57:24,1,-1,3708.25,22115
2022-10-03 14:57:26,83,34,3708.5,22149
2022-10-03 14:57:28,294,97,3709.0,22246
2022-10-03 14:57:29,152,21,3709.0,22267
2022-10-03 14:57:30,41,21,3709.0,22288
2022-10-03 14:57:31,29,-14,3709.0,22274
2022-10-03 14:57:32,20,16,3709.0,22290
2022-10-03 14:57:33,30,13,3709.0,22303
2022-10-03 14:57:34,10,-6,3709.0,22297
2022-10-03 14:57:35,33,13,3709.0,22310
2022-10-03 14:57:36,100,-19,3709.0,22291
2022-10-03 14:57:37,375,100,3709.5,22391
2022-10-03 14:57:38,62,19,3709.5,22410
2022-10-03 14:57:39,14,5,3709.5,22415
2022-10-03 14:57:40,66,49,3709.5,22464
2022-10-03 14:57:41,133,-34,3709.5,22430
2022-10-03 14:57:42,6,-2,3709.25,22428
2022-10-03 14:57:43,188,-25,3709.0,22403
2022-10-03 14:57:44,127,-27,3708.75,22376
2022-10-03 14:57:45,42,6,3708.75,22382
2022-10-03 14:57:46,134,47,3708.75,22429
2022-10-03 14:57:48,27,10,3708.5,22439
2022-10-03 14:57:49,38,17,3708.5,22456
2022-10-03 14:57:50,41,23,3708.5,22479
2022-10-03 14:57:51,5,-5,3708.25,22474
2022-10-03 14:57:52,6,0,3708.5,22474
2022-10-03 14:57:53,7,4,3708.5,22478
2022-10-03 14:57:54,92,2,3708.5,22480
2022-10-03 14:57:55,18,7,3708.5,22487
2022-10-03 14:57:56,4,1,3708.5,22488
2022-10-03 14:57:57,7,5,3708.5,22493
2022-10-03 14:57:58,2,-2,3708.25,22491
2022-10-03 14:57:59,9,9,3708.5,22500
2022-10-03 14:58:00,68,13,3708.5,22513
2022-10-03 14:58:01,38,-18,3708.5,22495
2022-10-03 14:58:02,129,-12,3708.5,22483
2022-10-03 14:58:03,131,65,3709.0,22548
2022-10-03 14:58:04,134,28,3709.0,22576
2022-10-03 14:58:05,89,35,3709.25,22611
2022-10-03 14:58:06,3,-3,3709.0,22608
2022-10-03 14:58:07,1,-1,3709.0,22607
2022-10-03 14:58:08,19,-2,3709.25,22605
2022-10-03 14:58:09,75,-20,3709.25,22585
2022-10-03 14:58:10,4,-3,3709.0,22582
2022-10-03 14:58:11,3,-2,3709.0,22580
2022-10-03 14:58:12,31,7,3709.25,22587
2022-10-03 14:58:13,31,16,3709.25,22603
2022-10-03 14:58:14,110,-8,3709.25,22595
2022-10-03 14:58:15,11,4,3709.25,22599
2022-10-03 14:58:16,42,21,3709.25,22620
2022-10-03 14:58:17,7,6,3709.25,22626
2022-10-03 14:58:18,96,-25,3709.0,22601
2022-10-03 14:58:19,2,-2,3709.0,22599
2022-10-03 14:58:20,62,38,3709.25,22637
2022-10-03 14:58:21,10,1,3709.25,22638
2022-10-03 14:58:22,45,24,3709.5,22662
2022-10-03 14:58:23,7,1,3709.5,22663
2022-10-03 14:58:24,14,8,3709.5,22671
2022-10-03 14:58:25,32,21,3709.5,22692
2022-10-03 14:58:26,2,2,3709.5,22694
2022-10-03 14:58:27,59,-15,3709.5,22679
2022-10-03 14:58:28,5,-5,3709.0,22674
2022-10-03 14:58:29,123,-16,3709.25,22658
2022-10-03 14:58:30,48,-22,3709.25,22636
2022-10-03 14:58:31,3,2,3709.0,22638
2022-10-03 14:58:32,20,14,3709.0,22652
2022-10-03 14:58:33,40,-13,3709.0,22639
2022-10-03 14:58:34,8,4,3709.0,22643
2022-10-03 14:58:35,14,-3,3709.0,22640
2022-10-03 14:58:36,157,52,3709.5,22692
2022-10-03 14:58:37,66,-2,3709.5,22690
2022-10-03 14:58:38,36,17,3709.5,22707
2022-10-03 14:58:39,13,11,3709.5,22718
2022-10-03 14:58:40,315,117,3709.75,22835
2022-10-03 14:58:41,12,2,3709.75,22837
2022-10-03 14:58:42,854,330,3710.5,23167
2022-10-03 14:58:43,114,-4,3710.5,23163
2022-10-03 14:58:44,274,-48,3710.5,23115
2022-10-03 14:58:45,38,15,3710.5,23130
2022-10-03 14:58:46,46,26,3710.5,23156
2022-10-03 14:58:47,254,82,3710.75,23238
2022-10-03 14:58:48,68,-12,3710.75,23226
2022-10-03 14:58:49,99,33,3710.75,23259
2022-10-03 14:58:50,996,332,3711.75,23591
2022-10-03 14:58:51,106,35,3711.25,23626
2022-10-03 14:58:52,238,-11,3711.5,23615
2022-10-03 14:58:53,116,-8,3711.25,23607
2022-10-03 14:58:54,187,-43,3711.0,23564
2022-10-03 14:58:55,46,-13,3710.75,23551
2022-10-03 14:58:56,242,39,3711.0,23590
2022-10-03 14:58:57,42,-1,3710.75,23589
2022-10-03 14:58:58,47,-18,3710.5,23571
2022-10-03 14:58:59,200,56,3710.75,23627
2022-10-03 14:59:00,116,-23,3710.75,23604
2022-10-03 14:59:01,304,-116,3710.5,23488
2022-10-03 14:59:02,226,-36,3710.0,23452
2022-10-03 14:59:03,112,-8,3710.0,23444
2022-10-03 14:59:04,85,1,3710.0,23445
2022-10-03 14:59:05,55,-14,3710.0,23431
2022-10-03 14:59:06,64,-25,3709.5,23406
2022-10-03 14:59:07,96,-11,3709.5,23395
2022-10-03 14:59:08,164,-46,3709.5,23349
2022-10-03 14:59:09,44,-9,3709.25,23340
2022-10-03 14:59:10,21,-5,3709.25,23335
2022-10-03 14:59:11,84,37,3709.75,23372
2022-10-03 14:59:12,31,-2,3709.75,23370
2022-10-03 14:59:13,76,17,3710.0,23387
2022-10-03 14:59:14,100,-20,3709.75,23367
2022-10-03 14:59:15,51,-8,3710.0,23359
2022-10-03 14:59:16,198,46,3710.25,23405
2022-10-03 14:59:17,75,-12,3710.25,23393
2022-10-03 14:59:18,114,49,3710.0,23442
2022-10-03 14:59:19,3,-1,3710.0,23441
2022-10-03 14:59:20,18,5,3710.0,23446
2022-10-03 14:59:21,49,-30,3710.0,23416
2022-10-03 14:59:22,28,8,3710.0,23424
2022-10-03 14:59:23,89,7,3710.0,23431
2022-10-03 14:59:24,72,-28,3710.0,23403
2022-10-03 14:59:25,97,17,3710.25,23420
2022-10-03 14:59:26,149,-30,3710.25,23390
2022-10-03 14:59:27,67,-1,3710.25,23389
2022-10-03 14:59:28,51,-13,3710.0,23376
2022-10-03 14:59:29,17,-16,3709.75,23360
2022-10-03 14:59:30,166,-21,3709.75,23339
2022-10-03 14:59:31,55,-30,3709.75,23309
2022-10-03 14:59:32,41,-2,3709.5,23307
2022-10-03 14:59:33,3,-1,3709.5,23306
2022-10-03 14:59:34,45,-5,3709.75,23301
2022-10-03 14:59:35,129,-19,3709.5,23282
2022-10-03 14:59:36,53,-16,3709.5,23266
2022-10-03 14:59:37,153,-31,3709.25,23235
2022-10-03 14:59:38,160,-81,3708.75,23154
2022-10-03 14:59:39,115,-11,3708.5,23143
2022-10-03 14:59:40,90,-1,3708.75,23142
2022-10-03 14:59:41,92,-26,3708.75,23116
2022-10-03 14:59:42,1257,-876,3708.5,22240
2022-10-03 14:59:43,210,39,3707.75,22279
2022-10-03 14:59:44,26,-6,3707.75,22273
2022-10-03 14:59:45,133,-24,3707.75,22249
2022-10-03 14:59:46,72,-54,3707.5,22195
2022-10-03 14:59:47,23,0,3707.5,22195
2022-10-03 14:59:48,126,-20,3707.75,22175
2022-10-03 14:59:49,68,-20,3707.75,22155
2022-10-03 14:59:50,112,-26,3707.5,22129
2022-10-03 14:59:51,21,-3,3707.25,22126
2022-10-03 14:59:52,143,-18,3707.25,22108
2022-10-03 14:59:53,171,28,3707.5,22136
2022-10-03 14:59:54,10,-5,3707.5,22131
2022-10-03 14:59:55,91,45,3707.5,22176
2022-10-03 14:59:56,107,-26,3707.5,22150
2022-10-03 14:59:57,43,-9,3707.75,22141
2022-10-03 14:59:58,47,-33,3707.25,22108
2022-10-03 14:59:59,89,-45,3707.25,22063
2022-10-03 15:00:00,227,-26,3707.75,22037
2022-10-03 15:00:01,3,-3,3707.25,22034
2022-10-03 15:00:02,52,13,3707.5,22047
2022-10-03 15:00:03,28,-11,3707.25,22036
2022-10-03 15:00:04,139,-28,3707.25,22008
2022-10-03 15:00:05,44,2,3707.0,22010
2022-10-03 15:00:06,57,-25,3707.0,21985
2022-10-03 15:00:07,171,-46,3706.75,21939
2022-10-03 15:00:08,55,-31,3706.75,21908
2022-10-03 15:00:09,69,-9,3706.5,21899
2022-10-03 15:00:10,105,-20,3706.5,21879
2022-10-03 15:00:11,92,-7,3706.5,21872
2022-10-03 15:00:12,33,-23,3706.25,21849
2022-10-03 15:00:13,123,9,3706.25,21858
2022-10-03 15:00:14,116,38,3706.5,21896
2022-10-03 15:00:15,21,10,3706.5,21906
2022-10-03 15:00:16,4,-4,3706.25,21902
2022-10-03 15:00:17,103,-2,3706.25,21900
2022-10-03 15:00:18,574,268,3707.75,22168
2022-10-03 15:00:19,343,73,3708.0,22241
2022-10-03 15:00:20,60,-16,3707.75,22225
2022-10-03 15:00:21,45,9,3707.5,22234
2022-10-03 15:00:22,58,4,3707.75,22238
2022-10-03 15:00:23,44,2,3707.75,22240
2022-10-03 15:00:24,162,2,3707.5,22242
2022-10-03 15:00:25,4,-1,3707.25,22241
2022-10-03 15:00:26,148,-42,3707.5,22199
2022-10-03 15:00:27,7,-3,3707.25,22196
2022-10-03 15:00:28,6,0,3707.5,22196
2022-10-03 15:00:29,6,-4,3707.5,22192
2022-10-03 15:00:30,62,12,3707.75,22204
2022-10-03 15:00:31,119,4,3707.5,22208
2022-10-03 15:00:32,13,6,3707.5,22214
2022-10-03 15:00:33,19,-4,3707.25,22210
2022-10-03 15:00:34,9,2,3707.25,22212
2022-10-03 15:00:35,99,-21,3707.0,22191
2022-10-03 15:00:36,37,19,3707.0,22210
2022-10-03 15:00:37,23,-11,3707.25,22199
2022-10-03 15:00:38,27,-6,3707.0,22193
2022-10-03 15:00:39,30,-9,3707.25,22184
2022-10-03 15:00:40,54,16,3707.25,22200
2022-10-03 15:00:41,3,1,3707.25,22201
2022-10-03 15:00:42,83,7,3707.0,22208
2022-10-03 15:00:43,3,-1,3707.25,22207
2022-10-03 15:00:44,212,-104,3707.25,22103
2022-10-03 15:00:45,35,23,3707.5,22126
2022-10-03 15:00:46,50,8,3707.5,22134
2022-10-03 15:00:47,47,1,3707.5,22135
2022-10-03 15:00:48,4,1,3707.5,22136
2022-10-03 15:00:49,34,-8,3707.5,22128
2022-10-03 15:00:50,84,-20,3707.5,22108
2022-10-03 15:00:51,5,4,3707.5,22112
2022-10-03 15:00:52,5,3,3707.5,22115
2022-10-03 15:00:53,74,-24,3707.25,22091
2022-10-03 15:00:54,57,-2,3707.25,22089
2022-10-03 15:00:55,188,-81,3707.0,22008
2022-10-03 15:00:56,5,3,3707.0,22011
2022-10-03 15:00:57,32,-20,3706.75,21991
2022-10-03 15:00:58,37,-3,3706.75,21988
2022-10-03 15:00:59,77,22,3707.0,22010
2022-10-03 15:01:00,8,3,3707.25,22013
2022-10-03 15:01:01,90,-3,3707.25,22010
2022-10-03 15:01:02,66,3,3707.25,22013
2022-10-03 15:01:03,76,-14,3707.0,21999
2022-10-03 15:01:04,85,23,3707.0,22022
2022-10-03 15:01:05,76,-3,3707.0,22019
2022-10-03 15:01:06,62,-24,3706.75,21995
2022-10-03 15:01:07,153,-47,3706.25,21948
2022-10-03 15:01:08,188,-25,3706.0,21923
2022-10-03 15:01:09,55,11,3706.0,21934
2022-10-03 15:01:10,82,-19,3706.0,21915
2022-10-03 15:01:11,158,20,3705.75,21935
2022-10-03 15:01:12,96,-67,3705.75,21868
2022-10-03 15:01:13,134,24,3705.5,21892
2022-10-03 15:01:14,75,23,3705.25,21915
2022-10-03 15:01:15,82,-16,3705.5,21899
2022-10-03 15:01:16,121,-26,3705.25,21873
2022-10-03 15:01:17,14,-3,3705.25,21870
2022-10-03 15:01:18,45,-13,3705.25,21857
2022-10-03 15:01:19,60,28,3705.25,21885
2022-10-03 15:01:20,12,2,3705.5,21887
2022-10-03 15:01:21,102,0,3705.5,21887
2022-10-03 15:01:22,228,-69,3705.0,21818
2022-10-03 15:01:23,71,-5,3705.25,21813
2022-10-03 15:01:24,84,15,3705.25,21828
2022-10-03 15:01:25,5,-1,3705.25,21827
2022-10-03 15:01:26,54,-15,3705.25,21812
2022-10-03 15:01:27,27,10,3705.0,21822
2022-10-03 15:01:28,28,-23,3704.75,21799
2022-10-03 15:01:29,26,-9,3704.75,21790
2022-10-03 15:01:30,7,-1,3704.75,21789
2022-10-03 15:01:31,61,-20,3704.5,21769
2022-10-03 15:01:32,21,3,3704.5,21772
2022-10-03 15:01:33,46,21,3704.75,21793
2022-10-03 15:01:34,43,8,3704.75,21801
2022-10-03 15:01:35,55,3,3704.75,21804
2022-10-03 15:01:36,46,-22,3704.75,21782
2022-10-03 15:01:37,4,0,3704.75,21782
2022-10-03 15:01:38,26,-3,3704.75,21779
2022-10-03 15:01:39,13,2,3704.75,21781
2022-10-03 15:01:40,124,20,3705.0,21801
2022-10-03 15:01:41,20,-7,3704.75,21794
2022-10-03 15:01:42,79,-15,3704.75,21779
2022-10-03 15:01:43,87,11,3705.0,21790
2022-10-03 15:01:44,31,5,3704.75,21795
2022-10-03 15:01:45,39,-6,3704.5,21789
2022-10-03 15:01:46,63,-7,3704.5,21782
2022-10-03 15:01:47,64,-23,3704.25,21759
2022-10-03 15:01:48,82,-11,3704.5,21748
2022-10-03 15:01:49,40,19,3704.25,21767
2022-10-03 15:01:50,11,11,3704.25,21778
2022-10-03 15:01:51,13,7,3704.25,21785
2022-10-03 15:01:52,85,-33,3704.25,21752
2022-10-03 15:01:53,36,-2,3704.25,21750
2022-10-03 15:01:54,46,8,3704.25,21758
2022-10-03 15:01:55,13,-5,3704.25,21753
2022-10-03 15:01:56,25,-13,3704.25,21740
2022-10-03 15:01:57,110,-31,3704.0,21709
2022-10-03 15:01:58,98,11,3704.25,21720
2022-10-03 15:01:59,81,-18,3704.5,21702
2022-10-03 15:02:00,140,26,3705.0,21728
2022-10-03 15:02:01,172,47,3705.25,21775
2022-10-03 15:02:02,149,-54,3705.25,21721
2022-10-03 15:02:03,99,22,3705.0,21743
2022-10-03 15:02:04,11,-10,3704.75,21733
2022-10-03 15:02:05,6,6,3705.0,21739
2022-10-03 15:02:06,12,-4,3705.0,21735
2022-10-03 15:02:07,96,22,3705.25,21757
2022-10-03 15:02:08,32,-8,3705.25,21749
2022-10-03 15:02:09,61,9,3705.0,21758
2022-10-03 15:02:10,15,-4,3705.25,21754
2022-10-03 15:02:11,103,-12,3705.25,21742
2022-10-03 15:02:12,16,7,3705.0,21749
2022-10-03 15:02:13,14,13,3705.0,21762
2022-10-03 15:02:14,39,15,3705.25,21777
2022-10-03 15:02:15,45,9,3705.25,21786
2022-10-03 15:02:16,46,-1,3705.25,21785
2022-10-03 15:02:17,61,-10,3705.0,21775
2022-10-03 15:02:18,72,8,3705.25,21783
2022-10-03 15:02:19,35,16,3705.5,21799
2022-10-03 15:02:20,16,4,3705.5,21803
2022-10-03 15:02:21,53,-6,3705.5,21797
2022-10-03 15:02:22,35,30,3705.75,21827
2022-10-03 15:02:23,97,34,3706.25,21861
2022-10-03 15:02:24,119,-6,3706.25,21855
2022-10-03 15:02:25,60,3,3706.25,21858
2022-10-03 15:02:26,67,5,3706.25,21863
2022-10-03 15:02:27,104,-26,3706.0,21837
2022-10-03 15:02:28,57,-4,3706.0,21833
2022-10-03 15:02:29,136,-10,3706.0,21823
2022-10-03 15:02:30,57,5,3705.75,21828
2022-10-03 15:02:31,1,-1,3705.5,21827
2022-10-03 15:02:32,63,-12,3705.75,21815
2022-10-03 15:02:33,1,1,3705.5,21816
2022-10-03 15:02:34,97,3,3705.75,21819
2022-10-03 15:02:35,48,27,3706.0,21846
2022-10-03 15:02:36,74,-19,3706.0,21827
2022-10-03 15:02:37,10,0,3706.0,21827
2022-10-03 15:02:38,12,0,3706.0,21827
2022-10-03 15:02:39,123,-10,3706.0,21817
2022-10-03 15:02:40,43,20,3705.75,21837
2022-10-03 15:02:41,72,8,3705.5,21845
2022-10-03 15:02:42,23,-1,3705.75,21844
2022-10-03 15:02:43,23,1,3705.5,21845
2022-10-03 15:02:44,13,3,3705.75,21848
2022-10-03 15:02:45,96,-36,3705.75,21812
2022-10-03 15:02:46,53,4,3705.75,21816
2022-10-03 15:02:47,3,1,3705.75,21817
2022-10-03 15:02:48,41,24,3706.0,21841
2022-10-03 15:02:49,2,0,3706.0,21841
2022-10-03 15:02:50,30,-5,3706.0,21836
2022-10-03 15:02:51,32,25,3706.25,21861
2022-10-03 15:02:52,1,1,3706.25,21862
2022-10-03 15:02:53,113,48,3706.25,21910
2022-10-03 15:02:54,27,-19,3706.25,21891
2022-10-03 15:02:55,18,10,3706.0,21901
2022-10-03 15:02:56,4,-2,3706.25,21899
2022-10-03 15:02:57,8,1,3706.25,21900
2022-10-03 15:02:58,221,128,3706.75,22028
2022-10-03 15:02:59,5,4,3706.25,22032
2022-10-03 15:03:00,9,3,3706.25,22035
2022-10-03 15:03:01,103,-34,3706.25,22001
2022-10-03 15:03:02,73,23,3706.0,22024
2022-10-03 15:03:03,22,6,3706.0,22030
2022-10-03 15:03:05,18,-4,3706.0,22026
2022-10-03 15:03:06,5,-1,3706.0,22025
2022-10-03 15:03:07,61,31,3706.0,22056
2022-10-03 15:03:08,37,-3,3706.25,22053
2022-10-03 15:03:09,10,7,3706.25,22060
2022-10-03 15:03:10,50,-18,3706.5,22042
2022-10-03 15:03:11,5,1,3706.0,22043
2022-10-03 15:03:12,4,0,3706.0,22043
2022-10-03 15:03:13,1,-1,3705.75,22042
2022-10-03 15:03:14,94,-5,3706.0,22037
2022-10-03 15:03:15,63,17,3705.5,22054
2022-10-03 15:03:16,11,-5,3705.5,22049
2022-10-03 15:03:17,41,12,3705.5,22061
2022-10-03 15:03:18,119,3,3705.5,22064
2022-10-03 15:03:19,30,8,3705.5,22072
2022-10-03 15:03:20,33,-3,3705.75,22069
2022-10-03 15:03:21,10,5,3705.75,22074
2022-10-03 15:03:22,57,-2,3705.5,22072
2022-10-03 15:03:23,47,11,3705.5,22083
2022-10-03 15:03:24,151,2,3705.5,22085
2022-10-03 15:03:25,3,0,3705.25,22085
2022-10-03 15:03:26,7,-3,3705.25,22082
2022-10-03 15:03:27,9,-2,3705.25,22080
2022-10-03 15:03:28,89,0,3705.5,22080
2022-10-03 15:03:29,63,2,3706.0,22082
2022-10-03 15:03:30,30,1,3706.0,22083
2022-10-03 15:03:31,11,-8,3705.75,22075
2022-10-03 15:03:32,54,10,3705.75,22085
2022-10-03 15:03:33,16,-5,3705.5,22080
2022-10-03 15:03:34,47,6,3705.5,22086
2022-10-03 15:03:35,26,-7,3705.75,22079
2022-10-03 15:03:36,39,-2,3705.75,22077
2022-10-03 15:03:37,33,-20,3705.5,22057
2022-10-03 15:03:38,36,8,3705.5,22065
2022-10-03 15:03:39,50,18,3705.5,22083
2022-10-03 15:03:40,5,5,3705.75,22088
2022-10-03 15:03:41,30,15,3705.75,22103
2022-10-03 15:03:42,1,1,3706.0,22104
2022-10-03 15:03:43,1,-1,3705.75,22103
2022-10-03 15:03:44,54,30,3706.0,22133
2022-10-03 15:03:45,10,-1,3706.0,22132
2022-10-03 15:03:46,18,7,3706.0,22139
2022-10-03 15:03:47,32,5,3706.25,22144
2022-10-03 15:03:50,10,7,3706.0,22151
2022-10-03 15:03:52,94,-8,3705.75,22143
2022-10-03 15:03:53,72,-11,3705.75,22132
2022-10-03 15:03:54,53,-3,3706.0,22129
2022-10-03 15:03:55,3,-1,3706.0,22128
2022-10-03 15:03:56,14,8,3705.75,22136
2022-10-03 15:03:57,4,4,3706.0,22140
2022-10-03 15:03:58,12,-5,3706.0,22135
2022-10-03 15:03:59,134,-10,3705.75,22125
2022-10-03 15:04:00,44,-6,3705.5,22119
2022-10-03 15:04:01,25,8,3705.5,22127
2022-10-03 15:04:03,136,-25,3705.5,22102
2022-10-03 15:04:04,76,-10,3705.5,22092
2022-10-03 15:04:05,11,-4,3705.5,22088
2022-10-03 15:04:06,103,10,3705.5,22098
2022-10-03 15:04:07,5,2,3705.5,22100
2022-10-03 15:04:08,26,-9,3705.5,22091
2022-10-03 15:04:09,24,13,3705.25,22104
2022-10-03 15:04:10,11,-1,3705.25,22103
2022-10-03 15:04:11,90,-42,3705.0,22061
2022-10-03 15:04:12,119,-20,3705.0,22041
2022-10-03 15:04:13,23,-10,3704.75,22031
2022-10-03 15:04:14,65,12,3705.0,22043
2022-10-03 15:04:15,230,33,3705.0,22076
2022-10-03 15:04:16,36,-5,3704.75,22071
2022-10-03 15:04:17,41,-21,3704.75,22050
2022-10-03 15:04:18,3,0,3705.0,22050
2022-10-03 15:04:19,7,0,3705.0,22050
2022-10-03 15:04:20,10,4,3705.0,22054
2022-10-03 15:04:21,8,-6,3705.0,22048
2022-10-03 15:04:22,57,-20,3704.75,22028
2022-10-03 15:04:23,18,-11,3704.5,22017
2022-10-03 15:04:24,16,9,3704.75,22026
2022-10-03 15:04:26,70,18,3704.75,22044
2022-10-03 15:04:27,30,8,3704.75,22052
2022-10-03 15:04:28,4,0,3705.0,22052
2022-10-03 15:04:29,37,-1,3705.0,22051
2022-10-03 15:04:30,7,4,3705.0,22055
2022-10-03 15:04:31,35,22,3705.0,22077
2022-10-03 15:04:32,1,-1,3704.75,22076
2022-10-03 15:04:33,9,-3,3705.0,22073
2022-10-03 15:04:34,87,0,3705.0,22073
2022-10-03 15:04:35,41,-12,3704.75,22061
2022-10-03 15:04:36,60,5,3704.5,22066
2022-10-03 15:04:37,25,18,3704.75,22084
2022-10-03 15:04:38,79,12,3705.0,22096
2022-10-03 15:04:39,23,8,3705.25,22104
2022-10-03 15:04:40,2,2,3705.25,22106
2022-10-03 15:04:41,121,1,3705.5,22107
2022-10-03 15:04:42,4,2,3705.0,22109
2022-10-03 15:04:43,115,-23,3705.0,22086
2022-10-03 15:04:44,34,-8,3704.75,22078
2022-10-03 15:04:45,12,-4,3704.75,22074
2022-10-03 15:04:46,78,-11,3704.5,22063
2022-10-03 15:04:47,85,9,3704.5,22072
2022-10-03 15:04:48,46,1,3704.75,22073
2022-10-03 15:04:49,15,1,3704.75,22074
2022-10-03 15:04:50,2,2,3704.75,22076
2022-10-03 15:04:51,8,-1,3704.75,22075
2022-10-03 15:04:52,76,48,3705.0,22123
2022-10-03 15:04:53,60,-12,3705.25,22111
2022-10-03 15:04:54,39,4,3705.25,22115
2022-10-03 15:04:55,12,3,3705.5,22118
2022-10-03 15:04:56,75,19,3705.5,22137
2022-10-03 15:04:57,38,5,3705.5,22142
2022-10-03 15:04:58,3,0,3705.5,22142
2022-10-03 15:04:59,21,10,3705.5,22152
2022-10-03 15:05:00,19,1,3705.75,22153
2022-10-03 15:05:01,1,1,3705.75,22154
2022-10-03 15:05:02,44,-3,3705.75,22151
2022-10-03 15:05:03,26,18,3705.5,22169
2022-10-03 15:05:05,126,27,3705.75,22196
2022-10-03 15:05:06,36,2,3705.75,22198
2022-10-03 15:05:07,63,19,3706.0,22217
2022-10-03 15:05:08,135,12,3706.25,22229
2022-10-03 15:05:09,18,12,3706.0,22241
2022-10-03 15:05:10,3,2,3706.0,22243
2022-10-03 15:05:11,49,10,3706.0,22253
2022-10-03 15:05:12,122,-31,3706.25,22222
2022-10-03 15:05:13,41,-6,3705.75,22216
2022-10-03 15:05:14,66,3,3706.25,22219
2022-10-03 15:05:15,3,1,3706.0,22220
2022-10-03 15:05:16,29,11,3706.0,22231
2022-10-03 15:05:17,5,4,3706.0,22235
2022-10-03 15:05:18,76,-3,3705.75,22232
2022-10-03 15:05:19,37,1,3706.0,22233
2022-10-03 15:05:20,6,5,3706.0,22238
2022-10-03 15:05:21,33,5,3706.0,22243
2022-10-03 15:05:22,2,2,3706.0,22245
2022-10-03 15:05:23,5,2,3706.0,22247
2022-10-03 15:05:24,14,11,3706.25,22258
2022-10-03 15:05:25,6,2,3706.0,22260
2022-10-03 15:05:26,15,-10,3706.25,22250
2022-10-03 15:05:27,78,20,3706.5,22270
2022-10-03 15:05:28,6,6,3706.5,22276
2022-10-03 15:05:29,45,-18,3706.25,22258
2022-10-03 15:05:30,36,-3,3706.5,22255
2022-10-03 15:05:31,32,-15,3706.5,22240
2022-10-03 15:05:32,1,1,3706.0,22241
2022-10-03 15:05:33,26,-11,3705.75,22230
2022-10-03 15:05:34,2,0,3705.75,22230
2022-10-03 15:05:35,4,-3,3705.5,22227
2022-10-03 15:05:36,3,3,3705.75,22230
2022-10-03 15:05:37,71,-19,3705.75,22211
2022-10-03 15:05:38,1,1,3705.75,22212
2022-10-03 15:05:39,6,-2,3705.75,22210
2022-10-03 15:05:40,107,20,3706.0,22230
2022-10-03 15:05:41,45,14,3706.0,22244
2022-10-03 15:05:42,41,11,3706.0,22255
2022-10-03 15:05:43,1,-1,3706.0,22254
2022-10-03 15:05:44,26,16,3706.25,22270
2022-10-03 15:05:45,27,-16,3706.25,22254
2022-10-03 15:05:46,38,15,3706.0,22269
2022-10-03 15:05:47,20,10,3706.5,22279
2022-10-03 15:05:48,5,3,3706.5,22282
2022-10-03 15:05:49,1,1,3706.5,22283
2022-10-03 15:05:50,25,19,3706.5,22302
2022-10-03 15:05:51,54,21,3706.75,22323
2022-10-03 15:05:52,131,71,3707.0,22394
2022-10-03 15:05:53,119,37,3707.25,22431
2022-10-03 15:05:54,88,33,3707.75,22464
2022-10-03 15:05:55,64,17,3707.75,22481
2022-10-03 15:05:56,48,-3,3707.75,22478
2022-10-03 15:05:57,66,3,3707.75,22481
2022-10-03 15:05:58,89,-22,3707.75,22459
2022-10-03 15:05:59,28,7,3707.5,22466
2022-10-03 15:06:00,161,53,3707.75,22519
2022-10-03 15:06:01,25,-1,3707.5,22518
2022-10-03 15:06:02,112,3,3707.5,22521
2022-10-03 15:06:03,72,-5,3707.75,22516
2022-10-03 15:06:04,36,4,3707.5,22520
2022-10-03 15:06:05,35,21,3707.75,22541
2022-10-03 15:06:06,9,4,3707.75,22545
2022-10-03 15:06:07,3,3,3707.75,22548
2022-10-03 15:06:08,35,30,3708.0,22578
2022-10-03 15:06:09,52,0,3708.0,22578
2022-10-03 15:06:10,44,0,3707.75,22578
2022-10-03 15:06:11,10,-2,3707.5,22576
2022-10-03 15:06:12,18,5,3707.5,22581
2022-10-03 15:06:13,59,23,3707.75,22604
2022-10-03 15:06:14,43,12,3707.75,22616
2022-10-03 15:06:15,78,-26,3707.75,22590
2022-10-03 15:06:16,43,11,3707.75,22601
2022-10-03 15:06:17,59,1,3708.0,22602
2022-10-03 15:06:18,97,48,3708.25,22650
2022-10-03 15:06:19,38,19,3708.25,22669
2022-10-03 15:06:20,40,14,3708.25,22683
2022-10-03 15:06:21,16,-2,3708.25,22681
2022-10-03 15:06:22,92,18,3708.25,22699
2022-10-03 15:06:23,130,-37,3708.25,22662
2022-10-03 15:06:24,1,-1,3707.5,22661
2022-10-03 15:06:25,90,30,3708.25,22691
2022-10-03 15:06:26,9,5,3708.25,22696
2022-10-03 15:06:27,66,1,3708.25,22697
2022-10-03 15:06:28,23,-9,3708.25,22688
2022-10-03 15:06:29,33,-16,3708.0,22672
2022-10-03 15:06:30,70,17,3708.0,22689
2022-10-03 15:06:31,1,-1,3707.75,22688
2022-10-03 15:06:32,21,13,3708.0,22701
2022-10-03 15:06:33,10,7,3708.25,22708
2022-10-03 15:06:34,1,-1,3708.0,22707
2022-10-03 15:06:35,3,1,3708.25,22708
2022-10-03 15:06:36,71,5,3708.0,22713
2022-10-03 15:06:37,81,6,3708.0,22719
2022-10-03 15:06:38,26,8,3708.0,22727
2022-10-03 15:06:39,2,0,3708.25,22727
2022-10-03 15:06:40,74,30,3708.25,22757
2022-10-03 15:06:41,48,6,3708.5,22763
2022-10-03 15:06:42,6,3,3708.5,22766
2022-10-03 15:06:43,9,-2,3708.5,22764
2022-10-03 15:06:44,92,-5,3708.25,22759
2022-10-03 15:06:45,3,3,3708.25,22762
2022-10-03 15:06:46,74,-32,3708.0,22730
2022-10-03 15:06:47,9,2,3708.0,22732
2022-10-03 15:06:48,1,1,3708.25,22733
2022-10-03 15:06:49,97,-40,3708.0,22693
2022-10-03 15:06:50,35,-3,3707.75,22690
2022-10-03 15:06:51,72,-37,3708.0,22653
2022-10-03 15:06:52,2,-2,3707.5,22651
2022-10-03 15:06:53,8,-4,3707.75,22647
2022-10-03 15:06:54,92,24,3707.75,22671
2022-10-03 15:06:55,98,-30,3708.0,22641
2022-10-03 15:06:56,65,-6,3707.75,22635
2022-10-03 15:06:57,21,-7,3707.75,22628
2022-10-03 15:06:58,66,15,3708.0,22643
2022-10-03 15:06:59,81,43,3708.25,22686
2022-10-03 15:07:00,49,-8,3708.25,22678
2022-10-03 15:07:01,3,-1,3708.25,22677
2022-10-03 15:07:02,53,-24,3708.25,22653
2022-10-03 15:07:03,63,17,3708.25,22670
2022-10-03 15:07:04,10,3,3708.5,22673
2022-10-03 15:07:05,28,9,3708.5,22682
2022-10-03 15:07:06,30,8,3708.5,22690
2022-10-03 15:07:07,54,9,3708.5,22699
2022-10-03 15:07:08,3,1,3708.5,22700
2022-10-03 15:07:09,86,46,3708.75,22746
2022-10-03 15:07:10,77,-10,3708.75,22736
2022-10-03 15:07:11,117,57,3709.0,22793
2022-10-03 15:07:12,11,10,3709.0,22803
2022-10-03 15:07:13,18,-1,3709.0,22802
2022-10-03 15:07:14,11,10,3709.0,22812
2022-10-03 15:07:15,6,5,3709.0,22817
2022-10-03 15:07:16,1,1,3709.0,22818
2022-10-03 15:07:18,70,-9,3709.0,22809
2022-10-03 15:07:19,78,6,3708.75,22815
2022-10-03 15:07:20,79,-6,3708.5,22809
2022-10-03 15:07:21,181,-78,3708.25,22731
2022-10-03 15:07:22,33,10,3708.5,22741
2022-10-03 15:07:23,41,26,3708.75,22767
2022-10-03 15:07:24,31,-8,3708.75,22759
2022-10-03 15:07:25,11,-4,3708.5,22755
2022-10-03 15:07:26,30,-19,3708.5,22736
2022-10-03 15:07:27,116,14,3708.5,22750
2022-10-03 15:07:28,17,-2,3708.25,22748
2022-10-03 15:07:29,2,-1,3708.0,22747
2022-10-03 15:07:30,36,-12,3708.25,22735
2022-10-03 15:07:31,59,-21,3708.0,22714
2022-10-03 15:07:32,77,21,3708.25,22735
2022-10-03 15:07:33,10,-5,3708.25,22730
2022-10-03 15:07:34,6,5,3708.5,22735
2022-10-03 15:07:35,28,8,3708.75,22743
2022-10-03 15:07:36,57,15,3708.75,22758
2022-10-03 15:07:37,27,-2,3708.75,22756
2022-10-03 15:07:38,43,-10,3708.75,22746
2022-10-03 15:07:39,105,-61,3708.75,22685
2022-10-03 15:07:40,146,25,3708.75,22710
2022-10-03 15:07:41,195,-42,3708.75,22668
2022-10-03 15:07:42,1,-1,3708.75,22667
2022-10-03 15:07:43,40,22,3709.0,22689
2022-10-03 15:07:44,1,-1,3708.75,22688
2022-10-03 15:07:46,38,25,3709.25,22713
2022-10-03 15:07:47,37,2,3709.25,22715
2022-10-03 15:07:48,17,2,3709.25,22717
2022-10-03 15:07:49,37,-9,3709.0,22708
2022-10-03 15:07:50,57,-20,3709.25,22688
2022-10-03 15:07:51,50,-11,3709.25,22677
2022-10-03 15:07:52,2,0,3709.25,22677
2022-10-03 15:07:53,62,27,3709.25,22704
2022-10-03 15:07:54,22,-11,3709.0,22693
2022-10-03 15:07:55,2,-2,3709.0,22691
2022-10-03 15:07:56,4,2,3709.25,22693
2022-10-03 15:07:58,80,8,3709.25,22701
2022-10-03 15:07:59,32,-6,3709.5,22695
2022-10-03 15:08:00,53,1,3709.25,22696
2022-10-03 15:08:01,31,11,3709.25,22707
2022-10-03 15:08:02,42,4,3709.25,22711
2022-10-03 15:08:04,24,6,3709.25,22717
2022-10-03 15:08:05,36,-2,3709.25,22715
2022-10-03 15:08:06,36,-6,3709.25,22709
2022-10-03 15:08:07,112,-36,3709.25,22673
2022-10-03 15:08:08,71,31,3709.25,22704
2022-10-03 15:08:09,39,-14,3709.0,22690
2022-10-03 15:08:10,37,7,3709.0,22697
2022-10-03 15:08:13,50,-13,3709.0,22684
2022-10-03 15:08:14,50,-23,3708.75,22661
2022-10-03 15:08:15,119,45,3709.0,22706
2022-10-03 15:08:16,27,0,3708.75,22706
2022-10-03 15:08:17,17,4,3709.0,22710
2022-10-03 15:08:18,9,-6,3708.75,22704
2022-10-03 15:08:19,21,-4,3708.75,22700
2022-10-03 15:08:20,14,7,3708.75,22707
2022-10-03 15:08:21,13,-10,3708.5,22697
2022-10-03 15:08:22,44,-24,3708.5,22673
2022-10-03 15:08:23,119,-42,3708.5,22631
2022-10-03 15:08:24,40,12,3708.5,22643
2022-10-03 15:08:25,1,-1,3708.25,22642
2022-10-03 15:08:26,71,23,3708.75,22665
2022-10-03 15:08:27,62,20,3708.5,22685
2022-10-03 15:08:28,106,11,3708.75,22696
2022-10-03 15:08:29,131,4,3709.0,22700
2022-10-03 15:08:31,5,-2,3708.75,22698
2022-10-03 15:08:33,56,24,3708.75,22722
2022-10-03 15:08:34,4,4,3708.75,22726
2022-10-03 15:08:35,22,9,3708.75,22735
2022-10-03 15:08:36,26,16,3708.75,22751
2022-10-03 15:08:38,61,-27,3708.75,22724
2022-10-03 15:08:39,53,1,3708.75,22725
2022-10-03 15:08:40,29,-6,3708.5,22719
2022-10-03 15:08:41,32,-14,3708.25,22705
2022-10-03 15:08:42,126,-33,3708.5,22672
2022-10-03 15:08:43,48,-11,3708.0,22661
2022-10-03 15:08:44,144,-82,3707.75,22579
2022-10-03 15:08:45,31,0,3708.0,22579
2022-10-03 15:08:46,9,1,3708.0,22580
2022-10-03 15:08:47,23,-15,3707.75,22565
2022-10-03 15:08:48,60,2,3707.5,22567
2022-10-03 15:08:49,36,-23,3707.5,22544
2022-10-03 15:08:50,131,31,3707.75,22575
2022-10-03 15:08:51,2,0,3707.75,22575
2022-10-03 15:08:52,11,-5,3707.75,22570
2022-10-03 15:08:53,91,31,3708.0,22601
2022-10-03 15:08:54,62,5,3708.25,22606
2022-10-03 15:08:55,53,-17,3708.25,22589
2022-10-03 15:08:56,2,-2,3707.75,22587
2022-10-03 15:08:57,30,6,3708.0,22593
2022-10-03 15:08:58,17,4,3708.0,22597
2022-10-03 15:09:00,74,25,3708.0,22622
2022-10-03 15:09:01,43,-21,3708.0,22601
2022-10-03 15:09:02,60,14,3708.0,22615
2022-10-03 15:09:03,25,-10,3708.0,22605
2022-10-03 15:09:04,51,-4,3707.75,22601
2022-10-03 15:09:05,4,2,3707.75,22603
2022-10-03 15:09:06,9,-5,3707.75,22598
2022-10-03 15:09:07,82,-32,3707.75,22566
2022-10-03 15:09:08,67,-1,3707.75,22565
2022-10-03 15:09:09,48,14,3707.75,22579
2022-10-03 15:09:10,31,-11,3707.75,22568
2022-10-03 15:09:11,2,2,3708.0,22570
2022-10-03 15:09:13,64,8,3708.0,22578
2022-10-03 15:09:14,26,-10,3708.0,22568
2022-10-03 15:09:15,6,2,3708.0,22570
2022-10-03 15:09:16,49,16,3708.25,22586
2022-10-03 15:09:17,31,10,3708.25,22596
2022-10-03 15:09:18,23,-10,3708.0,22586
2022-10-03 15:09:19,23,-12,3707.75,22574
2022-10-03 15:09:20,2,-2,3707.5,22572
2022-10-03 15:09:21,50,-20,3707.5,22552
2022-10-03 15:09:22,39,18,3707.5,22570
2022-10-03 15:09:23,3,-3,3707.25,22567
2022-10-03 15:09:24,2,-2,3707.25,22565
2022-10-03 15:09:25,19,-10,3707.5,22555
2022-10-03 15:09:26,3,-3,3707.25,22552
2022-10-03 15:09:27,4,2,3707.5,22554
2022-10-03 15:09:28,56,31,3707.75,22585
2022-10-03 15:09:30,3,1,3707.75,22586
2022-10-03 15:09:31,57,33,3708.0,22619
2022-10-03 15:09:32,126,27,3708.0,22646
2022-10-03 15:09:33,25,-7,3708.0,22639
2022-10-03 15:09:34,8,7,3708.25,22646
2022-10-03 15:09:35,12,8,3708.25,22654
2022-10-03 15:09:36,17,-12,3708.0,22642
2022-10-03 15:09:37,12,-10,3708.0,22632
2022-10-03 15:09:38,112,-1,3708.0,22631
2022-10-03 15:09:39,36,24,3708.0,22655
2022-10-03 15:09:40,92,-3,3708.5,22652
2022-10-03 15:09:41,38,-14,3708.25,22638
2022-10-03 15:09:42,1,1,3708.25,22639
2022-10-03 15:09:43,25,10,3708.25,22649
2022-10-03 15:09:44,28,3,3708.5,22652
2022-10-03 15:09:45,85,-21,3708.5,22631
2022-10-03 15:09:46,8,-6,3708.0,22625
2022-10-03 15:09:47,33,-10,3708.0,22615
2022-10-03 15:09:48,16,-11,3708.0,22604
2022-10-03 15:09:49,78,-11,3707.75,22593
2022-10-03 15:09:50,31,1,3707.75,22594
2022-10-03 15:09:51,15,12,3708.0,22606
2022-10-03 15:09:52,1,-1,3707.75,22605
2022-10-03 15:09:53,39,-11,3707.75,22594
2022-10-03 15:09:54,34,3,3708.0,22597
2022-10-03 15:09:55,1,-1,3707.75,22596
2022-10-03 15:09:57,29,5,3708.0,22601
2022-10-03 15:09:58,2,0,3708.0,22601
2022-10-03 15:09:59,82,24,3708.5,22625
2022-10-03 15:10:00,28,-11,3708.5,22614
2022-10-03 15:10:01,37,5,3708.25,22619
2022-10-03 15:10:02,2,1,3708.25,22620
2022-10-03 15:10:03,25,-15,3708.0,22605
2022-10-03 15:10:04,1,-1,3707.75,22604
2022-10-03 15:10:05,41,11,3708.25,22615
2022-10-03 15:10:06,35,-4,3708.0,22611
2022-10-03 15:10:07,152,-8,3708.0,22603
2022-10-03 15:10:08,40,-6,3707.5,22597
2022-10-03 15:10:09,53,6,3707.5,22603
2022-10-03 15:10:10,90,-51,3707.25,22552
2022-10-03 15:10:11,33,-14,3707.25,22538
2022-10-03 15:10:12,11,-5,3707.0,22533
2022-10-03 15:10:13,175,-38,3707.0,22495
2022-10-03 15:10:14,108,4,3706.75,22499
2022-10-03 15:10:15,4,-2,3707.0,22497
2022-10-03 15:10:16,35,2,3707.0,22499
2022-10-03 15:10:17,37,-4,3707.0,22495
2022-10-03 15:10:18,20,-11,3707.0,22484
2022-10-03 15:10:19,10,4,3707.0,22488
2022-10-03 15:10:20,11,-7,3706.75,22481
2022-10-03 15:10:21,27,4,3707.0,22485
2022-10-03 15:10:22,29,-1,3707.0,22484
2022-10-03 15:10:23,19,-10,3706.75,22474
2022-10-03 15:10:24,93,8,3707.25,22482
2022-10-03 15:10:25,106,-51,3707.0,22431
2022-10-03 15:10:26,135,-31,3706.5,22400
2022-10-03 15:10:27,149,-29,3706.5,22371
2022-10-03 15:10:28,51,-7,3706.25,22364
2022-10-03 15:10:29,46,9,3706.25,22373
2022-10-03 15:10:30,32,3,3706.25,22376
2022-10-03 15:10:31,2,0,3706.25,22376
2022-10-03 15:10:32,1,-1,3706.0,22375
2022-10-03 15:10:33,53,-10,3706.25,22365
2022-10-03 15:10:34,15,-10,3706.0,22355
2022-10-03 15:10:35,23,-2,3706.0,22353
2022-10-03 15:10:36,7,-1,3706.0,22352
2022-10-03 15:10:37,104,-31,3706.0,22321
2022-10-03 15:10:38,12,-2,3705.75,22319
2022-10-03 15:10:39,26,-2,3705.75,22317
2022-10-03 15:10:40,48,-20,3705.75,22297
2022-10-03 15:10:41,201,-82,3705.75,22215
2022-10-03 15:10:42,18,-5,3705.75,22210
2022-10-03 15:10:43,64,23,3705.75,22233
2022-10-03 15:10:44,9,3,3705.75,22236
2022-10-03 15:10:45,50,0,3705.75,22236
2022-10-03 15:10:46,4,-3,3705.5,22233
2022-10-03 15:10:47,4,2,3705.75,22235
2022-10-03 15:10:48,88,13,3705.75,22248
2022-10-03 15:10:49,76,34,3706.0,22282
2022-10-03 15:10:50,33,12,3705.75,22294
2022-10-03 15:10:51,71,37,3706.0,22331
2022-10-03 15:10:52,157,46,3706.0,22377
2022-10-03 15:10:53,58,30,3706.5,22407
2022-10-03 15:10:54,13,11,3706.5,22418
2022-10-03 15:10:55,195,38,3706.75,22456
2022-10-03 15:10:56,72,27,3706.75,22483
2022-10-03 15:10:57,31,11,3706.75,22494
2022-10-03 15:10:58,108,10,3707.0,22504
2022-10-03 15:10:59,32,6,3707.25,22510
2022-10-03 15:11:00,96,-17,3707.0,22493
2022-10-03 15:11:01,16,-7,3706.75,22486
2022-10-03 15:11:02,38,4,3707.0,22490
2022-10-03 15:11:03,14,-10,3706.75,22480
2022-10-03 15:11:04,10,5,3706.75,22485
2022-10-03 15:11:05,27,-14,3706.5,22471
2022-10-03 15:11:06,19,-8,3706.5,22463
2022-10-03 15:11:07,31,3,3706.25,22466
2022-10-03 15:11:08,28,4,3706.5,22470
2022-10-03 15:11:09,20,6,3706.25,22476
2022-10-03 15:11:10,1,1,3706.25,22477
2022-10-03 15:11:11,64,-15,3706.25,22462
2022-10-03 15:11:12,9,4,3706.25,22466
2022-10-03 15:11:13,4,-2,3706.0,22464
2022-10-03 15:11:14,60,13,3706.25,22477
2022-10-03 15:11:15,11,-10,3706.0,22467
2022-10-03 15:11:16,8,6,3706.0,22473
2022-10-03 15:11:17,26,-20,3705.75,22453
2022-10-03 15:11:18,126,-25,3705.75,22428
2022-10-03 15:11:19,30,-17,3705.5,22411
2022-10-03 15:11:20,5,-3,3705.5,22408
2022-10-03 15:11:21,95,-5,3705.5,22403
2022-10-03 15:11:22,40,-1,3705.75,22402
2022-10-03 15:11:23,3,-3,3705.5,22399
2022-10-03 15:11:24,10,1,3705.75,22400
2022-10-03 15:11:25,2,-2,3705.5,22398
2022-10-03 15:11:26,29,6,3705.5,22404
2022-10-03 15:11:27,64,7,3705.5,22411
2022-10-03 15:11:28,4,1,3705.75,22412
2022-10-03 15:11:29,5,-2,3705.5,22410
2022-10-03 15:11:30,115,-18,3705.5,22392
2022-10-03 15:11:31,36,1,3705.5,22393
2022-10-03 15:11:32,1,1,3705.5,22394
2022-10-03 15:11:33,13,12,3705.5,22406
2022-10-03 15:11:34,3,1,3705.75,22407
2022-10-03 15:11:35,128,-57,3705.75,22350
2022-10-03 15:11:36,16,2,3705.75,22352
2022-10-03 15:11:37,5,-3,3705.5,22349
2022-10-03 15:11:38,81,5,3705.75,22354
2022-10-03 15:11:39,179,36,3705.75,22390
2022-10-03 15:11:40,30,-15,3705.25,22375
2022-10-03 15:11:41,184,-12,3705.5,22363
2022-10-03 15:11:42,33,-1,3705.25,22362
2022-10-03 15:11:43,112,6,3705.5,22368
2022-10-03 15:11:44,5,-1,3705.5,22367
2022-10-03 15:11:45,17,-4,3705.5,22363
2022-10-03 15:11:46,74,13,3705.75,22376
2022-10-03 15:11:47,20,5,3705.75,22381
2022-10-03 15:11:48,8,1,3706.0,22382
2022-10-03 15:11:49,8,4,3706.0,22386
2022-10-03 15:11:50,30,-15,3706.0,22371
2022-10-03 15:11:51,101,-4,3706.0,22367
2022-10-03 15:11:52,33,-3,3705.75,22364
2022-10-03 15:11:53,1,1,3705.75,22365
2022-10-03 15:11:54,95,6,3706.0,22371
2022-10-03 15:11:55,4,-3,3705.75,22368
2022-10-03 15:11:56,95,-1,3705.75,22367
2022-10-03 15:11:57,66,25,3706.25,22392
2022-10-03 15:11:58,5,-1,3706.25,22391
2022-10-03 15:11:59,36,5,3706.25,22396
2022-10-03 15:12:00,118,-33,3706.25,22363
2022-10-03 15:12:01,47,-11,3706.0,22352
2022-10-03 15:12:02,15,-8,3706.0,22344
2022-10-03 15:12:03,1,-1,3705.5,22343
2022-10-03 15:12:04,50,14,3705.75,22357
2022-10-03 15:12:05,66,-4,3705.75,22353
2022-10-03 15:12:06,14,-9,3705.75,22344
2022-10-03 15:12:07,18,-3,3706.0,22341
2022-10-03 15:12:08,1,1,3706.0,22342
2022-10-03 15:12:09,14,-10,3705.75,22332
2022-10-03 15:12:10,29,-14,3705.75,22318
2022-10-03 15:12:11,18,-12,3705.5,22306
2022-10-03 15:12:12,4,0,3705.75,22306
2022-10-03 15:12:13,68,1,3705.5,22307
2022-10-03 15:12:14,41,14,3705.5,22321
2022-10-03 15:12:15,91,17,3705.5,22338
2022-10-03 15:12:16,26,-17,3705.25,22321
2022-10-03 15:12:17,22,4,3705.25,22325
2022-10-03 15:12:18,99,-6,3705.25,22319
2022-10-03 15:12:19,135,1,3705.0,22320
2022-10-03 15:12:20,30,0,3705.0,22320
2022-10-03 15:12:21,25,-12,3705.0,22308
2022-10-03 15:12:22,98,21,3705.25,22329
2022-10-03 15:12:23,23,4,3705.0,22333
2022-10-03 15:12:24,6,-5,3704.75,22328
2022-10-03 15:12:26,11,2,3705.0,22330
2022-10-03 15:12:27,56,-31,3704.75,22299
2022-10-03 15:12:28,103,-59,3704.75,22240
2022-10-03 15:12:29,28,-9,3704.5,22231
2022-10-03 15:12:30,32,-15,3704.5,22216
2022-10-03 15:12:31,1,-1,3704.25,22215
2022-10-03 15:12:32,65,28,3704.5,22243
2022-10-03 15:12:33,71,27,3704.75,22270
2022-10-03 15:12:34,47,-10,3704.75,22260
2022-10-03 15:12:35,28,10,3704.5,22270
2022-10-03 15:12:36,27,3,3704.5,22273
2022-10-03 15:12:37,83,11,3704.5,22284
2022-10-03 15:12:38,12,0,3704.75,22284
2022-10-03 15:12:39,106,25,3704.75,22309
2022-10-03 15:12:40,9,-2,3705.0,22307
2022-10-03 15:12:41,10,-6,3705.0,22301
2022-10-03 15:12:42,12,-7,3705.0,22294
2022-10-03 15:12:43,31,23,3705.0,22317
2022-10-03 15:12:44,4,2,3705.25,22319
2022-10-03 15:12:45,55,-6,3705.0,22313
2022-10-03 15:12:46,4,2,3705.25,22315
2022-10-03 15:12:47,15,1,3705.25,22316
2022-10-03 15:12:48,9,-1,3705.25,22315
2022-10-03 15:12:49,55,2,3705.25,22317
2022-10-03 15:12:50,1,-1,3704.75,22316
2022-10-03 15:12:51,45,11,3705.25,22327
2022-10-03 15:12:52,57,14,3705.5,22341
2022-10-03 15:12:53,18,-6,3705.25,22335
2022-10-03 15:12:54,101,-38,3705.0,22297
2022-10-03 15:12:55,5,-1,3705.0,22296
2022-10-03 15:12:56,73,-12,3704.75,22284
2022-10-03 15:12:57,27,13,3704.75,22297
2022-10-03 15:12:59,103,16,3704.75,22313
2022-10-03 15:13:00,170,-36,3704.75,22277
2022-10-03 15:13:01,185,7,3704.5,22284
2022-10-03 15:13:02,150,42,3704.25,22326
2022-10-03 15:13:03,8,-3,3704.25,22323
2022-10-03 15:13:04,145,7,3704.25,22330
2022-10-03 15:13:05,60,-17,3704.25,22313
2022-10-03 15:13:06,5,1,3704.25,22314
2022-10-03 15:13:07,56,8,3704.25,22322
2022-10-03 15:13:08,4,0,3704.25,22322
2022-10-03 15:13:09,12,-2,3704.25,22320
2022-10-03 15:13:10,200,39,3704.25,22359
2022-10-03 15:13:11,89,-5,3704.25,22354
2022-10-03 15:13:12,9,-3,3704.25,22351
2022-10-03 15:13:13,3,-3,3704.0,22348
2022-10-03 15:13:14,4,1,3704.25,22349
2022-10-03 15:13:15,209,-31,3704.0,22318
2022-10-03 15:13:16,4,2,3704.25,22320
2022-10-03 15:13:17,98,12,3704.25,22332
2022-10-03 15:13:18,97,-7,3704.25,22325
2022-10-03 15:13:19,12,9,3704.5,22334
2022-10-03 15:13:20,70,11,3704.75,22345
2022-10-03 15:13:21,23,17,3704.75,22362
2022-10-03 15:13:22,1,-1,3704.75,22361
2022-10-03 15:13:23,123,29,3705.0,22390
2022-10-03 15:13:24,122,-2,3704.75,22388
2022-10-03 15:13:25,13,6,3705.0,22394
2022-10-03 15:13:26,6,-3,3705.0,22391
2022-10-03 15:13:27,94,5,3705.0,22396
2022-10-03 15:13:28,36,-3,3705.0,22393
2022-10-03 15:13:29,23,-19,3704.75,22374
2022-10-03 15:13:30,30,-9,3704.5,22365
2022-10-03 15:13:31,6,-2,3704.5,22363
2022-10-03 15:13:33,44,-6,3704.5,22357
2022-10-03 15:13:34,30,17,3704.75,22374
2022-10-03 15:13:35,53,-5,3704.75,22369
2022-10-03 15:13:36,17,-2,3704.5,22367
2022-10-03 15:13:37,10,10,3704.5,22377
2022-10-03 15:13:38,2,0,3704.75,22377
2022-10-03 15:13:39,3,0,3704.75,22377
2022-10-03 15:13:40,36,-19,3704.5,22358
2022-10-03 15:13:41,15,6,3704.5,22364
2022-10-03 15:13:42,54,-17,3704.25,22347
2022-10-03 15:13:43,16,3,3704.25,22350
2022-10-03 15:13:44,1,-1,3704.25,22349
2022-10-03 15:13:45,21,-12,3704.5,22337
2022-10-03 15:13:46,25,7,3704.25,22344
2022-10-03 15:13:47,7,-1,3704.25,22343
2022-10-03 15:13:48,100,18,3704.75,22361
2022-10-03 15:13:49,32,-14,3704.75,22347
2022-10-03 15:13:50,7,5,3704.75,22352
2022-10-03 15:13:51,68,-8,3705.0,22344
2022-10-03 15:13:53,98,-41,3704.75,22303
2022-10-03 15:13:54,4,-2,3704.25,22301
2022-10-03 15:13:55,2,-2,3704.0,22299
2022-10-03 15:13:56,10,2,3704.25,22301
2022-10-03 15:13:57,54,-25,3704.25,22276
2022-10-03 15:13:58,21,11,3704.25,22287
2022-10-03 15:13:59,25,-7,3704.25,22280
2022-10-03 15:14:00,133,-30,3704.25,22250
2022-10-03 15:14:01,15,1,3704.0,22251
2022-10-03 15:14:02,284,-155,3703.75,22096
2022-10-03 15:14:03,217,15,3703.75,22111
2022-10-03 15:14:04,69,-22,3703.75,22089
2022-10-03 15:14:05,12,10,3704.0,22099
2022-10-03 15:14:06,13,11,3704.0,22110
2022-10-03 15:14:07,4,0,3704.0,22110
2022-10-03 15:14:08,8,-3,3704.0,22107
2022-10-03 15:14:09,127,-10,3704.0,22097
2022-10-03 15:14:10,113,2,3704.0,22099
2022-10-03 15:14:11,43,22,3704.5,22121
2022-10-03 15:14:12,56,-8,3704.25,22113
2022-10-03 15:14:13,1,-1,3704.25,22112
2022-10-03 15:14:14,47,6,3704.75,22118
2022-10-03 15:14:15,32,-2,3704.75,22116
2022-10-03 15:14:16,2,2,3704.5,22118
2022-10-03 15:14:17,54,12,3704.5,22130
2022-10-03 15:14:18,6,4,3704.75,22134
2022-10-03 15:14:19,1,1,3704.75,22135
2022-10-03 15:14:20,85,5,3704.75,22140
2022-10-03 15:14:21,10,3,3704.75,22143
2022-10-03 15:14:22,38,-17,3704.75,22126
2022-10-03 15:14:23,18,-7,3704.5,22119
2022-10-03 15:14:24,1,1,3704.5,22120
2022-10-03 15:14:26,54,16,3704.75,22136
2022-10-03 15:14:27,2,2,3704.75,22138
2022-10-03 15:14:28,125,13,3705.0,22151
2022-10-03 15:14:29,69,-10,3704.75,22141
2022-10-03 15:14:30,7,-7,3704.5,22134
2022-10-03 15:14:31,44,-2,3704.75,22132
2022-10-03 15:14:32,1,1,3704.5,22133
2022-10-03 15:14:33,21,11,3704.5,22144
2022-10-03 15:14:34,11,0,3704.75,22144
2022-10-03 15:14:35,106,2,3704.75,22146
2022-10-03 15:14:36,6,3,3704.75,22149
2022-10-03 15:14:37,34,15,3704.75,22164
2022-10-03 15:14:38,76,38,3705.0,22202
2022-10-03 15:14:39,81,-25,3705.0,22177
2022-10-03 15:14:40,76,30,3705.0,22207
2022-10-03 15:14:41,99,6,3705.0,22213
2022-10-03 15:14:42,8,7,3705.25,22220
2022-10-03 15:14:43,252,-40,3705.5,22180
2022-10-03 15:14:44,64,7,3705.25,22187
2022-10-03 15:14:45,6,-4,3705.0,22183
2022-10-03 15:14:46,5,4,3705.25,22187
2022-10-03 15:14:47,57,13,3705.25,22200
2022-10-03 15:14:48,20,-6,3705.5,22194
2022-10-03 15:14:49,5,5,3705.25,22199
2022-10-03 15:14:50,3,3,3705.25,22202
2022-10-03 15:14:51,33,6,3705.5,22208
2022-10-03 15:14:52,37,-30,3705.0,22178
2022-10-03 15:14:53,57,19,3705.25,22197
2022-10-03 15:14:54,2,0,3705.25,22197
2022-10-03 15:14:55,52,-3,3705.25,22194
2022-10-03 15:14:56,58,9,3705.25,22203
2022-10-03 15:14:57,46,-23,3705.25,22180
2022-10-03 15:14:58,56,10,3705.25,22190
2022-10-03 15:14:59,65,-5,3705.0,22185
2022-10-03 15:15:00,44,-21,3705.0,22164
2022-10-03 15:15:01,26,-7,3705.0,22157
2022-10-03 15:15:02,7,4,3704.75,22161
2022-10-03 15:15:03,65,-36,3704.5,22125
2022-10-03 15:15:04,36,-9,3704.5,22116
2022-10-03 15:15:05,122,-65,3704.25,22051
2022-10-03 15:15:06,11,-8,3703.75,22043
2022-10-03 15:15:07,3,2,3704.0,22045
2022-10-03 15:15:08,37,-20,3704.0,22025
2022-10-03 15:15:09,92,-7,3703.5,22018
2022-10-03 15:15:10,153,3,3703.5,22021
2022-10-03 15:15:11,100,-32,3703.5,21989
2022-10-03 15:15:12,25,6,3703.25,21995
2022-10-03 15:15:13,137,6,3703.5,22001
2022-10-03 15:15:14,14,-3,3703.5,21998
2022-10-03 15:15:15,93,-37,3703.5,21961
2022-10-03 15:15:16,176,44,3703.25,22005
2022-10-03 15:15:17,18,-10,3703.5,21995
2022-10-03 15:15:18,7,-4,3703.25,21991
2022-10-03 15:15:19,5,-5,3703.0,21986
2022-10-03 15:15:20,195,-5,3703.25,21981
2022-10-03 15:15:21,85,12,3703.0,21993
2022-10-03 15:15:22,82,-52,3703.0,21941
2022-10-03 15:15:23,271,-93,3702.5,21848
2022-10-03 15:15:24,52,-25,3702.25,21823
2022-10-03 15:15:25,168,58,3702.75,21881
2022-10-03 15:15:26,57,-4,3702.75,21877
2022-10-03 15:15:27,9,1,3702.75,21878
2022-10-03 15:15:28,310,74,3703.5,21952
2022-10-03 15:15:29,28,1,3703.0,21953
2022-10-03 15:15:30,16,-3,3703.0,21950
2022-10-03 15:15:31,57,-20,3703.0,21930
2022-10-03 15:15:32,143,21,3703.0,21951
2022-10-03 15:15:33,152,59,3703.25,22010
2022-10-03 15:15:34,62,-20,3703.25,21990
2022-10-03 15:15:35,69,-17,3703.5,21973
2022-10-03 15:15:36,16,8,3703.25,21981
2022-10-03 15:15:37,124,-114,3703.5,21867
2022-10-03 15:15:38,15,7,3703.0,21874
2022-10-03 15:15:39,33,16,3703.0,21890
2022-10-03 15:15:40,18,10,3703.25,21900
2022-10-03 15:15:41,4,-4,3703.25,21896
2022-10-03 15:15:42,37,-23,3703.25,21873
2022-10-03 15:15:43,60,-8,3703.25,21865
2022-10-03 15:15:44,48,7,3703.25,21872
2022-10-03 15:15:45,77,-33,3703.5,21839
2022-10-03 15:15:49,40,-17,3703.0,21822
2022-10-03 15:15:50,112,-12,3702.75,21810
2022-10-03 15:15:52,86,16,3702.75,21826
2022-10-03 15:15:53,25,-10,3702.75,21816
2022-10-03 15:15:54,98,-5,3702.5,21811
2022-10-03 15:15:55,3,3,3702.5,21814
2022-10-03 15:15:56,5,-2,3702.5,21812
2022-10-03 15:15:57,71,34,3702.5,21846
2022-10-03 15:15:58,49,12,3702.75,21858
2022-10-03 15:15:59,23,20,3702.75,21878
2022-10-03 15:16:00,4,4,3702.75,21882
2022-10-03 15:16:01,87,2,3702.75,21884
2022-10-03 15:16:02,120,-13,3702.75,21871
2022-10-03 15:16:03,3,-3,3702.5,21868
2022-10-03 15:16:04,26,-5,3702.75,21863
2022-10-03 15:16:05,2,0,3702.75,21863
2022-10-03 15:16:06,96,-22,3702.5,21841
2022-10-03 15:16:07,14,-4,3702.25,21837
2022-10-03 15:16:08,168,0,3702.25,21837
2022-10-03 15:16:09,52,19,3702.0,21856
2022-10-03 15:16:10,201,55,3702.25,21911
2022-10-03 15:16:11,71,17,3702.5,21928
2022-10-03 15:16:12,5,1,3702.5,21929
2022-10-03 15:16:13,56,14,3702.5,21943
2022-10-03 15:16:14,6,5,3702.5,21948
2022-10-03 15:16:15,6,4,3702.5,21952
2022-10-03 15:16:16,43,13,3702.5,21965
2022-10-03 15:16:17,108,-33,3702.25,21932
2022-10-03 15:16:18,73,-14,3702.0,21918
2022-10-03 15:16:19,43,-11,3702.0,21907
2022-10-03 15:16:20,13,8,3702.0,21915
2022-10-03 15:16:22,17,-4,3702.0,21911
2022-10-03 15:16:23,42,-23,3701.75,21888
2022-10-03 15:16:24,85,-51,3701.75,21837
2022-10-03 15:16:25,11,-4,3701.75,21833
2022-10-03 15:16:26,3,2,3701.75,21835
2022-10-03 15:16:27,405,-134,3701.5,21701
2022-10-03 15:16:28,77,17,3701.25,21718
2022-10-03 15:16:29,85,13,3701.75,21731
2022-10-03 15:16:30,118,-31,3701.75,21700
2022-10-03 15:16:31,38,1,3701.5,21701
2022-10-03 15:16:32,96,-17,3701.25,21684
2022-10-03 15:16:33,153,29,3701.0,21713
2022-10-03 15:16:34,91,21,3701.25,21734
2022-10-03 15:16:35,23,-7,3701.0,21727
2022-10-03 15:16:36,42,-18,3701.0,21709
2022-10-03 15:16:37,127,2,3700.75,21711
2022-10-03 15:16:38,44,-1,3700.75,21710
2022-10-03 15:16:39,18,-2,3700.75,21708
2022-10-03 15:16:40,20,-5,3700.75,21703
2022-10-03 15:16:41,199,-23,3700.75,21680
2022-10-03 15:16:42,72,8,3700.5,21688
2022-10-03 15:16:43,184,-62,3700.5,21626
2022-10-03 15:16:44,24,0,3700.25,21626
2022-10-03 15:16:45,25,-4,3700.25,21622
2022-10-03 15:16:46,310,-25,3700.25,21597
2022-10-03 15:16:47,39,-11,3700.25,21586
2022-10-03 15:16:48,91,12,3700.25,21598
2022-10-03 15:16:49,148,30,3700.5,21628
2022-10-03 15:16:50,4,-2,3700.5,21626
2022-10-03 15:16:51,49,-8,3700.5,21618
2022-10-03 15:16:52,66,16,3700.5,21634
2022-10-03 15:16:53,34,-14,3700.25,21620
2022-10-03 15:16:54,31,14,3700.25,21634
2022-10-03 15:16:55,159,52,3700.75,21686
2022-10-03 15:16:56,173,56,3701.25,21742
2022-10-03 15:16:57,60,10,3701.25,21752
2022-10-03 15:16:58,64,-4,3701.0,21748
2022-10-03 15:16:59,60,6,3701.0,21754
2022-10-03 15:17:00,179,-38,3701.25,21716
2022-10-03 15:17:01,14,8,3701.0,21724
2022-10-03 15:17:02,10,6,3701.0,21730
2022-10-03 15:17:03,166,25,3701.25,21755
2022-10-03 15:17:04,40,-21,3701.0,21734
2022-10-03 15:17:05,38,11,3701.0,21745
2022-10-03 15:17:06,58,-34,3701.0,21711
2022-10-03 15:17:07,62,31,3701.0,21742
2022-10-03 15:17:08,89,-22,3700.75,21720
2022-10-03 15:17:09,31,-3,3700.5,21717
2022-10-03 15:17:10,11,5,3700.75,21722
2022-10-03 15:17:11,46,4,3701.0,21726
2022-10-03 15:17:12,53,-1,3700.75,21725
2022-10-03 15:17:13,28,7,3700.5,21732
2022-10-03 15:17:14,55,6,3700.75,21738
2022-10-03 15:17:15,2,-2,3700.25,21736
2022-10-03 15:17:16,61,-2,3700.5,21734
2022-10-03 15:17:17,9,-3,3700.5,21731
2022-10-03 15:17:18,2,0,3700.5,21731
2022-10-03 15:17:19,74,-8,3700.5,21723
2022-10-03 15:17:20,42,2,3700.5,21725
2022-10-03 15:17:21,137,-37,3700.5,21688
2022-10-03 15:17:22,139,-63,3700.25,21625
2022-10-03 15:17:23,119,-80,3700.25,21545
2022-10-03 15:17:24,149,-10,3700.0,21535
2022-10-03 15:17:25,38,-18,3700.0,21517
2022-10-03 15:17:26,52,-11,3700.0,21506
2022-10-03 15:17:27,249,-85,3699.5,21421
2022-10-03 15:17:28,102,8,3699.75,21429
2022-10-03 15:17:29,44,-12,3700.0,21417
2022-10-03 15:17:30,159,105,3700.25,21522
2022-10-03 15:17:31,103,-3,3700.25,21519
2022-10-03 15:17:32,115,3,3700.25,21522
2022-10-03 15:17:33,170,53,3700.5,21575
2022-10-03 15:17:34,1,-1,3700.25,21574
2022-10-03 15:17:35,54,-15,3700.5,21559
2022-10-03 15:17:36,12,2,3700.5,21561
2022-10-03 15:17:37,7,2,3700.5,21563
2022-10-03 15:17:38,11,-5,3700.5,21558
2022-10-03 15:17:39,149,-56,3700.25,21502
2022-10-03 15:17:40,129,-28,3700.0,21474
2022-10-03 15:17:41,58,-5,3699.75,21469
2022-10-03 15:17:42,7,0,3699.75,21469
2022-10-03 15:17:43,18,-6,3699.75,21463
2022-10-03 15:17:44,5,-4,3699.5,21459
2022-10-03 15:17:45,34,20,3700.0,21479
2022-10-03 15:17:46,723,-385,3699.75,21094
2022-10-03 15:17:47,70,22,3699.25,21116
2022-10-03 15:17:48,3,-1,3699.25,21115
2022-10-03 15:17:49,160,-43,3699.0,21072
2022-10-03 15:17:50,111,-42,3699.0,21030
2022-10-03 15:17:51,81,-25,3699.0,21005
2022-10-03 15:17:52,20,-3,3699.0,21002
2022-10-03 15:17:53,488,-21,3699.5,20981
2022-10-03 15:17:54,207,-56,3699.0,20925
2022-10-03 15:17:55,145,-116,3698.5,20809
2022-10-03 15:17:56,120,-2,3698.75,20807
2022-10-03 15:17:57,129,-9,3698.75,20798
2022-10-03 15:17:58,7,0,3698.75,20798
2022-10-03 15:17:59,74,2,3698.75,20800
2022-10-03 15:18:00,73,31,3698.75,20831
2022-10-03 15:18:01,10,7,3698.75,20838
2022-10-03 15:18:02,113,-15,3698.75,20823
2022-10-03 15:18:03,118,67,3699.25,20890
2022-10-03 15:18:04,102,24,3699.5,20914
2022-10-03 15:18:05,48,-2,3699.5,20912
2022-10-03 15:18:06,41,7,3699.75,20919
2022-10-03 15:18:07,117,19,3699.75,20938
2022-10-03 15:18:08,63,-24,3699.75,20914
2022-10-03 15:18:09,25,6,3699.75,20920
2022-10-03 15:18:10,12,6,3699.75,20926
2022-10-03 15:18:11,4,4,3699.75,20930
2022-10-03 15:18:12,90,-25,3699.5,20905
2022-10-03 15:18:13,40,15,3699.75,20920
2022-10-03 15:18:14,64,-8,3699.75,20912
2022-10-03 15:18:15,30,16,3699.75,20928
2022-10-03 15:18:16,41,24,3699.75,20952
2022-10-03 15:18:17,19,14,3700.0,20966
2022-10-03 15:18:18,194,84,3700.0,21050
2022-10-03 15:18:19,18,11,3700.0,21061
2022-10-03 15:18:20,2,2,3700.0,21063
2022-10-03 15:18:21,31,9,3700.0,21072
2022-10-03 15:18:22,18,-9,3700.0,21063
2022-10-03 15:18:23,115,2,3700.0,21065
2022-10-03 15:18:24,3,-2,3699.75,21063
2022-10-03 15:18:25,83,-7,3700.0,21056
2022-10-03 15:18:26,1,-1,3699.75,21055
2022-10-03 15:18:27,12,6,3700.0,21061
2022-10-03 15:18:28,144,-40,3700.0,21021
2022-10-03 15:18:29,26,20,3699.75,21041
2022-10-03 15:18:30,541,248,3700.75,21289
2022-10-03 15:18:31,146,26,3701.0,21315
2022-10-03 15:18:32,16,11,3701.0,21326
2022-10-03 15:18:33,55,-3,3701.0,21323
2022-10-03 15:18:34,26,15,3701.0,21338
2022-10-03 15:18:35,10,-1,3701.0,21337
2022-10-03 15:18:36,37,22,3701.0,21359
2022-10-03 15:18:37,37,4,3701.0,21363
2022-10-03 15:18:38,1,1,3701.0,21364
2022-10-03 15:18:39,7,7,3701.0,21371
2022-10-03 15:18:40,1,1,3701.0,21372
2022-10-03 15:18:41,3,1,3701.0,21373
2022-10-03 15:18:42,45,6,3701.0,21379
2022-10-03 15:18:43,85,54,3701.25,21433
2022-10-03 15:18:44,124,39,3701.75,21472
2022-10-03 15:18:45,163,25,3702.0,21497
2022-10-03 15:18:46,69,25,3702.25,21522
2022-10-03 15:18:47,113,0,3702.25,21522
2022-10-03 15:18:48,208,-46,3702.25,21476
2022-10-03 15:18:49,38,17,3702.0,21493
2022-10-03 15:18:50,224,-5,3702.0,21488
2022-10-03 15:18:51,11,1,3701.5,21489
2022-10-03 15:18:52,21,14,3701.5,21503
2022-10-03 15:18:53,90,-30,3701.5,21473
2022-10-03 15:18:54,39,8,3701.5,21481
2022-10-03 15:18:56,3,1,3701.5,21482
2022-10-03 15:18:57,254,16,3701.75,21498
2022-10-03 15:18:58,32,11,3701.75,21509
2022-10-03 15:18:59,2,0,3702.0,21509
2022-10-03 15:19:00,202,25,3702.0,21534
2022-10-03 15:19:01,51,-13,3702.0,21521
2022-10-03 15:19:02,101,50,3702.5,21571
2022-10-03 15:19:03,64,-2,3702.5,21569
2022-10-03 15:19:04,15,-2,3702.5,21567
2022-10-03 15:19:05,23,-2,3702.5,21565
2022-10-03 15:19:06,54,11,3702.5,21576
2022-10-03 15:19:07,8,6,3702.5,21582
2022-10-03 15:19:08,143,-17,3702.5,21565
2022-10-03 15:19:09,5,-3,3702.25,21562
2022-10-03 15:19:10,63,-18,3702.0,21544
2022-10-03 15:19:11,20,-8,3702.0,21536
2022-10-03 15:19:12,99,-2,3701.75,21534
2022-10-03 15:19:13,10,-3,3701.75,21531
2022-10-03 15:19:14,81,-9,3701.75,21522
2022-10-03 15:19:15,57,-1,3701.75,21521
2022-10-03 15:19:16,2,-2,3701.5,21519
2022-10-03 15:19:17,75,-18,3701.75,21501
2022-10-03 15:19:18,114,-10,3702.0,21491
2022-10-03 15:19:19,48,-14,3701.75,21477
2022-10-03 15:19:20,34,7,3702.0,21484
2022-10-03 15:19:21,25,5,3702.0,21489
2022-10-03 15:19:22,6,-1,3702.0,21488
2022-10-03 15:19:23,104,-23,3701.75,21465
2022-10-03 15:19:24,61,-7,3701.5,21458
2022-10-03 15:19:25,14,-4,3701.5,21454
2022-10-03 15:19:26,22,9,3701.75,21463
2022-10-03 15:19:27,29,10,3701.75,21473
2022-10-03 15:19:28,42,-1,3701.5,21472
2022-10-03 15:19:29,25,9,3701.75,21481
2022-10-03 15:19:31,21,-10,3701.75,21471
2022-10-03 15:19:32,146,-62,3701.5,21409
2022-10-03 15:19:33,127,-4,3701.5,21405
2022-10-03 15:19:34,49,-6,3701.25,21399
2022-10-03 15:19:35,23,-3,3701.25,21396
2022-10-03 15:19:36,108,-25,3701.25,21371
2022-10-03 15:19:37,41,-1,3701.0,21370
2022-10-03 15:19:38,13,-2,3701.25,21368
2022-10-03 15:19:39,115,-50,3701.25,21318
2022-10-03 15:19:40,10,3,3701.25,21321
2022-10-03 15:19:41,95,9,3701.5,21330
2022-10-03 15:19:43,91,-9,3701.25,21321
2022-10-03 15:19:44,89,-57,3701.25,21264
2022-10-03 15:19:45,8,6,3701.25,21270
2022-10-03 15:19:46,38,-14,3701.25,21256
2022-10-03 15:19:47,11,6,3701.25,21262
2022-10-03 15:19:48,6,6,3701.25,21268
2022-10-03 15:19:49,1,1,3701.25,21269
2022-10-03 15:19:50,88,13,3701.5,21282
2022-10-03 15:19:51,44,0,3701.75,21282
2022-10-03 15:19:52,626,297,3702.5,21579
2022-10-03 15:19:53,34,17,3702.0,21596
2022-10-03 15:19:54,27,-11,3702.0,21585
2022-10-03 15:19:55,11,1,3702.0,21586
2022-10-03 15:19:56,203,-15,3702.0,21571
2022-10-03 15:19:57,2,1,3702.0,21572
2022-10-03 15:19:58,1,-1,3701.75,21571
2022-10-03 15:19:59,3,3,3702.0,21574
2022-10-03 15:20:00,34,-11,3701.75,21563
2022-10-03 15:20:01,134,13,3701.75,21576
2022-10-03 15:20:02,37,15,3702.0,21591
2022-10-03 15:20:03,24,-6,3702.25,21585
2022-10-03 15:20:04,21,-11,3702.25,21574
2022-10-03 15:20:05,57,6,3702.25,21580
2022-10-03 15:20:06,101,5,3702.5,21585
2022-10-03 15:20:07,26,3,3702.5,21588
2022-10-03 15:20:08,72,-4,3702.25,21584
2022-10-03 15:20:09,89,-9,3701.75,21575
2022-10-03 15:20:10,32,-17,3701.75,21558
2022-10-03 15:20:11,51,-23,3701.75,21535
2022-10-03 15:20:12,67,34,3701.75,21569
2022-10-03 15:20:13,49,-27,3701.75,21542
2022-10-03 15:20:14,30,1,3701.75,21543
2022-10-03 15:20:15,5,1,3702.0,21544
2022-10-03 15:20:16,1,-1,3701.75,21543
2022-10-03 15:20:17,133,12,3702.0,21555
2022-10-03 15:20:18,5,-3,3702.0,21552
2022-10-03 15:20:19,48,-24,3701.75,21528
2022-10-03 15:20:20,219,12,3701.5,21540
2022-10-03 15:20:21,26,10,3701.25,21550
2022-10-03 15:20:22,38,-4,3701.25,21546
2022-10-03 15:20:23,60,-1,3701.25,21545
2022-10-03 15:20:24,25,3,3701.25,21548
2022-10-03 15:20:25,33,16,3701.5,21564
2022-10-03 15:20:27,52,14,3701.75,21578
2022-10-03 15:20:28,10,-10,3701.75,21568
2022-10-03 15:20:29,100,-20,3701.75,21548
2022-10-03 15:20:30,126,-4,3701.5,21544
2022-10-03 15:20:31,11,1,3701.5,21545
2022-10-03 15:20:32,40,10,3701.5,21555
2022-10-03 15:20:33,1,-1,3701.5,21554
2022-10-03 15:20:34,2,0,3701.75,21554
2022-10-03 15:20:35,1,-1,3701.5,21553
2022-10-03 15:20:36,66,22,3701.75,21575
2022-10-03 15:20:37,54,0,3702.0,21575
2022-10-03 15:20:38,11,4,3702.0,21579
2022-10-03 15:20:39,169,69,3702.0,21648
2022-10-03 15:20:41,66,-20,3701.75,21628
2022-10-03 15:20:42,5,0,3701.75,21628
2022-10-03 15:20:43,1,-1,3701.5,21627
2022-10-03 15:20:44,164,-29,3701.5,21598
2022-10-03 15:20:45,1,1,3701.5,21599
2022-10-03 15:20:46,3,1,3701.5,21600
2022-10-03 15:20:47,36,24,3701.75,21624
2022-10-03 15:20:48,6,2,3701.75,21626
2022-10-03 15:20:49,106,12,3701.75,21638
2022-10-03 15:20:51,70,26,3702.0,21664
2022-10-03 15:20:52,78,-5,3702.25,21659
2022-10-03 15:20:53,68,6,3701.75,21665
2022-10-03 15:20:54,6,2,3701.75,21667
2022-10-03 15:20:56,44,21,3701.75,21688
2022-10-03 15:20:58,102,20,3702.0,21708
2022-10-03 15:20:59,25,8,3702.25,21716
2022-10-03 15:21:00,7,4,3702.25,21720
2022-10-03 15:21:01,71,16,3702.25,21736
2022-10-03 15:21:02,73,-22,3702.25,21714
2022-10-03 15:21:03,44,7,3702.5,21721
2022-10-03 15:21:04,38,10,3702.5,21731
2022-10-03 15:21:05,141,74,3703.0,21805
2022-10-03 15:21:06,101,55,3703.25,21860
2022-10-03 15:21:07,552,248,3704.25,22108
2022-10-03 15:21:08,225,-2,3704.25,22106
2022-10-03 15:21:09,142,3,3704.25,22109
2022-10-03 15:21:10,197,1,3704.25,22110
2022-10-03 15:21:11,104,8,3704.5,22118
2022-10-03 15:21:12,182,183,3705.0,22301
2022-10-03 15:21:13,81,-10,3704.75,22291
2022-10-03 15:21:14,114,3,3704.5,22294
2022-10-03 15:21:15,94,-3,3704.5,22291
2022-10-03 15:21:16,10,9,3704.25,22300
2022-10-03 15:21:17,54,1,3704.25,22301
2022-10-03 15:21:18,49,-15,3704.5,22286
2022-10-03 15:21:19,3,-3,3704.25,22283
2022-10-03 15:21:20,6,0,3704.5,22283
2022-10-03 15:21:21,55,21,3704.5,22304
2022-10-03 15:21:22,2,0,3704.75,22304
2022-10-03 15:21:23,83,-13,3704.75,22291
2022-10-03 15:21:24,2,2,3704.75,22293
2022-10-03 15:21:25,17,12,3705.0,22305
2022-10-03 15:21:26,136,1,3705.0,22306
2022-10-03 15:21:27,52,-2,3705.0,22304
2022-10-03 15:21:28,91,-29,3704.75,22275
2022-10-03 15:21:29,4,4,3704.75,22279
2022-10-03 15:21:30,42,-23,3704.5,22256
2022-10-03 15:21:31,3,3,3704.5,22259
2022-10-03 15:21:32,175,-25,3704.5,22234
2022-10-03 15:21:33,78,14,3704.5,22248
2022-10-03 15:21:34,36,-5,3704.75,22243
2022-10-03 15:21:35,32,-8,3704.75,22235
2022-10-03 15:21:36,38,0,3704.5,22235
2022-10-03 15:21:37,109,-6,3704.5,22229
2022-10-03 15:21:38,97,-17,3704.25,22212
2022-10-03 15:21:39,44,-11,3704.0,22201
2022-10-03 15:21:40,56,22,3704.25,22223
2022-10-03 15:21:41,36,-14,3704.25,22209
2022-10-03 15:21:42,1,1,3704.0,22210
2022-10-03 15:21:43,77,-10,3704.0,22200
2022-10-03 15:21:44,13,-9,3703.75,22191
2022-10-03 15:21:45,50,-13,3703.5,22178
2022-10-03 15:21:46,55,-21,3703.25,22157
2022-10-03 15:21:47,286,-21,3703.25,22136
2022-10-03 15:21:48,13,-5,3703.25,22131
2022-10-03 15:21:49,6,-5,3703.0,22126
2022-10-03 15:21:50,4,-2,3703.25,22124
2022-10-03 15:21:51,45,25,3703.25,22149
2022-10-03 15:21:52,54,15,3703.5,22164
2022-10-03 15:21:53,6,0,3703.5,22164
2022-10-03 15:21:54,69,11,3703.75,22175
2022-10-03 15:21:55,155,3,3703.75,22178
2022-10-03 15:21:56,40,0,3703.75,22178
2022-10-03 15:21:57,31,5,3703.75,22183
2022-10-03 15:21:58,1,1,3703.75,22184
2022-10-03 15:21:59,57,-1,3703.75,22183
2022-10-03 15:22:00,53,10,3703.75,22193
2022-10-03 15:22:01,84,-15,3703.75,22178
2022-10-03 15:22:02,55,-11,3703.25,22167
2022-10-03 15:22:03,1,-1,3703.0,22166
2022-10-03 15:22:04,1,1,3703.25,22167
2022-10-03 15:22:05,29,-7,3703.25,22160
2022-10-03 15:22:06,62,7,3703.0,22167
2022-10-03 15:22:07,98,-5,3703.25,22162
2022-10-03 15:22:08,86,14,3703.75,22176
2022-10-03 15:22:09,25,-4,3703.75,22172
2022-10-03 15:22:10,43,-3,3704.0,22169
2022-10-03 15:22:11,8,5,3703.75,22174
2022-10-03 15:22:12,1,1,3704.0,22175
2022-10-03 15:22:13,40,22,3704.25,22197
2022-10-03 15:22:15,9,8,3704.25,22205
2022-10-03 15:22:16,2,2,3704.25,22207
2022-10-03 15:22:17,44,-21,3704.25,22186
2022-10-03 15:22:18,85,19,3704.25,22205
2022-10-03 15:22:19,32,14,3704.25,22219
2022-10-03 15:22:20,7,-7,3704.0,22212
2022-10-03 15:22:21,32,2,3704.25,22214
2022-10-03 15:22:22,35,-7,3704.0,22207
2022-10-03 15:22:23,17,6,3704.0,22213
2022-10-03 15:22:24,1,-1,3703.75,22212
2022-10-03 15:22:25,58,-8,3703.75,22204
2022-10-03 15:22:26,28,-3,3703.75,22201
2022-10-03 15:22:27,1,1,3704.0,22202
2022-10-03 15:22:28,1,-1,3703.75,22201
2022-10-03 15:22:29,43,8,3704.25,22209
2022-10-03 15:22:30,14,-4,3704.0,22205
2022-10-03 15:22:31,1,1,3704.0,22206
2022-10-03 15:22:32,15,5,3704.0,22211
2022-10-03 15:22:33,33,6,3704.25,22217
2022-10-03 15:22:34,17,11,3704.5,22228
2022-10-03 15:22:35,17,-8,3704.25,22220
2022-10-03 15:22:36,9,5,3704.25,22225
2022-10-03 15:22:37,12,8,3704.25,22233
2022-10-03 15:22:38,20,-7,3704.25,22226
2022-10-03 15:22:39,1,1,3704.25,22227
2022-10-03 15:22:41,86,-23,3704.0,22204
2022-10-03 15:22:42,97,-6,3703.75,22198
2022-10-03 15:22:43,33,-15,3703.75,22183
2022-10-03 15:22:44,36,-3,3704.0,22180
2022-10-03 15:22:45,16,8,3703.75,22188
2022-10-03 15:22:46,1,1,3704.0,22189
2022-10-03 15:22:47,38,6,3703.75,22195
2022-10-03 15:22:48,62,-9,3704.0,22186
2022-10-03 15:22:49,63,2,3703.75,22188
2022-10-03 15:22:50,13,5,3703.75,22193
2022-10-03 15:22:51,54,-9,3703.75,22184
2022-10-03 15:22:52,43,-17,3703.75,22167
2022-10-03 15:22:53,14,-11,3703.5,22156
2022-10-03 15:22:54,19,-6,3703.5,22150
2022-10-03 15:22:55,72,17,3703.75,22167
2022-10-03 15:22:56,18,9,3703.75,22176
2022-10-03 15:22:57,44,11,3703.75,22187
2022-10-03 15:22:58,6,3,3703.75,22190
2022-10-03 15:23:00,179,-29,3703.75,22161
2022-10-03 15:23:01,35,-2,3703.5,22159
2022-10-03 15:23:02,3,1,3703.5,22160
2022-10-03 15:23:03,34,2,3703.5,22162
2022-10-03 15:23:04,1,1,3703.5,22163
2022-10-03 15:23:05,11,-7,3703.5,22156
2022-10-03 15:23:06,69,-11,3703.25,22145
2022-10-03 15:23:07,75,6,3703.75,22151
2022-10-03 15:23:08,14,-3,3703.75,22148
2022-10-03 15:23:09,54,22,3704.0,22170
2022-10-03 15:23:10,25,10,3704.25,22180
2022-10-03 15:23:11,2,0,3704.25,22180
2022-10-03 15:23:12,52,-15,3704.25,22165
2022-10-03 15:23:13,9,3,3704.0,22168
2022-10-03 15:23:14,34,7,3704.25,22175
2022-10-03 15:23:15,52,-1,3704.5,22174
2022-10-03 15:23:16,17,-3,3704.5,22171
2022-10-03 15:23:17,2,1,3704.25,22172
2022-10-03 15:23:18,2,2,3704.25,22174
2022-10-03 15:23:19,32,-22,3704.0,22152
2022-10-03 15:23:20,76,8,3704.0,22160
2022-10-03 15:23:21,38,21,3704.5,22181
2022-10-03 15:23:22,32,-9,3704.75,22172
2022-10-03 15:23:24,25,-4,3704.25,22168
2022-10-03 15:23:25,129,-33,3704.0,22135
2022-10-03 15:23:26,70,-7,3704.0,22128
2022-10-03 15:23:27,55,8,3703.75,22136
2022-10-03 15:23:28,9,-7,3703.75,22129
2022-10-03 15:23:29,24,7,3703.75,22136
2022-10-03 15:23:30,23,0,3703.75,22136
2022-10-03 15:23:31,122,3,3704.0,22139
2022-10-03 15:23:32,45,-19,3703.75,22120
2022-10-03 15:23:34,6,3,3703.75,22123
2022-10-03 15:23:35,83,-9,3703.75,22114
2022-10-03 15:23:36,18,-10,3703.5,22104
2022-10-03 15:23:38,31,-12,3703.5,22092
2022-10-03 15:23:39,5,1,3703.5,22093
2022-10-03 15:23:40,31,-9,3703.25,22084
2022-10-03 15:23:41,64,-4,3703.5,22080
2022-10-03 15:23:42,33,9,3703.25,22089
2022-10-03 15:23:43,22,-5,3703.5,22084
2022-10-03 15:23:44,7,4,3703.25,22088
2022-10-03 15:23:45,131,45,3703.25,22133
2022-10-03 15:23:46,122,-36,3703.0,22097
2022-10-03 15:23:47,122,27,3703.25,22124
2022-10-03 15:23:48,48,-7,3703.5,22117
2022-10-03 15:23:49,18,-4,3703.25,22113
2022-10-03 15:23:50,33,-13,3703.5,22100
2022-10-03 15:23:51,1,-1,3703.25,22099
2022-10-03 15:23:52,59,4,3703.5,22103
2022-10-03 15:23:53,3,-1,3703.75,22102
2022-10-03 15:23:54,61,-16,3703.75,22086
2022-10-03 15:23:55,25,1,3703.75,22087
2022-10-03 15:23:56,28,2,3703.75,22089
2022-10-03 15:23:57,18,13,3704.0,22102
2022-10-03 15:23:58,33,-2,3704.0,22100
2022-10-03 15:23:59,16,9,3703.75,22109
2022-10-03 15:24:00,11,-8,3703.75,22101
2022-10-03 15:24:01,43,9,3703.75,22110
2022-10-03 15:24:03,5,4,3704.0,22114
2022-10-03 15:24:04,45,10,3704.25,22124
2022-10-03 15:24:05,1,-1,3704.0,22123
2022-10-03 15:24:06,2,2,3704.25,22125
2022-10-03 15:24:07,43,9,3704.25,22134
2022-10-03 15:24:08,68,20,3704.75,22154
2022-10-03 15:24:09,8,-3,3704.75,22151
2022-10-03 15:24:10,107,20,3704.75,22171
2022-10-03 15:24:11,142,-29,3705.0,22142
2022-10-03 15:24:12,9,6,3704.75,22148
2022-10-03 15:24:13,11,-5,3704.75,22143
2022-10-03 15:24:14,73,23,3704.75,22166
2022-10-03 15:24:15,129,-4,3705.0,22162
2022-10-03 15:24:16,50,-3,3705.0,22159
2022-10-03 15:24:17,27,8,3704.75,22167
2022-10-03 15:24:18,75,-12,3704.75,22155
2022-10-03 15:24:19,37,-10,3704.75,22145
2022-10-03 15:24:20,2,-2,3704.5,22143
2022-10-03 15:24:21,1,-1,3704.5,22142
2022-10-03 15:24:22,79,9,3705.0,22151
2022-10-03 15:24:24,54,28,3705.25,22179
2022-10-03 15:24:25,114,84,3705.5,22263
2022-10-03 15:24:26,4,1,3705.25,22264
2022-10-03 15:24:27,183,60,3705.5,22324
2022-10-03 15:24:28,8,4,3705.25,22328
2022-10-03 15:24:29,91,-6,3705.25,22322
2022-10-03 15:24:30,95,-17,3705.0,22305
2022-10-03 15:24:31,11,2,3704.75,22307
2022-10-03 15:24:32,10,-4,3704.5,22303
2022-10-03 15:24:34,135,-26,3704.5,22277
2022-10-03 15:24:35,40,17,3704.75,22294
2022-10-03 15:24:36,10,-8,3704.75,22286
2022-10-03 15:24:37,24,4,3704.75,22290
2022-10-03 15:24:38,42,7,3704.75,22297
2022-10-03 15:24:40,55,-14,3704.75,22283
2022-10-03 15:24:41,15,1,3704.5,22284
2022-10-03 15:24:42,20,-3,3704.5,22281
2022-10-03 15:24:43,22,-6,3704.5,22275
2022-10-03 15:24:44,5,1,3704.75,22276
2022-10-03 15:24:46,49,5,3704.75,22281
2022-10-03 15:24:47,17,2,3704.5,22283
2022-10-03 15:24:48,37,24,3704.75,22307
2022-10-03 15:24:50,16,11,3704.75,22318
2022-10-03 15:24:51,31,21,3705.0,22339
2022-10-03 15:24:52,16,16,3705.5,22355
2022-10-03 15:24:53,94,-19,3705.25,22336
2022-10-03 15:24:55,4,-3,3705.0,22333
2022-10-03 15:24:56,2,-2,3705.0,22331
2022-10-03 15:24:58,92,52,3705.5,22383
2022-10-03 15:24:59,90,-15,3705.5,22368
2022-10-03 15:25:00,251,5,3705.5,22373
2022-10-03 15:25:01,11,9,3705.25,22382
2022-10-03 15:25:02,21,14,3705.5,22396
2022-10-03 15:25:03,62,15,3705.5,22411
2022-10-03 15:25:04,92,8,3705.75,22419
2022-10-03 15:25:05,60,39,3705.75,22458
2022-10-03 15:25:06,95,20,3705.75,22478
2022-10-03 15:25:07,84,13,3706.0,22491
2022-10-03 15:25:08,155,27,3705.75,22518
2022-10-03 15:25:09,4,4,3705.75,22522
2022-10-03 15:25:10,78,-39,3705.75,22483
2022-10-03 15:25:11,4,2,3705.25,22485
2022-10-03 15:25:12,101,-6,3705.25,22479
2022-10-03 15:25:13,1,-1,3705.0,22478
2022-10-03 15:25:14,36,16,3705.25,22494
2022-10-03 15:25:15,56,-10,3705.25,22484
2022-10-03 15:25:16,25,0,3705.25,22484
2022-10-03 15:25:17,35,-9,3705.25,22475
2022-10-03 15:25:18,30,13,3705.25,22488
2022-10-03 15:25:19,17,-3,3705.5,22485
2022-10-03 15:25:20,95,12,3705.5,22497
2022-10-03 15:25:21,9,-4,3705.25,22493
2022-10-03 15:25:22,108,0,3705.25,22493
2022-10-03 15:25:24,35,-4,3705.5,22489
2022-10-03 15:25:25,113,-19,3705.5,22470
2022-10-03 15:25:26,36,18,3705.5,22488
2022-10-03 15:25:27,1,1,3705.75,22489
2022-10-03 15:25:28,5,1,3705.75,22490
2022-10-03 15:25:29,4,0,3705.75,22490
2022-10-03 15:25:30,41,-14,3705.75,22476
2022-10-03 15:25:31,21,11,3705.75,22487
2022-10-03 15:25:32,2,-2,3705.5,22485
2022-10-03 15:25:33,2,-1,3705.5,22484
2022-10-03 15:25:34,105,39,3706.0,22523
2022-10-03 15:25:35,118,26,3706.25,22549
2022-10-03 15:25:36,166,-138,3706.0,22411
2022-10-03 15:25:37,60,-18,3705.75,22393
2022-10-03 15:25:38,68,-5,3705.75,22388
2022-10-03 15:25:39,36,5,3705.5,22393
2022-10-03 15:25:40,85,18,3705.5,22411
2022-10-03 15:25:41,95,3,3705.75,22414
2022-10-03 15:25:42,63,-25,3705.75,22389
2022-10-03 15:25:43,42,-10,3706.0,22379
2022-10-03 15:25:44,1,1,3705.75,22380
2022-10-03 15:25:45,43,-23,3705.5,22357
2022-10-03 15:25:46,8,5,3705.75,22362
2022-10-03 15:25:48,2,0,3705.75,22362
2022-10-03 15:25:49,5,2,3705.75,22364
2022-10-03 15:25:50,102,-4,3705.75,22360
2022-10-03 15:25:51,54,6,3705.75,22366
2022-10-03 15:25:52,64,-19,3706.0,22347
2022-10-03 15:25:53,26,15,3706.0,22362
2022-10-03 15:25:54,37,5,3705.75,22367
2022-10-03 15:25:55,15,6,3706.0,22373
2022-10-03 15:25:56,4,3,3706.0,22376
2022-10-03 15:25:57,82,5,3706.0,22381
2022-10-03 15:25:58,42,1,3706.0,22382
2022-10-03 15:25:59,8,1,3706.25,22383
2022-10-03 15:26:00,104,20,3706.25,22403
2022-10-03 15:26:01,46,-15,3706.25,22388
2022-10-03 15:26:02,69,2,3706.25,22390
2022-10-03 15:26:03,13,11,3706.25,22401
2022-10-03 15:26:04,50,-7,3706.25,22394
2022-10-03 15:26:05,36,3,3706.25,22397
2022-10-03 15:26:06,85,-4,3706.5,22393
2022-10-03 15:26:07,48,-3,3706.5,22390
2022-10-03 15:26:08,18,3,3706.5,22393
2022-10-03 15:26:09,337,241,3707.25,22634
2022-10-03 15:26:10,307,54,3707.5,22688
2022-10-03 15:26:11,63,19,3707.25,22707
2022-10-03 15:26:12,93,9,3707.5,22716
2022-10-03 15:26:13,139,-3,3707.5,22713
2022-10-03 15:26:14,17,3,3707.5,22716
2022-10-03 15:26:15,68,11,3707.5,22727
2022-10-03 15:26:16,72,-42,3707.5,22685
2022-10-03 15:26:17,74,20,3707.25,22705
2022-10-03 15:26:18,75,7,3707.25,22712
2022-10-03 15:26:19,58,29,3707.25,22741
2022-10-03 15:26:20,21,9,3707.5,22750
2022-10-03 15:26:21,45,-7,3707.25,22743
2022-10-03 15:26:22,8,1,3707.25,22744
2022-10-03 15:26:23,40,13,3707.5,22757
2022-10-03 15:26:24,63,15,3707.5,22772
2022-10-03 15:26:25,18,-4,3707.5,22768
2022-10-03 15:26:26,24,13,3707.5,22781
2022-10-03 15:26:27,61,0,3707.75,22781
2022-10-03 15:26:28,61,11,3707.75,22792
2022-10-03 15:26:29,5,3,3707.75,22795
2022-10-03 15:26:30,1,-1,3707.5,22794
2022-10-03 15:26:31,25,11,3707.75,22805
2022-10-03 15:26:32,6,4,3707.75,22809
2022-10-03 15:26:33,48,23,3707.75,22832
2022-10-03 15:26:34,101,-8,3708.0,22824
2022-10-03 15:26:35,119,-85,3707.75,22739
2022-10-03 15:26:36,41,25,3708.0,22764
2022-10-03 15:26:37,45,-28,3708.0,22736
2022-10-03 15:26:38,24,-17,3708.0,22719
2022-10-03 15:26:39,8,3,3708.0,22722
2022-10-03 15:26:40,76,7,3707.75,22729
2022-10-03 15:26:41,49,-10,3707.75,22719
2022-10-03 15:26:42,35,-22,3707.5,22697
2022-10-03 15:26:43,1,-1,3707.5,22696
2022-10-03 15:26:44,2,0,3707.75,22696
2022-10-03 15:26:45,160,55,3707.75,22751
2022-10-03 15:26:46,20,7,3707.75,22758
2022-10-03 15:26:47,2,2,3708.0,22760
2022-10-03 15:26:48,3,3,3708.0,22763
2022-10-03 15:26:49,65,-13,3708.0,22750
2022-10-03 15:26:50,13,8,3708.0,22758
2022-10-03 15:26:51,42,-6,3708.0,22752
2022-10-03 15:26:52,15,-12,3707.75,22740
2022-10-03 15:26:53,77,-14,3707.75,22726
2022-10-03 15:26:54,6,0,3707.75,22726
2022-10-03 15:26:55,100,-4,3708.0,22722
2022-10-03 15:26:56,45,-20,3707.75,22702
2022-10-03 15:26:58,67,-35,3707.5,22667
2022-10-03 15:26:59,72,7,3707.75,22674
2022-10-03 15:27:00,75,19,3708.0,22693
2022-10-03 15:27:01,4,2,3708.0,22695
2022-10-03 15:27:02,46,-18,3708.0,22677
2022-10-03 15:27:03,13,-7,3707.75,22670
2022-10-03 15:27:04,190,-10,3707.75,22660
2022-10-03 15:27:05,223,18,3707.5,22678
2022-10-03 15:27:06,46,3,3707.5,22681
2022-10-03 15:27:07,59,4,3707.5,22685
2022-10-03 15:27:08,98,-27,3707.25,22658
2022-10-03 15:27:09,25,-4,3707.25,22654
2022-10-03 15:27:10,66,-5,3707.75,22649
2022-10-03 15:27:11,118,-5,3707.5,22644
2022-10-03 15:27:12,17,-3,3707.5,22641
2022-10-03 15:27:13,51,5,3707.5,22646
2022-10-03 15:27:14,53,-15,3707.75,22631
2022-10-03 15:27:15,5,-3,3707.5,22628
2022-10-03 15:27:16,1,1,3707.75,22629
2022-10-03 15:27:17,129,50,3708.0,22679
2022-10-03 15:27:18,44,7,3708.0,22686
2022-10-03 15:27:19,97,-13,3708.0,22673
2022-10-03 15:27:20,127,-36,3708.0,22637
2022-10-03 15:27:21,5,2,3708.0,22639
2022-10-03 15:27:22,104,-40,3708.0,22599
2022-10-03 15:27:23,35,-9,3707.5,22590
2022-10-03 15:27:24,44,9,3707.5,22599
2022-10-03 15:27:25,125,-47,3707.25,22552
2022-10-03 15:27:26,193,-65,3707.0,22487
2022-10-03 15:27:27,326,-226,3707.0,22261
2022-10-03 15:27:28,50,-6,3706.75,22255
2022-10-03 15:27:29,26,10,3706.75,22265
2022-10-03 15:27:30,16,-8,3706.75,22257
2022-10-03 15:27:31,1,-1,3706.5,22256
2022-10-03 15:27:32,102,8,3706.75,22264
2022-10-03 15:27:33,6,4,3707.0,22268
2022-10-03 15:27:34,34,-3,3707.0,22265
2022-10-03 15:27:35,7,3,3707.0,22268
2022-10-03 15:27:36,21,-5,3707.0,22263
2022-10-03 15:27:37,3,1,3707.0,22264
2022-10-03 15:27:38,53,-2,3707.25,22262
2022-10-03 15:27:39,48,20,3707.5,22282
2022-10-03 15:27:40,2,0,3707.5,22282
2022-10-03 15:27:41,18,11,3707.75,22293
2022-10-03 15:27:42,52,-6,3707.5,22287
2022-10-03 15:27:43,57,8,3707.75,22295
2022-10-03 15:27:44,60,11,3707.75,22306
2022-10-03 15:27:45,19,-1,3707.75,22305
2022-10-03 15:27:46,20,-10,3707.75,22295
2022-10-03 15:27:47,21,-4,3708.0,22291
2022-10-03 15:27:48,95,26,3708.0,22317
2022-10-03 15:27:49,47,0,3708.25,22317
2022-10-03 15:27:50,38,-24,3708.25,22293
2022-10-03 15:27:51,25,4,3708.0,22297
2022-10-03 15:27:52,71,15,3708.0,22312
2022-10-03 15:27:53,25,-2,3708.25,22310
2022-10-03 15:27:54,3,1,3708.0,22311
2022-10-03 15:27:55,4,2,3708.0,22313
2022-10-03 15:27:56,127,-16,3708.0,22297
2022-10-03 15:27:57,3,0,3708.0,22297
2022-10-03 15:27:58,20,-10,3707.75,22287
2022-10-03 15:27:59,72,-4,3707.5,22283
2022-10-03 15:28:00,25,-6,3707.5,22277
2022-10-03 15:28:01,48,23,3707.5,22300
2022-10-03 15:28:02,75,20,3707.5,22320
2022-10-03 15:28:03,98,23,3707.75,22343
2022-10-03 15:28:04,118,64,3708.0,22407
2022-10-03 15:28:05,101,30,3708.0,22437
2022-10-03 15:28:06,8,5,3708.0,22442
2022-10-03 15:28:07,70,-19,3708.0,22423
2022-10-03 15:28:09,43,3,3707.75,22426
2022-10-03 15:28:10,93,-44,3707.75,22382
2022-10-03 15:28:11,40,3,3707.5,22385
2022-10-03 15:28:12,6,4,3707.5,22389
2022-10-03 15:28:13,3,-1,3707.25,22388
2022-10-03 15:28:14,121,-10,3707.25,22378
2022-10-03 15:28:15,32,-17,3707.25,22361
2022-10-03 15:28:16,36,-19,3707.0,22342
2022-10-03 15:28:17,38,-4,3707.0,22338
2022-10-03 15:28:18,53,25,3707.0,22363
2022-10-03 15:28:19,7,-1,3707.0,22362
2022-10-03 15:28:20,134,-28,3707.0,22334
2022-10-03 15:28:21,1,-1,3706.5,22333
2022-10-03 15:28:22,124,-51,3706.75,22282
2022-10-03 15:28:23,56,-8,3706.5,22274
2022-10-03 15:28:24,86,-28,3706.25,22246
2022-10-03 15:28:25,9,-2,3706.25,22244
2022-10-03 15:28:26,42,22,3706.25,22266
2022-10-03 15:28:27,64,3,3706.25,22269
2022-10-03 15:28:28,46,10,3706.25,22279
2022-10-03 15:28:29,105,17,3706.5,22296
2022-10-03 15:28:30,1,1,3706.5,22297
2022-10-03 15:28:31,5,-5,3706.25,22292
2022-10-03 15:28:32,43,-24,3706.25,22268
2022-10-03 15:28:33,5,3,3706.25,22271
2022-10-03 15:28:34,1,-1,3706.0,22270
2022-10-03 15:28:35,58,20,3706.5,22290
2022-10-03 15:28:36,42,1,3706.5,22291
2022-10-03 15:28:37,39,4,3706.5,22295
2022-10-03 15:28:38,25,2,3706.5,22297
2022-10-03 15:28:39,57,7,3706.75,22304
2022-10-03 15:28:40,16,13,3707.0,22317
2022-10-03 15:28:41,3,1,3707.0,22318
2022-10-03 15:28:42,38,20,3707.25,22338
2022-10-03 15:28:43,44,-16,3707.25,22322
2022-10-03 15:28:44,28,-13,3707.25,22309
2022-10-03 15:28:45,1,-1,3707.0,22308
2022-10-03 15:28:46,1,-1,3707.0,22307
2022-10-03 15:28:47,17,-10,3707.0,22297
2022-10-03 15:28:48,16,-8,3707.0,22289
2022-10-03 15:28:49,40,-20,3706.75,22269
2022-10-03 15:28:50,39,0,3706.75,22269
2022-10-03 15:28:51,107,-12,3707.0,22257
2022-10-03 15:28:52,5,5,3707.0,22262
2022-10-03 15:28:53,29,3,3707.25,22265
2022-10-03 15:28:54,4,-4,3707.0,22261
2022-10-03 15:28:55,5,-2,3707.25,22259
2022-10-03 15:28:56,30,-8,3707.0,22251
2022-10-03 15:28:57,51,0,3707.0,22251
2022-10-03 15:28:58,1,-1,3706.75,22250
2022-10-03 15:28:59,28,3,3707.0,22253
2022-10-03 15:29:00,64,2,3707.0,22255
2022-10-03 15:29:01,35,-8,3707.0,22247
2022-10-03 15:29:02,11,-7,3707.0,22240
2022-10-03 15:29:03,47,-6,3706.75,22234
2022-10-03 15:29:04,36,8,3707.0,22242
2022-10-03 15:29:05,37,-19,3707.0,22223
2022-10-03 15:29:06,2,0,3707.0,22223
2022-10-03 15:29:07,23,6,3707.0,22229
2022-10-03 15:29:08,60,21,3707.25,22250
2022-10-03 15:29:09,16,7,3707.5,22257
2022-10-03 15:29:10,18,-9,3707.25,22248
2022-10-03 15:29:11,28,-2,3707.25,22246
2022-10-03 15:29:12,26,8,3707.25,22254
2022-10-03 15:29:13,10,-2,3707.25,22252
2022-10-03 15:29:14,19,-10,3707.25,22242
2022-10-03 15:29:15,76,-12,3707.0,22230
2022-10-03 15:29:17,41,-9,3706.75,22221
2022-10-03 15:29:18,35,7,3706.75,22228
2022-10-03 15:29:19,3,2,3706.75,22230
2022-10-03 15:29:20,92,-5,3706.75,22225
2022-10-03 15:29:21,35,-8,3706.5,22217
2022-10-03 15:29:22,58,-4,3706.25,22213
2022-10-03 15:29:23,83,-23,3706.25,22190
2022-10-03 15:29:24,51,-9,3706.5,22181
2022-10-03 15:29:25,3,3,3706.5,22184
2022-10-03 15:29:26,44,-5,3706.5,22179
2022-10-03 15:29:27,31,-12,3706.75,22167
2022-10-03 15:29:28,25,9,3706.5,22176
2022-10-03 15:29:29,46,-17,3706.25,22159
2022-10-03 15:29:30,45,-11,3706.5,22148
2022-10-03 15:29:31,9,-4,3706.25,22144
2022-10-03 15:29:32,49,-7,3706.0,22137
2022-10-03 15:29:33,40,-24,3706.25,22113
2022-10-03 15:29:34,13,-3,3706.25,22110
2022-10-03 15:29:35,41,-6,3706.0,22104
2022-10-03 15:29:36,37,-4,3706.0,22100
2022-10-03 15:29:37,24,9,3706.0,22109
2022-10-03 15:29:38,10,-3,3706.0,22106
2022-10-03 15:29:39,67,11,3706.25,22117
2022-10-03 15:29:40,2,1,3706.0,22118
2022-10-03 15:29:41,3,-3,3705.75,22115
2022-10-03 15:29:42,6,-6,3705.75,22109
2022-10-03 15:29:43,113,16,3706.5,22125
2022-10-03 15:29:44,75,-12,3706.25,22113
2022-10-03 15:29:45,12,2,3706.25,22115
2022-10-03 15:29:46,22,-19,3706.25,22096
2022-10-03 15:29:47,19,4,3706.0,22100
2022-10-03 15:29:48,14,-4,3706.0,22096
2022-10-03 15:29:49,36,29,3706.25,22125
2022-10-03 15:29:50,37,-13,3706.25,22112
2022-10-03 15:29:51,8,6,3706.25,22118
2022-10-03 15:29:52,43,-14,3706.0,22104
2022-10-03 15:29:53,27,6,3706.25,22110
2022-10-03 15:29:54,14,-5,3706.25,22105
2022-10-03 15:29:55,48,-4,3706.25,22101
2022-10-03 15:29:56,10,5,3706.25,22106
2022-10-03 15:29:57,6,-4,3706.0,22102
2022-10-03 15:29:58,49,12,3706.0,22114
2022-10-03 15:29:59,77,-13,3706.25,22101
2022-10-03 15:30:00,130,-56,3706.0,22045
2022-10-03 15:30:01,128,2,3706.0,22047
2022-10-03 15:30:02,45,-26,3705.75,22021
2022-10-03 15:30:03,135,33,3706.0,22054
2022-10-03 15:30:04,74,-14,3706.0,22040
2022-10-03 15:30:05,57,9,3705.75,22049
2022-10-03 15:30:06,50,10,3705.75,22059
2022-10-03 15:30:07,30,19,3706.25,22078
2022-10-03 15:30:08,57,5,3706.25,22083
2022-10-03 15:30:09,58,-8,3706.25,22075
2022-10-03 15:30:10,82,15,3706.0,22090
2022-10-03 15:30:11,51,29,3706.25,22119
2022-10-03 15:30:12,186,35,3706.75,22154
2022-10-03 15:30:13,91,37,3706.75,22191
2022-10-03 15:30:14,134,44,3707.0,22235
2022-10-03 15:30:15,95,-19,3707.0,22216
2022-10-03 15:30:16,145,33,3707.0,22249
2022-10-03 15:30:17,40,18,3707.0,22267
2022-10-03 15:30:18,48,32,3707.0,22299
2022-10-03 15:30:19,158,67,3707.25,22366
2022-10-03 15:30:20,73,33,3707.5,22399
2022-10-03 15:30:21,245,-65,3707.5,22334
2022-10-03 15:30:22,57,24,3707.25,22358
2022-10-03 15:30:23,32,3,3707.5,22361
2022-10-03 15:30:24,114,21,3708.0,22382
2022-10-03 15:30:25,141,36,3708.25,22418
2022-10-03 15:30:26,46,11,3708.0,22429
2022-10-03 15:30:27,47,20,3708.0,22449
2022-10-03 15:30:28,14,4,3708.0,22453
2022-10-03 15:30:29,43,23,3708.25,22476
2022-10-03 15:30:30,112,21,3708.25,22497
2022-10-03 15:30:31,40,12,3708.25,22509
2022-10-03 15:30:32,77,0,3708.25,22509
2022-10-03 15:30:33,10,6,3708.25,22515
2022-10-03 15:30:34,83,19,3708.25,22534
2022-10-03 15:30:35,44,-6,3708.25,22528
2022-10-03 15:30:36,78,6,3708.5,22534
2022-10-03 15:30:37,26,14,3708.5,22548
2022-10-03 15:30:38,109,-6,3708.5,22542
2022-10-03 15:30:39,12,9,3708.25,22551
2022-10-03 15:30:40,138,-18,3708.25,22533
2022-10-03 15:30:41,54,-7,3708.25,22526
2022-10-03 15:30:42,83,-13,3708.0,22513
2022-10-03 15:30:43,25,-2,3707.75,22511
2022-10-03 15:30:44,96,22,3708.0,22533
2022-10-03 15:30:45,39,2,3708.25,22535
2022-10-03 15:30:46,37,-15,3708.0,22520
2022-10-03 15:30:47,86,-8,3708.0,22512
2022-10-03 15:30:48,68,15,3707.75,22527
2022-10-03 15:30:49,1,1,3707.75,22528
2022-10-03 15:30:50,72,32,3708.0,22560
2022-10-03 15:30:51,80,30,3708.0,22590
2022-10-03 15:30:52,64,8,3708.5,22598
2022-10-03 15:30:53,36,12,3708.5,22610
2022-10-03 15:30:54,11,5,3708.5,22615
2022-10-03 15:30:55,73,-33,3708.25,22582
2022-10-03 15:30:56,76,-29,3708.25,22553
2022-10-03 15:30:57,2,0,3708.25,22553
2022-10-03 15:30:59,49,-14,3708.0,22539
2022-10-03 15:31:00,42,5,3708.0,22544
2022-10-03 15:31:01,73,-13,3708.25,22531
2022-10-03 15:31:02,22,-10,3708.25,22521
2022-10-03 15:31:03,100,-14,3708.0,22507
2022-10-03 15:31:04,112,-16,3707.25,22491
2022-10-03 15:31:05,68,-30,3707.25,22461
2022-10-03 15:31:06,10,4,3707.0,22465
2022-10-03 15:31:07,75,-20,3707.0,22445
2022-10-03 15:31:08,101,-11,3706.75,22434
2022-10-03 15:31:09,118,-30,3707.0,22404
2022-10-03 15:31:10,71,1,3706.75,22405
2022-10-03 15:31:11,45,28,3706.75,22433
2022-10-03 15:31:12,34,-1,3706.75,22432
2022-10-03 15:31:13,29,-3,3706.75,22429
2022-10-03 15:31:14,60,-7,3706.75,22422
2022-10-03 15:31:15,29,10,3707.0,22432
2022-10-03 15:31:16,10,7,3706.75,22439
2022-10-03 15:31:17,6,6,3706.75,22445
2022-10-03 15:31:18,55,1,3706.5,22446
2022-10-03 15:31:19,35,7,3706.75,22453
2022-10-03 15:31:20,36,1,3706.75,22454
2022-10-03 15:31:21,31,8,3706.75,22462
2022-10-03 15:31:22,71,-18,3706.5,22444
2022-10-03 15:31:23,16,-15,3706.0,22429
2022-10-03 15:31:24,11,-11,3706.0,22418
2022-10-03 15:31:25,137,-44,3705.75,22374
2022-10-03 15:31:26,21,2,3705.75,22376
2022-10-03 15:31:27,116,-29,3705.75,22347
2022-10-03 15:31:28,211,-104,3705.25,22243
2022-10-03 15:31:29,138,11,3705.25,22254
2022-10-03 15:31:30,32,12,3705.25,22266
2022-10-03 15:31:31,42,-24,3705.25,22242
2022-10-03 15:31:32,115,4,3705.25,22246
2022-10-03 15:31:33,11,-7,3705.25,22239
2022-10-03 15:31:34,65,-14,3705.25,22225
2022-10-03 15:31:35,18,-7,3705.0,22218
2022-10-03 15:31:36,13,-8,3705.0,22210
2022-10-03 15:31:37,16,-11,3704.75,22199
2022-10-03 15:31:38,112,-31,3705.0,22168
2022-10-03 15:31:39,102,29,3704.75,22197
2022-10-03 15:31:40,76,-46,3705.0,22151
2022-10-03 15:31:41,105,38,3705.0,22189
2022-10-03 15:31:43,62,1,3705.0,22190
2022-10-03 15:31:44,39,0,3705.0,22190
2022-10-03 15:31:45,3,-1,3705.0,22189
2022-10-03 15:31:46,4,-1,3704.75,22188
2022-10-03 15:31:47,43,-13,3704.75,22175
2022-10-03 15:31:48,48,-18,3704.75,22157
2022-10-03 15:31:49,76,-3,3704.5,22154
2022-10-03 15:31:50,65,-22,3704.5,22132
2022-10-03 15:31:51,5,-5,3704.25,22127
2022-10-03 15:31:52,53,12,3704.5,22139
2022-10-03 15:31:53,47,0,3704.5,22139
2022-10-03 15:31:54,10,1,3704.5,22140
2022-10-03 15:31:55,12,-9,3704.25,22131
2022-10-03 15:31:56,55,-2,3704.5,22129
2022-10-03 15:31:57,78,14,3704.25,22143
2022-10-03 15:31:58,139,-10,3704.25,22133
2022-10-03 15:31:59,10,-10,3704.0,22123
2022-10-03 15:32:00,56,8,3704.25,22131
2022-10-03 15:32:01,21,-1,3704.25,22130
2022-10-03 15:32:02,1,-1,3704.0,22129
2022-10-03 15:32:03,6,-1,3704.25,22128
2022-10-03 15:32:04,103,26,3704.5,22154
2022-10-03 15:32:05,36,2,3704.5,22156
2022-10-03 15:32:06,109,38,3704.75,22194
2022-10-03 15:32:07,76,38,3705.0,22232
2022-10-03 15:32:08,19,0,3705.0,22232
2022-10-03 15:32:09,66,1,3705.25,22233
2022-10-03 15:32:10,58,1,3705.25,22234
2022-10-03 15:32:11,59,-22,3705.25,22212
2022-10-03 15:32:12,47,6,3705.0,22218
2022-10-03 15:32:13,15,-13,3705.0,22205
2022-10-03 15:32:14,13,13,3705.0,22218
2022-10-03 15:32:15,3,1,3705.0,22219
2022-10-03 15:32:16,30,0,3705.0,22219
2022-10-03 15:32:17,22,2,3705.25,22221
2022-10-03 15:32:18,33,-2,3705.25,22219
2022-10-03 15:32:19,136,-3,3705.25,22216
2022-10-03 15:32:20,5,-3,3705.0,22213
2022-10-03 15:32:21,24,-10,3705.0,22203
2022-10-03 15:32:22,49,-11,3704.5,22192
2022-10-03 15:32:23,25,7,3704.75,22199
2022-10-03 15:32:24,34,-5,3704.75,22194
2022-10-03 15:32:25,108,-47,3704.5,22147
2022-10-03 15:32:26,9,5,3704.25,22152
2022-10-03 15:32:27,8,-2,3704.0,22150
2022-10-03 15:32:28,63,6,3704.25,22156
2022-10-03 15:32:29,27,-15,3704.25,22141
2022-10-03 15:32:30,60,24,3704.0,22165
2022-10-03 15:32:31,3,3,3704.0,22168
2022-10-03 15:32:32,87,-13,3704.0,22155
2022-10-03 15:32:33,101,-37,3703.75,22118
2022-10-03 15:32:34,39,-13,3703.5,22105
2022-10-03 15:32:35,85,15,3703.5,22120
2022-10-03 15:32:36,65,-16,3703.5,22104
2022-10-03 15:32:37,44,-27,3703.25,22077
2022-10-03 15:32:38,94,-32,3703.5,22045
2022-10-03 15:32:39,87,-4,3703.5,22041
2022-10-03 15:32:40,104,-36,3703.25,22005
2022-10-03 15:32:41,30,6,3703.25,22011
2022-10-03 15:32:42,42,-23,3703.25,21988
2022-10-03 15:32:43,84,14,3703.25,22002
2022-10-03 15:32:44,50,13,3703.25,22015
2022-10-03 15:32:45,8,-6,3703.25,22009
2022-10-03 15:32:46,21,-15,3703.0,21994
2022-10-03 15:32:47,615,-361,3703.0,21633
2022-10-03 15:32:48,164,13,3702.75,21646
2022-10-03 15:32:49,12,0,3702.75,21646
2022-10-03 15:32:50,90,-15,3702.5,21631
2022-10-03 15:32:51,34,9,3702.75,21640
2022-10-03 15:32:52,22,-10,3702.75,21630
2022-10-03 15:32:53,75,20,3703.0,21650
2022-10-03 15:32:54,68,12,3703.25,21662
2022-10-03 15:32:55,69,-18,3703.0,21644
2022-10-03 15:32:56,29,-6,3702.75,21638
2022-10-03 15:32:57,2,2,3702.75,21640
2022-10-03 15:32:58,81,1,3702.5,21641
2022-10-03 15:32:59,77,0,3702.5,21641
2022-10-03 15:33:00,21,7,3702.5,21648
2022-10-03 15:33:01,59,-7,3702.5,21641
2022-10-03 15:33:02,88,26,3702.75,21667
2022-10-03 15:33:03,46,-9,3702.75,21658
2022-10-03 15:33:04,1,1,3702.5,21659
2022-10-03 15:33:05,90,-18,3702.5,21641
2022-10-03 15:33:06,57,-12,3702.5,21629
2022-10-03 15:33:07,94,-27,3702.25,21602
2022-10-03 15:33:08,146,-52,3702.5,21550
2022-10-03 15:33:09,28,13,3702.5,21563
2022-10-03 15:33:10,86,-1,3702.75,21562
2022-10-03 15:33:11,37,-2,3702.75,21560
2022-10-03 15:33:12,5,-3,3702.5,21557
2022-10-03 15:33:13,27,14,3702.75,21571
2022-10-03 15:33:14,17,10,3703.0,21581
2022-10-03 15:33:15,8,-2,3703.0,21579
2022-10-03 15:33:16,34,-17,3703.0,21562
2022-10-03 15:33:17,130,25,3703.0,21587
2022-10-03 15:33:18,152,48,3703.25,21635
2022-10-03 15:33:19,49,16,3703.25,21651
2022-10-03 15:33:20,53,40,3703.75,21691
2022-10-03 15:33:21,83,19,3704.0,21710
2022-10-03 15:33:22,100,45,3704.25,21755
2022-10-03 15:33:23,112,10,3704.25,21765
2022-10-03 15:33:24,10,7,3704.25,21772
2022-10-03 15:33:26,50,-20,3704.0,21752
2022-10-03 15:33:27,2,2,3704.0,21754
2022-10-03 15:33:28,69,22,3704.0,21776
2022-10-03 15:33:29,41,-11,3704.25,21765
2022-10-03 15:33:30,25,3,3704.0,21768
2022-10-03 15:33:31,5,0,3704.0,21768
2022-10-03 15:33:32,6,0,3704.25,21768
2022-10-03 15:33:33,8,1,3704.25,21769
2022-10-03 15:33:34,108,-40,3704.25,21729
2022-10-03 15:33:35,33,-2,3703.75,21727
2022-10-03 15:33:36,94,-12,3703.5,21715
2022-10-03 15:33:37,35,1,3703.25,21716
2022-10-03 15:33:38,89,18,3703.5,21734
2022-10-03 15:33:39,5,-2,3703.5,21732
2022-10-03 15:33:40,34,-31,3703.25,21701
2022-10-03 15:33:41,73,-9,3703.25,21692
2022-10-03 15:33:42,15,-10,3703.0,21682
2022-10-03 15:33:44,1,-1,3702.75,21681
2022-10-03 15:33:45,236,-69,3703.0,21612
2022-10-03 15:33:46,34,14,3702.75,21626
2022-10-03 15:33:47,74,21,3702.75,21647
2022-10-03 15:33:48,26,18,3703.0,21665
2022-10-03 15:33:49,43,-7,3702.75,21658
2022-10-03 15:33:50,1,-1,3702.75,21657
2022-10-03 15:33:51,18,-3,3702.75,21654
2022-10-03 15:33:52,96,29,3703.5,21683
2022-10-03 15:33:53,57,-21,3703.25,21662
2022-10-03 15:33:54,26,15,3703.0,21677
2022-10-03 15:33:55,48,5,3703.25,21682
2022-10-03 15:33:56,39,11,3703.5,21693
2022-10-03 15:33:57,42,9,3703.5,21702
2022-10-03 15:33:58,23,8,3703.25,21710
2022-10-03 15:33:59,10,-1,3703.25,21709
2022-10-03 15:34:00,15,6,3703.5,21715
2022-10-03 15:34:01,28,-7,3703.25,21708
2022-10-03 15:34:02,196,-60,3703.25,21648
2022-10-03 15:34:03,24,0,3703.25,21648
2022-10-03 15:34:04,38,-26,3703.25,21622
2022-10-03 15:34:05,55,12,3703.0,21634
2022-10-03 15:34:06,21,-14,3702.75,21620
2022-10-03 15:34:07,16,5,3702.75,21625
2022-10-03 15:34:08,12,0,3702.75,21625
2022-10-03 15:34:09,81,9,3703.0,21634
2022-10-03 15:34:10,31,-8,3703.0,21626
2022-10-03 15:34:11,35,0,3703.0,21626
2022-10-03 15:34:12,17,-7,3702.75,21619
2022-10-03 15:34:15,3,-2,3702.5,21617
2022-10-03 15:34:16,49,31,3703.0,21648
2022-10-03 15:34:17,56,13,3703.25,21661
2022-10-03 15:34:18,52,33,3703.75,21694
2022-10-03 15:34:19,6,5,3703.75,21699
2022-10-03 15:34:20,2,2,3703.75,21701
2022-10-03 15:34:21,63,-4,3703.5,21697
2022-10-03 15:34:22,7,-7,3703.25,21690
2022-10-03 15:34:24,3,-2,3703.25,21688
2022-10-03 15:34:25,21,10,3703.5,21698
2022-10-03 15:34:26,92,0,3704.0,21698
2022-10-03 15:34:27,9,5,3704.0,21703
2022-10-03 15:34:28,62,71,3704.25,21774
2022-10-03 15:34:29,17,-4,3704.0,21770
2022-10-03 15:34:30,20,11,3704.0,21781
2022-10-03 15:34:31,5,1,3704.0,21782
2022-10-03 15:34:32,23,16,3704.0,21798
2022-10-03 15:34:33,47,-4,3704.0,21794
2022-10-03 15:34:34,66,-46,3704.0,21748
2022-10-03 15:34:35,40,-8,3703.5,21740
2022-10-03 15:34:37,83,2,3703.25,21742
2022-10-03 15:34:38,34,-19,3703.5,21723
2022-10-03 15:34:39,28,-3,3703.25,21720
2022-10-03 15:34:40,152,17,3703.25,21737
2022-10-03 15:34:41,12,-4,3703.25,21733
2022-10-03 15:34:43,27,18,3703.25,21751
2022-10-03 15:34:44,42,9,3703.5,21760
2022-10-03 15:34:45,29,6,3703.5,21766
2022-10-03 15:34:46,64,36,3703.75,21802
2022-10-03 15:34:47,33,12,3703.75,21814
2022-10-03 15:34:48,41,-20,3704.0,21794
2022-10-03 15:34:49,17,1,3703.75,21795
2022-10-03 15:34:50,101,44,3703.75,21839
2022-10-03 15:34:51,16,-12,3703.5,21827
2022-10-03 15:34:52,42,-12,3703.5,21815
2022-10-03 15:34:53,41,10,3703.5,21825
2022-10-03 15:34:54,12,3,3703.5,21828
2022-10-03 15:34:55,34,6,3703.5,21834
2022-10-03 15:34:56,230,-59,3703.25,21775
2022-10-03 15:34:57,66,-14,3703.0,21761
2022-10-03 15:34:58,9,-6,3702.75,21755
2022-10-03 15:34:59,2,-2,3702.75,21753
2022-10-03 15:35:00,173,59,3703.0,21812
2022-10-03 15:35:01,2,0,3703.0,21812
2022-10-03 15:35:02,141,-2,3703.0,21810
2022-10-03 15:35:03,18,-5,3703.25,21805
2022-10-03 15:35:04,60,-16,3703.0,21789
2022-10-03 15:35:05,21,-4,3703.0,21785
2022-10-03 15:35:06,19,-2,3702.75,21783
2022-10-03 15:35:07,1,1,3702.75,21784
2022-10-03 15:35:08,86,1,3702.75,21785
2022-10-03 15:35:09,85,-19,3702.5,21766
2022-10-03 15:35:10,2,-2,3702.25,21764
2022-10-03 15:35:11,7,-4,3702.5,21760
2022-10-03 15:35:12,1,-1,3702.25,21759
2022-10-03 15:35:13,99,-49,3702.5,21710
2022-10-03 15:35:14,137,25,3702.75,21735
2022-10-03 15:35:15,14,12,3702.75,21747
2022-10-03 15:35:16,36,7,3703.0,21754
2022-10-03 15:35:17,102,8,3703.0,21762
2022-10-03 15:35:18,2,0,3703.0,21762
2022-10-03 15:35:20,128,-19,3702.75,21743
2022-10-03 15:35:21,20,9,3702.25,21752
2022-10-03 15:35:22,34,4,3702.75,21756
2022-10-03 15:35:23,6,-5,3702.25,21751
2022-10-03 15:35:24,146,36,3702.75,21787
2022-10-03 15:35:25,35,4,3703.0,21791
2022-10-03 15:35:26,10,0,3703.25,21791
2022-10-03 15:35:27,9,-3,3703.25,21788
2022-10-03 15:35:28,7,-4,3703.25,21784
2022-10-03 15:35:29,60,30,3703.25,21814
2022-10-03 15:35:30,13,7,3703.5,21821
2022-10-03 15:35:31,52,1,3703.5,21822
2022-10-03 15:35:32,35,3,3703.75,21825
2022-10-03 15:35:33,7,7,3703.5,21832
2022-10-03 15:35:34,11,-8,3703.75,21824
2022-10-03 15:35:35,56,-8,3703.25,21816
2022-10-03 15:35:36,3,1,3703.5,21817
2022-10-03 15:35:37,2,1,3703.5,21818
2022-10-03 15:35:38,66,-9,3703.25,21809
2022-10-03 15:35:39,28,20,3703.5,21829
2022-10-03 15:35:40,38,-15,3703.5,21814
2022-10-03 15:35:41,24,9,3703.5,21823
2022-10-03 15:35:42,2,2,3703.75,21825
2022-10-03 15:35:43,112,2,3703.5,21827
2022-10-03 15:35:45,98,43,3703.5,21870
2022-10-03 15:35:46,1,-1,3703.25,21869
2022-10-03 15:35:47,14,-6,3703.5,21863
2022-10-03 15:35:48,279,81,3703.75,21944
2022-10-03 15:35:50,44,-9,3703.75,21935
2022-10-03 15:35:52,3,3,3703.75,21938
2022-10-03 15:35:53,32,28,3704.0,21966
2022-10-03 15:35:54,2,-1,3703.75,21965
2022-10-03 15:35:55,27,21,3704.25,21986
2022-10-03 15:35:56,48,8,3704.25,21994
2022-10-03 15:35:57,5,0,3704.25,21994
2022-10-03 15:35:58,116,52,3704.5,22046
2022-10-03 15:35:59,269,53,3705.0,22099
2022-10-03 15:36:00,96,24,3705.0,22123
2022-10-03 15:36:01,66,24,3704.75,22147
2022-10-03 15:36:02,11,3,3704.75,22150
2022-10-03 15:36:03,94,25,3704.75,22175
2022-10-03 15:36:04,1,1,3704.75,22176
2022-10-03 15:36:05,9,5,3704.75,22181
2022-10-03 15:36:06,220,-11,3704.75,22170
2022-10-03 15:36:08,88,23,3704.5,22193
2022-10-03 15:36:09,21,-3,3704.25,22190
2022-10-03 15:36:10,8,5,3704.25,22195
2022-10-03 15:36:11,61,-17,3704.0,22178
2022-10-03 15:36:12,79,-22,3704.25,22156
2022-10-03 15:36:13,5,3,3704.25,22159
2022-10-03 15:36:14,177,31,3704.5,22190
2022-10-03 15:36:15,31,6,3704.25,22196
2022-10-03 15:36:16,5,1,3704.25,22197
2022-10-03 15:36:17,274,71,3705.0,22268
2022-10-03 15:36:18,27,-1,3704.75,22267
2022-10-03 15:36:19,36,7,3705.0,22274
2022-10-03 15:36:20,206,38,3705.25,22312
2022-10-03 15:36:21,12,5,3705.25,22317
2022-10-03 15:36:22,2,-1,3705.0,22316
2022-10-03 15:36:23,67,-15,3705.25,22301
2022-10-03 15:36:24,26,-3,3705.0,22298
2022-10-03 15:36:25,114,-10,3705.0,22288
2022-10-03 15:36:26,45,13,3705.25,22301
2022-10-03 15:36:27,53,5,3705.25,22306
2022-10-03 15:36:28,40,0,3705.25,22306
2022-10-03 15:36:29,3,1,3705.25,22307
2022-10-03 15:36:30,49,-8,3705.0,22299
2022-10-03 15:36:31,1,1,3705.0,22300
2022-10-03 15:36:32,2,0,3705.0,22300
2022-10-03 15:36:34,71,-17,3705.0,22283
2022-10-03 15:36:35,38,8,3705.0,22291
2022-10-03 15:36:36,46,-2,3705.0,22289
2022-10-03 15:36:37,8,8,3705.0,22297
2022-10-03 15:36:38,78,-25,3704.75,22272
2022-10-03 15:36:39,36,24,3704.5,22296
2022-10-03 15:36:40,11,11,3705.0,22307
2022-10-03 15:36:41,42,-13,3705.0,22294
2022-10-03 15:36:42,1,-1,3705.0,22293
2022-10-03 15:36:43,33,8,3705.25,22301
2022-10-03 15:36:44,12,1,3705.25,22302
2022-10-03 15:36:45,10,0,3705.25,22302
2022-10-03 15:36:46,2,2,3705.25,22304
2022-10-03 15:36:48,95,-3,3705.5,22301
2022-10-03 15:36:49,4,4,3705.25,22305
2022-10-03 15:36:50,5,3,3705.25,22308
2022-10-03 15:36:51,34,-4,3705.0,22304
2022-10-03 15:36:52,13,-2,3705.0,22302
2022-10-03 15:36:53,17,-12,3705.25,22290
2022-10-03 15:36:54,3,2,3705.0,22292
2022-10-03 15:36:55,8,7,3705.0,22299
2022-10-03 15:36:56,64,0,3705.0,22299
2022-10-03 15:36:57,17,-11,3704.75,22288
2022-10-03 15:36:58,39,-18,3704.75,22270
2022-10-03 15:36:59,66,-8,3704.5,22262
2022-10-03 15:37:00,158,-15,3704.5,22247
2022-10-03 15:37:01,44,-21,3704.0,22226
2022-10-03 15:37:02,138,-21,3703.75,22205
2022-10-03 15:37:03,33,-6,3703.5,22199
2022-10-03 15:37:04,61,4,3703.25,22203
2022-10-03 15:37:05,57,6,3703.25,22209
2022-10-03 15:37:06,42,-15,3703.0,22194
2022-10-03 15:37:07,3,-1,3703.25,22193
2022-10-03 15:37:08,53,-27,3703.25,22166
2022-10-03 15:37:09,79,-65,3702.75,22101
2022-10-03 15:37:10,138,23,3702.25,22124
2022-10-03 15:37:11,206,-49,3702.25,22075
2022-10-03 15:37:12,24,-12,3702.25,22063
2022-10-03 15:37:13,48,-17,3702.25,22046
2022-10-03 15:37:14,40,-29,3702.0,22017
2022-10-03 15:37:15,81,-16,3701.75,22001
2022-10-03 15:37:16,72,-8,3701.75,21993
2022-10-03 15:37:17,31,-5,3701.75,21988
2022-10-03 15:37:18,61,-5,3701.5,21983
2022-10-03 15:37:19,88,17,3701.75,22000
2022-10-03 15:37:20,166,59,3702.25,22059
2022-10-03 15:37:21,5,1,3702.0,22060
2022-10-03 15:37:22,29,-12,3702.0,22048
2022-10-03 15:37:23,80,20,3702.0,22068
2022-10-03 15:37:24,59,12,3702.0,22080
2022-10-03 15:37:25,194,102,3702.5,22182
2022-10-03 15:37:26,91,18,3702.25,22200
2022-10-03 15:37:27,70,-8,3701.75,22192
2022-10-03 15:37:28,52,-1,3701.75,22191
2022-10-03 15:37:29,14,-8,3701.75,22183
2022-10-03 15:37:30,17,12,3702.0,22195
2022-10-03 15:37:31,223,75,3702.5,22270
2022-10-03 15:37:32,23,3,3702.5,22273
2022-10-03 15:37:33,323,148,3703.25,22421
2022-10-03 15:37:34,47,8,3702.75,22429
2022-10-03 15:37:35,56,-9,3702.75,22420
2022-10-03 15:37:36,35,6,3702.5,22426
2022-10-03 15:37:37,24,-9,3702.5,22417
2022-10-03 15:37:39,44,-9,3702.5,22408
2022-10-03 15:37:40,14,-11,3702.5,22397
2022-10-03 15:37:41,16,4,3702.5,22401
2022-10-03 15:37:42,38,-5,3702.5,22396
2022-10-03 15:37:43,1,1,3702.5,22397
2022-10-03 15:37:44,225,-75,3702.25,22322
2022-10-03 15:37:45,42,-11,3702.0,22311
2022-10-03 15:37:46,44,26,3702.5,22337
2022-10-03 15:37:47,122,9,3702.75,22346
2022-10-03 15:37:48,11,3,3703.0,22349
2022-10-03 15:37:49,43,20,3703.0,22369
2022-10-03 15:37:50,5,2,3703.0,22371
2022-10-03 15:37:51,98,53,3703.25,22424
2022-10-03 15:37:52,104,-40,3703.0,22384
2022-10-03 15:37:53,12,6,3702.75,22390
2022-10-03 15:37:54,10,-6,3702.75,22384
2022-10-03 15:37:55,52,14,3703.0,22398
2022-10-03 15:37:56,18,-8,3703.0,22390
2022-10-03 15:37:57,20,0,3703.25,22390
2022-10-03 15:37:58,31,-13,3703.0,22377
2022-10-03 15:37:59,1,1,3703.0,22378
2022-10-03 15:38:00,143,1,3703.0,22379
2022-10-03 15:38:01,40,-5,3703.0,22374
2022-10-03 15:38:02,45,7,3703.25,22381
2022-10-03 15:38:03,39,-7,3703.25,22374
2022-10-03 15:38:04,137,48,3703.0,22422
2022-10-03 15:38:05,59,21,3703.25,22443
2022-10-03 15:38:06,18,-1,3703.0,22442
2022-10-03 15:38:07,62,-24,3703.0,22418
2022-10-03 15:38:08,32,-8,3702.5,22410
2022-10-03 15:38:09,7,7,3702.5,22417
2022-10-03 15:38:10,27,7,3702.75,22424
2022-10-03 15:38:11,46,-1,3703.0,22423
2022-10-03 15:38:12,11,-1,3703.25,22422
2022-10-03 15:38:13,53,22,3703.5,22444
2022-10-03 15:38:14,14,7,3703.5,22451
2022-10-03 15:38:15,60,-2,3703.5,22449
2022-10-03 15:38:16,20,6,3703.5,22455
2022-10-03 15:38:17,32,0,3703.75,22455
2022-10-03 15:38:18,4,4,3703.75,22459
2022-10-03 15:38:19,82,-10,3703.75,22449
2022-10-03 15:38:20,33,5,3703.5,22454
2022-10-03 15:38:21,5,4,3703.5,22458
2022-10-03 15:38:22,12,8,3703.5,22466
2022-10-03 15:38:23,55,-3,3703.75,22463
2022-10-03 15:38:24,31,14,3704.0,22477
2022-10-03 15:38:25,7,7,3704.0,22484
2022-10-03 15:38:26,91,47,3704.25,22531
2022-10-03 15:38:27,67,26,3704.5,22557
2022-10-03 15:38:28,71,4,3704.5,22561
2022-10-03 15:38:29,26,-1,3704.5,22560
2022-10-03 15:38:30,9,5,3704.5,22565
2022-10-03 15:38:31,76,-3,3704.5,22562
2022-10-03 15:38:32,78,-7,3704.5,22555
2022-10-03 15:38:33,3,3,3704.5,22558
2022-10-03 15:38:34,5,-5,3704.25,22553
2022-10-03 15:38:35,3,2,3704.5,22555
2022-10-03 15:38:36,4,2,3704.5,22557
2022-10-03 15:38:37,3,-1,3704.5,22556
2022-10-03 15:38:38,43,27,3704.5,22583
2022-10-03 15:38:39,84,6,3704.5,22589
2022-10-03 15:38:40,102,-24,3704.5,22565
2022-10-03 15:38:41,3,-1,3704.0,22564
2022-10-03 15:38:42,154,8,3704.0,22572
2022-10-03 15:38:43,41,1,3704.0,22573
2022-10-03 15:38:44,127,-3,3703.75,22570
2022-10-03 15:38:45,34,-14,3703.5,22556
2022-10-03 15:38:46,54,3,3703.75,22559
2022-10-03 15:38:47,9,-6,3703.5,22553
2022-10-03 15:38:48,83,24,3704.25,22577
2022-10-03 15:38:49,109,12,3704.5,22589
2022-10-03 15:38:50,5,-3,3704.25,22586
2022-10-03 15:38:51,10,9,3704.25,22595
2022-10-03 15:38:52,2,0,3704.5,22595
2022-10-03 15:38:53,41,-6,3704.5,22589
2022-10-03 15:38:54,25,-1,3704.25,22588
2022-10-03 15:38:55,38,-27,3704.0,22561
2022-10-03 15:38:56,1,1,3704.0,22562
2022-10-03 15:38:57,69,-27,3704.0,22535
2022-10-03 15:38:58,17,1,3704.0,22536
2022-10-03 15:38:59,26,6,3703.75,22542
2022-10-03 15:39:00,65,15,3703.75,22557
2022-10-03 15:39:01,13,-8,3703.75,22549
2022-10-03 15:39:02,44,0,3703.75,22549
2022-10-03 15:39:03,5,4,3703.75,22553
2022-10-03 15:39:04,98,13,3703.75,22566
2022-10-03 15:39:05,66,5,3703.5,22571
2022-10-03 15:39:06,40,9,3703.5,22580
2022-10-03 15:39:07,81,-20,3703.25,22560
2022-10-03 15:39:08,54,6,3703.5,22566
2022-10-03 15:39:09,23,-6,3703.25,22560
2022-10-03 15:39:10,134,27,3703.75,22587
2022-10-03 15:39:11,64,7,3703.5,22594
2022-10-03 15:39:13,34,2,3703.5,22596
2022-10-03 15:39:14,35,19,3703.5,22615
2022-10-03 15:39:15,57,11,3704.0,22626
2022-10-03 15:39:16,10,5,3704.0,22631
2022-10-03 15:39:17,23,-9,3703.75,22622
2022-10-03 15:39:18,78,-19,3703.5,22603
2022-10-03 15:39:19,68,-12,3703.25,22591
2022-10-03 15:39:20,59,29,3703.25,22620
2022-10-03 15:39:21,32,0,3703.25,22620
2022-10-03 15:39:22,16,1,3703.0,22621
2022-10-03 15:39:23,1,-1,3703.0,22620
2022-10-03 15:39:24,19,-4,3703.25,22616
2022-10-03 15:39:25,59,12,3703.5,22628
2022-10-03 15:39:26,34,14,3703.75,22642
2022-10-03 15:39:27,37,6,3703.75,22648
2022-10-03 15:39:28,14,3,3703.75,22651
2022-10-03 15:39:29,27,1,3704.0,22652
2022-10-03 15:39:30,46,1,3703.75,22653
2022-10-03 15:39:31,2,-2,3703.75,22651
2022-10-03 15:39:32,3,3,3704.0,22654
2022-10-03 15:39:33,92,9,3704.0,22663
2022-10-03 15:39:34,72,13,3703.75,22676
2022-10-03 15:39:35,25,-2,3703.5,22674
2022-10-03 15:39:36,18,7,3703.5,22681
2022-10-03 15:39:37,51,-3,3703.25,22678
2022-10-03 15:39:38,52,-17,3703.25,22661
2022-10-03 15:39:39,38,0,3703.0,22661
2022-10-03 15:39:40,74,-6,3702.75,22655
2022-10-03 15:39:41,4,2,3702.75,22657
2022-10-03 15:39:42,185,-16,3702.5,22641
2022-10-03 15:39:43,161,29,3702.5,22670
2022-10-03 15:39:44,45,-15,3702.75,22655
2022-10-03 15:39:45,12,-11,3702.25,22644
2022-10-03 15:39:46,17,-5,3702.5,22639
2022-10-03 15:39:47,7,-6,3702.0,22633
2022-10-03 15:39:48,3,1,3702.25,22634
2022-10-03 15:39:49,9,-4,3702.0,22630
2022-10-03 15:39:50,4,-2,3702.25,22628
2022-10-03 15:39:51,164,8,3702.75,22636
2022-10-03 15:39:52,64,4,3702.5,22640
2022-10-03 15:39:53,34,-20,3702.25,22620
2022-10-03 15:39:54,82,-21,3702.0,22599
2022-10-03 15:39:55,196,-19,3702.0,22580
2022-10-03 15:39:56,16,-8,3702.0,22572
2022-10-03 15:39:57,6,5,3702.25,22577
2022-10-03 15:39:58,13,-8,3702.25,22569
2022-10-03 15:39:59,40,20,3702.25,22589
2022-10-03 15:40:00,200,-37,3702.0,22552
2022-10-03 15:40:01,89,24,3702.0,22576
2022-10-03 15:40:02,66,-33,3701.75,22543
2022-10-03 15:40:03,28,-16,3701.75,22527
2022-10-03 15:40:04,68,10,3701.75,22537
2022-10-03 15:40:05,10,-10,3701.5,22527
2022-10-03 15:40:06,90,32,3701.75,22559
2022-10-03 15:40:07,167,33,3702.0,22592
2022-10-03 15:40:08,5,1,3702.0,22593
2022-10-03 15:40:09,1,-1,3701.75,22592
2022-10-03 15:40:10,128,-21,3701.75,22571
2022-10-03 15:40:11,6,-6,3701.75,22565
2022-10-03 15:40:12,119,2,3702.0,22567
2022-10-03 15:40:13,34,2,3702.25,22569
2022-10-03 15:40:14,59,-1,3702.25,22568
2022-10-03 15:40:15,90,-4,3702.25,22564
2022-10-03 15:40:16,30,-5,3702.0,22559
2022-10-03 15:40:17,55,-32,3701.75,22527
2022-10-03 15:40:18,39,6,3701.5,22533
2022-10-03 15:40:19,108,-36,3701.5,22497
2022-10-03 15:40:20,19,10,3701.5,22507
2022-10-03 15:40:21,14,9,3701.5,22516
2022-10-03 15:40:22,41,-9,3701.5,22507
2022-10-03 15:40:23,19,-17,3701.25,22490
2022-10-03 15:40:24,60,-13,3701.5,22477
2022-10-03 15:40:25,10,-6,3701.25,22471
2022-10-03 15:40:26,63,-38,3701.25,22433
2022-10-03 15:40:27,273,-100,3700.75,22333
2022-10-03 15:40:28,25,-13,3700.75,22320
2022-10-03 15:40:29,148,-5,3700.75,22315
2022-10-03 15:40:30,375,32,3701.0,22347
2022-10-03 15:40:31,64,-35,3701.0,22312
2022-10-03 15:40:32,168,-64,3700.75,22248
2022-10-03 15:40:33,253,-104,3700.25,22144
2022-10-03 15:40:34,308,-28,3700.0,22116
2022-10-03 15:40:35,168,15,3699.5,22131
2022-10-03 15:40:36,206,-50,3699.5,22081
2022-10-03 15:40:37,70,-30,3699.5,22051
2022-10-03 15:40:38,60,34,3699.5,22085
2022-10-03 15:40:39,91,7,3699.5,22092
2022-10-03 15:40:40,216,-9,3699.75,22083
2022-10-03 15:40:41,76,4,3699.5,22087
2022-10-03 15:40:42,105,-1,3699.75,22086
2022-10-03 15:40:43,350,4,3700.0,22090
2022-10-03 15:40:44,34,20,3700.0,22110
2022-10-03 15:40:45,137,11,3700.0,22121
2022-10-03 15:40:46,150,14,3700.25,22135
2022-10-03 15:40:47,275,-10,3700.0,22125
2022-10-03 15:40:48,225,107,3700.0,22232
2022-10-03 15:40:49,113,15,3699.75,22247
2022-10-03 15:40:50,26,13,3699.75,22260
2022-10-03 15:40:51,55,23,3700.25,22283
2022-10-03 15:40:52,268,-34,3700.25,22249
2022-10-03 15:40:53,202,-40,3700.0,22209
2022-10-03 15:40:54,116,36,3699.75,22245
2022-10-03 15:40:55,136,-27,3699.75,22218
2022-10-03 15:40:56,111,-1,3699.5,22217
2022-10-03 15:40:57,31,20,3699.5,22237
2022-10-03 15:40:58,91,2,3699.75,22239
2022-10-03 15:40:59,117,-12,3699.5,22227
2022-10-03 15:41:00,166,-53,3699.25,22174
2022-10-03 15:41:01,37,-6,3699.25,22168
2022-10-03 15:41:02,97,27,3699.75,22195
2022-10-03 15:41:03,68,14,3700.0,22209
2022-10-03 15:41:04,35,11,3700.0,22220
2022-10-03 15:41:05,71,16,3700.0,22236
2022-10-03 15:41:06,51,10,3700.25,22246
2022-10-03 15:41:07,181,-15,3700.25,22231
2022-10-03 15:41:08,104,17,3700.25,22248
2022-10-03 15:41:09,52,-6,3700.25,22242
2022-10-03 15:41:10,44,18,3700.25,22260
2022-10-03 15:41:11,285,106,3700.75,22366
2022-10-03 15:41:12,256,-77,3700.75,22289
2022-10-03 15:41:13,5,-1,3700.75,22288
2022-10-03 15:41:14,99,-7,3700.75,22281
2022-10-03 15:41:15,114,-24,3700.25,22257
2022-10-03 15:41:16,35,-5,3700.0,22252
2022-10-03 15:41:17,71,-24,3700.0,22228
2022-10-03 15:41:18,119,28,3699.75,22256
2022-10-03 15:41:19,89,-24,3699.75,22232
2022-10-03 15:41:20,166,-7,3699.75,22225
2022-10-03 15:41:21,12,-2,3699.75,22223
2022-10-03 15:41:22,21,14,3699.75,22237
2022-10-03 15:41:23,20,-4,3700.0,22233
2022-10-03 15:41:24,45,-13,3699.5,22220
2022-10-03 15:41:25,82,-54,3699.5,22166
2022-10-03 15:41:26,81,27,3699.5,22193
2022-10-03 15:41:27,95,-41,3700.0,22152
2022-10-03 15:41:28,140,35,3700.5,22187
2022-10-03 15:41:29,6,3,3700.25,22190
2022-10-03 15:41:30,10,-6,3700.25,22184
2022-10-03 15:41:31,1,-1,3700.0,22183
2022-10-03 15:41:32,129,15,3700.5,22198
2022-10-03 15:41:33,113,-25,3700.75,22173
2022-10-03 15:41:34,32,-4,3700.75,22169
2022-10-03 15:41:35,1,1,3700.75,22170
2022-10-03 15:41:36,5,5,3700.75,22175
2022-10-03 15:41:37,199,80,3701.25,22255
2022-10-03 15:41:38,254,196,3701.75,22451
2022-10-03 15:41:39,159,39,3701.75,22490
2022-10-03 15:41:40,35,21,3702.0,22511
2022-10-03 15:41:41,190,-9,3702.0,22502
2022-10-03 15:41:42,49,-9,3701.25,22493
2022-10-03 15:41:43,44,14,3701.5,22507
2022-10-03 15:41:44,83,-26,3701.5,22481
2022-10-03 15:41:45,39,17,3701.25,22498
2022-10-03 15:41:46,39,-23,3701.0,22475
2022-10-03 15:41:47,58,-5,3700.75,22470
2022-10-03 15:41:48,54,8,3701.0,22478
2022-10-03 15:41:49,76,6,3701.25,22484
2022-10-03 15:41:50,5,-2,3700.75,22482
2022-10-03 15:41:51,22,-9,3700.75,22473
2022-10-03 15:41:52,59,-11,3700.75,22462
2022-10-03 15:41:53,5,3,3700.75,22465
2022-10-03 15:41:54,72,0,3700.75,22465
2022-10-03 15:41:55,27,0,3700.75,22465
2022-10-03 15:41:56,3,-3,3700.5,22462
2022-10-03 15:41:57,31,5,3700.75,22467
2022-10-03 15:41:58,107,72,3701.0,22539
2022-10-03 15:41:59,48,-10,3701.25,22529
2022-10-03 15:42:00,95,-19,3700.75,22510
2022-10-03 15:42:01,102,13,3701.0,22523
2022-10-03 15:42:02,82,-3,3701.0,22520
2022-10-03 15:42:03,33,0,3700.75,22520
2022-10-03 15:42:04,19,-2,3700.75,22518
2022-10-03 15:42:05,214,-37,3700.5,22481
2022-10-03 15:42:06,94,-38,3700.25,22443
2022-10-03 15:42:07,56,-7,3699.75,22436
2022-10-03 15:42:08,92,-3,3699.75,22433
2022-10-03 15:42:09,7,-3,3699.75,22430
2022-10-03 15:42:10,51,-13,3699.75,22417
2022-10-03 15:42:11,37,3,3699.75,22420
2022-10-03 15:42:12,33,-11,3699.75,22409
2022-10-03 15:42:13,47,-28,3699.5,22381
2022-10-03 15:42:14,115,-31,3699.25,22350
2022-10-03 15:42:15,224,-39,3698.75,22311
2022-10-03 15:42:16,25,-10,3698.75,22301
2022-10-03 15:42:17,117,-4,3699.0,22297
2022-10-03 15:42:18,100,7,3699.0,22304
2022-10-03 15:42:19,81,-23,3699.0,22281
2022-10-03 15:42:20,138,-56,3698.75,22225
2022-10-03 15:42:21,120,-7,3698.5,22218
2022-10-03 15:42:22,39,6,3698.5,22224
2022-10-03 15:42:23,31,12,3698.75,22236
2022-10-03 15:42:24,37,12,3698.75,22248
2022-10-03 15:42:25,67,-24,3698.75,22224
2022-10-03 15:42:26,172,-61,3698.75,22163
2022-10-03 15:42:27,93,-41,3698.75,22122
2022-10-03 15:42:28,90,-4,3698.5,22118
2022-10-03 15:42:29,447,-295,3698.25,21823
2022-10-03 15:42:30,97,-50,3697.75,21773
2022-10-03 15:42:31,249,-69,3697.5,21704
2022-10-03 15:42:32,141,-66,3697.25,21638
2022-10-03 15:42:33,147,-10,3697.0,21628
2022-10-03 15:42:34,179,0,3697.0,21628
2022-10-03 15:42:35,53,4,3697.25,21632
2022-10-03 15:42:36,121,6,3697.25,21638
2022-10-03 15:42:37,190,1,3697.5,21639
2022-10-03 15:42:38,27,10,3697.5,21649
2022-10-03 15:42:39,179,-32,3697.5,21617
2022-10-03 15:42:40,91,-14,3697.0,21603
2022-10-03 15:42:41,15,1,3697.0,21604
2022-10-03 15:42:42,15,-8,3697.0,21596
2022-10-03 15:42:43,100,-7,3697.0,21589
2022-10-03 15:42:44,1,-1,3696.75,21588
2022-10-03 15:42:45,53,11,3697.0,21599
2022-10-03 15:42:46,256,92,3697.5,21691
2022-10-03 15:42:47,2,0,3697.25,21691
2022-10-03 15:42:48,76,-43,3697.25,21648
2022-10-03 15:42:49,58,21,3697.25,21669
2022-10-03 15:42:50,68,-5,3697.25,21664
2022-10-03 15:42:51,11,6,3697.0,21670
2022-10-03 15:42:52,5,-1,3697.25,21669
2022-10-03 15:42:53,46,3,3697.25,21672
2022-10-03 15:42:54,43,-20,3697.25,21652
2022-10-03 15:42:55,47,7,3697.25,21659
2022-10-03 15:42:56,23,14,3697.5,21673
2022-10-03 15:42:57,182,3,3697.75,21676
2022-10-03 15:42:58,93,47,3697.75,21723
2022-10-03 15:42:59,141,2,3698.0,21725
2022-10-03 15:43:00,95,36,3698.0,21761
2022-10-03 15:43:01,131,39,3698.25,21800
2022-10-03 15:43:02,129,61,3698.5,21861
2022-10-03 15:43:03,395,136,3699.0,21997
2022-10-03 15:43:04,230,-21,3699.0,21976
2022-10-03 15:43:05,100,27,3698.5,22003
2022-10-03 15:43:06,6,3,3698.5,22006
2022-10-03 15:43:07,20,-3,3698.5,22003
2022-10-03 15:43:08,93,34,3698.75,22037
2022-10-03 15:43:09,252,44,3699.5,22081
2022-10-03 15:43:10,13,-2,3699.25,22079
2022-10-03 15:43:11,157,15,3699.25,22094
2022-10-03 15:43:12,38,-17,3699.0,22077
2022-10-03 15:43:13,14,1,3699.0,22078
2022-10-03 15:43:14,30,3,3698.75,22081
2022-10-03 15:43:15,2,2,3698.75,22083
2022-10-03 15:43:16,61,32,3698.75,22115
2022-10-03 15:43:17,62,0,3698.75,22115
2022-10-03 15:43:18,111,51,3699.0,22166
2022-10-03 15:43:19,32,-17,3699.0,22149
2022-10-03 15:43:20,13,-8,3698.75,22141
2022-10-03 15:43:21,44,-12,3699.0,22129
2022-10-03 15:43:22,105,-58,3698.5,22071
2022-10-03 15:43:23,97,8,3698.5,22079
2022-10-03 15:43:24,118,-33,3698.75,22046
2022-10-03 15:43:25,2,-2,3698.25,22044
2022-10-03 15:43:26,69,14,3698.75,22058
2022-10-03 15:43:27,36,23,3699.25,22081
2022-10-03 15:43:28,53,-17,3699.25,22064
2022-10-03 15:43:29,50,-13,3699.0,22051
2022-10-03 15:43:30,32,-23,3698.5,22028
2022-10-03 15:43:31,4,0,3698.5,22028
2022-10-03 15:43:32,4,1,3698.5,22029
2022-10-03 15:43:33,250,22,3699.0,22051
2022-10-03 15:43:34,8,6,3698.75,22057
2022-10-03 15:43:35,24,-1,3698.75,22056
2022-10-03 15:43:36,27,-3,3699.0,22053
2022-10-03 15:43:37,36,10,3698.75,22063
2022-10-03 15:43:38,44,-21,3698.5,22042
2022-10-03 15:43:39,46,6,3698.5,22048
2022-10-03 15:43:40,60,-21,3698.25,22027
2022-10-03 15:43:41,62,4,3698.5,22031
2022-10-03 15:43:42,2,2,3698.5,22033
2022-10-03 15:43:43,42,-16,3698.25,22017
2022-10-03 15:43:44,30,8,3698.25,22025
2022-10-03 15:43:45,9,-2,3698.25,22023
2022-10-03 15:43:46,119,-10,3698.25,22013
2022-10-03 15:43:47,17,0,3698.0,22013
2022-10-03 15:43:48,8,1,3698.25,22014
2022-10-03 15:43:49,4,0,3698.25,22014
2022-10-03 15:43:50,68,-39,3698.25,21975
2022-10-03 15:43:51,48,5,3698.0,21980
2022-10-03 15:43:52,63,-33,3697.75,21947
2022-10-03 15:43:53,83,-1,3697.5,21946
2022-10-03 15:43:54,9,4,3697.5,21950
2022-10-03 15:43:55,127,-10,3697.5,21940
2022-10-03 15:43:56,76,18,3697.5,21958
2022-10-03 15:43:57,16,-6,3697.5,21952
2022-10-03 15:43:58,220,41,3698.0,21993
2022-10-03 15:43:59,7,-1,3698.0,21992
2022-10-03 15:44:00,4,0,3698.0,21992
2022-10-03 15:44:01,27,18,3698.25,22010
2022-10-03 15:44:02,29,-4,3698.25,22006
2022-10-03 15:44:03,69,-21,3698.0,21985
2022-10-03 15:44:04,114,7,3697.75,21992
2022-10-03 15:44:05,44,5,3697.25,21997
2022-10-03 15:44:06,63,10,3697.25,22007
2022-10-03 15:44:07,34,0,3697.25,22007
2022-10-03 15:44:08,25,9,3697.5,22016
2022-10-03 15:44:09,2,2,3697.5,22018
2022-10-03 15:44:10,81,-16,3697.25,22002
2022-10-03 15:44:11,8,2,3697.25,22004
2022-10-03 15:44:12,25,-17,3697.25,21987
2022-10-03 15:44:13,95,27,3697.5,22014
2022-10-03 15:44:14,52,-8,3697.5,22006
2022-10-03 15:44:16,193,84,3698.25,22090
2022-10-03 15:44:17,42,5,3698.25,22095
2022-10-03 15:44:18,51,5,3698.25,22100
2022-10-03 15:44:19,157,120,3698.75,22220
2022-10-03 15:44:20,73,33,3698.75,22253
2022-10-03 15:44:21,46,-18,3698.5,22235
2022-10-03 15:44:22,29,-17,3698.25,22218
2022-10-03 15:44:23,49,13,3698.25,22231
2022-10-03 15:44:24,4,2,3698.5,22233
2022-10-03 15:44:25,11,-2,3698.5,22231
2022-10-03 15:44:26,62,19,3698.5,22250
2022-10-03 15:44:27,37,6,3698.75,22256
2022-10-03 15:44:28,4,4,3698.75,22260
2022-10-03 15:44:29,7,-4,3698.5,22256
2022-10-03 15:44:30,7,-5,3698.75,22251
2022-10-03 15:44:31,3,-1,3698.75,22250
2022-10-03 15:44:32,68,35,3699.0,22285
2022-10-03 15:44:33,99,0,3699.25,22285
2022-10-03 15:44:34,49,-4,3699.0,22281
2022-10-03 15:44:35,7,4,3699.0,22285
2022-10-03 15:44:36,83,-29,3699.0,22256
2022-10-03 15:44:37,39,-2,3698.5,22254
2022-10-03 15:44:38,46,-18,3698.75,22236
2022-10-03 15:44:39,78,-10,3698.75,22226
2022-10-03 15:44:40,81,5,3698.25,22231
2022-10-03 15:44:42,73,-24,3698.25,22207
2022-10-03 15:44:43,3,-1,3698.0,22206
2022-10-03 15:44:44,41,25,3698.0,22231
2022-10-03 15:44:45,55,-16,3698.25,22215
2022-10-03 15:44:46,31,-4,3698.0,22211
2022-10-03 15:44:47,95,24,3698.25,22235
2022-10-03 15:44:48,27,8,3698.25,22243
2022-10-03 15:44:49,43,-3,3698.5,22240
2022-10-03 15:44:50,83,2,3698.5,22242
2022-10-03 15:44:51,38,7,3698.5,22249
2022-10-03 15:44:52,53,-17,3698.5,22232
2022-10-03 15:44:53,13,3,3698.25,22235
2022-10-03 15:44:54,44,-3,3698.25,22232
2022-10-03 15:44:55,24,6,3698.25,22238
2022-10-03 15:44:56,43,-22,3698.0,22216
2022-10-03 15:44:57,1,1,3698.0,22217
2022-10-03 15:44:58,22,-11,3698.0,22206
2022-10-03 15:44:59,92,16,3698.25,22222
2022-10-03 15:45:00,191,-87,3698.0,22135
2022-10-03 15:45:01,201,-128,3697.75,22007
2022-10-03 15:45:02,29,-17,3697.5,21990
2022-10-03 15:45:03,77,-14,3697.5,21976
2022-10-03 15:45:04,120,8,3697.5,21984
2022-10-03 15:45:05,100,-28,3697.25,21956
2022-10-03 15:45:06,141,-50,3697.0,21906
2022-10-03 15:45:07,14,-8,3697.25,21898
2022-10-03 15:45:08,110,-53,3697.0,21845
2022-10-03 15:45:09,61,-7,3697.0,21838
2022-10-03 15:45:10,106,-14,3697.0,21824
2022-10-03 15:45:11,88,-26,3696.75,21798
2022-10-03 15:45:12,38,-4,3696.5,21794
2022-10-03 15:45:13,45,30,3696.75,21824
2022-10-03 15:45:14,27,8,3696.75,21832
2022-10-03 15:45:15,18,7,3696.75,21839
2022-10-03 15:45:16,125,-9,3696.75,21830
2022-10-03 15:45:17,36,-4,3696.75,21826
2022-10-03 15:45:18,203,58,3697.25,21884
2022-10-03 15:45:19,117,56,3697.5,21940
2022-10-03 15:45:20,214,34,3697.75,21974
2022-10-03 15:45:21,135,-42,3697.5,21932
2022-10-03 15:45:22,100,24,3697.0,21956
2022-10-03 15:45:23,4,2,3697.0,21958
2022-10-03 15:45:24,1,1,3697.0,21959
2022-10-03 15:45:25,334,-252,3696.75,21707
2022-10-03 15:45:26,221,-73,3696.5,21634
2022-10-03 15:45:27,3,-3,3696.0,21631
2022-10-03 15:45:28,26,-8,3696.25,21623
2022-10-03 15:45:29,182,15,3696.25,21638
2022-10-03 15:45:30,99,-12,3696.25,21626
2022-10-03 15:45:31,23,6,3696.0,21632
2022-10-03 15:45:32,381,-116,3696.0,21516
2022-10-03 15:45:33,147,43,3696.0,21559
2022-10-03 15:45:34,64,17,3696.5,21576
2022-10-03 15:45:35,134,-25,3696.25,21551
2022-10-03 15:45:36,11,-2,3696.5,21549
2022-10-03 15:45:37,44,-16,3696.5,21533
2022-10-03 15:45:38,40,-2,3696.0,21531
2022-10-03 15:45:39,41,11,3696.0,21542
2022-10-03 15:45:40,1,1,3696.0,21543
2022-10-03 15:45:41,200,-17,3695.75,21526
2022-10-03 15:45:42,75,12,3696.0,21538
2022-10-03 15:45:43,68,-16,3695.75,21522
2022-10-03 15:45:44,76,13,3695.75,21535
2022-10-03 15:45:45,9,4,3695.75,21539
2022-10-03 15:45:46,136,-64,3695.75,21475
2022-10-03 15:45:47,74,-18,3695.75,21457
2022-10-03 15:45:48,42,-21,3695.75,21436
2022-10-03 15:45:49,15,-10,3695.5,21426
2022-10-03 15:45:50,287,-90,3695.25,21336
2022-10-03 15:45:51,156,-8,3695.0,21328
2022-10-03 15:45:52,115,-14,3695.0,21314
2022-10-03 15:45:53,210,32,3695.0,21346
2022-10-03 15:45:54,123,24,3695.25,21370
2022-10-03 15:45:55,28,18,3695.25,21388
2022-10-03 15:45:56,193,42,3695.75,21430
2022-10-03 15:45:57,103,22,3695.75,21452
2022-10-03 15:45:58,134,46,3696.0,21498
2022-10-03 15:45:59,53,-9,3696.0,21489
2022-10-03 15:46:00,105,5,3695.75,21494
2022-10-03 15:46:01,138,27,3696.25,21521
2022-10-03 15:46:02,41,19,3696.25,21540
2022-10-03 15:46:03,272,133,3697.5,21673
2022-10-03 15:46:04,164,-19,3697.75,21654
2022-10-03 15:46:05,59,10,3697.75,21664
2022-10-03 15:46:06,81,-14,3697.75,21650
2022-10-03 15:46:07,14,8,3697.5,21658
2022-10-03 15:46:08,64,-28,3697.5,21630
2022-10-03 15:46:09,120,37,3697.25,21667
2022-10-03 15:46:10,45,19,3697.75,21686
2022-10-03 15:46:11,57,17,3698.0,21703
2022-10-03 15:46:12,172,4,3698.25,21707
2022-10-03 15:46:13,114,17,3698.0,21724
2022-10-03 15:46:14,39,24,3698.25,21748
2022-10-03 15:46:15,93,41,3698.5,21789
2022-10-03 15:46:16,83,-13,3698.5,21776
2022-10-03 15:46:17,16,7,3698.5,21783
2022-10-03 15:46:18,127,41,3698.5,21824
2022-10-03 15:46:19,30,17,3698.5,21841
2022-10-03 15:46:20,139,9,3699.0,21850
2022-10-03 15:46:21,40,26,3699.0,21876
2022-10-03 15:46:22,224,139,3699.75,22015
2022-10-03 15:46:23,178,-15,3699.5,22000
2022-10-03 15:46:24,69,10,3699.5,22010
2022-10-03 15:46:25,37,0,3699.75,22010
2022-10-03 15:46:26,47,-16,3699.5,21994
2022-10-03 15:46:27,25,12,3699.5,22006
2022-10-03 15:46:28,8,1,3699.5,22007
2022-10-03 15:46:29,15,-4,3699.5,22003
2022-10-03 15:46:30,2,-2,3699.25,22001
2022-10-03 15:46:31,52,26,3699.75,22027
2022-10-03 15:46:32,60,3,3699.75,22030
2022-10-03 15:46:33,98,38,3700.0,22068
2022-10-03 15:46:34,22,10,3700.0,22078
2022-10-03 15:46:35,136,-27,3700.0,22051
2022-10-03 15:46:36,74,0,3699.75,22051
2022-10-03 15:46:37,134,-11,3699.75,22040
2022-10-03 15:46:38,189,-64,3699.5,21976
2022-10-03 15:46:39,93,-10,3699.25,21966
2022-10-03 15:46:40,140,-23,3699.0,21943
2022-10-03 15:46:41,165,23,3699.25,21966
2022-10-03 15:46:42,90,-12,3699.5,21954
2022-10-03 15:46:43,84,-28,3699.5,21926
2022-10-03 15:46:44,3,2,3699.5,21928
2022-10-03 15:46:45,183,7,3700.0,21935
2022-10-03 15:46:46,38,-1,3699.75,21934
2022-10-03 15:46:47,212,124,3700.25,22058
2022-10-03 15:46:48,117,1,3700.25,22059
2022-10-03 15:46:49,44,-10,3700.25,22049
2022-10-03 15:46:50,8,4,3700.25,22053
2022-10-03 15:46:51,39,20,3700.25,22073
2022-10-03 15:46:52,75,1,3700.25,22074
2022-10-03 15:46:53,94,-6,3700.0,22068
2022-10-03 15:46:54,55,8,3700.25,22076
2022-10-03 15:46:55,467,121,3700.5,22197
2022-10-03 15:46:56,15,-7,3700.25,22190
2022-10-03 15:46:57,31,-17,3700.25,22173
2022-10-03 15:46:58,59,15,3700.25,22188
2022-10-03 15:46:59,100,1,3700.75,22189
2022-10-03 15:47:00,216,66,3700.75,22255
2022-10-03 15:47:01,60,-7,3700.5,22248
2022-10-03 15:47:02,61,-17,3700.25,22231
2022-10-03 15:47:03,143,43,3700.25,22274
2022-10-03 15:47:04,157,-18,3699.75,22256
2022-10-03 15:47:05,59,2,3699.75,22258
2022-10-03 15:47:06,30,-11,3699.75,22247
2022-10-03 15:47:07,95,-11,3699.5,22236
2022-10-03 15:47:08,158,-12,3699.25,22224
2022-10-03 15:47:09,17,7,3699.5,22231
2022-10-03 15:47:10,27,18,3699.75,22249
2022-10-03 15:47:11,64,-12,3699.75,22237
2022-10-03 15:47:12,100,14,3699.75,22251
2022-10-03 15:47:13,44,5,3699.75,22256
2022-10-03 15:47:14,83,27,3700.0,22283
2022-10-03 15:47:15,44,4,3700.0,22287
2022-10-03 15:47:16,43,-2,3700.0,22285
2022-10-03 15:47:17,35,-22,3699.75,22263
2022-10-03 15:47:18,3,-3,3699.25,22260
2022-10-03 15:47:19,75,-20,3699.25,22240
2022-10-03 15:47:20,104,14,3699.0,22254
2022-10-03 15:47:21,42,9,3699.25,22263
2022-10-03 15:47:22,1,-1,3699.0,22262
2022-10-03 15:47:23,21,-9,3699.25,22253
2022-10-03 15:47:24,71,-35,3698.75,22218
2022-10-03 15:47:25,63,-19,3698.5,22199
2022-10-03 15:47:27,177,-66,3698.25,22133
2022-10-03 15:47:28,240,-58,3697.25,22075
2022-10-03 15:47:29,158,-28,3697.0,22047
2022-10-03 15:47:30,127,21,3697.25,22068
2022-10-03 15:47:31,141,-52,3696.75,22016
2022-10-03 15:47:32,219,-53,3696.5,21963
2022-10-03 15:47:33,92,11,3696.25,21974
2022-10-03 15:47:34,70,-1,3696.5,21973
2022-10-03 15:47:35,80,41,3696.75,22014
2022-10-03 15:47:36,45,-20,3696.75,21994
2022-10-03 15:47:37,68,16,3697.0,22010
2022-10-03 15:47:38,60,20,3697.25,22030
2022-10-03 15:47:39,48,1,3697.25,22031
2022-10-03 15:47:40,22,2,3697.5,22033
2022-10-03 15:47:41,309,150,3698.0,22183
2022-10-03 15:47:42,45,-9,3697.75,22174
2022-10-03 15:47:43,57,-7,3697.5,22167
2022-10-03 15:47:44,36,21,3697.75,22188
2022-10-03 15:47:45,94,-22,3698.0,22166
2022-10-03 15:47:46,122,8,3698.0,22174
2022-10-03 15:47:47,59,-1,3698.0,22173
2022-10-03 15:47:48,73,-16,3698.0,22157
2022-10-03 15:47:49,88,55,3698.0,22212
2022-10-03 15:47:50,60,-4,3698.0,22208
2022-10-03 15:47:51,102,18,3698.5,22226
2022-10-03 15:47:52,4,3,3698.5,22229
2022-10-03 15:47:53,79,-8,3698.5,22221
2022-10-03 15:47:54,106,25,3698.5,22246
2022-10-03 15:47:55,25,3,3698.5,22249
2022-10-03 15:47:56,44,-16,3698.5,22233
2022-10-03 15:47:57,13,4,3698.25,22237
2022-10-03 15:47:58,57,-11,3698.0,22226
2022-10-03 15:47:59,9,-2,3698.0,22224
2022-10-03 15:48:00,173,62,3698.75,22286
2022-10-03 15:48:01,131,-30,3698.75,22256
2022-10-03 15:48:02,68,-22,3697.75,22234
2022-10-03 15:48:03,4,0,3698.0,22234
2022-10-03 15:48:04,28,-7,3698.0,22227
2022-10-03 15:48:05,44,13,3698.0,22240
2022-10-03 15:48:06,102,21,3698.25,22261
2022-10-03 15:48:07,20,-13,3698.0,22248
2022-10-03 15:48:08,2,2,3697.75,22250
2022-10-03 15:48:09,98,-26,3697.5,22224
2022-10-03 15:48:10,57,-29,3697.25,22195
2022-10-03 15:48:11,78,-52,3697.0,22143
2022-10-03 15:48:12,82,-8,3696.5,22135
2022-10-03 15:48:13,127,37,3696.75,22172
2022-10-03 15:48:14,5,-1,3697.0,22171
2022-10-03 15:48:16,71,17,3697.0,22188
2022-10-03 15:48:17,58,-6,3696.75,22182
2022-10-03 15:48:18,74,-26,3697.0,22156
2022-10-03 15:48:19,282,-64,3696.5,22092
2022-10-03 15:48:20,7,-4,3695.75,22088
2022-10-03 15:48:21,43,24,3696.25,22112
2022-10-03 15:48:22,12,0,3696.25,22112
2022-10-03 15:48:23,47,22,3696.5,22134
2022-10-03 15:48:24,113,47,3697.0,22181
2022-10-03 15:48:25,115,2,3697.0,22183
2022-10-03 15:48:26,78,-13,3697.0,22170
2022-10-03 15:48:27,102,11,3697.5,22181
2022-10-03 15:48:28,118,-12,3697.25,22169
2022-10-03 15:48:29,126,-70,3697.0,22099
2022-10-03 15:48:30,64,-6,3696.75,22093
2022-10-03 15:48:31,30,-5,3696.5,22088
2022-10-03 15:48:32,67,14,3696.75,22102
2022-10-03 15:48:33,262,60,3697.5,22162
2022-10-03 15:48:34,189,65,3697.75,22227
2022-10-03 15:48:35,67,0,3697.5,22227
2022-10-03 15:48:36,21,15,3697.25,22242
2022-10-03 15:48:37,235,52,3698.0,22294
2022-10-03 15:48:39,35,-8,3698.0,22286
2022-10-03 15:48:40,13,2,3698.0,22288
2022-10-03 15:48:41,105,-45,3697.75,22243
2022-10-03 15:48:42,3,-1,3697.75,22242
2022-10-03 15:48:43,2,0,3697.75,22242
2022-10-03 15:48:44,114,25,3697.75,22267
2022-10-03 15:48:45,57,18,3698.0,22285
2022-10-03 15:48:46,34,8,3698.25,22293
2022-10-03 15:48:47,74,10,3698.5,22303
2022-10-03 15:48:48,13,11,3698.75,22314
2022-10-03 15:48:49,108,73,3699.0,22387
2022-10-03 15:48:50,44,20,3699.0,22407
2022-10-03 15:48:51,56,33,3699.0,22440
2022-10-03 15:48:52,53,-18,3698.75,22422
2022-10-03 15:48:53,85,2,3698.5,22424
2022-10-03 15:48:54,3,-1,3698.75,22423
2022-10-03 15:48:55,184,19,3698.75,22442
2022-10-03 15:48:56,27,-8,3698.25,22434
2022-10-03 15:48:57,46,16,3698.75,22450
2022-10-03 15:48:58,22,5,3698.5,22455
2022-10-03 15:48:59,134,46,3699.0,22501
2022-10-03 15:49:00,66,-2,3699.0,22499
2022-10-03 15:49:01,70,-10,3699.0,22489
2022-10-03 15:49:02,32,1,3698.75,22490
2022-10-03 15:49:03,22,-19,3698.25,22471
2022-10-03 15:49:04,50,9,3698.25,22480
2022-10-03 15:49:05,114,-27,3698.25,22453
2022-10-03 15:49:06,35,-7,3698.25,22446
2022-10-03 15:49:07,3,-3,3697.75,22443
2022-10-03 15:49:08,35,19,3698.0,22462
2022-10-03 15:49:09,86,18,3698.25,22480
2022-10-03 15:49:10,18,10,3698.5,22490
2022-10-03 15:49:11,26,7,3698.5,22497
2022-10-03 15:49:12,45,-4,3698.5,22493
2022-10-03 15:49:13,17,-11,3698.5,22482
2022-10-03 15:49:14,358,-187,3698.25,22295
2022-10-03 15:49:15,3,-1,3698.0,22294
2022-10-03 15:49:16,80,35,3698.25,22329
2022-10-03 15:49:17,168,-39,3698.25,22290
2022-10-03 15:49:19,37,-20,3697.75,22270
2022-10-03 15:49:20,5,-5,3697.5,22265
2022-10-03 15:49:21,58,17,3697.75,22282
2022-10-03 15:49:22,51,26,3698.0,22308
2022-10-03 15:49:23,36,7,3698.0,22315
2022-10-03 15:49:24,19,13,3698.0,22328
2022-10-03 15:49:25,46,6,3698.0,22334
2022-10-03 15:49:26,4,2,3698.0,22336
2022-10-03 15:49:27,61,9,3698.0,22345
2022-10-03 15:49:28,39,-9,3698.0,22336
2022-10-03 15:49:29,77,-23,3698.0,22313
2022-10-03 15:49:30,22,-17,3697.75,22296
2022-10-03 15:49:31,62,-12,3697.75,22284
2022-10-03 15:49:32,28,0,3698.0,22284
2022-10-03 15:49:33,18,-12,3697.75,22272
2022-10-03 15:49:34,32,-8,3697.5,22264
2022-10-03 15:49:35,10,9,3697.5,22273
2022-10-03 15:49:36,5,1,3697.5,22274
2022-10-03 15:49:37,37,-26,3697.25,22248
2022-10-03 15:49:38,91,25,3697.25,22273
2022-10-03 15:49:39,20,-9,3697.25,22264
2022-10-03 15:49:40,71,22,3697.25,22286
2022-10-03 15:49:41,53,6,3697.25,22292
2022-10-03 15:49:42,34,-29,3697.25,22263
2022-10-03 15:49:43,3,2,3697.0,22265
2022-10-03 15:49:44,52,18,3697.0,22283
2022-10-03 15:49:45,65,53,3697.25,22336
2022-10-03 15:49:46,68,-1,3697.25,22335
2022-10-03 15:49:47,92,29,3697.5,22364
2022-10-03 15:49:48,267,-170,3697.75,22194
2022-10-03 15:49:49,75,-30,3696.75,22164
2022-10-03 15:49:50,121,-55,3696.25,22109
2022-10-03 15:49:51,354,169,3697.75,22278
2022-10-03 15:49:52,49,-22,3697.75,22256
2022-10-03 15:49:53,3,1,3697.25,22257
2022-10-03 15:49:54,28,6,3697.25,22263
2022-10-03 15:49:55,50,-7,3697.25,22256
2022-10-03 15:49:56,241,-161,3697.0,22095
2022-10-03 15:49:57,84,-6,3696.75,22089
2022-10-03 15:49:58,46,-25,3696.5,22064
2022-10-03 15:49:59,30,-11,3696.5,22053
2022-10-03 15:50:00,1638,-637,3698.0,21416
2022-10-03 15:50:01,352,-175,3694.75,21241
2022-10-03 15:50:02,387,-109,3693.75,21132
2022-10-03 15:50:03,295,-85,3693.0,21047
2022-10-03 15:50:04,350,-63,3693.5,20984
2022-10-03 15:50:05,698,39,3693.75,21023
2022-10-03 15:50:06,254,58,3694.5,21081
2022-10-03 15:50:07,165,-48,3694.5,21033
2022-10-03 15:50:08,231,3,3694.5,21036
2022-10-03 15:50:09,198,-27,3694.25,21009
2022-10-03 15:50:10,520,-5,3694.25,21004
2022-10-03 15:50:11,553,-83,3694.25,20921
2022-10-03 15:50:12,403,52,3694.25,20973
2022-10-03 15:50:13,119,6,3694.5,20979
2022-10-03 15:50:14,554,4,3694.5,20983
2022-10-03 15:50:15,100,-21,3694.25,20962
2022-10-03 15:50:16,302,-40,3694.25,20922
2022-10-03 15:50:17,37,4,3694.0,20926
2022-10-03 15:50:18,91,-29,3693.75,20897
2022-10-03 15:50:19,256,-50,3693.0,20847
2022-10-03 15:50:20,296,-28,3692.75,20819
2022-10-03 15:50:21,169,23,3693.0,20842
2022-10-03 15:50:22,193,-12,3693.25,20830
2022-10-03 15:50:23,329,9,3694.0,20839
2022-10-03 15:50:24,94,7,3694.25,20846
2022-10-03 15:50:25,191,10,3694.25,20856
2022-10-03 15:50:26,102,-2,3694.25,20854
2022-10-03 15:50:27,121,-24,3693.75,20830
2022-10-03 15:50:28,116,25,3694.0,20855
2022-10-03 15:50:29,83,-15,3694.0,20840
2022-10-03 15:50:30,205,-58,3693.75,20782
2022-10-03 15:50:31,128,15,3693.25,20797
2022-10-03 15:50:32,115,-25,3693.5,20772
2022-10-03 15:50:33,108,-19,3693.25,20753
2022-10-03 15:50:34,104,-19,3693.0,20734
2022-10-03 15:50:35,56,-6,3692.75,20728
2022-10-03 15:50:36,300,6,3693.0,20734
2022-10-03 15:50:37,202,8,3693.0,20742
2022-10-03 15:50:38,215,34,3693.0,20776
2022-10-03 15:50:39,194,-10,3693.0,20766
2022-10-03 15:50:40,70,11,3692.75,20777
2022-10-03 15:50:41,248,76,3693.5,20853
2022-10-03 15:50:42,121,49,3693.75,20902
2022-10-03 15:50:43,20,11,3693.75,20913
2022-10-03 15:50:44,208,-63,3693.5,20850
2022-10-03 15:50:45,59,-11,3693.25,20839
2022-10-03 15:50:46,77,36,3693.5,20875
2022-10-03 15:50:47,87,-16,3693.5,20859
2022-10-03 15:50:48,120,14,3693.25,20873
2022-10-03 15:50:49,491,311,3694.75,21184
2022-10-03 15:50:50,718,-26,3695.0,21158
2022-10-03 15:50:51,66,39,3695.0,21197
2022-10-03 15:50:52,221,-10,3694.75,21187
2022-10-03 15:50:53,209,56,3695.0,21243
2022-10-03 15:50:54,10,6,3695.0,21249
2022-10-03 15:50:55,181,61,3695.5,21310
2022-10-03 15:50:56,218,68,3695.75,21378
2022-10-03 15:50:57,120,-26,3695.5,21352
2022-10-03 15:50:58,190,-92,3695.25,21260
2022-10-03 15:50:59,20,-12,3694.75,21248
2022-10-03 15:51:00,750,-265,3694.75,20983
2022-10-03 15:51:01,128,-31,3693.5,20952
2022-10-03 15:51:02,99,-17,3693.5,20935
2022-10-03 15:51:03,68,22,3693.5,20957
2022-10-03 15:51:04,89,27,3693.75,20984
2022-10-03 15:51:05,68,-2,3693.75,20982
2022-10-03 15:51:06,96,-12,3693.25,20970
2022-10-03 15:51:07,286,-99,3693.0,20871
2022-10-03 15:51:08,98,-33,3692.75,20838
2022-10-03 15:51:09,120,46,3693.0,20884
2022-10-03 15:51:10,169,-59,3693.0,20825
2022-10-03 15:51:11,61,6,3692.75,20831
2022-10-03 15:51:12,46,-20,3692.75,20811
2022-10-03 15:51:13,45,4,3692.75,20815
2022-10-03 15:51:14,84,-17,3693.0,20798
2022-10-03 15:51:15,62,-16,3692.75,20782
2022-10-03 15:51:16,81,19,3692.75,20801
2022-10-03 15:51:17,33,-17,3692.5,20784
2022-10-03 15:51:18,58,-5,3692.5,20779
2022-10-03 15:51:19,22,3,3692.5,20782
2022-10-03 15:51:20,76,-16,3692.5,20766
2022-10-03 15:51:21,92,-20,3692.25,20746
2022-10-03 15:51:22,157,8,3692.5,20754
2022-10-03 15:51:23,133,31,3692.75,20785
2022-10-03 15:51:24,84,4,3692.75,20789
2022-10-03 15:51:25,194,22,3693.25,20811
2022-10-03 15:51:26,120,-5,3693.5,20806
2022-10-03 15:51:27,142,22,3693.5,20828
2022-10-03 15:51:28,68,-1,3693.25,20827
2022-10-03 15:51:29,34,1,3693.5,20828
2022-10-03 15:51:30,95,6,3693.5,20834
2022-10-03 15:51:31,93,-6,3693.75,20828
2022-10-03 15:51:32,51,-10,3693.5,20818
2022-10-03 15:51:33,79,-37,3693.5,20781
2022-10-03 15:51:34,115,-75,3692.75,20706
2022-10-03 15:51:35,52,-23,3692.5,20683
2022-10-03 15:51:36,72,37,3692.75,20720
2022-10-03 15:51:37,131,-13,3692.75,20707
2022-10-03 15:51:38,42,-31,3693.0,20676
2022-10-03 15:51:39,45,-16,3692.75,20660
2022-10-03 15:51:40,83,8,3692.75,20668
2022-10-03 15:51:41,40,-15,3692.75,20653
2022-10-03 15:51:42,71,27,3693.25,20680
2022-10-03 15:51:43,58,-15,3693.5,20665
2022-10-03 15:51:44,86,-6,3693.25,20659
2022-10-03 15:51:45,68,18,3693.5,20677
2022-10-03 15:51:46,86,6,3693.5,20683
2022-10-03 15:51:47,236,-67,3693.25,20616
2022-10-03 15:51:48,47,21,3693.25,20637
2022-10-03 15:51:49,103,-17,3693.25,20620
2022-10-03 15:51:50,18,12,3693.25,20632
2022-10-03 15:51:51,35,-6,3693.0,20626
2022-10-03 15:51:52,77,9,3693.0,20635
2022-10-03 15:51:53,94,-43,3692.75,20592
2022-10-03 15:51:54,44,0,3692.5,20592
2022-10-03 15:51:55,296,-60,3692.75,20532
2022-10-03 15:51:56,306,-150,3692.0,20382
2022-10-03 15:51:57,127,-1,3691.5,20381
2022-10-03 15:51:58,73,20,3691.75,20401
2022-10-03 15:51:59,172,45,3692.25,20446
2022-10-03 15:52:00,177,-1,3692.25,20445
2022-10-03 15:52:01,30,-11,3692.25,20434
2022-10-03 15:52:02,116,-17,3692.0,20417
2022-10-03 15:52:03,19,7,3692.0,20424
2022-10-03 15:52:04,81,7,3692.5,20431
2022-10-03 15:52:05,79,-4,3692.5,20427
2022-10-03 15:52:06,85,20,3692.5,20447
2022-10-03 15:52:07,50,-19,3692.5,20428
2022-10-03 15:52:08,87,20,3692.25,20448
2022-10-03 15:52:09,97,-11,3692.75,20437
2022-10-03 15:52:10,24,15,3692.5,20452
2022-10-03 15:52:11,96,-10,3692.75,20442
2022-10-03 15:52:12,165,7,3692.75,20449
2022-10-03 15:52:13,53,2,3692.75,20451
2022-10-03 15:52:14,97,-45,3692.75,20406
2022-10-03 15:52:15,164,-102,3692.75,20304
2022-10-03 15:52:16,49,-16,3692.25,20288
2022-10-03 15:52:17,78,-12,3692.25,20276
2022-10-03 15:52:18,8,-1,3692.25,20275
2022-10-03 15:52:19,87,-28,3692.0,20247
2022-10-03 15:52:20,104,-26,3692.0,20221
2022-10-03 15:52:21,63,1,3692.0,20222
2022-10-03 15:52:22,57,17,3692.0,20239
2022-10-03 15:52:23,51,-14,3692.0,20225
2022-10-03 15:52:24,151,0,3692.25,20225
2022-10-03 15:52:25,98,12,3693.0,20237
2022-10-03 15:52:26,146,-22,3693.0,20215
2022-10-03 15:52:27,49,-7,3692.5,20208
2022-10-03 15:52:28,63,-5,3692.75,20203
2022-10-03 15:52:29,38,-10,3692.5,20193
2022-10-03 15:52:30,134,-37,3692.0,20156
2022-10-03 15:52:31,18,-9,3692.0,20147
2022-10-03 15:52:32,32,4,3692.0,20151
2022-10-03 15:52:33,114,8,3692.0,20159
2022-10-03 15:52:34,85,6,3692.0,20165
2022-10-03 15:52:35,55,12,3692.0,20177
2022-10-03 15:52:36,37,-20,3692.0,20157
2022-10-03 15:52:37,194,-28,3692.0,20129
2022-10-03 15:52:38,43,18,3691.75,20147
2022-10-03 15:52:39,129,1,3691.75,20148
2022-10-03 15:52:40,81,-36,3691.5,20112
2022-10-03 15:52:41,133,-31,3691.25,20081
2022-10-03 15:52:42,37,15,3691.0,20096
2022-10-03 15:52:43,52,-2,3691.0,20094
2022-10-03 15:52:44,73,5,3691.0,20099
2022-10-03 15:52:45,138,-16,3691.0,20083
2022-10-03 15:52:46,139,-5,3691.0,20078
2022-10-03 15:52:47,58,-17,3691.0,20061
2022-10-03 15:52:48,51,-22,3691.0,20039
2022-10-03 15:52:49,337,-64,3690.75,19975
2022-10-03 15:52:50,85,26,3690.75,20001
2022-10-03 15:52:51,226,0,3690.75,20001
2022-10-03 15:52:52,99,-7,3691.0,19994
2022-10-03 15:52:53,26,10,3691.0,20004
2022-10-03 15:52:54,105,5,3690.75,20009
2022-10-03 15:52:55,62,14,3691.0,20023
2022-10-03 15:52:56,10,4,3690.75,20027
2022-10-03 15:52:57,206,-35,3690.75,19992
2022-10-03 15:52:58,119,30,3690.75,20022
2022-10-03 15:52:59,323,55,3691.25,20077
2022-10-03 15:53:00,132,-41,3691.25,20036
2022-10-03 15:53:01,74,16,3691.25,20052
2022-10-03 15:53:02,92,-32,3691.25,20020
2022-10-03 15:53:03,115,-23,3691.25,19997
2022-10-03 15:53:04,661,-155,3691.0,19842
2022-10-03 15:53:05,130,38,3690.75,19880
2022-10-03 15:53:06,45,-13,3690.75,19867
2022-10-03 15:53:07,163,22,3690.75,19889
2022-10-03 15:53:08,19,3,3690.75,19892
2022-10-03 15:53:09,80,33,3691.0,19925
2022-10-03 15:53:10,122,0,3691.0,19925
2022-10-03 15:53:11,116,21,3691.0,19946
2022-10-03 15:53:12,209,21,3691.25,19967
2022-10-03 15:53:13,285,-38,3691.25,19929
2022-10-03 15:53:14,26,-11,3691.25,19918
2022-10-03 15:53:15,90,0,3691.25,19918
2022-10-03 15:53:16,249,39,3692.0,19957
2022-10-03 15:53:17,138,39,3692.25,19996
2022-10-03 15:53:18,92,5,3692.5,20001
2022-10-03 15:53:19,119,0,3692.5,20001
2022-10-03 15:53:20,52,-1,3692.5,20000
2022-10-03 15:53:21,119,-1,3692.5,19999
2022-10-03 15:53:22,68,46,3692.75,20045
2022-10-03 15:53:23,125,-6,3692.75,20039
2022-10-03 15:53:24,98,-8,3692.5,20031
2022-10-03 15:53:25,208,-36,3692.25,19995
2022-10-03 15:53:26,32,2,3692.0,19997
2022-10-03 15:53:27,265,-10,3692.0,19987
2022-10-03 15:53:28,190,-5,3691.75,19982
2022-10-03 15:53:29,238,-15,3691.5,19967
2022-10-03 15:53:30,105,-4,3691.75,19963
2022-10-03 15:53:31,14,-8,3691.75,19955
2022-10-03 15:53:32,95,44,3692.0,19999
2022-10-03 15:53:33,148,56,3692.5,20055
2022-10-03 15:53:34,47,13,3692.5,20068
2022-10-03 15:53:35,35,-2,3692.5,20066
2022-10-03 15:53:36,14,-8,3692.5,20058
2022-10-03 15:53:37,63,-5,3692.5,20053
2022-10-03 15:53:38,47,-1,3692.5,20052
2022-10-03 15:53:39,53,3,3692.5,20055
2022-10-03 15:53:40,9,3,3692.5,20058
2022-10-03 15:53:41,113,-15,3692.5,20043
2022-10-03 15:53:42,4,-2,3692.25,20041
2022-10-03 15:53:43,86,-7,3692.25,20034
2022-10-03 15:53:44,46,-11,3692.5,20023
2022-10-03 15:53:45,92,-19,3692.25,20004
2022-10-03 15:53:46,50,9,3692.0,20013
2022-10-03 15:53:47,2,-2,3691.75,20011
2022-10-03 15:53:48,108,-16,3692.0,19995
2022-10-03 15:53:49,56,21,3691.75,20016
2022-10-03 15:53:50,129,-7,3691.75,20009
2022-10-03 15:53:51,63,-13,3691.5,19996
2022-10-03 15:53:52,125,-34,3691.75,19962
2022-10-03 15:53:53,37,6,3691.25,19968
2022-10-03 15:53:54,20,3,3691.25,19971
2022-10-03 15:53:55,238,-71,3691.25,19900
2022-10-03 15:53:56,47,2,3691.0,19902
2022-10-03 15:53:57,18,-5,3691.0,19897
2022-10-03 15:53:58,2,-2,3690.75,19895
2022-10-03 15:53:59,105,-5,3691.0,19890
2022-10-03 15:54:00,232,-119,3690.75,19771
2022-10-03 15:54:01,181,18,3690.5,19789
2022-10-03 15:54:02,20,0,3690.5,19789
2022-10-03 15:54:03,180,8,3690.5,19797
2022-10-03 15:54:04,192,-42,3690.25,19755
2022-10-03 15:54:05,155,-22,3690.25,19733
2022-10-03 15:54:06,202,57,3690.25,19790
2022-10-03 15:54:07,213,13,3690.75,19803
2022-10-03 15:54:08,182,70,3691.0,19873
2022-10-03 15:54:09,236,-80,3691.0,19793
2022-10-03 15:54:10,52,12,3690.75,19805
2022-10-03 15:54:11,48,-23,3690.75,19782
2022-10-03 15:54:12,151,21,3690.5,19803
2022-10-03 15:54:13,63,14,3691.0,19817
2022-10-03 15:54:14,88,9,3691.0,19826
2022-10-03 15:54:15,17,-9,3690.75,19817
2022-10-03 15:54:16,72,-15,3690.75,19802
2022-10-03 15:54:17,93,1,3690.75,19803
2022-10-03 15:54:18,100,20,3690.75,19823
2022-10-03 15:54:19,97,9,3690.5,19832
2022-10-03 15:54:20,220,-16,3690.5,19816
2022-10-03 15:54:21,208,-14,3690.25,19802
2022-10-03 15:54:22,9,-4,3690.5,19798
2022-10-03 15:54:23,33,-19,3690.5,19779
2022-10-03 15:54:24,328,23,3690.75,19802
2022-10-03 15:54:25,189,49,3691.0,19851
2022-10-03 15:54:26,95,8,3691.25,19859
2022-10-03 15:54:27,2,2,3691.25,19861
2022-10-03 15:54:28,141,30,3691.25,19891
2022-10-03 15:54:29,145,60,3691.5,19951
2022-10-03 15:54:30,140,29,3691.75,19980
2022-10-03 15:54:31,119,-12,3691.75,19968
2022-10-03 15:54:32,104,-16,3691.5,19952
2022-10-03 15:54:33,25,20,3691.75,19972
2022-10-03 15:54:34,163,82,3692.25,20054
2022-10-03 15:54:35,279,21,3693.0,20075
2022-10-03 15:54:36,270,44,3693.25,20119
2022-10-03 15:54:37,72,-3,3693.0,20116
2022-10-03 15:54:38,241,37,3693.0,20153
2022-10-03 15:54:39,192,4,3693.5,20157
2022-10-03 15:54:40,2610,1131,3696.75,21288
2022-10-03 15:54:41,943,-139,3695.5,21149
2022-10-03 15:54:42,769,-15,3695.0,21134
2022-10-03 15:54:43,368,-9,3694.25,21125
2022-10-03 15:54:44,126,20,3694.0,21145
2022-10-03 15:54:45,80,10,3693.75,21155
2022-10-03 15:54:46,171,-63,3693.5,21092
2022-10-03 15:54:47,162,67,3693.5,21159
2022-10-03 15:54:48,394,108,3694.5,21267
2022-10-03 15:54:49,214,-11,3694.0,21256
2022-10-03 15:54:50,336,41,3694.5,21297
2022-10-03 15:54:51,95,26,3694.5,21323
2022-10-03 15:54:52,157,3,3694.25,21326
2022-10-03 15:54:53,237,-28,3694.25,21298
2022-10-03 15:54:54,162,100,3694.25,21398
2022-10-03 15:54:55,135,26,3694.25,21424
2022-10-03 15:54:56,30,9,3694.25,21433
2022-10-03 15:54:57,31,1,3694.25,21434
2022-10-03 15:54:58,113,-15,3694.25,21419
2022-10-03 15:54:59,197,-21,3693.75,21398
2022-10-03 15:55:00,394,-75,3694.0,21323
2022-10-03 15:55:01,408,-161,3692.75,21162
2022-10-03 15:55:02,245,8,3692.25,21170
2022-10-03 15:55:03,91,10,3692.0,21180
2022-10-03 15:55:04,195,22,3692.0,21202
2022-10-03 15:55:05,49,10,3692.25,21212
2022-10-03 15:55:06,192,-9,3692.5,21203
2022-10-03 15:55:07,179,-48,3692.25,21155
2022-10-03 15:55:08,156,-49,3691.75,21106
2022-10-03 15:55:09,232,-6,3691.5,21100
2022-10-03 15:55:10,296,-85,3691.25,21015
2022-10-03 15:55:11,348,-53,3690.75,20962
2022-10-03 15:55:12,106,3,3690.75,20965
2022-10-03 15:55:13,252,15,3691.0,20980
2022-10-03 15:55:14,146,-23,3691.0,20957
2022-10-03 15:55:15,122,-26,3690.75,20931
2022-10-03 15:55:16,462,-58,3690.5,20873
2022-10-03 15:55:17,154,-44,3690.25,20829
2022-10-03 15:55:18,212,-67,3690.25,20762
2022-10-03 15:55:19,812,-142,3690.25,20620
2022-10-03 15:55:20,425,-12,3690.25,20608
2022-10-03 15:55:21,179,16,3690.25,20624
2022-10-03 15:55:22,103,42,3690.25,20666
2022-10-03 15:55:23,1698,-676,3690.25,19990
2022-10-03 15:55:24,192,-2,3689.0,19988
2022-10-03 15:55:25,376,-68,3688.75,19920
2022-10-03 15:55:26,172,-55,3688.5,19865
2022-10-03 15:55:27,367,-32,3688.0,19833
2022-10-03 15:55:28,200,30,3688.0,19863
2022-10-03 15:55:29,185,-18,3688.25,19845
2022-10-03 15:55:30,247,9,3688.25,19854
2022-10-03 15:55:31,374,32,3688.0,19886
2022-10-03 15:55:32,214,8,3688.5,19894
2022-10-03 15:55:33,11,2,3688.25,19896
2022-10-03 15:55:34,259,74,3688.5,19970
2022-10-03 15:55:35,153,-6,3688.75,19964
2022-10-03 15:55:36,129,12,3688.75,19976
2022-10-03 15:55:37,254,-88,3688.5,19888
2022-10-03 15:55:38,118,-21,3687.75,19867
2022-10-03 15:55:39,326,54,3687.75,19921
2022-10-03 15:55:40,263,63,3688.0,19984
2022-10-03 15:55:41,246,8,3688.25,19992
2022-10-03 15:55:42,13,-10,3687.5,19982
2022-10-03 15:55:43,304,69,3688.25,20051
2022-10-03 15:55:44,133,-5,3688.25,20046
2022-10-03 15:55:45,149,33,3688.0,20079
2022-10-03 15:55:46,166,15,3688.5,20094
2022-10-03 15:55:47,385,-6,3688.0,20088
2022-10-03 15:55:48,1149,132,3688.75,20220
2022-10-03 15:55:49,94,33,3689.0,20253
2022-10-03 15:55:50,176,-21,3689.0,20232
2022-10-03 15:55:51,46,-12,3688.5,20220
2022-10-03 15:55:52,15,-10,3688.75,20210
2022-10-03 15:55:53,61,37,3689.0,20247
2022-10-03 15:55:54,242,41,3689.25,20288
2022-10-03 15:55:55,70,-25,3689.0,20263
2022-10-03 15:55:56,122,-38,3688.5,20225
2022-10-03 15:55:57,174,-60,3688.5,20165
2022-10-03 15:55:58,205,59,3688.25,20224
2022-10-03 15:55:59,281,-60,3687.75,20164
2022-10-03 15:56:00,163,34,3687.75,20198
2022-10-03 15:56:01,154,29,3688.0,20227
2022-10-03 15:56:02,206,0,3688.0,20227
2022-10-03 15:56:03,117,-2,3688.0,20225
2022-10-03 15:56:04,90,-24,3687.75,20201
2022-10-03 15:56:05,22,3,3687.5,20204
2022-10-03 15:56:06,182,73,3688.0,20277
2022-10-03 15:56:07,51,-30,3688.0,20247
2022-10-03 15:56:08,257,6,3688.25,20253
2022-10-03 15:56:09,152,1,3688.25,20254
2022-10-03 15:56:10,146,-44,3687.5,20210
2022-10-03 15:56:11,353,-109,3687.25,20101
2022-10-03 15:56:12,280,-80,3686.75,20021
2022-10-03 15:56:13,314,11,3686.75,20032
2022-10-03 15:56:14,117,-7,3686.75,20025
2022-10-03 15:56:15,201,17,3686.75,20042
2022-10-03 15:56:16,69,22,3687.0,20064
2022-10-03 15:56:17,142,19,3687.25,20083
2022-10-03 15:56:18,128,-4,3687.25,20079
2022-10-03 15:56:19,424,67,3687.5,20146
2022-10-03 15:56:20,147,-15,3687.5,20131
2022-10-03 15:56:21,18,-2,3687.25,20129
2022-10-03 15:56:22,65,31,3687.75,20160
2022-10-03 15:56:23,236,74,3688.0,20234
2022-10-03 15:56:24,135,25,3688.25,20259
2022-10-03 15:56:25,232,-130,3688.0,20129
2022-10-03 15:56:26,288,-89,3687.5,20040
2022-10-03 15:56:27,111,13,3687.5,20053
2022-10-03 15:56:28,20,-11,3687.5,20042
2022-10-03 15:56:29,186,49,3687.75,20091
2022-10-03 15:56:30,79,5,3688.0,20096
2022-10-03 15:56:31,373,101,3689.0,20197
2022-10-03 15:56:32,60,24,3688.75,20221
2022-10-03 15:56:33,235,-107,3688.5,20114
2022-10-03 15:56:34,116,64,3688.0,20178
2022-10-03 15:56:35,15,2,3688.0,20180
2022-10-03 15:56:36,155,57,3688.5,20237
2022-10-03 15:56:37,64,-6,3688.25,20231
2022-10-03 15:56:38,124,25,3688.5,20256
2022-10-03 15:56:39,186,0,3688.0,20256
2022-10-03 15:56:40,58,22,3688.25,20278
2022-10-03 15:56:41,72,36,3688.5,20314
2022-10-03 15:56:42,145,-17,3688.5,20297
2022-10-03 15:56:43,18,5,3688.25,20302
2022-10-03 15:56:44,400,-78,3688.25,20224
2022-10-03 15:56:45,361,62,3688.25,20286
2022-10-03 15:56:46,167,3,3688.25,20289
2022-10-03 15:56:47,99,22,3688.25,20311
2022-10-03 15:56:48,70,-2,3688.25,20309
2022-10-03 15:56:49,922,381,3689.25,20690
2022-10-03 15:56:50,83,18,3689.25,20708
2022-10-03 15:56:51,83,6,3689.25,20714
2022-10-03 15:56:52,43,26,3689.25,20740
2022-10-03 15:56:53,115,-15,3689.5,20725
2022-10-03 15:56:54,32,0,3689.25,20725
2022-10-03 15:56:55,112,46,3689.5,20771
2022-10-03 15:56:56,14,-5,3689.5,20766
2022-10-03 15:56:57,190,61,3689.75,20827
2022-10-03 15:56:58,202,34,3689.75,20861
2022-10-03 15:56:59,117,-32,3689.75,20829
2022-10-03 15:57:00,361,27,3689.5,20856
2022-10-03 15:57:01,305,-87,3689.25,20769
2022-10-03 15:57:02,270,-25,3688.75,20744
2022-10-03 15:57:03,266,-20,3688.75,20724
2022-10-03 15:57:04,207,-35,3688.5,20689
2022-10-03 15:57:05,136,-60,3688.0,20629
2022-10-03 15:57:06,213,11,3687.75,20640
2022-10-03 15:57:07,20,-6,3688.0,20634
2022-10-03 15:57:08,53,-29,3688.0,20605
2022-10-03 15:57:09,24,-18,3687.75,20587
2022-10-03 15:57:10,236,-23,3687.5,20564
2022-10-03 15:57:11,515,-74,3687.5,20490
2022-10-03 15:57:12,118,-1,3687.0,20489
2022-10-03 15:57:13,200,25,3687.0,20514
2022-10-03 15:57:14,45,-14,3687.0,20500
2022-10-03 15:57:15,143,-50,3687.0,20450
2022-10-03 15:57:16,67,-5,3686.5,20445
2022-10-03 15:57:17,38,-19,3686.5,20426
2022-10-03 15:57:18,285,21,3686.5,20447
2022-10-03 15:57:19,127,5,3686.5,20452
2022-10-03 15:57:20,216,-20,3686.25,20432
2022-10-03 15:57:21,49,-6,3686.25,20426
2022-10-03 15:57:22,110,25,3686.25,20451
2022-10-03 15:57:23,127,-35,3686.5,20416
2022-10-03 15:57:24,53,-28,3686.5,20388
2022-10-03 15:57:25,321,101,3686.5,20489
2022-10-03 15:57:26,291,47,3687.25,20536
2022-10-03 15:57:27,206,59,3687.75,20595
2022-10-03 15:57:28,240,-34,3687.5,20561
2022-10-03 15:57:29,211,35,3687.75,20596
2022-10-03 15:57:30,220,-8,3687.75,20588
2022-10-03 15:57:31,144,60,3688.0,20648
2022-10-03 15:57:32,137,6,3688.25,20654
2022-10-03 15:57:33,53,-3,3688.5,20651
2022-10-03 15:57:34,287,-33,3688.0,20618
2022-10-03 15:57:35,301,-87,3687.5,20531
2022-10-03 15:57:36,358,8,3687.25,20539
2022-10-03 15:57:37,83,26,3687.5,20565
2022-10-03 15:57:38,127,68,3688.0,20633
2022-10-03 15:57:39,352,7,3688.0,20640
2022-10-03 15:57:40,188,25,3688.5,20665
2022-10-03 15:57:41,113,-29,3688.25,20636
2022-10-03 15:57:42,399,133,3688.75,20769
2022-10-03 15:57:43,223,-15,3689.0,20754
2022-10-03 15:57:44,296,23,3689.25,20777
2022-10-03 15:57:45,76,-36,3689.0,20741
2022-10-03 15:57:46,130,-28,3688.75,20713
2022-10-03 15:57:47,222,26,3688.5,20739
2022-10-03 15:57:48,43,-6,3688.5,20733
2022-10-03 15:57:49,100,18,3688.75,20751
2022-10-03 15:57:50,189,27,3689.0,20778
2022-10-03 15:57:51,22,8,3688.75,20786
2022-10-03 15:57:52,159,-27,3688.5,20759
2022-10-03 15:57:53,134,-22,3688.5,20737
2022-10-03 15:57:54,44,-3,3688.25,20734
2022-10-03 15:57:55,106,-20,3688.25,20714
2022-10-03 15:57:56,343,84,3688.5,20798
2022-10-03 15:57:57,28,2,3688.75,20800
2022-10-03 15:57:58,23,-12,3688.75,20788
2022-10-03 15:57:59,155,-37,3688.75,20751
2022-10-03 15:58:00,693,122,3689.0,20873
2022-10-03 15:58:01,115,-21,3689.25,20852
2022-10-03 15:58:02,323,79,3689.5,20931
2022-10-03 15:58:03,156,-10,3689.5,20921
2022-10-03 15:58:04,113,7,3689.25,20928
2022-10-03 15:58:05,159,-7,3689.0,20921
2022-10-03 15:58:06,728,-125,3689.0,20796
2022-10-03 15:58:07,211,-11,3688.25,20785
2022-10-03 15:58:08,390,-86,3688.25,20699
2022-10-03 15:58:09,109,-27,3687.75,20672
2022-10-03 15:58:10,320,19,3688.0,20691
2022-10-03 15:58:11,332,-84,3688.0,20607
2022-10-03 15:58:12,410,31,3687.75,20638
2022-10-03 15:58:13,157,-33,3687.5,20605
2022-10-03 15:58:14,280,-70,3687.25,20535
2022-10-03 15:58:15,334,-1,3687.25,20534
2022-10-03 15:58:16,95,34,3687.0,20568
2022-10-03 15:58:17,236,-48,3687.0,20520
2022-10-03 15:58:18,48,-32,3687.0,20488
2022-10-03 15:58:19,262,32,3687.25,20520
2022-10-03 15:58:20,293,-107,3687.25,20413
2022-10-03 15:58:21,306,3,3686.75,20416
2022-10-03 15:58:22,317,-66,3686.5,20350
2022-10-03 15:58:23,279,13,3686.5,20363
2022-10-03 15:58:24,74,-27,3686.5,20336
2022-10-03 15:58:25,243,62,3686.75,20398
2022-10-03 15:58:26,146,-8,3686.75,20390
2022-10-03 15:58:27,284,42,3687.0,20432
2022-10-03 15:58:28,56,25,3686.75,20457
2022-10-03 15:58:29,264,-19,3686.75,20438
2022-10-03 15:58:30,388,99,3687.5,20537
2022-10-03 15:58:31,339,110,3688.0,20647
2022-10-03 15:58:32,296,22,3688.25,20669
2022-10-03 15:58:33,165,-3,3688.5,20666
2022-10-03 15:58:34,64,-10,3688.5,20656
2022-10-03 15:58:35,212,-39,3688.25,20617
2022-10-03 15:58:36,550,-105,3687.75,20512
2022-10-03 15:58:37,212,45,3688.0,20557
2022-10-03 15:58:38,187,2,3688.25,20559
2022-10-03 15:58:39,107,-29,3688.25,20530
2022-10-03 15:58:40,194,-9,3688.25,20521
2022-10-03 15:58:41,788,-175,3688.0,20346
2022-10-03 15:58:42,471,16,3687.5,20362
2022-10-03 15:58:43,127,-13,3687.75,20349
2022-10-03 15:58:44,149,-54,3687.5,20295
2022-10-03 15:58:45,317,-62,3687.25,20233
2022-10-03 15:58:46,315,-61,3686.75,20172
2022-10-03 15:58:47,253,-33,3686.75,20139
2022-10-03 15:58:48,392,53,3687.0,20192
2022-10-03 15:58:49,181,12,3687.25,20204
2022-10-03 15:58:50,279,-6,3687.0,20198
2022-10-03 15:58:51,119,27,3687.25,20225
2022-10-03 15:58:52,477,66,3687.25,20291
2022-10-03 15:58:53,261,-12,3687.25,20279
2022-10-03 15:58:54,418,80,3687.75,20359
2022-10-03 15:58:55,330,50,3688.0,20409
2022-10-03 15:58:56,207,-9,3688.25,20400
2022-10-03 15:58:57,219,37,3688.5,20437
2022-10-03 15:58:58,639,24,3688.75,20461
2022-10-03 15:58:59,974,42,3689.25,20503
2022-10-03 15:59:00,1810,68,3690.0,20571
2022-10-03 15:59:01,472,0,3689.75,20571
2022-10-03 15:59:02,828,-37,3690.0,20534
2022-10-03 15:59:03,449,109,3690.0,20643
2022-10-03 15:59:04,437,50,3690.0,20693
2022-10-03 15:59:05,1188,298,3691.0,20991
2022-10-03 15:59:06,409,-25,3691.0,20966
2022-10-03 15:59:07,325,-39,3690.75,20927
2022-10-03 15:59:08,248,14,3690.5,20941
2022-10-03 15:59:09,469,-13,3690.75,20928
2022-10-03 15:59:10,116,4,3690.5,20932
2022-10-03 15:59:11,445,18,3690.75,20950
2022-10-03 15:59:12,243,37,3690.75,20987
2022-10-03 15:59:13,830,104,3691.25,21091
2022-10-03 15:59:14,444,-24,3691.25,21067
2022-10-03 15:59:15,518,-40,3691.25,21027
2022-10-03 15:59:16,600,-18,3690.75,21009
2022-10-03 15:59:17,60,-6,3690.5,21003
2022-10-03 15:59:18,714,1,3690.75,21004
2022-10-03 15:59:19,490,16,3691.0,21020
2022-10-03 15:59:20,848,-88,3691.0,20932
2022-10-03 15:59:21,442,-49,3690.0,20883
2022-10-03 15:59:22,867,-99,3689.75,20784
2022-10-03 15:59:23,342,51,3690.25,20835
2022-10-03 15:59:24,459,-120,3690.25,20715
2022-10-03 15:59:25,353,84,3690.25,20799
2022-10-03 15:59:26,461,13,3690.5,20812
2022-10-03 15:59:27,901,24,3690.75,20836
2022-10-03 15:59:28,246,-39,3691.0,20797
2022-10-03 15:59:29,544,14,3691.0,20811
2022-10-03 15:59:30,576,-31,3690.75,20780
2022-10-03 15:59:31,1461,48,3691.0,20828
2022-10-03 15:59:32,274,-33,3691.0,20795
2022-10-03 15:59:33,712,-34,3690.75,20761
2022-10-03 15:59:34,619,-32,3690.5,20729
2022-10-03 15:59:35,610,18,3690.75,20747
2022-10-03 15:59:36,662,-18,3690.5,20729
2022-10-03 15:59:37,816,-117,3690.0,20612
2022-10-03 15:59:38,567,-11,3689.25,20601
2022-10-03 15:59:39,1009,-84,3690.0,20517
2022-10-03 15:59:40,749,-25,3690.0,20492
2022-10-03 15:59:41,1106,31,3689.75,20523
2022-10-03 15:59:42,684,-54,3690.25,20469
2022-10-03 15:59:43,731,54,3690.5,20523
2022-10-03 15:59:44,365,-78,3690.5,20445
2022-10-03 15:59:45,2051,-44,3690.75,20401
2022-10-03 15:59:46,930,43,3690.75,20444
2022-10-03 15:59:47,612,-59,3690.75,20385
2022-10-03 15:59:48,1231,-75,3690.75,20310
2022-10-03 15:59:49,918,20,3690.0,20330
2022-10-03 15:59:50,1261,64,3690.25,20394
2022-10-03 15:59:51,1514,46,3690.5,20440
2022-10-03 15:59:52,1964,-246,3690.25,20194
2022-10-03 15:59:53,1006,12,3689.5,20206
2022-10-03 15:59:54,893,32,3689.5,20238
2022-10-03 15:59:55,2734,-5,3689.5,20233
2022-10-03 15:59:56,1580,-44,3689.25,20189
2022-10-03 15:59:57,2407,42,3689.25,20231
2022-10-03 15:59:58,5021,121,3690.75,20352
2022-10-03 15:59:59,15549,1262,3693.25,21614
2022-10-03 16:00:00,5522,-104,3692.5,21510
2022-10-03 16:00:01,1241,75,3691.75,21585
2022-10-03 16:00:02,944,47,3692.75,21632
2022-10-03 16:00:03,815,2,3692.75,21634
2022-10-03 16:00:04,615,9,3693.0,21643
2022-10-03 16:00:05,620,-38,3693.25,21605
2022-10-03 16:00:06,520,-33,3692.75,21572
2022-10-03 16:00:07,807,-17,3692.0,21555
2022-10-03 16:00:08,118,23,3692.25,21578
2022-10-03 16:00:09,306,-79,3692.25,21499
2022-10-03 16:00:10,707,24,3692.75,21523
2022-10-03 16:00:11,460,92,3693.5,21615
2022-10-03 16:00:12,367,35,3693.75,21650
2022-10-03 16:00:13,98,28,3694.0,21678
2022-10-03 16:00:14,270,-9,3693.75,21669
2022-10-03 16:00:15,136,-21,3693.75,21648
2022-10-03 16:00:16,552,6,3694.0,21654
2022-10-03 16:00:17,146,27,3693.75,21681
2022-10-03 16:00:18,259,-36,3694.0,21645
2022-10-03 16:00:19,159,-2,3693.75,21643
2022-10-03 16:00:20,197,18,3693.75,21661
2022-10-03 16:00:21,143,-28,3694.0,21633
2022-10-03 16:00:22,311,2,3693.75,21635
2022-10-03 16:00:23,57,27,3693.5,21662
2022-10-03 16:00:24,134,-43,3693.5,21619
2022-10-03 16:00:25,296,-41,3694.0,21578
2022-10-03 16:00:26,144,10,3693.75,21588
2022-10-03 16:00:27,110,-27,3693.75,21561
2022-10-03 16:00:28,150,-8,3693.5,21553
2022-10-03 16:00:29,138,-19,3693.75,21534
2022-10-03 16:00:30,212,-9,3693.5,21525
2022-10-03 16:00:31,148,-25,3693.5,21500
2022-10-03 16:00:32,48,8,3693.5,21508
2022-10-03 16:00:33,259,-11,3693.75,21497
2022-10-03 16:00:34,47,1,3694.0,21498
2022-10-03 16:00:35,68,-14,3694.0,21484
2022-10-03 16:00:36,221,-63,3693.75,21421
2022-10-03 16:00:37,221,57,3694.0,21478
2022-10-03 16:00:38,195,25,3694.0,21503
2022-10-03 16:00:39,103,-8,3694.0,21495
2022-10-03 16:00:40,155,-28,3694.0,21467
2022-10-03 16:00:41,12,4,3694.0,21471
2022-10-03 16:00:42,62,-13,3693.75,21458
2022-10-03 16:00:43,19,-4,3693.75,21454
2022-10-03 16:00:44,126,-2,3693.75,21452
2022-10-03 16:00:45,131,13,3694.0,21465
2022-10-03 16:00:46,162,-12,3694.25,21453
2022-10-03 16:00:47,250,23,3694.0,21476
2022-10-03 16:00:48,96,-39,3694.25,21437
2022-10-03 16:00:49,94,-5,3694.0,21432
2022-10-03 16:00:50,70,-14,3694.0,21418
2022-10-03 16:00:51,174,-83,3693.5,21335
2022-10-03 16:00:52,149,-29,3693.75,21306
2022-10-03 16:00:53,278,-6,3693.5,21300
2022-10-03 16:00:54,154,8,3693.5,21308
2022-10-03 16:00:55,315,-43,3693.5,21265
2022-10-03 16:00:56,81,38,3693.0,21303
2022-10-03 16:00:57,207,31,3693.25,21334
2022-10-03 16:00:58,123,4,3693.0,21338
2022-10-03 16:00:59,138,11,3693.25,21349
2022-10-03 16:01:00,139,-47,3693.25,21302
2022-10-03 16:01:01,34,1,3692.75,21303
2022-10-03 16:01:02,109,-3,3692.75,21300
2022-10-03 16:01:03,200,-6,3692.75,21294
2022-10-03 16:01:04,12,0,3692.5,21294
2022-10-03 16:01:05,85,-19,3692.5,21275
2022-10-03 16:01:06,111,-25,3692.25,21250
2022-10-03 16:01:07,39,-1,3692.5,21249
2022-10-03 16:01:08,41,9,3692.5,21258
2022-10-03 16:01:09,16,-9,3692.5,21249
2022-10-03 16:01:10,173,28,3692.75,21277
2022-10-03 16:01:11,174,18,3692.75,21295
2022-10-03 16:01:12,68,5,3692.75,21300
2022-10-03 16:01:13,100,39,3693.0,21339
2022-10-03 16:01:14,164,-3,3693.0,21336
2022-10-03 16:01:15,15,3,3693.0,21339
2022-10-03 16:01:16,369,58,3693.5,21397
2022-10-03 16:01:17,330,-32,3693.75,21365
2022-10-03 16:01:18,75,-4,3693.75,21361
2022-10-03 16:01:19,91,-17,3694.0,21344
2022-10-03 16:01:20,146,7,3694.0,21351
2022-10-03 16:01:21,110,-6,3693.75,21345
2022-10-03 16:01:22,165,26,3694.0,21371
2022-10-03 16:01:23,121,-5,3693.75,21366
2022-10-03 16:01:24,43,-12,3693.75,21354
2022-10-03 16:01:25,27,-9,3693.75,21345
2022-10-03 16:01:26,175,-22,3693.25,21323
2022-10-03 16:01:27,6,-4,3693.0,21319
2022-10-03 16:01:28,81,32,3693.25,21351
2022-10-03 16:01:29,130,0,3693.5,21351
2022-10-03 16:01:30,429,35,3694.0,21386
2022-10-03 16:01:31,205,6,3694.5,21392
2022-10-03 16:01:32,61,-21,3694.25,21371
2022-10-03 16:01:33,127,57,3694.75,21428
2022-10-03 16:01:34,239,14,3695.0,21442
2022-10-03 16:01:35,51,21,3695.25,21463
2022-10-03 16:01:36,194,6,3695.5,21469
2022-10-03 16:01:37,152,43,3695.75,21512
2022-10-03 16:01:38,141,-29,3695.75,21483
2022-10-03 16:01:39,283,-67,3695.5,21416
2022-10-03 16:01:40,147,-10,3695.25,21406
2022-10-03 16:01:41,88,-6,3695.25,21400
2022-10-03 16:01:42,75,19,3695.5,21419
2022-10-03 16:01:43,246,31,3695.5,21450
2022-10-03 16:01:44,94,20,3695.75,21470
2022-10-03 16:01:45,18,3,3695.75,21473
2022-10-03 16:01:46,35,12,3695.75,21485
2022-10-03 16:01:47,17,-2,3695.75,21483
2022-10-03 16:01:48,170,-4,3695.75,21479
2022-10-03 16:01:49,80,26,3696.0,21505
2022-10-03 16:01:50,237,30,3696.5,21535
2022-10-03 16:01:51,245,-35,3696.5,21500
2022-10-03 16:01:52,106,16,3695.75,21516
2022-10-03 16:01:53,123,53,3695.75,21569
2022-10-03 16:01:54,134,6,3695.75,21575
2022-10-03 16:01:55,129,-31,3695.75,21544
2022-10-03 16:01:56,134,-54,3695.5,21490
2022-10-03 16:01:57,54,15,3695.0,21505
2022-10-03 16:01:58,12,2,3695.25,21507
2022-10-03 16:01:59,108,-49,3695.0,21458
2022-10-03 16:02:00,132,-17,3695.0,21441
2022-10-03 16:02:01,89,47,3695.0,21488
2022-10-03 16:02:02,54,-22,3695.0,21466
2022-10-03 16:02:03,78,19,3695.0,21485
2022-10-03 16:02:04,61,-20,3695.0,21465
2022-10-03 16:02:05,3,-2,3694.75,21463
2022-10-03 16:02:06,69,21,3695.25,21484
2022-10-03 16:02:07,106,-2,3695.25,21482
2022-10-03 16:02:08,8,3,3695.25,21485
2022-10-03 16:02:09,75,-18,3695.25,21467
2022-10-03 16:02:10,12,0,3695.0,21467
2022-10-03 16:02:11,5,-2,3695.0,21465
2022-10-03 16:02:12,34,13,3695.0,21478
2022-10-03 16:02:13,9,0,3695.25,21478
2022-10-03 16:02:14,26,8,3695.25,21486
2022-10-03 16:02:15,46,7,3695.5,21493
2022-10-03 16:02:16,129,-7,3695.75,21486
2022-10-03 16:02:17,2,-1,3695.5,21485
2022-10-03 16:02:18,81,-21,3695.75,21464
2022-10-03 16:02:19,61,26,3696.0,21490
2022-10-03 16:02:20,60,-23,3696.0,21467
2022-10-03 16:02:21,15,1,3695.75,21468
2022-10-03 16:02:22,7,-4,3696.0,21464
2022-10-03 16:02:23,161,21,3696.25,21485
2022-10-03 16:02:24,54,-13,3696.25,21472
2022-10-03 16:02:25,244,159,3697.0,21631
2022-10-03 16:02:26,109,26,3696.75,21657
2022-10-03 16:02:27,116,-27,3696.5,21630
2022-10-03 16:02:28,71,4,3696.25,21634
2022-10-03 16:02:29,27,-7,3696.25,21627
2022-10-03 16:02:30,45,5,3696.25,21632
2022-10-03 16:02:31,8,-2,3696.0,21630
2022-10-03 16:02:32,106,27,3696.25,21657
2022-10-03 16:02:33,33,14,3696.75,21671
2022-10-03 16:02:34,83,-8,3696.75,21663
2022-10-03 16:02:35,153,-13,3696.75,21650
2022-10-03 16:02:36,58,-3,3696.5,21647
2022-10-03 16:02:37,41,-22,3696.5,21625
2022-10-03 16:02:38,70,-5,3696.25,21620
2022-10-03 16:02:39,59,-22,3696.25,21598
2022-10-03 16:02:40,25,-14,3696.25,21584
2022-10-03 16:02:41,11,1,3696.25,21585
2022-10-03 16:02:42,99,33,3696.25,21618
2022-10-03 16:02:43,24,-13,3696.25,21605
2022-10-03 16:02:44,57,-21,3696.25,21584
2022-10-03 16:02:45,21,4,3696.25,21588
2022-10-03 16:02:46,27,7,3696.25,21595
2022-10-03 16:02:47,104,13,3696.25,21608
2022-10-03 16:02:48,26,-16,3696.5,21592
2022-10-03 16:02:49,28,-13,3696.25,21579
2022-10-03 16:02:50,16,-3,3696.5,21576
2022-10-03 16:02:51,55,-18,3696.25,21558
2022-10-03 16:02:52,67,33,3696.25,21591
2022-10-03 16:02:53,34,-10,3696.5,21581
2022-10-03 16:02:54,45,-8,3696.25,21573
2022-10-03 16:02:55,29,5,3696.25,21578
2022-10-03 16:02:56,41,-17,3696.0,21561
2022-10-03 16:02:57,47,17,3696.0,21578
2022-10-03 16:02:58,96,24,3696.25,21602
2022-10-03 16:02:59,3,-3,3696.0,21599
2022-10-03 16:03:00,163,63,3696.75,21662
2022-10-03 16:03:01,81,18,3697.0,21680
2022-10-03 16:03:02,115,29,3697.0,21709
2022-10-03 16:03:03,29,-13,3697.25,21696
2022-10-03 16:03:04,47,11,3697.25,21707
2022-10-03 16:03:05,69,-28,3697.25,21679
2022-10-03 16:03:06,13,-6,3697.25,21673
2022-10-03 16:03:07,5,-1,3697.25,21672
2022-10-03 16:03:08,93,-13,3697.25,21659
2022-10-03 16:03:09,7,0,3697.25,21659
2022-10-03 16:03:10,4,0,3697.25,21659
2022-10-03 16:03:11,22,-3,3697.25,21656
2022-10-03 16:03:12,48,18,3697.25,21674
2022-10-03 16:03:13,54,-12,3697.25,21662
2022-10-03 16:03:14,16,-8,3697.0,21654
2022-10-03 16:03:15,8,5,3697.0,21659
2022-10-03 16:03:16,156,-38,3697.0,21621
2022-10-03 16:03:17,106,-51,3696.75,21570
2022-10-03 16:03:18,88,-9,3696.25,21561
2022-10-03 16:03:19,67,-7,3696.25,21554
2022-10-03 16:03:20,42,-16,3696.0,21538
2022-10-03 16:03:21,10,-6,3695.75,21532
2022-10-03 16:03:22,13,1,3696.0,21533
2022-10-03 16:03:23,44,10,3696.0,21543
2022-10-03 16:03:24,50,-21,3696.25,21522
2022-10-03 16:03:25,37,14,3696.25,21536
2022-10-03 16:03:26,95,-8,3696.0,21528
2022-10-03 16:03:27,90,26,3696.25,21554
2022-10-03 16:03:28,32,10,3696.25,21564
2022-10-03 16:03:29,129,-16,3696.5,21548
2022-10-03 16:03:30,90,-19,3696.5,21529
2022-10-03 16:03:31,24,-6,3696.5,21523
2022-10-03 16:03:32,40,8,3696.5,21531
2022-10-03 16:03:33,12,-9,3696.25,21522
2022-10-03 16:03:34,44,-9,3696.25,21513
2022-10-03 16:03:35,14,3,3696.25,21516
2022-10-03 16:03:36,7,-4,3696.0,21512
2022-10-03 16:03:37,2,-1,3696.0,21511
2022-10-03 16:03:38,42,12,3696.25,21523
2022-10-03 16:03:39,55,-26,3696.25,21497
2022-10-03 16:03:40,9,-8,3696.25,21489
2022-10-03 16:03:41,48,-25,3696.25,21464
2022-10-03 16:03:42,65,-2,3696.25,21462
2022-10-03 16:03:43,60,16,3696.25,21478
2022-10-03 16:03:44,2,-2,3696.25,21476
2022-10-03 16:03:45,8,-1,3696.25,21475
2022-10-03 16:03:46,26,7,3696.25,21482
2022-10-03 16:03:47,121,-5,3696.25,21477
2022-10-03 16:03:48,73,-21,3696.25,21456
2022-10-03 16:03:49,54,21,3696.0,21477
2022-10-03 16:03:50,50,-13,3696.25,21464
2022-10-03 16:03:51,80,9,3696.25,21473
2022-10-03 16:03:52,51,-22,3696.25,21451
2022-10-03 16:03:53,59,27,3696.5,21478
2022-10-03 16:03:54,76,-3,3696.75,21475
2022-10-03 16:03:55,64,-12,3696.5,21463
2022-10-03 16:03:56,83,29,3696.75,21492
2022-10-03 16:03:57,4,-3,3696.5,21489
2022-10-03 16:03:58,76,8,3696.75,21497
2022-10-03 16:03:59,98,-47,3696.75,21450
2022-10-03 16:04:00,54,-21,3696.25,21429
2022-10-03 16:04:01,65,-5,3696.0,21424
2022-10-03 16:04:02,55,27,3696.25,21451
2022-10-03 16:04:03,162,-49,3696.5,21402
2022-10-03 16:04:04,13,4,3696.75,21406
2022-10-03 16:04:05,12,4,3696.75,21410
2022-10-03 16:04:06,9,-1,3696.75,21409
2022-10-03 16:04:07,5,1,3696.75,21410
2022-10-03 16:04:08,19,0,3696.75,21410
2022-10-03 16:04:09,38,-21,3696.5,21389
2022-10-03 16:04:10,73,-10,3696.75,21379
2022-10-03 16:04:11,16,-1,3696.75,21378
2022-10-03 16:04:12,11,3,3696.75,21381
2022-10-03 16:04:13,55,22,3697.0,21403
2022-10-03 16:04:14,47,-14,3696.75,21389
2022-10-03 16:04:15,26,-9,3696.75,21380
2022-10-03 16:04:16,45,-4,3697.0,21376
2022-10-03 16:04:17,2,-2,3696.5,21374
2022-10-03 16:04:18,7,-1,3696.75,21373
2022-10-03 16:04:19,29,-9,3696.75,21364
2022-10-03 16:04:20,134,5,3696.5,21369
2022-10-03 16:04:21,28,-11,3696.75,21358
2022-10-03 16:04:22,50,4,3696.75,21362
2022-10-03 16:04:23,5,1,3696.5,21363
2022-10-03 16:04:24,8,1,3696.5,21364
2022-10-03 16:04:25,114,6,3696.5,21370
2022-10-03 16:04:26,41,-11,3696.5,21359
2022-10-03 16:04:27,22,5,3696.25,21364
2022-10-03 16:04:28,7,-5,3696.25,21359
2022-10-03 16:04:29,80,16,3696.5,21375
2022-10-03 16:04:30,14,3,3696.5,21378
2022-10-03 16:04:31,3,-2,3696.25,21376
2022-10-03 16:04:32,86,-13,3696.25,21363
2022-10-03 16:04:33,58,0,3696.25,21363
2022-10-03 16:04:34,31,8,3696.5,21371
2022-10-03 16:04:35,18,-2,3696.5,21369
2022-10-03 16:04:36,17,-12,3696.25,21357
2022-10-03 16:04:37,6,-5,3696.25,21352
2022-10-03 16:04:38,6,-2,3696.25,21350
2022-10-03 16:04:39,30,9,3696.25,21359
2022-10-03 16:04:40,56,-11,3696.0,21348
2022-10-03 16:04:41,9,-2,3696.25,21346
2022-10-03 16:04:42,53,-32,3696.0,21314
2022-10-03 16:04:43,30,3,3696.25,21317
2022-10-03 16:04:44,12,-1,3696.0,21316
2022-10-03 16:04:45,16,-9,3695.75,21307
2022-10-03 16:04:46,6,-5,3695.75,21302
2022-10-03 16:04:47,22,1,3696.0,21303
2022-10-03 16:04:48,5,0,3696.0,21303
2022-10-03 16:04:49,6,1,3696.0,21304
2022-10-03 16:04:50,64,-21,3695.75,21283
2022-10-03 16:04:51,62,27,3696.0,21310
2022-10-03 16:04:52,81,-9,3696.25,21301
2022-10-03 16:04:53,8,0,3696.0,21301
2022-10-03 16:04:54,102,-11,3695.75,21290
2022-10-03 16:04:55,70,2,3695.75,21292
2022-10-03 16:04:56,39,-22,3695.75,21270
2022-10-03 16:04:57,55,5,3696.0,21275
2022-10-03 16:04:58,3,-3,3695.75,21272
2022-10-03 16:04:59,22,-17,3695.75,21255
2022-10-03 16:05:00,446,119,3696.75,21374
2022-10-03 16:05:01,199,-1,3697.0,21373
2022-10-03 16:05:02,39,-7,3696.75,21366
2022-10-03 16:05:03,51,4,3696.75,21370
2022-10-03 16:05:04,107,6,3696.75,21376
2022-10-03 16:05:05,21,-9,3696.75,21367
2022-10-03 16:05:06,18,-12,3696.5,21355
2022-10-03 16:05:07,2,-2,3696.5,21353
2022-10-03 16:05:08,2,-2,3696.5,21351
2022-10-03 16:05:09,16,-12,3696.5,21339
2022-10-03 16:05:10,130,41,3697.0,21380
2022-10-03 16:05:11,290,62,3697.5,21442
2022-10-03 16:05:12,30,4,3697.5,21446
2022-10-03 16:05:13,67,38,3697.5,21484
2022-10-03 16:05:14,5,2,3697.5,21486
2022-10-03 16:05:15,37,-7,3697.5,21479
2022-10-03 16:05:16,18,6,3697.5,21485
2022-10-03 16:05:17,44,-10,3697.5,21475
2022-10-03 16:05:18,18,-8,3697.25,21467
2022-10-03 16:05:19,87,29,3697.25,21496
2022-10-03 16:05:20,64,17,3697.25,21513
2022-10-03 16:05:21,48,0,3697.25,21513
2022-10-03 16:05:22,13,-3,3697.25,21510
2022-10-03 16:05:23,7,2,3697.5,21512
2022-10-03 16:05:25,70,46,3697.5,21558
2022-10-03 16:05:26,1,1,3697.5,21559
2022-10-03 16:05:27,2,-2,3697.25,21557
2022-10-03 16:05:28,1,1,3697.5,21558
2022-10-03 16:05:29,5,-5,3697.25,21553
2022-10-03 16:05:30,44,28,3697.5,21581
2022-10-03 16:05:31,31,14,3697.5,21595
2022-10-03 16:05:32,39,1,3697.5,21596
2022-10-03 16:05:33,25,14,3697.5,21610
2022-10-03 16:05:34,80,-30,3697.5,21580
2022-10-03 16:05:35,2,2,3697.25,21582
2022-10-03 16:05:36,11,2,3697.25,21584
2022-10-03 16:05:37,5,0,3697.25,21584
2022-10-03 16:05:38,88,-1,3697.25,21583
2022-10-03 16:05:40,85,32,3697.0,21615
2022-10-03 16:05:41,6,5,3697.0,21620
2022-10-03 16:05:44,30,-22,3696.75,21598
2022-10-03 16:05:45,15,-2,3696.75,21596
2022-10-03 16:05:46,5,-4,3696.5,21592
2022-10-03 16:05:47,4,-1,3696.75,21591
2022-10-03 16:05:48,2,-1,3696.5,21590
2022-10-03 16:05:49,1,1,3696.75,21591
2022-10-03 16:05:50,224,93,3697.0,21684
2022-10-03 16:05:53,44,8,3697.0,21692
2022-10-03 16:05:54,5,3,3697.0,21695
2022-10-03 16:05:55,5,3,3697.0,21698
2022-10-03 16:05:56,38,10,3697.0,21708
2022-10-03 16:05:57,11,2,3697.25,21710
2022-10-03 16:05:59,22,8,3697.25,21718
2022-10-03 16:06:00,122,8,3697.5,21726
2022-10-03 16:06:01,3,2,3697.5,21728
2022-10-03 16:06:02,5,-1,3697.5,21727
2022-10-03 16:06:03,66,-13,3697.5,21714
2022-10-03 16:06:04,22,2,3697.25,21716
2022-10-03 16:06:06,52,-27,3697.0,21689
2022-10-03 16:06:07,1,-1,3696.75,21688
2022-10-03 16:06:08,92,-23,3696.75,21665
2022-10-03 16:06:09,112,0,3696.5,21665
2022-10-03 16:06:10,9,-6,3696.0,21659
2022-10-03 16:06:11,131,17,3696.5,21676
2022-10-03 16:06:12,16,0,3696.25,21676
2022-10-03 16:06:17,1,1,3696.5,21677
2022-10-03 16:06:20,121,22,3696.75,21699
2022-10-03 16:06:21,43,-2,3696.75,21697
2022-10-03 16:06:22,3,3,3696.5,21700
2022-10-03 16:06:24,7,-4,3696.5,21696
2022-10-03 16:06:26,1,-1,3696.25,21695
2022-10-03 16:06:29,69,-16,3696.5,21679
2022-10-03 16:06:30,16,4,3696.5,21683
2022-10-03 16:06:32,5,3,3696.5,21686
2022-10-03 16:06:33,4,1,3696.5,21687
2022-10-03 16:06:34,50,4,3696.25,21691
2022-10-03 16:06:36,1,1,3696.5,21692
2022-10-03 16:06:37,53,-10,3696.25,21682
2022-10-03 16:06:40,36,15,3696.5,21697
2022-10-03 16:06:41,32,-5,3696.25,21692
2022-10-03 16:06:42,43,-2,3696.5,21690
2022-10-03 16:06:43,24,1,3696.5,21691
2022-10-03 16:06:45,62,28,3696.5,21719
2022-10-03 16:06:46,30,-13,3696.5,21706
2022-10-03 16:06:48,25,11,3696.75,21717
2022-10-03 16:06:49,34,8,3697.0,21725
2022-10-03 16:06:50,1,1,3696.75,21726
2022-10-03 16:06:51,47,21,3696.75,21747
2022-10-03 16:06:53,35,-15,3697.0,21732
2022-10-03 16:06:56,3,2,3697.0,21734
2022-10-03 16:06:57,2,0,3697.0,21734
2022-10-03 16:06:58,1,-1,3696.75,21733
2022-10-03 16:06:59,22,-10,3696.75,21723
2022-10-03 16:07:00,37,-14,3696.75,21709
2022-10-03 16:07:01,137,50,3697.25,21759
2022-10-03 16:07:03,1,1,3697.25,21760
2022-10-03 16:07:04,66,21,3697.25,21781
2022-10-03 16:07:05,108,-52,3697.25,21729
2022-10-03 16:07:06,41,-22,3696.75,21707
2022-10-03 16:07:07,40,6,3696.75,21713
2022-10-03 16:07:08,51,14,3697.0,21727
2022-10-03 16:07:10,20,-11,3696.75,21716
2022-10-03 16:07:11,124,-15,3697.0,21701
2022-10-03 16:07:13,54,15,3697.0,21716
2022-10-03 16:07:14,45,-1,3696.75,21715
2022-10-03 16:07:15,7,-7,3696.75,21708
2022-10-03 16:07:16,1,-1,3696.75,21707
2022-10-03 16:07:17,17,-8,3696.75,21699
2022-10-03 16:07:19,2,-1,3696.75,21698
2022-10-03 16:07:20,1,-1,3696.75,21697
2022-10-03 16:07:21,42,-21,3696.75,21676
2022-10-03 16:07:22,85,-9,3696.5,21667
2022-10-03 16:07:23,8,-4,3696.25,21663
2022-10-03 16:07:24,113,9,3696.25,21672
2022-10-03 16:07:25,45,-8,3696.25,21664
2022-10-03 16:07:26,1,-1,3696.25,21663
2022-10-03 16:07:27,2,2,3696.5,21665
2022-10-03 16:07:28,93,15,3696.25,21680
2022-10-03 16:07:29,1,-1,3696.0,21679
2022-10-03 16:07:30,240,52,3696.75,21731
2022-10-03 16:07:31,27,-8,3697.0,21723
2022-10-03 16:07:32,2,0,3697.0,21723
2022-10-03 16:07:33,87,30,3697.0,21753
2022-10-03 16:07:34,85,-7,3697.0,21746
2022-10-03 16:07:35,1,-1,3696.75,21745
2022-10-03 16:07:36,54,-7,3696.75,21738
2022-10-03 16:07:38,10,-3,3696.75,21735
2022-10-03 16:07:39,28,5,3696.75,21740
2022-10-03 16:07:40,59,-24,3696.5,21716
2022-10-03 16:07:41,69,-5,3696.5,21711
2022-10-03 16:07:42,71,-2,3696.75,21709
2022-10-03 16:07:44,6,-3,3696.5,21706
2022-10-03 16:07:45,65,1,3696.75,21707
2022-10-03 16:07:46,17,5,3696.75,21712
2022-10-03 16:07:49,51,6,3696.5,21718
2022-10-03 16:07:50,53,0,3696.5,21718
2022-10-03 16:07:51,29,1,3696.75,21719
2022-10-03 16:07:52,17,5,3696.75,21724
2022-10-03 16:07:53,85,14,3696.75,21738
2022-10-03 16:07:54,48,-10,3696.75,21728
2022-10-03 16:07:55,8,-8,3696.5,21720
2022-10-03 16:07:56,1,1,3696.75,21721
2022-10-03 16:07:57,4,-1,3696.75,21720
2022-10-03 16:07:58,4,4,3696.75,21724
2022-10-03 16:07:59,61,2,3696.5,21726
2022-10-03 16:08:00,2,1,3696.75,21727
2022-10-03 16:08:02,3,0,3696.75,21727
2022-10-03 16:08:03,59,-4,3696.75,21723
2022-10-03 16:08:04,1,-1,3696.25,21722
2022-10-03 16:08:05,73,2,3696.25,21724
2022-10-03 16:08:06,2,-2,3696.0,21722
2022-10-03 16:08:07,13,-7,3696.0,21715
2022-10-03 16:08:09,7,-6,3696.0,21709
2022-10-03 16:08:10,205,-7,3696.25,21702
2022-10-03 16:08:12,53,22,3696.25,21724
2022-10-03 16:08:13,2,2,3696.25,21726
2022-10-03 16:08:14,5,1,3696.25,21727
2022-10-03 16:08:15,61,-2,3696.25,21725
2022-10-03 16:08:16,5,-2,3696.25,21723
2022-10-03 16:08:17,10,5,3696.25,21728
2022-10-03 16:08:18,105,-4,3696.25,21724
2022-10-03 16:08:19,91,-13,3696.5,21711
2022-10-03 16:08:20,7,4,3696.25,21715
2022-10-03 16:08:21,80,17,3696.5,21732
2022-10-03 16:08:22,38,2,3696.25,21734
2022-10-03 16:08:24,3,3,3696.5,21737
2022-10-03 16:08:26,64,-3,3696.5,21734
2022-10-03 16:08:29,3,1,3696.5,21735
2022-10-03 16:08:30,46,-17,3696.25,21718
2022-10-03 16:08:31,22,-8,3696.25,21710
2022-10-03 16:08:32,50,6,3696.5,21716
2022-10-03 16:08:33,1,-1,3696.25,21715
2022-10-03 16:08:34,1,-1,3696.25,21714
2022-10-03 16:08:35,29,0,3696.5,21714
2022-10-03 16:08:36,48,3,3696.5,21717
2022-10-03 16:08:39,4,-1,3696.25,21716
2022-10-03 16:08:40,28,12,3696.5,21728
2022-10-03 16:08:41,29,-19,3696.25,21709
2022-10-03 16:08:42,13,4,3696.5,21713
2022-10-03 16:08:44,3,1,3696.5,21714
2022-10-03 16:08:45,1,1,3696.5,21715
2022-10-03 16:08:48,4,2,3696.5,21717
2022-10-03 16:08:49,110,-15,3696.25,21702
2022-10-03 16:08:51,6,-4,3696.25,21698
2022-10-03 16:08:54,56,-16,3696.25,21682
2022-10-03 16:08:55,3,-1,3696.0,21681
2022-10-03 16:08:57,4,2,3696.25,21683
2022-10-03 16:08:58,69,-22,3696.0,21661
2022-10-03 16:08:59,13,-9,3696.0,21652
2022-10-03 16:09:00,1,-1,3696.0,21651
2022-10-03 16:09:01,175,-39,3696.0,21612
2022-10-03 16:09:02,12,2,3696.25,21614
2022-10-03 16:09:03,6,4,3696.25,21618
2022-10-03 16:09:04,1,-1,3696.0,21617
2022-10-03 16:09:05,56,-11,3696.25,21606
2022-10-03 16:09:07,131,-32,3695.75,21574
2022-10-03 16:09:08,5,-1,3696.0,21573
2022-10-03 16:09:09,8,-8,3695.75,21565
2022-10-03 16:09:11,3,-1,3695.75,21564
2022-10-03 16:09:12,12,-7,3695.75,21557
2022-10-03 16:09:13,1,-1,3695.75,21556
2022-10-03 16:09:15,2,2,3696.0,21558
2022-10-03 16:09:16,72,-5,3695.75,21553
2022-10-03 16:09:17,18,-10,3696.0,21543
2022-10-03 16:09:19,1,-1,3695.75,21542
2022-10-03 16:09:20,38,-14,3695.75,21528
2022-10-03 16:09:21,78,-3,3695.75,21525
2022-10-03 16:09:23,15,-11,3695.5,21514
2022-10-03 16:09:24,2,-2,3695.5,21512
2022-10-03 16:09:25,45,-20,3695.5,21492
2022-10-03 16:09:26,92,13,3695.5,21505
2022-10-03 16:09:27,20,-6,3695.5,21499
2022-10-03 16:09:28,11,-5,3695.25,21494
2022-10-03 16:09:29,11,-8,3695.25,21486
2022-10-03 16:09:33,9,-4,3695.5,21482
2022-10-03 16:09:35,22,-2,3695.5,21480
2022-10-03 16:09:36,100,-17,3695.25,21463
2022-10-03 16:09:37,5,2,3695.25,21465
2022-10-03 16:09:38,100,15,3695.5,21480
2022-10-03 16:09:39,56,24,3696.0,21504
2022-10-03 16:09:40,48,-8,3695.75,21496
2022-10-03 16:09:41,49,1,3695.75,21497
2022-10-03 16:09:42,91,-37,3695.75,21460
2022-10-03 16:09:43,89,-13,3695.25,21447
2022-10-03 16:09:44,24,8,3695.25,21455
2022-10-03 16:09:45,6,-5,3695.25,21450
2022-10-03 16:09:46,23,-14,3695.5,21436
2022-10-03 16:09:47,18,-2,3695.5,21434
2022-10-03 16:09:48,19,10,3695.25,21444
2022-10-03 16:09:49,74,-2,3695.25,21442
2022-10-03 16:09:50,147,-42,3695.0,21400
2022-10-03 16:09:52,69,10,3695.0,21410
2022-10-03 16:09:53,103,-1,3695.25,21409
2022-10-03 16:09:54,16,9,3695.0,21418
2022-10-03 16:09:55,70,17,3695.25,21435
2022-10-03 16:09:56,40,10,3695.25,21445
2022-10-03 16:09:57,1,-1,3695.25,21444
2022-10-03 16:09:58,1,1,3695.5,21445
2022-10-03 16:09:59,21,-1,3695.25,21444
2022-10-03 16:10:00,68,-4,3695.5,21440
2022-10-03 16:10:01,37,4,3695.5,21444
2022-10-03 16:10:02,1,-1,3695.25,21443
2022-10-03 16:10:03,4,1,3695.5,21444
2022-10-03 16:10:04,11,7,3695.5,21451
2022-10-03 16:10:05,144,22,3695.5,21473
2022-10-03 16:10:06,16,4,3695.25,21477
2022-10-03 16:10:07,1,1,3695.25,21478
2022-10-03 16:10:08,2,1,3695.25,21479
2022-10-03 16:10:12,25,7,3695.25,21486
2022-10-03 16:10:13,22,-14,3695.0,21472
2022-10-03 16:10:14,4,1,3695.25,21473
2022-10-03 16:10:15,111,-13,3695.0,21460
2022-10-03 16:10:16,112,-6,3695.0,21454
2022-10-03 16:10:17,122,-29,3695.0,21425
2022-10-03 16:10:18,133,-30,3695.0,21395
2022-10-03 16:10:19,3,-2,3694.75,21393
2022-10-03 16:10:20,3,-3,3694.75,21390
2022-10-03 16:10:21,36,-7,3694.75,21383
2022-10-03 16:10:22,10,-5,3694.75,21378
2022-10-03 16:10:25,82,9,3694.75,21387
2022-10-03 16:10:26,68,22,3695.25,21409
2022-10-03 16:10:27,9,-6,3695.0,21403
2022-10-03 16:10:29,1,-1,3695.0,21402
2022-10-03 16:10:30,1,-1,3695.0,21401
2022-10-03 16:10:31,3,1,3695.25,21402
2022-10-03 16:10:33,42,20,3695.5,21422
2022-10-03 16:10:34,128,-41,3695.5,21381
2022-10-03 16:10:35,48,-23,3695.5,21358
2022-10-03 16:10:36,1,1,3695.25,21359
2022-10-03 16:10:40,4,3,3695.25,21362
2022-10-03 16:10:42,2,-1,3695.0,21361
2022-10-03 16:10:43,6,-4,3695.0,21357
2022-10-03 16:10:44,57,25,3695.5,21382
2022-10-03 16:10:45,10,-4,3695.25,21378
2022-10-03 16:10:46,11,-6,3695.25,21372
2022-10-03 16:10:47,66,-8,3695.5,21364
2022-10-03 16:10:48,1,1,3695.5,21365
2022-10-03 16:10:49,66,-31,3695.25,21334
2022-10-03 16:10:50,24,-9,3695.25,21325
2022-10-03 16:10:51,4,2,3695.5,21327
2022-10-03 16:10:52,6,6,3695.5,21333
2022-10-03 16:10:53,69,14,3695.75,21347
2022-10-03 16:10:54,1,1,3695.75,21348
2022-10-03 16:10:56,7,-2,3695.75,21346
2022-10-03 16:10:57,95,-11,3695.75,21335
2022-10-03 16:10:58,6,-3,3695.5,21332
2022-10-03 16:10:59,1,1,3695.75,21333
2022-10-03 16:11:00,209,73,3696.25,21406
2022-10-03 16:11:01,74,-3,3696.25,21403
2022-10-03 16:11:02,13,6,3696.25,21409
2022-10-03 16:11:03,2,2,3696.25,21411
2022-10-03 16:11:04,27,12,3696.25,21423
2022-10-03 16:11:05,1,1,3696.5,21424
2022-10-03 16:11:06,38,-6,3696.25,21418
2022-10-03 16:11:07,5,-2,3696.25,21416
2022-10-03 16:11:08,20,13,3696.5,21429
2022-10-03 16:11:11,75,-18,3696.25,21411
2022-10-03 16:11:13,65,30,3696.75,21441
2022-10-03 16:11:14,4,3,3696.75,21444
2022-10-03 16:11:15,55,34,3697.0,21478
2022-10-03 16:11:16,76,34,3697.0,21512
2022-10-03 16:11:17,99,61,3697.0,21573
2022-10-03 16:11:18,9,-3,3696.75,21570
2022-10-03 16:11:19,40,29,3697.0,21599
2022-10-03 16:11:20,1,-1,3697.0,21598
2022-10-03 16:11:21,240,106,3697.75,21704
2022-10-03 16:11:22,132,4,3697.75,21708
2022-10-03 16:11:23,63,3,3697.75,21711
2022-10-03 16:11:24,26,5,3697.75,21716
2022-10-03 16:11:25,22,16,3697.75,21732
2022-10-03 16:11:26,5,2,3697.75,21734
2022-10-03 16:11:27,22,14,3697.75,21748
2022-10-03 16:11:28,152,-18,3697.75,21730
2022-10-03 16:11:29,2,2,3697.75,21732
2022-10-03 16:11:31,77,19,3697.75,21751
2022-10-03 16:11:32,77,-18,3697.75,21733
2022-10-03 16:11:33,63,1,3697.5,21734
2022-10-03 16:11:34,25,1,3697.5,21735
2022-10-03 16:11:35,63,-17,3697.5,21718
2022-10-03 16:11:36,1,-1,3697.25,21717
2022-10-03 16:11:37,37,1,3697.25,21718
2022-10-03 16:11:38,22,-15,3697.0,21703
2022-10-03 16:11:39,1,-1,3697.0,21702
2022-10-03 16:11:40,46,18,3697.25,21720
2022-10-03 16:11:41,1,1,3697.25,21721
2022-10-03 16:11:43,23,-6,3697.25,21715
2022-10-03 16:11:44,4,-3,3696.75,21712
2022-10-03 16:11:45,43,27,3697.0,21739
2022-10-03 16:11:46,6,-5,3696.75,21734
2022-10-03 16:11:47,3,-3,3696.75,21731
2022-10-03 16:11:48,72,5,3697.0,21736
2022-10-03 16:11:49,70,5,3697.0,21741
2022-10-03 16:11:50,39,15,3697.25,21756
2022-10-03 16:11:51,4,2,3697.25,21758
2022-10-03 16:11:53,10,7,3697.25,21765
2022-10-03 16:11:54,8,5,3697.5,21770
2022-10-03 16:11:55,52,-21,3697.5,21749
2022-10-03 16:11:56,6,-4,3697.0,21745
2022-10-03 16:11:57,13,-9,3697.25,21736
2022-10-03 16:11:58,91,-3,3697.5,21733
2022-10-03 16:12:00,74,20,3697.5,21753
2022-10-03 16:12:01,148,56,3698.0,21809
2022-10-03 16:12:02,27,-16,3697.75,21793
2022-10-03 16:12:03,6,4,3697.75,21797
2022-10-03 16:12:04,2,-1,3697.5,21796
2022-10-03 16:12:05,21,13,3697.75,21809
2022-10-03 16:12:06,4,-2,3697.75,21807
2022-10-03 16:12:07,6,-3,3697.75,21804
2022-10-03 16:12:08,42,-14,3697.75,21790
2022-10-03 16:12:09,6,-3,3697.75,21787
2022-10-03 16:12:10,12,-2,3697.75,21785
2022-10-03 16:12:11,1,-1,3697.5,21784
2022-10-03 16:12:12,2,-2,3697.5,21782
2022-10-03 16:12:13,12,-2,3697.75,21780
2022-10-03 16:12:14,50,-10,3697.5,21770
2022-10-03 16:12:15,56,-13,3697.25,21757
2022-10-03 16:12:16,39,-15,3697.25,21742
2022-10-03 16:12:17,15,-15,3696.75,21727
2022-10-03 16:12:18,77,31,3697.0,21758
2022-10-03 16:12:19,5,-2,3696.75,21756
2022-10-03 16:12:20,29,6,3697.0,21762
2022-10-03 16:12:21,2,-2,3697.0,21760
2022-10-03 16:12:22,55,-4,3697.0,21756
2022-10-03 16:12:23,1,-1,3696.75,21755
2022-10-03 16:12:24,2,-2,3696.75,21753
2022-10-03 16:12:25,27,-4,3697.0,21749
2022-10-03 16:12:26,21,8,3697.0,21757
2022-10-03 16:12:27,12,6,3697.0,21763
2022-10-03 16:12:28,3,0,3697.0,21763
2022-10-03 16:12:29,2,0,3697.0,21763
2022-10-03 16:12:30,74,31,3697.0,21794
2022-10-03 16:12:31,49,16,3697.0,21810
2022-10-03 16:12:32,2,-1,3696.75,21809
2022-10-03 16:12:33,1,-1,3696.75,21808
2022-10-03 16:12:34,2,-2,3696.75,21806
2022-10-03 16:12:35,1,-1,3696.75,21805
2022-10-03 16:12:36,40,21,3697.0,21826
2022-10-03 16:12:37,42,24,3697.25,21850
2022-10-03 16:12:38,98,-6,3697.25,21844
2022-10-03 16:12:39,52,-12,3697.0,21832
2022-10-03 16:12:40,35,21,3697.0,21853
2022-10-03 16:12:41,7,5,3697.0,21858
2022-10-03 16:12:42,125,-26,3697.0,21832
2022-10-03 16:12:43,43,-23,3696.75,21809
2022-10-03 16:12:44,2,-2,3696.5,21807
2022-10-03 16:12:45,2,-2,3696.5,21805
2022-10-03 16:12:46,2,-1,3696.5,21804
2022-10-03 16:12:47,28,19,3696.75,21823
2022-10-03 16:12:48,79,-2,3696.75,21821
2022-10-03 16:12:49,19,8,3697.25,21829
2022-10-03 16:12:50,4,-3,3697.0,21826
2022-10-03 16:12:51,2,-2,3697.0,21824
2022-10-03 16:12:52,31,-11,3697.0,21813
2022-10-03 16:12:53,171,-55,3696.75,21758
2022-10-03 16:12:54,22,0,3696.25,21758
2022-10-03 16:12:55,6,-2,3696.5,21756
2022-10-03 16:12:56,5,-2,3696.5,21754
2022-10-03 16:12:57,1,-1,3696.25,21753
2022-10-03 16:12:58,7,-4,3696.5,21749
2022-10-03 16:12:59,35,-1,3696.5,21748
2022-10-03 16:13:00,11,0,3696.5,21748
2022-10-03 16:13:01,10,-7,3696.5,21741
2022-10-03 16:13:02,5,-2,3696.5,21739
2022-10-03 16:13:03,72,19,3696.5,21758
2022-10-03 16:13:04,12,6,3696.5,21764
2022-10-03 16:13:05,4,-3,3696.5,21761
2022-10-03 16:13:06,392,-2,3697.0,21759
2022-10-03 16:13:07,37,2,3696.75,21761
2022-10-03 16:13:08,8,4,3696.75,21765
2022-10-03 16:13:09,9,5,3696.75,21770
2022-10-03 16:13:10,10,4,3696.75,21774
2022-10-03 16:13:11,35,13,3697.0,21787
2022-10-03 16:13:12,6,2,3697.0,21789
2022-10-03 16:13:13,7,-4,3697.0,21785
2022-10-03 16:13:14,138,-63,3696.75,21722
2022-10-03 16:13:15,2,-1,3696.0,21721
2022-10-03 16:13:16,2,-2,3696.0,21719
2022-10-03 16:13:17,7,1,3696.25,21720
2022-10-03 16:13:18,29,-9,3696.0,21711
2022-10-03 16:13:19,103,-4,3696.0,21707
2022-10-03 16:13:20,6,-2,3696.0,21705
2022-10-03 16:13:21,3,0,3696.0,21705
2022-10-03 16:13:22,3,0,3696.0,21705
2022-10-03 16:13:23,3,-1,3696.0,21704
2022-10-03 16:13:24,100,-24,3696.0,21680
2022-10-03 16:13:25,3,-2,3695.75,21678
2022-10-03 16:13:26,42,20,3696.0,21698
2022-10-03 16:13:27,3,-1,3696.0,21697
2022-10-03 16:13:28,26,19,3696.0,21716
2022-10-03 16:13:29,55,-30,3695.75,21686
2022-10-03 16:13:30,2,-2,3695.5,21684
2022-10-03 16:13:31,4,1,3695.75,21685
2022-10-03 16:13:32,2,0,3695.75,21685
2022-10-03 16:13:33,3,-1,3695.75,21684
2022-10-03 16:13:34,48,-29,3695.5,21655
2022-10-03 16:13:35,123,5,3695.75,21660
2022-10-03 16:13:36,2,-1,3695.25,21659
2022-10-03 16:13:37,3,2,3695.5,21661
2022-10-03 16:13:38,1,1,3695.5,21662
2022-10-03 16:13:39,4,-4,3695.25,21658
2022-10-03 16:13:40,12,-7,3695.5,21651
2022-10-03 16:13:41,3,-3,3695.25,21648
2022-10-03 16:13:42,39,26,3695.5,21674
2022-10-03 16:13:43,2,2,3695.5,21676
2022-10-03 16:13:44,11,9,3695.5,21685
2022-10-03 16:13:46,75,-33,3695.5,21652
2022-10-03 16:13:47,23,-15,3695.0,21637
2022-10-03 16:13:48,48,26,3695.0,21663
2022-10-03 16:13:49,82,0,3695.25,21663
2022-10-03 16:13:50,18,-2,3695.0,21661
2022-10-03 16:13:51,49,21,3695.0,21682
2022-10-03 16:13:52,4,2,3695.0,21684
2022-10-03 16:13:53,6,-3,3694.75,21681
2022-10-03 16:13:54,84,-43,3695.0,21638
2022-10-03 16:13:55,41,13,3695.0,21651
2022-10-03 16:13:56,3,-3,3695.0,21648
2022-10-03 16:13:57,41,-21,3695.0,21627
2022-10-03 16:13:58,3,-3,3695.0,21624
2022-10-03 16:13:59,16,-8,3695.0,21616
2022-10-03 16:14:00,17,-12,3695.0,21604
2022-10-03 16:14:01,17,-4,3695.25,21600
2022-10-03 16:14:02,8,-7,3695.0,21593
2022-10-03 16:14:03,8,-2,3695.25,21591
2022-10-03 16:14:04,80,33,3695.25,21624
2022-10-03 16:14:05,76,17,3695.25,21641
2022-10-03 16:14:06,2,2,3695.25,21643
2022-10-03 16:14:09,1,1,3695.25,21644
2022-10-03 16:14:10,3,-2,3695.0,21642
2022-10-03 16:14:11,53,6,3695.25,21648
2022-10-03 16:14:12,5,-4,3695.25,21644
2022-10-03 16:14:13,17,-14,3695.25,21630
2022-10-03 16:14:14,1,-1,3695.25,21629
2022-10-03 16:14:15,3,1,3695.5,21630
2022-10-03 16:14:16,1,-1,3695.25,21629
2022-10-03 16:14:17,217,-97,3695.25,21532
2022-10-03 16:14:18,5,3,3695.0,21535
2022-10-03 16:14:19,3,3,3695.0,21538
2022-10-03 16:14:20,29,11,3695.25,21549
2022-10-03 16:14:21,26,-13,3695.0,21536
2022-10-03 16:14:22,33,7,3695.0,21543
2022-10-03 16:14:23,54,16,3695.25,21559
2022-10-03 16:14:27,46,-1,3695.0,21558
2022-10-03 16:14:28,2,-1,3695.0,21557
2022-10-03 16:14:29,4,-1,3695.0,21556
2022-10-03 16:14:30,4,-2,3695.0,21554
2022-10-03 16:14:32,222,-4,3694.75,21550
2022-10-03 16:14:33,4,-3,3694.75,21547
2022-10-03 16:14:34,1,1,3695.0,21548
2022-10-03 16:14:35,2,1,3695.0,21549
2022-10-03 16:14:36,1,1,3695.0,21550
2022-10-03 16:14:37,25,7,3695.0,21557
2022-10-03 16:14:39,10,-6,3694.75,21551
2022-10-03 16:14:40,184,50,3695.5,21601
2022-10-03 16:14:41,33,-13,3695.75,21588
2022-10-03 16:14:42,1,-1,3695.5,21587
2022-10-03 16:14:43,4,-2,3695.75,21585
2022-10-03 16:14:45,2,-2,3695.5,21583
2022-10-03 16:14:46,4,3,3695.75,21586
2022-10-03 16:14:47,41,3,3695.75,21589
2022-10-03 16:14:48,72,-11,3695.5,21578
2022-10-03 16:14:49,53,16,3695.5,21594
2022-10-03 16:14:50,57,-1,3695.75,21593
2022-10-03 16:14:51,1,1,3695.75,21594
2022-10-03 16:14:52,6,2,3695.75,21596
2022-10-03 16:14:53,91,-28,3695.5,21568
2022-10-03 16:14:54,35,-19,3695.5,21549
2022-10-03 16:14:55,7,-4,3695.25,21545
2022-10-03 16:14:56,6,2,3695.25,21547
2022-10-03 16:14:57,75,13,3695.25,21560
2022-10-03 16:15:00,95,12,3695.25,21572
2022-10-03 16:15:01,6,4,3695.5,21576
2022-10-03 16:15:02,11,6,3695.25,21582
2022-10-03 16:15:04,10,1,3695.5,21583
2022-10-03 16:15:05,84,12,3695.5,21595
2022-10-03 16:15:06,13,-1,3695.5,21594
2022-10-03 16:15:07,29,-16,3695.75,21578
2022-10-03 16:15:09,1,1,3695.25,21579
2022-10-03 16:15:10,39,8,3695.5,21587
2022-10-03 16:15:11,4,-1,3695.25,21586
2022-10-03 16:15:15,3,3,3695.5,21589
2022-10-03 16:15:16,119,-1,3695.5,21588
2022-10-03 16:15:17,4,-3,3695.5,21585
2022-10-03 16:15:18,17,0,3695.75,21585
2022-10-03 16:15:19,4,2,3696.0,21587
2022-10-03 16:15:20,49,-18,3696.0,21569
2022-10-03 16:15:21,1,1,3695.5,21570
2022-10-03 16:15:26,5,4,3695.5,21574
2022-10-03 16:15:27,26,-11,3695.5,21563
2022-10-03 16:15:28,26,4,3695.5,21567
2022-10-03 16:15:30,24,0,3695.75,21567
2022-10-03 16:15:31,12,14,3695.75,21581
2022-10-03 16:15:34,13,9,3695.75,21590
2022-10-03 16:15:35,1,1,3695.75,21591
2022-10-03 16:15:36,1,-1,3695.75,21590
2022-10-03 16:15:40,1,1,3696.0,21591
2022-10-03 16:15:43,1,1,3696.0,21592
2022-10-03 16:15:45,40,7,3695.75,21599
2022-10-03 16:15:46,4,-2,3695.5,21597
2022-10-03 16:15:47,9,0,3695.75,21597
2022-10-03 16:15:48,5,3,3695.75,21600
2022-10-03 16:15:51,1,1,3695.75,21601
2022-10-03 16:15:52,1,1,3695.75,21602
2022-10-03 16:15:53,51,-11,3695.5,21591
2022-10-03 16:15:54,5,-4,3695.25,21587
2022-10-03 16:15:56,16,15,3695.25,21602
2022-10-03 16:15:57,4,-2,3695.25,21600
2022-10-03 16:16:00,5,1,3695.5,21601
2022-10-03 16:16:01,82,3,3695.5,21604
2022-10-03 16:16:02,35,4,3695.75,21608
2022-10-03 16:16:03,4,-3,3695.5,21605
2022-10-03 16:16:04,4,4,3695.75,21609
2022-10-03 16:16:08,49,34,3696.5,21643
2022-10-03 16:16:10,36,8,3696.25,21651
2022-10-03 16:16:11,4,-3,3696.0,21648
2022-10-03 16:16:14,1,1,3696.25,21649
2022-10-03 16:16:16,3,2,3696.25,21651
2022-10-03 16:16:18,56,23,3696.5,21674
2022-10-03 16:16:19,8,5,3696.5,21679
2022-10-03 16:16:20,1,1,3696.5,21680
2022-10-03 16:16:22,74,-14,3696.75,21666
2022-10-03 16:16:23,4,-2,3696.0,21664
2022-10-03 16:16:27,2,2,3696.25,21666
2022-10-03 16:16:31,8,-3,3696.5,21663
2022-10-03 16:16:32,1,1,3696.5,21664
2022-10-03 16:16:33,7,1,3696.5,21665
2022-10-03 16:16:34,1,-1,3696.25,21664
2022-10-03 16:16:36,8,4,3696.5,21668
2022-10-03 16:16:37,3,-3,3696.25,21665
2022-10-03 16:16:39,2,-2,3696.25,21663
2022-10-03 16:16:41,28,-19,3696.5,21644
2022-10-03 16:16:43,4,2,3696.25,21646
2022-10-03 16:16:44,16,4,3696.0,21650
2022-10-03 16:16:45,30,7,3696.0,21657
2022-10-03 16:16:46,2,-2,3696.0,21655
2022-10-03 16:16:47,3,-1,3696.0,21654
2022-10-03 16:16:50,2,2,3696.0,21656
2022-10-03 16:16:53,6,-3,3696.0,21653
2022-10-03 16:16:54,7,4,3696.25,21657
2022-10-03 16:17:00,11,3,3696.0,21660
2022-10-03 16:17:03,1,1,3696.25,21661
2022-10-03 16:17:05,13,-6,3696.0,21655
2022-10-03 16:17:07,48,-28,3696.0,21627
2022-10-03 16:17:08,7,-6,3695.25,21621
2022-10-03 16:17:09,11,-4,3695.25,21617
2022-10-03 16:17:10,15,6,3695.25,21623
2022-10-03 16:17:12,16,8,3695.5,21631
2022-10-03 16:17:13,32,0,3695.5,21631
2022-10-03 16:17:14,4,-3,3695.5,21628
2022-10-03 16:17:15,3,-2,3695.5,21626
2022-10-03 16:17:19,1,-1,3695.5,21625
2022-10-03 16:17:20,1,-1,3695.5,21624
2022-10-03 16:17:21,1,1,3695.75,21625
2022-10-03 16:17:25,1,-1,3695.5,21624
2022-10-03 16:17:27,35,-15,3695.5,21609
2022-10-03 16:17:30,1,1,3695.75,21610
2022-10-03 16:17:33,74,19,3696.25,21629
2022-10-03 16:17:34,6,-1,3696.0,21628
2022-10-03 16:17:38,2,-2,3695.75,21626
2022-10-03 16:17:40,5,-4,3695.75,21622
2022-10-03 16:17:41,7,4,3695.75,21626
2022-10-03 16:17:42,5,-4,3695.75,21622
2022-10-03 16:17:43,2,2,3695.75,21624
2022-10-03 16:17:49,1,-1,3695.5,21623
2022-10-03 16:17:54,1,-1,3695.5,21622
2022-10-03 16:17:55,1,1,3695.75,21623
2022-10-03 16:17:57,14,-4,3695.5,21619
2022-10-03 16:17:58,2,2,3695.5,21621
2022-10-03 16:18:00,11,8,3695.5,21629
2022-10-03 16:18:03,1,1,3695.75,21630
2022-10-03 16:18:05,5,-3,3695.5,21627
2022-10-03 16:18:08,1,-1,3695.5,21626
2022-10-03 16:18:11,1,1,3695.75,21627
2022-10-03 16:18:14,17,14,3695.75,21641
2022-10-03 16:18:15,4,-4,3695.5,21637
2022-10-03 16:18:18,32,-8,3695.5,21629
2022-10-03 16:18:19,26,-18,3695.5,21611
2022-10-03 16:18:27,1,1,3695.5,21612
2022-10-03 16:18:28,10,-6,3695.25,21606
2022-10-03 16:18:30,2,-2,3695.25,21604
2022-10-03 16:18:32,1,-1,3695.25,21603
2022-10-03 16:18:33,1,1,3695.5,21604
2022-10-03 16:18:35,33,14,3695.5,21618
2022-10-03 16:18:36,7,-2,3695.5,21616
2022-10-03 16:18:40,5,2,3695.75,21618
2022-10-03 16:18:41,11,7,3695.75,21625
2022-10-03 16:18:42,20,-12,3695.75,21613
2022-10-03 16:18:44,21,12,3695.75,21625
2022-10-03 16:18:45,2,1,3696.0,21626
2022-10-03 16:18:46,1,-1,3695.5,21625
2022-10-03 16:18:48,1,-1,3695.5,21624
2022-10-03 16:18:49,2,-2,3695.5,21622
2022-10-03 16:18:50,1,1,3695.75,21623
2022-10-03 16:18:51,2,2,3695.75,21625
2022-10-03 16:18:54,1,1,3695.75,21626
2022-10-03 16:18:57,2,1,3695.75,21627
2022-10-03 16:19:01,2,2,3695.75,21629
2022-10-03 16:19:03,4,2,3695.75,21631
2022-10-03 16:19:04,8,3,3695.75,21634
2022-10-03 16:19:11,3,1,3695.75,21635
2022-10-03 16:19:12,6,5,3695.75,21640
2022-10-03 16:19:14,4,4,3696.0,21644
2022-10-03 16:19:18,1,1,3696.0,21645
2022-10-03 16:19:21,3,3,3696.0,21648
2022-10-03 16:19:22,6,4,3696.25,21652
2022-10-03 16:19:24,8,-5,3696.5,21647
2022-10-03 16:19:25,4,2,3696.5,21649
2022-10-03 16:19:28,2,0,3696.5,21649
2022-10-03 16:19:32,24,-5,3696.25,21644
2022-10-03 16:19:33,247,-66,3696.0,21578
2022-10-03 16:19:34,106,-30,3695.25,21548
2022-10-03 16:19:36,1,-1,3694.5,21547
2022-10-03 16:19:37,1,-1,3694.5,21546
2022-10-03 16:19:38,15,3,3694.75,21549
2022-10-03 16:19:39,20,-1,3694.75,21548
2022-10-03 16:19:40,13,-3,3694.75,21545
2022-10-03 16:19:41,1,-1,3694.75,21544
2022-10-03 16:19:42,1,-1,3694.75,21543
2022-10-03 16:19:45,2,2,3695.0,21545
2022-10-03 16:19:47,19,12,3695.0,21557
2022-10-03 16:19:48,19,-16,3695.0,21541
2022-10-03 16:19:50,45,-24,3694.75,21517
2022-10-03 16:19:51,38,15,3694.5,21532
2022-10-03 16:19:52,14,7,3694.5,21539
2022-10-03 16:19:53,1,-1,3694.5,21538
2022-10-03 16:19:55,12,5,3694.75,21543
2022-10-03 16:19:56,2,2,3694.75,21545
2022-10-03 16:19:57,1,1,3695.0,21546
2022-10-03 16:19:58,32,-5,3694.5,21541
2022-10-03 16:19:59,14,0,3694.5,21541
2022-10-03 16:20:00,4,-2,3694.5,21539
2022-10-03 16:20:01,6,-6,3694.5,21533
2022-10-03 16:20:09,1,-1,3694.5,21532
2022-10-03 16:20:11,5,4,3694.75,21536
2022-10-03 16:20:16,1,1,3694.75,21537
2022-10-03 16:20:17,39,-2,3694.75,21535
2022-10-03 16:20:18,4,0,3694.75,21535
2022-10-03 16:20:19,18,-13,3694.5,21522
2022-10-03 16:20:20,15,6,3694.75,21528
2022-10-03 16:20:22,36,-22,3694.5,21506
2022-10-03 16:20:29,30,17,3694.75,21523
2022-10-03 16:20:30,11,0,3695.0,21523
2022-10-03 16:20:33,66,5,3695.25,21528
2022-10-03 16:20:34,7,7,3695.25,21535
2022-10-03 16:20:35,1,1,3695.25,21536
2022-10-03 16:20:36,5,-3,3695.25,21533
2022-10-03 16:20:39,2,2,3695.25,21535
2022-10-03 16:20:40,1,1,3695.25,21536
2022-10-03 16:20:41,2,2,3695.25,21538
2022-10-03 16:20:42,2,2,3695.25,21540
2022-10-03 16:20:45,2,2,3695.25,21542
2022-10-03 16:20:49,7,-2,3695.25,21540
2022-10-03 16:20:53,6,-6,3695.25,21534
2022-10-03 16:20:54,2,2,3695.25,21536
2022-10-03 16:20:55,1,1,3695.25,21537
2022-10-03 16:21:00,10,9,3695.25,21546
2022-10-03 16:21:01,7,-5,3695.25,21541
2022-10-03 16:21:02,3,3,3695.5,21544
2022-10-03 16:21:03,4,4,3695.5,21548
2022-10-03 16:21:05,6,5,3695.5,21553
2022-10-03 16:21:06,4,-2,3695.5,21551
2022-10-03 16:21:09,1,1,3695.5,21552
2022-10-03 16:21:10,4,-4,3695.25,21548
2022-10-03 16:21:11,5,-3,3695.25,21545
2022-10-03 16:21:14,10,10,3695.25,21555
2022-10-03 16:21:15,4,-4,3695.25,21551
2022-10-03 16:21:17,1,1,3695.25,21552
2022-10-03 16:21:20,3,-3,3695.0,21549
2022-10-03 16:21:26,27,-11,3695.0,21538
2022-10-03 16:21:33,17,15,3695.25,21553
2022-10-03 16:21:34,1,-1,3695.25,21552
2022-10-03 16:21:41,2,-2,3695.25,21550
2022-10-03 16:21:45,30,-4,3695.25,21546
2022-10-03 16:21:46,4,-1,3695.25,21545
2022-10-03 16:21:47,8,4,3695.5,21549
2022-10-03 16:21:49,3,3,3695.5,21552
2022-10-03 16:21:59,3,2,3695.5,21554
2022-10-03 16:22:02,2,0,3695.5,21554
2022-10-03 16:22:05,3,2,3695.5,21556
2022-10-03 16:22:07,1,1,3695.5,21557
2022-10-03 16:22:13,4,2,3695.5,21559
2022-10-03 16:22:18,1,1,3695.5,21560
2022-10-03 16:22:19,15,-4,3695.5,21556
2022-10-03 16:22:20,5,5,3695.5,21561
2022-10-03 16:22:21,3,3,3695.5,21564
2022-10-03 16:22:26,21,18,3695.75,21582
2022-10-03 16:22:27,1,1,3695.75,21583
2022-10-03 16:22:29,3,2,3695.75,21585
2022-10-03 16:22:31,28,-17,3695.5,21568
2022-10-03 16:22:32,21,14,3695.5,21582
2022-10-03 16:22:33,2,0,3695.5,21582
2022-10-03 16:22:34,8,-8,3695.25,21574
2022-10-03 16:22:37,49,1,3695.25,21575
2022-10-03 16:22:38,4,-4,3695.25,21571
2022-10-03 16:22:39,1,-1,3695.25,21570
2022-10-03 16:22:40,2,0,3695.5,21570
2022-10-03 16:22:51,2,0,3695.5,21570
2022-10-03 16:22:55,4,-2,3695.5,21568
2022-10-03 16:22:59,2,-2,3695.25,21566
2022-10-03 16:23:03,5,1,3695.5,21567
2022-10-03 16:23:09,1,-1,3695.25,21566
2022-10-03 16:23:10,23,12,3695.5,21578
2022-10-03 16:23:12,61,-40,3695.25,21538
2022-10-03 16:23:13,25,-12,3694.75,21526
2022-10-03 16:23:17,1,-1,3694.75,21525
2022-10-03 16:23:18,1,1,3695.0,21526
2022-10-03 16:23:23,4,-2,3694.75,21524
2022-10-03 16:23:27,2,-1,3694.75,21523
2022-10-03 16:23:29,2,-1,3694.75,21522
2022-10-03 16:23:31,1,1,3695.0,21523
2022-10-03 16:23:37,11,8,3695.0,21531
2022-10-03 16:23:41,7,-3,3695.0,21528
2022-10-03 16:23:42,2,-2,3694.75,21526
2022-10-03 16:23:43,3,-2,3694.75,21524
2022-10-03 16:23:46,23,19,3695.25,21543
2022-10-03 16:23:47,4,-3,3695.0,21540
2022-10-03 16:23:49,1,1,3695.25,21541
2022-10-03 16:23:50,1,-1,3695.0,21540
2022-10-03 16:23:55,1,1,3695.25,21541
2022-10-03 16:23:56,1,-1,3695.0,21540
2022-10-03 16:23:57,1,-1,3695.0,21539
2022-10-03 16:24:00,42,-40,3695.0,21499
2022-10-03 16:24:01,11,11,3695.25,21510
2022-10-03 16:24:02,1,-1,3695.0,21509
2022-10-03 16:24:03,1,-1,3695.0,21508
2022-10-03 16:24:10,42,14,3695.25,21522
2022-10-03 16:24:11,4,-4,3695.0,21518
2022-10-03 16:24:20,4,4,3695.25,21522
2022-10-03 16:24:21,2,-1,3695.25,21521
2022-10-03 16:24:31,1,-1,3695.25,21520
2022-10-03 16:24:32,1,-1,3695.25,21519
2022-10-03 16:24:33,3,-1,3695.25,21518
2022-10-03 16:24:34,1,1,3695.5,21519
2022-10-03 16:24:38,15,-6,3695.5,21513
2022-10-03 16:24:40,3,3,3695.25,21516
2022-10-03 16:24:43,1,1,3695.25,21517
2022-10-03 16:24:44,1,1,3695.25,21518
2022-10-03 16:24:46,5,4,3695.5,21522
2022-10-03 16:24:53,4,-4,3695.25,21518
2022-10-03 16:24:54,1,-1,3695.25,21517
2022-10-03 16:24:59,1,-1,3695.25,21516
2022-10-03 16:25:00,35,27,3695.5,21543
2022-10-03 16:25:01,24,-6,3695.5,21537
2022-10-03 16:25:05,5,-5,3695.25,21532
2022-10-03 16:25:08,2,2,3695.5,21534
2022-10-03 16:25:10,17,4,3695.75,21538
2022-10-03 16:25:11,1,1,3695.75,21539
2022-10-03 16:25:14,4,-4,3695.5,21535
2022-10-03 16:25:16,1,1,3695.75,21536
2022-10-03 16:25:18,8,5,3695.75,21541
2022-10-03 16:25:21,9,9,3695.75,21550
2022-10-03 16:25:23,7,-3,3695.75,21547
2022-10-03 16:25:25,13,-11,3695.5,21536
2022-10-03 16:25:26,8,0,3695.75,21536
2022-10-03 16:25:27,2,-2,3695.5,21534
2022-10-03 16:25:28,2,-2,3695.5,21532
2022-10-03 16:25:29,1,1,3695.5,21533
2022-10-03 16:25:30,1,-1,3695.25,21532
2022-10-03 16:25:35,1,1,3695.5,21533
2022-10-03 16:25:37,3,-3,3695.25,21530
2022-10-03 16:25:41,2,1,3695.5,21531
2022-10-03 16:25:42,2,-2,3695.25,21529
2022-10-03 16:25:45,8,-5,3695.25,21524
2022-10-03 16:25:48,27,-10,3695.25,21514
2022-10-03 16:25:52,60,-22,3695.0,21492
2022-10-03 16:25:53,5,-5,3694.75,21487
2022-10-03 16:25:54,1,-1,3694.75,21486
2022-10-03 16:26:00,1,1,3695.0,21487
2022-10-03 16:26:01,1,1,3695.0,21488
2022-10-03 16:26:07,1,1,3695.0,21489
2022-10-03 16:26:10,1,1,3695.0,21490
2022-10-03 16:26:17,20,6,3695.0,21496
2022-10-03 16:26:18,23,7,3695.0,21503
2022-10-03 16:26:22,24,-23,3694.75,21480
2022-10-03 16:26:24,1,1,3695.0,21481
2022-10-03 16:26:25,21,6,3695.0,21487
2022-10-03 16:26:26,4,-4,3694.75,21483
2022-10-03 16:26:27,20,11,3695.0,21494
2022-10-03 16:26:28,1,-1,3695.0,21493
2022-10-03 16:26:29,8,-6,3695.0,21487
2022-10-03 16:26:34,14,10,3695.25,21497
2022-10-03 16:26:36,1,-1,3695.25,21496
2022-10-03 16:26:40,1,1,3695.5,21497
2022-10-03 16:26:48,1,1,3695.5,21498
2022-10-03 16:26:49,13,10,3695.5,21508
2022-10-03 16:26:52,14,4,3695.5,21512
2022-10-03 16:26:56,10,8,3695.5,21520
2022-10-03 16:26:57,4,-4,3695.25,21516
2022-10-03 16:26:58,38,-4,3695.5,21512
2022-10-03 16:26:59,10,4,3695.25,21516
2022-10-03 16:27:00,5,-5,3695.25,21511
2022-10-03 16:27:03,20,9,3695.5,21520
2022-10-03 16:27:04,10,1,3695.5,21521
2022-10-03 16:27:05,14,0,3695.5,21521
2022-10-03 16:27:06,81,-2,3695.5,21519
2022-10-03 16:27:08,1,-1,3695.5,21518
2022-10-03 16:27:09,6,-2,3695.75,21516
2022-10-03 16:27:10,1,-1,3695.5,21515
2022-10-03 16:27:11,4,-3,3695.5,21512
2022-10-03 16:27:15,59,40,3696.5,21552
2022-10-03 16:27:16,1,-1,3696.0,21551
2022-10-03 16:27:17,4,3,3696.25,21554
2022-10-03 16:27:18,2,1,3696.25,21555
2022-10-03 16:27:21,1,1,3696.25,21556
2022-10-03 16:27:24,1,1,3696.25,21557
2022-10-03 16:27:25,2,2,3696.25,21559
2022-10-03 16:27:26,2,2,3696.25,21561
2022-10-03 16:27:28,1,1,3696.25,21562
2022-10-03 16:27:31,2,2,3696.25,21564
2022-10-03 16:27:34,26,-20,3696.0,21544
2022-10-03 16:27:35,6,1,3696.25,21545
2022-10-03 16:27:38,1,1,3696.25,21546
2022-10-03 16:27:47,26,-7,3696.0,21539
2022-10-03 16:27:49,19,16,3696.0,21555
2022-10-03 16:27:50,1,1,3696.0,21556
2022-10-03 16:27:51,9,7,3696.0,21563
2022-10-03 16:27:54,2,2,3696.0,21565
2022-10-03 16:27:59,1,-1,3696.0,21564
2022-10-03 16:28:00,1,1,3696.25,21565
2022-10-03 16:28:02,1,1,3696.25,21566
2022-10-03 16:28:05,21,-6,3696.0,21560
2022-10-03 16:28:06,5,-3,3696.0,21557
2022-10-03 16:28:14,20,0,3695.75,21557
2022-10-03 16:28:23,2,0,3695.75,21557
2022-10-03 16:28:26,10,-6,3695.75,21551
2022-10-03 16:28:27,2,2,3695.75,21553
2022-10-03 16:28:32,4,2,3695.75,21555
2022-10-03 16:28:33,3,3,3696.0,21558
2022-10-03 16:28:35,1,1,3696.0,21559
2022-10-03 16:28:38,1,1,3696.0,21560
2022-10-03 16:28:44,7,7,3696.0,21567
2022-10-03 16:28:48,1,1,3696.25,21568
2022-10-03 16:28:51,1,1,3696.25,21569
2022-10-03 16:28:59,1,1,3696.25,21570
2022-10-03 16:29:00,1,1,3696.25,21571
2022-10-03 16:29:02,2,2,3696.25,21573
2022-10-03 16:29:05,1,1,3696.25,21574
2022-10-03 16:29:06,3,1,3696.25,21575
2022-10-03 16:29:07,1,1,3696.25,21576
2022-10-03 16:29:08,20,-4,3696.25,21572
2022-10-03 16:29:09,8,-4,3696.25,21568
2022-10-03 16:29:10,232,181,3697.25,21749
2022-10-03 16:29:13,4,-2,3696.25,21747
2022-10-03 16:29:14,10,9,3696.5,21756
2022-10-03 16:29:15,15,4,3696.5,21760
2022-10-03 16:29:16,13,8,3696.5,21768
2022-10-03 16:29:17,25,-4,3696.5,21764
2022-10-03 16:29:18,3,3,3696.5,21767
2022-10-03 16:29:19,17,-6,3696.5,21761
2022-10-03 16:29:20,1,1,3696.5,21762
2022-10-03 16:29:34,1,1,3696.5,21763
2022-10-03 16:29:43,3,1,3696.5,21764
2022-10-03 16:29:55,4,4,3696.5,21768
2022-10-03 16:29:56,4,-2,3696.25,21766
2022-10-03 16:30:02,2,2,3696.5,21768
2022-10-03 16:30:03,7,-5,3696.25,21763
2022-10-03 16:30:08,1,-1,3696.25,21762
2022-10-03 16:30:10,10,8,3696.5,21770
2022-10-03 16:30:12,10,4,3696.5,21774
2022-10-03 16:30:23,1,1,3696.5,21775
2022-10-03 16:30:25,5,3,3696.5,21778
2022-10-03 16:30:26,21,-7,3696.5,21771
2022-10-03 16:30:28,13,6,3696.5,21777
2022-10-03 16:30:29,13,1,3696.5,21778
2022-10-03 16:30:30,4,-2,3696.25,21776
2022-10-03 16:30:31,11,8,3696.5,21784
2022-10-03 16:30:33,3,-1,3696.5,21783
2022-10-03 16:30:39,11,9,3696.5,21792
2022-10-03 16:30:40,1,1,3696.5,21793
2022-10-03 16:30:41,7,6,3696.5,21799
2022-10-03 16:30:42,1,1,3696.5,21800
2022-10-03 16:30:44,2,2,3696.5,21802
2022-10-03 16:30:45,6,-3,3696.75,21799
2022-10-03 16:30:46,2,1,3696.75,21800
2022-10-03 16:30:47,6,4,3696.75,21804
2022-10-03 16:30:48,1,1,3696.75,21805
2022-10-03 16:30:49,2,2,3696.75,21807
2022-10-03 16:30:50,1,1,3696.75,21808
2022-10-03 16:30:51,1,1,3696.75,21809
2022-10-03 16:30:52,7,4,3696.75,21813
2022-10-03 16:30:53,1,1,3696.75,21814
2022-10-03 16:30:54,30,0,3696.75,21814
2022-10-03 16:30:55,7,-3,3696.75,21811
2022-10-03 16:30:57,2,2,3696.75,21813
2022-10-03 16:31:00,1,1,3696.75,21814
2022-10-03 16:31:01,1,1,3696.75,21815
2022-10-03 16:31:02,15,-1,3696.75,21814
2022-10-03 16:31:03,1,1,3696.75,21815
2022-10-03 16:31:04,1,1,3696.75,21816
2022-10-03 16:31:06,28,-10,3696.75,21806
2022-10-03 16:31:07,2,0,3696.75,21806
2022-10-03 16:31:11,3,-1,3696.75,21805
2022-10-03 16:31:14,31,4,3697.0,21809
2022-10-03 16:31:15,4,-3,3696.75,21806
2022-10-03 16:31:19,1,1,3697.0,21807
2022-10-03 16:31:21,39,-16,3696.75,21791
2022-10-03 16:31:23,1,1,3696.75,21792
2022-10-03 16:31:27,1,1,3696.75,21793
2022-10-03 16:31:31,11,-9,3696.5,21784
2022-10-03 16:31:32,27,-5,3696.75,21779
2022-10-03 16:31:33,4,-4,3696.5,21775
2022-10-03 16:31:34,25,-12,3696.5,21763
2022-10-03 16:31:35,5,3,3696.5,21766
2022-10-03 16:31:36,4,0,3696.5,21766
2022-10-03 16:31:38,4,4,3696.5,21770
2022-10-03 16:31:44,3,3,3696.5,21773
2022-10-03 16:31:48,1,1,3696.5,21774
2022-10-03 16:31:49,1,1,3696.5,21775
2022-10-03 16:31:56,6,2,3696.5,21777
2022-10-03 16:31:59,4,4,3696.5,21781
2022-10-03 16:32:01,1,1,3696.5,21782
2022-10-03 16:32:11,1,1,3696.5,21783
2022-10-03 16:32:12,21,-9,3696.25,21774
2022-10-03 16:32:13,4,-2,3696.25,21772
2022-10-03 16:32:16,1,1,3696.5,21773
2022-10-03 16:32:20,6,-1,3696.25,21772
2022-10-03 16:32:26,10,8,3696.5,21780
2022-10-03 16:32:27,1,-1,3696.25,21779
2022-10-03 16:32:30,30,-9,3696.25,21770
2022-10-03 16:32:33,26,5,3696.25,21775
2022-10-03 16:32:39,37,0,3696.25,21775
2022-10-03 16:32:40,4,-4,3696.0,21771
2022-10-03 16:32:43,10,-8,3696.0,21763
2022-10-03 16:32:45,1,-1,3696.0,21762
2022-10-03 16:32:46,58,17,3696.25,21779
2022-10-03 16:32:48,25,10,3696.5,21789
2022-10-03 16:32:49,4,-3,3696.25,21786
2022-10-03 16:32:57,40,-22,3696.25,21764
2022-10-03 16:32:59,7,7,3696.25,21771
2022-10-03 16:33:01,2,-2,3696.25,21769
2022-10-03 16:33:03,7,4,3696.25,21773
2022-10-03 16:33:11,2,2,3696.5,21775
2022-10-03 16:33:14,1,1,3696.5,21776
2022-10-03 16:33:18,4,2,3696.5,21778
2022-10-03 16:33:29,10,-9,3696.25,21769
2022-10-03 16:33:30,3,3,3696.5,21772
2022-10-03 16:33:31,5,-1,3696.5,21771
2022-10-03 16:33:32,2,0,3696.5,21771
2022-10-03 16:33:39,12,-10,3696.25,21761
2022-10-03 16:33:42,15,6,3696.25,21767
2022-10-03 16:33:45,2,-2,3696.25,21765
2022-10-03 16:33:51,11,2,3696.5,21767
2022-10-03 16:33:52,15,5,3696.5,21772
2022-10-03 16:33:53,4,-2,3696.5,21770
2022-10-03 16:33:59,1,1,3696.5,21771
2022-10-03 16:34:00,8,7,3696.5,21778
2022-10-03 16:34:01,1,-1,3696.5,21777
2022-10-03 16:34:02,12,-10,3696.5,21767
2022-10-03 16:34:03,5,-3,3696.5,21764
2022-10-03 16:34:15,10,8,3696.5,21772
2022-10-03 16:34:25,3,3,3696.5,21775
2022-10-03 16:34:29,14,3,3696.5,21778
2022-10-03 16:34:32,1,1,3696.5,21779
2022-10-03 16:34:36,12,5,3696.5,21784
2022-10-03 16:34:37,1,1,3696.5,21785
2022-10-03 16:34:38,3,3,3696.5,21788
2022-10-03 16:34:47,28,30,3696.75,21818
2022-10-03 16:34:48,1,1,3696.75,21819
2022-10-03 16:34:49,7,-6,3696.5,21813
2022-10-03 16:34:50,9,1,3696.5,21814
2022-10-03 16:34:51,3,2,3696.5,21816
2022-10-03 16:34:52,1,1,3696.5,21817
2022-10-03 16:34:54,14,6,3696.5,21823
2022-10-03 16:34:55,3,3,3696.75,21826
2022-10-03 16:34:57,1,1,3696.75,21827
2022-10-03 16:34:58,15,-11,3696.5,21816
2022-10-03 16:35:02,1,1,3696.5,21817
2022-10-03 16:35:08,1,1,3696.5,21818
2022-10-03 16:35:12,1,1,3696.5,21819
2022-10-03 16:35:14,4,0,3696.5,21819
2022-10-03 16:35:15,1,-1,3696.25,21818
2022-10-03 16:35:18,1,1,3696.5,21819
2022-10-03 16:35:21,1,1,3696.5,21820
2022-10-03 16:35:23,2,2,3696.5,21822
2022-10-03 16:35:25,5,-1,3696.75,21821
2022-10-03 16:35:27,32,-16,3696.5,21805
2022-10-03 16:35:28,4,-1,3696.25,21804
2022-10-03 16:35:32,17,-3,3696.25,21801
2022-10-03 16:35:41,5,3,3696.5,21804
2022-10-03 16:35:45,1,1,3696.5,21805
2022-10-03 16:35:48,5,2,3696.5,21807
2022-10-03 16:35:54,3,3,3696.5,21810
2022-10-03 16:35:58,15,10,3696.5,21820
2022-10-03 16:36:00,9,-1,3696.5,21819
2022-10-03 16:36:02,4,4,3696.5,21823
2022-10-03 16:36:14,1,-1,3696.25,21822
2022-10-03 16:36:16,9,2,3696.5,21824
2022-10-03 16:36:19,1,1,3696.5,21825
2022-10-03 16:36:20,17,9,3696.75,21834
2022-10-03 16:36:21,6,-1,3696.5,21833
2022-10-03 16:36:22,5,3,3696.75,21836
2022-10-03 16:36:24,10,6,3696.75,21842
2022-10-03 16:36:31,16,1,3696.75,21843
2022-10-03 16:36:33,1,-1,3696.5,21842
2022-10-03 16:36:36,15,5,3696.75,21847
2022-10-03 16:36:39,16,4,3696.75,21851
2022-10-03 16:36:42,5,5,3697.0,21856
2022-10-03 16:36:44,1,1,3697.0,21857
2022-10-03 16:36:45,1,1,3697.0,21858
2022-10-03 16:36:46,3,2,3697.0,21860
2022-10-03 16:36:47,19,4,3697.0,21864
2022-10-03 16:36:48,4,-4,3696.75,21860
2022-10-03 16:37:03,1,1,3697.0,21861
2022-10-03 16:37:07,16,13,3697.0,21874
2022-10-03 16:37:09,2,2,3697.0,21876
2022-10-03 16:37:11,2,-1,3696.75,21875
2022-10-03 16:37:12,3,3,3697.0,21878
2022-10-03 16:37:16,2,2,3697.0,21880
2022-10-03 16:37:19,1,-1,3696.75,21879
2022-10-03 16:37:26,1,1,3697.0,21880
2022-10-03 16:37:28,1,-1,3696.75,21879
2022-10-03 16:37:34,3,3,3697.0,21882
2022-10-03 16:37:36,3,2,3697.0,21884
2022-10-03 16:37:47,2,1,3697.0,21885
2022-10-03 16:37:48,1,1,3697.0,21886
2022-10-03 16:37:57,16,9,3697.0,21895
2022-10-03 16:37:58,1,1,3697.0,21896
2022-10-03 16:38:04,4,2,3697.0,21898
2022-10-03 16:38:09,5,5,3697.0,21903
2022-10-03 16:38:10,1,1,3697.0,21904
2022-10-03 16:38:13,2,2,3697.0,21906
2022-10-03 16:38:14,2,2,3697.0,21908
2022-10-03 16:38:18,58,-19,3696.75,21889
2022-10-03 16:38:19,6,-1,3696.75,21888
2022-10-03 16:38:21,2,2,3696.75,21890
2022-10-03 16:38:26,2,0,3696.75,21890
2022-10-03 16:38:28,1,1,3696.75,21891
2022-10-03 16:38:31,33,-13,3696.75,21878
2022-10-03 16:38:34,1,1,3696.75,21879
2022-10-03 16:38:37,2,2,3696.75,21881
2022-10-03 16:38:42,4,0,3696.75,21881
2022-10-03 16:38:52,44,-17,3696.5,21864
2022-10-03 16:38:53,4,-4,3696.25,21860
2022-10-03 16:38:54,1,1,3696.5,21861
2022-10-03 16:38:55,5,1,3696.5,21862
2022-10-03 16:38:57,3,1,3696.75,21863
2022-10-03 16:38:58,24,-16,3696.5,21847
2022-10-03 16:38:59,12,-12,3696.25,21835
2022-10-03 16:39:00,27,-16,3696.25,21819
2022-10-03 16:39:17,39,-13,3696.0,21806
2022-10-03 16:39:18,55,-19,3695.75,21787
2022-10-03 16:39:19,2,-2,3695.5,21785
2022-10-03 16:39:21,1,-1,3695.5,21784
2022-10-03 16:39:22,34,8,3695.75,21792
2022-10-03 16:39:24,4,-1,3695.75,21791
2022-10-03 16:39:25,17,-14,3695.75,21777
2022-10-03 16:39:28,1,-1,3695.5,21776
2022-10-03 16:39:34,25,8,3695.75,21784
2022-10-03 16:39:36,4,4,3695.75,21788
2022-10-03 16:39:40,9,5,3696.0,21793
2022-10-03 16:39:57,14,9,3696.0,21802
2022-10-03 16:40:00,1,-1,3696.0,21801
2022-10-03 16:40:03,2,2,3696.25,21803
2022-10-03 16:40:04,3,3,3696.25,21806
2022-10-03 16:40:05,5,-5,3696.0,21801
2022-10-03 16:40:10,24,-12,3696.0,21789
2022-10-03 16:40:19,31,-25,3695.75,21764
2022-10-03 16:40:22,8,7,3695.75,21771
2022-10-03 16:40:24,4,4,3695.75,21775
2022-10-03 16:40:29,1,1,3695.75,21776
2022-10-03 16:40:32,1,-1,3695.5,21775
2022-10-03 16:40:37,1,-1,3695.5,21774
2022-10-03 16:40:49,1,-1,3695.5,21773
2022-10-03 16:40:50,2,2,3695.75,21775
2022-10-03 16:40:53,1,-1,3695.75,21774
2022-10-03 16:41:00,1,-1,3695.5,21773
2022-10-03 16:41:01,4,-2,3695.5,21771
2022-10-03 16:41:06,24,-7,3695.5,21764
2022-10-03 16:41:13,28,6,3695.5,21770
2022-10-03 16:41:17,3,2,3695.5,21772
2022-10-03 16:41:22,3,3,3695.5,21775
2022-10-03 16:41:25,10,9,3695.75,21784
2022-10-03 16:41:31,10,6,3696.0,21790
2022-10-03 16:41:32,7,-7,3696.0,21783
2022-10-03 16:41:34,1,-1,3696.0,21782
2022-10-03 16:41:39,13,-8,3696.0,21774
2022-10-03 16:41:42,1,1,3696.0,21775
2022-10-03 16:41:51,11,-3,3696.0,21772
2022-10-03 16:41:52,1,1,3696.0,21773
2022-10-03 16:41:53,35,-17,3695.75,21756
2022-10-03 16:41:56,13,-1,3695.75,21755
2022-10-03 16:41:57,4,-3,3695.5,21752
2022-10-03 16:42:01,1,1,3695.75,21753
2022-10-03 16:42:07,1,1,3695.75,21754
2022-10-03 16:42:09,9,-6,3695.5,21748
2022-10-03 16:42:10,1,-1,3695.5,21747
2022-10-03 16:42:21,21,-6,3695.5,21741
2022-10-03 16:42:23,38,1,3695.5,21742
2022-10-03 16:42:36,10,7,3695.5,21749
2022-10-03 16:42:37,4,-2,3695.25,21747
2022-10-03 16:42:39,22,2,3695.5,21749
2022-10-03 16:42:43,13,-8,3695.25,21741
2022-10-03 16:42:47,15,4,3695.5,21745
2022-10-03 16:43:01,2,-2,3695.5,21743
2022-10-03 16:43:03,25,-12,3695.5,21731
2022-10-03 16:43:04,12,-10,3695.25,21721
2022-10-03 16:43:05,10,6,3695.25,21727
2022-10-03 16:43:09,1,1,3695.5,21728
2022-10-03 16:43:10,2,-2,3695.25,21726
2022-10-03 16:43:19,25,-6,3695.25,21720
2022-10-03 16:43:20,9,0,3695.25,21720
2022-10-03 16:43:22,10,-4,3695.25,21716
2022-10-03 16:43:24,11,-10,3695.25,21706
2022-10-03 16:43:25,4,0,3695.25,21706
2022-10-03 16:43:30,8,5,3695.25,21711
2022-10-03 16:43:34,1,1,3695.5,21712
2022-10-03 16:43:36,3,1,3695.5,21713
2022-10-03 16:43:42,1,1,3695.5,21714
2022-10-03 16:43:45,1,1,3695.5,21715
2022-10-03 16:43:46,33,6,3695.5,21721
2022-10-03 16:43:47,7,6,3695.5,21727
2022-10-03 16:43:58,16,-12,3695.5,21715
2022-10-03 16:43:59,4,-4,3695.5,21711
2022-10-03 16:44:00,8,-4,3695.5,21707
2022-10-03 16:44:10,9,5,3695.5,21712
2022-10-03 16:44:21,19,-10,3695.25,21702
2022-10-03 16:44:29,3,-3,3695.25,21699
2022-10-03 16:44:45,1,-1,3695.0,21698
2022-10-03 16:44:50,2,0,3695.25,21698
2022-10-03 16:44:54,2,2,3695.25,21700
2022-10-03 16:44:57,16,4,3695.25,21704
2022-10-03 16:44:59,1,1,3695.5,21705
2022-10-03 16:45:00,76,-20,3695.25,21685
2022-10-03 16:45:01,23,-8,3695.0,21677
2022-10-03 16:45:02,44,-9,3694.75,21668
2022-10-03 16:45:03,11,-4,3694.75,21664
2022-10-03 16:45:04,5,5,3695.0,21669
2022-10-03 16:45:06,8,6,3695.25,21675
2022-10-03 16:45:15,2,1,3695.5,21676
2022-10-03 16:45:17,1,1,3695.5,21677
2022-10-03 16:45:18,1,1,3695.5,21678
2022-10-03 16:45:27,21,-6,3695.25,21672
2022-10-03 16:45:29,55,23,3695.5,21695
2022-10-03 16:45:32,14,-10,3695.25,21685
2022-10-03 16:45:34,50,-41,3695.25,21644
2022-10-03 16:45:35,11,10,3695.25,21654
2022-10-03 16:45:48,14,-4,3695.25,21650
2022-10-03 16:45:50,1,-1,3695.0,21649
2022-10-03 16:45:53,10,-9,3695.0,21640
2022-10-03 16:46:18,10,7,3695.25,21647
2022-10-03 16:46:23,5,5,3695.5,21652
2022-10-03 16:46:24,27,18,3695.75,21670
2022-10-03 16:46:28,9,9,3695.75,21679
2022-10-03 16:46:38,5,4,3695.75,21683
2022-10-03 16:46:44,1,1,3695.75,21684
2022-10-03 16:46:46,3,1,3695.75,21685
2022-10-03 16:46:51,3,-2,3695.5,21683
2022-10-03 16:47:00,2,2,3695.75,21685
2022-10-03 16:47:02,1,-1,3695.5,21684
2022-10-03 16:47:04,1,-1,3695.5,21683
2022-10-03 16:47:13,5,2,3695.75,21685
2022-10-03 16:47:14,7,4,3695.75,21689
2022-10-03 16:47:16,14,-5,3695.5,21684
2022-10-03 16:47:17,1,-1,3695.5,21683
2022-10-03 16:47:36,1,-1,3695.5,21682
2022-10-03 16:47:37,1,1,3695.75,21683
2022-10-03 16:47:38,1,1,3695.75,21684
2022-10-03 16:47:40,35,-8,3695.5,21676
2022-10-03 16:47:44,1,1,3695.5,21677
2022-10-03 16:47:56,38,11,3695.5,21688
2022-10-03 16:48:17,7,-7,3695.5,21681
2022-10-03 16:48:18,1,1,3695.75,21682
2022-10-03 16:48:22,2,2,3695.75,21684
2022-10-03 16:48:27,1,1,3695.75,21685
2022-10-03 16:48:29,1,1,3695.75,21686
2022-10-03 16:48:37,2,-1,3695.5,21685
2022-10-03 16:48:39,28,-10,3695.5,21675
2022-10-03 16:48:44,3,3,3695.5,21678
2022-10-03 16:48:45,2,2,3695.5,21680
2022-10-03 16:48:46,1,-1,3695.25,21679
2022-10-03 16:48:47,28,-15,3695.25,21664
2022-10-03 16:48:53,1,-1,3695.0,21663
2022-10-03 16:48:54,1,1,3695.25,21664
2022-10-03 16:48:56,1,1,3695.25,21665
2022-10-03 16:48:58,1,-1,3695.0,21664
2022-10-03 16:48:59,41,-2,3695.5,21662
2022-10-03 16:49:09,44,-18,3695.0,21644
2022-10-03 16:49:11,6,4,3695.0,21648
2022-10-03 16:49:15,27,16,3695.0,21664
2022-10-03 16:49:16,14,-10,3695.0,21654
2022-10-03 16:49:17,8,7,3695.0,21661
2022-10-03 16:49:20,75,-33,3695.0,21628
2022-10-03 16:49:24,16,-6,3695.0,21622
2022-10-03 16:49:28,8,5,3695.0,21627
2022-10-03 16:49:32,10,8,3695.25,21635
2022-10-03 16:49:33,30,-18,3695.0,21617
2022-10-03 16:49:34,24,4,3695.0,21621
2022-10-03 16:49:44,22,-13,3695.0,21608
2022-10-03 16:49:48,1,1,3695.0,21609
2022-10-03 16:49:50,1,1,3695.0,21610
2022-10-03 16:49:51,31,-14,3695.0,21596
2022-10-03 16:49:52,1,1,3695.0,21597
2022-10-03 16:49:54,1,1,3695.0,21598
2022-10-03 16:49:56,1,1,3695.0,21599
2022-10-03 16:50:00,3,1,3695.0,21600
2022-10-03 16:50:02,26,6,3695.0,21606
2022-10-03 16:50:04,9,-1,3695.0,21605
2022-10-03 16:50:15,1,1,3695.0,21606
2022-10-03 16:50:18,8,8,3695.0,21614
2022-10-03 16:50:19,4,2,3695.0,21616
2022-10-03 16:50:23,19,-11,3694.75,21605
2022-10-03 16:50:25,19,-7,3694.75,21598
2022-10-03 16:50:27,5,3,3694.75,21601
2022-10-03 16:50:33,2,1,3695.0,21602
2022-10-03 16:50:34,5,-3,3695.0,21599
2022-10-03 16:50:36,25,-16,3694.75,21583
2022-10-03 16:50:37,2,2,3694.75,21585
2022-10-03 16:50:41,1,-1,3694.75,21584
2022-10-03 16:50:45,10,3,3695.0,21587
2022-10-03 16:50:46,2,1,3695.0,21588
2022-10-03 16:50:47,1,1,3695.0,21589
2022-10-03 16:50:50,6,4,3695.0,21593
2022-10-03 16:50:51,1,-1,3694.75,21592
2022-10-03 16:51:02,1,1,3695.0,21593
2022-10-03 16:51:03,7,-7,3694.75,21586
2022-10-03 16:51:05,24,-10,3694.75,21576
2022-10-03 16:51:06,14,1,3694.75,21577
2022-10-03 16:51:07,3,3,3694.75,21580
2022-10-03 16:51:08,8,-2,3694.75,21578
2022-10-03 16:51:16,24,-15,3694.75,21563
2022-10-03 16:51:25,22,1,3694.75,21564
2022-10-03 16:51:39,4,4,3694.75,21568
2022-10-03 16:51:41,40,-18,3694.5,21550
2022-10-03 16:51:52,2,-1,3694.5,21549
2022-10-03 16:51:53,2,2,3694.75,21551
2022-10-03 16:51:57,1,1,3694.75,21552
2022-10-03 16:52:00,95,-6,3695.0,21546
2022-10-03 16:52:02,12,4,3694.75,21550
2022-10-03 16:52:04,6,5,3694.75,21555
2022-10-03 16:52:05,11,-5,3694.75,21550
2022-10-03 16:52:07,1,-1,3694.75,21549
2022-10-03 16:52:13,2,2,3695.0,21551
2022-10-03 16:52:15,44,-16,3694.75,21535
2022-10-03 16:52:16,7,5,3694.75,21540
2022-10-03 16:52:25,1,1,3694.75,21541
2022-10-03 16:52:34,4,3,3694.75,21544
2022-10-03 16:52:35,1,1,3694.75,21545
2022-10-03 16:52:45,28,-6,3694.75,21539
2022-10-03 16:52:47,15,-2,3694.75,21537
2022-10-03 16:52:49,1,1,3694.75,21538
2022-10-03 16:53:03,1,1,3695.0,21539
2022-10-03 16:53:04,11,-7,3694.75,21532
2022-10-03 16:53:08,25,-3,3694.5,21529
2022-10-03 16:53:15,1,1,3694.75,21530
2022-10-03 16:53:17,1,1,3694.75,21531
2022-10-03 16:53:19,1,1,3694.75,21532
2022-10-03 16:53:30,16,13,3694.75,21545
2022-10-03 16:53:31,1,1,3695.0,21546
2022-10-03 16:53:33,1,-1,3694.75,21545
2022-10-03 16:53:34,16,16,3695.0,21561
2022-10-03 16:53:39,50,13,3695.0,21574
2022-10-03 16:53:40,1,1,3695.0,21575
2022-10-03 16:53:42,7,6,3695.0,21581
2022-10-03 16:53:45,1,1,3695.0,21582
2022-10-03 16:53:59,1,1,3695.0,21583
2022-10-03 16:54:01,6,-2,3694.75,21581
2022-10-03 16:54:04,1,1,3695.0,21582
2022-10-03 16:54:08,51,-8,3694.75,21574
2022-10-03 16:54:09,8,-1,3695.0,21573
2022-10-03 16:54:11,8,6,3694.75,21579
2022-10-03 16:54:18,9,9,3695.0,21588
2022-10-03 16:54:22,13,7,3695.0,21595
2022-10-03 16:54:26,10,-4,3694.75,21591
2022-10-03 16:54:27,11,-8,3694.75,21583
2022-10-03 16:54:28,13,-12,3694.75,21571
2022-10-03 16:54:29,3,3,3694.75,21574
2022-10-03 16:54:30,10,-7,3694.75,21567
2022-10-03 16:54:31,7,2,3695.0,21569
2022-10-03 16:54:33,8,1,3694.75,21570
2022-10-03 16:54:34,11,-8,3694.5,21562
2022-10-03 16:54:35,10,-2,3694.5,21560
2022-10-03 16:54:36,57,-6,3694.5,21554
2022-10-03 16:54:39,2,2,3694.5,21556
2022-10-03 16:54:40,6,4,3694.5,21560
2022-10-03 16:54:44,19,11,3694.75,21571
2022-10-03 16:54:46,1,-1,3694.5,21570
2022-10-03 16:54:54,1,1,3694.75,21571
2022-10-03 16:54:55,4,3,3694.75,21574
2022-10-03 16:54:58,2,-1,3694.5,21573
2022-10-03 16:55:00,21,-9,3694.5,21564
2022-10-03 16:55:01,1,1,3694.5,21565
2022-10-03 16:55:02,3,1,3694.5,21566
2022-10-03 16:55:03,5,-2,3694.5,21564
2022-10-03 16:55:04,7,7,3694.5,21571
2022-10-03 16:55:09,9,-8,3694.25,21563
2022-10-03 16:55:12,11,9,3694.5,21572
2022-10-03 16:55:15,9,3,3694.5,21575
2022-10-03 16:55:16,3,-2,3694.25,21573
2022-10-03 16:55:19,10,2,3694.5,21575
2022-10-03 16:55:20,1,-1,3694.25,21574
2022-10-03 16:55:21,2,2,3694.5,21576
2022-10-03 16:55:25,3,3,3694.5,21579
2022-10-03 16:55:28,4,3,3694.5,21582
2022-10-03 16:55:31,2,2,3694.5,21584
2022-10-03 16:55:32,1,1,3694.5,21585
2022-10-03 16:55:34,1,1,3694.5,21586
2022-10-03 16:55:35,1,1,3694.5,21587
2022-10-03 16:55:40,116,-23,3694.25,21564
2022-10-03 16:55:41,4,-1,3694.5,21563
2022-10-03 16:55:43,13,-10,3694.25,21553
2022-10-03 16:55:46,1,1,3694.25,21554
2022-10-03 16:55:57,1,1,3694.25,21555
2022-10-03 16:55:58,26,2,3694.25,21557
2022-10-03 16:55:59,5,3,3694.25,21560
2022-10-03 16:56:00,4,3,3694.25,21563
2022-10-03 16:56:01,2,-2,3694.0,21561
2022-10-03 16:56:04,1,1,3694.25,21562
2022-10-03 16:56:05,39,9,3694.25,21571
2022-10-03 16:56:12,1,-1,3694.25,21570
2022-10-03 16:56:13,12,-9,3694.5,21561
2022-10-03 16:56:14,4,-2,3694.5,21559
2022-10-03 16:56:17,1,-1,3694.25,21558
2022-10-03 16:56:18,12,1,3694.25,21559
2022-10-03 16:56:21,2,-1,3694.0,21558
2022-10-03 16:56:22,8,2,3694.25,21560
2022-10-03 16:56:23,1,1,3694.5,21561
2022-10-03 16:56:24,1,1,3694.5,21562
2022-10-03 16:56:35,5,-3,3694.25,21559
2022-10-03 16:56:37,1,1,3694.25,21560
2022-10-03 16:56:40,17,7,3694.25,21567
2022-10-03 16:56:41,12,6,3694.5,21573
2022-10-03 16:56:42,10,7,3694.5,21580
2022-10-03 16:56:43,10,9,3694.5,21589
2022-10-03 16:56:52,1,1,3694.5,21590
2022-10-03 16:56:53,3,-3,3694.25,21587
2022-10-03 16:56:57,6,-4,3694.25,21583
2022-10-03 16:56:59,3,2,3694.5,21585
2022-10-03 16:57:00,7,-3,3694.5,21582
2022-10-03 16:57:04,37,-1,3694.0,21581
2022-10-03 16:57:08,10,1,3694.25,21582
2022-10-03 16:57:15,8,-7,3694.0,21575
2022-10-03 16:57:16,1,1,3694.25,21576
2022-10-03 16:57:18,3,-1,3694.25,21575
2022-10-03 16:57:20,5,-3,3694.25,21572
2022-10-03 16:57:25,18,15,3694.5,21587
2022-10-03 16:57:31,25,18,3694.5,21605
2022-10-03 16:57:33,14,9,3694.5,21614
2022-10-03 16:57:34,1,-1,3694.25,21613
2022-10-03 16:57:44,1,1,3694.5,21614
2022-10-03 16:57:45,1,1,3694.5,21615
2022-10-03 16:57:46,1,1,3694.5,21616
2022-10-03 16:57:48,1,1,3694.5,21617
2022-10-03 16:57:49,8,1,3694.5,21618
2022-10-03 16:57:51,40,-11,3694.5,21607
2022-10-03 16:57:52,9,2,3694.25,21609
2022-10-03 16:57:54,10,-4,3694.25,21605
2022-10-03 16:57:55,7,-2,3694.25,21603
2022-10-03 16:57:56,18,1,3694.25,21604
2022-10-03 16:58:00,4,-4,3694.25,21600
2022-10-03 16:58:01,2,-2,3694.25,21598
2022-10-03 16:58:02,1,-1,3694.25,21597
2022-10-03 16:58:03,19,-2,3694.25,21595
2022-10-03 16:58:10,2,2,3694.25,21597
2022-10-03 16:58:11,1,-1,3694.0,21596
2022-10-03 16:58:13,5,-1,3694.25,21595
2022-10-03 16:58:15,48,29,3694.5,21624
2022-10-03 16:58:29,1,-1,3694.25,21623
2022-10-03 16:58:31,10,-7,3694.25,21616
2022-10-03 16:58:35,16,2,3694.5,21618
2022-10-03 16:58:39,2,1,3694.5,21619
2022-10-03 16:58:40,1,-1,3694.25,21618
2022-10-03 16:58:41,16,12,3694.5,21630
2022-10-03 16:58:42,5,-3,3694.25,21627
2022-10-03 16:58:43,47,9,3694.75,21636
2022-10-03 16:58:49,5,-2,3694.5,21634
2022-10-03 16:58:53,26,11,3694.75,21645
2022-10-03 16:58:55,1,1,3694.75,21646
2022-10-03 16:58:56,3,2,3694.75,21648
2022-10-03 16:58:59,8,1,3694.75,21649
2022-10-03 16:59:00,9,-7,3694.5,21642
2022-10-03 16:59:04,2,1,3694.75,21643
2022-10-03 16:59:06,5,-2,3694.5,21641
2022-10-03 16:59:07,10,-4,3694.5,21637
2022-10-03 16:59:08,2,-2,3694.5,21635
2022-10-03 16:59:10,2,0,3694.75,21635
2022-10-03 16:59:11,1,1,3694.75,21636
2022-10-03 16:59:12,12,-7,3694.75,21629
2022-10-03 16:59:14,5,2,3694.75,21631
2022-10-03 16:59:15,1,-1,3694.5,21630
2022-10-03 16:59:16,35,-26,3694.5,21604
2022-10-03 16:59:17,15,-1,3694.25,21603
2022-10-03 16:59:19,107,71,3695.0,21674
2022-10-03 16:59:23,1,1,3694.75,21675
2022-10-03 16:59:24,2,2,3694.75,21677
2022-10-03 16:59:25,1,-1,3694.5,21676
2022-10-03 16:59:26,34,39,3695.0,21715
2022-10-03 16:59:27,6,-6,3694.75,21709
2022-10-03 16:59:31,3,0,3694.75,21709
2022-10-03 16:59:33,7,1,3694.75,21710
2022-10-03 16:59:35,6,-1,3694.75,21709
2022-10-03 16:59:38,1,-1,3694.5,21708
2022-10-03 16:59:39,6,-5,3694.5,21703
2022-10-03 16:59:40,6,-4,3694.5,21699
2022-10-03 16:59:41,2,-2,3694.5,21697
2022-10-03 16:59:43,6,-5,3694.5,21692
2022-10-03 16:59:44,3,-3,3694.5,21689
2022-10-03 16:59:46,25,4,3694.75,21693
2022-10-03 16:59:47,3,1,3694.5,21694
2022-10-03 16:59:49,1,1,3694.5,21695
2022-10-03 16:59:50,5,-3,3694.5,21692
2022-10-03 16:59:51,2,-2,3694.25,21690
2022-10-03 16:59:53,6,-3,3694.5,21687
2022-10-03 16:59:54,1,-1,3694.25,21686
2022-10-03 16:59:55,2,0,3694.5,21686
2022-10-03 16:59:56,3,-3,3694.25,21683
2022-10-03 16:59:57,3,3,3694.5,21686
2022-10-03 16:59:58,23,-14,3694.25,21672
2022-10-03 16:59:59,2,1,3694.5,21673
2022-10-03 18:00:00,73,-6,3696.5,21667
2022-10-03 18:00:01,17,6,3696.5,21673
2022-10-03 18:00:02,5,3,3696.5,21676
2022-10-03 18:00:03,1,-1,3696.25,21675
2022-10-03 18:00:06,1,1,3696.5,21676
2022-10-03 18:00:07,22,2,3696.75,21678
2022-10-03 18:00:08,5,-3,3697.0,21675
2022-10-03 18:00:09,9,5,3697.0,21680
2022-10-03 18:00:10,2,0,3697.25,21680
2022-10-03 18:00:11,2,2,3697.25,21682
2022-10-03 18:00:12,54,31,3697.75,21713
2022-10-03 18:00:13,14,8,3698.0,21721
2022-10-03 18:00:14,15,8,3698.5,21729
2022-10-03 18:00:15,2,2,3698.25,21731
2022-10-03 18:00:16,2,-2,3698.0,21729
2022-10-03 18:00:17,4,4,3698.25,21733
2022-10-03 18:00:18,4,3,3698.5,21736
2022-10-03 18:00:19,2,-2,3698.25,21734
2022-10-03 18:00:20,10,0,3698.75,21734
2022-10-03 18:00:21,21,8,3699.25,21742
2022-10-03 18:00:22,21,12,3699.25,21754
2022-10-03 18:00:23,3,-3,3699.25,21751
2022-10-03 18:00:24,23,8,3699.5,21759
2022-10-03 18:00:25,13,6,3699.75,21765
2022-10-03 18:00:26,20,8,3700.0,21773
2022-10-03 18:00:27,4,-2,3700.0,21771
2022-10-03 18:00:28,10,-5,3699.75,21766
2022-10-03 18:00:29,2,0,3699.75,21766
2022-10-03 18:00:30,6,3,3699.75,21769
2022-10-03 18:00:31,13,-8,3699.75,21761
2022-10-03 18:00:32,3,-3,3699.5,21758
2022-10-03 18:00:33,31,4,3700.0,21762
2022-10-03 18:00:35,2,1,3699.75,21763
2022-10-03 18:00:36,11,-4,3699.5,21759
2022-10-03 18:00:37,1,-1,3699.25,21758
2022-10-03 18:00:39,4,-2,3699.25,21756
2022-10-03 18:00:40,4,-3,3699.25,21753
2022-10-03 18:00:41,13,-3,3699.25,21750
2022-10-03 18:00:42,1,1,3699.5,21751
2022-10-03 18:00:43,3,-2,3699.25,21749
2022-10-03 18:00:44,23,-11,3699.5,21738
2022-10-03 18:00:45,2,-2,3699.0,21736
2022-10-03 18:00:46,1,1,3699.25,21737
2022-10-03 18:00:47,2,-2,3699.25,21735
2022-10-03 18:00:49,1,1,3699.5,21736
2022-10-03 18:00:50,21,-6,3699.25,21730
2022-10-03 18:00:51,3,-4,3699.0,21726
2022-10-03 18:00:52,5,1,3699.25,21727
2022-10-03 18:00:53,2,-2,3698.75,21725
2022-10-03 18:00:55,8,-2,3698.75,21723
2022-10-03 18:00:56,19,-5,3699.0,21718
2022-10-03 18:00:57,2,0,3699.0,21718
2022-10-03 18:00:58,1,1,3698.75,21719
2022-10-03 18:01:00,5,-3,3698.75,21716
2022-10-03 18:01:01,8,3,3699.0,21719
2022-10-03 18:01:02,23,20,3699.25,21739
2022-10-03 18:01:03,5,5,3699.5,21744
2022-10-03 18:01:04,39,20,3700.25,21764
2022-10-03 18:01:05,18,1,3700.25,21765
2022-10-03 18:01:06,17,28,3700.5,21793
2022-10-03 18:01:07,18,-5,3700.5,21788
2022-10-03 18:01:09,5,-3,3700.25,21785
2022-10-03 18:01:10,25,-31,3699.75,21754
2022-10-03 18:01:11,6,-6,3699.75,21748
2022-10-03 18:01:13,1,-1,3699.5,21747
2022-10-03 18:01:15,28,-43,3699.5,21704
2022-10-03 18:01:16,2,2,3699.25,21706
2022-10-03 18:01:18,8,5,3699.25,21711
2022-10-03 18:01:19,8,7,3699.5,21718
2022-10-03 18:01:21,2,2,3699.5,21720
2022-10-03 18:01:23,1,1,3699.5,21721
2022-10-03 18:01:25,11,-8,3699.5,21713
2022-10-03 18:01:26,15,18,3699.75,21731
2022-10-03 18:01:27,4,3,3699.75,21734
2022-10-03 18:01:29,4,-4,3699.5,21730
2022-10-03 18:01:30,3,2,3699.5,21732
2022-10-03 18:01:31,1,-1,3699.25,21731
2022-10-03 18:01:32,40,-1,3699.5,21730
2022-10-03 18:01:33,5,5,3699.5,21735
2022-10-03 18:01:34,4,0,3699.5,21735
2022-10-03 18:01:35,2,2,3699.75,21737
2022-10-03 18:01:37,1,1,3699.75,21738
2022-10-03 18:01:39,3,3,3699.75,21741
2022-10-03 18:01:40,1,1,3699.75,21742
2022-10-03 18:01:43,1,1,3699.75,21743
2022-10-03 18:01:45,1,1,3699.75,21744
2022-10-03 18:01:46,4,2,3699.75,21746
2022-10-03 18:01:47,2,0,3699.75,21746
2022-10-03 18:01:49,7,0,3699.5,21746
2022-10-03 18:01:50,7,-2,3699.5,21744
2022-10-03 18:01:51,3,0,3699.75,21744
2022-10-03 18:01:52,3,-1,3699.25,21743
2022-10-03 18:01:55,5,3,3699.5,21746
2022-10-03 18:01:57,2,2,3699.5,21748
2022-10-03 18:01:58,1,-1,3699.5,21747
2022-10-03 18:01:59,9,-5,3699.5,21742
2022-10-03 18:02:00,15,-7,3699.25,21735
2022-10-03 18:02:01,12,-9,3699.5,21726
2022-10-03 18:02:02,1,1,3699.25,21727
2022-10-03 18:02:04,3,-2,3699.0,21725
2022-10-03 18:02:05,1,-1,3699.0,21724
2022-10-03 18:02:11,1,-1,3699.0,21723
2022-10-03 18:02:12,21,-6,3699.0,21717
2022-10-03 18:02:14,4,-4,3698.5,21713
2022-10-03 18:02:16,13,14,3699.0,21727
2022-10-03 18:02:17,6,-5,3698.5,21722
2022-10-03 18:02:18,1,1,3698.75,21723
2022-10-03 18:02:19,3,3,3698.75,21726
2022-10-03 18:02:26,1,-1,3698.5,21725
2022-10-03 18:02:27,4,0,3698.5,21725
2022-10-03 18:02:28,18,-25,3698.25,21700
2022-10-03 18:02:30,6,1,3698.25,21701
2022-10-03 18:02:32,1,1,3698.5,21702
2022-10-03 18:02:34,1,1,3698.5,21703
2022-10-03 18:02:39,4,2,3698.75,21705
2022-10-03 18:02:44,1,1,3699.0,21706
2022-10-03 18:02:48,3,-2,3698.75,21704
2022-10-03 18:02:49,1,1,3698.75,21705
2022-10-03 18:02:50,6,3,3698.75,21708
2022-10-03 18:02:51,3,-3,3698.5,21705
2022-10-03 18:02:52,4,2,3698.75,21707
2022-10-03 18:02:57,2,-1,3698.75,21706
2022-10-03 18:03:03,1,-1,3698.75,21705
2022-10-03 18:03:06,11,-5,3698.75,21700
2022-10-03 18:03:09,1,-1,3698.5,21699
2022-10-03 18:03:12,8,-1,3698.5,21698
2022-10-03 18:03:16,7,2,3698.5,21700
2022-10-03 18:03:17,1,-1,3698.25,21699
2022-10-03 18:03:19,1,1,3698.5,21700
2022-10-03 18:03:21,6,-1,3698.25,21699
2022-10-03 18:03:22,5,-5,3698.0,21694
2022-10-03 18:03:23,6,7,3698.5,21701
2022-10-03 18:03:25,1,-1,3698.25,21700
2022-10-03 18:03:26,38,-6,3698.5,21694
2022-10-03 18:03:28,1,-1,3698.0,21693
2022-10-03 18:03:29,2,-2,3698.0,21691
2022-10-03 18:03:30,4,4,3698.25,21695
2022-10-03 18:03:31,1,-1,3698.25,21694
2022-10-03 18:03:32,10,8,3698.5,21702
2022-10-03 18:03:34,1,-1,3698.5,21701
2022-10-03 18:03:37,4,-3,3698.5,21698
2022-10-03 18:03:39,1,1,3698.75,21699
2022-10-03 18:03:47,31,-25,3698.25,21674
2022-10-03 18:03:52,2,0,3698.0,21674
2022-10-03 18:03:53,5,4,3698.25,21678
2022-10-03 18:03:56,1,-1,3698.0,21677
2022-10-03 18:03:57,1,1,3698.25,21678
2022-10-03 18:04:00,4,0,3698.25,21678
2022-10-03 18:04:02,5,2,3698.5,21680
2022-10-03 18:04:08,1,1,3698.5,21681
2022-10-03 18:04:10,3,0,3698.25,21681
2022-10-03 18:04:12,13,-11,3698.0,21670
2022-10-03 18:04:15,6,7,3698.25,21677
2022-10-03 18:04:16,2,-2,3697.75,21675
2022-10-03 18:04:18,2,2,3698.0,21677
2022-10-03 18:04:44,1,1,3698.0,21678
2022-10-03 18:04:50,1,1,3698.0,21679
2022-10-03 18:04:51,1,-1,3697.75,21678
2022-10-03 18:04:57,2,1,3698.0,21679
2022-10-03 18:04:59,9,6,3698.0,21685
2022-10-03 18:05:00,6,-1,3698.0,21684
2022-10-03 18:05:08,1,1,3698.25,21685
2022-10-03 18:05:10,1,-1,3698.0,21684
2022-10-03 18:05:13,14,-6,3698.0,21678
2022-10-03 18:05:14,1,1,3698.0,21679
2022-10-03 18:05:17,4,2,3698.0,21681
2022-10-03 18:05:18,1,-1,3698.0,21680
2022-10-03 18:05:19,35,3,3698.25,21683
2022-10-03 18:05:20,9,5,3698.25,21688
2022-10-03 18:05:23,2,-2,3698.25,21686
2022-10-03 18:05:24,1,1,3698.5,21687
2022-10-03 18:05:27,1,1,3698.5,21688
2022-10-03 18:05:28,1,1,3698.5,21689
2022-10-03 18:05:30,9,8,3698.5,21697
2022-10-03 18:05:31,7,-4,3698.5,21693
2022-10-03 18:05:32,16,-7,3698.5,21686
2022-10-03 18:05:33,2,2,3698.5,21688
2022-10-03 18:05:34,1,-1,3698.5,21687
2022-10-03 18:05:37,1,-1,3698.5,21686
2022-10-03 18:05:38,5,-1,3698.5,21685
2022-10-03 18:05:39,7,2,3698.5,21687
2022-10-03 18:05:46,3,-2,3698.25,21685
2022-10-03 18:05:48,3,-3,3698.25,21682
2022-10-03 18:05:50,1,1,3698.5,21683
2022-10-03 18:05:51,3,-3,3698.25,21680
2022-10-03 18:05:52,1,-1,3698.0,21679
2022-10-03 18:05:53,1,-1,3698.0,21678
2022-10-03 18:05:55,16,-3,3698.0,21675
2022-10-03 18:05:56,50,-6,3697.75,21669
2022-10-03 18:05:58,6,-6,3697.75,21663
2022-10-03 18:05:59,2,0,3697.75,21663
2022-10-03 18:06:00,13,8,3698.25,21671
2022-10-03 18:06:01,5,-5,3698.25,21666
2022-10-03 18:06:03,1,1,3698.25,21667
2022-10-03 18:06:04,13,-5,3698.25,21662
2022-10-03 18:06:05,2,1,3698.5,21663
2022-10-03 18:06:07,2,-1,3698.25,21662
2022-10-03 18:06:12,7,3,3698.25,21665
2022-10-03 18:06:13,12,1,3698.25,21666
2022-10-03 18:06:19,31,-23,3698.0,21643
2022-10-03 18:06:22,3,-1,3697.25,21642
2022-10-03 18:06:25,1,1,3697.5,21643
2022-10-03 18:06:26,1,1,3697.5,21644
2022-10-03 18:06:33,8,3,3697.5,21647
2022-10-03 18:06:34,4,-4,3697.5,21643
2022-10-03 18:06:36,1,-1,3697.5,21642
2022-10-03 18:06:39,1,1,3697.75,21643
2022-10-03 18:06:43,1,1,3697.75,21644
2022-10-03 18:06:45,8,-5,3697.75,21639
2022-10-03 18:06:49,22,-12,3697.5,21627
2022-10-03 18:06:50,1,1,3697.5,21628
2022-10-03 18:06:51,1,1,3697.5,21629
2022-10-03 18:06:57,5,3,3697.5,21632
2022-10-03 18:07:01,4,4,3697.5,21636
2022-10-03 18:07:02,2,2,3697.75,21638
2022-10-03 18:07:03,2,-2,3697.5,21636
2022-10-03 18:07:04,7,5,3697.75,21641
2022-10-03 18:07:05,15,6,3698.25,21647
2022-10-03 18:07:11,1,-1,3698.0,21646
2022-10-03 18:07:13,1,-1,3698.0,21645
2022-10-03 18:07:14,7,-5,3698.0,21640
2022-10-03 18:07:17,2,0,3698.0,21640
2022-10-03 18:07:20,5,-5,3698.0,21635
2022-10-03 18:07:23,3,3,3698.0,21638
2022-10-03 18:07:26,2,-2,3698.0,21636
2022-10-03 18:07:29,1,1,3698.0,21637
2022-10-03 18:07:30,5,3,3698.0,21640
2022-10-03 18:07:31,1,-1,3697.75,21639
2022-10-03 18:07:33,1,1,3698.0,21640
2022-10-03 18:07:38,1,1,3698.25,21641
2022-10-03 18:07:44,1,1,3698.25,21642
2022-10-03 18:07:48,4,0,3698.5,21642
2022-10-03 18:07:51,1,1,3698.5,21643
2022-10-03 18:07:53,1,1,3698.5,21644
2022-10-03 18:07:54,6,-6,3698.25,21638
2022-10-03 18:08:00,3,-3,3698.25,21635
2022-10-03 18:08:01,3,-1,3698.25,21634
2022-10-03 18:08:02,1,1,3698.25,21635
2022-10-03 18:08:04,2,-2,3698.0,21633
2022-10-03 18:08:08,6,0,3698.0,21633
2022-10-03 18:08:14,1,1,3698.25,21634
2022-10-03 18:08:24,4,-4,3698.0,21630
2022-10-03 18:08:26,1,1,3698.0,21631
2022-10-03 18:08:31,2,-2,3698.0,21629
2022-10-03 18:08:34,1,1,3698.0,21630
2022-10-03 18:08:41,7,6,3698.0,21636
2022-10-03 18:08:44,1,-1,3698.0,21635
2022-10-03 18:08:45,9,6,3698.25,21641
2022-10-03 18:08:49,1,1,3698.5,21642
2022-10-03 18:08:57,3,3,3698.5,21645
2022-10-03 18:09:06,12,6,3698.5,21651
2022-10-03 18:09:07,1,-1,3698.5,21650
2022-10-03 18:09:11,1,1,3698.5,21651
2022-10-03 18:09:17,2,2,3698.5,21653
2022-10-03 18:09:24,26,32,3698.75,21685
2022-10-03 18:09:25,4,-4,3698.5,21681
2022-10-03 18:09:26,1,1,3698.75,21682
2022-10-03 18:09:30,1,-1,3698.5,21681
2022-10-03 18:09:33,10,0,3698.75,21681
2022-10-03 18:09:37,16,22,3698.75,21703
2022-10-03 18:09:42,35,16,3699.25,21719
2022-10-03 18:09:43,27,-17,3699.0,21702
2022-10-03 18:09:46,1,-1,3698.5,21701
2022-10-03 18:09:49,5,2,3698.75,21703
2022-10-03 18:09:50,8,3,3698.75,21706
2022-10-03 18:09:52,1,1,3699.0,21707
2022-10-03 18:09:55,5,-4,3698.75,21703
2022-10-03 18:09:57,6,1,3698.75,21704
2022-10-03 18:10:00,1,1,3699.0,21705
2022-10-03 18:10:01,3,3,3699.0,21708
2022-10-03 18:10:02,4,4,3699.0,21712
2022-10-03 18:10:04,1,-1,3698.75,21711
2022-10-03 18:10:09,15,16,3699.25,21727
2022-10-03 18:10:12,2,2,3699.25,21729
2022-10-03 18:10:13,1,-1,3699.0,21728
2022-10-03 18:10:16,1,1,3699.25,21729
2022-10-03 18:10:22,12,-10,3699.0,21719
2022-10-03 18:10:23,2,1,3699.0,21720
2022-10-03 18:10:26,1,-1,3698.75,21719
2022-10-03 18:10:28,8,7,3699.0,21726
2022-10-03 18:10:29,2,2,3699.25,21728
2022-10-03 18:10:32,5,5,3699.25,21733
2022-10-03 18:10:40,4,4,3699.5,21737
2022-10-03 18:10:44,2,0,3699.5,21737
2022-10-03 18:10:45,1,-1,3699.25,21736
2022-10-03 18:10:49,1,-1,3699.25,21735
2022-10-03 18:10:51,6,-5,3699.25,21730
2022-10-03 18:10:55,1,-1,3699.0,21729
2022-10-03 18:10:56,5,1,3699.25,21730
2022-10-03 18:10:57,40,-10,3699.25,21720
2022-10-03 18:11:01,1,1,3699.25,21721
2022-10-03 18:11:04,1,-1,3699.0,21720
2022-10-03 18:11:05,7,-3,3699.0,21717
2022-10-03 18:11:06,2,1,3699.25,21718
2022-10-03 18:11:08,1,-1,3699.0,21717
2022-10-03 18:11:10,37,6,3699.25,21723
2022-10-03 18:11:15,1,-1,3699.0,21722
2022-10-03 18:11:18,18,-8,3699.0,21714
2022-10-03 18:11:19,13,-6,3699.0,21708
2022-10-03 18:11:20,1,-1,3698.75,21707
2022-10-03 18:11:21,1,-1,3698.75,21706
2022-10-03 18:11:23,2,-2,3698.75,21704
2022-10-03 18:11:24,5,-4,3698.75,21700
2022-10-03 18:11:28,2,-2,3698.5,21698
2022-10-03 18:11:29,1,1,3698.75,21699
2022-10-03 18:11:30,1,-1,3698.5,21698
2022-10-03 18:11:32,1,1,3698.75,21699
2022-10-03 18:11:34,4,-4,3698.5,21695
2022-10-03 18:11:40,1,1,3698.75,21696
2022-10-03 18:11:42,6,-2,3698.5,21694
2022-10-03 18:11:43,1,1,3698.5,21695
2022-10-03 18:11:46,1,1,3698.5,21696
2022-10-03 18:11:52,10,-9,3698.25,21687
2022-10-03 18:11:53,4,3,3698.5,21690
2022-10-03 18:11:57,1,1,3698.5,21691
2022-10-03 18:11:59,7,-2,3698.25,21689
2022-10-03 18:12:02,1,-1,3698.0,21688
2022-10-03 18:12:08,1,-1,3698.0,21687
2022-10-03 18:12:09,1,1,3698.25,21688
2022-10-03 18:12:16,2,0,3698.25,21688
2022-10-03 18:12:24,2,2,3698.25,21690
2022-10-03 18:12:25,12,-10,3698.0,21680
2022-10-03 18:12:28,3,2,3698.25,21682
2022-10-03 18:12:30,1,1,3698.0,21683
2022-10-03 18:12:33,11,-9,3697.75,21674
2022-10-03 18:12:34,5,-1,3698.0,21673
2022-10-03 18:12:36,5,-3,3698.0,21670
2022-10-03 18:12:41,1,1,3698.0,21671
2022-10-03 18:12:43,1,-1,3697.75,21670
2022-10-03 18:12:44,1,-1,3697.75,21669
2022-10-03 18:12:45,1,-1,3697.75,21668
2022-10-03 18:12:57,1,-1,3697.75,21667
2022-10-03 18:13:05,2,-2,3697.75,21665
2022-10-03 18:13:17,1,-1,3697.75,21664
2022-10-03 18:13:20,1,-1,3697.75,21663
2022-10-03 18:13:22,1,-1,3697.75,21662
2022-10-03 18:13:24,3,-1,3697.75,21661
2022-10-03 18:13:32,1,1,3697.75,21662
2022-10-03 18:13:35,3,-1,3697.75,21661
2022-10-03 18:13:39,1,-1,3697.75,21660
2022-10-03 18:13:42,10,-6,3697.5,21654
2022-10-03 18:13:45,1,-1,3697.5,21653
2022-10-03 18:13:49,1,-1,3697.5,21652
2022-10-03 18:13:53,6,0,3697.75,21652
2022-10-03 18:13:57,1,1,3698.0,21653
2022-10-03 18:14:03,1,-1,3697.5,21652
2022-10-03 18:14:05,1,1,3697.75,21653
2022-10-03 18:14:11,10,-17,3697.75,21636
2022-10-03 18:14:16,1,-1,3697.5,21635
2022-10-03 18:14:25,10,-9,3697.5,21626
2022-10-03 18:14:30,1,-1,3697.25,21625
2022-10-03 18:14:48,3,3,3697.5,21628
2022-10-03 18:14:50,1,-1,3697.5,21627
2022-10-03 18:14:54,1,-1,3697.5,21626
2022-10-03 18:14:58,1,-1,3697.25,21625
2022-10-03 18:15:00,11,-8,3697.25,21617
2022-10-03 18:15:07,23,-18,3697.25,21599
2022-10-03 18:15:11,5,-5,3697.0,21594
2022-10-03 18:15:12,3,3,3697.25,21597
2022-10-03 18:15:13,10,-14,3697.25,21583
2022-10-03 18:15:14,2,2,3697.25,21585
2022-10-03 18:15:21,5,5,3697.25,21590
2022-10-03 18:15:22,14,1,3697.5,21591
2022-10-03 18:15:26,3,2,3697.5,21593
2022-10-03 18:15:28,25,-18,3697.25,21575
2022-10-03 18:15:29,1,1,3697.5,21576
2022-10-03 18:15:36,3,3,3697.5,21579
2022-10-03 18:15:38,21,-20,3697.25,21559
2022-10-03 18:15:42,1,-1,3697.25,21558
2022-10-03 18:15:48,1,-1,3697.0,21557
2022-10-03 18:15:52,1,-1,3697.0,21556
2022-10-03 18:15:57,1,-1,3697.0,21555
2022-10-03 18:16:04,2,-2,3697.0,21553
2022-10-03 18:16:05,1,-1,3697.0,21552
2022-10-03 18:16:09,1,1,3697.25,21553
2022-10-03 18:16:12,7,-2,3697.0,21551
2022-10-03 18:16:20,27,-23,3696.75,21528
2022-10-03 18:16:22,20,-24,3696.75,21504
2022-10-03 18:16:23,1,-1,3696.5,21503
2022-10-03 18:16:24,1,-1,3696.5,21502
2022-10-03 18:16:26,1,-1,3696.5,21501
2022-10-03 18:16:27,5,3,3696.75,21504
2022-10-03 18:16:29,3,-3,3696.5,21501
2022-10-03 18:16:31,2,-2,3696.5,21499
2022-10-03 18:16:34,3,-3,3696.5,21496
2022-10-03 18:16:39,2,-2,3696.5,21494
2022-10-03 18:16:41,63,69,3697.5,21563
2022-10-03 18:16:45,1,1,3697.0,21564
2022-10-03 18:16:46,1,1,3697.25,21565
2022-10-03 18:16:47,1,1,3697.25,21566
2022-10-03 18:16:48,1,-1,3697.0,21565
2022-10-03 18:16:58,1,1,3697.0,21566
2022-10-03 18:17:01,4,-2,3697.0,21564
2022-10-03 18:17:02,11,-14,3697.0,21550
2022-10-03 18:17:03,13,-11,3696.75,21539
2022-10-03 18:17:04,3,0,3697.0,21539
2022-10-03 18:17:06,1,-1,3696.75,21538
2022-10-03 18:17:13,1,1,3697.0,21539
2022-10-03 18:17:15,2,0,3696.75,21539
2022-10-03 18:17:26,1,1,3697.0,21540
2022-10-03 18:17:27,6,2,3697.0,21542
2022-10-03 18:17:32,3,3,3697.0,21545
2022-10-03 18:17:34,6,-4,3696.75,21541
2022-10-03 18:17:39,30,-25,3696.75,21516
2022-10-03 18:17:41,1,-1,3696.25,21515
2022-10-03 18:17:42,1,-1,3696.25,21514
2022-10-03 18:17:45,2,1,3696.5,21515
2022-10-03 18:17:50,5,3,3696.75,21518
2022-10-03 18:17:51,3,3,3697.0,21521
2022-10-03 18:17:54,1,-1,3697.0,21520
2022-10-03 18:18:05,26,-17,3696.75,21503
2022-10-03 18:18:06,1,1,3697.0,21504
2022-10-03 18:18:13,4,-1,3696.75,21503
2022-10-03 18:18:29,1,-1,3696.75,21502
2022-10-03 18:18:52,2,-2,3696.5,21500
2022-10-03 18:18:58,2,2,3696.75,21502
2022-10-03 18:18:59,5,-3,3696.75,21499
2022-10-03 18:19:00,1,-1,3696.75,21498
2022-10-03 18:19:07,2,2,3696.75,21500
2022-10-03 18:19:09,1,-1,3696.5,21499
2022-10-03 18:19:10,3,3,3696.75,21502
2022-10-03 18:19:11,1,1,3697.0,21503
2022-10-03 18:19:16,1,-1,3696.75,21502
2022-10-03 18:19:17,20,-25,3696.75,21477
2022-10-03 18:19:19,2,2,3696.75,21479
2022-10-03 18:19:25,2,-2,3696.5,21477
2022-10-03 18:19:27,5,-4,3696.5,21473
2022-10-03 18:19:38,1,1,3696.5,21474
2022-10-03 18:19:48,6,-2,3696.5,21472
2022-10-03 18:19:49,1,1,3696.5,21473
2022-10-03 18:19:50,15,-13,3696.25,21460
2022-10-03 18:19:51,27,-12,3696.25,21448
2022-10-03 18:19:54,21,-11,3695.75,21437
2022-10-03 18:19:56,18,-11,3695.5,21426
2022-10-03 18:20:00,3,-2,3695.5,21424
2022-10-03 18:20:01,2,-2,3695.5,21422
2022-10-03 18:20:02,2,-2,3695.25,21420
2022-10-03 18:20:03,3,-1,3695.5,21419
2022-10-03 18:20:04,3,0,3695.5,21419
2022-10-03 18:20:05,25,-32,3695.5,21387
2022-10-03 18:20:06,3,3,3695.5,21390
2022-10-03 18:20:08,8,8,3696.0,21398
2022-10-03 18:20:10,1,1,3695.75,21399
2022-10-03 18:20:11,1,-1,3695.5,21398
2022-10-03 18:20:12,1,-1,3695.5,21397
2022-10-03 18:20:14,1,1,3695.75,21398
2022-10-03 18:20:15,1,1,3695.75,21399
2022-10-03 18:20:16,5,-1,3695.75,21398
2022-10-03 18:20:17,31,-21,3695.25,21377
2022-10-03 18:20:19,1,1,3695.25,21378
2022-10-03 18:20:20,4,-4,3695.0,21374
2022-10-03 18:20:21,6,-3,3695.25,21371
2022-10-03 18:20:22,2,-2,3695.0,21369
2022-10-03 18:20:24,2,-2,3695.0,21367
2022-10-03 18:20:25,4,-4,3695.0,21363
2022-10-03 18:20:26,5,-3,3695.0,21360
2022-10-03 18:20:27,2,-2,3694.75,21358
2022-10-03 18:20:30,7,-4,3694.75,21354
2022-10-03 18:20:33,6,0,3694.75,21354
2022-10-03 18:20:35,22,11,3695.25,21365
2022-10-03 18:20:36,3,-3,3695.0,21362
2022-10-03 18:20:37,1,1,3695.25,21363
2022-10-03 18:20:38,1,1,3695.25,21364
2022-10-03 18:20:40,4,-4,3695.25,21360
2022-10-03 18:20:41,5,-5,3695.0,21355
2022-10-03 18:20:43,6,0,3695.25,21355
2022-10-03 18:20:44,3,2,3695.25,21357
2022-10-03 18:20:45,12,-12,3695.0,21345
2022-10-03 18:20:49,1,1,3695.0,21346
2022-10-03 18:20:50,1,1,3695.0,21347
2022-10-03 18:20:52,8,5,3695.0,21352
2022-10-03 18:20:53,1,1,3695.0,21353
2022-10-03 18:20:54,3,1,3695.0,21354
2022-10-03 18:21:02,1,-1,3695.0,21353
2022-10-03 18:21:04,18,-14,3695.0,21339
2022-10-03 18:21:05,7,4,3695.0,21343
2022-10-03 18:21:08,1,1,3695.25,21344
2022-10-03 18:21:09,2,-1,3695.0,21343
2022-10-03 18:21:10,2,-2,3695.0,21341
2022-10-03 18:21:12,4,-4,3695.0,21337
2022-10-03 18:21:13,1,1,3695.25,21338
2022-10-03 18:21:16,4,-4,3695.0,21334
2022-10-03 18:21:17,1,1,3695.25,21335
2022-10-03 18:21:20,1,-1,3695.0,21334
2022-10-03 18:21:21,11,-5,3695.0,21329
2022-10-03 18:21:25,1,-1,3694.75,21328
2022-10-03 18:21:28,3,1,3695.0,21329
2022-10-03 18:21:30,2,2,3695.0,21331
2022-10-03 18:21:32,4,0,3695.25,21331
2022-10-03 18:21:33,1,-1,3694.75,21330
2022-10-03 18:21:39,1,1,3695.0,21331
2022-10-03 18:21:45,1,1,3695.0,21332
2022-10-03 18:21:46,23,-18,3694.75,21314
2022-10-03 18:21:48,2,0,3694.75,21314
2022-10-03 18:21:50,5,-3,3694.5,21311
2022-10-03 18:21:52,4,-2,3694.75,21309
2022-10-03 18:21:56,1,-1,3694.75,21308
2022-10-03 18:21:57,52,-59,3694.75,21249
2022-10-03 18:21:59,1,-1,3694.25,21248
2022-10-03 18:22:00,1,-1,3694.25,21247
2022-10-03 18:22:01,2,-1,3694.25,21246
2022-10-03 18:22:02,3,3,3694.5,21249
2022-10-03 18:22:03,1,-1,3694.5,21248
2022-10-03 18:22:05,14,5,3694.5,21253
2022-10-03 18:22:07,2,-1,3694.5,21252
2022-10-03 18:22:08,2,-1,3694.5,21251
2022-10-03 18:22:18,3,-1,3694.5,21250
2022-10-03 18:22:19,2,2,3694.75,21252
2022-10-03 18:22:23,7,6,3694.75,21258
2022-10-03 18:22:25,9,5,3695.0,21263
2022-10-03 18:22:31,11,-9,3695.0,21254
2022-10-03 18:22:32,10,-9,3695.0,21245
2022-10-03 18:22:41,1,-1,3694.75,21244
2022-10-03 18:22:47,4,0,3695.0,21244
2022-10-03 18:22:53,2,-2,3695.0,21242
2022-10-03 18:22:54,1,-1,3695.0,21241
2022-10-03 18:22:56,1,-1,3695.0,21240
2022-10-03 18:23:00,11,7,3695.25,21247
2022-10-03 18:23:03,12,12,3695.75,21259
2022-10-03 18:23:06,7,-4,3695.75,21255
2022-10-03 18:23:23,7,-6,3695.25,21249
2022-10-03 18:23:25,1,-1,3695.0,21248
2022-10-03 18:23:31,1,-1,3695.0,21247
2022-10-03 18:23:35,15,10,3695.5,21257
2022-10-03 18:23:37,3,-3,3695.0,21254
2022-10-03 18:23:43,6,-5,3695.25,21249
2022-10-03 18:23:44,1,-1,3695.0,21248
2022-10-03 18:23:47,5,3,3695.25,21251
2022-10-03 18:23:51,1,-1,3695.25,21250
2022-10-03 18:24:07,1,1,3695.5,21251
2022-10-03 18:24:08,2,2,3695.5,21253
2022-10-03 18:24:09,3,3,3695.5,21256
2022-10-03 18:24:19,8,8,3695.75,21264
2022-10-03 18:24:20,2,0,3695.75,21264
2022-10-03 18:24:22,1,-1,3695.5,21263
2022-10-03 18:24:25,11,-2,3695.75,21261
2022-10-03 18:24:27,1,1,3695.75,21262
2022-10-03 18:24:30,1,1,3695.75,21263
2022-10-03 18:24:36,1,-1,3695.5,21262
2022-10-03 18:24:39,7,-7,3695.5,21255
2022-10-03 18:24:40,15,-4,3695.25,21251
2022-10-03 18:24:41,1,1,3695.25,21252
2022-10-03 18:24:44,1,1,3695.25,21253
2022-10-03 18:24:47,1,-1,3695.25,21252
2022-10-03 18:24:50,1,-1,3695.25,21251
2022-10-03 18:24:54,1,1,3695.25,21252
2022-10-03 18:24:55,1,1,3695.25,21253
2022-10-03 18:25:04,10,-8,3695.0,21245
2022-10-03 18:25:06,15,7,3695.0,21252
2022-10-03 18:25:10,1,-1,3695.0,21251
2022-10-03 18:25:12,1,-1,3695.0,21250
2022-10-03 18:25:15,5,-4,3695.0,21246
2022-10-03 18:25:17,2,-2,3694.75,21244
2022-10-03 18:25:24,1,-1,3694.75,21243
2022-10-03 18:25:25,1,1,3695.0,21244
2022-10-03 18:25:35,5,-4,3694.75,21240
2022-10-03 18:25:36,9,7,3695.0,21247
2022-10-03 18:25:37,2,-2,3694.75,21245
2022-10-03 18:25:38,1,-1,3694.5,21244
2022-10-03 18:25:40,1,1,3694.75,21245
2022-10-03 18:25:41,1,1,3694.75,21246
2022-10-03 18:25:42,1,-1,3694.5,21245
2022-10-03 18:25:43,3,-1,3694.75,21244
2022-10-03 18:25:46,63,-9,3694.75,21235
2022-10-03 18:25:48,1,1,3694.75,21236
2022-10-03 18:25:52,1,-1,3694.5,21235
2022-10-03 18:25:54,5,-4,3694.5,21231
2022-10-03 18:25:56,2,-1,3694.25,21230
2022-10-03 18:25:59,6,-6,3694.25,21224
2022-10-03 18:26:00,1,1,3694.5,21225
2022-10-03 18:26:01,1,-1,3694.25,21224
2022-10-03 18:26:03,1,1,3694.5,21225
2022-10-03 18:26:10,2,-2,3694.25,21223
2022-10-03 18:26:13,4,-4,3694.25,21219
2022-10-03 18:26:16,1,1,3694.25,21220
2022-10-03 18:26:18,7,-6,3694.25,21214
2022-10-03 18:26:19,4,-4,3694.0,21210
2022-10-03 18:26:20,10,8,3694.5,21218
2022-10-03 18:26:33,5,-3,3694.5,21215
2022-10-03 18:26:35,1,-1,3694.25,21214
2022-10-03 18:26:36,2,-2,3694.25,21212
2022-10-03 18:26:38,1,-1,3694.25,21211
2022-10-03 18:26:39,1,1,3694.5,21212
2022-10-03 18:26:41,6,-2,3694.5,21210
2022-10-03 18:26:43,1,1,3694.5,21211
2022-10-03 18:26:50,1,-1,3694.5,21210
2022-10-03 18:26:51,15,8,3694.75,21218
2022-10-03 18:26:52,1,-1,3694.5,21217
2022-10-03 18:26:55,1,1,3694.75,21218
2022-10-03 18:27:05,5,4,3694.75,21222
2022-10-03 18:27:06,7,2,3694.75,21224
2022-10-03 18:27:07,3,-3,3694.75,21221
2022-10-03 18:27:13,1,-1,3694.75,21220
2022-10-03 18:27:17,21,1,3695.25,21221
2022-10-03 18:27:18,5,2,3695.25,21223
2022-10-03 18:27:19,2,2,3695.25,21225
2022-10-03 18:27:20,1,-1,3695.0,21224
2022-10-03 18:27:21,1,1,3695.25,21225
2022-10-03 18:27:25,2,-2,3695.25,21223
2022-10-03 18:27:30,2,2,3695.25,21225
2022-10-03 18:27:35,10,-10,3695.0,21215
2022-10-03 18:27:37,9,-4,3695.0,21211
2022-10-03 18:27:38,10,-17,3695.0,21194
2022-10-03 18:27:43,3,1,3695.0,21195
2022-10-03 18:27:53,3,1,3695.25,21196
2022-10-03 18:27:54,1,-1,3695.0,21195
2022-10-03 18:27:55,1,-1,3695.0,21194
2022-10-03 18:27:57,1,-1,3695.0,21193
2022-10-03 18:28:00,8,-2,3695.0,21191
2022-10-03 18:28:05,5,0,3695.0,21191
2022-10-03 18:28:07,1,1,3695.25,21192
2022-10-03 18:28:15,2,-2,3695.0,21190
2022-10-03 18:28:34,1,-1,3694.75,21189
2022-10-03 18:28:52,39,-42,3695.0,21147
2022-10-03 18:28:55,1,1,3694.5,21148
2022-10-03 18:28:56,1,-1,3694.25,21147
2022-10-03 18:28:59,23,-9,3694.25,21138
2022-10-03 18:29:00,86,-55,3694.0,21083
2022-10-03 18:29:01,1,1,3693.5,21084
2022-10-03 18:29:02,54,9,3693.5,21093
2022-10-03 18:29:03,31,-36,3693.5,21057
2022-10-03 18:29:04,64,-35,3693.0,21022
2022-10-03 18:29:05,3,-2,3692.25,21020
2022-10-03 18:29:08,1,1,3692.5,21021
2022-10-03 18:29:09,9,-7,3692.25,21014
2022-10-03 18:29:10,1,1,3692.25,21015
2022-10-03 18:29:11,7,0,3692.25,21015
2022-10-03 18:29:13,19,5,3692.5,21020
2022-10-03 18:29:14,10,-1,3692.5,21019
2022-10-03 18:29:15,8,8,3692.75,21027
2022-10-03 18:29:16,1,-1,3692.75,21026
2022-10-03 18:29:18,2,-2,3692.75,21024
2022-10-03 18:29:21,2,0,3693.0,21024
2022-10-03 18:29:23,2,2,3693.0,21026
2022-10-03 18:29:24,1,-1,3693.0,21025
2022-10-03 18:29:26,4,2,3693.0,21027
2022-10-03 18:29:28,2,0,3693.0,21027
2022-10-03 18:29:33,18,-5,3692.75,21022
2022-10-03 18:29:38,4,1,3692.75,21023
2022-10-03 18:29:39,2,-2,3692.75,21021
2022-10-03 18:29:41,3,3,3692.75,21024
2022-10-03 18:29:42,1,-1,3692.5,21023
2022-10-03 18:29:44,18,-3,3692.5,21020
2022-10-03 18:29:45,3,1,3692.5,21021
2022-10-03 18:29:46,15,-15,3692.25,21006
2022-10-03 18:29:47,9,5,3692.25,21011
2022-10-03 18:29:48,2,-2,3692.25,21009
2022-10-03 18:29:49,18,12,3692.5,21021
2022-10-03 18:29:50,1,1,3692.5,21022
2022-10-03 18:29:51,6,4,3692.75,21026
2022-10-03 18:29:52,6,4,3692.5,21030
2022-10-03 18:29:55,1,-1,3692.25,21029
2022-10-03 18:29:56,7,7,3692.5,21036
2022-10-03 18:29:58,1,1,3692.75,21037
2022-10-03 18:30:00,37,8,3693.0,21045
2022-10-03 18:30:01,7,-3,3693.0,21042
2022-10-03 18:30:02,5,0,3693.25,21042
2022-10-03 18:30:07,9,-1,3693.0,21041
2022-10-03 18:30:09,8,-5,3692.75,21036
2022-10-03 18:30:10,8,-8,3692.5,21028
2022-10-03 18:30:12,6,-6,3692.25,21022
2022-10-03 18:30:13,41,-7,3692.0,21015
2022-10-03 18:30:14,1,-1,3692.0,21014
2022-10-03 18:30:15,7,-6,3692.0,21008
2022-10-03 18:30:16,3,-1,3692.25,21007
2022-10-03 18:30:18,2,0,3692.25,21007
2022-10-03 18:30:19,1,1,3692.25,21008
2022-10-03 18:30:20,16,2,3692.25,21010
2022-10-03 18:30:21,2,-2,3692.25,21008
2022-10-03 18:30:22,35,-27,3692.25,20981
2022-10-03 18:30:23,11,8,3692.25,20989
2022-10-03 18:30:25,12,8,3692.25,20997
2022-10-03 18:30:26,1,-1,3692.25,20996
2022-10-03 18:30:27,7,-5,3692.25,20991
2022-10-03 18:30:30,1,-1,3692.0,20990
2022-10-03 18:30:31,1,-1,3692.0,20989
2022-10-03 18:30:32,9,4,3692.25,20993
2022-10-03 18:30:34,4,4,3692.25,20997
2022-10-03 18:30:37,1,-1,3692.25,20996
2022-10-03 18:30:41,1,1,3692.5,20997
2022-10-03 18:30:46,1,-1,3692.25,20996
2022-10-03 18:30:47,1,-1,3692.25,20995
2022-10-03 18:30:50,76,-55,3692.25,20940
2022-10-03 18:30:51,1,-1,3692.0,20939
2022-10-03 18:30:53,1,-1,3692.0,20938
2022-10-03 18:30:54,10,5,3692.25,20943
2022-10-03 18:30:55,16,-8,3692.25,20935
2022-10-03 18:30:56,2,-2,3692.25,20933
2022-10-03 18:31:00,21,5,3692.25,20938
2022-10-03 18:31:02,3,-1,3692.0,20937
2022-10-03 18:31:05,1,-1,3692.0,20936
2022-10-03 18:31:06,1,-1,3692.0,20935
2022-10-03 18:31:07,2,-2,3692.0,20933
2022-10-03 18:31:08,14,3,3692.25,20936
2022-10-03 18:31:09,1,-1,3692.0,20935
2022-10-03 18:31:10,43,-5,3692.0,20930
2022-10-03 18:31:13,1,-1,3692.0,20929
2022-10-03 18:31:16,18,1,3692.0,20930
2022-10-03 18:31:17,1,-1,3692.0,20929
2022-10-03 18:31:20,11,3,3692.25,20932
2022-10-03 18:31:24,1,-1,3692.0,20931
2022-10-03 18:31:25,12,-9,3692.0,20922
2022-10-03 18:31:26,1,-1,3692.0,20921
2022-10-03 18:31:27,6,1,3692.25,20922
2022-10-03 18:31:28,1,-1,3692.25,20921
2022-10-03 18:31:32,3,3,3692.25,20924
2022-10-03 18:31:33,2,-2,3692.0,20922
2022-10-03 18:31:34,4,-3,3692.0,20919
2022-10-03 18:31:35,10,5,3692.25,20924
2022-10-03 18:31:37,1,1,3692.25,20925
2022-10-03 18:31:38,1,-1,3692.0,20924
2022-10-03 18:31:39,9,3,3692.25,20927
2022-10-03 18:31:46,1,-1,3692.0,20926
2022-10-03 18:31:47,25,0,3692.0,20926
2022-10-03 18:31:49,1,1,3692.25,20927
2022-10-03 18:31:52,14,-2,3692.25,20925
2022-10-03 18:31:53,1,-1,3692.0,20924
2022-10-03 18:32:00,1,1,3692.25,20925
2022-10-03 18:32:01,9,-7,3692.0,20918
2022-10-03 18:32:03,67,-33,3692.0,20885
2022-10-03 18:32:04,1,-1,3692.0,20884
2022-10-03 18:32:05,8,-5,3692.0,20879
2022-10-03 18:32:08,1,1,3692.25,20880
2022-10-03 18:32:09,1,1,3692.25,20881
2022-10-03 18:32:10,10,7,3692.25,20888
2022-10-03 18:32:14,2,2,3692.25,20890
2022-10-03 18:32:19,1,1,3692.25,20891
2022-10-03 18:32:21,44,-13,3692.0,20878
2022-10-03 18:32:23,18,5,3692.0,20883
2022-10-03 18:32:27,12,-9,3691.75,20874
2022-10-03 18:32:28,2,-2,3691.5,20872
2022-10-03 18:32:29,1,-1,3691.5,20871
2022-10-03 18:32:31,5,1,3691.75,20872
2022-10-03 18:32:35,5,-5,3691.75,20867
2022-10-03 18:32:36,31,-7,3691.75,20860
2022-10-03 18:32:37,6,-1,3691.5,20859
2022-10-03 18:32:38,3,0,3691.75,20859
2022-10-03 18:32:40,3,1,3691.75,20860
2022-10-03 18:32:42,2,0,3691.75,20860
2022-10-03 18:32:43,7,5,3691.75,20865
2022-10-03 18:32:45,1,-1,3691.75,20864
2022-10-03 18:32:50,9,3,3692.0,20867
2022-10-03 18:32:52,23,4,3692.5,20871
2022-10-03 18:32:53,8,3,3692.25,20874
2022-10-03 18:32:55,1,-1,3692.0,20873
2022-10-03 18:32:56,1,-1,3692.0,20872
2022-10-03 18:33:02,9,7,3692.25,20879
2022-10-03 18:33:03,10,-8,3692.25,20871
2022-10-03 18:33:16,3,-3,3692.0,20868
2022-10-03 18:33:17,88,-52,3692.0,20816
2022-10-03 18:33:18,58,-60,3691.25,20756
2022-10-03 18:33:19,10,-9,3690.75,20747
2022-10-03 18:33:20,4,-2,3691.0,20745
2022-10-03 18:33:21,1,-1,3690.75,20744
2022-10-03 18:33:22,17,-5,3690.75,20739
2022-10-03 18:33:23,1,1,3690.75,20740
2022-10-03 18:33:26,86,-58,3690.5,20682
2022-10-03 18:33:27,3,3,3690.5,20685
2022-10-03 18:33:29,70,-56,3690.5,20629
2022-10-03 18:33:30,43,-26,3690.25,20603
2022-10-03 18:33:31,12,1,3689.75,20604
2022-10-03 18:33:32,3,3,3689.75,20607
2022-10-03 18:33:33,80,-37,3689.5,20570
2022-10-03 18:33:34,1,1,3689.5,20571
2022-10-03 18:33:35,15,13,3689.75,20584
2022-10-03 18:33:36,1,1,3689.75,20585
2022-10-03 18:33:37,28,-24,3689.5,20561
2022-10-03 18:33:38,71,-73,3689.25,20488
2022-10-03 18:33:39,12,10,3689.0,20498
2022-10-03 18:33:40,14,0,3689.0,20498
2022-10-03 18:33:41,12,-5,3688.75,20493
2022-10-03 18:33:42,2,2,3688.75,20495
2022-10-03 18:33:43,8,2,3689.25,20497
2022-10-03 18:33:44,13,7,3689.5,20504
2022-10-03 18:33:45,26,9,3690.0,20513
2022-10-03 18:33:47,2,-2,3689.75,20511
2022-10-03 18:33:48,7,-6,3689.75,20505
2022-10-03 18:33:49,31,7,3689.75,20512
2022-10-03 18:33:50,61,-98,3689.5,20414
2022-10-03 18:33:51,3,-3,3688.75,20411
2022-10-03 18:33:52,5,3,3688.75,20414
2022-10-03 18:33:53,5,3,3689.0,20417
2022-10-03 18:33:54,216,-33,3688.75,20384
2022-10-03 18:33:56,4,4,3689.0,20388
2022-10-03 18:33:57,3,2,3689.0,20390
2022-10-03 18:33:58,9,6,3689.25,20396
2022-10-03 18:33:59,64,-85,3689.0,20311
2022-10-03 18:34:00,27,-3,3688.75,20308
2022-10-03 18:34:01,24,-6,3688.25,20302
2022-10-03 18:34:02,35,-11,3688.25,20291
2022-10-03 18:34:03,61,-15,3688.25,20276
2022-10-03 18:34:04,31,-23,3687.75,20253
2022-10-03 18:34:05,41,-7,3687.75,20246
2022-10-03 18:34:06,89,-70,3687.25,20176
2022-10-03 18:34:07,55,-67,3687.0,20109
2022-10-03 18:34:08,10,-2,3686.5,20107
2022-10-03 18:34:09,12,12,3686.75,20119
2022-10-03 18:34:11,9,7,3687.25,20126
2022-10-03 18:34:12,8,0,3687.25,20126
2022-10-03 18:34:13,3,-3,3687.0,20123
2022-10-03 18:34:14,30,4,3687.25,20127
2022-10-03 18:34:15,9,-3,3687.0,20124
2022-10-03 18:34:16,11,11,3687.25,20135
2022-10-03 18:34:17,7,5,3687.25,20140
2022-10-03 18:34:18,8,-2,3687.5,20138
2022-10-03 18:34:19,54,-18,3687.0,20120
2022-10-03 18:34:20,10,-2,3686.75,20118
2022-10-03 18:34:21,5,3,3686.75,20121
2022-10-03 18:34:22,32,1,3686.75,20122
2022-10-03 18:34:23,5,1,3687.0,20123
2022-10-03 18:34:24,1,1,3687.0,20124
2022-10-03 18:34:25,6,0,3687.0,20124
2022-10-03 18:34:26,13,9,3687.25,20133
2022-10-03 18:34:27,24,21,3688.0,20154
2022-10-03 18:34:28,40,-56,3687.75,20098
2022-10-03 18:34:29,1,-1,3687.25,20097
2022-10-03 18:34:30,7,3,3687.75,20100
2022-10-03 18:34:31,72,49,3687.75,20149
2022-10-03 18:34:32,32,30,3688.25,20179
2022-10-03 18:34:33,1,-1,3688.0,20178
2022-10-03 18:34:34,1,1,3688.25,20179
2022-10-03 18:34:35,43,-56,3688.0,20123
2022-10-03 18:34:37,14,-10,3687.75,20113
2022-10-03 18:34:38,6,-6,3687.25,20107
2022-10-03 18:34:39,17,1,3687.25,20108
2022-10-03 18:34:41,3,3,3687.25,20111
2022-10-03 18:34:42,1,-1,3687.25,20110
2022-10-03 18:34:43,22,6,3687.5,20116
2022-10-03 18:34:44,40,-41,3687.5,20075
2022-10-03 18:34:45,2,0,3687.25,20075
2022-10-03 18:34:49,4,4,3687.5,20079
2022-10-03 18:34:51,2,2,3687.75,20081
2022-10-03 18:34:52,7,5,3688.0,20086
2022-10-03 18:34:53,1,-1,3687.5,20085
2022-10-03 18:34:54,9,-9,3687.5,20076
2022-10-03 18:34:55,8,4,3687.75,20080
2022-10-03 18:34:56,3,1,3687.75,20081
2022-10-03 18:34:57,3,1,3688.0,20082
2022-10-03 18:34:58,1,1,3688.0,20083
2022-10-03 18:34:59,1,1,3688.0,20084
2022-10-03 18:35:00,6,4,3688.25,20088
2022-10-03 18:35:01,5,1,3688.0,20089
2022-10-03 18:35:03,13,-11,3688.0,20078
2022-10-03 18:35:06,13,-1,3687.5,20077
2022-10-03 18:35:08,139,151,3689.0,20228
2022-10-03 18:35:10,3,-1,3688.5,20227
2022-10-03 18:35:11,31,8,3688.75,20235
2022-10-03 18:35:12,5,0,3689.0,20235
2022-10-03 18:35:13,22,1,3689.0,20236
2022-10-03 18:35:14,1,1,3689.0,20237
2022-10-03 18:35:15,1,-1,3689.0,20236
2022-10-03 18:35:16,60,-72,3689.0,20164
2022-10-03 18:35:18,5,-5,3688.5,20159
2022-10-03 18:35:20,8,4,3688.5,20163
2022-10-03 18:35:21,5,5,3688.75,20168
2022-10-03 18:35:24,1,1,3688.75,20169
2022-10-03 18:35:26,4,2,3688.75,20171
2022-10-03 18:35:28,10,-4,3688.75,20167
2022-10-03 18:35:29,1,1,3688.75,20168
2022-10-03 18:35:30,1,-1,3688.5,20167
2022-10-03 18:35:31,8,6,3688.75,20173
2022-10-03 18:35:32,2,2,3689.0,20175
2022-10-03 18:35:33,2,2,3689.0,20177
2022-10-03 18:35:34,3,3,3689.0,20180
2022-10-03 18:35:35,9,-9,3688.75,20171
2022-10-03 18:35:37,1,1,3689.0,20172
2022-10-03 18:35:38,17,5,3689.0,20177
2022-10-03 18:35:39,10,2,3689.25,20179
2022-10-03 18:35:47,33,-8,3688.75,20171
2022-10-03 18:35:48,2,-2,3688.75,20169
2022-10-03 18:35:49,34,-33,3688.5,20136
2022-10-03 18:35:51,1,-1,3688.0,20135
2022-10-03 18:35:52,28,-25,3688.0,20110
2022-10-03 18:35:53,1,1,3687.75,20111
2022-10-03 18:35:55,1,1,3687.75,20112
2022-10-03 18:35:56,1,-1,3687.5,20111
2022-10-03 18:35:57,7,-1,3687.75,20110
2022-10-03 18:35:59,5,-1,3688.0,20109
2022-10-03 18:36:01,29,-25,3688.0,20084
2022-10-03 18:36:03,14,3,3687.75,20087
2022-10-03 18:36:05,1,-1,3687.75,20086
2022-10-03 18:36:06,1,1,3688.0,20087
2022-10-03 18:36:07,1,1,3688.0,20088
2022-10-03 18:36:08,2,0,3688.0,20088
2022-10-03 18:36:09,1,-1,3688.0,20087
2022-10-03 18:36:11,13,11,3688.5,20098
2022-10-03 18:36:13,1,1,3688.5,20099
2022-10-03 18:36:14,5,3,3688.5,20102
2022-10-03 18:36:15,3,3,3688.5,20105
2022-10-03 18:36:17,3,3,3688.5,20108
2022-10-03 18:36:20,1,-1,3688.25,20107
2022-10-03 18:36:23,7,7,3688.5,20114
2022-10-03 18:36:24,1,-1,3688.5,20113
2022-10-03 18:36:25,1,1,3688.75,20114
2022-10-03 18:36:27,2,2,3688.75,20116
2022-10-03 18:36:30,19,9,3689.0,20125
2022-10-03 18:36:32,36,15,3689.0,20140
2022-10-03 18:36:35,4,2,3689.25,20142
2022-10-03 18:36:36,5,4,3689.25,20146
2022-10-03 18:36:38,2,2,3689.25,20148
2022-10-03 18:36:39,22,-1,3689.25,20147
2022-10-03 18:36:41,1,1,3689.0,20148
2022-10-03 18:36:42,3,-3,3688.75,20145
2022-10-03 18:36:45,2,-2,3688.5,20143
2022-10-03 18:36:46,7,-7,3688.5,20136
2022-10-03 18:36:47,1,1,3688.5,20137
2022-10-03 18:36:48,12,-6,3688.25,20131
2022-10-03 18:36:50,1,1,3688.5,20132
2022-10-03 18:36:54,4,4,3688.5,20136
2022-10-03 18:36:55,5,-5,3688.25,20131
2022-10-03 18:36:59,6,4,3688.5,20135
2022-10-03 18:37:00,1,-1,3688.25,20134
2022-10-03 18:37:03,3,3,3688.5,20137
2022-10-03 18:37:07,5,-2,3688.5,20135
2022-10-03 18:37:10,11,-5,3688.5,20130
2022-10-03 18:37:11,2,2,3688.5,20132
2022-10-03 18:37:20,3,3,3688.5,20135
2022-10-03 18:37:24,2,-2,3688.5,20133
2022-10-03 18:37:26,1,1,3688.5,20134
2022-10-03 18:37:29,2,2,3688.75,20136
2022-10-03 18:37:33,2,2,3688.75,20138
2022-10-03 18:37:37,7,-7,3688.5,20131
2022-10-03 18:37:38,1,1,3688.5,20132
2022-10-03 18:37:44,8,-6,3688.25,20126
2022-10-03 18:37:46,1,1,3688.25,20127
2022-10-03 18:37:48,4,-3,3688.25,20124
2022-10-03 18:37:52,10,-10,3688.0,20114
2022-10-03 18:37:54,3,2,3688.25,20116
2022-10-03 18:37:55,1,1,3688.5,20117
2022-10-03 18:37:56,2,-2,3688.25,20115
2022-10-03 18:37:59,1,1,3688.5,20116
2022-10-03 18:38:00,2,2,3688.5,20118
2022-10-03 18:38:01,1,-1,3688.5,20117
2022-10-03 18:38:02,1,-1,3688.5,20116
2022-10-03 18:38:03,7,4,3688.75,20120
2022-10-03 18:38:05,1,1,3688.75,20121
2022-10-03 18:38:07,8,-8,3688.5,20113
2022-10-03 18:38:09,1,1,3688.5,20114
2022-10-03 18:38:10,1,1,3688.5,20115
2022-10-03 18:38:11,13,7,3688.5,20122
2022-10-03 18:38:16,26,-13,3688.5,20109
2022-10-03 18:38:17,1,1,3688.5,20110
2022-10-03 18:38:19,5,-1,3688.5,20109
2022-10-03 18:38:21,1,1,3688.5,20110
2022-10-03 18:38:23,17,-17,3688.25,20093
2022-10-03 18:38:27,33,-25,3688.0,20068
2022-10-03 18:38:28,48,15,3687.75,20083
2022-10-03 18:38:29,10,8,3687.5,20091
2022-10-03 18:38:30,10,-10,3687.5,20081
2022-10-03 18:38:31,13,-12,3687.25,20069
2022-10-03 18:38:32,1,1,3687.25,20070
2022-10-03 18:38:33,28,-12,3687.5,20058
2022-10-03 18:38:34,7,1,3687.25,20059
2022-10-03 18:38:36,8,-1,3687.25,20058
2022-10-03 18:38:37,5,-5,3687.25,20053
2022-10-03 18:38:38,1,1,3687.25,20054
2022-10-03 18:38:39,16,11,3687.5,20065
2022-10-03 18:38:40,30,-19,3687.0,20046
2022-10-03 18:38:41,1,-1,3686.75,20045
2022-10-03 18:38:43,2,0,3687.0,20045
2022-10-03 18:38:44,1,1,3687.0,20046
2022-10-03 18:38:45,3,-1,3687.0,20045
2022-10-03 18:38:47,27,-2,3686.75,20043
2022-10-03 18:38:48,33,39,3687.25,20082
2022-10-03 18:38:50,12,6,3687.5,20088
2022-10-03 18:38:51,3,3,3687.5,20091
2022-10-03 18:38:52,27,-28,3687.5,20063
2022-10-03 18:38:53,1,-1,3687.25,20062
2022-10-03 18:38:54,15,13,3687.5,20075
2022-10-03 18:38:55,3,1,3687.75,20076
2022-10-03 18:38:56,8,-5,3687.5,20071
2022-10-03 18:38:57,19,-2,3687.75,20069
2022-10-03 18:38:58,1,1,3687.75,20070
2022-10-03 18:38:59,1,1,3687.75,20071
2022-10-03 18:39:00,4,2,3687.75,20073
2022-10-03 18:39:04,4,-1,3687.5,20072
2022-10-03 18:39:07,5,-1,3687.5,20071
2022-10-03 18:39:09,1,-1,3687.5,20070
2022-10-03 18:39:12,41,0,3687.75,20070
2022-10-03 18:39:14,13,-7,3687.75,20063
2022-10-03 18:39:15,51,-22,3687.25,20041
2022-10-03 18:39:16,3,1,3687.25,20042
2022-10-03 18:39:18,5,5,3687.25,20047
2022-10-03 18:39:19,1,1,3687.25,20048
2022-10-03 18:39:20,12,-6,3687.25,20042
2022-10-03 18:39:21,1,-1,3687.25,20041
2022-10-03 18:39:22,1,-1,3687.25,20040
2022-10-03 18:39:23,5,5,3687.25,20045
2022-10-03 18:39:26,1,-1,3687.25,20044
2022-10-03 18:39:27,1,1,3687.5,20045
2022-10-03 18:39:29,2,0,3687.5,20045
2022-10-03 18:39:30,26,-11,3687.25,20034
2022-10-03 18:39:31,13,-5,3687.5,20029
2022-10-03 18:39:32,17,-10,3687.25,20019
2022-10-03 18:39:33,2,0,3687.0,20019
2022-10-03 18:39:34,2,0,3687.25,20019
2022-10-03 18:39:35,3,-3,3687.0,20016
2022-10-03 18:39:37,3,-3,3687.0,20013
2022-10-03 18:39:38,28,-17,3686.75,19996
2022-10-03 18:39:39,5,5,3687.0,20001
2022-10-03 18:39:40,1,1,3687.0,20002
2022-10-03 18:39:41,3,-2,3686.75,20000
2022-10-03 18:39:42,6,2,3687.0,20002
2022-10-03 18:39:43,7,0,3686.75,20002
2022-10-03 18:39:44,49,-18,3686.5,19984
2022-10-03 18:39:46,1,-1,3686.5,19983
2022-10-03 18:39:47,22,-3,3686.75,19980
2022-10-03 18:39:49,9,8,3686.75,19988
2022-10-03 18:39:51,15,13,3687.0,20001
2022-10-03 18:39:52,36,5,3687.0,20006
2022-10-03 18:39:54,1,-1,3686.75,20005
2022-10-03 18:39:55,5,5,3687.25,20010
2022-10-03 18:39:56,2,-2,3687.0,20008
2022-10-03 18:39:57,1,1,3687.25,20009
2022-10-03 18:40:00,2,0,3687.25,20009
2022-10-03 18:40:01,21,8,3687.25,20017
2022-10-03 18:40:02,3,-3,3687.25,20014
2022-10-03 18:40:05,25,25,3687.75,20039
2022-10-03 18:40:07,1,-1,3687.5,20038
2022-10-03 18:40:08,2,2,3687.75,20040
2022-10-03 18:40:09,7,-7,3687.5,20033
2022-10-03 18:40:10,1,1,3687.5,20034
2022-10-03 18:40:12,1,1,3687.5,20035
2022-10-03 18:40:13,8,7,3687.5,20042
2022-10-03 18:40:14,1,-1,3687.5,20041
2022-10-03 18:40:15,9,5,3687.5,20046
2022-10-03 18:40:20,3,3,3687.75,20049
2022-10-03 18:40:23,6,6,3688.0,20055
2022-10-03 18:40:25,1,-1,3687.75,20054
2022-10-03 18:40:26,26,-7,3687.75,20047
2022-10-03 18:40:27,5,2,3687.75,20049
2022-10-03 18:40:29,10,4,3687.75,20053
2022-10-03 18:40:32,1,-1,3687.75,20052
2022-10-03 18:40:37,46,-34,3687.75,20018
2022-10-03 18:40:38,1,-1,3687.25,20017
2022-10-03 18:40:39,1,-1,3687.25,20016
2022-10-03 18:40:43,1,-1,3687.25,20015
2022-10-03 18:40:44,1,1,3687.5,20016
2022-10-03 18:40:48,66,5,3687.5,20021
2022-10-03 18:40:50,5,3,3687.75,20024
2022-10-03 18:40:51,24,15,3688.0,20039
2022-10-03 18:40:52,1,-1,3688.0,20038
2022-10-03 18:40:58,9,9,3688.5,20047
2022-10-03 18:41:00,2,1,3688.5,20048
2022-10-03 18:41:06,10,-7,3688.5,20041
2022-10-03 18:41:08,8,5,3688.5,20046
2022-10-03 18:41:09,6,6,3688.75,20052
2022-10-03 18:41:10,5,5,3688.75,20057
2022-10-03 18:41:11,3,-3,3688.5,20054
2022-10-03 18:41:13,28,3,3688.75,20057
2022-10-03 18:41:14,1,-1,3688.5,20056
2022-10-03 18:41:18,1,1,3688.75,20057
2022-10-03 18:41:21,6,6,3689.0,20063
2022-10-03 18:41:22,5,5,3689.0,20068
2022-10-03 18:41:23,4,4,3689.0,20072
2022-10-03 18:41:24,2,2,3689.0,20074
2022-10-03 18:41:25,3,3,3689.0,20077
2022-10-03 18:41:26,1,1,3689.0,20078
2022-10-03 18:41:27,1,-1,3688.75,20077
2022-10-03 18:41:29,11,1,3689.0,20078
2022-10-03 18:41:31,4,0,3689.0,20078
2022-10-03 18:41:33,5,1,3689.0,20079
2022-10-03 18:41:36,1,1,3689.0,20080
2022-10-03 18:41:37,5,5,3689.0,20085
2022-10-03 18:41:39,2,2,3689.0,20087
2022-10-03 18:41:40,2,2,3689.0,20089
2022-10-03 18:41:45,7,-1,3689.0,20088
2022-10-03 18:41:46,1,1,3688.75,20089
2022-10-03 18:41:53,10,-11,3688.75,20078
2022-10-03 18:41:54,1,1,3688.75,20079
2022-10-03 18:42:00,3,3,3689.0,20082
2022-10-03 18:42:04,4,0,3689.0,20082
2022-10-03 18:42:05,3,-3,3689.0,20079
2022-10-03 18:42:06,2,2,3689.25,20081
2022-10-03 18:42:09,95,24,3689.25,20105
2022-10-03 18:42:13,1,-1,3689.0,20104
2022-10-03 18:42:14,8,-7,3689.0,20097
2022-10-03 18:42:16,116,-49,3689.25,20048
2022-10-03 18:42:19,8,-4,3689.0,20044
2022-10-03 18:42:20,8,3,3688.75,20047
2022-10-03 18:42:21,2,-2,3688.75,20045
2022-10-03 18:42:22,3,-3,3688.75,20042
2022-10-03 18:42:23,1,1,3688.75,20043
2022-10-03 18:42:24,2,0,3688.75,20043
2022-10-03 18:42:26,2,-2,3688.75,20041
2022-10-03 18:42:30,6,3,3688.75,20044
2022-10-03 18:42:35,1,1,3688.75,20045
2022-10-03 18:42:36,28,-20,3688.5,20025
2022-10-03 18:42:37,12,3,3688.75,20028
2022-10-03 18:42:38,16,12,3688.75,20040
2022-10-03 18:42:41,3,3,3688.75,20043
2022-10-03 18:42:43,30,17,3689.0,20060
2022-10-03 18:42:44,1,-1,3689.0,20059
2022-10-03 18:42:47,1,-1,3689.0,20058
2022-10-03 18:42:51,2,2,3689.0,20060
2022-10-03 18:42:53,5,-1,3689.0,20059
2022-10-03 18:42:56,1,-1,3689.0,20058
2022-10-03 18:42:58,1,1,3689.25,20059
2022-10-03 18:43:00,8,-4,3689.25,20055
2022-10-03 18:43:03,15,-5,3689.25,20050
2022-10-03 18:43:05,11,3,3689.25,20053
2022-10-03 18:43:12,12,-10,3688.75,20043
2022-10-03 18:43:15,10,-8,3688.75,20035
2022-10-03 18:43:20,1,-1,3688.75,20034
2022-10-03 18:43:23,2,-2,3688.75,20032
2022-10-03 18:43:29,1,-1,3688.75,20031
2022-10-03 18:43:32,7,-7,3688.75,20024
2022-10-03 18:43:33,9,3,3689.0,20027
2022-10-03 18:43:34,27,-20,3688.75,20007
2022-10-03 18:43:40,7,-4,3688.5,20003
2022-10-03 18:43:41,2,2,3688.5,20005
2022-10-03 18:43:42,3,3,3688.5,20008
2022-10-03 18:43:44,1,1,3688.5,20009
2022-10-03 18:43:45,8,6,3688.5,20015
2022-10-03 18:43:49,11,-5,3688.75,20010
2022-10-03 18:43:56,4,0,3688.75,20010
2022-10-03 18:43:57,21,-14,3688.5,19996
2022-10-03 18:43:58,3,3,3688.25,19999
2022-10-03 18:44:00,1,1,3688.25,20000
2022-10-03 18:44:01,4,4,3688.25,20004
2022-10-03 18:44:02,2,0,3688.25,20004
2022-10-03 18:44:04,4,-2,3688.25,20002
2022-10-03 18:44:07,12,5,3688.5,20007
2022-10-03 18:44:08,5,1,3688.5,20008
2022-10-03 18:44:09,51,10,3688.75,20018
2022-10-03 18:44:10,1,1,3689.0,20019
2022-10-03 18:44:11,1,1,3689.0,20020
2022-10-03 18:44:14,10,-9,3688.5,20011
2022-10-03 18:44:15,1,1,3688.75,20012
2022-10-03 18:44:16,1,1,3688.75,20013
2022-10-03 18:44:17,1,1,3688.75,20014
2022-10-03 18:44:20,8,3,3688.75,20017
2022-10-03 18:44:22,1,1,3688.75,20018
2022-10-03 18:44:23,2,0,3688.75,20018
2022-10-03 18:44:25,7,7,3688.75,20025
2022-10-03 18:44:28,2,2,3689.0,20027
2022-10-03 18:44:29,182,168,3690.0,20195
2022-10-03 18:44:30,192,74,3691.25,20269
2022-10-03 18:44:31,70,-16,3691.25,20253
2022-10-03 18:44:32,12,-1,3690.5,20252
2022-10-03 18:44:33,33,5,3690.25,20257
2022-10-03 18:44:35,79,3,3690.5,20260
2022-10-03 18:44:36,143,112,3691.5,20372
2022-10-03 18:44:37,28,-5,3690.75,20367
2022-10-03 18:44:38,38,-22,3690.5,20345
2022-10-03 18:44:39,1,1,3690.0,20346
2022-10-03 18:44:40,16,10,3690.5,20356
2022-10-03 18:44:41,128,48,3691.25,20404
2022-10-03 18:44:42,13,13,3691.25,20417
2022-10-03 18:44:43,23,5,3691.5,20422
2022-10-03 18:44:44,4,4,3691.5,20426
2022-10-03 18:44:45,86,53,3692.5,20479
2022-10-03 18:44:46,14,8,3692.25,20487
2022-10-03 18:44:47,4,2,3692.25,20489
2022-10-03 18:44:48,17,4,3692.25,20493
2022-10-03 18:44:49,3,1,3692.25,20494
2022-10-03 18:44:50,8,2,3692.25,20496
2022-10-03 18:44:51,35,10,3692.25,20506
2022-10-03 18:44:52,1,-1,3692.0,20505
2022-10-03 18:44:53,4,0,3692.0,20505
2022-10-03 18:44:54,1,-1,3691.75,20504
2022-10-03 18:44:55,1,-1,3691.75,20503
2022-10-03 18:44:56,1,-1,3691.75,20502
2022-10-03 18:44:57,1,-1,3691.5,20501
2022-10-03 18:44:58,11,-9,3691.5,20492
2022-10-03 18:45:00,9,7,3691.75,20499
2022-10-03 18:45:01,19,21,3692.0,20520
2022-10-03 18:45:02,14,-8,3692.25,20512
2022-10-03 18:45:03,12,3,3692.25,20515
2022-10-03 18:45:04,1,1,3692.5,20516
2022-10-03 18:45:05,15,12,3692.5,20528
2022-10-03 18:45:06,11,9,3692.5,20537
2022-10-03 18:45:07,3,1,3692.5,20538
2022-10-03 18:45:09,8,-8,3692.25,20530
2022-10-03 18:45:10,1,-1,3692.0,20529
2022-10-03 18:45:11,4,-3,3692.0,20526
2022-10-03 18:45:12,2,2,3692.0,20528
2022-10-03 18:45:13,3,1,3692.0,20529
2022-10-03 18:45:15,9,2,3692.0,20531
2022-10-03 18:45:16,1,-1,3692.0,20530
2022-10-03 18:45:17,18,15,3692.25,20545
2022-10-03 18:45:19,4,-2,3692.0,20543
2022-10-03 18:45:20,2,2,3692.25,20545
2022-10-03 18:45:21,6,-2,3692.25,20543
2022-10-03 18:45:22,26,8,3692.5,20551
2022-10-03 18:45:27,4,2,3692.25,20553
2022-10-03 18:45:28,8,-5,3692.25,20548
2022-10-03 18:45:29,12,2,3692.0,20550
2022-10-03 18:45:30,2,-2,3691.75,20548
2022-10-03 18:45:31,6,-6,3691.5,20542
2022-10-03 18:45:32,1,-1,3691.25,20541
2022-10-03 18:45:33,2,-2,3691.5,20539
2022-10-03 18:45:34,2,0,3691.5,20539
2022-10-03 18:45:36,5,-5,3691.25,20534
2022-10-03 18:45:37,5,-3,3691.5,20531
2022-10-03 18:45:38,2,-2,3691.0,20529
2022-10-03 18:45:39,12,-10,3691.0,20519
2022-10-03 18:45:40,19,-29,3690.75,20490
2022-10-03 18:45:41,2,-2,3690.5,20488
2022-10-03 18:45:42,11,7,3690.75,20495
2022-10-03 18:45:43,2,-2,3690.5,20493
2022-10-03 18:45:44,12,-9,3690.75,20484
2022-10-03 18:45:45,18,-16,3690.75,20468
2022-10-03 18:45:46,7,-3,3690.5,20465
2022-10-03 18:45:48,1,-1,3690.5,20464
2022-10-03 18:45:49,2,-2,3690.5,20462
2022-10-03 18:45:51,14,-4,3690.5,20458
2022-10-03 18:45:52,4,-4,3690.25,20454
2022-10-03 18:45:53,2,-2,3690.25,20452
2022-10-03 18:45:54,2,-2,3690.0,20450
2022-10-03 18:45:55,58,57,3691.0,20507
2022-10-03 18:45:56,1,-1,3690.5,20506
2022-10-03 18:46:00,1,-1,3690.5,20505
2022-10-03 18:46:03,60,66,3691.5,20571
2022-10-03 18:46:04,4,-4,3691.25,20567
2022-10-03 18:46:05,7,7,3691.25,20574
2022-10-03 18:46:06,11,-2,3691.25,20572
2022-10-03 18:46:07,14,-4,3691.25,20568
2022-10-03 18:46:09,1,-1,3691.0,20567
2022-10-03 18:46:10,1,-1,3691.0,20566
2022-10-03 18:46:11,6,-6,3691.0,20560
2022-10-03 18:46:12,13,18,3691.25,20578
2022-10-03 18:46:15,9,-7,3691.0,20571
2022-10-03 18:46:16,1,-1,3690.75,20570
2022-10-03 18:46:19,7,7,3691.0,20577
2022-10-03 18:46:20,1,-1,3691.0,20576
2022-10-03 18:46:22,7,-5,3691.0,20571
2022-10-03 18:46:24,1,-1,3691.0,20570
2022-10-03 18:46:31,4,-2,3691.0,20568
2022-10-03 18:46:32,1,-1,3690.75,20567
2022-10-03 18:46:33,1,-1,3690.75,20566
2022-10-03 18:46:38,8,-8,3690.75,20558
2022-10-03 18:46:47,2,1,3690.75,20559
2022-10-03 18:46:48,10,-10,3690.5,20549
2022-10-03 18:46:51,3,-1,3690.5,20548
2022-10-03 18:46:56,2,0,3690.5,20548
2022-10-03 18:46:57,2,-2,3690.5,20546
2022-10-03 18:47:00,10,5,3690.75,20551
2022-10-03 18:47:01,17,3,3691.0,20554
2022-10-03 18:47:08,14,7,3691.25,20561
2022-10-03 18:47:09,6,5,3691.25,20566
2022-10-03 18:47:10,1,1,3691.25,20567
2022-10-03 18:47:11,1,-1,3691.25,20566
2022-10-03 18:47:16,1,-1,3691.25,20565
2022-10-03 18:47:17,2,0,3691.5,20565
2022-10-03 18:47:18,12,-1,3691.25,20564
2022-10-03 18:47:19,11,-3,3691.25,20561
2022-10-03 18:47:23,21,-11,3691.0,20550
2022-10-03 18:47:29,1,1,3691.0,20551
2022-10-03 18:47:32,2,2,3691.0,20553
2022-10-03 18:47:34,34,5,3691.25,20558
2022-10-03 18:47:36,1,-1,3691.25,20557
2022-10-03 18:47:38,3,-1,3691.25,20556
2022-10-03 18:47:41,1,-1,3691.25,20555
2022-10-03 18:47:46,9,3,3691.5,20558
2022-10-03 18:47:48,4,1,3691.25,20559
2022-10-03 18:47:50,1,-1,3691.25,20558
2022-10-03 18:47:51,1,-1,3691.25,20557
2022-10-03 18:47:52,14,-1,3691.5,20556
2022-10-03 18:47:53,5,-5,3691.25,20551
2022-10-03 18:47:54,5,2,3691.25,20553
2022-10-03 18:47:55,31,-39,3691.0,20514
2022-10-03 18:47:56,1,1,3691.0,20515
2022-10-03 18:48:02,1,-1,3690.75,20514
2022-10-03 18:48:04,5,-5,3690.75,20509
2022-10-03 18:48:07,5,-5,3690.5,20504
2022-10-03 18:48:09,5,2,3690.5,20506
2022-10-03 18:48:10,2,-2,3690.5,20504
2022-10-03 18:48:11,2,-1,3690.5,20503
2022-10-03 18:48:12,1,1,3690.5,20504
2022-10-03 18:48:13,1,-1,3690.25,20503
2022-10-03 18:48:15,2,2,3690.5,20505
2022-10-03 18:48:17,3,3,3690.5,20508
2022-10-03 18:48:18,1,1,3690.75,20509
2022-10-03 18:48:21,1,1,3690.75,20510
2022-10-03 18:48:27,9,-3,3690.5,20507
2022-10-03 18:48:30,2,-2,3690.5,20505
2022-10-03 18:48:31,1,-1,3690.25,20504
2022-10-03 18:48:36,1,-1,3690.25,20503
2022-10-03 18:48:40,1,1,3690.5,20504
2022-10-03 18:48:42,9,3,3690.5,20507
2022-10-03 18:48:43,4,-4,3690.5,20503
2022-10-03 18:48:46,1,-1,3690.5,20502
2022-10-03 18:48:47,2,-2,3690.5,20500
2022-10-03 18:48:50,1,-1,3690.25,20499
2022-10-03 18:48:55,26,-14,3690.25,20485
2022-10-03 18:49:00,4,-3,3690.25,20482
2022-10-03 18:49:01,10,-8,3690.0,20474
2022-10-03 18:49:06,8,-2,3690.0,20472
2022-10-03 18:49:09,1,1,3690.0,20473
2022-10-03 18:49:12,5,-3,3690.0,20470
2022-10-03 18:49:13,1,1,3690.0,20471
2022-10-03 18:49:24,1,-1,3690.0,20470
2022-10-03 18:49:27,10,-10,3689.75,20460
2022-10-03 18:49:28,2,-1,3689.75,20459
2022-10-03 18:49:29,42,-47,3689.75,20412
2022-10-03 18:49:30,5,-5,3689.0,20407
2022-10-03 18:49:31,5,1,3689.25,20408
2022-10-03 18:49:32,2,2,3689.5,20410
2022-10-03 18:49:33,15,-9,3689.75,20401
2022-10-03 18:49:34,11,-3,3689.5,20398
2022-10-03 18:49:37,3,-3,3689.25,20395
2022-10-03 18:49:38,1,-1,3689.25,20394
2022-10-03 18:49:40,10,-7,3689.25,20387
2022-10-03 18:49:43,1,-1,3689.25,20386
2022-10-03 18:49:46,2,-2,3689.25,20384
2022-10-03 18:49:49,5,3,3689.5,20387
2022-10-03 18:49:50,1,1,3689.75,20388
2022-10-03 18:49:51,1,1,3689.75,20389
2022-10-03 18:49:52,1,1,3689.75,20390
2022-10-03 18:49:56,3,3,3689.75,20393
2022-10-03 18:49:59,45,-53,3689.75,20340
2022-10-03 18:50:01,1,-1,3689.25,20339
2022-10-03 18:50:05,4,4,3689.5,20343
2022-10-03 18:50:06,2,2,3689.75,20345
2022-10-03 18:50:07,2,-2,3689.75,20343
2022-10-03 18:50:08,4,2,3690.0,20345
2022-10-03 18:50:09,4,7,3690.25,20352
2022-10-03 18:50:11,10,10,3690.25,20362
2022-10-03 18:50:13,8,8,3690.5,20370
2022-10-03 18:50:14,2,2,3690.5,20372
2022-10-03 18:50:15,3,-1,3690.25,20371
2022-10-03 18:50:16,12,-2,3690.0,20369
2022-10-03 18:50:17,1,-1,3690.0,20368
2022-10-03 18:50:19,1,1,3690.0,20369
2022-10-03 18:50:24,2,2,3690.25,20371
2022-10-03 18:50:25,1,1,3690.25,20372
2022-10-03 18:50:31,1,-1,3690.0,20371
2022-10-03 18:50:33,9,-7,3690.0,20364
2022-10-03 18:50:35,2,2,3690.0,20366
2022-10-03 18:50:40,3,1,3690.0,20367
2022-10-03 18:50:56,18,9,3690.25,20376
2022-10-03 18:51:00,2,2,3690.5,20378
2022-10-03 18:51:01,2,-2,3690.25,20376
2022-10-03 18:51:04,2,2,3690.5,20378
2022-10-03 18:51:06,3,2,3690.5,20380
2022-10-03 18:51:09,16,-2,3690.5,20378
2022-10-03 18:51:11,4,-4,3690.25,20374
2022-10-03 18:51:12,5,5,3690.25,20379
2022-10-03 18:51:18,2,2,3690.25,20381
2022-10-03 18:51:24,1,1,3690.25,20382
2022-10-03 18:51:26,2,-2,3690.25,20380
2022-10-03 18:51:27,2,-2,3690.25,20378
2022-10-03 18:51:32,1,-1,3690.0,20377
2022-10-03 18:51:33,7,-5,3690.0,20372
2022-10-03 18:51:36,1,1,3690.0,20373
2022-10-03 18:51:40,15,-5,3689.75,20368
2022-10-03 18:51:44,1,1,3689.75,20369
2022-10-03 18:51:52,1,-1,3689.75,20368
2022-10-03 18:51:54,10,-9,3689.75,20359
2022-10-03 18:51:59,1,-1,3689.75,20358
2022-10-03 18:52:01,9,7,3690.25,20365
2022-10-03 18:52:07,1,1,3690.25,20366
2022-10-03 18:52:13,15,-14,3690.0,20352
2022-10-03 18:52:14,7,7,3689.75,20359
2022-10-03 18:52:24,1,1,3690.0,20360
2022-10-03 18:52:38,6,-2,3689.75,20358
2022-10-03 18:52:39,1,1,3689.75,20359
2022-10-03 18:52:46,1,1,3689.75,20360
2022-10-03 18:52:47,12,-12,3689.5,20348
2022-10-03 18:52:51,33,4,3689.75,20352
2022-10-03 18:53:00,1,1,3690.0,20353
2022-10-03 18:53:01,2,2,3690.0,20355
2022-10-03 18:53:05,3,-1,3690.0,20354
2022-10-03 18:53:11,11,11,3690.0,20365
2022-10-03 18:53:14,1,1,3690.25,20366
2022-10-03 18:53:16,7,7,3690.25,20373
2022-10-03 18:53:21,6,-6,3690.25,20367
2022-10-03 18:53:34,1,1,3690.5,20368
2022-10-03 18:53:36,4,-4,3690.25,20364
2022-10-03 18:53:38,15,11,3690.5,20375
2022-10-03 18:53:51,3,-3,3690.25,20372
2022-10-03 18:54:00,1,1,3690.5,20373
2022-10-03 18:54:02,1,1,3690.5,20374
2022-10-03 18:54:03,3,-3,3690.25,20371
2022-10-03 18:54:10,1,1,3690.5,20372
2022-10-03 18:54:16,14,-8,3690.25,20364
2022-10-03 18:54:19,1,1,3690.25,20365
2022-10-03 18:54:24,1,-1,3690.0,20364
2022-10-03 18:54:33,5,1,3690.25,20365
2022-10-03 18:54:46,2,1,3690.5,20366
2022-10-03 18:54:49,1,1,3690.5,20367
2022-10-03 18:54:53,1,1,3690.5,20368
2022-10-03 18:55:00,34,27,3690.5,20395
2022-10-03 18:55:07,1,1,3690.5,20396
2022-10-03 18:55:09,1,1,3690.5,20397
2022-10-03 18:55:12,13,-4,3690.5,20393
2022-10-03 18:55:15,12,8,3690.25,20401
2022-10-03 18:55:21,17,8,3690.5,20409
2022-10-03 18:55:23,3,3,3690.5,20412
2022-10-03 18:55:25,5,3,3690.5,20415
2022-10-03 18:55:26,2,1,3690.5,20416
2022-10-03 18:55:27,14,10,3690.5,20426
2022-10-03 18:55:29,17,12,3690.5,20438
2022-10-03 18:55:36,1,1,3690.5,20439
2022-10-03 18:55:38,4,2,3690.5,20441
2022-10-03 18:55:43,4,4,3690.5,20445
2022-10-03 18:55:44,6,6,3690.5,20451
2022-10-03 18:55:47,4,4,3690.5,20455
2022-10-03 18:55:50,61,34,3691.5,20489
2022-10-03 18:55:51,1,1,3691.0,20490
2022-10-03 18:55:53,2,2,3691.0,20492
2022-10-03 18:55:55,1,1,3691.0,20493
2022-10-03 18:55:56,4,2,3691.0,20495
2022-10-03 18:55:58,1,1,3691.25,20496
2022-10-03 18:55:59,10,-6,3691.0,20490
2022-10-03 18:56:02,2,2,3691.0,20492
2022-10-03 18:56:03,2,2,3691.0,20494
2022-10-03 18:56:05,1,-1,3691.0,20493
2022-10-03 18:56:06,1,-1,3691.0,20492
2022-10-03 18:56:08,2,0,3691.25,20492
2022-10-03 18:56:12,2,2,3691.5,20494
2022-10-03 18:56:13,15,11,3691.75,20505
2022-10-03 18:56:14,2,0,3691.5,20505
2022-10-03 18:56:15,2,2,3691.75,20507
2022-10-03 18:56:16,7,-3,3691.5,20504
2022-10-03 18:56:18,2,0,3691.75,20504
2022-10-03 18:56:20,1,-1,3691.5,20503
2022-10-03 18:56:22,1,1,3691.75,20504
2022-10-03 18:56:23,65,66,3692.5,20570
2022-10-03 18:56:25,8,-4,3692.25,20566
2022-10-03 18:56:28,10,-8,3692.0,20558
2022-10-03 18:56:29,16,9,3692.0,20567
2022-10-03 18:56:31,8,2,3692.0,20569
2022-10-03 18:56:34,1,1,3692.0,20570
2022-10-03 18:56:37,1,1,3692.0,20571
2022-10-03 18:56:38,9,-3,3692.0,20568
2022-10-03 18:56:40,1,-1,3691.75,20567
2022-10-03 18:56:42,7,-5,3691.75,20562
2022-10-03 18:56:43,1,-1,3691.5,20561
2022-10-03 18:56:44,8,-8,3691.5,20553
2022-10-03 18:56:46,6,-4,3691.25,20549
2022-10-03 18:56:47,1,-1,3691.25,20548
2022-10-03 18:56:48,1,-1,3691.0,20547
2022-10-03 18:56:52,1,-1,3691.0,20546
2022-10-03 18:56:57,1,1,3691.25,20547
2022-10-03 18:57:00,14,-5,3691.25,20542
2022-10-03 18:57:02,1,1,3691.25,20543
2022-10-03 18:57:06,2,-1,3691.0,20542
2022-10-03 18:57:07,5,3,3691.25,20545
2022-10-03 18:57:12,3,4,3691.75,20549
2022-10-03 18:57:13,1,-1,3691.5,20548
2022-10-03 18:57:15,32,35,3692.25,20583
2022-10-03 18:57:18,1,1,3692.25,20584
2022-10-03 18:57:22,1,1,3692.25,20585
2022-10-03 18:57:23,4,-1,3692.0,20584
2022-10-03 18:57:24,1,1,3692.25,20585
2022-10-03 18:57:27,36,-2,3692.0,20583
2022-10-03 18:57:28,5,5,3692.25,20588
2022-10-03 18:57:32,4,3,3692.25,20591
2022-10-03 18:57:33,13,-4,3692.25,20587
2022-10-03 18:57:39,4,-4,3692.0,20583
2022-10-03 18:57:45,4,0,3691.75,20583
2022-10-03 18:57:46,2,0,3692.0,20583
2022-10-03 18:57:50,1,-1,3691.75,20582
2022-10-03 18:57:56,15,-3,3691.75,20579
2022-10-03 18:57:57,1,1,3691.75,20580
2022-10-03 18:57:58,3,-3,3691.5,20577
2022-10-03 18:58:00,18,3,3691.25,20580
2022-10-03 18:58:01,1,1,3691.25,20581
2022-10-03 18:58:03,1,1,3691.25,20582
2022-10-03 18:58:07,1,-1,3691.0,20581
2022-10-03 18:58:10,6,-6,3691.0,20575
2022-10-03 18:58:11,8,-4,3691.0,20571
2022-10-03 18:58:14,4,-5,3690.75,20566
2022-10-03 18:58:17,1,1,3690.75,20567
2022-10-03 18:58:19,12,0,3690.75,20567
2022-10-03 18:58:20,1,1,3691.0,20568
2022-10-03 18:58:21,5,5,3691.0,20573
2022-10-03 18:58:23,4,2,3691.25,20575
2022-10-03 18:58:28,9,-4,3691.0,20571
2022-10-03 18:58:30,2,-2,3690.75,20569
2022-10-03 18:58:33,1,1,3690.75,20570
2022-10-03 18:58:34,7,7,3690.75,20577
2022-10-03 18:58:35,2,-2,3690.75,20575
2022-10-03 18:58:36,2,-2,3690.5,20573
2022-10-03 18:58:41,1,-1,3690.25,20572
2022-10-03 18:58:42,1,-1,3690.25,20571
2022-10-03 18:58:45,2,-2,3690.25,20569
2022-10-03 18:58:49,20,-10,3690.25,20559
2022-10-03 18:58:53,1,1,3690.5,20560
2022-10-03 18:58:56,2,0,3690.5,20560
2022-10-03 18:58:58,1,-1,3690.25,20559
2022-10-03 18:59:00,3,3,3690.5,20562
2022-10-03 18:59:06,1,-1,3690.25,20561
2022-10-03 18:59:09,16,-25,3690.25,20536
2022-10-03 18:59:10,2,-2,3690.0,20534
2022-10-03 18:59:13,1,-1,3690.0,20533
2022-10-03 18:59:16,15,-11,3690.0,20522
2022-10-03 18:59:20,4,4,3690.0,20526
2022-10-03 18:59:21,1,-1,3690.0,20525
2022-10-03 18:59:23,1,-1,3690.0,20524
2022-10-03 18:59:26,4,4,3690.5,20528
2022-10-03 18:59:27,17,-22,3690.5,20506
2022-10-03 18:59:29,1,1,3690.5,20507
2022-10-03 18:59:30,2,-2,3690.25,20505
2022-10-03 18:59:38,1,-1,3690.25,20504
2022-10-03 18:59:40,1,-1,3690.25,20503
2022-10-03 18:59:41,1,-1,3690.25,20502
2022-10-03 18:59:45,4,2,3690.25,20504
2022-10-03 18:59:53,1,1,3690.75,20505
2022-10-03 19:00:00,115,68,3691.25,20573
2022-10-03 19:00:01,2,2,3690.5,20575
2022-10-03 19:00:02,17,10,3690.5,20585
2022-10-03 19:00:03,1,-1,3690.25,20584
2022-10-03 19:00:04,1,1,3690.25,20585
2022-10-03 19:00:06,2,-2,3690.0,20583
2022-10-03 19:00:07,4,-2,3690.0,20581
2022-10-03 19:00:08,5,-5,3690.0,20576
2022-10-03 19:00:09,1,-1,3690.0,20575
2022-10-03 19:00:13,2,2,3690.0,20577
2022-10-03 19:00:14,11,11,3690.0,20588
2022-10-03 19:00:15,3,2,3690.25,20590
2022-10-03 19:00:18,1,1,3690.5,20591
2022-10-03 19:00:19,4,2,3690.5,20593
2022-10-03 19:00:25,1,1,3690.5,20594
2022-10-03 19:00:30,1,-1,3690.25,20593
2022-10-03 19:00:31,15,5,3690.75,20598
2022-10-03 19:00:32,5,5,3690.75,20603
2022-10-03 19:00:35,3,-1,3691.0,20602
2022-10-03 19:00:37,12,4,3691.0,20606
2022-10-03 19:00:39,1,1,3691.25,20607
2022-10-03 19:00:42,1,1,3691.25,20608
2022-10-03 19:00:43,2,2,3691.25,20610
2022-10-03 19:00:44,4,2,3691.25,20612
2022-10-03 19:00:46,11,5,3691.5,20617
2022-10-03 19:00:47,2,2,3691.5,20619
2022-10-03 19:00:48,4,4,3691.75,20623
2022-10-03 19:00:49,7,-1,3691.75,20622
2022-10-03 19:00:50,6,4,3691.75,20626
2022-10-03 19:00:51,28,17,3692.5,20643
2022-10-03 19:00:52,36,7,3692.5,20650
2022-10-03 19:00:53,32,-7,3692.25,20643
2022-10-03 19:00:55,1,-1,3691.75,20642
2022-10-03 19:00:56,7,-5,3692.25,20637
2022-10-03 19:00:57,11,2,3692.25,20639
2022-10-03 19:00:58,1,-1,3691.75,20638
2022-10-03 19:00:59,11,-3,3691.75,20635
2022-10-03 19:01:00,1,-1,3691.5,20634
2022-10-03 19:01:01,12,-7,3691.5,20627
2022-10-03 19:01:03,1,1,3691.75,20628
2022-10-03 19:01:04,2,1,3691.5,20629
2022-10-03 19:01:05,2,2,3691.5,20631
2022-10-03 19:01:06,1,-1,3691.25,20630
2022-10-03 19:01:07,1,1,3691.5,20631
2022-10-03 19:01:08,1,1,3691.75,20632
2022-10-03 19:01:11,1,-1,3691.25,20631
2022-10-03 19:01:12,1,-1,3691.25,20630
2022-10-03 19:01:13,4,-2,3691.5,20628
2022-10-03 19:01:15,3,-3,3691.25,20625
2022-10-03 19:01:18,4,-4,3691.25,20621
2022-10-03 19:01:20,3,2,3691.25,20623
2022-10-03 19:01:22,6,-1,3691.5,20622
2022-10-03 19:01:24,1,1,3691.5,20623
2022-10-03 19:01:27,4,4,3691.5,20627
2022-10-03 19:01:29,2,2,3692.0,20629
2022-10-03 19:01:30,3,1,3691.75,20630
2022-10-03 19:01:33,1,1,3691.75,20631
2022-10-03 19:01:34,5,1,3692.0,20632
2022-10-03 19:01:37,1,1,3691.75,20633
2022-10-03 19:01:40,9,-9,3691.5,20624
2022-10-03 19:01:46,1,-1,3691.5,20623
2022-10-03 19:01:50,24,6,3691.75,20629
2022-10-03 19:01:52,5,1,3691.75,20630
2022-10-03 19:01:55,2,2,3692.0,20632
2022-10-03 19:01:57,9,4,3692.0,20636
2022-10-03 19:01:58,10,6,3692.25,20642
2022-10-03 19:01:59,1,1,3692.5,20643
2022-10-03 19:02:01,2,-2,3692.25,20641
2022-10-03 19:02:02,17,-13,3692.25,20628
2022-10-03 19:02:04,1,-1,3692.25,20627
2022-10-03 19:02:05,1,1,3692.5,20628
2022-10-03 19:02:07,3,3,3692.25,20631
2022-10-03 19:02:09,11,2,3692.25,20633
2022-10-03 19:02:10,10,-2,3692.0,20631
2022-10-03 19:02:11,1,-1,3691.75,20630
2022-10-03 19:02:12,2,-2,3691.5,20628
2022-10-03 19:02:15,1,1,3692.0,20629
2022-10-03 19:02:17,2,-1,3691.75,20628
2022-10-03 19:02:19,2,-1,3691.75,20627
2022-10-03 19:02:20,8,4,3691.75,20631
2022-10-03 19:02:23,69,52,3692.5,20683
2022-10-03 19:02:26,2,-2,3692.0,20681
2022-10-03 19:02:31,16,-7,3692.0,20674
2022-10-03 19:02:35,3,2,3692.25,20676
2022-10-03 19:02:37,1,-1,3692.0,20675
2022-10-03 19:02:38,2,1,3692.25,20676
2022-10-03 19:02:40,10,-7,3692.0,20669
2022-10-03 19:02:46,2,2,3692.25,20671
2022-10-03 19:02:47,1,-1,3692.0,20670
2022-10-03 19:02:49,432,349,3695.25,21019
2022-10-03 19:02:50,2,-2,3694.0,21017
2022-10-03 19:02:51,6,-6,3694.0,21011
2022-10-03 19:02:52,1,-1,3693.75,21010
2022-10-03 19:02:53,30,-14,3694.0,20996
2022-10-03 19:02:54,1,-1,3693.5,20995
2022-10-03 19:02:55,33,-3,3693.5,20992
2022-10-03 19:02:56,10,7,3693.5,20999
2022-10-03 19:02:57,17,9,3694.0,21008
2022-10-03 19:02:59,14,-6,3694.25,21002
2022-10-03 19:03:00,5,1,3694.25,21003
2022-10-03 19:03:01,4,2,3694.25,21005
2022-10-03 19:03:02,8,-7,3694.0,20998
2022-10-03 19:03:03,2,0,3694.25,20998
2022-10-03 19:03:06,4,-1,3694.0,20997
2022-10-03 19:03:07,3,-3,3694.0,20994
2022-10-03 19:03:08,4,0,3694.0,20994
2022-10-03 19:03:09,4,-2,3693.75,20992
2022-10-03 19:03:10,3,-3,3693.5,20989
2022-10-03 19:03:11,3,2,3693.5,20991
2022-10-03 19:03:15,119,25,3694.0,21016
2022-10-03 19:03:16,3,-3,3693.5,21013
2022-10-03 19:03:17,1,1,3693.75,21014
2022-10-03 19:03:18,2,2,3693.75,21016
2022-10-03 19:03:22,4,2,3694.25,21018
2022-10-03 19:03:24,1,1,3694.25,21019
2022-10-03 19:03:26,8,-4,3694.25,21015
2022-10-03 19:03:27,2,-2,3694.0,21013
2022-10-03 19:03:28,27,34,3694.75,21047
2022-10-03 19:03:29,8,-2,3694.75,21045
2022-10-03 19:03:30,1,-1,3694.5,21044
2022-10-03 19:03:32,12,-14,3694.5,21030
2022-10-03 19:03:33,2,0,3694.5,21030
2022-10-03 19:03:34,9,-2,3694.5,21028
2022-10-03 19:03:35,3,3,3694.5,21031
2022-10-03 19:03:38,1,1,3694.5,21032
2022-10-03 19:03:39,4,-4,3694.25,21028
2022-10-03 19:03:40,7,-7,3694.0,21021
2022-10-03 19:03:41,1,1,3694.0,21022
2022-10-03 19:03:43,11,-8,3693.75,21014
2022-10-03 19:03:46,2,-2,3693.5,21012
2022-10-03 19:03:51,2,-1,3693.5,21011
2022-10-03 19:03:52,2,0,3693.75,21011
2022-10-03 19:03:55,17,6,3693.75,21017
2022-10-03 19:03:56,2,-2,3693.5,21015
2022-10-03 19:03:59,1,-1,3693.5,21014
2022-10-03 19:04:00,9,-1,3693.75,21013
2022-10-03 19:04:01,1,-1,3693.5,21012
2022-10-03 19:04:02,1,1,3693.75,21013
2022-10-03 19:04:03,1,-1,3693.5,21012
2022-10-03 19:04:04,6,5,3693.75,21017
2022-10-03 19:04:07,1,1,3693.75,21018
2022-10-03 19:04:10,1,-1,3693.75,21017
2022-10-03 19:04:11,8,7,3694.0,21024
2022-10-03 19:04:15,5,-5,3694.25,21019
2022-10-03 19:04:17,1,-1,3694.0,21018
2022-10-03 19:04:18,3,3,3694.5,21021
2022-10-03 19:04:20,4,-4,3694.0,21017
2022-10-03 19:04:21,8,4,3694.25,21021
2022-10-03 19:04:22,1,1,3694.25,21022
2022-10-03 19:04:30,9,5,3694.25,21027
2022-10-03 19:04:33,2,0,3694.25,21027
2022-10-03 19:04:37,1,-1,3694.0,21026
2022-10-03 19:04:40,9,2,3694.25,21028
2022-10-03 19:04:42,19,5,3694.5,21033
2022-10-03 19:04:44,3,-3,3694.25,21030
2022-10-03 19:04:45,1,1,3694.25,21031
2022-10-03 19:04:46,2,-2,3694.0,21029
2022-10-03 19:04:47,2,0,3694.25,21029
2022-10-03 19:04:49,7,-1,3694.25,21028
2022-10-03 19:04:50,3,1,3694.25,21029
2022-10-03 19:04:52,6,-3,3694.25,21026
2022-10-03 19:04:53,3,-3,3693.75,21023
2022-10-03 19:04:57,3,-1,3693.75,21022
2022-10-03 19:04:59,31,-7,3694.0,21015
2022-10-03 19:05:00,3,-3,3694.0,21012
2022-10-03 19:05:02,6,4,3694.25,21016
2022-10-03 19:05:04,2,2,3694.5,21018
2022-10-03 19:05:05,4,-4,3694.25,21014
2022-10-03 19:05:06,27,25,3694.5,21039
2022-10-03 19:05:07,5,2,3694.5,21041
2022-10-03 19:05:09,12,-1,3694.5,21040
2022-10-03 19:05:10,3,3,3694.5,21043
2022-10-03 19:05:14,4,2,3694.5,21045
2022-10-03 19:05:17,2,2,3694.75,21047
2022-10-03 19:05:18,1,-1,3694.5,21046
2022-10-03 19:05:20,1,-1,3694.5,21045
2022-10-03 19:05:22,1,1,3694.5,21046
2022-10-03 19:05:23,18,7,3694.75,21053
2022-10-03 19:05:24,2,2,3694.75,21055
2022-10-03 19:05:26,5,2,3694.75,21057
2022-10-03 19:05:28,1,1,3694.75,21058
2022-10-03 19:05:29,1,-1,3694.5,21057
2022-10-03 19:05:30,6,0,3694.5,21057
2022-10-03 19:05:37,7,-3,3694.5,21054
2022-10-03 19:05:38,1,1,3694.5,21055
2022-10-03 19:05:39,1,-1,3694.5,21054
2022-10-03 19:05:46,6,-3,3694.5,21051
2022-10-03 19:05:47,1,-1,3694.5,21050
2022-10-03 19:05:48,4,2,3694.5,21052
2022-10-03 19:05:50,3,-3,3694.5,21049
2022-10-03 19:05:52,8,-1,3694.75,21048
2022-10-03 19:05:56,1,-1,3694.5,21047
2022-10-03 19:05:58,1,-1,3694.5,21046
2022-10-03 19:06:00,5,-1,3694.5,21045
2022-10-03 19:06:10,3,3,3694.5,21048
2022-10-03 19:06:13,22,-14,3694.25,21034
2022-10-03 19:06:17,2,0,3694.5,21034
2022-10-03 19:06:18,6,-6,3694.25,21028
2022-10-03 19:06:20,2,2,3694.25,21030
2022-10-03 19:06:30,3,1,3694.25,21031
2022-10-03 19:06:33,32,-15,3694.0,21016
2022-10-03 19:06:34,3,-3,3693.75,21013
2022-10-03 19:06:35,12,-8,3693.75,21005
2022-10-03 19:06:37,3,1,3694.0,21006
2022-10-03 19:06:38,5,5,3694.0,21011
2022-10-03 19:06:42,4,0,3694.0,21011
2022-10-03 19:06:49,22,-16,3693.75,20995
2022-10-03 19:06:50,4,2,3693.5,20997
2022-10-03 19:06:51,4,-4,3693.5,20993
2022-10-03 19:06:52,23,22,3693.75,21015
2022-10-03 19:06:53,2,-2,3693.5,21013
2022-10-03 19:06:55,1,-1,3693.5,21012
2022-10-03 19:06:56,13,0,3693.75,21012
2022-10-03 19:06:57,1,-1,3693.25,21011
2022-10-03 19:07:00,1,1,3693.5,21012
2022-10-03 19:07:02,2,-2,3693.25,21010
2022-10-03 19:07:04,17,-6,3693.25,21004
2022-10-03 19:07:05,5,3,3693.25,21007
2022-10-03 19:07:08,4,-3,3693.25,21004
2022-10-03 19:07:10,3,-3,3693.0,21001
2022-10-03 19:07:15,5,-3,3693.5,20998
2022-10-03 19:07:20,4,-2,3693.25,20996
2022-10-03 19:07:23,2,0,3693.25,20996
2022-10-03 19:07:26,14,-8,3693.0,20988
2022-10-03 19:07:27,1,1,3693.0,20989
2022-10-03 19:07:28,8,-6,3692.75,20983
2022-10-03 19:07:29,6,-2,3692.75,20981
2022-10-03 19:07:30,5,-1,3692.75,20980
2022-10-03 19:07:35,1,-1,3692.75,20979
2022-10-03 19:07:36,2,0,3693.0,20979
2022-10-03 19:07:39,3,3,3693.0,20982
2022-10-03 19:07:42,1,1,3693.0,20983
2022-10-03 19:07:45,4,3,3693.0,20986
2022-10-03 19:07:49,1,-1,3693.0,20985
2022-10-03 19:07:51,1,-1,3692.75,20984
2022-10-03 19:07:55,1,-1,3692.75,20983
2022-10-03 19:07:57,6,-1,3692.75,20982
2022-10-03 19:07:58,1,-1,3692.75,20981
2022-10-03 19:07:59,5,1,3692.75,20982
2022-10-03 19:08:00,6,-4,3693.0,20978
2022-10-03 19:08:01,1,1,3693.0,20979
2022-10-03 19:08:03,3,3,3693.0,20982
2022-10-03 19:08:04,2,-2,3692.75,20980
2022-10-03 19:08:09,1,-1,3692.75,20979
2022-10-03 19:08:14,2,2,3693.0,20981
2022-10-03 19:08:16,4,4,3693.0,20985
2022-10-03 19:08:20,3,1,3693.25,20986
2022-10-03 19:08:26,1,1,3693.25,20987
2022-10-03 19:08:32,3,-2,3693.0,20985
2022-10-03 19:08:34,1,-1,3692.75,20984
2022-10-03 19:08:37,4,0,3693.0,20984
2022-10-03 19:08:38,2,2,3693.0,20986
2022-10-03 19:08:42,11,8,3693.0,20994
2022-10-03 19:08:45,14,6,3693.0,21000
2022-10-03 19:08:47,2,-2,3692.75,20998
2022-10-03 19:08:50,8,8,3693.0,21006
2022-10-03 19:08:51,2,2,3693.25,21008
2022-10-03 19:08:53,9,9,3693.5,21017
2022-10-03 19:08:55,13,7,3693.75,21024
2022-10-03 19:08:56,1,1,3693.75,21025
2022-10-03 19:08:57,4,2,3693.75,21027
2022-10-03 19:08:59,11,11,3694.0,21038
2022-10-03 19:09:00,12,11,3694.25,21049
2022-10-03 19:09:02,2,-2,3694.0,21047
2022-10-03 19:09:07,11,8,3694.25,21055
2022-10-03 19:09:08,2,-2,3694.25,21053
2022-10-03 19:09:09,2,2,3694.25,21055
2022-10-03 19:09:15,1,-1,3694.0,21054
2022-10-03 19:09:16,7,-7,3694.0,21047
2022-10-03 19:09:18,2,2,3694.0,21049
2022-10-03 19:09:19,1,-1,3694.0,21048
2022-10-03 19:09:25,1,-1,3694.0,21047
2022-10-03 19:09:30,2,-2,3694.0,21045
2022-10-03 19:09:32,1,-1,3694.0,21044
2022-10-03 19:09:33,1,-1,3694.0,21043
2022-10-03 19:09:35,2,-1,3694.0,21042
2022-10-03 19:09:36,1,1,3694.0,21043
2022-10-03 19:09:39,1,-1,3693.75,21042
2022-10-03 19:09:42,1,-1,3693.75,21041
2022-10-03 19:09:46,1,1,3694.25,21042
2022-10-03 19:09:50,3,-3,3694.0,21039
2022-10-03 19:09:54,4,4,3694.25,21043
2022-10-03 19:09:55,1,1,3694.25,21044
2022-10-03 19:09:56,5,5,3694.5,21049
2022-10-03 19:10:00,5,-4,3694.25,21045
2022-10-03 19:10:01,10,10,3694.5,21055
2022-10-03 19:10:02,1,-1,3694.5,21054
2022-10-03 19:10:04,8,-4,3694.75,21050
2022-10-03 19:10:06,1,-1,3694.5,21049
2022-10-03 19:10:07,3,3,3694.75,21052
2022-10-03 19:10:08,1,-1,3694.5,21051
2022-10-03 19:10:10,1,-1,3694.5,21050
2022-10-03 19:10:11,8,-8,3694.5,21042
2022-10-03 19:10:12,2,2,3694.75,21044
2022-10-03 19:10:14,30,25,3695.0,21069
2022-10-03 19:10:16,49,15,3695.75,21084
2022-10-03 19:10:17,1,1,3695.5,21085
2022-10-03 19:10:20,6,-6,3695.25,21079
2022-10-03 19:10:21,2,-2,3695.25,21077
2022-10-03 19:10:23,1,1,3695.5,21078
2022-10-03 19:10:24,7,-7,3695.25,21071
2022-10-03 19:10:25,1,1,3695.25,21072
2022-10-03 19:10:26,3,2,3695.25,21074
2022-10-03 19:10:27,2,-2,3695.0,21072
2022-10-03 19:10:29,8,-8,3695.0,21064
2022-10-03 19:10:31,6,-6,3694.75,21058
2022-10-03 19:10:32,2,1,3694.25,21059
2022-10-03 19:10:37,15,5,3694.25,21064
2022-10-03 19:10:38,1,-1,3694.25,21063
2022-10-03 19:10:39,7,-7,3694.0,21056
2022-10-03 19:10:41,2,-2,3694.0,21054
2022-10-03 19:10:42,1,-1,3694.0,21053
2022-10-03 19:10:46,10,-2,3694.25,21051
2022-10-03 19:10:48,2,2,3694.25,21053
2022-10-03 19:10:52,7,-7,3694.25,21046
2022-10-03 19:10:55,4,-1,3694.0,21045
2022-10-03 19:10:58,1,1,3694.25,21046
2022-10-03 19:10:59,10,9,3694.5,21055
2022-10-03 19:11:00,2,2,3694.25,21057
2022-10-03 19:11:01,6,-6,3694.0,21051
2022-10-03 19:11:02,2,-2,3694.0,21049
2022-10-03 19:11:04,1,-1,3693.75,21048
2022-10-03 19:11:05,7,-5,3694.0,21043
2022-10-03 19:11:06,3,-1,3694.0,21042
2022-10-03 19:11:10,8,7,3694.0,21049
2022-10-03 19:11:16,2,-2,3694.0,21047
2022-10-03 19:11:18,5,-4,3694.0,21043
2022-10-03 19:11:19,1,-1,3693.75,21042
2022-10-03 19:11:20,1,-1,3693.75,21041
2022-10-03 19:11:22,5,-5,3693.5,21036
2022-10-03 19:11:23,1,1,3693.75,21037
2022-10-03 19:11:24,2,-2,3693.5,21035
2022-10-03 19:11:27,2,0,3693.75,21035
2022-10-03 19:11:34,2,-2,3693.75,21033
2022-10-03 19:11:39,2,0,3693.75,21033
2022-10-03 19:11:40,6,0,3694.0,21033
2022-10-03 19:11:41,2,-2,3693.75,21031
2022-10-03 19:11:43,5,5,3694.0,21036
2022-10-03 19:11:45,58,-76,3694.0,20960
2022-10-03 19:11:49,65,-69,3693.25,20891
2022-10-03 19:11:50,2,2,3693.25,20893
2022-10-03 19:11:52,6,-4,3693.0,20889
2022-10-03 19:11:55,26,-37,3693.25,20852
2022-10-03 19:11:56,12,-5,3692.75,20847
2022-10-03 19:11:57,3,-3,3692.5,20844
2022-10-03 19:11:58,3,-1,3692.75,20843
2022-10-03 19:11:59,1,-1,3692.5,20842
2022-10-03 19:12:00,15,3,3692.75,20845
2022-10-03 19:12:01,2,2,3693.0,20847
2022-10-03 19:12:02,1,-1,3692.75,20846
2022-10-03 19:12:04,1,1,3693.0,20847
2022-10-03 19:12:05,2,0,3693.0,20847
2022-10-03 19:12:06,3,-3,3692.75,20844
2022-10-03 19:12:12,24,26,3693.25,20870
2022-10-03 19:12:14,2,-2,3693.0,20868
2022-10-03 19:12:16,2,2,3693.25,20870
2022-10-03 19:12:19,3,1,3694.0,20871
2022-10-03 19:12:20,4,1,3693.75,20872
2022-10-03 19:12:23,1,1,3693.75,20873
2022-10-03 19:12:24,1,-1,3693.5,20872
2022-10-03 19:12:26,3,-3,3693.5,20869
2022-10-03 19:12:31,1,-1,3693.5,20868
2022-10-03 19:12:32,3,-3,3693.5,20865
2022-10-03 19:12:40,2,-2,3693.5,20863
2022-10-03 19:12:41,1,1,3693.5,20864
2022-10-03 19:12:42,5,5,3693.5,20869
2022-10-03 19:12:46,8,8,3693.75,20877
2022-10-03 19:12:49,8,8,3693.75,20885
2022-10-03 19:12:53,2,2,3694.0,20887
2022-10-03 19:12:55,18,10,3694.25,20897
2022-10-03 19:12:57,15,14,3694.5,20911
2022-10-03 19:12:58,2,1,3694.25,20912
2022-10-03 19:12:59,6,-6,3694.0,20906
2022-10-03 19:13:03,2,-2,3693.75,20904
2022-10-03 19:13:05,5,5,3693.75,20909
2022-10-03 19:13:08,6,-1,3693.75,20908
2022-10-03 19:13:09,1,1,3693.75,20909
2022-10-03 19:13:12,4,-2,3693.75,20907
2022-10-03 19:13:17,12,-8,3693.5,20899
2022-10-03 19:13:19,1,-1,3693.5,20898
2022-10-03 19:13:20,2,-2,3693.5,20896
2022-10-03 19:13:24,3,-1,3693.5,20895
2022-10-03 19:13:28,2,2,3693.5,20897
2022-10-03 19:13:31,3,-3,3693.25,20894
2022-10-03 19:13:34,2,-1,3693.25,20893
2022-10-03 19:13:39,2,-2,3693.25,20891
2022-10-03 19:13:40,6,-3,3693.25,20888
2022-10-03 19:13:44,1,1,3693.25,20889
2022-10-03 19:13:50,14,8,3693.25,20897
2022-10-03 19:13:55,15,9,3693.5,20906
2022-10-03 19:13:57,1,-1,3693.5,20905
2022-10-03 19:14:00,7,7,3693.75,20912
2022-10-03 19:14:01,8,1,3693.75,20913
2022-10-03 19:14:03,2,1,3693.75,20914
2022-10-03 19:14:07,15,13,3694.0,20927
2022-10-03 19:14:08,14,10,3694.0,20937
2022-10-03 19:14:10,1,1,3694.25,20938
2022-10-03 19:14:11,24,16,3694.5,20954
2022-10-03 19:14:12,3,3,3694.75,20957
2022-10-03 19:14:14,12,3,3694.75,20960
2022-10-03 19:14:16,3,2,3694.75,20962
2022-10-03 19:14:17,2,-2,3694.75,20960
2022-10-03 19:14:18,1,-1,3694.75,20959
2022-10-03 19:14:20,3,3,3694.75,20962
2022-10-03 19:14:21,24,25,3695.0,20987
2022-10-03 19:14:22,2,0,3694.75,20987
2022-10-03 19:14:23,8,-4,3694.5,20983
2022-10-03 19:14:24,1,1,3694.75,20984
2022-10-03 19:14:25,3,-3,3694.5,20981
2022-10-03 19:14:27,2,2,3694.5,20983
2022-10-03 19:14:28,5,5,3694.5,20988
2022-10-03 19:14:31,2,-2,3694.5,20986
2022-10-03 19:14:35,1,-1,3694.5,20985
2022-10-03 19:14:40,1,-1,3694.5,20984
2022-10-03 19:14:41,3,-3,3694.5,20981
2022-10-03 19:14:43,5,-1,3694.75,20980
2022-10-03 19:14:49,8,4,3694.5,20984
2022-10-03 19:14:51,4,2,3694.75,20986
2022-10-03 19:14:52,1,-1,3694.5,20985
2022-10-03 19:14:54,2,-1,3694.5,20984
2022-10-03 19:14:55,1,-1,3694.5,20983
2022-10-03 19:14:58,5,5,3694.75,20988
2022-10-03 19:14:59,7,-5,3694.5,20983
2022-10-03 19:15:00,2,2,3694.5,20985
2022-10-03 19:15:01,3,-1,3694.5,20984
2022-10-03 19:15:05,1,-1,3694.25,20983
2022-10-03 19:15:06,1,-1,3694.25,20982
2022-10-03 19:15:09,1,-1,3694.5,20981
2022-10-03 19:15:14,17,5,3694.75,20986
2022-10-03 19:15:21,28,10,3695.0,20996
2022-10-03 19:15:22,14,-5,3695.0,20991
2022-10-03 19:15:24,19,4,3695.25,20995
2022-10-03 19:15:25,18,1,3695.0,20996
2022-10-03 19:15:26,2,2,3695.25,20998
2022-10-03 19:15:27,11,-8,3695.0,20990
2022-10-03 19:15:28,3,1,3695.25,20991
2022-10-03 19:15:29,1,-1,3695.0,20990
2022-10-03 19:15:30,11,7,3695.25,20997
2022-10-03 19:15:33,2,2,3695.25,20999
2022-10-03 19:15:34,1,1,3695.25,21000
2022-10-03 19:15:42,1,-1,3695.0,20999
2022-10-03 19:15:43,4,4,3695.25,21003
2022-10-03 19:15:44,34,28,3695.5,21031
2022-10-03 19:15:45,3,3,3695.5,21034
2022-10-03 19:15:46,1,1,3695.5,21035
2022-10-03 19:15:48,8,0,3695.5,21035
2022-10-03 19:15:49,1,1,3695.75,21036
2022-10-03 19:15:51,1,1,3695.75,21037
2022-10-03 19:15:52,2,-1,3695.5,21036
2022-10-03 19:15:53,12,-8,3695.5,21028
2022-10-03 19:15:55,1,1,3695.5,21029
2022-10-03 19:15:56,7,-7,3695.25,21022
2022-10-03 19:15:59,2,-2,3695.0,21020
2022-10-03 19:16:00,11,-4,3695.25,21016
2022-10-03 19:16:01,3,3,3695.25,21019
2022-10-03 19:16:02,1,1,3695.25,21020
2022-10-03 19:16:03,12,-5,3695.25,21015
2022-10-03 19:16:09,7,-2,3695.25,21013
2022-10-03 19:16:12,2,1,3695.25,21014
2022-10-03 19:16:13,1,-1,3695.25,21013
2022-10-03 19:16:15,4,0,3695.25,21013
2022-10-03 19:16:16,1,-1,3695.25,21012
2022-10-03 19:16:21,22,17,3695.5,21029
2022-10-03 19:16:22,11,11,3695.75,21040
2022-10-03 19:16:25,17,15,3696.0,21055
2022-10-03 19:16:27,94,43,3697.0,21098
2022-10-03 19:16:29,4,4,3696.75,21102
2022-10-03 19:16:30,3,0,3697.0,21102
2022-10-03 19:16:32,2,-2,3696.25,21100
2022-10-03 19:16:33,11,8,3696.5,21108
2022-10-03 19:16:34,5,0,3696.75,21108
2022-10-03 19:16:35,32,22,3696.75,21130
2022-10-03 19:16:36,24,-1,3696.75,21129
2022-10-03 19:16:37,14,2,3696.5,21131
2022-10-03 19:16:39,2,2,3696.75,21133
2022-10-03 19:16:40,21,8,3697.0,21141
2022-10-03 19:16:44,5,-4,3696.75,21137
2022-10-03 19:16:45,2,0,3696.75,21137
2022-10-03 19:16:46,15,-6,3696.5,21131
2022-10-03 19:16:48,7,6,3696.5,21137
2022-10-03 19:16:50,1,1,3696.75,21138
2022-10-03 19:16:53,1,1,3696.75,21139
2022-10-03 19:16:54,1,1,3696.75,21140
2022-10-03 19:16:56,1,-1,3696.5,21139
2022-10-03 19:16:57,14,-6,3696.75,21133
2022-10-03 19:16:58,1,-1,3696.5,21132
2022-10-03 19:17:00,1,-1,3696.5,21131
2022-10-03 19:17:01,20,10,3696.75,21141
2022-10-03 19:17:02,6,-2,3696.75,21139
2022-10-03 19:17:03,3,-3,3696.75,21136
2022-10-03 19:17:04,3,3,3697.0,21139
2022-10-03 19:17:05,4,-2,3697.0,21137
2022-10-03 19:17:06,3,-2,3696.75,21135
2022-10-03 19:17:07,4,4,3696.75,21139
2022-10-03 19:17:08,2,2,3697.0,21141
2022-10-03 19:17:09,6,-1,3696.75,21140
2022-10-03 19:17:11,4,0,3697.0,21140
2022-10-03 19:17:14,6,4,3696.75,21144
2022-10-03 19:17:17,6,3,3696.75,21147
2022-10-03 19:17:18,1,-1,3696.75,21146
2022-10-03 19:17:20,8,-2,3696.75,21144
2022-10-03 19:17:22,1,1,3696.75,21145
2022-10-03 19:17:24,5,1,3696.75,21146
2022-10-03 19:17:27,1,-1,3696.75,21145
2022-10-03 19:17:28,2,1,3697.0,21146
2022-10-03 19:17:31,4,1,3697.0,21147
2022-10-03 19:17:32,8,6,3697.0,21153
2022-10-03 19:17:34,4,-2,3696.75,21151
2022-10-03 19:17:36,6,-5,3696.5,21146
2022-10-03 19:17:42,4,-4,3696.25,21142
2022-10-03 19:17:43,23,-1,3696.5,21141
2022-10-03 19:17:44,4,-4,3696.25,21137
2022-10-03 19:17:45,3,-1,3696.5,21136
2022-10-03 19:17:46,1,-1,3696.25,21135
2022-10-03 19:17:47,2,0,3696.5,21135
2022-10-03 19:17:50,3,0,3696.25,21135
2022-10-03 19:17:51,5,-5,3696.0,21130
2022-10-03 19:17:52,1,1,3696.25,21131
2022-10-03 19:17:56,1,-1,3696.0,21130
2022-10-03 19:17:57,4,0,3696.0,21130
2022-10-03 19:18:01,1,-1,3695.75,21129
2022-10-03 19:18:04,1,-1,3695.75,21128
2022-10-03 19:18:05,1,1,3696.0,21129
2022-10-03 19:18:06,5,-5,3695.75,21124
2022-10-03 19:18:08,5,5,3696.0,21129
2022-10-03 19:18:09,3,-3,3696.0,21126
2022-10-03 19:18:11,3,3,3696.0,21129
2022-10-03 19:18:14,1,1,3696.0,21130
2022-10-03 19:18:16,1,-1,3695.75,21129
2022-10-03 19:18:17,1,1,3696.0,21130
2022-10-03 19:18:19,5,-2,3696.0,21128
2022-10-03 19:18:23,1,-1,3696.0,21127
2022-10-03 19:18:25,4,-4,3696.0,21123
2022-10-03 19:18:32,1,-1,3696.0,21122
2022-10-03 19:18:33,3,0,3696.0,21122
2022-10-03 19:18:37,9,-4,3696.0,21118
2022-10-03 19:18:39,5,5,3696.25,21123
2022-10-03 19:18:42,18,6,3696.25,21129
2022-10-03 19:18:45,11,7,3696.5,21136
2022-10-03 19:18:47,4,-1,3696.25,21135
2022-10-03 19:18:48,1,1,3696.5,21136
2022-10-03 19:18:49,1,-1,3696.25,21135
2022-10-03 19:18:51,13,7,3696.5,21142
2022-10-03 19:18:53,2,0,3696.5,21142
2022-10-03 19:18:55,1,1,3696.5,21143
2022-10-03 19:18:58,9,7,3696.5,21150
2022-10-03 19:19:00,2,-2,3696.5,21148
2022-10-03 19:19:01,1,1,3696.5,21149
2022-10-03 19:19:04,7,3,3696.75,21152
2022-10-03 19:19:07,3,-1,3696.75,21151
2022-10-03 19:19:11,17,11,3697.0,21162
2022-10-03 19:19:13,1,-1,3696.75,21161
2022-10-03 19:19:14,5,-3,3697.0,21158
2022-10-03 19:19:15,2,0,3697.0,21158
2022-10-03 19:19:20,2,0,3697.0,21158
2022-10-03 19:19:24,10,-5,3696.75,21153
2022-10-03 19:19:26,33,2,3697.0,21155
2022-10-03 19:19:27,2,-2,3696.75,21153
2022-10-03 19:19:28,7,-1,3696.5,21152
2022-10-03 19:19:29,18,-5,3696.5,21147
2022-10-03 19:19:30,1,-1,3696.25,21146
2022-10-03 19:19:32,5,-1,3696.5,21145
2022-10-03 19:19:34,1,1,3696.5,21146
2022-10-03 19:19:35,1,-1,3696.5,21145
2022-10-03 19:19:36,1,1,3696.75,21146
2022-10-03 19:19:38,14,3,3696.75,21149
2022-10-03 19:19:39,5,-3,3696.75,21146
2022-10-03 19:19:40,1,-1,3696.75,21145
2022-10-03 19:19:42,15,9,3697.0,21154
2022-10-03 19:19:43,22,15,3697.5,21169
2022-10-03 19:19:44,5,-2,3697.5,21167
2022-10-03 19:19:45,2,2,3697.5,21169
2022-10-03 19:19:46,14,6,3697.5,21175
2022-10-03 19:19:47,4,4,3697.75,21179
2022-10-03 19:19:48,11,8,3697.75,21187
2022-10-03 19:19:49,2,0,3697.75,21187
2022-10-03 19:19:50,3,3,3697.75,21190
2022-10-03 19:19:51,1,1,3697.75,21191
2022-10-03 19:19:52,12,6,3697.75,21197
2022-10-03 19:19:53,3,-3,3697.75,21194
2022-10-03 19:19:56,6,-4,3697.75,21190
2022-10-03 19:19:57,1,-1,3697.75,21189
2022-10-03 19:19:58,11,6,3698.0,21195
2022-10-03 19:19:59,6,-2,3697.75,21193
2022-10-03 19:20:00,1,1,3697.75,21194
2022-10-03 19:20:01,5,0,3697.5,21194
2022-10-03 19:20:02,2,2,3697.5,21196
2022-10-03 19:20:03,8,7,3697.75,21203
2022-10-03 19:20:05,3,-1,3697.75,21202
2022-10-03 19:20:06,6,4,3697.75,21206
2022-10-03 19:20:07,1,1,3697.75,21207
2022-10-03 19:20:08,27,22,3698.0,21229
2022-10-03 19:20:09,1,-1,3697.75,21228
2022-10-03 19:20:10,1,-1,3697.75,21227
2022-10-03 19:20:11,7,-4,3697.75,21223
2022-10-03 19:20:14,1,-1,3697.5,21222
2022-10-03 19:20:16,35,-24,3697.75,21198
2022-10-03 19:20:18,9,7,3697.25,21205
2022-10-03 19:20:19,5,-2,3697.25,21203
2022-10-03 19:20:20,1,-1,3697.0,21202
2022-10-03 19:20:22,3,-3,3697.25,21199
2022-10-03 19:20:23,1,1,3697.5,21200
2022-10-03 19:20:24,5,3,3697.5,21203
2022-10-03 19:20:28,9,8,3697.75,21211
2022-10-03 19:20:29,8,4,3697.75,21215
2022-10-03 19:20:35,1,-1,3697.75,21214
2022-10-03 19:20:36,2,2,3698.0,21216
2022-10-03 19:20:37,9,2,3698.0,21218
2022-10-03 19:20:38,15,-19,3697.75,21199
2022-10-03 19:20:40,1,1,3697.75,21200
2022-10-03 19:20:43,6,-3,3697.5,21197
2022-10-03 19:20:45,5,3,3697.5,21200
2022-10-03 19:20:47,7,7,3697.75,21207
2022-10-03 19:20:49,1,-1,3697.75,21206
2022-10-03 19:20:50,2,-2,3697.75,21204
2022-10-03 19:20:53,14,9,3698.0,21213
2022-10-03 19:20:54,46,41,3698.75,21254
2022-10-03 19:20:55,18,-8,3698.75,21246
2022-10-03 19:20:56,17,2,3698.75,21248
2022-10-03 19:20:57,16,13,3699.0,21261
2022-10-03 19:20:58,4,2,3699.0,21263
2022-10-03 19:20:59,1,-1,3699.0,21262
2022-10-03 19:21:00,12,11,3699.0,21273
2022-10-03 19:21:01,6,0,3699.25,21273
2022-10-03 19:21:02,9,-7,3699.0,21266
2022-10-03 19:21:03,3,-3,3699.0,21263
2022-10-03 19:21:04,4,-4,3699.0,21259
2022-10-03 19:21:05,3,1,3699.0,21260
2022-10-03 19:21:06,2,-2,3699.0,21258
2022-10-03 19:21:07,11,1,3699.25,21259
2022-10-03 19:21:08,98,88,3700.0,21347
2022-10-03 19:21:09,12,6,3700.0,21353
2022-10-03 19:21:10,30,23,3700.25,21376
2022-10-03 19:21:11,24,17,3700.25,21393
2022-10-03 19:21:12,1,1,3700.0,21394
2022-10-03 19:21:13,4,1,3700.25,21395
2022-10-03 19:21:14,2,0,3700.0,21395
2022-10-03 19:21:15,6,1,3700.25,21396
2022-10-03 19:21:16,11,6,3700.25,21402
2022-10-03 19:21:17,8,-8,3700.25,21394
2022-10-03 19:21:19,8,-4,3700.0,21390
2022-10-03 19:21:20,2,-1,3700.0,21389
2022-10-03 19:21:21,17,-8,3700.0,21381
2022-10-03 19:21:22,11,-1,3700.0,21380
2022-10-03 19:21:23,2,0,3700.0,21380
2022-10-03 19:21:24,3,1,3699.75,21381
2022-10-03 19:21:27,1,-1,3699.75,21380
2022-10-03 19:21:28,1,-1,3699.75,21379
2022-10-03 19:21:29,3,-3,3699.75,21376
2022-10-03 19:21:30,2,2,3699.75,21378
2022-10-03 19:21:31,1,-1,3699.75,21377
2022-10-03 19:21:32,4,-4,3699.75,21373
2022-10-03 19:21:33,1,-1,3699.75,21372
2022-10-03 19:21:34,2,-2,3699.75,21370
2022-10-03 19:21:35,1,-1,3699.75,21369
2022-10-03 19:21:36,13,9,3700.0,21378
2022-10-03 19:21:37,3,-3,3700.0,21375
2022-10-03 19:21:38,4,2,3700.0,21377
2022-10-03 19:21:40,4,-4,3699.75,21373
2022-10-03 19:21:41,11,-7,3699.75,21366
2022-10-03 19:21:44,1,1,3700.0,21367
2022-10-03 19:21:45,52,25,3700.5,21392
2022-10-03 19:21:47,41,41,3701.0,21433
2022-10-03 19:21:48,5,0,3701.0,21433
2022-10-03 19:21:49,23,12,3701.25,21445
2022-10-03 19:21:50,24,6,3701.5,21451
2022-10-03 19:21:51,75,-29,3701.0,21422
2022-10-03 19:21:52,4,1,3700.5,21423
2022-10-03 19:21:53,18,11,3700.75,21434
2022-10-03 19:21:54,10,-2,3700.75,21432
2022-10-03 19:21:55,5,-2,3700.75,21430
2022-10-03 19:21:56,7,-1,3700.5,21429
2022-10-03 19:21:57,11,7,3700.5,21436
2022-10-03 19:21:58,3,-3,3700.25,21433
2022-10-03 19:21:59,2,2,3700.5,21435
2022-10-03 19:22:00,4,-1,3700.25,21434
2022-10-03 19:22:01,1,1,3700.5,21435
2022-10-03 19:22:02,11,4,3700.5,21439
2022-10-03 19:22:04,4,-4,3700.5,21435
2022-10-03 19:22:06,9,-9,3700.5,21426
2022-10-03 19:22:07,7,4,3700.25,21430
2022-10-03 19:22:08,1,-1,3700.25,21429
2022-10-03 19:22:09,17,-2,3700.25,21427
2022-10-03 19:22:10,8,8,3700.5,21435
2022-10-03 19:22:11,1,1,3700.5,21436
2022-10-03 19:22:12,10,-7,3700.25,21429
2022-10-03 19:22:13,1,-1,3700.0,21428
2022-10-03 19:22:14,4,3,3700.5,21431
2022-10-03 19:22:15,1,-1,3700.25,21430
2022-10-03 19:22:16,2,0,3700.25,21430
2022-10-03 19:22:17,1,-1,3700.0,21429
2022-10-03 19:22:18,1,-1,3700.25,21428
2022-10-03 19:22:19,3,-2,3700.25,21426
2022-10-03 19:22:21,3,-2,3700.0,21424
2022-10-03 19:22:23,34,-12,3700.0,21412
2022-10-03 19:22:24,13,-1,3699.75,21411
2022-10-03 19:22:25,11,-8,3699.75,21403
2022-10-03 19:22:26,3,-1,3699.75,21402
2022-10-03 19:22:27,3,-3,3699.75,21399
2022-10-03 19:22:28,17,13,3700.0,21412
2022-10-03 19:22:29,1,-1,3699.75,21411
2022-10-03 19:22:30,3,-1,3700.0,21410
2022-10-03 19:22:32,1,1,3700.0,21411
2022-10-03 19:22:33,2,-2,3699.75,21409
2022-10-03 19:22:34,10,3,3700.0,21412
2022-10-03 19:22:38,7,-1,3700.25,21411
2022-10-03 19:22:40,15,-9,3700.0,21402
2022-10-03 19:22:41,2,-2,3699.75,21400
2022-10-03 19:22:43,3,-1,3700.0,21399
2022-10-03 19:22:46,31,-13,3699.75,21386
2022-10-03 19:22:47,1,1,3699.75,21387
2022-10-03 19:22:48,7,3,3700.25,21390
2022-10-03 19:22:54,1,-1,3700.25,21389
2022-10-03 19:22:55,6,0,3700.25,21389
2022-10-03 19:22:56,1,-1,3700.25,21388
2022-10-03 19:22:58,1,-1,3700.25,21387
2022-10-03 19:22:59,43,17,3700.75,21404
2022-10-03 19:23:00,1,-1,3700.75,21403
2022-10-03 19:23:01,6,5,3701.0,21408
2022-10-03 19:23:02,6,-2,3700.75,21406
2022-10-03 19:23:08,1,1,3700.75,21407
2022-10-03 19:23:10,12,-4,3700.5,21403
2022-10-03 19:23:12,1,-1,3700.5,21402
2022-10-03 19:23:13,5,-4,3700.5,21398
2022-10-03 19:23:14,2,0,3700.5,21398
2022-10-03 19:23:15,1,-1,3700.25,21397
2022-10-03 19:23:16,11,8,3700.5,21405
2022-10-03 19:23:17,6,-6,3700.25,21399
2022-10-03 19:23:18,4,-4,3700.25,21395
2022-10-03 19:23:21,3,-1,3700.5,21394
2022-10-03 19:23:23,1,1,3700.25,21395
2022-10-03 19:23:25,27,-11,3700.0,21384
2022-10-03 19:23:26,15,5,3700.0,21389
2022-10-03 19:23:29,2,-2,3699.75,21387
2022-10-03 19:23:30,2,-2,3699.75,21385
2022-10-03 19:23:33,1,-1,3699.75,21384
2022-10-03 19:23:34,2,-2,3699.75,21382
2022-10-03 19:23:35,5,5,3700.0,21387
2022-10-03 19:23:37,5,4,3700.0,21391
2022-10-03 19:23:40,2,-2,3700.0,21389
2022-10-03 19:23:41,8,4,3700.25,21393
2022-10-03 19:23:43,1,-1,3700.25,21392
2022-10-03 19:23:46,1,-1,3700.25,21391
2022-10-03 19:23:48,2,-2,3700.25,21389
2022-10-03 19:23:50,1,-1,3700.25,21388
2022-10-03 19:23:52,3,-1,3700.25,21387
2022-10-03 19:23:53,1,1,3700.25,21388
2022-10-03 19:23:55,1,-1,3700.25,21387
2022-10-03 19:23:56,4,-4,3700.25,21383
2022-10-03 19:23:57,1,1,3700.5,21384
2022-10-03 19:24:11,11,-3,3700.25,21381
2022-10-03 19:24:12,1,-1,3700.25,21380
2022-10-03 19:24:13,3,3,3700.5,21383
2022-10-03 19:24:19,3,-1,3700.5,21382
2022-10-03 19:24:23,2,2,3700.5,21384
2022-10-03 19:24:24,7,-5,3700.25,21379
2022-10-03 19:24:32,11,-7,3700.0,21372
2022-10-03 19:24:33,2,2,3700.0,21374
2022-10-03 19:24:34,6,1,3700.0,21375
2022-10-03 19:24:36,3,-1,3700.25,21374
2022-10-03 19:24:37,7,6,3700.0,21380
2022-10-03 19:24:38,3,-3,3700.0,21377
2022-10-03 19:24:39,3,1,3700.0,21378
2022-10-03 19:24:41,14,-18,3700.0,21360
2022-10-03 19:24:42,5,-3,3699.75,21357
2022-10-03 19:24:43,6,6,3699.75,21363
2022-10-03 19:24:44,9,0,3699.75,21363
2022-10-03 19:24:45,6,-5,3699.75,21358
2022-10-03 19:24:46,16,13,3700.0,21371
2022-10-03 19:24:47,7,-3,3700.0,21368
2022-10-03 19:24:48,8,-4,3700.0,21364
2022-10-03 19:24:55,41,-33,3700.0,21331
2022-10-03 19:24:56,3,-1,3700.0,21330
2022-10-03 19:24:57,1,1,3700.0,21331
2022-10-03 19:24:59,6,6,3700.0,21337
2022-10-03 19:25:00,2,-2,3699.75,21335
2022-10-03 19:25:01,9,-1,3699.75,21334
2022-10-03 19:25:02,2,-2,3699.5,21332
2022-10-03 19:25:04,4,-2,3699.5,21330
2022-10-03 19:25:05,7,-5,3699.5,21325
2022-10-03 19:25:07,3,-2,3699.25,21323
2022-10-03 19:25:08,8,-2,3699.25,21321
2022-10-03 19:25:10,15,-3,3699.25,21318
2022-10-03 19:25:11,1,-1,3699.0,21317
2022-10-03 19:25:12,2,-2,3699.0,21315
2022-10-03 19:25:13,1,-1,3699.0,21314
2022-10-03 19:25:21,9,9,3699.25,21323
2022-10-03 19:25:26,11,4,3699.25,21327
2022-10-03 19:25:33,2,-2,3699.25,21325
2022-10-03 19:25:36,4,-3,3699.25,21322
2022-10-03 19:25:39,12,-3,3699.25,21319
2022-10-03 19:25:40,3,3,3699.25,21322
2022-10-03 19:25:44,4,0,3699.25,21322
2022-10-03 19:25:46,3,3,3699.25,21325
2022-10-03 19:25:47,1,-1,3699.0,21324
2022-10-03 19:25:48,4,4,3699.25,21328
2022-10-03 19:25:55,1,-1,3699.25,21327
2022-10-03 19:25:58,28,40,3699.75,21367
2022-10-03 19:25:59,14,2,3699.75,21369
2022-10-03 19:26:01,7,-5,3699.75,21364
2022-10-03 19:26:02,1,-1,3699.75,21363
2022-10-03 19:26:04,1,1,3699.75,21364
2022-10-03 19:26:06,15,10,3700.0,21374
2022-10-03 19:26:09,1,1,3699.75,21375
2022-10-03 19:26:11,12,-1,3699.75,21374
2022-10-03 19:26:12,1,1,3700.0,21375
2022-10-03 19:26:14,3,-3,3699.75,21372
2022-10-03 19:26:23,4,-2,3699.75,21370
2022-10-03 19:26:29,8,-2,3699.5,21368
2022-10-03 19:26:31,3,-2,3699.5,21366
2022-10-03 19:26:33,14,4,3700.0,21370
2022-10-03 19:26:34,23,2,3699.75,21372
2022-10-03 19:26:36,3,3,3700.0,21375
2022-10-03 19:26:37,1,-1,3699.75,21374
2022-10-03 19:26:40,8,7,3700.0,21381
2022-10-03 19:26:41,15,9,3700.25,21390
2022-10-03 19:26:44,12,-12,3700.25,21378
2022-10-03 19:26:47,2,2,3700.5,21380
2022-10-03 19:26:48,13,8,3700.5,21388
2022-10-03 19:26:49,5,5,3700.5,21393
2022-10-03 19:26:50,3,3,3700.75,21396
2022-10-03 19:26:51,2,2,3700.75,21398
2022-10-03 19:26:52,2,2,3700.75,21400
2022-10-03 19:26:53,12,8,3700.75,21408
2022-10-03 19:26:54,3,-1,3701.0,21407
2022-10-03 19:26:55,2,-2,3700.5,21405
2022-10-03 19:26:57,2,-2,3700.25,21403
2022-10-03 19:26:59,2,-2,3700.25,21401
2022-10-03 19:27:00,1,-1,3700.0,21400
2022-10-03 19:27:01,7,1,3700.25,21401
2022-10-03 19:27:03,1,1,3700.25,21402
2022-10-03 19:27:05,7,-7,3700.0,21395
2022-10-03 19:27:06,3,1,3700.0,21396
2022-10-03 19:27:07,1,-1,3699.75,21395
2022-10-03 19:27:10,3,3,3700.0,21398
2022-10-03 19:27:13,1,1,3700.0,21399
2022-10-03 19:27:15,10,-2,3699.75,21397
2022-10-03 19:27:19,3,3,3699.75,21400
2022-10-03 19:27:20,3,-3,3699.75,21397
2022-10-03 19:27:22,1,1,3699.75,21398
2022-10-03 19:27:23,3,-1,3699.75,21397
2022-10-03 19:27:25,1,1,3699.75,21398
2022-10-03 19:27:27,17,-14,3699.5,21384
2022-10-03 19:27:29,12,-6,3699.25,21378
2022-10-03 19:27:31,1,-1,3699.25,21377
2022-10-03 19:27:33,1,-1,3699.25,21376
2022-10-03 19:27:34,4,-1,3699.5,21375
2022-10-03 19:27:36,5,1,3699.25,21376
2022-10-03 19:27:37,8,-6,3699.25,21370
2022-10-03 19:27:39,3,1,3699.25,21371
2022-10-03 19:27:40,15,15,3699.25,21386
2022-10-03 19:27:42,4,4,3699.5,21390
2022-10-03 19:27:44,3,3,3699.5,21393
2022-10-03 19:27:46,16,-4,3699.5,21389
2022-10-03 19:27:48,2,-2,3699.5,21387
2022-10-03 19:27:50,1,-1,3699.25,21386
2022-10-03 19:27:53,1,1,3699.5,21387
2022-10-03 19:27:54,6,-5,3699.25,21382
2022-10-03 19:27:55,1,-1,3699.0,21381
2022-10-03 19:27:56,3,3,3699.25,21384
2022-10-03 19:28:02,3,3,3699.25,21387
2022-10-03 19:28:03,2,2,3699.25,21389
2022-10-03 19:28:05,8,5,3699.5,21394
2022-10-03 19:28:06,2,2,3699.25,21396
2022-10-03 19:28:08,4,-2,3699.25,21394
2022-10-03 19:28:11,9,8,3699.25,21402
2022-10-03 19:28:12,1,-1,3699.0,21401
2022-10-03 19:28:13,9,-5,3699.0,21396
2022-10-03 19:28:14,1,1,3699.25,21397
2022-10-03 19:28:15,3,1,3699.0,21398
2022-10-03 19:28:16,5,-3,3699.0,21395
2022-10-03 19:28:17,1,1,3699.25,21396
2022-10-03 19:28:18,3,3,3699.0,21399
2022-10-03 19:28:19,1,1,3699.25,21400
2022-10-03 19:28:21,5,3,3699.25,21403
2022-10-03 19:28:22,8,0,3699.5,21403
2022-10-03 19:28:23,2,-2,3699.25,21401
2022-10-03 19:28:24,1,-1,3699.25,21400
2022-10-03 19:28:25,1,-1,3699.25,21399
2022-10-03 19:28:27,1,-1,3699.25,21398
2022-10-03 19:28:28,3,1,3699.25,21399
2022-10-03 19:28:29,3,-2,3699.25,21397
2022-10-03 19:28:30,1,-1,3699.0,21396
2022-10-03 19:28:33,2,-2,3699.0,21394
2022-10-03 19:28:34,1,-1,3699.0,21393
2022-10-03 19:28:35,14,-5,3699.0,21388
2022-10-03 19:28:36,1,-1,3698.75,21387
2022-10-03 19:28:38,8,2,3699.0,21389
2022-10-03 19:28:39,6,-4,3699.0,21385
2022-10-03 19:28:40,3,-3,3699.0,21382
2022-10-03 19:28:42,22,33,3699.5,21415
2022-10-03 19:28:43,1,1,3699.25,21416
2022-10-03 19:28:45,1,1,3699.25,21417
2022-10-03 19:28:48,1,1,3699.25,21418
2022-10-03 19:28:50,1,1,3699.25,21419
2022-10-03 19:28:51,3,-3,3699.0,21416
2022-10-03 19:28:52,1,-1,3699.0,21415
2022-10-03 19:28:56,1,1,3699.25,21416
2022-10-03 19:28:57,10,8,3699.25,21424
2022-10-03 19:28:59,11,7,3699.5,21431
2022-10-03 19:29:00,1,-1,3699.5,21430
2022-10-03 19:29:01,1,1,3699.75,21431
2022-10-03 19:29:03,3,-3,3699.5,21428
2022-10-03 19:29:07,14,9,3700.0,21437
2022-10-03 19:29:08,1,1,3700.0,21438
2022-10-03 19:29:10,3,3,3700.0,21441
2022-10-03 19:29:13,1,1,3700.0,21442
2022-10-03 19:29:15,1,1,3700.0,21443
2022-10-03 19:29:18,15,-7,3699.75,21436
2022-10-03 19:29:24,1,1,3700.0,21437
2022-10-03 19:29:25,4,-2,3700.0,21435
2022-10-03 19:29:26,5,-3,3699.75,21432
2022-10-03 19:29:28,2,-2,3699.75,21430
2022-10-03 19:29:31,3,-2,3699.75,21428
2022-10-03 19:29:33,3,-2,3699.75,21426
2022-10-03 19:29:34,7,-4,3699.75,21422
2022-10-03 19:29:39,5,3,3699.75,21425
2022-10-03 19:29:41,18,16,3700.0,21441
2022-10-03 19:29:42,4,-2,3700.0,21439
2022-10-03 19:29:44,1,-1,3700.0,21438
2022-10-03 19:29:45,15,10,3700.5,21448
2022-10-03 19:29:46,3,3,3700.5,21451
2022-10-03 19:29:49,4,1,3700.25,21452
2022-10-03 19:29:50,1,1,3700.5,21453
2022-10-03 19:29:51,11,0,3700.5,21453
2022-10-03 19:29:53,1,1,3700.75,21454
2022-10-03 19:29:55,1,1,3700.75,21455
2022-10-03 19:29:56,1,-1,3700.5,21454
2022-10-03 19:29:59,1,1,3700.5,21455
2022-10-03 19:30:00,11,2,3700.5,21457
2022-10-03 19:30:01,9,4,3700.75,21461
2022-10-03 19:30:03,4,0,3700.5,21461
2022-10-03 19:30:04,11,6,3701.0,21467
2022-10-03 19:30:06,2,-2,3700.5,21465
2022-10-03 19:30:10,10,-2,3700.25,21463
2022-10-03 19:30:11,1,-1,3700.25,21462
2022-10-03 19:30:12,8,-8,3700.25,21454
2022-10-03 19:30:13,3,3,3700.25,21457
2022-10-03 19:30:16,2,2,3700.25,21459
2022-10-03 19:30:18,1,-1,3700.0,21458
2022-10-03 19:30:21,14,-6,3700.0,21452
2022-10-03 19:30:22,2,0,3700.0,21452
2022-10-03 19:30:25,1,-1,3699.75,21451
2022-10-03 19:30:26,15,-9,3699.75,21442
2022-10-03 19:30:28,3,-3,3699.75,21439
2022-10-03 19:30:29,1,1,3700.0,21440
2022-10-03 19:30:31,9,7,3700.0,21447
2022-10-03 19:30:35,1,-1,3700.0,21446
2022-10-03 19:30:36,1,-1,3700.0,21445
2022-10-03 19:30:37,2,0,3700.25,21445
2022-10-03 19:30:38,22,19,3700.5,21464
2022-10-03 19:30:44,5,4,3700.25,21468
2022-10-03 19:30:47,8,-4,3700.0,21464
2022-10-03 19:30:49,2,2,3700.0,21466
2022-10-03 19:30:50,20,10,3700.25,21476
2022-10-03 19:30:53,1,1,3700.25,21477
2022-10-03 19:30:54,17,5,3700.25,21482
2022-10-03 19:30:56,1,-1,3700.25,21481
2022-10-03 19:30:58,1,-1,3700.25,21480
2022-10-03 19:31:00,1,1,3700.5,21481
2022-10-03 19:31:04,2,-2,3700.25,21479
2022-10-03 19:31:05,1,1,3700.5,21480
2022-10-03 19:31:10,2,-2,3700.25,21478
2022-10-03 19:31:12,38,15,3700.75,21493
2022-10-03 19:31:14,20,15,3701.0,21508
2022-10-03 19:31:15,24,13,3701.5,21521
2022-10-03 19:31:16,48,9,3701.5,21530
2022-10-03 19:31:17,5,-3,3701.5,21527
2022-10-03 19:31:18,2,2,3701.5,21529
2022-10-03 19:31:19,10,-6,3701.5,21523
2022-10-03 19:31:21,4,-2,3701.0,21521
2022-10-03 19:31:22,1,1,3701.0,21522
2022-10-03 19:31:24,1,1,3701.0,21523
2022-10-03 19:31:26,1,-1,3700.75,21522
2022-10-03 19:31:27,1,1,3701.0,21523
2022-10-03 19:31:28,1,-1,3700.75,21522
2022-10-03 19:31:31,2,-2,3700.75,21520
2022-10-03 19:31:32,19,8,3700.75,21528
2022-10-03 19:31:33,1,1,3700.75,21529
2022-10-03 19:31:34,2,0,3701.0,21529
2022-10-03 19:31:35,6,2,3700.75,21531
2022-10-03 19:31:37,10,6,3701.0,21537
2022-10-03 19:31:38,3,-1,3701.25,21536
2022-10-03 19:31:41,5,4,3701.0,21540
2022-10-03 19:31:42,4,1,3701.0,21541
2022-10-03 19:31:44,5,3,3701.25,21544
2022-10-03 19:31:46,2,-2,3701.0,21542
2022-10-03 19:31:47,3,3,3701.0,21545
2022-10-03 19:31:49,1,1,3701.0,21546
2022-10-03 19:31:51,2,2,3701.0,21548
2022-10-03 19:31:52,1,-1,3700.75,21547
2022-10-03 19:31:53,20,-1,3700.75,21546
2022-10-03 19:32:00,25,0,3700.75,21546
2022-10-03 19:32:01,14,-14,3700.5,21532
2022-10-03 19:32:03,1,-1,3700.5,21531
2022-10-03 19:32:05,29,-14,3700.75,21517
2022-10-03 19:32:06,2,0,3700.75,21517
2022-10-03 19:32:13,4,2,3700.75,21519
2022-10-03 19:32:14,1,1,3700.75,21520
2022-10-03 19:32:16,3,-3,3700.75,21517
2022-10-03 19:32:17,4,0,3700.75,21517
2022-10-03 19:32:18,4,4,3700.75,21521
2022-10-03 19:32:20,1,-1,3700.75,21520
2022-10-03 19:32:22,1,1,3700.75,21521
2022-10-03 19:32:23,1,1,3701.0,21522
2022-10-03 19:32:24,10,10,3701.25,21532
2022-10-03 19:32:25,29,16,3701.25,21548
2022-10-03 19:32:27,25,11,3701.5,21559
2022-10-03 19:32:28,6,5,3701.75,21564
2022-10-03 19:32:29,2,2,3701.75,21566
2022-10-03 19:32:30,3,-1,3701.5,21565
2022-10-03 19:32:31,15,3,3701.75,21568
2022-10-03 19:32:32,4,-2,3701.75,21566
2022-10-03 19:32:33,11,6,3701.75,21572
2022-10-03 19:32:34,2,1,3701.75,21573
2022-10-03 19:32:36,2,0,3701.75,21573
2022-10-03 19:32:39,4,1,3701.75,21574
2022-10-03 19:32:43,2,1,3701.75,21575
2022-10-03 19:32:46,4,1,3701.75,21576
2022-10-03 19:32:48,62,-6,3701.75,21570
2022-10-03 19:32:49,33,18,3702.0,21588
2022-10-03 19:32:50,1,1,3702.0,21589
2022-10-03 19:32:51,1,-1,3701.75,21588
2022-10-03 19:32:52,15,-4,3702.0,21584
2022-10-03 19:32:53,14,5,3702.0,21589
2022-10-03 19:32:55,8,8,3702.0,21597
2022-10-03 19:32:56,11,7,3702.25,21604
2022-10-03 19:32:57,2,2,3702.25,21606
2022-10-03 19:32:58,4,3,3702.25,21609
2022-10-03 19:32:59,45,14,3702.5,21623
2022-10-03 19:33:00,10,-10,3702.0,21613
2022-10-03 19:33:02,14,-7,3701.75,21606
2022-10-03 19:33:03,9,3,3702.0,21609
2022-10-03 19:33:04,4,0,3701.75,21609
2022-10-03 19:33:05,1,1,3701.75,21610
2022-10-03 19:33:06,1,-1,3701.75,21609
2022-10-03 19:33:07,1,-1,3701.75,21608
2022-10-03 19:33:08,3,1,3701.75,21609
2022-10-03 19:33:09,4,4,3702.0,21613
2022-10-03 19:33:12,4,-4,3701.75,21609
2022-10-03 19:33:16,4,0,3701.75,21609
2022-10-03 19:33:18,2,2,3701.75,21611
2022-10-03 19:33:20,1,-1,3701.75,21610
2022-10-03 19:33:23,12,6,3701.75,21616
2022-10-03 19:33:28,37,-4,3701.75,21612
2022-10-03 19:33:32,7,-5,3701.75,21607
2022-10-03 19:33:33,2,0,3701.75,21607
2022-10-03 19:33:34,30,41,3702.25,21648
2022-10-03 19:33:35,16,-4,3701.75,21644
2022-10-03 19:33:36,6,-3,3701.5,21641
2022-10-03 19:33:37,1,-1,3701.5,21640
2022-10-03 19:33:38,1,-1,3701.5,21639
2022-10-03 19:33:39,2,0,3702.0,21639
2022-10-03 19:33:42,2,-2,3701.75,21637
2022-10-03 19:33:46,2,2,3701.75,21639
2022-10-03 19:33:47,7,0,3701.75,21639
2022-10-03 19:33:49,8,-3,3701.75,21636
2022-10-03 19:33:52,5,5,3701.75,21641
2022-10-03 19:33:53,3,3,3701.75,21644
2022-10-03 19:33:56,2,2,3702.0,21646
2022-10-03 19:33:58,6,-2,3701.75,21644
2022-10-03 19:34:01,3,-3,3701.75,21641
2022-10-03 19:34:02,4,-1,3701.75,21640
2022-10-03 19:34:03,2,0,3702.0,21640
2022-10-03 19:34:06,1,1,3701.75,21641
2022-10-03 19:34:10,1,1,3701.75,21642
2022-10-03 19:34:11,31,-11,3701.5,21631
2022-10-03 19:34:16,44,-18,3701.5,21613
2022-10-03 19:34:17,22,-10,3701.75,21603
2022-10-03 19:34:19,3,1,3701.75,21604
2022-10-03 19:34:20,1,-1,3701.5,21603
2022-10-03 19:34:28,82,-32,3701.5,21571
2022-10-03 19:34:31,57,-3,3701.0,21568
2022-10-03 19:34:32,2,2,3700.75,21570
2022-10-03 19:34:33,41,-15,3700.5,21555
2022-10-03 19:34:34,55,-42,3700.5,21513
2022-10-03 19:34:35,27,8,3699.75,21521
2022-10-03 19:34:36,5,-5,3699.75,21516
2022-10-03 19:34:37,4,-2,3699.75,21514
2022-10-03 19:34:38,7,-4,3699.5,21510
2022-10-03 19:34:39,6,-4,3699.5,21506
2022-10-03 19:34:40,7,1,3699.5,21507
2022-10-03 19:34:41,10,-10,3699.5,21497
2022-10-03 19:34:42,1,-1,3699.5,21496
2022-10-03 19:34:44,9,8,3699.75,21504
2022-10-03 19:34:45,11,5,3700.0,21509
2022-10-03 19:34:46,8,7,3700.0,21516
2022-10-03 19:34:47,2,2,3700.25,21518
2022-10-03 19:34:50,3,1,3700.25,21519
2022-10-03 19:34:51,1,-1,3700.0,21518
2022-10-03 19:34:54,16,-10,3700.0,21508
2022-10-03 19:34:55,1,1,3700.0,21509
2022-10-03 19:35:01,6,-6,3699.5,21503
2022-10-03 19:35:02,12,-8,3699.5,21495
2022-10-03 19:35:03,8,-5,3699.25,21490
2022-10-03 19:35:04,16,8,3699.5,21498
2022-10-03 19:35:05,1,-1,3699.25,21497
2022-10-03 19:35:06,8,-2,3699.25,21495
2022-10-03 19:35:07,28,-10,3699.25,21485
2022-10-03 19:35:08,2,2,3699.25,21487
2022-10-03 19:35:09,3,-2,3699.0,21485
2022-10-03 19:35:10,5,-5,3699.0,21480
2022-10-03 19:35:11,1,1,3699.25,21481
2022-10-03 19:35:12,3,-3,3699.0,21478
2022-10-03 19:35:13,7,-6,3699.0,21472
2022-10-03 19:35:14,4,-2,3699.0,21470
2022-10-03 19:35:15,31,4,3699.5,21474
2022-10-03 19:35:16,2,-2,3699.5,21472
2022-10-03 19:35:17,2,0,3699.75,21472
2022-10-03 19:35:21,13,9,3699.75,21481
2022-10-03 19:35:22,2,-2,3699.75,21479
2022-10-03 19:35:23,2,2,3699.75,21481
2022-10-03 19:35:25,4,-4,3699.5,21477
2022-10-03 19:35:27,5,5,3699.75,21482
2022-10-03 19:35:30,2,0,3699.5,21482
2022-10-03 19:35:31,1,-1,3699.25,21481
2022-10-03 19:35:33,2,-2,3699.5,21479
2022-10-03 19:35:38,6,-4,3699.75,21475
2022-10-03 19:35:40,1,-1,3699.25,21474
2022-10-03 19:35:41,1,1,3699.5,21475
2022-10-03 19:35:42,1,-1,3699.25,21474
2022-10-03 19:35:43,2,-2,3699.25,21472
2022-10-03 19:35:44,2,-2,3699.25,21470
2022-10-03 19:35:45,22,-14,3699.25,21456
2022-10-03 19:35:46,1,-1,3699.0,21455
2022-10-03 19:35:48,2,-2,3699.0,21453
2022-10-03 19:35:49,3,-1,3699.25,21452
2022-10-03 19:35:50,2,2,3699.25,21454
2022-10-03 19:35:51,1,1,3699.25,21455
2022-10-03 19:35:52,1,-1,3699.0,21454
2022-10-03 19:35:53,1,-1,3699.0,21453
2022-10-03 19:35:54,12,-10,3699.25,21443
2022-10-03 19:35:55,20,-10,3698.75,21433
2022-10-03 19:35:56,5,1,3698.75,21434
2022-10-03 19:35:57,5,-3,3698.75,21431
2022-10-03 19:35:58,1,-1,3698.5,21430
2022-10-03 19:35:59,1,-1,3698.75,21429
2022-10-03 19:36:00,3,-3,3698.75,21426
2022-10-03 19:36:02,3,1,3698.75,21427
2022-10-03 19:36:03,1,-1,3698.75,21426
2022-10-03 19:36:04,1,-1,3698.75,21425
2022-10-03 19:36:05,4,2,3698.75,21427
2022-10-03 19:36:07,1,-1,3698.75,21426
2022-10-03 19:36:08,5,-5,3698.5,21421
2022-10-03 19:36:10,8,-8,3698.5,21413
2022-10-03 19:36:13,4,4,3698.5,21417
2022-10-03 19:36:15,2,2,3698.5,21419
2022-10-03 19:36:18,11,9,3699.0,21428
2022-10-03 19:36:20,4,-1,3699.0,21427
2022-10-03 19:36:21,3,3,3699.25,21430
2022-10-03 19:36:23,1,1,3699.5,21431
2022-10-03 19:36:24,1,1,3699.5,21432
2022-10-03 19:36:25,5,-1,3699.25,21431
2022-10-03 19:36:26,1,-1,3699.0,21430
2022-10-03 19:36:31,1,-1,3699.0,21429
2022-10-03 19:36:32,5,-5,3698.75,21424
2022-10-03 19:36:38,8,8,3699.0,21432
2022-10-03 19:36:43,9,7,3699.0,21439
2022-10-03 19:36:48,2,-2,3699.0,21437
2022-10-03 19:36:49,1,-1,3699.0,21436
2022-10-03 19:36:52,14,1,3699.25,21437
2022-10-03 19:36:58,1,1,3699.5,21438
2022-10-03 19:36:59,2,2,3699.5,21440
2022-10-03 19:37:00,2,0,3699.5,21440
2022-10-03 19:37:01,1,1,3699.5,21441
2022-10-03 19:37:03,1,-1,3699.25,21440
2022-10-03 19:37:04,1,-1,3699.25,21439
2022-10-03 19:37:06,2,2,3699.5,21441
2022-10-03 19:37:07,1,1,3699.5,21442
2022-10-03 19:37:08,1,-1,3699.25,21441
2022-10-03 19:37:13,1,1,3699.5,21442
2022-10-03 19:37:14,2,2,3699.5,21444
2022-10-03 19:37:21,1,1,3699.5,21445
2022-10-03 19:37:24,2,2,3699.5,21447
2022-10-03 19:37:28,1,1,3699.5,21448
2022-10-03 19:37:29,10,3,3699.75,21451
2022-10-03 19:37:30,1,1,3699.75,21452
2022-10-03 19:37:31,1,-1,3699.5,21451
2022-10-03 19:37:32,1,1,3699.75,21452
2022-10-03 19:37:34,2,1,3699.75,21453
2022-10-03 19:37:42,4,0,3699.75,21453
2022-10-03 19:37:47,2,-2,3699.5,21451
2022-10-03 19:37:53,1,-1,3699.25,21450
2022-10-03 19:37:56,2,-2,3699.0,21448
2022-10-03 19:37:57,1,1,3699.0,21449
2022-10-03 19:37:59,1,-1,3698.75,21448
2022-10-03 19:38:01,2,0,3699.0,21448
2022-10-03 19:38:04,1,1,3699.0,21449
2022-10-03 19:38:05,2,-2,3698.75,21447
2022-10-03 19:38:06,12,10,3699.0,21457
2022-10-03 19:38:07,1,-1,3699.0,21456
2022-10-03 19:38:08,2,2,3699.0,21458
2022-10-03 19:38:14,1,-1,3698.75,21457
2022-10-03 19:38:16,1,1,3698.75,21458
2022-10-03 19:38:18,3,3,3698.75,21461
2022-10-03 19:38:20,1,-1,3698.75,21460
2022-10-03 19:38:21,13,-14,3698.5,21446
2022-10-03 19:38:24,12,15,3698.75,21461
2022-10-03 19:38:25,1,1,3698.75,21462
2022-10-03 19:38:26,1,-1,3698.5,21461
2022-10-03 19:38:27,3,3,3698.75,21464
2022-10-03 19:38:28,7,-5,3698.75,21459
2022-10-03 19:38:29,2,0,3698.75,21459
2022-10-03 19:38:36,1,-1,3698.75,21458
2022-10-03 19:38:39,1,-1,3698.75,21457
2022-10-03 19:38:40,4,2,3698.75,21459
2022-10-03 19:38:45,5,5,3698.75,21464
2022-10-03 19:38:46,10,9,3699.0,21473
2022-10-03 19:38:47,4,-4,3699.0,21469
2022-10-03 19:38:50,1,1,3699.25,21470
2022-10-03 19:38:51,3,1,3699.0,21471
2022-10-03 19:38:56,1,1,3699.25,21472
2022-10-03 19:39:04,2,2,3699.25,21474
2022-10-03 19:39:06,7,7,3699.5,21481
2022-10-03 19:39:07,1,-1,3699.25,21480
2022-10-03 19:39:08,2,2,3699.75,21482
2022-10-03 19:39:10,35,-39,3699.5,21443
2022-10-03 19:39:11,1,1,3699.5,21444
2022-10-03 19:39:15,1,1,3699.25,21445
2022-10-03 19:39:21,1,1,3699.0,21446
2022-10-03 19:39:22,1,1,3699.0,21447
2022-10-03 19:39:23,1,1,3699.25,21448
2022-10-03 19:39:24,4,0,3699.0,21448
2022-10-03 19:39:35,1,-1,3698.75,21447
2022-10-03 19:39:37,1,-1,3698.75,21446
2022-10-03 19:39:40,1,1,3698.75,21447
2022-10-03 19:39:44,3,-3,3698.75,21444
2022-10-03 19:39:47,1,-1,3698.75,21443
2022-10-03 19:39:50,1,1,3698.5,21444
2022-10-03 19:39:51,5,5,3698.75,21449
2022-10-03 19:39:52,1,-1,3698.5,21448
2022-10-03 19:40:02,17,9,3699.0,21457
2022-10-03 19:40:05,1,1,3699.25,21458
2022-10-03 19:40:09,1,-1,3699.0,21457
2022-10-03 19:40:16,9,6,3699.25,21463
2022-10-03 19:40:17,2,-2,3699.0,21461
2022-10-03 19:40:24,5,3,3699.0,21464
2022-10-03 19:40:27,2,2,3699.0,21466
2022-10-03 19:40:41,4,4,3699.0,21470
2022-10-03 19:40:45,1,-1,3699.0,21469
2022-10-03 19:40:47,1,-1,3699.0,21468
2022-10-03 19:40:48,2,-2,3699.0,21466
2022-10-03 19:40:53,10,15,3699.25,21481
2022-10-03 19:40:54,1,-1,3699.0,21480
2022-10-03 19:40:59,1,-1,3699.0,21479
2022-10-03 19:41:06,1,-1,3698.75,21478
2022-10-03 19:41:07,25,-16,3699.0,21462
2022-10-03 19:41:08,10,1,3698.75,21463
2022-10-03 19:41:11,1,1,3698.75,21464
2022-10-03 19:41:14,1,1,3698.75,21465
2022-10-03 19:41:15,21,4,3698.75,21469
2022-10-03 19:41:20,2,0,3698.75,21469
2022-10-03 19:41:21,1,-1,3698.5,21468
2022-10-03 19:41:22,8,-6,3698.5,21462
2022-10-03 19:41:24,13,6,3698.5,21468
2022-10-03 19:41:27,1,-1,3698.25,21467
2022-10-03 19:41:28,1,-1,3698.25,21466
2022-10-03 19:41:29,4,-4,3698.25,21462
2022-10-03 19:41:30,4,-2,3698.25,21460
2022-10-03 19:41:31,6,-3,3698.25,21457
2022-10-03 19:41:33,1,-1,3698.25,21456
2022-10-03 19:41:38,20,11,3698.5,21467
2022-10-03 19:41:42,1,-1,3698.5,21466
2022-10-03 19:41:47,4,-3,3698.5,21463
2022-10-03 19:41:48,2,-2,3698.25,21461
2022-10-03 19:41:52,8,8,3698.5,21469
2022-10-03 19:41:53,2,2,3698.5,21471
2022-10-03 19:41:56,1,1,3698.75,21472
2022-10-03 19:41:59,3,3,3698.75,21475
2022-10-03 19:42:00,1,-1,3698.5,21474
2022-10-03 19:42:01,8,-1,3698.5,21473
2022-10-03 19:42:03,1,1,3698.5,21474
2022-10-03 19:42:08,4,-2,3698.25,21472
2022-10-03 19:42:10,3,-3,3698.0,21469
2022-10-03 19:42:12,2,0,3698.25,21469
2022-10-03 19:42:13,1,-1,3698.0,21468
2022-10-03 19:42:14,11,-4,3698.25,21464
2022-10-03 19:42:19,1,1,3698.25,21465
2022-10-03 19:42:22,43,-39,3698.0,21426
2022-10-03 19:42:23,6,6,3697.75,21432
2022-10-03 19:42:24,2,-2,3697.5,21430
2022-10-03 19:42:26,1,-1,3697.5,21429
2022-10-03 19:42:27,9,-6,3697.75,21423
2022-10-03 19:42:28,15,4,3697.75,21427
2022-10-03 19:42:30,4,0,3698.0,21427
2022-10-03 19:42:31,3,-3,3697.75,21424
2022-10-03 19:42:32,7,-5,3697.75,21419
2022-10-03 19:42:33,1,1,3697.75,21420
2022-10-03 19:42:36,18,0,3697.5,21420
2022-10-03 19:42:41,14,11,3697.75,21431
2022-10-03 19:42:47,1,1,3698.0,21432
2022-10-03 19:42:59,1,1,3698.0,21433
2022-10-03 19:43:00,1,-1,3697.75,21432
2022-10-03 19:43:06,1,-1,3697.75,21431
2022-10-03 19:43:07,1,1,3698.0,21432
2022-10-03 19:43:08,1,-1,3697.75,21431
2022-10-03 19:43:09,1,-1,3697.75,21430
2022-10-03 19:43:10,1,1,3697.75,21431
2022-10-03 19:43:13,2,2,3697.75,21433
2022-10-03 19:43:15,1,-1,3697.5,21432
2022-10-03 19:43:17,11,11,3697.75,21443
2022-10-03 19:43:18,1,-1,3697.5,21442
2022-10-03 19:43:21,2,2,3697.75,21444
2022-10-03 19:43:22,11,7,3698.0,21451
2022-10-03 19:43:24,1,1,3697.75,21452
2022-10-03 19:43:27,20,22,3698.25,21474
2022-10-03 19:43:31,1,-1,3698.0,21473
2022-10-03 19:43:34,16,14,3698.5,21487
2022-10-03 19:43:35,5,5,3698.75,21492
2022-10-03 19:43:38,2,2,3698.75,21494
2022-10-03 19:43:39,16,12,3699.25,21506
2022-10-03 19:43:42,5,-1,3699.0,21505
2022-10-03 19:43:43,9,-9,3698.5,21496
2022-10-03 19:43:49,1,-1,3698.25,21495
2022-10-03 19:43:50,1,1,3698.5,21496
2022-10-03 19:43:53,6,3,3698.5,21499
2022-10-03 19:43:58,1,-1,3698.75,21498
2022-10-03 19:43:59,2,2,3699.0,21500
2022-10-03 19:44:00,19,15,3699.5,21515
2022-10-03 19:44:02,1,1,3699.75,21516
2022-10-03 19:44:03,2,-2,3699.5,21514
2022-10-03 19:44:06,3,-3,3699.5,21511
2022-10-03 19:44:07,1,-1,3699.5,21510
2022-10-03 19:44:08,24,20,3700.0,21530
2022-10-03 19:44:10,14,11,3700.5,21541
2022-10-03 19:44:11,1,1,3700.5,21542
2022-10-03 19:44:12,8,5,3700.75,21547
2022-10-03 19:44:13,34,6,3701.0,21553
2022-10-03 19:44:17,1,1,3700.75,21554
2022-10-03 19:44:18,5,0,3700.75,21554
2022-10-03 19:44:19,5,-3,3701.0,21551
2022-10-03 19:44:20,3,1,3701.0,21552
2022-10-03 19:44:22,9,-9,3700.75,21543
2022-10-03 19:44:23,7,1,3700.5,21544
2022-10-03 19:44:24,1,-1,3700.0,21543
2022-10-03 19:44:26,2,0,3700.0,21543
2022-10-03 19:44:27,1,1,3700.0,21544
2022-10-03 19:44:28,7,7,3700.0,21551
2022-10-03 19:44:32,1,1,3700.0,21552
2022-10-03 19:44:33,2,-2,3699.75,21550
2022-10-03 19:44:34,5,-1,3699.75,21549
2022-10-03 19:44:36,4,-4,3699.5,21545
2022-10-03 19:44:42,1,-1,3699.5,21544
2022-10-03 19:44:44,3,-1,3699.5,21543
2022-10-03 19:44:45,7,4,3699.5,21547
2022-10-03 19:44:51,15,-9,3699.25,21538
2022-10-03 19:44:52,8,-6,3699.0,21532
2022-10-03 19:44:53,4,2,3699.0,21534
2022-10-03 19:44:56,2,-2,3699.0,21532
2022-10-03 19:44:58,6,2,3699.0,21534
2022-10-03 19:44:59,19,-20,3699.0,21514
2022-10-03 19:45:00,3,3,3699.25,21517
2022-10-03 19:45:01,1,1,3699.25,21518
2022-10-03 19:45:02,2,2,3699.25,21520
2022-10-03 19:45:03,5,-3,3699.0,21517
2022-10-03 19:45:06,8,7,3699.0,21524
2022-10-03 19:45:10,1,1,3699.25,21525
2022-10-03 19:45:11,3,3,3699.25,21528
2022-10-03 19:45:13,5,1,3699.5,21529
2022-10-03 19:45:14,8,-8,3699.0,21521
2022-10-03 19:45:15,6,-2,3698.75,21519
2022-10-03 19:45:16,1,-1,3698.5,21518
2022-10-03 19:45:17,1,1,3698.75,21519
2022-10-03 19:45:18,13,2,3698.75,21521
2022-10-03 19:45:19,6,0,3698.75,21521
2022-10-03 19:45:20,21,-18,3698.5,21503
2022-10-03 19:45:21,5,3,3698.5,21506
2022-10-03 19:45:22,15,-17,3698.5,21489
2022-10-03 19:45:25,12,3,3698.25,21492
2022-10-03 19:45:26,4,2,3698.25,21494
2022-10-03 19:45:29,1,-1,3698.25,21493
2022-10-03 19:45:30,3,1,3698.25,21494
2022-10-03 19:45:31,1,-1,3698.25,21493
2022-10-03 19:45:32,1,-1,3698.0,21492
2022-10-03 19:45:33,6,4,3698.25,21496
2022-10-03 19:45:34,4,-7,3698.25,21489
2022-10-03 19:45:35,1,-1,3698.0,21488
2022-10-03 19:45:38,1,1,3698.25,21489
2022-10-03 19:45:39,6,6,3698.5,21495
2022-10-03 19:45:42,3,3,3698.25,21498
2022-10-03 19:45:43,5,-5,3698.25,21493
2022-10-03 19:45:44,2,2,3698.25,21495
2022-10-03 19:45:45,1,-1,3698.0,21494
2022-10-03 19:45:46,4,2,3698.5,21496
2022-10-03 19:45:48,1,1,3698.25,21497
2022-10-03 19:45:50,1,1,3698.5,21498
2022-10-03 19:45:51,9,-3,3698.5,21495
2022-10-03 19:45:52,3,3,3698.75,21498
2022-10-03 19:45:53,2,-2,3698.5,21496
2022-10-03 19:45:54,3,-3,3698.25,21493
2022-10-03 19:45:55,2,0,3698.5,21493
2022-10-03 19:45:56,1,-1,3698.5,21492
2022-10-03 19:45:59,5,2,3698.5,21494
2022-10-03 19:46:00,3,-1,3698.75,21493
2022-10-03 19:46:06,3,2,3698.75,21495
2022-10-03 19:46:09,2,0,3698.75,21495
2022-10-03 19:46:12,3,2,3698.75,21497
2022-10-03 19:46:13,2,2,3698.75,21499
2022-10-03 19:46:16,14,10,3699.0,21509
2022-10-03 19:46:17,1,-1,3699.0,21508
2022-10-03 19:46:18,1,1,3699.25,21509
2022-10-03 19:46:19,3,3,3699.25,21512
2022-10-03 19:46:21,11,0,3699.25,21512
2022-10-03 19:46:24,12,-10,3699.0,21502
2022-10-03 19:46:26,17,15,3699.5,21517
2022-10-03 19:46:27,2,-2,3699.25,21515
2022-10-03 19:46:32,6,4,3699.25,21519
2022-10-03 19:46:35,5,-4,3699.0,21515
2022-10-03 19:46:37,1,1,3699.5,21516
2022-10-03 19:46:38,1,-1,3699.25,21515
2022-10-03 19:46:39,3,3,3699.5,21518
2022-10-03 19:46:40,2,2,3699.5,21520
2022-10-03 19:46:41,2,-2,3699.5,21518
2022-10-03 19:46:42,1,-1,3699.5,21517
2022-10-03 19:46:45,10,9,3699.75,21526
2022-10-03 19:46:48,2,-2,3699.5,21524
2022-10-03 19:46:52,4,2,3699.5,21526
2022-10-03 19:46:53,2,-2,3699.5,21524
2022-10-03 19:46:55,1,1,3699.5,21525
2022-10-03 19:46:59,3,2,3699.5,21527
2022-10-03 19:47:00,8,2,3699.75,21529
2022-10-03 19:47:01,5,-3,3699.75,21526
2022-10-03 19:47:05,5,2,3699.5,21528
2022-10-03 19:47:10,1,-1,3699.25,21527
2022-10-03 19:47:12,3,3,3699.5,21530
2022-10-03 19:47:18,4,4,3699.25,21534
2022-10-03 19:47:19,3,3,3699.25,21537
2022-10-03 19:47:20,1,-1,3699.25,21536
2022-10-03 19:47:25,6,6,3699.5,21542
2022-10-03 19:47:27,2,-2,3699.5,21540
2022-10-03 19:47:29,1,1,3699.75,21541
2022-10-03 19:47:30,1,-1,3699.5,21540
2022-10-03 19:47:32,5,5,3699.5,21545
2022-10-03 19:47:34,1,-1,3699.5,21544
2022-10-03 19:47:35,11,10,3699.75,21554
2022-10-03 19:47:38,14,12,3700.0,21566
2022-10-03 19:47:40,4,5,3700.5,21571
2022-10-03 19:47:41,2,2,3700.5,21573
2022-10-03 19:47:42,37,20,3700.75,21593
2022-10-03 19:47:43,3,3,3701.0,21596
2022-10-03 19:47:44,37,4,3701.0,21600
2022-10-03 19:47:45,1,1,3700.75,21601
2022-10-03 19:47:46,2,-2,3700.75,21599
2022-10-03 19:47:47,3,3,3701.0,21602
2022-10-03 19:47:48,1,-1,3700.75,21601
2022-10-03 19:47:49,2,0,3700.75,21601
2022-10-03 19:47:51,5,-5,3700.5,21596
2022-10-03 19:47:52,3,3,3700.75,21599
2022-10-03 19:47:53,1,-1,3700.5,21598
2022-10-03 19:47:56,1,-1,3700.5,21597
2022-10-03 19:47:58,3,3,3700.75,21600
2022-10-03 19:48:00,6,3,3701.0,21603
2022-10-03 19:48:04,12,11,3701.25,21614
2022-10-03 19:48:05,5,5,3701.5,21619
2022-10-03 19:48:06,2,-2,3701.25,21617
2022-10-03 19:48:10,3,-3,3701.25,21614
2022-10-03 19:48:11,4,-1,3701.25,21613
2022-10-03 19:48:12,3,2,3701.5,21615
2022-10-03 19:48:13,7,3,3701.5,21618
2022-10-03 19:48:14,6,-5,3701.25,21613
2022-10-03 19:48:18,3,2,3701.25,21615
2022-10-03 19:48:19,1,1,3701.25,21616
2022-10-03 19:48:20,11,-10,3701.0,21606
2022-10-03 19:48:22,4,-4,3700.75,21602
2022-10-03 19:48:25,3,2,3701.0,21604
2022-10-03 19:48:27,3,3,3701.0,21607
2022-10-03 19:48:30,2,2,3701.0,21609
2022-10-03 19:48:31,3,3,3701.25,21612
2022-10-03 19:48:32,2,-2,3701.0,21610
2022-10-03 19:48:35,7,7,3701.25,21617
2022-10-03 19:48:38,12,-2,3701.25,21615
2022-10-03 19:48:39,1,-1,3701.0,21614
2022-10-03 19:48:40,16,0,3701.25,21614
2022-10-03 19:48:45,26,-7,3701.25,21607
2022-10-03 19:48:49,2,-2,3701.0,21605
2022-10-03 19:48:51,2,2,3701.0,21607
2022-10-03 19:48:55,2,0,3701.25,21607
2022-10-03 19:48:56,3,3,3701.25,21610
2022-10-03 19:48:58,3,3,3701.25,21613
2022-10-03 19:49:00,11,-6,3701.0,21607
2022-10-03 19:49:01,7,-4,3701.0,21603
2022-10-03 19:49:03,12,4,3701.25,21607
2022-10-03 19:49:05,7,5,3701.25,21612
2022-10-03 19:49:09,1,1,3701.5,21613
2022-10-03 19:49:10,33,41,3701.75,21654
2022-10-03 19:49:11,3,-1,3701.5,21653
2022-10-03 19:49:14,4,-4,3701.25,21649
2022-10-03 19:49:15,20,2,3701.25,21651
2022-10-03 19:49:18,6,4,3701.25,21655
2022-10-03 19:49:20,5,-5,3701.0,21650
2022-10-03 19:49:21,1,-1,3701.0,21649
2022-10-03 19:49:22,1,1,3701.0,21650
2022-10-03 19:49:23,9,-2,3700.75,21648
2022-10-03 19:49:24,7,5,3701.25,21653
2022-10-03 19:49:25,1,-1,3701.0,21652
2022-10-03 19:49:26,3,-3,3701.0,21649
2022-10-03 19:49:29,2,-2,3701.0,21647
2022-10-03 19:49:30,1,1,3701.25,21648
2022-10-03 19:49:31,13,11,3701.25,21659
2022-10-03 19:49:33,6,6,3701.5,21665
2022-10-03 19:49:34,14,-3,3701.5,21662
2022-10-03 19:49:35,9,2,3701.5,21664
2022-10-03 19:49:38,9,4,3701.75,21668
2022-10-03 19:49:39,1,-1,3701.5,21667
2022-10-03 19:49:40,6,-4,3701.5,21663
2022-10-03 19:49:44,3,3,3701.75,21666
2022-10-03 19:49:45,8,4,3701.75,21670
2022-10-03 19:49:46,5,4,3702.0,21674
2022-10-03 19:49:47,4,4,3702.0,21678
2022-10-03 19:49:49,1,1,3702.0,21679
2022-10-03 19:49:50,43,46,3702.5,21725
2022-10-03 19:49:51,37,15,3702.5,21740
2022-10-03 19:49:52,25,11,3702.75,21751
2022-10-03 19:49:54,1,-1,3702.75,21750
2022-10-03 19:49:55,5,-4,3702.75,21746
2022-10-03 19:49:56,3,3,3702.75,21749
2022-10-03 19:49:57,1,1,3702.75,21750
2022-10-03 19:49:58,7,-5,3702.75,21745
2022-10-03 19:49:59,4,1,3702.75,21746
2022-10-03 19:50:00,3,-3,3702.5,21743
2022-10-03 19:50:01,8,1,3702.75,21744
2022-10-03 19:50:02,1,-1,3702.25,21743
2022-10-03 19:50:03,21,-1,3702.75,21742
2022-10-03 19:50:04,51,37,3703.25,21779
2022-10-03 19:50:05,2,-2,3703.0,21777
2022-10-03 19:50:06,12,-4,3703.0,21773
2022-10-03 19:50:09,7,6,3703.0,21779
2022-10-03 19:50:10,51,-54,3702.75,21725
2022-10-03 19:50:11,1,-1,3702.5,21724
2022-10-03 19:50:12,6,4,3702.75,21728
2022-10-03 19:50:14,1,1,3702.75,21729
2022-10-03 19:50:15,1,1,3702.75,21730
2022-10-03 19:50:16,7,0,3702.75,21730
2022-10-03 19:50:18,2,2,3702.75,21732
2022-10-03 19:50:20,2,2,3703.0,21734
2022-10-03 19:50:21,4,4,3703.0,21738
2022-10-03 19:50:23,1,1,3703.0,21739
2022-10-03 19:50:24,7,-3,3702.75,21736
2022-10-03 19:50:25,7,-7,3702.75,21729
2022-10-03 19:50:27,2,0,3702.75,21729
2022-10-03 19:50:29,5,4,3702.75,21733
2022-10-03 19:50:30,30,-28,3702.75,21705
2022-10-03 19:50:31,3,0,3703.0,21705
2022-10-03 19:50:32,1,-1,3702.5,21704
2022-10-03 19:50:33,8,7,3702.75,21711
2022-10-03 19:50:34,1,-1,3702.75,21710
2022-10-03 19:50:35,8,2,3702.75,21712
2022-10-03 19:50:36,1,-1,3702.75,21711
2022-10-03 19:50:37,3,1,3702.75,21712
2022-10-03 19:50:38,21,11,3703.0,21723
2022-10-03 19:50:39,3,3,3703.0,21726
2022-10-03 19:50:40,1,-1,3702.75,21725
2022-10-03 19:50:41,1,1,3703.0,21726
2022-10-03 19:50:42,1,1,3703.0,21727
2022-10-03 19:50:43,2,-2,3703.0,21725
2022-10-03 19:50:46,7,0,3703.25,21725
2022-10-03 19:50:47,1,1,3703.0,21726
2022-10-03 19:50:49,2,0,3703.0,21726
2022-10-03 19:50:50,61,49,3703.75,21775
2022-10-03 19:50:51,13,-3,3703.5,21772
2022-10-03 19:50:53,1,1,3703.5,21773
2022-10-03 19:50:54,8,-1,3703.25,21772
2022-10-03 19:50:55,11,-2,3703.25,21770
2022-10-03 19:50:56,13,-7,3703.25,21763
2022-10-03 19:50:59,6,4,3703.0,21767
2022-10-03 19:51:00,8,3,3703.0,21770
2022-10-03 19:51:01,14,-10,3702.75,21760
2022-10-03 19:51:02,11,2,3703.0,21762
2022-10-03 19:51:03,13,1,3703.0,21763
2022-10-03 19:51:05,5,5,3703.0,21768
2022-10-03 19:51:08,10,-2,3703.0,21766
2022-10-03 19:51:09,5,2,3703.0,21768
2022-10-03 19:51:10,2,-2,3702.75,21766
2022-10-03 19:51:11,8,4,3703.0,21770
2022-10-03 19:51:12,5,5,3703.0,21775
2022-10-03 19:51:13,7,-3,3702.75,21772
2022-10-03 19:51:14,3,3,3702.75,21775
2022-10-03 19:51:15,79,-83,3702.75,21692
2022-10-03 19:51:16,2,0,3702.5,21692
2022-10-03 19:51:17,2,-2,3702.25,21690
2022-10-03 19:51:18,1,-1,3702.25,21689
2022-10-03 19:51:19,16,5,3702.25,21694
2022-10-03 19:51:20,1,1,3702.25,21695
2022-10-03 19:51:21,3,-1,3702.25,21694
2022-10-03 19:51:22,15,-9,3702.0,21685
2022-10-03 19:51:25,1,-1,3701.75,21684
2022-10-03 19:51:29,13,7,3701.75,21691
2022-10-03 19:51:31,5,5,3702.0,21696
2022-10-03 19:51:33,7,5,3701.75,21701
2022-10-03 19:51:34,10,-6,3701.5,21695
2022-10-03 19:51:35,6,-5,3701.5,21690
2022-10-03 19:51:36,8,7,3701.5,21697
2022-10-03 19:51:37,2,2,3701.5,21699
2022-10-03 19:51:38,1,1,3701.75,21700
2022-10-03 19:51:39,1,1,3701.75,21701
2022-10-03 19:51:40,12,7,3701.75,21708
2022-10-03 19:51:41,2,0,3701.75,21708
2022-10-03 19:51:42,1,-1,3701.75,21707
2022-10-03 19:51:43,1,-1,3701.5,21706
2022-10-03 19:51:46,1,-1,3701.75,21705
2022-10-03 19:51:47,1,-1,3701.75,21704
2022-10-03 19:51:56,9,7,3701.75,21711
2022-10-03 19:52:00,2,0,3702.0,21711
2022-10-03 19:52:02,1,1,3702.0,21712
2022-10-03 19:52:03,1,-1,3701.75,21711
2022-10-03 19:52:06,1,-1,3701.75,21710
2022-10-03 19:52:07,2,2,3702.0,21712
2022-10-03 19:52:08,3,-1,3702.0,21711
2022-10-03 19:52:10,30,-11,3701.75,21700
2022-10-03 19:52:11,3,-3,3701.5,21697
2022-10-03 19:52:15,4,2,3701.5,21699
2022-10-03 19:52:16,2,2,3701.5,21701
2022-10-03 19:52:19,1,-1,3701.25,21700
2022-10-03 19:52:20,1,-1,3701.25,21699
2022-10-03 19:52:21,9,-8,3701.25,21691
2022-10-03 19:52:24,6,3,3701.25,21694
2022-10-03 19:52:25,1,-1,3701.25,21693
2022-10-03 19:52:31,3,1,3701.25,21694
2022-10-03 19:52:35,1,1,3701.25,21695
2022-10-03 19:52:36,1,1,3701.25,21696
2022-10-03 19:52:38,1,-1,3701.0,21695
2022-10-03 19:52:39,25,-10,3701.0,21685
2022-10-03 19:52:40,3,-3,3700.75,21682
2022-10-03 19:52:44,14,10,3701.0,21692
2022-10-03 19:52:45,4,2,3701.25,21694
2022-10-03 19:53:00,1,-1,3701.0,21693
2022-10-03 19:53:01,2,-1,3701.0,21692
2022-10-03 19:53:02,18,5,3701.25,21697
2022-10-03 19:53:03,3,1,3701.25,21698
2022-10-03 19:53:08,26,-27,3701.25,21671
2022-10-03 19:53:10,33,-23,3701.0,21648
2022-10-03 19:53:11,31,-18,3700.25,21630
2022-10-03 19:53:12,5,-1,3700.25,21629
2022-10-03 19:53:14,1,-1,3700.0,21628
2022-10-03 19:53:15,1,-1,3700.25,21627
2022-10-03 19:53:16,1,1,3700.25,21628
2022-10-03 19:53:19,14,1,3700.25,21629
2022-10-03 19:53:20,17,3,3700.25,21632
2022-10-03 19:53:21,1,-1,3700.0,21631
2022-10-03 19:53:22,2,-2,3700.0,21629
2022-10-03 19:53:24,9,-9,3700.0,21620
2022-10-03 19:53:25,5,-5,3699.75,21615
2022-10-03 19:53:26,18,-1,3700.0,21614
2022-10-03 19:53:27,17,-7,3700.0,21607
2022-10-03 19:53:29,9,-6,3700.0,21601
2022-10-03 19:53:30,12,-3,3700.0,21598
2022-10-03 19:53:31,4,4,3700.0,21602
2022-10-03 19:53:32,3,1,3700.0,21603
2022-10-03 19:53:33,9,-5,3700.0,21598
2022-10-03 19:53:36,6,-6,3699.75,21592
2022-10-03 19:53:37,6,4,3699.75,21596
2022-10-03 19:53:38,3,-3,3699.5,21593
2022-10-03 19:53:40,11,-7,3699.5,21586
2022-10-03 19:53:41,5,-3,3699.5,21583
2022-10-03 19:53:43,4,3,3699.5,21586
2022-10-03 19:53:44,10,7,3700.0,21593
2022-10-03 19:53:45,22,7,3700.0,21600
2022-10-03 19:53:46,5,-5,3699.75,21595
2022-10-03 19:53:47,1,1,3699.75,21596
2022-10-03 19:53:49,3,1,3700.0,21597
2022-10-03 19:53:55,1,-1,3699.75,21596
2022-10-03 19:53:57,10,7,3700.0,21603
2022-10-03 19:53:58,3,3,3699.75,21606
2022-10-03 19:53:59,22,7,3700.0,21613
2022-10-03 19:54:00,2,-2,3699.75,21611
2022-10-03 19:54:01,25,-17,3699.75,21594
2022-10-03 19:54:03,4,4,3699.5,21598
2022-10-03 19:54:04,1,-1,3699.5,21597
2022-10-03 19:54:05,1,-1,3699.5,21596
2022-10-03 19:54:06,8,5,3699.5,21601
2022-10-03 19:54:07,1,1,3699.75,21602
2022-10-03 19:54:10,1,-1,3699.75,21601
2022-10-03 19:54:16,10,4,3700.0,21605
2022-10-03 19:54:19,3,0,3700.0,21605
2022-10-03 19:54:20,1,1,3700.0,21606
2022-10-03 19:54:24,3,-3,3699.75,21603
2022-10-03 19:54:25,14,-6,3699.75,21597
2022-10-03 19:54:26,1,1,3699.5,21598
2022-10-03 19:54:27,1,1,3699.5,21599
2022-10-03 19:54:30,1,-1,3699.5,21598
2022-10-03 19:54:31,1,-1,3699.5,21597
2022-10-03 19:54:32,5,-3,3699.5,21594
2022-10-03 19:54:34,1,1,3699.75,21595
2022-10-03 19:54:35,12,1,3699.75,21596
2022-10-03 19:54:36,3,1,3699.75,21597
2022-10-03 19:54:40,15,4,3700.0,21601
2022-10-03 19:54:41,1,1,3700.0,21602
2022-10-03 19:54:42,1,1,3700.0,21603
2022-10-03 19:54:50,2,2,3700.0,21605
2022-10-03 19:54:55,11,3,3700.25,21608
2022-10-03 19:54:58,5,-3,3700.25,21605
2022-10-03 19:55:00,2,2,3700.25,21607
2022-10-03 19:55:01,2,1,3700.25,21608
2022-10-03 19:55:06,1,1,3700.5,21609
2022-10-03 19:55:08,5,5,3700.5,21614
2022-10-03 19:55:10,1,-1,3700.25,21613
2022-10-03 19:55:11,15,-10,3700.25,21603
2022-10-03 19:55:12,1,1,3700.0,21604
2022-10-03 19:55:13,1,-1,3699.75,21603
2022-10-03 19:55:14,6,5,3700.5,21608
2022-10-03 19:55:15,1,1,3700.5,21609
2022-10-03 19:55:18,11,-4,3700.25,21605
2022-10-03 19:55:19,1,-1,3700.25,21604
2022-10-03 19:55:20,3,-3,3700.25,21601
2022-10-03 19:55:23,2,2,3700.5,21603
2022-10-03 19:55:26,2,2,3700.5,21605
2022-10-03 19:55:32,2,0,3701.0,21605
2022-10-03 19:55:33,1,1,3701.0,21606
2022-10-03 19:55:34,2,2,3701.0,21608
2022-10-03 19:55:36,1,1,3701.0,21609
2022-10-03 19:55:38,5,-2,3701.0,21607
2022-10-03 19:55:39,1,1,3700.75,21608
2022-10-03 19:55:43,4,-2,3701.0,21606
2022-10-03 19:55:44,1,-1,3700.75,21605
2022-10-03 19:55:45,1,-1,3701.0,21604
2022-10-03 19:55:47,1,1,3701.0,21605
2022-10-03 19:55:48,1,-1,3701.0,21604
2022-10-03 19:55:49,3,-3,3701.0,21601
2022-10-03 19:55:50,1,-1,3701.0,21600
2022-10-03 19:55:51,1,1,3701.25,21601
2022-10-03 19:55:53,1,-1,3701.0,21600
2022-10-03 19:55:55,1,-1,3701.0,21599
2022-10-03 19:55:56,6,-6,3701.0,21593
2022-10-03 19:56:01,4,3,3701.0,21596
2022-10-03 19:56:05,8,-1,3701.25,21595
2022-10-03 19:56:07,6,-1,3701.0,21594
2022-10-03 19:56:08,5,1,3701.25,21595
2022-10-03 19:56:10,1,-1,3701.0,21594
2022-10-03 19:56:17,1,-1,3701.0,21593
2022-10-03 19:56:18,3,3,3701.0,21596
2022-10-03 19:56:20,1,-1,3700.75,21595
2022-10-03 19:56:21,2,2,3701.0,21597
2022-10-03 19:56:22,13,-8,3700.75,21589
2022-10-03 19:56:24,1,1,3700.75,21590
2022-10-03 19:56:25,9,7,3701.0,21597
2022-10-03 19:56:26,3,3,3701.0,21600
2022-10-03 19:56:27,12,0,3701.5,21600
2022-10-03 19:56:29,1,1,3701.25,21601
2022-10-03 19:56:30,6,-1,3701.0,21600
2022-10-03 19:56:32,1,1,3701.0,21601
2022-10-03 19:56:35,10,-6,3700.75,21595
2022-10-03 19:56:36,7,3,3700.75,21598
2022-10-03 19:56:38,6,4,3700.75,21602
2022-10-03 19:56:40,1,-1,3700.5,21601
2022-10-03 19:56:41,5,-5,3700.5,21596
2022-10-03 19:56:42,10,-10,3700.25,21586
2022-10-03 19:56:44,2,-2,3700.25,21584
2022-10-03 19:56:46,2,2,3700.5,21586
2022-10-03 19:56:48,2,2,3700.75,21588
2022-10-03 19:56:50,6,-4,3700.75,21584
2022-10-03 19:56:53,7,-5,3700.75,21579
2022-10-03 19:56:55,5,-4,3700.5,21575
2022-10-03 19:56:56,1,-1,3700.5,21574
2022-10-03 19:56:58,5,-5,3700.25,21569
2022-10-03 19:56:59,4,4,3700.5,21573
2022-10-03 19:57:01,3,2,3700.75,21575
2022-10-03 19:57:02,5,-4,3700.75,21571
2022-10-03 19:57:03,1,1,3700.75,21572
2022-10-03 19:57:05,6,-1,3700.5,21571
2022-10-03 19:57:13,11,-2,3700.25,21569
2022-10-03 19:57:14,1,1,3700.5,21570
2022-10-03 19:57:16,3,1,3700.25,21571
2022-10-03 19:57:23,4,4,3700.5,21575
2022-10-03 19:57:26,3,3,3700.5,21578
2022-10-03 19:57:32,5,5,3700.75,21583
2022-10-03 19:57:34,15,6,3701.0,21589
2022-10-03 19:57:35,2,2,3701.0,21591
2022-10-03 19:57:36,3,3,3701.0,21594
2022-10-03 19:57:40,1,1,3701.25,21595
2022-10-03 19:57:44,1,1,3701.25,21596
2022-10-03 19:57:45,2,2,3701.25,21598
2022-10-03 19:57:46,1,1,3701.25,21599
2022-10-03 19:57:47,4,-4,3701.25,21595
2022-10-03 19:57:51,1,1,3701.25,21596
2022-10-03 19:57:52,7,5,3701.25,21601
2022-10-03 19:57:55,3,-3,3701.0,21598
2022-10-03 19:58:01,10,-1,3700.5,21597
2022-10-03 19:58:04,1,-1,3700.75,21596
2022-10-03 19:58:06,1,-1,3700.75,21595
2022-10-03 19:58:07,3,-3,3700.5,21592
2022-10-03 19:58:08,1,1,3700.75,21593
2022-10-03 19:58:12,4,1,3700.75,21594
2022-10-03 19:58:15,1,-1,3700.5,21593
2022-10-03 19:58:17,25,-1,3700.5,21592
2022-10-03 19:58:20,2,-2,3700.25,21590
2022-10-03 19:58:21,26,-30,3700.25,21560
2022-10-03 19:58:29,4,1,3700.5,21561
2022-10-03 19:58:30,3,-3,3700.25,21558
2022-10-03 19:58:33,1,-1,3700.25,21557
2022-10-03 19:58:34,4,4,3700.5,21561
2022-10-03 19:58:38,8,2,3700.25,21563
2022-10-03 19:58:44,3,3,3700.5,21566
2022-10-03 19:58:45,6,-6,3700.25,21560
2022-10-03 19:58:46,1,-1,3700.0,21559
2022-10-03 19:58:50,1,-1,3700.0,21558
2022-10-03 19:58:52,1,1,3700.25,21559
2022-10-03 19:58:56,7,7,3700.25,21566
2022-10-03 19:58:59,5,5,3700.5,21571
2022-10-03 19:59:00,29,4,3701.0,21575
2022-10-03 19:59:01,6,6,3701.0,21581
2022-10-03 19:59:05,1,-1,3700.75,21580
2022-10-03 19:59:06,16,-3,3700.75,21577
2022-10-03 19:59:10,1,-1,3701.0,21576
2022-10-03 19:59:14,11,3,3701.25,21579
2022-10-03 19:59:15,1,1,3701.25,21580
2022-10-03 19:59:16,4,-2,3701.25,21578
2022-10-03 19:59:17,5,1,3701.25,21579
2022-10-03 19:59:18,3,-3,3701.25,21576
2022-10-03 19:59:21,1,-1,3701.25,21575
2022-10-03 19:59:22,10,6,3701.5,21581
2022-10-03 19:59:23,1,-1,3701.5,21580
2022-10-03 19:59:26,9,9,3701.75,21589
2022-10-03 19:59:28,1,1,3701.75,21590
2022-10-03 19:59:30,8,-1,3701.75,21589
2022-10-03 19:59:31,21,1,3701.75,21590
2022-10-03 19:59:32,5,5,3702.0,21595
2022-10-03 19:59:33,10,2,3702.5,21597
2022-10-03 19:59:34,1,1,3702.5,21598
2022-10-03 19:59:35,3,-4,3702.25,21594
2022-10-03 19:59:36,1,-1,3702.0,21593
2022-10-03 19:59:37,4,-2,3702.0,21591
2022-10-03 19:59:38,2,-2,3702.0,21589
2022-10-03 19:59:40,11,-7,3701.75,21582
2022-10-03 19:59:42,1,-1,3701.75,21581
2022-10-03 19:59:44,8,3,3702.0,21584
2022-10-03 19:59:45,12,-8,3702.25,21576
2022-10-03 19:59:48,4,0,3702.5,21576
2022-10-03 19:59:49,31,18,3703.0,21594
2022-10-03 19:59:50,1,-1,3702.5,21593
2022-10-03 19:59:51,2,-2,3702.5,21591
2022-10-03 19:59:52,1,1,3702.75,21592
2022-10-03 19:59:54,4,-2,3702.5,21590
2022-10-03 19:59:56,2,2,3702.5,21592
2022-10-03 19:59:57,3,1,3702.75,21593
2022-10-03 19:59:58,3,-3,3702.5,21590
2022-10-03 20:00:00,22,-5,3702.75,21585
2022-10-03 20:00:01,8,1,3702.75,21586
2022-10-03 20:00:02,21,-3,3703.0,21583
2022-10-03 20:00:03,7,-3,3702.5,21580
2022-10-03 20:00:04,5,-3,3702.5,21577
2022-10-03 20:00:05,28,-5,3702.5,21572
2022-10-03 20:00:06,39,3,3702.0,21575
2022-10-03 20:00:07,16,-12,3702.0,21563
2022-10-03 20:00:08,10,10,3701.5,21573
2022-10-03 20:00:09,2,-2,3701.25,21571
2022-10-03 20:00:10,25,6,3702.0,21577
2022-10-03 20:00:11,2,-2,3702.0,21575
2022-10-03 20:00:12,3,3,3702.25,21578
2022-10-03 20:00:13,7,-7,3702.25,21571
2022-10-03 20:00:14,9,-7,3702.25,21564
2022-10-03 20:00:15,2,-2,3701.75,21562
2022-10-03 20:00:16,14,-1,3702.0,21561
2022-10-03 20:00:17,3,-3,3701.75,21558
2022-10-03 20:00:19,2,-2,3701.75,21556
2022-10-03 20:00:20,5,2,3702.0,21558
2022-10-03 20:00:22,9,5,3702.0,21563
2022-10-03 20:00:23,2,0,3702.25,21563
2022-10-03 20:00:24,1,-1,3702.0,21562
2022-10-03 20:00:25,19,-12,3702.0,21550
2022-10-03 20:00:26,13,8,3702.75,21558
2022-10-03 20:00:27,7,-5,3702.25,21553
2022-10-03 20:00:28,2,-2,3702.25,21551
2022-10-03 20:00:30,1,1,3702.5,21552
2022-10-03 20:00:31,2,0,3702.5,21552
2022-10-03 20:00:32,1,-1,3702.5,21551
2022-10-03 20:00:33,10,-8,3702.5,21543
2022-10-03 20:00:35,2,2,3702.25,21545
2022-10-03 20:00:36,5,2,3702.5,21547
2022-10-03 20:00:39,10,6,3702.5,21553
2022-10-03 20:00:40,2,-2,3702.5,21551
2022-10-03 20:00:42,7,0,3702.25,21551
2022-10-03 20:00:46,3,1,3702.5,21552
2022-10-03 20:00:47,1,-1,3702.5,21551
2022-10-03 20:00:48,18,8,3703.0,21559
2022-10-03 20:00:49,8,-4,3703.0,21555
2022-10-03 20:00:50,12,-3,3702.75,21552
2022-10-03 20:00:51,1,-1,3702.25,21551
2022-10-03 20:00:55,12,-4,3702.25,21547
2022-10-03 20:00:57,10,4,3702.0,21551
2022-10-03 20:00:58,8,5,3702.5,21556
2022-10-03 20:00:59,5,-1,3702.5,21555
2022-10-03 20:01:00,13,9,3702.75,21564
2022-10-03 20:01:01,10,-9,3702.5,21555
2022-10-03 20:01:02,4,2,3702.75,21557
2022-10-03 20:01:03,8,0,3703.0,21557
2022-10-03 20:01:05,3,-3,3702.5,21554
2022-10-03 20:01:08,3,3,3702.5,21557
2022-10-03 20:01:09,4,2,3702.75,21559
2022-10-03 20:01:10,1,1,3702.5,21560
2022-10-03 20:01:15,6,2,3702.75,21562
2022-10-03 20:01:16,2,0,3702.5,21562
2022-10-03 20:01:17,1,1,3702.5,21563
2022-10-03 20:01:18,8,-8,3702.25,21555
2022-10-03 20:01:20,10,14,3702.5,21569
2022-10-03 20:01:21,5,1,3702.25,21570
2022-10-03 20:01:23,2,0,3702.25,21570
2022-10-03 20:01:24,4,2,3702.5,21572
2022-10-03 20:01:25,7,3,3702.5,21575
2022-10-03 20:01:28,15,-9,3702.5,21566
2022-10-03 20:01:29,3,3,3702.5,21569
2022-10-03 20:01:33,1,1,3702.5,21570
2022-10-03 20:01:34,23,-11,3702.25,21559
2022-10-03 20:01:35,13,-13,3702.25,21546
2022-10-03 20:01:36,11,0,3702.5,21546
2022-10-03 20:01:38,2,2,3702.5,21548
2022-10-03 20:01:40,3,3,3702.25,21551
2022-10-03 20:01:41,5,-5,3702.25,21546
2022-10-03 20:01:42,2,-2,3702.25,21544
2022-10-03 20:01:43,2,-2,3702.25,21542
2022-10-03 20:01:46,4,-2,3702.0,21540
2022-10-03 20:01:47,5,-1,3701.75,21539
2022-10-03 20:01:48,4,4,3701.75,21543
2022-10-03 20:01:49,12,-11,3701.5,21532
2022-10-03 20:01:50,1,-1,3701.25,21531
2022-10-03 20:01:51,11,8,3701.5,21539
2022-10-03 20:01:52,3,-3,3701.25,21536
2022-10-03 20:01:53,4,-4,3701.25,21532
2022-10-03 20:01:54,3,1,3701.5,21533
2022-10-03 20:01:55,1,1,3701.25,21534
2022-10-03 20:01:56,11,-1,3701.25,21533
2022-10-03 20:01:57,62,-14,3701.25,21519
2022-10-03 20:01:58,11,2,3701.25,21521
2022-10-03 20:02:00,28,-3,3701.5,21518
2022-10-03 20:02:02,1,-1,3701.0,21517
2022-10-03 20:02:03,1,1,3701.25,21518
2022-10-03 20:02:04,41,5,3701.25,21523
2022-10-03 20:02:05,6,4,3701.25,21527
2022-10-03 20:02:06,16,7,3701.5,21534
2022-10-03 20:02:08,5,5,3701.25,21539
2022-10-03 20:02:09,3,1,3701.25,21540
2022-10-03 20:02:10,9,-1,3701.5,21539
2022-10-03 20:02:14,1,-1,3701.5,21538
2022-10-03 20:02:15,3,-1,3701.5,21537
2022-10-03 20:02:16,4,4,3701.75,21541
2022-10-03 20:02:19,4,-1,3701.75,21540
2022-10-03 20:02:20,8,9,3702.25,21549
2022-10-03 20:02:24,1,1,3702.25,21550
2022-10-03 20:02:25,9,6,3702.25,21556
2022-10-03 20:02:26,2,0,3702.0,21556
2022-10-03 20:02:27,3,-2,3701.75,21554
2022-10-03 20:02:29,3,1,3701.5,21555
2022-10-03 20:02:31,2,-2,3701.5,21553
2022-10-03 20:02:32,3,-3,3701.25,21550
2022-10-03 20:02:33,3,-3,3701.25,21547
2022-10-03 20:02:35,1,1,3701.5,21548
2022-10-03 20:02:41,8,8,3701.5,21556
2022-10-03 20:02:42,2,2,3701.75,21558
2022-10-03 20:02:43,2,-2,3701.5,21556
2022-10-03 20:02:45,3,1,3701.25,21557
2022-10-03 20:02:46,12,10,3701.5,21567
2022-10-03 20:02:47,2,2,3701.5,21569
2022-10-03 20:02:49,1,-1,3701.25,21568
2022-10-03 20:02:50,15,-9,3701.25,21559
2022-10-03 20:02:51,8,-6,3700.75,21553
2022-10-03 20:02:52,3,3,3700.75,21556
2022-10-03 20:02:54,27,-1,3700.5,21555
2022-10-03 20:02:56,2,-2,3700.5,21553
2022-10-03 20:02:57,3,-1,3700.5,21552
2022-10-03 20:02:58,28,-4,3700.25,21548
2022-10-03 20:02:59,2,-2,3700.25,21546
2022-10-03 20:03:00,6,2,3700.5,21548
2022-10-03 20:03:01,10,4,3700.5,21552
2022-10-03 20:03:02,13,3,3700.5,21555
2022-10-03 20:03:05,4,-4,3700.25,21551
2022-10-03 20:03:07,3,3,3700.5,21554
2022-10-03 20:03:08,14,10,3700.75,21564
2022-10-03 20:03:09,3,3,3701.25,21567
2022-10-03 20:03:10,4,2,3701.0,21569
2022-10-03 20:03:12,1,1,3701.0,21570
2022-10-03 20:03:13,10,8,3701.0,21578
2022-10-03 20:03:14,1,1,3701.0,21579
2022-10-03 20:03:16,1,1,3701.0,21580
2022-10-03 20:03:17,11,-7,3701.25,21573
2022-10-03 20:03:18,2,2,3700.75,21575
2022-10-03 20:03:19,1,-1,3700.75,21574
2022-10-03 20:03:22,2,2,3701.0,21576
2022-10-03 20:03:26,3,3,3701.25,21579
2022-10-03 20:03:27,19,5,3702.0,21584
2022-10-03 20:03:28,16,-14,3701.75,21570
2022-10-03 20:03:30,5,2,3701.5,21572
2022-10-03 20:03:31,4,0,3701.5,21572
2022-10-03 20:03:34,1,-1,3701.75,21571
2022-10-03 20:03:35,1,1,3701.75,21572
2022-10-03 20:03:36,24,25,3702.0,21597
2022-10-03 20:03:38,5,-5,3701.5,21592
2022-10-03 20:03:39,1,1,3701.75,21593
2022-10-03 20:03:41,6,-1,3702.0,21592
2022-10-03 20:03:43,2,-2,3701.5,21590
2022-10-03 20:03:44,2,0,3701.25,21590
2022-10-03 20:03:46,1,-1,3701.0,21589
2022-10-03 20:03:47,3,-1,3701.0,21588
2022-10-03 20:03:48,1,-1,3700.75,21587
2022-10-03 20:03:49,1,1,3701.0,21588
2022-10-03 20:03:50,5,-3,3701.0,21585
2022-10-03 20:03:51,2,-1,3701.0,21584
2022-10-03 20:03:52,2,1,3701.25,21585
2022-10-03 20:03:54,2,-2,3701.25,21583
2022-10-03 20:03:58,4,0,3701.5,21583
2022-10-03 20:03:59,2,2,3701.5,21585
2022-10-03 20:04:00,1,-1,3701.25,21584
2022-10-03 20:04:01,2,2,3701.25,21586
2022-10-03 20:04:02,8,-5,3701.0,21581
2022-10-03 20:04:03,1,-1,3701.0,21580
2022-10-03 20:04:04,8,1,3701.25,21581
2022-10-03 20:04:05,1,-1,3701.0,21580
2022-10-03 20:04:06,1,1,3701.25,21581
2022-10-03 20:04:07,7,-7,3701.0,21574
2022-10-03 20:04:08,1,-1,3700.75,21573
2022-10-03 20:04:09,4,2,3700.75,21575
2022-10-03 20:04:10,2,2,3700.75,21577
2022-10-03 20:04:11,5,5,3700.75,21582
2022-10-03 20:04:14,1,1,3700.75,21583
2022-10-03 20:04:15,1,-1,3700.75,21582
2022-10-03 20:04:16,2,0,3700.75,21582
2022-10-03 20:04:17,2,0,3701.25,21582
2022-10-03 20:04:19,1,-1,3701.0,21581
2022-10-03 20:04:20,2,0,3701.0,21581
2022-10-03 20:04:22,3,-1,3701.0,21580
2022-10-03 20:04:23,1,1,3701.25,21581
2022-10-03 20:04:24,1,1,3701.5,21582
2022-10-03 20:04:27,4,4,3701.5,21586
2022-10-03 20:04:28,2,0,3701.75,21586
2022-10-03 20:04:29,1,1,3701.75,21587
2022-10-03 20:04:30,3,3,3702.0,21590
2022-10-03 20:04:31,5,-3,3702.0,21587
2022-10-03 20:04:32,1,-1,3701.75,21586
2022-10-03 20:04:33,1,1,3701.75,21587
2022-10-03 20:04:36,1,-1,3701.75,21586
2022-10-03 20:04:37,9,9,3702.0,21595
2022-10-03 20:04:38,15,2,3702.5,21597
2022-10-03 20:04:40,16,-4,3702.25,21593
2022-10-03 20:04:41,3,-1,3702.25,21592
2022-10-03 20:04:42,6,0,3702.25,21592
2022-10-03 20:04:43,1,1,3702.25,21593
2022-10-03 20:04:44,8,1,3702.5,21594
2022-10-03 20:04:46,1,1,3702.25,21595
2022-10-03 20:04:49,8,-4,3702.25,21591
2022-10-03 20:04:50,23,-11,3702.25,21580
2022-10-03 20:04:51,1,-1,3702.0,21579
2022-10-03 20:04:52,1,-1,3702.0,21578
2022-10-03 20:04:53,3,-1,3702.0,21577
2022-10-03 20:04:54,2,2,3702.0,21579
2022-10-03 20:04:55,1,-1,3701.75,21578
2022-10-03 20:04:56,12,3,3702.25,21581
2022-10-03 20:04:57,3,-2,3702.0,21579
2022-10-03 20:05:00,2,0,3702.25,21579
2022-10-03 20:05:01,6,6,3702.5,21585
2022-10-03 20:05:02,9,-8,3702.25,21577
2022-10-03 20:05:03,2,0,3702.25,21577
2022-10-03 20:05:05,9,6,3702.5,21583
2022-10-03 20:05:06,2,0,3702.5,21583
2022-10-03 20:05:08,12,2,3702.75,21585
2022-10-03 20:05:09,5,-5,3702.25,21580
2022-10-03 20:05:10,2,2,3702.25,21582
2022-10-03 20:05:11,1,1,3702.25,21583
2022-10-03 20:05:14,1,-1,3702.25,21582
2022-10-03 20:05:16,9,2,3702.5,21584
2022-10-03 20:05:17,6,5,3702.75,21589
2022-10-03 20:05:18,5,0,3703.0,21589
2022-10-03 20:05:19,10,8,3703.0,21597
2022-10-03 20:05:20,6,-2,3703.0,21595
2022-10-03 20:05:21,3,-1,3703.0,21594
2022-10-03 20:05:22,5,-1,3703.25,21593
2022-10-03 20:05:23,1,1,3703.0,21594
2022-10-03 20:05:24,14,-2,3703.0,21592
2022-10-03 20:05:25,4,4,3703.0,21596
2022-10-03 20:05:28,13,9,3703.0,21605
2022-10-03 20:05:30,11,5,3703.25,21610
2022-10-03 20:05:31,5,-1,3703.0,21609
2022-10-03 20:05:33,5,5,3703.0,21614
2022-10-03 20:05:34,7,3,3703.25,21617
2022-10-03 20:05:35,7,0,3703.25,21617
2022-10-03 20:05:36,11,-11,3703.0,21606
2022-10-03 20:05:37,3,3,3702.75,21609
2022-10-03 20:05:38,5,1,3703.0,21610
2022-10-03 20:05:40,1,1,3702.75,21611
2022-10-03 20:05:41,12,-12,3702.5,21599
2022-10-03 20:05:42,13,1,3702.5,21600
2022-10-03 20:05:43,2,0,3702.5,21600
2022-10-03 20:05:45,7,3,3702.5,21603
2022-10-03 20:05:46,1,-1,3702.5,21602
2022-10-03 20:05:48,5,-3,3702.75,21599
2022-10-03 20:05:51,11,1,3702.5,21600
2022-10-03 20:05:52,1,-1,3702.25,21599
2022-10-03 20:05:54,1,1,3702.5,21600
2022-10-03 20:05:56,2,-2,3702.5,21598
2022-10-03 20:05:57,1,1,3702.5,21599
2022-10-03 20:05:59,21,8,3702.5,21607
2022-10-03 20:06:00,7,5,3702.75,21612
2022-10-03 20:06:01,1,-1,3702.75,21611
2022-10-03 20:06:02,3,-1,3702.75,21610
2022-10-03 20:06:07,1,1,3703.0,21611
2022-10-03 20:06:08,21,16,3703.5,21627
2022-10-03 20:06:09,150,67,3704.5,21694
2022-10-03 20:06:10,226,140,3705.25,21834
2022-10-03 20:06:11,17,4,3705.25,21838
2022-10-03 20:06:12,10,-4,3705.0,21834
2022-10-03 20:06:13,33,1,3705.25,21835
2022-10-03 20:06:14,3,1,3705.25,21836
2022-10-03 20:06:15,25,25,3705.5,21861
2022-10-03 20:06:16,17,5,3705.25,21866
2022-10-03 20:06:17,2,-2,3705.0,21864
2022-10-03 20:06:18,10,0,3705.25,21864
2022-10-03 20:06:19,10,-10,3705.25,21854
2022-10-03 20:06:20,1,1,3705.25,21855
2022-10-03 20:06:21,20,4,3705.0,21859
2022-10-03 20:06:23,12,6,3705.0,21865
2022-10-03 20:06:24,12,1,3705.25,21866
2022-10-03 20:06:25,14,4,3705.25,21870
2022-10-03 20:06:26,6,4,3705.5,21874
2022-10-03 20:06:27,9,6,3705.25,21880
2022-10-03 20:06:28,1,-1,3705.25,21879
2022-10-03 20:06:29,4,3,3705.5,21882
2022-10-03 20:06:30,1,-1,3705.25,21881
2022-10-03 20:06:31,10,1,3705.25,21882
2022-10-03 20:06:32,37,1,3705.5,21883
2022-10-03 20:06:33,10,7,3705.25,21890
2022-10-03 20:06:34,7,-1,3705.5,21889
2022-10-03 20:06:35,1,1,3705.5,21890
2022-10-03 20:06:36,9,2,3705.5,21892
2022-10-03 20:06:37,2,2,3705.5,21894
2022-10-03 20:06:38,7,-7,3705.25,21887
2022-10-03 20:06:39,1,-1,3705.25,21886
2022-10-03 20:06:41,1,-1,3705.25,21885
2022-10-03 20:06:42,3,3,3705.5,21888
2022-10-03 20:06:43,12,-3,3705.5,21885
2022-10-03 20:06:45,15,-3,3705.0,21882
2022-10-03 20:06:46,1,-1,3704.75,21881
2022-10-03 20:06:47,10,-10,3704.75,21871
2022-10-03 20:06:49,1,1,3704.25,21872
2022-10-03 20:06:50,4,4,3704.25,21876
2022-10-03 20:06:51,19,8,3704.5,21884
2022-10-03 20:06:52,2,2,3704.75,21886
2022-10-03 20:06:53,3,-3,3704.5,21883
2022-10-03 20:06:54,28,-13,3704.25,21870
2022-10-03 20:06:56,13,1,3704.0,21871
2022-10-03 20:06:57,11,-3,3703.75,21868
2022-10-03 20:06:58,1,-1,3703.75,21867
2022-10-03 20:06:59,19,-1,3704.0,21866
2022-10-03 20:07:00,12,-2,3704.0,21864
2022-10-03 20:07:01,1,-1,3703.75,21863
2022-10-03 20:07:02,3,3,3704.0,21866
2022-10-03 20:07:03,9,5,3704.0,21871
2022-10-03 20:07:04,7,4,3704.0,21875
2022-10-03 20:07:05,10,6,3704.0,21881
2022-10-03 20:07:06,30,7,3704.0,21888
2022-10-03 20:07:07,4,4,3704.0,21892
2022-10-03 20:07:08,14,-10,3704.0,21882
2022-10-03 20:07:09,4,-2,3704.0,21880
2022-10-03 20:07:10,1,-1,3704.0,21879
2022-10-03 20:07:12,4,2,3704.25,21881
2022-10-03 20:07:13,7,-7,3704.0,21874
2022-10-03 20:07:14,8,5,3704.0,21879
2022-10-03 20:07:15,2,0,3704.25,21879
2022-10-03 20:07:16,12,4,3704.25,21883
2022-10-03 20:07:17,1,1,3704.25,21884
2022-10-03 20:07:18,3,1,3704.0,21885
2022-10-03 20:07:20,7,3,3704.25,21888
2022-10-03 20:07:22,7,7,3704.5,21895
2022-10-03 20:07:23,5,4,3704.75,21899
2022-10-03 20:07:24,9,16,3705.25,21915
2022-10-03 20:07:25,7,-3,3705.0,21912
2022-10-03 20:07:26,1,1,3705.25,21913
2022-10-03 20:07:27,9,10,3705.25,21923
2022-10-03 20:07:28,1,-1,3705.0,21922
2022-10-03 20:07:29,18,7,3705.25,21929
2022-10-03 20:07:31,29,-37,3705.0,21892
2022-10-03 20:07:32,1,1,3705.0,21893
2022-10-03 20:07:33,7,-2,3705.0,21891
2022-10-03 20:07:34,19,6,3704.75,21897
2022-10-03 20:07:35,1,-1,3704.25,21896
2022-10-03 20:07:36,3,1,3704.5,21897
2022-10-03 20:07:37,1,1,3704.5,21898
2022-10-03 20:07:38,6,3,3704.5,21901
2022-10-03 20:07:39,4,-4,3704.5,21897
2022-10-03 20:07:40,2,0,3704.75,21897
2022-10-03 20:07:41,3,3,3705.0,21900
2022-10-03 20:07:42,4,-3,3704.75,21897
2022-10-03 20:07:43,2,2,3704.75,21899
2022-10-03 20:07:44,3,-2,3704.5,21897
2022-10-03 20:07:46,1,-1,3704.5,21896
2022-10-03 20:07:47,1,1,3704.75,21897
2022-10-03 20:07:50,5,-3,3704.75,21894
2022-10-03 20:07:51,9,-2,3704.75,21892
2022-10-03 20:07:52,1,1,3704.75,21893
2022-10-03 20:07:55,1,1,3704.75,21894
2022-10-03 20:07:58,28,17,3705.0,21911
2022-10-03 20:08:00,11,0,3705.25,21911
2022-10-03 20:08:01,5,3,3705.5,21914
2022-10-03 20:08:03,6,0,3705.5,21914
2022-10-03 20:08:04,1,-1,3705.25,21913
2022-10-03 20:08:05,11,1,3705.25,21914
2022-10-03 20:08:07,7,1,3705.5,21915
2022-10-03 20:08:08,7,-5,3705.0,21910
2022-10-03 20:08:10,12,-6,3704.75,21904
2022-10-03 20:08:11,14,4,3705.0,21908
2022-10-03 20:08:12,6,-2,3705.25,21906
2022-10-03 20:08:13,11,0,3705.25,21906
2022-10-03 20:08:14,1,1,3705.5,21907
2022-10-03 20:08:15,15,-6,3705.5,21901
2022-10-03 20:08:16,5,3,3705.25,21904
2022-10-03 20:08:17,9,-7,3705.0,21897
2022-10-03 20:08:18,1,-1,3705.0,21896
2022-10-03 20:08:19,5,-5,3705.0,21891
2022-10-03 20:08:20,6,0,3704.75,21891
2022-10-03 20:08:21,3,-1,3704.5,21890
2022-10-03 20:08:24,8,-2,3704.75,21888
2022-10-03 20:08:25,8,-3,3704.25,21885
2022-10-03 20:08:26,7,1,3704.25,21886
2022-10-03 20:08:28,10,3,3704.5,21889
2022-10-03 20:08:29,1,1,3704.25,21890
2022-10-03 20:08:30,9,-8,3704.0,21882
2022-10-03 20:08:31,1,-1,3704.0,21881
2022-10-03 20:08:32,3,3,3704.25,21884
2022-10-03 20:08:33,12,7,3704.5,21891
2022-10-03 20:08:36,4,1,3704.25,21892
2022-10-03 20:08:37,4,-1,3704.5,21891
2022-10-03 20:08:39,8,4,3704.25,21895
2022-10-03 20:08:41,3,3,3704.5,21898
2022-10-03 20:08:42,1,1,3704.5,21899
2022-10-03 20:08:43,5,2,3704.5,21901
2022-10-03 20:08:44,1,-1,3704.5,21900
2022-10-03 20:08:45,2,0,3704.5,21900
2022-10-03 20:08:46,6,6,3704.75,21906
2022-10-03 20:08:49,3,3,3705.0,21909
2022-10-03 20:08:50,2,0,3704.75,21909
2022-10-03 20:08:51,1,-1,3704.5,21908
2022-10-03 20:08:53,2,0,3704.5,21908
2022-10-03 20:08:54,4,2,3704.75,21910
2022-10-03 20:08:56,3,-3,3704.5,21907
2022-10-03 20:08:58,3,2,3704.75,21909
2022-10-03 20:08:59,4,-3,3704.75,21906
2022-10-03 20:09:00,3,3,3705.0,21909
2022-10-03 20:09:01,5,-5,3704.75,21904
2022-10-03 20:09:02,3,-3,3704.5,21901
2022-10-03 20:09:03,1,1,3704.5,21902
2022-10-03 20:09:05,1,-1,3704.25,21901
2022-10-03 20:09:06,4,4,3704.5,21905
2022-10-03 20:09:07,3,2,3704.75,21907
2022-10-03 20:09:08,1,1,3704.75,21908
2022-10-03 20:09:12,6,4,3705.0,21912
2022-10-03 20:09:13,1,1,3704.75,21913
2022-10-03 20:09:15,9,-4,3704.75,21909
2022-10-03 20:09:18,3,3,3704.75,21912
2022-10-03 20:09:20,11,-7,3704.5,21905
2022-10-03 20:09:22,2,0,3704.5,21905
2022-10-03 20:09:23,9,2,3704.75,21907
2022-10-03 20:09:27,3,3,3704.5,21910
2022-10-03 20:09:28,8,-3,3704.25,21907
2022-10-03 20:09:32,5,3,3704.5,21910
2022-10-03 20:09:33,19,4,3704.25,21914
2022-10-03 20:09:34,2,-2,3704.25,21912
2022-10-03 20:09:35,14,4,3704.25,21916
2022-10-03 20:09:36,1,1,3704.25,21917
2022-10-03 20:09:37,9,3,3704.5,21920
2022-10-03 20:09:40,16,7,3704.5,21927
2022-10-03 20:09:43,3,-1,3704.25,21926
2022-10-03 20:09:45,4,-4,3704.25,21922
2022-10-03 20:09:46,2,2,3704.25,21924
2022-10-03 20:09:48,75,-24,3704.25,21900
2022-10-03 20:09:49,12,3,3704.5,21903
2022-10-03 20:09:50,1,-1,3704.5,21902
2022-10-03 20:09:52,2,-2,3704.5,21900
2022-10-03 20:09:56,38,29,3705.25,21929
2022-10-03 20:09:57,4,4,3705.5,21933
2022-10-03 20:09:58,1,-1,3705.25,21932
2022-10-03 20:10:00,61,31,3705.75,21963
2022-10-03 20:10:01,24,14,3706.0,21977
2022-10-03 20:10:02,4,-2,3705.75,21975
2022-10-03 20:10:03,15,-12,3705.75,21963
2022-10-03 20:10:05,5,5,3705.75,21968
2022-10-03 20:10:06,2,0,3705.75,21968
2022-10-03 20:10:07,3,2,3705.75,21970
2022-10-03 20:10:08,3,0,3705.75,21970
2022-10-03 20:10:09,14,-9,3705.5,21961
2022-10-03 20:10:10,2,-2,3705.25,21959
2022-10-03 20:10:11,9,3,3705.5,21962
2022-10-03 20:10:12,6,0,3705.5,21962
2022-10-03 20:10:13,12,-2,3705.5,21960
2022-10-03 20:10:14,3,1,3705.5,21961
2022-10-03 20:10:15,2,-2,3705.5,21959
2022-10-03 20:10:16,2,-2,3705.5,21957
2022-10-03 20:10:17,10,4,3705.75,21961
2022-10-03 20:10:19,2,2,3705.75,21963
2022-10-03 20:10:20,1,-1,3705.5,21962
2022-10-03 20:10:21,13,10,3706.0,21972
2022-10-03 20:10:22,1,-1,3705.75,21971
2022-10-03 20:10:23,39,-1,3706.0,21970
2022-10-03 20:10:24,10,6,3706.0,21976
2022-10-03 20:10:25,7,1,3705.75,21977
2022-10-03 20:10:27,1,1,3705.5,21978
2022-10-03 20:10:28,6,5,3705.5,21983
2022-10-03 20:10:29,3,-1,3705.5,21982
2022-10-03 20:10:30,5,5,3705.75,21987
2022-10-03 20:10:31,6,-2,3705.75,21985
2022-10-03 20:10:32,7,-1,3705.5,21984
2022-10-03 20:10:33,1,-1,3705.25,21983
2022-10-03 20:10:34,6,-3,3705.25,21980
2022-10-03 20:10:37,2,-2,3705.25,21978
2022-10-03 20:10:38,24,-15,3705.0,21963
2022-10-03 20:10:39,3,3,3705.0,21966
2022-10-03 20:10:40,2,0,3705.0,21966
2022-10-03 20:10:41,11,-7,3704.75,21959
2022-10-03 20:10:42,2,-2,3704.75,21957
2022-10-03 20:10:43,6,6,3705.0,21963
2022-10-03 20:10:45,13,-5,3705.0,21958
2022-10-03 20:10:48,5,3,3705.5,21961
2022-10-03 20:10:50,2,2,3705.5,21963
2022-10-03 20:10:51,11,-8,3705.25,21955
2022-10-03 20:10:52,1,-1,3704.75,21954
2022-10-03 20:10:53,6,2,3705.0,21956
2022-10-03 20:10:54,9,2,3705.0,21958
2022-10-03 20:10:55,6,-6,3704.75,21952
2022-10-03 20:10:58,10,-3,3704.75,21949
2022-10-03 20:10:59,1,-1,3704.5,21948
2022-10-03 20:11:00,5,2,3704.75,21950
2022-10-03 20:11:01,5,-3,3705.0,21947
2022-10-03 20:11:02,14,9,3705.0,21956
2022-10-03 20:11:03,5,-1,3705.0,21955
2022-10-03 20:11:10,2,2,3705.0,21957
2022-10-03 20:11:11,2,0,3705.25,21957
2022-10-03 20:11:12,1,-1,3705.25,21956
2022-10-03 20:11:14,3,2,3705.5,21958
2022-10-03 20:11:16,1,1,3705.5,21959
2022-10-03 20:11:17,3,-1,3705.5,21958
2022-10-03 20:11:18,15,7,3705.5,21965
2022-10-03 20:11:19,1,-1,3705.5,21964
2022-10-03 20:11:20,24,15,3705.75,21979
2022-10-03 20:11:21,5,-3,3705.5,21976
2022-10-03 20:11:23,1,1,3705.5,21977
2022-10-03 20:11:25,3,-3,3705.25,21974
2022-10-03 20:11:26,2,-2,3705.0,21972
2022-10-03 20:11:27,37,25,3705.5,21997
2022-10-03 20:11:28,8,-6,3705.25,21991
2022-10-03 20:11:30,1,-1,3704.75,21990
2022-10-03 20:11:31,1,1,3705.0,21991
2022-10-03 20:11:32,5,-5,3704.75,21986
2022-10-03 20:11:33,3,-1,3704.75,21985
2022-10-03 20:11:34,1,-1,3704.5,21984
2022-10-03 20:11:35,2,2,3704.75,21986
2022-10-03 20:11:36,1,-1,3704.5,21985
2022-10-03 20:11:38,1,-1,3704.5,21984
2022-10-03 20:11:42,1,-1,3704.5,21983
2022-10-03 20:11:43,5,-1,3704.75,21982
2022-10-03 20:11:45,3,-1,3704.75,21981
2022-10-03 20:11:47,4,2,3704.75,21983
2022-10-03 20:11:50,3,-1,3705.0,21982
2022-10-03 20:11:52,1,-1,3705.0,21981
2022-10-03 20:11:53,1,-1,3705.0,21980
2022-10-03 20:11:55,5,3,3705.25,21983
2022-10-03 20:11:57,5,-1,3705.5,21982
2022-10-03 20:11:59,12,9,3705.5,21991
2022-10-03 20:12:00,8,-8,3705.5,21983
2022-10-03 20:12:01,4,0,3705.5,21983
2022-10-03 20:12:02,4,-1,3705.5,21982
2022-10-03 20:12:04,7,-2,3705.5,21980
2022-10-03 20:12:06,1,1,3705.75,21981
2022-10-03 20:12:07,15,3,3705.75,21984
2022-10-03 20:12:09,4,0,3705.5,21984
2022-10-03 20:12:10,1,1,3705.75,21985
2022-10-03 20:12:11,1,1,3705.5,21986
2022-10-03 20:12:15,1,-1,3705.25,21985
2022-10-03 20:12:16,1,-1,3705.0,21984
2022-10-03 20:12:17,1,-1,3705.0,21983
2022-10-03 20:12:19,2,-2,3705.25,21981
2022-10-03 20:12:23,9,-7,3705.0,21974
2022-10-03 20:12:25,6,4,3705.0,21978
2022-10-03 20:12:26,9,4,3705.25,21982
2022-10-03 20:12:29,2,-1,3704.75,21981
2022-10-03 20:12:31,1,1,3705.0,21982
2022-10-03 20:12:32,9,1,3705.0,21983
2022-10-03 20:12:34,3,3,3705.0,21986
2022-10-03 20:12:35,4,-4,3705.0,21982
2022-10-03 20:12:39,4,-4,3705.0,21978
2022-10-03 20:12:41,6,-3,3704.75,21975
2022-10-03 20:12:42,3,3,3704.75,21978
2022-10-03 20:12:44,1,-1,3704.75,21977
2022-10-03 20:12:45,1,-1,3704.75,21976
2022-10-03 20:12:50,1,1,3704.75,21977
2022-10-03 20:12:51,2,-2,3704.75,21975
2022-10-03 20:12:53,1,-1,3704.75,21974
2022-10-03 20:12:54,11,-10,3704.75,21964
2022-10-03 20:12:55,95,85,3705.75,22049
2022-10-03 20:13:00,1,-1,3705.25,22048
2022-10-03 20:13:06,1,-1,3705.25,22047
2022-10-03 20:13:08,12,-10,3705.25,22037
2022-10-03 20:13:10,6,0,3705.25,22037
2022-10-03 20:13:12,1,1,3705.25,22038
2022-10-03 20:13:13,13,-4,3705.0,22034
2022-10-03 20:13:15,1,-1,3705.0,22033
2022-10-03 20:13:16,5,2,3705.25,22035
2022-10-03 20:13:17,1,-1,3705.25,22034
2022-10-03 20:13:18,6,-6,3705.25,22028
2022-10-03 20:13:19,4,-4,3705.25,22024
2022-10-03 20:13:21,6,3,3705.5,22027
2022-10-03 20:13:23,4,-1,3705.25,22026
2022-10-03 20:13:24,6,-3,3705.0,22023
2022-10-03 20:13:25,2,-2,3705.0,22021
2022-10-03 20:13:30,1,1,3705.25,22022
2022-10-03 20:13:32,10,5,3705.25,22027
2022-10-03 20:13:33,7,-7,3705.25,22020
2022-10-03 20:13:36,2,1,3705.25,22021
2022-10-03 20:13:37,4,1,3705.25,22022
2022-10-03 20:13:40,5,-5,3705.25,22017
2022-10-03 20:13:42,2,-1,3705.25,22016
2022-10-03 20:13:43,22,14,3705.5,22030
2022-10-03 20:13:44,2,0,3705.5,22030
2022-10-03 20:13:45,1,-1,3705.0,22029
2022-10-03 20:13:48,3,-1,3705.25,22028
2022-10-03 20:13:51,2,-2,3705.5,22026
2022-10-03 20:13:53,10,5,3705.5,22031
2022-10-03 20:13:56,1,-1,3705.5,22030
2022-10-03 20:13:57,1,1,3705.5,22031
2022-10-03 20:14:00,2,2,3705.5,22033
2022-10-03 20:14:01,1,-1,3705.5,22032
2022-10-03 20:14:03,1,-1,3705.5,22031
2022-10-03 20:14:06,7,-5,3705.5,22026
2022-10-03 20:14:07,10,-4,3705.25,22022
2022-10-03 20:14:10,1,-1,3705.25,22021
2022-10-03 20:14:11,10,-3,3705.25,22018
2022-10-03 20:14:12,2,-2,3705.25,22016
2022-10-03 20:14:13,1,-1,3705.25,22015
2022-10-03 20:14:15,4,-2,3705.25,22013
2022-10-03 20:14:16,3,1,3705.25,22014
2022-10-03 20:14:18,17,12,3705.5,22026
2022-10-03 20:14:19,3,3,3705.75,22029
2022-10-03 20:14:20,3,-1,3705.5,22028
2022-10-03 20:14:21,5,-2,3705.75,22026
2022-10-03 20:14:27,7,0,3705.5,22026
2022-10-03 20:14:28,4,1,3705.75,22027
2022-10-03 20:14:29,21,-4,3705.75,22023
2022-10-03 20:14:32,3,-1,3705.75,22022
2022-10-03 20:14:33,5,5,3705.75,22027
2022-10-03 20:14:35,2,-2,3705.5,22025
2022-10-03 20:14:37,10,-1,3705.5,22024
2022-10-03 20:14:40,1,1,3705.75,22025
2022-10-03 20:14:41,5,1,3705.75,22026
2022-10-03 20:14:42,3,3,3705.75,22029
2022-10-03 20:14:43,1,1,3705.75,22030
2022-10-03 20:14:44,1,-1,3705.5,22029
2022-10-03 20:14:46,1,1,3705.75,22030
2022-10-03 20:14:48,3,-1,3705.75,22029
2022-10-03 20:14:49,1,1,3705.75,22030
2022-10-03 20:14:50,1,1,3705.75,22031
2022-10-03 20:14:51,2,-2,3705.75,22029
2022-10-03 20:14:52,4,2,3706.0,22031
2022-10-03 20:14:53,2,2,3705.75,22033
2022-10-03 20:14:57,1,1,3706.0,22034
2022-10-03 20:14:58,386,155,3708.0,22189
2022-10-03 20:14:59,55,27,3708.75,22216
2022-10-03 20:15:00,42,-19,3708.75,22197
2022-10-03 20:15:01,34,4,3708.5,22201
2022-10-03 20:15:02,6,-2,3708.5,22199
2022-10-03 20:15:03,58,9,3709.25,22208
2022-10-03 20:15:04,15,0,3709.0,22208
2022-10-03 20:15:05,10,4,3709.25,22212
2022-10-03 20:15:06,61,57,3709.5,22269
2022-10-03 20:15:07,25,4,3709.75,22273
2022-10-03 20:15:08,25,5,3709.25,22278
2022-10-03 20:15:09,5,-1,3708.75,22277
2022-10-03 20:15:10,15,10,3709.0,22287
2022-10-03 20:15:11,18,0,3709.25,22287
2022-10-03 20:15:12,4,0,3709.25,22287
2022-10-03 20:15:13,11,2,3709.25,22289
2022-10-03 20:15:14,5,-5,3708.75,22284
2022-10-03 20:15:15,15,-2,3709.0,22282
2022-10-03 20:15:17,9,-5,3708.75,22277
2022-10-03 20:15:18,5,-1,3709.0,22276
2022-10-03 20:15:19,3,3,3709.0,22279
2022-10-03 20:15:20,10,-4,3708.75,22275
2022-10-03 20:15:21,3,3,3708.75,22278
2022-10-03 20:15:22,5,3,3708.5,22281
2022-10-03 20:15:23,27,-10,3708.5,22271
2022-10-03 20:15:24,7,-5,3708.5,22266
2022-10-03 20:15:25,8,-2,3708.25,22264
2022-10-03 20:15:26,7,0,3708.5,22264
2022-10-03 20:15:27,55,33,3709.5,22297
2022-10-03 20:15:28,3,-3,3709.0,22294
2022-10-03 20:15:29,2,0,3709.25,22294
2022-10-03 20:15:30,6,-2,3709.25,22292
2022-10-03 20:15:32,1,-1,3709.25,22291
2022-10-03 20:15:33,117,82,3710.75,22373
2022-10-03 20:15:34,47,-12,3710.75,22361
2022-10-03 20:15:35,4,-2,3710.75,22359
2022-10-03 20:15:36,32,17,3711.0,22376
2022-10-03 20:15:37,4,0,3710.75,22376
2022-10-03 20:15:38,28,23,3711.0,22399
2022-10-03 20:15:39,13,-1,3711.0,22398
2022-10-03 20:15:40,15,-11,3710.75,22387
2022-10-03 20:15:41,7,3,3710.75,22390
2022-10-03 20:15:42,15,17,3711.0,22407
2022-10-03 20:15:43,9,2,3710.75,22409
2022-10-03 20:15:44,5,-4,3710.5,22405
2022-10-03 20:15:45,5,-2,3710.5,22403
2022-10-03 20:15:46,6,4,3710.5,22407
2022-10-03 20:15:47,11,7,3710.5,22414
2022-10-03 20:15:48,13,6,3710.5,22420
2022-10-03 20:15:49,13,2,3710.5,22422
2022-10-03 20:15:50,25,-14,3710.5,22408
2022-10-03 20:15:51,20,4,3710.75,22412
2022-10-03 20:15:52,3,-1,3710.75,22411
2022-10-03 20:15:53,28,10,3711.25,22421
2022-10-03 20:15:54,426,310,3714.0,22731
2022-10-03 20:15:55,24,-6,3713.5,22725
2022-10-03 20:15:56,18,-8,3713.0,22717
2022-10-03 20:15:57,32,6,3713.0,22723
2022-10-03 20:15:58,24,-3,3713.25,22720
2022-10-03 20:15:59,10,-9,3712.5,22711
2022-10-03 20:16:00,36,6,3713.25,22717
2022-10-03 20:16:01,5,5,3713.5,22722
2022-10-03 20:16:02,25,4,3713.75,22726
2022-10-03 20:16:03,72,8,3714.0,22734
2022-10-03 20:16:04,26,37,3713.75,22771
2022-10-03 20:16:05,16,2,3713.75,22773
2022-10-03 20:16:06,332,123,3714.75,22896
2022-10-03 20:16:07,11,0,3714.0,22896
2022-10-03 20:16:08,11,-7,3714.0,22889
2022-10-03 20:16:09,36,-5,3714.5,22884
2022-10-03 20:16:10,136,-9,3714.75,22875
2022-10-03 20:16:11,57,15,3714.5,22890
2022-10-03 20:16:12,7,-1,3714.25,22889
2022-10-03 20:16:13,12,5,3714.25,22894
2022-10-03 20:16:14,24,-16,3714.25,22878
2022-10-03 20:16:15,57,50,3714.5,22928
2022-10-03 20:16:16,4,-2,3714.0,22926
2022-10-03 20:16:17,23,1,3714.5,22927
2022-10-03 20:16:18,6,-2,3714.25,22925
2022-10-03 20:16:19,11,-8,3714.0,22917
2022-10-03 20:16:20,15,-1,3713.75,22916
2022-10-03 20:16:21,4,-2,3713.5,22914
2022-10-03 20:16:22,50,-4,3713.5,22910
2022-10-03 20:16:23,3,-3,3713.0,22907
2022-10-03 20:16:24,27,4,3713.25,22911
2022-10-03 20:16:26,17,-8,3713.0,22903
2022-10-03 20:16:27,3,-3,3712.75,22900
2022-10-03 20:16:28,4,2,3713.0,22902
2022-10-03 20:16:29,3,-1,3712.75,22901
2022-10-03 20:16:30,1,-1,3712.5,22900
2022-10-03 20:16:31,15,-2,3712.5,22898
2022-10-03 20:16:32,3,1,3712.5,22899
2022-10-03 20:16:33,34,10,3713.0,22909
2022-10-03 20:16:35,7,-1,3713.0,22908
2022-10-03 20:16:36,2,2,3713.0,22910
2022-10-03 20:16:37,5,3,3713.25,22913
2022-10-03 20:16:38,2,-2,3713.0,22911
2022-10-03 20:16:39,1,-1,3713.0,22910
2022-10-03 20:16:40,7,1,3713.25,22911
2022-10-03 20:16:41,10,0,3713.25,22911
2022-10-03 20:16:42,9,4,3713.5,22915
2022-10-03 20:16:44,16,-4,3713.5,22911
2022-10-03 20:16:45,3,-1,3713.5,22910
2022-10-03 20:16:46,1,-1,3713.5,22909
2022-10-03 20:16:48,36,6,3714.0,22915
2022-10-03 20:16:49,34,4,3714.5,22919
2022-10-03 20:16:50,5,2,3714.5,22921
2022-10-03 20:16:51,2,-2,3714.0,22919
2022-10-03 20:16:52,11,-5,3714.0,22914
2022-10-03 20:16:54,19,-11,3714.25,22903
2022-10-03 20:16:55,18,12,3714.5,22915
2022-10-03 20:16:56,7,-1,3714.5,22914
2022-10-03 20:16:57,7,-3,3714.25,22911
2022-10-03 20:16:58,12,-1,3714.5,22910
2022-10-03 20:16:59,11,-1,3714.25,22909
2022-10-03 20:17:00,8,0,3714.5,22909
2022-10-03 20:17:01,4,4,3714.5,22913
2022-10-03 20:17:02,111,-13,3714.75,22900
2022-10-03 20:17:03,6,-2,3714.5,22898
2022-10-03 20:17:04,34,5,3714.75,22903
2022-10-03 20:17:05,78,1,3714.75,22904
2022-10-03 20:17:06,13,-5,3714.75,22899
2022-10-03 20:17:07,3,0,3714.75,22899
2022-10-03 20:17:09,4,1,3714.75,22900
2022-10-03 20:17:10,2,0,3714.75,22900
2022-10-03 20:17:11,26,4,3714.75,22904
2022-10-03 20:17:12,70,-27,3714.75,22877
2022-10-03 20:17:13,35,-7,3714.25,22870
2022-10-03 20:17:14,25,0,3714.5,22870
2022-10-03 20:17:15,12,6,3714.25,22876
2022-10-03 20:17:16,20,-5,3714.0,22871
2022-10-03 20:17:17,2,0,3714.0,22871
2022-10-03 20:17:18,10,-6,3714.0,22865
2022-10-03 20:17:19,14,1,3714.0,22866
2022-10-03 20:17:20,4,-2,3714.0,22864
2022-10-03 20:17:21,7,-3,3713.75,22861
2022-10-03 20:17:23,7,3,3713.75,22864
2022-10-03 20:17:24,59,29,3714.0,22893
2022-10-03 20:17:25,2,0,3714.0,22893
2022-10-03 20:17:26,3,-3,3714.0,22890
2022-10-03 20:17:27,8,5,3714.25,22895
2022-10-03 20:17:29,41,10,3714.5,22905
2022-10-03 20:17:30,2,-1,3714.25,22904
2022-10-03 20:17:31,54,12,3714.75,22916
2022-10-03 20:17:32,78,11,3714.75,22927
2022-10-03 20:17:33,1,-1,3714.5,22926
2022-10-03 20:17:34,45,12,3714.5,22938
2022-10-03 20:17:35,33,-14,3714.25,22924
2022-10-03 20:17:36,15,1,3714.25,22925
2022-10-03 20:17:37,4,1,3714.75,22926
2022-10-03 20:17:38,37,-21,3714.75,22905
2022-10-03 20:17:39,1,-1,3714.5,22904
2022-10-03 20:17:40,13,-6,3714.5,22898
2022-10-03 20:17:41,4,0,3714.75,22898
2022-10-03 20:17:42,10,1,3714.75,22899
2022-10-03 20:17:43,20,-12,3714.75,22887
2022-10-03 20:17:44,67,21,3714.75,22908
2022-10-03 20:17:45,796,393,3717.75,23301
2022-10-03 20:17:46,242,-15,3717.5,23286
2022-10-03 20:17:47,71,1,3717.25,23287
2022-10-03 20:17:48,71,1,3717.25,23288
2022-10-03 20:17:49,3,-1,3717.0,23287
2022-10-03 20:17:50,6,-3,3716.75,23284
2022-10-03 20:17:51,13,9,3717.0,23293
2022-10-03 20:17:52,15,3,3717.25,23296
2022-10-03 20:17:53,14,6,3717.5,23302
2022-10-03 20:17:54,25,-13,3717.25,23289
2022-10-03 20:17:55,4,2,3716.75,23291
2022-10-03 20:17:56,5,1,3716.75,23292
2022-10-03 20:17:57,72,-8,3717.0,23284
2022-10-03 20:17:58,16,-2,3716.75,23282
2022-10-03 20:17:59,39,-12,3716.25,23270
2022-10-03 20:18:00,38,12,3716.25,23282
2022-10-03 20:18:01,1,1,3716.25,23283
2022-10-03 20:18:02,12,8,3716.25,23291
2022-10-03 20:18:03,7,-5,3716.25,23286
2022-10-03 20:18:04,28,5,3716.5,23291
2022-10-03 20:18:05,36,-43,3716.0,23248
2022-10-03 20:18:06,11,-7,3715.5,23241
2022-10-03 20:18:07,27,-3,3715.75,23238
2022-10-03 20:18:08,4,0,3715.5,23238
2022-10-03 20:18:10,14,-6,3715.5,23232
2022-10-03 20:18:11,1,1,3715.5,23233
2022-10-03 20:18:12,1,1,3715.75,23234
2022-10-03 20:18:13,19,-9,3716.0,23225
2022-10-03 20:18:14,1,1,3715.75,23226
2022-10-03 20:18:15,14,3,3715.75,23229
2022-10-03 20:18:17,11,2,3715.75,23231
2022-10-03 20:18:18,24,-1,3715.5,23230
2022-10-03 20:18:19,1,1,3715.5,23231
2022-10-03 20:18:20,3,2,3715.5,23233
2022-10-03 20:18:22,25,5,3715.75,23238
2022-10-03 20:18:25,32,0,3716.25,23238
2022-10-03 20:18:26,2,-2,3716.0,23236
2022-10-03 20:18:27,1,1,3716.25,23237
2022-10-03 20:18:28,33,41,3716.75,23278
2022-10-03 20:18:29,14,9,3716.75,23287
2022-10-03 20:18:30,1,1,3716.5,23288
2022-10-03 20:18:31,3,3,3716.5,23291
2022-10-03 20:18:33,16,-4,3716.5,23287
2022-10-03 20:18:34,1,-1,3716.5,23286
2022-10-03 20:18:35,1,-1,3716.25,23285
2022-10-03 20:18:36,7,1,3716.5,23286
2022-10-03 20:18:37,26,-3,3716.5,23283
2022-10-03 20:18:38,31,-9,3716.25,23274
2022-10-03 20:18:39,3,3,3716.0,23277
2022-10-03 20:18:40,13,10,3716.25,23287
2022-10-03 20:18:41,7,-4,3716.25,23283
2022-10-03 20:18:42,2,2,3716.5,23285
2022-10-03 20:18:45,2,2,3716.5,23287
2022-10-03 20:18:46,157,-18,3717.0,23269
2022-10-03 20:18:47,27,-9,3716.0,23260
2022-10-03 20:18:48,2,2,3716.0,23262
2022-10-03 20:18:49,28,24,3716.25,23286
2022-10-03 20:18:50,1,1,3716.25,23287
2022-10-03 20:18:52,7,2,3716.25,23289
2022-10-03 20:18:54,20,1,3716.25,23290
2022-10-03 20:18:55,21,-13,3716.25,23277
2022-10-03 20:18:56,6,-5,3715.75,23272
2022-10-03 20:18:57,10,-7,3716.0,23265
2022-10-03 20:18:58,9,-6,3715.75,23259
2022-10-03 20:19:00,25,7,3715.75,23266
2022-10-03 20:19:01,14,-6,3715.75,23260
2022-10-03 20:19:03,2,2,3716.0,23262
2022-10-03 20:19:05,14,-8,3715.75,23254
2022-10-03 20:19:06,1,1,3715.75,23255
2022-10-03 20:19:07,3,-3,3715.5,23252
2022-10-03 20:19:09,20,13,3716.25,23265
2022-10-03 20:19:10,17,-2,3716.25,23263
2022-10-03 20:19:11,1,1,3716.25,23264
2022-10-03 20:19:12,12,-3,3716.0,23261
2022-10-03 20:19:13,37,-16,3716.25,23245
2022-10-03 20:19:15,38,-19,3715.5,23226
2022-10-03 20:19:16,4,1,3715.75,23227
2022-10-03 20:19:17,34,-17,3715.5,23210
2022-10-03 20:19:18,18,4,3715.75,23214
2022-10-03 20:19:19,24,-7,3715.25,23207
2022-10-03 20:19:20,2,-2,3715.25,23205
2022-10-03 20:19:21,13,3,3715.25,23208
2022-10-03 20:19:22,99,-45,3715.0,23163
2022-10-03 20:19:23,24,-6,3714.5,23157
2022-10-03 20:19:24,4,1,3714.5,23158
2022-10-03 20:19:25,14,7,3714.5,23165
2022-10-03 20:19:26,1,-1,3714.25,23164
2022-10-03 20:19:27,9,4,3714.25,23168
2022-10-03 20:19:28,16,-5,3714.5,23163
2022-10-03 20:19:30,5,6,3714.75,23169
2022-10-03 20:19:31,2,0,3714.75,23169
2022-10-03 20:19:32,7,-7,3714.75,23162
2022-10-03 20:19:34,7,-1,3714.75,23161
2022-10-03 20:19:35,22,4,3715.0,23165
2022-10-03 20:19:36,2,2,3715.0,23167
2022-10-03 20:19:37,8,2,3714.75,23169
2022-10-03 20:19:38,16,-6,3714.5,23163
2022-10-03 20:19:39,2,2,3714.5,23165
2022-10-03 20:19:41,4,-5,3714.25,23160
2022-10-03 20:19:43,3,-3,3714.0,23157
2022-10-03 20:19:44,3,1,3714.25,23158
2022-10-03 20:19:45,2,0,3714.25,23158
2022-10-03 20:19:46,15,1,3714.5,23159
2022-10-03 20:19:48,2,0,3714.5,23159
2022-10-03 20:19:49,9,-9,3714.25,23150
2022-10-03 20:19:50,2,0,3714.5,23150
2022-10-03 20:19:51,3,-3,3714.0,23147
2022-10-03 20:19:52,5,0,3714.25,23147
2022-10-03 20:19:54,13,-5,3714.25,23142
2022-10-03 20:19:55,1,-1,3714.0,23141
2022-10-03 20:19:56,2,0,3714.25,23141
2022-10-03 20:19:57,12,2,3714.0,23143
2022-10-03 20:19:58,11,-4,3714.0,23139
2022-10-03 20:19:59,1,-1,3713.75,23138
2022-10-03 20:20:00,23,3,3714.25,23141
2022-10-03 20:20:01,8,2,3714.5,23143
2022-10-03 20:20:02,7,-3,3714.25,23140
2022-10-03 20:20:03,4,-2,3714.25,23138
2022-10-03 20:20:04,4,-2,3714.25,23136
2022-10-03 20:20:05,9,-1,3714.25,23135
2022-10-03 20:20:06,5,-3,3714.25,23132
2022-10-03 20:20:07,1,-1,3714.0,23131
2022-10-03 20:20:09,8,0,3714.25,23131
2022-10-03 20:20:10,42,-25,3714.0,23106
2022-10-03 20:20:11,5,-1,3713.5,23105
2022-10-03 20:20:12,10,7,3713.75,23112
2022-10-03 20:20:13,4,4,3713.75,23116
2022-10-03 20:20:14,2,0,3714.0,23116
2022-10-03 20:20:15,15,-6,3713.75,23110
2022-10-03 20:20:16,10,-5,3713.75,23105
2022-10-03 20:20:17,4,2,3713.5,23107
2022-10-03 20:20:18,3,-1,3713.75,23106
2022-10-03 20:20:19,1,1,3713.5,23107
2022-10-03 20:20:20,3,-1,3713.75,23106
2022-10-03 20:20:21,9,4,3713.75,23110
2022-10-03 20:20:25,21,-8,3713.5,23102
2022-10-03 20:20:26,1,-1,3713.25,23101
2022-10-03 20:20:28,11,-1,3713.5,23100
2022-10-03 20:20:31,11,-8,3713.25,23092
2022-10-03 20:20:32,5,-2,3713.5,23090
2022-10-03 20:20:34,2,-2,3713.25,23088
2022-10-03 20:20:35,11,-2,3713.5,23086
2022-10-03 20:20:36,3,-3,3713.0,23083
2022-10-03 20:20:38,4,-4,3713.0,23079
2022-10-03 20:20:39,5,3,3713.25,23082
2022-10-03 20:20:41,1,-1,3713.25,23081
2022-10-03 20:20:42,39,10,3713.5,23091
2022-10-03 20:20:44,11,9,3713.75,23100
2022-10-03 20:20:45,2,-2,3713.75,23098
2022-10-03 20:20:48,5,-5,3713.75,23093
2022-10-03 20:20:50,14,12,3714.0,23105
2022-10-03 20:20:51,14,9,3714.0,23114
2022-10-03 20:20:55,1,1,3714.25,23115
2022-10-03 20:20:57,15,-5,3714.5,23110
2022-10-03 20:20:58,4,2,3714.5,23112
2022-10-03 20:20:59,4,4,3714.5,23116
2022-10-03 20:21:00,26,14,3714.5,23130
2022-10-03 20:21:01,23,9,3715.0,23139
2022-10-03 20:21:02,3,2,3715.0,23141
2022-10-03 20:21:04,24,-6,3714.75,23135
2022-10-03 20:21:05,17,-4,3714.75,23131
2022-10-03 20:21:07,1,-1,3714.25,23130
2022-10-03 20:21:08,2,1,3714.5,23131
2022-10-03 20:21:09,5,-4,3714.5,23127
2022-10-03 20:21:10,13,9,3714.75,23136
2022-10-03 20:21:11,1,1,3714.75,23137
2022-10-03 20:21:13,1,1,3714.75,23138
2022-10-03 20:21:15,8,0,3714.5,23138
2022-10-03 20:21:16,1,1,3714.75,23139
2022-10-03 20:21:18,5,-3,3714.5,23136
2022-10-03 20:21:19,5,-1,3714.75,23135
2022-10-03 20:21:20,1,-1,3714.5,23134
2022-10-03 20:21:22,3,-1,3714.75,23133
2022-10-03 20:21:23,8,3,3714.5,23136
2022-10-03 20:21:24,28,-15,3714.0,23121
2022-10-03 20:21:25,1,1,3714.0,23122
2022-10-03 20:21:26,2,-2,3713.75,23120
2022-10-03 20:21:29,4,-4,3713.75,23116
2022-10-03 20:21:31,10,-9,3713.5,23107
2022-10-03 20:21:32,11,11,3713.75,23118
2022-10-03 20:21:33,5,-3,3713.75,23115
2022-10-03 20:21:34,16,-5,3713.25,23110
2022-10-03 20:21:35,3,-3,3713.25,23107
2022-10-03 20:21:36,5,1,3713.25,23108
2022-10-03 20:21:37,4,-1,3713.25,23107
2022-10-03 20:21:38,1,1,3713.25,23108
2022-10-03 20:21:39,1,1,3713.25,23109
2022-10-03 20:21:41,12,7,3713.25,23116
2022-10-03 20:21:42,2,2,3713.5,23118
2022-10-03 20:21:43,17,1,3713.5,23119
2022-10-03 20:21:46,1,1,3713.5,23120
2022-10-03 20:21:47,14,-2,3713.5,23118
2022-10-03 20:21:48,2,2,3713.25,23120
2022-10-03 20:21:50,26,-10,3713.0,23110
2022-10-03 20:21:51,9,-7,3713.0,23103
2022-10-03 20:21:53,1,-1,3713.0,23102
2022-10-03 20:21:54,6,3,3713.25,23105
2022-10-03 20:21:55,2,-2,3713.0,23103
2022-10-03 20:21:56,4,-4,3713.0,23099
2022-10-03 20:21:57,3,3,3713.25,23102
2022-10-03 20:21:58,18,-2,3713.0,23100
2022-10-03 20:21:59,1,1,3713.0,23101
2022-10-03 20:22:00,5,-1,3713.0,23100
2022-10-03 20:22:01,5,5,3713.25,23105
2022-10-03 20:22:02,13,-1,3713.25,23104
2022-10-03 20:22:03,13,-4,3713.0,23100
2022-10-03 20:22:04,1,1,3713.0,23101
2022-10-03 20:22:06,2,2,3713.0,23103
2022-10-03 20:22:07,108,-101,3713.0,23002
2022-10-03 20:22:08,46,23,3712.75,23025
2022-10-03 20:22:09,14,-1,3712.75,23024
2022-10-03 20:22:10,5,0,3712.75,23024
2022-10-03 20:22:11,2,2,3712.75,23026
2022-10-03 20:22:12,14,-5,3712.5,23021
2022-10-03 20:22:13,7,2,3712.5,23023
2022-10-03 20:22:14,5,5,3712.5,23028
2022-10-03 20:22:15,1,1,3712.5,23029
2022-10-03 20:22:16,4,4,3712.5,23033
2022-10-03 20:22:17,6,2,3712.5,23035
2022-10-03 20:22:18,12,5,3712.5,23040
2022-10-03 20:22:20,7,-7,3712.25,23033
2022-10-03 20:22:21,19,-14,3712.0,23019
2022-10-03 20:22:22,1,-1,3711.75,23018
2022-10-03 20:22:23,2,-2,3712.0,23016
2022-10-03 20:22:25,14,2,3712.0,23018
2022-10-03 20:22:26,11,0,3712.0,23018
2022-10-03 20:22:27,123,-41,3711.75,22977
2022-10-03 20:22:28,7,2,3711.25,22979
2022-10-03 20:22:29,1,1,3711.25,22980
2022-10-03 20:22:30,11,5,3711.25,22985
2022-10-03 20:22:31,8,3,3711.5,22988
2022-10-03 20:22:32,11,-6,3711.25,22982
2022-10-03 20:22:33,1,-1,3711.0,22981
2022-10-03 20:22:34,7,1,3711.25,22982
2022-10-03 20:22:35,1,-1,3711.0,22981
2022-10-03 20:22:37,5,-1,3711.25,22980
2022-10-03 20:22:38,2,2,3711.25,22982
2022-10-03 20:22:39,1,1,3711.25,22983
2022-10-03 20:22:42,19,-5,3711.25,22978
2022-10-03 20:22:44,1,1,3711.25,22979
2022-10-03 20:22:45,26,5,3711.25,22984
2022-10-03 20:22:46,6,-3,3711.25,22981
2022-10-03 20:22:47,5,-1,3711.5,22980
2022-10-03 20:22:48,19,1,3711.5,22981
2022-10-03 20:22:51,4,-4,3711.0,22977
2022-10-03 20:22:52,6,6,3711.25,22983
2022-10-03 20:22:54,31,0,3711.5,22983
2022-10-03 20:22:57,6,6,3711.5,22989
2022-10-03 20:22:58,6,-2,3711.75,22987
2022-10-03 20:22:59,65,9,3711.75,22996
2022-10-03 20:23:00,16,1,3711.75,22997
2022-10-03 20:23:02,3,-1,3711.5,22996
2022-10-03 20:23:04,1,-1,3711.5,22995
2022-10-03 20:23:05,1,1,3711.75,22996
2022-10-03 20:23:06,16,-13,3711.5,22983
2022-10-03 20:23:08,33,2,3711.75,22985
2022-10-03 20:23:09,7,4,3711.75,22989
2022-10-03 20:23:11,18,4,3711.75,22993
2022-10-03 20:23:12,1,1,3711.75,22994
2022-10-03 20:23:14,1,1,3711.75,22995
2022-10-03 20:23:16,12,10,3711.75,23005
2022-10-03 20:23:19,24,3,3712.0,23008
2022-10-03 20:23:21,40,-13,3712.0,22995
2022-10-03 20:23:22,1,-1,3711.75,22994
2022-10-03 20:23:24,11,-2,3711.75,22992
2022-10-03 20:23:26,11,-2,3712.0,22990
2022-10-03 20:23:27,155,38,3712.5,23028
2022-10-03 20:23:29,29,-23,3712.5,23005
2022-10-03 20:23:30,2,2,3712.5,23007
2022-10-03 20:23:32,19,-2,3712.5,23005
2022-10-03 20:23:33,43,30,3713.25,23035
2022-10-03 20:23:34,5,4,3713.25,23039
2022-10-03 20:23:35,19,3,3713.75,23042
2022-10-03 20:23:36,34,-8,3713.75,23034
2022-10-03 20:23:37,28,-16,3713.75,23018
2022-10-03 20:23:38,7,3,3713.75,23021
2022-10-03 20:23:39,12,-6,3713.75,23015
2022-10-03 20:23:40,1,1,3713.75,23016
2022-10-03 20:23:41,13,6,3713.75,23022
2022-10-03 20:23:42,6,6,3713.75,23028
2022-10-03 20:23:43,2,-2,3713.75,23026
2022-10-03 20:23:44,5,3,3714.0,23029
2022-10-03 20:23:45,10,-3,3714.0,23026
2022-10-03 20:23:46,1,1,3714.0,23027
2022-10-03 20:23:49,9,-3,3714.0,23024
2022-10-03 20:23:50,6,-4,3713.75,23020
2022-10-03 20:23:51,2,-2,3713.75,23018
2022-10-03 20:23:53,14,-12,3713.5,23006
2022-10-03 20:23:54,1,-1,3713.5,23005
2022-10-03 20:23:55,6,-6,3713.25,22999
2022-10-03 20:23:56,2,2,3713.5,23001
2022-10-03 20:23:58,3,1,3713.5,23002
2022-10-03 20:23:59,9,8,3713.5,23010
2022-10-03 20:24:01,2,0,3713.5,23010
2022-10-03 20:24:04,1,-1,3713.25,23009
2022-10-03 20:24:05,2,0,3713.5,23009
2022-10-03 20:24:06,5,5,3713.5,23014
2022-10-03 20:24:07,10,-7,3713.5,23007
2022-10-03 20:24:08,1,1,3713.5,23008
2022-10-03 20:24:09,2,0,3713.5,23008
2022-10-03 20:24:11,4,1,3713.75,23009
2022-10-03 20:24:12,35,-3,3714.0,23006
2022-10-03 20:24:13,10,2,3713.75,23008
2022-10-03 20:24:14,5,1,3714.0,23009
2022-10-03 20:24:16,1,1,3714.0,23010
2022-10-03 20:24:17,6,6,3714.0,23016
2022-10-03 20:24:18,2,-2,3713.75,23014
2022-10-03 20:24:19,6,-6,3713.75,23008
2022-10-03 20:24:21,9,-1,3713.75,23007
2022-10-03 20:24:22,4,4,3713.5,23011
2022-10-03 20:24:23,2,-2,3713.5,23009
2022-10-03 20:24:24,26,20,3714.0,23029
2022-10-03 20:24:25,3,-3,3713.75,23026
2022-10-03 20:24:27,1,1,3713.75,23027
2022-10-03 20:24:29,5,-2,3713.5,23025
2022-10-03 20:24:30,5,-5,3713.5,23020
2022-10-03 20:24:32,2,1,3713.5,23021
2022-10-03 20:24:33,2,-2,3713.25,23019
2022-10-03 20:24:34,2,-1,3713.25,23018
2022-10-03 20:24:39,104,-51,3713.0,22967
2022-10-03 20:24:40,4,-4,3712.0,22963
2022-10-03 20:24:41,9,4,3712.25,22967
2022-10-03 20:24:42,3,-3,3712.0,22964
2022-10-03 20:24:44,9,-1,3712.0,22963
2022-10-03 20:24:45,3,3,3712.0,22966
2022-10-03 20:24:46,5,-1,3712.0,22965
2022-10-03 20:24:50,5,5,3712.0,22970
2022-10-03 20:24:52,7,-5,3712.0,22965
2022-10-03 20:24:53,1,-1,3711.75,22964
2022-10-03 20:24:54,51,-49,3711.75,22915
2022-10-03 20:24:55,1,-1,3711.25,22914
2022-10-03 20:24:56,1,-1,3711.25,22913
2022-10-03 20:24:58,212,13,3712.25,22926
2022-10-03 20:24:59,2,-2,3711.75,22924
2022-10-03 20:25:00,9,7,3711.75,22931
2022-10-03 20:25:01,1,1,3711.75,22932
2022-10-03 20:25:03,5,2,3711.75,22934
2022-10-03 20:25:04,3,-1,3711.75,22933
2022-10-03 20:25:05,7,1,3712.0,22934
2022-10-03 20:25:09,13,5,3711.75,22939
2022-10-03 20:25:11,7,7,3711.5,22946
2022-10-03 20:25:12,4,-2,3711.5,22944
2022-10-03 20:25:15,4,-3,3711.25,22941
2022-10-03 20:25:16,14,4,3711.25,22945
2022-10-03 20:25:17,4,-4,3711.25,22941
2022-10-03 20:25:18,5,-5,3711.0,22936
2022-10-03 20:25:19,1,-1,3711.0,22935
2022-10-03 20:25:21,1,1,3711.25,22936
2022-10-03 20:25:22,1,-1,3711.0,22935
2022-10-03 20:25:23,24,16,3711.5,22951
2022-10-03 20:25:24,12,3,3711.75,22954
2022-10-03 20:25:26,1,-1,3711.5,22953
2022-10-03 20:25:27,131,-49,3711.25,22904
2022-10-03 20:25:28,11,-5,3711.0,22899
2022-10-03 20:25:29,16,2,3711.25,22901
2022-10-03 20:25:30,2,-1,3711.25,22900
2022-10-03 20:25:31,10,2,3711.25,22902
2022-10-03 20:25:32,31,7,3711.75,22909
2022-10-03 20:25:33,6,2,3711.75,22911
2022-10-03 20:25:35,18,4,3712.25,22915
2022-10-03 20:25:36,6,0,3712.25,22915
2022-10-03 20:25:38,11,6,3712.25,22921
2022-10-03 20:25:39,3,-3,3712.25,22918
2022-10-03 20:25:40,2,-2,3712.25,22916
2022-10-03 20:25:41,3,5,3712.5,22921
2022-10-03 20:25:42,9,3,3712.5,22924
2022-10-03 20:25:43,20,4,3712.75,22928
2022-10-03 20:25:44,2,-1,3712.25,22927
2022-10-03 20:25:45,28,2,3712.5,22929
2022-10-03 20:25:46,3,-3,3712.0,22926
2022-10-03 20:25:48,7,6,3712.25,22932
2022-10-03 20:25:50,4,4,3712.75,22936
2022-10-03 20:25:51,1,-1,3712.5,22935
2022-10-03 20:25:52,1,-1,3712.5,22934
2022-10-03 20:25:53,62,75,3713.0,23009
2022-10-03 20:25:54,16,10,3713.0,23019
2022-10-03 20:25:56,1,-1,3713.0,23018
2022-10-03 20:25:57,5,-4,3713.0,23014
2022-10-03 20:25:59,62,44,3713.75,23058
2022-10-03 20:26:00,6,2,3713.5,23060
2022-10-03 20:26:01,9,3,3713.5,23063
2022-10-03 20:26:02,1,-1,3713.5,23062
2022-10-03 20:26:03,4,-4,3713.5,23058
2022-10-03 20:26:04,3,-3,3713.25,23055
2022-10-03 20:26:05,1,1,3713.25,23056
2022-10-03 20:26:06,1,-1,3713.25,23055
2022-10-03 20:26:08,17,-4,3713.0,23051
2022-10-03 20:26:10,12,-11,3712.75,23040
2022-10-03 20:26:11,8,5,3712.75,23045
2022-10-03 20:26:13,2,2,3713.0,23047
2022-10-03 20:26:14,6,-2,3712.75,23045
2022-10-03 20:26:15,2,2,3712.75,23047
2022-10-03 20:26:19,16,0,3712.75,23047
2022-10-03 20:26:21,17,-6,3712.5,23041
2022-10-03 20:26:23,16,6,3712.75,23047
2022-10-03 20:26:25,3,-3,3712.25,23044
2022-10-03 20:26:26,1,1,3712.25,23045
2022-10-03 20:26:27,2,-1,3712.25,23044
2022-10-03 20:26:31,2,2,3712.25,23046
2022-10-03 20:26:36,2,2,3712.5,23048
2022-10-03 20:26:37,4,-4,3712.5,23044
2022-10-03 20:26:44,2,2,3712.75,23046
2022-10-03 20:26:46,1,-1,3712.75,23045
2022-10-03 20:26:49,20,12,3713.25,23057
2022-10-03 20:26:50,9,-4,3713.0,23053
2022-10-03 20:26:52,3,-3,3712.75,23050
2022-10-03 20:26:53,8,-8,3712.75,23042
2022-10-03 20:26:54,5,-5,3712.5,23037
2022-10-03 20:26:55,4,-1,3712.5,23036
2022-10-03 20:26:57,1,1,3712.75,23037
2022-10-03 20:26:59,7,-6,3712.5,23031
2022-10-03 20:27:00,1,1,3712.25,23032
2022-10-03 20:27:01,1,1,3712.25,23033
2022-10-03 20:27:02,3,2,3712.5,23035
2022-10-03 20:27:03,5,-3,3712.25,23032
2022-10-03 20:27:04,4,2,3712.5,23034
2022-10-03 20:27:06,2,0,3712.5,23034
2022-10-03 20:27:07,12,-6,3712.0,23028
2022-10-03 20:27:08,3,1,3712.25,23029
2022-10-03 20:27:10,3,-1,3712.0,23028
2022-10-03 20:27:13,12,12,3712.5,23040
2022-10-03 20:27:14,6,0,3712.5,23040
2022-10-03 20:27:17,1,1,3712.75,23041
2022-10-03 20:27:19,63,-21,3712.5,23020
2022-10-03 20:27:21,1,1,3712.25,23021
2022-10-03 20:27:23,5,3,3712.25,23024
2022-10-03 20:27:26,27,-12,3712.25,23012
2022-10-03 20:27:31,1,-1,3712.25,23011
2022-10-03 20:27:33,2,2,3712.5,23013
2022-10-03 20:27:35,1,1,3712.75,23014
2022-10-03 20:27:37,23,-27,3712.75,22987
2022-10-03 20:27:40,6,4,3713.0,22991
2022-10-03 20:27:41,1,1,3713.0,22992
2022-10-03 20:27:42,5,-3,3712.75,22989
2022-10-03 20:27:44,1,1,3713.0,22990
2022-10-03 20:27:45,11,0,3713.0,22990
2022-10-03 20:27:46,1,1,3713.0,22991
2022-10-03 20:27:52,6,-6,3712.75,22985
2022-10-03 20:27:53,5,-5,3712.75,22980
2022-10-03 20:27:54,10,-10,3712.75,22970
2022-10-03 20:27:55,6,-3,3712.5,22967
2022-10-03 20:27:56,1,1,3712.5,22968
2022-10-03 20:28:01,1,1,3712.5,22969
2022-10-03 20:28:04,2,2,3712.75,22971
2022-10-03 20:28:08,3,-3,3712.5,22968
2022-10-03 20:28:12,10,-9,3712.25,22959
2022-10-03 20:28:13,8,6,3712.0,22965
2022-10-03 20:28:14,12,8,3712.25,22973
2022-10-03 20:28:15,1,-1,3712.0,22972
2022-10-03 20:28:16,1,-1,3712.0,22971
2022-10-03 20:28:18,13,-9,3712.0,22962
2022-10-03 20:28:19,3,3,3712.25,22965
2022-10-03 20:28:20,1,-1,3712.25,22964
2022-10-03 20:28:26,7,7,3712.25,22971
2022-10-03 20:28:27,7,5,3712.25,22976
2022-10-03 20:28:29,10,6,3712.5,22982
2022-10-03 20:28:33,3,-3,3712.5,22979
2022-10-03 20:28:34,5,-2,3712.5,22977
2022-10-03 20:28:36,2,2,3712.75,22979
2022-10-03 20:28:37,2,2,3712.75,22981
2022-10-03 20:28:39,7,5,3713.0,22986
2022-10-03 20:28:41,4,4,3713.0,22990
2022-10-03 20:28:43,1,-1,3713.0,22989
2022-10-03 20:28:47,21,-10,3712.75,22979
2022-10-03 20:28:50,4,-4,3712.25,22975
2022-10-03 20:28:52,8,-6,3712.25,22969
2022-10-03 20:28:53,2,-2,3712.0,22967
2022-10-03 20:28:54,2,0,3712.25,22967
2022-10-03 20:28:56,1,-1,3712.0,22966
2022-10-03 20:28:58,9,3,3712.5,22969
2022-10-03 20:29:00,11,-5,3712.25,22964
2022-10-03 20:29:01,3,-3,3712.0,22961
2022-10-03 20:29:02,1,-1,3712.0,22960
2022-10-03 20:29:03,1,1,3712.25,22961
2022-10-03 20:29:04,10,4,3712.5,22965
2022-10-03 20:29:06,12,-8,3712.75,22957
2022-10-03 20:29:07,1,1,3712.5,22958
2022-10-03 20:29:09,1,-1,3712.5,22957
2022-10-03 20:29:11,2,-2,3712.5,22955
2022-10-03 20:29:12,3,-1,3712.5,22954
2022-10-03 20:29:13,4,0,3712.5,22954
2022-10-03 20:29:14,3,1,3712.5,22955
2022-10-03 20:29:16,86,-58,3712.25,22897
2022-10-03 20:29:17,49,-48,3711.5,22849
2022-10-03 20:29:18,1,1,3711.5,22850
2022-10-03 20:29:20,3,3,3711.5,22853
2022-10-03 20:29:21,1,1,3711.75,22854
2022-10-03 20:29:22,11,-6,3711.5,22848
2022-10-03 20:29:23,5,-3,3711.5,22845
2022-10-03 20:29:24,5,-5,3711.25,22840
2022-10-03 20:29:25,2,-2,3711.0,22838
2022-10-03 20:29:27,2,0,3711.25,22838
2022-10-03 20:29:28,7,4,3711.25,22842
2022-10-03 20:29:29,2,2,3711.25,22844
2022-10-03 20:29:30,3,-3,3711.25,22841
2022-10-03 20:29:31,1,1,3711.5,22842
2022-10-03 20:29:33,2,-2,3711.25,22840
2022-10-03 20:29:34,1,1,3711.25,22841
2022-10-03 20:29:39,1,-1,3711.0,22840
2022-10-03 20:29:40,12,11,3711.5,22851
2022-10-03 20:29:41,3,1,3711.75,22852
2022-10-03 20:29:42,1,1,3711.75,22853
2022-10-03 20:29:46,2,2,3711.75,22855
2022-10-03 20:29:48,101,11,3712.25,22866
2022-10-03 20:29:49,2,0,3712.25,22866
2022-10-03 20:29:51,11,3,3712.5,22869
2022-10-03 20:29:54,2,2,3712.5,22871
2022-10-03 20:29:55,1,1,3712.5,22872
2022-10-03 20:29:56,1,1,3712.5,22873
2022-10-03 20:29:57,2,2,3712.5,22875
2022-10-03 20:30:00,14,-3,3712.5,22872
2022-10-03 20:30:02,4,4,3712.75,22876
2022-10-03 20:30:04,17,-2,3712.75,22874
2022-10-03 20:30:05,13,3,3712.5,22877
2022-10-03 20:30:06,1,-1,3712.25,22876
2022-10-03 20:30:10,2,2,3712.75,22878
2022-10-03 20:30:11,1,-1,3712.5,22877
2022-10-03 20:30:13,11,7,3712.75,22884
2022-10-03 20:30:14,7,-7,3712.75,22877
2022-10-03 20:30:15,4,-2,3713.0,22875
2022-10-03 20:30:16,2,2,3713.0,22877
2022-10-03 20:30:17,10,-7,3712.75,22870
2022-10-03 20:30:18,3,1,3712.5,22871
2022-10-03 20:30:20,4,2,3712.75,22873
2022-10-03 20:30:22,1,-1,3712.75,22872
2022-10-03 20:30:23,6,-1,3712.75,22871
2022-10-03 20:30:24,1,1,3712.75,22872
2022-10-03 20:30:26,4,-4,3712.75,22868
2022-10-03 20:30:28,1,-1,3712.75,22867
2022-10-03 20:30:29,2,-2,3712.5,22865
2022-10-03 20:30:31,1,1,3712.5,22866
2022-10-03 20:30:34,1,1,3712.5,22867
2022-10-03 20:30:38,26,-4,3712.25,22863
2022-10-03 20:30:41,11,-5,3712.0,22858
2022-10-03 20:30:42,3,-1,3712.0,22857
2022-10-03 20:30:43,1,1,3712.0,22858
2022-10-03 20:30:44,10,-9,3711.75,22849
2022-10-03 20:30:45,27,2,3711.75,22851
2022-10-03 20:30:47,4,0,3711.75,22851
2022-10-03 20:30:48,1,1,3711.75,22852
2022-10-03 20:30:50,4,4,3711.75,22856
2022-10-03 20:30:53,1,-1,3711.75,22855
2022-10-03 20:30:54,1,1,3711.75,22856
2022-10-03 20:30:57,2,2,3711.75,22858
2022-10-03 20:30:59,5,5,3711.75,22863
2022-10-03 20:31:00,10,-1,3712.0,22862
2022-10-03 20:31:03,4,2,3712.25,22864
2022-10-03 20:31:04,7,-1,3712.25,22863
2022-10-03 20:31:07,5,5,3712.25,22868
2022-10-03 20:31:08,1,1,3712.25,22869
2022-10-03 20:31:10,3,3,3712.25,22872
2022-10-03 20:31:12,7,-7,3712.0,22865
2022-10-03 20:31:13,2,0,3712.0,22865
2022-10-03 20:31:14,1,1,3712.25,22866
2022-10-03 20:31:15,3,-3,3712.0,22863
2022-10-03 20:31:17,61,4,3712.5,22867
2022-10-03 20:31:18,4,0,3712.5,22867
2022-10-03 20:31:22,1,1,3712.5,22868
2022-10-03 20:31:29,4,4,3712.75,22872
2022-10-03 20:31:30,6,-1,3712.5,22871
2022-10-03 20:31:31,2,0,3712.5,22871
2022-10-03 20:31:32,11,-5,3712.5,22866
2022-10-03 20:31:35,1,1,3712.25,22867
2022-10-03 20:31:36,1,1,3712.25,22868
2022-10-03 20:31:40,1,-1,3712.0,22867
2022-10-03 20:31:41,1,1,3712.25,22868
2022-10-03 20:31:42,1,-1,3712.0,22867
2022-10-03 20:31:45,11,-3,3712.75,22864
2022-10-03 20:31:50,3,3,3712.75,22867
2022-10-03 20:31:51,3,-1,3712.5,22866
2022-10-03 20:31:58,1,1,3713.0,22867
2022-10-03 20:31:59,5,-5,3712.75,22862
2022-10-03 20:32:00,13,-2,3713.0,22860
2022-10-03 20:32:01,7,-7,3712.5,22853
2022-10-03 20:32:02,2,2,3712.5,22855
2022-10-03 20:32:05,6,2,3712.75,22857
2022-10-03 20:32:06,5,4,3712.75,22861
2022-10-03 20:32:07,10,-12,3712.75,22849
2022-10-03 20:32:08,4,-4,3712.5,22845
2022-10-03 20:32:10,2,-2,3712.5,22843
2022-10-03 20:32:13,2,2,3712.75,22845
2022-10-03 20:32:14,3,3,3712.75,22848
2022-10-03 20:32:16,1,1,3712.75,22849
2022-10-03 20:32:17,4,-2,3712.5,22847
2022-10-03 20:32:18,3,3,3712.5,22850
2022-10-03 20:32:20,2,-2,3712.5,22848
2022-10-03 20:32:21,3,3,3712.75,22851
2022-10-03 20:32:22,1,-1,3712.5,22850
2022-10-03 20:32:24,1,1,3712.75,22851
2022-10-03 20:32:25,1,-1,3712.75,22850
2022-10-03 20:32:26,5,-2,3712.75,22848
2022-10-03 20:32:30,6,5,3712.5,22853
2022-10-03 20:32:32,1,-1,3712.5,22852
2022-10-03 20:32:35,7,1,3712.5,22853
2022-10-03 20:32:37,2,-1,3712.5,22852
2022-10-03 20:32:40,12,-1,3712.5,22851
2022-10-03 20:32:42,1,1,3712.25,22852
2022-10-03 20:32:43,5,0,3712.25,22852
2022-10-03 20:32:44,1,-1,3712.25,22851
2022-10-03 20:32:46,10,-2,3712.25,22849
2022-10-03 20:32:47,2,0,3712.25,22849
2022-10-03 20:32:49,4,4,3712.5,22853
2022-10-03 20:32:50,2,-2,3712.5,22851
2022-10-03 20:32:51,1,1,3712.5,22852
2022-10-03 20:32:52,30,31,3712.75,22883
2022-10-03 20:32:53,5,-3,3712.5,22880
2022-10-03 20:32:55,5,-5,3712.25,22875
2022-10-03 20:32:56,2,0,3712.5,22875
2022-10-03 20:32:57,6,1,3712.25,22876
2022-10-03 20:32:59,3,1,3712.25,22877
2022-10-03 20:33:00,2,2,3712.25,22879
2022-10-03 20:33:01,2,2,3712.75,22881
2022-10-03 20:33:03,2,0,3712.75,22881
2022-10-03 20:33:07,2,2,3712.75,22883
2022-10-03 20:33:09,13,2,3713.0,22885
2022-10-03 20:33:10,5,-3,3712.75,22882
2022-10-03 20:33:11,2,1,3712.75,22883
2022-10-03 20:33:12,4,3,3712.75,22886
2022-10-03 20:33:13,34,-8,3712.75,22878
2022-10-03 20:33:15,1,1,3713.0,22879
2022-10-03 20:33:18,3,-1,3712.75,22878
2022-10-03 20:33:20,1,1,3713.0,22879
2022-10-03 20:33:21,4,-4,3712.5,22875
2022-10-03 20:33:24,1,1,3712.5,22876
2022-10-03 20:33:28,3,1,3712.75,22877
2022-10-03 20:33:29,2,-2,3712.5,22875
2022-10-03 20:33:30,3,1,3712.5,22876
2022-10-03 20:33:35,6,-6,3712.5,22870
2022-10-03 20:33:37,13,-2,3712.25,22868
2022-10-03 20:33:38,11,10,3712.5,22878
2022-10-03 20:33:39,1,-1,3712.5,22877
2022-10-03 20:33:40,1,-1,3712.5,22876
2022-10-03 20:33:41,18,0,3712.25,22876
2022-10-03 20:33:43,46,-11,3712.25,22865
2022-10-03 20:33:44,20,-4,3711.5,22861
2022-10-03 20:33:45,6,4,3711.5,22865
2022-10-03 20:33:47,1,1,3711.5,22866
2022-10-03 20:33:50,5,0,3711.5,22866
2022-10-03 20:33:53,8,-4,3711.5,22862
2022-10-03 20:33:54,4,3,3711.5,22865
2022-10-03 20:33:55,4,0,3711.5,22865
2022-10-03 20:33:56,10,-9,3711.25,22856
2022-10-03 20:33:57,7,1,3711.5,22857
2022-10-03 20:33:59,1,1,3711.5,22858
2022-10-03 20:34:00,1,-1,3711.5,22857
2022-10-03 20:34:01,6,4,3711.75,22861
2022-10-03 20:34:03,15,14,3712.25,22875
2022-10-03 20:34:06,15,-8,3712.0,22867
2022-10-03 20:34:09,1,-1,3711.75,22866
2022-10-03 20:34:10,2,0,3711.75,22866
2022-10-03 20:34:13,6,-4,3711.5,22862
2022-10-03 20:34:14,5,5,3711.5,22867
2022-10-03 20:34:17,1,1,3711.75,22868
2022-10-03 20:34:20,3,-3,3711.5,22865
2022-10-03 20:34:21,12,2,3711.75,22867
2022-10-03 20:34:22,5,5,3711.75,22872
2022-10-03 20:34:23,7,-1,3711.5,22871
2022-10-03 20:34:28,3,1,3711.5,22872
2022-10-03 20:34:30,8,-5,3711.25,22867
2022-10-03 20:34:34,2,0,3711.5,22867
2022-10-03 20:34:38,5,-3,3711.5,22864
2022-10-03 20:34:42,7,-7,3711.25,22857
2022-10-03 20:34:43,9,4,3711.5,22861
2022-10-03 20:34:44,3,-3,3711.5,22858
2022-10-03 20:34:48,3,3,3711.5,22861
2022-10-03 20:34:49,12,5,3711.5,22866
2022-10-03 20:34:50,1,1,3711.5,22867
2022-10-03 20:34:52,1,-1,3711.5,22866
2022-10-03 20:34:57,9,5,3711.75,22871
2022-10-03 20:34:58,4,-4,3711.5,22867
2022-10-03 20:34:59,2,-2,3711.5,22865
2022-10-03 20:35:00,1,-1,3711.25,22864
2022-10-03 20:35:02,9,-9,3711.25,22855
2022-10-03 20:35:03,1,1,3711.25,22856
2022-10-03 20:35:05,3,1,3711.25,22857
2022-10-03 20:35:07,58,-50,3711.0,22807
2022-10-03 20:35:10,1,1,3710.5,22808
2022-10-03 20:35:11,2,-2,3710.5,22806
2022-10-03 20:35:13,8,0,3710.5,22806
2022-10-03 20:35:14,1,1,3710.5,22807
2022-10-03 20:35:15,72,-46,3710.25,22761
2022-10-03 20:35:16,2,-2,3709.75,22759
2022-10-03 20:35:17,21,-4,3710.0,22755
2022-10-03 20:35:18,12,-6,3709.75,22749
2022-10-03 20:35:19,19,8,3710.0,22757
2022-10-03 20:35:20,1,1,3710.0,22758
2022-10-03 20:35:23,2,0,3710.0,22758
2022-10-03 20:35:24,13,5,3710.0,22763
2022-10-03 20:35:26,26,15,3710.5,22778
2022-10-03 20:35:28,5,-1,3710.5,22777
2022-10-03 20:35:29,6,-2,3710.25,22775
2022-10-03 20:35:30,9,5,3710.25,22780
2022-10-03 20:35:32,1,1,3710.5,22781
2022-10-03 20:35:33,2,-2,3710.25,22779
2022-10-03 20:35:35,2,2,3710.5,22781
2022-10-03 20:35:38,4,-4,3710.25,22777
2022-10-03 20:35:39,27,-16,3710.5,22761
2022-10-03 20:35:41,1,1,3710.0,22762
2022-10-03 20:35:44,47,-11,3710.0,22751
2022-10-03 20:35:45,3,3,3709.75,22754
2022-10-03 20:35:46,3,-3,3709.75,22751
2022-10-03 20:35:47,3,1,3710.0,22752
2022-10-03 20:35:48,13,-8,3709.75,22744
2022-10-03 20:35:50,8,-2,3710.0,22742
2022-10-03 20:35:51,20,-24,3710.0,22718
2022-10-03 20:35:52,17,5,3710.0,22723
2022-10-03 20:35:53,6,2,3710.25,22725
2022-10-03 20:35:54,6,-6,3710.0,22719
2022-10-03 20:35:55,1,1,3710.25,22720
2022-10-03 20:35:56,4,-2,3710.25,22718
2022-10-03 20:35:58,2,0,3710.25,22718
2022-10-03 20:36:00,13,9,3710.75,22727
2022-10-03 20:36:01,2,-2,3710.5,22725
2022-10-03 20:36:02,1,-1,3710.25,22724
2022-10-03 20:36:03,3,1,3710.5,22725
2022-10-03 20:36:04,23,30,3710.75,22755
2022-10-03 20:36:05,2,-2,3710.5,22753
2022-10-03 20:36:06,1,-1,3710.25,22752
2022-10-03 20:36:07,8,-1,3710.75,22751
2022-10-03 20:36:10,60,-43,3710.75,22708
2022-10-03 20:36:11,44,0,3710.0,22708
2022-10-03 20:36:12,21,13,3710.5,22721
2022-10-03 20:36:14,1,1,3710.25,22722
2022-10-03 20:36:15,3,-3,3710.0,22719
2022-10-03 20:36:16,12,4,3710.25,22723
2022-10-03 20:36:19,3,-3,3710.25,22720
2022-10-03 20:36:20,2,2,3710.25,22722
2022-10-03 20:36:21,8,4,3710.5,22726
2022-10-03 20:36:24,11,-5,3710.25,22721
2022-10-03 20:36:26,5,-2,3710.0,22719
2022-10-03 20:36:28,1,1,3710.25,22720
2022-10-03 20:36:31,7,-5,3710.0,22715
2022-10-03 20:36:32,8,-3,3710.25,22712
2022-10-03 20:36:37,1,1,3710.0,22713
2022-10-03 20:36:38,2,0,3710.0,22713
2022-10-03 20:36:42,6,4,3710.0,22717
2022-10-03 20:36:43,5,-3,3709.75,22714
2022-10-03 20:36:45,4,2,3710.0,22716
2022-10-03 20:36:46,3,3,3710.0,22719
2022-10-03 20:36:50,7,7,3710.25,22726
2022-10-03 20:36:53,5,-4,3710.25,22722
2022-10-03 20:36:54,5,3,3710.25,22725
2022-10-03 20:36:57,2,0,3710.25,22725
2022-10-03 20:36:59,9,-1,3710.25,22724
2022-10-03 20:37:00,8,-2,3710.0,22722
2022-10-03 20:37:02,1,1,3710.0,22723
2022-10-03 20:37:04,1,1,3710.25,22724
2022-10-03 20:37:05,3,-3,3710.25,22721
2022-10-03 20:37:06,1,1,3710.25,22722
2022-10-03 20:37:08,1,1,3710.5,22723
2022-10-03 20:37:09,1,-1,3710.25,22722
2022-10-03 20:37:10,2,2,3710.5,22724
2022-10-03 20:37:12,5,-1,3710.25,22723
2022-10-03 20:37:15,1,1,3710.5,22724
2022-10-03 20:37:16,2,-2,3710.25,22722
2022-10-03 20:37:17,1,-1,3710.0,22721
2022-10-03 20:37:18,2,-2,3710.0,22719
2022-10-03 20:37:19,1,1,3710.25,22720
2022-10-03 20:37:20,7,2,3710.5,22722
2022-10-03 20:37:22,3,1,3710.25,22723
2022-10-03 20:37:25,7,-2,3710.25,22721
2022-10-03 20:37:28,4,4,3710.25,22725
2022-10-03 20:37:29,4,2,3710.5,22727
2022-10-03 20:37:30,1,1,3710.5,22728
2022-10-03 20:37:31,2,-2,3710.5,22726
2022-10-03 20:37:32,4,-2,3710.25,22724
2022-10-03 20:37:34,1,1,3710.25,22725
2022-10-03 20:37:37,1,-1,3710.0,22724
2022-10-03 20:37:38,4,0,3710.25,22724
2022-10-03 20:37:40,15,-10,3710.0,22714
2022-10-03 20:37:42,11,18,3710.0,22732
2022-10-03 20:37:44,1,-1,3709.75,22731
2022-10-03 20:37:45,4,4,3710.0,22735
2022-10-03 20:37:49,8,2,3710.0,22737
2022-10-03 20:37:50,3,1,3710.0,22738
2022-10-03 20:37:51,1,1,3710.25,22739
2022-10-03 20:37:53,3,-3,3710.0,22736
2022-10-03 20:37:54,3,1,3710.25,22737
2022-10-03 20:37:55,1,-1,3710.25,22736
2022-10-03 20:37:56,5,-5,3710.25,22731
2022-10-03 20:37:58,25,6,3710.25,22737
2022-10-03 20:37:59,2,0,3710.5,22737
2022-10-03 20:38:00,7,4,3710.5,22741
2022-10-03 20:38:03,2,-2,3710.5,22739
2022-10-03 20:38:08,10,-9,3710.5,22730
2022-10-03 20:38:09,3,3,3710.5,22733
2022-10-03 20:38:11,4,-4,3710.0,22729
2022-10-03 20:38:15,3,-3,3710.0,22726
2022-10-03 20:38:16,1,-1,3710.0,22725
2022-10-03 20:38:18,1,1,3710.0,22726
2022-10-03 20:38:19,1,1,3710.25,22727
2022-10-03 20:38:24,4,-6,3710.25,22721
2022-10-03 20:38:25,1,1,3710.25,22722
2022-10-03 20:38:31,4,3,3710.25,22725
2022-10-03 20:38:40,4,-1,3710.25,22724
2022-10-03 20:38:45,2,2,3710.25,22726
2022-10-03 20:38:46,1,1,3710.5,22727
2022-10-03 20:38:53,1,1,3710.5,22728
2022-10-03 20:38:54,2,2,3710.5,22730
2022-10-03 20:38:55,3,3,3710.75,22733
2022-10-03 20:38:56,5,-4,3710.5,22729
2022-10-03 20:38:57,3,3,3710.25,22732
2022-10-03 20:39:00,7,3,3710.5,22735
2022-10-03 20:39:02,9,-9,3710.5,22726
2022-10-03 20:39:03,1,-1,3710.25,22725
2022-10-03 20:39:04,4,5,3710.75,22730
2022-10-03 20:39:06,7,-3,3710.75,22727
2022-10-03 20:39:08,3,2,3710.75,22729
2022-10-03 20:39:09,10,6,3710.75,22735
2022-10-03 20:39:10,2,-2,3710.5,22733
2022-10-03 20:39:11,2,-2,3710.5,22731
2022-10-03 20:39:13,1,-1,3710.5,22730
2022-10-03 20:39:18,1,-1,3710.5,22729
2022-10-03 20:39:19,3,3,3710.75,22732
2022-10-03 20:39:20,3,-3,3710.5,22729
2022-10-03 20:39:21,2,2,3710.5,22731
2022-10-03 20:39:30,1,-1,3710.25,22730
2022-10-03 20:39:31,5,-5,3710.25,22725
2022-10-03 20:39:34,16,2,3710.25,22727
2022-10-03 20:39:37,4,-4,3710.0,22723
2022-10-03 20:39:40,2,2,3710.0,22725
2022-10-03 20:39:44,4,0,3710.0,22725
2022-10-03 20:39:46,2,-2,3710.0,22723
2022-10-03 20:39:48,1,1,3710.0,22724
2022-10-03 20:39:59,2,-2,3710.0,22722
2022-10-03 20:40:00,1,-1,3710.0,22721
2022-10-03 20:40:02,1,-1,3710.0,22720
2022-10-03 20:40:03,6,0,3710.0,22720
2022-10-03 20:40:08,1,1,3710.0,22721
2022-10-03 20:40:09,1,1,3710.0,22722
2022-10-03 20:40:11,1,1,3710.0,22723
2022-10-03 20:40:15,1,1,3710.0,22724
2022-10-03 20:40:17,129,67,3711.0,22791
2022-10-03 20:40:18,8,-6,3711.0,22785
2022-10-03 20:40:19,1,1,3710.75,22786
2022-10-03 20:40:21,6,2,3710.75,22788
2022-10-03 20:40:25,1,1,3710.75,22789
2022-10-03 20:40:26,1,1,3710.75,22790
2022-10-03 20:40:27,20,-14,3710.5,22776
2022-10-03 20:40:29,2,-1,3710.25,22775
2022-10-03 20:40:30,5,5,3710.5,22780
2022-10-03 20:40:34,10,-2,3710.5,22778
2022-10-03 20:40:37,2,2,3710.25,22780
2022-10-03 20:40:38,1,-1,3710.0,22779
2022-10-03 20:40:40,1,1,3710.25,22780
2022-10-03 20:40:43,12,-4,3710.25,22776
2022-10-03 20:40:45,2,-2,3710.25,22774
2022-10-03 20:40:46,2,-2,3710.0,22772
2022-10-03 20:40:47,1,-1,3710.0,22771
2022-10-03 20:40:48,11,-11,3710.0,22760
2022-10-03 20:40:49,14,2,3710.0,22762
2022-10-03 20:40:51,12,-3,3710.0,22759
2022-10-03 20:40:52,33,4,3709.75,22763
2022-10-03 20:40:53,5,5,3710.0,22768
2022-10-03 20:40:56,12,-4,3710.0,22764
2022-10-03 20:40:57,2,-2,3709.5,22762
2022-10-03 20:41:00,2,0,3709.75,22762
2022-10-03 20:41:02,8,-7,3709.5,22755
2022-10-03 20:41:03,1,1,3709.75,22756
2022-10-03 20:41:04,3,1,3709.75,22757
2022-10-03 20:41:07,7,1,3710.25,22758
2022-10-03 20:41:10,1,1,3710.25,22759
2022-10-03 20:41:13,1,-1,3710.25,22758
2022-10-03 20:41:14,3,2,3710.75,22760
2022-10-03 20:41:15,1,1,3710.75,22761
2022-10-03 20:41:16,1,-1,3710.5,22760
2022-10-03 20:41:18,10,-7,3710.75,22753
2022-10-03 20:41:19,6,4,3710.5,22757
2022-10-03 20:41:21,2,0,3710.5,22757
2022-10-03 20:41:22,2,-1,3710.25,22756
2022-10-03 20:41:25,1,-1,3710.25,22755
2022-10-03 20:41:26,2,-2,3710.0,22753
2022-10-03 20:41:27,10,-8,3710.0,22745
2022-10-03 20:41:28,2,-2,3710.0,22743
2022-10-03 20:41:29,1,1,3710.0,22744
2022-10-03 20:41:34,1,1,3710.25,22745
2022-10-03 20:41:35,3,3,3710.25,22748
2022-10-03 20:41:38,3,3,3710.5,22751
2022-10-03 20:41:40,1,-1,3710.5,22750
2022-10-03 20:41:42,34,-42,3710.5,22708
2022-10-03 20:41:45,5,5,3710.5,22713
2022-10-03 20:41:46,2,2,3710.5,22715
2022-10-03 20:41:50,1,1,3710.5,22716
2022-10-03 20:41:53,1,-1,3710.5,22715
2022-10-03 20:41:55,1,-1,3710.5,22714
2022-10-03 20:41:56,2,2,3710.5,22716
2022-10-03 20:42:00,2,-2,3710.5,22714
2022-10-03 20:42:05,8,5,3710.75,22719
2022-10-03 20:42:06,2,-2,3710.75,22717
2022-10-03 20:42:07,2,2,3711.0,22719
2022-10-03 20:42:09,9,9,3711.0,22728
2022-10-03 20:42:10,8,10,3711.25,22738
2022-10-03 20:42:11,12,-9,3711.0,22729
2022-10-03 20:42:12,2,0,3711.0,22729
2022-10-03 20:42:13,1,1,3711.0,22730
2022-10-03 20:42:15,6,-6,3710.75,22724
2022-10-03 20:42:17,3,1,3711.0,22725
2022-10-03 20:42:22,9,4,3711.0,22729
2022-10-03 20:42:23,11,-1,3710.75,22728
2022-10-03 20:42:26,1,-1,3710.25,22727
2022-10-03 20:42:28,1,-1,3710.25,22726
2022-10-03 20:42:29,2,2,3710.25,22728
2022-10-03 20:42:31,14,0,3710.25,22728
2022-10-03 20:42:32,30,-32,3710.0,22696
2022-10-03 20:42:36,2,-2,3709.75,22694
2022-10-03 20:42:37,1,1,3710.0,22695
2022-10-03 20:42:39,11,11,3710.0,22706
2022-10-03 20:42:40,1,1,3710.0,22707
2022-10-03 20:42:41,4,4,3710.0,22711
2022-10-03 20:42:42,1,-1,3710.0,22710
2022-10-03 20:42:43,7,-4,3710.0,22706
2022-10-03 20:42:44,1,1,3710.0,22707
2022-10-03 20:42:46,72,-88,3710.0,22619
2022-10-03 20:42:47,11,5,3709.5,22624
2022-10-03 20:42:48,4,-2,3709.5,22622
2022-10-03 20:42:49,3,-3,3709.25,22619
2022-10-03 20:42:50,4,4,3709.5,22623
2022-10-03 20:42:51,2,-2,3709.25,22621
2022-10-03 20:42:55,3,-3,3709.25,22618
2022-10-03 20:42:56,4,0,3709.5,22618
2022-10-03 20:42:58,6,2,3709.5,22620
2022-10-03 20:42:59,2,-1,3709.25,22619
2022-10-03 20:43:03,5,2,3710.0,22621
2022-10-03 20:43:07,1,1,3709.75,22622
2022-10-03 20:43:08,21,8,3710.0,22630
2022-10-03 20:43:09,3,-2,3710.0,22628
2022-10-03 20:43:10,3,2,3710.0,22630
2022-10-03 20:43:12,1,1,3710.25,22631
2022-10-03 20:43:13,1,-1,3710.0,22630
2022-10-03 20:43:15,1,1,3710.0,22631
2022-10-03 20:43:16,4,2,3710.0,22633
2022-10-03 20:43:17,16,-13,3709.75,22620
2022-10-03 20:43:23,2,0,3709.75,22620
2022-10-03 20:43:24,1,-1,3709.5,22619
2022-10-03 20:43:26,1,-1,3709.5,22618
2022-10-03 20:43:29,3,-3,3709.25,22615
2022-10-03 20:43:40,83,-66,3709.0,22549
2022-10-03 20:43:41,3,-2,3708.75,22547
2022-10-03 20:43:43,11,6,3709.0,22553
2022-10-03 20:43:44,5,5,3709.0,22558
2022-10-03 20:43:45,2,-2,3708.75,22556
2022-10-03 20:43:47,7,7,3709.0,22563
2022-10-03 20:43:53,5,5,3709.25,22568
2022-10-03 20:43:56,5,-4,3709.0,22564
2022-10-03 20:43:58,11,-5,3709.0,22559
2022-10-03 20:44:00,11,2,3708.75,22561
2022-10-03 20:44:01,50,-65,3708.75,22496
2022-10-03 20:44:02,2,2,3709.0,22498
2022-10-03 20:44:03,2,-1,3708.75,22497
2022-10-03 20:44:04,4,2,3709.0,22499
2022-10-03 20:44:06,6,-4,3709.0,22495
2022-10-03 20:44:07,4,0,3708.75,22495
2022-10-03 20:44:09,1,1,3708.75,22496
2022-10-03 20:44:10,2,1,3708.75,22497
2022-10-03 20:44:11,54,-32,3708.75,22465
2022-10-03 20:44:12,3,0,3708.5,22465
2022-10-03 20:44:13,5,5,3708.75,22470
2022-10-03 20:44:14,6,0,3708.5,22470
2022-10-03 20:44:16,4,-1,3708.5,22469
2022-10-03 20:44:18,40,3,3709.0,22472
2022-10-03 20:44:19,9,0,3708.75,22472
2022-10-03 20:44:21,2,-2,3708.5,22470
2022-10-03 20:44:23,2,0,3708.5,22470
2022-10-03 20:44:25,7,-4,3708.5,22466
2022-10-03 20:44:26,3,1,3708.5,22467
2022-10-03 20:44:27,2,2,3708.75,22469
2022-10-03 20:44:30,9,3,3708.75,22472
2022-10-03 20:44:35,4,-3,3708.75,22469
2022-10-03 20:44:36,1,1,3708.75,22470
2022-10-03 20:44:38,10,1,3709.0,22471
2022-10-03 20:44:39,1,1,3709.0,22472
2022-10-03 20:44:41,1,1,3709.0,22473
2022-10-03 20:44:43,7,5,3709.25,22478
2022-10-03 20:44:44,7,-7,3709.0,22471
2022-10-03 20:44:47,1,-1,3709.0,22470
2022-10-03 20:44:53,2,0,3709.25,22470
2022-10-03 20:44:56,1,-1,3709.0,22469
2022-10-03 20:44:59,1,-1,3709.0,22468
2022-10-03 20:45:00,2,1,3709.0,22469
2022-10-03 20:45:03,2,-2,3709.0,22467
2022-10-03 20:45:04,9,-2,3709.0,22465
2022-10-03 20:45:05,1,1,3709.25,22466
2022-10-03 20:45:08,1,-1,3709.0,22465
2022-10-03 20:45:10,2,-2,3709.0,22463
2022-10-03 20:45:14,1,1,3709.0,22464
2022-10-03 20:45:15,1,1,3709.0,22465
2022-10-03 20:45:16,2,-2,3709.0,22463
2022-10-03 20:45:18,2,0,3709.0,22463
2022-10-03 20:45:19,5,-5,3708.75,22458
2022-10-03 20:45:20,7,-7,3708.75,22451
2022-10-03 20:45:21,9,3,3708.75,22454
2022-10-03 20:45:22,1,-1,3708.5,22453
2022-10-03 20:45:23,5,5,3709.0,22458
2022-10-03 20:45:24,1,-1,3708.75,22457
2022-10-03 20:45:25,2,0,3708.75,22457
2022-10-03 20:45:27,20,-15,3708.75,22442
2022-10-03 20:45:37,2,2,3708.75,22444
2022-10-03 20:45:40,15,-9,3708.5,22435
2022-10-03 20:45:41,16,-11,3708.25,22424
2022-10-03 20:45:42,8,5,3708.5,22429
2022-10-03 20:45:43,7,4,3708.5,22433
2022-10-03 20:45:44,5,5,3708.75,22438
2022-10-03 20:45:45,1,-1,3708.75,22437
2022-10-03 20:45:47,4,0,3709.0,22437
2022-10-03 20:45:50,2,-2,3708.75,22435
2022-10-03 20:45:57,2,-2,3708.5,22433
2022-10-03 20:45:59,3,3,3708.75,22436
2022-10-03 20:46:00,1,-1,3708.5,22435
2022-10-03 20:46:02,3,3,3708.75,22438
2022-10-03 20:46:04,5,-1,3708.75,22437
2022-10-03 20:46:05,1,-1,3708.75,22436
2022-10-03 20:46:06,18,12,3709.0,22448
2022-10-03 20:46:15,4,4,3709.25,22452
2022-10-03 20:46:16,17,20,3709.75,22472
2022-10-03 20:46:17,1,1,3709.75,22473
2022-10-03 20:46:18,1,1,3709.75,22474
2022-10-03 20:46:21,1,1,3709.75,22475
2022-10-03 20:46:23,4,0,3709.75,22475
2022-10-03 20:46:36,1,-1,3709.5,22474
2022-10-03 20:46:37,16,-3,3709.75,22471
2022-10-03 20:46:38,4,-2,3709.75,22469
2022-10-03 20:46:40,2,-2,3709.5,22467
2022-10-03 20:46:41,1,1,3709.75,22468
2022-10-03 20:46:43,1,1,3709.75,22469
2022-10-03 20:46:45,4,4,3709.75,22473
2022-10-03 20:46:47,12,-8,3709.75,22465
2022-10-03 20:46:52,1,1,3709.75,22466
2022-10-03 20:46:53,8,4,3709.75,22470
2022-10-03 20:46:55,3,-3,3709.75,22467
2022-10-03 20:47:00,7,-4,3709.5,22463
2022-10-03 20:47:01,1,-1,3709.25,22462
2022-10-03 20:47:03,1,-1,3709.25,22461
2022-10-03 20:47:04,1,1,3709.5,22462
2022-10-03 20:47:06,2,2,3709.5,22464
2022-10-03 20:47:07,16,-9,3709.25,22455
2022-10-03 20:47:08,8,-8,3709.0,22447
2022-10-03 20:47:11,7,4,3709.5,22451
2022-10-03 20:47:12,1,-1,3709.25,22450
2022-10-03 20:47:13,2,2,3709.5,22452
2022-10-03 20:47:14,1,1,3709.5,22453
2022-10-03 20:47:15,3,-1,3709.75,22452
2022-10-03 20:47:19,2,-2,3709.5,22450
2022-10-03 20:47:22,1,-1,3709.25,22449
2022-10-03 20:47:24,1,1,3709.5,22450
2022-10-03 20:47:25,1,-1,3709.25,22449
2022-10-03 20:47:28,14,6,3709.5,22455
2022-10-03 20:47:29,1,1,3709.5,22456
2022-10-03 20:47:30,5,3,3709.5,22459
2022-10-03 20:47:31,1,1,3709.5,22460
2022-10-03 20:47:33,13,-9,3709.5,22451
2022-10-03 20:47:34,15,-8,3709.5,22443
2022-10-03 20:47:37,1,1,3709.25,22444
2022-10-03 20:47:41,38,16,3709.5,22460
2022-10-03 20:47:42,11,3,3709.75,22463
2022-10-03 20:47:43,8,2,3709.75,22465
2022-10-03 20:47:45,2,0,3709.75,22465
2022-10-03 20:47:54,15,-8,3709.5,22457
2022-10-03 20:48:00,8,2,3709.75,22459
2022-10-03 20:48:01,5,3,3710.0,22462
2022-10-03 20:48:07,2,2,3710.0,22464
2022-10-03 20:48:09,1,-1,3709.75,22463
2022-10-03 20:48:10,17,11,3710.25,22474
2022-10-03 20:48:11,7,4,3710.5,22478
2022-10-03 20:48:13,1,1,3710.25,22479
2022-10-03 20:48:14,2,-2,3710.25,22477
2022-10-03 20:48:15,1,1,3710.25,22478
2022-10-03 20:48:16,7,0,3710.25,22478
2022-10-03 20:48:17,27,-9,3710.25,22469
2022-10-03 20:48:21,13,-9,3710.0,22460
2022-10-03 20:48:23,3,-3,3709.75,22457
2022-10-03 20:48:30,1,-1,3709.75,22456
2022-10-03 20:48:35,2,2,3710.0,22458
2022-10-03 20:48:37,4,0,3710.0,22458
2022-10-03 20:48:38,1,1,3710.0,22459
2022-10-03 20:48:42,1,1,3710.0,22460
2022-10-03 20:48:50,4,-2,3710.25,22458
2022-10-03 20:48:51,4,0,3710.25,22458
2022-10-03 20:48:53,8,-6,3710.0,22452
2022-10-03 20:48:56,3,-1,3709.75,22451
2022-10-03 20:49:00,2,0,3709.75,22451
2022-10-03 20:49:01,5,3,3709.75,22454
2022-10-03 20:49:04,1,-1,3709.75,22453
2022-10-03 20:49:05,1,1,3709.75,22454
2022-10-03 20:49:12,1,-1,3709.5,22453
2022-10-03 20:49:13,11,-5,3709.75,22448
2022-10-03 20:49:15,4,1,3710.0,22449
2022-10-03 20:49:16,13,3,3710.0,22452
2022-10-03 20:49:17,6,-1,3710.25,22451
2022-10-03 20:49:18,11,6,3710.25,22457
2022-10-03 20:49:19,1,1,3710.0,22458
2022-10-03 20:49:20,10,0,3710.0,22458
2022-10-03 20:49:22,4,4,3710.25,22462
2022-10-03 20:49:23,3,-1,3710.0,22461
2022-10-03 20:49:24,1,1,3710.0,22462
2022-10-03 20:49:26,6,2,3710.0,22464
2022-10-03 20:49:27,37,-7,3710.25,22457
2022-10-03 20:49:28,3,-1,3709.75,22456
2022-10-03 20:49:31,1,1,3710.0,22457
2022-10-03 20:49:32,1,-1,3709.75,22456
2022-10-03 20:49:33,7,-4,3709.75,22452
2022-10-03 20:49:34,1,-1,3709.75,22451
2022-10-03 20:49:37,4,3,3709.75,22454
2022-10-03 20:49:41,8,6,3709.75,22460
2022-10-03 20:49:42,1,-1,3709.75,22459
2022-10-03 20:49:45,1,-1,3709.75,22458
2022-10-03 20:49:49,1,1,3710.0,22459
2022-10-03 20:49:53,2,-2,3709.75,22457
2022-10-03 20:49:55,8,6,3709.75,22463
2022-10-03 20:49:56,12,-10,3709.5,22453
2022-10-03 20:49:59,1,1,3709.75,22454
2022-10-03 20:50:00,2,0,3709.75,22454
2022-10-03 20:50:02,2,-2,3709.75,22452
2022-10-03 20:50:03,2,-1,3709.5,22451
2022-10-03 20:50:06,10,-10,3709.5,22441
2022-10-03 20:50:07,1,-1,3709.5,22440
2022-10-03 20:50:12,1,1,3709.5,22441
2022-10-03 20:50:14,3,3,3710.0,22444
2022-10-03 20:50:17,9,3,3710.0,22447
2022-10-03 20:50:19,1,1,3710.0,22448
2022-10-03 20:50:31,15,-7,3709.75,22441
2022-10-03 20:50:32,2,-2,3709.75,22439
2022-10-03 20:50:38,4,-4,3709.5,22435
2022-10-03 20:50:41,5,-5,3709.5,22430
2022-10-03 20:50:43,2,0,3709.75,22430
2022-10-03 20:50:49,30,8,3709.5,22438
2022-10-03 20:50:52,2,-2,3709.5,22436
2022-10-03 20:50:54,8,4,3709.75,22440
2022-10-03 20:50:58,7,-2,3709.5,22438
2022-10-03 20:50:59,8,-9,3709.25,22429
2022-10-03 20:51:00,12,-9,3709.0,22420
2022-10-03 20:51:01,4,2,3709.0,22422
2022-10-03 20:51:02,1,1,3709.0,22423
2022-10-03 20:51:03,1,1,3709.0,22424
2022-10-03 20:51:04,11,2,3709.25,22426
2022-10-03 20:51:05,2,2,3709.25,22428
2022-10-03 20:51:07,6,-5,3709.25,22423
2022-10-03 20:51:08,4,-2,3709.25,22421
2022-10-03 20:51:13,1,-1,3709.25,22420
2022-10-03 20:51:16,8,2,3709.25,22422
2022-10-03 20:51:17,6,-6,3709.0,22416
2022-10-03 20:51:18,6,-6,3709.0,22410
2022-10-03 20:51:20,3,-3,3709.0,22407
2022-10-03 20:51:21,1,1,3709.0,22408
2022-10-03 20:51:28,2,-2,3709.0,22406
2022-10-03 20:51:29,2,0,3709.0,22406
2022-10-03 20:51:32,10,5,3709.25,22411
2022-10-03 20:51:33,2,-2,3709.25,22409
2022-10-03 20:51:35,2,2,3709.25,22411
2022-10-03 20:51:38,16,5,3709.5,22416
2022-10-03 20:51:42,21,-13,3709.5,22403
2022-10-03 20:51:43,2,2,3709.75,22405
2022-10-03 20:51:45,7,6,3709.75,22411
2022-10-03 20:51:50,12,7,3709.75,22418
2022-10-03 20:51:53,1,1,3709.75,22419
2022-10-03 20:51:56,6,0,3709.75,22419
2022-10-03 20:51:58,8,1,3710.0,22420
2022-10-03 20:52:00,4,-1,3710.0,22419
2022-10-03 20:52:01,2,0,3710.0,22419
2022-10-03 20:52:08,2,2,3710.0,22421
2022-10-03 20:52:12,1,1,3710.0,22422
2022-10-03 20:52:16,14,9,3710.0,22431
2022-10-03 20:52:17,21,-4,3709.75,22427
2022-10-03 20:52:18,5,-3,3710.0,22424
2022-10-03 20:52:19,5,2,3709.75,22426
2022-10-03 20:52:24,4,0,3709.75,22426
2022-10-03 20:52:25,1,-1,3709.75,22425
2022-10-03 20:52:26,9,1,3709.5,22426
2022-10-03 20:52:28,1,1,3709.75,22427
2022-10-03 20:52:35,29,-18,3709.5,22409
2022-10-03 20:52:36,1,1,3709.0,22410
2022-10-03 20:52:38,1,1,3709.0,22411
2022-10-03 20:52:39,11,4,3709.0,22415
2022-10-03 20:52:40,3,3,3709.0,22418
2022-10-03 20:52:41,2,2,3709.0,22420
2022-10-03 20:52:43,1,1,3709.0,22421
2022-10-03 20:52:44,3,-3,3708.75,22418
2022-10-03 20:52:45,20,7,3709.25,22425
2022-10-03 20:52:46,15,-9,3709.25,22416
2022-10-03 20:52:50,1,-1,3709.0,22415
2022-10-03 20:52:51,17,-10,3709.0,22405
2022-10-03 20:52:57,1,1,3709.0,22406
2022-10-03 20:52:58,25,6,3709.0,22412
2022-10-03 20:53:00,1,1,3709.0,22413
2022-10-03 20:53:01,6,2,3709.0,22415
2022-10-03 20:53:02,3,1,3709.25,22416
2022-10-03 20:53:04,2,-2,3709.25,22414
2022-10-03 20:53:09,8,2,3709.0,22416
2022-10-03 20:53:12,12,6,3709.25,22422
2022-10-03 20:53:15,1,1,3709.25,22423
2022-10-03 20:53:18,19,-5,3709.0,22418
2022-10-03 20:53:19,7,1,3709.0,22419
2022-10-03 20:53:23,1,-1,3709.0,22418
2022-10-03 20:53:24,32,-37,3709.0,22381
2022-10-03 20:53:25,9,8,3709.0,22389
2022-10-03 20:53:27,11,2,3709.0,22391
2022-10-03 20:53:36,13,12,3709.25,22403
2022-10-03 20:53:38,4,2,3709.25,22405
2022-10-03 20:53:39,1,-1,3709.0,22404
2022-10-03 20:53:42,7,-6,3709.0,22398
2022-10-03 20:53:45,6,2,3709.25,22400
2022-10-03 20:53:47,1,-1,3709.0,22399
2022-10-03 20:53:49,2,2,3709.25,22401
2022-10-03 20:53:51,4,4,3709.25,22405
2022-10-03 20:53:53,49,34,3710.0,22439
2022-10-03 20:53:54,10,1,3710.0,22440
2022-10-03 20:53:55,7,5,3710.0,22445
2022-10-03 20:53:57,18,-22,3709.75,22423
2022-10-03 20:53:59,5,0,3709.75,22423
2022-10-03 20:54:03,1,1,3709.75,22424
2022-10-03 20:54:07,5,3,3709.75,22427
2022-10-03 20:54:12,1,-1,3709.5,22426
2022-10-03 20:54:18,3,3,3709.75,22429
2022-10-03 20:54:20,3,-2,3709.75,22427
2022-10-03 20:54:25,1,-1,3709.5,22426
2022-10-03 20:54:29,5,5,3709.75,22431
2022-10-03 20:54:32,6,6,3710.0,22437
2022-10-03 20:54:33,43,43,3710.5,22480
2022-10-03 20:54:34,4,-2,3710.5,22478
2022-10-03 20:54:35,6,6,3710.5,22484
2022-10-03 20:54:37,11,19,3710.75,22503
2022-10-03 20:54:38,18,-6,3710.75,22497
2022-10-03 20:54:39,14,9,3710.75,22506
2022-10-03 20:54:40,1,-1,3710.5,22505
2022-10-03 20:54:41,20,9,3710.75,22514
2022-10-03 20:54:42,17,16,3711.0,22530
2022-10-03 20:54:44,1,1,3711.0,22531
2022-10-03 20:54:45,46,10,3711.25,22541
2022-10-03 20:54:46,2,-2,3711.0,22539
2022-10-03 20:54:47,1,1,3711.0,22540
2022-10-03 20:54:48,1,1,3711.0,22541
2022-10-03 20:54:49,5,-3,3711.0,22538
2022-10-03 20:54:50,4,2,3711.0,22540
2022-10-03 20:54:51,11,3,3711.0,22543
2022-10-03 20:54:52,16,7,3711.5,22550
2022-10-03 20:54:53,13,0,3711.5,22550
2022-10-03 20:54:54,18,8,3711.25,22558
2022-10-03 20:54:55,19,8,3711.5,22566
2022-10-03 20:54:56,23,13,3711.25,22579
2022-10-03 20:54:57,21,10,3711.5,22589
2022-10-03 20:54:58,1,1,3711.5,22590
2022-10-03 20:54:59,8,0,3711.5,22590
2022-10-03 20:55:00,8,4,3711.5,22594
2022-10-03 20:55:01,6,4,3711.5,22598
2022-10-03 20:55:02,57,10,3711.75,22608
2022-10-03 20:55:03,3,3,3711.75,22611
2022-10-03 20:55:04,9,3,3712.0,22614
2022-10-03 20:55:05,11,-7,3711.75,22607
2022-10-03 20:55:07,3,3,3711.75,22610
2022-10-03 20:55:08,1,1,3711.75,22611
2022-10-03 20:55:11,6,1,3711.75,22612
2022-10-03 20:55:12,1,1,3711.75,22613
2022-10-03 20:55:13,1,-1,3711.5,22612
2022-10-03 20:55:14,3,-1,3711.75,22611
2022-10-03 20:55:15,1,1,3711.75,22612
2022-10-03 20:55:18,25,-6,3711.75,22606
2022-10-03 20:55:19,12,-2,3712.0,22604
2022-10-03 20:55:20,6,1,3712.0,22605
2022-10-03 20:55:22,3,-1,3712.0,22604
2022-10-03 20:55:23,32,10,3712.0,22614
2022-10-03 20:55:24,2,-2,3712.0,22612
2022-10-03 20:55:25,1,1,3712.0,22613
2022-10-03 20:55:26,104,89,3713.0,22702
2022-10-03 20:55:27,6,6,3713.0,22708
2022-10-03 20:55:28,16,11,3713.25,22719
2022-10-03 20:55:29,4,4,3713.5,22723
2022-10-03 20:55:30,24,4,3713.5,22727
2022-10-03 20:55:31,6,-3,3713.25,22724
2022-10-03 20:55:32,5,3,3713.25,22727
2022-10-03 20:55:33,5,-5,3713.25,22722
2022-10-03 20:55:34,3,-1,3713.25,22721
2022-10-03 20:55:35,7,-1,3713.5,22720
2022-10-03 20:55:36,2,0,3713.5,22720
2022-10-03 20:55:37,3,1,3713.5,22721
2022-10-03 20:55:38,6,-5,3713.25,22716
2022-10-03 20:55:39,1,1,3713.5,22717
2022-10-03 20:55:40,10,2,3713.5,22719
2022-10-03 20:55:41,3,3,3713.5,22722
2022-10-03 20:55:42,27,-4,3713.5,22718
2022-10-03 20:55:43,1,-1,3713.5,22717
2022-10-03 20:55:44,2,-2,3713.25,22715
2022-10-03 20:55:45,9,-1,3713.25,22714
2022-10-03 20:55:46,1,1,3713.5,22715
2022-10-03 20:55:47,16,-6,3713.25,22709
2022-10-03 20:55:48,15,9,3713.5,22718
2022-10-03 20:55:49,4,3,3713.5,22721
2022-10-03 20:55:50,14,-6,3713.5,22715
2022-10-03 20:55:51,2,2,3713.5,22717
2022-10-03 20:55:53,1,1,3713.5,22718
2022-10-03 20:55:54,30,-1,3713.5,22717
2022-10-03 20:55:55,8,0,3713.75,22717
2022-10-03 20:55:56,2,0,3713.75,22717
2022-10-03 20:55:57,2,2,3713.75,22719
2022-10-03 20:55:59,24,12,3713.75,22731
2022-10-03 20:56:00,2,-2,3713.5,22729
2022-10-03 20:56:01,55,46,3714.0,22775
2022-10-03 20:56:02,15,1,3714.25,22776
2022-10-03 20:56:03,20,16,3714.25,22792
2022-10-03 20:56:04,3,-1,3714.25,22791
2022-10-03 20:56:05,10,9,3714.25,22800
2022-10-03 20:56:06,7,3,3714.25,22803
2022-10-03 20:56:07,40,-6,3714.0,22797
2022-10-03 20:56:08,6,-6,3714.0,22791
2022-10-03 20:56:09,14,-8,3713.75,22783
2022-10-03 20:56:10,2,-2,3713.25,22781
2022-10-03 20:56:11,11,-3,3713.25,22778
2022-10-03 20:56:12,4,0,3713.25,22778
2022-10-03 20:56:13,6,-2,3713.25,22776
2022-10-03 20:56:14,6,6,3713.25,22782
2022-10-03 20:56:15,11,-4,3713.25,22778
2022-10-03 20:56:17,2,-1,3713.0,22777
2022-10-03 20:56:20,8,7,3713.25,22784
2022-10-03 20:56:21,6,4,3713.5,22788
2022-10-03 20:56:22,1,-1,3713.25,22787
2022-10-03 20:56:25,3,1,3713.5,22788
2022-10-03 20:56:26,3,-1,3713.5,22787
2022-10-03 20:56:27,8,-2,3713.5,22785
2022-10-03 20:56:29,3,1,3713.5,22786
2022-10-03 20:56:34,9,-9,3713.25,22777
2022-10-03 20:56:37,11,-6,3713.25,22771
2022-10-03 20:56:38,14,11,3713.25,22782
2022-10-03 20:56:39,4,-4,3713.25,22778
2022-10-03 20:56:40,4,0,3713.25,22778
2022-10-03 20:56:42,7,-4,3713.0,22774
2022-10-03 20:56:45,1,-1,3713.0,22773
2022-10-03 20:56:50,3,3,3713.25,22776
2022-10-03 20:56:51,3,-3,3713.25,22773
2022-10-03 20:56:52,1,-1,3713.25,22772
2022-10-03 20:56:53,2,0,3713.25,22772
2022-10-03 20:56:54,2,0,3713.25,22772
2022-10-03 20:56:55,2,-2,3713.0,22770
2022-10-03 20:56:59,1,-1,3713.25,22769
2022-10-03 20:57:00,2,-1,3713.25,22768
2022-10-03 20:57:02,1,1,3713.25,22769
2022-10-03 20:57:03,4,-4,3713.25,22765
2022-10-03 20:57:08,6,-4,3713.25,22761
2022-10-03 20:57:11,18,-7,3712.75,22754
2022-10-03 20:57:12,1,-1,3712.75,22753
2022-10-03 20:57:13,4,-4,3712.75,22749
2022-10-03 20:57:15,17,15,3713.0,22764
2022-10-03 20:57:17,15,2,3713.0,22766
2022-10-03 20:57:18,11,-9,3712.75,22757
2022-10-03 20:57:19,6,-6,3712.5,22751
2022-10-03 20:57:21,5,-4,3712.25,22747
2022-10-03 20:57:22,7,0,3712.25,22747
2022-10-03 20:57:23,1,1,3712.25,22748
2022-10-03 20:57:26,30,-16,3712.0,22732
2022-10-03 20:57:27,12,5,3712.0,22737
2022-10-03 20:57:28,8,-5,3712.0,22732
2022-10-03 20:57:29,10,4,3712.0,22736
2022-10-03 20:57:30,1,-1,3712.0,22735
2022-10-03 20:57:32,1,-1,3712.0,22734
2022-10-03 20:57:34,2,-2,3712.0,22732
2022-10-03 20:57:38,1,1,3712.25,22733
2022-10-03 20:57:40,8,0,3712.25,22733
2022-10-03 20:57:41,1,-1,3712.25,22732
2022-10-03 20:57:43,2,0,3712.5,22732
2022-10-03 20:57:49,14,-9,3712.25,22723
2022-10-03 20:57:50,2,2,3712.25,22725
2022-10-03 20:57:51,1,-1,3712.0,22724
2022-10-03 20:57:52,1,-1,3712.0,22723
2022-10-03 20:57:53,2,2,3712.25,22725
2022-10-03 20:57:55,2,0,3712.25,22725
2022-10-03 20:57:56,3,3,3712.5,22728
2022-10-03 20:57:58,1,1,3712.25,22729
2022-10-03 20:58:00,6,-2,3712.25,22727
2022-10-03 20:58:01,1,-1,3712.25,22726
2022-10-03 20:58:09,1,1,3712.25,22727
2022-10-03 20:58:15,15,-11,3712.0,22716
2022-10-03 20:58:20,5,-5,3712.0,22711
2022-10-03 20:58:27,3,2,3712.25,22713
2022-10-03 20:58:29,1,-1,3712.0,22712
2022-10-03 20:58:33,5,3,3712.25,22715
2022-10-03 20:58:35,1,1,3712.25,22716
2022-10-03 20:58:36,1,-1,3712.0,22715
2022-10-03 20:58:40,4,2,3712.25,22717
2022-10-03 20:58:43,12,10,3712.75,22727
2022-10-03 20:58:45,2,-2,3712.5,22725
2022-10-03 20:58:47,3,1,3712.75,22726
2022-10-03 20:58:51,1,-1,3712.5,22725
2022-10-03 20:58:54,1,1,3712.75,22726
2022-10-03 20:58:57,4,4,3712.75,22730
2022-10-03 20:58:58,26,16,3713.25,22746
2022-10-03 20:59:03,1,-1,3713.0,22745
2022-10-03 20:59:04,1,1,3713.25,22746
2022-10-03 20:59:07,3,0,3713.25,22746
2022-10-03 20:59:09,2,2,3713.5,22748
2022-10-03 20:59:10,2,0,3713.5,22748
2022-10-03 20:59:11,16,-13,3713.25,22735
2022-10-03 20:59:13,2,-2,3713.0,22733
2022-10-03 20:59:18,8,-6,3713.0,22727
2022-10-03 20:59:19,3,-3,3713.0,22724
2022-10-03 20:59:21,11,-5,3712.75,22719
2022-10-03 20:59:23,2,-2,3712.5,22717
2022-10-03 20:59:25,6,-4,3712.5,22713
2022-10-03 20:59:30,5,3,3712.75,22716
2022-10-03 20:59:35,1,1,3713.0,22717
2022-10-03 20:59:39,9,-4,3713.0,22713
2022-10-03 20:59:46,8,6,3713.25,22719
2022-10-03 20:59:47,1,1,3713.25,22720
2022-10-03 20:59:48,9,-2,3713.25,22718
2022-10-03 20:59:49,1,1,3713.5,22719
2022-10-03 20:59:50,1,1,3713.5,22720
2022-10-03 20:59:55,3,3,3713.5,22723
2022-10-03 20:59:57,5,4,3713.5,22727
2022-10-03 20:59:58,3,-1,3713.75,22726
2022-10-03 20:59:59,1,1,3713.5,22727
2022-10-03 21:00:00,1,-1,3713.5,22726
2022-10-03 21:00:01,3,-3,3713.25,22723
2022-10-03 21:00:02,4,0,3713.0,22723
2022-10-03 21:00:03,5,-3,3713.0,22720
2022-10-03 21:00:05,11,-3,3712.5,22717
2022-10-03 21:00:06,2,-2,3712.5,22715
2022-10-03 21:00:07,1,-1,3712.5,22714
2022-10-03 21:00:12,3,3,3712.75,22717
2022-10-03 21:00:15,1,1,3713.0,22718
2022-10-03 21:00:16,45,6,3713.0,22724
2022-10-03 21:00:17,13,-8,3713.0,22716
2022-10-03 21:00:18,1,-1,3712.75,22715
2022-10-03 21:00:20,6,-1,3713.0,22714
2022-10-03 21:00:23,3,-3,3712.75,22711
2022-10-03 21:00:24,9,-3,3712.75,22708
2022-10-03 21:00:25,1,1,3713.0,22709
2022-10-03 21:00:29,1,-1,3712.75,22708
2022-10-03 21:00:31,2,-2,3712.75,22706
2022-10-03 21:00:33,8,-8,3712.75,22698
2022-10-03 21:00:34,1,-1,3712.5,22697
2022-10-03 21:00:36,1,-1,3712.5,22696
2022-10-03 21:00:38,1,1,3712.75,22697
2022-10-03 21:00:39,4,-3,3712.5,22694
2022-10-03 21:00:40,4,2,3712.5,22696
2022-10-03 21:00:42,1,-1,3712.5,22695
2022-10-03 21:00:43,1,-1,3712.5,22694
2022-10-03 21:00:45,9,-9,3712.5,22685
2022-10-03 21:00:46,2,2,3712.5,22687
2022-10-03 21:00:48,1,1,3712.5,22688
2022-10-03 21:00:50,3,3,3712.5,22691
2022-10-03 21:00:51,1,-1,3712.25,22690
2022-10-03 21:00:55,81,-13,3712.25,22677
2022-10-03 21:00:56,9,-1,3712.25,22676
2022-10-03 21:00:57,9,9,3712.5,22685
2022-10-03 21:00:58,2,-1,3712.0,22684
2022-10-03 21:00:59,1,-1,3712.0,22683
2022-10-03 21:01:00,6,-3,3712.0,22680
2022-10-03 21:01:03,16,-5,3712.25,22675
2022-10-03 21:01:04,3,0,3712.25,22675
2022-10-03 21:01:05,9,0,3712.25,22675
2022-10-03 21:01:06,4,4,3712.25,22679
2022-10-03 21:01:08,1,1,3712.5,22680
2022-10-03 21:01:09,14,2,3712.5,22682
2022-10-03 21:01:10,2,2,3712.5,22684
2022-10-03 21:01:11,4,4,3712.75,22688
2022-10-03 21:01:12,2,0,3712.75,22688
2022-10-03 21:01:13,7,1,3712.75,22689
2022-10-03 21:01:15,14,-4,3712.75,22685
2022-10-03 21:01:16,1,-1,3712.5,22684
2022-10-03 21:01:19,1,1,3712.75,22685
2022-10-03 21:01:21,10,13,3713.0,22698
2022-10-03 21:01:25,7,-6,3712.75,22692
2022-10-03 21:01:26,1,-1,3712.5,22691
2022-10-03 21:01:27,6,-6,3712.5,22685
2022-10-03 21:01:28,15,4,3712.5,22689
2022-10-03 21:01:30,20,23,3713.0,22712
2022-10-03 21:01:33,1,1,3713.0,22713
2022-10-03 21:01:37,1,-1,3712.75,22712
2022-10-03 21:01:39,14,4,3713.0,22716
2022-10-03 21:01:41,4,2,3713.0,22718
2022-10-03 21:01:43,3,-1,3713.25,22717
2022-10-03 21:01:44,1,1,3713.25,22718
2022-10-03 21:01:45,20,-15,3713.0,22703
2022-10-03 21:01:50,1,-1,3713.0,22702
2022-10-03 21:01:52,4,4,3713.25,22706
2022-10-03 21:01:53,7,-2,3713.25,22704
2022-10-03 21:01:54,17,-2,3713.25,22702
2022-10-03 21:01:59,21,-8,3713.0,22694
2022-10-03 21:02:00,11,11,3713.25,22705
2022-10-03 21:02:04,2,0,3713.25,22705
2022-10-03 21:02:05,1,-1,3713.0,22704
2022-10-03 21:02:07,7,-5,3713.0,22699
2022-10-03 21:02:11,1,-1,3712.75,22698
2022-10-03 21:02:13,3,1,3713.0,22699
2022-10-03 21:02:14,3,-3,3712.75,22696
2022-10-03 21:02:20,2,0,3713.0,22696
2022-10-03 21:02:22,4,1,3713.0,22697
2022-10-03 21:02:24,1,-1,3713.0,22696
2022-10-03 21:02:27,1,-1,3713.0,22695
2022-10-03 21:02:28,6,0,3713.0,22695
2022-10-03 21:02:30,3,3,3713.0,22698
2022-10-03 21:02:32,1,-1,3713.0,22697
2022-10-03 21:02:39,2,0,3713.0,22697
2022-10-03 21:02:42,8,5,3713.25,22702
2022-10-03 21:02:44,7,-5,3713.25,22697
2022-10-03 21:02:45,8,6,3713.25,22703
2022-10-03 21:02:53,1,-1,3713.0,22702
2022-10-03 21:02:54,2,0,3713.0,22702
2022-10-03 21:02:55,5,5,3713.0,22707
2022-10-03 21:03:00,11,-5,3712.75,22702
2022-10-03 21:03:02,1,1,3712.75,22703
2022-10-03 21:03:07,1,-1,3712.75,22702
2022-10-03 21:03:08,12,3,3712.75,22705
2022-10-03 21:03:12,3,3,3713.0,22708
2022-10-03 21:03:13,1,-1,3713.0,22707
2022-10-03 21:03:16,1,-1,3712.75,22706
2022-10-03 21:03:20,11,-7,3712.75,22699
2022-10-03 21:03:22,5,3,3712.75,22702
2022-10-03 21:03:27,2,2,3713.0,22704
2022-10-03 21:03:32,8,-6,3712.75,22698
2022-10-03 21:03:34,1,1,3712.75,22699
2022-10-03 21:03:37,1,1,3712.75,22700
2022-10-03 21:03:40,2,2,3713.0,22702
2022-10-03 21:03:42,1,-1,3712.75,22701
2022-10-03 21:03:44,1,1,3712.75,22702
2022-10-03 21:03:47,8,-2,3712.75,22700
2022-10-03 21:03:48,4,4,3712.75,22704
2022-10-03 21:03:49,1,-1,3712.75,22703
2022-10-03 21:03:51,1,1,3712.75,22704
2022-10-03 21:03:53,2,0,3712.75,22704
2022-10-03 21:03:55,2,-2,3712.75,22702
2022-10-03 21:03:56,4,0,3712.75,22702
2022-10-03 21:03:58,6,8,3713.0,22710
2022-10-03 21:04:00,3,-3,3712.75,22707
2022-10-03 21:04:04,1,-1,3712.75,22706
2022-10-03 21:04:06,1,1,3712.75,22707
2022-10-03 21:04:09,16,-4,3712.5,22703
2022-10-03 21:04:12,1,-1,3712.5,22702
2022-10-03 21:04:13,1,1,3712.5,22703
2022-10-03 21:04:14,4,-4,3712.25,22699
2022-10-03 21:04:19,2,2,3712.5,22701
2022-10-03 21:04:20,3,-1,3712.5,22700
2022-10-03 21:04:27,1,1,3712.75,22701
2022-10-03 21:04:29,3,-3,3712.75,22698
2022-10-03 21:04:31,11,-1,3713.0,22697
2022-10-03 21:04:33,8,-4,3713.0,22693
2022-10-03 21:04:35,1,-1,3713.0,22692
2022-10-03 21:04:37,2,-2,3712.75,22690
2022-10-03 21:04:41,11,-2,3712.5,22688
2022-10-03 21:04:42,42,-9,3712.5,22679
2022-10-03 21:04:45,14,10,3712.25,22689
2022-10-03 21:04:46,64,-5,3712.5,22684
2022-10-03 21:04:47,1,1,3712.5,22685
2022-10-03 21:04:51,3,3,3712.5,22688
2022-10-03 21:04:52,3,1,3712.5,22689
2022-10-03 21:05:00,2,2,3712.75,22691
2022-10-03 21:05:04,2,0,3712.75,22691
2022-10-03 21:05:06,2,2,3712.75,22693
2022-10-03 21:05:07,2,2,3712.75,22695
2022-10-03 21:05:08,4,-2,3712.75,22693
2022-10-03 21:05:10,1,1,3712.75,22694
2022-10-03 21:05:13,1,-1,3712.75,22693
2022-10-03 21:05:15,1,-1,3712.75,22692
2022-10-03 21:05:17,4,-4,3712.75,22688
2022-10-03 21:05:20,1,1,3712.75,22689
2022-10-03 21:05:21,3,1,3712.75,22690
2022-10-03 21:05:23,15,-6,3712.75,22684
2022-10-03 21:05:25,2,-2,3712.75,22682
2022-10-03 21:05:29,1,1,3712.75,22683
2022-10-03 21:05:32,7,5,3712.75,22688
2022-10-03 21:05:35,7,-5,3712.75,22683
2022-10-03 21:05:36,3,-1,3712.75,22682
2022-10-03 21:05:37,2,2,3713.0,22684
2022-10-03 21:05:38,6,4,3713.0,22688
2022-10-03 21:05:40,11,-7,3712.75,22681
2022-10-03 21:05:43,1,-1,3712.75,22680
2022-10-03 21:05:44,7,7,3713.0,22687
2022-10-03 21:05:45,2,-3,3712.75,22684
2022-10-03 21:05:46,1,-1,3712.5,22683
2022-10-03 21:05:59,1,-1,3712.5,22682
2022-10-03 21:06:00,8,-5,3712.5,22677
2022-10-03 21:06:02,2,2,3712.5,22679
2022-10-03 21:06:03,3,3,3712.75,22682
2022-10-03 21:06:06,1,-1,3712.5,22681
2022-10-03 21:06:09,1,-1,3712.5,22680
2022-10-03 21:06:11,8,-7,3712.5,22673
2022-10-03 21:06:12,8,0,3712.25,22673
2022-10-03 21:06:13,4,4,3712.5,22677
2022-10-03 21:06:16,2,-2,3712.25,22675
2022-10-03 21:06:17,5,5,3712.5,22680
2022-10-03 21:06:18,1,1,3712.25,22681
2022-10-03 21:06:20,3,0,3712.5,22681
2022-10-03 21:06:23,1,-1,3712.25,22680
2022-10-03 21:06:24,1,1,3712.5,22681
2022-10-03 21:06:28,1,-1,3712.5,22680
2022-10-03 21:06:29,1,1,3712.75,22681
2022-10-03 21:06:30,2,-2,3712.5,22679
2022-10-03 21:06:31,14,-3,3712.5,22676
2022-10-03 21:06:34,2,-2,3712.25,22674
2022-10-03 21:06:39,6,6,3712.5,22680
2022-10-03 21:06:40,4,4,3712.75,22684
2022-10-03 21:06:56,14,-6,3712.5,22678
2022-10-03 21:06:58,9,4,3712.5,22682
2022-10-03 21:07:01,2,0,3712.5,22682
2022-10-03 21:07:02,3,-3,3712.25,22679
2022-10-03 21:07:04,3,-1,3712.5,22678
2022-10-03 21:07:05,6,6,3712.5,22684
2022-10-03 21:07:06,4,4,3712.75,22688
2022-10-03 21:07:10,1,-1,3712.5,22687
2022-10-03 21:07:11,1,-1,3712.5,22686
2022-10-03 21:07:13,3,3,3712.75,22689
2022-10-03 21:07:15,1,-1,3712.75,22688
2022-10-03 21:07:27,9,9,3713.0,22697
2022-10-03 21:07:30,8,-6,3713.0,22691
2022-10-03 21:07:31,4,2,3713.0,22693
2022-10-03 21:07:33,1,-1,3713.0,22692
2022-10-03 21:07:34,1,1,3713.0,22693
2022-10-03 21:07:36,1,-1,3713.0,22692
2022-10-03 21:07:39,1,1,3713.0,22693
2022-10-03 21:07:44,2,-2,3712.75,22691
2022-10-03 21:07:45,1,1,3713.0,22692
2022-10-03 21:07:47,2,-2,3713.0,22690
2022-10-03 21:07:49,8,-8,3712.75,22682
2022-10-03 21:07:50,5,3,3713.0,22685
2022-10-03 21:07:52,4,4,3712.75,22689
2022-10-03 21:07:53,1,-1,3712.75,22688
2022-10-03 21:07:54,1,-1,3712.75,22687
2022-10-03 21:07:59,6,-6,3712.5,22681
2022-10-03 21:08:00,1,1,3712.5,22682
2022-10-03 21:08:01,2,0,3712.5,22682
2022-10-03 21:08:02,1,1,3712.5,22683
2022-10-03 21:08:07,5,1,3712.75,22684
2022-10-03 21:08:10,1,1,3713.0,22685
2022-10-03 21:08:12,2,-2,3712.75,22683
2022-10-03 21:08:15,1,-1,3712.75,22682
2022-10-03 21:08:18,2,2,3712.75,22684
2022-10-03 21:08:21,2,-2,3712.75,22682
2022-10-03 21:08:24,18,4,3713.0,22686
2022-10-03 21:08:26,2,1,3713.0,22687
2022-10-03 21:08:30,12,3,3713.0,22690
2022-10-03 21:08:37,2,-2,3712.75,22688
2022-10-03 21:08:43,1,1,3712.75,22689
2022-10-03 21:08:48,1,1,3712.75,22690
2022-10-03 21:08:55,2,-2,3712.5,22688
2022-10-03 21:08:58,21,-19,3712.5,22669
2022-10-03 21:08:59,15,4,3712.25,22673
2022-10-03 21:09:00,23,-4,3712.25,22669
2022-10-03 21:09:01,18,8,3712.25,22677
2022-10-03 21:09:02,3,1,3712.25,22678
2022-10-03 21:09:03,4,2,3712.25,22680
2022-10-03 21:09:04,1,-1,3712.0,22679
2022-10-03 21:09:07,3,-1,3712.25,22678
2022-10-03 21:09:08,9,3,3712.25,22681
2022-10-03 21:09:09,33,11,3712.5,22692
2022-10-03 21:09:11,1,-1,3712.25,22691
2022-10-03 21:09:13,1,-1,3712.25,22690
2022-10-03 21:09:14,1,-1,3712.25,22689
2022-10-03 21:09:15,11,-5,3712.25,22684
2022-10-03 21:09:17,1,1,3712.25,22685
2022-10-03 21:09:18,1,-1,3712.25,22684
2022-10-03 21:09:22,2,-2,3712.25,22682
2022-10-03 21:09:23,1,1,3712.5,22683
2022-10-03 21:09:25,31,22,3712.75,22705
2022-10-03 21:09:27,2,0,3712.75,22705
2022-10-03 21:09:28,25,20,3713.0,22725
2022-10-03 21:09:30,11,-7,3712.75,22718
2022-10-03 21:09:34,2,2,3712.75,22720
2022-10-03 21:09:35,1,-1,3712.75,22719
2022-10-03 21:09:36,1,1,3712.75,22720
2022-10-03 21:09:43,1,1,3713.0,22721
2022-10-03 21:09:48,1,-1,3712.75,22720
2022-10-03 21:09:49,1,-1,3712.75,22719
2022-10-03 21:09:57,1,-1,3712.75,22718
2022-10-03 21:09:58,1,1,3713.0,22719
2022-10-03 21:10:00,2,2,3713.0,22721
2022-10-03 21:10:01,1,-1,3712.75,22720
2022-10-03 21:10:18,1,1,3713.0,22721
2022-10-03 21:10:19,1,1,3713.0,22722
2022-10-03 21:10:21,1,1,3713.0,22723
2022-10-03 21:10:24,11,7,3713.0,22730
2022-10-03 21:10:28,19,-1,3713.25,22729
2022-10-03 21:10:29,3,-3,3713.0,22726
2022-10-03 21:10:33,62,-35,3713.25,22691
2022-10-03 21:10:35,13,-4,3712.5,22687
2022-10-03 21:10:36,4,-4,3712.25,22683
2022-10-03 21:10:37,5,-1,3712.5,22682
2022-10-03 21:10:38,8,0,3712.75,22682
2022-10-03 21:10:42,9,-1,3712.5,22681
2022-10-03 21:10:46,1,-1,3712.5,22680
2022-10-03 21:10:50,4,2,3712.75,22682
2022-10-03 21:10:54,1,1,3712.75,22683
2022-10-03 21:10:55,2,-2,3712.75,22681
2022-10-03 21:10:58,5,-2,3712.75,22679
2022-10-03 21:10:59,1,1,3713.0,22680
2022-10-03 21:11:00,1,1,3712.75,22681
2022-10-03 21:11:02,1,-1,3712.5,22680
2022-10-03 21:11:05,5,-3,3712.5,22677
2022-10-03 21:11:11,1,-1,3712.25,22676
2022-10-03 21:11:12,1,1,3712.5,22677
2022-10-03 21:11:14,2,2,3712.5,22679
2022-10-03 21:11:15,2,0,3712.5,22679
2022-10-03 21:11:16,5,1,3712.5,22680
2022-10-03 21:11:17,1,-1,3712.5,22679
2022-10-03 21:11:21,1,-1,3712.25,22678
2022-10-03 21:11:23,3,1,3712.5,22679
2022-10-03 21:11:24,86,-56,3712.25,22623
2022-10-03 21:11:25,4,0,3712.25,22623
2022-10-03 21:11:26,35,-2,3712.25,22621
2022-10-03 21:11:31,2,2,3712.25,22623
2022-10-03 21:11:32,2,-2,3712.25,22621
2022-10-03 21:11:35,3,-3,3712.25,22618
2022-10-03 21:11:41,2,2,3712.25,22620
2022-10-03 21:11:42,1,1,3712.25,22621
2022-10-03 21:11:49,1,-1,3712.0,22620
2022-10-03 21:11:51,1,-1,3712.0,22619
2022-10-03 21:11:52,2,-2,3712.0,22617
2022-10-03 21:11:54,1,1,3712.0,22618
2022-10-03 21:11:56,6,-5,3712.0,22613
2022-10-03 21:11:58,3,1,3712.0,22614
2022-10-03 21:11:59,8,-2,3711.75,22612
2022-10-03 21:12:01,16,-8,3711.75,22604
2022-10-03 21:12:02,12,-1,3711.75,22603
2022-10-03 21:12:04,4,-2,3711.5,22601
2022-10-03 21:12:05,3,-1,3711.5,22600
2022-10-03 21:12:06,2,2,3711.5,22602
2022-10-03 21:12:07,10,8,3711.75,22610
2022-10-03 21:12:11,1,-1,3711.75,22609
2022-10-03 21:12:12,23,0,3711.75,22609
2022-10-03 21:12:15,36,-56,3711.5,22553
2022-10-03 21:12:16,1,-1,3711.25,22552
2022-10-03 21:12:18,6,0,3711.25,22552
2022-10-03 21:12:19,1,1,3711.25,22553
2022-10-03 21:12:20,5,-3,3711.25,22550
2022-10-03 21:12:21,8,-1,3711.25,22549
2022-10-03 21:12:23,3,-2,3711.0,22547
2022-10-03 21:12:24,1,1,3711.25,22548
2022-10-03 21:12:25,2,-2,3711.0,22546
2022-10-03 21:12:26,12,-8,3711.0,22538
2022-10-03 21:12:27,4,4,3711.0,22542
2022-10-03 21:12:28,9,5,3711.0,22547
2022-10-03 21:12:29,1,-1,3711.0,22546
2022-10-03 21:12:32,111,-107,3710.75,22439
2022-10-03 21:12:33,30,8,3710.75,22447
2022-10-03 21:12:34,10,7,3710.75,22454
2022-10-03 21:12:35,1,-1,3710.75,22453
2022-10-03 21:12:36,4,-4,3710.5,22449
2022-10-03 21:12:37,1,1,3710.75,22450
2022-10-03 21:12:38,2,-2,3710.5,22448
2022-10-03 21:12:39,1,-1,3710.5,22447
2022-10-03 21:12:40,21,-16,3710.75,22431
2022-10-03 21:12:42,3,-1,3710.75,22430
2022-10-03 21:12:44,11,-11,3710.5,22419
2022-10-03 21:12:45,14,3,3710.5,22422
2022-10-03 21:12:46,3,1,3710.5,22423
2022-10-03 21:12:47,1,1,3710.5,22424
2022-10-03 21:12:50,2,0,3710.75,22424
2022-10-03 21:12:53,54,-54,3710.5,22370
2022-10-03 21:12:54,14,4,3710.5,22374
2022-10-03 21:12:55,3,2,3710.5,22376
2022-10-03 21:12:56,6,-4,3710.5,22372
2022-10-03 21:12:57,7,-1,3710.5,22371
2022-10-03 21:12:59,5,2,3710.25,22373
2022-10-03 21:13:00,2,-2,3710.0,22371
2022-10-03 21:13:02,5,5,3710.25,22376
2022-10-03 21:13:03,2,0,3710.25,22376
2022-10-03 21:13:04,10,4,3710.25,22380
2022-10-03 21:13:05,2,0,3710.25,22380
2022-10-03 21:13:06,6,0,3710.25,22380
2022-10-03 21:13:08,16,2,3710.0,22382
2022-10-03 21:13:10,8,6,3710.0,22388
2022-10-03 21:13:11,1,-1,3710.0,22387
2022-10-03 21:13:15,3,-3,3710.0,22384
2022-10-03 21:13:16,2,-2,3709.75,22382
2022-10-03 21:13:17,1,-1,3709.75,22381
2022-10-03 21:13:18,24,12,3710.25,22393
2022-10-03 21:13:19,5,-5,3710.25,22388
2022-10-03 21:13:20,1,-1,3710.0,22387
2022-10-03 21:13:21,2,2,3710.25,22389
2022-10-03 21:13:24,13,7,3710.5,22396
2022-10-03 21:13:25,3,3,3710.5,22399
2022-10-03 21:13:27,1,1,3710.5,22400
2022-10-03 21:13:28,3,-2,3710.25,22398
2022-10-03 21:13:29,12,-7,3710.25,22391
2022-10-03 21:13:33,5,-2,3710.25,22389
2022-10-03 21:13:36,2,0,3710.25,22389
2022-10-03 21:13:38,4,4,3710.25,22393
2022-10-03 21:13:42,4,-1,3710.25,22392
2022-10-03 21:13:48,3,-3,3710.25,22389
2022-10-03 21:13:49,5,-4,3710.25,22385
2022-10-03 21:13:50,2,-2,3710.0,22383
2022-10-03 21:13:55,1,-1,3710.25,22382
2022-10-03 21:13:57,12,10,3710.5,22392
2022-10-03 21:13:59,3,-1,3710.25,22391
2022-10-03 21:14:00,1,-1,3710.25,22390
2022-10-03 21:14:03,1,-1,3710.25,22389
2022-10-03 21:14:04,14,-7,3710.0,22382
2022-10-03 21:14:06,2,2,3710.25,22384
2022-10-03 21:14:07,5,0,3710.25,22384
2022-10-03 21:14:11,10,4,3710.5,22388
2022-10-03 21:14:12,11,-7,3710.25,22381
2022-10-03 21:14:13,2,0,3710.0,22381
2022-10-03 21:14:14,2,-2,3710.0,22379
2022-10-03 21:14:15,15,2,3710.0,22381
2022-10-03 21:14:16,1,1,3710.0,22382
2022-10-03 21:14:20,4,3,3710.25,22385
2022-10-03 21:14:23,3,-3,3710.25,22382
2022-10-03 21:14:31,4,-4,3710.0,22378
2022-10-03 21:14:33,2,-2,3710.0,22376
2022-10-03 21:14:36,1,-1,3710.0,22375
2022-10-03 21:14:37,6,5,3710.0,22380
2022-10-03 21:14:41,5,-4,3710.0,22376
2022-10-03 21:14:42,1,-1,3709.75,22375
2022-10-03 21:14:48,15,0,3710.25,22375
2022-10-03 21:14:52,1,-1,3710.0,22374
2022-10-03 21:14:57,13,3,3710.0,22377
2022-10-03 21:15:08,1,-1,3710.0,22376
2022-10-03 21:15:09,3,3,3710.0,22379
2022-10-03 21:15:10,1,1,3710.25,22380
2022-10-03 21:15:11,3,-2,3710.0,22378
2022-10-03 21:15:13,4,4,3710.0,22382
2022-10-03 21:15:17,4,0,3710.25,22382
2022-10-03 21:15:18,1,1,3710.25,22383
2022-10-03 21:15:21,5,3,3710.25,22386
2022-10-03 21:15:22,1,-1,3710.25,22385
2022-10-03 21:15:27,13,1,3710.0,22386
2022-10-03 21:15:28,4,0,3710.25,22386
2022-10-03 21:15:31,5,5,3710.5,22391
2022-10-03 21:15:32,8,2,3710.5,22393
2022-10-03 21:15:33,18,2,3711.0,22395
2022-10-03 21:15:34,15,11,3711.0,22406
2022-10-03 21:15:36,2,1,3711.0,22407
2022-10-03 21:15:39,1,1,3711.0,22408
2022-10-03 21:15:40,21,-9,3710.75,22399
2022-10-03 21:15:41,3,-1,3710.75,22398
2022-10-03 21:15:46,11,-11,3710.5,22387
2022-10-03 21:15:47,1,-1,3710.0,22386
2022-10-03 21:15:50,9,-1,3710.0,22385
2022-10-03 21:15:52,1,-1,3710.0,22384
2022-10-03 21:15:53,16,-15,3709.75,22369
2022-10-03 21:15:54,11,-1,3710.0,22368
2022-10-03 21:15:55,10,5,3710.0,22373
2022-10-03 21:15:57,20,6,3709.75,22379
2022-10-03 21:15:59,16,-3,3709.75,22376
2022-10-03 21:16:01,3,-1,3710.0,22375
2022-10-03 21:16:02,4,3,3710.0,22378
2022-10-03 21:16:04,9,-9,3709.75,22369
2022-10-03 21:16:05,2,2,3709.75,22371
2022-10-03 21:16:07,1,-1,3709.75,22370
2022-10-03 21:16:15,5,4,3709.75,22374
2022-10-03 21:16:20,3,-3,3709.75,22371
2022-10-03 21:16:22,2,0,3710.0,22371
2022-10-03 21:16:23,1,1,3710.0,22372
2022-10-03 21:16:24,1,-1,3709.75,22371
2022-10-03 21:16:28,36,-52,3709.75,22319
2022-10-03 21:16:29,3,3,3709.75,22322
2022-10-03 21:16:32,21,-1,3710.0,22321
2022-10-03 21:16:34,7,2,3710.0,22323
2022-10-03 21:16:35,1,-1,3709.75,22322
2022-10-03 21:16:37,4,0,3710.0,22322
2022-10-03 21:16:46,1,-1,3710.0,22321
2022-10-03 21:16:49,10,-4,3710.25,22317
2022-10-03 21:16:50,1,-1,3710.25,22316
2022-10-03 21:16:53,7,-7,3710.25,22309
2022-10-03 21:16:55,1,1,3710.25,22310
2022-10-03 21:16:58,8,8,3710.75,22318
2022-10-03 21:16:59,1,1,3710.75,22319
2022-10-03 21:17:00,5,-2,3710.75,22317
2022-10-03 21:17:03,2,2,3710.75,22319
2022-10-03 21:17:04,6,6,3711.0,22325
2022-10-03 21:17:06,9,5,3711.0,22330
2022-10-03 21:17:07,4,-2,3711.0,22328
2022-10-03 21:17:09,1,1,3711.0,22329
2022-10-03 21:17:10,5,-2,3710.75,22327
2022-10-03 21:17:11,1,-1,3710.75,22326
2022-10-03 21:17:12,7,-7,3710.75,22319
2022-10-03 21:17:13,8,2,3710.5,22321
2022-10-03 21:17:20,5,2,3710.75,22323
2022-10-03 21:17:23,1,1,3711.0,22324
2022-10-03 21:17:24,11,3,3711.25,22327
2022-10-03 21:17:25,2,2,3711.0,22329
2022-10-03 21:17:26,1,-1,3711.0,22328
2022-10-03 21:17:27,1,1,3711.0,22329
2022-10-03 21:17:29,1,-1,3710.75,22328
2022-10-03 21:17:30,4,-4,3710.75,22324
2022-10-03 21:17:31,1,1,3711.0,22325
2022-10-03 21:17:32,3,3,3711.0,22328
2022-10-03 21:17:33,5,-6,3711.0,22322
2022-10-03 21:17:35,4,0,3711.0,22322
2022-10-03 21:17:36,6,2,3711.0,22324
2022-10-03 21:17:42,2,0,3711.0,22324
2022-10-03 21:17:45,9,7,3711.5,22331
2022-10-03 21:17:46,22,4,3711.75,22335
2022-10-03 21:17:47,12,-7,3711.25,22328
2022-10-03 21:17:48,4,-2,3711.5,22326
2022-10-03 21:17:49,1,1,3711.5,22327
2022-10-03 21:17:50,1,1,3711.5,22328
2022-10-03 21:17:51,1,1,3711.5,22329
2022-10-03 21:17:52,9,0,3711.5,22329
2022-10-03 21:17:53,3,3,3711.5,22332
2022-10-03 21:17:54,3,3,3711.5,22335
2022-10-03 21:17:59,13,-8,3711.5,22327
2022-10-03 21:18:00,2,2,3711.25,22329
2022-10-03 21:18:01,5,-2,3711.0,22327
2022-10-03 21:18:02,1,-1,3711.0,22326
2022-10-03 21:18:04,3,3,3711.25,22329
2022-10-03 21:18:06,51,-41,3711.5,22288
2022-10-03 21:18:08,5,-1,3711.25,22287
2022-10-03 21:18:09,14,19,3711.5,22306
2022-10-03 21:18:14,1,1,3711.5,22307
2022-10-03 21:18:16,5,3,3711.5,22310
2022-10-03 21:18:21,4,-5,3711.25,22305
2022-10-03 21:18:22,1,1,3711.25,22306
2022-10-03 21:18:24,3,3,3711.25,22309
2022-10-03 21:18:26,9,-3,3711.0,22306
2022-10-03 21:18:27,18,-4,3711.25,22302
2022-10-03 21:18:28,13,10,3711.25,22312
2022-10-03 21:18:31,1,1,3711.25,22313
2022-10-03 21:18:34,1,1,3711.5,22314
2022-10-03 21:18:40,14,-2,3711.25,22312
2022-10-03 21:18:44,11,7,3711.25,22319
2022-10-03 21:18:45,11,2,3711.25,22321
2022-10-03 21:18:46,2,1,3711.25,22322
2022-10-03 21:18:47,4,2,3711.25,22324
2022-10-03 21:18:48,2,2,3711.5,22326
2022-10-03 21:18:49,11,-2,3711.25,22324
2022-10-03 21:18:50,3,2,3711.25,22326
2022-10-03 21:18:52,1,-1,3711.25,22325
2022-10-03 21:18:56,13,-5,3711.0,22320
2022-10-03 21:18:57,16,22,3711.25,22342
2022-10-03 21:18:59,4,-4,3711.0,22338
2022-10-03 21:19:00,1,1,3711.0,22339
2022-10-03 21:19:01,9,4,3711.25,22343
2022-10-03 21:19:02,1,1,3711.25,22344
2022-10-03 21:19:03,6,6,3711.25,22350
2022-10-03 21:19:07,3,1,3711.25,22351
2022-10-03 21:19:08,2,2,3711.25,22353
2022-10-03 21:19:09,6,0,3711.5,22353
2022-10-03 21:19:10,18,0,3711.75,22353
2022-10-03 21:19:11,8,4,3712.0,22357
2022-10-03 21:19:14,27,10,3712.0,22367
2022-10-03 21:19:15,2,2,3712.0,22369
2022-10-03 21:19:18,31,24,3712.5,22393
2022-10-03 21:19:19,9,14,3712.75,22407
2022-10-03 21:19:20,2,0,3712.75,22407
2022-10-03 21:19:21,2,2,3712.75,22409
2022-10-03 21:19:22,18,-16,3712.5,22393
2022-10-03 21:19:25,6,2,3712.5,22395
2022-10-03 21:19:26,4,-3,3712.5,22392
2022-10-03 21:19:27,6,-2,3712.5,22390
2022-10-03 21:19:28,1,-1,3712.5,22389
2022-10-03 21:19:29,1,-1,3712.5,22388
2022-10-03 21:19:31,1,-1,3712.5,22387
2022-10-03 21:19:32,1,-1,3712.25,22386
2022-10-03 21:19:33,2,2,3712.5,22388
2022-10-03 21:19:34,1,-1,3712.25,22387
2022-10-03 21:19:36,2,-1,3712.25,22386
2022-10-03 21:19:37,3,1,3712.5,22387
2022-10-03 21:19:38,5,-4,3712.25,22383
2022-10-03 21:19:39,18,2,3712.5,22385
2022-10-03 21:19:40,14,5,3712.5,22390
2022-10-03 21:19:41,1,-1,3712.5,22389
2022-10-03 21:19:42,3,-1,3712.5,22388
2022-10-03 21:19:44,3,-1,3712.5,22387
2022-10-03 21:19:46,2,-1,3712.25,22386
2022-10-03 21:19:48,2,1,3712.5,22387
2022-10-03 21:19:51,2,2,3712.5,22389
2022-10-03 21:19:52,4,2,3712.75,22391
2022-10-03 21:19:54,3,0,3712.5,22391
2022-10-03 21:19:55,18,-8,3712.25,22383
2022-10-03 21:19:56,5,-4,3711.75,22379
2022-10-03 21:19:59,1,1,3712.0,22380
2022-10-03 21:20:00,21,2,3712.0,22382
2022-10-03 21:20:01,4,2,3712.0,22384
2022-10-03 21:20:03,3,3,3712.0,22387
2022-10-03 21:20:06,3,-3,3712.0,22384
2022-10-03 21:20:09,1,-1,3711.75,22383
2022-10-03 21:20:10,1,1,3712.0,22384
2022-10-03 21:20:13,1,-1,3711.75,22383
2022-10-03 21:20:15,1,-1,3711.75,22382
2022-10-03 21:20:17,7,-6,3711.75,22376
2022-10-03 21:20:18,17,-16,3711.5,22360
2022-10-03 21:20:20,5,3,3711.75,22363
2022-10-03 21:20:22,1,-1,3711.5,22362
2022-10-03 21:20:23,1,-1,3711.5,22361
2022-10-03 21:20:24,1,-1,3711.5,22360
2022-10-03 21:20:27,5,1,3711.5,22361
2022-10-03 21:20:28,1,-1,3711.5,22360
2022-10-03 21:20:29,1,1,3711.5,22361
2022-10-03 21:20:31,9,5,3711.75,22366
2022-10-03 21:20:32,1,-1,3711.5,22365
2022-10-03 21:20:38,1,1,3711.5,22366
2022-10-03 21:20:41,13,-9,3711.25,22357
2022-10-03 21:20:44,1,-1,3711.25,22356
2022-10-03 21:20:45,1,-1,3711.25,22355
2022-10-03 21:20:47,9,5,3711.5,22360
2022-10-03 21:20:48,3,-3,3711.25,22357
2022-10-03 21:20:50,1,-1,3711.25,22356
2022-10-03 21:20:51,1,-1,3711.25,22355
2022-10-03 21:20:53,4,2,3711.5,22357
2022-10-03 21:20:54,4,-2,3711.5,22355
2022-10-03 21:20:57,8,-4,3711.75,22351
2022-10-03 21:20:58,1,1,3711.5,22352
2022-10-03 21:21:00,3,3,3711.5,22355
2022-10-03 21:21:01,6,4,3711.75,22359
2022-10-03 21:21:02,2,2,3711.75,22361
2022-10-03 21:21:03,1,-1,3711.75,22360
2022-10-03 21:21:04,3,-1,3712.0,22359
2022-10-03 21:21:07,5,-3,3711.75,22356
2022-10-03 21:21:16,1,1,3711.75,22357
2022-10-03 21:21:17,1,-1,3711.75,22356
2022-10-03 21:21:20,1,1,3711.75,22357
2022-10-03 21:21:21,1,-1,3711.5,22356
2022-10-03 21:21:22,9,-1,3711.75,22355
2022-10-03 21:21:24,9,5,3711.75,22360
2022-10-03 21:21:29,1,1,3711.75,22361
2022-10-03 21:21:30,2,-2,3711.75,22359
2022-10-03 21:21:34,2,2,3711.75,22361
2022-10-03 21:21:35,13,7,3712.0,22368
2022-10-03 21:21:40,12,14,3712.5,22382
2022-10-03 21:21:41,5,3,3712.5,22385
2022-10-03 21:21:44,5,5,3712.75,22390
2022-10-03 21:21:45,4,4,3712.75,22394
2022-10-03 21:21:47,1,-1,3712.5,22393
2022-10-03 21:21:48,4,1,3712.75,22394
2022-10-03 21:21:50,1,-1,3712.5,22393
2022-10-03 21:21:52,3,3,3712.75,22396
2022-10-03 21:21:58,3,3,3712.75,22399
2022-10-03 21:22:00,20,1,3712.75,22400
2022-10-03 21:22:01,8,-2,3712.5,22398
2022-10-03 21:22:02,10,-7,3712.5,22391
2022-10-03 21:22:03,2,0,3712.5,22391
2022-10-03 21:22:04,1,1,3712.5,22392
2022-10-03 21:22:05,10,-10,3712.25,22382
2022-10-03 21:22:06,4,1,3712.25,22383
2022-10-03 21:22:07,5,-3,3712.25,22380
2022-10-03 21:22:10,21,9,3712.5,22389
2022-10-03 21:22:12,6,0,3712.5,22389
2022-10-03 21:22:14,1,-1,3712.5,22388
2022-10-03 21:22:16,3,-3,3712.25,22385
2022-10-03 21:22:17,2,2,3712.25,22387
2022-10-03 21:22:18,1,1,3712.25,22388
2022-10-03 21:22:19,4,-4,3712.0,22384
2022-10-03 21:22:20,19,-8,3711.75,22376
2022-10-03 21:22:23,1,-1,3711.75,22375
2022-10-03 21:22:24,7,2,3711.75,22377
2022-10-03 21:22:27,1,1,3711.75,22378
2022-10-03 21:22:30,4,4,3711.75,22382
2022-10-03 21:22:31,2,0,3711.75,22382
2022-10-03 21:22:32,1,1,3711.75,22383
2022-10-03 21:22:34,5,5,3711.75,22388
2022-10-03 21:22:41,7,-1,3711.75,22387
2022-10-03 21:22:42,34,-32,3711.5,22355
2022-10-03 21:22:43,9,4,3711.25,22359
2022-10-03 21:22:44,2,-2,3711.25,22357
2022-10-03 21:22:45,4,4,3711.25,22361
2022-10-03 21:22:46,1,1,3711.25,22362
2022-10-03 21:22:48,2,2,3711.25,22364
2022-10-03 21:22:55,3,-1,3711.25,22363
2022-10-03 21:22:56,8,-6,3711.0,22357
2022-10-03 21:22:57,11,-3,3711.0,22354
2022-10-03 21:22:59,6,4,3711.0,22358
2022-10-03 21:23:00,19,-14,3711.0,22344
2022-10-03 21:23:02,4,4,3710.75,22348
2022-10-03 21:23:03,1,1,3710.75,22349
2022-10-03 21:23:04,15,-15,3710.5,22334
2022-10-03 21:23:05,2,-2,3710.25,22332
2022-10-03 21:23:06,7,5,3710.5,22337
2022-10-03 21:23:07,1,1,3710.5,22338
2022-10-03 21:23:08,3,-1,3710.5,22337
2022-10-03 21:23:09,1,1,3710.5,22338
2022-10-03 21:23:10,1,1,3710.5,22339
2022-10-03 21:23:11,5,-5,3710.25,22334
2022-10-03 21:23:12,5,0,3710.5,22334
2022-10-03 21:23:13,1,1,3710.5,22335
2022-10-03 21:23:14,3,3,3710.5,22338
2022-10-03 21:23:16,12,-10,3710.75,22328
2022-10-03 21:23:17,7,3,3710.5,22331
2022-10-03 21:23:18,5,4,3710.5,22335
2022-10-03 21:23:22,2,2,3710.75,22337
2022-10-03 21:23:24,1,-1,3710.75,22336
2022-10-03 21:23:25,1,-1,3710.75,22335
2022-10-03 21:23:32,1,-1,3710.5,22334
2022-10-03 21:23:34,7,-1,3710.5,22333
2022-10-03 21:23:41,1,-1,3710.5,22332
2022-10-03 21:23:43,4,2,3710.5,22334
2022-10-03 21:23:44,1,1,3710.5,22335
2022-10-03 21:23:46,2,2,3710.5,22337
2022-10-03 21:23:51,16,-6,3710.5,22331
2022-10-03 21:23:52,1,-1,3710.5,22330
2022-10-03 21:23:53,6,-6,3710.5,22324
2022-10-03 21:23:55,16,3,3710.5,22327
2022-10-03 21:23:56,4,4,3710.75,22331
2022-10-03 21:24:05,4,-2,3710.5,22329
2022-10-03 21:24:08,30,-10,3710.25,22319
2022-10-03 21:24:11,5,-5,3710.0,22314
2022-10-03 21:24:13,5,3,3710.25,22317
2022-10-03 21:24:15,1,-1,3710.0,22316
2022-10-03 21:24:18,1,1,3710.25,22317
2022-10-03 21:24:19,1,-1,3710.25,22316
2022-10-03 21:24:22,425,-369,3710.25,21947
2022-10-03 21:24:23,54,52,3709.75,21999
2022-10-03 21:24:24,14,-6,3709.5,21993
2022-10-03 21:24:25,1,1,3709.5,21994
2022-10-03 21:24:26,9,-6,3709.5,21988
2022-10-03 21:24:28,8,5,3709.75,21993
2022-10-03 21:24:29,1,1,3709.75,21994
2022-10-03 21:24:31,9,-3,3709.5,21991
2022-10-03 21:24:32,10,-5,3709.5,21986
2022-10-03 21:24:33,6,5,3709.5,21991
2022-10-03 21:24:34,7,4,3709.75,21995
2022-10-03 21:24:36,1,-1,3709.25,21994
2022-10-03 21:24:37,8,6,3709.75,22000
2022-10-03 21:24:40,2,-2,3709.5,21998
2022-10-03 21:24:41,1,-1,3709.5,21997
2022-10-03 21:24:42,10,-8,3709.5,21989
2022-10-03 21:24:43,26,-12,3709.0,21977
2022-10-03 21:24:44,4,-2,3708.75,21975
2022-10-03 21:24:46,5,1,3709.0,21976
2022-10-03 21:24:49,6,4,3709.0,21980
2022-10-03 21:24:51,7,-5,3708.75,21975
2022-10-03 21:24:52,4,-4,3708.75,21971
2022-10-03 21:24:56,2,-2,3708.75,21969
2022-10-03 21:24:58,5,5,3709.0,21974
2022-10-03 21:25:00,2,0,3709.0,21974
2022-10-03 21:25:01,4,-2,3709.0,21972
2022-10-03 21:25:02,1,1,3709.25,21973
2022-10-03 21:25:03,16,-8,3709.0,21965
2022-10-03 21:25:04,1,1,3709.25,21966
2022-10-03 21:25:05,14,12,3709.25,21978
2022-10-03 21:25:06,13,13,3709.5,21991
2022-10-03 21:25:07,1,-1,3709.25,21990
2022-10-03 21:25:09,2,-2,3709.25,21988
2022-10-03 21:25:10,1,1,3709.5,21989
2022-10-03 21:25:11,2,2,3709.5,21991
2022-10-03 21:25:12,6,6,3709.5,21997
2022-10-03 21:25:20,6,-4,3709.5,21993
2022-10-03 21:25:27,8,4,3709.75,21997
2022-10-03 21:25:31,2,2,3709.75,21999
2022-10-03 21:25:33,11,11,3710.0,22010
2022-10-03 21:25:34,13,13,3710.25,22023
2022-10-03 21:25:35,7,5,3710.5,22028
2022-10-03 21:25:38,13,-7,3710.5,22021
2022-10-03 21:25:40,1,1,3710.25,22022
2022-10-03 21:25:41,1,1,3710.25,22023
2022-10-03 21:25:42,1,-1,3710.25,22022
2022-10-03 21:25:44,2,-2,3710.25,22020
2022-10-03 21:25:45,4,0,3710.5,22020
2022-10-03 21:25:46,8,2,3710.5,22022
2022-10-03 21:25:48,5,-3,3710.5,22019
2022-10-03 21:25:51,1,-1,3710.25,22018
2022-10-03 21:25:56,5,4,3710.5,22022
2022-10-03 21:25:58,3,1,3710.75,22023
2022-10-03 21:25:59,3,3,3711.0,22026
2022-10-03 21:26:00,10,-3,3710.75,22023
2022-10-03 21:26:03,2,-2,3710.5,22021
2022-10-03 21:26:04,3,3,3710.75,22024
2022-10-03 21:26:05,5,3,3710.75,22027
2022-10-03 21:26:06,5,-3,3710.5,22024
2022-10-03 21:26:08,1,-1,3710.5,22023
2022-10-03 21:26:10,7,4,3710.75,22027
2022-10-03 21:26:12,2,-2,3710.5,22025
2022-10-03 21:26:14,2,-2,3710.5,22023
2022-10-03 21:26:17,2,2,3710.75,22025
2022-10-03 21:26:19,4,-4,3710.75,22021
2022-10-03 21:26:21,3,-1,3710.5,22020
2022-10-03 21:26:25,32,20,3711.0,22040
2022-10-03 21:26:26,12,4,3711.25,22044
2022-10-03 21:26:28,2,-2,3711.0,22042
2022-10-03 21:26:30,16,-3,3710.75,22039
2022-10-03 21:26:31,4,0,3710.5,22039
2022-10-03 21:26:32,7,0,3710.75,22039
2022-10-03 21:26:35,5,-5,3710.5,22034
2022-10-03 21:26:38,1,-1,3710.25,22033
2022-10-03 21:26:40,1,-1,3710.5,22032
2022-10-03 21:26:41,8,-2,3710.75,22030
2022-10-03 21:26:44,3,-3,3710.5,22027
2022-10-03 21:26:45,1,-1,3710.5,22026
2022-10-03 21:26:47,2,-2,3710.5,22024
2022-10-03 21:26:51,1,-1,3710.5,22023
2022-10-03 21:26:57,1,1,3710.5,22024
2022-10-03 21:27:01,1,-1,3710.5,22023
2022-10-03 21:27:03,8,2,3710.5,22025
2022-10-03 21:27:07,4,-4,3710.25,22021
2022-10-03 21:27:08,1,-1,3710.25,22020
2022-10-03 21:27:12,1,-1,3710.25,22019
2022-10-03 21:27:13,1,-1,3710.25,22018
2022-10-03 21:27:14,1,1,3710.25,22019
2022-10-03 21:27:18,4,-4,3710.0,22015
2022-10-03 21:27:19,6,3,3710.0,22018
2022-10-03 21:27:20,5,-3,3710.0,22015
2022-10-03 21:27:21,3,1,3710.0,22016
2022-10-03 21:27:27,36,4,3710.0,22020
2022-10-03 21:27:28,1,-1,3709.75,22019
2022-10-03 21:27:33,6,4,3710.0,22023
2022-10-03 21:27:37,1,1,3710.0,22024
2022-10-03 21:27:41,21,-18,3709.75,22006
2022-10-03 21:27:45,14,3,3709.5,22009
2022-10-03 21:27:46,4,4,3709.5,22013
2022-10-03 21:27:47,4,0,3709.5,22013
2022-10-03 21:27:50,1,1,3709.75,22014
2022-10-03 21:27:52,1,-1,3709.5,22013
2022-10-03 21:27:53,1,-1,3709.25,22012
2022-10-03 21:27:54,1,1,3709.5,22013
2022-10-03 21:27:57,3,-3,3709.5,22010
2022-10-03 21:27:58,2,2,3709.5,22012
2022-10-03 21:28:01,1,-1,3709.5,22011
2022-10-03 21:28:03,3,0,3709.5,22011
2022-10-03 21:28:05,22,-10,3709.25,22001
2022-10-03 21:28:06,3,1,3709.5,22002
2022-10-03 21:28:07,6,6,3709.75,22008
2022-10-03 21:28:08,2,0,3710.0,22008
2022-10-03 21:28:13,2,2,3709.75,22010
2022-10-03 21:28:14,16,16,3710.25,22026
2022-10-03 21:28:17,1,1,3710.25,22027
2022-10-03 21:28:18,3,3,3710.25,22030
2022-10-03 21:28:19,13,6,3710.75,22036
2022-10-03 21:28:21,1,1,3710.5,22037
2022-10-03 21:28:23,1,1,3710.5,22038
2022-10-03 21:28:27,8,8,3710.75,22046
2022-10-03 21:28:28,3,1,3710.75,22047
2022-10-03 21:28:33,1,-1,3710.5,22046
2022-10-03 21:28:34,1,1,3710.75,22047
2022-10-03 21:28:35,8,3,3711.0,22050
2022-10-03 21:28:36,1,1,3711.0,22051
2022-10-03 21:28:37,1,-1,3710.75,22050
2022-10-03 21:28:41,2,2,3710.75,22052
2022-10-03 21:28:44,10,-8,3710.5,22044
2022-10-03 21:28:45,15,2,3710.5,22046
2022-10-03 21:28:46,8,6,3711.0,22052
2022-10-03 21:28:47,1,-1,3710.75,22051
2022-10-03 21:28:49,10,9,3711.0,22060
2022-10-03 21:28:50,2,-2,3711.0,22058
2022-10-03 21:28:52,1,1,3711.0,22059
2022-10-03 21:28:54,1,1,3711.0,22060
2022-10-03 21:28:55,4,0,3711.25,22060
2022-10-03 21:28:57,1,1,3711.25,22061
2022-10-03 21:28:59,20,-3,3711.25,22058
2022-10-03 21:29:02,3,-1,3711.0,22057
2022-10-03 21:29:04,3,-2,3710.75,22055
2022-10-03 21:29:05,2,0,3710.75,22055
2022-10-03 21:29:07,8,-8,3710.75,22047
2022-10-03 21:29:08,5,1,3710.75,22048
2022-10-03 21:29:12,35,21,3711.25,22069
2022-10-03 21:29:13,1,-1,3711.0,22068
2022-10-03 21:29:14,3,-1,3711.0,22067
2022-10-03 21:29:16,5,-4,3711.0,22063
2022-10-03 21:29:17,3,-3,3710.75,22060
2022-10-03 21:29:18,3,1,3711.0,22061
2022-10-03 21:29:20,5,-1,3710.75,22060
2022-10-03 21:29:21,1,-1,3710.75,22059
2022-10-03 21:29:22,1,-1,3710.5,22058
2022-10-03 21:29:23,1,1,3711.0,22059
2022-10-03 21:29:27,1,-1,3710.75,22058
2022-10-03 21:29:30,10,5,3711.25,22063
2022-10-03 21:29:33,1,1,3711.25,22064
2022-10-03 21:29:35,6,-1,3711.5,22063
2022-10-03 21:29:36,2,2,3711.5,22065
2022-10-03 21:29:39,1,-1,3711.25,22064
2022-10-03 21:29:40,4,-2,3711.25,22062
2022-10-03 21:29:41,2,0,3711.25,22062
2022-10-03 21:29:45,1,1,3711.25,22063
2022-10-03 21:29:47,1,-1,3711.25,22062
2022-10-03 21:29:53,4,-4,3711.0,22058
2022-10-03 21:29:55,1,-1,3711.0,22057
2022-10-03 21:29:56,1,1,3711.0,22058
2022-10-03 21:29:57,1,-1,3711.0,22057
2022-10-03 21:29:58,2,-2,3711.0,22055
2022-10-03 21:29:59,2,2,3711.25,22057
2022-10-03 21:30:00,7,1,3711.0,22058
2022-10-03 21:30:01,1,-1,3710.75,22057
2022-10-03 21:30:02,3,3,3711.0,22060
2022-10-03 21:30:04,7,0,3711.25,22060
2022-10-03 21:30:05,2,-2,3711.0,22058
2022-10-03 21:30:07,2,-2,3710.75,22056
2022-10-03 21:30:11,1,-1,3711.0,22055
2022-10-03 21:30:12,5,1,3711.0,22056
2022-10-03 21:30:17,2,2,3710.75,22058
2022-10-03 21:30:18,6,-2,3710.75,22056
2022-10-03 21:30:20,2,-2,3710.5,22054
2022-10-03 21:30:22,1,1,3710.75,22055
2022-10-03 21:30:29,8,-2,3710.5,22053
2022-10-03 21:30:31,21,7,3711.0,22060
2022-10-03 21:30:33,1,1,3710.5,22061
2022-10-03 21:30:38,1,1,3710.75,22062
2022-10-03 21:30:39,1,1,3711.0,22063
2022-10-03 21:30:40,1,-1,3710.75,22062
2022-10-03 21:30:41,3,1,3711.0,22063
2022-10-03 21:30:42,4,1,3711.0,22064
2022-10-03 21:30:43,2,0,3711.0,22064
2022-10-03 21:30:45,2,1,3711.0,22065
2022-10-03 21:30:50,16,7,3711.25,22072
2022-10-03 21:30:55,19,18,3711.75,22090
2022-10-03 21:30:56,16,15,3712.25,22105
2022-10-03 21:30:57,8,-1,3712.25,22104
2022-10-03 21:30:58,3,-1,3712.0,22103
2022-10-03 21:31:00,9,-1,3712.0,22102
2022-10-03 21:31:01,1,-1,3711.75,22101
2022-10-03 21:31:03,4,-3,3711.75,22098
2022-10-03 21:31:04,3,-3,3711.5,22095
2022-10-03 21:31:05,4,0,3711.75,22095
2022-10-03 21:31:08,11,4,3712.0,22099
2022-10-03 21:31:10,9,1,3712.25,22100
2022-10-03 21:31:11,4,4,3712.25,22104
2022-10-03 21:31:12,8,-2,3712.0,22102
2022-10-03 21:31:13,2,-2,3712.0,22100
2022-10-03 21:31:14,7,-2,3712.25,22098
2022-10-03 21:31:15,1,1,3712.25,22099
2022-10-03 21:31:16,4,-2,3712.25,22097
2022-10-03 21:31:17,2,2,3712.5,22099
2022-10-03 21:31:18,1,-1,3712.25,22098
2022-10-03 21:31:19,6,1,3712.25,22099
2022-10-03 21:31:20,20,11,3712.75,22110
2022-10-03 21:31:21,7,-1,3712.75,22109
2022-10-03 21:31:22,1,1,3712.5,22110
2022-10-03 21:31:23,1,1,3712.5,22111
2022-10-03 21:31:24,23,-2,3712.5,22109
2022-10-03 21:31:25,35,27,3713.0,22136
2022-10-03 21:31:26,1,1,3712.75,22137
2022-10-03 21:31:27,2,0,3712.75,22137
2022-10-03 21:31:28,2,-2,3712.75,22135
2022-10-03 21:31:30,106,53,3713.5,22188
2022-10-03 21:31:31,16,6,3713.75,22194
2022-10-03 21:31:32,8,-2,3713.75,22192
2022-10-03 21:31:33,4,3,3713.75,22195
2022-10-03 21:31:34,4,0,3713.75,22195
2022-10-03 21:31:35,10,-1,3713.75,22194
2022-10-03 21:31:36,6,0,3713.5,22194
2022-10-03 21:31:38,11,3,3713.5,22197
2022-10-03 21:31:39,2,2,3713.5,22199
2022-10-03 21:31:40,20,6,3713.5,22205
2022-10-03 21:31:41,2,1,3713.25,22206
2022-10-03 21:31:42,19,-14,3713.0,22192
2022-10-03 21:31:43,18,-20,3712.75,22172
2022-10-03 21:31:44,2,-2,3712.5,22170
2022-10-03 21:31:46,7,-1,3712.75,22169
2022-10-03 21:31:47,1,-1,3712.5,22168
2022-10-03 21:31:48,8,-6,3712.5,22162
2022-10-03 21:31:49,10,-7,3712.25,22155
2022-10-03 21:31:54,5,3,3712.75,22158
2022-10-03 21:31:55,5,-9,3712.75,22149
2022-10-03 21:32:00,6,-6,3712.5,22143
2022-10-03 21:32:01,1,-1,3712.25,22142
2022-10-03 21:32:04,7,-1,3712.75,22141
2022-10-03 21:32:06,4,4,3712.75,22145
2022-10-03 21:32:10,7,1,3712.75,22146
2022-10-03 21:32:17,1,1,3712.75,22147
2022-10-03 21:32:19,2,2,3712.75,22149
2022-10-03 21:32:23,6,2,3713.0,22151
2022-10-03 21:32:27,27,-9,3713.0,22142
2022-10-03 21:32:28,9,3,3712.5,22145
2022-10-03 21:32:29,8,0,3712.25,22145
2022-10-03 21:32:31,1,1,3712.5,22146
2022-10-03 21:32:32,1,-1,3712.25,22145
2022-10-03 21:32:33,2,2,3712.25,22147
2022-10-03 21:32:36,1,1,3712.25,22148
2022-10-03 21:32:39,1,-1,3712.25,22147
2022-10-03 21:32:40,2,2,3712.25,22149
2022-10-03 21:32:44,3,1,3712.5,22150
2022-10-03 21:32:46,1,1,3712.5,22151
2022-10-03 21:32:48,2,-2,3712.5,22149
2022-10-03 21:32:51,14,-5,3712.25,22144
2022-10-03 21:32:53,4,2,3712.25,22146
2022-10-03 21:32:54,1,1,3712.5,22147
2022-10-03 21:32:56,4,2,3712.5,22149
2022-10-03 21:32:57,2,-1,3712.5,22148
2022-10-03 21:33:00,9,-3,3712.5,22145
2022-10-03 21:33:01,3,-3,3712.25,22142
2022-10-03 21:33:04,1,-1,3712.25,22141
2022-10-03 21:33:07,2,-2,3712.25,22139
2022-10-03 21:33:10,3,3,3712.25,22142
2022-10-03 21:33:17,1,-1,3712.25,22141
2022-10-03 21:33:18,4,4,3712.5,22145
2022-10-03 21:33:22,4,0,3712.5,22145
2022-10-03 21:33:27,4,-2,3712.25,22143
2022-10-03 21:33:28,1,1,3712.25,22144
2022-10-03 21:33:32,1,1,3712.25,22145
2022-10-03 21:33:34,1,1,3712.25,22146
2022-10-03 21:33:41,11,5,3712.25,22151
2022-10-03 21:33:42,8,-8,3712.0,22143
2022-10-03 21:33:45,8,-7,3711.75,22136
2022-10-03 21:33:46,4,-4,3711.5,22132
2022-10-03 21:33:47,1,1,3711.75,22133
2022-10-03 21:33:48,16,4,3711.75,22137
2022-10-03 21:33:50,1,-1,3711.75,22136
2022-10-03 21:33:54,2,-2,3711.75,22134
2022-10-03 21:34:01,4,-4,3711.5,22130
2022-10-03 21:34:05,65,-32,3711.25,22098
2022-10-03 21:34:06,2,-2,3710.25,22096
2022-10-03 21:34:07,13,3,3710.0,22099
2022-10-03 21:34:08,6,2,3710.25,22101
2022-10-03 21:34:11,1,1,3710.25,22102
2022-10-03 21:34:12,2,2,3710.25,22104
2022-10-03 21:34:16,14,2,3710.0,22106
2022-10-03 21:34:17,7,-2,3710.0,22104
2022-10-03 21:34:18,6,4,3710.25,22108
2022-10-03 21:34:21,12,3,3710.25,22111
2022-10-03 21:34:22,4,2,3710.5,22113
2022-10-03 21:34:25,2,0,3710.75,22113
2022-10-03 21:34:27,6,2,3710.75,22115
2022-10-03 21:34:31,1,-1,3710.75,22114
2022-10-03 21:34:32,1,1,3710.75,22115
2022-10-03 21:34:35,14,-3,3710.5,22112
2022-10-03 21:34:36,3,-1,3710.5,22111
2022-10-03 21:34:39,3,-1,3710.25,22110
2022-10-03 21:34:40,32,-12,3710.25,22098
2022-10-03 21:34:42,8,6,3709.75,22104
2022-10-03 21:34:46,3,3,3709.75,22107
2022-10-03 21:34:48,8,-2,3709.5,22105
2022-10-03 21:34:50,1,1,3709.5,22106
2022-10-03 21:34:51,4,4,3709.5,22110
2022-10-03 21:34:52,4,4,3709.75,22114
2022-10-03 21:34:54,3,-1,3709.75,22113
2022-10-03 21:34:57,1,1,3709.75,22114
2022-10-03 21:34:58,5,-5,3709.75,22109
2022-10-03 21:34:59,8,-2,3709.75,22107
2022-10-03 21:35:03,5,-1,3709.75,22106
2022-10-03 21:35:10,10,-8,3709.75,22098
2022-10-03 21:35:12,8,8,3710.0,22106
2022-10-03 21:35:13,1,1,3710.0,22107
2022-10-03 21:35:16,15,-15,3709.5,22092
2022-10-03 21:35:17,5,-1,3709.75,22091
2022-10-03 21:35:18,12,-5,3709.75,22086
2022-10-03 21:35:19,5,3,3710.0,22089
2022-10-03 21:35:24,2,2,3710.0,22091
2022-10-03 21:35:28,11,-8,3709.75,22083
2022-10-03 21:35:31,4,4,3709.75,22087
2022-10-03 21:35:32,2,-2,3709.75,22085
2022-10-03 21:35:34,9,0,3709.75,22085
2022-10-03 21:35:35,16,-19,3709.75,22066
2022-10-03 21:35:36,2,2,3709.75,22068
2022-10-03 21:35:37,4,-4,3709.75,22064
2022-10-03 21:35:38,1,-1,3709.5,22063
2022-10-03 21:35:40,8,7,3709.75,22070
2022-10-03 21:35:42,1,1,3710.0,22071
2022-10-03 21:35:45,14,0,3710.0,22071
2022-10-03 21:35:46,4,4,3710.0,22075
2022-10-03 21:35:48,2,-2,3710.0,22073
2022-10-03 21:35:50,1,1,3710.0,22074
2022-10-03 21:35:57,2,2,3710.0,22076
2022-10-03 21:36:00,15,-4,3710.0,22072
2022-10-03 21:36:02,8,-6,3710.0,22066
2022-10-03 21:36:03,26,-32,3710.5,22034
2022-10-03 21:36:04,2,0,3710.25,22034
2022-10-03 21:36:07,1,1,3710.5,22035
2022-10-03 21:36:09,3,3,3710.5,22038
2022-10-03 21:36:12,1,-1,3710.25,22037
2022-10-03 21:36:14,1,1,3710.5,22038
2022-10-03 21:36:16,6,2,3710.75,22040
2022-10-03 21:36:23,5,3,3710.5,22043
2022-10-03 21:36:24,1,-1,3710.25,22042
2022-10-03 21:36:29,14,-2,3710.75,22040
2022-10-03 21:36:32,5,-2,3710.5,22038
2022-10-03 21:36:40,1,1,3710.5,22039
2022-10-03 21:36:42,3,3,3710.75,22042
2022-10-03 21:36:43,2,2,3710.75,22044
2022-10-03 21:36:44,3,1,3710.75,22045
2022-10-03 21:36:48,11,5,3710.75,22050
2022-10-03 21:36:49,12,22,3711.25,22072
2022-10-03 21:36:52,2,-2,3711.0,22070
2022-10-03 21:36:53,4,-4,3711.0,22066
2022-10-03 21:36:56,3,1,3711.25,22067
2022-10-03 21:36:57,1,-1,3711.0,22066
2022-10-03 21:36:59,18,11,3711.25,22077
2022-10-03 21:37:03,10,-10,3711.0,22067
2022-10-03 21:37:04,1,-1,3711.0,22066
2022-10-03 21:37:05,1,1,3711.0,22067
2022-10-03 21:37:06,16,-12,3710.75,22055
2022-10-03 21:37:09,4,-4,3710.25,22051
2022-10-03 21:37:10,4,-2,3710.25,22049
2022-10-03 21:37:12,1,1,3710.25,22050
2022-10-03 21:37:15,5,3,3710.5,22053
2022-10-03 21:37:16,3,3,3710.75,22056
2022-10-03 21:37:17,2,2,3710.75,22058
2022-10-03 21:37:20,1,1,3710.75,22059
2022-10-03 21:37:25,1,-1,3710.75,22058
2022-10-03 21:37:27,36,-36,3710.75,22022
2022-10-03 21:37:30,4,-3,3710.5,22019
2022-10-03 21:37:33,1,-1,3710.5,22018
2022-10-03 21:37:39,10,9,3711.0,22027
2022-10-03 21:37:40,4,4,3710.75,22031
2022-10-03 21:37:41,5,-2,3711.0,22029
2022-10-03 21:37:42,2,2,3710.75,22031
2022-10-03 21:37:48,6,-8,3710.25,22023
2022-10-03 21:37:50,6,6,3710.5,22029
2022-10-03 21:37:53,4,-4,3710.25,22025
2022-10-03 21:37:54,7,-6,3710.0,22019
2022-10-03 21:37:58,2,-2,3710.0,22017
2022-10-03 21:37:59,7,3,3710.0,22020
2022-10-03 21:38:00,2,2,3710.25,22022
2022-10-03 21:38:05,1,1,3710.25,22023
2022-10-03 21:38:10,2,-2,3710.0,22021
2022-10-03 21:38:15,6,-2,3710.25,22019
2022-10-03 21:38:18,5,0,3710.5,22019
2022-10-03 21:38:20,2,0,3710.25,22019
2022-10-03 21:38:22,2,2,3710.25,22021
2022-10-03 21:38:25,12,-12,3710.0,22009
2022-10-03 21:38:28,5,-5,3709.75,22004
2022-10-03 21:38:29,3,1,3710.0,22005
2022-10-03 21:38:33,3,-1,3709.75,22004
2022-10-03 21:38:34,19,9,3710.0,22013
2022-10-03 21:38:37,4,-3,3709.75,22010
2022-10-03 21:38:39,13,-9,3709.75,22001
2022-10-03 21:38:40,6,4,3709.75,22005
2022-10-03 21:38:44,12,6,3710.25,22011
2022-10-03 21:38:47,1,1,3710.25,22012
2022-10-03 21:38:51,6,-6,3710.25,22006
2022-10-03 21:38:54,27,-7,3710.0,21999
2022-10-03 21:38:58,1,1,3710.25,22000
2022-10-03 21:39:00,13,-7,3710.25,21993
2022-10-03 21:39:02,1,-1,3710.0,21992
2022-10-03 21:39:05,1,-1,3710.0,21991
2022-10-03 21:39:06,1,-1,3709.75,21990
2022-10-03 21:39:11,1,1,3710.0,21991
2022-10-03 21:39:12,3,-2,3709.75,21989
2022-10-03 21:39:13,7,-4,3709.75,21985
2022-10-03 21:39:16,7,-5,3709.5,21980
2022-10-03 21:39:17,1,1,3709.75,21981
2022-10-03 21:39:21,1,-1,3709.5,21980
2022-10-03 21:39:23,7,5,3709.75,21985
2022-10-03 21:39:26,3,-1,3709.75,21984
2022-10-03 21:39:29,4,4,3709.75,21988
2022-10-03 21:39:39,7,7,3709.75,21995
2022-10-03 21:39:41,4,2,3710.0,21997
2022-10-03 21:39:42,3,-3,3710.25,21994
2022-10-03 21:39:43,7,4,3710.25,21998
2022-10-03 21:39:47,3,-3,3710.0,21995
2022-10-03 21:39:52,1,-1,3710.25,21994
2022-10-03 21:39:53,4,4,3710.5,21998
2022-10-03 21:39:57,5,0,3710.5,21998
2022-10-03 21:39:58,2,2,3710.5,22000
2022-10-03 21:40:00,13,-8,3710.25,21992
2022-10-03 21:40:01,1,1,3710.0,21993
2022-10-03 21:40:02,7,1,3710.0,21994
2022-10-03 21:40:09,5,-5,3709.75,21989
2022-10-03 21:40:12,2,2,3710.0,21991
2022-10-03 21:40:17,1,-1,3710.0,21990
2022-10-03 21:40:26,5,2,3709.75,21992
2022-10-03 21:40:29,2,-2,3709.75,21990
2022-10-03 21:40:31,4,4,3709.75,21994
2022-10-03 21:40:32,17,8,3710.0,22002
2022-10-03 21:40:34,4,0,3710.25,22002
2022-10-03 21:40:36,17,0,3710.5,22002
2022-10-03 21:40:38,3,3,3710.25,22005
2022-10-03 21:40:43,4,4,3710.25,22009
2022-10-03 21:40:45,2,-2,3710.25,22007
2022-10-03 21:40:55,1,-1,3710.0,22006
2022-10-03 21:41:01,2,-2,3710.0,22004
2022-10-03 21:41:04,3,3,3710.0,22007
2022-10-03 21:41:12,1,1,3710.0,22008
2022-10-03 21:41:14,7,-7,3709.75,22001
2022-10-03 21:41:18,1,-1,3709.75,22000
2022-10-03 21:41:21,28,0,3709.5,22000
2022-10-03 21:41:25,2,2,3709.5,22002
2022-10-03 21:41:34,3,3,3709.75,22005
2022-10-03 21:41:36,1,-1,3709.75,22004
2022-10-03 21:41:40,2,-2,3709.5,22002
2022-10-03 21:41:43,1,-1,3709.5,22001
2022-10-03 21:41:46,5,-1,3709.75,22000
2022-10-03 21:41:47,8,-7,3709.75,21993
2022-10-03 21:41:48,1,1,3709.75,21994
2022-10-03 21:41:52,9,3,3710.0,21997
2022-10-03 21:41:54,1,1,3710.0,21998
2022-10-03 21:41:55,4,0,3710.0,21998
2022-10-03 21:42:03,5,5,3710.25,22003
2022-10-03 21:42:06,3,3,3710.25,22006
2022-10-03 21:42:09,3,2,3710.25,22008
2022-10-03 21:42:11,1,1,3710.25,22009
2022-10-03 21:42:20,12,9,3710.25,22018
2022-10-03 21:42:21,5,-5,3710.25,22013
2022-10-03 21:42:22,5,2,3710.0,22015
2022-10-03 21:42:27,1,1,3710.0,22016
2022-10-03 21:42:28,3,-3,3710.0,22013
2022-10-03 21:42:29,3,-3,3709.75,22010
2022-10-03 21:42:42,6,5,3709.5,22015
2022-10-03 21:42:44,4,0,3709.75,22015
2022-10-03 21:42:45,1,-1,3709.5,22014
2022-10-03 21:42:46,1,1,3709.75,22015
2022-10-03 21:42:53,1,-1,3709.75,22014
2022-10-03 21:42:57,3,1,3709.75,22015
2022-10-03 21:43:00,2,-2,3709.75,22013
2022-10-03 21:43:03,1,1,3709.75,22014
2022-10-03 21:43:06,8,-5,3709.5,22009
2022-10-03 21:43:07,2,2,3709.5,22011
2022-10-03 21:43:10,2,-2,3709.5,22009
2022-10-03 21:43:20,5,3,3709.75,22012
2022-10-03 21:43:22,3,-3,3709.75,22009
2022-10-03 21:43:25,3,3,3709.75,22012
2022-10-03 21:43:29,9,7,3709.75,22019
2022-10-03 21:43:35,3,3,3709.75,22022
2022-10-03 21:43:38,1,1,3710.0,22023
2022-10-03 21:43:42,24,4,3710.0,22027
2022-10-03 21:43:45,2,0,3710.0,22027
2022-10-03 21:43:52,5,-3,3710.0,22024
2022-10-03 21:43:57,1,-1,3709.75,22023
2022-10-03 21:44:01,1,-1,3709.75,22022
2022-10-03 21:44:02,2,-2,3709.75,22020
2022-10-03 21:44:04,3,3,3709.75,22023
2022-10-03 21:44:10,1,1,3710.0,22024
2022-10-03 21:44:15,2,2,3710.0,22026
2022-10-03 21:44:17,4,-2,3710.0,22024
2022-10-03 21:44:19,1,1,3710.0,22025
2022-10-03 21:44:22,1,-1,3710.0,22024
2022-10-03 21:44:30,1,1,3710.0,22025
2022-10-03 21:44:31,5,5,3710.25,22030
2022-10-03 21:44:34,3,3,3710.25,22033
2022-10-03 21:44:35,1,1,3710.25,22034
2022-10-03 21:44:37,3,-1,3710.25,22033
2022-10-03 21:44:39,1,-1,3710.25,22032
2022-10-03 21:44:49,1,-1,3710.0,22031
2022-10-03 21:44:57,3,-3,3710.0,22028
2022-10-03 21:45:01,1,-1,3709.75,22027
2022-10-03 21:45:11,2,0,3710.0,22027
2022-10-03 21:45:16,6,6,3710.0,22033
2022-10-03 21:45:25,1,1,3710.0,22034
2022-10-03 21:45:29,1,-1,3710.0,22033
2022-10-03 21:45:30,1,1,3710.25,22034
2022-10-03 21:45:33,6,-5,3710.0,22029
2022-10-03 21:45:39,4,4,3710.0,22033
2022-10-03 21:45:45,1,-1,3709.75,22032
2022-10-03 21:45:48,14,-5,3709.75,22027
2022-10-03 21:45:49,1,1,3709.75,22028
2022-10-03 21:45:51,2,-2,3709.75,22026
2022-10-03 21:45:52,3,-3,3709.5,22023
2022-10-03 21:45:53,23,-7,3709.5,22016
2022-10-03 21:45:54,4,-4,3709.5,22012
2022-10-03 21:45:57,6,0,3709.5,22012
2022-10-03 21:45:58,1,-1,3709.25,22011
2022-10-03 21:46:00,4,2,3709.5,22013
2022-10-03 21:46:01,6,0,3709.75,22013
2022-10-03 21:46:02,2,2,3709.75,22015
2022-10-03 21:46:06,9,4,3710.0,22019
2022-10-03 21:46:11,3,3,3710.0,22022
2022-10-03 21:46:16,3,1,3710.0,22023
2022-10-03 21:46:20,2,0,3710.0,22023
2022-10-03 21:46:22,1,-1,3710.0,22022
2022-10-03 21:46:27,5,-5,3710.0,22017
2022-10-03 21:46:28,5,2,3710.0,22019
2022-10-03 21:46:29,3,1,3710.0,22020
2022-10-03 21:46:32,3,-3,3710.0,22017
2022-10-03 21:46:43,25,4,3710.0,22021
2022-10-03 21:46:44,1,-1,3710.0,22020
2022-10-03 21:46:45,1,1,3710.0,22021
2022-10-03 21:46:48,1,-1,3709.75,22020
2022-10-03 21:46:52,2,0,3709.75,22020
2022-10-03 21:46:57,6,1,3710.0,22021
2022-10-03 21:46:58,2,-2,3710.0,22019
2022-10-03 21:46:59,2,0,3710.0,22019
2022-10-03 21:47:00,1,-1,3710.0,22018
2022-10-03 21:47:10,12,10,3710.25,22028
2022-10-03 21:47:11,27,12,3710.5,22040
2022-10-03 21:47:13,19,14,3711.0,22054
2022-10-03 21:47:14,40,11,3711.5,22065
2022-10-03 21:47:16,1,1,3711.25,22066
2022-10-03 21:47:19,11,6,3711.0,22072
2022-10-03 21:47:20,3,3,3711.25,22075
2022-10-03 21:47:21,9,4,3711.25,22079
2022-10-03 21:47:23,26,18,3711.25,22097
2022-10-03 21:47:24,1,1,3710.75,22098
2022-10-03 21:47:25,3,-1,3711.0,22097
2022-10-03 21:47:27,5,3,3711.0,22100
2022-10-03 21:47:31,13,-7,3710.75,22093
2022-10-03 21:47:32,10,-4,3710.75,22089
2022-10-03 21:47:33,1,1,3710.75,22090
2022-10-03 21:47:35,4,-2,3710.75,22088
2022-10-03 21:47:36,5,-5,3710.5,22083
2022-10-03 21:47:39,1,-1,3710.5,22082
2022-10-03 21:47:42,1,1,3710.5,22083
2022-10-03 21:47:51,4,3,3710.5,22086
2022-10-03 21:47:52,2,-2,3710.5,22084
2022-10-03 21:47:55,5,-5,3710.25,22079
2022-10-03 21:48:00,10,-6,3710.0,22073
2022-10-03 21:48:01,3,-3,3709.75,22070
2022-10-03 21:48:02,2,1,3710.0,22071
2022-10-03 21:48:03,2,2,3710.25,22073
2022-10-03 21:48:05,2,0,3710.25,22073
2022-10-03 21:48:06,1,-1,3710.25,22072
2022-10-03 21:48:09,7,5,3710.25,22077
2022-10-03 21:48:12,1,1,3710.5,22078
2022-10-03 21:48:19,8,8,3710.5,22086
2022-10-03 21:48:23,3,0,3710.75,22086
2022-10-03 21:48:25,3,-1,3710.75,22085
2022-10-03 21:48:31,9,-8,3710.5,22077
2022-10-03 21:48:32,1,1,3710.5,22078
2022-10-03 21:48:33,2,2,3710.5,22080
2022-10-03 21:48:36,2,0,3710.5,22080
2022-10-03 21:48:37,3,-3,3710.25,22077
2022-10-03 21:48:46,5,-5,3710.25,22072
2022-10-03 21:48:50,1,-1,3710.0,22071
2022-10-03 21:48:57,2,2,3710.25,22073
2022-10-03 21:48:59,2,2,3710.5,22075
2022-10-03 21:49:00,1,-1,3710.25,22074
2022-10-03 21:49:04,2,0,3710.5,22074
2022-10-03 21:49:05,1,1,3710.75,22075
2022-10-03 21:49:12,17,-3,3710.75,22072
2022-10-03 21:49:15,1,-1,3710.75,22071
2022-10-03 21:49:16,5,5,3711.0,22076
2022-10-03 21:49:20,1,-1,3710.75,22075
2022-10-03 21:49:23,33,4,3711.0,22079
2022-10-03 21:49:26,7,7,3711.25,22086
2022-10-03 21:49:28,9,-6,3711.0,22080
2022-10-03 21:49:29,1,1,3711.0,22081
2022-10-03 21:49:31,3,1,3711.0,22082
2022-10-03 21:49:34,5,-9,3710.75,22073
2022-10-03 21:49:35,4,0,3710.75,22073
2022-10-03 21:49:36,11,-3,3710.75,22070
2022-10-03 21:49:37,4,4,3710.75,22074
2022-10-03 21:49:38,8,2,3710.75,22076
2022-10-03 21:49:41,2,-2,3710.75,22074
2022-10-03 21:49:45,5,-3,3711.0,22071
2022-10-03 21:49:48,1,1,3710.75,22072
2022-10-03 21:49:53,2,2,3711.0,22074
2022-10-03 21:49:55,1,1,3711.0,22075
2022-10-03 21:49:56,1,-1,3711.0,22074
2022-10-03 21:49:57,5,8,3711.25,22082
2022-10-03 21:49:58,2,-2,3710.75,22080
2022-10-03 21:50:00,8,3,3711.25,22083
2022-10-03 21:50:01,10,1,3711.5,22084
2022-10-03 21:50:03,30,13,3711.5,22097
2022-10-03 21:50:04,1,-1,3711.5,22096
2022-10-03 21:50:05,3,3,3711.5,22099
2022-10-03 21:50:06,4,-3,3711.25,22096
2022-10-03 21:50:09,1,1,3711.25,22097
2022-10-03 21:50:10,4,-4,3711.0,22093
2022-10-03 21:50:13,1,1,3711.25,22094
2022-10-03 21:50:16,3,-1,3711.0,22093
2022-10-03 21:50:18,1,1,3711.0,22094
2022-10-03 21:50:19,1,1,3711.0,22095
2022-10-03 21:50:20,2,0,3711.0,22095
2022-10-03 21:50:24,1,1,3711.0,22096
2022-10-03 21:50:31,2,2,3711.0,22098
2022-10-03 21:50:32,1,-1,3711.0,22097
2022-10-03 21:50:38,11,-8,3710.75,22089
2022-10-03 21:50:39,8,-6,3710.75,22083
2022-10-03 21:50:41,3,0,3710.75,22083
2022-10-03 21:50:49,5,2,3710.75,22085
2022-10-03 21:50:52,1,1,3710.75,22086
2022-10-03 21:50:58,7,-2,3710.75,22084
2022-10-03 21:50:59,1,1,3710.75,22085
2022-10-03 21:51:05,4,-4,3710.5,22081
2022-10-03 21:51:06,1,1,3710.5,22082
2022-10-03 21:51:08,1,1,3710.5,22083
2022-10-03 21:51:09,21,-10,3710.25,22073
2022-10-03 21:51:12,11,-11,3710.0,22062
2022-10-03 21:51:13,4,3,3709.75,22065
2022-10-03 21:51:14,1,1,3710.0,22066
2022-10-03 21:51:15,6,2,3710.0,22068
2022-10-03 21:51:16,1,-1,3709.75,22067
2022-10-03 21:51:17,5,3,3710.0,22070
2022-10-03 21:51:20,1,-1,3709.75,22069
2022-10-03 21:51:26,17,-7,3709.75,22062
2022-10-03 21:51:29,1,1,3710.0,22063
2022-10-03 21:51:31,1,1,3710.0,22064
2022-10-03 21:51:38,2,1,3710.0,22065
2022-10-03 21:51:42,2,-2,3709.75,22063
2022-10-03 21:51:44,15,7,3710.0,22070
2022-10-03 21:51:47,4,4,3710.0,22074
2022-10-03 21:51:48,3,0,3710.0,22074
2022-10-03 21:51:53,3,-3,3710.0,22071
2022-10-03 21:51:55,1,1,3710.0,22072
2022-10-03 21:52:01,5,1,3710.0,22073
2022-10-03 21:52:04,7,7,3710.0,22080
2022-10-03 21:52:06,12,-5,3709.75,22075
2022-10-03 21:52:08,48,-2,3709.5,22073
2022-10-03 21:52:09,2,0,3709.5,22073
2022-10-03 21:52:10,6,4,3709.75,22077
2022-10-03 21:52:11,3,3,3709.75,22080
2022-10-03 21:52:12,1,-1,3709.5,22079
2022-10-03 21:52:13,8,7,3710.0,22086
2022-10-03 21:52:14,2,-2,3710.0,22084
2022-10-03 21:52:15,1,-1,3709.75,22083
2022-10-03 21:52:21,8,2,3710.25,22085
2022-10-03 21:52:23,41,-18,3710.0,22067
2022-10-03 21:52:28,3,3,3709.75,22070
2022-10-03 21:52:32,4,0,3709.5,22070
2022-10-03 21:52:35,3,1,3709.5,22071
2022-10-03 21:52:41,19,-7,3709.75,22064
2022-10-03 21:52:42,27,17,3710.0,22081
2022-10-03 21:52:45,1,1,3709.75,22082
2022-10-03 21:52:46,1,-1,3709.5,22081
2022-10-03 21:52:49,5,-1,3709.5,22080
2022-10-03 21:52:53,2,-1,3709.5,22079
2022-10-03 21:52:55,12,8,3709.5,22087
2022-10-03 21:52:57,2,-2,3709.5,22085
2022-10-03 21:52:59,13,-4,3709.25,22081
2022-10-03 21:53:00,10,-3,3709.5,22078
2022-10-03 21:53:01,3,-1,3709.25,22077
2022-10-03 21:53:02,15,-6,3709.5,22071
2022-10-03 21:53:06,6,-2,3709.25,22069
2022-10-03 21:53:07,9,5,3709.5,22074
2022-10-03 21:53:11,3,2,3709.5,22076
2022-10-03 21:53:15,16,9,3709.75,22085
2022-10-03 21:53:16,1,-1,3709.75,22084
2022-10-03 21:53:18,3,1,3709.75,22085
2022-10-03 21:53:19,2,0,3710.0,22085
2022-10-03 21:53:20,1,1,3710.0,22086
2022-10-03 21:53:23,9,-1,3709.75,22085
2022-10-03 21:53:26,1,-1,3709.5,22084
2022-10-03 21:53:27,2,-2,3709.5,22082
2022-10-03 21:53:35,1,-1,3709.75,22081
2022-10-03 21:53:41,1,1,3709.75,22082
2022-10-03 21:53:45,2,-2,3709.75,22080
2022-10-03 21:54:00,4,-1,3709.75,22079
2022-10-03 21:54:01,1,1,3709.75,22080
2022-10-03 21:54:12,35,21,3710.0,22101
2022-10-03 21:54:13,2,-2,3710.0,22099
2022-10-03 21:54:14,1,-1,3710.0,22098
2022-10-03 21:54:16,5,-4,3709.75,22094
2022-10-03 21:54:20,6,6,3709.75,22100
2022-10-03 21:54:25,3,3,3709.75,22103
2022-10-03 21:54:26,2,0,3709.75,22103
2022-10-03 21:54:31,6,-6,3709.75,22097
2022-10-03 21:54:35,1,-1,3709.5,22096
2022-10-03 21:54:36,1,-1,3709.5,22095
2022-10-03 21:54:37,2,0,3709.5,22095
2022-10-03 21:54:40,1,1,3709.5,22096
2022-10-03 21:54:46,1,1,3709.75,22097
2022-10-03 21:54:53,6,1,3709.75,22098
2022-10-03 21:54:57,21,6,3710.0,22104
2022-10-03 21:55:00,3,3,3710.25,22107
2022-10-03 21:55:02,1,1,3710.25,22108
2022-10-03 21:55:05,3,3,3710.5,22111
2022-10-03 21:55:06,1,-1,3710.5,22110
2022-10-03 21:55:07,1,-1,3710.5,22109
2022-10-03 21:55:12,1,1,3710.5,22110
2022-10-03 21:55:17,1,-1,3710.25,22109
2022-10-03 21:55:18,1,1,3710.5,22110
2022-10-03 21:55:19,2,-2,3710.25,22108
2022-10-03 21:55:24,1,1,3710.5,22109
2022-10-03 21:55:36,4,2,3710.25,22111
2022-10-03 21:55:37,36,31,3711.0,22142
2022-10-03 21:55:43,4,-4,3710.25,22138
2022-10-03 21:55:46,8,-7,3710.0,22131
2022-10-03 21:55:47,2,0,3710.0,22131
2022-10-03 21:55:48,1,1,3710.25,22132
2022-10-03 21:55:54,2,0,3710.25,22132
2022-10-03 21:56:00,1,1,3710.25,22133
2022-10-03 21:56:04,1,-1,3710.0,22132
2022-10-03 21:56:05,2,-2,3710.0,22130
2022-10-03 21:56:06,5,3,3710.0,22133
2022-10-03 21:56:08,1,-1,3709.75,22132
2022-10-03 21:56:12,1,-1,3709.75,22131
2022-10-03 21:56:14,1,-1,3710.0,22130
2022-10-03 21:56:24,16,-5,3709.75,22125
2022-10-03 21:56:28,1,1,3709.75,22126
2022-10-03 21:56:29,3,2,3710.0,22128
2022-10-03 21:56:31,1,1,3710.0,22129
2022-10-03 21:56:33,12,-8,3709.75,22121
2022-10-03 21:56:35,3,1,3709.75,22122
2022-10-03 21:56:36,2,-2,3709.5,22120
2022-10-03 21:56:40,16,-27,3709.75,22093
2022-10-03 21:56:43,3,1,3709.5,22094
2022-10-03 21:56:48,4,2,3709.25,22096
2022-10-03 21:56:50,1,1,3709.5,22097
2022-10-03 21:56:54,3,1,3709.5,22098
2022-10-03 21:56:56,10,0,3709.25,22098
2022-10-03 21:57:00,4,1,3709.25,22099
2022-10-03 21:57:01,6,-6,3709.0,22093
2022-10-03 21:57:04,5,4,3709.25,22097
2022-10-03 21:57:09,1,-1,3709.25,22096
2022-10-03 21:57:10,1,-1,3709.25,22095
2022-10-03 21:57:13,1,-1,3709.25,22094
2022-10-03 21:57:16,2,-2,3709.25,22092
2022-10-03 21:57:17,1,-1,3709.25,22091
2022-10-03 21:57:19,1,-1,3709.25,22090
2022-10-03 21:57:25,10,8,3709.5,22098
2022-10-03 21:57:33,1,1,3709.5,22099
2022-10-03 21:57:36,3,1,3709.5,22100
2022-10-03 21:57:39,10,-6,3709.25,22094
2022-10-03 21:57:45,3,1,3709.25,22095
2022-10-03 21:57:49,2,2,3709.25,22097
2022-10-03 21:57:54,21,-9,3709.25,22088
2022-10-03 21:57:55,2,2,3709.5,22090
2022-10-03 21:57:56,6,2,3709.5,22092
2022-10-03 21:58:00,8,-4,3709.5,22088
2022-10-03 21:58:02,1,1,3709.25,22089
2022-10-03 21:58:03,1,1,3709.25,22090
2022-10-03 21:58:05,5,5,3709.5,22095
2022-10-03 21:58:09,4,1,3709.75,22096
2022-10-03 21:58:13,2,2,3709.5,22098
2022-10-03 21:58:15,1,1,3709.5,22099
2022-10-03 21:58:18,2,2,3709.5,22101
2022-10-03 21:58:20,1,-1,3709.5,22100
2022-10-03 21:58:25,13,9,3710.0,22109
2022-10-03 21:58:33,3,3,3709.75,22112
2022-10-03 21:58:35,2,-2,3709.5,22110
2022-10-03 21:58:45,5,-3,3709.25,22107
2022-10-03 21:58:46,1,-1,3709.25,22106
2022-10-03 21:58:47,2,0,3709.25,22106
2022-10-03 21:58:48,50,-11,3709.0,22095
2022-10-03 21:58:49,2,2,3709.0,22097
2022-10-03 21:58:50,7,-7,3709.0,22090
2022-10-03 21:58:51,19,-11,3708.75,22079
2022-10-03 21:58:53,8,-6,3708.25,22073
2022-10-03 21:58:55,21,-22,3708.25,22051
2022-10-03 21:58:56,14,8,3708.25,22059
2022-10-03 21:58:57,3,2,3708.25,22061
2022-10-03 21:58:59,15,1,3708.25,22062
2022-10-03 21:59:01,11,-3,3708.25,22059
2022-10-03 21:59:03,19,-4,3708.0,22055
2022-10-03 21:59:04,2,0,3708.0,22055
2022-10-03 21:59:05,10,8,3708.0,22063
2022-10-03 21:59:06,21,-12,3708.0,22051
2022-10-03 21:59:07,6,-5,3707.5,22046
2022-10-03 21:59:08,20,10,3708.0,22056
2022-10-03 21:59:09,3,-2,3708.0,22054
2022-10-03 21:59:10,5,-3,3707.75,22051
2022-10-03 21:59:12,5,1,3707.75,22052
2022-10-03 21:59:15,8,0,3708.0,22052
2022-10-03 21:59:16,17,4,3708.5,22056
2022-10-03 21:59:18,18,-6,3708.5,22050
2022-10-03 21:59:24,2,0,3708.0,22050
2022-10-03 21:59:25,11,8,3708.25,22058
2022-10-03 21:59:26,1,-1,3708.0,22057
2022-10-03 21:59:27,1,-1,3708.0,22056
2022-10-03 21:59:29,1,-1,3707.75,22055
2022-10-03 21:59:30,1,-1,3707.75,22054
2022-10-03 21:59:32,4,0,3707.75,22054
2022-10-03 21:59:33,2,-1,3707.5,22053
2022-10-03 21:59:35,63,-78,3707.5,21975
2022-10-03 21:59:36,8,6,3707.0,21981
2022-10-03 21:59:37,1,-1,3707.0,21980
2022-10-03 21:59:38,1,-1,3707.0,21979
2022-10-03 21:59:39,18,2,3707.25,21981
2022-10-03 21:59:40,1,1,3707.25,21982
2022-10-03 21:59:41,6,-4,3707.25,21978
2022-10-03 21:59:42,7,2,3707.25,21980
2022-10-03 21:59:43,1,-1,3707.25,21979
2022-10-03 21:59:45,13,7,3707.5,21986
2022-10-03 21:59:46,27,-5,3707.25,21981
2022-10-03 21:59:48,2,-2,3706.75,21979
2022-10-03 21:59:50,9,5,3707.0,21984
2022-10-03 21:59:51,4,2,3707.0,21986
2022-10-03 21:59:52,3,1,3707.0,21987
2022-10-03 21:59:53,129,-151,3706.75,21836
2022-10-03 21:59:54,21,15,3706.5,21851
2022-10-03 21:59:55,5,4,3706.75,21855
2022-10-03 21:59:56,17,8,3706.75,21863
2022-10-03 21:59:57,14,-4,3706.75,21859
2022-10-03 21:59:58,10,2,3706.5,21861
2022-10-03 22:00:00,70,-12,3706.75,21849
2022-10-03 22:00:01,18,-8,3706.5,21841
2022-10-03 22:00:02,18,3,3706.0,21844
2022-10-03 22:00:03,6,-4,3705.75,21840
2022-10-03 22:00:04,1,-1,3705.75,21839
2022-10-03 22:00:05,13,1,3706.0,21840
2022-10-03 22:00:06,17,-10,3706.0,21830
2022-10-03 22:00:07,6,2,3706.25,21832
2022-10-03 22:00:08,7,-7,3706.0,21825
2022-10-03 22:00:09,21,8,3706.0,21833
2022-10-03 22:00:10,8,-3,3706.0,21830
2022-10-03 22:00:11,5,-3,3706.0,21827
2022-10-03 22:00:12,10,4,3706.25,21831
2022-10-03 22:00:13,12,11,3706.5,21842
2022-10-03 22:00:14,1,-1,3706.25,21841
2022-10-03 22:00:15,5,5,3706.5,21846
2022-10-03 22:00:16,10,4,3706.75,21850
2022-10-03 22:00:17,10,2,3707.0,21852
2022-10-03 22:00:18,4,0,3707.0,21852
2022-10-03 22:00:19,3,1,3707.0,21853
2022-10-03 22:00:21,6,-6,3706.75,21847
2022-10-03 22:00:24,8,2,3706.25,21849
2022-10-03 22:00:25,3,1,3706.25,21850
2022-10-03 22:00:27,1,-1,3706.0,21849
2022-10-03 22:00:28,5,-1,3706.0,21848
2022-10-03 22:00:29,1,-1,3705.75,21847
2022-10-03 22:00:30,7,3,3706.0,21850
2022-10-03 22:00:31,22,-6,3705.75,21844
2022-10-03 22:00:32,4,0,3705.75,21844
2022-10-03 22:00:33,1,-1,3705.75,21843
2022-10-03 22:00:34,7,1,3705.75,21844
2022-10-03 22:00:36,18,4,3706.0,21848
2022-10-03 22:00:38,9,-1,3706.0,21847
2022-10-03 22:00:40,4,-2,3706.25,21845
2022-10-03 22:00:42,34,3,3706.0,21848
2022-10-03 22:00:44,2,-2,3706.0,21846
2022-10-03 22:00:45,5,-3,3706.0,21843
2022-10-03 22:00:47,4,4,3706.25,21847
2022-10-03 22:00:48,6,6,3706.5,21853
2022-10-03 22:00:49,5,-1,3706.75,21852
2022-10-03 22:00:51,3,1,3706.5,21853
2022-10-03 22:00:52,40,-15,3706.5,21838
2022-10-03 22:00:53,3,1,3706.5,21839
2022-10-03 22:00:55,1,-1,3706.5,21838
2022-10-03 22:00:58,2,0,3706.5,21838
2022-10-03 22:00:59,2,2,3706.75,21840
2022-10-03 22:01:00,9,-3,3706.75,21837
2022-10-03 22:01:02,2,0,3706.5,21837
2022-10-03 22:01:05,1,1,3706.5,21838
2022-10-03 22:01:06,5,3,3706.5,21841
2022-10-03 22:01:09,4,4,3707.0,21845
2022-10-03 22:01:10,21,-27,3706.75,21818
2022-10-03 22:01:12,2,2,3706.75,21820
2022-10-03 22:01:15,4,2,3706.75,21822
2022-10-03 22:01:17,1,-1,3706.75,21821
2022-10-03 22:01:21,8,-6,3707.0,21815
2022-10-03 22:01:23,1,1,3706.75,21816
2022-10-03 22:01:27,4,0,3706.75,21816
2022-10-03 22:01:28,1,1,3706.75,21817
2022-10-03 22:01:29,1,1,3707.0,21818
2022-10-03 22:01:30,2,2,3706.75,21820
2022-10-03 22:01:32,2,0,3706.75,21820
2022-10-03 22:01:42,7,7,3707.0,21827
2022-10-03 22:01:43,3,1,3707.0,21828
2022-10-03 22:01:45,9,6,3707.25,21834
2022-10-03 22:01:46,3,-3,3707.0,21831
2022-10-03 22:01:50,61,32,3707.25,21863
2022-10-03 22:01:53,5,5,3707.25,21868
2022-10-03 22:01:56,64,39,3707.75,21907
2022-10-03 22:01:57,32,21,3708.0,21928
2022-10-03 22:01:58,3,0,3708.0,21928
2022-10-03 22:01:59,3,1,3708.0,21929
2022-10-03 22:02:00,9,0,3708.0,21929
2022-10-03 22:02:01,37,-12,3707.75,21917
2022-10-03 22:02:02,1,1,3707.5,21918
2022-10-03 22:02:03,5,3,3707.5,21921
2022-10-03 22:02:04,1,-1,3707.5,21920
2022-10-03 22:02:05,4,-4,3707.5,21916
2022-10-03 22:02:06,2,0,3707.5,21916
2022-10-03 22:02:07,6,2,3707.5,21918
2022-10-03 22:02:08,12,10,3707.75,21928
2022-10-03 22:02:11,28,-24,3707.5,21904
2022-10-03 22:02:12,3,1,3707.5,21905
2022-10-03 22:02:16,3,-3,3707.25,21902
2022-10-03 22:02:17,3,3,3707.25,21905
2022-10-03 22:02:18,1,1,3707.5,21906
2022-10-03 22:02:20,3,1,3707.5,21907
2022-10-03 22:02:22,5,2,3707.75,21909
2022-10-03 22:02:23,6,-5,3707.5,21904
2022-10-03 22:02:24,1,1,3707.5,21905
2022-10-03 22:02:27,3,1,3707.5,21906
2022-10-03 22:02:39,1,-1,3707.5,21905
2022-10-03 22:02:47,3,2,3707.75,21907
2022-10-03 22:02:50,3,-3,3707.75,21904
2022-10-03 22:02:53,7,-2,3707.5,21902
2022-10-03 22:02:55,1,1,3707.75,21903
2022-10-03 22:02:56,1,-1,3707.5,21902
2022-10-03 22:02:58,2,-2,3707.5,21900
2022-10-03 22:03:00,3,-1,3707.75,21899
2022-10-03 22:03:07,9,-5,3707.5,21894
2022-10-03 22:03:08,2,2,3707.5,21896
2022-10-03 22:03:16,4,-2,3707.25,21894
2022-10-03 22:03:17,2,-2,3707.25,21892
2022-10-03 22:03:19,1,1,3707.25,21893
2022-10-03 22:03:22,23,-11,3707.0,21882
2022-10-03 22:03:23,9,-1,3706.75,21881
2022-10-03 22:03:25,2,2,3706.75,21883
2022-10-03 22:03:28,4,-4,3706.75,21879
2022-10-03 22:03:29,2,2,3707.0,21881
2022-10-03 22:03:30,1,-1,3706.75,21880
2022-10-03 22:03:32,3,4,3707.25,21884
2022-10-03 22:03:34,1,-1,3707.0,21883
2022-10-03 22:03:35,5,4,3707.25,21887
2022-10-03 22:03:37,3,3,3707.25,21890
2022-10-03 22:03:38,1,-1,3707.0,21889
2022-10-03 22:03:41,7,7,3707.25,21896
2022-10-03 22:03:43,8,-8,3707.0,21888
2022-10-03 22:03:51,1,1,3707.0,21889
2022-10-03 22:03:52,1,1,3707.0,21890
2022-10-03 22:03:53,4,-3,3706.75,21887
2022-10-03 22:03:54,3,3,3707.0,21890
2022-10-03 22:03:55,7,3,3707.0,21893
2022-10-03 22:03:58,4,-4,3707.0,21889
2022-10-03 22:04:00,1,1,3707.0,21890
2022-10-03 22:04:03,13,-7,3707.25,21883
2022-10-03 22:04:04,7,0,3707.0,21883
2022-10-03 22:04:06,4,2,3707.0,21885
2022-10-03 22:04:07,6,5,3707.25,21890
2022-10-03 22:04:12,7,-1,3707.0,21889
2022-10-03 22:04:14,1,1,3707.0,21890
2022-10-03 22:04:16,10,8,3707.0,21898
2022-10-03 22:04:17,2,0,3707.25,21898
2022-10-03 22:04:20,1,1,3707.25,21899
2022-10-03 22:04:21,1,-1,3707.25,21898
2022-10-03 22:04:22,1,-1,3707.0,21897
2022-10-03 22:04:25,2,-2,3707.0,21895
2022-10-03 22:04:27,12,-8,3707.0,21887
2022-10-03 22:04:28,1,1,3707.25,21888
2022-10-03 22:04:30,10,-8,3707.0,21880
2022-10-03 22:04:32,1,1,3707.25,21881
2022-10-03 22:04:33,1,-1,3707.0,21880
2022-10-03 22:04:34,6,-1,3707.0,21879
2022-10-03 22:04:35,4,-4,3706.75,21875
2022-10-03 22:04:38,6,-2,3706.75,21873
2022-10-03 22:04:39,1,1,3706.75,21874
2022-10-03 22:04:40,9,3,3706.75,21877
2022-10-03 22:04:41,1,-1,3706.5,21876
2022-10-03 22:04:43,1,-1,3706.5,21875
2022-10-03 22:04:44,1,-1,3706.5,21874
2022-10-03 22:04:48,2,2,3706.75,21876
2022-10-03 22:04:49,4,1,3706.75,21877
2022-10-03 22:04:50,6,3,3706.75,21880
2022-10-03 22:04:51,5,-9,3706.75,21871
2022-10-03 22:04:52,2,2,3706.75,21873
2022-10-03 22:04:57,6,0,3706.75,21873
2022-10-03 22:05:00,20,-13,3706.5,21860
2022-10-03 22:05:02,2,-2,3706.5,21858
2022-10-03 22:05:05,1,1,3706.5,21859
2022-10-03 22:05:07,10,2,3706.5,21861
2022-10-03 22:05:08,1,1,3706.5,21862
2022-10-03 22:05:09,3,3,3706.5,21865
2022-10-03 22:05:10,1,1,3706.5,21866
2022-10-03 22:05:12,1,-1,3706.5,21865
2022-10-03 22:05:13,2,-2,3706.5,21863
2022-10-03 22:05:14,3,1,3706.5,21864
2022-10-03 22:05:16,1,1,3706.5,21865
2022-10-03 22:05:22,2,2,3706.5,21867
2022-10-03 22:05:25,4,-1,3706.5,21866
2022-10-03 22:05:26,1,-1,3706.5,21865
2022-10-03 22:05:30,2,-2,3706.5,21863
2022-10-03 22:05:34,8,6,3706.75,21869
2022-10-03 22:05:35,4,-2,3706.75,21867
2022-10-03 22:05:39,1,-1,3706.5,21866
2022-10-03 22:05:41,1,-1,3706.5,21865
2022-10-03 22:05:56,1,-1,3706.5,21864
2022-10-03 22:05:58,5,3,3706.75,21867
2022-10-03 22:05:59,1,-1,3706.75,21866
2022-10-03 22:06:09,1,1,3706.75,21867
2022-10-03 22:06:12,13,-8,3706.5,21859
2022-10-03 22:06:13,6,0,3706.25,21859
2022-10-03 22:06:14,1,1,3706.25,21860
2022-10-03 22:06:17,33,-6,3706.0,21854
2022-10-03 22:06:20,18,12,3706.0,21866
2022-10-03 22:06:24,3,-3,3706.0,21863
2022-10-03 22:06:26,12,-8,3706.0,21855
2022-10-03 22:06:27,13,-14,3705.75,21841
2022-10-03 22:06:29,10,6,3705.75,21847
2022-10-03 22:06:31,2,-2,3705.75,21845
2022-10-03 22:06:32,2,-2,3705.5,21843
2022-10-03 22:06:33,2,-2,3705.5,21841
2022-10-03 22:06:35,17,2,3706.0,21843
2022-10-03 22:06:36,12,-5,3705.5,21838
2022-10-03 22:06:37,1,-1,3705.5,21837
2022-10-03 22:06:38,4,-4,3705.5,21833
2022-10-03 22:06:40,4,-2,3705.5,21831
2022-10-03 22:06:42,11,3,3705.75,21834
2022-10-03 22:06:43,8,2,3705.75,21836
2022-10-03 22:06:44,1,1,3705.75,21837
2022-10-03 22:06:46,1,-1,3705.5,21836
2022-10-03 22:06:49,12,5,3705.75,21841
2022-10-03 22:06:50,2,-2,3705.5,21839
2022-10-03 22:06:51,2,2,3705.75,21841
2022-10-03 22:06:54,5,-5,3705.5,21836
2022-10-03 22:06:57,2,-2,3705.5,21834
2022-10-03 22:06:58,10,-8,3705.5,21826
2022-10-03 22:06:59,19,8,3705.5,21834
2022-10-03 22:07:00,20,7,3705.75,21841
2022-10-03 22:07:01,1,-1,3705.5,21840
2022-10-03 22:07:03,2,-2,3705.5,21838
2022-10-03 22:07:04,7,-2,3705.5,21836
2022-10-03 22:07:07,1,1,3705.5,21837
2022-10-03 22:07:08,8,-7,3705.25,21830
2022-10-03 22:07:09,47,-11,3705.25,21819
2022-10-03 22:07:10,1,-1,3705.0,21818
2022-10-03 22:07:11,7,5,3705.25,21823
2022-10-03 22:07:14,1,-1,3705.0,21822
2022-10-03 22:07:15,1,-1,3705.0,21821
2022-10-03 22:07:16,1,1,3705.25,21822
2022-10-03 22:07:18,15,6,3705.5,21828
2022-10-03 22:07:20,5,3,3705.5,21831
2022-10-03 22:07:21,1,-1,3705.5,21830
2022-10-03 22:07:23,5,-5,3705.25,21825
2022-10-03 22:07:25,10,0,3705.25,21825
2022-10-03 22:07:26,4,4,3705.5,21829
2022-10-03 22:07:27,1,1,3705.5,21830
2022-10-03 22:07:30,1,1,3705.5,21831
2022-10-03 22:07:33,5,0,3705.5,21831
2022-10-03 22:07:34,1,1,3705.5,21832
2022-10-03 22:07:45,1,-1,3705.5,21831
2022-10-03 22:07:47,1,1,3705.75,21832
2022-10-03 22:07:48,5,3,3705.75,21835
2022-10-03 22:07:51,14,-7,3705.5,21828
2022-10-03 22:07:52,10,-2,3705.25,21826
2022-10-03 22:07:55,15,4,3705.5,21830
2022-10-03 22:07:56,1,1,3705.75,21831
2022-10-03 22:07:57,11,-3,3705.5,21828
2022-10-03 22:07:59,1,1,3705.5,21829
2022-10-03 22:08:00,1,1,3705.75,21830
2022-10-03 22:08:03,6,-3,3705.5,21827
2022-10-03 22:08:05,2,0,3705.5,21827
2022-10-03 22:08:06,3,0,3705.5,21827
2022-10-03 22:08:07,1,-1,3705.5,21826
2022-10-03 22:08:09,19,-4,3705.25,21822
2022-10-03 22:08:10,3,3,3705.25,21825
2022-10-03 22:08:11,3,1,3705.5,21826
2022-10-03 22:08:16,6,-4,3705.5,21822
2022-10-03 22:08:20,2,2,3705.25,21824
2022-10-03 22:08:25,59,-34,3705.25,21790
2022-10-03 22:08:26,1,1,3705.0,21791
2022-10-03 22:08:28,10,-10,3704.75,21781
2022-10-03 22:08:29,2,-2,3704.75,21779
2022-10-03 22:08:30,6,-6,3704.75,21773
2022-10-03 22:08:31,50,-24,3704.5,21749
2022-10-03 22:08:32,10,-2,3704.0,21747
2022-10-03 22:08:34,3,3,3704.25,21750
2022-10-03 22:08:35,6,2,3704.25,21752
2022-10-03 22:08:36,2,-1,3704.0,21751
2022-10-03 22:08:37,2,0,3704.25,21751
2022-10-03 22:08:39,78,-39,3704.25,21712
2022-10-03 22:08:40,1,-1,3703.5,21711
2022-10-03 22:08:41,6,2,3703.5,21713
2022-10-03 22:08:42,30,-16,3703.5,21697
2022-10-03 22:08:43,53,-19,3703.25,21678
2022-10-03 22:08:44,28,-14,3703.25,21664
2022-10-03 22:08:45,11,7,3703.0,21671
2022-10-03 22:08:46,1,-1,3702.75,21670
2022-10-03 22:08:47,45,-26,3703.0,21644
2022-10-03 22:08:48,14,5,3703.0,21649
2022-10-03 22:08:49,11,-4,3703.0,21645
2022-10-03 22:08:50,4,4,3703.0,21649
2022-10-03 22:08:51,3,1,3703.0,21650
2022-10-03 22:08:52,19,-14,3702.75,21636
2022-10-03 22:08:53,1,-1,3702.75,21635
2022-10-03 22:08:54,7,-2,3703.0,21633
2022-10-03 22:08:55,4,-4,3703.0,21629
2022-10-03 22:08:59,5,1,3703.25,21630
2022-10-03 22:09:01,1,1,3703.25,21631
2022-10-03 22:09:03,8,-8,3703.0,21623
2022-10-03 22:09:04,2,0,3703.0,21623
2022-10-03 22:09:05,5,1,3703.0,21624
2022-10-03 22:09:06,2,2,3703.25,21626
2022-10-03 22:09:07,21,-33,3703.0,21593
2022-10-03 22:09:08,6,0,3702.75,21593
2022-10-03 22:09:09,1,-1,3702.75,21592
2022-10-03 22:09:10,2,0,3703.0,21592
2022-10-03 22:09:11,3,3,3703.0,21595
2022-10-03 22:09:12,36,17,3703.5,21612
2022-10-03 22:09:14,12,-10,3703.25,21602
2022-10-03 22:09:16,4,-4,3703.0,21598
2022-10-03 22:09:19,6,-6,3703.0,21592
2022-10-03 22:09:20,12,-3,3703.0,21589
2022-10-03 22:09:21,3,1,3703.0,21590
2022-10-03 22:09:23,3,-1,3703.0,21589
2022-10-03 22:09:24,1,1,3703.0,21590
2022-10-03 22:09:25,1,1,3703.0,21591
2022-10-03 22:09:27,1,1,3703.0,21592
2022-10-03 22:09:31,10,-2,3702.75,21590
2022-10-03 22:09:32,25,-11,3702.5,21579
2022-10-03 22:09:33,2,2,3702.5,21581
2022-10-03 22:09:34,1,-1,3702.5,21580
2022-10-03 22:09:35,2,2,3702.5,21582
2022-10-03 22:09:36,12,-7,3702.5,21575
2022-10-03 22:09:37,4,2,3702.5,21577
2022-10-03 22:09:38,21,-10,3702.25,21567
2022-10-03 22:09:39,11,8,3702.5,21575
2022-10-03 22:09:40,4,0,3702.5,21575
2022-10-03 22:09:41,1,-1,3702.25,21574
2022-10-03 22:09:42,1,-1,3702.25,21573
2022-10-03 22:09:43,1,-1,3702.25,21572
2022-10-03 22:09:44,21,-35,3702.25,21537
2022-10-03 22:09:45,2,0,3702.25,21537
2022-10-03 22:09:46,1,-1,3702.0,21536
2022-10-03 22:09:48,7,-1,3702.25,21535
2022-10-03 22:09:49,6,3,3702.0,21538
2022-10-03 22:09:51,9,-3,3702.25,21535
2022-10-03 22:09:52,35,0,3702.25,21535
2022-10-03 22:09:53,6,-5,3701.75,21530
2022-10-03 22:09:54,3,-1,3701.75,21529
2022-10-03 22:09:56,4,4,3702.0,21533
2022-10-03 22:09:58,12,-4,3701.75,21529
2022-10-03 22:10:00,29,-16,3701.75,21513
2022-10-03 22:10:01,3,3,3701.75,21516
2022-10-03 22:10:02,2,-2,3701.5,21514
2022-10-03 22:10:03,5,5,3701.75,21519
2022-10-03 22:10:05,14,6,3702.0,21525
2022-10-03 22:10:06,1,1,3702.0,21526
2022-10-03 22:10:08,10,-4,3702.0,21522
2022-10-03 22:10:10,8,8,3702.25,21530
2022-10-03 22:10:11,3,3,3702.5,21533
2022-10-03 22:10:12,6,0,3702.25,21533
2022-10-03 22:10:13,4,-4,3702.0,21529
2022-10-03 22:10:14,5,-1,3702.25,21528
2022-10-03 22:10:16,5,-5,3702.0,21523
2022-10-03 22:10:18,2,2,3702.25,21525
2022-10-03 22:10:19,1,1,3702.25,21526
2022-10-03 22:10:22,2,-2,3702.25,21524
2022-10-03 22:10:25,9,0,3702.5,21524
2022-10-03 22:10:26,8,6,3702.5,21530
2022-10-03 22:10:27,1,1,3702.5,21531
2022-10-03 22:10:30,2,2,3702.75,21533
2022-10-03 22:10:31,2,2,3703.0,21535
2022-10-03 22:10:32,6,-5,3702.75,21530
2022-10-03 22:10:33,4,3,3702.75,21533
2022-10-03 22:10:35,5,5,3702.75,21538
2022-10-03 22:10:36,1,-1,3702.75,21537
2022-10-03 22:10:37,7,-3,3702.75,21534
2022-10-03 22:10:39,2,-2,3702.75,21532
2022-10-03 22:10:41,1,1,3703.0,21533
2022-10-03 22:10:42,1,-1,3702.75,21532
2022-10-03 22:10:44,36,14,3703.25,21546
2022-10-03 22:10:45,13,-8,3703.0,21538
2022-10-03 22:10:47,1,1,3703.25,21539
2022-10-03 22:10:48,12,6,3703.25,21545
2022-10-03 22:10:49,3,1,3703.5,21546
2022-10-03 22:10:50,5,-3,3703.25,21543
2022-10-03 22:10:51,1,1,3703.25,21544
2022-10-03 22:10:53,24,14,3703.5,21558
2022-10-03 22:10:54,2,-2,3703.25,21556
2022-10-03 22:10:55,21,-8,3703.25,21548
2022-10-03 22:10:56,1,1,3703.25,21549
2022-10-03 22:10:59,5,-5,3703.0,21544
2022-10-03 22:11:01,1,-1,3703.0,21543
2022-10-03 22:11:04,1,1,3703.25,21544
2022-10-03 22:11:07,12,9,3703.25,21553
2022-10-03 22:11:09,9,-9,3703.25,21544
2022-10-03 22:11:12,6,6,3703.25,21550
2022-10-03 22:11:17,6,6,3703.25,21556
2022-10-03 22:11:23,1,1,3703.5,21557
2022-10-03 22:11:24,1,1,3703.5,21558
2022-10-03 22:11:28,1,-1,3703.25,21557
2022-10-03 22:11:29,12,-8,3703.25,21549
2022-10-03 22:11:30,5,-1,3703.25,21548
2022-10-03 22:11:37,59,21,3703.5,21569
2022-10-03 22:11:38,6,-3,3703.5,21566
2022-10-03 22:11:39,4,0,3703.5,21566
2022-10-03 22:11:40,11,5,3703.75,21571
2022-10-03 22:11:41,2,-2,3703.5,21569
2022-10-03 22:11:43,6,-3,3703.5,21566
2022-10-03 22:11:45,5,5,3703.75,21571
2022-10-03 22:11:47,12,10,3703.75,21581
2022-10-03 22:11:48,1,1,3703.75,21582
2022-10-03 22:11:49,3,3,3703.75,21585
2022-10-03 22:11:50,7,-4,3703.5,21581
2022-10-03 22:11:51,6,3,3703.5,21584
2022-10-03 22:11:54,3,1,3703.5,21585
2022-10-03 22:11:55,8,6,3703.75,21591
2022-10-03 22:11:57,8,-6,3703.75,21585
2022-10-03 22:11:58,3,3,3704.0,21588
2022-10-03 22:11:59,2,0,3704.0,21588
2022-10-03 22:12:00,19,12,3704.25,21600
2022-10-03 22:12:01,9,-3,3704.0,21597
2022-10-03 22:12:03,5,1,3704.0,21598
2022-10-03 22:12:04,3,1,3703.75,21599
2022-10-03 22:12:09,6,-1,3703.75,21598
2022-10-03 22:12:10,4,-1,3704.0,21597
2022-10-03 22:12:12,3,1,3703.75,21598
2022-10-03 22:12:15,7,-4,3703.5,21594
2022-10-03 22:12:17,1,-1,3703.25,21593
2022-10-03 22:12:18,10,-10,3703.25,21583
2022-10-03 22:12:21,10,8,3703.5,21591
2022-10-03 22:12:23,8,8,3703.25,21599
2022-10-03 22:12:25,2,2,3703.25,21601
2022-10-03 22:12:29,2,0,3703.5,21601
2022-10-03 22:12:32,1,1,3703.5,21602
2022-10-03 22:12:36,1,-1,3703.25,21601
2022-10-03 22:12:38,4,4,3703.25,21605
2022-10-03 22:12:40,4,4,3703.25,21609
2022-10-03 22:12:41,8,-6,3703.25,21603
2022-10-03 22:12:42,11,-10,3703.0,21593
2022-10-03 22:12:44,2,-2,3702.75,21591
2022-10-03 22:12:46,2,2,3702.75,21593
2022-10-03 22:12:48,2,-2,3702.75,21591
2022-10-03 22:12:49,4,-4,3702.75,21587
2022-10-03 22:12:50,29,32,3703.25,21619
2022-10-03 22:12:51,1,-1,3703.0,21618
2022-10-03 22:12:52,5,2,3703.0,21620
2022-10-03 22:12:55,14,-7,3703.0,21613
2022-10-03 22:12:56,1,-1,3703.0,21612
2022-10-03 22:13:00,7,0,3703.0,21612
2022-10-03 22:13:05,3,-1,3703.0,21611
2022-10-03 22:13:10,1,-1,3702.75,21610
2022-10-03 22:13:11,1,1,3702.75,21611
2022-10-03 22:13:12,1,-1,3702.75,21610
2022-10-03 22:13:14,13,-8,3702.5,21602
2022-10-03 22:13:15,6,1,3702.5,21603
2022-10-03 22:13:16,1,-1,3702.25,21602
2022-10-03 22:13:20,1,-1,3702.25,21601
2022-10-03 22:13:23,5,5,3702.5,21606
2022-10-03 22:13:24,11,-7,3702.25,21599
2022-10-03 22:13:25,3,3,3702.25,21602
2022-10-03 22:13:28,1,1,3702.25,21603
2022-10-03 22:13:30,17,7,3702.75,21610
2022-10-03 22:13:31,1,-1,3702.5,21609
2022-10-03 22:13:32,1,-1,3702.25,21608
2022-10-03 22:13:34,1,1,3702.5,21609
2022-10-03 22:13:35,2,0,3702.5,21609
2022-10-03 22:13:37,5,2,3702.75,21611
2022-10-03 22:13:38,2,0,3702.75,21611
2022-10-03 22:13:40,5,-1,3702.5,21610
2022-10-03 22:13:41,7,-4,3702.25,21606
2022-10-03 22:13:42,3,-1,3702.25,21605
2022-10-03 22:13:46,6,2,3702.5,21607
2022-10-03 22:13:47,1,-1,3702.25,21606
2022-10-03 22:13:51,1,1,3702.5,21607
2022-10-03 22:13:52,5,-5,3702.25,21602
2022-10-03 22:13:53,1,-1,3702.25,21601
2022-10-03 22:13:55,3,3,3702.25,21604
2022-10-03 22:13:58,1,-1,3702.25,21603
2022-10-03 22:13:59,1,1,3702.5,21604
2022-10-03 22:14:00,12,-4,3702.5,21600
2022-10-03 22:14:01,1,-1,3702.0,21599
2022-10-03 22:14:03,4,4,3702.5,21603
2022-10-03 22:14:04,2,-2,3702.25,21601
2022-10-03 22:14:08,1,-1,3702.25,21600
2022-10-03 22:14:09,3,3,3702.5,21603
2022-10-03 22:14:12,4,1,3702.5,21604
2022-10-03 22:14:13,4,2,3702.5,21606
2022-10-03 22:14:15,14,12,3702.75,21618
2022-10-03 22:14:16,1,1,3702.75,21619
2022-10-03 22:14:17,9,-9,3702.5,21610
2022-10-03 22:14:19,1,-1,3702.5,21609
2022-10-03 22:14:20,4,4,3702.5,21613
2022-10-03 22:14:24,3,2,3702.75,21615
2022-10-03 22:14:25,1,-1,3702.5,21614
2022-10-03 22:14:33,13,-1,3703.0,21613
2022-10-03 22:14:35,8,6,3703.0,21619
2022-10-03 22:14:38,28,5,3703.25,21624
2022-10-03 22:14:39,4,4,3703.25,21628
2022-10-03 22:14:40,1,-1,3703.25,21627
2022-10-03 22:14:41,2,2,3703.25,21629
2022-10-03 22:14:42,1,1,3703.25,21630
2022-10-03 22:14:44,1,-1,3703.0,21629
2022-10-03 22:14:45,4,2,3703.25,21631
2022-10-03 22:14:47,9,7,3703.25,21638
2022-10-03 22:14:48,9,-6,3703.5,21632
2022-10-03 22:14:51,1,1,3703.25,21633
2022-10-03 22:14:52,2,-2,3703.25,21631
2022-10-03 22:14:53,5,-3,3703.5,21628
2022-10-03 22:14:54,8,-8,3703.0,21620
2022-10-03 22:14:58,2,0,3703.0,21620
2022-10-03 22:15:00,5,-5,3702.75,21615
2022-10-03 22:15:01,1,-1,3702.75,21614
2022-10-03 22:15:02,4,4,3702.75,21618
2022-10-03 22:15:09,1,1,3703.0,21619
2022-10-03 22:15:11,8,8,3703.0,21627
2022-10-03 22:15:15,1,1,3703.25,21628
2022-10-03 22:15:16,1,1,3703.25,21629
2022-10-03 22:15:17,1,1,3703.25,21630
2022-10-03 22:15:19,2,2,3703.25,21632
2022-10-03 22:15:23,1,1,3703.25,21633
2022-10-03 22:15:25,2,0,3703.25,21633
2022-10-03 22:15:27,1,-1,3703.25,21632
2022-10-03 22:15:28,9,-5,3703.25,21627
2022-10-03 22:15:29,1,-1,3703.25,21626
2022-10-03 22:15:31,1,-1,3703.25,21625
2022-10-03 22:15:36,1,1,3703.25,21626
2022-10-03 22:15:37,11,6,3703.25,21632
2022-10-03 22:15:38,2,-2,3703.25,21630
2022-10-03 22:15:39,1,1,3703.5,21631
2022-10-03 22:15:40,1,1,3703.5,21632
2022-10-03 22:15:42,13,8,3703.5,21640
2022-10-03 22:15:46,1,1,3703.75,21641
2022-10-03 22:15:47,7,-7,3703.5,21634
2022-10-03 22:15:50,1,1,3703.5,21635
2022-10-03 22:15:53,9,9,3703.75,21644
2022-10-03 22:15:57,32,11,3704.0,21655
2022-10-03 22:15:59,1,1,3704.0,21656
2022-10-03 22:16:00,3,-1,3703.75,21655
2022-10-03 22:16:03,4,4,3703.75,21659
2022-10-03 22:16:07,4,0,3703.75,21659
2022-10-03 22:16:08,1,-1,3703.75,21658
2022-10-03 22:16:12,15,-9,3703.5,21649
2022-10-03 22:16:13,2,0,3703.25,21649
2022-10-03 22:16:14,2,2,3703.5,21651
2022-10-03 22:16:16,1,1,3703.5,21652
2022-10-03 22:16:20,3,-3,3703.25,21649
2022-10-03 22:16:21,1,1,3703.25,21650
2022-10-03 22:16:28,9,-5,3703.25,21645
2022-10-03 22:16:29,20,6,3703.25,21651
2022-10-03 22:16:30,11,-10,3702.75,21641
2022-10-03 22:16:31,2,2,3702.75,21643
2022-10-03 22:16:32,3,-3,3702.75,21640
2022-10-03 22:16:33,1,1,3702.75,21641
2022-10-03 22:16:37,13,-4,3702.5,21637
2022-10-03 22:16:39,1,-1,3702.5,21636
2022-10-03 22:16:41,2,0,3702.75,21636
2022-10-03 22:16:42,1,1,3702.75,21637
2022-10-03 22:16:43,9,3,3702.75,21640
2022-10-03 22:16:46,2,2,3702.75,21642
2022-10-03 22:16:47,1,-1,3702.75,21641
2022-10-03 22:16:49,2,2,3702.75,21643
2022-10-03 22:16:52,4,-4,3702.5,21639
2022-10-03 22:16:54,1,-1,3702.5,21638
2022-10-03 22:17:01,1,-1,3702.5,21637
2022-10-03 22:17:02,7,-5,3702.5,21632
2022-10-03 22:17:04,5,3,3703.0,21635
2022-10-03 22:17:08,5,5,3703.0,21640
2022-10-03 22:17:12,1,-1,3703.0,21639
2022-10-03 22:17:15,13,6,3703.25,21645
2022-10-03 22:17:16,1,1,3703.5,21646
2022-10-03 22:17:17,1,1,3703.5,21647
2022-10-03 22:17:18,2,-2,3703.25,21645
2022-10-03 22:17:19,3,-3,3703.0,21642
2022-10-03 22:17:21,3,3,3703.25,21645
2022-10-03 22:17:26,1,1,3703.25,21646
2022-10-03 22:17:33,5,-5,3703.0,21641
2022-10-03 22:17:34,2,-1,3703.0,21640
2022-10-03 22:17:35,11,-5,3702.75,21635
2022-10-03 22:17:36,1,-1,3702.75,21634
2022-10-03 22:17:38,1,1,3703.0,21635
2022-10-03 22:17:44,15,3,3702.75,21638
2022-10-03 22:17:46,7,-6,3702.5,21632
2022-10-03 22:17:47,7,-4,3702.5,21628
2022-10-03 22:17:51,2,-2,3702.5,21626
2022-10-03 22:17:56,5,-5,3702.5,21621
2022-10-03 22:18:00,1,1,3702.75,21622
2022-10-03 22:18:01,9,-7,3702.5,21615
2022-10-03 22:18:06,10,6,3702.5,21621
2022-10-03 22:18:07,5,2,3702.75,21623
2022-10-03 22:18:10,5,-1,3702.75,21622
2022-10-03 22:18:16,5,5,3703.0,21627
2022-10-03 22:18:18,11,5,3703.0,21632
2022-10-03 22:18:21,1,1,3703.25,21633
2022-10-03 22:18:22,1,1,3703.25,21634
2022-10-03 22:18:25,1,1,3703.25,21635
2022-10-03 22:18:28,1,1,3703.25,21636
2022-10-03 22:18:40,17,-11,3703.0,21625
2022-10-03 22:18:41,1,1,3702.5,21626
2022-10-03 22:18:42,32,-4,3702.25,21622
2022-10-03 22:18:43,19,-14,3701.75,21608
2022-10-03 22:18:45,11,-5,3701.75,21603
2022-10-03 22:18:46,14,-11,3701.25,21592
2022-10-03 22:18:47,22,-12,3701.25,21580
2022-10-03 22:18:48,6,-6,3701.0,21574
2022-10-03 22:18:49,1,-1,3701.0,21573
2022-10-03 22:18:50,14,1,3701.25,21574
2022-10-03 22:18:51,3,-3,3701.25,21571
2022-10-03 22:18:52,6,-2,3701.25,21569
2022-10-03 22:18:56,8,2,3701.25,21571
2022-10-03 22:18:57,1,-1,3701.0,21570
2022-10-03 22:19:00,16,11,3701.5,21581
2022-10-03 22:19:01,4,4,3701.75,21585
2022-10-03 22:19:02,8,-4,3701.75,21581
2022-10-03 22:19:04,1,1,3701.75,21582
2022-10-03 22:19:06,7,5,3702.25,21587
2022-10-03 22:19:07,1,1,3702.0,21588
2022-10-03 22:19:08,7,3,3702.0,21591
2022-10-03 22:19:15,18,9,3702.5,21600
2022-10-03 22:19:16,7,-3,3702.5,21597
2022-10-03 22:19:17,1,-1,3702.5,21596
2022-10-03 22:19:18,1,1,3702.75,21597
2022-10-03 22:19:19,2,0,3702.5,21597
2022-10-03 22:19:20,5,5,3702.75,21602
2022-10-03 22:19:22,10,3,3702.75,21605
2022-10-03 22:19:25,36,-42,3702.5,21563
2022-10-03 22:19:29,5,5,3702.5,21568
2022-10-03 22:19:34,6,2,3702.5,21570
2022-10-03 22:19:36,9,4,3702.75,21574
2022-10-03 22:19:38,3,3,3703.0,21577
2022-10-03 22:19:40,7,6,3703.25,21583
2022-10-03 22:19:41,10,-5,3703.25,21578
2022-10-03 22:19:42,2,2,3703.0,21580
2022-10-03 22:19:43,2,0,3703.0,21580
2022-10-03 22:19:47,2,2,3703.0,21582
2022-10-03 22:19:48,2,0,3703.25,21582
2022-10-03 22:19:51,7,2,3703.25,21584
2022-10-03 22:19:52,7,-2,3703.25,21582
2022-10-03 22:19:53,1,-1,3703.0,21581
2022-10-03 22:19:54,2,-2,3703.0,21579
2022-10-03 22:19:56,3,-3,3703.0,21576
2022-10-03 22:19:57,1,-1,3702.75,21575
2022-10-03 22:20:00,2,0,3703.25,21575
2022-10-03 22:20:04,2,-2,3703.0,21573
2022-10-03 22:20:05,1,-1,3702.75,21572
2022-10-03 22:20:06,4,1,3702.75,21573
2022-10-03 22:20:08,5,-4,3702.75,21569
2022-10-03 22:20:11,1,1,3702.75,21570
2022-10-03 22:20:13,1,-1,3702.75,21569
2022-10-03 22:20:21,1,-1,3702.75,21568
2022-10-03 22:20:25,9,-4,3702.5,21564
2022-10-03 22:20:27,1,1,3702.25,21565
2022-10-03 22:20:34,4,2,3702.25,21567
2022-10-03 22:20:37,24,-14,3702.0,21553
2022-10-03 22:20:44,1,1,3702.25,21554
2022-10-03 22:20:45,1,1,3702.25,21555
2022-10-03 22:20:48,15,4,3702.25,21559
2022-10-03 22:20:50,1,1,3702.5,21560
2022-10-03 22:20:57,5,-3,3702.5,21557
2022-10-03 22:20:58,2,2,3702.25,21559
2022-10-03 22:21:00,1,1,3702.5,21560
2022-10-03 22:21:02,2,-2,3702.25,21558
2022-10-03 22:21:04,10,9,3702.5,21567
2022-10-03 22:21:05,9,3,3702.75,21570
2022-10-03 22:21:06,10,6,3702.75,21576
2022-10-03 22:21:07,4,4,3703.0,21580
2022-10-03 22:21:08,4,4,3703.0,21584
2022-10-03 22:21:09,12,-6,3702.75,21578
2022-10-03 22:21:10,7,6,3703.0,21584
2022-10-03 22:21:12,4,2,3703.0,21586
2022-10-03 22:21:13,2,2,3703.0,21588
2022-10-03 22:21:14,7,-3,3703.0,21585
2022-10-03 22:21:16,6,-4,3702.75,21581
2022-10-03 22:21:19,12,-1,3702.5,21580
2022-10-03 22:21:20,1,-1,3702.25,21579
2022-10-03 22:21:21,3,3,3702.5,21582
2022-10-03 22:21:22,1,1,3702.5,21583
2022-10-03 22:21:24,3,-1,3702.25,21582
2022-10-03 22:21:30,13,6,3702.5,21588
2022-10-03 22:21:35,1,1,3702.5,21589
2022-10-03 22:21:43,1,1,3702.75,21590
2022-10-03 22:21:47,3,-1,3702.75,21589
2022-10-03 22:21:50,3,1,3702.75,21590
2022-10-03 22:21:51,5,-3,3703.0,21587
2022-10-03 22:21:58,1,1,3702.75,21588
2022-10-03 22:21:59,1,1,3702.75,21589
2022-10-03 22:22:09,1,1,3702.75,21590
2022-10-03 22:22:16,10,1,3702.75,21591
2022-10-03 22:22:18,3,3,3703.0,21594
2022-10-03 22:22:22,25,21,3703.5,21615
2022-10-03 22:22:23,7,-1,3703.5,21614
2022-10-03 22:22:24,1,-1,3703.25,21613
2022-10-03 22:22:27,2,0,3703.5,21613
2022-10-03 22:22:28,2,2,3703.25,21615
2022-10-03 22:22:29,5,8,3703.5,21623
2022-10-03 22:22:30,3,3,3703.5,21626
2022-10-03 22:22:31,4,2,3703.5,21628
2022-10-03 22:22:32,8,-3,3703.75,21625
2022-10-03 22:22:33,1,1,3703.5,21626
2022-10-03 22:22:38,12,-5,3703.5,21621
2022-10-03 22:22:43,1,1,3703.25,21622
2022-10-03 22:22:45,3,-1,3703.0,21621
2022-10-03 22:22:49,8,-8,3703.0,21613
2022-10-03 22:22:53,2,-2,3702.5,21611
2022-10-03 22:22:55,12,-18,3702.75,21593
2022-10-03 22:22:56,4,4,3702.75,21597
2022-10-03 22:22:59,1,1,3702.75,21598
2022-10-03 22:23:00,2,-2,3702.75,21596
2022-10-03 22:23:02,1,1,3703.0,21597
2022-10-03 22:23:03,1,-1,3702.75,21596
2022-10-03 22:23:08,5,-5,3702.75,21591
2022-10-03 22:23:09,3,3,3703.0,21594
2022-10-03 22:23:12,2,-2,3702.75,21592
2022-10-03 22:23:14,1,-1,3702.5,21591
2022-10-03 22:23:21,6,-6,3702.75,21585
2022-10-03 22:23:25,2,0,3702.75,21585
2022-10-03 22:23:26,1,1,3702.5,21586
2022-10-03 22:23:28,2,0,3702.5,21586
2022-10-03 22:23:31,20,-13,3702.25,21573
2022-10-03 22:23:40,4,-4,3702.0,21569
2022-10-03 22:23:44,2,-1,3702.0,21568
2022-10-03 22:23:48,12,5,3702.0,21573
2022-10-03 22:23:53,7,-7,3702.0,21566
2022-10-03 22:23:55,1,1,3702.0,21567
2022-10-03 22:23:58,1,1,3702.25,21568
2022-10-03 22:24:02,1,1,3702.25,21569
2022-10-03 22:24:04,5,0,3702.0,21569
2022-10-03 22:24:10,4,-2,3702.25,21567
2022-10-03 22:24:15,2,2,3702.25,21569
2022-10-03 22:24:18,4,2,3702.5,21571
2022-10-03 22:24:19,1,1,3702.5,21572
2022-10-03 22:24:25,1,1,3702.5,21573
2022-10-03 22:24:34,3,-1,3702.5,21572
2022-10-03 22:24:44,4,2,3702.25,21574
2022-10-03 22:24:56,2,-2,3702.25,21572
2022-10-03 22:24:57,7,4,3702.5,21576
2022-10-03 22:24:58,1,-1,3702.25,21575
2022-10-03 22:25:00,9,3,3702.5,21578
2022-10-03 22:25:18,2,2,3702.5,21580
2022-10-03 22:25:21,4,4,3702.75,21584
2022-10-03 22:25:22,2,2,3703.0,21586
2022-10-03 22:25:23,1,1,3703.0,21587
2022-10-03 22:25:26,6,4,3703.0,21591
2022-10-03 22:25:30,3,3,3703.25,21594
2022-10-03 22:25:31,6,0,3703.25,21594
2022-10-03 22:25:32,2,0,3703.25,21594
2022-10-03 22:25:34,1,-1,3703.0,21593
2022-10-03 22:25:35,10,-9,3703.0,21584
2022-10-03 22:25:40,1,1,3703.25,21585
2022-10-03 22:25:42,1,1,3703.25,21586
2022-10-03 22:25:43,13,6,3703.5,21592
2022-10-03 22:25:44,2,2,3703.5,21594
2022-10-03 22:25:48,2,2,3703.5,21596
2022-10-03 22:25:49,2,-2,3703.5,21594
2022-10-03 22:25:50,1,1,3703.5,21595
2022-10-03 22:25:53,6,-1,3703.5,21594
2022-10-03 22:25:55,1,-1,3703.25,21593
2022-10-03 22:25:56,6,-2,3703.5,21591
2022-10-03 22:25:59,5,-2,3703.5,21589
2022-10-03 22:26:02,3,-1,3703.25,21588
2022-10-03 22:26:05,2,-2,3703.25,21586
2022-10-03 22:26:12,1,-1,3703.0,21585
2022-10-03 22:26:15,20,-11,3703.0,21574
2022-10-03 22:26:17,1,1,3703.25,21575
2022-10-03 22:26:26,2,-2,3703.0,21573
2022-10-03 22:26:31,2,2,3703.0,21575
2022-10-03 22:26:32,1,-1,3703.0,21574
2022-10-03 22:26:40,3,1,3703.25,21575
2022-10-03 22:26:58,2,-2,3703.0,21573
2022-10-03 22:27:01,1,1,3703.25,21574
2022-10-03 22:27:03,3,1,3703.25,21575
2022-10-03 22:27:05,1,1,3703.25,21576
2022-10-03 22:27:15,2,-2,3703.25,21574
2022-10-03 22:27:17,4,2,3703.0,21576
2022-10-03 22:27:19,2,2,3703.25,21578
2022-10-03 22:27:25,1,-1,3703.0,21577
2022-10-03 22:27:28,1,-1,3702.75,21576
2022-10-03 22:27:29,2,2,3703.0,21578
2022-10-03 22:27:47,5,1,3703.5,21579
2022-10-03 22:27:57,4,4,3703.5,21583
2022-10-03 22:27:58,1,-1,3703.5,21582
2022-10-03 22:28:00,5,3,3703.5,21585
2022-10-03 22:28:01,1,1,3703.75,21586
2022-10-03 22:28:04,36,-24,3703.5,21562
2022-10-03 22:28:05,93,88,3704.25,21650
2022-10-03 22:28:06,2,2,3704.25,21652
2022-10-03 22:28:07,2,-2,3704.0,21650
2022-10-03 22:28:08,4,-3,3704.0,21647
2022-10-03 22:28:10,2,2,3704.25,21649
2022-10-03 22:28:12,21,24,3704.5,21673
2022-10-03 22:28:13,2,2,3704.5,21675
2022-10-03 22:28:14,48,8,3704.5,21683
2022-10-03 22:28:16,7,-5,3704.5,21678
2022-10-03 22:28:17,1,-1,3704.0,21677
2022-10-03 22:28:18,2,2,3704.25,21679
2022-10-03 22:28:19,174,181,3705.5,21860
2022-10-03 22:28:20,31,7,3705.25,21867
2022-10-03 22:28:21,7,5,3705.5,21872
2022-10-03 22:28:22,10,6,3705.5,21878
2022-10-03 22:28:23,44,-51,3705.25,21827
2022-10-03 22:28:24,7,-2,3705.25,21825
2022-10-03 22:28:25,1,-1,3705.0,21824
2022-10-03 22:28:26,2,2,3705.25,21826
2022-10-03 22:28:27,10,3,3705.5,21829
2022-10-03 22:28:28,1,-1,3705.0,21828
2022-10-03 22:28:30,5,5,3705.25,21833
2022-10-03 22:28:31,6,2,3705.25,21835
2022-10-03 22:28:32,3,-1,3705.5,21834
2022-10-03 22:28:33,5,3,3705.5,21837
2022-10-03 22:28:34,5,-1,3705.5,21836
2022-10-03 22:28:35,1,-1,3705.25,21835
2022-10-03 22:28:36,1,-1,3705.25,21834
2022-10-03 22:28:37,10,4,3705.5,21838
2022-10-03 22:28:39,10,1,3705.75,21839
2022-10-03 22:28:40,22,6,3705.75,21845
2022-10-03 22:28:42,36,21,3706.0,21866
2022-10-03 22:28:43,3,3,3706.0,21869
2022-10-03 22:28:44,8,-2,3706.0,21867
2022-10-03 22:28:45,1,1,3706.0,21868
2022-10-03 22:28:46,31,29,3706.25,21897
2022-10-03 22:28:47,6,-3,3706.0,21894
2022-10-03 22:28:50,10,2,3706.0,21896
2022-10-03 22:28:51,2,0,3706.0,21896
2022-10-03 22:28:52,3,-3,3706.0,21893
2022-10-03 22:28:54,5,-3,3705.75,21890
2022-10-03 22:28:55,3,3,3705.75,21893
2022-10-03 22:28:56,1,-1,3705.5,21892
2022-10-03 22:28:57,8,-2,3705.5,21890
2022-10-03 22:28:58,1,-1,3705.25,21889
2022-10-03 22:28:59,1,-1,3705.25,21888
2022-10-03 22:29:00,6,-6,3705.5,21882
2022-10-03 22:29:02,6,-3,3705.75,21879
2022-10-03 22:29:03,11,-5,3705.25,21874
2022-10-03 22:29:04,6,-1,3705.0,21873
2022-10-03 22:29:07,1,-1,3705.0,21872
2022-10-03 22:29:09,1,-1,3705.0,21871
2022-10-03 22:29:10,1,1,3705.25,21872
2022-10-03 22:29:12,14,11,3705.25,21883
2022-10-03 22:29:13,10,10,3705.5,21893
2022-10-03 22:29:15,1,-1,3705.5,21892
2022-10-03 22:29:18,9,-3,3705.75,21889
2022-10-03 22:29:19,5,-3,3705.5,21886
2022-10-03 22:29:21,3,-2,3705.5,21884
2022-10-03 22:29:30,2,-2,3705.25,21882
2022-10-03 22:29:31,1,-1,3705.25,21881
2022-10-03 22:29:32,3,1,3705.25,21882
2022-10-03 22:29:41,23,-11,3705.0,21871
2022-10-03 22:29:44,2,-2,3704.75,21869
2022-10-03 22:29:45,2,2,3705.0,21871
2022-10-03 22:29:50,19,2,3705.25,21873
2022-10-03 22:29:51,1,-1,3705.25,21872
2022-10-03 22:29:52,1,1,3705.25,21873
2022-10-03 22:29:53,3,2,3705.25,21875
2022-10-03 22:29:55,5,0,3705.5,21875
2022-10-03 22:29:57,1,1,3705.25,21876
2022-10-03 22:29:58,3,1,3705.25,21877
2022-10-03 22:30:00,11,3,3705.5,21880
2022-10-03 22:30:01,14,13,3705.75,21893
2022-10-03 22:30:02,3,1,3706.0,21894
2022-10-03 22:30:03,16,3,3706.0,21897
2022-10-03 22:30:05,4,4,3706.0,21901
2022-10-03 22:30:07,17,-3,3706.0,21898
2022-10-03 22:30:08,1,1,3705.75,21899
2022-10-03 22:30:09,6,5,3705.75,21904
2022-10-03 22:30:10,1,1,3705.75,21905
2022-10-03 22:30:11,1,-1,3705.75,21904
2022-10-03 22:30:12,2,2,3706.0,21906
2022-10-03 22:30:13,8,2,3706.0,21908
2022-10-03 22:30:15,7,7,3706.0,21915
2022-10-03 22:30:18,1,-1,3706.0,21914
2022-10-03 22:30:19,2,2,3706.25,21916
2022-10-03 22:30:20,1,-1,3706.0,21915
2022-10-03 22:30:21,2,2,3706.0,21917
2022-10-03 22:30:22,6,4,3706.25,21921
2022-10-03 22:30:24,1,1,3706.25,21922
2022-10-03 22:30:25,1,-1,3706.0,21921
2022-10-03 22:30:28,14,-8,3706.0,21913
2022-10-03 22:30:31,5,5,3706.0,21918
2022-10-03 22:30:32,12,12,3706.25,21930
2022-10-03 22:30:34,10,0,3706.25,21930
2022-10-03 22:30:37,2,-2,3706.0,21928
2022-10-03 22:30:38,2,-2,3706.0,21926
2022-10-03 22:30:40,1,1,3706.25,21927
2022-10-03 22:30:43,12,-2,3706.0,21925
2022-10-03 22:30:46,3,-3,3706.0,21922
2022-10-03 22:30:47,1,-1,3705.75,21921
2022-10-03 22:30:51,11,9,3706.25,21930
2022-10-03 22:30:53,2,-1,3706.0,21929
2022-10-03 22:30:54,1,-1,3706.0,21928
2022-10-03 22:30:56,1,1,3706.0,21929
2022-10-03 22:30:57,6,-5,3706.0,21924
2022-10-03 22:31:00,5,5,3706.25,21929
2022-10-03 22:31:06,16,-2,3706.25,21927
2022-10-03 22:31:12,7,-6,3706.0,21921
2022-10-03 22:31:14,8,-5,3705.75,21916
2022-10-03 22:31:15,22,3,3705.75,21919
2022-10-03 22:31:16,2,-2,3705.5,21917
2022-10-03 22:31:21,1,-1,3705.5,21916
2022-10-03 22:31:27,1,-1,3705.5,21915
2022-10-03 22:31:28,38,-4,3705.75,21911
2022-10-03 22:31:29,1,-1,3705.5,21910
2022-10-03 22:31:37,1,-1,3705.5,21909
2022-10-03 22:31:41,1,-1,3705.5,21908
2022-10-03 22:31:45,1,-1,3705.5,21907
2022-10-03 22:31:47,1,-1,3705.25,21906
2022-10-03 22:31:48,12,11,3705.5,21917
2022-10-03 22:31:50,5,-5,3705.0,21912
2022-10-03 22:31:53,1,-1,3705.0,21911
2022-10-03 22:31:54,1,-1,3705.0,21910
2022-10-03 22:31:55,1,-1,3705.0,21909
2022-10-03 22:31:57,9,7,3705.25,21916
2022-10-03 22:31:58,3,1,3705.5,21917
2022-10-03 22:32:00,2,2,3705.75,21919
2022-10-03 22:32:06,14,0,3705.75,21919
2022-10-03 22:32:11,3,3,3705.75,21922
2022-10-03 22:32:17,3,1,3705.75,21923
2022-10-03 22:32:20,19,-10,3705.5,21913
2022-10-03 22:32:26,10,-7,3705.25,21906
2022-10-03 22:32:27,11,7,3705.5,21913
2022-10-03 22:32:29,3,1,3705.5,21914
2022-10-03 22:32:37,16,7,3705.75,21921
2022-10-03 22:32:38,1,-1,3705.5,21920
2022-10-03 22:32:39,1,1,3705.75,21921
2022-10-03 22:32:40,1,-1,3705.5,21920
2022-10-03 22:32:44,1,1,3705.75,21921
2022-10-03 22:32:45,1,1,3705.75,21922
2022-10-03 22:32:46,12,9,3705.75,21931
2022-10-03 22:32:47,4,-4,3705.75,21927
2022-10-03 22:32:48,1,-1,3705.25,21926
2022-10-03 22:32:49,6,6,3705.5,21932
2022-10-03 22:32:54,9,-6,3705.5,21926
2022-10-03 22:32:56,12,8,3705.75,21934
2022-10-03 22:32:57,2,-2,3705.5,21932
2022-10-03 22:32:58,1,-1,3705.5,21931
2022-10-03 22:33:06,1,-1,3705.5,21930
2022-10-03 22:33:07,1,-1,3705.25,21929
2022-10-03 22:33:08,7,2,3705.5,21931
2022-10-03 22:33:10,7,-1,3705.5,21930
2022-10-03 22:33:11,13,-11,3705.25,21919
2022-10-03 22:33:13,7,-2,3705.0,21917
2022-10-03 22:33:14,5,-3,3705.0,21914
2022-10-03 22:33:17,9,-7,3704.75,21907
2022-10-03 22:33:18,5,1,3705.0,21908
2022-10-03 22:33:25,9,-1,3705.25,21907
2022-10-03 22:33:33,1,1,3705.25,21908
2022-10-03 22:33:35,2,-2,3705.25,21906
2022-10-03 22:33:47,1,-1,3705.0,21905
2022-10-03 22:33:54,2,-2,3705.0,21903
2022-10-03 22:33:57,2,-2,3705.0,21901
2022-10-03 22:34:03,1,-1,3705.0,21900
2022-10-03 22:34:04,1,1,3705.25,21901
2022-10-03 22:34:05,5,3,3705.25,21904
2022-10-03 22:34:08,1,1,3705.5,21905
2022-10-03 22:34:10,18,17,3705.75,21922
2022-10-03 22:34:12,7,2,3705.75,21924
2022-10-03 22:34:13,61,40,3706.25,21964
2022-10-03 22:34:17,1,-1,3706.0,21963
2022-10-03 22:34:19,3,3,3706.25,21966
2022-10-03 22:34:20,3,3,3706.25,21969
2022-10-03 22:34:22,7,1,3706.25,21970
2022-10-03 22:34:24,2,-2,3706.25,21968
2022-10-03 22:34:31,2,-2,3706.25,21966
2022-10-03 22:34:32,2,2,3706.25,21968
2022-10-03 22:34:36,1,-1,3706.0,21967
2022-10-03 22:34:37,9,3,3705.75,21970
2022-10-03 22:34:38,4,-4,3705.75,21966
2022-10-03 22:34:40,1,1,3705.75,21967
2022-10-03 22:34:45,2,2,3706.0,21969
2022-10-03 22:34:49,1,1,3706.25,21970
2022-10-03 22:34:50,1,1,3706.25,21971
2022-10-03 22:34:51,1,-1,3706.0,21970
2022-10-03 22:34:55,2,2,3706.25,21972
2022-10-03 22:34:56,10,6,3706.5,21978
2022-10-03 22:34:57,25,18,3706.75,21996
2022-10-03 22:34:58,30,20,3707.0,22016
2022-10-03 22:34:59,23,14,3707.25,22030
2022-10-03 22:35:00,14,7,3707.25,22037
2022-10-03 22:35:02,9,-6,3707.0,22031
2022-10-03 22:35:03,3,-3,3707.0,22028
2022-10-03 22:35:04,2,0,3707.0,22028
2022-10-03 22:35:05,8,-2,3707.25,22026
2022-10-03 22:35:06,7,1,3707.0,22027
2022-10-03 22:35:07,8,2,3707.25,22029
2022-10-03 22:35:09,2,2,3707.25,22031
2022-10-03 22:35:10,10,2,3707.25,22033
2022-10-03 22:35:11,4,-2,3707.25,22031
2022-10-03 22:35:12,14,4,3707.5,22035
2022-10-03 22:35:13,8,7,3707.5,22042
2022-10-03 22:35:14,1,1,3707.5,22043
2022-10-03 22:35:15,4,0,3707.25,22043
2022-10-03 22:35:16,5,-1,3707.25,22042
2022-10-03 22:35:17,2,2,3707.0,22044
2022-10-03 22:35:27,6,-4,3706.75,22040
2022-10-03 22:35:31,16,-4,3706.75,22036
2022-10-03 22:35:32,14,-4,3706.5,22032
2022-10-03 22:35:33,10,6,3706.75,22038
2022-10-03 22:35:34,5,5,3706.75,22043
2022-10-03 22:35:36,7,-3,3706.5,22040
2022-10-03 22:35:38,1,1,3706.75,22041
2022-10-03 22:35:39,5,-1,3706.75,22040
2022-10-03 22:35:41,1,-1,3706.5,22039
2022-10-03 22:35:43,5,-1,3706.5,22038
2022-10-03 22:35:44,1,-1,3706.25,22037
2022-10-03 22:35:46,1,-1,3706.5,22036
2022-10-03 22:35:47,3,1,3706.5,22037
2022-10-03 22:35:48,2,-2,3706.5,22035
2022-10-03 22:35:50,3,-1,3706.5,22034
2022-10-03 22:35:52,2,2,3706.75,22036
2022-10-03 22:35:54,6,5,3706.75,22041
2022-10-03 22:35:55,2,2,3707.0,22043
2022-10-03 22:35:56,16,5,3707.0,22048
2022-10-03 22:35:59,8,-6,3707.0,22042
2022-10-03 22:36:04,1,-1,3706.75,22041
2022-10-03 22:36:05,7,-7,3706.75,22034
2022-10-03 22:36:07,1,-1,3706.5,22033
2022-10-03 22:36:09,1,-1,3706.5,22032
2022-10-03 22:36:15,1,-1,3706.5,22031
2022-10-03 22:36:17,3,1,3706.75,22032
2022-10-03 22:36:20,4,0,3706.75,22032
2022-10-03 22:36:26,7,7,3707.0,22039
2022-10-03 22:36:29,1,-1,3707.0,22038
2022-10-03 22:36:33,5,1,3707.25,22039
2022-10-03 22:36:35,1,-1,3707.0,22038
2022-10-03 22:36:37,1,-1,3707.0,22037
2022-10-03 22:36:47,4,0,3707.25,22037
2022-10-03 22:36:48,1,-1,3707.0,22036
2022-10-03 22:36:50,7,-6,3707.0,22030
2022-10-03 22:36:56,11,-7,3706.75,22023
2022-10-03 22:36:57,5,-1,3706.75,22022
2022-10-03 22:37:00,6,5,3706.75,22027
2022-10-03 22:37:01,2,2,3706.75,22029
2022-10-03 22:37:05,1,1,3706.75,22030
2022-10-03 22:37:08,1,-1,3706.75,22029
2022-10-03 22:37:09,11,11,3707.0,22040
2022-10-03 22:37:13,5,-5,3706.75,22035
2022-10-03 22:37:17,1,-1,3706.75,22034
2022-10-03 22:37:18,5,-5,3706.75,22029
2022-10-03 22:37:20,4,2,3706.75,22031
2022-10-03 22:37:22,1,1,3706.75,22032
2022-10-03 22:37:32,4,-1,3706.75,22031
2022-10-03 22:37:34,1,-1,3706.5,22030
2022-10-03 22:37:37,1,-1,3706.5,22029
2022-10-03 22:37:43,9,-8,3706.5,22021
2022-10-03 22:37:45,10,3,3706.75,22024
2022-10-03 22:37:47,1,-1,3706.25,22023
2022-10-03 22:37:52,9,-5,3706.25,22018
2022-10-03 22:37:53,3,-1,3706.25,22017
2022-10-03 22:37:57,1,-1,3706.25,22016
2022-10-03 22:38:04,1,-1,3706.25,22015
2022-10-03 22:38:06,6,-2,3706.25,22013
2022-10-03 22:38:07,1,-1,3706.25,22012
2022-10-03 22:38:11,7,5,3706.5,22017
2022-10-03 22:38:15,1,1,3706.5,22018
2022-10-03 22:38:18,1,1,3706.75,22019
2022-10-03 22:38:26,6,-2,3706.5,22017
2022-10-03 22:38:27,2,0,3706.5,22017
2022-10-03 22:38:28,4,4,3706.75,22021
2022-10-03 22:38:30,3,-1,3706.5,22020
2022-10-03 22:38:32,2,2,3706.75,22022
2022-10-03 22:38:38,3,-3,3706.5,22019
2022-10-03 22:38:45,5,2,3706.5,22021
2022-10-03 22:38:47,7,5,3706.75,22026
2022-10-03 22:38:48,2,-2,3706.5,22024
2022-10-03 22:38:52,1,1,3706.5,22025
2022-10-03 22:38:57,1,-1,3706.25,22024
2022-10-03 22:38:58,1,-1,3706.25,22023
2022-10-03 22:39:02,4,2,3706.5,22025
2022-10-03 22:39:07,3,-1,3706.5,22024
2022-10-03 22:39:08,1,-1,3706.25,22023
2022-10-03 22:39:10,1,-1,3706.25,22022
2022-10-03 22:39:16,2,0,3706.5,22022
2022-10-03 22:39:17,2,-2,3706.5,22020
2022-10-03 22:39:19,3,1,3706.5,22021
2022-10-03 22:39:27,2,0,3706.5,22021
2022-10-03 22:39:29,1,1,3706.5,22022
2022-10-03 22:39:37,1,-1,3706.25,22021
2022-10-03 22:39:40,10,0,3706.5,22021
2022-10-03 22:39:41,1,-1,3706.5,22020
2022-10-03 22:39:44,2,2,3706.75,22022
2022-10-03 22:39:46,1,-1,3706.75,22021
2022-10-03 22:39:47,10,8,3707.25,22029
2022-10-03 22:39:50,3,-3,3707.0,22026
2022-10-03 22:39:52,1,1,3707.0,22027
2022-10-03 22:39:53,2,-2,3707.0,22025
2022-10-03 22:39:54,1,1,3707.25,22026
2022-10-03 22:39:55,2,0,3707.25,22026
2022-10-03 22:39:57,4,0,3707.25,22026
2022-10-03 22:39:58,5,1,3707.25,22027
2022-10-03 22:40:00,14,-1,3707.5,22026
2022-10-03 22:40:02,12,10,3707.25,22036
2022-10-03 22:40:03,9,-5,3707.25,22031
2022-10-03 22:40:05,1,-1,3706.75,22030
2022-10-03 22:40:07,3,1,3707.0,22031
2022-10-03 22:40:08,5,3,3707.0,22034
2022-10-03 22:40:09,2,0,3707.0,22034
2022-10-03 22:40:14,1,1,3707.0,22035
2022-10-03 22:40:15,1,1,3707.0,22036
2022-10-03 22:40:16,6,-6,3707.0,22030
2022-10-03 22:40:20,1,1,3707.0,22031
2022-10-03 22:40:27,9,2,3707.0,22033
2022-10-03 22:40:28,13,11,3707.25,22044
2022-10-03 22:40:32,1,-1,3707.25,22043
2022-10-03 22:40:35,1,1,3707.5,22044
2022-10-03 22:40:36,2,-2,3707.25,22042
2022-10-03 22:40:37,1,-1,3707.25,22041
2022-10-03 22:40:40,16,-5,3707.5,22036
2022-10-03 22:40:42,3,-1,3707.25,22035
2022-10-03 22:40:46,5,-4,3707.0,22031
2022-10-03 22:40:47,1,-1,3706.75,22030
2022-10-03 22:40:48,3,3,3707.0,22033
2022-10-03 22:40:49,2,2,3707.0,22035
2022-10-03 22:40:51,2,2,3707.25,22037
2022-10-03 22:40:57,5,-2,3707.0,22035
2022-10-03 22:41:03,7,-7,3707.0,22028
2022-10-03 22:41:04,5,-2,3707.0,22026
2022-10-03 22:41:07,3,-1,3707.0,22025
2022-10-03 22:41:08,2,2,3707.0,22027
2022-10-03 22:41:13,7,7,3707.25,22034
2022-10-03 22:41:15,1,-1,3707.25,22033
2022-10-03 22:41:16,3,3,3707.5,22036
2022-10-03 22:41:21,5,-1,3707.25,22035
2022-10-03 22:41:22,5,-5,3707.0,22030
2022-10-03 22:41:23,5,5,3707.25,22035
2022-10-03 22:41:24,8,8,3707.5,22043
2022-10-03 22:41:36,1,1,3707.5,22044
2022-10-03 22:41:37,1,-1,3707.25,22043
2022-10-03 22:41:42,5,4,3707.5,22047
2022-10-03 22:41:43,7,-1,3707.5,22046
2022-10-03 22:41:45,25,18,3708.0,22064
2022-10-03 22:41:47,1,-1,3707.75,22063
2022-10-03 22:41:50,12,-11,3707.75,22052
2022-10-03 22:41:52,1,1,3707.5,22053
2022-10-03 22:41:55,2,-2,3707.5,22051
2022-10-03 22:41:56,2,2,3707.5,22053
2022-10-03 22:41:57,218,155,3708.75,22208
2022-10-03 22:41:58,12,-3,3708.5,22205
2022-10-03 22:42:00,2,0,3708.5,22205
2022-10-03 22:42:02,3,-3,3708.25,22202
2022-10-03 22:42:04,3,3,3708.5,22205
2022-10-03 22:42:05,8,2,3708.5,22207
2022-10-03 22:42:10,6,-5,3708.25,22202
2022-10-03 22:42:11,1,1,3708.25,22203
2022-10-03 22:42:12,2,2,3708.25,22205
2022-10-03 22:42:14,6,-5,3708.0,22200
2022-10-03 22:42:16,5,5,3708.0,22205
2022-10-03 22:42:19,1,-1,3708.0,22204
2022-10-03 22:42:24,1,1,3708.25,22205
2022-10-03 22:42:27,2,0,3708.25,22205
2022-10-03 22:42:29,2,2,3708.25,22207
2022-10-03 22:42:31,1,1,3708.25,22208
2022-10-03 22:42:34,3,1,3708.25,22209
2022-10-03 22:42:37,6,-2,3708.25,22207
2022-10-03 22:42:39,3,1,3708.5,22208
2022-10-03 22:42:44,12,12,3708.5,22220
2022-10-03 22:42:46,7,-7,3708.25,22213
2022-10-03 22:42:48,3,-1,3708.25,22212
2022-10-03 22:42:57,1,-1,3708.0,22211
2022-10-03 22:42:59,1,1,3708.25,22212
2022-10-03 22:43:00,8,0,3708.0,22212
2022-10-03 22:43:06,1,1,3708.0,22213
2022-10-03 22:43:07,1,-1,3707.75,22212
2022-10-03 22:43:09,4,2,3708.0,22214
2022-10-03 22:43:11,4,4,3708.0,22218
2022-10-03 22:43:13,2,2,3708.0,22220
2022-10-03 22:43:14,8,8,3708.25,22228
2022-10-03 22:43:15,12,6,3708.25,22234
2022-10-03 22:43:17,11,4,3708.25,22238
2022-10-03 22:43:19,12,-2,3708.25,22236
2022-10-03 22:43:26,1,1,3708.5,22237
2022-10-03 22:43:27,1,-1,3708.25,22236
2022-10-03 22:43:29,1,1,3708.5,22237
2022-10-03 22:43:31,9,9,3708.5,22246
2022-10-03 22:43:35,2,-2,3708.25,22244
2022-10-03 22:43:37,3,-2,3708.25,22242
2022-10-03 22:43:42,8,-4,3708.25,22238
2022-10-03 22:43:47,1,-1,3708.0,22237
2022-10-03 22:43:56,11,-2,3708.0,22235
2022-10-03 22:43:57,1,-1,3708.0,22234
2022-10-03 22:43:58,2,2,3708.0,22236
2022-10-03 22:44:04,1,1,3708.0,22237
2022-10-03 22:44:07,13,-7,3707.75,22230
2022-10-03 22:44:08,4,0,3707.75,22230
2022-10-03 22:44:12,1,-1,3707.5,22229
2022-10-03 22:44:13,1,-1,3707.5,22228
2022-10-03 22:44:15,22,-14,3707.5,22214
2022-10-03 22:44:16,1,-1,3707.5,22213
2022-10-03 22:44:17,1,-1,3707.5,22212
2022-10-03 22:44:20,2,-2,3707.5,22210
2022-10-03 22:44:22,3,-3,3707.5,22207
2022-10-03 22:44:23,4,0,3707.5,22207
2022-10-03 22:44:27,1,-1,3707.5,22206
2022-10-03 22:44:30,1,-1,3707.5,22205
2022-10-03 22:44:31,11,-2,3707.5,22203
2022-10-03 22:44:32,5,-5,3707.5,22198
2022-10-03 22:44:33,3,-1,3707.5,22197
2022-10-03 22:44:36,1,1,3707.75,22198
2022-10-03 22:44:39,9,2,3707.75,22200
2022-10-03 22:44:42,4,2,3707.75,22202
2022-10-03 22:44:47,1,1,3707.75,22203
2022-10-03 22:44:57,3,-3,3707.5,22200
2022-10-03 22:44:58,4,-4,3707.5,22196
2022-10-03 22:45:00,17,15,3708.0,22211
2022-10-03 22:45:01,1,1,3707.75,22212
2022-10-03 22:45:02,2,-2,3707.5,22210
2022-10-03 22:45:06,9,5,3707.5,22215
2022-10-03 22:45:08,5,1,3707.5,22216
2022-10-03 22:45:09,1,-1,3707.5,22215
2022-10-03 22:45:10,1,1,3707.5,22216
2022-10-03 22:45:14,1,1,3707.5,22217
2022-10-03 22:45:15,1,-1,3707.5,22216
2022-10-03 22:45:21,3,-3,3707.5,22213
2022-10-03 22:45:22,3,3,3707.5,22216
2022-10-03 22:45:24,1,-1,3707.25,22215
2022-10-03 22:45:25,4,4,3707.5,22219
2022-10-03 22:45:27,5,-2,3707.5,22217
2022-10-03 22:45:37,1,-1,3707.25,22216
2022-10-03 22:45:38,7,-7,3707.25,22209
2022-10-03 22:45:40,13,-3,3707.0,22206
2022-10-03 22:45:41,1,1,3707.0,22207
2022-10-03 22:45:44,27,-15,3706.75,22192
2022-10-03 22:45:46,9,-9,3706.5,22183
2022-10-03 22:45:47,5,-4,3706.5,22179
2022-10-03 22:45:49,2,-2,3706.5,22177
2022-10-03 22:45:51,3,-3,3706.5,22174
2022-10-03 22:45:52,1,-1,3706.5,22173
2022-10-03 22:45:54,5,-3,3706.5,22170
2022-10-03 22:45:55,1,1,3706.5,22171
2022-10-03 22:45:57,20,4,3706.5,22175
2022-10-03 22:46:00,3,-3,3706.25,22172
2022-10-03 22:46:02,9,3,3706.5,22175
2022-10-03 22:46:03,2,2,3706.75,22177
2022-10-03 22:46:04,1,-1,3706.5,22176
2022-10-03 22:46:06,2,-2,3706.5,22174
2022-10-03 22:46:10,1,-1,3706.25,22173
2022-10-03 22:46:12,6,-2,3706.25,22171
2022-10-03 22:46:13,1,1,3706.25,22172
2022-10-03 22:46:14,1,1,3706.25,22173
2022-10-03 22:46:16,1,-1,3706.25,22172
2022-10-03 22:46:17,1,-1,3706.25,22171
2022-10-03 22:46:18,14,11,3706.5,22182
2022-10-03 22:46:21,9,-9,3706.5,22173
2022-10-03 22:46:24,8,6,3706.75,22179
2022-10-03 22:46:25,19,9,3707.0,22188
2022-10-03 22:46:27,1,-1,3707.0,22187
2022-10-03 22:46:30,1,-1,3707.0,22186
2022-10-03 22:46:33,3,-3,3707.0,22183
2022-10-03 22:46:35,1,1,3707.0,22184
2022-10-03 22:46:36,2,-2,3707.0,22182
2022-10-03 22:46:37,1,-1,3706.75,22181
2022-10-03 22:46:39,2,2,3707.0,22183
2022-10-03 22:46:47,1,1,3707.0,22184
2022-10-03 22:46:48,3,1,3707.0,22185
2022-10-03 22:46:51,3,3,3707.0,22188
2022-10-03 22:46:54,2,0,3707.0,22188
2022-10-03 22:46:59,15,-2,3706.75,22186
2022-10-03 22:47:00,1,1,3706.75,22187
2022-10-03 22:47:01,1,-1,3706.75,22186
2022-10-03 22:47:03,3,3,3706.5,22189
2022-10-03 22:47:10,2,-2,3706.5,22187
2022-10-03 22:47:11,3,1,3706.75,22188
2022-10-03 22:47:13,3,3,3706.5,22191
2022-10-03 22:47:15,6,-6,3706.5,22185
2022-10-03 22:47:16,6,6,3706.5,22191
2022-10-03 22:47:17,1,1,3706.5,22192
2022-10-03 22:47:23,1,1,3706.5,22193
2022-10-03 22:47:30,6,-1,3706.5,22192
2022-10-03 22:47:31,2,0,3706.75,22192
2022-10-03 22:47:34,1,-1,3706.5,22191
2022-10-03 22:47:41,3,1,3706.75,22192
2022-10-03 22:47:44,5,5,3706.75,22197
2022-10-03 22:47:52,17,0,3706.5,22197
2022-10-03 22:47:53,5,-5,3706.25,22192
2022-10-03 22:47:55,1,1,3706.25,22193
2022-10-03 22:47:57,12,-12,3706.0,22181
2022-10-03 22:47:58,5,5,3706.25,22186
2022-10-03 22:48:00,1,-1,3706.25,22185
2022-10-03 22:48:02,2,-2,3706.25,22183
2022-10-03 22:48:04,1,1,3706.5,22184
2022-10-03 22:48:07,1,-1,3706.25,22183
2022-10-03 22:48:08,5,-9,3706.25,22174
2022-10-03 22:48:12,9,-1,3706.0,22173
2022-10-03 22:48:13,16,-10,3705.75,22163
2022-10-03 22:48:14,3,1,3705.75,22164
2022-10-03 22:48:15,6,0,3705.75,22164
2022-10-03 22:48:16,1,1,3706.0,22165
2022-10-03 22:48:17,1,-1,3705.75,22164
2022-10-03 22:48:21,1,1,3706.0,22165
2022-10-03 22:48:22,1,1,3706.0,22166
2022-10-03 22:48:23,1,-1,3705.75,22165
2022-10-03 22:48:24,1,1,3706.0,22166
2022-10-03 22:48:27,1,-1,3705.75,22165
2022-10-03 22:48:28,1,-1,3705.75,22164
2022-10-03 22:48:31,9,-1,3705.75,22163
2022-10-03 22:48:33,6,-6,3705.75,22157
2022-10-03 22:48:36,2,-2,3705.75,22155
2022-10-03 22:48:37,1,-1,3705.5,22154
2022-10-03 22:48:38,4,4,3705.75,22158
2022-10-03 22:48:42,3,-3,3705.75,22155
2022-10-03 22:48:45,4,4,3705.75,22159
2022-10-03 22:48:57,12,6,3706.0,22165
2022-10-03 22:48:59,2,-1,3705.75,22164
2022-10-03 22:49:05,1,1,3706.0,22165
2022-10-03 22:49:07,1,-1,3705.75,22164
2022-10-03 22:49:08,1,-1,3705.75,22163
2022-10-03 22:49:09,4,-4,3705.75,22159
2022-10-03 22:49:11,9,-8,3705.5,22151
2022-10-03 22:49:12,8,-6,3705.5,22145
2022-10-03 22:49:13,8,2,3705.5,22147
2022-10-03 22:49:15,1,1,3705.5,22148
2022-10-03 22:49:16,1,-1,3705.25,22147
2022-10-03 22:49:18,1,1,3705.25,22148
2022-10-03 22:49:23,10,6,3705.25,22154
2022-10-03 22:49:27,21,8,3705.75,22162
2022-10-03 22:49:32,5,-5,3705.25,22157
2022-10-03 22:49:33,1,-1,3705.25,22156
2022-10-03 22:49:36,5,-4,3705.25,22152
2022-10-03 22:49:37,3,-1,3705.25,22151
2022-10-03 22:49:45,6,-6,3705.25,22145
2022-10-03 22:49:46,8,-8,3705.0,22137
2022-10-03 22:49:47,1,-1,3705.0,22136
2022-10-03 22:49:48,2,-2,3705.0,22134
2022-10-03 22:49:49,2,-2,3705.0,22132
2022-10-03 22:49:50,7,7,3705.0,22139
2022-10-03 22:49:51,67,-30,3704.75,22109
2022-10-03 22:49:52,4,-2,3704.75,22107
2022-10-03 22:49:53,24,-8,3704.5,22099
2022-10-03 22:49:54,2,-1,3704.5,22098
2022-10-03 22:49:55,4,2,3704.75,22100
2022-10-03 22:49:56,15,10,3704.75,22110
2022-10-03 22:49:57,6,2,3704.75,22112
2022-10-03 22:50:00,1,1,3704.75,22113
2022-10-03 22:50:01,4,-3,3704.5,22110
2022-10-03 22:50:02,141,83,3705.75,22193
2022-10-03 22:50:03,4,-3,3705.5,22190
2022-10-03 22:50:06,16,4,3705.75,22194
2022-10-03 22:50:07,2,-2,3705.75,22192
2022-10-03 22:50:08,5,1,3706.0,22193
2022-10-03 22:50:10,14,-7,3705.5,22186
2022-10-03 22:50:12,4,2,3705.75,22188
2022-10-03 22:50:13,1,-1,3705.75,22187
2022-10-03 22:50:24,22,21,3706.5,22208
2022-10-03 22:50:25,9,8,3706.5,22216
2022-10-03 22:50:29,11,-6,3706.5,22210
2022-10-03 22:50:30,14,3,3706.75,22213
2022-10-03 22:50:33,1,-1,3706.25,22212
2022-10-03 22:50:34,3,-3,3706.25,22209
2022-10-03 22:50:35,2,-2,3706.0,22207
2022-10-03 22:50:36,1,1,3706.25,22208
2022-10-03 22:50:37,5,5,3706.25,22213
2022-10-03 22:50:39,1,1,3706.25,22214
2022-10-03 22:50:40,3,-3,3706.25,22211
2022-10-03 22:50:41,1,-1,3706.25,22210
2022-10-03 22:50:47,8,6,3706.5,22216
2022-10-03 22:50:49,7,5,3706.75,22221
2022-10-03 22:50:50,1,-1,3706.75,22220
2022-10-03 22:50:51,5,-1,3707.0,22219
2022-10-03 22:50:52,9,1,3707.0,22220
2022-10-03 22:50:54,2,0,3706.75,22220
2022-10-03 22:50:55,2,-2,3706.75,22218
2022-10-03 22:50:57,1,1,3707.0,22219
2022-10-03 22:51:00,1,-1,3706.75,22218
2022-10-03 22:51:02,5,-5,3706.75,22213
2022-10-03 22:51:03,2,2,3706.75,22215
2022-10-03 22:51:07,1,1,3706.75,22216
2022-10-03 22:51:11,7,1,3706.5,22217
2022-10-03 22:51:12,128,131,3707.75,22348
2022-10-03 22:51:13,2,-2,3707.5,22346
2022-10-03 22:51:14,12,-7,3707.5,22339
2022-10-03 22:51:15,14,-5,3707.5,22334
2022-10-03 22:51:16,2,2,3707.75,22336
2022-10-03 22:51:17,19,7,3708.0,22343
2022-10-03 22:51:18,2,-1,3707.5,22342
2022-10-03 22:51:19,12,6,3708.0,22348
2022-10-03 22:51:20,7,1,3708.0,22349
2022-10-03 22:51:21,3,-3,3707.75,22346
2022-10-03 22:51:22,4,-2,3707.75,22344
2022-10-03 22:51:23,4,-2,3707.75,22342
2022-10-03 22:51:24,4,-4,3707.5,22338
2022-10-03 22:51:25,1,-1,3707.5,22337
2022-10-03 22:51:26,7,4,3708.0,22341
2022-10-03 22:51:27,1,-1,3707.5,22340
2022-10-03 22:51:28,2,2,3707.5,22342
2022-10-03 22:51:29,3,1,3707.5,22343
2022-10-03 22:51:30,3,2,3707.75,22345
2022-10-03 22:51:31,6,6,3707.5,22351
2022-10-03 22:51:32,2,-2,3707.5,22349
2022-10-03 22:51:33,14,7,3708.0,22356
2022-10-03 22:51:34,5,-2,3708.0,22354
2022-10-03 22:51:35,2,-2,3707.5,22352
2022-10-03 22:51:36,2,2,3707.75,22354
2022-10-03 22:51:37,4,3,3707.75,22357
2022-10-03 22:51:38,4,-4,3707.75,22353
2022-10-03 22:51:39,4,-2,3707.75,22351
2022-10-03 22:51:47,1,-1,3707.5,22350
2022-10-03 22:51:49,7,-1,3707.5,22349
2022-10-03 22:51:53,1,1,3707.75,22350
2022-10-03 22:51:54,99,9,3708.5,22359
2022-10-03 22:51:57,14,-3,3708.5,22356
2022-10-03 22:51:58,3,-3,3708.0,22353
2022-10-03 22:51:59,3,3,3708.5,22356
2022-10-03 22:52:00,11,3,3708.5,22359
2022-10-03 22:52:01,21,8,3708.75,22367
2022-10-03 22:52:02,20,9,3708.75,22376
2022-10-03 22:52:03,33,16,3709.25,22392
2022-10-03 22:52:04,13,7,3709.0,22399
2022-10-03 22:52:05,24,7,3709.0,22406
2022-10-03 22:52:06,2,2,3709.0,22408
2022-10-03 22:52:07,4,4,3709.0,22412
2022-10-03 22:52:08,505,178,3710.25,22590
2022-10-03 22:52:09,13,-4,3710.0,22586
2022-10-03 22:52:10,36,-1,3710.0,22585
2022-10-03 22:52:11,21,12,3710.5,22597
2022-10-03 22:52:12,41,3,3710.5,22600
2022-10-03 22:52:13,16,-4,3710.5,22596
2022-10-03 22:52:14,15,4,3710.25,22600
2022-10-03 22:52:15,37,16,3710.25,22616
2022-10-03 22:52:16,5,-5,3710.0,22611
2022-10-03 22:52:17,4,2,3710.25,22613
2022-10-03 22:52:18,4,-4,3710.25,22609
2022-10-03 22:52:19,2,2,3710.5,22611
2022-10-03 22:52:20,6,-2,3710.25,22609
2022-10-03 22:52:21,17,-7,3710.0,22602
2022-10-03 22:52:22,1,-1,3710.0,22601
2022-10-03 22:52:23,1,-1,3710.0,22600
2022-10-03 22:52:24,9,-4,3710.0,22596
2022-10-03 22:52:25,3,-1,3710.0,22595
2022-10-03 22:52:26,22,6,3710.25,22601
2022-10-03 22:52:27,1,1,3710.25,22602
2022-10-03 22:52:30,1,-1,3710.0,22601
2022-10-03 22:52:31,16,-1,3710.25,22600
2022-10-03 22:52:36,11,1,3710.25,22601
2022-10-03 22:52:38,1,-1,3710.0,22600
2022-10-03 22:52:39,2,2,3710.25,22602
2022-10-03 22:52:40,1,-1,3710.0,22601
2022-10-03 22:52:43,1,1,3710.25,22602
2022-10-03 22:52:45,2,0,3710.25,22602
2022-10-03 22:52:47,1,-1,3710.0,22601
2022-10-03 22:52:48,7,6,3710.25,22607
2022-10-03 22:52:53,3,1,3710.25,22608
2022-10-03 22:52:57,4,1,3710.25,22609
2022-10-03 22:52:59,8,-2,3710.0,22607
2022-10-03 22:53:04,1,1,3710.25,22608
2022-10-03 22:53:05,15,7,3710.25,22615
2022-10-03 22:53:08,2,0,3710.5,22615
2022-10-03 22:53:09,1,-1,3710.25,22614
2022-10-03 22:53:10,4,-3,3710.25,22611
2022-10-03 22:53:13,4,0,3710.25,22611
2022-10-03 22:53:16,4,-5,3710.25,22606
2022-10-03 22:53:17,3,-1,3710.25,22605
2022-10-03 22:53:18,1,-1,3710.25,22604
2022-10-03 22:53:20,1,-1,3710.25,22603
2022-10-03 22:53:21,5,2,3710.5,22605
2022-10-03 22:53:27,3,1,3710.5,22606
2022-10-03 22:53:29,2,-1,3710.25,22605
2022-10-03 22:53:32,27,-14,3710.25,22591
2022-10-03 22:53:34,2,-2,3710.25,22589
2022-10-03 22:53:35,1,-1,3710.25,22588
2022-10-03 22:53:37,2,-2,3710.0,22586
2022-10-03 22:53:38,2,-2,3710.0,22584
2022-10-03 22:53:41,1,1,3710.25,22585
2022-10-03 22:53:43,60,26,3710.5,22611
2022-10-03 22:53:45,1,1,3710.5,22612
2022-10-03 22:53:47,1,1,3710.5,22613
2022-10-03 22:53:48,3,2,3710.5,22615
2022-10-03 22:53:49,3,-3,3710.25,22612
2022-10-03 22:53:53,34,-19,3710.0,22593
2022-10-03 22:53:54,2,2,3709.75,22595
2022-10-03 22:53:56,9,7,3709.75,22602
2022-10-03 22:53:58,1,-1,3709.75,22601
2022-10-03 22:54:01,1,1,3709.75,22602
2022-10-03 22:54:06,2,-2,3709.5,22600
2022-10-03 22:54:07,1,-1,3709.5,22599
2022-10-03 22:54:09,3,-3,3709.5,22596
2022-10-03 22:54:11,6,-2,3709.5,22594
2022-10-03 22:54:12,10,-4,3709.25,22590
2022-10-03 22:54:13,6,-6,3709.25,22584
2022-10-03 22:54:17,1,-1,3709.25,22583
2022-10-03 22:54:19,16,16,3709.75,22599
2022-10-03 22:54:20,5,5,3709.75,22604
2022-10-03 22:54:26,5,-1,3709.5,22603
2022-10-03 22:54:27,1,-1,3709.25,22602
2022-10-03 22:54:28,1,-1,3709.25,22601
2022-10-03 22:54:29,2,-2,3709.25,22599
2022-10-03 22:54:31,1,1,3709.5,22600
2022-10-03 22:54:34,9,8,3709.5,22608
2022-10-03 22:54:37,1,1,3709.75,22609
2022-10-03 22:54:39,6,6,3709.75,22615
2022-10-03 22:54:44,2,2,3709.75,22617
2022-10-03 22:54:45,1,-1,3709.5,22616
2022-10-03 22:54:46,1,-1,3709.5,22615
2022-10-03 22:54:47,1,-1,3709.5,22614
2022-10-03 22:54:49,4,4,3709.75,22618
2022-10-03 22:54:53,1,-1,3709.5,22617
2022-10-03 22:54:54,5,5,3709.75,22622
2022-10-03 22:54:56,1,1,3709.75,22623
2022-10-03 22:54:58,1,-1,3709.5,22622
2022-10-03 22:54:59,1,1,3709.75,22623
2022-10-03 22:55:00,6,4,3709.75,22627
2022-10-03 22:55:10,11,1,3710.0,22628
2022-10-03 22:55:13,1,-1,3709.75,22627
2022-10-03 22:55:17,1,-1,3709.75,22626
2022-10-03 22:55:27,1,-1,3709.75,22625
2022-10-03 22:55:30,2,-2,3709.75,22623
2022-10-03 22:55:32,4,0,3709.75,22623
2022-10-03 22:55:33,2,2,3710.0,22625
2022-10-03 22:55:35,2,-2,3709.75,22623
2022-10-03 22:55:37,4,0,3709.5,22623
2022-10-03 22:55:45,1,-1,3709.5,22622
2022-10-03 22:55:47,1,-1,3709.5,22621
2022-10-03 22:55:48,1,-1,3709.5,22620
2022-10-03 22:55:50,1,-1,3709.5,22619
2022-10-03 22:55:52,3,2,3709.5,22621
2022-10-03 22:55:54,9,7,3709.75,22628
2022-10-03 22:55:57,9,8,3710.0,22636
2022-10-03 22:56:00,10,-2,3709.75,22634
2022-10-03 22:56:05,54,37,3710.25,22671
2022-10-03 22:56:06,10,1,3710.25,22672
2022-10-03 22:56:08,2,2,3710.25,22674
2022-10-03 22:56:09,3,0,3710.25,22674
2022-10-03 22:56:11,3,1,3710.25,22675
2022-10-03 22:56:13,5,-1,3710.5,22674
2022-10-03 22:56:19,6,-1,3710.25,22673
2022-10-03 22:56:22,2,-2,3710.25,22671
2022-10-03 22:56:24,1,1,3710.25,22672
2022-10-03 22:56:29,2,-2,3710.0,22670
2022-10-03 22:56:31,3,-1,3710.25,22669
2022-10-03 22:56:32,1,-1,3710.0,22668
2022-10-03 22:56:34,6,1,3710.0,22669
2022-10-03 22:56:37,8,-4,3710.0,22665
2022-10-03 22:56:38,3,1,3710.0,22666
2022-10-03 22:56:44,2,2,3710.0,22668
2022-10-03 22:56:46,2,0,3710.25,22668
2022-10-03 22:56:47,2,-2,3709.75,22666
2022-10-03 22:56:57,2,-2,3709.75,22664
2022-10-03 22:57:00,5,-5,3709.75,22659
2022-10-03 22:57:03,1,-1,3709.5,22658
2022-10-03 22:57:06,4,-3,3709.5,22655
2022-10-03 22:57:07,2,-2,3709.5,22653
2022-10-03 22:57:10,3,-3,3709.5,22650
2022-10-03 22:57:11,5,-3,3709.5,22647
2022-10-03 22:57:14,2,-2,3709.5,22645
2022-10-03 22:57:17,1,-1,3709.25,22644
2022-10-03 22:57:20,13,3,3709.5,22647
2022-10-03 22:57:27,1,-1,3709.25,22646
2022-10-03 22:57:32,11,2,3709.5,22648
2022-10-03 22:57:41,8,-2,3709.5,22646
2022-10-03 22:57:44,1,1,3709.75,22647
2022-10-03 22:57:47,1,-1,3709.5,22646
2022-10-03 22:57:48,2,2,3709.75,22648
2022-10-03 22:57:50,4,-2,3709.75,22646
2022-10-03 22:57:57,1,-1,3709.75,22645
2022-10-03 22:58:00,1,-1,3709.75,22644
2022-10-03 22:58:01,4,4,3710.0,22648
2022-10-03 22:58:07,1,-1,3709.75,22647
2022-10-03 22:58:09,1,1,3710.0,22648
2022-10-03 22:58:14,2,1,3710.0,22649
2022-10-03 22:58:16,1,1,3710.0,22650
2022-10-03 22:58:17,22,-1,3710.0,22649
2022-10-03 22:58:24,1,1,3710.25,22650
2022-10-03 22:58:25,13,6,3710.25,22656
2022-10-03 22:58:26,7,0,3710.5,22656
2022-10-03 22:58:29,6,0,3710.5,22656
2022-10-03 22:58:30,2,-1,3710.25,22655
2022-10-03 22:58:32,1,1,3710.25,22656
2022-10-03 22:58:34,4,4,3710.25,22660
2022-10-03 22:58:38,1,-1,3710.25,22659
2022-10-03 22:58:41,85,25,3710.5,22684
2022-10-03 22:58:42,1,1,3710.5,22685
2022-10-03 22:58:44,2,0,3710.5,22685
2022-10-03 22:58:47,1,1,3710.5,22686
2022-10-03 22:58:48,15,-5,3710.5,22681
2022-10-03 22:58:50,11,6,3710.25,22687
2022-10-03 22:58:54,3,3,3710.25,22690
2022-10-03 22:58:55,2,-2,3710.25,22688
2022-10-03 22:58:56,2,0,3710.25,22688
2022-10-03 22:59:00,3,-1,3710.5,22687
2022-10-03 22:59:01,3,3,3710.5,22690
2022-10-03 22:59:07,1,-1,3710.25,22689
2022-10-03 22:59:08,8,3,3710.5,22692
2022-10-03 22:59:11,2,2,3710.25,22694
2022-10-03 22:59:12,1,-1,3710.0,22693
2022-10-03 22:59:14,1,1,3710.25,22694
2022-10-03 22:59:15,2,2,3710.25,22696
2022-10-03 22:59:19,1,-1,3710.25,22695
2022-10-03 22:59:20,5,-3,3710.25,22692
2022-10-03 22:59:23,1,1,3710.25,22693
2022-10-03 22:59:26,1,1,3710.5,22694
2022-10-03 22:59:30,9,7,3710.5,22701
2022-10-03 22:59:31,1,-1,3710.25,22700
2022-10-03 22:59:32,1,-1,3710.5,22699
2022-10-03 22:59:35,1,1,3710.5,22700
2022-10-03 22:59:36,7,7,3710.5,22707
2022-10-03 22:59:39,2,2,3710.5,22709
2022-10-03 22:59:45,83,22,3710.75,22731
2022-10-03 22:59:46,1,1,3710.75,22732
2022-10-03 22:59:53,2,1,3710.75,22733
2022-10-03 22:59:55,3,3,3710.75,22736
2022-10-03 22:59:57,2,0,3710.75,22736
2022-10-03 23:00:00,130,13,3711.0,22749
2022-10-03 23:00:01,1,1,3710.75,22750
2022-10-03 23:00:02,42,7,3710.75,22757
2022-10-03 23:00:06,8,4,3711.0,22761
2022-10-03 23:00:09,40,5,3711.0,22766
2022-10-03 23:00:10,6,2,3711.0,22768
2022-10-03 23:00:11,9,-7,3710.75,22761
2022-10-03 23:00:14,3,2,3710.75,22763
2022-10-03 23:00:15,5,-5,3710.5,22758
2022-10-03 23:00:16,10,-6,3710.5,22752
2022-10-03 23:00:17,3,-1,3710.5,22751
2022-10-03 23:00:19,1,1,3710.5,22752
2022-10-03 23:00:21,2,2,3710.5,22754
2022-10-03 23:00:23,1,1,3710.5,22755
2022-10-03 23:00:25,10,-8,3710.5,22747
2022-10-03 23:00:26,1,-1,3710.25,22746
2022-10-03 23:00:27,1,1,3710.25,22747
2022-10-03 23:00:28,1,-1,3710.0,22746
2022-10-03 23:00:29,10,-7,3710.25,22739
2022-10-03 23:00:30,1,1,3710.25,22740
2022-10-03 23:00:31,1,1,3710.25,22741
2022-10-03 23:00:33,2,2,3710.25,22743
2022-10-03 23:00:35,4,4,3710.25,22747
2022-10-03 23:00:37,1,1,3710.5,22748
2022-10-03 23:00:38,2,-2,3710.25,22746
2022-10-03 23:00:39,4,2,3710.5,22748
2022-10-03 23:00:40,2,2,3710.25,22750
2022-10-03 23:00:41,2,0,3710.5,22750
2022-10-03 23:00:42,1,1,3710.25,22751
2022-10-03 23:00:43,1,1,3710.5,22752
2022-10-03 23:00:44,11,-7,3710.25,22745
2022-10-03 23:00:49,8,8,3710.25,22753
2022-10-03 23:00:53,1,1,3710.5,22754
2022-10-03 23:00:55,1,1,3710.5,22755
2022-10-03 23:00:56,1,1,3710.5,22756
2022-10-03 23:00:57,2,2,3710.5,22758
2022-10-03 23:00:59,1,1,3710.5,22759
2022-10-03 23:01:01,3,3,3710.5,22762
2022-10-03 23:01:03,4,2,3710.5,22764
2022-10-03 23:01:04,14,-4,3710.5,22760
2022-10-03 23:01:05,3,1,3710.25,22761
2022-10-03 23:01:06,1,1,3710.5,22762
2022-10-03 23:01:08,1,1,3710.5,22763
2022-10-03 23:01:13,4,4,3710.5,22767
2022-10-03 23:01:14,8,-8,3710.5,22759
2022-10-03 23:01:15,2,1,3710.5,22760
2022-10-03 23:01:16,2,-2,3710.25,22758
2022-10-03 23:01:17,1,1,3710.5,22759
2022-10-03 23:01:19,1,1,3710.5,22760
2022-10-03 23:01:21,8,6,3710.5,22766
2022-10-03 23:01:26,2,-2,3710.5,22764
2022-10-03 23:01:27,3,3,3710.5,22767
2022-10-03 23:01:28,2,-1,3710.5,22766
2022-10-03 23:01:33,2,2,3710.75,22768
2022-10-03 23:01:35,3,3,3710.75,22771
2022-10-03 23:01:37,2,0,3710.75,22771
2022-10-03 23:01:39,2,2,3710.75,22773
2022-10-03 23:01:41,1,1,3710.75,22774
2022-10-03 23:01:43,1,1,3710.75,22775
2022-10-03 23:01:45,2,2,3710.75,22777
2022-10-03 23:01:47,1,1,3710.75,22778
2022-10-03 23:01:49,1,1,3710.75,22779
2022-10-03 23:01:51,3,3,3710.75,22782
2022-10-03 23:01:53,2,2,3710.75,22784
2022-10-03 23:01:55,1,1,3710.75,22785
2022-10-03 23:01:57,2,1,3710.75,22786
2022-10-03 23:01:59,23,0,3710.75,22786
2022-10-03 23:02:00,13,1,3710.75,22787
2022-10-03 23:02:03,1,-1,3710.75,22786
2022-10-03 23:02:07,4,4,3710.75,22790
2022-10-03 23:02:10,10,-6,3710.5,22784
2022-10-03 23:02:12,1,1,3710.5,22785
2022-10-03 23:02:13,3,3,3710.5,22788
2022-10-03 23:02:15,6,-1,3710.5,22787
2022-10-03 23:02:16,1,-1,3710.5,22786
2022-10-03 23:02:19,1,1,3710.75,22787
2022-10-03 23:02:24,5,-5,3710.5,22782
2022-10-03 23:02:41,1,1,3710.5,22783
2022-10-03 23:02:44,1,1,3710.5,22784
2022-10-03 23:02:46,1,1,3710.5,22785
2022-10-03 23:02:49,28,-1,3710.25,22784
2022-10-03 23:02:53,2,2,3710.25,22786
2022-10-03 23:02:55,10,-5,3710.0,22781
2022-10-03 23:02:56,4,-4,3710.0,22777
2022-10-03 23:02:57,1,-1,3709.75,22776
2022-10-03 23:03:01,8,-8,3709.75,22768
2022-10-03 23:03:03,2,0,3710.0,22768
2022-10-03 23:03:04,1,1,3710.0,22769
2022-10-03 23:03:05,10,-5,3710.0,22764
2022-10-03 23:03:06,1,1,3710.0,22765
2022-10-03 23:03:08,2,0,3710.0,22765
2022-10-03 23:03:20,6,-6,3709.75,22759
2022-10-03 23:03:22,4,-2,3709.75,22757
2022-10-03 23:03:23,5,-4,3709.75,22753
2022-10-03 23:03:29,2,2,3710.0,22755
2022-10-03 23:03:31,13,-10,3709.75,22745
2022-10-03 23:03:44,8,8,3710.0,22753
2022-10-03 23:03:45,6,-4,3710.0,22749
2022-10-03 23:03:46,1,1,3710.0,22750
2022-10-03 23:03:47,1,-1,3709.75,22749
2022-10-03 23:03:48,1,-1,3709.75,22748
2022-10-03 23:03:51,1,-1,3709.75,22747
2022-10-03 23:03:53,1,1,3710.0,22748
2022-10-03 23:03:55,1,-1,3709.75,22747
2022-10-03 23:03:57,5,-5,3709.75,22742
2022-10-03 23:04:05,1,1,3710.0,22743
2022-10-03 23:04:06,1,1,3710.0,22744
2022-10-03 23:04:07,8,6,3710.0,22750
2022-10-03 23:04:08,9,-3,3710.0,22747
2022-10-03 23:04:13,3,1,3710.0,22748
2022-10-03 23:04:14,3,1,3710.0,22749
2022-10-03 23:04:17,5,-5,3709.75,22744
2022-10-03 23:04:22,12,-4,3709.75,22740
2022-10-03 23:04:27,39,24,3710.25,22764
2022-10-03 23:04:32,2,2,3710.25,22766
2022-10-03 23:04:34,9,-5,3710.0,22761
2022-10-03 23:04:35,4,4,3710.25,22765
2022-10-03 23:04:38,4,4,3710.5,22769
2022-10-03 23:04:39,9,-5,3710.5,22764
2022-10-03 23:04:40,2,0,3710.5,22764
2022-10-03 23:04:41,6,0,3710.75,22764
2022-10-03 23:04:43,2,-2,3710.5,22762
2022-10-03 23:04:48,1,1,3710.5,22763
2022-10-03 23:04:53,3,-3,3710.25,22760
2022-10-03 23:04:54,4,4,3710.25,22764
2022-10-03 23:04:56,2,2,3710.25,22766
2022-10-03 23:05:00,1,-1,3710.25,22765
2022-10-03 23:05:04,7,3,3710.5,22768
2022-10-03 23:05:06,3,1,3710.5,22769
2022-10-03 23:05:08,1,1,3710.5,22770
2022-10-03 23:05:09,1,1,3710.75,22771
2022-10-03 23:05:11,1,1,3710.75,22772
2022-10-03 23:05:14,1,1,3710.75,22773
2022-10-03 23:05:17,2,0,3710.75,22773
2022-10-03 23:05:18,9,-4,3710.5,22769
2022-10-03 23:05:19,6,6,3710.5,22775
2022-10-03 23:05:20,13,-5,3710.5,22770
2022-10-03 23:05:34,5,-5,3710.25,22765
2022-10-03 23:05:35,10,-4,3710.25,22761
2022-10-03 23:05:39,1,1,3710.5,22762
2022-10-03 23:05:43,2,-1,3710.25,22761
2022-10-03 23:05:44,2,2,3710.25,22763
2022-10-03 23:05:51,1,-1,3710.0,22762
2022-10-03 23:05:55,1,-1,3710.0,22761
2022-10-03 23:05:59,1,-1,3710.0,22760
2022-10-03 23:06:02,6,-5,3710.0,22755
2022-10-03 23:06:04,2,2,3710.0,22757
2022-10-03 23:06:10,4,-1,3710.0,22756
2022-10-03 23:06:11,1,-1,3710.0,22755
2022-10-03 23:06:14,2,2,3710.25,22757
2022-10-03 23:06:20,8,6,3710.25,22763
2022-10-03 23:06:27,5,-3,3710.25,22760
2022-10-03 23:06:30,1,1,3710.25,22761
2022-10-03 23:06:34,4,-4,3710.0,22757
2022-10-03 23:06:43,1,1,3710.25,22758
2022-10-03 23:06:44,1,-1,3710.0,22757
2022-10-03 23:06:46,1,-1,3710.0,22756
2022-10-03 23:06:55,7,-5,3710.0,22751
2022-10-03 23:06:58,2,-2,3709.5,22749
2022-10-03 23:07:00,1,-1,3709.5,22748
2022-10-03 23:07:01,4,-4,3709.5,22744
2022-10-03 23:07:02,4,3,3709.5,22747
2022-10-03 23:07:07,16,-7,3709.5,22740
2022-10-03 23:07:08,41,21,3710.0,22761
2022-10-03 23:07:09,2,2,3710.0,22763
2022-10-03 23:07:11,3,-3,3709.75,22760
2022-10-03 23:07:16,4,-3,3709.75,22757
2022-10-03 23:07:17,15,-4,3710.0,22753
2022-10-03 23:07:19,1,1,3709.75,22754
2022-10-03 23:07:24,4,4,3709.75,22758
2022-10-03 23:07:25,1,1,3709.75,22759
2022-10-03 23:07:26,1,1,3709.75,22760
2022-10-03 23:07:28,1,1,3709.75,22761
2022-10-03 23:07:36,17,-8,3709.5,22753
2022-10-03 23:07:38,1,1,3709.5,22754
2022-10-03 23:07:42,12,5,3709.5,22759
2022-10-03 23:07:45,7,7,3709.75,22766
2022-10-03 23:07:49,5,-4,3709.5,22762
2022-10-03 23:07:53,7,-5,3709.5,22757
2022-10-03 23:07:59,1,-1,3709.5,22756
2022-10-03 23:08:05,11,3,3709.75,22759
2022-10-03 23:08:09,2,-2,3709.75,22757
2022-10-03 23:08:12,7,-4,3709.5,22753
2022-10-03 23:08:14,1,1,3709.5,22754
2022-10-03 23:08:15,1,1,3709.5,22755
2022-10-03 23:08:17,23,-14,3709.25,22741
2022-10-03 23:08:19,4,-3,3709.25,22738
2022-10-03 23:08:21,1,-1,3709.25,22737
2022-10-03 23:08:25,3,-3,3709.25,22734
2022-10-03 23:08:26,2,2,3709.5,22736
2022-10-03 23:08:27,1,-1,3709.25,22735
2022-10-03 23:08:30,1,-1,3709.25,22734
2022-10-03 23:08:31,4,-4,3709.25,22730
2022-10-03 23:08:33,16,-4,3709.25,22726
2022-10-03 23:08:39,11,9,3709.5,22735
2022-10-03 23:08:41,2,0,3709.5,22735
2022-10-03 23:08:45,1,-1,3709.25,22734
2022-10-03 23:08:49,1,-1,3709.25,22733
2022-10-03 23:08:52,6,6,3709.5,22739
2022-10-03 23:08:55,4,-4,3709.5,22735
2022-10-03 23:09:01,6,-3,3709.5,22732
2022-10-03 23:09:08,4,2,3709.5,22734
2022-10-03 23:09:15,2,-2,3709.25,22732
2022-10-03 23:09:17,3,-3,3709.25,22729
2022-10-03 23:09:20,30,-21,3709.0,22708
2022-10-03 23:09:21,2,-2,3708.75,22706
2022-10-03 23:09:22,1,-1,3708.75,22705
2022-10-03 23:09:23,14,5,3709.25,22710
2022-10-03 23:09:25,1,-1,3708.75,22709
2022-10-03 23:09:33,10,0,3709.0,22709
2022-10-03 23:09:39,7,-3,3709.0,22706
2022-10-03 23:09:40,1,-1,3708.75,22705
2022-10-03 23:09:45,45,12,3708.75,22717
2022-10-03 23:09:46,1,1,3708.75,22718
2022-10-03 23:09:47,3,3,3708.75,22721
2022-10-03 23:09:49,1,-1,3708.5,22720
2022-10-03 23:09:50,1,-1,3708.5,22719
2022-10-03 23:09:51,2,2,3708.75,22721
2022-10-03 23:09:54,10,-4,3708.5,22717
2022-10-03 23:09:56,7,3,3708.75,22720
2022-10-03 23:09:57,1,1,3709.0,22721
2022-10-03 23:09:58,2,2,3709.0,22723
2022-10-03 23:10:00,9,-7,3708.75,22716
2022-10-03 23:10:04,1,-1,3708.75,22715
2022-10-03 23:10:06,1,-1,3708.75,22714
2022-10-03 23:10:09,1,-1,3708.75,22713
2022-10-03 23:10:11,26,23,3709.25,22736
2022-10-03 23:10:12,1,1,3709.5,22737
2022-10-03 23:10:16,1,-1,3709.25,22736
2022-10-03 23:10:17,1,1,3709.5,22737
2022-10-03 23:10:18,1,-1,3709.25,22736
2022-10-03 23:10:19,1,1,3709.5,22737
2022-10-03 23:10:20,6,2,3709.5,22739
2022-10-03 23:10:21,8,8,3709.75,22747
2022-10-03 23:10:22,5,-1,3709.75,22746
2022-10-03 23:10:23,1,-1,3709.5,22745
2022-10-03 23:10:25,2,-2,3709.5,22743
2022-10-03 23:10:26,14,1,3709.75,22744
2022-10-03 23:10:27,1,-1,3709.75,22743
2022-10-03 23:10:30,11,-4,3709.75,22739
2022-10-03 23:10:31,1,-1,3709.75,22738
2022-10-03 23:10:37,1,-1,3709.5,22737
2022-10-03 23:10:38,1,-1,3709.5,22736
2022-10-03 23:10:39,1,1,3709.75,22737
2022-10-03 23:10:41,11,-1,3709.5,22736
2022-10-03 23:10:45,9,-8,3709.25,22728
2022-10-03 23:10:48,1,-1,3709.0,22727
2022-10-03 23:10:49,1,1,3709.25,22728
2022-10-03 23:10:54,1,1,3709.25,22729
2022-10-03 23:10:55,1,1,3709.25,22730
2022-10-03 23:11:10,2,2,3709.5,22732
2022-10-03 23:11:12,19,-6,3709.75,22726
2022-10-03 23:11:17,8,8,3709.75,22734
2022-10-03 23:11:18,1,-1,3709.75,22733
2022-10-03 23:11:20,5,-5,3709.5,22728
2022-10-03 23:11:24,5,-1,3709.5,22727
2022-10-03 23:11:26,1,-1,3709.5,22726
2022-10-03 23:11:33,1,1,3709.5,22727
2022-10-03 23:11:34,1,1,3709.5,22728
2022-10-03 23:11:36,13,-7,3709.25,22721
2022-10-03 23:11:37,13,-3,3709.5,22718
2022-10-03 23:11:40,12,0,3709.0,22718
2022-10-03 23:11:43,1,-1,3709.0,22717
2022-10-03 23:11:46,10,0,3709.0,22717
2022-10-03 23:11:48,2,2,3709.25,22719
2022-10-03 23:11:53,5,-3,3709.25,22716
2022-10-03 23:11:55,62,68,3710.0,22784
2022-10-03 23:11:56,2,0,3710.0,22784
2022-10-03 23:11:57,2,1,3709.75,22785
2022-10-03 23:11:59,3,1,3710.0,22786
2022-10-03 23:12:00,1,1,3710.0,22787
2022-10-03 23:12:04,1,1,3710.0,22788
2022-10-03 23:12:09,2,1,3710.0,22789
2022-10-03 23:12:13,13,-10,3709.75,22779
2022-10-03 23:12:14,1,-1,3709.5,22778
2022-10-03 23:12:17,2,-2,3709.5,22776
2022-10-03 23:12:24,1,-1,3709.5,22775
2022-10-03 23:12:25,10,10,3709.75,22785
2022-10-03 23:12:40,5,-5,3709.75,22780
2022-10-03 23:12:41,2,2,3710.0,22782
2022-10-03 23:12:52,48,-17,3710.0,22765
2022-10-03 23:12:57,5,4,3709.75,22769
2022-10-03 23:12:59,1,-1,3709.75,22768
2022-10-03 23:13:01,1,-1,3709.75,22767
2022-10-03 23:13:06,9,-5,3709.75,22762
2022-10-03 23:13:08,1,1,3710.0,22763
2022-10-03 23:13:09,27,-30,3709.75,22733
2022-10-03 23:13:10,1,-1,3709.75,22732
2022-10-03 23:13:16,3,2,3710.0,22734
2022-10-03 23:13:30,1,-1,3709.75,22733
2022-10-03 23:13:31,2,2,3710.0,22735
2022-10-03 23:13:35,1,1,3710.0,22736
2022-10-03 23:13:38,3,-3,3709.75,22733
2022-10-03 23:13:41,1,1,3710.0,22734
2022-10-03 23:13:50,1,1,3710.0,22735
2022-10-03 23:13:53,45,18,3710.0,22753
2022-10-03 23:13:55,2,1,3710.0,22754
2022-10-03 23:14:02,4,-1,3710.0,22753
2022-10-03 23:14:04,1,-1,3709.75,22752
2022-10-03 23:14:11,1,-1,3709.75,22751
2022-10-03 23:14:17,1,1,3710.0,22752
2022-10-03 23:14:29,16,-14,3709.75,22738
2022-10-03 23:14:32,1,-1,3709.75,22737
2022-10-03 23:14:38,7,4,3710.0,22741
2022-10-03 23:14:39,12,12,3710.25,22753
2022-10-03 23:14:40,100,25,3711.0,22778
2022-10-03 23:14:42,5,5,3710.5,22783
2022-10-03 23:14:43,2,2,3710.5,22785
2022-10-03 23:14:44,6,4,3710.5,22789
2022-10-03 23:14:45,5,-1,3710.5,22788
2022-10-03 23:14:47,2,-2,3710.5,22786
2022-10-03 23:14:52,3,1,3710.75,22787
2022-10-03 23:14:53,4,-2,3710.5,22785
2022-10-03 23:14:54,4,1,3710.5,22786
2022-10-03 23:14:56,4,1,3710.5,22787
2022-10-03 23:14:57,3,1,3710.5,22788
2022-10-03 23:15:04,21,6,3710.5,22794
2022-10-03 23:15:05,1,1,3710.75,22795
2022-10-03 23:15:06,3,-1,3710.5,22794
2022-10-03 23:15:08,5,3,3710.75,22797
2022-10-03 23:15:11,1,1,3711.0,22798
2022-10-03 23:15:12,4,3,3711.0,22801
2022-10-03 23:15:14,1,1,3711.0,22802
2022-10-03 23:15:15,1,1,3711.0,22803
2022-10-03 23:15:18,1,-1,3710.75,22802
2022-10-03 23:15:21,2,0,3711.0,22802
2022-10-03 23:15:23,14,-7,3710.75,22795
2022-10-03 23:15:24,39,-8,3710.75,22787
2022-10-03 23:15:27,8,4,3711.0,22791
2022-10-03 23:15:28,10,7,3711.0,22798
2022-10-03 23:15:30,133,54,3711.25,22852
2022-10-03 23:15:31,11,3,3711.0,22855
2022-10-03 23:15:32,2,2,3711.0,22857
2022-10-03 23:15:33,18,-1,3711.25,22856
2022-10-03 23:15:38,1,1,3711.25,22857
2022-10-03 23:15:42,1,1,3711.25,22858
2022-10-03 23:15:44,19,5,3711.25,22863
2022-10-03 23:15:47,2,1,3711.25,22864
2022-10-03 23:15:53,1,1,3711.25,22865
2022-10-03 23:15:55,41,27,3711.25,22892
2022-10-03 23:15:57,1,1,3711.25,22893
2022-10-03 23:16:00,54,34,3711.5,22927
2022-10-03 23:16:01,94,23,3711.75,22950
2022-10-03 23:16:02,7,7,3712.0,22957
2022-10-03 23:16:03,7,-3,3712.0,22954
2022-10-03 23:16:04,13,9,3712.0,22963
2022-10-03 23:16:05,6,4,3712.0,22967
2022-10-03 23:16:09,33,12,3712.0,22979
2022-10-03 23:16:10,19,11,3712.0,22990
2022-10-03 23:16:13,24,8,3712.0,22998
2022-10-03 23:16:14,21,9,3712.0,23007
2022-10-03 23:16:17,26,2,3712.0,23009
2022-10-03 23:16:18,4,3,3712.0,23012
2022-10-03 23:16:19,4,-4,3711.75,23008
2022-10-03 23:16:20,1,1,3712.0,23009
2022-10-03 23:16:21,8,0,3712.0,23009
2022-10-03 23:16:25,11,8,3711.75,23017
2022-10-03 23:16:27,13,3,3712.0,23020
2022-10-03 23:16:30,1,1,3712.0,23021
2022-10-03 23:16:32,56,31,3712.25,23052
2022-10-03 23:16:33,1,1,3712.25,23053
2022-10-03 23:16:34,1,1,3712.25,23054
2022-10-03 23:16:37,32,-11,3712.25,23043
2022-10-03 23:16:44,2,0,3712.0,23043
2022-10-03 23:16:46,4,4,3712.0,23047
2022-10-03 23:16:54,13,-7,3711.75,23040
2022-10-03 23:16:55,9,2,3712.0,23042
2022-10-03 23:16:57,8,3,3712.0,23045
2022-10-03 23:17:00,1,1,3712.0,23046
2022-10-03 23:17:02,2,1,3712.0,23047
2022-10-03 23:17:03,2,1,3712.0,23048
2022-10-03 23:17:04,23,5,3712.0,23053
2022-10-03 23:17:05,9,7,3712.0,23060
2022-10-03 23:17:07,3,3,3712.0,23063
2022-10-03 23:17:08,43,33,3712.25,23096
2022-10-03 23:17:10,8,6,3712.25,23102
2022-10-03 23:17:11,1,-1,3712.0,23101
2022-10-03 23:17:17,1,1,3712.25,23102
2022-10-03 23:17:19,1,-1,3712.0,23101
2022-10-03 23:17:24,1,-1,3712.0,23100
2022-10-03 23:17:27,33,-9,3712.0,23091
2022-10-03 23:17:28,1,1,3712.25,23092
2022-10-03 23:17:29,1,1,3712.25,23093
2022-10-03 23:17:31,1,-1,3712.0,23092
2022-10-03 23:17:34,1,1,3712.25,23093
2022-10-03 23:17:35,1,1,3712.25,23094
2022-10-03 23:17:44,4,2,3712.25,23096
2022-10-03 23:17:47,1,1,3712.25,23097
2022-10-03 23:17:53,26,-11,3712.0,23086
2022-10-03 23:17:54,3,-2,3711.75,23084
2022-10-03 23:17:57,26,26,3712.25,23110
2022-10-03 23:17:59,12,-9,3712.0,23101
2022-10-03 23:18:01,3,2,3712.25,23103
2022-10-03 23:18:04,1,-1,3712.0,23102
2022-10-03 23:18:11,1,1,3712.25,23103
2022-10-03 23:18:14,16,-5,3712.0,23098
2022-10-03 23:18:15,34,-13,3711.75,23085
2022-10-03 23:18:16,6,4,3712.0,23089
2022-10-03 23:18:30,3,-3,3712.0,23086
2022-10-03 23:18:32,10,-6,3712.0,23080
2022-10-03 23:18:33,144,43,3712.5,23123
2022-10-03 23:18:34,20,3,3712.25,23126
2022-10-03 23:18:40,32,-15,3712.5,23111
2022-10-03 23:18:41,2,0,3712.25,23111
2022-10-03 23:18:44,1,-1,3712.0,23110
2022-10-03 23:18:50,4,4,3712.25,23114
2022-10-03 23:18:51,1,-1,3712.25,23113
2022-10-03 23:18:52,3,0,3712.5,23113
2022-10-03 23:18:55,56,23,3712.5,23136
2022-10-03 23:18:56,18,-13,3712.25,23123
2022-10-03 23:18:58,3,2,3712.25,23125
2022-10-03 23:19:00,4,3,3712.25,23128
2022-10-03 23:19:02,2,2,3712.25,23130
2022-10-03 23:19:07,16,-15,3712.0,23115
2022-10-03 23:19:08,19,-6,3712.0,23109
2022-10-03 23:19:20,2,-2,3711.75,23107
2022-10-03 23:19:22,1,1,3712.0,23108
2022-10-03 23:19:28,63,50,3712.5,23158
2022-10-03 23:19:29,1,1,3712.5,23159
2022-10-03 23:19:30,1,-1,3712.25,23158
2022-10-03 23:19:32,6,-3,3712.25,23155
2022-10-03 23:19:34,1,1,3712.25,23156
2022-10-03 23:19:38,15,-8,3712.25,23148
2022-10-03 23:19:39,15,-12,3712.0,23136
2022-10-03 23:19:40,7,3,3712.0,23139
2022-10-03 23:19:47,1,1,3712.0,23140
2022-10-03 23:19:48,28,10,3712.0,23150
2022-10-03 23:19:55,4,-1,3712.25,23149
2022-10-03 23:19:56,8,7,3712.25,23156
2022-10-03 23:19:57,2,1,3712.5,23157
2022-10-03 23:19:58,1,-1,3712.25,23156
2022-10-03 23:19:59,1,-1,3712.25,23155
2022-10-03 23:20:00,12,-7,3712.25,23148
2022-10-03 23:20:02,4,3,3712.5,23151
2022-10-03 23:20:05,6,-4,3712.25,23147
2022-10-03 23:20:08,10,-4,3712.25,23143
2022-10-03 23:20:11,1,-1,3712.25,23142
2022-10-03 23:20:12,5,2,3712.5,23144
2022-10-03 23:20:22,35,-3,3712.25,23141
2022-10-03 23:20:23,11,-6,3712.25,23135
2022-10-03 23:20:30,57,-21,3712.0,23114
2022-10-03 23:20:31,2,-2,3712.0,23112
2022-10-03 23:20:33,1,-1,3712.0,23111
2022-10-03 23:20:34,1,-1,3712.0,23110
2022-10-03 23:20:38,1,-1,3712.0,23109
2022-10-03 23:20:39,143,-24,3712.0,23085
2022-10-03 23:20:40,6,-4,3711.25,23081
2022-10-03 23:20:41,39,-5,3711.25,23076
2022-10-03 23:20:42,1,-1,3711.25,23075
2022-10-03 23:20:43,1,-1,3711.25,23074
2022-10-03 23:20:45,20,5,3711.5,23079
2022-10-03 23:20:46,1,-1,3711.25,23078
2022-10-03 23:20:47,5,1,3711.5,23079
2022-10-03 23:20:50,1,1,3711.5,23080
2022-10-03 23:20:53,17,-11,3711.25,23069
2022-10-03 23:20:54,20,-5,3711.25,23064
2022-10-03 23:20:57,1,1,3711.25,23065
2022-10-03 23:20:58,1,1,3711.25,23066
2022-10-03 23:21:12,6,6,3711.25,23072
2022-10-03 23:21:14,4,4,3711.5,23076
2022-10-03 23:21:15,9,-9,3711.25,23067
2022-10-03 23:21:18,1,-1,3711.25,23066
2022-10-03 23:21:22,1,-1,3711.25,23065
2022-10-03 23:21:24,2,-1,3711.25,23064
2022-10-03 23:21:26,2,-2,3711.25,23062
2022-10-03 23:21:27,6,-5,3711.25,23057
2022-10-03 23:21:29,1,1,3711.25,23058
2022-10-03 23:21:30,3,3,3711.25,23061
2022-10-03 23:21:36,1,1,3711.25,23062
2022-10-03 23:21:39,1,1,3711.25,23063
2022-10-03 23:21:44,9,6,3711.5,23069
2022-10-03 23:21:49,1,-1,3711.25,23068
2022-10-03 23:21:50,1,-1,3711.25,23067
2022-10-03 23:21:53,1,1,3711.5,23068
2022-10-03 23:21:56,2,2,3711.5,23070
2022-10-03 23:22:02,1,1,3711.5,23071
2022-10-03 23:22:03,1,-1,3711.5,23070
2022-10-03 23:22:07,1,1,3711.5,23071
2022-10-03 23:22:12,1,1,3711.5,23072
2022-10-03 23:22:17,1,1,3711.75,23073
2022-10-03 23:22:20,1,1,3711.75,23074
2022-10-03 23:22:22,24,0,3712.0,23074
2022-10-03 23:22:26,16,4,3712.0,23078
2022-10-03 23:22:27,4,2,3712.25,23080
2022-10-03 23:22:32,34,2,3712.25,23082
2022-10-03 23:22:36,6,-6,3712.25,23076
2022-10-03 23:22:44,8,-7,3712.25,23069
2022-10-03 23:22:46,21,-2,3712.25,23067
2022-10-03 23:22:48,3,-2,3712.0,23065
2022-10-03 23:22:52,1,1,3712.0,23066
2022-10-03 23:22:56,13,11,3712.0,23077
2022-10-03 23:22:57,10,8,3712.0,23085
2022-10-03 23:23:01,1,1,3712.0,23086
2022-10-03 23:23:03,30,8,3712.0,23094
2022-10-03 23:23:04,12,8,3712.0,23102
2022-10-03 23:23:05,2,-1,3712.0,23101
2022-10-03 23:23:07,1,-1,3712.0,23100
2022-10-03 23:23:08,6,6,3712.25,23106
2022-10-03 23:23:14,35,8,3712.5,23114
2022-10-03 23:23:15,1,1,3712.5,23115
2022-10-03 23:23:17,10,1,3712.5,23116
2022-10-03 23:23:24,30,2,3712.5,23118
2022-10-03 23:23:29,1,1,3712.5,23119
2022-10-03 23:23:31,1,1,3712.5,23120
2022-10-03 23:23:34,26,1,3712.5,23121
2022-10-03 23:23:37,1,1,3712.5,23122
2022-10-03 23:23:39,2,1,3712.5,23123
2022-10-03 23:23:41,7,-4,3712.5,23119
2022-10-03 23:23:42,94,45,3712.75,23164
2022-10-03 23:23:43,10,5,3712.75,23169
2022-10-03 23:23:45,2,1,3712.75,23170
2022-10-03 23:23:47,1,1,3712.75,23171
2022-10-03 23:23:49,1,-1,3712.5,23170
2022-10-03 23:23:50,29,15,3712.75,23185
2022-10-03 23:23:51,1,1,3712.75,23186
2022-10-03 23:23:53,4,3,3712.75,23189
2022-10-03 23:23:56,34,25,3712.75,23214
2022-10-03 23:23:57,1,1,3712.75,23215
2022-10-03 23:23:59,2,2,3712.75,23217
2022-10-03 23:24:01,14,-7,3712.5,23210
2022-10-03 23:24:04,6,-6,3712.5,23204
2022-10-03 23:24:06,10,1,3712.5,23205
2022-10-03 23:24:07,15,0,3712.5,23205
2022-10-03 23:24:08,1,-1,3712.5,23204
2022-10-03 23:24:10,4,-3,3712.5,23201
2022-10-03 23:24:12,6,3,3712.5,23204
2022-10-03 23:24:19,21,10,3712.75,23214
2022-10-03 23:24:21,17,-6,3712.75,23208
2022-10-03 23:24:23,9,-4,3712.75,23204
2022-10-03 23:24:26,6,1,3712.75,23205
2022-10-03 23:24:27,4,1,3712.75,23206
2022-10-03 23:24:28,4,-1,3712.75,23205
2022-10-03 23:24:31,4,-2,3712.75,23203
2022-10-03 23:24:32,4,3,3712.75,23206
2022-10-03 23:24:35,1,1,3712.75,23207
2022-10-03 23:24:36,2,2,3712.75,23209
2022-10-03 23:24:38,2,2,3712.75,23211
2022-10-03 23:24:39,13,5,3712.75,23216
2022-10-03 23:24:45,17,8,3712.75,23224
2022-10-03 23:24:46,9,-6,3712.75,23218
2022-10-03 23:24:48,4,2,3712.75,23220
2022-10-03 23:24:51,1,-1,3712.75,23219
2022-10-03 23:24:54,2,2,3712.75,23221
2022-10-03 23:24:56,8,6,3713.0,23227
2022-10-03 23:24:57,1,-1,3712.75,23226
2022-10-03 23:25:00,20,-10,3713.0,23216
2022-10-03 23:25:03,1,-1,3712.5,23215
2022-10-03 23:25:05,1,-1,3712.5,23214
2022-10-03 23:25:06,21,-9,3712.5,23205
2022-10-03 23:25:09,13,2,3712.5,23207
2022-10-03 23:25:10,1,-1,3712.5,23206
2022-10-03 23:25:11,7,-1,3712.75,23205
2022-10-03 23:25:12,17,13,3712.75,23218
2022-10-03 23:25:13,2,-1,3712.5,23217
2022-10-03 23:25:16,2,-1,3712.5,23216
2022-10-03 23:25:17,12,-8,3712.75,23208
2022-10-03 23:25:28,43,6,3712.5,23214
2022-10-03 23:25:29,11,5,3712.75,23219
2022-10-03 23:25:35,7,0,3712.5,23219
2022-10-03 23:25:42,19,-5,3712.75,23214
2022-10-03 23:25:43,6,2,3712.5,23216
2022-10-03 23:25:44,7,-4,3712.5,23212
2022-10-03 23:25:47,10,2,3712.5,23214
2022-10-03 23:25:49,3,1,3712.5,23215
2022-10-03 23:25:50,21,7,3712.5,23222
2022-10-03 23:25:51,40,27,3712.75,23249
2022-10-03 23:25:52,3,-2,3712.75,23247
2022-10-03 23:25:53,10,9,3712.75,23256
2022-10-03 23:25:58,2,2,3712.75,23258
2022-10-03 23:26:03,1,1,3712.75,23259
2022-10-03 23:26:09,1,1,3713.0,23260
2022-10-03 23:26:14,24,-8,3713.0,23252
2022-10-03 23:26:17,50,-10,3712.5,23242
2022-10-03 23:26:18,12,9,3712.5,23251
2022-10-03 23:26:19,11,6,3712.75,23257
2022-10-03 23:26:20,9,0,3712.75,23257
2022-10-03 23:26:24,9,3,3712.75,23260
2022-10-03 23:26:25,4,-2,3712.75,23258
2022-10-03 23:26:27,11,-2,3712.75,23256
2022-10-03 23:26:31,7,-3,3712.75,23253
2022-10-03 23:26:53,23,3,3712.5,23256
2022-10-03 23:26:54,11,1,3712.5,23257
2022-10-03 23:26:55,4,2,3712.75,23259
2022-10-03 23:26:58,1,-1,3712.5,23258
2022-10-03 23:27:00,1,-1,3712.5,23257
2022-10-03 23:27:01,1,-1,3712.5,23256
2022-10-03 23:27:04,19,-1,3712.75,23255
2022-10-03 23:27:06,1,-1,3712.5,23254
2022-10-03 23:27:09,1,-1,3712.5,23253
2022-10-03 23:27:13,18,12,3713.0,23265
2022-10-03 23:27:15,6,6,3713.0,23271
2022-10-03 23:27:17,1,-1,3712.75,23270
2022-10-03 23:27:18,3,-2,3712.75,23268
2022-10-03 23:27:28,1,1,3713.0,23269
2022-10-03 23:27:29,1,1,3713.0,23270
2022-10-03 23:27:32,2,1,3713.0,23271
2022-10-03 23:27:34,1,1,3713.0,23272
2022-10-03 23:27:35,18,-12,3712.75,23260
2022-10-03 23:27:39,1,1,3712.75,23261
2022-10-03 23:27:40,1,1,3712.75,23262
2022-10-03 23:27:47,24,5,3712.75,23267
2022-10-03 23:27:50,17,-9,3712.75,23258
2022-10-03 23:27:54,1,-1,3712.5,23257
2022-10-03 23:28:01,1,1,3712.75,23258
2022-10-03 23:28:09,64,31,3713.0,23289
2022-10-03 23:28:10,6,3,3713.0,23292
2022-10-03 23:28:12,29,14,3713.0,23306
2022-10-03 23:28:17,4,4,3713.0,23310
2022-10-03 23:28:20,5,4,3713.0,23314
2022-10-03 23:28:27,13,-6,3712.75,23308
2022-10-03 23:28:28,36,2,3712.5,23310
2022-10-03 23:28:29,10,6,3712.5,23316
2022-10-03 23:28:35,21,5,3712.5,23321
2022-10-03 23:28:36,1,1,3712.75,23322
2022-10-03 23:28:44,1,-1,3712.5,23321
2022-10-03 23:28:49,1,-1,3712.5,23320
2022-10-03 23:28:50,30,2,3712.5,23322
2022-10-03 23:28:51,3,-2,3712.5,23320
2022-10-03 23:28:54,16,3,3712.5,23323
2022-10-03 23:28:57,1,-1,3712.5,23322
2022-10-03 23:28:59,1,-1,3712.5,23321
2022-10-03 23:29:00,26,-5,3712.5,23316
2022-10-03 23:29:02,34,14,3712.75,23330
2022-10-03 23:29:05,5,4,3713.0,23334
2022-10-03 23:29:12,1,-1,3712.75,23333
2022-10-03 23:29:14,1,1,3713.0,23334
2022-10-03 23:29:18,1,-1,3712.75,23333
2022-10-03 23:29:20,15,-10,3712.75,23323
2022-10-03 23:29:26,41,1,3712.5,23324
2022-10-03 23:29:27,17,4,3712.5,23328
2022-10-03 23:29:28,5,4,3712.5,23332
2022-10-03 23:29:30,25,12,3712.75,23344
2022-10-03 23:29:31,10,-2,3712.75,23342
2022-10-03 23:29:32,12,2,3713.0,23344
2022-10-03 23:29:33,10,-6,3712.75,23338
2022-10-03 23:29:40,1,1,3712.75,23339
2022-10-03 23:29:44,20,-6,3712.5,23333
2022-10-03 23:29:45,2,0,3712.5,23333
2022-10-03 23:29:46,1,-1,3712.5,23332
2022-10-03 23:29:47,22,6,3712.75,23338
2022-10-03 23:29:49,1,-1,3712.75,23337
2022-10-03 23:29:50,1,-1,3712.75,23336
2022-10-03 23:29:53,1,1,3712.75,23337
2022-10-03 23:29:58,1,-1,3712.5,23336
2022-10-03 23:29:59,14,-9,3712.5,23327
2022-10-03 23:30:00,17,7,3712.75,23334
2022-10-03 23:30:01,27,11,3713.0,23345
2022-10-03 23:30:02,386,156,3714.0,23501
2022-10-03 23:30:03,210,40,3714.25,23541
2022-10-03 23:30:04,5,1,3714.25,23542
2022-10-03 23:30:06,9,7,3714.25,23549
2022-10-03 23:30:08,55,8,3714.25,23557
2022-10-03 23:30:09,161,6,3714.0,23563
2022-10-03 23:30:10,88,31,3714.25,23594
2022-10-03 23:30:11,19,-9,3714.0,23585
2022-10-03 23:30:13,24,-17,3714.0,23568
2022-10-03 23:30:14,15,-1,3713.25,23567
2022-10-03 23:30:15,13,10,3713.25,23577
2022-10-03 23:30:16,10,-3,3713.5,23574
2022-10-03 23:30:18,5,-3,3713.25,23571
2022-10-03 23:30:20,55,2,3713.0,23573
2022-10-03 23:30:21,30,4,3712.75,23577
2022-10-03 23:30:22,12,5,3712.75,23582
2022-10-03 23:30:24,4,-3,3712.75,23579
2022-10-03 23:30:25,5,3,3713.0,23582
2022-10-03 23:30:26,15,6,3713.25,23588
2022-10-03 23:30:27,3,-2,3713.25,23586
2022-10-03 23:30:28,2,3,3713.5,23589
2022-10-03 23:30:29,13,3,3713.75,23592
2022-10-03 23:30:30,26,-10,3713.75,23582
2022-10-03 23:30:31,26,4,3714.0,23586
2022-10-03 23:30:32,12,-5,3714.0,23581
2022-10-03 23:30:33,19,-7,3714.0,23574
2022-10-03 23:30:34,84,-33,3714.0,23541
2022-10-03 23:30:35,17,2,3713.5,23543
2022-10-03 23:30:36,18,-13,3713.5,23530
2022-10-03 23:30:37,12,-7,3713.25,23523
2022-10-03 23:30:38,28,28,3713.5,23551
2022-10-03 23:30:39,22,-10,3713.5,23541
2022-10-03 23:30:40,9,7,3713.5,23548
2022-10-03 23:30:42,29,10,3713.75,23558
2022-10-03 23:30:43,27,-3,3714.25,23555
2022-10-03 23:30:44,10,2,3714.0,23557
2022-10-03 23:30:45,36,-3,3714.0,23554
2022-10-03 23:30:46,65,12,3714.25,23566
2022-10-03 23:30:47,29,6,3714.0,23572
2022-10-03 23:30:48,82,-38,3714.0,23534
2022-10-03 23:30:49,24,6,3713.75,23540
2022-10-03 23:30:50,35,-2,3713.75,23538
2022-10-03 23:30:51,22,9,3713.75,23547
2022-10-03 23:30:52,10,4,3713.75,23551
2022-10-03 23:30:53,12,7,3713.75,23558
2022-10-03 23:30:54,11,-7,3713.5,23551
2022-10-03 23:30:55,7,1,3713.75,23552
2022-10-03 23:30:57,7,-4,3713.75,23548
2022-10-03 23:30:58,3,2,3713.75,23550
2022-10-03 23:30:59,2,-1,3713.75,23549
2022-10-03 23:31:00,37,-18,3713.75,23531
2022-10-03 23:31:01,19,8,3713.75,23539
2022-10-03 23:31:02,10,-7,3713.75,23532
2022-10-03 23:31:03,6,-1,3714.0,23531
2022-10-03 23:31:04,12,7,3714.0,23538
2022-10-03 23:31:05,20,-7,3713.75,23531
2022-10-03 23:31:06,13,5,3713.5,23536
2022-10-03 23:31:07,12,3,3713.5,23539
2022-10-03 23:31:08,8,-2,3713.5,23537
2022-10-03 23:31:10,9,0,3713.75,23537
2022-10-03 23:31:11,13,-7,3713.5,23530
2022-10-03 23:31:12,34,2,3713.5,23532
2022-10-03 23:31:13,9,3,3713.25,23535
2022-10-03 23:31:14,12,-4,3713.25,23531
2022-10-03 23:31:15,6,3,3713.5,23534
2022-10-03 23:31:16,86,45,3714.5,23579
2022-10-03 23:31:17,12,-1,3714.25,23578
2022-10-03 23:31:18,4,2,3714.0,23580
2022-10-03 23:31:19,52,30,3714.5,23610
2022-10-03 23:31:20,1,1,3714.5,23611
2022-10-03 23:31:21,3,1,3714.25,23612
2022-10-03 23:31:23,15,-3,3714.5,23609
2022-10-03 23:31:24,1,-1,3714.0,23608
2022-10-03 23:31:26,5,1,3714.0,23609
2022-10-03 23:31:27,7,0,3714.25,23609
2022-10-03 23:31:28,2,0,3714.5,23609
2022-10-03 23:31:30,21,9,3714.5,23618
2022-10-03 23:31:33,11,3,3714.25,23621
2022-10-03 23:31:34,10,1,3714.0,23622
2022-10-03 23:31:35,8,-1,3714.0,23621
2022-10-03 23:31:37,11,-2,3714.0,23619
2022-10-03 23:31:38,15,-11,3713.75,23608
2022-10-03 23:31:39,131,85,3714.75,23693
2022-10-03 23:31:40,2,2,3714.25,23695
2022-10-03 23:31:42,6,-4,3714.25,23691
2022-10-03 23:31:44,2,1,3714.25,23692
2022-10-03 23:31:45,2,2,3714.25,23694
2022-10-03 23:31:46,11,1,3714.5,23695
2022-10-03 23:31:47,1,1,3714.5,23696
2022-10-03 23:31:48,4,0,3714.5,23696
2022-10-03 23:31:49,3,-3,3714.5,23693
2022-10-03 23:31:50,12,-7,3714.75,23686
2022-10-03 23:31:51,5,0,3714.5,23686
2022-10-03 23:31:52,6,2,3714.5,23688
2022-10-03 23:31:53,2,0,3714.5,23688
2022-10-03 23:31:54,2,-1,3714.5,23687
2022-10-03 23:31:55,8,-1,3714.5,23686
2022-10-03 23:31:56,4,-1,3714.5,23685
2022-10-03 23:31:57,27,14,3714.75,23699
2022-10-03 23:31:58,13,7,3714.75,23706
2022-10-03 23:31:59,2,0,3714.75,23706
2022-10-03 23:32:00,8,2,3714.25,23708
2022-10-03 23:32:01,6,-2,3714.25,23706
2022-10-03 23:32:02,6,-3,3714.25,23703
2022-10-03 23:32:05,59,-11,3714.0,23692
2022-10-03 23:32:06,9,-1,3713.5,23691
2022-10-03 23:32:07,4,0,3713.75,23691
2022-10-03 23:32:10,4,3,3713.75,23694
2022-10-03 23:32:11,5,3,3713.75,23697
2022-10-03 23:32:14,2,2,3713.75,23699
2022-10-03 23:32:17,7,-3,3713.75,23696
2022-10-03 23:32:19,1,1,3713.75,23697
2022-10-03 23:32:21,3,3,3714.0,23700
2022-10-03 23:32:22,2,-2,3714.0,23698
2022-10-03 23:32:23,2,2,3714.25,23700
2022-10-03 23:32:25,1,-1,3714.25,23699
2022-10-03 23:32:26,7,-1,3714.25,23698
2022-10-03 23:32:27,13,1,3714.5,23699
2022-10-03 23:32:28,2,1,3714.25,23700
2022-10-03 23:32:31,25,18,3714.5,23718
2022-10-03 23:32:34,8,-3,3714.5,23715
2022-10-03 23:32:36,7,6,3714.75,23721
2022-10-03 23:32:37,6,-5,3714.5,23716
2022-10-03 23:32:40,7,5,3714.75,23721
2022-10-03 23:32:41,45,16,3714.75,23737
2022-10-03 23:32:43,16,-7,3714.75,23730
2022-10-03 23:32:44,6,-2,3714.75,23728
2022-10-03 23:32:45,3,-3,3714.75,23725
2022-10-03 23:32:46,35,23,3715.0,23748
2022-10-03 23:32:47,53,29,3715.0,23777
2022-10-03 23:32:48,7,3,3715.0,23780
2022-10-03 23:32:49,20,-12,3714.75,23768
2022-10-03 23:32:50,19,-6,3714.25,23762
2022-10-03 23:32:51,2,2,3714.5,23764
2022-10-03 23:32:52,2,-1,3714.5,23763
2022-10-03 23:32:53,1,1,3714.5,23764
2022-10-03 23:32:54,2,-1,3714.25,23763
2022-10-03 23:32:56,6,2,3714.5,23765
2022-10-03 23:32:57,9,5,3714.25,23770
2022-10-03 23:32:58,1,-1,3714.25,23769
2022-10-03 23:33:00,26,7,3714.5,23776
2022-10-03 23:33:01,6,-2,3714.25,23774
2022-10-03 23:33:02,2,1,3714.25,23775
2022-10-03 23:33:03,1,-1,3714.0,23774
2022-10-03 23:33:05,2,2,3714.0,23776
2022-10-03 23:33:08,1,-1,3714.0,23775
2022-10-03 23:33:09,2,0,3714.0,23775
2022-10-03 23:33:11,9,3,3714.25,23778
2022-10-03 23:33:20,11,-2,3714.25,23776
2022-10-03 23:33:21,3,2,3714.25,23778
2022-10-03 23:33:23,4,-4,3714.0,23774
2022-10-03 23:33:25,4,-3,3714.0,23771
2022-10-03 23:33:26,4,0,3714.25,23771
2022-10-03 23:33:27,1,1,3714.25,23772
2022-10-03 23:33:30,3,3,3714.25,23775
2022-10-03 23:33:31,1,1,3714.25,23776
2022-10-03 23:33:32,11,-2,3714.25,23774
2022-10-03 23:33:34,3,-1,3714.0,23773
2022-10-03 23:33:36,1,1,3714.0,23774
2022-10-03 23:33:38,5,0,3714.25,23774
2022-10-03 23:33:39,2,2,3714.25,23776
2022-10-03 23:33:40,13,4,3714.5,23780
2022-10-03 23:33:42,1,1,3714.5,23781
2022-10-03 23:33:44,3,1,3714.25,23782
2022-10-03 23:33:45,1,-1,3714.25,23781
2022-10-03 23:33:48,6,3,3714.25,23784
2022-10-03 23:33:51,4,-1,3714.0,23783
2022-10-03 23:33:53,13,-4,3714.5,23779
2022-10-03 23:33:54,7,-1,3714.5,23778
2022-10-03 23:33:55,4,-3,3714.5,23775
2022-10-03 23:33:56,3,-1,3714.5,23774
2022-10-03 23:33:57,2,0,3714.5,23774
2022-10-03 23:33:58,6,2,3714.75,23776
2022-10-03 23:34:00,6,0,3714.5,23776
2022-10-03 23:34:01,24,7,3714.5,23783
2022-10-03 23:34:02,18,2,3714.5,23785
2022-10-03 23:34:03,1,-1,3714.5,23784
2022-10-03 23:34:05,13,-4,3714.25,23780
2022-10-03 23:34:07,3,2,3714.5,23782
2022-10-03 23:34:08,6,-3,3714.25,23779
2022-10-03 23:34:09,1,1,3714.5,23780
2022-10-03 23:34:12,9,9,3714.75,23789
2022-10-03 23:34:13,1,-1,3714.75,23788
2022-10-03 23:34:16,10,-6,3714.75,23782
2022-10-03 23:34:17,3,0,3714.75,23782
2022-10-03 23:34:19,1,-1,3714.75,23781
2022-10-03 23:34:20,2,-2,3714.75,23779
2022-10-03 23:34:23,6,-2,3714.75,23777
2022-10-03 23:34:25,1,-1,3714.75,23776
2022-10-03 23:34:28,3,1,3715.0,23777
2022-10-03 23:34:30,6,0,3715.0,23777
2022-10-03 23:34:31,16,13,3715.0,23790
2022-10-03 23:34:33,11,-1,3715.0,23789
2022-10-03 23:34:34,3,-3,3714.75,23786
2022-10-03 23:34:36,1,-1,3714.75,23785
2022-10-03 23:34:44,57,12,3715.25,23797
2022-10-03 23:34:46,5,4,3715.25,23801
2022-10-03 23:34:47,62,20,3715.5,23821
2022-10-03 23:34:48,4,-4,3715.25,23817
2022-10-03 23:34:49,3,0,3715.25,23817
2022-10-03 23:34:53,1,-1,3715.25,23816
2022-10-03 23:34:54,2,1,3715.25,23817
2022-10-03 23:34:56,2,2,3715.25,23819
2022-10-03 23:34:59,3,-2,3715.25,23817
2022-10-03 23:35:02,2,0,3715.25,23817
2022-10-03 23:35:03,2,2,3715.5,23819
2022-10-03 23:35:07,1,1,3715.25,23820
2022-10-03 23:35:08,1,-1,3715.25,23819
2022-10-03 23:35:09,1,-1,3715.25,23818
2022-10-03 23:35:11,130,25,3715.75,23843
2022-10-03 23:35:12,7,-4,3715.25,23839
2022-10-03 23:35:14,10,0,3715.5,23839
2022-10-03 23:35:16,2,-1,3715.25,23838
2022-10-03 23:35:19,7,-1,3715.5,23837
2022-10-03 23:35:20,11,4,3715.5,23841
2022-10-03 23:35:21,1,-1,3715.5,23840
2022-10-03 23:35:22,2,0,3715.5,23840
2022-10-03 23:35:25,2,0,3715.5,23840
2022-10-03 23:35:32,4,3,3715.5,23843
2022-10-03 23:35:33,6,-2,3715.5,23841
2022-10-03 23:35:35,2,-2,3715.25,23839
2022-10-03 23:35:37,2,-2,3715.25,23837
2022-10-03 23:35:38,10,-8,3715.0,23829
2022-10-03 23:35:39,5,1,3715.0,23830
2022-10-03 23:35:40,2,2,3715.0,23832
2022-10-03 23:35:42,5,4,3715.0,23836
2022-10-03 23:35:43,4,1,3715.25,23837
2022-10-03 23:35:44,3,0,3715.25,23837
2022-10-03 23:35:46,4,-4,3714.75,23833
2022-10-03 23:35:48,1,-1,3714.75,23832
2022-10-03 23:35:50,1,-1,3714.75,23831
2022-10-03 23:35:51,11,7,3715.25,23838
2022-10-03 23:35:53,4,-1,3715.5,23837
2022-10-03 23:35:54,1,1,3715.5,23838
2022-10-03 23:35:55,3,2,3715.5,23840
2022-10-03 23:35:56,1,1,3715.5,23841
2022-10-03 23:35:57,15,-5,3715.5,23836
2022-10-03 23:36:01,1,1,3715.5,23837
2022-10-03 23:36:02,2,0,3715.75,23837
2022-10-03 23:36:03,26,8,3715.75,23845
2022-10-03 23:36:04,6,-6,3715.5,23839
2022-10-03 23:36:06,6,1,3715.75,23840
2022-10-03 23:36:07,11,-6,3715.5,23834
2022-10-03 23:36:10,2,-2,3715.5,23832
2022-10-03 23:36:11,2,-2,3715.5,23830
2022-10-03 23:36:13,1,-1,3715.25,23829
2022-10-03 23:36:16,2,-2,3715.5,23827
2022-10-03 23:36:17,1,-1,3715.5,23826
2022-10-03 23:36:18,2,-2,3715.5,23824
2022-10-03 23:36:19,4,2,3715.75,23826
2022-10-03 23:36:20,50,22,3715.75,23848
2022-10-03 23:36:21,1,-1,3715.75,23847
2022-10-03 23:36:24,24,-4,3716.0,23843
2022-10-03 23:36:29,2,2,3716.0,23845
2022-10-03 23:36:31,69,29,3716.0,23874
2022-10-03 23:36:32,1,-1,3715.75,23873
2022-10-03 23:36:33,4,-4,3715.75,23869
2022-10-03 23:36:35,1,1,3715.75,23870
2022-10-03 23:36:37,6,-6,3715.5,23864
2022-10-03 23:36:38,2,-1,3715.5,23863
2022-10-03 23:36:40,1,1,3715.5,23864
2022-10-03 23:36:42,2,2,3715.75,23866
2022-10-03 23:36:44,9,-8,3715.75,23858
2022-10-03 23:36:45,1,-1,3715.75,23857
2022-10-03 23:36:46,37,20,3716.0,23877
2022-10-03 23:36:47,24,10,3716.0,23887
2022-10-03 23:36:53,14,-8,3715.75,23879
2022-10-03 23:36:54,61,64,3716.5,23943
2022-10-03 23:36:55,17,-7,3716.0,23936
2022-10-03 23:36:59,1,1,3716.25,23937
2022-10-03 23:37:00,29,4,3716.25,23941
2022-10-03 23:37:01,10,4,3716.25,23945
2022-10-03 23:37:03,3,1,3716.25,23946
2022-10-03 23:37:04,4,-4,3716.25,23942
2022-10-03 23:37:06,17,4,3716.25,23946
2022-10-03 23:37:07,1,1,3716.25,23947
2022-10-03 23:37:09,59,-18,3716.25,23929
2022-10-03 23:37:10,5,-2,3716.25,23927
2022-10-03 23:37:14,3,-1,3716.25,23926
2022-10-03 23:37:16,2,2,3716.25,23928
2022-10-03 23:37:18,1,1,3716.25,23929
2022-10-03 23:37:19,32,26,3716.5,23955
2022-10-03 23:37:21,17,14,3716.5,23969
2022-10-03 23:37:22,41,3,3716.5,23972
2022-10-03 23:37:23,2,1,3716.5,23973
2022-10-03 23:37:26,14,-4,3716.5,23969
2022-10-03 23:37:29,3,2,3716.5,23971
2022-10-03 23:37:31,5,-3,3716.25,23968
2022-10-03 23:37:32,2,2,3716.5,23970
2022-10-03 23:37:34,2,1,3716.5,23971
2022-10-03 23:37:36,169,54,3717.25,24025
2022-10-03 23:37:37,2,2,3717.0,24027
2022-10-03 23:37:38,2,0,3717.0,24027
2022-10-03 23:37:39,46,27,3717.25,24054
2022-10-03 23:37:42,23,-8,3717.0,24046
2022-10-03 23:37:43,1,1,3717.0,24047
2022-10-03 23:37:46,2,0,3717.0,24047
2022-10-03 23:37:48,2,2,3717.0,24049
2022-10-03 23:37:49,37,21,3717.25,24070
2022-10-03 23:37:53,17,-10,3717.25,24060
2022-10-03 23:37:55,3,1,3717.0,24061
2022-10-03 23:37:59,2,2,3717.25,24063
2022-10-03 23:38:00,9,-4,3717.0,24059
2022-10-03 23:38:01,1,-1,3717.0,24058
2022-10-03 23:38:03,21,14,3717.25,24072
2022-10-03 23:38:04,19,-10,3717.0,24062
2022-10-03 23:38:05,2,2,3717.25,24064
2022-10-03 23:38:08,21,-11,3717.25,24053
2022-10-03 23:38:12,9,-3,3716.75,24050
2022-10-03 23:38:15,3,1,3716.75,24051
2022-10-03 23:38:16,2,-2,3716.5,24049
2022-10-03 23:38:18,5,-1,3716.75,24048
2022-10-03 23:38:19,32,12,3717.0,24060
2022-10-03 23:38:20,14,0,3717.0,24060
2022-10-03 23:38:21,1,-1,3716.75,24059
2022-10-03 23:38:22,1,-1,3716.75,24058
2022-10-03 23:38:26,2,0,3717.0,24058
2022-10-03 23:38:28,49,-12,3716.75,24046
2022-10-03 23:38:30,6,5,3716.75,24051
2022-10-03 23:38:31,10,2,3716.75,24053
2022-10-03 23:38:34,6,-4,3716.75,24049
2022-10-03 23:38:35,2,0,3716.75,24049
2022-10-03 23:38:37,2,1,3716.75,24050
2022-10-03 23:38:40,32,6,3717.0,24056
2022-10-03 23:38:42,3,-1,3717.0,24055
2022-10-03 23:38:44,2,-2,3716.75,24053
2022-10-03 23:38:45,1,1,3717.0,24054
2022-10-03 23:38:46,3,-1,3717.0,24053
2022-10-03 23:38:48,13,-4,3716.75,24049
2022-10-03 23:38:49,4,-1,3717.0,24048
2022-10-03 23:38:53,2,2,3716.75,24050
2022-10-03 23:38:54,27,-15,3716.5,24035
2022-10-03 23:38:55,6,-4,3716.25,24031
2022-10-03 23:38:56,8,-3,3716.25,24028
2022-10-03 23:38:57,10,3,3716.25,24031
2022-10-03 23:39:00,8,2,3716.5,24033
2022-10-03 23:39:01,7,3,3716.5,24036
2022-10-03 23:39:02,35,-19,3716.25,24017
2022-10-03 23:39:03,15,1,3716.5,24018
2022-10-03 23:39:05,1,-1,3716.25,24017
2022-10-03 23:39:07,24,-17,3716.0,24000
2022-10-03 23:39:08,42,4,3716.25,24004
2022-10-03 23:39:09,12,-2,3716.0,24002
2022-10-03 23:39:10,5,-3,3716.0,23999
2022-10-03 23:39:11,21,-6,3716.0,23993
2022-10-03 23:39:12,13,9,3716.0,24002
2022-10-03 23:39:13,1,-1,3715.5,24001
2022-10-03 23:39:14,16,-10,3715.5,23991
2022-10-03 23:39:16,1,1,3715.5,23992
2022-10-03 23:39:17,4,1,3715.5,23993
2022-10-03 23:39:18,5,-5,3715.5,23988
2022-10-03 23:39:19,1,1,3715.5,23989
2022-10-03 23:39:20,7,-5,3715.25,23984
2022-10-03 23:39:21,7,3,3715.75,23987
2022-10-03 23:39:22,1,-1,3715.5,23986
2022-10-03 23:39:23,10,8,3715.75,23994
2022-10-03 23:39:24,5,2,3715.75,23996
2022-10-03 23:39:25,1,-1,3715.5,23995
2022-10-03 23:39:27,1,-1,3715.5,23994
2022-10-03 23:39:28,151,43,3716.0,24037
2022-10-03 23:39:30,6,3,3715.5,24040
2022-10-03 23:39:31,4,-4,3715.5,24036
2022-10-03 23:39:32,9,-2,3715.75,24034
2022-10-03 23:39:33,7,-1,3715.5,24033
2022-10-03 23:39:34,1,1,3715.5,24034
2022-10-03 23:39:35,1,1,3715.5,24035
2022-10-03 23:39:36,7,2,3715.75,24037
2022-10-03 23:39:40,10,5,3715.75,24042
2022-10-03 23:39:42,31,15,3716.0,24057
2022-10-03 23:39:45,7,3,3716.25,24060
2022-10-03 23:39:46,13,1,3716.5,24061
2022-10-03 23:39:48,4,-2,3716.25,24059
2022-10-03 23:39:49,7,7,3716.25,24066
2022-10-03 23:39:51,1,1,3716.25,24067
2022-10-03 23:39:55,1,1,3716.5,24068
2022-10-03 23:39:56,3,3,3716.5,24071
2022-10-03 23:39:57,2,-2,3716.25,24069
2022-10-03 23:39:58,7,2,3716.5,24071
2022-10-03 23:40:00,9,1,3716.25,24072
2022-10-03 23:40:01,5,3,3716.5,24075
2022-10-03 23:40:02,1,1,3716.5,24076
2022-10-03 23:40:03,3,-3,3716.25,24073
2022-10-03 23:40:04,5,4,3716.5,24077
2022-10-03 23:40:06,1,1,3716.5,24078
2022-10-03 23:40:10,1,-1,3716.25,24077
2022-10-03 23:40:11,1,1,3716.25,24078
2022-10-03 23:40:13,2,-2,3716.0,24076
2022-10-03 23:40:19,8,0,3716.0,24076
2022-10-03 23:40:23,16,6,3716.25,24082
2022-10-03 23:40:28,1,1,3716.25,24083
2022-10-03 23:40:29,4,-4,3716.25,24079
2022-10-03 23:40:31,1,1,3716.25,24080
2022-10-03 23:40:35,1,1,3716.5,24081
2022-10-03 23:40:36,3,3,3716.5,24084
2022-10-03 23:40:37,9,9,3716.75,24093
2022-10-03 23:40:38,1,1,3717.0,24094
2022-10-03 23:40:39,1,1,3717.0,24095
2022-10-03 23:40:40,17,5,3717.0,24100
2022-10-03 23:40:41,3,-1,3717.0,24099
2022-10-03 23:40:44,1,1,3717.0,24100
2022-10-03 23:40:45,1,-1,3716.75,24099
2022-10-03 23:40:55,12,4,3717.0,24103
2022-10-03 23:40:56,7,7,3717.0,24110
2022-10-03 23:40:57,12,-4,3716.75,24106
2022-10-03 23:40:58,1,-1,3716.5,24105
2022-10-03 23:40:59,2,2,3716.75,24107
2022-10-03 23:41:04,6,-3,3716.75,24104
2022-10-03 23:41:05,7,-2,3716.75,24102
2022-10-03 23:41:06,5,-5,3716.75,24097
2022-10-03 23:41:09,10,9,3717.0,24106
2022-10-03 23:41:10,2,2,3717.0,24108
2022-10-03 23:41:11,4,1,3717.0,24109
2022-10-03 23:41:17,31,2,3717.0,24111
2022-10-03 23:41:18,2,0,3717.0,24111
2022-10-03 23:41:19,3,-1,3717.0,24110
2022-10-03 23:41:20,8,7,3717.25,24117
2022-10-03 23:41:23,3,1,3717.25,24118
2022-10-03 23:41:24,5,3,3717.25,24121
2022-10-03 23:41:25,1,-1,3717.0,24120
2022-10-03 23:41:26,6,-1,3717.0,24119
2022-10-03 23:41:28,1,-1,3717.0,24118
2022-10-03 23:41:29,1,1,3717.0,24119
2022-10-03 23:41:30,3,3,3717.0,24122
2022-10-03 23:41:31,8,6,3717.0,24128
2022-10-03 23:41:34,2,-2,3717.0,24126
2022-10-03 23:41:37,3,-3,3717.0,24123
2022-10-03 23:41:38,2,2,3717.25,24125
2022-10-03 23:41:40,1,1,3717.25,24126
2022-10-03 23:41:41,1,-1,3717.0,24125
2022-10-03 23:41:43,13,8,3717.25,24133
2022-10-03 23:41:45,2,-2,3717.0,24131
2022-10-03 23:41:47,11,-6,3717.0,24125
2022-10-03 23:41:51,9,0,3717.0,24125
2022-10-03 23:41:52,3,0,3717.0,24125
2022-10-03 23:41:53,1,1,3717.0,24126
2022-10-03 23:41:55,4,-2,3717.0,24124
2022-10-03 23:41:56,1,1,3717.0,24125
2022-10-03 23:41:57,5,-3,3717.0,24122
2022-10-03 23:41:59,1,1,3717.0,24123
2022-10-03 23:42:00,10,8,3717.25,24131
2022-10-03 23:42:02,2,2,3717.25,24133
2022-10-03 23:42:03,28,13,3717.25,24146
2022-10-03 23:42:06,1,1,3717.25,24147
2022-10-03 23:42:11,140,26,3717.5,24173
2022-10-03 23:42:12,6,0,3717.0,24173
2022-10-03 23:42:13,1,-1,3717.0,24172
2022-10-03 23:42:16,2,0,3717.25,24172
2022-10-03 23:42:17,2,0,3717.25,24172
2022-10-03 23:42:20,1,1,3717.25,24173
2022-10-03 23:42:21,5,-5,3717.25,24168
2022-10-03 23:42:22,1,1,3717.25,24169
2022-10-03 23:42:24,1,-1,3717.25,24168
2022-10-03 23:42:28,2,-2,3717.25,24166
2022-10-03 23:42:30,1,-1,3717.25,24165
2022-10-03 23:42:33,43,36,3717.5,24201
2022-10-03 23:42:34,168,104,3718.5,24305
2022-10-03 23:42:35,9,5,3718.5,24310
2022-10-03 23:42:37,23,14,3718.75,24324
2022-10-03 23:42:38,131,41,3719.25,24365
2022-10-03 23:42:39,95,34,3719.5,24399
2022-10-03 23:42:40,15,6,3719.75,24405
2022-10-03 23:42:41,18,5,3719.75,24410
2022-10-03 23:42:42,2,2,3719.75,24412
2022-10-03 23:42:43,1,1,3719.75,24413
2022-10-03 23:42:44,2,0,3719.75,24413
2022-10-03 23:42:45,134,70,3720.0,24483
2022-10-03 23:42:46,77,-3,3720.25,24480
2022-10-03 23:42:47,21,4,3720.25,24484
2022-10-03 23:42:48,56,7,3720.5,24491
2022-10-03 23:42:49,33,37,3720.5,24528
2022-10-03 23:42:50,44,25,3720.75,24553
2022-10-03 23:42:51,8,-5,3720.5,24548
2022-10-03 23:42:52,57,36,3720.5,24584
2022-10-03 23:42:53,7,1,3720.5,24585
2022-10-03 23:42:54,14,-9,3720.25,24576
2022-10-03 23:42:55,7,7,3720.25,24583
2022-10-03 23:42:56,6,4,3720.5,24587
2022-10-03 23:42:57,22,8,3720.5,24595
2022-10-03 23:42:58,7,-5,3720.5,24590
2022-10-03 23:42:59,30,7,3720.5,24597
2022-10-03 23:43:00,27,-6,3720.5,24591
2022-10-03 23:43:01,1,1,3720.5,24592
2022-10-03 23:43:02,2,-2,3720.25,24590
2022-10-03 23:43:03,25,-1,3720.5,24589
2022-10-03 23:43:04,5,1,3720.5,24590
2022-10-03 23:43:05,9,2,3720.75,24592
2022-10-03 23:43:06,3,-1,3720.75,24591
2022-10-03 23:43:07,58,29,3720.75,24620
2022-10-03 23:43:08,5,1,3720.5,24621
2022-10-03 23:43:09,7,1,3720.5,24622
2022-10-03 23:43:10,8,2,3720.75,24624
2022-10-03 23:43:11,6,3,3720.75,24627
2022-10-03 23:43:12,1,-1,3720.5,24626
2022-10-03 23:43:13,5,-1,3720.75,24625
2022-10-03 23:43:15,6,-2,3720.5,24623
2022-10-03 23:43:16,5,2,3720.75,24625
2022-10-03 23:43:17,51,3,3720.75,24628
2022-10-03 23:43:18,2,2,3720.75,24630
2022-10-03 23:43:19,9,3,3720.75,24633
2022-10-03 23:43:20,567,163,3722.75,24796
2022-10-03 23:43:21,27,-1,3721.0,24795
2022-10-03 23:43:22,8,8,3721.0,24803
2022-10-03 23:43:23,35,20,3721.5,24823
2022-10-03 23:43:24,22,12,3721.75,24835
2022-10-03 23:43:25,116,58,3722.75,24893
2022-10-03 23:43:27,105,-12,3722.0,24881
2022-10-03 23:43:28,69,13,3721.75,24894
2022-10-03 23:43:30,1,-1,3721.5,24893
2022-10-03 23:43:33,9,-8,3721.5,24885
2022-10-03 23:43:34,1,-1,3721.25,24884
2022-10-03 23:43:35,1,-1,3721.25,24883
2022-10-03 23:43:37,2,0,3721.5,24883
2022-10-03 23:43:38,39,-13,3721.25,24870
2022-10-03 23:43:39,26,-6,3721.0,24864
2022-10-03 23:43:40,40,-12,3720.75,24852
2022-10-03 23:43:41,3,-2,3720.5,24850
2022-10-03 23:43:42,5,3,3720.5,24853
2022-10-03 23:43:46,17,-12,3720.75,24841
2022-10-03 23:43:47,5,1,3720.5,24842
2022-10-03 23:43:49,4,2,3720.5,24844
2022-10-03 23:43:50,6,-6,3720.5,24838
2022-10-03 23:43:52,9,-1,3720.5,24837
2022-10-03 23:43:53,18,-5,3720.25,24832
2022-10-03 23:43:54,11,4,3720.5,24836
2022-10-03 23:43:55,1,-1,3720.5,24835
2022-10-03 23:43:59,6,-4,3720.5,24831
2022-10-03 23:44:00,28,15,3720.75,24846
2022-10-03 23:44:01,4,-3,3720.5,24843
2022-10-03 23:44:03,5,-1,3720.25,24842
2022-10-03 23:44:04,4,0,3720.25,24842
2022-10-03 23:44:05,4,0,3720.25,24842
2022-10-03 23:44:06,9,1,3720.25,24843
2022-10-03 23:44:07,32,-2,3720.5,24841
2022-10-03 23:44:08,40,-20,3720.0,24821
2022-10-03 23:44:09,2,-2,3719.75,24819
2022-10-03 23:44:10,14,1,3720.0,24820
2022-10-03 23:44:11,14,8,3720.0,24828
2022-10-03 23:44:12,5,-1,3720.25,24827
2022-10-03 23:44:13,4,-4,3720.0,24823
2022-10-03 23:44:14,6,2,3720.0,24825
2022-10-03 23:44:15,2,-2,3720.0,24823
2022-10-03 23:44:17,2,2,3720.0,24825
2022-10-03 23:44:18,1,-1,3720.0,24824
2022-10-03 23:44:19,4,-3,3720.0,24821
2022-10-03 23:44:21,9,9,3720.0,24830
2022-10-03 23:44:23,31,-19,3719.75,24811
2022-10-03 23:44:24,7,-3,3719.75,24808
2022-10-03 23:44:25,31,-13,3719.5,24795
2022-10-03 23:44:26,34,13,3719.5,24808
2022-10-03 23:44:27,2,1,3719.5,24809
2022-10-03 23:44:28,2,-2,3719.25,24807
2022-10-03 23:44:29,1,1,3719.5,24808
2022-10-03 23:44:30,4,-2,3719.5,24806
2022-10-03 23:44:31,4,2,3719.5,24808
2022-10-03 23:44:32,15,-9,3719.25,24799
2022-10-03 23:44:33,3,-3,3719.0,24796
2022-10-03 23:44:35,5,0,3719.0,24796
2022-10-03 23:44:36,11,-11,3718.75,24785
2022-10-03 23:44:37,8,2,3719.0,24787
2022-10-03 23:44:38,2,0,3719.0,24787
2022-10-03 23:44:39,6,0,3719.0,24787
2022-10-03 23:44:40,6,0,3719.0,24787
2022-10-03 23:44:42,31,42,3719.75,24829
2022-10-03 23:44:43,3,1,3719.5,24830
2022-10-03 23:44:45,1,1,3719.5,24831
2022-10-03 23:44:46,10,6,3719.75,24837
2022-10-03 23:44:48,1,-1,3719.5,24836
2022-10-03 23:44:49,1,-1,3719.5,24835
2022-10-03 23:44:51,1,-1,3719.5,24834
2022-10-03 23:44:52,10,10,3720.0,24844
2022-10-03 23:44:53,3,-3,3719.75,24841
2022-10-03 23:44:58,8,-6,3720.0,24835
2022-10-03 23:44:59,5,-5,3719.75,24830
2022-10-03 23:45:00,11,0,3719.75,24830
2022-10-03 23:45:01,5,1,3719.75,24831
2022-10-03 23:45:02,6,4,3719.5,24835
2022-10-03 23:45:03,5,0,3719.5,24835
2022-10-03 23:45:04,4,2,3719.5,24837
2022-10-03 23:45:05,3,1,3719.5,24838
2022-10-03 23:45:06,1,-1,3719.5,24837
2022-10-03 23:45:07,1,-1,3719.25,24836
2022-10-03 23:45:09,4,-4,3719.25,24832
2022-10-03 23:45:10,2,2,3719.25,24834
2022-10-03 23:45:11,2,2,3719.25,24836
2022-10-03 23:45:12,5,-1,3719.25,24835
2022-10-03 23:45:13,253,96,3720.75,24931
2022-10-03 23:45:15,9,5,3720.25,24936
2022-10-03 23:45:16,11,9,3720.75,24945
2022-10-03 23:45:17,13,-3,3720.75,24942
2022-10-03 23:45:19,7,0,3720.5,24942
2022-10-03 23:45:20,13,4,3721.0,24946
2022-10-03 23:45:21,33,27,3721.0,24973
2022-10-03 23:45:22,21,-9,3720.75,24964
2022-10-03 23:45:23,6,5,3721.0,24969
2022-10-03 23:45:24,22,-1,3721.25,24968
2022-10-03 23:45:25,3,0,3721.0,24968
2022-10-03 23:45:26,144,-134,3721.25,24834
2022-10-03 23:45:27,4,0,3720.25,24834
2022-10-03 23:45:28,20,3,3720.75,24837
2022-10-03 23:45:29,4,0,3720.5,24837
2022-10-03 23:45:30,1,-1,3720.5,24836
2022-10-03 23:45:32,4,0,3720.5,24836
2022-10-03 23:45:33,1,-1,3720.25,24835
2022-10-03 23:45:34,5,-5,3720.25,24830
2022-10-03 23:45:35,76,-47,3720.25,24783
2022-10-03 23:45:36,5,-4,3719.5,24779
2022-10-03 23:45:37,2,-2,3719.5,24777
2022-10-03 23:45:40,40,8,3719.75,24785
2022-10-03 23:45:41,2,2,3719.75,24787
2022-10-03 23:45:43,25,11,3720.0,24798
2022-10-03 23:45:44,13,13,3720.25,24811
2022-10-03 23:45:48,1,-1,3720.25,24810
2022-10-03 23:45:49,9,2,3720.5,24812
2022-10-03 23:45:51,6,-6,3720.25,24806
2022-10-03 23:45:54,5,-2,3720.0,24804
2022-10-03 23:45:55,7,7,3720.25,24811
2022-10-03 23:45:56,1,-1,3720.0,24810
2022-10-03 23:45:58,5,-1,3720.5,24809
2022-10-03 23:45:59,2,2,3720.25,24811
2022-10-03 23:46:02,1,-1,3720.25,24810
2022-10-03 23:46:03,1,1,3720.5,24811
2022-10-03 23:46:07,1,1,3720.5,24812
2022-10-03 23:46:08,4,2,3720.5,24814
2022-10-03 23:46:09,3,3,3720.5,24817
2022-10-03 23:46:10,4,0,3720.5,24817
2022-10-03 23:46:11,4,-2,3720.25,24815
2022-10-03 23:46:12,1,1,3720.25,24816
2022-10-03 23:46:14,2,3,3720.5,24819
2022-10-03 23:46:15,1,1,3720.5,24820
2022-10-03 23:46:17,5,-2,3720.5,24818
2022-10-03 23:46:18,7,-5,3720.5,24813
2022-10-03 23:46:19,4,2,3720.5,24815
2022-10-03 23:46:22,83,-46,3720.25,24769
2022-10-03 23:46:23,7,-7,3719.5,24762
2022-10-03 23:46:24,10,-6,3719.25,24756
2022-10-03 23:46:27,3,-1,3719.25,24755
2022-10-03 23:46:28,7,2,3719.75,24757
2022-10-03 23:46:30,1,-1,3719.5,24756
2022-10-03 23:46:34,12,8,3720.0,24764
2022-10-03 23:46:35,5,-3,3719.75,24761
2022-10-03 23:46:36,3,-3,3719.5,24758
2022-10-03 23:46:38,3,3,3719.5,24761
2022-10-03 23:46:39,1,-1,3719.5,24760
2022-10-03 23:46:40,1,-1,3719.5,24759
2022-10-03 23:46:42,6,-4,3719.75,24755
2022-10-03 23:46:43,1,-1,3719.5,24754
2022-10-03 23:46:45,16,12,3720.0,24766
2022-10-03 23:46:47,18,-5,3719.75,24761
2022-10-03 23:46:48,3,3,3720.0,24764
2022-10-03 23:46:51,1,-1,3719.75,24763
2022-10-03 23:46:54,6,2,3719.75,24765
2022-10-03 23:47:00,12,0,3719.75,24765
2022-10-03 23:47:01,2,2,3719.75,24767
2022-10-03 23:47:02,15,4,3720.0,24771
2022-10-03 23:47:04,82,28,3720.5,24799
2022-10-03 23:47:05,4,4,3720.75,24803
2022-10-03 23:47:07,12,-5,3720.5,24798
2022-10-03 23:47:08,7,2,3720.5,24800
2022-10-03 23:47:09,3,-3,3720.5,24797
2022-10-03 23:47:11,5,5,3720.5,24802
2022-10-03 23:47:13,12,-3,3720.5,24799
2022-10-03 23:47:14,2,-2,3720.5,24797
2022-10-03 23:47:15,5,5,3720.5,24802
2022-10-03 23:47:18,3,-1,3720.75,24801
2022-10-03 23:47:19,2,-2,3720.5,24799
2022-10-03 23:47:22,3,3,3720.5,24802
2022-10-03 23:47:23,1,-1,3720.25,24801
2022-10-03 23:47:24,5,-1,3720.25,24800
2022-10-03 23:47:26,8,0,3720.5,24800
2022-10-03 23:47:29,10,-1,3720.5,24799
2022-10-03 23:47:35,1,1,3720.5,24800
2022-10-03 23:47:36,7,7,3720.5,24807
2022-10-03 23:47:37,11,-9,3720.25,24798
2022-10-03 23:47:38,25,-13,3720.0,24785
2022-10-03 23:47:39,4,-2,3720.0,24783
2022-10-03 23:47:41,6,-1,3719.75,24782
2022-10-03 23:47:42,2,2,3719.75,24784
2022-10-03 23:47:43,6,-5,3719.5,24779
2022-10-03 23:47:44,2,-2,3719.75,24777
2022-10-03 23:47:45,1,1,3719.75,24778
2022-10-03 23:47:47,6,6,3719.75,24784
2022-10-03 23:47:48,5,0,3719.5,24784
2022-10-03 23:47:49,3,-1,3719.5,24783
2022-10-03 23:47:54,2,2,3719.5,24785
2022-10-03 23:47:55,2,0,3719.5,24785
2022-10-03 23:47:56,1,-1,3719.5,24784
2022-10-03 23:47:58,3,-3,3719.5,24781
2022-10-03 23:47:59,1,-1,3719.25,24780
2022-10-03 23:48:01,1,1,3719.5,24781
2022-10-03 23:48:02,8,5,3719.5,24786
2022-10-03 23:48:03,3,1,3719.75,24787
2022-10-03 23:48:05,16,4,3720.0,24791
2022-10-03 23:48:06,2,-2,3719.75,24789
2022-10-03 23:48:08,1,-1,3719.75,24788
2022-10-03 23:48:12,5,-1,3719.5,24787
2022-10-03 23:48:14,1,1,3719.5,24788
2022-10-03 23:48:18,1,-1,3719.25,24787
2022-10-03 23:48:20,2,2,3719.5,24789
2022-10-03 23:48:23,22,-8,3719.25,24781
2022-10-03 23:48:24,2,0,3719.25,24781
2022-10-03 23:48:26,1,1,3719.25,24782
2022-10-03 23:48:28,4,0,3719.5,24782
2022-10-03 23:48:29,6,-2,3719.25,24780
2022-10-03 23:48:30,6,-3,3719.5,24777
2022-10-03 23:48:32,5,-1,3719.25,24776
2022-10-03 23:48:35,2,-2,3719.25,24774
2022-10-03 23:48:37,1,1,3719.25,24775
2022-10-03 23:48:41,5,-5,3719.25,24770
2022-10-03 23:48:42,5,1,3719.25,24771
2022-10-03 23:48:43,3,-3,3719.25,24768
2022-10-03 23:48:45,24,8,3719.5,24776
2022-10-03 23:48:46,6,5,3719.75,24781
2022-10-03 23:48:47,1,1,3719.5,24782
2022-10-03 23:48:52,20,-6,3719.5,24776
2022-10-03 23:48:53,6,5,3719.25,24781
2022-10-03 23:48:54,2,-2,3719.25,24779
2022-10-03 23:48:55,3,-1,3719.25,24778
2022-10-03 23:48:58,4,-2,3719.25,24776
2022-10-03 23:49:00,1,1,3719.25,24777
2022-10-03 23:49:01,1,1,3719.25,24778
2022-10-03 23:49:04,2,-2,3719.25,24776
2022-10-03 23:49:05,1,1,3719.25,24777
2022-10-03 23:49:06,1,-1,3719.25,24776
2022-10-03 23:49:07,2,2,3719.25,24778
2022-10-03 23:49:09,1,-1,3719.25,24777
2022-10-03 23:49:10,2,2,3719.25,24779
2022-10-03 23:49:11,1,1,3719.5,24780
2022-10-03 23:49:12,1,-1,3719.25,24779
2022-10-03 23:49:16,5,1,3719.25,24780
2022-10-03 23:49:17,11,-8,3719.0,24772
2022-10-03 23:49:18,52,-27,3718.75,24745
2022-10-03 23:49:19,9,3,3718.5,24748
2022-10-03 23:49:20,7,3,3718.5,24751
2022-10-03 23:49:22,5,-5,3718.5,24746
2022-10-03 23:49:25,2,2,3718.5,24748
2022-10-03 23:49:27,18,-16,3718.25,24732
2022-10-03 23:49:28,18,-6,3718.25,24726
2022-10-03 23:49:29,10,-6,3718.0,24720
2022-10-03 23:49:30,24,-16,3718.0,24704
2022-10-03 23:49:31,24,-7,3717.75,24697
2022-10-03 23:49:32,2,2,3717.75,24699
2022-10-03 23:49:33,5,1,3717.5,24700
2022-10-03 23:49:34,4,-1,3717.5,24699
2022-10-03 23:49:35,24,-2,3717.5,24697
2022-10-03 23:49:36,4,2,3717.5,24699
2022-10-03 23:49:38,1,-1,3717.25,24698
2022-10-03 23:49:39,11,11,3717.5,24709
2022-10-03 23:49:40,16,-2,3717.5,24707
2022-10-03 23:49:41,8,0,3717.5,24707
2022-10-03 23:49:42,2,2,3717.5,24709
2022-10-03 23:49:43,5,3,3717.5,24712
2022-10-03 23:49:44,5,3,3717.75,24715
2022-10-03 23:49:45,15,9,3718.25,24724
2022-10-03 23:49:46,7,1,3718.25,24725
2022-10-03 23:49:47,4,4,3718.25,24729
2022-10-03 23:49:48,2,2,3718.5,24731
2022-10-03 23:49:49,4,0,3718.5,24731
2022-10-03 23:49:50,9,-14,3718.25,24717
2022-10-03 23:49:53,5,1,3718.25,24718
2022-10-03 23:49:54,18,-17,3718.25,24701
2022-10-03 23:49:58,62,-6,3718.0,24695
2022-10-03 23:49:59,5,1,3718.0,24696
2022-10-03 23:50:00,5,3,3718.0,24699
2022-10-03 23:50:01,3,-3,3718.0,24696
2022-10-03 23:50:02,13,12,3718.25,24708
2022-10-03 23:50:04,1,-1,3718.0,24707
2022-10-03 23:50:06,5,0,3718.0,24707
2022-10-03 23:50:09,1,-1,3718.0,24706
2022-10-03 23:50:10,11,5,3718.5,24711
2022-10-03 23:50:11,1,-1,3718.25,24710
2022-10-03 23:50:12,2,0,3718.25,24710
2022-10-03 23:50:13,3,-1,3718.25,24709
2022-10-03 23:50:14,1,1,3718.5,24710
2022-10-03 23:50:15,20,8,3718.5,24718
2022-10-03 23:50:16,20,-1,3718.5,24717
2022-10-03 23:50:20,7,1,3718.5,24718
2022-10-03 23:50:21,1,-1,3718.5,24717
2022-10-03 23:50:24,2,2,3718.5,24719
2022-10-03 23:50:25,1,1,3718.5,24720
2022-10-03 23:50:26,17,-5,3718.5,24715
2022-10-03 23:50:30,15,-3,3718.25,24712
2022-10-03 23:50:31,6,6,3718.5,24718
2022-10-03 23:50:32,2,0,3718.5,24718
2022-10-03 23:50:33,7,-1,3718.25,24717
2022-10-03 23:50:39,11,6,3718.5,24723
2022-10-03 23:50:45,5,3,3718.75,24726
2022-10-03 23:50:46,6,4,3718.75,24730
2022-10-03 23:50:47,1,1,3718.75,24731
2022-10-03 23:50:50,10,-8,3718.5,24723
2022-10-03 23:50:51,1,1,3718.75,24724
2022-10-03 23:50:52,7,-1,3718.75,24723
2022-10-03 23:50:55,22,14,3719.0,24737
2022-10-03 23:50:57,3,-3,3718.75,24734
2022-10-03 23:50:58,1,-1,3718.5,24733
2022-10-03 23:50:59,2,-2,3718.5,24731
2022-10-03 23:51:02,2,0,3718.5,24731
2022-10-03 23:51:03,3,-3,3718.25,24728
2022-10-03 23:51:05,6,-4,3718.5,24724
2022-10-03 23:51:09,6,4,3718.5,24728
2022-10-03 23:51:11,10,3,3718.75,24731
2022-10-03 23:51:12,4,4,3718.75,24735
2022-10-03 23:51:13,4,4,3718.75,24739
2022-10-03 23:51:14,6,-4,3718.75,24735
2022-10-03 23:51:15,9,1,3718.5,24736
2022-10-03 23:51:16,1,1,3718.5,24737
2022-10-03 23:51:18,1,1,3718.75,24738
2022-10-03 23:51:19,1,1,3718.75,24739
2022-10-03 23:51:22,1,1,3718.75,24740
2022-10-03 23:51:23,3,1,3719.0,24741
2022-10-03 23:51:24,7,2,3719.0,24743
2022-10-03 23:51:27,9,-3,3718.5,24740
2022-10-03 23:51:32,3,3,3718.75,24743
2022-10-03 23:51:35,2,2,3718.75,24745
2022-10-03 23:51:45,40,-10,3718.75,24735
2022-10-03 23:51:47,1,1,3718.75,24736
2022-10-03 23:51:48,2,2,3718.75,24738
2022-10-03 23:51:50,2,-2,3718.5,24736
2022-10-03 23:51:51,3,3,3718.5,24739
2022-10-03 23:51:56,1,1,3718.75,24740
2022-10-03 23:51:58,2,-2,3718.75,24738
2022-10-03 23:52:00,5,-5,3718.75,24733
2022-10-03 23:52:03,1,-1,3718.5,24732
2022-10-03 23:52:04,1,1,3718.75,24733
2022-10-03 23:52:05,2,2,3718.75,24735
2022-10-03 23:52:06,3,-3,3718.75,24732
2022-10-03 23:52:07,1,1,3718.75,24733
2022-10-03 23:52:08,1,-1,3718.5,24732
2022-10-03 23:52:10,4,5,3719.0,24737
2022-10-03 23:52:11,3,-3,3718.75,24734
2022-10-03 23:52:13,1,-1,3718.75,24733
2022-10-03 23:52:14,6,5,3719.0,24738
2022-10-03 23:52:15,8,4,3719.0,24742
2022-10-03 23:52:17,2,0,3719.0,24742
2022-10-03 23:52:20,12,6,3719.25,24748
2022-10-03 23:52:21,1,-1,3719.25,24747
2022-10-03 23:52:22,2,2,3719.25,24749
2022-10-03 23:52:23,1,-1,3719.25,24748
2022-10-03 23:52:24,1,1,3719.25,24749
2022-10-03 23:52:25,2,0,3719.25,24749
2022-10-03 23:52:27,1,-1,3719.25,24748
2022-10-03 23:52:29,4,4,3719.5,24752
2022-10-03 23:52:31,3,3,3719.25,24755
2022-10-03 23:52:32,2,2,3719.25,24757
2022-10-03 23:52:33,10,-6,3719.25,24751
2022-10-03 23:52:37,3,1,3719.25,24752
2022-10-03 23:52:38,3,3,3719.25,24755
2022-10-03 23:52:39,2,2,3719.5,24757
2022-10-03 23:52:40,3,-1,3719.25,24756
2022-10-03 23:52:41,2,2,3719.25,24758
2022-10-03 23:52:42,2,2,3719.25,24760
2022-10-03 23:52:45,8,-4,3719.25,24756
2022-10-03 23:52:48,11,9,3719.5,24765
2022-10-03 23:52:49,6,2,3719.25,24767
2022-10-03 23:52:50,8,3,3719.25,24770
2022-10-03 23:52:51,1,-1,3719.25,24769
2022-10-03 23:52:53,3,3,3719.5,24772
2022-10-03 23:52:57,20,9,3719.75,24781
2022-10-03 23:52:58,12,3,3720.0,24784
2022-10-03 23:52:59,7,-5,3719.75,24779
2022-10-03 23:53:00,3,3,3719.75,24782
2022-10-03 23:53:03,15,-11,3719.5,24771
2022-10-03 23:53:04,1,-1,3719.5,24770
2022-10-03 23:53:07,4,3,3719.75,24773
2022-10-03 23:53:13,3,-1,3719.75,24772
2022-10-03 23:53:14,5,-5,3719.75,24767
2022-10-03 23:53:17,1,1,3719.75,24768
2022-10-03 23:53:22,1,1,3720.0,24769
2022-10-03 23:53:26,3,3,3720.0,24772
2022-10-03 23:53:29,20,-13,3719.75,24759
2022-10-03 23:53:30,1,-1,3719.75,24758
2022-10-03 23:53:33,3,-3,3719.75,24755
2022-10-03 23:53:36,1,1,3720.0,24756
2022-10-03 23:53:37,1,1,3719.75,24757
2022-10-03 23:53:38,1,1,3720.0,24758
2022-10-03 23:53:41,6,-8,3719.75,24750
2022-10-03 23:53:43,3,3,3719.75,24753
2022-10-03 23:53:45,3,3,3720.0,24756
2022-10-03 23:53:47,1,-1,3719.75,24755
2022-10-03 23:53:48,2,-2,3719.75,24753
2022-10-03 23:53:50,5,3,3720.0,24756
2022-10-03 23:53:52,1,-1,3719.75,24755
2022-10-03 23:53:53,2,1,3720.0,24756
2022-10-03 23:53:57,1,1,3720.0,24757
2022-10-03 23:53:58,16,12,3720.0,24769
2022-10-03 23:54:00,7,7,3720.25,24776
2022-10-03 23:54:02,19,-2,3720.25,24774
2022-10-03 23:54:03,1,-1,3720.0,24773
2022-10-03 23:54:04,9,5,3720.25,24778
2022-10-03 23:54:05,12,11,3720.75,24789
2022-10-03 23:54:06,4,-4,3720.5,24785
2022-10-03 23:54:07,3,3,3720.5,24788
2022-10-03 23:54:08,1,-1,3720.25,24787
2022-10-03 23:54:10,12,-3,3720.25,24784
2022-10-03 23:54:11,1,1,3720.25,24785
2022-10-03 23:54:13,2,0,3720.25,24785
2022-10-03 23:54:14,6,0,3720.5,24785
2022-10-03 23:54:18,1,1,3720.25,24786
2022-10-03 23:54:19,11,7,3720.25,24793
2022-10-03 23:54:23,3,3,3720.5,24796
2022-10-03 23:54:25,1,-1,3720.25,24795
2022-10-03 23:54:27,16,8,3720.5,24803
2022-10-03 23:54:28,5,-3,3720.5,24800
2022-10-03 23:54:29,1,1,3720.5,24801
2022-10-03 23:54:32,11,-9,3720.25,24792
2022-10-03 23:54:33,1,1,3720.25,24793
2022-10-03 23:54:38,15,-11,3720.0,24782
2022-10-03 23:54:39,1,1,3720.0,24783
2022-10-03 23:54:40,1,1,3720.0,24784
2022-10-03 23:54:41,3,1,3720.0,24785
2022-10-03 23:54:42,5,3,3720.0,24788
2022-10-03 23:54:43,1,-1,3719.75,24787
2022-10-03 23:54:44,3,1,3720.0,24788
2022-10-03 23:54:45,3,-3,3720.0,24785
2022-10-03 23:54:48,23,16,3720.5,24801
2022-10-03 23:54:49,2,2,3720.75,24803
2022-10-03 23:54:50,9,-6,3720.5,24797
2022-10-03 23:54:51,1,1,3720.5,24798
2022-10-03 23:54:56,19,12,3720.75,24810
2022-10-03 23:54:57,6,-2,3721.0,24808
2022-10-03 23:54:58,4,4,3721.0,24812
2022-10-03 23:54:59,10,4,3721.0,24816
2022-10-03 23:55:00,1,-1,3721.0,24815
2022-10-03 23:55:01,19,7,3721.25,24822
2022-10-03 23:55:02,15,8,3721.5,24830
2022-10-03 23:55:03,8,0,3721.5,24830
2022-10-03 23:55:04,4,-1,3721.5,24829
2022-10-03 23:55:10,16,-10,3721.25,24819
2022-10-03 23:55:11,6,-2,3721.25,24817
2022-10-03 23:55:13,1,-1,3720.75,24816
2022-10-03 23:55:15,1,1,3721.0,24817
2022-10-03 23:55:16,2,0,3721.0,24817
2022-10-03 23:55:18,5,-3,3720.75,24814
2022-10-03 23:55:19,3,-3,3720.75,24811
2022-10-03 23:55:20,5,3,3720.75,24814
2022-10-03 23:55:21,8,-6,3720.75,24808
2022-10-03 23:55:22,5,0,3720.75,24808
2022-10-03 23:55:28,4,-2,3720.5,24806
2022-10-03 23:55:29,2,-2,3720.5,24804
2022-10-03 23:55:31,1,1,3720.5,24805
2022-10-03 23:55:32,1,-1,3720.25,24804
2022-10-03 23:55:33,1,-1,3720.25,24803
2022-10-03 23:55:34,25,0,3720.5,24803
2022-10-03 23:55:35,1,-1,3720.25,24802
2022-10-03 23:55:36,1,1,3720.5,24803
2022-10-03 23:55:38,1,-1,3720.5,24802
2022-10-03 23:55:39,11,3,3720.75,24805
2022-10-03 23:55:41,1,-1,3720.5,24804
2022-10-03 23:55:45,2,0,3720.5,24804
2022-10-03 23:55:47,3,-1,3720.75,24803
2022-10-03 23:55:54,1,1,3720.5,24804
2022-10-03 23:55:55,9,2,3720.25,24806
2022-10-03 23:55:57,39,4,3720.5,24810
2022-10-03 23:55:58,4,2,3720.75,24812
2022-10-03 23:55:59,5,1,3720.75,24813
2022-10-03 23:56:00,1,-1,3720.5,24812
2022-10-03 23:56:02,10,4,3720.75,24816
2022-10-03 23:56:04,2,2,3720.5,24818
2022-10-03 23:56:05,1,-1,3720.25,24817
2022-10-03 23:56:06,1,-1,3720.5,24816
2022-10-03 23:56:07,2,-2,3720.5,24814
2022-10-03 23:56:08,3,3,3720.75,24817
2022-10-03 23:56:10,9,-2,3720.75,24815
2022-10-03 23:56:12,2,-1,3720.75,24814
2022-10-03 23:56:13,3,3,3720.75,24817
2022-10-03 23:56:14,1,1,3720.75,24818
2022-10-03 23:56:17,6,4,3721.0,24822
2022-10-03 23:56:19,2,-2,3720.75,24820
2022-10-03 23:56:26,2,2,3720.75,24822
2022-10-03 23:56:28,1,1,3721.0,24823
2022-10-03 23:56:36,3,3,3721.0,24826
2022-10-03 23:56:39,73,-8,3721.0,24818
2022-10-03 23:56:41,7,-3,3720.75,24815
2022-10-03 23:56:42,10,3,3720.75,24818
2022-10-03 23:56:44,1,1,3720.75,24819
2022-10-03 23:56:46,1,1,3720.75,24820
2022-10-03 23:56:48,3,0,3720.75,24820
2022-10-03 23:56:49,1,1,3721.0,24821
2022-10-03 23:56:50,12,-10,3720.75,24811
2022-10-03 23:56:54,1,1,3720.75,24812
2022-10-03 23:56:55,5,0,3720.75,24812
2022-10-03 23:56:56,6,6,3720.5,24818
2022-10-03 23:56:57,1,1,3720.5,24819
2022-10-03 23:57:08,9,5,3720.5,24824
2022-10-03 23:57:10,7,-3,3720.75,24821
2022-10-03 23:57:11,5,0,3720.75,24821
2022-10-03 23:57:14,4,2,3720.75,24823
2022-10-03 23:57:15,4,-2,3720.75,24821
2022-10-03 23:57:18,7,3,3721.0,24824
2022-10-03 23:57:19,14,-6,3720.75,24818
2022-10-03 23:57:24,1,1,3721.0,24819
2022-10-03 23:57:25,1,1,3721.0,24820
2022-10-03 23:57:26,48,16,3721.0,24836
2022-10-03 23:57:27,23,15,3721.0,24851
2022-10-03 23:57:28,13,7,3721.0,24858
2022-10-03 23:57:29,5,5,3721.0,24863
2022-10-03 23:57:30,10,8,3721.0,24871
2022-10-03 23:57:31,15,10,3721.0,24881
2022-10-03 23:57:33,14,10,3721.0,24891
2022-10-03 23:57:34,1,1,3721.0,24892
2022-10-03 23:57:37,57,-7,3721.0,24885
2022-10-03 23:57:40,4,-2,3721.0,24883
2022-10-03 23:57:50,1,-1,3720.5,24882
2022-10-03 23:57:51,11,-6,3720.5,24876
2022-10-03 23:57:52,7,4,3720.5,24880
2022-10-03 23:57:53,4,-1,3720.5,24879
2022-10-03 23:57:54,1,1,3720.75,24880
2022-10-03 23:57:55,1,-1,3720.5,24879
2022-10-03 23:57:59,1,1,3720.5,24880
2022-10-03 23:58:01,1,1,3720.5,24881
2022-10-03 23:58:08,2,2,3720.5,24883
2022-10-03 23:58:09,1,-1,3720.25,24882
2022-10-03 23:58:10,11,-11,3720.25,24871
2022-10-03 23:58:11,3,3,3720.25,24874
2022-10-03 23:58:14,2,-2,3720.0,24872
2022-10-03 23:58:16,19,-5,3720.0,24867
2022-10-03 23:58:18,4,-2,3720.25,24865
2022-10-03 23:58:20,29,6,3720.25,24871
2022-10-03 23:58:21,1,1,3720.25,24872
2022-10-03 23:58:23,1,1,3720.5,24873
2022-10-03 23:58:24,5,-5,3720.25,24868
2022-10-03 23:58:29,1,-1,3720.0,24867
2022-10-03 23:58:30,3,3,3720.25,24870
2022-10-03 23:58:33,10,7,3720.25,24877
2022-10-03 23:58:37,1,1,3720.5,24878
2022-10-03 23:58:38,1,1,3720.5,24879
2022-10-03 23:58:39,2,-2,3720.25,24877
2022-10-03 23:58:40,9,-7,3720.25,24870
2022-10-03 23:58:41,226,66,3721.75,24936
2022-10-03 23:58:42,5,5,3721.0,24941
2022-10-03 23:58:43,13,-1,3721.0,24940
2022-10-03 23:58:44,1,1,3721.25,24941
2022-10-03 23:58:45,3,3,3721.25,24944
2022-10-03 23:58:46,5,3,3721.75,24947
2022-10-03 23:58:47,2,2,3721.75,24949
2022-10-03 23:58:48,4,0,3721.75,24949
2022-10-03 23:58:49,9,7,3722.0,24956
2022-10-03 23:58:50,3,-3,3721.75,24953
2022-10-03 23:58:51,8,0,3722.0,24953
2022-10-03 23:58:52,9,7,3722.25,24960
2022-10-03 23:58:53,16,-2,3722.25,24958
2022-10-03 23:58:54,12,0,3722.0,24958
2022-10-03 23:58:55,6,-6,3721.75,24952
2022-10-03 23:58:57,2,0,3722.0,24952
2022-10-03 23:58:58,10,-10,3721.75,24942
2022-10-03 23:59:00,13,-12,3721.5,24930
2022-10-03 23:59:01,3,-1,3721.5,24929
2022-10-03 23:59:03,6,-1,3721.5,24928
2022-10-03 23:59:04,5,3,3721.75,24931
2022-10-03 23:59:05,1,-1,3721.5,24930
2022-10-03 23:59:06,9,-2,3721.75,24928
2022-10-03 23:59:07,4,0,3721.5,24928
2022-10-03 23:59:08,19,-2,3721.75,24926
2022-10-03 23:59:09,1,-1,3721.5,24925
2022-10-03 23:59:11,2,-1,3721.25,24924
2022-10-03 23:59:12,15,-11,3721.25,24913
2022-10-03 23:59:13,1,1,3721.25,24914
2022-10-03 23:59:14,1,1,3721.25,24915
2022-10-03 23:59:18,7,3,3721.25,24918
2022-10-03 23:59:20,3,3,3721.25,24921
2022-10-03 23:59:21,2,2,3721.5,24923
2022-10-03 23:59:26,2,1,3721.5,24924
2022-10-03 23:59:27,9,6,3721.5,24930
2022-10-03 23:59:29,3,-2,3721.5,24928
2022-10-03 23:59:30,2,2,3721.5,24930
2022-10-03 23:59:31,3,1,3721.75,24931
2022-10-03 23:59:34,1,1,3721.75,24932
2022-10-03 23:59:35,2,-2,3721.5,24930
2022-10-03 23:59:36,2,2,3721.75,24932
2022-10-03 23:59:37,1,1,3721.75,24933
2022-10-03 23:59:38,7,-1,3721.5,24932
2022-10-03 23:59:46,13,11,3721.75,24943
2022-10-03 23:59:48,5,5,3721.75,24948
2022-10-03 23:59:49,9,-1,3721.75,24947
2022-10-03 23:59:51,4,-4,3721.5,24943
2022-10-03 23:59:54,4,4,3721.5,24947
2022-10-03 23:59:55,1,1,3721.75,24948
2022-10-03 23:59:56,4,2,3721.75,24950
