Date,Vol,BidAsk,Price,BidAskCum
2022-12-23 00:00:00,11,0,3853.25,0
2022-12-23 00:00:04,2,2,3853.0,2
2022-12-23 00:00:07,10,2,3853.0,4
2022-12-23 00:00:09,1,1,3853.0,5
2022-12-23 00:00:13,2,2,3853.0,7
2022-12-23 00:00:20,25,-10,3852.75,-3
2022-12-23 00:00:21,8,5,3852.75,2
2022-12-23 00:00:28,1,1,3852.75,3
2022-12-23 00:00:32,1,-1,3852.75,2
2022-12-23 00:00:37,2,-2,3852.5,0
2022-12-23 00:00:38,1,-1,3852.5,-1
2022-12-23 00:00:39,15,-8,3852.5,-9
2022-12-23 00:00:46,7,-5,3852.25,-14
2022-12-23 00:00:49,2,2,3852.25,-12
2022-12-23 00:00:53,6,6,3852.5,-6
2022-12-23 00:00:55,7,-7,3852.25,-13
2022-12-23 00:01:00,4,1,3852.5,-12
2022-12-23 00:01:05,7,6,3852.5,-6
2022-12-23 00:01:06,1,-1,3852.5,-7
2022-12-23 00:01:08,20,10,3852.75,3
2022-12-23 00:01:12,13,6,3853.0,9
2022-12-23 00:01:14,3,-1,3853.5,8
2022-12-23 00:01:15,3,1,3853.5,9
2022-12-23 00:01:16,5,-3,3853.25,6
2022-12-23 00:01:18,1,-1,3853.0,5
2022-12-23 00:01:20,1,1,3853.25,6
2022-12-23 00:01:22,4,-4,3853.0,2
2022-12-23 00:01:28,2,0,3853.25,2
2022-12-23 00:01:30,1,-1,3853.0,1
2022-12-23 00:01:33,13,6,3853.25,7
2022-12-23 00:01:36,1,-1,3853.0,6
2022-12-23 00:01:37,2,2,3853.25,8
2022-12-23 00:01:46,3,3,3853.5,11
2022-12-23 00:01:47,2,-2,3853.25,9
2022-12-23 00:01:50,1,1,3853.5,10
2022-12-23 00:01:51,1,1,3853.5,11
2022-12-23 00:01:53,2,0,3853.5,11
2022-12-23 00:01:56,11,-11,3853.25,0
2022-12-23 00:01:57,1,1,3853.25,1
2022-12-23 00:02:01,2,-2,3853.25,-1
2022-12-23 00:02:04,9,-8,3853.0,-9
2022-12-23 00:02:05,1,-1,3852.75,-10
2022-12-23 00:02:23,8,-6,3853.0,-16
2022-12-23 00:02:33,3,3,3853.0,-13
2022-12-23 00:02:39,6,5,3853.25,-8
2022-12-23 00:02:49,16,-8,3853.25,-16
2022-12-23 00:02:50,1,-1,3853.25,-17
2022-12-23 00:02:53,1,-1,3853.25,-18
2022-12-23 00:03:08,7,7,3853.5,-11
2022-12-23 00:03:09,1,-1,3853.5,-12
2022-12-23 00:03:13,2,2,3853.75,-10
2022-12-23 00:03:15,9,5,3853.75,-5
2022-12-23 00:03:16,9,-3,3853.75,-8
2022-12-23 00:03:19,9,-4,3854.0,-12
2022-12-23 00:03:24,5,-3,3853.5,-15
2022-12-23 00:03:26,1,-1,3853.5,-16
2022-12-23 00:03:30,1,1,3853.75,-15
2022-12-23 00:03:38,1,-1,3853.5,-16
2022-12-23 00:03:39,7,3,3853.75,-13
2022-12-23 00:03:45,1,1,3854.0,-12
2022-12-23 00:03:53,5,-5,3853.75,-17
2022-12-23 00:03:55,1,1,3854.0,-16
2022-12-23 00:03:56,17,-6,3853.75,-22
2022-12-23 00:04:03,21,11,3854.25,-11
2022-12-23 00:04:04,3,2,3854.25,-9
2022-12-23 00:04:06,5,5,3854.25,-4
2022-12-23 00:04:14,13,-10,3854.0,-14
2022-12-23 00:04:17,9,-3,3854.0,-17
2022-12-23 00:04:20,1,-1,3853.75,-18
2022-12-23 00:04:29,1,1,3854.0,-17
2022-12-23 00:04:35,3,3,3854.0,-14
2022-12-23 00:04:44,5,-5,3854.0,-19
2022-12-23 00:04:45,2,1,3854.25,-18
2022-12-23 00:04:47,1,1,3854.25,-17
2022-12-23 00:04:50,1,1,3854.25,-16
2022-12-23 00:04:51,1,1,3854.25,-15
2022-12-23 00:04:54,7,4,3854.5,-11
2022-12-23 00:05:01,6,-5,3854.0,-16
2022-12-23 00:05:27,1,-1,3853.75,-17
2022-12-23 00:05:28,3,3,3854.0,-14
2022-12-23 00:05:35,2,2,3854.25,-12
2022-12-23 00:05:48,6,2,3854.25,-10
2022-12-23 00:06:02,1,-1,3854.25,-11
2022-12-23 00:06:27,17,13,3854.5,2
2022-12-23 00:06:30,5,-4,3854.5,-2
2022-12-23 00:06:34,2,-2,3854.25,-4
2022-12-23 00:06:35,3,-3,3854.25,-7
2022-12-23 00:06:38,3,3,3854.25,-4
2022-12-23 00:06:39,2,-2,3854.25,-6
2022-12-23 00:06:42,7,6,3854.25,0
2022-12-23 00:06:43,5,3,3854.5,3
2022-12-23 00:06:49,2,2,3854.5,5
2022-12-23 00:07:00,8,-3,3854.25,2
2022-12-23 00:07:01,1,1,3854.25,3
2022-12-23 00:07:05,1,-1,3854.0,2
2022-12-23 00:07:07,1,1,3854.25,3
2022-12-23 00:07:11,5,4,3854.25,7
2022-12-23 00:07:13,1,1,3854.5,8
2022-12-23 00:07:18,7,-2,3854.25,6
2022-12-23 00:07:27,7,-6,3854.0,0
2022-12-23 00:07:31,8,-7,3853.75,-7
2022-12-23 00:07:33,1,-1,3853.75,-8
2022-12-23 00:07:35,1,-1,3853.75,-9
2022-12-23 00:07:37,1,1,3853.75,-8
2022-12-23 00:07:44,4,-4,3853.5,-12
2022-12-23 00:07:47,4,4,3853.75,-8
2022-12-23 00:07:49,7,6,3853.75,-2
2022-12-23 00:07:51,1,1,3853.75,-1
2022-12-23 00:07:53,1,1,3854.0,0
2022-12-23 00:08:08,3,3,3854.0,3
2022-12-23 00:08:19,4,3,3854.25,6
2022-12-23 00:08:20,3,3,3854.25,9
2022-12-23 00:08:21,4,2,3854.5,11
2022-12-23 00:08:29,1,-1,3854.25,10
2022-12-23 00:08:32,3,-3,3854.0,7
2022-12-23 00:08:34,5,-5,3854.0,2
2022-12-23 00:08:35,3,3,3854.25,5
2022-12-23 00:08:40,4,4,3854.5,9
2022-12-23 00:08:42,1,1,3854.75,10
2022-12-23 00:08:44,29,21,3855.0,31
2022-12-23 00:08:45,2,-2,3855.0,29
2022-12-23 00:08:46,5,4,3855.0,33
2022-12-23 00:08:50,14,12,3855.25,45
2022-12-23 00:08:54,1,-1,3855.0,44
2022-12-23 00:08:58,7,-7,3855.0,37
2022-12-23 00:09:01,1,1,3855.25,38
2022-12-23 00:09:02,4,-4,3855.0,34
2022-12-23 00:09:05,2,0,3855.0,34
2022-12-23 00:09:15,1,1,3855.25,35
2022-12-23 00:09:24,8,8,3855.25,43
2022-12-23 00:09:27,1,1,3855.25,44
2022-12-23 00:09:31,5,5,3855.25,49
2022-12-23 00:09:36,1,-1,3855.25,48
2022-12-23 00:09:39,4,-4,3855.25,44
2022-12-23 00:09:41,1,1,3855.5,45
2022-12-23 00:09:44,1,-1,3855.25,44
2022-12-23 00:09:48,1,1,3855.25,45
2022-12-23 00:09:51,5,-5,3855.25,40
2022-12-23 00:09:52,4,-4,3855.0,36
2022-12-23 00:09:57,12,-8,3854.75,28
2022-12-23 00:09:59,1,-1,3854.75,27
2022-12-23 00:10:04,10,8,3854.75,35
2022-12-23 00:10:13,1,1,3855.0,36
2022-12-23 00:10:16,12,-10,3854.75,26
2022-12-23 00:10:17,4,3,3854.75,29
2022-12-23 00:10:21,4,-4,3854.75,25
2022-12-23 00:10:24,3,3,3854.75,28
2022-12-23 00:10:25,1,-1,3854.75,27
2022-12-23 00:10:30,12,-7,3854.75,20
2022-12-23 00:10:35,1,-1,3854.5,19
2022-12-23 00:10:42,1,-1,3854.5,18
2022-12-23 00:10:44,4,3,3854.5,21
2022-12-23 00:10:45,2,2,3854.75,23
2022-12-23 00:10:48,2,0,3854.75,23
2022-12-23 00:10:59,1,-1,3854.25,22
2022-12-23 00:11:06,1,1,3854.5,23
2022-12-23 00:11:16,7,-7,3854.25,16
2022-12-23 00:11:18,5,-4,3854.0,12
2022-12-23 00:11:24,2,-2,3854.0,10
2022-12-23 00:11:26,15,7,3854.25,17
2022-12-23 00:11:27,1,1,3854.5,18
2022-12-23 00:11:28,1,-1,3854.25,17
2022-12-23 00:11:35,1,1,3854.5,18
2022-12-23 00:11:39,1,1,3854.5,19
2022-12-23 00:11:48,1,-1,3854.5,18
2022-12-23 00:11:57,1,-1,3854.25,17
2022-12-23 00:11:59,16,6,3854.5,23
2022-12-23 00:12:15,2,-2,3854.25,21
2022-12-23 00:12:16,1,1,3854.25,22
2022-12-23 00:12:35,2,0,3854.25,22
2022-12-23 00:12:36,1,-1,3854.0,21
2022-12-23 00:12:41,3,3,3854.25,24
2022-12-23 00:12:42,1,-1,3854.25,23
2022-12-23 00:12:51,1,-1,3854.0,22
2022-12-23 00:12:52,1,-1,3854.0,21
2022-12-23 00:12:58,6,5,3854.25,26
2022-12-23 00:13:18,3,-3,3854.25,23
2022-12-23 00:13:20,1,-1,3854.0,22
2022-12-23 00:13:29,3,-3,3854.0,19
2022-12-23 00:13:30,4,-4,3853.75,15
2022-12-23 00:13:32,1,-1,3853.75,14
2022-12-23 00:13:33,1,-1,3853.75,13
2022-12-23 00:13:38,1,-1,3853.75,12
2022-12-23 00:13:43,11,6,3853.75,18
2022-12-23 00:13:44,4,2,3853.75,20
2022-12-23 00:13:55,10,-10,3853.5,10
2022-12-23 00:13:57,4,-3,3853.25,7
2022-12-23 00:13:59,11,-6,3853.25,1
2022-12-23 00:14:00,4,-2,3853.5,-1
2022-12-23 00:14:06,2,-2,3853.25,-3
2022-12-23 00:14:16,1,-1,3853.25,-4
2022-12-23 00:14:27,1,-1,3853.25,-5
2022-12-23 00:14:37,3,-2,3853.25,-7
2022-12-23 00:14:38,9,7,3853.25,0
2022-12-23 00:14:44,16,-10,3853.0,-10
2022-12-23 00:14:51,11,2,3853.0,-8
2022-12-23 00:14:52,3,2,3853.0,-6
2022-12-23 00:14:55,2,0,3853.0,-6
2022-12-23 00:14:57,2,0,3853.25,-6
2022-12-23 00:15:01,4,4,3853.0,-2
2022-12-23 00:15:03,1,-1,3853.0,-3
2022-12-23 00:15:05,7,7,3853.25,4
2022-12-23 00:15:06,1,-1,3853.0,3
2022-12-23 00:15:10,1,-1,3853.0,2
2022-12-23 00:15:19,3,-1,3853.25,1
2022-12-23 00:15:23,1,1,3853.25,2
2022-12-23 00:15:27,8,8,3853.75,10
2022-12-23 00:15:28,1,-1,3853.5,9
2022-12-23 00:15:47,1,1,3853.5,10
2022-12-23 00:16:10,1,1,3853.5,11
2022-12-23 00:16:16,6,-1,3853.75,10
2022-12-23 00:16:17,1,-1,3853.75,9
2022-12-23 00:16:48,3,3,3853.75,12
2022-12-23 00:16:55,9,6,3854.0,18
2022-12-23 00:16:58,1,1,3854.25,19
2022-12-23 00:16:59,2,2,3854.25,21
2022-12-23 00:17:06,1,-1,3854.25,20
2022-12-23 00:17:12,6,5,3854.5,25
2022-12-23 00:17:13,1,-1,3854.25,24
2022-12-23 00:17:15,1,1,3854.5,25
2022-12-23 00:17:17,1,1,3854.5,26
2022-12-23 00:17:28,1,-1,3854.25,25
2022-12-23 00:17:31,1,-1,3854.25,24
2022-12-23 00:17:39,1,-1,3854.25,23
2022-12-23 00:17:44,1,-1,3854.25,22
2022-12-23 00:18:21,7,5,3854.5,27
2022-12-23 00:18:44,7,-7,3854.5,20
2022-12-23 00:18:48,7,1,3854.25,21
2022-12-23 00:18:49,2,2,3854.25,23
2022-12-23 00:18:54,4,2,3854.25,25
2022-12-23 00:19:00,1,-1,3854.25,24
2022-12-23 00:19:24,10,9,3854.5,33
2022-12-23 00:19:27,1,-1,3854.5,32
2022-12-23 00:19:35,1,1,3854.5,33
2022-12-23 00:19:53,3,-3,3854.5,30
2022-12-23 00:19:57,1,-1,3854.25,29
2022-12-23 00:19:58,1,-1,3854.25,28
2022-12-23 00:19:59,5,-5,3854.25,23
2022-12-23 00:20:12,1,-1,3854.0,22
2022-12-23 00:20:14,1,-1,3854.0,21
2022-12-23 00:20:16,5,-5,3854.0,16
2022-12-23 00:20:17,4,-4,3854.0,12
2022-12-23 00:20:27,1,1,3854.0,13
2022-12-23 00:20:34,1,1,3854.25,14
2022-12-23 00:20:42,2,2,3854.25,16
2022-12-23 00:20:44,4,4,3854.25,20
2022-12-23 00:20:49,5,5,3854.25,25
2022-12-23 00:20:50,1,1,3854.5,26
2022-12-23 00:21:00,1,1,3854.5,27
2022-12-23 00:21:05,1,-1,3854.25,26
2022-12-23 00:21:10,1,1,3854.25,27
2022-12-23 00:21:18,1,-1,3854.25,26
2022-12-23 00:21:26,1,-1,3854.0,25
2022-12-23 00:21:27,1,-1,3854.0,24
2022-12-23 00:21:51,1,-1,3854.0,23
2022-12-23 00:21:54,1,-1,3854.0,22
2022-12-23 00:22:09,1,-1,3854.0,21
2022-12-23 00:22:26,6,5,3854.25,26
2022-12-23 00:22:33,4,4,3854.5,30
2022-12-23 00:22:39,4,-4,3854.5,26
2022-12-23 00:22:40,4,3,3854.5,29
2022-12-23 00:22:53,2,2,3854.75,31
2022-12-23 00:22:57,4,4,3854.75,35
2022-12-23 00:22:58,5,2,3855.0,37
2022-12-23 00:23:01,28,7,3855.0,44
2022-12-23 00:23:05,1,-1,3854.75,43
2022-12-23 00:23:09,1,1,3855.0,44
2022-12-23 00:23:13,1,1,3855.0,45
2022-12-23 00:23:15,1,1,3855.0,46
2022-12-23 00:23:16,2,0,3855.0,46
2022-12-23 00:23:22,10,-4,3855.0,42
2022-12-23 00:23:34,9,-6,3854.75,36
2022-12-23 00:23:36,4,-3,3854.5,33
2022-12-23 00:23:52,1,1,3854.75,34
2022-12-23 00:23:55,1,1,3854.75,35
2022-12-23 00:24:12,2,-2,3854.5,33
2022-12-23 00:24:15,3,-3,3854.5,30
2022-12-23 00:24:28,1,1,3854.5,31
2022-12-23 00:24:54,6,4,3854.5,35
2022-12-23 00:24:55,1,-1,3854.5,34
2022-12-23 00:25:09,4,1,3854.75,35
2022-12-23 00:25:23,4,4,3855.0,39
2022-12-23 00:25:41,6,2,3855.0,41
2022-12-23 00:25:50,7,-2,3855.0,39
2022-12-23 00:25:51,1,1,3855.0,40
2022-12-23 00:25:52,1,1,3855.0,41
2022-12-23 00:26:01,1,1,3855.0,42
2022-12-23 00:26:02,1,1,3855.0,43
2022-12-23 00:26:19,1,1,3855.0,44
2022-12-23 00:26:27,5,-5,3854.75,39
2022-12-23 00:27:03,1,-1,3854.75,38
2022-12-23 00:27:06,1,1,3854.75,39
2022-12-23 00:27:11,5,7,3855.0,46
2022-12-23 00:27:13,1,1,3855.0,47
2022-12-23 00:27:17,4,-4,3854.75,43
2022-12-23 00:27:23,1,1,3854.75,44
2022-12-23 00:27:30,5,5,3854.75,49
2022-12-23 00:27:50,5,5,3855.0,54
2022-12-23 00:28:00,17,11,3855.25,65
2022-12-23 00:28:02,8,7,3855.5,72
2022-12-23 00:28:05,1,1,3855.5,73
2022-12-23 00:28:11,6,-4,3855.25,69
2022-12-23 00:28:12,5,3,3855.25,72
2022-12-23 00:28:14,1,-1,3855.0,71
2022-12-23 00:28:36,7,-1,3855.25,70
2022-12-23 00:28:39,4,0,3855.25,70
2022-12-23 00:28:52,1,-1,3855.25,69
2022-12-23 00:29:02,6,4,3855.25,73
2022-12-23 00:29:04,3,-2,3855.25,71
2022-12-23 00:29:18,1,1,3855.25,72
2022-12-23 00:29:19,2,1,3855.25,73
2022-12-23 00:29:21,1,-1,3855.25,72
2022-12-23 00:29:29,2,2,3855.5,74
2022-12-23 00:29:34,1,1,3855.5,75
2022-12-23 00:29:41,18,15,3855.5,90
2022-12-23 00:29:42,17,26,3856.0,116
2022-12-23 00:29:44,1,1,3856.0,117
2022-12-23 00:29:46,5,2,3856.0,119
2022-12-23 00:29:47,1,1,3856.0,120
2022-12-23 00:29:48,1,1,3856.0,121
2022-12-23 00:29:49,1,1,3856.0,122
2022-12-23 00:29:50,1,1,3856.0,123
2022-12-23 00:29:53,2,2,3856.0,125
2022-12-23 00:29:56,1,1,3856.0,126
2022-12-23 00:29:59,47,36,3856.5,162
2022-12-23 00:30:00,16,-2,3856.0,160
2022-12-23 00:30:02,4,-1,3856.0,159
2022-12-23 00:30:03,5,-4,3856.0,155
2022-12-23 00:30:08,3,-3,3856.0,152
2022-12-23 00:30:09,4,-1,3856.25,151
2022-12-23 00:30:10,6,0,3856.0,151
2022-12-23 00:30:11,9,-6,3855.75,145
2022-12-23 00:30:14,1,1,3855.75,146
2022-12-23 00:30:16,1,-1,3855.75,145
2022-12-23 00:30:17,1,-1,3855.75,144
2022-12-23 00:30:20,2,2,3856.0,146
2022-12-23 00:30:24,2,0,3855.75,146
2022-12-23 00:30:29,2,-2,3855.75,144
2022-12-23 00:30:32,1,1,3855.75,145
2022-12-23 00:30:53,14,6,3855.75,151
2022-12-23 00:31:05,1,-1,3855.75,150
2022-12-23 00:31:10,1,1,3855.75,151
2022-12-23 00:31:11,1,1,3856.0,152
2022-12-23 00:31:25,12,-4,3855.5,148
2022-12-23 00:31:27,1,-1,3855.5,147
2022-12-23 00:31:29,19,14,3855.75,161
2022-12-23 00:31:42,4,-3,3855.5,158
2022-12-23 00:31:44,1,1,3855.75,159
2022-12-23 00:32:01,2,2,3855.75,161
2022-12-23 00:32:02,1,1,3855.75,162
2022-12-23 00:32:11,4,-3,3855.75,159
2022-12-23 00:32:12,11,-4,3855.75,155
2022-12-23 00:32:19,1,-1,3855.75,154
2022-12-23 00:32:26,2,-2,3855.5,152
2022-12-23 00:32:28,56,-43,3855.5,109
2022-12-23 00:32:29,21,-7,3854.5,102
2022-12-23 00:32:30,8,1,3854.25,103
2022-12-23 00:32:31,9,7,3854.5,110
2022-12-23 00:32:34,2,1,3854.75,111
2022-12-23 00:32:35,7,0,3854.5,111
2022-12-23 00:32:36,1,1,3854.5,112
2022-12-23 00:32:37,10,-7,3854.25,105
2022-12-23 00:32:38,5,0,3854.5,105
2022-12-23 00:32:41,2,-2,3854.25,103
2022-12-23 00:32:43,4,-4,3854.0,99
2022-12-23 00:32:44,2,-2,3854.0,97
2022-12-23 00:32:46,1,1,3854.0,98
2022-12-23 00:32:48,2,2,3854.0,100
2022-12-23 00:32:49,9,3,3854.0,103
2022-12-23 00:32:50,2,-2,3854.0,101
2022-12-23 00:32:53,8,-5,3854.0,96
2022-12-23 00:32:56,7,-5,3854.0,91
2022-12-23 00:32:58,1,1,3854.25,92
2022-12-23 00:33:02,3,3,3854.0,95
2022-12-23 00:33:09,2,-2,3853.75,93
2022-12-23 00:33:17,15,2,3853.75,95
2022-12-23 00:33:19,7,-6,3853.5,89
2022-12-23 00:33:24,1,1,3853.5,90
2022-12-23 00:33:31,3,-1,3853.5,89
2022-12-23 00:33:33,1,1,3853.5,90
2022-12-23 00:33:35,6,2,3853.5,92
2022-12-23 00:33:37,1,-1,3853.25,91
2022-12-23 00:33:38,6,-2,3853.5,89
2022-12-23 00:33:44,3,-2,3853.5,87
2022-12-23 00:33:49,1,1,3853.75,88
2022-12-23 00:33:50,9,6,3853.75,94
2022-12-23 00:33:51,6,-5,3853.5,89
2022-12-23 00:34:00,4,3,3853.5,92
2022-12-23 00:34:02,1,1,3853.75,93
2022-12-23 00:34:08,1,1,3854.0,94
2022-12-23 00:34:10,1,-1,3853.5,93
2022-12-23 00:34:32,6,2,3854.0,95
2022-12-23 00:34:34,12,9,3854.25,104
2022-12-23 00:34:46,7,-3,3854.25,101
2022-12-23 00:34:55,7,-4,3853.75,97
2022-12-23 00:34:59,1,1,3853.75,98
2022-12-23 00:35:02,1,1,3853.75,99
2022-12-23 00:35:05,1,1,3854.0,100
2022-12-23 00:35:08,2,-2,3854.0,98
2022-12-23 00:35:11,6,-5,3853.75,93
2022-12-23 00:35:12,13,2,3853.75,95
2022-12-23 00:35:21,3,-3,3853.5,92
2022-12-23 00:35:23,2,2,3853.5,94
2022-12-23 00:35:25,1,1,3853.5,95
2022-12-23 00:35:28,2,-2,3853.25,93
2022-12-23 00:35:33,3,1,3853.5,94
2022-12-23 00:35:36,6,5,3853.5,99
2022-12-23 00:35:40,23,-9,3853.25,90
2022-12-23 00:35:43,1,-1,3853.25,89
2022-12-23 00:35:45,18,-11,3853.0,78
2022-12-23 00:35:46,6,-6,3852.75,72
2022-12-23 00:35:47,27,-14,3852.5,58
2022-12-23 00:35:48,4,-4,3852.25,54
2022-12-23 00:35:49,2,2,3852.5,56
2022-12-23 00:35:52,12,6,3853.0,62
2022-12-23 00:35:53,1,-1,3852.75,61
2022-12-23 00:35:54,6,5,3853.0,66
2022-12-23 00:35:56,2,-2,3853.0,64
2022-12-23 00:36:00,1,-1,3852.75,63
2022-12-23 00:36:03,1,1,3853.0,64
2022-12-23 00:36:04,7,7,3853.25,71
2022-12-23 00:36:05,1,-1,3853.25,70
2022-12-23 00:36:06,2,2,3853.5,72
2022-12-23 00:36:16,15,-4,3853.25,68
2022-12-23 00:36:20,1,1,3853.25,69
2022-12-23 00:36:21,2,-2,3853.0,67
2022-12-23 00:36:23,1,1,3853.25,68
2022-12-23 00:36:24,3,3,3853.25,71
2022-12-23 00:36:25,5,-5,3853.25,66
2022-12-23 00:36:36,1,1,3853.5,67
2022-12-23 00:36:58,4,4,3853.5,71
2022-12-23 00:37:05,6,5,3853.5,76
2022-12-23 00:37:13,5,5,3853.75,81
2022-12-23 00:37:14,8,1,3854.0,82
2022-12-23 00:37:15,1,-1,3854.0,81
2022-12-23 00:37:20,4,2,3854.0,83
2022-12-23 00:37:24,2,-2,3853.75,81
2022-12-23 00:37:35,1,1,3854.0,82
2022-12-23 00:37:38,3,-1,3854.0,81
2022-12-23 00:38:01,5,-1,3853.75,80
2022-12-23 00:38:03,4,-4,3853.75,76
2022-12-23 00:38:06,2,2,3853.75,78
2022-12-23 00:38:31,2,-2,3853.75,76
2022-12-23 00:38:45,3,-1,3853.75,75
2022-12-23 00:38:49,3,0,3853.75,75
2022-12-23 00:38:51,2,-2,3853.75,73
2022-12-23 00:39:07,1,-1,3853.5,72
2022-12-23 00:39:09,3,-3,3853.5,69
2022-12-23 00:39:10,4,4,3853.5,73
2022-12-23 00:39:22,11,7,3853.75,80
2022-12-23 00:39:23,5,-3,3853.75,77
2022-12-23 00:39:25,1,1,3853.75,78
2022-12-23 00:39:31,1,-1,3853.75,77
2022-12-23 00:39:35,1,1,3853.75,78
2022-12-23 00:39:47,1,1,3853.75,79
2022-12-23 00:39:52,2,1,3853.75,80
2022-12-23 00:39:53,1,1,3853.75,81
2022-12-23 00:40:08,2,1,3853.75,82
2022-12-23 00:40:39,26,-6,3853.5,76
2022-12-23 00:40:43,8,6,3853.75,82
2022-12-23 00:40:44,2,-2,3853.75,80
2022-12-23 00:40:52,1,-1,3853.75,79
2022-12-23 00:40:54,1,-1,3853.75,78
2022-12-23 00:40:58,1,1,3854.0,79
2022-12-23 00:41:12,3,-3,3853.75,76
2022-12-23 00:41:37,2,0,3853.75,76
2022-12-23 00:41:54,1,1,3853.75,77
2022-12-23 00:42:03,5,3,3853.75,80
2022-12-23 00:42:25,1,1,3854.0,81
2022-12-23 00:42:27,1,-1,3853.75,80
2022-12-23 00:42:30,7,1,3853.75,81
2022-12-23 00:42:31,4,-4,3853.75,77
2022-12-23 00:42:39,6,5,3853.75,82
2022-12-23 00:42:45,15,11,3854.0,93
2022-12-23 00:42:50,24,2,3854.5,95
2022-12-23 00:42:57,1,-1,3854.0,94
2022-12-23 00:43:00,3,3,3854.5,97
2022-12-23 00:43:02,10,5,3854.5,102
2022-12-23 00:43:09,5,5,3854.5,107
2022-12-23 00:43:19,1,1,3854.5,108
2022-12-23 00:43:25,6,2,3854.5,110
2022-12-23 00:43:38,2,2,3854.5,112
2022-12-23 00:43:39,1,1,3854.5,113
2022-12-23 00:43:43,1,-1,3854.5,112
2022-12-23 00:43:45,8,-1,3854.5,111
2022-12-23 00:43:55,25,23,3854.75,134
2022-12-23 00:43:58,10,12,3855.25,146
2022-12-23 00:44:02,1,1,3855.25,147
2022-12-23 00:44:06,1,-1,3855.0,146
2022-12-23 00:44:10,1,-1,3855.0,145
2022-12-23 00:44:13,1,1,3855.25,146
2022-12-23 00:44:17,1,-1,3855.0,145
2022-12-23 00:44:21,7,4,3855.25,149
2022-12-23 00:44:24,1,1,3855.25,150
2022-12-23 00:44:29,1,-1,3855.0,149
2022-12-23 00:44:40,32,-17,3855.0,132
2022-12-23 00:44:43,2,1,3855.25,133
2022-12-23 00:44:45,1,1,3855.25,134
2022-12-23 00:44:46,13,1,3855.25,135
2022-12-23 00:44:56,11,11,3855.75,146
2022-12-23 00:44:57,1,-1,3855.5,145
2022-12-23 00:45:00,1,1,3855.5,146
2022-12-23 00:45:04,1,1,3855.5,147
2022-12-23 00:45:05,1,-1,3855.5,146
2022-12-23 00:45:15,2,2,3855.75,148
2022-12-23 00:45:20,5,-1,3855.5,147
2022-12-23 00:45:23,1,-1,3855.5,146
2022-12-23 00:45:25,4,-1,3855.5,145
2022-12-23 00:45:29,6,-4,3855.25,141
2022-12-23 00:45:31,1,-1,3855.25,140
2022-12-23 00:45:38,1,-1,3855.25,139
2022-12-23 00:45:42,1,-1,3855.25,138
2022-12-23 00:45:46,1,1,3855.5,139
2022-12-23 00:45:50,1,-1,3855.25,138
2022-12-23 00:45:51,1,-1,3855.25,137
2022-12-23 00:45:52,10,-8,3855.25,129
2022-12-23 00:45:57,11,-12,3855.0,117
2022-12-23 00:46:08,6,-6,3854.5,111
2022-12-23 00:46:16,1,1,3854.5,112
2022-12-23 00:46:21,3,3,3854.5,115
2022-12-23 00:46:28,9,-8,3854.25,107
2022-12-23 00:46:35,12,2,3854.25,109
2022-12-23 00:46:41,4,-4,3854.25,105
2022-12-23 00:46:42,2,2,3854.25,107
2022-12-23 00:46:45,2,2,3854.25,109
2022-12-23 00:46:55,1,-1,3854.25,108
2022-12-23 00:47:01,1,-1,3854.25,107
2022-12-23 00:47:16,4,2,3854.5,109
2022-12-23 00:47:32,1,1,3854.75,110
2022-12-23 00:47:41,13,4,3854.5,114
2022-12-23 00:47:45,5,5,3854.75,119
2022-12-23 00:47:51,2,-2,3854.5,117
2022-12-23 00:47:55,1,-1,3854.5,116
2022-12-23 00:47:57,2,2,3854.5,118
2022-12-23 00:48:04,11,-11,3854.5,107
2022-12-23 00:48:08,1,1,3854.5,108
2022-12-23 00:48:16,1,-1,3854.25,107
2022-12-23 00:48:21,6,-5,3854.25,102
2022-12-23 00:48:25,9,-12,3854.0,90
2022-12-23 00:48:29,1,1,3853.75,91
2022-12-23 00:48:36,9,4,3854.0,95
2022-12-23 00:48:39,1,1,3854.0,96
2022-12-23 00:48:41,3,1,3854.0,97
2022-12-23 00:48:50,4,-4,3853.75,93
2022-12-23 00:49:08,1,1,3853.75,94
2022-12-23 00:49:17,6,6,3853.75,100
2022-12-23 00:49:18,6,-6,3853.5,94
2022-12-23 00:49:19,2,-2,3853.25,92
2022-12-23 00:49:20,3,-3,3853.25,89
2022-12-23 00:49:32,2,2,3853.5,91
2022-12-23 00:49:41,5,3,3853.25,94
2022-12-23 00:49:44,1,-1,3853.0,93
2022-12-23 00:49:59,17,3,3853.25,96
2022-12-23 00:50:02,6,5,3853.5,101
2022-12-23 00:50:11,1,-1,3853.5,100
2022-12-23 00:50:18,4,-4,3853.5,96
2022-12-23 00:50:31,3,-2,3853.5,94
2022-12-23 00:50:33,1,1,3853.75,95
2022-12-23 00:50:35,1,-1,3853.75,94
2022-12-23 00:50:45,1,-1,3853.75,93
2022-12-23 00:50:52,8,4,3854.0,97
2022-12-23 00:51:03,12,-9,3853.75,88
2022-12-23 00:51:06,11,-10,3853.5,78
2022-12-23 00:51:09,23,-19,3853.5,59
2022-12-23 00:51:12,2,0,3853.5,59
2022-12-23 00:51:19,1,1,3853.5,60
2022-12-23 00:51:20,14,-13,3853.25,47
2022-12-23 00:51:22,8,-6,3853.0,41
2022-12-23 00:51:25,26,-14,3852.75,27
2022-12-23 00:51:26,1,-1,3852.5,26
2022-12-23 00:51:27,5,5,3852.75,31
2022-12-23 00:51:30,5,-5,3852.75,26
2022-12-23 00:51:31,7,-3,3852.75,23
2022-12-23 00:51:32,2,2,3853.0,25
2022-12-23 00:51:35,1,-1,3852.75,24
2022-12-23 00:51:36,5,-4,3852.5,20
2022-12-23 00:51:40,5,-3,3852.5,17
2022-12-23 00:51:41,1,-1,3852.5,16
2022-12-23 00:51:43,9,-7,3852.5,9
2022-12-23 00:51:49,13,2,3852.5,11
2022-12-23 00:51:50,2,1,3852.75,12
2022-12-23 00:51:51,9,-6,3852.5,6
2022-12-23 00:51:58,5,2,3852.5,8
2022-12-23 00:51:59,1,-1,3852.25,7
2022-12-23 00:52:00,20,11,3852.5,18
2022-12-23 00:52:02,2,-2,3852.5,16
2022-12-23 00:52:07,10,1,3852.75,17
2022-12-23 00:52:09,1,-1,3852.5,16
2022-12-23 00:52:17,1,1,3852.75,17
2022-12-23 00:52:19,4,-3,3852.5,14
2022-12-23 00:52:33,1,1,3852.75,15
2022-12-23 00:52:36,5,2,3852.75,17
2022-12-23 00:52:37,3,3,3853.0,20
2022-12-23 00:52:41,1,1,3853.0,21
2022-12-23 00:52:43,2,1,3853.0,22
2022-12-23 00:52:45,7,-7,3852.75,15
2022-12-23 00:52:46,4,4,3852.75,19
2022-12-23 00:52:47,1,1,3852.75,20
2022-12-23 00:53:02,1,1,3852.75,21
2022-12-23 00:53:12,8,4,3853.0,25
2022-12-23 00:53:16,11,-6,3853.0,19
2022-12-23 00:53:17,6,6,3853.25,25
2022-12-23 00:53:18,4,2,3853.0,27
2022-12-23 00:53:19,2,-1,3853.0,26
2022-12-23 00:53:21,1,-1,3852.75,25
2022-12-23 00:53:37,11,-5,3852.75,20
2022-12-23 00:53:45,2,2,3852.75,22
2022-12-23 00:53:47,2,0,3852.75,22
2022-12-23 00:53:48,2,-1,3852.75,21
2022-12-23 00:53:52,1,-1,3852.75,20
2022-12-23 00:54:01,17,-8,3852.5,12
2022-12-23 00:54:05,1,1,3852.5,13
2022-12-23 00:54:06,3,1,3852.5,14
2022-12-23 00:54:08,2,-2,3852.25,12
2022-12-23 00:54:09,31,-17,3852.25,-5
2022-12-23 00:54:11,8,1,3852.5,-4
2022-12-23 00:54:12,5,-5,3852.25,-9
2022-12-23 00:54:18,1,-1,3852.25,-10
2022-12-23 00:54:20,1,1,3852.5,-9
2022-12-23 00:54:22,7,-7,3852.25,-16
2022-12-23 00:54:24,2,2,3852.25,-14
2022-12-23 00:54:25,1,1,3852.25,-13
2022-12-23 00:54:27,1,1,3852.25,-12
2022-12-23 00:54:29,1,1,3852.5,-11
2022-12-23 00:54:35,4,-3,3852.25,-14
2022-12-23 00:54:36,1,1,3852.25,-13
2022-12-23 00:54:44,3,3,3852.25,-10
2022-12-23 00:54:46,1,-1,3852.25,-11
2022-12-23 00:54:48,2,-2,3852.25,-13
2022-12-23 00:54:49,2,2,3852.25,-11
2022-12-23 00:54:59,18,-11,3852.0,-22
2022-12-23 00:55:01,4,-4,3851.75,-26
2022-12-23 00:55:02,7,5,3852.0,-21
2022-12-23 00:55:04,1,-1,3852.0,-22
2022-12-23 00:55:05,4,-2,3852.25,-24
2022-12-23 00:55:08,26,-5,3852.5,-29
2022-12-23 00:55:10,6,5,3852.5,-24
2022-12-23 00:55:17,1,1,3852.5,-23
2022-12-23 00:55:20,1,1,3852.5,-22
2022-12-23 00:55:24,1,1,3852.5,-21
2022-12-23 00:55:28,1,-1,3852.25,-22
2022-12-23 00:55:30,6,-1,3852.0,-23
2022-12-23 00:55:33,11,-9,3852.25,-32
2022-12-23 00:55:42,11,7,3852.0,-25
2022-12-23 00:55:43,6,5,3852.0,-20
2022-12-23 00:55:46,6,5,3852.25,-15
2022-12-23 00:55:47,3,3,3852.0,-12
2022-12-23 00:55:49,2,-2,3852.0,-14
2022-12-23 00:55:50,1,1,3852.0,-13
2022-12-23 00:55:56,3,-3,3852.0,-16
2022-12-23 00:56:05,1,-1,3852.0,-17
2022-12-23 00:56:09,2,-2,3852.0,-19
2022-12-23 00:56:10,3,3,3852.0,-16
2022-12-23 00:56:11,1,1,3852.25,-15
2022-12-23 00:56:17,4,4,3852.25,-11
2022-12-23 00:56:26,4,4,3852.5,-7
2022-12-23 00:56:30,4,-3,3852.25,-10
2022-12-23 00:56:53,1,1,3852.5,-9
2022-12-23 00:57:01,5,4,3852.5,-5
2022-12-23 00:57:02,2,-2,3852.5,-7
2022-12-23 00:57:06,2,1,3852.5,-6
2022-12-23 00:57:09,1,1,3852.5,-5
2022-12-23 00:57:10,2,-2,3852.25,-7
2022-12-23 00:57:11,1,-1,3852.25,-8
2022-12-23 00:57:13,3,2,3852.5,-6
2022-12-23 00:57:14,2,2,3852.5,-4
2022-12-23 00:57:20,7,-2,3852.25,-6
2022-12-23 00:57:22,3,-3,3852.25,-9
2022-12-23 00:57:33,9,6,3852.5,-3
2022-12-23 00:57:36,1,1,3852.5,-2
2022-12-23 00:57:37,4,4,3852.5,2
2022-12-23 00:57:39,1,-1,3852.5,1
2022-12-23 00:57:50,5,-4,3852.5,-3
2022-12-23 00:58:07,2,-1,3852.25,-4
2022-12-23 00:58:13,16,-5,3852.25,-9
2022-12-23 00:58:19,5,3,3852.25,-6
2022-12-23 00:58:24,7,-4,3852.25,-10
2022-12-23 00:58:33,1,1,3852.25,-9
2022-12-23 00:58:39,1,-1,3852.0,-10
2022-12-23 00:58:40,1,1,3852.25,-9
2022-12-23 00:58:50,3,3,3852.25,-6
2022-12-23 00:59:01,15,10,3852.5,4
2022-12-23 00:59:03,5,-4,3852.5,0
2022-12-23 00:59:06,16,-6,3852.25,-6
2022-12-23 00:59:14,11,-9,3852.0,-15
2022-12-23 00:59:22,1,1,3852.0,-14
2022-12-23 00:59:31,5,1,3852.0,-13
2022-12-23 00:59:35,1,1,3852.0,-12
2022-12-23 00:59:42,1,1,3852.25,-11
2022-12-23 00:59:44,4,-3,3852.0,-14
2022-12-23 00:59:47,1,-1,3852.0,-15
2022-12-23 00:59:54,2,-2,3852.0,-17
2022-12-23 00:59:57,2,0,3852.0,-17
2022-12-23 00:59:58,9,6,3852.0,-11
2022-12-23 01:00:00,10,-9,3852.25,-20
2022-12-23 01:00:03,3,3,3852.0,-17
2022-12-23 01:00:07,1,1,3852.0,-16
2022-12-23 01:00:14,9,-6,3851.75,-22
2022-12-23 01:00:16,6,-6,3851.5,-28
2022-12-23 01:00:17,3,3,3851.75,-25
2022-12-23 01:00:20,1,-1,3851.75,-26
2022-12-23 01:00:21,2,-2,3851.75,-28
2022-12-23 01:00:25,1,-1,3851.75,-29
2022-12-23 01:00:26,1,1,3852.0,-28
2022-12-23 01:00:27,15,11,3852.0,-17
2022-12-23 01:00:30,1,1,3852.25,-16
2022-12-23 01:00:35,3,3,3852.25,-13
2022-12-23 01:00:37,7,7,3852.25,-6
2022-12-23 01:00:38,20,22,3852.5,16
2022-12-23 01:00:39,1,-1,3852.25,15
2022-12-23 01:00:41,18,-10,3852.25,5
2022-12-23 01:00:51,8,4,3852.0,9
2022-12-23 01:00:54,3,-3,3851.75,6
2022-12-23 01:01:01,20,-10,3851.5,-4
2022-12-23 01:01:03,6,3,3851.75,-1
2022-12-23 01:01:05,3,3,3852.0,2
2022-12-23 01:01:06,1,-1,3851.75,1
2022-12-23 01:01:12,7,4,3852.0,5
2022-12-23 01:01:20,12,11,3852.25,16
2022-12-23 01:01:22,3,3,3852.5,19
2022-12-23 01:01:24,1,1,3852.5,20
2022-12-23 01:01:26,11,2,3852.5,22
2022-12-23 01:01:28,13,5,3852.75,27
2022-12-23 01:01:30,3,-3,3852.25,24
2022-12-23 01:01:31,2,-2,3852.25,22
2022-12-23 01:01:38,4,4,3852.25,26
2022-12-23 01:01:40,1,-1,3852.0,25
2022-12-23 01:01:44,10,-8,3852.0,17
2022-12-23 01:01:45,5,-1,3852.0,16
2022-12-23 01:01:48,1,1,3852.0,17
2022-12-23 01:01:56,18,-2,3851.75,15
2022-12-23 01:02:00,2,-2,3851.75,13
2022-12-23 01:02:02,1,1,3851.75,14
2022-12-23 01:02:04,1,-1,3851.5,13
2022-12-23 01:02:13,1,1,3851.75,14
2022-12-23 01:02:14,5,-5,3851.5,9
2022-12-23 01:02:15,1,1,3851.5,10
2022-12-23 01:02:25,7,-7,3851.25,3
2022-12-23 01:02:26,1,-1,3851.25,2
2022-12-23 01:02:34,30,-4,3851.25,-2
2022-12-23 01:02:35,1,-1,3851.25,-3
2022-12-23 01:02:36,1,-1,3851.25,-4
2022-12-23 01:02:40,16,-13,3851.0,-17
2022-12-23 01:02:42,1,1,3851.25,-16
2022-12-23 01:02:44,5,-3,3851.0,-19
2022-12-23 01:02:45,63,-23,3851.0,-42
2022-12-23 01:02:46,16,-11,3851.0,-53
2022-12-23 01:02:51,10,7,3851.25,-46
2022-12-23 01:02:52,1,-1,3851.25,-47
2022-12-23 01:02:55,4,-4,3851.25,-51
2022-12-23 01:02:58,1,1,3851.25,-50
2022-12-23 01:03:04,1,-1,3851.25,-51
2022-12-23 01:03:07,2,2,3851.25,-49
2022-12-23 01:03:09,4,4,3851.5,-45
2022-12-23 01:03:10,5,0,3851.5,-45
2022-12-23 01:03:11,11,9,3851.75,-36
2022-12-23 01:03:16,12,10,3851.75,-26
2022-12-23 01:03:28,6,-4,3851.5,-30
2022-12-23 01:03:37,1,-1,3851.5,-31
2022-12-23 01:03:39,2,2,3851.5,-29
2022-12-23 01:03:42,2,0,3851.5,-29
2022-12-23 01:03:46,3,-3,3851.5,-32
2022-12-23 01:03:54,7,-6,3851.5,-38
2022-12-23 01:03:57,20,0,3851.75,-38
2022-12-23 01:04:03,4,4,3851.75,-34
2022-12-23 01:04:09,7,-3,3851.75,-37
2022-12-23 01:04:10,1,1,3851.5,-36
2022-12-23 01:04:11,10,9,3851.75,-27
2022-12-23 01:04:22,17,0,3851.5,-27
2022-12-23 01:04:23,5,-4,3851.5,-31
2022-12-23 01:04:24,10,-8,3851.25,-39
2022-12-23 01:04:25,2,-2,3851.25,-41
2022-12-23 01:04:27,1,1,3851.5,-40
2022-12-23 01:04:28,3,-2,3851.25,-42
2022-12-23 01:04:31,21,-7,3851.0,-49
2022-12-23 01:04:32,3,-3,3850.75,-52
2022-12-23 01:04:37,2,2,3851.0,-50
2022-12-23 01:04:38,1,1,3851.0,-49
2022-12-23 01:04:45,1,-1,3850.75,-50
2022-12-23 01:04:47,9,9,3851.0,-41
2022-12-23 01:04:48,1,-1,3850.75,-42
2022-12-23 01:04:52,7,-6,3850.75,-48
2022-12-23 01:04:53,1,-1,3850.75,-49
2022-12-23 01:04:54,4,-1,3850.75,-50
2022-12-23 01:04:58,1,-1,3850.75,-51
2022-12-23 01:04:59,2,2,3850.75,-49
2022-12-23 01:05:01,10,6,3851.25,-43
2022-12-23 01:05:07,12,8,3851.25,-35
2022-12-23 01:05:13,1,1,3851.25,-34
2022-12-23 01:05:14,2,0,3851.25,-34
2022-12-23 01:05:20,17,-12,3851.25,-46
2022-12-23 01:05:23,3,-3,3851.0,-49
2022-12-23 01:05:24,1,-1,3851.0,-50
2022-12-23 01:05:26,1,1,3851.0,-49
2022-12-23 01:05:34,7,3,3851.0,-46
2022-12-23 01:05:40,10,10,3851.0,-36
2022-12-23 01:05:46,5,5,3851.25,-31
2022-12-23 01:05:48,1,1,3851.5,-30
2022-12-23 01:05:51,17,10,3851.75,-20
2022-12-23 01:05:53,2,-2,3851.75,-22
2022-12-23 01:06:07,1,-1,3851.75,-23
2022-12-23 01:06:23,11,5,3852.0,-18
2022-12-23 01:06:29,3,1,3852.0,-17
2022-12-23 01:06:31,3,0,3852.0,-17
2022-12-23 01:06:33,2,2,3852.0,-15
2022-12-23 01:06:34,1,-1,3852.0,-16
2022-12-23 01:06:35,2,-2,3852.0,-18
2022-12-23 01:06:36,1,1,3852.0,-17
2022-12-23 01:06:37,26,-2,3851.75,-19
2022-12-23 01:06:38,1,1,3851.75,-18
2022-12-23 01:06:44,2,2,3851.75,-16
2022-12-23 01:06:45,2,-2,3851.75,-18
2022-12-23 01:06:46,12,-8,3851.75,-26
2022-12-23 01:06:47,2,0,3852.0,-26
2022-12-23 01:06:50,6,-5,3851.75,-31
2022-12-23 01:06:59,12,5,3851.75,-26
2022-12-23 01:07:03,9,4,3852.0,-22
2022-12-23 01:07:08,4,-4,3851.75,-26
2022-12-23 01:07:11,2,-1,3851.75,-27
2022-12-23 01:07:12,1,1,3851.75,-26
2022-12-23 01:07:16,90,-17,3852.0,-43
2022-12-23 01:07:21,13,11,3851.5,-32
2022-12-23 01:07:24,10,3,3851.5,-29
2022-12-23 01:07:27,1,-1,3851.25,-30
2022-12-23 01:07:30,10,6,3851.5,-24
2022-12-23 01:07:38,18,-7,3851.25,-31
2022-12-23 01:07:40,5,-3,3851.0,-34
2022-12-23 01:07:42,1,1,3851.25,-33
2022-12-23 01:07:43,18,3,3851.25,-30
2022-12-23 01:07:46,1,-1,3851.0,-31
2022-12-23 01:07:50,2,-1,3851.0,-32
2022-12-23 01:07:57,3,2,3851.25,-30
2022-12-23 01:08:00,2,-2,3851.25,-32
2022-12-23 01:08:02,2,2,3851.25,-30
2022-12-23 01:08:15,1,-1,3851.25,-31
2022-12-23 01:08:22,1,1,3851.5,-30
2022-12-23 01:08:28,1,1,3851.5,-29
2022-12-23 01:08:41,1,-1,3851.25,-30
2022-12-23 01:08:45,1,-1,3851.25,-31
2022-12-23 01:08:48,1,1,3851.25,-30
2022-12-23 01:08:59,1,1,3851.5,-29
2022-12-23 01:09:01,4,4,3851.5,-25
2022-12-23 01:09:02,3,1,3851.75,-24
2022-12-23 01:09:08,2,2,3852.0,-22
2022-12-23 01:09:10,1,1,3852.0,-21
2022-12-23 01:09:11,1,-1,3851.75,-22
2022-12-23 01:09:20,7,2,3851.75,-20
2022-12-23 01:09:24,4,-4,3851.5,-24
2022-12-23 01:09:25,1,-1,3851.5,-25
2022-12-23 01:09:36,1,-1,3851.5,-26
2022-12-23 01:10:21,2,-2,3851.25,-28
2022-12-23 01:10:29,2,2,3851.5,-26
2022-12-23 01:10:30,9,7,3851.75,-19
2022-12-23 01:10:35,16,11,3852.0,-8
2022-12-23 01:10:36,2,-2,3852.0,-10
2022-12-23 01:10:37,25,-10,3851.75,-20
2022-12-23 01:10:40,1,1,3852.0,-19
2022-12-23 01:10:42,3,-3,3851.75,-22
2022-12-23 01:10:56,3,3,3851.75,-19
2022-12-23 01:11:00,7,1,3851.75,-18
2022-12-23 01:11:15,2,-2,3851.5,-20
2022-12-23 01:11:16,1,-1,3851.5,-21
2022-12-23 01:11:18,52,6,3852.0,-15
2022-12-23 01:11:20,1,-1,3851.5,-16
2022-12-23 01:11:39,1,-1,3851.5,-17
2022-12-23 01:11:40,1,-1,3851.5,-18
2022-12-23 01:11:42,9,6,3852.0,-12
2022-12-23 01:11:54,2,-2,3851.75,-14
2022-12-23 01:11:55,1,1,3851.75,-13
2022-12-23 01:12:02,2,-1,3851.5,-14
2022-12-23 01:12:17,5,-3,3851.5,-17
2022-12-23 01:12:23,4,3,3851.5,-14
2022-12-23 01:12:30,36,-17,3851.25,-31
2022-12-23 01:12:33,2,2,3851.0,-29
2022-12-23 01:12:37,1,-1,3850.75,-30
2022-12-23 01:12:40,1,1,3851.0,-29
2022-12-23 01:12:43,6,0,3851.0,-29
2022-12-23 01:12:45,3,3,3851.25,-26
2022-12-23 01:12:46,1,-1,3851.25,-27
2022-12-23 01:12:47,1,-1,3851.25,-28
2022-12-23 01:12:48,1,-1,3851.25,-29
2022-12-23 01:12:50,1,-1,3851.25,-30
2022-12-23 01:12:59,1,-1,3851.25,-31
2022-12-23 01:13:19,1,-1,3851.25,-32
2022-12-23 01:13:20,1,-1,3851.0,-33
2022-12-23 01:13:21,1,1,3851.25,-32
2022-12-23 01:13:24,2,2,3851.25,-30
2022-12-23 01:14:01,3,2,3851.5,-28
2022-12-23 01:14:02,9,8,3851.5,-20
2022-12-23 01:14:04,1,-1,3851.25,-21
2022-12-23 01:14:11,1,1,3851.5,-20
2022-12-23 01:14:17,2,-2,3851.25,-22
2022-12-23 01:14:35,2,-2,3851.25,-24
2022-12-23 01:14:56,4,3,3851.25,-21
2022-12-23 01:15:01,1,-1,3851.0,-22
2022-12-23 01:15:02,8,3,3851.5,-19
2022-12-23 01:15:03,9,3,3851.5,-16
2022-12-23 01:15:22,3,-3,3851.25,-19
2022-12-23 01:15:37,5,5,3851.25,-14
2022-12-23 01:15:41,2,0,3851.5,-14
2022-12-23 01:15:47,1,-1,3851.0,-15
2022-12-23 01:15:51,3,3,3851.25,-12
2022-12-23 01:16:10,4,4,3851.5,-8
2022-12-23 01:16:12,1,-1,3851.25,-9
2022-12-23 01:16:15,2,-2,3851.25,-11
2022-12-23 01:16:21,10,-5,3851.25,-16
2022-12-23 01:16:29,1,-1,3851.0,-17
2022-12-23 01:16:31,5,5,3851.25,-12
2022-12-23 01:16:34,5,4,3851.5,-8
2022-12-23 01:16:38,1,1,3851.75,-7
2022-12-23 01:16:41,1,-1,3851.5,-8
2022-12-23 01:16:44,11,-4,3851.5,-12
2022-12-23 01:16:45,1,1,3851.5,-11
2022-12-23 01:16:53,3,3,3851.5,-8
2022-12-23 01:16:57,11,7,3851.75,-1
2022-12-23 01:16:59,3,3,3851.75,2
2022-12-23 01:17:01,1,-1,3851.75,1
2022-12-23 01:17:05,1,-1,3851.75,0
2022-12-23 01:17:10,1,-1,3851.75,-1
2022-12-23 01:17:11,1,-1,3851.5,-2
2022-12-23 01:17:15,1,1,3851.75,-1
2022-12-23 01:17:18,2,2,3851.75,1
2022-12-23 01:17:22,1,1,3851.75,2
2022-12-23 01:17:29,1,-1,3851.5,1
2022-12-23 01:17:36,1,1,3851.75,2
2022-12-23 01:17:40,1,1,3851.75,3
2022-12-23 01:17:53,1,-1,3851.5,2
2022-12-23 01:17:54,10,-8,3851.5,-6
2022-12-23 01:18:06,1,-1,3851.5,-7
2022-12-23 01:18:09,2,-2,3851.25,-9
2022-12-23 01:18:10,3,-3,3851.25,-12
2022-12-23 01:18:13,3,3,3851.5,-9
2022-12-23 01:18:17,1,-1,3851.25,-10
2022-12-23 01:18:26,12,5,3851.5,-5
2022-12-23 01:18:28,1,-1,3851.25,-6
2022-12-23 01:18:35,11,1,3851.5,-5
2022-12-23 01:18:49,3,-1,3851.75,-6
2022-12-23 01:18:56,26,22,3852.0,16
2022-12-23 01:18:59,4,-2,3851.75,14
2022-12-23 01:19:01,14,-7,3851.5,7
2022-12-23 01:19:15,1,1,3851.5,8
2022-12-23 01:19:17,6,-5,3851.25,3
2022-12-23 01:19:20,1,-1,3851.25,2
2022-12-23 01:19:22,1,-1,3851.25,1
2022-12-23 01:19:24,1,1,3851.5,2
2022-12-23 01:19:30,2,-2,3851.25,0
2022-12-23 01:19:33,1,1,3851.25,1
2022-12-23 01:19:36,13,0,3851.25,1
2022-12-23 01:19:40,5,-3,3851.0,-2
2022-12-23 01:19:41,6,1,3851.0,-1
2022-12-23 01:19:45,1,-1,3850.75,-2
2022-12-23 01:19:48,1,-1,3850.75,-3
2022-12-23 01:19:54,2,-2,3850.75,-5
2022-12-23 01:19:56,5,-5,3850.75,-10
2022-12-23 01:19:59,1,-1,3850.75,-11
2022-12-23 01:20:01,9,-8,3850.75,-19
2022-12-23 01:20:02,3,-3,3850.5,-22
2022-12-23 01:20:09,8,2,3850.75,-20
2022-12-23 01:20:10,1,1,3850.75,-19
2022-12-23 01:20:17,4,-3,3850.5,-22
2022-12-23 01:20:20,3,3,3850.75,-19
2022-12-23 01:20:21,18,6,3851.0,-13
2022-12-23 01:20:22,4,-3,3850.75,-16
2022-12-23 01:20:27,1,-1,3850.75,-17
2022-12-23 01:20:29,1,1,3851.0,-16
2022-12-23 01:20:40,20,-6,3850.75,-22
2022-12-23 01:20:45,2,-2,3850.75,-24
2022-12-23 01:20:47,1,-1,3850.5,-25
2022-12-23 01:20:53,1,1,3850.75,-24
2022-12-23 01:20:55,1,-1,3850.5,-25
2022-12-23 01:21:00,1,1,3850.75,-24
2022-12-23 01:21:04,29,-2,3850.5,-26
2022-12-23 01:21:05,5,-5,3850.25,-31
2022-12-23 01:21:06,3,-2,3850.25,-33
2022-12-23 01:21:07,1,1,3850.5,-32
2022-12-23 01:21:11,12,11,3850.5,-21
2022-12-23 01:21:13,152,-122,3850.25,-143
2022-12-23 01:21:14,4,4,3849.75,-139
2022-12-23 01:21:16,4,2,3850.0,-137
2022-12-23 01:21:25,11,-8,3849.75,-145
2022-12-23 01:21:26,2,-2,3849.75,-147
2022-12-23 01:21:28,3,-3,3849.75,-150
2022-12-23 01:21:34,1,-1,3849.75,-151
2022-12-23 01:21:35,35,18,3850.5,-133
2022-12-23 01:21:40,14,-2,3850.5,-135
2022-12-23 01:21:43,1,-1,3850.5,-136
2022-12-23 01:21:45,22,6,3850.75,-130
2022-12-23 01:21:47,1,-1,3850.5,-131
2022-12-23 01:21:48,12,0,3850.5,-131
2022-12-23 01:21:51,1,1,3850.5,-130
2022-12-23 01:21:59,4,4,3850.5,-126
2022-12-23 01:22:01,2,2,3850.5,-124
2022-12-23 01:22:03,1,1,3850.75,-123
2022-12-23 01:22:09,1,1,3850.75,-122
2022-12-23 01:22:11,1,-1,3850.5,-123
2022-12-23 01:22:18,16,4,3850.75,-119
2022-12-23 01:22:22,4,4,3850.75,-115
2022-12-23 01:22:23,5,5,3850.75,-110
2022-12-23 01:22:25,2,-1,3850.75,-111
2022-12-23 01:22:39,12,-4,3850.5,-115
2022-12-23 01:22:45,1,-1,3850.5,-116
2022-12-23 01:22:47,4,4,3850.5,-112
2022-12-23 01:22:48,3,3,3850.75,-109
2022-12-23 01:22:50,16,-7,3850.75,-116
2022-12-23 01:22:53,1,-1,3850.5,-117
2022-12-23 01:22:59,4,-4,3850.5,-121
2022-12-23 01:23:01,2,-2,3850.5,-123
2022-12-23 01:23:03,8,1,3850.5,-122
2022-12-23 01:23:04,1,-1,3850.5,-123
2022-12-23 01:23:09,9,7,3850.75,-116
2022-12-23 01:23:13,1,1,3850.75,-115
2022-12-23 01:23:16,5,4,3850.75,-111
2022-12-23 01:23:27,1,1,3850.75,-110
2022-12-23 01:23:28,31,-34,3850.5,-144
2022-12-23 01:23:35,1,-1,3850.25,-145
2022-12-23 01:23:36,7,-3,3850.25,-148
2022-12-23 01:23:45,1,-1,3850.25,-149
2022-12-23 01:23:54,3,1,3850.25,-148
2022-12-23 01:23:55,1,1,3850.25,-147
2022-12-23 01:23:59,2,0,3850.25,-147
2022-12-23 01:24:00,3,-3,3850.0,-150
2022-12-23 01:24:05,11,-1,3849.75,-151
2022-12-23 01:24:17,2,0,3850.0,-151
2022-12-23 01:24:19,4,-3,3849.75,-154
2022-12-23 01:24:22,1,-1,3849.75,-155
2022-12-23 01:24:23,3,-1,3849.75,-156
2022-12-23 01:24:29,1,-1,3849.5,-157
2022-12-23 01:24:33,5,-4,3849.5,-161
2022-12-23 01:24:34,1,-1,3849.5,-162
2022-12-23 01:24:37,12,-6,3849.5,-168
2022-12-23 01:24:40,5,4,3849.5,-164
2022-12-23 01:24:44,3,-3,3849.5,-167
2022-12-23 01:24:46,4,-1,3849.5,-168
2022-12-23 01:24:49,7,2,3849.5,-166
2022-12-23 01:24:53,1,-1,3849.25,-167
2022-12-23 01:24:54,3,-3,3849.25,-170
2022-12-23 01:24:59,1,-1,3849.25,-171
2022-12-23 01:25:00,2,-2,3849.25,-173
2022-12-23 01:25:03,15,-13,3849.0,-186
2022-12-23 01:25:07,5,-5,3849.0,-191
2022-12-23 01:25:08,1,-1,3849.0,-192
2022-12-23 01:25:09,1,-1,3849.0,-193
2022-12-23 01:25:12,8,4,3849.0,-189
2022-12-23 01:25:13,5,2,3849.0,-187
2022-12-23 01:25:14,10,-4,3849.0,-191
2022-12-23 01:25:18,10,-1,3848.75,-192
2022-12-23 01:25:19,22,-21,3848.5,-213
2022-12-23 01:25:20,4,-2,3848.75,-215
2022-12-23 01:25:21,3,-1,3848.5,-216
2022-12-23 01:25:22,17,-15,3848.25,-231
2022-12-23 01:25:24,1,-1,3848.25,-232
2022-12-23 01:25:25,2,-2,3848.25,-234
2022-12-23 01:25:26,1,-1,3848.25,-235
2022-12-23 01:25:27,57,-18,3848.25,-253
2022-12-23 01:25:28,7,-1,3848.5,-254
2022-12-23 01:25:29,11,5,3848.5,-249
2022-12-23 01:25:30,3,-3,3848.5,-252
2022-12-23 01:25:31,6,4,3848.75,-248
2022-12-23 01:25:32,1,1,3848.75,-247
2022-12-23 01:25:33,3,1,3848.75,-246
2022-12-23 01:25:34,2,-2,3848.5,-248
2022-12-23 01:25:35,1,1,3848.75,-247
2022-12-23 01:25:36,1,1,3848.75,-246
2022-12-23 01:25:39,17,6,3848.75,-240
2022-12-23 01:25:42,2,2,3848.75,-238
2022-12-23 01:25:43,4,-4,3848.75,-242
2022-12-23 01:25:44,1,1,3849.0,-241
2022-12-23 01:25:46,18,11,3849.0,-230
2022-12-23 01:25:50,9,8,3849.25,-222
2022-12-23 01:25:52,2,2,3849.25,-220
2022-12-23 01:25:53,1,-1,3849.25,-221
2022-12-23 01:25:54,1,1,3849.25,-220
2022-12-23 01:25:55,1,1,3849.25,-219
2022-12-23 01:25:58,4,4,3849.25,-215
2022-12-23 01:26:03,11,9,3849.5,-206
2022-12-23 01:26:06,1,1,3849.5,-205
2022-12-23 01:26:07,1,1,3849.5,-204
2022-12-23 01:26:08,25,8,3849.5,-196
2022-12-23 01:26:09,11,8,3849.5,-188
2022-12-23 01:26:13,1,1,3849.5,-187
2022-12-23 01:26:24,1,-1,3849.25,-188
2022-12-23 01:26:29,1,-1,3849.25,-189
2022-12-23 01:26:30,2,0,3849.25,-189
2022-12-23 01:26:32,2,-2,3849.25,-191
2022-12-23 01:26:37,1,1,3849.25,-190
2022-12-23 01:26:45,3,3,3849.5,-187
2022-12-23 01:26:47,2,-2,3849.5,-189
2022-12-23 01:26:51,3,2,3849.5,-187
2022-12-23 01:27:01,3,0,3849.5,-187
2022-12-23 01:27:19,1,1,3849.25,-186
2022-12-23 01:27:20,1,1,3849.25,-185
2022-12-23 01:27:25,1,1,3849.25,-184
2022-12-23 01:27:26,3,3,3849.25,-181
2022-12-23 01:27:31,1,1,3849.5,-180
2022-12-23 01:27:42,4,-4,3849.25,-184
2022-12-23 01:27:51,9,-6,3849.0,-190
2022-12-23 01:27:58,2,0,3849.0,-190
2022-12-23 01:28:00,2,2,3848.75,-188
2022-12-23 01:28:01,1,-1,3848.75,-189
2022-12-23 01:28:02,11,-7,3848.75,-196
2022-12-23 01:28:24,13,-3,3848.75,-199
2022-12-23 01:28:27,2,-3,3848.5,-202
2022-12-23 01:28:33,2,2,3848.5,-200
2022-12-23 01:28:35,1,1,3848.75,-199
2022-12-23 01:28:39,1,-1,3848.75,-200
2022-12-23 01:28:43,8,5,3849.0,-195
2022-12-23 01:28:46,2,2,3849.25,-193
2022-12-23 01:28:56,5,5,3849.25,-188
2022-12-23 01:28:58,30,19,3849.5,-169
2022-12-23 01:28:59,1,1,3849.5,-168
2022-12-23 01:29:12,1,-1,3849.25,-169
2022-12-23 01:29:13,2,-2,3849.25,-171
2022-12-23 01:29:19,6,2,3849.25,-169
2022-12-23 01:29:26,12,1,3849.25,-168
2022-12-23 01:29:30,2,2,3849.25,-166
2022-12-23 01:29:46,9,7,3849.25,-159
2022-12-23 01:29:48,11,-5,3849.25,-164
2022-12-23 01:29:49,2,1,3849.25,-163
2022-12-23 01:29:55,2,-2,3849.25,-165
2022-12-23 01:29:56,1,-1,3849.25,-166
2022-12-23 01:30:00,1,1,3849.25,-165
2022-12-23 01:30:03,5,-3,3849.25,-168
2022-12-23 01:30:04,1,1,3849.25,-167
2022-12-23 01:30:06,7,5,3849.25,-162
2022-12-23 01:30:07,22,23,3850.0,-139
2022-12-23 01:30:08,15,15,3850.25,-124
2022-12-23 01:30:09,29,9,3850.25,-115
2022-12-23 01:30:10,11,5,3850.25,-110
2022-12-23 01:30:11,10,4,3850.25,-106
2022-12-23 01:30:12,1,1,3850.0,-105
2022-12-23 01:30:16,5,-3,3850.0,-108
2022-12-23 01:30:19,1,1,3850.25,-107
2022-12-23 01:30:20,1,1,3850.25,-106
2022-12-23 01:30:21,30,24,3850.5,-82
2022-12-23 01:30:22,10,2,3850.75,-80
2022-12-23 01:30:24,2,2,3850.75,-78
2022-12-23 01:30:25,8,-2,3850.75,-80
2022-12-23 01:30:26,9,5,3851.0,-75
2022-12-23 01:30:28,1,-1,3850.75,-76
2022-12-23 01:30:31,6,4,3851.0,-72
2022-12-23 01:30:32,2,-2,3851.0,-74
2022-12-23 01:30:34,14,-7,3850.75,-81
2022-12-23 01:30:35,4,4,3850.75,-77
2022-12-23 01:30:39,5,4,3850.75,-73
2022-12-23 01:30:40,4,-2,3850.75,-75
2022-12-23 01:30:44,3,-1,3850.75,-76
2022-12-23 01:30:46,4,-4,3850.5,-80
2022-12-23 01:30:57,1,1,3850.75,-79
2022-12-23 01:30:58,2,-2,3850.75,-81
2022-12-23 01:31:00,8,4,3850.75,-77
2022-12-23 01:31:01,4,2,3850.75,-75
2022-12-23 01:31:03,3,1,3850.75,-74
2022-12-23 01:31:04,3,-3,3850.75,-77
2022-12-23 01:31:07,2,-2,3850.5,-79
2022-12-23 01:31:10,5,1,3850.5,-78
2022-12-23 01:31:12,2,0,3850.5,-78
2022-12-23 01:31:16,2,0,3850.75,-78
2022-12-23 01:31:18,2,2,3850.75,-76
2022-12-23 01:31:22,7,6,3851.0,-70
2022-12-23 01:31:23,11,1,3851.0,-69
2022-12-23 01:31:25,1,1,3851.25,-68
2022-12-23 01:31:27,9,-6,3851.0,-74
2022-12-23 01:31:31,2,2,3851.0,-72
2022-12-23 01:31:36,2,-2,3850.75,-74
2022-12-23 01:31:46,1,-1,3850.75,-75
2022-12-23 01:31:48,1,-1,3850.75,-76
2022-12-23 01:32:02,12,-11,3850.75,-87
2022-12-23 01:32:06,9,-3,3850.25,-90
2022-12-23 01:32:10,1,-1,3850.25,-91
2022-12-23 01:32:21,19,-13,3850.0,-104
2022-12-23 01:32:24,8,3,3850.0,-101
2022-12-23 01:32:25,16,-8,3849.5,-109
2022-12-23 01:32:28,2,-2,3849.5,-111
2022-12-23 01:32:34,5,-4,3849.5,-115
2022-12-23 01:32:37,2,-2,3849.25,-117
2022-12-23 01:32:39,2,-2,3849.25,-119
2022-12-23 01:32:43,10,2,3849.5,-117
2022-12-23 01:32:44,2,2,3849.75,-115
2022-12-23 01:32:45,1,1,3849.5,-114
2022-12-23 01:33:00,5,5,3850.0,-109
2022-12-23 01:33:15,3,-2,3850.0,-111
2022-12-23 01:33:16,9,-6,3850.0,-117
2022-12-23 01:33:23,1,1,3850.0,-116
2022-12-23 01:33:33,4,2,3850.0,-114
2022-12-23 01:33:35,1,-1,3849.75,-115
2022-12-23 01:33:46,1,1,3850.0,-114
2022-12-23 01:33:50,6,4,3850.25,-110
2022-12-23 01:33:52,1,1,3850.5,-109
2022-12-23 01:33:56,2,-2,3850.25,-111
2022-12-23 01:33:58,7,3,3850.5,-108
2022-12-23 01:34:02,1,-1,3850.5,-109
2022-12-23 01:34:13,7,5,3850.25,-104
2022-12-23 01:34:14,1,-1,3850.25,-105
2022-12-23 01:34:21,2,1,3850.25,-104
2022-12-23 01:34:30,10,-6,3850.0,-110
2022-12-23 01:34:33,1,-1,3850.0,-111
2022-12-23 01:34:40,1,-1,3850.0,-112
2022-12-23 01:34:45,2,0,3850.25,-112
2022-12-23 01:34:50,9,1,3850.5,-111
2022-12-23 01:35:10,2,2,3850.75,-109
2022-12-23 01:35:11,6,-6,3850.5,-115
2022-12-23 01:35:17,6,5,3850.75,-110
2022-12-23 01:35:20,2,2,3850.75,-108
2022-12-23 01:35:26,1,1,3851.0,-107
2022-12-23 01:35:27,4,4,3851.0,-103
2022-12-23 01:35:29,13,8,3851.25,-95
2022-12-23 01:35:33,4,-4,3851.0,-99
2022-12-23 01:35:34,1,-1,3851.0,-100
2022-12-23 01:35:40,1,-1,3851.0,-101
2022-12-23 01:35:41,2,1,3851.0,-100
2022-12-23 01:36:09,5,4,3851.25,-96
2022-12-23 01:36:17,1,1,3851.25,-95
2022-12-23 01:36:18,1,-1,3851.0,-96
2022-12-23 01:36:20,2,0,3851.25,-96
2022-12-23 01:36:27,3,-1,3851.0,-97
2022-12-23 01:36:31,3,-3,3851.0,-100
2022-12-23 01:36:33,8,4,3851.0,-96
2022-12-23 01:36:35,9,-3,3851.0,-99
2022-12-23 01:36:43,5,-4,3850.75,-103
2022-12-23 01:36:53,2,0,3850.5,-103
2022-12-23 01:36:55,1,1,3850.75,-102
2022-12-23 01:37:02,4,-3,3850.75,-105
2022-12-23 01:37:06,1,1,3850.75,-104
2022-12-23 01:37:17,2,1,3850.75,-103
2022-12-23 01:37:19,2,0,3850.75,-103
2022-12-23 01:37:24,1,-1,3850.75,-104
2022-12-23 01:37:30,1,1,3851.0,-103
2022-12-23 01:37:38,9,9,3851.0,-94
2022-12-23 01:37:55,7,6,3851.25,-88
2022-12-23 01:38:05,2,-2,3851.25,-90
2022-12-23 01:38:21,3,-3,3851.25,-93
2022-12-23 01:38:24,1,1,3851.25,-92
2022-12-23 01:38:28,1,-1,3851.0,-93
2022-12-23 01:38:32,6,-2,3851.0,-95
2022-12-23 01:38:35,1,1,3851.0,-94
2022-12-23 01:38:50,2,-2,3850.75,-96
2022-12-23 01:38:54,1,1,3851.0,-95
2022-12-23 01:38:56,1,1,3851.0,-94
2022-12-23 01:39:01,1,1,3851.0,-93
2022-12-23 01:39:04,5,5,3851.0,-88
2022-12-23 01:39:07,2,-2,3851.0,-90
2022-12-23 01:39:22,4,2,3851.0,-88
2022-12-23 01:39:35,11,7,3851.25,-81
2022-12-23 01:39:37,7,-6,3851.25,-87
2022-12-23 01:39:38,1,-1,3851.25,-88
2022-12-23 01:39:40,9,-9,3851.25,-97
2022-12-23 01:39:41,2,-2,3851.25,-99
2022-12-23 01:39:50,1,1,3851.25,-98
2022-12-23 01:40:15,5,5,3851.25,-93
2022-12-23 01:40:17,11,-8,3851.25,-101
2022-12-23 01:40:23,1,-1,3851.25,-102
2022-12-23 01:40:35,4,-4,3851.25,-106
2022-12-23 01:40:40,1,-1,3851.0,-107
2022-12-23 01:40:43,14,9,3851.5,-98
2022-12-23 01:40:48,10,10,3851.5,-88
2022-12-23 01:40:50,2,-2,3851.5,-90
2022-12-23 01:40:57,1,1,3851.5,-89
2022-12-23 01:41:00,3,1,3851.5,-88
2022-12-23 01:41:02,4,-4,3851.25,-92
2022-12-23 01:41:04,12,10,3851.75,-82
2022-12-23 01:41:06,1,1,3851.75,-81
2022-12-23 01:41:09,13,11,3851.75,-70
2022-12-23 01:41:13,5,4,3852.0,-66
2022-12-23 01:41:15,24,28,3852.25,-38
2022-12-23 01:41:17,6,-3,3852.25,-41
2022-12-23 01:41:20,1,-1,3852.25,-42
2022-12-23 01:41:24,3,1,3852.25,-41
2022-12-23 01:41:27,8,8,3852.5,-33
2022-12-23 01:41:29,1,-1,3852.25,-34
2022-12-23 01:41:30,1,1,3852.5,-33
2022-12-23 01:41:31,1,-1,3852.25,-34
2022-12-23 01:41:32,2,2,3852.25,-32
2022-12-23 01:41:33,3,3,3852.25,-29
2022-12-23 01:41:35,1,1,3852.5,-28
2022-12-23 01:41:36,1,1,3852.5,-27
2022-12-23 01:41:37,2,2,3852.5,-25
2022-12-23 01:41:40,64,-71,3852.25,-96
2022-12-23 01:41:42,1,1,3852.25,-95
2022-12-23 01:41:45,2,0,3852.0,-95
2022-12-23 01:41:50,1,-1,3851.75,-96
2022-12-23 01:41:51,1,-1,3851.75,-97
2022-12-23 01:41:53,2,0,3852.0,-97
2022-12-23 01:42:02,1,1,3852.0,-96
2022-12-23 01:42:09,10,6,3852.0,-90
2022-12-23 01:42:18,1,-1,3851.75,-91
2022-12-23 01:42:19,17,6,3852.25,-85
2022-12-23 01:42:22,1,1,3852.0,-84
2022-12-23 01:42:24,4,-4,3851.75,-88
2022-12-23 01:42:28,8,-7,3851.5,-95
2022-12-23 01:42:31,1,1,3851.5,-94
2022-12-23 01:42:33,7,0,3851.5,-94
2022-12-23 01:42:35,1,1,3851.5,-93
2022-12-23 01:42:36,4,4,3851.5,-89
2022-12-23 01:42:44,4,-4,3851.5,-93
2022-12-23 01:42:49,2,-2,3851.5,-95
2022-12-23 01:42:56,4,4,3851.75,-91
2022-12-23 01:43:06,6,6,3852.0,-85
2022-12-23 01:43:09,3,3,3852.25,-82
2022-12-23 01:43:13,1,-1,3852.25,-83
2022-12-23 01:43:14,1,1,3852.5,-82
2022-12-23 01:43:15,2,2,3852.25,-80
2022-12-23 01:43:33,1,1,3852.25,-79
2022-12-23 01:43:37,1,1,3852.25,-78
2022-12-23 01:43:51,1,1,3852.25,-77
2022-12-23 01:43:54,1,1,3852.25,-76
2022-12-23 01:44:00,1,-1,3852.25,-77
2022-12-23 01:44:01,16,12,3852.5,-65
2022-12-23 01:44:03,31,36,3853.25,-29
2022-12-23 01:44:04,12,6,3853.25,-23
2022-12-23 01:44:06,13,6,3853.25,-17
2022-12-23 01:44:09,2,0,3853.25,-17
2022-12-23 01:44:12,1,1,3853.25,-16
2022-12-23 01:44:13,8,-6,3853.0,-22
2022-12-23 01:44:14,4,-4,3852.75,-26
2022-12-23 01:44:16,5,5,3853.0,-21
2022-12-23 01:44:20,2,2,3853.25,-19
2022-12-23 01:44:21,1,-1,3853.0,-20
2022-12-23 01:44:22,7,-8,3852.75,-28
2022-12-23 01:44:23,2,2,3852.75,-26
2022-12-23 01:44:24,1,1,3852.75,-25
2022-12-23 01:44:26,1,1,3852.75,-24
2022-12-23 01:44:30,1,1,3852.75,-23
2022-12-23 01:44:41,1,-1,3852.75,-24
2022-12-23 01:44:42,2,-2,3852.75,-26
2022-12-23 01:44:44,3,-3,3852.75,-29
2022-12-23 01:44:46,1,1,3853.0,-28
2022-12-23 01:44:50,3,3,3853.0,-25
2022-12-23 01:44:51,6,-4,3853.0,-29
2022-12-23 01:44:55,1,1,3853.0,-28
2022-12-23 01:44:56,2,2,3853.0,-26
2022-12-23 01:44:58,4,3,3853.0,-23
2022-12-23 01:44:59,1,1,3853.25,-22
2022-12-23 01:45:00,9,9,3853.25,-13
2022-12-23 01:45:02,1,1,3853.25,-12
2022-12-23 01:45:03,1,-1,3853.0,-13
2022-12-23 01:45:05,1,-1,3853.0,-14
2022-12-23 01:45:07,10,4,3853.25,-10
2022-12-23 01:45:08,7,-6,3853.25,-16
2022-12-23 01:45:11,1,1,3853.25,-15
2022-12-23 01:45:16,1,1,3853.25,-14
2022-12-23 01:45:26,1,-1,3853.0,-15
2022-12-23 01:45:34,3,-1,3853.25,-16
2022-12-23 01:45:39,4,-4,3853.0,-20
2022-12-23 01:45:48,2,2,3853.25,-18
2022-12-23 01:45:49,4,0,3853.25,-18
2022-12-23 01:45:53,4,-4,3853.25,-22
2022-12-23 01:46:02,10,13,3853.75,-9
2022-12-23 01:46:03,1,-1,3853.5,-10
2022-12-23 01:46:04,4,2,3853.5,-8
2022-12-23 01:46:06,4,-3,3853.25,-11
2022-12-23 01:46:07,1,-1,3853.25,-12
2022-12-23 01:46:08,1,-1,3853.5,-13
2022-12-23 01:46:09,1,-1,3853.5,-14
2022-12-23 01:46:10,4,-4,3853.5,-18
2022-12-23 01:46:16,7,-3,3853.25,-21
2022-12-23 01:46:17,22,35,3853.75,14
2022-12-23 01:46:19,2,2,3853.5,16
2022-12-23 01:46:35,9,3,3853.5,19
2022-12-23 01:46:36,1,1,3853.75,20
2022-12-23 01:46:37,1,-1,3853.5,19
2022-12-23 01:46:38,9,-8,3853.5,11
2022-12-23 01:46:39,1,1,3853.75,12
2022-12-23 01:46:40,4,-4,3853.5,8
2022-12-23 01:46:41,3,-1,3853.5,7
2022-12-23 01:46:51,3,3,3853.5,10
2022-12-23 01:46:52,10,2,3853.5,12
2022-12-23 01:47:00,21,8,3853.75,20
2022-12-23 01:47:01,26,14,3854.25,34
2022-12-23 01:47:03,11,-8,3854.25,26
2022-12-23 01:47:06,18,-7,3853.5,19
2022-12-23 01:47:07,11,-11,3853.25,8
2022-12-23 01:47:08,1,-1,3853.0,7
2022-12-23 01:47:09,21,24,3853.5,31
2022-12-23 01:47:10,6,-6,3853.25,25
2022-12-23 01:47:13,1,1,3853.25,26
2022-12-23 01:47:24,3,3,3853.25,29
2022-12-23 01:47:25,2,0,3853.5,29
2022-12-23 01:47:34,4,-3,3853.25,26
2022-12-23 01:47:36,11,-5,3853.0,21
2022-12-23 01:47:39,20,9,3853.25,30
2022-12-23 01:47:40,1,-1,3853.25,29
2022-12-23 01:47:42,1,1,3853.25,30
2022-12-23 01:47:46,24,23,3853.5,53
2022-12-23 01:47:48,6,5,3853.25,58
2022-12-23 01:47:51,16,-6,3853.25,52
2022-12-23 01:47:52,4,3,3853.25,55
2022-12-23 01:47:54,5,4,3853.25,59
2022-12-23 01:47:55,1,-1,3853.25,58
2022-12-23 01:47:56,3,3,3853.25,61
2022-12-23 01:48:00,4,4,3853.5,65
2022-12-23 01:48:09,1,1,3853.5,66
2022-12-23 01:48:16,1,-1,3853.25,65
2022-12-23 01:48:20,1,1,3853.5,66
2022-12-23 01:48:24,12,-2,3853.5,64
2022-12-23 01:48:25,1,-1,3853.25,63
2022-12-23 01:48:33,1,-1,3853.25,62
2022-12-23 01:48:45,12,9,3853.75,71
2022-12-23 01:48:48,11,10,3854.0,81
2022-12-23 01:48:50,1,1,3854.0,82
2022-12-23 01:49:00,15,10,3854.0,92
2022-12-23 01:49:05,1,1,3854.0,93
2022-12-23 01:49:12,8,6,3854.0,99
2022-12-23 01:49:16,1,-1,3854.0,98
2022-12-23 01:49:20,6,1,3854.25,99
2022-12-23 01:49:21,6,-5,3854.0,94
2022-12-23 01:49:23,1,-1,3854.0,93
2022-12-23 01:49:26,8,6,3854.25,99
2022-12-23 01:49:28,1,1,3854.25,100
2022-12-23 01:49:31,8,-3,3854.0,97
2022-12-23 01:49:39,1,-1,3854.0,96
2022-12-23 01:49:48,8,-4,3854.0,92
2022-12-23 01:49:53,4,-3,3853.75,89
2022-12-23 01:49:54,1,-1,3853.75,88
2022-12-23 01:50:00,4,0,3854.0,88
2022-12-23 01:50:04,10,9,3854.0,97
2022-12-23 01:50:10,4,0,3854.25,97
2022-12-23 01:50:12,1,1,3854.25,98
2022-12-23 01:50:35,2,1,3854.25,99
2022-12-23 01:50:36,1,-1,3854.0,98
2022-12-23 01:50:37,2,-2,3854.0,96
2022-12-23 01:50:38,2,-2,3854.0,94
2022-12-23 01:50:47,44,23,3854.5,117
2022-12-23 01:50:48,6,4,3854.75,121
2022-12-23 01:50:49,3,-3,3854.25,118
2022-12-23 01:50:53,1,-1,3854.25,117
2022-12-23 01:50:55,6,-6,3854.0,111
2022-12-23 01:50:56,1,-1,3853.75,110
2022-12-23 01:50:57,1,-1,3853.75,109
2022-12-23 01:51:06,2,0,3854.0,109
2022-12-23 01:51:07,1,1,3854.0,110
2022-12-23 01:51:09,1,1,3854.0,111
2022-12-23 01:51:11,4,3,3854.0,114
2022-12-23 01:51:18,1,-1,3854.0,113
2022-12-23 01:51:24,2,-2,3853.75,111
2022-12-23 01:51:25,1,-1,3853.75,110
2022-12-23 01:51:26,2,-1,3853.75,109
2022-12-23 01:51:27,8,5,3853.75,114
2022-12-23 01:51:29,5,4,3854.0,118
2022-12-23 01:51:35,8,-2,3853.75,116
2022-12-23 01:51:36,2,-2,3853.75,114
2022-12-23 01:51:38,11,-10,3853.5,104
2022-12-23 01:51:39,10,-5,3853.5,99
2022-12-23 01:51:40,1,-1,3853.25,98
2022-12-23 01:51:41,2,-2,3853.25,96
2022-12-23 01:51:42,5,3,3853.5,99
2022-12-23 01:51:46,7,1,3853.75,100
2022-12-23 01:51:54,1,1,3853.75,101
2022-12-23 01:51:56,1,-1,3853.5,100
2022-12-23 01:51:58,7,3,3853.5,103
2022-12-23 01:52:00,2,0,3853.75,103
2022-12-23 01:52:04,1,-1,3853.5,102
2022-12-23 01:52:05,4,0,3853.5,102
2022-12-23 01:52:11,1,-1,3853.5,101
2022-12-23 01:52:15,2,-2,3853.5,99
2022-12-23 01:52:18,2,2,3853.5,101
2022-12-23 01:52:22,3,2,3853.75,103
2022-12-23 01:52:34,1,-1,3853.5,102
2022-12-23 01:52:37,2,2,3853.75,104
2022-12-23 01:52:41,2,2,3853.75,106
2022-12-23 01:52:46,5,-5,3853.5,101
2022-12-23 01:52:51,2,-2,3853.5,99
2022-12-23 01:52:52,2,2,3853.25,101
2022-12-23 01:52:54,10,-9,3853.0,92
2022-12-23 01:52:55,1,-1,3853.0,91
2022-12-23 01:52:56,2,2,3853.25,93
2022-12-23 01:52:59,6,-5,3853.25,88
2022-12-23 01:53:03,2,-2,3853.25,86
2022-12-23 01:53:08,6,4,3853.5,90
2022-12-23 01:53:14,17,8,3853.5,98
2022-12-23 01:53:15,11,8,3853.75,106
2022-12-23 01:53:19,7,-4,3853.5,102
2022-12-23 01:53:30,6,-2,3853.5,100
2022-12-23 01:53:33,4,4,3853.5,104
2022-12-23 01:53:40,2,-2,3853.25,102
2022-12-23 01:53:42,1,1,3853.25,103
2022-12-23 01:53:46,7,7,3853.5,110
2022-12-23 01:53:58,3,-3,3853.5,107
2022-12-23 01:54:02,44,44,3854.25,151
2022-12-23 01:54:04,2,-2,3854.25,149
2022-12-23 01:54:05,1,-1,3854.25,148
2022-12-23 01:54:07,2,-2,3854.25,146
2022-12-23 01:54:25,1,-1,3854.0,145
2022-12-23 01:54:35,1,1,3854.25,146
2022-12-23 01:54:36,2,-2,3854.0,144
2022-12-23 01:54:37,15,-6,3854.0,138
2022-12-23 01:54:41,5,-2,3854.0,136
2022-12-23 01:54:43,9,-3,3854.0,133
2022-12-23 01:54:45,57,-19,3854.0,114
2022-12-23 01:54:46,3,-3,3853.75,111
2022-12-23 01:54:48,8,-7,3853.75,104
2022-12-23 01:54:49,2,-2,3853.5,102
2022-12-23 01:55:00,16,4,3853.75,106
2022-12-23 01:55:01,4,2,3853.75,108
2022-12-23 01:55:02,2,2,3853.75,110
2022-12-23 01:55:12,2,-1,3853.75,109
2022-12-23 01:55:35,13,6,3854.0,115
2022-12-23 01:55:36,2,2,3854.0,117
2022-12-23 01:56:12,1,-1,3854.0,116
2022-12-23 01:56:14,1,1,3854.25,117
2022-12-23 01:56:19,5,5,3854.25,122
2022-12-23 01:56:20,22,24,3854.75,146
2022-12-23 01:56:26,9,6,3855.0,152
2022-12-23 01:56:29,3,3,3855.0,155
2022-12-23 01:56:30,6,-2,3854.75,153
2022-12-23 01:56:31,5,5,3855.0,158
2022-12-23 01:56:32,3,-3,3854.75,155
2022-12-23 01:56:39,1,-1,3854.75,154
2022-12-23 01:56:44,1,1,3854.75,155
2022-12-23 01:56:47,3,1,3854.5,156
2022-12-23 01:56:48,5,-3,3854.75,153
2022-12-23 01:56:50,1,1,3854.5,154
2022-12-23 01:56:51,2,-2,3854.25,152
2022-12-23 01:56:55,2,-2,3854.25,150
2022-12-23 01:57:01,5,-1,3854.25,149
2022-12-23 01:57:12,2,2,3854.25,151
2022-12-23 01:57:15,8,-7,3854.0,144
2022-12-23 01:57:18,4,-3,3853.75,141
2022-12-23 01:57:20,4,-3,3853.75,138
2022-12-23 01:57:22,1,-1,3853.75,137
2022-12-23 01:57:24,7,2,3853.75,139
2022-12-23 01:57:28,1,1,3854.0,140
2022-12-23 01:57:30,1,1,3853.75,141
2022-12-23 01:57:33,1,1,3853.75,142
2022-12-23 01:57:40,2,-2,3853.75,140
2022-12-23 01:57:43,3,-2,3853.75,138
2022-12-23 01:57:47,5,-4,3853.5,134
2022-12-23 01:57:48,11,-8,3853.5,126
2022-12-23 01:57:49,3,-3,3853.25,123
2022-12-23 01:57:51,9,-2,3853.25,121
2022-12-23 01:57:52,7,5,3853.5,126
2022-12-23 01:58:01,6,-3,3853.5,123
2022-12-23 01:58:02,1,1,3853.5,124
2022-12-23 01:58:03,3,-3,3853.5,121
2022-12-23 01:58:05,1,-1,3853.5,120
2022-12-23 01:58:11,2,-2,3853.5,118
2022-12-23 01:58:12,3,2,3853.5,120
2022-12-23 01:58:17,1,1,3853.75,121
2022-12-23 01:58:21,8,7,3853.75,128
2022-12-23 01:58:32,7,7,3854.0,135
2022-12-23 01:58:33,1,-1,3854.0,134
2022-12-23 01:58:35,1,-1,3854.0,133
2022-12-23 01:58:38,1,-1,3854.0,132
2022-12-23 01:58:39,1,-1,3854.0,131
2022-12-23 01:58:42,1,1,3854.25,132
2022-12-23 01:58:48,9,-3,3854.25,129
2022-12-23 01:58:49,3,1,3854.5,130
2022-12-23 01:58:51,7,6,3854.25,136
2022-12-23 01:58:52,5,1,3854.5,137
2022-12-23 01:58:53,2,-2,3854.25,135
2022-12-23 01:59:00,1,-1,3854.25,134
2022-12-23 01:59:08,3,1,3854.25,135
2022-12-23 01:59:09,8,2,3854.25,137
2022-12-23 01:59:22,1,-1,3854.0,136
2022-12-23 01:59:27,1,-1,3854.0,135
2022-12-23 01:59:28,4,-4,3854.0,131
2022-12-23 01:59:45,5,-5,3853.75,126
2022-12-23 01:59:53,5,-2,3853.5,124
2022-12-23 01:59:54,3,1,3853.75,125
2022-12-23 01:59:55,2,0,3853.5,125
2022-12-23 01:59:58,1,1,3853.5,126
2022-12-23 01:59:59,12,-14,3853.25,112
2022-12-23 02:00:00,16,1,3853.5,113
2022-12-23 02:00:01,9,7,3853.75,120
2022-12-23 02:00:02,6,0,3853.75,120
2022-12-23 02:00:03,1,-1,3853.75,119
2022-12-23 02:00:04,1,-1,3853.75,118
2022-12-23 02:00:05,7,7,3854.0,125
2022-12-23 02:00:06,4,0,3854.0,125
2022-12-23 02:00:08,3,-3,3854.0,122
2022-12-23 02:00:09,2,2,3854.0,124
2022-12-23 02:00:11,1,1,3854.25,125
2022-12-23 02:00:12,12,8,3854.25,133
2022-12-23 02:00:14,15,18,3854.75,151
2022-12-23 02:00:16,5,1,3854.5,152
2022-12-23 02:00:17,11,-4,3854.5,148
2022-12-23 02:00:18,9,4,3854.25,152
2022-12-23 02:00:19,9,-6,3854.25,146
2022-12-23 02:00:20,1,1,3854.25,147
2022-12-23 02:00:21,1,1,3854.25,148
2022-12-23 02:00:22,1,-1,3854.25,147
2022-12-23 02:00:23,4,-3,3854.25,144
2022-12-23 02:00:24,2,-2,3854.25,142
2022-12-23 02:00:30,2,-2,3854.25,140
2022-12-23 02:00:38,2,2,3854.5,142
2022-12-23 02:00:39,6,3,3854.5,145
2022-12-23 02:00:40,7,-3,3854.5,142
2022-12-23 02:00:41,3,2,3854.75,144
2022-12-23 02:00:43,1,1,3854.75,145
2022-12-23 02:00:44,1,-1,3854.5,144
2022-12-23 02:00:46,8,-1,3854.5,143
2022-12-23 02:00:49,6,-1,3854.5,142
2022-12-23 02:00:58,4,-4,3854.25,138
2022-12-23 02:00:59,2,-2,3854.0,136
2022-12-23 02:01:00,2,0,3854.5,136
2022-12-23 02:01:01,6,-5,3854.0,131
2022-12-23 02:01:04,6,-6,3853.75,125
2022-12-23 02:01:06,2,-2,3853.75,123
2022-12-23 02:01:09,1,-1,3853.5,122
2022-12-23 02:01:10,5,-5,3853.25,117
2022-12-23 02:01:11,1,-1,3853.25,116
2022-12-23 02:01:14,2,-2,3853.0,114
2022-12-23 02:01:15,10,-8,3852.75,106
2022-12-23 02:01:16,8,0,3853.0,106
2022-12-23 02:01:17,2,-2,3853.0,104
2022-12-23 02:01:20,2,0,3853.25,104
2022-12-23 02:01:22,3,1,3853.0,105
2022-12-23 02:01:24,10,7,3853.0,112
2022-12-23 02:01:25,3,-3,3852.75,109
2022-12-23 02:01:26,1,-1,3852.5,108
2022-12-23 02:01:27,10,1,3852.75,109
2022-12-23 02:01:28,4,-4,3852.25,105
2022-12-23 02:01:29,5,-1,3852.25,104
2022-12-23 02:01:30,1,-1,3852.25,103
2022-12-23 02:01:31,1,-1,3852.25,102
2022-12-23 02:01:33,1,-1,3852.25,101
2022-12-23 02:01:35,11,2,3852.25,103
2022-12-23 02:01:36,2,-2,3852.0,101
2022-12-23 02:01:37,1,1,3852.25,102
2022-12-23 02:01:39,10,-8,3852.0,94
2022-12-23 02:01:41,3,-3,3851.75,91
2022-12-23 02:01:42,1,-1,3851.75,90
2022-12-23 02:01:43,2,0,3852.0,90
2022-12-23 02:01:44,16,-1,3852.0,89
2022-12-23 02:01:46,1,-1,3851.75,88
2022-12-23 02:01:47,19,-1,3851.75,87
2022-12-23 02:01:48,1,1,3851.75,88
2022-12-23 02:01:50,1,-1,3851.75,87
2022-12-23 02:01:53,1,-1,3851.75,86
2022-12-23 02:01:55,7,3,3852.0,89
2022-12-23 02:01:56,9,3,3852.0,92
2022-12-23 02:01:58,4,0,3852.0,92
2022-12-23 02:02:01,6,-4,3852.0,88
2022-12-23 02:02:04,7,-1,3852.0,87
2022-12-23 02:02:05,6,4,3851.75,91
2022-12-23 02:02:08,2,0,3852.0,91
2022-12-23 02:02:09,15,12,3852.25,103
2022-12-23 02:02:10,7,-7,3852.0,96
2022-12-23 02:02:12,10,6,3851.75,102
2022-12-23 02:02:14,3,3,3851.75,105
2022-12-23 02:02:15,2,-2,3851.75,103
2022-12-23 02:02:16,5,5,3851.75,108
2022-12-23 02:02:20,3,-3,3851.5,105
2022-12-23 02:02:22,3,2,3851.75,107
2022-12-23 02:02:24,4,4,3852.0,111
2022-12-23 02:02:30,5,4,3852.25,115
2022-12-23 02:02:31,1,-1,3852.0,114
2022-12-23 02:02:33,7,-4,3852.0,110
2022-12-23 02:02:37,3,3,3852.0,113
2022-12-23 02:02:39,1,-1,3852.0,112
2022-12-23 02:02:43,1,-1,3852.0,111
2022-12-23 02:02:45,1,1,3852.25,112
2022-12-23 02:02:52,3,3,3852.25,115
2022-12-23 02:02:53,1,-1,3852.25,114
2022-12-23 02:02:58,1,-1,3852.25,113
2022-12-23 02:03:00,3,3,3852.5,116
2022-12-23 02:03:05,4,4,3852.75,120
2022-12-23 02:03:06,12,3,3853.0,123
2022-12-23 02:03:08,1,-1,3852.75,122
2022-12-23 02:03:09,7,-3,3852.75,119
2022-12-23 02:03:11,1,1,3852.75,120
2022-12-23 02:03:14,2,-2,3852.75,118
2022-12-23 02:03:19,7,7,3853.25,125
2022-12-23 02:03:20,12,5,3853.75,130
2022-12-23 02:03:22,2,2,3853.75,132
2022-12-23 02:03:27,3,1,3853.75,133
2022-12-23 02:03:28,1,-1,3853.75,132
2022-12-23 02:03:30,6,4,3853.75,136
2022-12-23 02:03:33,4,4,3854.0,140
2022-12-23 02:03:34,6,-6,3854.0,134
2022-12-23 02:03:36,8,-6,3853.75,128
2022-12-23 02:03:43,2,2,3853.75,130
2022-12-23 02:03:55,1,1,3853.75,131
2022-12-23 02:04:03,2,2,3853.75,133
2022-12-23 02:04:08,7,7,3854.0,140
2022-12-23 02:04:13,12,12,3854.5,152
2022-12-23 02:04:16,4,-2,3854.25,150
2022-12-23 02:04:18,40,24,3854.75,174
2022-12-23 02:04:19,82,30,3855.5,204
2022-12-23 02:04:20,12,-1,3855.0,203
2022-12-23 02:04:22,1,1,3854.5,204
2022-12-23 02:04:25,6,-2,3854.25,202
2022-12-23 02:04:27,4,4,3854.5,206
2022-12-23 02:04:29,5,-3,3854.5,203
2022-12-23 02:04:31,3,3,3854.5,206
2022-12-23 02:04:34,8,-8,3854.25,198
2022-12-23 02:04:35,1,-1,3854.25,197
2022-12-23 02:04:36,1,-1,3854.25,196
2022-12-23 02:04:41,1,1,3854.5,197
2022-12-23 02:04:43,1,-1,3854.25,196
2022-12-23 02:04:47,2,0,3854.25,196
2022-12-23 02:04:51,4,4,3854.25,200
2022-12-23 02:04:58,3,3,3854.5,203
2022-12-23 02:04:59,5,-3,3855.0,200
2022-12-23 02:05:00,7,7,3855.25,207
2022-12-23 02:05:01,3,-1,3855.25,206
2022-12-23 02:05:02,2,-2,3855.0,204
2022-12-23 02:05:04,2,2,3855.25,206
2022-12-23 02:05:07,2,0,3855.25,206
2022-12-23 02:05:09,2,-3,3855.0,203
2022-12-23 02:05:10,23,21,3855.25,224
2022-12-23 02:05:12,3,0,3855.25,224
2022-12-23 02:05:13,2,2,3855.25,226
2022-12-23 02:05:14,6,-5,3855.25,221
2022-12-23 02:05:16,1,1,3855.25,222
2022-12-23 02:05:19,1,-1,3855.0,221
2022-12-23 02:05:20,1,1,3855.0,222
2022-12-23 02:05:21,2,0,3854.75,222
2022-12-23 02:05:24,4,4,3855.0,226
2022-12-23 02:05:26,1,-1,3855.0,225
2022-12-23 02:05:28,5,-5,3855.0,220
2022-12-23 02:05:30,3,-3,3854.75,217
2022-12-23 02:05:32,1,1,3855.0,218
2022-12-23 02:05:35,1,1,3855.0,219
2022-12-23 02:05:38,1,1,3855.0,220
2022-12-23 02:05:40,25,-24,3855.0,196
2022-12-23 02:05:41,1,1,3855.0,197
2022-12-23 02:05:47,3,1,3855.25,198
2022-12-23 02:05:48,4,-4,3855.0,194
2022-12-23 02:05:49,1,1,3854.75,195
2022-12-23 02:05:56,7,-6,3854.75,189
2022-12-23 02:06:00,9,5,3855.0,194
2022-12-23 02:06:01,1,-1,3855.0,193
2022-12-23 02:06:03,1,1,3855.0,194
2022-12-23 02:06:07,1,1,3855.0,195
2022-12-23 02:06:11,2,-2,3855.0,193
2022-12-23 02:06:15,2,0,3854.75,193
2022-12-23 02:06:17,10,2,3855.0,195
2022-12-23 02:06:19,1,1,3855.25,196
2022-12-23 02:06:28,6,6,3855.25,202
2022-12-23 02:06:29,1,-1,3855.25,201
2022-12-23 02:06:30,2,2,3855.25,203
2022-12-23 02:06:35,1,1,3855.5,204
2022-12-23 02:06:37,5,5,3855.5,209
2022-12-23 02:06:38,1,-1,3855.25,208
2022-12-23 02:06:41,1,1,3855.25,209
2022-12-23 02:06:42,6,6,3855.5,215
2022-12-23 02:06:46,1,-1,3855.5,214
2022-12-23 02:06:49,7,7,3855.5,221
2022-12-23 02:06:50,2,0,3855.25,221
2022-12-23 02:06:54,1,1,3855.5,222
2022-12-23 02:06:56,9,-13,3855.5,209
2022-12-23 02:06:57,23,8,3855.25,217
2022-12-23 02:06:58,2,-2,3855.25,215
2022-12-23 02:07:00,2,-1,3855.0,214
2022-12-23 02:07:03,6,4,3855.25,218
2022-12-23 02:07:06,1,-1,3855.0,217
2022-12-23 02:07:11,1,-1,3855.0,216
2022-12-23 02:07:12,7,-1,3855.0,215
2022-12-23 02:07:16,3,3,3855.0,218
2022-12-23 02:07:17,2,0,3855.0,218
2022-12-23 02:07:19,11,-9,3855.0,209
2022-12-23 02:07:20,14,-6,3855.0,203
2022-12-23 02:07:24,4,-4,3854.5,199
2022-12-23 02:07:25,5,-5,3854.5,194
2022-12-23 02:07:31,1,1,3854.75,195
2022-12-23 02:07:34,5,-4,3854.5,191
2022-12-23 02:07:35,1,-1,3854.5,190
2022-12-23 02:07:36,5,5,3854.5,195
2022-12-23 02:07:37,5,1,3854.75,196
2022-12-23 02:07:38,1,-1,3854.5,195
2022-12-23 02:07:48,1,1,3854.5,196
2022-12-23 02:07:51,2,2,3854.5,198
2022-12-23 02:07:57,3,-3,3854.25,195
2022-12-23 02:08:00,9,-9,3854.0,186
2022-12-23 02:08:08,1,1,3854.25,187
2022-12-23 02:08:17,1,1,3854.5,188
2022-12-23 02:08:20,1,-1,3854.25,187
2022-12-23 02:08:27,5,3,3854.5,190
2022-12-23 02:08:30,1,1,3854.75,191
2022-12-23 02:08:33,7,-3,3854.5,188
2022-12-23 02:08:34,1,1,3854.75,189
2022-12-23 02:08:40,1,1,3854.75,190
2022-12-23 02:08:44,1,-1,3854.5,189
2022-12-23 02:08:49,22,11,3854.75,200
2022-12-23 02:08:53,2,2,3854.75,202
2022-12-23 02:08:54,8,-6,3854.75,196
2022-12-23 02:08:57,1,1,3854.75,197
2022-12-23 02:08:58,4,3,3854.75,200
2022-12-23 02:09:05,16,-3,3854.25,197
2022-12-23 02:09:09,5,0,3854.25,197
2022-12-23 02:09:10,2,2,3854.25,199
2022-12-23 02:09:15,1,1,3854.5,200
2022-12-23 02:09:19,2,0,3854.5,200
2022-12-23 02:09:20,1,-1,3854.25,199
2022-12-23 02:09:25,1,-1,3854.25,198
2022-12-23 02:09:26,1,-1,3854.25,197
2022-12-23 02:09:27,1,-1,3854.25,196
2022-12-23 02:09:39,1,-1,3854.0,195
2022-12-23 02:09:41,8,-4,3854.0,191
2022-12-23 02:09:44,2,2,3854.25,193
2022-12-23 02:09:47,3,-3,3854.25,190
2022-12-23 02:09:55,2,2,3854.25,192
2022-12-23 02:09:56,1,-1,3854.25,191
2022-12-23 02:09:57,24,-18,3854.25,173
2022-12-23 02:09:59,33,6,3854.0,179
2022-12-23 02:10:00,1,-1,3853.75,178
2022-12-23 02:10:01,7,-7,3853.75,171
2022-12-23 02:10:02,1,1,3853.75,172
2022-12-23 02:10:04,1,-1,3853.75,171
2022-12-23 02:10:06,1,1,3853.75,172
2022-12-23 02:10:12,7,-5,3853.75,167
2022-12-23 02:10:14,10,-5,3853.5,162
2022-12-23 02:10:15,7,-4,3853.5,158
2022-12-23 02:10:18,5,5,3853.5,163
2022-12-23 02:10:19,4,1,3853.5,164
2022-12-23 02:10:20,1,1,3853.5,165
2022-12-23 02:10:22,2,-2,3853.25,163
2022-12-23 02:10:26,1,-1,3853.25,162
2022-12-23 02:10:28,1,1,3853.5,163
2022-12-23 02:10:41,4,-4,3853.25,159
2022-12-23 02:10:42,5,5,3853.25,164
2022-12-23 02:10:44,4,0,3853.25,164
2022-12-23 02:10:45,1,-1,3853.0,163
2022-12-23 02:10:59,1,1,3853.25,164
2022-12-23 02:11:02,3,3,3853.5,167
2022-12-23 02:11:17,2,-2,3853.5,165
2022-12-23 02:11:19,7,-3,3853.5,162
2022-12-23 02:11:21,5,1,3853.5,163
2022-12-23 02:11:32,9,-9,3853.0,154
2022-12-23 02:11:34,62,42,3853.5,196
2022-12-23 02:11:42,2,2,3853.5,198
2022-12-23 02:12:00,2,0,3853.75,198
2022-12-23 02:12:07,8,6,3853.75,204
2022-12-23 02:12:09,5,5,3854.0,209
2022-12-23 02:12:10,1,1,3854.0,210
2022-12-23 02:12:11,8,0,3854.0,210
2022-12-23 02:12:15,4,4,3854.25,214
2022-12-23 02:12:17,4,-3,3854.25,211
2022-12-23 02:12:18,2,0,3854.25,211
2022-12-23 02:12:23,7,-5,3854.0,206
2022-12-23 02:12:24,2,2,3854.0,208
2022-12-23 02:12:27,2,2,3854.25,210
2022-12-23 02:12:31,3,-2,3854.25,208
2022-12-23 02:12:40,5,3,3854.0,211
2022-12-23 02:12:54,8,-5,3854.25,206
2022-12-23 02:13:00,12,9,3854.5,215
2022-12-23 02:13:01,9,-1,3854.5,214
2022-12-23 02:13:02,4,4,3854.75,218
2022-12-23 02:13:06,16,-9,3854.5,209
2022-12-23 02:13:11,3,0,3854.75,209
2022-12-23 02:13:14,1,-1,3854.5,208
2022-12-23 02:13:17,1,1,3854.75,209
2022-12-23 02:13:21,2,0,3855.0,209
2022-12-23 02:13:22,24,-7,3855.0,202
2022-12-23 02:13:25,1,-1,3854.75,201
2022-12-23 02:13:26,2,2,3855.0,203
2022-12-23 02:13:27,1,-1,3854.75,202
2022-12-23 02:13:35,7,-6,3854.75,196
2022-12-23 02:13:36,2,-2,3854.75,194
2022-12-23 02:13:43,6,-4,3854.5,190
2022-12-23 02:13:48,3,-3,3854.25,187
2022-12-23 02:13:49,10,-9,3854.0,178
2022-12-23 02:13:52,4,-3,3854.0,175
2022-12-23 02:14:00,24,-18,3853.75,157
2022-12-23 02:14:11,19,0,3854.0,157
2022-12-23 02:14:12,3,3,3854.0,160
2022-12-23 02:14:15,7,-6,3854.0,154
2022-12-23 02:14:20,1,-1,3853.75,153
2022-12-23 02:14:24,14,3,3853.75,156
2022-12-23 02:14:26,11,6,3853.75,162
2022-12-23 02:14:28,8,3,3854.0,165
2022-12-23 02:14:30,1,-1,3854.0,164
2022-12-23 02:14:39,3,-3,3853.75,161
2022-12-23 02:14:42,4,-4,3853.5,157
2022-12-23 02:14:45,5,-2,3853.5,155
2022-12-23 02:14:46,8,-2,3853.5,153
2022-12-23 02:14:47,2,-2,3853.25,151
2022-12-23 02:14:51,1,1,3853.5,152
2022-12-23 02:14:52,4,-4,3853.5,148
2022-12-23 02:15:01,5,-3,3853.5,145
2022-12-23 02:15:02,2,0,3853.5,145
2022-12-23 02:15:05,1,1,3853.5,146
2022-12-23 02:15:13,1,-1,3853.5,145
2022-12-23 02:15:14,3,3,3853.75,148
2022-12-23 02:15:19,4,-4,3853.75,144
2022-12-23 02:15:24,4,4,3853.75,148
2022-12-23 02:15:30,1,-1,3853.75,147
2022-12-23 02:15:33,10,4,3853.75,151
2022-12-23 02:15:45,13,10,3854.0,161
2022-12-23 02:15:49,4,-3,3854.0,158
2022-12-23 02:15:55,1,1,3854.0,159
2022-12-23 02:15:59,1,1,3854.0,160
2022-12-23 02:16:00,1,1,3854.25,161
2022-12-23 02:16:11,1,1,3854.25,162
2022-12-23 02:16:13,4,-3,3854.0,159
2022-12-23 02:16:17,1,1,3854.0,160
2022-12-23 02:16:19,1,1,3854.0,161
2022-12-23 02:16:20,1,-1,3854.0,160
2022-12-23 02:16:36,9,6,3854.25,166
2022-12-23 02:16:43,7,1,3854.25,167
2022-12-23 02:16:44,4,-4,3854.0,163
2022-12-23 02:17:00,1,1,3854.0,164
2022-12-23 02:17:05,4,4,3854.25,168
2022-12-23 02:17:13,1,-1,3854.25,167
2022-12-23 02:17:18,8,6,3854.75,173
2022-12-23 02:17:21,6,-3,3854.25,170
2022-12-23 02:17:36,1,-1,3854.0,169
2022-12-23 02:17:44,1,-1,3853.75,168
2022-12-23 02:17:47,7,-1,3853.75,167
2022-12-23 02:17:48,2,-2,3853.75,165
2022-12-23 02:17:49,3,1,3853.75,166
2022-12-23 02:17:55,1,-1,3853.5,165
2022-12-23 02:17:57,8,-7,3853.5,158
2022-12-23 02:17:58,1,-1,3853.5,157
2022-12-23 02:18:00,15,8,3853.5,165
2022-12-23 02:18:01,1,1,3853.5,166
2022-12-23 02:18:02,3,-1,3853.5,165
2022-12-23 02:18:03,2,2,3853.5,167
2022-12-23 02:18:06,9,-5,3853.25,162
2022-12-23 02:18:09,4,1,3853.5,163
2022-12-23 02:18:15,82,-41,3853.25,122
2022-12-23 02:18:16,1,1,3852.75,123
2022-12-23 02:18:17,1,-1,3852.5,122
2022-12-23 02:18:18,16,-3,3852.5,119
2022-12-23 02:18:20,5,-5,3852.25,114
2022-12-23 02:18:21,12,1,3852.5,115
2022-12-23 02:18:23,5,-3,3852.25,112
2022-12-23 02:18:24,3,-3,3852.25,109
2022-12-23 02:18:25,4,-2,3852.25,107
2022-12-23 02:18:26,14,10,3852.25,117
2022-12-23 02:18:30,1,-1,3852.0,116
2022-12-23 02:18:31,5,-5,3852.0,111
2022-12-23 02:18:32,9,-6,3852.0,105
2022-12-23 02:18:34,12,7,3852.0,112
2022-12-23 02:18:35,3,1,3852.0,113
2022-12-23 02:18:41,9,5,3852.0,118
2022-12-23 02:18:43,1,1,3852.0,119
2022-12-23 02:18:46,1,-1,3852.0,118
2022-12-23 02:18:47,4,4,3852.25,122
2022-12-23 02:18:48,1,-1,3852.0,121
2022-12-23 02:18:50,2,-2,3852.0,119
2022-12-23 02:18:55,1,-1,3852.0,118
2022-12-23 02:18:59,36,-27,3851.75,91
2022-12-23 02:19:00,35,4,3852.0,95
2022-12-23 02:19:04,1,1,3852.0,96
2022-12-23 02:19:05,1,1,3852.0,97
2022-12-23 02:19:06,4,4,3852.0,101
2022-12-23 02:19:07,2,-2,3851.75,99
2022-12-23 02:19:10,1,-1,3851.75,98
2022-12-23 02:19:14,3,3,3852.0,101
2022-12-23 02:19:17,2,0,3852.25,101
2022-12-23 02:19:21,6,6,3852.25,107
2022-12-23 02:19:22,5,-2,3852.25,105
2022-12-23 02:19:26,2,2,3852.5,107
2022-12-23 02:19:27,1,-1,3852.5,106
2022-12-23 02:19:28,2,2,3852.5,108
2022-12-23 02:19:30,15,-11,3852.25,97
2022-12-23 02:19:31,1,-1,3852.25,96
2022-12-23 02:19:32,3,1,3852.25,97
2022-12-23 02:19:39,2,1,3852.25,98
2022-12-23 02:19:48,5,4,3852.5,102
2022-12-23 02:19:58,5,-2,3852.75,100
2022-12-23 02:19:59,4,-2,3852.5,98
2022-12-23 02:20:04,3,-3,3852.25,95
2022-12-23 02:20:05,1,1,3852.25,96
2022-12-23 02:20:10,6,5,3852.25,101
2022-12-23 02:20:13,1,1,3852.5,102
2022-12-23 02:20:16,6,4,3852.5,106
2022-12-23 02:20:18,2,-2,3852.5,104
2022-12-23 02:20:19,3,3,3852.5,107
2022-12-23 02:20:27,1,-1,3852.5,106
2022-12-23 02:20:45,2,2,3852.5,108
2022-12-23 02:20:46,1,1,3852.5,109
2022-12-23 02:20:48,1,-1,3852.25,108
2022-12-23 02:20:50,2,2,3852.75,110
2022-12-23 02:20:53,2,-2,3852.75,108
2022-12-23 02:21:00,8,8,3853.0,116
2022-12-23 02:21:01,2,0,3853.0,116
2022-12-23 02:21:02,4,-2,3853.0,114
2022-12-23 02:21:03,1,1,3852.75,115
2022-12-23 02:21:06,1,-1,3852.5,114
2022-12-23 02:21:08,4,2,3852.75,116
2022-12-23 02:21:15,13,13,3853.0,129
2022-12-23 02:21:16,10,11,3853.5,140
2022-12-23 02:21:17,2,-2,3853.25,138
2022-12-23 02:21:18,2,-2,3853.0,136
2022-12-23 02:21:24,5,-5,3852.75,131
2022-12-23 02:21:27,16,4,3852.5,135
2022-12-23 02:21:28,3,3,3852.75,138
2022-12-23 02:21:31,3,3,3852.75,141
2022-12-23 02:21:32,3,-3,3852.75,138
2022-12-23 02:21:35,3,-3,3852.5,135
2022-12-23 02:21:38,1,1,3852.5,136
2022-12-23 02:22:04,18,13,3852.5,149
2022-12-23 02:22:12,3,-1,3852.5,148
2022-12-23 02:22:20,1,-1,3852.25,147
2022-12-23 02:22:22,1,-1,3852.25,146
2022-12-23 02:22:35,11,-3,3852.25,143
2022-12-23 02:22:36,1,1,3852.25,144
2022-12-23 02:22:38,1,1,3852.25,145
2022-12-23 02:22:43,1,1,3852.25,146
2022-12-23 02:22:47,1,-1,3852.25,145
2022-12-23 02:22:50,1,1,3852.25,146
2022-12-23 02:22:51,3,-3,3852.25,143
2022-12-23 02:22:55,28,-18,3852.0,125
2022-12-23 02:22:57,1,1,3851.75,126
2022-12-23 02:22:58,5,-7,3851.5,119
2022-12-23 02:23:00,2,0,3851.5,119
2022-12-23 02:23:01,8,4,3851.5,123
2022-12-23 02:23:02,4,4,3851.5,127
2022-12-23 02:23:03,2,2,3851.5,129
2022-12-23 02:23:04,1,-1,3851.5,128
2022-12-23 02:23:05,8,-4,3851.5,124
2022-12-23 02:23:06,1,1,3851.5,125
2022-12-23 02:23:09,2,-2,3851.25,123
2022-12-23 02:23:11,5,4,3851.25,127
2022-12-23 02:23:12,3,-3,3851.25,124
2022-12-23 02:23:13,1,-1,3851.0,123
2022-12-23 02:23:18,15,1,3851.25,124
2022-12-23 02:23:19,4,4,3851.25,128
2022-12-23 02:23:21,4,2,3851.5,130
2022-12-23 02:23:23,6,5,3851.5,135
2022-12-23 02:23:26,2,-2,3851.5,133
2022-12-23 02:23:27,8,-7,3851.5,126
2022-12-23 02:23:28,1,1,3851.5,127
2022-12-23 02:23:32,1,1,3851.5,128
2022-12-23 02:23:33,1,-1,3851.5,127
2022-12-23 02:23:37,12,7,3851.5,134
2022-12-23 02:23:39,1,1,3851.5,135
2022-12-23 02:23:42,7,3,3851.75,138
2022-12-23 02:23:43,21,-7,3851.75,131
2022-12-23 02:23:45,2,0,3851.5,131
2022-12-23 02:23:46,2,2,3851.5,133
2022-12-23 02:23:51,4,-4,3851.25,129
2022-12-23 02:23:58,22,-1,3851.25,128
2022-12-23 02:24:00,1,1,3851.0,129
2022-12-23 02:24:02,3,3,3851.0,132
2022-12-23 02:24:05,4,0,3851.25,132
2022-12-23 02:24:06,9,5,3851.0,137
2022-12-23 02:24:09,1,-1,3850.75,136
2022-12-23 02:24:14,59,-30,3851.0,106
2022-12-23 02:24:17,11,2,3850.75,108
2022-12-23 02:24:18,4,3,3850.75,111
2022-12-23 02:24:19,4,2,3850.75,113
2022-12-23 02:24:27,8,-4,3850.75,109
2022-12-23 02:24:30,11,1,3851.0,110
2022-12-23 02:24:31,7,7,3851.0,117
2022-12-23 02:24:33,70,-66,3851.25,51
2022-12-23 02:24:35,1,-1,3850.75,50
2022-12-23 02:24:36,5,-5,3850.5,45
2022-12-23 02:24:38,2,0,3850.5,45
2022-12-23 02:24:39,2,2,3850.75,47
2022-12-23 02:24:42,5,5,3850.75,52
2022-12-23 02:24:44,3,-1,3850.5,51
2022-12-23 02:24:51,3,-3,3850.5,48
2022-12-23 02:24:54,24,-16,3850.5,32
2022-12-23 02:24:55,2,2,3850.5,34
2022-12-23 02:24:58,1,-1,3850.5,33
2022-12-23 02:24:59,9,8,3850.75,41
2022-12-23 02:25:00,8,8,3851.0,49
2022-12-23 02:25:02,3,3,3851.0,52
2022-12-23 02:25:03,3,-3,3851.0,49
2022-12-23 02:25:13,1,-1,3850.75,48
2022-12-23 02:25:19,9,4,3850.75,52
2022-12-23 02:25:21,1,-1,3850.75,51
2022-12-23 02:25:28,4,-4,3850.5,47
2022-12-23 02:25:29,13,-13,3850.25,34
2022-12-23 02:25:31,1,-1,3850.0,33
2022-12-23 02:25:32,1,-1,3850.0,32
2022-12-23 02:25:33,1,-1,3850.0,31
2022-12-23 02:25:34,8,4,3850.25,35
2022-12-23 02:25:37,9,-5,3850.25,30
2022-12-23 02:25:38,10,2,3850.25,32
2022-12-23 02:25:41,1,-1,3850.25,31
2022-12-23 02:25:42,2,0,3850.25,31
2022-12-23 02:25:45,8,8,3850.25,39
2022-12-23 02:25:46,3,-3,3850.25,36
2022-12-23 02:25:49,4,3,3850.25,39
2022-12-23 02:25:56,2,-2,3850.25,37
2022-12-23 02:26:00,1,1,3850.25,38
2022-12-23 02:26:02,29,-11,3850.0,27
2022-12-23 02:26:05,5,4,3850.25,31
2022-12-23 02:26:06,42,-32,3850.25,-1
2022-12-23 02:26:07,2,2,3850.0,1
2022-12-23 02:26:12,6,5,3850.0,6
2022-12-23 02:26:16,4,-4,3850.0,2
2022-12-23 02:26:22,1,1,3850.25,3
2022-12-23 02:26:27,7,0,3850.75,3
2022-12-23 02:26:31,4,4,3850.5,7
2022-12-23 02:26:36,2,-2,3850.5,5
2022-12-23 02:26:38,3,3,3850.5,8
2022-12-23 02:26:41,1,-1,3850.5,7
2022-12-23 02:26:42,3,3,3850.75,10
2022-12-23 02:26:51,1,1,3851.0,11
2022-12-23 02:26:54,2,2,3851.0,13
2022-12-23 02:26:56,4,3,3851.0,16
2022-12-23 02:27:00,10,-4,3851.0,12
2022-12-23 02:27:03,4,4,3851.0,16
2022-12-23 02:27:05,1,-1,3851.0,15
2022-12-23 02:27:11,7,6,3851.25,21
2022-12-23 02:27:14,10,-12,3851.0,9
2022-12-23 02:27:21,4,4,3851.0,13
2022-12-23 02:27:23,3,-3,3851.0,10
2022-12-23 02:27:26,2,-1,3851.0,9
2022-12-23 02:27:29,1,1,3851.25,10
2022-12-23 02:27:31,4,-3,3851.25,7
2022-12-23 02:27:33,6,-4,3851.25,3
2022-12-23 02:27:34,1,1,3851.5,4
2022-12-23 02:27:35,1,-1,3851.0,3
2022-12-23 02:27:44,9,2,3851.5,5
2022-12-23 02:27:47,3,-3,3851.5,2
2022-12-23 02:27:51,13,-12,3851.25,-10
2022-12-23 02:27:54,4,-4,3851.25,-14
2022-12-23 02:27:55,6,-2,3851.0,-16
2022-12-23 02:27:56,2,0,3851.0,-16
2022-12-23 02:28:00,2,2,3851.25,-14
2022-12-23 02:28:03,1,1,3851.25,-13
2022-12-23 02:28:06,13,4,3851.5,-9
2022-12-23 02:28:07,2,0,3851.5,-9
2022-12-23 02:28:13,6,0,3851.75,-9
2022-12-23 02:28:14,1,1,3851.75,-8
2022-12-23 02:28:18,1,-1,3851.5,-9
2022-12-23 02:28:19,2,2,3851.75,-7
2022-12-23 02:28:22,3,1,3851.75,-6
2022-12-23 02:28:25,1,1,3852.0,-5
2022-12-23 02:28:26,1,-1,3851.75,-6
2022-12-23 02:28:30,1,1,3852.0,-5
2022-12-23 02:28:31,1,-1,3851.75,-6
2022-12-23 02:28:32,2,0,3852.0,-6
2022-12-23 02:28:35,1,-1,3852.0,-7
2022-12-23 02:28:40,6,1,3852.0,-6
2022-12-23 02:28:49,3,-2,3852.0,-8
2022-12-23 02:28:54,5,1,3852.25,-7
2022-12-23 02:29:01,2,1,3852.25,-6
2022-12-23 02:29:03,1,-1,3852.25,-7
2022-12-23 02:29:05,3,-3,3852.25,-10
2022-12-23 02:29:11,7,-2,3852.0,-12
2022-12-23 02:29:16,1,1,3852.25,-11
2022-12-23 02:29:27,6,-5,3852.0,-16
2022-12-23 02:29:31,2,2,3852.0,-14
2022-12-23 02:29:40,4,-2,3851.75,-16
2022-12-23 02:29:50,3,3,3851.75,-13
2022-12-23 02:29:51,2,-2,3851.75,-15
2022-12-23 02:29:56,1,-1,3851.5,-16
2022-12-23 02:30:00,9,-6,3851.5,-22
2022-12-23 02:30:01,5,5,3851.5,-17
2022-12-23 02:30:04,9,7,3851.75,-10
2022-12-23 02:30:08,2,-2,3851.75,-12
2022-12-23 02:30:09,2,0,3851.75,-12
2022-12-23 02:30:15,30,12,3852.0,0
2022-12-23 02:30:16,8,-8,3851.75,-8
2022-12-23 02:30:25,4,-4,3851.25,-12
2022-12-23 02:30:29,8,3,3851.5,-9
2022-12-23 02:30:30,26,7,3851.75,-2
2022-12-23 02:30:36,6,-5,3851.5,-7
2022-12-23 02:30:37,1,1,3851.5,-6
2022-12-23 02:30:39,1,-1,3851.5,-7
2022-12-23 02:30:42,2,2,3851.5,-5
2022-12-23 02:30:47,1,1,3851.5,-4
2022-12-23 02:30:49,2,-2,3851.5,-6
2022-12-23 02:30:55,3,3,3851.75,-3
2022-12-23 02:31:03,7,3,3851.75,0
2022-12-23 02:31:12,1,1,3851.75,1
2022-12-23 02:31:13,3,3,3852.0,4
2022-12-23 02:31:14,2,2,3852.25,6
2022-12-23 02:31:15,1,-1,3852.25,5
2022-12-23 02:31:18,22,-20,3852.0,-15
2022-12-23 02:31:22,6,-6,3852.0,-21
2022-12-23 02:31:23,2,3,3852.0,-18
2022-12-23 02:31:25,7,1,3851.75,-17
2022-12-23 02:31:27,1,1,3851.75,-16
2022-12-23 02:31:28,1,1,3852.0,-15
2022-12-23 02:31:33,10,9,3852.0,-6
2022-12-23 02:31:35,1,1,3852.0,-5
2022-12-23 02:31:42,3,0,3852.0,-5
2022-12-23 02:31:43,11,-4,3852.0,-9
2022-12-23 02:31:44,2,-2,3851.75,-11
2022-12-23 02:31:47,5,-1,3851.5,-12
2022-12-23 02:31:48,1,1,3851.75,-11
2022-12-23 02:31:52,1,1,3851.75,-10
2022-12-23 02:31:57,5,-5,3851.5,-15
2022-12-23 02:32:00,5,5,3851.75,-10
2022-12-23 02:32:08,3,-2,3851.25,-12
2022-12-23 02:32:12,3,2,3851.5,-10
2022-12-23 02:32:14,2,-2,3851.5,-12
2022-12-23 02:32:15,5,0,3851.25,-12
2022-12-23 02:32:19,3,3,3851.75,-9
2022-12-23 02:32:25,9,9,3852.0,0
2022-12-23 02:32:29,4,-4,3852.0,-4
2022-12-23 02:32:35,2,-2,3851.75,-6
2022-12-23 02:32:39,4,-4,3851.75,-10
2022-12-23 02:32:40,1,1,3852.0,-9
2022-12-23 02:32:45,2,-2,3851.75,-11
2022-12-23 02:32:46,3,-3,3851.75,-14
2022-12-23 02:33:00,1,-1,3851.5,-15
2022-12-23 02:33:02,2,-2,3851.5,-17
2022-12-23 02:33:03,10,0,3851.25,-17
2022-12-23 02:33:09,1,1,3851.25,-16
2022-12-23 02:33:15,5,-5,3851.25,-21
2022-12-23 02:33:16,11,-4,3851.0,-25
2022-12-23 02:33:28,1,1,3851.25,-24
2022-12-23 02:33:32,8,6,3851.25,-18
2022-12-23 02:33:33,14,-13,3851.25,-31
2022-12-23 02:33:39,1,-1,3851.25,-32
2022-12-23 02:33:42,21,3,3851.5,-29
2022-12-23 02:33:58,8,-2,3851.5,-31
2022-12-23 02:34:06,4,1,3851.5,-30
2022-12-23 02:34:09,1,1,3851.5,-29
2022-12-23 02:34:16,7,1,3851.75,-28
2022-12-23 02:34:17,18,-7,3851.5,-35
2022-12-23 02:34:18,46,-34,3851.5,-69
2022-12-23 02:34:19,25,-12,3851.25,-81
2022-12-23 02:34:22,6,6,3851.5,-75
2022-12-23 02:34:30,1,1,3851.75,-74
2022-12-23 02:34:34,3,-3,3851.75,-77
2022-12-23 02:34:36,3,3,3852.0,-74
2022-12-23 02:34:39,3,-1,3852.0,-75
2022-12-23 02:34:49,1,-1,3851.75,-76
2022-12-23 02:34:52,4,-4,3851.75,-80
2022-12-23 02:34:54,1,1,3851.75,-79
2022-12-23 02:34:56,4,-4,3851.75,-83
2022-12-23 02:35:04,3,3,3852.0,-80
2022-12-23 02:35:08,1,-1,3852.0,-81
2022-12-23 02:35:13,2,1,3852.0,-80
2022-12-23 02:35:17,10,-2,3852.25,-82
2022-12-23 02:35:29,4,4,3852.5,-78
2022-12-23 02:35:30,1,-1,3852.25,-79
2022-12-23 02:35:35,1,1,3852.25,-78
2022-12-23 02:35:40,1,1,3852.5,-77
2022-12-23 02:35:41,1,-1,3852.25,-78
2022-12-23 02:35:44,1,1,3852.25,-77
2022-12-23 02:35:46,38,30,3853.0,-47
2022-12-23 02:35:47,5,1,3852.75,-46
2022-12-23 02:36:02,11,7,3853.0,-39
2022-12-23 02:36:03,3,-1,3853.25,-40
2022-12-23 02:36:04,12,-4,3853.25,-44
2022-12-23 02:36:05,1,1,3853.25,-43
2022-12-23 02:36:06,19,-8,3853.0,-51
2022-12-23 02:36:09,1,-1,3853.0,-52
2022-12-23 02:36:10,4,4,3853.0,-48
2022-12-23 02:36:13,3,-1,3853.25,-49
2022-12-23 02:36:17,19,15,3853.5,-34
2022-12-23 02:36:19,6,-5,3853.25,-39
2022-12-23 02:36:21,2,2,3853.25,-37
2022-12-23 02:36:22,10,-6,3853.0,-43
2022-12-23 02:36:23,2,-2,3853.0,-45
2022-12-23 02:36:24,1,-1,3853.0,-46
2022-12-23 02:36:28,1,-1,3853.25,-47
2022-12-23 02:36:31,4,0,3853.5,-47
2022-12-23 02:36:32,7,3,3853.5,-44
2022-12-23 02:36:34,3,-3,3853.5,-47
2022-12-23 02:36:40,5,1,3853.5,-46
2022-12-23 02:36:41,1,1,3853.5,-45
2022-12-23 02:36:44,2,-2,3853.25,-47
2022-12-23 02:36:45,1,-1,3853.25,-48
2022-12-23 02:36:49,4,-2,3853.25,-50
2022-12-23 02:36:50,2,2,3853.25,-48
2022-12-23 02:36:52,2,-2,3853.0,-50
2022-12-23 02:36:55,1,1,3853.25,-49
2022-12-23 02:36:56,3,-3,3853.0,-52
2022-12-23 02:36:57,1,-1,3852.75,-53
2022-12-23 02:37:00,1,-1,3853.0,-54
2022-12-23 02:37:01,25,-25,3853.0,-79
2022-12-23 02:37:04,3,1,3853.0,-78
2022-12-23 02:37:08,7,3,3853.25,-75
2022-12-23 02:37:09,1,-1,3853.25,-76
2022-12-23 02:37:10,15,-9,3853.0,-85
2022-12-23 02:37:16,4,-4,3852.5,-89
2022-12-23 02:37:20,2,-2,3852.25,-91
2022-12-23 02:37:21,7,7,3852.5,-84
2022-12-23 02:37:24,3,-1,3852.5,-85
2022-12-23 02:37:30,3,3,3852.5,-82
2022-12-23 02:37:36,10,2,3853.0,-80
2022-12-23 02:37:41,2,0,3853.0,-80
2022-12-23 02:37:45,2,0,3853.0,-80
2022-12-23 02:37:46,1,-1,3852.75,-81
2022-12-23 02:37:50,1,-1,3852.75,-82
2022-12-23 02:37:52,4,-4,3852.75,-86
2022-12-23 02:37:55,1,1,3853.0,-85
2022-12-23 02:38:00,10,7,3853.0,-78
2022-12-23 02:38:03,2,-2,3852.75,-80
2022-12-23 02:38:04,2,-2,3852.75,-82
2022-12-23 02:38:05,5,1,3852.75,-81
2022-12-23 02:38:12,1,1,3853.0,-80
2022-12-23 02:38:14,6,2,3853.0,-78
2022-12-23 02:38:16,1,1,3852.75,-77
2022-12-23 02:38:18,2,2,3852.75,-75
2022-12-23 02:38:25,5,1,3853.0,-74
2022-12-23 02:38:28,1,-1,3853.0,-75
2022-12-23 02:38:32,4,-2,3853.25,-77
2022-12-23 02:38:34,10,-9,3852.75,-86
2022-12-23 02:38:45,1,-1,3852.5,-87
2022-12-23 02:38:46,15,3,3852.75,-84
2022-12-23 02:38:47,1,1,3853.0,-83
2022-12-23 02:38:49,1,1,3853.0,-82
2022-12-23 02:38:53,8,-6,3853.0,-88
2022-12-23 02:39:05,2,-2,3852.5,-90
2022-12-23 02:39:06,4,3,3852.75,-87
2022-12-23 02:39:20,1,1,3853.0,-86
2022-12-23 02:39:25,1,-1,3853.0,-87
2022-12-23 02:39:33,3,1,3853.0,-86
2022-12-23 02:39:34,1,1,3853.25,-85
2022-12-23 02:39:44,3,-3,3853.0,-88
2022-12-23 02:39:46,1,-1,3853.0,-89
2022-12-23 02:39:51,3,3,3853.25,-86
2022-12-23 02:39:59,7,2,3853.5,-84
2022-12-23 02:40:04,8,-4,3853.5,-88
2022-12-23 02:40:06,6,5,3853.75,-83
2022-12-23 02:40:10,4,0,3853.5,-83
2022-12-23 02:40:17,4,3,3853.75,-80
2022-12-23 02:40:19,8,-6,3853.75,-86
2022-12-23 02:40:20,1,1,3853.5,-85
2022-12-23 02:40:21,6,2,3853.5,-83
2022-12-23 02:40:24,21,-16,3853.25,-99
2022-12-23 02:40:26,25,-8,3853.25,-107
2022-12-23 02:40:27,3,1,3853.25,-106
2022-12-23 02:40:31,3,3,3853.25,-103
2022-12-23 02:40:35,4,0,3853.5,-103
2022-12-23 02:40:36,5,-5,3853.25,-108
2022-12-23 02:40:37,5,5,3853.25,-103
2022-12-23 02:40:41,3,-3,3853.25,-106
2022-12-23 02:40:44,2,-2,3853.0,-108
2022-12-23 02:40:45,2,-1,3853.0,-109
2022-12-23 02:40:48,1,-1,3853.0,-110
2022-12-23 02:40:50,4,2,3853.0,-108
2022-12-23 02:40:51,1,1,3853.0,-107
2022-12-23 02:40:53,3,3,3853.0,-104
2022-12-23 02:41:01,9,5,3853.25,-99
2022-12-23 02:41:04,2,0,3853.25,-99
2022-12-23 02:41:07,1,-1,3853.0,-100
2022-12-23 02:41:10,4,-4,3853.0,-104
2022-12-23 02:41:11,3,3,3853.25,-101
2022-12-23 02:41:13,16,-8,3853.25,-109
2022-12-23 02:41:15,6,2,3853.25,-107
2022-12-23 02:41:25,2,-2,3853.25,-109
2022-12-23 02:41:27,2,0,3853.25,-109
2022-12-23 02:41:36,3,-3,3853.25,-112
2022-12-23 02:41:37,1,-1,3853.25,-113
2022-12-23 02:41:45,2,0,3853.0,-113
2022-12-23 02:41:51,3,-3,3853.25,-116
2022-12-23 02:41:52,1,1,3853.25,-115
2022-12-23 02:41:54,2,2,3853.25,-113
2022-12-23 02:42:00,2,0,3853.25,-113
2022-12-23 02:42:05,2,-2,3853.0,-115
2022-12-23 02:42:10,8,-2,3853.0,-117
2022-12-23 02:42:15,1,1,3853.0,-116
2022-12-23 02:42:18,4,-4,3853.0,-120
2022-12-23 02:42:20,3,3,3853.25,-117
2022-12-23 02:42:25,2,-2,3853.25,-119
2022-12-23 02:42:30,26,5,3853.5,-114
2022-12-23 02:42:31,7,6,3853.5,-108
2022-12-23 02:42:32,2,2,3853.5,-106
2022-12-23 02:42:33,5,-5,3853.25,-111
2022-12-23 02:42:37,1,-1,3853.25,-112
2022-12-23 02:42:38,5,3,3853.0,-109
2022-12-23 02:42:43,7,7,3853.0,-102
2022-12-23 02:42:44,3,-3,3853.0,-105
2022-12-23 02:42:45,3,1,3853.0,-104
2022-12-23 02:42:49,1,1,3853.25,-103
2022-12-23 02:42:51,14,-3,3853.25,-106
2022-12-23 02:43:01,6,6,3853.25,-100
2022-12-23 02:43:03,3,-3,3853.25,-103
2022-12-23 02:43:05,8,0,3853.25,-103
2022-12-23 02:43:11,5,-4,3853.0,-107
2022-12-23 02:43:18,1,1,3853.25,-106
2022-12-23 02:43:22,3,-3,3853.25,-109
2022-12-23 02:43:25,1,-1,3853.0,-110
2022-12-23 02:43:29,1,1,3853.25,-109
2022-12-23 02:43:34,5,-4,3853.0,-113
2022-12-23 02:43:35,3,3,3853.25,-110
2022-12-23 02:43:41,5,-4,3853.0,-114
2022-12-23 02:43:47,2,-2,3852.5,-116
2022-12-23 02:43:49,7,-3,3852.5,-119
2022-12-23 02:43:55,1,-1,3852.5,-120
2022-12-23 02:43:57,3,-3,3852.5,-123
2022-12-23 02:43:58,1,-1,3852.25,-124
2022-12-23 02:44:00,1,1,3852.5,-123
2022-12-23 02:44:01,1,1,3852.5,-122
2022-12-23 02:44:04,1,-1,3852.5,-123
2022-12-23 02:44:10,3,-3,3852.5,-126
2022-12-23 02:44:13,1,1,3852.5,-125
2022-12-23 02:44:20,1,1,3852.5,-124
2022-12-23 02:44:24,2,-2,3852.5,-126
2022-12-23 02:44:26,4,0,3852.5,-126
2022-12-23 02:44:30,2,2,3852.5,-124
2022-12-23 02:44:37,12,-5,3852.25,-129
2022-12-23 02:44:45,6,-3,3852.25,-132
2022-12-23 02:44:51,1,-1,3852.25,-133
2022-12-23 02:44:55,6,6,3852.5,-127
2022-12-23 02:45:02,1,-1,3852.25,-128
2022-12-23 02:45:03,1,1,3852.25,-127
2022-12-23 02:45:20,1,1,3852.5,-126
2022-12-23 02:45:23,1,1,3852.5,-125
2022-12-23 02:45:26,1,1,3852.5,-124
2022-12-23 02:45:28,3,-3,3852.5,-127
2022-12-23 02:45:35,4,4,3852.25,-123
2022-12-23 02:45:42,1,1,3852.5,-122
2022-12-23 02:45:43,1,1,3852.5,-121
2022-12-23 02:45:51,25,18,3853.0,-103
2022-12-23 02:45:53,16,-7,3852.75,-110
2022-12-23 02:45:56,1,-1,3852.5,-111
2022-12-23 02:45:59,4,0,3852.75,-111
2022-12-23 02:46:00,13,-12,3852.5,-123
2022-12-23 02:46:03,1,1,3852.75,-122
2022-12-23 02:46:04,2,2,3852.75,-120
2022-12-23 02:46:12,1,-1,3852.5,-121
2022-12-23 02:46:13,1,1,3852.75,-120
2022-12-23 02:46:14,1,-1,3852.75,-121
2022-12-23 02:46:15,3,-3,3852.75,-124
2022-12-23 02:46:16,1,1,3852.75,-123
2022-12-23 02:46:26,2,2,3852.75,-121
2022-12-23 02:46:36,10,-10,3852.5,-131
2022-12-23 02:46:41,4,0,3852.5,-131
2022-12-23 02:46:45,5,1,3852.5,-130
2022-12-23 02:46:47,6,3,3852.5,-127
2022-12-23 02:46:48,2,-2,3852.5,-129
2022-12-23 02:46:51,4,4,3852.5,-125
2022-12-23 02:46:52,12,4,3852.75,-121
2022-12-23 02:46:53,1,1,3852.75,-120
2022-12-23 02:47:05,28,-31,3853.0,-151
2022-12-23 02:47:10,4,-4,3852.75,-155
2022-12-23 02:47:12,6,0,3852.75,-155
2022-12-23 02:47:14,2,2,3852.75,-153
2022-12-23 02:47:25,24,33,3853.25,-120
2022-12-23 02:47:27,2,1,3853.25,-119
2022-12-23 02:47:28,7,-1,3853.0,-120
2022-12-23 02:47:38,2,2,3853.25,-118
2022-12-23 02:47:45,17,5,3853.5,-113
2022-12-23 02:47:46,1,-1,3853.25,-114
2022-12-23 02:47:48,5,-3,3853.0,-117
2022-12-23 02:47:50,1,-1,3852.75,-118
2022-12-23 02:48:00,5,4,3852.75,-114
2022-12-23 02:48:03,14,4,3853.0,-110
2022-12-23 02:48:04,5,-1,3853.0,-111
2022-12-23 02:48:05,1,1,3853.0,-110
2022-12-23 02:48:12,3,-1,3853.0,-111
2022-12-23 02:48:14,1,-1,3853.0,-112
2022-12-23 02:48:19,10,0,3852.75,-112
2022-12-23 02:48:20,6,6,3853.0,-106
2022-12-23 02:48:24,1,-1,3852.75,-107
2022-12-23 02:48:29,22,-6,3852.75,-113
2022-12-23 02:48:32,1,1,3853.0,-112
2022-12-23 02:48:40,1,1,3853.25,-111
2022-12-23 02:48:42,2,0,3853.0,-111
2022-12-23 02:48:54,1,1,3853.0,-110
2022-12-23 02:48:55,1,1,3853.0,-109
2022-12-23 02:49:01,1,1,3853.0,-108
2022-12-23 02:49:04,1,1,3853.25,-107
2022-12-23 02:49:08,3,-3,3853.0,-110
2022-12-23 02:49:11,2,2,3853.0,-108
2022-12-23 02:49:25,6,6,3853.25,-102
2022-12-23 02:49:26,3,-3,3853.25,-105
2022-12-23 02:49:34,2,-2,3853.25,-107
2022-12-23 02:49:38,1,1,3853.25,-106
2022-12-23 02:49:42,1,-1,3853.25,-107
2022-12-23 02:49:44,1,1,3853.25,-106
2022-12-23 02:49:47,48,-17,3853.0,-123
2022-12-23 02:49:49,1,1,3852.75,-122
2022-12-23 02:49:59,6,-6,3852.75,-128
2022-12-23 02:50:02,5,3,3852.75,-125
2022-12-23 02:50:03,2,-2,3852.75,-127
2022-12-23 02:50:04,2,2,3853.0,-125
2022-12-23 02:50:06,1,1,3853.0,-124
2022-12-23 02:50:23,2,-2,3852.5,-126
2022-12-23 02:50:28,14,-7,3852.75,-133
2022-12-23 02:50:35,9,-3,3852.5,-136
2022-12-23 02:50:43,4,3,3852.75,-133
2022-12-23 02:50:44,3,3,3853.0,-130
2022-12-23 02:50:58,5,-4,3852.75,-134
2022-12-23 02:51:01,2,2,3852.75,-132
2022-12-23 02:51:02,2,0,3852.75,-132
2022-12-23 02:51:03,1,-1,3852.75,-133
2022-12-23 02:51:06,5,-5,3852.5,-138
2022-12-23 02:51:13,3,-1,3852.75,-139
2022-12-23 02:51:18,2,2,3853.0,-137
2022-12-23 02:51:22,8,-6,3853.25,-143
2022-12-23 02:51:33,3,3,3853.0,-140
2022-12-23 02:51:34,1,-1,3853.0,-141
2022-12-23 02:51:44,7,-5,3852.75,-146
2022-12-23 02:51:49,1,1,3853.0,-145
2022-12-23 02:51:56,4,-4,3852.75,-149
2022-12-23 02:52:00,1,-1,3852.75,-150
2022-12-23 02:52:08,1,1,3852.75,-149
2022-12-23 02:52:12,4,3,3853.0,-146
2022-12-23 02:52:16,1,1,3853.25,-145
2022-12-23 02:52:18,2,2,3853.25,-143
2022-12-23 02:52:23,3,3,3853.5,-140
2022-12-23 02:52:24,23,4,3853.5,-136
2022-12-23 02:52:44,9,-6,3853.25,-142
2022-12-23 02:52:51,1,-1,3853.25,-143
2022-12-23 02:52:54,1,1,3853.5,-142
2022-12-23 02:53:03,1,-1,3853.25,-143
2022-12-23 02:53:22,2,-2,3853.25,-145
2022-12-23 02:53:23,6,-5,3853.0,-150
2022-12-23 02:53:29,3,-3,3852.75,-153
2022-12-23 02:53:30,1,1,3852.75,-152
2022-12-23 02:53:39,1,-1,3852.75,-153
2022-12-23 02:53:44,3,3,3853.25,-150
2022-12-23 02:53:47,2,-2,3853.25,-152
2022-12-23 02:53:52,3,-3,3853.0,-155
2022-12-23 02:53:53,4,0,3853.0,-155
2022-12-23 02:53:56,4,2,3853.0,-153
2022-12-23 02:54:00,1,1,3853.0,-152
2022-12-23 02:54:01,3,-3,3852.75,-155
2022-12-23 02:54:05,3,3,3853.0,-152
2022-12-23 02:54:07,4,-4,3853.0,-156
2022-12-23 02:54:12,1,1,3853.0,-155
2022-12-23 02:54:28,1,-1,3852.75,-156
2022-12-23 02:54:38,4,4,3853.0,-152
2022-12-23 02:54:45,2,2,3853.0,-150
2022-12-23 02:54:56,4,0,3853.0,-150
2022-12-23 02:55:00,2,-2,3853.0,-152
2022-12-23 02:55:03,1,1,3853.0,-151
2022-12-23 02:55:09,4,-3,3853.0,-154
2022-12-23 02:55:14,1,-1,3853.0,-155
2022-12-23 02:55:20,6,-6,3852.75,-161
2022-12-23 02:55:38,2,2,3852.75,-159
2022-12-23 02:55:44,5,-5,3852.5,-164
2022-12-23 02:55:46,26,-19,3852.25,-183
2022-12-23 02:55:48,3,-3,3852.25,-186
2022-12-23 02:55:52,3,3,3852.5,-183
2022-12-23 02:55:54,4,-4,3852.5,-187
2022-12-23 02:56:00,11,7,3852.5,-180
2022-12-23 02:56:08,1,1,3852.75,-179
2022-12-23 02:56:12,5,5,3852.75,-174
2022-12-23 02:56:18,1,-1,3852.75,-175
2022-12-23 02:56:22,1,-1,3852.75,-176
2022-12-23 02:56:29,8,2,3852.75,-174
2022-12-23 02:56:33,3,-3,3852.5,-177
2022-12-23 02:56:35,1,1,3852.5,-176
2022-12-23 02:56:46,1,1,3852.5,-175
2022-12-23 02:56:49,5,0,3852.5,-175
2022-12-23 02:57:01,5,4,3852.5,-171
2022-12-23 02:57:02,1,1,3852.75,-170
2022-12-23 02:57:07,1,-1,3852.5,-171
2022-12-23 02:57:09,2,-2,3852.5,-173
2022-12-23 02:57:16,2,2,3852.5,-171
2022-12-23 02:57:24,15,5,3853.0,-166
2022-12-23 02:57:26,1,1,3853.0,-165
2022-12-23 02:57:28,1,-1,3853.0,-166
2022-12-23 02:57:30,8,-11,3853.0,-177
2022-12-23 02:57:31,3,-3,3852.75,-180
2022-12-23 02:57:32,3,3,3852.75,-177
2022-12-23 02:57:34,1,1,3852.75,-176
2022-12-23 02:57:36,4,4,3853.0,-172
2022-12-23 02:57:38,4,-2,3853.0,-174
2022-12-23 02:57:45,4,-4,3853.0,-178
2022-12-23 02:57:54,3,3,3853.25,-175
2022-12-23 02:57:55,4,0,3853.25,-175
2022-12-23 02:58:00,35,-27,3853.25,-202
2022-12-23 02:58:04,3,-3,3853.0,-205
2022-12-23 02:58:06,1,-1,3853.0,-206
2022-12-23 02:58:14,1,1,3853.25,-205
2022-12-23 02:58:19,2,2,3853.0,-203
2022-12-23 02:58:21,1,1,3853.0,-202
2022-12-23 02:58:22,1,1,3853.25,-201
2022-12-23 02:58:23,2,-2,3853.0,-203
2022-12-23 02:58:44,3,-3,3853.0,-206
2022-12-23 02:58:47,2,0,3852.75,-206
2022-12-23 02:58:52,7,-3,3852.5,-209
2022-12-23 02:59:05,1,1,3852.5,-208
2022-12-23 02:59:14,1,-1,3852.25,-209
2022-12-23 02:59:15,2,2,3852.25,-207
2022-12-23 02:59:16,12,2,3852.25,-205
2022-12-23 02:59:23,1,1,3852.25,-204
2022-12-23 02:59:24,3,-3,3852.0,-207
2022-12-23 02:59:27,27,-27,3851.75,-234
2022-12-23 02:59:30,10,-4,3851.75,-238
2022-12-23 02:59:35,1,-1,3851.5,-239
2022-12-23 02:59:36,3,3,3851.75,-236
2022-12-23 02:59:40,1,1,3851.75,-235
2022-12-23 02:59:44,5,-5,3851.5,-240
2022-12-23 02:59:47,11,-2,3851.5,-242
2022-12-23 02:59:48,4,4,3851.75,-238
2022-12-23 02:59:49,1,-1,3851.75,-239
2022-12-23 02:59:52,5,-5,3851.5,-244
2022-12-23 02:59:53,5,5,3851.5,-239
2022-12-23 02:59:55,25,16,3851.75,-223
2022-12-23 02:59:57,3,1,3851.5,-222
2022-12-23 02:59:59,4,-2,3851.25,-224
2022-12-23 03:00:00,143,-31,3851.5,-255
2022-12-23 03:00:01,22,0,3850.5,-255
2022-12-23 03:00:02,4,0,3850.5,-255
2022-12-23 03:00:03,8,4,3850.75,-251
2022-12-23 03:00:04,15,8,3851.0,-243
2022-12-23 03:00:05,17,-13,3851.25,-256
2022-12-23 03:00:06,6,0,3850.25,-256
2022-12-23 03:00:07,11,2,3850.25,-254
2022-12-23 03:00:08,9,1,3849.75,-253
2022-12-23 03:00:09,2,-2,3849.75,-255
2022-12-23 03:00:10,16,4,3850.0,-251
2022-12-23 03:00:11,1,1,3850.0,-250
2022-12-23 03:00:12,2,2,3850.25,-248
2022-12-23 03:00:13,2,2,3850.5,-246
2022-12-23 03:00:14,6,6,3850.75,-240
2022-12-23 03:00:15,21,-17,3850.25,-257
2022-12-23 03:00:16,2,2,3850.5,-255
2022-12-23 03:00:18,6,4,3850.75,-251
2022-12-23 03:00:19,4,-2,3851.0,-253
2022-12-23 03:00:20,5,1,3850.75,-252
2022-12-23 03:00:21,10,6,3851.0,-246
2022-12-23 03:00:22,12,8,3850.75,-238
2022-12-23 03:00:23,6,5,3850.75,-233
2022-12-23 03:00:26,1,-1,3850.75,-234
2022-12-23 03:00:27,1,1,3850.75,-233
2022-12-23 03:00:28,2,-2,3850.75,-235
2022-12-23 03:00:29,4,-4,3850.5,-239
2022-12-23 03:00:30,27,-2,3850.25,-241
2022-12-23 03:00:32,9,4,3850.25,-237
2022-12-23 03:00:33,16,-6,3850.25,-243
2022-12-23 03:00:34,1,-1,3850.25,-244
2022-12-23 03:00:35,9,-3,3850.0,-247
2022-12-23 03:00:36,1,1,3850.25,-246
2022-12-23 03:00:38,22,-23,3850.25,-269
2022-12-23 03:00:40,1,1,3850.0,-268
2022-12-23 03:00:41,4,4,3850.25,-264
2022-12-23 03:00:42,1,1,3850.25,-263
2022-12-23 03:00:44,1,1,3850.25,-262
2022-12-23 03:00:46,1,-1,3850.25,-263
2022-12-23 03:00:48,4,4,3850.5,-259
2022-12-23 03:00:49,8,-8,3850.5,-267
2022-12-23 03:00:53,5,5,3850.75,-262
2022-12-23 03:00:54,2,0,3850.75,-262
2022-12-23 03:00:55,1,1,3850.75,-261
2022-12-23 03:00:56,1,1,3850.75,-260
2022-12-23 03:00:57,12,15,3851.25,-245
2022-12-23 03:01:00,29,-5,3851.25,-250
2022-12-23 03:01:02,11,3,3851.25,-247
2022-12-23 03:01:04,11,9,3851.75,-238
2022-12-23 03:01:05,5,1,3851.75,-237
2022-12-23 03:01:06,3,-3,3851.5,-240
2022-12-23 03:01:09,3,-3,3851.25,-243
2022-12-23 03:01:10,3,1,3851.0,-242
2022-12-23 03:01:11,5,-3,3851.0,-245
2022-12-23 03:01:12,4,1,3851.25,-244
2022-12-23 03:01:13,26,8,3851.5,-236
2022-12-23 03:01:14,6,0,3851.75,-236
2022-12-23 03:01:15,21,7,3852.0,-229
2022-12-23 03:01:16,21,-7,3852.5,-236
2022-12-23 03:01:17,3,1,3852.5,-235
2022-12-23 03:01:18,2,0,3852.75,-235
2022-12-23 03:01:19,13,0,3852.5,-235
2022-12-23 03:01:20,4,0,3852.75,-235
2022-12-23 03:01:23,28,-10,3852.75,-245
2022-12-23 03:01:26,25,-12,3852.5,-257
2022-12-23 03:01:28,1,-1,3852.0,-258
2022-12-23 03:01:29,16,-3,3852.25,-261
2022-12-23 03:01:31,7,2,3852.5,-259
2022-12-23 03:01:32,44,10,3853.25,-249
2022-12-23 03:01:33,6,-2,3853.25,-251
2022-12-23 03:01:34,10,5,3853.0,-246
2022-12-23 03:01:36,4,4,3853.25,-242
2022-12-23 03:01:37,1,1,3853.25,-241
2022-12-23 03:01:38,4,-2,3853.25,-243
2022-12-23 03:01:39,4,4,3853.5,-239
2022-12-23 03:01:40,7,-4,3853.5,-243
2022-12-23 03:01:41,21,2,3853.5,-241
2022-12-23 03:01:42,16,-6,3853.75,-247
2022-12-23 03:01:43,4,2,3853.75,-245
2022-12-23 03:01:46,19,15,3854.25,-230
2022-12-23 03:01:47,20,9,3854.25,-221
2022-12-23 03:01:48,6,-2,3854.0,-223
2022-12-23 03:01:49,4,0,3853.75,-223
2022-12-23 03:01:50,4,-2,3853.5,-225
2022-12-23 03:01:51,3,3,3853.5,-222
2022-12-23 03:01:52,2,0,3853.5,-222
2022-12-23 03:01:54,6,-2,3853.25,-224
2022-12-23 03:01:55,2,2,3853.5,-222
2022-12-23 03:01:56,1,-1,3853.5,-223
2022-12-23 03:01:57,7,-3,3853.75,-226
2022-12-23 03:01:58,20,-4,3854.0,-230
2022-12-23 03:01:59,1,1,3853.75,-229
2022-12-23 03:02:00,1,-1,3853.75,-230
2022-12-23 03:02:01,4,2,3854.0,-228
2022-12-23 03:02:02,1,-1,3854.0,-229
2022-12-23 03:02:03,2,0,3854.25,-229
2022-12-23 03:02:04,6,-2,3854.0,-231
2022-12-23 03:02:05,2,2,3854.0,-229
2022-12-23 03:02:07,1,1,3854.0,-228
2022-12-23 03:02:09,5,5,3854.0,-223
2022-12-23 03:02:10,4,-4,3854.0,-227
2022-12-23 03:02:13,7,6,3854.25,-221
2022-12-23 03:02:15,13,-1,3854.5,-222
2022-12-23 03:02:17,3,-1,3854.5,-223
2022-12-23 03:02:18,7,6,3854.75,-217
2022-12-23 03:02:19,6,-4,3854.75,-221
2022-12-23 03:02:20,2,2,3854.75,-219
2022-12-23 03:02:21,1,-1,3854.75,-220
2022-12-23 03:02:22,5,-1,3854.75,-221
2022-12-23 03:02:24,5,-5,3854.5,-226
2022-12-23 03:02:25,1,1,3854.5,-225
2022-12-23 03:02:26,7,-7,3854.5,-232
2022-12-23 03:02:27,1,1,3854.75,-231
2022-12-23 03:02:31,9,1,3854.75,-230
2022-12-23 03:02:33,1,-1,3854.75,-231
2022-12-23 03:02:34,1,-1,3854.75,-232
2022-12-23 03:02:35,1,1,3854.75,-231
2022-12-23 03:02:39,37,18,3855.25,-213
2022-12-23 03:02:40,1,-1,3855.25,-214
2022-12-23 03:02:41,13,4,3855.5,-210
2022-12-23 03:02:42,7,7,3855.25,-203
2022-12-23 03:02:43,13,-8,3855.25,-211
2022-12-23 03:02:44,5,5,3855.25,-206
2022-12-23 03:02:45,5,-2,3855.0,-208
2022-12-23 03:02:48,8,2,3855.0,-206
2022-12-23 03:02:50,2,2,3855.0,-204
2022-12-23 03:02:51,3,-1,3855.25,-205
2022-12-23 03:02:52,6,-6,3855.0,-211
2022-12-23 03:02:53,11,5,3855.25,-206
2022-12-23 03:02:54,2,0,3855.25,-206
2022-12-23 03:02:57,2,2,3855.25,-204
2022-12-23 03:02:59,27,19,3855.5,-185
2022-12-23 03:03:00,8,-2,3855.5,-187
2022-12-23 03:03:01,5,1,3855.25,-186
2022-12-23 03:03:03,1,1,3855.5,-185
2022-12-23 03:03:04,11,-3,3855.25,-188
2022-12-23 03:03:07,20,-7,3855.25,-195
2022-12-23 03:03:08,1,-1,3854.75,-196
2022-12-23 03:03:10,1,-1,3854.75,-197
2022-12-23 03:03:13,8,-6,3854.75,-203
2022-12-23 03:03:14,2,-2,3854.5,-205
2022-12-23 03:03:15,1,1,3854.75,-204
2022-12-23 03:03:16,4,-4,3854.5,-208
2022-12-23 03:03:18,14,2,3854.25,-206
2022-12-23 03:03:23,6,2,3854.5,-204
2022-12-23 03:03:24,1,1,3854.75,-203
2022-12-23 03:03:26,3,0,3854.5,-203
2022-12-23 03:03:27,2,0,3854.75,-203
2022-12-23 03:03:29,5,-5,3854.5,-208
2022-12-23 03:03:30,5,5,3854.75,-203
2022-12-23 03:03:31,4,-4,3854.25,-207
2022-12-23 03:03:32,5,5,3854.5,-202
2022-12-23 03:03:34,3,-5,3854.25,-207
2022-12-23 03:03:37,7,3,3854.25,-204
2022-12-23 03:03:39,15,-10,3854.0,-214
2022-12-23 03:03:40,7,-1,3854.0,-215
2022-12-23 03:03:42,8,8,3854.25,-207
2022-12-23 03:03:44,7,-7,3854.0,-214
2022-12-23 03:03:46,2,2,3854.0,-212
2022-12-23 03:03:47,8,-3,3854.0,-215
2022-12-23 03:03:48,2,0,3854.0,-215
2022-12-23 03:03:51,1,1,3854.25,-214
2022-12-23 03:03:54,6,0,3854.25,-214
2022-12-23 03:03:56,4,2,3854.25,-212
2022-12-23 03:03:58,6,-6,3854.25,-218
2022-12-23 03:04:00,3,1,3854.25,-217
2022-12-23 03:04:01,9,2,3854.25,-215
2022-12-23 03:04:02,5,-5,3854.25,-220
2022-12-23 03:04:03,2,0,3854.5,-220
2022-12-23 03:04:04,7,-3,3854.0,-223
2022-12-23 03:04:08,22,-16,3853.75,-239
2022-12-23 03:04:09,3,-1,3853.5,-240
2022-12-23 03:04:10,8,5,3853.5,-235
2022-12-23 03:04:12,10,-1,3853.5,-236
2022-12-23 03:04:14,7,-7,3853.25,-243
2022-12-23 03:04:15,1,1,3853.5,-242
2022-12-23 03:04:16,3,-3,3853.25,-245
2022-12-23 03:04:17,2,2,3853.25,-243
2022-12-23 03:04:18,31,6,3853.25,-237
2022-12-23 03:04:19,31,-5,3853.25,-242
2022-12-23 03:04:20,2,-2,3853.25,-244
2022-12-23 03:04:21,1,-1,3853.25,-245
2022-12-23 03:04:22,2,-2,3853.25,-247
2022-12-23 03:04:26,4,-4,3853.0,-251
2022-12-23 03:04:27,1,1,3853.0,-250
2022-12-23 03:04:28,10,2,3852.75,-248
2022-12-23 03:04:29,10,-2,3852.75,-250
2022-12-23 03:04:30,1,1,3852.75,-249
2022-12-23 03:04:32,1,1,3852.75,-248
2022-12-23 03:04:33,1,-1,3852.5,-249
2022-12-23 03:04:34,1,-1,3852.5,-250
2022-12-23 03:04:36,11,-9,3852.5,-259
2022-12-23 03:04:37,1,1,3852.5,-258
2022-12-23 03:04:38,2,-2,3852.5,-260
2022-12-23 03:04:39,1,1,3852.75,-259
2022-12-23 03:04:40,1,-1,3852.5,-260
2022-12-23 03:04:42,2,2,3852.5,-258
2022-12-23 03:04:44,1,-1,3852.25,-259
2022-12-23 03:04:49,4,4,3852.75,-255
2022-12-23 03:04:50,5,-3,3852.75,-258
2022-12-23 03:04:51,1,-1,3852.75,-259
2022-12-23 03:04:55,5,-3,3852.75,-262
2022-12-23 03:04:56,2,2,3852.75,-260
2022-12-23 03:05:00,7,1,3852.75,-259
2022-12-23 03:05:01,1,-1,3852.75,-260
2022-12-23 03:05:02,2,2,3852.75,-258
2022-12-23 03:05:04,8,0,3852.75,-258
2022-12-23 03:05:08,4,-4,3852.5,-262
2022-12-23 03:05:09,2,0,3852.25,-262
2022-12-23 03:05:12,11,-13,3852.0,-275
2022-12-23 03:05:13,5,3,3852.0,-272
2022-12-23 03:05:14,3,-1,3852.25,-273
2022-12-23 03:05:15,6,-3,3852.0,-276
2022-12-23 03:05:16,6,-6,3851.75,-282
2022-12-23 03:05:17,2,0,3851.75,-282
2022-12-23 03:05:18,9,2,3851.75,-280
2022-12-23 03:05:19,4,-4,3851.75,-284
2022-12-23 03:05:20,6,0,3852.0,-284
2022-12-23 03:05:21,4,-1,3852.0,-285
2022-12-23 03:05:22,2,-2,3852.0,-287
2022-12-23 03:05:23,6,6,3852.0,-281
2022-12-23 03:05:24,1,-1,3852.0,-282
2022-12-23 03:05:25,1,1,3852.25,-281
2022-12-23 03:05:26,2,2,3852.5,-279
2022-12-23 03:05:27,1,-1,3852.0,-280
2022-12-23 03:05:29,6,-2,3852.25,-282
2022-12-23 03:05:30,9,-3,3852.25,-285
2022-12-23 03:05:33,6,4,3852.25,-281
2022-12-23 03:05:36,10,-10,3852.0,-291
2022-12-23 03:05:38,1,1,3852.0,-290
2022-12-23 03:05:39,14,-5,3851.75,-295
2022-12-23 03:05:40,2,0,3851.5,-295
2022-12-23 03:05:42,11,1,3851.5,-294
2022-12-23 03:05:45,3,1,3851.5,-293
2022-12-23 03:05:49,13,2,3851.75,-291
2022-12-23 03:05:50,3,1,3851.75,-290
2022-12-23 03:05:51,3,2,3851.5,-288
2022-12-23 03:05:53,1,1,3851.75,-287
2022-12-23 03:05:55,20,-22,3851.75,-309
2022-12-23 03:06:00,15,-3,3852.0,-312
2022-12-23 03:06:02,2,0,3852.25,-312
2022-12-23 03:06:04,6,-4,3852.25,-316
2022-12-23 03:06:06,5,-4,3851.75,-320
2022-12-23 03:06:07,10,1,3851.75,-319
2022-12-23 03:06:10,2,-2,3851.75,-321
2022-12-23 03:06:11,2,-2,3851.75,-323
2022-12-23 03:06:12,23,-32,3851.5,-355
2022-12-23 03:06:13,2,-2,3851.0,-357
2022-12-23 03:06:14,1,1,3851.25,-356
2022-12-23 03:06:15,2,-2,3851.0,-358
2022-12-23 03:06:17,8,2,3851.0,-356
2022-12-23 03:06:18,4,2,3851.25,-354
2022-12-23 03:06:21,1,-1,3850.75,-355
2022-12-23 03:06:22,1,-1,3850.75,-356
2022-12-23 03:06:23,4,0,3850.75,-356
2022-12-23 03:06:25,3,1,3850.75,-355
2022-12-23 03:06:26,23,-13,3851.0,-368
2022-12-23 03:06:27,1,1,3850.75,-367
2022-12-23 03:06:28,6,2,3850.5,-365
2022-12-23 03:06:29,3,-3,3850.5,-368
2022-12-23 03:06:30,16,-3,3850.25,-371
2022-12-23 03:06:32,4,-4,3850.0,-375
2022-12-23 03:06:33,9,2,3850.25,-373
2022-12-23 03:06:34,5,-1,3850.25,-374
2022-12-23 03:06:35,2,0,3850.25,-374
2022-12-23 03:06:38,7,4,3850.25,-370
2022-12-23 03:06:39,11,-7,3850.25,-377
2022-12-23 03:06:40,7,3,3850.5,-374
2022-12-23 03:06:42,3,-3,3850.25,-377
2022-12-23 03:06:43,6,-2,3850.25,-379
2022-12-23 03:06:45,1,1,3850.25,-378
2022-12-23 03:06:50,4,4,3850.75,-374
2022-12-23 03:06:51,4,4,3850.75,-370
2022-12-23 03:06:52,13,8,3850.75,-362
2022-12-23 03:06:54,2,-2,3850.5,-364
2022-12-23 03:06:57,1,-1,3850.5,-365
2022-12-23 03:07:00,8,-6,3850.5,-371
2022-12-23 03:07:01,2,-2,3850.25,-373
2022-12-23 03:07:02,3,1,3850.5,-372
2022-12-23 03:07:03,1,-1,3850.25,-373
2022-12-23 03:07:05,12,4,3850.5,-369
2022-12-23 03:07:08,15,-9,3850.25,-378
2022-12-23 03:07:10,16,-14,3850.0,-392
2022-12-23 03:07:12,7,7,3850.0,-385
2022-12-23 03:07:14,3,3,3850.25,-382
2022-12-23 03:07:15,1,-1,3850.25,-383
2022-12-23 03:07:17,6,4,3850.5,-379
2022-12-23 03:07:19,4,-4,3850.25,-383
2022-12-23 03:07:20,1,-1,3850.25,-384
2022-12-23 03:07:21,4,0,3850.5,-384
2022-12-23 03:07:23,1,1,3850.75,-383
2022-12-23 03:07:26,2,0,3850.75,-383
2022-12-23 03:07:29,3,-3,3850.5,-386
2022-12-23 03:07:30,1,1,3850.5,-385
2022-12-23 03:07:31,1,-1,3850.25,-386
2022-12-23 03:07:33,5,-5,3850.0,-391
2022-12-23 03:07:35,8,-6,3849.75,-397
2022-12-23 03:07:36,21,-16,3849.5,-413
2022-12-23 03:07:38,6,-4,3849.75,-417
2022-12-23 03:07:39,22,-17,3849.5,-434
2022-12-23 03:07:40,1,1,3849.25,-433
2022-12-23 03:07:41,6,-6,3849.0,-439
2022-12-23 03:07:42,3,-3,3849.0,-442
2022-12-23 03:07:44,4,2,3849.25,-440
2022-12-23 03:07:45,2,-2,3849.0,-442
2022-12-23 03:07:46,11,-8,3848.75,-450
2022-12-23 03:07:48,10,-10,3848.75,-460
2022-12-23 03:07:50,35,-6,3848.75,-466
2022-12-23 03:07:51,12,8,3849.0,-458
2022-12-23 03:07:52,9,5,3849.0,-453
2022-12-23 03:07:53,3,-3,3848.75,-456
2022-12-23 03:07:54,2,-2,3848.75,-458
2022-12-23 03:07:55,27,-22,3848.75,-480
2022-12-23 03:07:56,5,5,3848.75,-475
2022-12-23 03:07:58,8,8,3849.0,-467
2022-12-23 03:07:59,23,-13,3849.0,-480
2022-12-23 03:08:00,8,8,3849.0,-472
2022-12-23 03:08:02,4,2,3849.0,-470
2022-12-23 03:08:03,2,0,3849.0,-470
2022-12-23 03:08:04,5,3,3849.25,-467
2022-12-23 03:08:05,2,0,3849.0,-467
2022-12-23 03:08:07,2,-2,3848.75,-469
2022-12-23 03:08:08,13,-4,3848.5,-473
2022-12-23 03:08:10,1,-1,3848.5,-474
2022-12-23 03:08:12,5,-5,3848.5,-479
2022-12-23 03:08:13,2,-2,3848.25,-481
2022-12-23 03:08:14,7,3,3848.5,-478
2022-12-23 03:08:16,2,-2,3848.25,-480
2022-12-23 03:08:17,4,2,3848.5,-478
2022-12-23 03:08:18,1,-1,3848.25,-479
2022-12-23 03:08:20,1,1,3848.5,-478
2022-12-23 03:08:21,13,-2,3848.5,-480
2022-12-23 03:08:23,4,-2,3848.25,-482
2022-12-23 03:08:24,1,-1,3848.0,-483
2022-12-23 03:08:25,1,1,3848.25,-482
2022-12-23 03:08:26,1,-1,3848.0,-483
2022-12-23 03:08:27,1,1,3848.25,-482
2022-12-23 03:08:28,7,5,3848.25,-477
2022-12-23 03:08:29,1,1,3848.5,-476
2022-12-23 03:08:30,2,2,3848.5,-474
2022-12-23 03:08:31,64,-29,3848.75,-503
2022-12-23 03:08:32,20,9,3849.25,-494
2022-12-23 03:08:33,5,5,3849.0,-489
2022-12-23 03:08:34,21,-7,3848.75,-496
2022-12-23 03:08:36,11,-11,3848.5,-507
2022-12-23 03:08:37,3,1,3848.5,-506
2022-12-23 03:08:39,36,-17,3848.5,-523
2022-12-23 03:08:40,2,1,3848.5,-522
2022-12-23 03:08:43,15,7,3848.5,-515
2022-12-23 03:08:45,14,-6,3848.5,-521
2022-12-23 03:08:49,1,1,3848.5,-520
2022-12-23 03:08:50,12,-2,3848.5,-522
2022-12-23 03:08:51,1,1,3848.5,-521
2022-12-23 03:08:52,17,3,3848.75,-518
2022-12-23 03:08:54,1,1,3848.5,-517
2022-12-23 03:08:58,8,-6,3848.25,-523
2022-12-23 03:09:00,127,-133,3848.0,-656
2022-12-23 03:09:01,13,-2,3847.75,-658
2022-12-23 03:09:02,4,4,3847.75,-654
2022-12-23 03:09:03,1,-1,3847.75,-655
2022-12-23 03:09:05,23,-31,3847.75,-686
2022-12-23 03:09:07,13,7,3848.0,-679
2022-12-23 03:09:10,8,4,3848.5,-675
2022-12-23 03:09:11,1,1,3848.25,-674
2022-12-23 03:09:12,8,6,3848.5,-668
2022-12-23 03:09:13,8,6,3848.5,-662
2022-12-23 03:09:14,8,5,3848.5,-657
2022-12-23 03:09:15,6,6,3848.75,-651
2022-12-23 03:09:16,5,3,3848.5,-648
2022-12-23 03:09:17,2,-2,3848.5,-650
2022-12-23 03:09:18,1,1,3848.5,-649
2022-12-23 03:09:24,4,4,3848.75,-645
2022-12-23 03:09:25,1,1,3848.75,-644
2022-12-23 03:09:26,1,1,3848.75,-643
2022-12-23 03:09:29,4,-2,3848.5,-645
2022-12-23 03:09:30,8,-5,3848.5,-650
2022-12-23 03:09:37,2,2,3848.5,-648
2022-12-23 03:09:40,2,-2,3848.5,-650
2022-12-23 03:09:42,1,1,3848.75,-649
2022-12-23 03:09:44,8,-4,3848.75,-653
2022-12-23 03:09:45,1,1,3848.75,-652
2022-12-23 03:09:47,2,0,3848.75,-652
2022-12-23 03:09:49,3,3,3848.75,-649
2022-12-23 03:09:50,2,-2,3848.75,-651
2022-12-23 03:09:52,7,-5,3848.5,-656
2022-12-23 03:09:53,11,10,3848.5,-646
2022-12-23 03:09:55,2,2,3848.5,-644
2022-12-23 03:09:58,8,-2,3848.25,-646
2022-12-23 03:09:59,6,-2,3848.25,-648
2022-12-23 03:10:00,3,3,3848.5,-645
2022-12-23 03:10:01,7,3,3848.75,-642
2022-12-23 03:10:02,4,-2,3848.5,-644
2022-12-23 03:10:03,1,1,3848.75,-643
2022-12-23 03:10:07,4,3,3848.75,-640
2022-12-23 03:10:11,19,9,3849.25,-631
2022-12-23 03:10:12,1,-1,3849.0,-632
2022-12-23 03:10:13,2,0,3849.25,-632
2022-12-23 03:10:14,25,-30,3849.25,-662
2022-12-23 03:10:15,3,3,3849.25,-659
2022-12-23 03:10:17,7,-1,3849.5,-660
2022-12-23 03:10:18,31,10,3849.75,-650
2022-12-23 03:10:19,5,2,3850.0,-648
2022-12-23 03:10:20,19,8,3850.0,-640
2022-12-23 03:10:21,2,-2,3849.75,-642
2022-12-23 03:10:22,8,-4,3849.75,-646
2022-12-23 03:10:25,1,1,3849.75,-645
2022-12-23 03:10:26,10,4,3850.0,-641
2022-12-23 03:10:27,2,0,3850.0,-641
2022-12-23 03:10:28,2,-2,3850.0,-643
2022-12-23 03:10:29,16,2,3850.25,-641
2022-12-23 03:10:30,12,9,3850.0,-632
2022-12-23 03:10:31,1,-1,3849.5,-633
2022-12-23 03:10:32,3,3,3849.5,-630
2022-12-23 03:10:33,5,4,3849.5,-626
2022-12-23 03:10:34,12,3,3849.75,-623
2022-12-23 03:10:35,3,3,3849.75,-620
2022-12-23 03:10:36,1,-1,3849.75,-621
2022-12-23 03:10:37,15,13,3850.0,-608
2022-12-23 03:10:38,5,-3,3849.75,-611
2022-12-23 03:10:40,1,1,3849.75,-610
2022-12-23 03:10:42,4,-2,3849.5,-612
2022-12-23 03:10:44,1,1,3849.5,-611
2022-12-23 03:10:46,30,0,3849.25,-611
2022-12-23 03:10:47,6,5,3849.5,-606
2022-12-23 03:10:48,1,-1,3849.5,-607
2022-12-23 03:10:49,1,1,3849.75,-606
2022-12-23 03:10:53,1,-1,3849.5,-607
2022-12-23 03:10:55,4,-3,3849.5,-610
2022-12-23 03:10:56,4,-4,3849.25,-614
2022-12-23 03:10:58,2,-1,3849.25,-615
2022-12-23 03:10:59,2,-1,3849.0,-616
2022-12-23 03:11:00,5,-2,3849.25,-618
2022-12-23 03:11:01,1,1,3849.25,-617
2022-12-23 03:11:02,7,-2,3849.0,-619
2022-12-23 03:11:03,5,3,3849.5,-616
2022-12-23 03:11:07,9,-2,3849.75,-618
2022-12-23 03:11:10,7,-2,3849.75,-620
2022-12-23 03:11:11,1,-1,3849.5,-621
2022-12-23 03:11:13,3,-1,3849.75,-622
2022-12-23 03:11:14,26,6,3849.5,-616
2022-12-23 03:11:15,2,-2,3849.25,-618
2022-12-23 03:11:16,1,-1,3849.25,-619
2022-12-23 03:11:17,6,0,3849.25,-619
2022-12-23 03:11:18,3,-3,3849.25,-622
2022-12-23 03:11:21,2,2,3849.25,-620
2022-12-23 03:11:23,16,13,3849.5,-607
2022-12-23 03:11:24,3,-3,3849.25,-610
2022-12-23 03:11:25,1,1,3849.5,-609
2022-12-23 03:11:26,15,-23,3849.0,-632
2022-12-23 03:11:28,3,1,3848.75,-631
2022-12-23 03:11:30,2,-3,3848.75,-634
2022-12-23 03:11:32,19,-6,3848.75,-640
2022-12-23 03:11:33,13,13,3849.0,-627
2022-12-23 03:11:37,2,0,3848.75,-627
2022-12-23 03:11:39,3,-3,3848.75,-630
2022-12-23 03:11:41,1,1,3848.5,-629
2022-12-23 03:11:42,4,2,3848.75,-627
2022-12-23 03:11:43,8,8,3849.25,-619
2022-12-23 03:11:44,4,2,3849.25,-617
2022-12-23 03:11:45,9,-1,3849.25,-618
2022-12-23 03:11:46,7,-1,3849.5,-619
2022-12-23 03:11:47,8,-4,3849.25,-623
2022-12-23 03:11:48,1,-1,3849.0,-624
2022-12-23 03:11:49,4,4,3849.25,-620
2022-12-23 03:11:50,5,-3,3849.25,-623
2022-12-23 03:11:54,11,10,3849.5,-613
2022-12-23 03:11:57,1,1,3849.5,-612
2022-12-23 03:12:01,3,0,3849.75,-612
2022-12-23 03:12:02,3,-3,3849.5,-615
2022-12-23 03:12:07,1,1,3849.75,-614
2022-12-23 03:12:08,3,-3,3849.75,-617
2022-12-23 03:12:09,22,-12,3849.5,-629
2022-12-23 03:12:11,11,16,3849.5,-613
2022-12-23 03:12:12,1,1,3849.5,-612
2022-12-23 03:12:16,2,-1,3849.5,-613
2022-12-23 03:12:17,1,-1,3849.5,-614
2022-12-23 03:12:20,15,1,3850.0,-613
2022-12-23 03:12:23,9,3,3849.75,-610
2022-12-23 03:12:24,15,7,3850.0,-603
2022-12-23 03:12:27,27,9,3850.25,-594
2022-12-23 03:12:28,6,-2,3850.0,-596
2022-12-23 03:12:30,5,-4,3850.0,-600
2022-12-23 03:12:31,2,0,3850.25,-600
2022-12-23 03:12:32,1,-1,3850.25,-601
2022-12-23 03:12:35,2,-2,3850.25,-603
2022-12-23 03:12:36,2,2,3850.5,-601
2022-12-23 03:12:37,5,-4,3850.25,-605
2022-12-23 03:12:48,1,1,3850.25,-604
2022-12-23 03:12:49,3,3,3850.25,-601
2022-12-23 03:12:50,8,-4,3850.5,-605
2022-12-23 03:12:51,8,5,3850.5,-600
2022-12-23 03:12:52,17,20,3851.0,-580
2022-12-23 03:12:53,12,8,3851.0,-572
2022-12-23 03:12:54,14,2,3851.0,-570
2022-12-23 03:12:56,26,-9,3851.0,-579
2022-12-23 03:12:57,9,2,3850.75,-577
2022-12-23 03:12:58,1,1,3850.75,-576
2022-12-23 03:12:59,2,1,3850.75,-575
2022-12-23 03:13:00,15,0,3851.25,-575
2022-12-23 03:13:02,1,1,3851.25,-574
2022-12-23 03:13:03,3,-3,3851.0,-577
2022-12-23 03:13:04,17,-3,3851.0,-580
2022-12-23 03:13:06,5,2,3851.0,-578
2022-12-23 03:13:09,6,5,3851.25,-573
2022-12-23 03:13:11,5,-3,3851.25,-576
2022-12-23 03:13:12,1,1,3851.0,-575
2022-12-23 03:13:13,32,-30,3850.75,-605
2022-12-23 03:13:16,15,-11,3850.5,-616
2022-12-23 03:13:18,50,5,3850.75,-611
2022-12-23 03:13:19,4,-4,3850.5,-615
2022-12-23 03:13:21,11,-9,3850.25,-624
2022-12-23 03:13:22,1,1,3850.0,-623
2022-12-23 03:13:23,2,-2,3850.0,-625
2022-12-23 03:13:24,3,-1,3850.25,-626
2022-12-23 03:13:27,10,-7,3849.75,-633
2022-12-23 03:13:28,3,1,3850.0,-632
2022-12-23 03:13:36,17,3,3849.75,-629
2022-12-23 03:13:38,2,2,3849.75,-627
2022-12-23 03:13:39,6,-5,3849.5,-632
2022-12-23 03:13:41,1,-1,3849.25,-633
2022-12-23 03:13:42,2,2,3849.5,-631
2022-12-23 03:13:45,14,-7,3849.25,-638
2022-12-23 03:13:47,3,-3,3849.25,-641
2022-12-23 03:13:48,1,1,3849.5,-640
2022-12-23 03:13:49,2,-2,3849.25,-642
2022-12-23 03:13:51,4,3,3849.5,-639
2022-12-23 03:13:53,4,3,3849.75,-636
2022-12-23 03:14:00,1,1,3850.0,-635
2022-12-23 03:14:03,9,7,3850.0,-628
2022-12-23 03:14:04,5,-3,3850.0,-631
2022-12-23 03:14:08,3,-3,3850.0,-634
2022-12-23 03:14:09,5,-2,3849.75,-636
2022-12-23 03:14:12,8,-4,3849.75,-640
2022-12-23 03:14:14,2,-2,3849.5,-642
2022-12-23 03:14:16,5,4,3849.75,-638
2022-12-23 03:14:17,13,6,3850.0,-632
2022-12-23 03:14:18,1,-1,3850.0,-633
2022-12-23 03:14:19,1,-1,3849.75,-634
2022-12-23 03:14:21,2,-1,3849.75,-635
2022-12-23 03:14:22,2,2,3849.75,-633
2022-12-23 03:14:24,1,1,3850.0,-632
2022-12-23 03:14:26,2,-2,3849.75,-634
2022-12-23 03:14:28,41,-34,3849.75,-668
2022-12-23 03:14:31,5,3,3849.75,-665
2022-12-23 03:14:32,8,6,3850.0,-659
2022-12-23 03:14:33,5,-5,3850.0,-664
2022-12-23 03:14:36,2,0,3850.0,-664
2022-12-23 03:14:37,1,-1,3850.0,-665
2022-12-23 03:14:39,2,-2,3850.0,-667
2022-12-23 03:14:40,1,1,3850.25,-666
2022-12-23 03:14:42,3,-3,3850.0,-669
2022-12-23 03:14:44,18,-17,3850.0,-686
2022-12-23 03:14:46,1,-1,3850.0,-687
2022-12-23 03:14:48,2,0,3850.0,-687
2022-12-23 03:14:50,4,-3,3849.75,-690
2022-12-23 03:14:53,1,1,3849.75,-689
2022-12-23 03:14:55,1,1,3849.75,-688
2022-12-23 03:14:56,19,-13,3849.75,-701
2022-12-23 03:15:00,2,0,3850.0,-701
2022-12-23 03:15:04,11,-1,3849.5,-702
2022-12-23 03:15:05,11,-11,3849.25,-713
2022-12-23 03:15:06,1,-1,3849.25,-714
2022-12-23 03:15:07,2,-2,3849.0,-716
2022-12-23 03:15:08,6,-4,3849.25,-720
2022-12-23 03:15:10,1,1,3849.0,-719
2022-12-23 03:15:12,1,1,3849.0,-718
2022-12-23 03:15:13,6,5,3849.0,-713
2022-12-23 03:15:14,3,-3,3849.0,-716
2022-12-23 03:15:15,10,-7,3848.75,-723
2022-12-23 03:15:16,7,-3,3848.75,-726
2022-12-23 03:15:17,51,-3,3848.75,-729
2022-12-23 03:15:19,16,4,3848.75,-725
2022-12-23 03:15:21,8,5,3848.75,-720
2022-12-23 03:15:23,6,2,3848.75,-718
2022-12-23 03:15:24,1,1,3848.75,-717
2022-12-23 03:15:25,17,-11,3848.5,-728
2022-12-23 03:15:28,9,-6,3848.25,-734
2022-12-23 03:15:30,2,2,3848.25,-732
2022-12-23 03:15:35,44,-8,3848.25,-740
2022-12-23 03:15:36,4,4,3848.0,-736
2022-12-23 03:15:37,1,-1,3847.75,-737
2022-12-23 03:15:39,1,-1,3847.75,-738
2022-12-23 03:15:40,3,-1,3848.0,-739
2022-12-23 03:15:41,15,4,3848.25,-735
2022-12-23 03:15:42,1,1,3848.25,-734
2022-12-23 03:15:43,1,1,3848.25,-733
2022-12-23 03:15:44,2,0,3848.25,-733
2022-12-23 03:15:47,2,2,3848.5,-731
2022-12-23 03:15:51,11,10,3848.5,-721
2022-12-23 03:15:52,5,3,3849.0,-718
2022-12-23 03:15:53,3,-3,3848.75,-721
2022-12-23 03:15:54,1,1,3848.75,-720
2022-12-23 03:15:56,7,-6,3848.75,-726
2022-12-23 03:15:57,2,0,3848.75,-726
2022-12-23 03:15:59,3,3,3848.75,-723
2022-12-23 03:16:00,5,4,3849.0,-719
2022-12-23 03:16:02,1,-1,3849.0,-720
2022-12-23 03:16:03,4,-4,3849.0,-724
2022-12-23 03:16:04,7,7,3849.25,-717
2022-12-23 03:16:05,11,-12,3849.0,-729
2022-12-23 03:16:10,10,1,3848.75,-728
2022-12-23 03:16:11,2,2,3848.75,-726
2022-12-23 03:16:12,16,-1,3849.25,-727
2022-12-23 03:16:13,24,1,3849.75,-726
2022-12-23 03:16:17,4,2,3849.5,-724
2022-12-23 03:16:18,10,-3,3849.25,-727
2022-12-23 03:16:23,3,-4,3849.0,-731
2022-12-23 03:16:24,14,10,3849.0,-721
2022-12-23 03:16:31,4,4,3849.25,-717
2022-12-23 03:16:33,20,13,3849.5,-704
2022-12-23 03:16:34,14,-10,3849.5,-714
2022-12-23 03:16:37,25,-4,3849.5,-718
2022-12-23 03:16:41,3,-3,3849.5,-721
2022-12-23 03:16:42,1,1,3849.5,-720
2022-12-23 03:16:43,1,1,3849.5,-719
2022-12-23 03:16:44,3,-3,3849.25,-722
2022-12-23 03:16:45,5,-4,3849.25,-726
2022-12-23 03:16:49,1,-1,3849.25,-727
2022-12-23 03:16:51,2,-2,3849.0,-729
2022-12-23 03:16:55,3,-2,3849.0,-731
2022-12-23 03:16:57,1,-1,3849.0,-732
2022-12-23 03:17:00,2,2,3849.0,-730
2022-12-23 03:17:02,1,1,3849.0,-729
2022-12-23 03:17:03,4,3,3849.25,-726
2022-12-23 03:17:04,2,-2,3849.25,-728
2022-12-23 03:17:05,11,-10,3849.0,-738
2022-12-23 03:17:09,3,-1,3849.25,-739
2022-12-23 03:17:13,4,-3,3849.0,-742
2022-12-23 03:17:14,3,3,3849.0,-739
2022-12-23 03:17:16,4,-4,3848.75,-743
2022-12-23 03:17:17,6,0,3848.75,-743
2022-12-23 03:17:18,6,-5,3848.5,-748
2022-12-23 03:17:21,6,2,3848.0,-746
2022-12-23 03:17:23,4,-4,3847.75,-750
2022-12-23 03:17:26,14,-3,3847.5,-753
2022-12-23 03:17:27,1,1,3847.75,-752
2022-12-23 03:17:28,2,2,3847.5,-750
2022-12-23 03:17:29,1,-1,3847.5,-751
2022-12-23 03:17:30,1,1,3847.75,-750
2022-12-23 03:17:31,5,1,3847.75,-749
2022-12-23 03:17:32,3,1,3847.75,-748
2022-12-23 03:17:33,2,0,3847.75,-748
2022-12-23 03:17:34,2,-2,3847.75,-750
2022-12-23 03:17:35,1,-1,3847.75,-751
2022-12-23 03:17:37,5,5,3847.75,-746
2022-12-23 03:17:39,10,2,3848.0,-744
2022-12-23 03:17:41,1,1,3848.0,-743
2022-12-23 03:17:42,4,-4,3848.0,-747
2022-12-23 03:17:43,1,-1,3848.0,-748
2022-12-23 03:17:45,1,-1,3847.75,-749
2022-12-23 03:17:46,22,-35,3847.75,-784
2022-12-23 03:17:48,4,4,3847.75,-780
2022-12-23 03:17:50,1,-1,3847.5,-781
2022-12-23 03:17:51,1,1,3847.75,-780
2022-12-23 03:17:52,7,4,3847.75,-776
2022-12-23 03:17:55,5,4,3847.75,-772
2022-12-23 03:17:56,5,-1,3847.75,-773
2022-12-23 03:17:57,2,-2,3848.0,-775
2022-12-23 03:17:58,2,-2,3847.75,-777
2022-12-23 03:17:59,1,-1,3847.75,-778
2022-12-23 03:18:00,3,3,3848.0,-775
2022-12-23 03:18:02,6,0,3847.75,-775
2022-12-23 03:18:07,2,2,3848.0,-773
2022-12-23 03:18:13,2,-1,3848.0,-774
2022-12-23 03:18:15,8,4,3848.25,-770
2022-12-23 03:18:16,5,-5,3848.0,-775
2022-12-23 03:18:18,1,1,3848.25,-774
2022-12-23 03:18:19,3,3,3848.25,-771
2022-12-23 03:18:21,29,-7,3848.0,-778
2022-12-23 03:18:22,1,-1,3848.0,-779
2022-12-23 03:18:24,3,1,3848.0,-778
2022-12-23 03:18:25,1,-1,3847.75,-779
2022-12-23 03:18:27,3,-3,3847.75,-782
2022-12-23 03:18:29,11,2,3847.75,-780
2022-12-23 03:18:33,1,-1,3847.75,-781
2022-12-23 03:18:34,9,-8,3847.5,-789
2022-12-23 03:18:35,8,-6,3847.5,-795
2022-12-23 03:18:36,2,-2,3847.5,-797
2022-12-23 03:18:38,2,-2,3847.75,-799
2022-12-23 03:18:39,1,-1,3847.75,-800
2022-12-23 03:18:40,24,-15,3847.25,-815
2022-12-23 03:18:42,1,1,3847.25,-814
2022-12-23 03:18:43,4,3,3847.25,-811
2022-12-23 03:18:45,42,-21,3847.5,-832
2022-12-23 03:18:46,11,-8,3847.25,-840
2022-12-23 03:18:47,3,-1,3847.0,-841
2022-12-23 03:18:49,11,-4,3847.0,-845
2022-12-23 03:18:50,1,-1,3847.0,-846
2022-12-23 03:18:51,1,1,3847.0,-845
2022-12-23 03:18:52,1,1,3847.0,-844
2022-12-23 03:18:53,7,-2,3847.0,-846
2022-12-23 03:18:54,8,-1,3847.25,-847
2022-12-23 03:18:55,5,-5,3847.25,-852
2022-12-23 03:18:56,11,-9,3847.25,-861
2022-12-23 03:18:58,19,-32,3847.0,-893
2022-12-23 03:18:59,9,-5,3846.75,-898
2022-12-23 03:19:00,2,2,3847.0,-896
2022-12-23 03:19:01,2,2,3846.75,-894
2022-12-23 03:19:02,63,-32,3846.5,-926
2022-12-23 03:19:03,76,-69,3846.25,-995
2022-12-23 03:19:04,7,-7,3846.0,-1002
2022-12-23 03:19:05,8,0,3846.25,-1002
2022-12-23 03:19:06,2,-1,3845.75,-1003
2022-12-23 03:19:08,31,5,3846.25,-998
2022-12-23 03:19:09,1,1,3846.25,-997
2022-12-23 03:19:10,1,-1,3846.0,-998
2022-12-23 03:19:11,5,1,3846.25,-997
2022-12-23 03:19:12,13,-13,3846.25,-1010
2022-12-23 03:19:13,5,5,3846.5,-1005
2022-12-23 03:19:14,28,42,3847.0,-963
2022-12-23 03:19:16,1,-1,3846.5,-964
2022-12-23 03:19:17,8,7,3846.75,-957
2022-12-23 03:19:18,2,-2,3846.75,-959
2022-12-23 03:19:19,2,2,3847.0,-957
2022-12-23 03:19:20,5,-1,3846.75,-958
2022-12-23 03:19:21,3,-3,3846.5,-961
2022-12-23 03:19:23,4,3,3846.5,-958
2022-12-23 03:19:25,5,-5,3846.5,-963
2022-12-23 03:19:27,7,3,3846.5,-960
2022-12-23 03:19:30,6,3,3846.75,-957
2022-12-23 03:19:31,11,7,3847.0,-950
2022-12-23 03:19:33,8,6,3847.25,-944
2022-12-23 03:19:34,1,-1,3847.25,-945
2022-12-23 03:19:35,4,2,3847.5,-943
2022-12-23 03:19:36,7,-1,3847.75,-944
2022-12-23 03:19:37,6,-6,3847.25,-950
2022-12-23 03:19:39,1,1,3847.5,-949
2022-12-23 03:19:42,11,11,3847.75,-938
2022-12-23 03:19:43,7,5,3848.0,-933
2022-12-23 03:19:45,1,1,3848.0,-932
2022-12-23 03:19:46,1,1,3848.0,-931
2022-12-23 03:19:47,5,-5,3847.75,-936
2022-12-23 03:19:48,11,6,3847.75,-930
2022-12-23 03:19:51,11,-1,3847.75,-931
2022-12-23 03:19:54,9,8,3848.0,-923
2022-12-23 03:19:57,6,-5,3848.0,-928
2022-12-23 03:19:58,3,0,3848.0,-928
2022-12-23 03:19:59,11,-14,3848.0,-942
2022-12-23 03:20:00,2,2,3848.0,-940
2022-12-23 03:20:03,3,-3,3847.75,-943
2022-12-23 03:20:04,1,1,3847.75,-942
2022-12-23 03:20:06,1,-1,3847.75,-943
2022-12-23 03:20:07,6,-6,3847.75,-949
2022-12-23 03:20:08,1,1,3847.75,-948
2022-12-23 03:20:09,2,2,3847.75,-946
2022-12-23 03:20:10,9,-2,3847.5,-948
2022-12-23 03:20:11,8,-4,3847.5,-952
2022-12-23 03:20:12,2,0,3847.25,-952
2022-12-23 03:20:14,1,1,3847.25,-951
2022-12-23 03:20:15,3,3,3847.25,-948
2022-12-23 03:20:16,1,1,3847.25,-947
2022-12-23 03:20:20,8,6,3847.25,-941
2022-12-23 03:20:23,7,-6,3847.25,-947
2022-12-23 03:20:26,39,11,3848.0,-936
2022-12-23 03:20:27,1,-1,3848.0,-937
2022-12-23 03:20:28,1,-1,3847.75,-938
2022-12-23 03:20:31,17,27,3848.75,-911
2022-12-23 03:20:32,12,12,3849.0,-899
2022-12-23 03:20:33,12,4,3849.25,-895
2022-12-23 03:20:34,11,-8,3848.75,-903
2022-12-23 03:20:35,1,1,3848.75,-902
2022-12-23 03:20:36,6,2,3848.75,-900
2022-12-23 03:20:37,5,-1,3848.75,-901
2022-12-23 03:20:41,2,-2,3848.75,-903
2022-12-23 03:20:42,7,-3,3849.0,-906
2022-12-23 03:20:44,1,-1,3849.25,-907
2022-12-23 03:20:45,4,-4,3849.25,-911
2022-12-23 03:20:47,2,-2,3849.25,-913
2022-12-23 03:20:48,1,-1,3849.0,-914
2022-12-23 03:20:51,4,-4,3849.25,-918
2022-12-23 03:20:55,3,-1,3849.25,-919
2022-12-23 03:20:56,8,-4,3849.25,-923
2022-12-23 03:20:57,2,0,3849.25,-923
2022-12-23 03:21:00,16,9,3849.5,-914
2022-12-23 03:21:01,1,-1,3849.5,-915
2022-12-23 03:21:02,23,5,3849.75,-910
2022-12-23 03:21:04,11,-5,3849.25,-915
2022-12-23 03:21:05,1,-1,3849.0,-916
2022-12-23 03:21:06,1,1,3849.0,-915
2022-12-23 03:21:07,1,1,3849.0,-914
2022-12-23 03:21:08,3,-1,3849.25,-915
2022-12-23 03:21:12,1,-1,3848.75,-916
2022-12-23 03:21:13,3,3,3849.0,-913
2022-12-23 03:21:14,11,-7,3849.0,-920
2022-12-23 03:21:17,4,2,3849.25,-918
2022-12-23 03:21:20,6,-1,3849.5,-919
2022-12-23 03:21:21,1,-1,3849.25,-920
2022-12-23 03:21:23,2,-2,3849.25,-922
2022-12-23 03:21:24,1,1,3849.25,-921
2022-12-23 03:21:27,2,0,3849.25,-921
2022-12-23 03:21:30,3,1,3849.5,-920
2022-12-23 03:21:31,3,1,3849.25,-919
2022-12-23 03:21:33,1,1,3849.5,-918
2022-12-23 03:21:34,2,2,3849.5,-916
2022-12-23 03:21:36,4,0,3849.25,-916
2022-12-23 03:21:37,1,1,3849.25,-915
2022-12-23 03:21:39,1,1,3849.5,-914
2022-12-23 03:21:40,1,-1,3849.5,-915
2022-12-23 03:21:43,2,2,3849.75,-913
2022-12-23 03:21:44,1,-1,3849.5,-914
2022-12-23 03:21:46,1,1,3849.75,-913
2022-12-23 03:21:50,7,-5,3849.75,-918
2022-12-23 03:21:51,3,-3,3849.25,-921
2022-12-23 03:21:52,10,-10,3849.25,-931
2022-12-23 03:21:53,2,2,3849.25,-929
2022-12-23 03:21:56,4,-4,3849.0,-933
2022-12-23 03:21:58,5,1,3849.0,-932
2022-12-23 03:21:59,6,2,3849.25,-930
2022-12-23 03:22:00,2,0,3849.5,-930
2022-12-23 03:22:01,4,2,3849.75,-928
2022-12-23 03:22:02,2,0,3849.5,-928
2022-12-23 03:22:05,4,-4,3849.5,-932
2022-12-23 03:22:06,6,6,3849.5,-926
2022-12-23 03:22:10,26,17,3850.0,-909
2022-12-23 03:22:12,30,27,3850.5,-882
2022-12-23 03:22:15,8,5,3850.5,-877
2022-12-23 03:22:16,6,2,3850.5,-875
2022-12-23 03:22:22,1,-1,3850.25,-876
2022-12-23 03:22:25,3,0,3850.25,-876
2022-12-23 03:22:26,14,-12,3850.0,-888
2022-12-23 03:22:27,1,-1,3849.75,-889
2022-12-23 03:22:28,1,1,3849.75,-888
2022-12-23 03:22:32,4,4,3849.75,-884
2022-12-23 03:22:33,7,-5,3849.5,-889
2022-12-23 03:22:34,16,-11,3849.25,-900
2022-12-23 03:22:35,12,6,3849.0,-894
2022-12-23 03:22:36,1,-1,3849.25,-895
2022-12-23 03:22:37,8,-8,3849.25,-903
2022-12-23 03:22:38,1,-1,3849.25,-904
2022-12-23 03:22:39,1,1,3849.25,-903
2022-12-23 03:22:43,48,40,3849.5,-863
2022-12-23 03:22:45,12,12,3849.5,-851
2022-12-23 03:22:46,1,-1,3849.5,-852
2022-12-23 03:22:47,5,-3,3849.75,-855
2022-12-23 03:22:50,2,2,3849.75,-853
2022-12-23 03:22:54,10,-3,3849.5,-856
2022-12-23 03:22:55,1,1,3849.5,-855
2022-12-23 03:22:57,7,-3,3849.25,-858
2022-12-23 03:23:00,2,2,3849.25,-856
2022-12-23 03:23:02,4,-3,3849.0,-859
2022-12-23 03:23:03,5,-3,3849.0,-862
2022-12-23 03:23:04,11,3,3849.0,-859
2022-12-23 03:23:05,6,-6,3848.75,-865
2022-12-23 03:23:06,3,1,3848.75,-864
2022-12-23 03:23:07,1,1,3848.75,-863
2022-12-23 03:23:09,7,-5,3848.75,-868
2022-12-23 03:23:13,1,1,3848.5,-867
2022-12-23 03:23:16,1,1,3848.75,-866
2022-12-23 03:23:17,7,-3,3848.5,-869
2022-12-23 03:23:18,1,-1,3848.25,-870
2022-12-23 03:23:19,7,5,3848.25,-865
2022-12-23 03:23:20,39,-44,3848.0,-909
2022-12-23 03:23:22,1,1,3847.75,-908
2022-12-23 03:23:25,4,0,3847.75,-908
2022-12-23 03:23:27,1,-1,3847.75,-909
2022-12-23 03:23:28,2,2,3848.0,-907
2022-12-23 03:23:29,4,-4,3847.75,-911
2022-12-23 03:23:31,5,5,3847.5,-906
2022-12-23 03:23:32,1,1,3847.75,-905
2022-12-23 03:23:33,3,3,3847.75,-902
2022-12-23 03:23:34,12,-11,3847.75,-913
2022-12-23 03:23:35,5,-3,3847.0,-916
2022-12-23 03:23:36,8,-2,3846.75,-918
2022-12-23 03:23:38,1,-1,3847.0,-919
2022-12-23 03:23:39,3,1,3847.25,-918
2022-12-23 03:23:40,1,-1,3847.25,-919
2022-12-23 03:23:41,1,1,3847.5,-918
2022-12-23 03:23:43,9,0,3847.5,-918
2022-12-23 03:23:46,2,2,3847.25,-916
2022-12-23 03:23:53,13,-2,3847.0,-918
2022-12-23 03:23:54,9,-1,3847.25,-919
2022-12-23 03:23:58,10,0,3847.0,-919
2022-12-23 03:24:02,5,1,3847.0,-918
2022-12-23 03:24:03,1,-1,3847.0,-919
2022-12-23 03:24:07,1,-1,3847.0,-920
2022-12-23 03:24:09,20,-8,3846.75,-928
2022-12-23 03:24:10,10,0,3846.5,-928
2022-12-23 03:24:11,10,-10,3846.5,-938
2022-12-23 03:24:12,1,-1,3846.0,-939
2022-12-23 03:24:13,15,13,3846.5,-926
2022-12-23 03:24:14,4,2,3846.5,-924
2022-12-23 03:24:15,6,4,3846.5,-920
2022-12-23 03:24:16,3,1,3846.75,-919
2022-12-23 03:24:21,1,1,3847.0,-918
2022-12-23 03:24:22,2,2,3847.0,-916
2022-12-23 03:24:23,3,-3,3846.75,-919
2022-12-23 03:24:25,2,-2,3846.75,-921
2022-12-23 03:24:26,2,2,3846.75,-919
2022-12-23 03:24:28,4,0,3847.0,-919
2022-12-23 03:24:29,2,-2,3846.75,-921
2022-12-23 03:24:34,1,-1,3846.75,-922
2022-12-23 03:24:35,4,0,3847.0,-922
2022-12-23 03:24:37,26,10,3847.25,-912
2022-12-23 03:24:39,3,3,3847.5,-909
2022-12-23 03:24:43,2,2,3847.25,-907
2022-12-23 03:24:44,4,-4,3847.25,-911
2022-12-23 03:24:45,10,4,3847.25,-907
2022-12-23 03:24:47,3,3,3847.25,-904
2022-12-23 03:24:49,11,5,3847.5,-899
2022-12-23 03:24:50,9,7,3847.75,-892
2022-12-23 03:24:51,6,6,3847.75,-886
2022-12-23 03:24:52,1,-1,3847.75,-887
2022-12-23 03:24:53,1,1,3847.75,-886
2022-12-23 03:24:54,6,-3,3847.75,-889
2022-12-23 03:24:55,1,-1,3847.75,-890
2022-12-23 03:24:56,6,-2,3847.5,-892
2022-12-23 03:24:57,9,5,3847.75,-887
2022-12-23 03:25:00,6,2,3848.0,-885
2022-12-23 03:25:02,24,16,3848.5,-869
2022-12-23 03:25:04,1,1,3848.25,-868
2022-12-23 03:25:06,2,1,3848.25,-867
2022-12-23 03:25:07,6,3,3848.5,-864
2022-12-23 03:25:09,19,24,3849.0,-840
2022-12-23 03:25:11,1,-1,3848.5,-841
2022-12-23 03:25:12,1,1,3848.75,-840
2022-12-23 03:25:14,4,-4,3848.75,-844
2022-12-23 03:25:15,18,-8,3848.5,-852
2022-12-23 03:25:18,10,7,3848.5,-845
2022-12-23 03:25:20,4,-2,3848.5,-847
2022-12-23 03:25:21,3,3,3848.5,-844
2022-12-23 03:25:25,28,-16,3848.75,-860
2022-12-23 03:25:27,6,3,3848.75,-857
2022-12-23 03:25:28,6,-2,3848.75,-859
2022-12-23 03:25:29,2,-2,3848.75,-861
2022-12-23 03:25:30,5,-4,3848.5,-865
2022-12-23 03:25:32,4,-4,3848.5,-869
2022-12-23 03:25:34,1,-1,3848.25,-870
2022-12-23 03:25:35,8,7,3848.75,-863
2022-12-23 03:25:41,31,24,3849.0,-839
2022-12-23 03:25:43,6,3,3849.0,-836
2022-12-23 03:25:44,12,-7,3849.0,-843
2022-12-23 03:25:45,5,-3,3848.75,-846
2022-12-23 03:25:47,2,2,3849.0,-844
2022-12-23 03:25:49,2,2,3849.25,-842
2022-12-23 03:25:50,14,5,3849.25,-837
2022-12-23 03:25:51,4,0,3849.25,-837
2022-12-23 03:25:52,1,-1,3849.0,-838
2022-12-23 03:25:53,4,-2,3849.0,-840
2022-12-23 03:25:54,5,5,3848.75,-835
2022-12-23 03:25:55,7,-5,3849.0,-840
2022-12-23 03:25:57,3,-3,3849.0,-843
2022-12-23 03:25:58,8,6,3849.0,-837
2022-12-23 03:25:59,2,2,3849.25,-835
2022-12-23 03:26:00,1,1,3849.25,-834
2022-12-23 03:26:01,3,-3,3849.0,-837
2022-12-23 03:26:02,1,1,3849.25,-836
2022-12-23 03:26:04,4,-4,3849.0,-840
2022-12-23 03:26:07,1,1,3849.0,-839
2022-12-23 03:26:08,15,5,3848.75,-834
2022-12-23 03:26:10,5,5,3849.25,-829
2022-12-23 03:26:11,25,7,3849.5,-822
2022-12-23 03:26:12,3,3,3849.5,-819
2022-12-23 03:26:16,12,-5,3849.75,-824
2022-12-23 03:26:17,4,-4,3849.5,-828
2022-12-23 03:26:18,3,3,3849.5,-825
2022-12-23 03:26:20,2,2,3849.5,-823
2022-12-23 03:26:21,10,0,3849.75,-823
2022-12-23 03:26:28,1,-1,3849.5,-824
2022-12-23 03:26:30,5,-2,3849.75,-826
2022-12-23 03:26:31,1,1,3850.0,-825
2022-12-23 03:26:33,2,-2,3849.75,-827
2022-12-23 03:26:34,2,2,3849.75,-825
2022-12-23 03:26:35,4,-2,3849.5,-827
2022-12-23 03:26:36,9,0,3849.75,-827
2022-12-23 03:26:37,2,0,3849.75,-827
2022-12-23 03:26:43,13,11,3850.0,-816
2022-12-23 03:26:45,6,-4,3849.75,-820
2022-12-23 03:26:46,11,-15,3850.0,-835
2022-12-23 03:26:47,3,-1,3849.75,-836
2022-12-23 03:26:48,13,5,3849.75,-831
2022-12-23 03:26:49,4,4,3849.75,-827
2022-12-23 03:26:51,1,1,3849.75,-826
2022-12-23 03:26:52,14,-13,3849.75,-839
2022-12-23 03:26:54,11,11,3850.0,-828
2022-12-23 03:26:56,6,-1,3849.75,-829
2022-12-23 03:26:57,1,1,3849.75,-828
2022-12-23 03:26:59,2,-2,3849.5,-830
2022-12-23 03:27:00,3,3,3849.75,-827
2022-12-23 03:27:01,1,1,3849.75,-826
2022-12-23 03:27:02,2,2,3850.0,-824
2022-12-23 03:27:03,3,3,3850.0,-821
2022-12-23 03:27:07,7,5,3849.75,-816
2022-12-23 03:27:09,3,-3,3849.75,-819
2022-12-23 03:27:11,1,1,3850.0,-818
2022-12-23 03:27:12,1,1,3850.0,-817
2022-12-23 03:27:13,22,19,3850.5,-798
2022-12-23 03:27:14,3,-1,3850.5,-799
2022-12-23 03:27:15,5,-3,3850.25,-802
2022-12-23 03:27:16,2,1,3850.25,-801
2022-12-23 03:27:17,3,-3,3850.25,-804
2022-12-23 03:27:18,9,-3,3850.0,-807
2022-12-23 03:27:19,3,-3,3850.0,-810
2022-12-23 03:27:20,3,2,3850.0,-808
2022-12-23 03:27:21,17,-9,3850.25,-817
2022-12-23 03:27:22,4,-1,3850.25,-818
2022-12-23 03:27:25,3,-3,3850.0,-821
2022-12-23 03:27:26,1,-1,3850.0,-822
2022-12-23 03:27:28,1,1,3850.0,-821
2022-12-23 03:27:31,7,1,3850.25,-820
2022-12-23 03:27:34,1,-1,3849.75,-821
2022-12-23 03:27:36,2,-2,3849.5,-823
2022-12-23 03:27:37,13,-1,3849.5,-824
2022-12-23 03:27:38,7,3,3849.5,-821
2022-12-23 03:27:40,6,5,3850.0,-816
2022-12-23 03:27:41,3,-1,3850.0,-817
2022-12-23 03:27:45,6,-4,3849.75,-821
2022-12-23 03:27:46,1,1,3850.0,-820
2022-12-23 03:27:47,17,-15,3849.5,-835
2022-12-23 03:27:48,11,0,3850.0,-835
2022-12-23 03:27:49,5,-1,3849.75,-836
2022-12-23 03:27:50,2,-2,3849.75,-838
2022-12-23 03:27:54,3,-2,3849.75,-840
2022-12-23 03:27:55,2,2,3849.75,-838
2022-12-23 03:27:56,11,-9,3849.5,-847
2022-12-23 03:27:57,5,4,3849.75,-843
2022-12-23 03:28:01,5,4,3849.75,-839
2022-12-23 03:28:02,2,-2,3849.5,-841
2022-12-23 03:28:04,1,1,3850.0,-840
2022-12-23 03:28:05,7,1,3850.0,-839
2022-12-23 03:28:06,2,0,3850.0,-839
2022-12-23 03:28:07,2,0,3849.75,-839
2022-12-23 03:28:08,2,0,3849.75,-839
2022-12-23 03:28:11,3,-3,3849.75,-842
2022-12-23 03:28:13,9,7,3850.0,-835
2022-12-23 03:28:15,2,2,3850.25,-833
2022-12-23 03:28:16,2,0,3850.25,-833
2022-12-23 03:28:17,2,2,3850.25,-831
2022-12-23 03:28:19,5,-4,3850.0,-835
2022-12-23 03:28:22,2,-2,3849.75,-837
2022-12-23 03:28:26,2,2,3850.0,-835
2022-12-23 03:28:27,6,-4,3849.75,-839
2022-12-23 03:28:28,3,1,3850.0,-838
2022-12-23 03:28:31,4,3,3850.0,-835
2022-12-23 03:28:32,1,-1,3850.0,-836
2022-12-23 03:28:33,1,1,3850.25,-835
2022-12-23 03:28:35,12,4,3850.5,-831
2022-12-23 03:28:36,15,12,3851.0,-819
2022-12-23 03:28:37,40,29,3851.25,-790
2022-12-23 03:28:38,12,3,3851.0,-787
2022-12-23 03:28:39,1,1,3851.0,-786
2022-12-23 03:28:41,3,3,3851.25,-783
2022-12-23 03:28:42,9,0,3851.5,-783
2022-12-23 03:28:43,2,2,3851.5,-781
2022-12-23 03:28:44,4,4,3851.5,-777
2022-12-23 03:28:45,1,1,3851.5,-776
2022-12-23 03:28:46,8,8,3851.75,-768
2022-12-23 03:28:47,10,10,3851.75,-758
2022-12-23 03:28:49,14,-4,3851.5,-762
2022-12-23 03:28:51,1,1,3851.5,-761
2022-12-23 03:28:52,3,-3,3851.25,-764
2022-12-23 03:28:53,1,1,3851.5,-763
2022-12-23 03:28:56,5,5,3851.5,-758
2022-12-23 03:28:57,4,3,3851.5,-755
2022-12-23 03:28:59,1,-1,3851.25,-756
2022-12-23 03:29:00,15,-15,3851.25,-771
2022-12-23 03:29:02,15,-5,3851.0,-776
2022-12-23 03:29:03,1,1,3850.75,-775
2022-12-23 03:29:05,14,-3,3850.5,-778
2022-12-23 03:29:08,1,-1,3850.25,-779
2022-12-23 03:29:09,2,2,3850.5,-777
2022-12-23 03:29:10,5,-2,3850.25,-779
2022-12-23 03:29:11,31,-19,3850.5,-798
2022-12-23 03:29:13,8,-7,3849.75,-805
2022-12-23 03:29:14,3,1,3850.0,-804
2022-12-23 03:29:16,1,-1,3850.0,-805
2022-12-23 03:29:19,2,2,3850.25,-803
2022-12-23 03:29:20,1,-1,3850.25,-804
2022-12-23 03:29:21,1,1,3850.5,-803
2022-12-23 03:29:22,13,6,3850.5,-797
2022-12-23 03:29:24,1,-1,3850.25,-798
2022-12-23 03:29:25,1,1,3850.25,-797
2022-12-23 03:29:28,5,1,3850.5,-796
2022-12-23 03:29:31,1,1,3850.75,-795
2022-12-23 03:29:32,1,1,3850.75,-794
2022-12-23 03:29:35,1,1,3850.75,-793
2022-12-23 03:29:36,4,-2,3850.5,-795
2022-12-23 03:29:37,4,4,3850.5,-791
2022-12-23 03:29:40,6,2,3850.75,-789
2022-12-23 03:29:42,12,10,3851.0,-779
2022-12-23 03:29:43,3,3,3851.0,-776
2022-12-23 03:29:45,1,-1,3850.75,-777
2022-12-23 03:29:46,5,-8,3850.75,-785
2022-12-23 03:29:47,3,-3,3850.5,-788
2022-12-23 03:29:48,6,-6,3850.5,-794
2022-12-23 03:29:49,8,-8,3850.25,-802
2022-12-23 03:29:50,10,-3,3850.5,-805
2022-12-23 03:29:52,2,-1,3850.0,-806
2022-12-23 03:30:00,6,0,3850.25,-806
2022-12-23 03:30:02,1,1,3850.0,-805
2022-12-23 03:30:04,11,-6,3850.0,-811
2022-12-23 03:30:10,4,-4,3849.75,-815
2022-12-23 03:30:11,14,-8,3849.5,-823
2022-12-23 03:30:12,5,1,3849.25,-822
2022-12-23 03:30:13,1,-1,3849.25,-823
2022-12-23 03:30:14,21,-12,3849.0,-835
2022-12-23 03:30:15,5,1,3849.0,-834
2022-12-23 03:30:16,1,-1,3848.75,-835
2022-12-23 03:30:17,5,1,3848.75,-834
2022-12-23 03:30:18,3,-1,3848.5,-835
2022-12-23 03:30:19,15,2,3848.5,-833
2022-12-23 03:30:20,7,-8,3848.25,-841
2022-12-23 03:30:21,5,3,3848.5,-838
2022-12-23 03:30:22,9,5,3848.25,-833
2022-12-23 03:30:23,5,-1,3848.25,-834
2022-12-23 03:30:24,1,-1,3848.25,-835
2022-12-23 03:30:26,1,1,3848.25,-834
2022-12-23 03:30:27,3,3,3848.5,-831
2022-12-23 03:30:29,1,1,3848.75,-830
2022-12-23 03:30:33,4,-4,3848.75,-834
2022-12-23 03:30:34,2,2,3848.75,-832
2022-12-23 03:30:36,2,-2,3848.5,-834
2022-12-23 03:30:42,3,1,3848.5,-833
2022-12-23 03:30:43,1,-1,3848.75,-834
2022-12-23 03:30:46,3,-3,3848.5,-837
2022-12-23 03:30:48,4,-4,3848.25,-841
2022-12-23 03:30:49,1,1,3848.25,-840
2022-12-23 03:30:50,15,8,3848.5,-832
2022-12-23 03:30:51,1,1,3848.5,-831
2022-12-23 03:30:53,1,1,3849.0,-830
2022-12-23 03:30:55,5,-5,3848.5,-835
2022-12-23 03:30:57,3,3,3848.5,-832
2022-12-23 03:30:58,48,-26,3848.5,-858
2022-12-23 03:30:59,2,2,3848.5,-856
2022-12-23 03:31:00,6,4,3848.75,-852
2022-12-23 03:31:01,3,-3,3848.5,-855
2022-12-23 03:31:02,4,0,3848.5,-855
2022-12-23 03:31:05,5,-3,3848.75,-858
2022-12-23 03:31:07,5,-5,3848.75,-863
2022-12-23 03:31:08,10,-9,3848.5,-872
2022-12-23 03:31:12,3,-3,3848.5,-875
2022-12-23 03:31:15,11,-5,3848.5,-880
2022-12-23 03:31:17,5,-3,3848.25,-883
2022-12-23 03:31:20,6,-2,3848.25,-885
2022-12-23 03:31:21,12,12,3848.25,-873
2022-12-23 03:31:23,19,-11,3848.0,-884
2022-12-23 03:31:27,9,8,3848.25,-876
2022-12-23 03:31:30,3,-3,3848.25,-879
2022-12-23 03:31:35,1,-1,3848.25,-880
2022-12-23 03:31:37,4,4,3848.5,-876
2022-12-23 03:31:38,14,-6,3848.75,-882
2022-12-23 03:31:39,20,7,3849.0,-875
2022-12-23 03:31:41,8,0,3849.0,-875
2022-12-23 03:31:43,1,1,3849.0,-874
2022-12-23 03:31:45,23,4,3849.25,-870
2022-12-23 03:31:46,3,-3,3849.25,-873
2022-12-23 03:31:49,2,2,3849.25,-871
2022-12-23 03:31:50,2,-2,3849.25,-873
2022-12-23 03:31:55,6,-4,3849.0,-877
2022-12-23 03:31:56,2,0,3849.25,-877
2022-12-23 03:32:00,20,-16,3849.0,-893
2022-12-23 03:32:02,5,3,3848.75,-890
2022-12-23 03:32:04,1,-1,3848.5,-891
2022-12-23 03:32:06,19,-12,3848.25,-903
2022-12-23 03:32:10,16,-8,3847.5,-911
2022-12-23 03:32:12,13,9,3847.5,-902
2022-12-23 03:32:13,1,1,3847.5,-901
2022-12-23 03:32:14,6,-5,3847.5,-906
2022-12-23 03:32:15,14,10,3847.5,-896
2022-12-23 03:32:17,1,-1,3847.5,-897
2022-12-23 03:32:19,7,1,3847.5,-896
2022-12-23 03:32:20,1,-1,3847.5,-897
2022-12-23 03:32:21,2,2,3847.75,-895
2022-12-23 03:32:23,11,-5,3847.5,-900
2022-12-23 03:32:24,1,1,3847.75,-899
2022-12-23 03:32:25,4,2,3847.75,-897
2022-12-23 03:32:32,1,1,3848.0,-896
2022-12-23 03:32:33,2,-2,3847.75,-898
2022-12-23 03:32:34,7,-7,3847.5,-905
2022-12-23 03:32:35,1,-1,3847.25,-906
2022-12-23 03:32:36,1,-1,3847.25,-907
2022-12-23 03:32:37,1,1,3847.5,-906
2022-12-23 03:32:38,2,2,3847.5,-904
2022-12-23 03:32:39,1,1,3847.5,-903
2022-12-23 03:32:41,1,-1,3847.25,-904
2022-12-23 03:32:42,2,2,3847.5,-902
2022-12-23 03:32:43,4,2,3847.5,-900
2022-12-23 03:32:44,3,3,3847.75,-897
2022-12-23 03:32:49,4,2,3847.75,-895
2022-12-23 03:32:50,9,-4,3847.75,-899
2022-12-23 03:32:51,9,-5,3847.5,-904
2022-12-23 03:32:52,28,-21,3847.0,-925
2022-12-23 03:32:54,6,1,3846.75,-924
2022-12-23 03:32:55,14,7,3847.0,-917
2022-12-23 03:32:56,1,-1,3846.75,-918
2022-12-23 03:32:57,5,-3,3847.0,-921
2022-12-23 03:32:58,7,-3,3846.5,-924
2022-12-23 03:32:59,4,2,3846.75,-922
2022-12-23 03:33:00,4,-4,3846.5,-926
2022-12-23 03:33:03,1,-1,3846.5,-927
2022-12-23 03:33:05,67,-51,3846.75,-978
2022-12-23 03:33:06,5,-5,3846.5,-983
2022-12-23 03:33:10,1,-1,3846.5,-984
2022-12-23 03:33:12,11,3,3846.75,-981
2022-12-23 03:33:15,16,8,3847.5,-973
2022-12-23 03:33:16,2,0,3847.25,-973
2022-12-23 03:33:18,9,-1,3847.25,-974
2022-12-23 03:33:20,5,3,3847.5,-971
2022-12-23 03:33:26,10,3,3847.5,-968
2022-12-23 03:33:28,6,4,3847.5,-964
2022-12-23 03:33:30,1,1,3847.75,-963
2022-12-23 03:33:31,1,1,3847.75,-962
2022-12-23 03:33:33,6,-2,3848.0,-964
2022-12-23 03:33:34,15,6,3848.25,-958
2022-12-23 03:33:35,1,1,3848.25,-957
2022-12-23 03:33:36,1,1,3848.25,-956
2022-12-23 03:33:39,11,1,3848.0,-955
2022-12-23 03:33:41,12,-6,3847.75,-961
2022-12-23 03:33:42,3,3,3847.75,-958
2022-12-23 03:33:43,1,-1,3847.5,-959
2022-12-23 03:33:45,6,-2,3847.5,-961
2022-12-23 03:33:46,1,-1,3847.5,-962
2022-12-23 03:33:47,47,19,3848.0,-943
2022-12-23 03:33:48,5,-5,3847.75,-948
2022-12-23 03:33:49,1,-1,3847.5,-949
2022-12-23 03:33:50,1,1,3847.75,-948
2022-12-23 03:33:51,2,0,3848.0,-948
2022-12-23 03:33:52,30,-9,3848.0,-957
2022-12-23 03:33:54,1,1,3847.5,-956
2022-12-23 03:33:55,6,6,3847.75,-950
2022-12-23 03:33:56,1,1,3848.0,-949
2022-12-23 03:33:57,2,2,3848.0,-947
2022-12-23 03:33:58,4,2,3848.25,-945
2022-12-23 03:33:59,2,2,3848.25,-943
2022-12-23 03:34:00,19,6,3848.5,-937
2022-12-23 03:34:02,3,1,3848.5,-936
2022-12-23 03:34:04,2,0,3848.25,-936
2022-12-23 03:34:10,2,-2,3848.25,-938
2022-12-23 03:34:12,6,4,3848.5,-934
2022-12-23 03:34:14,2,-2,3848.25,-936
2022-12-23 03:34:15,1,1,3848.25,-935
2022-12-23 03:34:18,4,-4,3848.0,-939
2022-12-23 03:34:24,4,2,3848.0,-937
2022-12-23 03:34:25,6,-6,3847.75,-943
2022-12-23 03:34:29,3,-3,3847.5,-946
2022-12-23 03:34:31,10,-6,3847.5,-952
2022-12-23 03:34:32,1,1,3847.75,-951
2022-12-23 03:34:35,1,1,3848.0,-950
2022-12-23 03:34:40,3,-3,3847.75,-953
2022-12-23 03:34:41,11,-10,3847.5,-963
2022-12-23 03:34:43,8,0,3847.25,-963
2022-12-23 03:34:45,1,1,3847.25,-962
2022-12-23 03:34:48,8,5,3847.5,-957
2022-12-23 03:34:51,2,0,3847.5,-957
2022-12-23 03:34:52,1,1,3847.25,-956
2022-12-23 03:34:54,1,1,3847.25,-955
2022-12-23 03:34:56,1,-1,3847.5,-956
2022-12-23 03:34:59,2,-2,3847.25,-958
2022-12-23 03:35:00,2,2,3847.5,-956
2022-12-23 03:35:01,1,1,3847.5,-955
2022-12-23 03:35:09,6,-2,3847.5,-957
2022-12-23 03:35:10,4,-2,3847.5,-959
2022-12-23 03:35:11,1,1,3847.5,-958
2022-12-23 03:35:16,7,-3,3847.5,-961
2022-12-23 03:35:17,3,-3,3847.5,-964
2022-12-23 03:35:18,1,-1,3847.5,-965
2022-12-23 03:35:19,13,-7,3847.5,-972
2022-12-23 03:35:22,6,-6,3847.0,-978
2022-12-23 03:35:24,3,2,3847.25,-976
2022-12-23 03:35:25,17,0,3847.75,-976
2022-12-23 03:35:26,8,9,3848.5,-967
2022-12-23 03:35:27,6,4,3848.5,-963
2022-12-23 03:35:28,5,1,3848.75,-962
2022-12-23 03:35:29,7,1,3848.75,-961
2022-12-23 03:35:30,2,-2,3848.5,-963
2022-12-23 03:35:31,1,1,3848.75,-962
2022-12-23 03:35:32,3,-3,3848.5,-965
2022-12-23 03:35:35,1,-1,3848.5,-966
2022-12-23 03:35:36,1,-1,3848.5,-967
2022-12-23 03:35:39,1,-1,3848.5,-968
2022-12-23 03:35:44,35,10,3848.5,-958
2022-12-23 03:35:45,2,-2,3848.5,-960
2022-12-23 03:35:46,1,1,3848.5,-959
2022-12-23 03:35:47,1,1,3848.5,-958
2022-12-23 03:35:51,3,-3,3848.25,-961
2022-12-23 03:35:52,2,-2,3848.25,-963
2022-12-23 03:35:57,10,-6,3848.25,-969
2022-12-23 03:35:58,1,1,3848.25,-968
2022-12-23 03:36:00,1,-1,3848.25,-969
2022-12-23 03:36:02,6,4,3848.25,-965
2022-12-23 03:36:05,4,4,3848.25,-961
2022-12-23 03:36:06,4,4,3848.5,-957
2022-12-23 03:36:09,2,-2,3848.5,-959
2022-12-23 03:36:10,2,-2,3848.5,-961
2022-12-23 03:36:11,1,1,3848.5,-960
2022-12-23 03:36:12,3,-1,3848.5,-961
2022-12-23 03:36:13,1,1,3848.75,-960
2022-12-23 03:36:15,7,11,3849.0,-949
2022-12-23 03:36:16,1,1,3849.0,-948
2022-12-23 03:36:17,7,5,3849.0,-943
2022-12-23 03:36:18,1,-1,3849.0,-944
2022-12-23 03:36:23,6,-2,3848.75,-946
2022-12-23 03:36:24,3,3,3848.75,-943
2022-12-23 03:36:27,1,-1,3848.5,-944
2022-12-23 03:36:30,2,-2,3848.5,-946
2022-12-23 03:36:31,5,-1,3848.25,-947
2022-12-23 03:36:33,1,-1,3848.5,-948
2022-12-23 03:36:35,3,3,3848.75,-945
2022-12-23 03:36:37,16,21,3849.25,-924
2022-12-23 03:36:38,3,3,3849.25,-921
2022-12-23 03:36:39,20,6,3849.75,-915
2022-12-23 03:36:40,5,-5,3849.5,-920
2022-12-23 03:36:43,3,3,3849.75,-917
2022-12-23 03:36:45,1,-1,3849.5,-918
2022-12-23 03:36:47,16,4,3849.75,-914
2022-12-23 03:36:50,2,2,3849.5,-912
2022-12-23 03:36:52,1,1,3849.75,-911
2022-12-23 03:36:53,1,-1,3849.75,-912
2022-12-23 03:36:54,1,1,3850.0,-911
2022-12-23 03:36:56,5,-3,3849.75,-914
2022-12-23 03:36:57,20,-11,3849.5,-925
2022-12-23 03:37:00,4,2,3849.5,-923
2022-12-23 03:37:01,1,-1,3849.5,-924
2022-12-23 03:37:03,3,3,3849.75,-921
2022-12-23 03:37:07,4,-4,3849.75,-925
2022-12-23 03:37:08,3,-1,3849.75,-926
2022-12-23 03:37:12,3,1,3849.75,-925
2022-12-23 03:37:13,2,0,3849.75,-925
2022-12-23 03:37:14,1,1,3850.0,-924
2022-12-23 03:37:15,2,-2,3849.5,-926
2022-12-23 03:37:17,8,-6,3849.5,-932
2022-12-23 03:37:18,8,-8,3849.25,-940
2022-12-23 03:37:19,2,2,3849.5,-938
2022-12-23 03:37:20,17,-7,3849.5,-945
2022-12-23 03:37:22,25,20,3850.25,-925
2022-12-23 03:37:24,2,2,3850.25,-923
2022-12-23 03:37:29,1,1,3850.25,-922
2022-12-23 03:37:30,4,-4,3850.25,-926
2022-12-23 03:37:31,8,-3,3850.0,-929
2022-12-23 03:37:33,1,1,3850.25,-928
2022-12-23 03:37:34,4,-4,3850.25,-932
2022-12-23 03:37:37,2,2,3850.25,-930
2022-12-23 03:37:39,5,-3,3850.0,-933
2022-12-23 03:37:40,1,1,3850.0,-932
2022-12-23 03:37:41,7,-5,3849.75,-937
2022-12-23 03:37:42,1,1,3849.75,-936
2022-12-23 03:37:43,4,-4,3849.5,-940
2022-12-23 03:37:44,3,-1,3849.5,-941
2022-12-23 03:37:45,1,1,3849.5,-940
2022-12-23 03:37:49,2,2,3849.75,-938
2022-12-23 03:37:50,2,-2,3849.5,-940
2022-12-23 03:37:53,3,3,3849.75,-937
2022-12-23 03:37:57,4,-4,3849.75,-941
2022-12-23 03:37:58,14,-8,3849.75,-949
2022-12-23 03:38:00,1,-1,3849.75,-950
2022-12-23 03:38:01,1,1,3850.0,-949
2022-12-23 03:38:02,8,-1,3850.0,-950
2022-12-23 03:38:05,14,5,3850.0,-945
2022-12-23 03:38:06,1,1,3850.25,-944
2022-12-23 03:38:10,1,1,3850.25,-943
2022-12-23 03:38:11,2,-1,3850.0,-944
2022-12-23 03:38:16,11,10,3850.25,-934
2022-12-23 03:38:22,2,-2,3850.25,-936
2022-12-23 03:38:23,1,-1,3850.25,-937
2022-12-23 03:38:25,16,-6,3850.5,-943
2022-12-23 03:38:26,6,4,3850.5,-939
2022-12-23 03:38:27,6,-2,3850.5,-941
2022-12-23 03:38:28,2,-1,3850.25,-942
2022-12-23 03:38:30,2,2,3850.25,-940
2022-12-23 03:38:31,2,2,3850.5,-938
2022-12-23 03:38:33,1,1,3850.5,-937
2022-12-23 03:38:34,3,1,3850.5,-936
2022-12-23 03:38:37,2,-2,3850.25,-938
2022-12-23 03:38:40,3,0,3850.25,-938
2022-12-23 03:38:45,9,-2,3850.25,-940
2022-12-23 03:38:47,1,-1,3850.25,-941
2022-12-23 03:38:48,5,0,3850.25,-941
2022-12-23 03:38:51,2,2,3850.5,-939
2022-12-23 03:38:52,1,1,3850.5,-938
2022-12-23 03:38:55,5,5,3850.5,-933
2022-12-23 03:38:59,10,-8,3850.25,-941
2022-12-23 03:39:00,4,4,3850.25,-937
2022-12-23 03:39:02,1,1,3850.25,-936
2022-12-23 03:39:03,4,4,3850.25,-932
2022-12-23 03:39:05,2,-1,3850.0,-933
2022-12-23 03:39:06,7,5,3850.5,-928
2022-12-23 03:39:07,7,4,3851.0,-924
2022-12-23 03:39:08,11,1,3851.0,-923
2022-12-23 03:39:09,2,2,3851.0,-921
2022-12-23 03:39:11,15,-4,3851.0,-925
2022-12-23 03:39:14,29,16,3851.25,-909
2022-12-23 03:39:15,1,-1,3850.75,-910
2022-12-23 03:39:17,2,0,3851.0,-910
2022-12-23 03:39:18,2,0,3851.25,-910
2022-12-23 03:39:19,12,0,3851.0,-910
2022-12-23 03:39:21,1,1,3851.0,-909
2022-12-23 03:39:24,7,-5,3851.0,-914
2022-12-23 03:39:25,3,-1,3851.0,-915
2022-12-23 03:39:26,1,-1,3851.0,-916
2022-12-23 03:39:29,10,5,3851.25,-911
2022-12-23 03:39:30,7,-1,3851.5,-912
2022-12-23 03:39:31,12,-1,3851.5,-913
2022-12-23 03:39:32,1,1,3851.75,-912
2022-12-23 03:39:33,1,1,3851.5,-911
2022-12-23 03:39:34,2,2,3851.5,-909
2022-12-23 03:39:35,2,2,3851.5,-907
2022-12-23 03:39:36,5,-4,3851.25,-911
2022-12-23 03:39:38,2,0,3851.25,-911
2022-12-23 03:39:39,1,-1,3851.25,-912
2022-12-23 03:39:40,2,2,3851.25,-910
2022-12-23 03:39:41,1,-1,3851.25,-911
2022-12-23 03:39:42,5,5,3851.25,-906
2022-12-23 03:39:43,1,-1,3851.25,-907
2022-12-23 03:39:45,1,-1,3851.25,-908
2022-12-23 03:39:47,1,-1,3851.25,-909
2022-12-23 03:39:48,8,-4,3851.25,-913
2022-12-23 03:39:50,1,-1,3851.0,-914
2022-12-23 03:39:51,1,1,3851.25,-913
2022-12-23 03:39:55,13,1,3851.0,-912
2022-12-23 03:39:56,2,0,3851.0,-912
2022-12-23 03:40:01,17,-13,3851.0,-925
2022-12-23 03:40:02,22,-4,3850.75,-929
2022-12-23 03:40:03,2,-2,3850.75,-931
2022-12-23 03:40:05,1,1,3851.0,-930
2022-12-23 03:40:07,17,-5,3850.75,-935
2022-12-23 03:40:15,5,5,3850.75,-930
2022-12-23 03:40:16,1,1,3850.75,-929
2022-12-23 03:40:19,2,2,3850.75,-927
2022-12-23 03:40:24,17,14,3850.75,-913
2022-12-23 03:40:26,23,-8,3850.5,-921
2022-12-23 03:40:27,6,4,3850.5,-917
2022-12-23 03:40:28,1,1,3850.5,-916
2022-12-23 03:40:31,11,1,3850.5,-915
2022-12-23 03:40:34,5,-1,3850.5,-916
2022-12-23 03:40:38,1,-1,3850.5,-917
2022-12-23 03:40:39,1,-1,3850.25,-918
2022-12-23 03:40:43,2,-2,3850.25,-920
2022-12-23 03:40:44,5,-2,3850.25,-922
2022-12-23 03:40:45,5,5,3850.75,-917
2022-12-23 03:40:48,2,-2,3850.5,-919
2022-12-23 03:40:49,1,-1,3850.5,-920
2022-12-23 03:40:50,4,-4,3850.5,-924
2022-12-23 03:40:51,2,0,3850.5,-924
2022-12-23 03:40:54,1,1,3850.5,-923
2022-12-23 03:40:56,1,1,3850.5,-922
2022-12-23 03:41:02,6,0,3850.5,-922
2022-12-23 03:41:11,2,0,3850.5,-922
2022-12-23 03:41:13,14,5,3851.0,-917
2022-12-23 03:41:24,1,-1,3850.75,-918
2022-12-23 03:41:26,4,-2,3850.5,-920
2022-12-23 03:41:27,6,-4,3850.25,-924
2022-12-23 03:41:30,3,3,3850.5,-921
2022-12-23 03:41:31,4,-2,3850.5,-923
2022-12-23 03:41:35,2,2,3850.75,-921
2022-12-23 03:41:38,1,1,3850.75,-920
2022-12-23 03:41:42,1,-1,3850.5,-921
2022-12-23 03:41:46,6,0,3850.75,-921
2022-12-23 03:41:50,2,2,3851.0,-919
2022-12-23 03:41:54,17,16,3851.5,-903
2022-12-23 03:41:55,4,4,3851.75,-899
2022-12-23 03:41:57,11,-2,3851.75,-901
2022-12-23 03:42:00,14,-1,3851.75,-902
2022-12-23 03:42:01,9,7,3852.0,-895
2022-12-23 03:42:02,34,14,3852.0,-881
2022-12-23 03:42:03,30,31,3852.5,-850
2022-12-23 03:42:04,2,2,3852.5,-848
2022-12-23 03:42:07,13,3,3852.75,-845
2022-12-23 03:42:08,4,4,3852.75,-841
2022-12-23 03:42:09,1,1,3852.75,-840
2022-12-23 03:42:10,1,1,3852.75,-839
2022-12-23 03:42:11,7,-7,3852.5,-846
2022-12-23 03:42:12,3,3,3852.5,-843
2022-12-23 03:42:13,1,-1,3852.5,-844
2022-12-23 03:42:14,4,-4,3852.5,-848
2022-12-23 03:42:17,3,-3,3852.5,-851
2022-12-23 03:42:18,5,5,3852.5,-846
2022-12-23 03:42:19,11,-5,3852.25,-851
2022-12-23 03:42:23,1,-1,3852.0,-852
2022-12-23 03:42:25,1,1,3852.25,-851
2022-12-23 03:42:29,1,1,3852.25,-850
2022-12-23 03:42:31,3,-3,3852.25,-853
2022-12-23 03:42:32,2,-2,3852.25,-855
2022-12-23 03:42:33,2,-2,3852.25,-857
2022-12-23 03:42:35,2,2,3852.5,-855
2022-12-23 03:42:36,3,3,3852.5,-852
2022-12-23 03:42:37,2,0,3852.5,-852
2022-12-23 03:42:39,12,-7,3852.5,-859
2022-12-23 03:42:41,5,-5,3852.25,-864
2022-12-23 03:42:45,2,2,3852.25,-862
2022-12-23 03:42:46,1,-1,3852.25,-863
2022-12-23 03:42:47,1,-1,3852.0,-864
2022-12-23 03:42:49,8,-5,3852.25,-869
2022-12-23 03:42:50,8,-12,3852.0,-881
2022-12-23 03:42:52,9,-3,3851.75,-884
2022-12-23 03:42:53,1,1,3851.75,-883
2022-12-23 03:42:55,3,-1,3851.75,-884
2022-12-23 03:42:56,1,1,3851.75,-883
2022-12-23 03:42:58,1,1,3852.0,-882
2022-12-23 03:43:03,1,-1,3851.75,-883
2022-12-23 03:43:06,8,5,3852.0,-878
2022-12-23 03:43:07,6,-5,3852.0,-883
2022-12-23 03:43:08,3,-3,3851.75,-886
2022-12-23 03:43:09,3,1,3851.75,-885
2022-12-23 03:43:10,1,1,3851.75,-884
2022-12-23 03:43:12,2,2,3851.75,-882
2022-12-23 03:43:14,9,-3,3851.5,-885
2022-12-23 03:43:16,1,1,3851.5,-884
2022-12-23 03:43:19,5,-5,3851.5,-889
2022-12-23 03:43:23,55,15,3851.75,-874
2022-12-23 03:43:26,9,5,3852.0,-869
2022-12-23 03:43:27,6,-4,3852.0,-873
2022-12-23 03:43:28,3,1,3851.75,-872
2022-12-23 03:43:29,1,1,3851.75,-871
2022-12-23 03:43:31,111,-12,3852.0,-883
2022-12-23 03:43:33,3,-3,3851.75,-886
2022-12-23 03:43:35,8,-6,3851.75,-892
2022-12-23 03:43:36,2,-2,3851.25,-894
2022-12-23 03:43:39,6,-4,3851.25,-898
2022-12-23 03:43:43,1,-1,3851.0,-899
2022-12-23 03:43:45,4,-4,3851.0,-903
2022-12-23 03:43:47,15,1,3850.75,-902
2022-12-23 03:43:48,1,-1,3850.75,-903
2022-12-23 03:43:50,2,-2,3850.5,-905
2022-12-23 03:43:51,9,4,3850.75,-901
2022-12-23 03:43:56,3,-2,3850.75,-903
2022-12-23 03:43:57,6,3,3850.75,-900
2022-12-23 03:44:02,1,1,3850.75,-899
2022-12-23 03:44:03,5,2,3850.5,-897
2022-12-23 03:44:04,4,-4,3850.5,-901
2022-12-23 03:44:05,16,-3,3850.75,-904
2022-12-23 03:44:06,43,22,3851.0,-882
2022-12-23 03:44:07,3,3,3851.25,-879
2022-12-23 03:44:09,3,-2,3851.0,-881
2022-12-23 03:44:13,6,0,3851.0,-881
2022-12-23 03:44:14,8,-2,3850.75,-883
2022-12-23 03:44:18,3,-1,3850.75,-884
2022-12-23 03:44:20,5,-5,3850.5,-889
2022-12-23 03:44:22,2,2,3850.75,-887
2022-12-23 03:44:28,2,2,3850.75,-885
2022-12-23 03:44:30,4,-4,3850.5,-889
2022-12-23 03:44:31,1,1,3850.5,-888
2022-12-23 03:44:35,3,3,3850.5,-885
2022-12-23 03:44:37,9,-6,3850.25,-891
2022-12-23 03:44:40,28,-18,3850.25,-909
2022-12-23 03:44:41,3,3,3850.25,-906
2022-12-23 03:44:42,1,1,3850.25,-905
2022-12-23 03:44:45,18,-6,3850.25,-911
2022-12-23 03:44:47,2,0,3850.25,-911
2022-12-23 03:44:48,1,-1,3850.0,-912
2022-12-23 03:44:49,10,-9,3849.75,-921
2022-12-23 03:44:50,2,-2,3849.75,-923
2022-12-23 03:44:51,4,2,3849.75,-921
2022-12-23 03:44:52,2,2,3849.75,-919
2022-12-23 03:44:53,6,-4,3849.75,-923
2022-12-23 03:44:55,6,0,3850.0,-923
2022-12-23 03:44:57,2,2,3850.25,-921
2022-12-23 03:45:02,3,1,3850.0,-920
2022-12-23 03:45:03,2,-2,3849.75,-922
2022-12-23 03:45:04,1,-1,3849.75,-923
2022-12-23 03:45:05,2,2,3850.0,-921
2022-12-23 03:45:06,4,-2,3850.0,-923
2022-12-23 03:45:10,1,-1,3849.75,-924
2022-12-23 03:45:11,8,-1,3849.75,-925
2022-12-23 03:45:12,6,-6,3849.75,-931
2022-12-23 03:45:13,3,-3,3849.75,-934
2022-12-23 03:45:14,7,5,3849.75,-929
2022-12-23 03:45:16,2,2,3850.0,-927
2022-12-23 03:45:18,6,-6,3849.75,-933
2022-12-23 03:45:20,1,-1,3849.5,-934
2022-12-23 03:45:22,5,4,3849.75,-930
2022-12-23 03:45:24,2,2,3849.75,-928
2022-12-23 03:45:25,1,-1,3849.75,-929
2022-12-23 03:45:26,5,5,3849.75,-924
2022-12-23 03:45:27,2,-2,3849.75,-926
2022-12-23 03:45:29,1,1,3850.0,-925
2022-12-23 03:45:32,6,-6,3849.75,-931
2022-12-23 03:45:35,1,-1,3849.75,-932
2022-12-23 03:45:36,41,-17,3849.5,-949
2022-12-23 03:45:38,2,-2,3849.25,-951
2022-12-23 03:45:39,1,-1,3849.25,-952
2022-12-23 03:45:40,11,-15,3849.0,-967
2022-12-23 03:45:41,7,-6,3849.0,-973
2022-12-23 03:45:42,1,1,3849.25,-972
2022-12-23 03:45:43,7,-3,3849.25,-975
2022-12-23 03:45:47,1,-1,3849.0,-976
2022-12-23 03:45:50,2,-2,3849.0,-978
2022-12-23 03:45:52,1,-1,3849.0,-979
2022-12-23 03:45:55,6,4,3849.25,-975
2022-12-23 03:45:57,2,2,3849.25,-973
2022-12-23 03:45:58,8,-5,3849.25,-978
2022-12-23 03:45:59,2,0,3849.0,-978
2022-12-23 03:46:00,1,1,3849.0,-977
2022-12-23 03:46:02,12,6,3849.0,-971
2022-12-23 03:46:03,10,3,3849.25,-968
2022-12-23 03:46:04,11,11,3849.75,-957
2022-12-23 03:46:06,8,-4,3849.75,-961
2022-12-23 03:46:08,7,3,3849.5,-958
2022-12-23 03:46:09,4,2,3849.5,-956
2022-12-23 03:46:11,4,-4,3849.5,-960
2022-12-23 03:46:12,3,-1,3849.5,-961
2022-12-23 03:46:13,1,1,3849.5,-960
2022-12-23 03:46:14,6,2,3849.75,-958
2022-12-23 03:46:16,4,0,3849.75,-958
2022-12-23 03:46:18,6,-4,3849.5,-962
2022-12-23 03:46:20,4,-1,3849.5,-963
2022-12-23 03:46:22,4,-4,3849.5,-967
2022-12-23 03:46:24,1,-1,3849.5,-968
2022-12-23 03:46:26,4,-3,3849.25,-971
2022-12-23 03:46:28,1,1,3849.25,-970
2022-12-23 03:46:31,9,-9,3849.0,-979
2022-12-23 03:46:34,7,-5,3849.0,-984
2022-12-23 03:46:36,7,0,3849.25,-984
2022-12-23 03:46:38,7,1,3849.75,-983
2022-12-23 03:46:42,2,-2,3849.25,-985
2022-12-23 03:46:43,2,-2,3849.25,-987
2022-12-23 03:46:44,7,1,3849.5,-986
2022-12-23 03:46:48,4,-3,3849.5,-989
2022-12-23 03:46:49,2,-2,3849.25,-991
2022-12-23 03:46:50,3,-1,3849.5,-992
2022-12-23 03:46:53,4,4,3849.75,-988
2022-12-23 03:46:56,1,-1,3849.75,-989
2022-12-23 03:47:01,1,1,3850.0,-988
2022-12-23 03:47:02,9,-5,3849.75,-993
2022-12-23 03:47:04,3,1,3849.75,-992
2022-12-23 03:47:05,4,4,3849.75,-988
2022-12-23 03:47:10,31,9,3850.0,-979
2022-12-23 03:47:11,17,33,3850.5,-946
2022-12-23 03:47:13,2,-2,3850.25,-948
2022-12-23 03:47:14,12,-6,3850.0,-954
2022-12-23 03:47:15,1,-1,3849.75,-955
2022-12-23 03:47:16,1,1,3849.75,-954
2022-12-23 03:47:17,1,1,3849.75,-953
2022-12-23 03:47:19,7,2,3849.75,-951
2022-12-23 03:47:20,25,29,3850.25,-922
2022-12-23 03:47:22,2,2,3850.0,-920
2022-12-23 03:47:24,1,-1,3849.75,-921
2022-12-23 03:47:26,2,-2,3849.75,-923
2022-12-23 03:47:34,1,-1,3849.75,-924
2022-12-23 03:47:35,1,-1,3849.75,-925
2022-12-23 03:47:38,1,1,3849.75,-924
2022-12-23 03:47:44,16,-11,3849.5,-935
2022-12-23 03:47:45,8,8,3849.5,-927
2022-12-23 03:47:46,5,-5,3849.5,-932
2022-12-23 03:47:47,3,-3,3849.5,-935
2022-12-23 03:47:49,6,0,3849.5,-935
2022-12-23 03:47:50,2,-2,3849.75,-937
2022-12-23 03:47:54,3,1,3849.5,-936
2022-12-23 03:47:58,2,-2,3849.25,-938
2022-12-23 03:47:59,1,-1,3849.5,-939
2022-12-23 03:48:04,3,0,3849.25,-939
2022-12-23 03:48:05,1,1,3849.25,-938
2022-12-23 03:48:06,15,-10,3849.0,-948
2022-12-23 03:48:07,1,1,3849.0,-947
2022-12-23 03:48:08,9,1,3849.0,-946
2022-12-23 03:48:09,2,2,3849.25,-944
2022-12-23 03:48:10,1,-1,3849.25,-945
2022-12-23 03:48:11,1,1,3849.25,-944
2022-12-23 03:48:14,3,-3,3849.0,-947
2022-12-23 03:48:16,3,-3,3849.0,-950
2022-12-23 03:48:20,2,2,3849.25,-948
2022-12-23 03:48:21,1,-1,3849.0,-949
2022-12-23 03:48:22,5,3,3849.25,-946
2022-12-23 03:48:23,4,-3,3849.0,-949
2022-12-23 03:48:24,5,-4,3849.0,-953
2022-12-23 03:48:28,1,1,3849.5,-952
2022-12-23 03:48:33,2,0,3849.0,-952
2022-12-23 03:48:36,1,-1,3849.0,-953
2022-12-23 03:48:37,1,1,3849.0,-952
2022-12-23 03:48:40,9,3,3849.0,-949
2022-12-23 03:48:44,1,-1,3848.75,-950
2022-12-23 03:48:45,3,3,3849.0,-947
2022-12-23 03:48:46,1,-1,3849.0,-948
2022-12-23 03:48:48,1,1,3849.0,-947
2022-12-23 03:48:52,2,1,3849.25,-946
2022-12-23 03:48:53,2,-2,3849.25,-948
2022-12-23 03:48:57,5,-1,3849.0,-949
2022-12-23 03:48:59,8,6,3849.0,-943
2022-12-23 03:49:02,1,1,3849.0,-942
2022-12-23 03:49:03,4,2,3849.0,-940
2022-12-23 03:49:04,2,-1,3848.75,-941
2022-12-23 03:49:09,2,-1,3848.75,-942
2022-12-23 03:49:11,7,3,3849.0,-939
2022-12-23 03:49:12,5,3,3849.25,-936
2022-12-23 03:49:15,6,-2,3849.5,-938
2022-12-23 03:49:24,1,1,3849.25,-937
2022-12-23 03:49:27,3,-3,3849.25,-940
2022-12-23 03:49:29,3,-3,3849.25,-943
2022-12-23 03:49:31,4,2,3849.5,-941
2022-12-23 03:49:35,2,0,3849.75,-941
2022-12-23 03:49:36,2,2,3849.75,-939
2022-12-23 03:49:41,3,3,3850.0,-936
2022-12-23 03:49:44,2,2,3850.0,-934
2022-12-23 03:49:48,1,-1,3850.25,-935
2022-12-23 03:49:49,28,21,3851.0,-914
2022-12-23 03:49:50,1,1,3850.75,-913
2022-12-23 03:49:52,2,0,3850.75,-913
2022-12-23 03:49:53,2,2,3851.0,-911
2022-12-23 03:49:54,3,-1,3850.75,-912
2022-12-23 03:49:56,10,6,3851.0,-906
2022-12-23 03:49:57,3,1,3851.0,-905
2022-12-23 03:50:00,15,-5,3851.25,-910
2022-12-23 03:50:01,1,1,3851.0,-909
2022-12-23 03:50:02,6,-2,3850.75,-911
2022-12-23 03:50:03,14,-14,3850.5,-925
2022-12-23 03:50:04,3,-4,3850.25,-929
2022-12-23 03:50:05,2,-2,3850.25,-931
2022-12-23 03:50:06,1,1,3850.25,-930
2022-12-23 03:50:10,5,5,3850.25,-925
2022-12-23 03:50:12,7,-7,3850.25,-932
2022-12-23 03:50:16,5,1,3850.5,-931
2022-12-23 03:50:23,1,1,3850.5,-930
2022-12-23 03:50:24,2,-2,3850.25,-932
2022-12-23 03:50:27,1,-1,3850.25,-933
2022-12-23 03:50:30,5,-2,3850.0,-935
2022-12-23 03:50:32,1,-1,3850.0,-936
2022-12-23 03:50:34,2,-2,3850.25,-938
2022-12-23 03:50:35,1,-1,3850.25,-939
2022-12-23 03:50:38,3,-3,3850.0,-942
2022-12-23 03:50:39,1,1,3850.0,-941
2022-12-23 03:50:40,1,1,3850.0,-940
2022-12-23 03:50:43,2,2,3850.0,-938
2022-12-23 03:50:49,3,3,3850.25,-935
2022-12-23 03:50:54,12,-6,3850.0,-941
2022-12-23 03:50:55,1,1,3850.0,-940
2022-12-23 03:50:57,2,-2,3849.75,-942
2022-12-23 03:50:58,8,-6,3849.75,-948
2022-12-23 03:51:06,7,-7,3849.75,-955
2022-12-23 03:51:07,1,1,3849.75,-954
2022-12-23 03:51:12,3,-1,3849.5,-955
2022-12-23 03:51:13,5,5,3849.5,-950
2022-12-23 03:51:14,1,1,3849.5,-949
2022-12-23 03:51:17,1,-1,3849.5,-950
2022-12-23 03:51:19,6,-2,3849.25,-952
2022-12-23 03:51:24,13,-3,3849.5,-955
2022-12-23 03:51:29,13,5,3849.5,-950
2022-12-23 03:51:32,3,3,3849.75,-947
2022-12-23 03:51:34,1,-1,3849.75,-948
2022-12-23 03:51:37,2,-2,3849.75,-950
2022-12-23 03:51:40,15,11,3850.0,-939
2022-12-23 03:51:41,2,0,3850.0,-939
2022-12-23 03:51:46,4,-4,3850.0,-943
2022-12-23 03:51:48,18,-4,3849.75,-947
2022-12-23 03:51:49,1,-1,3849.25,-948
2022-12-23 03:51:54,5,5,3849.75,-943
2022-12-23 03:51:57,6,-6,3849.5,-949
2022-12-23 03:52:02,3,1,3849.75,-948
2022-12-23 03:52:04,2,2,3849.75,-946
2022-12-23 03:52:09,1,-1,3849.5,-947
2022-12-23 03:52:10,3,-3,3849.25,-950
2022-12-23 03:52:11,3,3,3849.25,-947
2022-12-23 03:52:12,8,-3,3849.25,-950
2022-12-23 03:52:17,3,3,3849.25,-947
2022-12-23 03:52:18,9,-1,3849.5,-948
2022-12-23 03:52:19,1,1,3849.75,-947
2022-12-23 03:52:21,12,4,3849.75,-943
2022-12-23 03:52:32,1,-1,3849.5,-944
2022-12-23 03:52:34,2,-2,3849.5,-946
2022-12-23 03:52:37,3,-3,3849.5,-949
2022-12-23 03:52:38,1,1,3849.5,-948
2022-12-23 03:52:40,3,3,3849.5,-945
2022-12-23 03:52:42,14,-5,3849.5,-950
2022-12-23 03:52:44,4,0,3849.5,-950
2022-12-23 03:52:52,3,-1,3849.5,-951
2022-12-23 03:52:55,21,-7,3849.25,-958
2022-12-23 03:53:01,9,4,3849.25,-954
2022-12-23 03:53:02,11,5,3849.25,-949
2022-12-23 03:53:05,4,0,3849.25,-949
2022-12-23 03:53:06,3,-3,3849.25,-952
2022-12-23 03:53:07,2,2,3849.25,-950
2022-12-23 03:53:10,3,-3,3849.5,-953
2022-12-23 03:53:11,2,0,3849.5,-953
2022-12-23 03:53:15,11,1,3849.75,-952
2022-12-23 03:53:18,6,7,3850.0,-945
2022-12-23 03:53:19,38,23,3850.0,-922
2022-12-23 03:53:23,1,-1,3849.75,-923
2022-12-23 03:53:25,1,-1,3849.75,-924
2022-12-23 03:53:31,53,-15,3849.75,-939
2022-12-23 03:53:36,5,-2,3849.75,-941
2022-12-23 03:53:41,1,1,3850.0,-940
2022-12-23 03:53:45,64,16,3850.0,-924
2022-12-23 03:53:46,15,-4,3849.75,-928
2022-12-23 03:53:48,4,-4,3849.5,-932
2022-12-23 03:53:50,15,0,3849.5,-932
2022-12-23 03:53:52,7,1,3849.5,-931
2022-12-23 03:53:53,10,-4,3849.25,-935
2022-12-23 03:53:57,24,-10,3849.0,-945
2022-12-23 03:53:59,3,-1,3849.0,-946
2022-12-23 03:54:00,3,3,3849.0,-943
2022-12-23 03:54:01,3,3,3849.0,-940
2022-12-23 03:54:04,5,-1,3849.0,-941
2022-12-23 03:54:06,5,3,3849.25,-938
2022-12-23 03:54:09,4,2,3849.25,-936
2022-12-23 03:54:11,8,-2,3849.25,-938
2022-12-23 03:54:18,16,8,3849.5,-930
2022-12-23 03:54:19,7,3,3849.75,-927
2022-12-23 03:54:23,10,4,3849.75,-923
2022-12-23 03:54:24,2,2,3849.75,-921
2022-12-23 03:54:30,2,-2,3849.75,-923
2022-12-23 03:54:31,1,1,3849.75,-922
2022-12-23 03:54:32,1,-1,3849.75,-923
2022-12-23 03:54:36,9,-5,3849.5,-928
2022-12-23 03:54:37,1,1,3849.5,-927
2022-12-23 03:54:45,4,-2,3849.5,-929
2022-12-23 03:54:46,5,-5,3849.5,-934
2022-12-23 03:54:49,3,3,3849.75,-931
2022-12-23 03:54:55,10,-6,3849.75,-937
2022-12-23 03:54:57,2,0,3849.5,-937
2022-12-23 03:55:02,1,1,3849.5,-936
2022-12-23 03:55:03,29,-17,3849.25,-953
2022-12-23 03:55:05,1,-1,3849.25,-954
2022-12-23 03:55:08,5,1,3849.5,-953
2022-12-23 03:55:15,1,-1,3849.5,-954
2022-12-23 03:55:16,2,-2,3849.5,-956
2022-12-23 03:55:17,1,-1,3849.5,-957
2022-12-23 03:55:18,2,-2,3849.5,-959
2022-12-23 03:55:19,1,1,3849.5,-958
2022-12-23 03:55:20,1,1,3849.5,-957
2022-12-23 03:55:26,1,-1,3849.5,-958
2022-12-23 03:55:27,2,0,3849.5,-958
2022-12-23 03:55:28,2,0,3849.75,-958
2022-12-23 03:55:31,1,1,3849.75,-957
2022-12-23 03:55:32,9,-8,3849.75,-965
2022-12-23 03:55:33,1,1,3849.75,-964
2022-12-23 03:55:34,3,3,3849.75,-961
2022-12-23 03:55:40,1,1,3850.0,-960
2022-12-23 03:55:41,1,1,3850.0,-959
2022-12-23 03:55:42,4,1,3850.0,-958
2022-12-23 03:55:43,5,-5,3849.75,-963
2022-12-23 03:55:44,2,0,3849.75,-963
2022-12-23 03:55:47,2,0,3849.75,-963
2022-12-23 03:55:49,22,9,3850.25,-954
2022-12-23 03:55:51,3,3,3850.25,-951
2022-12-23 03:55:52,4,0,3850.25,-951
2022-12-23 03:55:53,1,-1,3850.0,-952
2022-12-23 03:56:02,3,3,3850.25,-949
2022-12-23 03:56:05,26,9,3850.5,-940
2022-12-23 03:56:09,5,5,3850.75,-935
2022-12-23 03:56:10,17,2,3851.0,-933
2022-12-23 03:56:11,1,-1,3850.75,-934
2022-12-23 03:56:13,1,1,3850.75,-933
2022-12-23 03:56:15,3,-3,3850.75,-936
2022-12-23 03:56:16,1,-1,3850.75,-937
2022-12-23 03:56:17,14,-4,3850.5,-941
2022-12-23 03:56:18,4,-2,3850.75,-943
2022-12-23 03:56:21,27,-1,3851.25,-944
2022-12-23 03:56:22,34,-4,3851.25,-948
2022-12-23 03:56:23,45,32,3852.0,-916
2022-12-23 03:56:24,8,6,3852.25,-910
2022-12-23 03:56:25,4,4,3852.0,-906
2022-12-23 03:56:26,12,7,3852.0,-899
2022-12-23 03:56:28,2,2,3852.0,-897
2022-12-23 03:56:30,7,-4,3852.25,-901
2022-12-23 03:56:31,5,-5,3852.0,-906
2022-12-23 03:56:32,2,0,3852.25,-906
2022-12-23 03:56:33,1,1,3852.25,-905
2022-12-23 03:56:35,1,-1,3851.75,-906
2022-12-23 03:56:36,4,-4,3852.0,-910
2022-12-23 03:56:37,2,2,3852.0,-908
2022-12-23 03:56:38,1,1,3852.25,-907
2022-12-23 03:56:39,2,2,3852.25,-905
2022-12-23 03:56:40,3,3,3852.25,-902
2022-12-23 03:56:41,4,-4,3852.0,-906
2022-12-23 03:56:44,39,-22,3851.75,-928
2022-12-23 03:56:45,1,1,3851.75,-927
2022-12-23 03:56:46,3,-3,3851.25,-930
2022-12-23 03:56:47,6,0,3851.25,-930
2022-12-23 03:56:49,5,-5,3851.0,-935
2022-12-23 03:56:51,5,5,3851.0,-930
2022-12-23 03:56:52,1,-1,3851.0,-931
2022-12-23 03:56:56,1,1,3851.25,-930
2022-12-23 03:56:57,8,-2,3851.25,-932
2022-12-23 03:57:00,9,0,3851.0,-932
2022-12-23 03:57:04,5,3,3851.0,-929
2022-12-23 03:57:07,14,8,3851.25,-921
2022-12-23 03:57:09,2,1,3851.5,-920
2022-12-23 03:57:10,5,-5,3851.25,-925
2022-12-23 03:57:11,4,2,3851.5,-923
2022-12-23 03:57:13,2,2,3851.5,-921
2022-12-23 03:57:15,3,0,3851.75,-921
2022-12-23 03:57:16,10,-8,3851.5,-929
2022-12-23 03:57:17,5,-5,3851.5,-934
2022-12-23 03:57:18,7,0,3851.5,-934
2022-12-23 03:57:21,1,-1,3851.5,-935
2022-12-23 03:57:28,23,8,3851.75,-927
2022-12-23 03:57:29,1,-1,3851.75,-928
2022-12-23 03:57:30,1,1,3851.75,-927
2022-12-23 03:57:35,9,-7,3851.75,-934
2022-12-23 03:57:43,14,6,3852.0,-928
2022-12-23 03:57:48,16,-6,3852.0,-934
2022-12-23 03:57:49,2,-2,3851.75,-936
2022-12-23 03:57:50,2,-2,3851.75,-938
2022-12-23 03:57:51,10,-2,3851.75,-940
2022-12-23 03:57:57,5,1,3851.75,-939
2022-12-23 03:57:58,2,0,3851.75,-939
2022-12-23 03:58:00,1,-1,3851.75,-940
2022-12-23 03:58:01,4,-4,3851.75,-944
2022-12-23 03:58:02,21,0,3852.0,-944
2022-12-23 03:58:03,11,-9,3851.5,-953
2022-12-23 03:58:05,8,-8,3851.25,-961
2022-12-23 03:58:09,30,-27,3851.25,-988
2022-12-23 03:58:10,1,-1,3850.75,-989
2022-12-23 03:58:11,19,-9,3850.75,-998
2022-12-23 03:58:12,7,-5,3850.75,-1003
2022-12-23 03:58:13,108,20,3851.25,-983
2022-12-23 03:58:15,39,-1,3850.75,-984
2022-12-23 03:58:17,8,-10,3850.25,-994
2022-12-23 03:58:20,13,-7,3850.25,-1001
2022-12-23 03:58:22,14,5,3850.5,-996
2022-12-23 03:58:23,2,1,3850.5,-995
2022-12-23 03:58:26,11,5,3850.5,-990
2022-12-23 03:58:32,5,-5,3850.25,-995
2022-12-23 03:58:38,38,-1,3850.25,-996
2022-12-23 03:58:43,38,14,3850.5,-982
2022-12-23 03:58:44,1,1,3850.5,-981
2022-12-23 03:58:46,4,1,3850.5,-980
2022-12-23 03:58:55,19,-10,3850.25,-990
2022-12-23 03:59:03,4,4,3850.25,-986
2022-12-23 03:59:05,5,3,3850.25,-983
2022-12-23 03:59:06,2,-2,3850.25,-985
2022-12-23 03:59:11,11,-11,3850.0,-996
2022-12-23 03:59:12,1,1,3850.0,-995
2022-12-23 03:59:13,8,4,3850.0,-991
2022-12-23 03:59:14,3,1,3850.0,-990
2022-12-23 03:59:15,3,1,3850.0,-989
2022-12-23 03:59:23,152,10,3851.25,-979
2022-12-23 03:59:24,1,1,3851.0,-978
2022-12-23 03:59:28,7,2,3851.25,-976
2022-12-23 03:59:30,1,1,3851.5,-975
2022-12-23 03:59:31,12,-2,3851.25,-977
2022-12-23 03:59:33,7,6,3851.25,-971
2022-12-23 03:59:34,12,-3,3851.0,-974
2022-12-23 03:59:35,2,0,3851.25,-974
2022-12-23 03:59:43,153,24,3852.0,-950
2022-12-23 03:59:45,3,-2,3851.25,-952
2022-12-23 03:59:47,94,35,3852.25,-917
2022-12-23 03:59:49,30,4,3852.5,-913
2022-12-23 03:59:50,11,4,3852.75,-909
2022-12-23 03:59:51,1,-1,3852.25,-910
2022-12-23 03:59:56,3,1,3852.5,-909
2022-12-23 03:59:57,9,-6,3852.25,-915
2022-12-23 03:59:59,7,-5,3852.25,-920
2022-12-23 04:00:00,45,6,3852.5,-914
2022-12-23 04:00:01,18,4,3852.5,-910
2022-12-23 04:00:03,2,-2,3852.0,-912
2022-12-23 04:00:04,2,-3,3851.75,-915
2022-12-23 04:00:05,8,-2,3851.75,-917
2022-12-23 04:00:06,8,-5,3851.75,-922
2022-12-23 04:00:07,1,-1,3851.75,-923
2022-12-23 04:00:08,79,26,3852.5,-897
2022-12-23 04:00:09,12,-12,3852.25,-909
2022-12-23 04:00:10,2,-2,3851.75,-911
2022-12-23 04:00:11,4,-4,3851.75,-915
2022-12-23 04:00:14,3,1,3851.75,-914
2022-12-23 04:00:17,7,5,3851.75,-909
2022-12-23 04:00:21,11,10,3852.25,-899
2022-12-23 04:00:23,11,3,3852.25,-896
2022-12-23 04:00:24,1,1,3852.25,-895
2022-12-23 04:00:25,3,-3,3852.25,-898
2022-12-23 04:00:26,3,1,3852.25,-897
2022-12-23 04:00:29,22,-2,3852.25,-899
2022-12-23 04:00:34,13,-5,3852.0,-904
2022-12-23 04:00:35,4,4,3852.0,-900
2022-12-23 04:00:40,2,-2,3852.0,-902
2022-12-23 04:00:41,1,1,3852.25,-901
2022-12-23 04:00:43,1,-1,3852.0,-902
2022-12-23 04:00:44,3,3,3852.0,-899
2022-12-23 04:00:49,12,6,3852.25,-893
2022-12-23 04:00:50,18,-2,3852.5,-895
2022-12-23 04:00:55,2,2,3852.75,-893
2022-12-23 04:00:56,1,1,3852.75,-892
2022-12-23 04:00:57,4,2,3852.75,-890
2022-12-23 04:01:00,8,-1,3852.75,-891
2022-12-23 04:01:01,11,-5,3852.75,-896
2022-12-23 04:01:02,2,0,3852.75,-896
2022-12-23 04:01:03,10,-6,3852.75,-902
2022-12-23 04:01:04,5,4,3852.75,-898
2022-12-23 04:01:05,1,-1,3852.5,-899
2022-12-23 04:01:08,4,0,3852.5,-899
2022-12-23 04:01:13,1,-1,3852.5,-900
2022-12-23 04:01:15,14,3,3852.75,-897
2022-12-23 04:01:19,2,2,3852.75,-895
2022-12-23 04:01:20,2,-2,3852.5,-897
2022-12-23 04:01:21,8,7,3852.75,-890
2022-12-23 04:01:23,2,-2,3852.75,-892
2022-12-23 04:01:24,1,1,3852.75,-891
2022-12-23 04:01:26,5,4,3853.0,-887
2022-12-23 04:01:29,2,2,3853.0,-885
2022-12-23 04:01:32,7,6,3853.0,-879
2022-12-23 04:01:34,2,2,3853.25,-877
2022-12-23 04:01:36,9,-6,3853.25,-883
2022-12-23 04:01:39,2,2,3853.0,-881
2022-12-23 04:01:42,1,1,3853.0,-880
2022-12-23 04:01:44,8,-5,3852.75,-885
2022-12-23 04:01:45,2,2,3852.75,-883
2022-12-23 04:01:47,13,3,3853.0,-880
2022-12-23 04:01:48,4,-4,3852.75,-884
2022-12-23 04:01:53,20,0,3852.75,-884
2022-12-23 04:01:54,1,1,3852.75,-883
2022-12-23 04:01:55,2,2,3853.0,-881
2022-12-23 04:01:56,1,1,3852.75,-880
2022-12-23 04:01:57,31,-15,3852.5,-895
2022-12-23 04:02:00,6,-6,3852.0,-901
2022-12-23 04:02:02,13,-5,3852.0,-906
2022-12-23 04:02:03,1,-1,3852.0,-907
2022-12-23 04:02:04,1,-1,3852.0,-908
2022-12-23 04:02:05,1,1,3852.0,-907
2022-12-23 04:02:06,2,2,3852.0,-905
2022-12-23 04:02:10,5,-5,3851.75,-910
2022-12-23 04:02:12,3,-1,3851.75,-911
2022-12-23 04:02:13,1,-1,3851.75,-912
2022-12-23 04:02:17,29,-6,3851.75,-918
2022-12-23 04:02:18,3,-1,3851.5,-919
2022-12-23 04:02:22,5,5,3851.5,-914
2022-12-23 04:02:24,14,-6,3851.5,-920
2022-12-23 04:02:26,2,2,3851.25,-918
2022-12-23 04:02:29,6,4,3851.25,-914
2022-12-23 04:02:30,5,4,3851.5,-910
2022-12-23 04:02:35,4,2,3851.5,-908
2022-12-23 04:02:36,9,-6,3851.75,-914
2022-12-23 04:02:38,1,-1,3851.25,-915
2022-12-23 04:02:41,1,1,3851.5,-914
2022-12-23 04:02:42,3,-4,3851.5,-918
2022-12-23 04:02:45,3,-1,3851.5,-919
2022-12-23 04:02:56,1,1,3851.75,-918
2022-12-23 04:03:01,9,-3,3851.5,-921
2022-12-23 04:03:03,1,1,3851.5,-920
2022-12-23 04:03:05,5,3,3851.5,-917
2022-12-23 04:03:19,22,-2,3851.75,-919
2022-12-23 04:03:20,1,1,3851.5,-918
2022-12-23 04:03:21,1,-1,3851.25,-919
2022-12-23 04:03:23,1,-1,3851.25,-920
2022-12-23 04:03:25,2,2,3851.25,-918
2022-12-23 04:03:30,1,1,3851.25,-917
2022-12-23 04:03:36,6,-4,3851.0,-921
2022-12-23 04:03:40,11,4,3851.25,-917
2022-12-23 04:03:44,3,3,3851.5,-914
2022-12-23 04:03:47,2,-2,3851.25,-916
2022-12-23 04:03:50,4,4,3851.5,-912
2022-12-23 04:03:52,27,20,3852.25,-892
2022-12-23 04:03:55,2,2,3852.25,-890
2022-12-23 04:04:01,3,-3,3852.0,-893
2022-12-23 04:04:02,1,-1,3851.75,-894
2022-12-23 04:04:08,58,-70,3851.75,-964
2022-12-23 04:04:17,7,6,3851.75,-958
2022-12-23 04:04:25,10,-1,3852.0,-959
2022-12-23 04:04:26,50,-74,3851.75,-1033
2022-12-23 04:04:30,7,-2,3851.25,-1035
2022-12-23 04:04:31,9,-2,3851.25,-1037
2022-12-23 04:04:34,2,2,3851.25,-1035
2022-12-23 04:04:40,29,-20,3851.25,-1055
2022-12-23 04:04:41,23,5,3851.0,-1050
2022-12-23 04:04:44,8,-6,3850.75,-1056
2022-12-23 04:04:45,16,7,3850.75,-1049
2022-12-23 04:04:48,5,3,3850.75,-1046
2022-12-23 04:04:50,30,-13,3850.5,-1059
2022-12-23 04:04:51,1,1,3850.5,-1058
2022-12-23 04:04:53,7,5,3850.5,-1053
2022-12-23 04:04:54,1,-1,3850.25,-1054
2022-12-23 04:04:56,1,1,3850.5,-1053
2022-12-23 04:04:57,1,-1,3850.5,-1054
2022-12-23 04:05:00,1,-1,3850.5,-1055
2022-12-23 04:05:02,2,2,3850.75,-1053
2022-12-23 04:05:04,1,1,3850.75,-1052
2022-12-23 04:05:05,2,2,3851.0,-1050
2022-12-23 04:05:09,1,1,3850.75,-1049
2022-12-23 04:05:12,4,-4,3850.5,-1053
2022-12-23 04:05:17,2,2,3850.5,-1051
2022-12-23 04:05:18,6,3,3850.5,-1048
2022-12-23 04:05:22,1,-1,3850.5,-1049
2022-12-23 04:05:27,33,10,3850.75,-1039
2022-12-23 04:05:30,3,3,3851.0,-1036
2022-12-23 04:05:31,2,2,3851.0,-1034
2022-12-23 04:05:35,1,-1,3851.0,-1035
2022-12-23 04:05:36,1,-1,3851.0,-1036
2022-12-23 04:05:40,2,-2,3850.75,-1038
2022-12-23 04:05:41,6,4,3850.75,-1034
2022-12-23 04:05:45,1,1,3851.0,-1033
2022-12-23 04:05:46,4,0,3851.0,-1033
2022-12-23 04:05:47,75,-74,3851.0,-1107
2022-12-23 04:05:51,8,0,3850.75,-1107
2022-12-23 04:05:53,1,-1,3850.5,-1108
2022-12-23 04:05:56,25,10,3851.0,-1098
2022-12-23 04:05:57,4,0,3851.0,-1098
2022-12-23 04:06:03,1,-1,3851.0,-1099
2022-12-23 04:06:04,1,1,3851.25,-1098
2022-12-23 04:06:05,1,-1,3851.0,-1099
2022-12-23 04:06:07,11,-1,3851.75,-1100
2022-12-23 04:06:08,14,7,3851.75,-1093
2022-12-23 04:06:12,17,13,3852.25,-1080
2022-12-23 04:06:15,3,3,3852.25,-1077
2022-12-23 04:06:16,1,1,3852.25,-1076
2022-12-23 04:06:17,1,1,3852.25,-1075
2022-12-23 04:06:19,4,2,3852.25,-1073
2022-12-23 04:06:20,2,-2,3852.25,-1075
2022-12-23 04:06:22,8,-1,3852.25,-1076
2022-12-23 04:06:23,2,-2,3852.25,-1078
2022-12-23 04:06:27,4,-4,3852.0,-1082
2022-12-23 04:06:28,10,-11,3851.75,-1093
2022-12-23 04:06:30,2,2,3852.0,-1091
2022-12-23 04:06:33,2,0,3852.0,-1091
2022-12-23 04:06:34,3,-1,3852.0,-1092
2022-12-23 04:06:38,4,-2,3852.0,-1094
2022-12-23 04:06:43,1,1,3852.25,-1093
2022-12-23 04:06:44,24,10,3852.5,-1083
2022-12-23 04:06:47,7,-6,3852.25,-1089
2022-12-23 04:06:52,1,1,3852.25,-1088
2022-12-23 04:06:53,3,-1,3852.25,-1089
2022-12-23 04:06:54,11,-11,3852.25,-1100
2022-12-23 04:06:57,4,0,3852.5,-1100
2022-12-23 04:07:01,14,-12,3852.5,-1112
2022-12-23 04:07:02,1,1,3852.0,-1111
2022-12-23 04:07:03,7,1,3852.0,-1110
2022-12-23 04:07:05,2,-1,3851.75,-1111
2022-12-23 04:07:10,5,-3,3851.75,-1114
2022-12-23 04:07:11,1,-1,3851.75,-1115
2022-12-23 04:07:12,1,1,3851.75,-1114
2022-12-23 04:07:13,5,5,3852.0,-1109
2022-12-23 04:07:15,4,4,3852.25,-1105
2022-12-23 04:07:16,1,1,3852.0,-1104
2022-12-23 04:07:20,1,-1,3852.0,-1105
2022-12-23 04:07:21,1,-1,3852.0,-1106
2022-12-23 04:07:22,6,-5,3852.0,-1111
2022-12-23 04:07:25,2,-2,3851.75,-1113
2022-12-23 04:07:29,1,1,3851.75,-1112
2022-12-23 04:07:31,7,-7,3851.5,-1119
2022-12-23 04:07:33,1,-1,3852.0,-1120
2022-12-23 04:07:34,6,-4,3852.0,-1124
2022-12-23 04:07:35,13,10,3852.25,-1114
2022-12-23 04:07:36,1,1,3852.25,-1113
2022-12-23 04:07:37,1,-1,3852.25,-1114
2022-12-23 04:07:43,2,-2,3852.0,-1116
2022-12-23 04:07:44,2,1,3852.0,-1115
2022-12-23 04:07:45,5,1,3852.25,-1114
2022-12-23 04:07:46,8,-3,3852.0,-1117
2022-12-23 04:07:48,1,1,3852.0,-1116
2022-12-23 04:07:54,16,9,3852.25,-1107
2022-12-23 04:07:59,1,1,3852.0,-1106
2022-12-23 04:08:00,13,-9,3851.75,-1115
2022-12-23 04:08:02,2,0,3851.75,-1115
2022-12-23 04:08:03,1,-1,3851.5,-1116
2022-12-23 04:08:04,2,0,3851.5,-1116
2022-12-23 04:08:05,1,-1,3851.25,-1117
2022-12-23 04:08:06,2,2,3851.5,-1115
2022-12-23 04:08:12,48,34,3852.0,-1081
2022-12-23 04:08:20,1,1,3852.25,-1080
2022-12-23 04:08:22,8,-6,3852.0,-1086
2022-12-23 04:08:29,1,1,3852.0,-1085
2022-12-23 04:08:32,5,2,3852.0,-1083
2022-12-23 04:08:35,2,0,3852.25,-1083
2022-12-23 04:08:41,14,5,3852.5,-1078
2022-12-23 04:08:43,10,-8,3852.5,-1086
2022-12-23 04:08:46,2,-2,3852.25,-1088
2022-12-23 04:08:53,1,-1,3852.25,-1089
2022-12-23 04:08:54,1,1,3852.5,-1088
2022-12-23 04:08:56,1,1,3852.5,-1087
2022-12-23 04:08:57,3,3,3852.5,-1084
2022-12-23 04:08:59,2,0,3852.5,-1084
2022-12-23 04:09:01,25,-17,3852.5,-1101
2022-12-23 04:09:05,9,1,3851.75,-1100
2022-12-23 04:09:07,21,2,3852.0,-1098
2022-12-23 04:09:08,3,1,3852.25,-1097
2022-12-23 04:09:18,1,1,3852.25,-1096
2022-12-23 04:09:26,7,-7,3852.25,-1103
2022-12-23 04:09:28,3,-3,3852.25,-1106
2022-12-23 04:09:31,1,-1,3852.25,-1107
2022-12-23 04:09:33,3,-3,3852.25,-1110
2022-12-23 04:09:37,59,-3,3852.5,-1113
2022-12-23 04:09:43,4,-4,3852.25,-1117
2022-12-23 04:09:48,2,0,3852.0,-1117
2022-12-23 04:09:49,4,4,3852.25,-1113
2022-12-23 04:09:53,6,0,3852.25,-1113
2022-12-23 04:09:54,5,3,3852.25,-1110
2022-12-23 04:10:01,1,-1,3852.0,-1111
2022-12-23 04:10:04,3,3,3852.0,-1108
2022-12-23 04:10:10,12,3,3852.0,-1105
2022-12-23 04:10:15,1,-1,3851.75,-1106
2022-12-23 04:10:17,3,3,3852.0,-1103
2022-12-23 04:10:22,3,-3,3851.75,-1106
2022-12-23 04:10:25,9,0,3851.75,-1106
2022-12-23 04:10:29,5,2,3851.75,-1104
2022-12-23 04:10:32,1,-1,3851.75,-1105
2022-12-23 04:10:36,4,-4,3851.5,-1109
2022-12-23 04:10:37,4,1,3851.5,-1108
2022-12-23 04:10:39,6,4,3851.75,-1104
2022-12-23 04:10:43,7,-3,3851.5,-1107
2022-12-23 04:10:48,6,6,3851.5,-1101
2022-12-23 04:10:49,1,1,3851.5,-1100
2022-12-23 04:10:50,1,1,3851.5,-1099
2022-12-23 04:10:51,3,1,3851.75,-1098
2022-12-23 04:10:57,1,1,3851.75,-1097
2022-12-23 04:10:59,2,2,3851.75,-1095
2022-12-23 04:11:00,1,-1,3851.5,-1096
2022-12-23 04:11:02,14,-3,3851.5,-1099
2022-12-23 04:11:06,26,-19,3851.25,-1118
2022-12-23 04:11:11,16,-5,3850.75,-1123
2022-12-23 04:11:14,7,1,3851.0,-1122
2022-12-23 04:11:27,24,-5,3851.25,-1127
2022-12-23 04:11:29,2,0,3850.75,-1127
2022-12-23 04:11:30,7,3,3850.75,-1124
2022-12-23 04:11:41,1,1,3851.0,-1123
2022-12-23 04:11:45,8,-4,3850.75,-1127
2022-12-23 04:11:46,1,-1,3850.5,-1128
2022-12-23 04:11:47,3,-3,3850.5,-1131
2022-12-23 04:11:49,5,3,3850.75,-1128
2022-12-23 04:11:53,5,3,3850.75,-1125
2022-12-23 04:11:56,1,1,3850.75,-1124
2022-12-23 04:11:59,1,1,3850.75,-1123
2022-12-23 04:12:00,2,0,3850.75,-1123
2022-12-23 04:12:01,19,5,3850.75,-1118
2022-12-23 04:12:05,10,-2,3850.75,-1120
2022-12-23 04:12:06,1,-1,3850.75,-1121
2022-12-23 04:12:12,1,-1,3850.75,-1122
2022-12-23 04:12:13,10,-5,3850.75,-1127
2022-12-23 04:12:16,7,-5,3850.5,-1132
2022-12-23 04:12:17,5,3,3850.5,-1129
2022-12-23 04:12:21,1,-1,3850.25,-1130
2022-12-23 04:12:22,5,5,3850.5,-1125
2022-12-23 04:12:24,1,-1,3850.25,-1126
2022-12-23 04:12:26,1,-1,3850.5,-1127
2022-12-23 04:12:27,1,1,3850.5,-1126
2022-12-23 04:12:34,1,1,3850.5,-1125
2022-12-23 04:12:37,2,-2,3850.5,-1127
2022-12-23 04:12:39,1,1,3850.5,-1126
2022-12-23 04:12:40,2,2,3850.5,-1124
2022-12-23 04:12:42,1,-1,3850.5,-1125
2022-12-23 04:12:43,1,-1,3850.5,-1126
2022-12-23 04:12:44,1,-1,3850.5,-1127
2022-12-23 04:12:48,11,6,3850.5,-1121
2022-12-23 04:12:54,2,2,3850.5,-1119
2022-12-23 04:12:55,7,4,3850.75,-1115
2022-12-23 04:12:56,1,1,3850.75,-1114
2022-12-23 04:12:58,24,5,3851.0,-1109
2022-12-23 04:12:59,7,-2,3850.75,-1111
2022-12-23 04:13:02,6,-1,3850.75,-1112
2022-12-23 04:13:05,7,-3,3850.5,-1115
2022-12-23 04:13:07,13,-8,3850.25,-1123
2022-12-23 04:13:08,3,0,3850.25,-1123
2022-12-23 04:13:09,1,1,3850.25,-1122
2022-12-23 04:13:10,1,1,3850.25,-1121
2022-12-23 04:13:11,13,-1,3850.25,-1122
2022-12-23 04:13:16,7,4,3850.25,-1118
2022-12-23 04:13:18,8,-8,3850.0,-1126
2022-12-23 04:13:19,5,4,3850.0,-1122
2022-12-23 04:13:22,5,-3,3850.0,-1125
2022-12-23 04:13:23,25,0,3850.0,-1125
2022-12-23 04:13:24,2,-2,3850.0,-1127
2022-12-23 04:13:25,5,-1,3850.0,-1128
2022-12-23 04:13:27,3,3,3850.0,-1125
2022-12-23 04:13:28,1,1,3850.0,-1124
2022-12-23 04:13:30,5,-3,3850.0,-1127
2022-12-23 04:13:31,5,-3,3850.0,-1130
2022-12-23 04:13:33,10,-6,3849.75,-1136
2022-12-23 04:13:34,3,3,3849.75,-1133
2022-12-23 04:13:35,1,-1,3849.75,-1134
2022-12-23 04:13:38,26,-16,3849.5,-1150
2022-12-23 04:13:39,14,-3,3849.5,-1153
2022-12-23 04:13:41,12,10,3849.5,-1143
2022-12-23 04:13:42,1,-1,3849.5,-1144
2022-12-23 04:13:45,1,-1,3849.5,-1145
2022-12-23 04:13:46,2,2,3849.5,-1143
2022-12-23 04:13:47,12,1,3849.5,-1142
2022-12-23 04:13:48,2,0,3849.5,-1142
2022-12-23 04:13:52,10,-9,3849.5,-1151
2022-12-23 04:13:53,9,0,3849.5,-1151
2022-12-23 04:13:54,8,-7,3849.5,-1158
2022-12-23 04:13:58,16,7,3849.75,-1151
2022-12-23 04:14:00,10,3,3849.75,-1148
2022-12-23 04:14:03,11,-6,3849.5,-1154
2022-12-23 04:14:04,5,-1,3849.5,-1155
2022-12-23 04:14:05,23,-19,3849.25,-1174
2022-12-23 04:14:06,11,-6,3849.0,-1180
2022-12-23 04:14:07,16,-10,3848.75,-1190
2022-12-23 04:14:09,7,-5,3848.5,-1195
2022-12-23 04:14:10,7,-7,3848.25,-1202
2022-12-23 04:14:11,17,7,3848.25,-1195
2022-12-23 04:14:12,7,-5,3848.25,-1200
2022-12-23 04:14:15,2,0,3848.25,-1200
2022-12-23 04:14:16,4,-2,3848.0,-1202
2022-12-23 04:14:17,18,9,3848.25,-1193
2022-12-23 04:14:18,4,-3,3848.0,-1196
2022-12-23 04:14:20,15,3,3848.25,-1193
2022-12-23 04:14:21,5,-1,3848.25,-1194
2022-12-23 04:14:23,14,-2,3848.25,-1196
2022-12-23 04:14:25,5,3,3848.5,-1193
2022-12-23 04:14:26,1,1,3848.25,-1192
2022-12-23 04:14:27,5,-5,3848.0,-1197
2022-12-23 04:14:31,19,4,3848.25,-1193
2022-12-23 04:14:32,2,2,3848.25,-1191
2022-12-23 04:14:33,6,-3,3848.25,-1194
2022-12-23 04:14:34,3,-3,3848.25,-1197
2022-12-23 04:14:37,7,-3,3848.25,-1200
2022-12-23 04:14:39,8,-2,3848.25,-1202
2022-12-23 04:14:40,1,-1,3848.25,-1203
2022-12-23 04:14:41,1,-1,3848.25,-1204
2022-12-23 04:14:45,29,11,3848.75,-1193
2022-12-23 04:14:46,9,-2,3848.5,-1195
2022-12-23 04:14:47,6,1,3848.5,-1194
2022-12-23 04:14:50,12,0,3848.5,-1194
2022-12-23 04:14:51,2,-1,3848.0,-1195
2022-12-23 04:14:52,4,-4,3848.0,-1199
2022-12-23 04:14:54,9,-2,3848.0,-1201
2022-12-23 04:14:55,1,-1,3848.0,-1202
2022-12-23 04:14:56,12,-11,3847.75,-1213
2022-12-23 04:14:57,14,-3,3848.0,-1216
2022-12-23 04:14:58,2,-2,3847.5,-1218
2022-12-23 04:14:59,10,1,3847.75,-1217
2022-12-23 04:15:01,35,-20,3847.75,-1237
2022-12-23 04:15:02,20,-2,3847.5,-1239
2022-12-23 04:15:05,10,-4,3847.5,-1243
2022-12-23 04:15:06,1,-1,3847.25,-1244
2022-12-23 04:15:08,4,-4,3847.25,-1248
2022-12-23 04:15:16,1,-1,3847.25,-1249
2022-12-23 04:15:18,19,6,3847.5,-1243
2022-12-23 04:15:20,1,-1,3847.25,-1244
2022-12-23 04:15:26,10,-4,3847.5,-1248
2022-12-23 04:15:27,6,2,3847.25,-1246
2022-12-23 04:15:28,2,0,3847.25,-1246
2022-12-23 04:15:31,7,5,3847.25,-1241
2022-12-23 04:15:32,2,-2,3847.25,-1243
2022-12-23 04:15:33,1,-1,3847.25,-1244
2022-12-23 04:15:35,11,1,3847.25,-1243
2022-12-23 04:15:36,5,-5,3847.0,-1248
2022-12-23 04:15:37,3,2,3847.25,-1246
2022-12-23 04:15:39,23,-6,3847.5,-1252
2022-12-23 04:15:41,8,-4,3847.25,-1256
2022-12-23 04:15:44,2,2,3847.25,-1254
2022-12-23 04:15:46,3,2,3847.25,-1252
2022-12-23 04:15:48,28,-18,3847.0,-1270
2022-12-23 04:15:49,2,-2,3846.75,-1272
2022-12-23 04:15:50,10,-6,3846.75,-1278
2022-12-23 04:15:51,2,2,3846.75,-1276
2022-12-23 04:15:53,1,1,3846.75,-1275
2022-12-23 04:15:56,6,1,3847.0,-1274
2022-12-23 04:15:57,3,-3,3847.0,-1277
2022-12-23 04:15:58,1,-1,3847.0,-1278
2022-12-23 04:15:59,2,0,3847.0,-1278
2022-12-23 04:16:01,4,4,3847.0,-1274
2022-12-23 04:16:02,3,1,3847.0,-1273
2022-12-23 04:16:05,1,-1,3847.0,-1274
2022-12-23 04:16:06,1,-1,3847.0,-1275
2022-12-23 04:16:07,1,-1,3847.0,-1276
2022-12-23 04:16:08,7,-1,3847.0,-1277
2022-12-23 04:16:09,11,-8,3847.0,-1285
2022-12-23 04:16:11,8,2,3847.25,-1283
2022-12-23 04:16:14,1,-1,3847.0,-1284
2022-12-23 04:16:18,2,2,3847.25,-1282
2022-12-23 04:16:19,1,1,3847.25,-1281
2022-12-23 04:16:20,1,1,3847.25,-1280
2022-12-23 04:16:22,21,-2,3847.0,-1282
2022-12-23 04:16:23,1,1,3847.0,-1281
2022-12-23 04:16:24,1,-1,3847.0,-1282
2022-12-23 04:16:26,2,2,3847.25,-1280
2022-12-23 04:16:28,11,5,3847.5,-1275
2022-12-23 04:16:30,2,-2,3847.5,-1277
2022-12-23 04:16:32,1,1,3847.5,-1276
2022-12-23 04:16:33,5,-3,3847.25,-1279
2022-12-23 04:16:37,6,4,3847.25,-1275
2022-12-23 04:16:38,1,1,3847.5,-1274
2022-12-23 04:16:42,1,1,3847.5,-1273
2022-12-23 04:16:46,4,2,3847.5,-1271
2022-12-23 04:16:47,8,6,3847.5,-1265
2022-12-23 04:16:48,7,-4,3847.25,-1269
2022-12-23 04:16:50,1,1,3847.5,-1268
2022-12-23 04:16:51,1,1,3847.5,-1267
2022-12-23 04:16:52,2,-2,3847.5,-1269
2022-12-23 04:16:55,1,1,3847.25,-1268
2022-12-23 04:16:56,8,-8,3847.0,-1276
2022-12-23 04:16:58,1,1,3847.0,-1275
2022-12-23 04:16:59,1,-1,3847.0,-1276
2022-12-23 04:17:06,30,-12,3847.0,-1288
2022-12-23 04:17:09,42,-21,3846.5,-1309
2022-12-23 04:17:10,28,11,3846.5,-1298
2022-12-23 04:17:13,25,-14,3846.5,-1312
2022-12-23 04:17:14,4,2,3846.25,-1310
2022-12-23 04:17:15,2,-2,3846.0,-1312
2022-12-23 04:17:16,1,-1,3846.0,-1313
2022-12-23 04:17:17,16,-3,3846.25,-1316
2022-12-23 04:17:18,2,2,3846.25,-1314
2022-12-23 04:17:19,2,2,3846.25,-1312
2022-12-23 04:17:20,2,0,3846.25,-1312
2022-12-23 04:17:21,2,2,3846.25,-1310
2022-12-23 04:17:22,2,2,3846.0,-1308
2022-12-23 04:17:23,4,4,3846.0,-1304
2022-12-23 04:17:24,1,-1,3845.75,-1305
2022-12-23 04:17:25,5,-5,3845.75,-1310
2022-12-23 04:17:26,13,-3,3845.75,-1313
2022-12-23 04:17:27,32,-26,3845.5,-1339
2022-12-23 04:17:30,3,3,3845.25,-1336
2022-12-23 04:17:31,3,3,3845.25,-1333
2022-12-23 04:17:33,10,8,3845.25,-1325
2022-12-23 04:17:34,3,3,3845.25,-1322
2022-12-23 04:17:36,16,4,3845.5,-1318
2022-12-23 04:17:38,5,5,3845.25,-1313
2022-12-23 04:17:39,62,-9,3845.25,-1322
2022-12-23 04:17:41,2,-1,3845.0,-1323
2022-12-23 04:17:43,25,19,3845.75,-1304
2022-12-23 04:17:44,14,2,3845.75,-1302
2022-12-23 04:17:45,2,-1,3845.5,-1303
2022-12-23 04:17:46,2,-2,3845.75,-1305
2022-12-23 04:17:48,2,-1,3845.75,-1306
2022-12-23 04:17:49,1,-1,3845.75,-1307
2022-12-23 04:17:50,5,5,3845.75,-1302
2022-12-23 04:17:52,31,13,3846.0,-1289
2022-12-23 04:17:53,10,9,3846.0,-1280
2022-12-23 04:17:55,2,2,3846.0,-1278
2022-12-23 04:17:56,11,8,3846.25,-1270
2022-12-23 04:17:57,6,4,3846.5,-1266
2022-12-23 04:17:58,1,-1,3846.25,-1267
2022-12-23 04:17:59,2,0,3846.5,-1267
2022-12-23 04:18:00,4,-4,3846.25,-1271
2022-12-23 04:18:02,9,3,3846.25,-1268
2022-12-23 04:18:04,1,-1,3846.0,-1269
2022-12-23 04:18:05,7,0,3846.25,-1269
2022-12-23 04:18:06,3,3,3846.5,-1266
2022-12-23 04:18:07,12,4,3846.75,-1262
2022-12-23 04:18:08,1,1,3847.0,-1261
2022-12-23 04:18:10,2,-2,3846.75,-1263
2022-12-23 04:18:12,16,2,3847.0,-1261
2022-12-23 04:18:17,3,1,3846.75,-1260
2022-12-23 04:18:18,3,0,3846.75,-1260
2022-12-23 04:18:22,1,1,3847.0,-1259
2022-12-23 04:18:25,8,0,3847.0,-1259
2022-12-23 04:18:26,2,1,3847.0,-1258
2022-12-23 04:18:27,6,-6,3846.5,-1264
2022-12-23 04:18:31,12,-6,3846.25,-1270
2022-12-23 04:18:33,1,-1,3846.0,-1271
2022-12-23 04:18:34,4,0,3846.25,-1271
2022-12-23 04:18:36,3,-3,3846.0,-1274
2022-12-23 04:18:37,1,-1,3846.0,-1275
2022-12-23 04:18:38,2,2,3846.25,-1273
2022-12-23 04:18:40,22,7,3846.5,-1266
2022-12-23 04:18:45,4,-2,3846.25,-1268
2022-12-23 04:18:49,1,-1,3846.0,-1269
2022-12-23 04:18:53,1,-1,3846.0,-1270
2022-12-23 04:19:00,10,-2,3846.0,-1272
2022-12-23 04:19:01,1,-1,3846.0,-1273
2022-12-23 04:19:02,11,-1,3846.25,-1274
2022-12-23 04:19:03,3,0,3846.25,-1274
2022-12-23 04:19:06,2,1,3846.25,-1273
2022-12-23 04:19:14,8,5,3846.5,-1268
2022-12-23 04:19:16,1,1,3846.5,-1267
2022-12-23 04:19:17,8,0,3846.5,-1267
2022-12-23 04:19:18,1,1,3846.75,-1266
2022-12-23 04:19:19,2,0,3846.75,-1266
2022-12-23 04:19:20,10,5,3847.0,-1261
2022-12-23 04:19:21,1,-1,3846.75,-1262
2022-12-23 04:19:22,1,1,3847.0,-1261
2022-12-23 04:19:26,8,-2,3847.0,-1263
2022-12-23 04:19:28,1,1,3847.0,-1262
2022-12-23 04:19:29,3,3,3847.0,-1259
2022-12-23 04:19:31,12,4,3847.25,-1255
2022-12-23 04:19:35,2,2,3847.0,-1253
2022-12-23 04:19:38,16,1,3847.5,-1252
2022-12-23 04:19:42,2,2,3847.5,-1250
2022-12-23 04:19:44,13,-5,3847.25,-1255
2022-12-23 04:19:46,4,-4,3847.0,-1259
2022-12-23 04:19:47,3,3,3847.0,-1256
2022-12-23 04:19:48,2,-2,3847.0,-1258
2022-12-23 04:19:54,1,-1,3847.0,-1259
2022-12-23 04:19:56,3,-3,3847.0,-1262
2022-12-23 04:20:00,12,9,3847.25,-1253
2022-12-23 04:20:01,2,2,3847.25,-1251
2022-12-23 04:20:02,2,2,3847.25,-1249
2022-12-23 04:20:04,1,1,3847.5,-1248
2022-12-23 04:20:05,13,5,3847.75,-1243
2022-12-23 04:20:06,4,-4,3847.75,-1247
2022-12-23 04:20:07,7,3,3847.75,-1244
2022-12-23 04:20:08,4,-2,3847.5,-1246
2022-12-23 04:20:10,4,-4,3847.25,-1250
2022-12-23 04:20:11,6,-4,3847.25,-1254
2022-12-23 04:20:12,5,1,3847.25,-1253
2022-12-23 04:20:23,21,-6,3846.75,-1259
2022-12-23 04:20:29,6,-3,3846.5,-1262
2022-12-23 04:20:30,6,5,3846.5,-1257
2022-12-23 04:20:40,1,-1,3846.5,-1258
2022-12-23 04:20:41,1,1,3846.5,-1257
2022-12-23 04:20:45,2,2,3846.75,-1255
2022-12-23 04:20:55,8,-5,3846.5,-1260
2022-12-23 04:20:58,8,6,3847.0,-1254
2022-12-23 04:20:59,2,0,3846.75,-1254
2022-12-23 04:21:00,1,1,3846.75,-1253
2022-12-23 04:21:01,5,-3,3846.5,-1256
2022-12-23 04:21:03,5,4,3846.5,-1252
2022-12-23 04:21:04,1,1,3846.5,-1251
2022-12-23 04:21:05,3,0,3846.75,-1251
2022-12-23 04:21:13,5,3,3846.75,-1248
2022-12-23 04:21:23,6,4,3846.75,-1244
2022-12-23 04:21:27,1,-1,3846.75,-1245
2022-12-23 04:21:30,2,0,3846.75,-1245
2022-12-23 04:21:31,12,-8,3846.5,-1253
2022-12-23 04:21:33,1,-1,3846.25,-1254
2022-12-23 04:21:40,2,2,3846.5,-1252
2022-12-23 04:21:44,8,-8,3846.25,-1260
2022-12-23 04:21:45,2,2,3846.25,-1258
2022-12-23 04:21:47,1,-1,3846.0,-1259
2022-12-23 04:21:50,1,1,3846.5,-1258
2022-12-23 04:21:52,1,-1,3846.5,-1259
2022-12-23 04:21:53,1,-1,3846.5,-1260
2022-12-23 04:21:55,1,1,3846.75,-1259
2022-12-23 04:21:56,5,4,3846.75,-1255
2022-12-23 04:21:58,3,-1,3846.75,-1256
2022-12-23 04:21:59,16,-5,3846.75,-1261
2022-12-23 04:22:00,3,-3,3846.5,-1264
2022-12-23 04:22:01,1,1,3846.5,-1263
2022-12-23 04:22:03,1,-1,3846.25,-1264
2022-12-23 04:22:08,1,-1,3846.25,-1265
2022-12-23 04:22:12,1,-1,3846.25,-1266
2022-12-23 04:22:14,1,-1,3846.25,-1267
2022-12-23 04:22:15,1,1,3846.5,-1266
2022-12-23 04:22:18,7,6,3846.5,-1260
2022-12-23 04:22:19,1,1,3846.5,-1259
2022-12-23 04:22:20,12,1,3846.5,-1258
2022-12-23 04:22:22,3,3,3846.25,-1255
2022-12-23 04:22:24,10,8,3846.25,-1247
2022-12-23 04:22:25,1,-1,3846.25,-1248
2022-12-23 04:22:26,8,4,3846.25,-1244
2022-12-23 04:22:30,13,-8,3846.25,-1252
2022-12-23 04:22:31,1,-1,3846.25,-1253
2022-12-23 04:22:34,1,-1,3846.25,-1254
2022-12-23 04:22:36,4,-3,3846.25,-1257
2022-12-23 04:22:39,6,4,3846.5,-1253
2022-12-23 04:22:40,6,-5,3846.5,-1258
2022-12-23 04:22:41,1,-1,3846.5,-1259
2022-12-23 04:22:42,3,-1,3846.5,-1260
2022-12-23 04:22:44,15,14,3846.25,-1246
2022-12-23 04:22:45,28,-10,3846.0,-1256
2022-12-23 04:22:47,1,-1,3846.0,-1257
2022-12-23 04:22:49,2,-2,3846.0,-1259
2022-12-23 04:22:50,1,1,3846.0,-1258
2022-12-23 04:22:51,8,-5,3845.75,-1263
2022-12-23 04:22:52,6,2,3845.75,-1261
2022-12-23 04:22:53,2,-2,3845.75,-1263
2022-12-23 04:22:55,6,0,3845.75,-1263
2022-12-23 04:23:01,1,-1,3845.75,-1264
2022-12-23 04:23:03,4,-4,3845.75,-1268
2022-12-23 04:23:04,2,2,3845.75,-1266
2022-12-23 04:23:06,17,-15,3845.5,-1281
2022-12-23 04:23:07,7,7,3845.75,-1274
2022-12-23 04:23:08,4,-1,3845.75,-1275
2022-12-23 04:23:09,1,1,3845.75,-1274
2022-12-23 04:23:10,1,-1,3845.75,-1275
2022-12-23 04:23:14,2,1,3845.75,-1274
2022-12-23 04:23:16,4,2,3846.0,-1272
2022-12-23 04:23:17,1,-1,3845.75,-1273
2022-12-23 04:23:21,3,3,3846.0,-1270
2022-12-23 04:23:24,1,-1,3846.0,-1271
2022-12-23 04:23:25,1,-1,3846.0,-1272
2022-12-23 04:23:26,1,1,3846.0,-1271
2022-12-23 04:23:33,1,1,3846.25,-1270
2022-12-23 04:23:34,4,-4,3846.0,-1274
2022-12-23 04:23:35,2,2,3846.0,-1272
2022-12-23 04:23:37,16,-4,3846.0,-1276
2022-12-23 04:23:38,3,-2,3846.0,-1278
2022-12-23 04:23:49,8,2,3846.25,-1276
2022-12-23 04:23:50,1,1,3846.5,-1275
2022-12-23 04:23:51,20,5,3846.75,-1270
2022-12-23 04:23:53,8,-6,3846.75,-1276
2022-12-23 04:23:55,1,1,3846.75,-1275
2022-12-23 04:23:56,1,1,3846.75,-1274
2022-12-23 04:23:57,12,10,3847.0,-1264
2022-12-23 04:23:58,2,2,3847.25,-1262
2022-12-23 04:24:02,5,1,3847.25,-1261
2022-12-23 04:24:04,3,3,3847.25,-1258
2022-12-23 04:24:05,4,-2,3847.25,-1260
2022-12-23 04:24:07,1,-1,3847.25,-1261
2022-12-23 04:24:09,4,-4,3847.25,-1265
2022-12-23 04:24:10,11,-3,3847.25,-1268
2022-12-23 04:24:15,3,3,3847.25,-1265
2022-12-23 04:24:17,2,2,3847.25,-1263
2022-12-23 04:24:19,7,7,3847.5,-1256
2022-12-23 04:24:21,8,14,3847.75,-1242
2022-12-23 04:24:22,2,-1,3847.5,-1243
2022-12-23 04:24:26,19,-11,3847.25,-1254
2022-12-23 04:24:27,1,-1,3847.0,-1255
2022-12-23 04:24:30,3,1,3847.0,-1254
2022-12-23 04:24:31,4,-3,3847.0,-1257
2022-12-23 04:24:34,1,-1,3847.0,-1258
2022-12-23 04:24:39,3,-3,3846.75,-1261
2022-12-23 04:24:40,1,1,3847.0,-1260
2022-12-23 04:24:42,1,-1,3847.0,-1261
2022-12-23 04:24:43,3,-1,3847.25,-1262
2022-12-23 04:24:46,2,-2,3847.0,-1264
2022-12-23 04:24:51,11,4,3847.25,-1260
2022-12-23 04:24:52,1,-1,3847.25,-1261
2022-12-23 04:24:56,1,1,3847.25,-1260
2022-12-23 04:25:00,3,-1,3847.25,-1261
2022-12-23 04:25:02,15,-9,3847.0,-1270
2022-12-23 04:25:03,5,-1,3846.75,-1271
2022-12-23 04:25:06,1,1,3847.0,-1270
2022-12-23 04:25:08,2,0,3846.75,-1270
2022-12-23 04:25:10,1,-1,3846.75,-1271
2022-12-23 04:25:14,1,-1,3846.75,-1272
2022-12-23 04:25:15,1,1,3846.75,-1271
2022-12-23 04:25:17,1,1,3846.75,-1270
2022-12-23 04:25:22,5,3,3847.0,-1267
2022-12-23 04:25:26,6,-4,3846.5,-1271
2022-12-23 04:25:37,1,1,3846.75,-1270
2022-12-23 04:25:38,6,-2,3846.75,-1272
2022-12-23 04:25:39,4,-5,3846.75,-1277
2022-12-23 04:25:41,1,1,3846.75,-1276
2022-12-23 04:25:45,2,-2,3846.75,-1278
2022-12-23 04:25:47,4,-1,3846.75,-1279
2022-12-23 04:25:48,1,-1,3846.75,-1280
2022-12-23 04:25:52,5,-3,3846.75,-1283
2022-12-23 04:25:58,3,1,3846.75,-1282
2022-12-23 04:25:59,3,2,3846.75,-1280
2022-12-23 04:26:01,7,-7,3846.75,-1287
2022-12-23 04:26:10,7,6,3846.75,-1281
2022-12-23 04:26:15,7,-3,3846.5,-1284
2022-12-23 04:26:24,4,-4,3846.25,-1288
2022-12-23 04:26:25,1,-1,3846.25,-1289
2022-12-23 04:26:26,19,-12,3846.25,-1301
2022-12-23 04:26:27,13,4,3846.5,-1297
2022-12-23 04:26:29,1,-1,3846.25,-1298
2022-12-23 04:26:31,2,2,3846.5,-1296
2022-12-23 04:26:36,11,-9,3846.5,-1305
2022-12-23 04:26:45,3,3,3846.5,-1302
2022-12-23 04:26:47,2,2,3846.5,-1300
2022-12-23 04:26:48,5,5,3846.75,-1295
2022-12-23 04:26:56,9,-1,3846.75,-1296
2022-12-23 04:26:57,1,1,3847.0,-1295
2022-12-23 04:26:58,8,8,3847.0,-1287
2022-12-23 04:27:02,1,1,3847.0,-1286
2022-12-23 04:27:03,2,2,3847.0,-1284
2022-12-23 04:27:06,5,-1,3847.0,-1285
2022-12-23 04:27:11,2,0,3847.0,-1285
2022-12-23 04:27:13,2,-2,3847.0,-1287
2022-12-23 04:27:17,2,2,3847.25,-1285
2022-12-23 04:27:18,1,1,3847.25,-1284
2022-12-23 04:27:20,3,-3,3847.0,-1287
2022-12-23 04:27:25,3,3,3847.25,-1284
2022-12-23 04:27:31,6,3,3847.5,-1281
2022-12-23 04:27:37,1,1,3847.5,-1280
2022-12-23 04:27:39,13,-9,3847.25,-1289
2022-12-23 04:27:41,2,0,3847.25,-1289
2022-12-23 04:27:43,12,-6,3847.0,-1295
2022-12-23 04:27:52,25,1,3847.0,-1294
2022-12-23 04:27:57,10,-8,3846.75,-1302
2022-12-23 04:28:00,3,-3,3846.75,-1305
2022-12-23 04:28:01,4,3,3846.75,-1302
2022-12-23 04:28:02,1,-1,3846.75,-1303
2022-12-23 04:28:04,1,1,3846.75,-1302
2022-12-23 04:28:08,2,2,3847.0,-1300
2022-12-23 04:28:19,62,-72,3846.75,-1372
2022-12-23 04:28:21,1,1,3846.5,-1371
2022-12-23 04:28:26,12,-8,3846.25,-1379
2022-12-23 04:28:27,3,-1,3846.25,-1380
2022-12-23 04:28:32,6,-5,3846.25,-1385
2022-12-23 04:28:33,1,-1,3846.0,-1386
2022-12-23 04:28:36,17,-14,3846.0,-1400
2022-12-23 04:28:37,12,-7,3845.75,-1407
2022-12-23 04:28:38,1,-1,3845.5,-1408
2022-12-23 04:28:40,8,6,3845.75,-1402
2022-12-23 04:28:47,5,1,3846.0,-1401
2022-12-23 04:28:51,6,-6,3845.75,-1407
2022-12-23 04:28:54,2,0,3845.75,-1407
2022-12-23 04:28:57,2,0,3845.75,-1407
2022-12-23 04:28:58,2,-1,3845.5,-1408
2022-12-23 04:29:00,1,-1,3845.5,-1409
2022-12-23 04:29:02,2,2,3845.75,-1407
2022-12-23 04:29:04,11,9,3845.75,-1398
2022-12-23 04:29:05,1,1,3845.75,-1397
2022-12-23 04:29:06,6,4,3845.75,-1393
2022-12-23 04:29:09,45,-13,3845.75,-1406
2022-12-23 04:29:10,1,-1,3845.5,-1407
2022-12-23 04:29:13,6,-6,3845.5,-1413
2022-12-23 04:29:14,5,-1,3845.5,-1414
2022-12-23 04:29:16,2,-2,3845.25,-1416
2022-12-23 04:29:17,1,-1,3845.25,-1417
2022-12-23 04:29:19,1,1,3845.5,-1416
2022-12-23 04:29:22,1,-1,3845.25,-1417
2022-12-23 04:29:25,1,-1,3845.25,-1418
2022-12-23 04:29:30,18,18,3845.75,-1400
2022-12-23 04:29:31,5,3,3845.75,-1397
2022-12-23 04:29:32,2,1,3845.75,-1396
2022-12-23 04:29:33,4,2,3845.75,-1394
2022-12-23 04:29:34,1,-1,3845.75,-1395
2022-12-23 04:29:35,1,1,3846.0,-1394
2022-12-23 04:29:39,1,1,3846.0,-1393
2022-12-23 04:29:42,2,0,3846.0,-1393
2022-12-23 04:29:47,1,1,3846.25,-1392
2022-12-23 04:29:53,23,21,3846.25,-1371
2022-12-23 04:30:00,13,3,3846.25,-1368
2022-12-23 04:30:01,1,1,3846.25,-1367
2022-12-23 04:30:03,5,3,3846.25,-1364
2022-12-23 04:30:06,9,1,3846.25,-1363
2022-12-23 04:30:09,1,1,3846.25,-1362
2022-12-23 04:30:15,1,-1,3846.25,-1363
2022-12-23 04:30:16,1,1,3846.5,-1362
2022-12-23 04:30:20,1,1,3846.5,-1361
2022-12-23 04:30:24,15,-2,3846.5,-1363
2022-12-23 04:30:25,1,-1,3846.25,-1364
2022-12-23 04:30:28,10,8,3846.75,-1356
2022-12-23 04:30:29,4,-3,3846.5,-1359
2022-12-23 04:30:30,1,1,3846.5,-1358
2022-12-23 04:30:31,1,1,3846.5,-1357
2022-12-23 04:30:32,1,-1,3846.25,-1358
2022-12-23 04:30:33,1,1,3846.25,-1357
2022-12-23 04:30:34,1,1,3846.25,-1356
2022-12-23 04:30:41,6,2,3846.5,-1354
2022-12-23 04:30:43,1,1,3846.5,-1353
2022-12-23 04:30:44,3,-1,3846.25,-1354
2022-12-23 04:30:45,25,-15,3846.0,-1369
2022-12-23 04:30:46,1,-1,3845.75,-1370
2022-12-23 04:30:49,4,4,3846.0,-1366
2022-12-23 04:30:53,1,-1,3845.75,-1367
2022-12-23 04:30:57,1,-1,3845.75,-1368
2022-12-23 04:30:59,10,1,3846.0,-1367
2022-12-23 04:31:02,4,-2,3846.0,-1369
2022-12-23 04:31:03,2,0,3846.25,-1369
2022-12-23 04:31:05,5,-4,3846.0,-1373
2022-12-23 04:31:14,62,11,3846.5,-1362
2022-12-23 04:31:15,3,1,3846.5,-1361
2022-12-23 04:31:16,1,1,3846.75,-1360
2022-12-23 04:31:18,23,-13,3846.5,-1373
2022-12-23 04:31:20,1,1,3846.5,-1372
2022-12-23 04:31:21,4,0,3846.5,-1372
2022-12-23 04:31:23,10,-6,3846.5,-1378
2022-12-23 04:31:24,3,-1,3846.25,-1379
2022-12-23 04:31:25,10,-3,3846.25,-1382
2022-12-23 04:31:26,7,4,3846.0,-1378
2022-12-23 04:31:29,2,-2,3845.75,-1380
2022-12-23 04:31:31,10,10,3846.25,-1370
2022-12-23 04:31:33,3,-3,3846.25,-1373
2022-12-23 04:31:46,5,-1,3846.25,-1374
2022-12-23 04:31:48,2,2,3846.25,-1372
2022-12-23 04:31:49,2,2,3846.25,-1370
2022-12-23 04:31:55,1,1,3846.5,-1369
2022-12-23 04:31:59,2,2,3846.5,-1367
2022-12-23 04:32:01,2,2,3846.5,-1365
2022-12-23 04:32:03,11,-2,3846.5,-1367
2022-12-23 04:32:04,1,-1,3846.5,-1368
2022-12-23 04:32:05,55,63,3847.25,-1305
2022-12-23 04:32:06,1,-1,3847.0,-1306
2022-12-23 04:32:07,1,-1,3847.0,-1307
2022-12-23 04:32:08,1,1,3847.25,-1306
2022-12-23 04:32:11,7,3,3847.25,-1303
2022-12-23 04:32:12,11,-4,3847.25,-1307
2022-12-23 04:32:13,1,-1,3847.25,-1308
2022-12-23 04:32:14,1,-1,3847.25,-1309
2022-12-23 04:32:15,3,1,3847.25,-1308
2022-12-23 04:32:16,1,1,3847.25,-1307
2022-12-23 04:32:17,2,2,3847.25,-1305
2022-12-23 04:32:22,11,4,3847.5,-1301
2022-12-23 04:32:24,3,3,3847.75,-1298
2022-12-23 04:32:25,9,-3,3847.5,-1301
2022-12-23 04:32:26,51,42,3847.75,-1259
2022-12-23 04:32:27,4,2,3847.75,-1257
2022-12-23 04:32:29,2,-2,3847.5,-1259
2022-12-23 04:32:36,2,-1,3847.75,-1260
2022-12-23 04:32:40,54,-9,3847.75,-1269
2022-12-23 04:32:41,2,-2,3847.5,-1271
2022-12-23 04:32:45,4,4,3847.75,-1267
2022-12-23 04:32:48,7,2,3847.75,-1265
2022-12-23 04:32:49,3,-2,3847.75,-1267
2022-12-23 04:32:50,4,-4,3847.75,-1271
2022-12-23 04:32:51,15,7,3847.5,-1264
2022-12-23 04:32:55,14,1,3847.75,-1263
2022-12-23 04:32:59,3,3,3847.75,-1260
2022-12-23 04:33:00,4,-1,3847.75,-1261
2022-12-23 04:33:01,1,1,3847.75,-1260
2022-12-23 04:33:02,5,1,3847.75,-1259
2022-12-23 04:33:03,1,1,3847.75,-1258
2022-12-23 04:33:07,71,33,3848.25,-1225
2022-12-23 04:33:08,4,4,3848.5,-1221
2022-12-23 04:33:09,12,6,3848.5,-1215
2022-12-23 04:33:10,2,-2,3848.5,-1217
2022-12-23 04:33:12,1,-1,3848.25,-1218
2022-12-23 04:33:13,2,0,3848.5,-1218
2022-12-23 04:33:15,37,15,3849.25,-1203
2022-12-23 04:33:16,3,-3,3849.0,-1206
2022-12-23 04:33:17,2,0,3849.0,-1206
2022-12-23 04:33:18,5,-4,3849.0,-1210
2022-12-23 04:33:19,6,-3,3849.0,-1213
2022-12-23 04:33:20,1,-1,3848.75,-1214
2022-12-23 04:33:21,7,-1,3849.0,-1215
2022-12-23 04:33:22,3,-3,3848.75,-1218
2022-12-23 04:33:23,2,2,3849.0,-1216
2022-12-23 04:33:24,2,-2,3849.0,-1218
2022-12-23 04:33:28,4,-2,3849.0,-1220
2022-12-23 04:33:30,6,-2,3849.0,-1222
2022-12-23 04:33:33,1,1,3849.0,-1221
2022-12-23 04:33:40,5,-3,3848.75,-1224
2022-12-23 04:33:41,2,-1,3848.75,-1225
2022-12-23 04:33:43,5,1,3849.0,-1224
2022-12-23 04:33:44,2,0,3848.75,-1224
2022-12-23 04:33:57,12,-4,3848.75,-1228
2022-12-23 04:34:00,1,-1,3848.75,-1229
2022-12-23 04:34:01,1,-1,3848.75,-1230
2022-12-23 04:34:06,13,-4,3848.75,-1234
2022-12-23 04:34:08,12,-14,3848.5,-1248
2022-12-23 04:34:09,3,3,3848.75,-1245
2022-12-23 04:34:14,1,1,3848.5,-1244
2022-12-23 04:34:15,3,3,3848.75,-1241
2022-12-23 04:34:17,4,-4,3848.5,-1245
2022-12-23 04:34:19,2,-2,3848.5,-1247
2022-12-23 04:34:20,3,1,3848.5,-1246
2022-12-23 04:34:21,1,1,3848.5,-1245
2022-12-23 04:34:23,1,1,3848.75,-1244
2022-12-23 04:34:24,9,-5,3848.5,-1249
2022-12-23 04:34:26,4,2,3848.75,-1247
2022-12-23 04:34:33,10,-1,3848.75,-1248
2022-12-23 04:34:36,2,2,3848.75,-1246
2022-12-23 04:34:37,6,-2,3848.5,-1248
2022-12-23 04:34:40,3,3,3848.75,-1245
2022-12-23 04:34:44,1,1,3849.0,-1244
2022-12-23 04:34:48,3,1,3848.75,-1243
2022-12-23 04:34:53,6,-3,3848.75,-1246
2022-12-23 04:34:58,19,13,3849.0,-1233
2022-12-23 04:35:00,4,-3,3849.0,-1236
2022-12-23 04:35:01,2,-1,3849.0,-1237
2022-12-23 04:35:04,16,-15,3849.0,-1252
2022-12-23 04:35:06,1,-1,3848.5,-1253
2022-12-23 04:35:09,2,0,3848.75,-1253
2022-12-23 04:35:10,13,-4,3848.5,-1257
2022-12-23 04:35:11,3,0,3848.5,-1257
2022-12-23 04:35:19,2,-1,3848.5,-1258
2022-12-23 04:35:21,24,-9,3848.25,-1267
2022-12-23 04:35:23,11,-10,3848.0,-1277
2022-12-23 04:35:25,9,-7,3848.0,-1284
2022-12-23 04:35:27,5,3,3848.0,-1281
2022-12-23 04:35:28,5,-1,3847.75,-1282
2022-12-23 04:35:30,1,1,3847.75,-1281
2022-12-23 04:35:31,2,2,3847.75,-1279
2022-12-23 04:35:33,3,-3,3847.75,-1282
2022-12-23 04:35:34,3,3,3847.75,-1279
2022-12-23 04:35:46,1,1,3848.0,-1278
2022-12-23 04:35:47,8,-4,3847.75,-1282
2022-12-23 04:35:51,19,5,3848.0,-1277
2022-12-23 04:35:52,1,1,3848.25,-1276
2022-12-23 04:35:55,1,-1,3848.0,-1277
2022-12-23 04:35:56,1,1,3848.25,-1276
2022-12-23 04:36:01,1,-1,3848.25,-1277
2022-12-23 04:36:04,1,-1,3848.25,-1278
2022-12-23 04:36:05,2,2,3848.5,-1276
2022-12-23 04:36:09,6,5,3848.5,-1271
2022-12-23 04:36:10,2,2,3848.75,-1269
2022-12-23 04:36:12,4,-4,3848.75,-1273
2022-12-23 04:36:13,1,1,3848.75,-1272
2022-12-23 04:36:17,3,2,3849.0,-1270
2022-12-23 04:36:21,6,-4,3848.75,-1274
2022-12-23 04:36:22,1,-1,3848.75,-1275
2022-12-23 04:36:25,5,-3,3848.5,-1278
2022-12-23 04:36:26,3,-3,3848.25,-1281
2022-12-23 04:36:27,12,5,3848.0,-1276
2022-12-23 04:36:29,2,-2,3848.0,-1278
2022-12-23 04:36:30,1,-1,3848.0,-1279
2022-12-23 04:36:38,1,-1,3848.0,-1280
2022-12-23 04:36:42,2,-1,3848.0,-1281
2022-12-23 04:36:44,3,1,3848.0,-1280
2022-12-23 04:36:52,7,7,3848.0,-1273
2022-12-23 04:36:53,8,2,3848.0,-1271
2022-12-23 04:36:54,2,2,3848.0,-1269
2022-12-23 04:36:57,1,-1,3848.0,-1270
2022-12-23 04:37:00,14,4,3848.25,-1266
2022-12-23 04:37:01,1,-1,3848.25,-1267
2022-12-23 04:37:02,6,-5,3848.25,-1272
2022-12-23 04:37:04,1,1,3848.25,-1271
2022-12-23 04:37:07,2,-2,3848.0,-1273
2022-12-23 04:37:08,1,1,3848.0,-1272
2022-12-23 04:37:09,2,2,3848.0,-1270
2022-12-23 04:37:12,3,3,3848.25,-1267
2022-12-23 04:37:14,4,-4,3848.25,-1271
2022-12-23 04:37:21,1,1,3848.25,-1270
2022-12-23 04:37:22,7,-5,3848.25,-1275
2022-12-23 04:37:23,3,2,3848.25,-1273
2022-12-23 04:37:25,1,-1,3848.25,-1274
2022-12-23 04:37:41,4,4,3848.25,-1270
2022-12-23 04:37:42,2,0,3848.5,-1270
2022-12-23 04:37:47,8,5,3848.5,-1265
2022-12-23 04:37:51,4,4,3848.75,-1261
2022-12-23 04:37:52,11,-6,3848.75,-1267
2022-12-23 04:37:53,3,0,3848.75,-1267
2022-12-23 04:37:59,2,-2,3848.75,-1269
2022-12-23 04:38:00,3,-3,3848.75,-1272
2022-12-23 04:38:01,7,-6,3848.5,-1278
2022-12-23 04:38:02,1,-1,3848.5,-1279
2022-12-23 04:38:10,4,-3,3848.25,-1282
2022-12-23 04:38:11,3,3,3848.5,-1279
2022-12-23 04:38:13,5,3,3848.5,-1276
2022-12-23 04:38:17,14,-14,3848.5,-1290
2022-12-23 04:38:22,1,-1,3848.0,-1291
2022-12-23 04:38:25,7,-6,3848.0,-1297
2022-12-23 04:38:31,36,-9,3847.75,-1306
2022-12-23 04:38:32,8,-6,3847.25,-1312
2022-12-23 04:38:33,21,20,3847.5,-1292
2022-12-23 04:38:36,8,-4,3847.25,-1296
2022-12-23 04:38:40,17,-11,3847.0,-1307
2022-12-23 04:38:41,6,4,3847.0,-1303
2022-12-23 04:38:42,1,-1,3847.0,-1304
2022-12-23 04:38:45,1,-1,3847.0,-1305
2022-12-23 04:38:53,8,0,3847.25,-1305
2022-12-23 04:38:55,1,1,3847.25,-1304
2022-12-23 04:39:00,1,-1,3847.0,-1305
2022-12-23 04:39:01,5,-5,3847.0,-1310
2022-12-23 04:39:02,11,-8,3846.75,-1318
2022-12-23 04:39:03,4,0,3847.0,-1318
2022-12-23 04:39:05,1,-1,3846.5,-1319
2022-12-23 04:39:09,1,-1,3846.75,-1320
2022-12-23 04:39:12,1,-1,3846.75,-1321
2022-12-23 04:39:17,23,15,3847.0,-1306
2022-12-23 04:39:18,1,1,3847.0,-1305
2022-12-23 04:39:20,5,-5,3846.75,-1310
2022-12-23 04:39:22,8,-7,3846.75,-1317
2022-12-23 04:39:25,4,4,3846.75,-1313
2022-12-23 04:39:31,1,-1,3846.75,-1314
2022-12-23 04:39:33,10,3,3847.0,-1311
2022-12-23 04:39:34,1,-1,3847.0,-1312
2022-12-23 04:39:48,8,5,3847.25,-1307
2022-12-23 04:39:50,4,4,3847.25,-1303
2022-12-23 04:39:54,7,5,3847.5,-1298
2022-12-23 04:39:57,2,-2,3847.5,-1300
2022-12-23 04:40:02,1,-1,3847.5,-1301
2022-12-23 04:40:03,2,2,3847.75,-1299
2022-12-23 04:40:06,4,4,3847.75,-1295
2022-12-23 04:40:07,1,1,3847.75,-1294
2022-12-23 04:40:10,1,1,3847.75,-1293
2022-12-23 04:40:11,8,8,3847.75,-1285
2022-12-23 04:40:12,9,7,3848.25,-1278
2022-12-23 04:40:13,1,-1,3848.0,-1279
2022-12-23 04:40:15,10,-5,3848.0,-1284
2022-12-23 04:40:16,4,-4,3847.75,-1288
2022-12-23 04:40:18,4,2,3847.75,-1286
2022-12-23 04:40:20,1,-1,3847.75,-1287
2022-12-23 04:40:21,2,-2,3847.75,-1289
2022-12-23 04:40:27,2,-2,3847.5,-1291
2022-12-23 04:40:31,2,2,3847.75,-1289
2022-12-23 04:40:34,3,-3,3847.75,-1292
2022-12-23 04:40:40,1,1,3847.75,-1291
2022-12-23 04:40:41,4,4,3847.75,-1287
2022-12-23 04:40:42,8,-8,3847.75,-1295
2022-12-23 04:40:43,4,-2,3847.75,-1297
2022-12-23 04:40:49,2,-2,3847.75,-1299
2022-12-23 04:40:51,2,-2,3847.75,-1301
2022-12-23 04:40:52,3,-1,3848.0,-1302
2022-12-23 04:40:56,3,3,3848.0,-1299
2022-12-23 04:40:58,3,-3,3848.0,-1302
2022-12-23 04:40:59,2,2,3848.25,-1300
2022-12-23 04:41:00,1,1,3848.25,-1299
2022-12-23 04:41:01,1,1,3848.25,-1298
2022-12-23 04:41:03,1,-1,3848.25,-1299
2022-12-23 04:41:06,2,2,3848.25,-1297
2022-12-23 04:41:08,8,-5,3848.0,-1302
2022-12-23 04:41:09,2,2,3848.0,-1300
2022-12-23 04:41:14,2,2,3848.25,-1298
2022-12-23 04:41:15,6,-6,3848.0,-1304
2022-12-23 04:41:16,1,1,3848.25,-1303
2022-12-23 04:41:20,1,-1,3848.25,-1304
2022-12-23 04:41:22,9,7,3848.25,-1297
2022-12-23 04:41:24,1,1,3848.25,-1296
2022-12-23 04:41:25,1,1,3848.25,-1295
2022-12-23 04:41:27,9,8,3848.5,-1287
2022-12-23 04:41:30,9,-1,3848.75,-1288
2022-12-23 04:41:31,1,1,3848.75,-1287
2022-12-23 04:41:32,11,-1,3848.75,-1288
2022-12-23 04:41:33,2,0,3848.75,-1288
2022-12-23 04:41:34,5,5,3848.75,-1283
2022-12-23 04:41:35,1,-1,3848.75,-1284
2022-12-23 04:41:38,1,-1,3848.75,-1285
2022-12-23 04:41:39,1,-1,3848.75,-1286
2022-12-23 04:41:40,4,4,3848.75,-1282
2022-12-23 04:41:46,2,0,3848.75,-1282
2022-12-23 04:41:52,7,-5,3848.75,-1287
2022-12-23 04:41:54,5,-5,3848.75,-1292
2022-12-23 04:41:55,2,0,3848.75,-1292
2022-12-23 04:41:57,2,-2,3848.75,-1294
2022-12-23 04:42:03,4,4,3849.0,-1290
2022-12-23 04:42:06,2,-2,3848.75,-1292
2022-12-23 04:42:08,2,2,3848.75,-1290
2022-12-23 04:42:12,4,-4,3848.5,-1294
2022-12-23 04:42:17,7,6,3848.5,-1288
2022-12-23 04:42:20,2,2,3848.5,-1286
2022-12-23 04:42:21,10,4,3848.75,-1282
2022-12-23 04:42:22,5,3,3848.75,-1279
2022-12-23 04:42:26,1,1,3848.75,-1278
2022-12-23 04:42:30,1,-1,3848.75,-1279
2022-12-23 04:42:31,11,-8,3848.75,-1287
2022-12-23 04:42:43,16,13,3849.25,-1274
2022-12-23 04:42:50,1,-1,3849.0,-1275
2022-12-23 04:42:56,1,1,3849.25,-1274
2022-12-23 04:42:58,1,1,3849.25,-1273
2022-12-23 04:43:02,12,-4,3849.0,-1277
2022-12-23 04:43:04,9,-6,3848.75,-1283
2022-12-23 04:43:05,10,2,3848.5,-1281
2022-12-23 04:43:07,2,-2,3848.5,-1283
2022-12-23 04:43:08,2,2,3848.5,-1281
2022-12-23 04:43:10,5,3,3848.75,-1278
2022-12-23 04:43:13,4,-3,3848.75,-1281
2022-12-23 04:43:15,5,-5,3848.5,-1286
2022-12-23 04:43:18,1,1,3848.5,-1285
2022-12-23 04:43:20,7,-5,3848.5,-1290
2022-12-23 04:43:22,12,-10,3848.25,-1300
2022-12-23 04:43:25,17,-13,3848.0,-1313
2022-12-23 04:43:27,8,0,3848.0,-1313
2022-12-23 04:43:28,1,1,3848.0,-1312
2022-12-23 04:43:30,6,2,3848.25,-1310
2022-12-23 04:43:35,3,3,3848.5,-1307
2022-12-23 04:43:36,1,1,3848.75,-1306
2022-12-23 04:43:38,1,1,3848.75,-1305
2022-12-23 04:43:39,1,-1,3848.5,-1306
2022-12-23 04:43:44,4,-4,3848.5,-1310
2022-12-23 04:43:51,8,-2,3848.75,-1312
2022-12-23 04:43:54,3,-3,3848.5,-1315
2022-12-23 04:43:55,3,3,3848.5,-1312
2022-12-23 04:43:57,1,-1,3848.5,-1313
2022-12-23 04:43:59,3,3,3848.5,-1310
2022-12-23 04:44:01,1,-1,3848.5,-1311
2022-12-23 04:44:03,2,0,3848.75,-1311
2022-12-23 04:44:05,7,-1,3848.5,-1312
2022-12-23 04:44:06,3,3,3848.5,-1309
2022-12-23 04:44:10,16,-7,3848.5,-1316
2022-12-23 04:44:11,1,-1,3848.5,-1317
2022-12-23 04:44:14,5,-4,3848.5,-1321
2022-12-23 04:44:15,5,-3,3848.5,-1324
2022-12-23 04:44:22,5,1,3848.5,-1323
2022-12-23 04:44:23,3,-3,3848.5,-1326
2022-12-23 04:44:27,11,1,3848.5,-1325
2022-12-23 04:44:30,1,-1,3848.25,-1326
2022-12-23 04:44:31,3,-3,3848.25,-1329
2022-12-23 04:44:32,17,0,3848.25,-1329
2022-12-23 04:44:35,4,-2,3848.25,-1331
2022-12-23 04:44:38,15,2,3848.25,-1329
2022-12-23 04:44:39,24,-20,3848.0,-1349
2022-12-23 04:44:40,7,5,3848.0,-1344
2022-12-23 04:44:44,87,-9,3848.0,-1353
2022-12-23 04:44:45,6,4,3848.0,-1349
2022-12-23 04:44:46,16,0,3848.25,-1349
2022-12-23 04:44:48,3,-2,3848.0,-1351
2022-12-23 04:44:49,4,-4,3848.0,-1355
2022-12-23 04:44:52,1,-1,3847.75,-1356
2022-12-23 04:44:54,1,1,3847.75,-1355
2022-12-23 04:44:59,19,-11,3847.5,-1366
2022-12-23 04:45:01,7,-7,3847.5,-1373
2022-12-23 04:45:04,4,4,3847.75,-1369
2022-12-23 04:45:05,8,8,3848.25,-1361
2022-12-23 04:45:14,4,3,3848.5,-1358
2022-12-23 04:45:15,6,-6,3848.5,-1364
2022-12-23 04:45:20,7,3,3848.5,-1361
2022-12-23 04:45:21,1,-1,3848.25,-1362
2022-12-23 04:45:27,8,-8,3848.25,-1370
2022-12-23 04:45:29,4,4,3848.25,-1366
2022-12-23 04:45:41,5,4,3848.5,-1362
2022-12-23 04:45:49,3,-3,3848.5,-1365
2022-12-23 04:45:50,44,42,3849.0,-1323
2022-12-23 04:45:51,4,-2,3848.75,-1325
2022-12-23 04:45:52,7,6,3849.0,-1319
2022-12-23 04:45:55,4,-4,3849.0,-1323
2022-12-23 04:45:56,2,2,3849.0,-1321
2022-12-23 04:45:59,7,-1,3849.0,-1322
2022-12-23 04:46:00,2,2,3849.0,-1320
2022-12-23 04:46:03,5,3,3849.0,-1317
2022-12-23 04:46:04,2,-2,3849.0,-1319
2022-12-23 04:46:06,2,2,3849.0,-1317
2022-12-23 04:46:09,1,-1,3849.0,-1318
2022-12-23 04:46:13,21,13,3849.5,-1305
2022-12-23 04:46:14,2,-2,3849.5,-1307
2022-12-23 04:46:15,6,-5,3849.5,-1312
2022-12-23 04:46:16,11,11,3849.75,-1301
2022-12-23 04:46:17,1,1,3849.5,-1300
2022-12-23 04:46:19,1,1,3849.5,-1299
2022-12-23 04:46:21,1,-1,3849.5,-1300
2022-12-23 04:46:23,2,2,3849.5,-1298
2022-12-23 04:46:25,2,-2,3849.5,-1300
2022-12-23 04:46:29,6,-4,3849.5,-1304
2022-12-23 04:46:36,5,-5,3849.5,-1309
2022-12-23 04:46:38,8,8,3849.75,-1301
2022-12-23 04:46:42,6,-2,3849.75,-1303
2022-12-23 04:46:47,1,1,3849.5,-1302
2022-12-23 04:46:48,6,6,3849.5,-1296
2022-12-23 04:46:50,5,4,3849.75,-1292
2022-12-23 04:46:51,9,-6,3849.75,-1298
2022-12-23 04:46:55,6,-2,3849.75,-1300
2022-12-23 04:46:56,3,3,3850.0,-1297
2022-12-23 04:46:58,51,43,3850.5,-1254
2022-12-23 04:46:59,5,-1,3850.25,-1255
2022-12-23 04:47:00,7,-1,3850.25,-1256
2022-12-23 04:47:01,1,1,3850.25,-1255
2022-12-23 04:47:03,2,-2,3850.0,-1257
2022-12-23 04:47:05,6,0,3850.0,-1257
2022-12-23 04:47:06,2,-2,3850.0,-1259
2022-12-23 04:47:09,5,3,3850.25,-1256
2022-12-23 04:47:14,7,-5,3850.0,-1261
2022-12-23 04:47:17,1,1,3850.0,-1260
2022-12-23 04:47:18,6,6,3850.0,-1254
2022-12-23 04:47:19,2,-2,3850.0,-1256
2022-12-23 04:47:22,5,0,3850.25,-1256
2022-12-23 04:47:26,1,1,3850.25,-1255
2022-12-23 04:47:32,1,-1,3850.0,-1256
2022-12-23 04:47:33,3,1,3850.0,-1255
2022-12-23 04:47:35,53,-16,3850.0,-1271
2022-12-23 04:47:36,8,0,3850.0,-1271
2022-12-23 04:47:40,7,-2,3849.5,-1273
2022-12-23 04:47:46,6,6,3849.75,-1267
2022-12-23 04:47:50,1,-1,3849.75,-1268
2022-12-23 04:47:51,35,-13,3849.75,-1281
2022-12-23 04:48:00,2,1,3850.0,-1280
2022-12-23 04:48:01,6,-4,3850.0,-1284
2022-12-23 04:48:02,4,2,3849.75,-1282
2022-12-23 04:48:08,32,11,3850.0,-1271
2022-12-23 04:48:09,1,-1,3850.0,-1272
2022-12-23 04:48:14,6,-6,3850.0,-1278
2022-12-23 04:48:17,3,1,3850.0,-1277
2022-12-23 04:48:19,26,-14,3849.75,-1291
2022-12-23 04:48:20,1,1,3849.75,-1290
2022-12-23 04:48:25,11,1,3849.75,-1289
2022-12-23 04:48:26,1,-1,3849.5,-1290
2022-12-23 04:48:27,2,2,3849.75,-1288
2022-12-23 04:48:36,7,-6,3849.75,-1294
2022-12-23 04:48:39,8,-8,3849.5,-1302
2022-12-23 04:48:43,1,-1,3849.25,-1303
2022-12-23 04:48:47,3,-3,3849.25,-1306
2022-12-23 04:48:57,9,7,3849.25,-1299
2022-12-23 04:49:03,1,-1,3849.25,-1300
2022-12-23 04:49:07,5,4,3849.5,-1296
2022-12-23 04:49:08,4,0,3849.75,-1296
2022-12-23 04:49:10,1,1,3850.0,-1295
2022-12-23 04:49:11,11,10,3850.0,-1285
2022-12-23 04:49:12,14,4,3850.25,-1281
2022-12-23 04:49:13,7,5,3850.25,-1276
2022-12-23 04:49:14,2,2,3850.25,-1274
2022-12-23 04:49:16,1,-1,3850.25,-1275
2022-12-23 04:49:20,1,-1,3850.25,-1276
2022-12-23 04:49:34,14,-6,3850.0,-1282
2022-12-23 04:49:35,1,1,3850.25,-1281
2022-12-23 04:49:37,10,8,3850.25,-1273
2022-12-23 04:49:38,1,1,3850.5,-1272
2022-12-23 04:49:41,1,-1,3850.25,-1273
2022-12-23 04:49:46,145,112,3851.5,-1161
2022-12-23 04:49:47,4,4,3851.0,-1157
2022-12-23 04:49:48,5,-1,3851.0,-1158
2022-12-23 04:49:49,3,-3,3851.0,-1161
2022-12-23 04:49:51,4,2,3851.0,-1159
2022-12-23 04:49:53,3,-3,3850.75,-1162
2022-12-23 04:49:54,12,6,3851.25,-1156
2022-12-23 04:50:00,6,-5,3851.0,-1161
2022-12-23 04:50:01,5,-5,3850.75,-1166
2022-12-23 04:50:02,4,0,3851.0,-1166
2022-12-23 04:50:03,1,-1,3850.75,-1167
2022-12-23 04:50:04,9,1,3851.0,-1166
2022-12-23 04:50:05,3,-2,3850.75,-1168
2022-12-23 04:50:07,3,-3,3850.75,-1171
2022-12-23 04:50:13,1,-1,3850.5,-1172
2022-12-23 04:50:14,1,-1,3850.5,-1173
2022-12-23 04:50:16,1,1,3850.5,-1172
2022-12-23 04:50:17,1,-1,3850.5,-1173
2022-12-23 04:50:19,8,5,3850.75,-1168
2022-12-23 04:50:22,9,-3,3850.75,-1171
2022-12-23 04:50:25,1,-1,3850.75,-1172
2022-12-23 04:50:29,1,1,3851.0,-1171
2022-12-23 04:50:30,5,-4,3850.75,-1175
2022-12-23 04:50:32,1,1,3850.75,-1174
2022-12-23 04:50:38,10,0,3850.75,-1174
2022-12-23 04:50:40,12,8,3851.0,-1166
2022-12-23 04:50:42,9,-1,3851.0,-1167
2022-12-23 04:50:43,3,1,3851.0,-1166
2022-12-23 04:50:45,2,-2,3851.0,-1168
2022-12-23 04:50:52,14,-11,3851.0,-1179
2022-12-23 04:50:53,1,1,3851.0,-1178
2022-12-23 04:50:57,1,-1,3851.0,-1179
2022-12-23 04:51:00,10,7,3851.25,-1172
2022-12-23 04:51:01,5,-5,3851.25,-1177
2022-12-23 04:51:02,4,2,3851.25,-1175
2022-12-23 04:51:05,2,-2,3851.25,-1177
2022-12-23 04:51:12,5,-4,3851.0,-1181
2022-12-23 04:51:14,63,-45,3851.0,-1226
2022-12-23 04:51:15,4,-4,3850.25,-1230
2022-12-23 04:51:16,1,1,3850.5,-1229
2022-12-23 04:51:19,22,7,3850.75,-1222
2022-12-23 04:51:20,2,0,3850.5,-1222
2022-12-23 04:51:21,6,4,3850.5,-1218
2022-12-23 04:51:25,2,0,3850.5,-1218
2022-12-23 04:51:26,1,-1,3850.5,-1219
2022-12-23 04:51:27,1,-1,3850.5,-1220
2022-12-23 04:51:29,5,-4,3850.5,-1224
2022-12-23 04:51:34,4,4,3850.5,-1220
2022-12-23 04:51:46,22,-17,3850.5,-1237
2022-12-23 04:51:48,32,9,3850.5,-1228
2022-12-23 04:51:50,1,1,3850.5,-1227
2022-12-23 04:51:51,2,0,3850.5,-1227
2022-12-23 04:51:58,8,-6,3850.5,-1233
2022-12-23 04:52:00,1,-1,3850.0,-1234
2022-12-23 04:52:02,10,-8,3850.0,-1242
2022-12-23 04:52:03,15,7,3850.0,-1235
2022-12-23 04:52:05,2,-1,3850.0,-1236
2022-12-23 04:52:10,1,-1,3850.0,-1237
2022-12-23 04:52:11,1,-1,3850.0,-1238
2022-12-23 04:52:13,3,3,3850.25,-1235
2022-12-23 04:52:14,2,2,3850.5,-1233
2022-12-23 04:52:22,2,2,3850.5,-1231
2022-12-23 04:52:23,4,4,3850.75,-1227
2022-12-23 04:52:24,3,3,3850.75,-1224
2022-12-23 04:52:26,3,1,3850.75,-1223
2022-12-23 04:52:27,1,-1,3850.75,-1224
2022-12-23 04:52:28,21,0,3851.0,-1224
2022-12-23 04:52:29,9,8,3851.25,-1216
2022-12-23 04:52:30,9,-8,3851.0,-1224
2022-12-23 04:52:32,1,1,3851.0,-1223
2022-12-23 04:52:35,1,-1,3850.75,-1224
2022-12-23 04:52:38,15,10,3851.25,-1214
2022-12-23 04:52:40,1,1,3851.25,-1213
2022-12-23 04:52:43,5,-5,3851.0,-1218
2022-12-23 04:52:44,9,3,3851.0,-1215
2022-12-23 04:52:47,9,-1,3850.75,-1216
2022-12-23 04:52:51,8,7,3851.0,-1209
2022-12-23 04:52:52,2,-2,3851.0,-1211
2022-12-23 04:52:58,3,-3,3851.0,-1214
2022-12-23 04:53:00,1,-1,3851.0,-1215
2022-12-23 04:53:01,8,-2,3851.25,-1217
2022-12-23 04:53:02,2,0,3851.25,-1217
2022-12-23 04:53:03,1,1,3851.25,-1216
2022-12-23 04:53:05,6,-6,3851.0,-1222
2022-12-23 04:53:06,5,5,3851.0,-1217
2022-12-23 04:53:08,10,-10,3851.0,-1227
2022-12-23 04:53:09,2,-2,3851.0,-1229
2022-12-23 04:53:10,1,1,3851.25,-1228
2022-12-23 04:53:13,6,4,3851.25,-1224
2022-12-23 04:53:19,30,4,3851.5,-1220
2022-12-23 04:53:20,2,-2,3851.25,-1222
2022-12-23 04:53:24,13,-1,3851.5,-1223
2022-12-23 04:53:28,5,-1,3851.5,-1224
2022-12-23 04:53:32,1,1,3851.5,-1223
2022-12-23 04:53:35,1,-1,3851.25,-1224
2022-12-23 04:53:37,1,1,3851.5,-1223
2022-12-23 04:53:39,31,-4,3851.75,-1227
2022-12-23 04:53:40,6,-4,3851.5,-1231
2022-12-23 04:53:41,1,-1,3851.5,-1232
2022-12-23 04:53:42,1,1,3851.5,-1231
2022-12-23 04:53:43,7,-5,3851.25,-1236
2022-12-23 04:53:45,2,-2,3851.25,-1238
2022-12-23 04:53:49,5,3,3851.5,-1235
2022-12-23 04:53:53,1,-1,3851.5,-1236
2022-12-23 04:53:58,2,2,3851.75,-1234
2022-12-23 04:54:00,1,1,3851.75,-1233
2022-12-23 04:54:01,8,-7,3851.5,-1240
2022-12-23 04:54:02,2,0,3851.5,-1240
2022-12-23 04:54:06,10,-6,3851.5,-1246
2022-12-23 04:54:07,1,1,3851.5,-1245
2022-12-23 04:54:09,1,-1,3851.25,-1246
2022-12-23 04:54:10,2,-2,3851.25,-1248
2022-12-23 04:54:13,2,-2,3851.25,-1250
2022-12-23 04:54:15,5,-1,3851.25,-1251
2022-12-23 04:54:20,2,-2,3851.25,-1253
2022-12-23 04:54:23,2,2,3851.5,-1251
2022-12-23 04:54:24,6,-6,3851.5,-1257
2022-12-23 04:54:30,1,-1,3851.25,-1258
2022-12-23 04:54:31,3,-1,3851.25,-1259
2022-12-23 04:54:41,8,5,3851.25,-1254
2022-12-23 04:54:42,3,-1,3851.25,-1255
2022-12-23 04:54:45,10,7,3851.5,-1248
2022-12-23 04:54:50,4,-3,3851.5,-1251
2022-12-23 04:54:51,5,5,3851.5,-1246
2022-12-23 04:54:56,7,-3,3851.5,-1249
2022-12-23 04:54:58,2,0,3851.5,-1249
2022-12-23 04:55:00,1,1,3851.75,-1248
2022-12-23 04:55:01,2,-2,3851.5,-1250
2022-12-23 04:55:07,1,1,3851.5,-1249
2022-12-23 04:55:08,3,-1,3851.25,-1250
2022-12-23 04:55:11,1,-1,3851.25,-1251
2022-12-23 04:55:15,1,1,3851.25,-1250
2022-12-23 04:55:17,19,-12,3851.0,-1262
2022-12-23 04:55:18,15,7,3851.0,-1255
2022-12-23 04:55:21,17,4,3851.0,-1251
2022-12-23 04:55:26,1,-1,3851.0,-1252
2022-12-23 04:55:29,13,8,3851.0,-1244
2022-12-23 04:55:30,6,-5,3851.0,-1249
2022-12-23 04:55:33,2,0,3851.0,-1249
2022-12-23 04:55:40,16,-9,3850.75,-1258
2022-12-23 04:55:42,13,6,3850.75,-1252
2022-12-23 04:55:44,1,-1,3850.75,-1253
2022-12-23 04:55:46,4,-4,3850.75,-1257
2022-12-23 04:55:56,5,-4,3850.5,-1261
2022-12-23 04:55:59,2,-2,3850.5,-1263
2022-12-23 04:56:00,20,-9,3850.5,-1272
2022-12-23 04:56:03,17,5,3850.5,-1267
2022-12-23 04:56:04,2,-2,3850.25,-1269
2022-12-23 04:56:06,19,-7,3850.25,-1276
2022-12-23 04:56:08,3,-2,3850.25,-1278
2022-12-23 04:56:09,11,-5,3850.0,-1283
2022-12-23 04:56:11,15,4,3850.25,-1279
2022-12-23 04:56:18,1,-1,3850.0,-1280
2022-12-23 04:56:20,26,-11,3850.25,-1291
2022-12-23 04:56:21,9,3,3850.5,-1288
2022-12-23 04:56:25,1,1,3850.5,-1287
2022-12-23 04:56:30,11,-1,3850.75,-1288
2022-12-23 04:56:34,1,-1,3850.75,-1289
2022-12-23 04:56:35,9,-3,3850.75,-1292
2022-12-23 04:56:38,14,11,3850.75,-1281
2022-12-23 04:56:46,1,-1,3850.75,-1282
2022-12-23 04:56:56,10,6,3851.0,-1276
2022-12-23 04:56:58,7,-6,3851.0,-1282
2022-12-23 04:56:59,2,1,3851.0,-1281
2022-12-23 04:57:00,1,-1,3850.75,-1282
2022-12-23 04:57:02,11,-3,3850.75,-1285
2022-12-23 04:57:04,1,1,3851.0,-1284
2022-12-23 04:57:05,2,2,3851.0,-1282
2022-12-23 04:57:06,2,-2,3850.75,-1284
2022-12-23 04:57:08,3,-3,3850.75,-1287
2022-12-23 04:57:17,1,-1,3850.5,-1288
2022-12-23 04:57:25,9,-7,3850.5,-1295
2022-12-23 04:57:27,2,0,3850.5,-1295
2022-12-23 04:57:32,3,3,3850.5,-1292
2022-12-23 04:57:37,10,-9,3850.25,-1301
2022-12-23 04:57:39,5,3,3850.25,-1298
2022-12-23 04:57:40,1,1,3850.5,-1297
2022-12-23 04:57:41,2,2,3850.5,-1295
2022-12-23 04:57:43,5,1,3850.75,-1294
2022-12-23 04:57:45,3,3,3850.75,-1291
2022-12-23 04:57:49,1,-1,3850.75,-1292
2022-12-23 04:57:50,1,1,3850.75,-1291
2022-12-23 04:57:52,9,-2,3851.0,-1293
2022-12-23 04:57:54,3,-3,3850.75,-1296
2022-12-23 04:57:59,1,1,3850.75,-1295
2022-12-23 04:58:01,1,-1,3850.5,-1296
2022-12-23 04:58:02,3,3,3850.75,-1293
2022-12-23 04:58:06,3,-3,3850.5,-1296
2022-12-23 04:58:07,7,-4,3850.5,-1300
2022-12-23 04:58:14,1,1,3850.75,-1299
2022-12-23 04:58:23,6,5,3851.0,-1294
2022-12-23 04:58:27,6,3,3851.25,-1291
2022-12-23 04:58:28,6,-4,3851.25,-1295
2022-12-23 04:58:34,2,-2,3851.25,-1297
2022-12-23 04:58:37,4,-4,3851.0,-1301
2022-12-23 04:58:41,6,0,3850.75,-1301
2022-12-23 04:58:43,5,-5,3850.75,-1306
2022-12-23 04:59:02,3,3,3851.0,-1303
2022-12-23 04:59:05,6,0,3851.0,-1303
2022-12-23 04:59:08,5,3,3851.0,-1300
2022-12-23 04:59:10,3,1,3851.0,-1299
2022-12-23 04:59:12,8,0,3851.25,-1299
2022-12-23 04:59:13,1,1,3851.0,-1298
2022-12-23 04:59:25,1,1,3851.0,-1297
2022-12-23 04:59:27,2,2,3851.0,-1295
2022-12-23 04:59:28,1,-1,3850.75,-1296
2022-12-23 04:59:30,1,1,3851.0,-1295
2022-12-23 04:59:34,7,-7,3850.75,-1302
2022-12-23 04:59:40,9,0,3850.75,-1302
2022-12-23 05:00:00,17,6,3850.75,-1296
2022-12-23 05:00:01,27,5,3851.25,-1291
2022-12-23 05:00:02,14,-4,3851.25,-1295
2022-12-23 05:00:05,13,-2,3851.25,-1297
2022-12-23 05:00:14,15,12,3851.75,-1285
2022-12-23 05:00:15,7,-3,3851.75,-1288
2022-12-23 05:00:16,2,0,3851.75,-1288
2022-12-23 05:00:17,11,-8,3851.75,-1296
2022-12-23 05:00:18,2,2,3851.75,-1294
2022-12-23 05:00:19,1,-1,3851.75,-1295
2022-12-23 05:00:21,18,-2,3851.75,-1297
2022-12-23 05:00:23,4,-4,3851.75,-1301
2022-12-23 05:00:24,3,1,3851.75,-1300
2022-12-23 05:00:35,30,25,3852.25,-1275
2022-12-23 05:00:37,15,-4,3852.0,-1279
2022-12-23 05:00:39,10,-2,3851.75,-1281
2022-12-23 05:00:41,1,-1,3851.5,-1282
2022-12-23 05:00:45,10,-7,3851.5,-1289
2022-12-23 05:00:48,9,-3,3851.5,-1292
2022-12-23 05:00:53,1,-1,3851.5,-1293
2022-12-23 05:01:00,12,-3,3851.5,-1296
2022-12-23 05:01:01,10,-4,3851.25,-1300
2022-12-23 05:01:03,9,6,3851.25,-1294
2022-12-23 05:01:07,5,-4,3851.0,-1298
2022-12-23 05:01:09,4,4,3851.25,-1294
2022-12-23 05:01:10,7,-2,3851.25,-1296
2022-12-23 05:01:16,2,2,3851.25,-1294
2022-12-23 05:01:20,2,0,3851.25,-1294
2022-12-23 05:01:22,4,5,3851.75,-1289
2022-12-23 05:01:26,17,-5,3851.5,-1294
2022-12-23 05:01:27,4,-7,3851.5,-1301
2022-12-23 05:01:31,3,3,3851.5,-1298
2022-12-23 05:01:32,2,-1,3851.5,-1299
2022-12-23 05:01:36,20,11,3851.5,-1288
2022-12-23 05:01:37,12,7,3851.5,-1281
2022-12-23 05:01:38,1,1,3851.5,-1280
2022-12-23 05:01:43,8,-8,3851.25,-1288
2022-12-23 05:01:51,2,2,3851.25,-1286
2022-12-23 05:01:57,23,-20,3851.0,-1306
2022-12-23 05:02:00,1,-1,3851.0,-1307
2022-12-23 05:02:01,2,2,3851.25,-1305
2022-12-23 05:02:02,1,1,3851.25,-1304
2022-12-23 05:02:03,1,-1,3851.25,-1305
2022-12-23 05:02:09,2,-2,3851.0,-1307
2022-12-23 05:02:10,13,-3,3851.0,-1310
2022-12-23 05:02:14,3,-2,3851.0,-1312
2022-12-23 05:02:15,1,1,3851.0,-1311
2022-12-23 05:02:16,2,0,3851.0,-1311
2022-12-23 05:02:17,2,1,3851.0,-1310
2022-12-23 05:02:26,1,1,3851.0,-1309
2022-12-23 05:02:29,4,4,3851.0,-1305
2022-12-23 05:02:36,1,1,3851.0,-1304
2022-12-23 05:02:37,4,-1,3851.0,-1305
2022-12-23 05:02:42,1,1,3851.25,-1304
2022-12-23 05:02:52,4,-3,3851.25,-1307
2022-12-23 05:02:54,1,1,3851.5,-1306
2022-12-23 05:02:56,1,1,3851.5,-1305
2022-12-23 05:02:59,26,-8,3851.25,-1313
2022-12-23 05:03:01,2,0,3851.25,-1313
2022-12-23 05:03:04,2,0,3851.0,-1313
2022-12-23 05:03:06,2,-2,3850.75,-1315
2022-12-23 05:03:11,1,1,3851.0,-1314
2022-12-23 05:03:12,3,1,3850.75,-1313
2022-12-23 05:03:13,1,1,3850.75,-1312
2022-12-23 05:03:20,10,-3,3850.5,-1315
2022-12-23 05:03:21,7,-3,3850.5,-1318
2022-12-23 05:03:23,1,1,3850.5,-1317
2022-12-23 05:03:32,1,1,3850.5,-1316
2022-12-23 05:03:33,4,-4,3850.25,-1320
2022-12-23 05:03:42,5,-3,3850.25,-1323
2022-12-23 05:03:43,8,-5,3850.25,-1328
2022-12-23 05:03:45,3,3,3850.25,-1325
2022-12-23 05:03:52,17,-8,3850.0,-1333
2022-12-23 05:03:56,1,-1,3850.0,-1334
2022-12-23 05:03:59,3,-3,3850.0,-1337
2022-12-23 05:04:00,1,-1,3849.75,-1338
2022-12-23 05:04:01,3,3,3850.25,-1335
2022-12-23 05:04:02,1,1,3850.25,-1334
2022-12-23 05:04:10,2,0,3850.25,-1334
2022-12-23 05:04:14,1,-1,3850.25,-1335
2022-12-23 05:04:18,5,-2,3850.25,-1337
2022-12-23 05:04:21,5,4,3850.25,-1333
2022-12-23 05:04:22,7,-6,3850.0,-1339
2022-12-23 05:04:24,4,4,3850.0,-1335
2022-12-23 05:04:25,1,1,3850.0,-1334
2022-12-23 05:04:32,2,-2,3849.75,-1336
2022-12-23 05:04:33,1,1,3850.0,-1335
2022-12-23 05:04:41,1,-1,3849.75,-1336
2022-12-23 05:04:43,19,-9,3849.75,-1345
2022-12-23 05:04:46,1,1,3849.5,-1344
2022-12-23 05:04:49,6,-5,3849.25,-1349
2022-12-23 05:04:50,9,-8,3849.25,-1357
2022-12-23 05:04:52,5,3,3849.5,-1354
2022-12-23 05:04:54,6,0,3849.75,-1354
2022-12-23 05:04:56,1,1,3849.75,-1353
2022-12-23 05:04:58,1,-1,3849.75,-1354
2022-12-23 05:05:00,6,5,3849.75,-1349
2022-12-23 05:05:01,1,1,3849.75,-1348
2022-12-23 05:05:02,2,2,3849.75,-1346
2022-12-23 05:05:03,1,-1,3849.75,-1347
2022-12-23 05:05:05,9,7,3850.0,-1340
2022-12-23 05:05:06,3,-1,3850.0,-1341
2022-12-23 05:05:07,5,5,3850.0,-1336
2022-12-23 05:05:12,5,-5,3850.0,-1341
2022-12-23 05:05:18,1,1,3850.0,-1340
2022-12-23 05:05:22,3,3,3850.0,-1337
2022-12-23 05:05:23,2,2,3850.25,-1335
2022-12-23 05:05:35,15,6,3850.25,-1329
2022-12-23 05:05:36,4,3,3850.5,-1326
2022-12-23 05:05:38,24,7,3851.0,-1319
2022-12-23 05:05:40,1,1,3850.75,-1318
2022-12-23 05:05:41,1,-1,3850.5,-1319
2022-12-23 05:05:46,1,-1,3850.5,-1320
2022-12-23 05:05:48,9,-15,3850.5,-1335
2022-12-23 05:05:51,6,-5,3850.25,-1340
2022-12-23 05:05:52,1,-1,3850.25,-1341
2022-12-23 05:05:53,8,-2,3850.5,-1343
2022-12-23 05:05:54,4,4,3850.25,-1339
2022-12-23 05:05:56,2,1,3850.25,-1338
2022-12-23 05:06:00,1,-1,3850.25,-1339
2022-12-23 05:06:01,8,-1,3850.25,-1340
2022-12-23 05:06:04,1,1,3850.5,-1339
2022-12-23 05:06:07,1,1,3850.5,-1338
2022-12-23 05:06:08,5,-4,3850.5,-1342
2022-12-23 05:06:19,2,2,3850.5,-1340
2022-12-23 05:06:22,1,1,3850.75,-1339
2022-12-23 05:06:28,1,1,3850.75,-1338
2022-12-23 05:06:30,1,1,3850.75,-1337
2022-12-23 05:06:52,1,1,3850.75,-1336
2022-12-23 05:07:09,3,3,3850.75,-1333
2022-12-23 05:07:10,12,-8,3850.5,-1341
2022-12-23 05:07:11,1,-1,3850.5,-1342
2022-12-23 05:07:12,2,1,3850.5,-1341
2022-12-23 05:07:14,2,1,3850.5,-1340
2022-12-23 05:07:15,8,4,3850.75,-1336
2022-12-23 05:07:18,3,-3,3850.75,-1339
2022-12-23 05:07:19,4,4,3850.75,-1335
2022-12-23 05:07:26,3,3,3851.0,-1332
2022-12-23 05:07:31,1,1,3851.0,-1331
2022-12-23 05:07:35,4,3,3851.0,-1328
2022-12-23 05:07:38,5,5,3851.0,-1323
2022-12-23 05:07:44,5,-5,3851.0,-1328
2022-12-23 05:07:51,1,1,3850.75,-1327
2022-12-23 05:07:54,3,3,3850.75,-1324
2022-12-23 05:08:00,12,-8,3850.75,-1332
2022-12-23 05:08:02,1,-1,3850.5,-1333
2022-12-23 05:08:04,6,-5,3850.5,-1338
2022-12-23 05:08:08,1,-1,3850.25,-1339
2022-12-23 05:08:15,8,-2,3850.25,-1341
2022-12-23 05:08:16,1,1,3850.25,-1340
2022-12-23 05:08:26,13,-11,3850.25,-1351
2022-12-23 05:08:30,7,6,3850.5,-1345
2022-12-23 05:08:31,7,-3,3850.75,-1348
2022-12-23 05:08:36,2,-2,3850.5,-1350
2022-12-23 05:08:37,1,-1,3850.5,-1351
2022-12-23 05:08:38,1,1,3850.5,-1350
2022-12-23 05:08:47,5,1,3850.75,-1349
2022-12-23 05:08:50,1,-1,3850.5,-1350
2022-12-23 05:08:51,1,1,3850.75,-1349
2022-12-23 05:09:02,7,5,3851.0,-1344
2022-12-23 05:09:03,3,3,3851.25,-1341
2022-12-23 05:09:08,1,1,3851.5,-1340
2022-12-23 05:09:18,28,10,3851.5,-1330
2022-12-23 05:09:20,1,1,3851.5,-1329
2022-12-23 05:09:29,6,-4,3851.5,-1333
2022-12-23 05:09:37,6,-4,3851.25,-1337
2022-12-23 05:09:43,2,2,3851.25,-1335
2022-12-23 05:09:46,1,1,3851.5,-1334
2022-12-23 05:09:48,4,4,3851.5,-1330
2022-12-23 05:09:58,10,6,3851.75,-1324
2022-12-23 05:10:02,4,-4,3851.5,-1328
2022-12-23 05:10:05,7,1,3851.5,-1327
2022-12-23 05:10:08,1,-1,3851.25,-1328
2022-12-23 05:10:09,1,-1,3851.25,-1329
2022-12-23 05:10:12,4,-3,3851.25,-1332
2022-12-23 05:10:14,2,-2,3851.25,-1334
2022-12-23 05:10:17,7,-4,3851.25,-1338
2022-12-23 05:10:20,6,-5,3851.25,-1343
2022-12-23 05:10:26,10,-8,3851.0,-1351
2022-12-23 05:10:28,4,4,3851.25,-1347
2022-12-23 05:10:31,1,1,3851.25,-1346
2022-12-23 05:10:33,1,1,3851.25,-1345
2022-12-23 05:10:34,19,-4,3851.0,-1349
2022-12-23 05:10:35,1,-1,3850.75,-1350
2022-12-23 05:10:36,1,-1,3850.75,-1351
2022-12-23 05:10:38,1,1,3850.75,-1350
2022-12-23 05:10:42,3,3,3851.0,-1347
2022-12-23 05:10:44,2,-2,3850.75,-1349
2022-12-23 05:10:46,1,-1,3850.75,-1350
2022-12-23 05:10:55,4,-1,3850.75,-1351
2022-12-23 05:10:56,1,1,3851.0,-1350
2022-12-23 05:10:58,1,1,3851.0,-1349
2022-12-23 05:11:11,1,-1,3850.75,-1350
2022-12-23 05:11:12,4,3,3851.0,-1347
2022-12-23 05:11:17,2,-2,3851.0,-1349
2022-12-23 05:11:19,3,3,3851.0,-1346
2022-12-23 05:11:22,1,1,3851.0,-1345
2022-12-23 05:11:23,3,3,3851.25,-1342
2022-12-23 05:11:29,1,1,3851.25,-1341
2022-12-23 05:11:30,3,-3,3851.0,-1344
2022-12-23 05:11:31,1,1,3851.25,-1343
2022-12-23 05:11:36,1,1,3851.0,-1342
2022-12-23 05:11:39,1,-1,3851.0,-1343
2022-12-23 05:11:40,3,1,3851.0,-1342
2022-12-23 05:11:49,1,-1,3851.0,-1343
2022-12-23 05:12:00,1,-1,3850.75,-1344
2022-12-23 05:12:02,2,2,3851.25,-1342
2022-12-23 05:12:05,6,-3,3851.25,-1345
2022-12-23 05:12:06,29,-19,3851.25,-1364
2022-12-23 05:12:12,13,-10,3850.5,-1374
2022-12-23 05:12:16,11,4,3850.75,-1370
2022-12-23 05:12:24,3,1,3850.75,-1369
2022-12-23 05:12:26,1,1,3850.75,-1368
2022-12-23 05:12:31,11,-4,3850.75,-1372
2022-12-23 05:12:38,1,-1,3850.5,-1373
2022-12-23 05:12:41,3,-3,3850.5,-1376
2022-12-23 05:12:48,3,3,3850.5,-1373
2022-12-23 05:12:54,3,1,3850.75,-1372
2022-12-23 05:12:55,1,-1,3850.5,-1373
2022-12-23 05:12:59,2,-2,3850.75,-1375
2022-12-23 05:13:07,10,7,3851.0,-1368
2022-12-23 05:13:14,10,-4,3851.0,-1372
2022-12-23 05:13:15,1,-1,3850.75,-1373
2022-12-23 05:13:41,8,6,3851.0,-1367
2022-12-23 05:13:42,3,3,3851.0,-1364
2022-12-23 05:13:44,7,6,3851.25,-1358
2022-12-23 05:14:03,16,6,3851.5,-1352
2022-12-23 05:14:04,6,-4,3851.5,-1356
2022-12-23 05:14:13,25,11,3851.25,-1345
2022-12-23 05:14:15,10,-2,3851.0,-1347
2022-12-23 05:14:17,6,-2,3850.75,-1349
2022-12-23 05:14:22,1,1,3851.0,-1348
2022-12-23 05:14:27,9,6,3851.0,-1342
2022-12-23 05:14:29,1,1,3851.0,-1341
2022-12-23 05:14:35,1,1,3851.25,-1340
2022-12-23 05:14:49,4,-4,3851.25,-1344
2022-12-23 05:14:51,6,5,3851.25,-1339
2022-12-23 05:14:57,1,1,3851.25,-1338
2022-12-23 05:14:58,31,-18,3851.0,-1356
2022-12-23 05:15:05,3,3,3851.25,-1353
2022-12-23 05:15:07,1,1,3851.5,-1352
2022-12-23 05:15:10,1,1,3851.5,-1351
2022-12-23 05:15:22,16,12,3851.75,-1339
2022-12-23 05:15:31,6,-4,3851.75,-1343
2022-12-23 05:15:32,1,-1,3851.75,-1344
2022-12-23 05:15:36,3,3,3851.75,-1341
2022-12-23 05:15:37,29,10,3852.0,-1331
2022-12-23 05:15:39,6,3,3852.0,-1328
2022-12-23 05:15:40,2,2,3852.25,-1326
2022-12-23 05:15:41,6,-5,3852.0,-1331
2022-12-23 05:15:44,1,1,3852.0,-1330
2022-12-23 05:15:49,2,2,3852.0,-1328
2022-12-23 05:15:50,2,0,3852.0,-1328
2022-12-23 05:15:51,10,7,3852.0,-1321
2022-12-23 05:15:53,1,1,3852.0,-1320
2022-12-23 05:15:54,1,-1,3852.0,-1321
2022-12-23 05:15:57,1,1,3852.0,-1320
2022-12-23 05:16:00,1,-1,3851.75,-1321
2022-12-23 05:16:02,1,-1,3852.0,-1322
2022-12-23 05:16:05,1,1,3852.0,-1321
2022-12-23 05:16:06,7,7,3852.25,-1314
2022-12-23 05:16:08,1,-1,3852.25,-1315
2022-12-23 05:16:10,16,10,3852.5,-1305
2022-12-23 05:16:12,10,-8,3852.25,-1313
2022-12-23 05:16:15,11,-1,3852.25,-1314
2022-12-23 05:16:17,2,2,3852.25,-1312
2022-12-23 05:16:19,1,1,3852.25,-1311
2022-12-23 05:16:23,2,2,3852.25,-1309
2022-12-23 05:16:24,4,-3,3852.25,-1312
2022-12-23 05:16:25,24,8,3852.75,-1304
2022-12-23 05:16:27,3,3,3852.75,-1301
2022-12-23 05:16:28,2,0,3852.75,-1301
2022-12-23 05:16:29,14,-3,3853.0,-1304
2022-12-23 05:16:31,3,-3,3852.75,-1307
2022-12-23 05:16:32,1,-1,3852.75,-1308
2022-12-23 05:16:34,28,5,3853.0,-1303
2022-12-23 05:16:35,2,2,3853.25,-1301
2022-12-23 05:16:36,9,-3,3853.0,-1304
2022-12-23 05:16:39,1,-1,3853.0,-1305
2022-12-23 05:16:40,13,5,3853.25,-1300
2022-12-23 05:16:41,39,-15,3853.25,-1315
2022-12-23 05:16:42,1,-1,3853.0,-1316
2022-12-23 05:16:43,4,-4,3853.0,-1320
2022-12-23 05:16:44,2,0,3853.25,-1320
2022-12-23 05:16:45,2,2,3853.25,-1318
2022-12-23 05:16:49,2,2,3853.0,-1316
2022-12-23 05:16:50,1,1,3853.25,-1315
2022-12-23 05:16:51,4,4,3853.25,-1311
2022-12-23 05:16:53,8,-5,3853.25,-1316
2022-12-23 05:16:57,7,-6,3853.0,-1322
2022-12-23 05:16:59,1,1,3853.0,-1321
2022-12-23 05:17:04,1,-1,3852.75,-1322
2022-12-23 05:17:12,7,-6,3852.75,-1328
2022-12-23 05:17:13,4,4,3852.75,-1324
2022-12-23 05:17:14,1,-1,3852.75,-1325
2022-12-23 05:17:17,2,2,3853.0,-1323
2022-12-23 05:17:18,1,1,3853.0,-1322
2022-12-23 05:17:21,7,5,3853.25,-1317
2022-12-23 05:17:26,1,1,3853.25,-1316
2022-12-23 05:17:28,19,-12,3853.25,-1328
2022-12-23 05:17:29,7,3,3853.5,-1325
2022-12-23 05:17:31,1,1,3853.5,-1324
2022-12-23 05:17:32,1,1,3853.5,-1323
2022-12-23 05:17:33,22,6,3853.5,-1317
2022-12-23 05:17:35,10,5,3853.75,-1312
2022-12-23 05:17:36,12,-6,3853.5,-1318
2022-12-23 05:17:38,1,1,3853.5,-1317
2022-12-23 05:17:41,1,-1,3853.25,-1318
2022-12-23 05:17:43,5,-4,3853.25,-1322
2022-12-23 05:17:44,9,1,3853.25,-1321
2022-12-23 05:17:47,3,-1,3853.25,-1322
2022-12-23 05:17:48,1,1,3853.0,-1321
2022-12-23 05:17:49,8,0,3853.0,-1321
2022-12-23 05:17:51,1,1,3853.0,-1320
2022-12-23 05:17:56,1,-1,3853.0,-1321
2022-12-23 05:18:01,9,5,3853.25,-1316
2022-12-23 05:18:08,1,-1,3853.25,-1317
2022-12-23 05:18:12,21,-1,3853.75,-1318
2022-12-23 05:18:13,1,-1,3853.75,-1319
2022-12-23 05:18:15,17,-15,3853.5,-1334
2022-12-23 05:18:22,5,-2,3853.5,-1336
2022-12-23 05:18:24,1,1,3853.5,-1335
2022-12-23 05:18:29,8,-7,3853.5,-1342
2022-12-23 05:18:36,6,5,3853.5,-1337
2022-12-23 05:18:38,1,1,3853.5,-1336
2022-12-23 05:18:40,1,-1,3853.5,-1337
2022-12-23 05:18:42,1,-1,3853.5,-1338
2022-12-23 05:18:51,76,37,3854.25,-1301
2022-12-23 05:18:57,20,-4,3854.0,-1305
2022-12-23 05:18:59,1,1,3854.25,-1304
2022-12-23 05:19:02,1,1,3854.25,-1303
2022-12-23 05:19:03,15,-2,3854.0,-1305
2022-12-23 05:19:04,4,-4,3853.75,-1309
2022-12-23 05:19:07,3,3,3854.0,-1306
2022-12-23 05:19:08,1,1,3854.25,-1305
2022-12-23 05:19:11,1,1,3854.25,-1304
2022-12-23 05:19:15,1,-1,3854.0,-1305
2022-12-23 05:19:16,3,1,3854.25,-1304
2022-12-23 05:19:17,1,-1,3854.0,-1305
2022-12-23 05:19:19,2,0,3854.0,-1305
2022-12-23 05:19:21,5,-4,3854.0,-1309
2022-12-23 05:19:26,11,-7,3853.75,-1316
2022-12-23 05:19:27,1,1,3854.0,-1315
2022-12-23 05:19:31,14,-2,3853.75,-1317
2022-12-23 05:19:35,1,1,3854.0,-1316
2022-12-23 05:19:41,12,-4,3854.0,-1320
2022-12-23 05:19:42,1,1,3854.0,-1319
2022-12-23 05:19:44,32,18,3854.5,-1301
2022-12-23 05:19:45,4,-2,3854.5,-1303
2022-12-23 05:19:48,7,0,3854.25,-1303
2022-12-23 05:19:49,1,1,3854.25,-1302
2022-12-23 05:19:50,2,-2,3854.25,-1304
2022-12-23 05:19:52,2,0,3854.25,-1304
2022-12-23 05:19:54,1,1,3854.25,-1303
2022-12-23 05:20:01,1,1,3854.5,-1302
2022-12-23 05:20:02,26,15,3854.75,-1287
2022-12-23 05:20:04,58,28,3855.25,-1259
2022-12-23 05:20:05,44,14,3855.25,-1245
2022-12-23 05:20:06,10,-10,3855.0,-1255
2022-12-23 05:20:08,4,-4,3854.75,-1259
2022-12-23 05:20:10,2,2,3855.0,-1257
2022-12-23 05:20:11,1,1,3855.0,-1256
2022-12-23 05:20:14,1,-1,3854.75,-1257
2022-12-23 05:20:15,16,-9,3854.75,-1266
2022-12-23 05:20:17,53,-38,3854.5,-1304
2022-12-23 05:20:20,4,2,3854.5,-1302
2022-12-23 05:20:21,3,-3,3854.5,-1305
2022-12-23 05:20:24,10,-8,3854.5,-1313
2022-12-23 05:20:29,10,5,3854.75,-1308
2022-12-23 05:20:34,7,-7,3854.75,-1315
2022-12-23 05:20:36,1,1,3854.75,-1314
2022-12-23 05:20:37,3,3,3854.75,-1311
2022-12-23 05:20:39,1,-1,3854.75,-1312
2022-12-23 05:20:40,8,-2,3854.75,-1314
2022-12-23 05:20:43,9,8,3855.0,-1306
2022-12-23 05:20:44,2,-2,3855.0,-1308
2022-12-23 05:20:47,1,-1,3855.0,-1309
2022-12-23 05:20:48,2,2,3855.0,-1307
2022-12-23 05:20:54,4,-4,3854.75,-1311
2022-12-23 05:20:58,5,5,3855.0,-1306
2022-12-23 05:20:59,7,-1,3855.0,-1307
2022-12-23 05:21:00,1,-1,3855.0,-1308
2022-12-23 05:21:02,1,1,3855.25,-1307
2022-12-23 05:21:04,6,3,3855.25,-1304
2022-12-23 05:21:05,2,2,3855.25,-1302
2022-12-23 05:21:06,11,1,3855.0,-1301
2022-12-23 05:21:08,2,-2,3855.0,-1303
2022-12-23 05:21:11,2,2,3855.25,-1301
2022-12-23 05:21:12,69,87,3855.75,-1214
2022-12-23 05:21:14,5,-5,3855.25,-1219
2022-12-23 05:21:18,1,1,3855.25,-1218
2022-12-23 05:21:19,3,-3,3855.0,-1221
2022-12-23 05:21:20,3,-3,3855.0,-1224
2022-12-23 05:21:26,19,-13,3854.75,-1237
2022-12-23 05:21:27,3,1,3854.75,-1236
2022-12-23 05:21:28,6,6,3855.25,-1230
2022-12-23 05:21:29,1,-1,3855.0,-1231
2022-12-23 05:21:31,24,-1,3855.0,-1232
2022-12-23 05:21:34,1,-1,3854.75,-1233
2022-12-23 05:21:38,59,20,3855.0,-1213
2022-12-23 05:21:40,1,-1,3855.0,-1214
2022-12-23 05:21:41,4,2,3855.25,-1212
2022-12-23 05:21:42,22,2,3855.0,-1210
2022-12-23 05:21:44,8,8,3855.25,-1202
2022-12-23 05:21:45,11,6,3855.5,-1196
2022-12-23 05:21:48,2,2,3855.5,-1194
2022-12-23 05:21:49,12,1,3855.5,-1193
2022-12-23 05:21:52,34,0,3855.5,-1193
2022-12-23 05:21:54,4,0,3855.5,-1193
2022-12-23 05:21:59,5,-1,3855.25,-1194
2022-12-23 05:22:02,1,-1,3855.25,-1195
2022-12-23 05:22:05,6,-5,3855.25,-1200
2022-12-23 05:22:15,1,1,3855.5,-1199
2022-12-23 05:22:16,4,4,3855.5,-1195
2022-12-23 05:22:20,54,20,3856.0,-1175
2022-12-23 05:22:21,4,3,3856.0,-1172
2022-12-23 05:22:23,1,-1,3855.75,-1173
2022-12-23 05:22:31,51,-16,3855.75,-1189
2022-12-23 05:22:39,18,9,3855.5,-1180
2022-12-23 05:22:40,4,2,3855.75,-1178
2022-12-23 05:22:44,3,1,3855.75,-1177
2022-12-23 05:22:46,10,-8,3855.75,-1185
2022-12-23 05:22:51,4,4,3855.75,-1181
2022-12-23 05:23:04,29,-18,3855.75,-1199
2022-12-23 05:23:05,2,0,3855.75,-1199
2022-12-23 05:23:09,6,-2,3855.75,-1201
2022-12-23 05:23:10,2,1,3855.75,-1200
2022-12-23 05:23:11,1,-1,3855.75,-1201
2022-12-23 05:23:21,1,1,3856.0,-1200
2022-12-23 05:23:24,61,-43,3855.75,-1243
2022-12-23 05:23:25,1,1,3855.5,-1242
2022-12-23 05:23:27,2,2,3855.5,-1240
2022-12-23 05:23:30,1,1,3855.5,-1239
2022-12-23 05:23:32,9,7,3855.5,-1232
2022-12-23 05:23:34,13,-3,3855.75,-1235
2022-12-23 05:23:36,5,5,3855.75,-1230
2022-12-23 05:23:44,1,-1,3855.75,-1231
2022-12-23 05:23:45,1,1,3856.0,-1230
2022-12-23 05:23:46,1,1,3856.0,-1229
2022-12-23 05:23:55,5,2,3856.0,-1227
2022-12-23 05:23:57,23,-14,3855.75,-1241
2022-12-23 05:24:01,19,9,3855.75,-1232
2022-12-23 05:24:04,1,-1,3855.75,-1233
2022-12-23 05:24:09,15,-5,3855.75,-1238
2022-12-23 05:24:10,14,-13,3855.5,-1251
2022-12-23 05:24:11,2,0,3855.75,-1251
2022-12-23 05:24:12,5,-1,3855.5,-1252
2022-12-23 05:24:18,2,-2,3855.25,-1254
2022-12-23 05:24:19,1,-1,3855.25,-1255
2022-12-23 05:24:21,1,1,3855.5,-1254
2022-12-23 05:24:22,10,9,3855.75,-1245
2022-12-23 05:24:23,19,-3,3855.5,-1248
2022-12-23 05:24:26,1,-1,3855.5,-1249
2022-12-23 05:24:27,13,-5,3855.5,-1254
2022-12-23 05:24:31,3,-2,3855.5,-1256
2022-12-23 05:24:32,4,0,3855.75,-1256
2022-12-23 05:24:34,4,2,3855.5,-1254
2022-12-23 05:24:39,1,-1,3855.5,-1255
2022-12-23 05:24:46,15,-5,3855.5,-1260
2022-12-23 05:24:47,1,1,3855.5,-1259
2022-12-23 05:24:58,3,-1,3855.75,-1260
2022-12-23 05:25:02,6,-5,3855.5,-1265
2022-12-23 05:25:07,7,5,3855.5,-1260
2022-12-23 05:25:11,4,-3,3855.5,-1263
2022-12-23 05:25:13,3,3,3855.75,-1260
2022-12-23 05:25:15,2,-2,3855.5,-1262
2022-12-23 05:25:20,2,0,3855.75,-1262
2022-12-23 05:25:26,1,1,3855.75,-1261
2022-12-23 05:25:30,5,-3,3855.5,-1264
2022-12-23 05:25:33,1,-1,3855.5,-1265
2022-12-23 05:25:34,1,-1,3855.5,-1266
2022-12-23 05:25:38,1,-1,3855.5,-1267
2022-12-23 05:25:40,4,-4,3855.5,-1271
2022-12-23 05:25:49,1,1,3855.5,-1270
2022-12-23 05:25:51,9,7,3855.5,-1263
2022-12-23 05:25:57,5,-5,3855.5,-1268
2022-12-23 05:25:58,10,7,3855.75,-1261
2022-12-23 05:26:00,3,-3,3855.75,-1264
2022-12-23 05:26:01,1,-1,3855.5,-1265
2022-12-23 05:26:07,7,-5,3855.5,-1270
2022-12-23 05:26:24,1,1,3855.75,-1269
2022-12-23 05:26:30,6,-4,3855.5,-1273
2022-12-23 05:26:38,1,-1,3855.5,-1274
2022-12-23 05:26:40,7,-1,3855.5,-1275
2022-12-23 05:26:46,9,4,3855.5,-1271
2022-12-23 05:26:49,3,3,3855.5,-1268
2022-12-23 05:26:53,1,-1,3855.5,-1269
2022-12-23 05:26:58,10,0,3855.75,-1269
2022-12-23 05:27:00,277,62,3856.5,-1207
2022-12-23 05:27:02,1,1,3856.25,-1206
2022-12-23 05:27:04,18,-6,3856.0,-1212
2022-12-23 05:27:08,2,2,3856.25,-1210
2022-12-23 05:27:09,12,-6,3856.0,-1216
2022-12-23 05:27:11,1,1,3856.25,-1215
2022-12-23 05:27:12,3,-3,3856.0,-1218
2022-12-23 05:27:15,2,2,3856.0,-1216
2022-12-23 05:27:16,2,0,3856.0,-1216
2022-12-23 05:27:18,1,1,3856.0,-1215
2022-12-23 05:27:20,1,1,3856.0,-1214
2022-12-23 05:27:24,1,1,3856.0,-1213
2022-12-23 05:27:25,5,-5,3856.0,-1218
2022-12-23 05:27:26,1,1,3856.0,-1217
2022-12-23 05:27:34,5,4,3856.25,-1213
2022-12-23 05:27:35,5,-4,3856.25,-1217
2022-12-23 05:27:36,1,1,3856.25,-1216
2022-12-23 05:27:42,18,0,3856.25,-1216
2022-12-23 05:27:45,3,3,3856.25,-1213
2022-12-23 05:27:48,1,1,3856.25,-1212
2022-12-23 05:27:51,6,0,3856.5,-1212
2022-12-23 05:27:53,31,6,3856.5,-1206
2022-12-23 05:27:54,1,-1,3856.5,-1207
2022-12-23 05:27:55,1,-1,3856.5,-1208
2022-12-23 05:27:59,9,8,3856.75,-1200
2022-12-23 05:28:01,1,1,3856.75,-1199
2022-12-23 05:28:03,3,-3,3856.5,-1202
2022-12-23 05:28:04,1,-1,3856.25,-1203
2022-12-23 05:28:08,4,-2,3856.25,-1205
2022-12-23 05:28:09,2,-2,3855.75,-1207
2022-12-23 05:28:10,4,4,3856.0,-1203
2022-12-23 05:28:11,6,-4,3856.0,-1207
2022-12-23 05:28:15,12,-1,3856.0,-1208
2022-12-23 05:28:19,1,1,3856.25,-1207
2022-12-23 05:28:20,22,1,3856.25,-1206
2022-12-23 05:28:25,4,4,3856.25,-1202
2022-12-23 05:28:29,4,-4,3856.0,-1206
2022-12-23 05:28:32,5,4,3856.25,-1202
2022-12-23 05:28:33,2,-2,3856.0,-1204
2022-12-23 05:28:35,33,-15,3856.0,-1219
2022-12-23 05:28:37,11,-1,3856.0,-1220
2022-12-23 05:28:46,27,10,3856.0,-1210
2022-12-23 05:28:49,100,2,3856.5,-1208
2022-12-23 05:28:50,24,12,3856.75,-1196
2022-12-23 05:28:52,44,-10,3856.75,-1206
2022-12-23 05:28:54,18,-7,3856.5,-1213
2022-12-23 05:28:58,6,-5,3856.5,-1218
2022-12-23 05:28:59,4,2,3856.5,-1216
2022-12-23 05:29:01,10,-2,3856.5,-1218
2022-12-23 05:29:02,1,1,3856.5,-1217
2022-12-23 05:29:03,8,1,3856.5,-1216
2022-12-23 05:29:10,10,-10,3856.5,-1226
2022-12-23 05:29:21,18,-4,3856.5,-1230
2022-12-23 05:29:22,1,1,3856.75,-1229
2022-12-23 05:29:29,20,-1,3856.75,-1230
2022-12-23 05:29:31,7,-1,3856.75,-1231
2022-12-23 05:29:33,44,21,3857.0,-1210
2022-12-23 05:29:34,12,6,3857.0,-1204
2022-12-23 05:29:36,1,1,3857.0,-1203
2022-12-23 05:29:37,1,-1,3857.0,-1204
2022-12-23 05:29:39,38,14,3857.5,-1190
2022-12-23 05:29:41,12,1,3857.25,-1189
2022-12-23 05:29:43,5,3,3857.5,-1186
2022-12-23 05:29:45,6,6,3857.5,-1180
2022-12-23 05:29:46,2,2,3857.5,-1178
2022-12-23 05:29:47,6,4,3857.5,-1174
2022-12-23 05:29:48,25,5,3857.75,-1169
2022-12-23 05:29:50,10,-5,3857.5,-1174
2022-12-23 05:29:51,12,-2,3857.5,-1176
2022-12-23 05:29:54,1,-1,3857.25,-1177
2022-12-23 05:29:56,17,9,3857.5,-1168
2022-12-23 05:29:57,29,4,3857.75,-1164
2022-12-23 05:29:59,31,21,3858.0,-1143
2022-12-23 05:30:00,31,21,3858.5,-1122
2022-12-23 05:30:02,1,1,3858.5,-1121
2022-12-23 05:30:03,33,-16,3858.25,-1137
2022-12-23 05:30:04,1,-1,3858.0,-1138
2022-12-23 05:30:05,1,1,3858.25,-1137
2022-12-23 05:30:07,107,106,3858.75,-1031
2022-12-23 05:30:10,20,-12,3858.5,-1043
2022-12-23 05:30:11,54,18,3858.75,-1025
2022-12-23 05:30:12,2,2,3858.5,-1023
2022-12-23 05:30:13,1,-1,3858.5,-1024
2022-12-23 05:30:15,25,-9,3858.5,-1033
2022-12-23 05:30:17,57,44,3859.0,-989
2022-12-23 05:30:18,50,-17,3858.75,-1006
2022-12-23 05:30:19,4,-2,3858.75,-1008
2022-12-23 05:30:21,2,0,3858.75,-1008
2022-12-23 05:30:22,5,-1,3858.75,-1009
2022-12-23 05:30:23,1,1,3858.75,-1008
2022-12-23 05:30:25,35,18,3859.0,-990
2022-12-23 05:30:26,13,6,3858.75,-984
2022-12-23 05:30:27,10,2,3859.0,-982
2022-12-23 05:30:28,2,0,3858.75,-982
2022-12-23 05:30:30,1,-1,3858.75,-983
2022-12-23 05:30:32,27,2,3858.75,-981
2022-12-23 05:30:35,34,-2,3858.75,-983
2022-12-23 05:30:37,16,1,3858.75,-982
2022-12-23 05:30:38,1,-1,3858.5,-983
2022-12-23 05:30:39,5,1,3858.5,-982
2022-12-23 05:30:41,3,-3,3858.5,-985
2022-12-23 05:30:42,1,-1,3858.5,-986
2022-12-23 05:30:46,19,13,3858.75,-973
2022-12-23 05:30:47,160,44,3859.5,-929
2022-12-23 05:30:48,8,5,3859.5,-924
2022-12-23 05:30:50,2,2,3859.5,-922
2022-12-23 05:30:51,11,-5,3859.5,-927
2022-12-23 05:30:52,52,19,3859.75,-908
2022-12-23 05:30:53,4,-2,3859.5,-910
2022-12-23 05:30:54,1,1,3859.5,-909
2022-12-23 05:30:55,1,1,3859.5,-908
2022-12-23 05:30:56,15,-1,3859.5,-909
2022-12-23 05:30:57,7,8,3859.75,-901
2022-12-23 05:30:58,4,-2,3859.75,-903
2022-12-23 05:30:59,1,1,3859.75,-902
2022-12-23 05:31:04,49,-10,3859.75,-912
2022-12-23 05:31:05,9,-9,3859.25,-921
2022-12-23 05:31:06,4,2,3859.5,-919
2022-12-23 05:31:07,9,-7,3859.25,-926
2022-12-23 05:31:09,3,-3,3859.25,-929
2022-12-23 05:31:10,1,1,3859.5,-928
2022-12-23 05:31:11,4,-2,3859.25,-930
2022-12-23 05:31:12,16,-4,3859.5,-934
2022-12-23 05:31:14,1,1,3859.5,-933
2022-12-23 05:31:16,55,-33,3859.25,-966
2022-12-23 05:31:17,10,6,3859.25,-960
2022-12-23 05:31:18,1,-1,3859.25,-961
2022-12-23 05:31:19,8,7,3859.25,-954
2022-12-23 05:31:20,4,-4,3859.25,-958
2022-12-23 05:31:21,1,1,3859.25,-957
2022-12-23 05:31:22,6,-5,3859.0,-962
2022-12-23 05:31:23,5,5,3859.0,-957
2022-12-23 05:31:24,3,-3,3859.0,-960
2022-12-23 05:31:27,7,-4,3859.0,-964
2022-12-23 05:31:29,2,-1,3858.75,-965
2022-12-23 05:31:30,8,7,3859.0,-958
2022-12-23 05:31:31,9,0,3859.0,-958
2022-12-23 05:31:32,3,-2,3858.75,-960
2022-12-23 05:31:34,1,-1,3858.75,-961
2022-12-23 05:31:35,6,-5,3858.75,-966
2022-12-23 05:31:36,1,-1,3858.75,-967
2022-12-23 05:31:39,7,-1,3858.75,-968
2022-12-23 05:31:40,2,-2,3858.75,-970
2022-12-23 05:31:41,1,1,3858.75,-969
2022-12-23 05:31:44,3,0,3858.75,-969
2022-12-23 05:31:45,16,-3,3858.75,-972
2022-12-23 05:31:47,11,-4,3858.75,-976
2022-12-23 05:31:52,9,-5,3858.75,-981
2022-12-23 05:31:58,1,1,3858.75,-980
2022-12-23 05:32:01,1,1,3859.0,-979
2022-12-23 05:32:02,11,-4,3858.75,-983
2022-12-23 05:32:03,2,2,3858.75,-981
2022-12-23 05:32:05,3,2,3858.75,-979
2022-12-23 05:32:07,24,-7,3858.5,-986
2022-12-23 05:32:08,1,1,3858.5,-985
2022-12-23 05:32:10,14,-4,3858.5,-989
2022-12-23 05:32:11,2,0,3858.25,-989
2022-12-23 05:32:12,13,-6,3858.25,-995
2022-12-23 05:32:14,10,-8,3858.0,-1003
2022-12-23 05:32:15,3,1,3858.25,-1002
2022-12-23 05:32:16,14,-9,3858.0,-1011
2022-12-23 05:32:20,3,2,3858.0,-1009
2022-12-23 05:32:21,12,-4,3857.75,-1013
2022-12-23 05:32:24,1,-1,3857.75,-1014
2022-12-23 05:32:25,3,2,3858.0,-1012
2022-12-23 05:32:27,2,-2,3857.75,-1014
2022-12-23 05:32:29,1,-1,3857.75,-1015
2022-12-23 05:32:30,3,3,3858.0,-1012
2022-12-23 05:32:34,14,-4,3857.75,-1016
2022-12-23 05:32:35,4,2,3858.0,-1014
2022-12-23 05:32:37,2,-2,3857.75,-1016
2022-12-23 05:32:38,2,-2,3857.75,-1018
2022-12-23 05:32:39,1,1,3858.0,-1017
2022-12-23 05:32:40,7,7,3858.0,-1010
2022-12-23 05:32:44,5,5,3858.0,-1005
2022-12-23 05:32:45,9,-8,3858.0,-1013
2022-12-23 05:32:46,1,1,3858.0,-1012
2022-12-23 05:32:48,1,1,3858.0,-1011
2022-12-23 05:32:50,3,-1,3858.0,-1012
2022-12-23 05:32:56,7,-5,3857.75,-1017
2022-12-23 05:32:57,14,-3,3857.75,-1020
2022-12-23 05:32:59,5,1,3858.0,-1019
2022-12-23 05:33:00,8,4,3858.0,-1015
2022-12-23 05:33:02,1,1,3858.25,-1014
2022-12-23 05:33:05,12,6,3858.25,-1008
2022-12-23 05:33:08,5,5,3858.5,-1003
2022-12-23 05:33:17,1,1,3858.75,-1002
2022-12-23 05:33:18,1,1,3858.75,-1001
2022-12-23 05:33:24,2,2,3858.75,-999
2022-12-23 05:33:27,18,9,3858.75,-990
2022-12-23 05:33:28,6,6,3859.0,-984
2022-12-23 05:33:29,4,2,3859.0,-982
2022-12-23 05:33:30,2,-2,3858.75,-984
2022-12-23 05:33:32,13,8,3859.25,-976
2022-12-23 05:33:33,20,-10,3859.0,-986
2022-12-23 05:33:35,1,1,3859.0,-985
2022-12-23 05:33:37,18,-2,3858.75,-987
2022-12-23 05:33:38,9,4,3858.75,-983
2022-12-23 05:33:39,1,1,3859.0,-982
2022-12-23 05:33:41,12,4,3859.0,-978
2022-12-23 05:33:44,1,-1,3859.0,-979
2022-12-23 05:33:52,7,-2,3858.75,-981
2022-12-23 05:33:57,1,-1,3858.75,-982
2022-12-23 05:33:58,5,-5,3858.75,-987
2022-12-23 05:33:59,5,0,3858.75,-987
2022-12-23 05:34:00,7,-2,3859.0,-989
2022-12-23 05:34:01,5,-4,3858.5,-993
2022-12-23 05:34:02,6,4,3859.0,-989
2022-12-23 05:34:03,1,-1,3858.75,-990
2022-12-23 05:34:05,8,-2,3859.0,-992
2022-12-23 05:34:07,2,-1,3858.75,-993
2022-12-23 05:34:11,1,1,3859.0,-992
2022-12-23 05:34:12,1,-1,3858.75,-993
2022-12-23 05:34:13,1,-1,3858.75,-994
2022-12-23 05:34:15,1,-1,3858.5,-995
2022-12-23 05:34:21,2,1,3858.75,-994
2022-12-23 05:34:22,2,0,3858.75,-994
2022-12-23 05:34:25,1,-1,3858.75,-995
2022-12-23 05:34:27,17,-5,3858.5,-1000
2022-12-23 05:34:40,1,1,3858.5,-999
2022-12-23 05:34:48,4,4,3858.5,-995
2022-12-23 05:34:49,1,1,3858.75,-994
2022-12-23 05:34:50,9,3,3858.75,-991
2022-12-23 05:34:51,3,-3,3858.75,-994
2022-12-23 05:35:03,16,8,3859.0,-986
2022-12-23 05:35:05,16,7,3859.25,-979
2022-12-23 05:35:06,1,-1,3859.0,-980
2022-12-23 05:35:10,1,1,3859.25,-979
2022-12-23 05:35:13,1,1,3859.25,-978
2022-12-23 05:35:15,1,1,3859.25,-977
2022-12-23 05:35:16,3,3,3859.25,-974
2022-12-23 05:35:17,1,-1,3859.0,-975
2022-12-23 05:35:19,1,-1,3859.0,-976
2022-12-23 05:35:21,1,-1,3859.0,-977
2022-12-23 05:35:22,1,-1,3859.0,-978
2022-12-23 05:35:23,2,-2,3859.0,-980
2022-12-23 05:35:25,1,1,3859.25,-979
2022-12-23 05:35:27,1,1,3859.25,-978
2022-12-23 05:35:33,41,23,3859.75,-955
2022-12-23 05:35:34,181,52,3860.25,-903
2022-12-23 05:35:35,12,-5,3860.0,-908
2022-12-23 05:35:36,1,-1,3860.0,-909
2022-12-23 05:35:37,1,-1,3860.0,-910
2022-12-23 05:35:38,21,6,3860.25,-904
2022-12-23 05:35:39,387,265,3861.75,-639
2022-12-23 05:35:40,146,60,3862.25,-579
2022-12-23 05:35:41,7,3,3862.0,-576
2022-12-23 05:35:42,19,-14,3861.75,-590
2022-12-23 05:35:43,11,-3,3861.5,-593
2022-12-23 05:35:44,8,0,3861.5,-593
2022-12-23 05:35:45,8,0,3861.5,-593
2022-12-23 05:35:47,1,-1,3861.5,-594
2022-12-23 05:35:48,32,-4,3861.75,-598
2022-12-23 05:35:49,10,3,3861.75,-595
2022-12-23 05:35:50,13,-5,3861.75,-600
2022-12-23 05:35:51,4,-3,3861.75,-603
2022-12-23 05:35:52,10,5,3862.0,-598
2022-12-23 05:35:53,4,-2,3861.75,-600
2022-12-23 05:35:54,41,7,3862.0,-593
2022-12-23 05:35:56,8,4,3862.0,-589
2022-12-23 05:35:57,2,1,3862.0,-588
2022-12-23 05:35:58,1,1,3862.0,-587
2022-12-23 05:35:59,7,5,3862.0,-582
2022-12-23 05:36:00,2,2,3862.0,-580
2022-12-23 05:36:01,16,-8,3861.75,-588
2022-12-23 05:36:05,44,4,3862.25,-584
2022-12-23 05:36:06,11,9,3862.25,-575
2022-12-23 05:36:07,12,9,3862.5,-566
2022-12-23 05:36:08,10,-2,3862.5,-568
2022-12-23 05:36:09,5,2,3862.5,-566
2022-12-23 05:36:10,7,-3,3862.5,-569
2022-12-23 05:36:11,17,-10,3862.25,-579
2022-12-23 05:36:13,1,1,3862.25,-578
2022-12-23 05:36:14,1,-1,3862.0,-579
2022-12-23 05:36:16,19,12,3862.25,-567
2022-12-23 05:36:17,27,-6,3862.25,-573
2022-12-23 05:36:18,1,1,3862.25,-572
2022-12-23 05:36:20,5,-3,3862.25,-575
2022-12-23 05:36:21,2,0,3862.25,-575
2022-12-23 05:36:22,7,-7,3862.0,-582
2022-12-23 05:36:27,1,1,3862.0,-581
2022-12-23 05:36:29,13,-5,3861.75,-586
2022-12-23 05:36:30,3,-3,3861.75,-589
2022-12-23 05:36:32,1,1,3862.0,-588
2022-12-23 05:36:35,24,-12,3861.75,-600
2022-12-23 05:36:36,3,-3,3861.75,-603
2022-12-23 05:36:37,6,-2,3861.75,-605
2022-12-23 05:36:39,7,-7,3861.5,-612
2022-12-23 05:36:40,12,8,3861.75,-604
2022-12-23 05:36:43,1,1,3862.0,-603
2022-12-23 05:36:46,4,4,3862.0,-599
2022-12-23 05:36:47,2,0,3862.0,-599
2022-12-23 05:36:48,15,-12,3861.75,-611
2022-12-23 05:36:50,2,2,3861.75,-609
2022-12-23 05:36:51,7,-1,3861.75,-610
2022-12-23 05:36:54,1,-1,3861.5,-611
2022-12-23 05:36:56,5,0,3861.75,-611
2022-12-23 05:37:00,6,0,3861.75,-611
2022-12-23 05:37:02,1,1,3862.0,-610
2022-12-23 05:37:04,2,2,3862.0,-608
2022-12-23 05:37:05,1,1,3862.0,-607
2022-12-23 05:37:06,16,-8,3861.75,-615
2022-12-23 05:37:07,7,-6,3861.75,-621
2022-12-23 05:37:08,9,6,3861.75,-615
2022-12-23 05:37:09,1,-1,3861.5,-616
2022-12-23 05:37:10,5,-2,3861.75,-618
2022-12-23 05:37:16,2,-2,3861.75,-620
2022-12-23 05:37:18,4,1,3862.0,-619
2022-12-23 05:37:20,27,8,3862.25,-611
2022-12-23 05:37:22,2,-1,3862.0,-612
2022-12-23 05:37:25,14,3,3862.25,-609
2022-12-23 05:37:26,19,3,3862.25,-606
2022-12-23 05:37:27,13,-10,3862.0,-616
2022-12-23 05:37:29,4,-4,3861.75,-620
2022-12-23 05:37:31,4,0,3861.75,-620
2022-12-23 05:37:34,1,1,3861.75,-619
2022-12-23 05:37:40,36,-21,3861.5,-640
2022-12-23 05:37:41,37,-5,3861.25,-645
2022-12-23 05:37:42,1,-1,3861.0,-646
2022-12-23 05:37:43,6,1,3861.25,-645
2022-12-23 05:37:44,1,-1,3861.0,-646
2022-12-23 05:37:47,9,6,3861.25,-640
2022-12-23 05:37:50,4,4,3861.5,-636
2022-12-23 05:37:51,111,5,3861.5,-631
2022-12-23 05:37:52,3,-1,3861.25,-632
2022-12-23 05:37:58,1,-1,3861.25,-633
2022-12-23 05:38:01,12,-5,3861.25,-638
2022-12-23 05:38:02,7,-4,3861.25,-642
2022-12-23 05:38:04,1,1,3861.25,-641
2022-12-23 05:38:15,19,-6,3861.0,-647
2022-12-23 05:38:16,1,1,3861.25,-646
2022-12-23 05:38:21,2,2,3861.25,-644
2022-12-23 05:38:24,1,-1,3861.0,-645
2022-12-23 05:38:28,22,-1,3861.0,-646
2022-12-23 05:38:30,14,-7,3861.0,-653
2022-12-23 05:38:32,5,5,3861.25,-648
2022-12-23 05:38:34,12,-1,3861.25,-649
2022-12-23 05:38:37,15,-10,3861.0,-659
2022-12-23 05:38:40,1,-1,3861.0,-660
2022-12-23 05:38:41,11,-2,3861.5,-662
2022-12-23 05:38:44,4,3,3861.25,-659
2022-12-23 05:38:46,1,1,3861.5,-658
2022-12-23 05:38:48,1,1,3861.5,-657
2022-12-23 05:38:52,13,0,3861.25,-657
2022-12-23 05:38:54,15,0,3861.5,-657
2022-12-23 05:38:59,3,3,3861.5,-654
2022-12-23 05:39:00,26,14,3861.75,-640
2022-12-23 05:39:03,17,-3,3862.0,-643
2022-12-23 05:39:07,1,-1,3861.75,-644
2022-12-23 05:39:10,5,-5,3861.75,-649
2022-12-23 05:39:14,8,0,3861.75,-649
2022-12-23 05:39:15,15,0,3862.0,-649
2022-12-23 05:39:16,3,-3,3862.0,-652
2022-12-23 05:39:17,10,-8,3861.75,-660
2022-12-23 05:39:19,3,-3,3861.5,-663
2022-12-23 05:39:20,3,-1,3861.75,-664
2022-12-23 05:39:22,1,-1,3861.25,-665
2022-12-23 05:39:25,1,-1,3861.25,-666
2022-12-23 05:39:26,9,-6,3861.25,-672
2022-12-23 05:39:35,1,1,3861.5,-671
2022-12-23 05:39:38,43,-13,3861.25,-684
2022-12-23 05:39:40,10,-9,3861.0,-693
2022-12-23 05:39:41,15,2,3861.25,-691
2022-12-23 05:39:43,7,7,3861.25,-684
2022-12-23 05:39:44,2,-2,3861.25,-686
2022-12-23 05:39:47,3,-3,3861.25,-689
2022-12-23 05:39:48,1,1,3861.25,-688
2022-12-23 05:39:50,2,2,3861.25,-686
2022-12-23 05:39:52,1,-1,3861.25,-687
2022-12-23 05:40:01,6,-5,3861.0,-692
2022-12-23 05:40:02,8,-8,3861.0,-700
2022-12-23 05:40:04,17,-2,3861.0,-702
2022-12-23 05:40:06,9,-1,3861.0,-703
2022-12-23 05:40:08,1,-1,3861.0,-704
2022-12-23 05:40:09,1,-1,3861.0,-705
2022-12-23 05:40:10,4,-2,3861.0,-707
2022-12-23 05:40:11,6,0,3861.0,-707
2022-12-23 05:40:12,1,-1,3861.0,-708
2022-12-23 05:40:13,6,-3,3861.0,-711
2022-12-23 05:40:14,2,1,3861.0,-710
2022-12-23 05:40:15,1,1,3861.0,-709
2022-12-23 05:40:17,7,-2,3861.0,-711
2022-12-23 05:40:18,8,1,3861.0,-710
2022-12-23 05:40:19,2,0,3861.0,-710
2022-12-23 05:40:20,1,-1,3861.0,-711
2022-12-23 05:40:21,9,4,3861.0,-707
2022-12-23 05:40:22,21,0,3861.0,-707
2022-12-23 05:40:23,7,-3,3861.25,-710
2022-12-23 05:40:24,10,1,3861.0,-709
2022-12-23 05:40:26,8,-6,3861.0,-715
2022-12-23 05:40:28,51,16,3861.25,-699
2022-12-23 05:40:33,14,-11,3861.0,-710
2022-12-23 05:40:36,1,-1,3861.0,-711
2022-12-23 05:40:41,4,2,3861.25,-709
2022-12-23 05:40:42,3,-3,3861.25,-712
2022-12-23 05:40:45,9,3,3861.25,-709
2022-12-23 05:40:48,5,-1,3861.25,-710
2022-12-23 05:40:50,10,-6,3861.25,-716
2022-12-23 05:40:52,3,3,3861.25,-713
2022-12-23 05:40:56,53,34,3861.5,-679
2022-12-23 05:41:00,1,-1,3861.5,-680
2022-12-23 05:41:02,5,-5,3861.5,-685
2022-12-23 05:41:04,16,-7,3861.25,-692
2022-12-23 05:41:07,1,1,3861.25,-691
2022-12-23 05:41:08,4,3,3861.25,-688
2022-12-23 05:41:09,2,2,3861.25,-686
2022-12-23 05:41:12,1,-1,3861.0,-687
2022-12-23 05:41:13,9,-6,3861.0,-693
2022-12-23 05:41:14,1,-1,3860.75,-694
2022-12-23 05:41:15,1,-1,3861.0,-695
2022-12-23 05:41:17,28,17,3861.25,-678
2022-12-23 05:41:24,32,11,3861.5,-667
2022-12-23 05:41:25,5,-4,3861.25,-671
2022-12-23 05:41:26,5,0,3861.25,-671
2022-12-23 05:41:29,10,8,3861.5,-663
2022-12-23 05:41:30,4,-4,3861.25,-667
2022-12-23 05:41:31,1,-1,3861.25,-668
2022-12-23 05:41:36,1,-1,3861.25,-669
2022-12-23 05:41:40,2,2,3861.25,-667
2022-12-23 05:41:41,6,0,3861.25,-667
2022-12-23 05:41:42,18,-6,3861.0,-673
2022-12-23 05:41:46,7,-1,3861.0,-674
2022-12-23 05:41:49,3,0,3861.0,-674
2022-12-23 05:41:50,1,1,3861.25,-673
2022-12-23 05:41:56,2,2,3861.25,-671
2022-12-23 05:42:05,1,1,3861.25,-670
2022-12-23 05:42:07,2,2,3861.25,-668
2022-12-23 05:42:08,7,3,3861.25,-665
2022-12-23 05:42:18,7,3,3861.25,-662
2022-12-23 05:42:19,18,3,3861.5,-659
2022-12-23 05:42:23,5,-1,3861.25,-660
2022-12-23 05:42:24,3,-3,3861.25,-663
2022-12-23 05:42:28,30,-1,3861.0,-664
2022-12-23 05:42:30,11,-7,3860.75,-671
2022-12-23 05:42:31,20,-13,3860.5,-684
2022-12-23 05:42:32,8,-4,3860.25,-688
2022-12-23 05:42:33,6,-3,3860.25,-691
2022-12-23 05:42:40,4,-4,3860.0,-695
2022-12-23 05:42:42,1,-1,3860.0,-696
2022-12-23 05:42:43,7,4,3860.25,-692
2022-12-23 05:42:44,7,2,3860.25,-690
2022-12-23 05:42:45,2,-2,3860.25,-692
2022-12-23 05:42:46,7,-1,3860.25,-693
2022-12-23 05:42:47,8,-5,3860.25,-698
2022-12-23 05:42:48,1,1,3860.25,-697
2022-12-23 05:42:51,1,-1,3860.0,-698
2022-12-23 05:42:54,1,-1,3860.0,-699
2022-12-23 05:42:55,30,-16,3860.0,-715
2022-12-23 05:42:57,10,-1,3860.0,-716
2022-12-23 05:43:00,10,15,3860.25,-701
2022-12-23 05:43:01,3,-3,3860.0,-704
2022-12-23 05:43:02,1,1,3860.0,-703
2022-12-23 05:43:03,7,0,3860.0,-703
2022-12-23 05:43:04,3,-3,3860.0,-706
2022-12-23 05:43:06,6,5,3860.25,-701
2022-12-23 05:43:07,2,-2,3860.0,-703
2022-12-23 05:43:08,2,-2,3860.0,-705
2022-12-23 05:43:12,8,-2,3860.0,-707
2022-12-23 05:43:17,11,7,3860.25,-700
2022-12-23 05:43:18,3,-3,3860.0,-703
2022-12-23 05:43:20,5,2,3860.0,-701
2022-12-23 05:43:30,11,-10,3859.75,-711
2022-12-23 05:43:31,1,-1,3859.75,-712
2022-12-23 05:43:32,5,0,3859.75,-712
2022-12-23 05:43:33,6,6,3860.0,-706
2022-12-23 05:43:34,6,4,3860.0,-702
2022-12-23 05:43:36,2,1,3860.0,-701
2022-12-23 05:43:37,1,-1,3860.0,-702
2022-12-23 05:43:38,1,-1,3860.0,-703
2022-12-23 05:43:39,26,-6,3860.25,-709
2022-12-23 05:43:44,6,-6,3860.0,-715
2022-12-23 05:43:45,1,1,3860.0,-714
2022-12-23 05:43:50,3,2,3860.25,-712
2022-12-23 05:43:52,10,9,3860.25,-703
2022-12-23 05:43:55,4,-3,3860.25,-706
2022-12-23 05:43:57,11,-9,3860.0,-715
2022-12-23 05:43:58,5,-3,3859.75,-718
2022-12-23 05:43:59,1,-1,3859.75,-719
2022-12-23 05:44:04,5,-4,3859.75,-723
2022-12-23 05:44:05,11,-6,3859.75,-729
2022-12-23 05:44:16,23,12,3860.0,-717
2022-12-23 05:44:17,20,-1,3860.0,-718
2022-12-23 05:44:18,1,1,3860.25,-717
2022-12-23 05:44:20,13,11,3860.25,-706
2022-12-23 05:44:21,6,-5,3860.0,-711
2022-12-23 05:44:30,24,4,3860.0,-707
2022-12-23 05:44:41,3,2,3860.0,-705
2022-12-23 05:44:42,1,1,3860.0,-704
2022-12-23 05:44:44,19,-7,3859.75,-711
2022-12-23 05:44:55,4,-3,3859.75,-714
2022-12-23 05:45:01,5,5,3860.0,-709
2022-12-23 05:45:02,18,12,3860.5,-697
2022-12-23 05:45:04,2,2,3860.5,-695
2022-12-23 05:45:08,8,6,3860.75,-689
2022-12-23 05:45:10,7,-5,3860.5,-694
2022-12-23 05:45:11,2,-2,3860.5,-696
2022-12-23 05:45:13,1,1,3860.5,-695
2022-12-23 05:45:18,2,-2,3860.25,-697
2022-12-23 05:45:19,6,5,3860.5,-692
2022-12-23 05:45:26,13,-9,3860.25,-701
2022-12-23 05:45:28,1,1,3860.25,-700
2022-12-23 05:45:29,10,3,3860.5,-697
2022-12-23 05:45:31,1,1,3860.5,-696
2022-12-23 05:45:38,8,-2,3860.5,-698
2022-12-23 05:45:43,8,1,3860.75,-697
2022-12-23 05:45:44,1,-1,3860.5,-698
2022-12-23 05:45:45,27,-6,3860.5,-704
2022-12-23 05:45:49,2,2,3860.75,-702
2022-12-23 05:45:55,8,2,3860.75,-700
2022-12-23 05:45:58,12,7,3860.75,-693
2022-12-23 05:46:00,2,0,3860.75,-693
2022-12-23 05:46:01,1,1,3860.75,-692
2022-12-23 05:46:02,11,-8,3860.5,-700
2022-12-23 05:46:11,37,-25,3860.25,-725
2022-12-23 05:46:12,8,-1,3860.25,-726
2022-12-23 05:46:19,1,1,3860.25,-725
2022-12-23 05:46:20,9,2,3860.25,-723
2022-12-23 05:46:24,2,2,3860.25,-721
2022-12-23 05:46:25,1,-1,3860.25,-722
2022-12-23 05:46:27,3,1,3860.25,-721
2022-12-23 05:46:30,1,1,3860.25,-720
2022-12-23 05:46:31,1,1,3860.25,-719
2022-12-23 05:46:34,6,3,3860.25,-716
2022-12-23 05:46:35,2,0,3860.5,-716
2022-12-23 05:46:36,1,-1,3860.25,-717
2022-12-23 05:46:37,1,-1,3860.25,-718
2022-12-23 05:46:39,8,-4,3860.25,-722
2022-12-23 05:46:42,6,4,3860.5,-718
2022-12-23 05:46:43,4,-4,3860.5,-722
2022-12-23 05:46:45,5,5,3860.5,-717
2022-12-23 05:46:50,5,-5,3860.5,-722
2022-12-23 05:46:51,16,-1,3860.75,-723
2022-12-23 05:46:52,1,-1,3860.75,-724
2022-12-23 05:46:56,1,1,3860.75,-723
2022-12-23 05:47:02,21,6,3860.75,-717
2022-12-23 05:47:04,1,-1,3860.75,-718
2022-12-23 05:47:06,1,1,3861.0,-717
2022-12-23 05:47:08,6,3,3861.0,-714
2022-12-23 05:47:09,4,-4,3861.0,-718
2022-12-23 05:47:10,10,-9,3860.75,-727
2022-12-23 05:47:14,9,4,3860.75,-723
2022-12-23 05:47:16,3,2,3860.75,-721
2022-12-23 05:47:20,3,-2,3860.5,-723
2022-12-23 05:47:26,3,-3,3860.5,-726
2022-12-23 05:47:30,1,-1,3860.5,-727
2022-12-23 05:47:39,28,-5,3860.5,-732
2022-12-23 05:47:40,15,-3,3860.5,-735
2022-12-23 05:47:44,9,8,3860.5,-727
2022-12-23 05:47:45,10,7,3860.75,-720
2022-12-23 05:47:46,6,-6,3860.75,-726
2022-12-23 05:47:47,1,1,3860.75,-725
2022-12-23 05:47:48,4,-4,3860.75,-729
2022-12-23 05:47:51,2,0,3860.75,-729
2022-12-23 05:47:52,3,-2,3860.75,-731
2022-12-23 05:47:53,6,-3,3860.75,-734
2022-12-23 05:47:54,10,-5,3860.75,-739
2022-12-23 05:47:55,2,2,3861.0,-737
2022-12-23 05:47:56,1,1,3861.0,-736
2022-12-23 05:47:58,6,-5,3860.75,-741
2022-12-23 05:48:03,2,-2,3860.5,-743
2022-12-23 05:48:04,2,-2,3860.5,-745
2022-12-23 05:48:06,4,3,3860.75,-742
2022-12-23 05:48:09,12,-2,3860.75,-744
2022-12-23 05:48:10,1,-1,3860.75,-745
2022-12-23 05:48:15,9,2,3861.0,-743
2022-12-23 05:48:17,4,3,3861.0,-740
2022-12-23 05:48:18,4,-4,3861.0,-744
2022-12-23 05:48:22,1,-1,3861.0,-745
2022-12-23 05:48:23,2,-1,3861.0,-746
2022-12-23 05:48:24,2,2,3861.25,-744
2022-12-23 05:48:25,1,1,3861.25,-743
2022-12-23 05:48:27,7,-1,3861.0,-744
2022-12-23 05:48:28,2,0,3861.25,-744
2022-12-23 05:48:35,40,30,3861.75,-714
2022-12-23 05:48:38,22,4,3861.75,-710
2022-12-23 05:48:39,3,-1,3861.75,-711
2022-12-23 05:48:44,4,-2,3861.5,-713
2022-12-23 05:48:45,9,3,3861.5,-710
2022-12-23 05:48:47,14,2,3861.5,-708
2022-12-23 05:48:48,2,0,3861.5,-708
2022-12-23 05:48:51,1,-1,3861.5,-709
2022-12-23 05:48:52,8,-6,3861.5,-715
2022-12-23 05:48:53,2,2,3861.5,-713
2022-12-23 05:48:56,9,7,3861.5,-706
2022-12-23 05:48:57,4,-2,3861.5,-708
2022-12-23 05:48:58,3,3,3861.75,-705
2022-12-23 05:49:00,11,7,3862.25,-698
2022-12-23 05:49:03,14,-2,3862.0,-700
2022-12-23 05:49:04,2,2,3861.75,-698
2022-12-23 05:49:05,10,-9,3861.5,-707
2022-12-23 05:49:06,1,-1,3861.25,-708
2022-12-23 05:49:08,5,-3,3861.25,-711
2022-12-23 05:49:09,10,-2,3861.25,-713
2022-12-23 05:49:22,9,7,3861.5,-706
2022-12-23 05:49:24,3,3,3861.75,-703
2022-12-23 05:49:26,3,2,3862.0,-701
2022-12-23 05:49:27,6,4,3862.0,-697
2022-12-23 05:49:28,10,-9,3862.0,-706
2022-12-23 05:49:29,4,3,3862.0,-703
2022-12-23 05:49:32,43,-14,3862.25,-717
2022-12-23 05:49:37,9,5,3862.25,-712
2022-12-23 05:49:40,4,0,3862.25,-712
2022-12-23 05:49:42,49,13,3862.5,-699
2022-12-23 05:49:44,17,12,3862.75,-687
2022-12-23 05:49:45,18,-12,3862.75,-699
2022-12-23 05:49:46,1,1,3862.5,-698
2022-12-23 05:49:48,2,1,3862.75,-697
2022-12-23 05:49:49,3,-3,3862.5,-700
2022-12-23 05:49:50,2,1,3862.75,-699
2022-12-23 05:49:55,5,-1,3862.5,-700
2022-12-23 05:49:57,6,4,3862.75,-696
2022-12-23 05:50:01,1,-1,3862.5,-697
2022-12-23 05:50:02,10,-9,3862.5,-706
2022-12-23 05:50:03,9,3,3862.5,-703
2022-12-23 05:50:04,2,1,3862.5,-702
2022-12-23 05:50:06,6,-6,3862.5,-708
2022-12-23 05:50:07,3,3,3862.5,-705
2022-12-23 05:50:08,2,2,3862.5,-703
2022-12-23 05:50:10,5,-1,3862.5,-704
2022-12-23 05:50:11,3,3,3862.5,-701
2022-12-23 05:50:20,16,4,3862.75,-697
2022-12-23 05:50:21,1,-1,3862.75,-698
2022-12-23 05:50:24,63,30,3863.25,-668
2022-12-23 05:50:26,4,3,3863.0,-665
2022-12-23 05:50:27,10,5,3863.25,-660
2022-12-23 05:50:29,19,-13,3863.0,-673
2022-12-23 05:50:30,5,2,3863.25,-671
2022-12-23 05:50:31,3,-2,3863.0,-673
2022-12-23 05:50:33,1,1,3863.0,-672
2022-12-23 05:50:34,5,4,3863.25,-668
2022-12-23 05:50:35,5,-4,3862.75,-672
2022-12-23 05:50:37,6,4,3863.0,-668
2022-12-23 05:50:39,8,8,3863.0,-660
2022-12-23 05:50:41,54,-34,3862.75,-694
2022-12-23 05:50:43,7,5,3862.25,-689
2022-12-23 05:50:44,3,-3,3862.25,-692
2022-12-23 05:50:46,12,-6,3862.0,-698
2022-12-23 05:50:47,4,0,3862.25,-698
2022-12-23 05:50:49,7,-3,3862.0,-701
2022-12-23 05:50:50,2,0,3862.0,-701
2022-12-23 05:50:52,18,13,3862.0,-688
2022-12-23 05:50:55,1,-1,3862.0,-689
2022-12-23 05:50:56,1,-1,3862.0,-690
2022-12-23 05:50:58,3,-3,3862.0,-693
2022-12-23 05:50:59,4,3,3862.0,-690
2022-12-23 05:51:02,4,-4,3862.0,-694
2022-12-23 05:51:03,1,1,3862.25,-693
2022-12-23 05:51:09,1,1,3862.25,-692
2022-12-23 05:51:10,25,16,3862.25,-676
2022-12-23 05:51:11,12,6,3862.75,-670
2022-12-23 05:51:12,4,-4,3862.5,-674
2022-12-23 05:51:15,1,1,3862.5,-673
2022-12-23 05:51:18,10,-7,3862.25,-680
2022-12-23 05:51:20,1,1,3862.25,-679
2022-12-23 05:51:22,1,1,3862.5,-678
2022-12-23 05:51:25,44,-4,3862.5,-682
2022-12-23 05:51:27,2,-2,3862.5,-684
2022-12-23 05:51:28,13,-5,3862.75,-689
2022-12-23 05:51:37,11,4,3862.75,-685
2022-12-23 05:51:39,1,1,3862.75,-684
2022-12-23 05:51:40,3,3,3862.75,-681
2022-12-23 05:51:41,1,-1,3862.5,-682
2022-12-23 05:51:42,2,2,3863.0,-680
2022-12-23 05:51:47,12,2,3863.0,-678
2022-12-23 05:51:49,5,5,3863.0,-673
2022-12-23 05:51:51,1,1,3863.0,-672
2022-12-23 05:51:53,1,1,3863.0,-671
2022-12-23 05:51:55,5,5,3863.25,-666
2022-12-23 05:51:57,15,2,3863.25,-664
2022-12-23 05:51:58,4,3,3863.25,-661
2022-12-23 05:51:59,12,4,3863.5,-657
2022-12-23 05:52:00,2,0,3863.5,-657
2022-12-23 05:52:02,1,-1,3863.25,-658
2022-12-23 05:52:04,1,1,3863.5,-657
2022-12-23 05:52:07,43,7,3863.5,-650
2022-12-23 05:52:08,1,-1,3863.5,-651
2022-12-23 05:52:12,3,-3,3863.5,-654
2022-12-23 05:52:13,16,-7,3863.5,-661
2022-12-23 05:52:15,5,5,3863.5,-656
2022-12-23 05:52:16,1,-1,3863.5,-657
2022-12-23 05:52:17,9,8,3863.75,-649
2022-12-23 05:52:19,3,1,3863.75,-648
2022-12-23 05:52:20,1,-1,3863.5,-649
2022-12-23 05:52:21,1,1,3863.75,-648
2022-12-23 05:52:22,12,-4,3863.5,-652
2022-12-23 05:52:23,2,0,3863.75,-652
2022-12-23 05:52:29,11,-7,3863.5,-659
2022-12-23 05:52:30,1,-1,3863.5,-660
2022-12-23 05:52:34,8,3,3863.5,-657
2022-12-23 05:52:35,3,0,3863.5,-657
2022-12-23 05:52:39,2,0,3863.75,-657
2022-12-23 05:52:40,16,10,3863.75,-647
2022-12-23 05:52:46,1,-1,3863.5,-648
2022-12-23 05:52:48,13,11,3863.75,-637
2022-12-23 05:52:49,14,-13,3863.75,-650
2022-12-23 05:52:50,9,2,3863.75,-648
2022-12-23 05:52:51,4,-1,3863.75,-649
2022-12-23 05:52:52,5,-4,3863.75,-653
2022-12-23 05:52:54,2,-2,3863.75,-655
2022-12-23 05:52:55,1,-1,3863.5,-656
2022-12-23 05:52:56,2,2,3863.75,-654
2022-12-23 05:52:57,1,1,3863.75,-653
2022-12-23 05:53:00,9,5,3863.75,-648
2022-12-23 05:53:07,2,0,3863.75,-648
2022-12-23 05:53:08,18,2,3864.0,-646
2022-12-23 05:53:09,13,2,3864.0,-644
2022-12-23 05:53:10,3,3,3864.0,-641
2022-12-23 05:53:11,6,-2,3864.0,-643
2022-12-23 05:53:12,65,35,3864.0,-608
2022-12-23 05:53:13,1,1,3864.0,-607
2022-12-23 05:53:14,1,1,3864.0,-606
2022-12-23 05:53:15,28,-3,3863.75,-609
2022-12-23 05:53:17,20,-12,3864.0,-621
2022-12-23 05:53:21,7,-6,3863.75,-627
2022-12-23 05:53:23,1,1,3863.75,-626
2022-12-23 05:53:27,3,-3,3863.5,-629
2022-12-23 05:53:29,1,1,3863.75,-628
2022-12-23 05:53:32,1,-1,3863.5,-629
2022-12-23 05:53:35,9,-1,3863.75,-630
2022-12-23 05:53:37,1,-1,3863.5,-631
2022-12-23 05:53:38,21,2,3864.0,-629
2022-12-23 05:53:39,1,1,3863.75,-628
2022-12-23 05:53:43,1,-1,3863.75,-629
2022-12-23 05:53:44,1,1,3864.0,-628
2022-12-23 05:53:46,1,-1,3863.75,-629
2022-12-23 05:53:50,20,-4,3863.75,-633
2022-12-23 05:53:53,42,27,3864.0,-606
2022-12-23 05:53:54,25,-14,3863.75,-620
2022-12-23 05:53:56,1,1,3864.0,-619
2022-12-23 05:53:58,1,1,3864.0,-618
2022-12-23 05:53:59,1,1,3864.0,-617
2022-12-23 05:54:02,5,-5,3863.75,-622
2022-12-23 05:54:03,1,1,3863.75,-621
2022-12-23 05:54:04,3,-1,3863.75,-622
2022-12-23 05:54:06,5,-4,3863.5,-626
2022-12-23 05:54:09,4,4,3863.5,-622
2022-12-23 05:54:10,23,4,3863.75,-618
2022-12-23 05:54:11,2,-2,3863.75,-620
2022-12-23 05:54:12,9,-5,3863.5,-625
2022-12-23 05:54:13,10,13,3863.75,-612
2022-12-23 05:54:14,7,-3,3863.5,-615
2022-12-23 05:54:15,3,-1,3863.5,-616
2022-12-23 05:54:19,21,-14,3863.25,-630
2022-12-23 05:54:21,4,0,3863.25,-630
2022-12-23 05:54:23,4,2,3863.25,-628
2022-12-23 05:54:24,7,1,3863.25,-627
2022-12-23 05:54:25,9,1,3863.5,-626
2022-12-23 05:54:27,4,1,3863.5,-625
2022-12-23 05:54:28,19,-8,3863.25,-633
2022-12-23 05:54:29,16,-9,3863.0,-642
2022-12-23 05:54:31,2,-2,3863.0,-644
2022-12-23 05:54:32,1,-1,3863.0,-645
2022-12-23 05:54:35,1,-1,3863.0,-646
2022-12-23 05:54:36,5,4,3863.25,-642
2022-12-23 05:54:39,19,-3,3863.25,-645
2022-12-23 05:54:40,1,1,3863.5,-644
2022-12-23 05:54:44,26,-14,3863.5,-658
2022-12-23 05:54:45,9,8,3863.5,-650
2022-12-23 05:54:48,2,0,3863.5,-650
2022-12-23 05:54:49,1,1,3863.75,-649
2022-12-23 05:54:50,6,-5,3863.5,-654
2022-12-23 05:54:51,2,2,3863.5,-652
2022-12-23 05:54:56,5,5,3863.5,-647
2022-12-23 05:54:59,1,-1,3863.5,-648
2022-12-23 05:55:00,15,4,3863.75,-644
2022-12-23 05:55:05,16,6,3863.75,-638
2022-12-23 05:55:06,1,1,3863.75,-637
2022-12-23 05:55:09,5,4,3863.75,-633
2022-12-23 05:55:19,10,-9,3863.5,-642
2022-12-23 05:55:20,14,-6,3863.25,-648
2022-12-23 05:55:24,12,-4,3863.25,-652
2022-12-23 05:55:26,15,-10,3863.0,-662
2022-12-23 05:55:27,2,0,3863.0,-662
2022-12-23 05:55:29,2,-2,3862.75,-664
2022-12-23 05:55:30,2,-2,3862.75,-666
2022-12-23 05:55:32,18,-8,3862.75,-674
2022-12-23 05:55:33,11,-2,3862.5,-676
2022-12-23 05:55:34,1,1,3862.75,-675
2022-12-23 05:55:35,3,-2,3862.5,-677
2022-12-23 05:55:38,1,-1,3862.25,-678
2022-12-23 05:55:42,12,-3,3862.25,-681
2022-12-23 05:55:43,5,5,3862.5,-676
2022-12-23 05:55:44,1,1,3862.5,-675
2022-12-23 05:55:45,5,-3,3862.25,-678
2022-12-23 05:55:48,11,-4,3862.25,-682
2022-12-23 05:55:51,14,2,3862.25,-680
2022-12-23 05:55:56,4,-4,3862.25,-684
2022-12-23 05:55:58,1,1,3862.5,-683
2022-12-23 05:55:59,17,0,3862.0,-683
2022-12-23 05:56:00,1,1,3862.25,-682
2022-12-23 05:56:01,6,-4,3862.0,-686
2022-12-23 05:56:03,3,-3,3862.0,-689
2022-12-23 05:56:04,17,4,3862.25,-685
2022-12-23 05:56:07,10,-1,3862.5,-686
2022-12-23 05:56:16,1,-1,3862.25,-687
2022-12-23 05:56:18,16,10,3862.75,-677
2022-12-23 05:56:24,28,-26,3862.5,-703
2022-12-23 05:56:25,12,1,3862.5,-702
2022-12-23 05:56:26,26,-30,3862.5,-732
2022-12-23 05:56:28,1,-1,3862.25,-733
2022-12-23 05:56:32,6,5,3862.5,-728
2022-12-23 05:56:34,1,1,3862.25,-727
2022-12-23 05:56:35,1,-1,3862.25,-728
2022-12-23 05:56:37,4,-4,3862.25,-732
2022-12-23 05:56:39,5,5,3862.25,-727
2022-12-23 05:56:40,14,1,3862.5,-726
2022-12-23 05:56:43,7,-4,3862.5,-730
2022-12-23 05:56:46,8,2,3862.25,-728
2022-12-23 05:56:48,1,-1,3862.0,-729
2022-12-23 05:56:49,6,8,3862.5,-721
2022-12-23 05:56:52,2,2,3862.5,-719
2022-12-23 05:56:53,1,-1,3862.25,-720
2022-12-23 05:56:56,4,2,3862.5,-718
2022-12-23 05:56:58,17,6,3862.5,-712
2022-12-23 05:57:03,1,-1,3862.25,-713
2022-12-23 05:57:04,1,-1,3862.25,-714
2022-12-23 05:57:07,9,-7,3862.0,-721
2022-12-23 05:57:11,6,-6,3861.75,-727
2022-12-23 05:57:17,14,2,3861.75,-725
2022-12-23 05:57:18,1,-1,3861.75,-726
2022-12-23 05:57:27,54,-40,3861.5,-766
2022-12-23 05:57:29,5,3,3861.5,-763
2022-12-23 05:57:30,7,1,3861.5,-762
2022-12-23 05:57:32,2,0,3861.75,-762
2022-12-23 05:57:36,3,-3,3861.5,-765
2022-12-23 05:57:41,4,2,3861.75,-763
2022-12-23 05:57:42,3,-3,3861.75,-766
2022-12-23 05:57:43,7,-2,3861.75,-768
2022-12-23 05:57:49,5,5,3862.0,-763
2022-12-23 05:57:50,5,-5,3861.75,-768
2022-12-23 05:57:52,11,2,3862.0,-766
2022-12-23 05:57:54,4,4,3861.75,-762
2022-12-23 05:57:57,4,-4,3861.75,-766
2022-12-23 05:57:58,1,1,3861.75,-765
2022-12-23 05:58:01,11,1,3861.5,-764
2022-12-23 05:58:02,14,3,3861.25,-761
2022-12-23 05:58:03,5,3,3861.25,-758
2022-12-23 05:58:04,3,2,3861.5,-756
2022-12-23 05:58:09,1,-1,3861.25,-757
2022-12-23 05:58:12,8,-4,3861.25,-761
2022-12-23 05:58:14,1,1,3861.5,-760
2022-12-23 05:58:17,1,-1,3861.25,-761
2022-12-23 05:58:24,3,3,3861.5,-758
2022-12-23 05:58:29,7,-6,3861.25,-764
2022-12-23 05:58:30,5,3,3861.25,-761
2022-12-23 05:58:41,37,7,3861.75,-754
2022-12-23 05:58:42,1,-1,3861.5,-755
2022-12-23 05:58:44,2,2,3861.75,-753
2022-12-23 05:58:46,4,2,3861.75,-751
2022-12-23 05:58:47,3,3,3862.0,-748
2022-12-23 05:58:50,11,-10,3861.75,-758
2022-12-23 05:58:57,3,-2,3861.5,-760
2022-12-23 05:59:02,6,6,3861.75,-754
2022-12-23 05:59:05,1,1,3862.0,-753
2022-12-23 05:59:06,10,8,3862.0,-745
2022-12-23 05:59:07,10,-8,3862.0,-753
2022-12-23 05:59:08,1,-1,3861.75,-754
2022-12-23 05:59:11,7,6,3862.0,-748
2022-12-23 05:59:12,4,-4,3862.0,-752
2022-12-23 05:59:13,5,-2,3862.0,-754
2022-12-23 05:59:15,10,2,3861.75,-752
2022-12-23 05:59:16,5,3,3862.0,-749
2022-12-23 05:59:18,3,-3,3861.75,-752
2022-12-23 05:59:19,7,5,3861.75,-747
2022-12-23 05:59:21,5,3,3861.75,-744
2022-12-23 05:59:25,5,3,3861.75,-741
2022-12-23 05:59:26,1,1,3861.75,-740
2022-12-23 05:59:30,5,-4,3861.5,-744
2022-12-23 05:59:37,2,2,3861.75,-742
2022-12-23 05:59:39,2,-1,3861.5,-743
2022-12-23 05:59:41,19,0,3861.5,-743
2022-12-23 05:59:51,5,5,3861.75,-738
2022-12-23 05:59:52,4,1,3861.75,-737
2022-12-23 05:59:57,1,-1,3861.75,-738
2022-12-23 06:00:00,1,-1,3861.75,-739
2022-12-23 06:00:05,13,10,3862.0,-729
2022-12-23 06:00:08,17,12,3862.25,-717
2022-12-23 06:00:09,11,5,3862.5,-712
2022-12-23 06:00:15,4,4,3862.75,-708
2022-12-23 06:00:16,4,1,3862.75,-707
2022-12-23 06:00:19,1,1,3862.75,-706
2022-12-23 06:00:20,2,2,3862.75,-704
2022-12-23 06:00:25,2,2,3862.75,-702
2022-12-23 06:00:28,17,-12,3862.5,-714
2022-12-23 06:00:31,5,-5,3862.25,-719
2022-12-23 06:00:32,16,-2,3862.25,-721
2022-12-23 06:00:34,7,2,3862.5,-719
2022-12-23 06:00:37,26,23,3862.75,-696
2022-12-23 06:00:38,15,9,3862.75,-687
2022-12-23 06:00:40,8,2,3863.0,-685
2022-12-23 06:00:42,1,1,3863.0,-684
2022-12-23 06:00:49,2,-2,3862.75,-686
2022-12-23 06:00:50,52,13,3863.25,-673
2022-12-23 06:00:51,2,-1,3862.75,-674
2022-12-23 06:00:52,1,-1,3862.5,-675
2022-12-23 06:00:53,2,-1,3862.5,-676
2022-12-23 06:00:56,1,1,3862.75,-675
2022-12-23 06:01:00,3,3,3862.75,-672
2022-12-23 06:01:01,7,-3,3862.5,-675
2022-12-23 06:01:02,1,1,3862.5,-674
2022-12-23 06:01:05,3,3,3862.75,-671
2022-12-23 06:01:07,5,1,3862.75,-670
2022-12-23 06:01:13,2,2,3863.0,-668
2022-12-23 06:01:16,1,1,3863.0,-667
2022-12-23 06:01:19,8,6,3863.0,-661
2022-12-23 06:01:21,9,8,3863.25,-653
2022-12-23 06:01:22,33,13,3863.5,-640
2022-12-23 06:01:24,15,1,3863.25,-639
2022-12-23 06:01:25,1,-1,3863.25,-640
2022-12-23 06:01:28,2,0,3863.25,-640
2022-12-23 06:01:36,11,10,3863.5,-630
2022-12-23 06:01:41,2,0,3863.75,-630
2022-12-23 06:01:42,1,-1,3863.5,-631
2022-12-23 06:01:48,11,6,3863.75,-625
2022-12-23 06:01:49,4,-4,3863.5,-629
2022-12-23 06:01:51,1,1,3863.75,-628
2022-12-23 06:01:52,25,-8,3863.75,-636
2022-12-23 06:01:53,7,-2,3863.5,-638
2022-12-23 06:01:54,5,-2,3863.5,-640
2022-12-23 06:01:57,1,1,3863.5,-639
2022-12-23 06:02:01,1,1,3863.75,-638
2022-12-23 06:02:12,1,1,3863.75,-637
2022-12-23 06:02:16,7,-7,3863.5,-644
2022-12-23 06:02:18,1,-1,3863.5,-645
2022-12-23 06:02:20,9,-7,3863.25,-652
2022-12-23 06:02:21,13,2,3863.5,-650
2022-12-23 06:02:22,3,-3,3863.25,-653
2022-12-23 06:02:29,1,1,3863.25,-652
2022-12-23 06:02:31,2,0,3863.25,-652
2022-12-23 06:02:34,2,2,3863.25,-650
2022-12-23 06:02:35,9,-7,3863.0,-657
2022-12-23 06:02:36,1,-1,3863.0,-658
2022-12-23 06:02:40,2,-2,3863.0,-660
2022-12-23 06:02:42,4,-4,3863.0,-664
2022-12-23 06:02:43,11,5,3863.0,-659
2022-12-23 06:02:44,1,1,3863.0,-658
2022-12-23 06:02:53,10,6,3863.0,-652
2022-12-23 06:02:55,14,7,3863.25,-645
2022-12-23 06:02:56,10,-5,3863.5,-650
2022-12-23 06:02:57,20,11,3863.5,-639
2022-12-23 06:03:05,22,0,3863.75,-639
2022-12-23 06:03:06,12,0,3863.75,-639
2022-12-23 06:03:07,9,9,3864.0,-630
2022-12-23 06:03:09,12,-6,3864.0,-636
2022-12-23 06:03:10,386,263,3866.0,-373
2022-12-23 06:03:11,166,5,3865.75,-368
2022-12-23 06:03:12,15,12,3865.75,-356
2022-12-23 06:03:13,17,-7,3865.75,-363
2022-12-23 06:03:14,1,-1,3865.5,-364
2022-12-23 06:03:15,13,0,3865.75,-364
2022-12-23 06:03:16,15,1,3865.75,-363
2022-12-23 06:03:17,1,-1,3865.5,-364
2022-12-23 06:03:19,20,2,3865.75,-362
2022-12-23 06:03:20,42,-8,3865.75,-370
2022-12-23 06:03:21,3,-1,3865.5,-371
2022-12-23 06:03:24,37,4,3865.75,-367
2022-12-23 06:03:25,4,4,3865.75,-363
2022-12-23 06:03:26,2,-2,3865.75,-365
2022-12-23 06:03:27,3,-3,3865.5,-368
2022-12-23 06:03:28,4,3,3865.75,-365
2022-12-23 06:03:30,21,-1,3865.75,-366
2022-12-23 06:03:32,8,3,3866.0,-363
2022-12-23 06:03:33,1,1,3865.75,-362
2022-12-23 06:03:34,2,-2,3865.5,-364
2022-12-23 06:03:35,2,2,3865.75,-362
2022-12-23 06:03:36,2,2,3865.75,-360
2022-12-23 06:03:37,6,-2,3865.75,-362
2022-12-23 06:03:38,32,14,3866.0,-348
2022-12-23 06:03:44,11,4,3866.0,-344
2022-12-23 06:03:45,15,-4,3866.0,-348
2022-12-23 06:03:47,20,7,3866.0,-341
2022-12-23 06:03:50,1,-1,3865.75,-342
2022-12-23 06:03:51,13,0,3866.0,-342
2022-12-23 06:03:52,8,-5,3866.0,-347
2022-12-23 06:03:56,6,-6,3865.75,-353
2022-12-23 06:03:57,12,-2,3865.75,-355
2022-12-23 06:03:58,2,2,3866.0,-353
2022-12-23 06:03:59,1,-1,3865.75,-354
2022-12-23 06:04:00,26,-9,3866.0,-363
2022-12-23 06:04:01,8,-2,3865.75,-365
2022-12-23 06:04:02,9,-6,3865.75,-371
2022-12-23 06:04:03,3,-1,3865.5,-372
2022-12-23 06:04:04,2,-1,3865.25,-373
2022-12-23 06:04:05,3,-3,3865.25,-376
2022-12-23 06:04:06,10,-6,3865.25,-382
2022-12-23 06:04:07,5,-5,3865.25,-387
2022-12-23 06:04:08,1,-1,3865.0,-388
2022-12-23 06:04:09,7,5,3865.25,-383
2022-12-23 06:04:10,1,-1,3865.0,-384
2022-12-23 06:04:11,2,0,3865.25,-384
2022-12-23 06:04:13,2,-2,3865.0,-386
2022-12-23 06:04:17,1,-1,3865.0,-387
2022-12-23 06:04:18,10,7,3865.5,-380
2022-12-23 06:04:19,9,3,3865.5,-377
2022-12-23 06:04:20,2,0,3865.5,-377
2022-12-23 06:04:21,15,-1,3865.75,-378
2022-12-23 06:04:22,5,-1,3865.25,-379
2022-12-23 06:04:26,34,-1,3865.25,-380
2022-12-23 06:04:29,4,-1,3865.0,-381
2022-12-23 06:04:30,6,5,3865.25,-376
2022-12-23 06:04:31,5,0,3865.5,-376
2022-12-23 06:04:33,17,-8,3865.25,-384
2022-12-23 06:04:35,10,1,3865.25,-383
2022-12-23 06:04:37,2,-1,3865.25,-384
2022-12-23 06:04:40,5,-1,3865.25,-385
2022-12-23 06:04:41,70,-1,3865.0,-386
2022-12-23 06:04:46,10,4,3865.25,-382
2022-12-23 06:04:47,19,-2,3865.25,-384
2022-12-23 06:04:49,3,3,3865.5,-381
2022-12-23 06:04:50,2,2,3865.5,-379
2022-12-23 06:04:51,22,-11,3865.25,-390
2022-12-23 06:04:52,2,2,3865.25,-388
2022-12-23 06:04:53,7,-2,3865.5,-390
2022-12-23 06:04:59,22,-7,3865.0,-397
2022-12-23 06:05:00,5,3,3865.25,-394
2022-12-23 06:05:01,9,5,3865.25,-389
2022-12-23 06:05:02,2,-2,3865.25,-391
2022-12-23 06:05:05,1,1,3865.5,-390
2022-12-23 06:05:07,8,6,3865.5,-384
2022-12-23 06:05:09,4,3,3865.75,-381
2022-12-23 06:05:12,17,-4,3865.75,-385
2022-12-23 06:05:13,13,-5,3865.5,-390
2022-12-23 06:05:14,24,-19,3865.5,-409
2022-12-23 06:05:16,3,1,3865.75,-408
2022-12-23 06:05:20,1,-1,3865.5,-409
2022-12-23 06:05:21,2,0,3865.75,-409
2022-12-23 06:05:22,1,-1,3865.5,-410
2022-12-23 06:05:23,1,1,3865.75,-409
2022-12-23 06:05:24,5,3,3865.75,-406
2022-12-23 06:05:25,1,1,3865.5,-405
2022-12-23 06:05:26,4,4,3865.5,-401
2022-12-23 06:05:30,8,3,3865.75,-398
2022-12-23 06:05:32,1,-1,3865.75,-399
2022-12-23 06:05:33,1,1,3866.0,-398
2022-12-23 06:05:34,8,-4,3866.0,-402
2022-12-23 06:05:35,1,1,3866.0,-401
2022-12-23 06:05:36,8,-2,3865.75,-403
2022-12-23 06:05:39,8,8,3865.75,-395
2022-12-23 06:05:46,1,1,3866.0,-394
2022-12-23 06:05:47,19,-12,3865.75,-406
2022-12-23 06:05:49,5,0,3866.0,-406
2022-12-23 06:05:51,9,-5,3865.75,-411
2022-12-23 06:05:52,14,-3,3865.25,-414
2022-12-23 06:05:53,1,1,3865.5,-413
2022-12-23 06:05:56,5,-2,3865.5,-415
2022-12-23 06:05:57,6,6,3865.5,-409
2022-12-23 06:05:58,2,1,3865.5,-408
2022-12-23 06:05:59,2,0,3865.5,-408
2022-12-23 06:06:00,5,-5,3865.25,-413
2022-12-23 06:06:05,4,-4,3865.25,-417
2022-12-23 06:06:07,1,1,3865.25,-416
2022-12-23 06:06:08,23,-5,3865.25,-421
2022-12-23 06:06:12,16,-3,3865.0,-424
2022-12-23 06:06:13,1,-1,3865.0,-425
2022-12-23 06:06:17,20,0,3865.25,-425
2022-12-23 06:06:18,1,-1,3865.25,-426
2022-12-23 06:06:20,1,1,3865.25,-425
2022-12-23 06:06:25,4,-2,3865.25,-427
2022-12-23 06:06:29,2,-2,3865.25,-429
2022-12-23 06:06:31,15,7,3865.5,-422
2022-12-23 06:06:32,4,-2,3865.5,-424
2022-12-23 06:06:33,3,3,3865.5,-421
2022-12-23 06:06:34,12,9,3865.75,-412
2022-12-23 06:06:35,4,-4,3865.5,-416
2022-12-23 06:06:37,1,1,3865.5,-415
2022-12-23 06:06:39,4,4,3865.5,-411
2022-12-23 06:06:44,18,-17,3865.25,-428
2022-12-23 06:06:45,1,1,3865.5,-427
2022-12-23 06:06:47,6,-5,3865.25,-432
2022-12-23 06:06:48,7,4,3865.25,-428
2022-12-23 06:06:50,5,-5,3865.25,-433
2022-12-23 06:06:52,28,-2,3865.0,-435
2022-12-23 06:06:54,1,-1,3865.0,-436
2022-12-23 06:06:56,1,-1,3865.0,-437
2022-12-23 06:06:57,11,-6,3865.0,-443
2022-12-23 06:06:58,6,2,3865.25,-441
2022-12-23 06:06:59,3,-1,3865.0,-442
2022-12-23 06:07:00,11,-4,3865.0,-446
2022-12-23 06:07:03,2,-2,3865.0,-448
2022-12-23 06:07:04,16,8,3865.25,-440
2022-12-23 06:07:10,2,2,3865.25,-438
2022-12-23 06:07:14,8,0,3865.25,-438
2022-12-23 06:07:19,1,1,3865.25,-437
2022-12-23 06:07:22,19,-5,3865.25,-442
2022-12-23 06:07:23,1,-1,3865.0,-443
2022-12-23 06:07:25,2,-2,3865.0,-445
2022-12-23 06:07:28,1,-1,3865.0,-446
2022-12-23 06:07:31,1,-1,3865.0,-447
2022-12-23 06:07:32,10,2,3865.0,-445
2022-12-23 06:07:33,6,0,3865.0,-445
2022-12-23 06:07:34,11,-11,3865.0,-456
2022-12-23 06:07:38,1,-1,3865.0,-457
2022-12-23 06:07:41,1,1,3865.25,-456
2022-12-23 06:07:44,1,1,3865.25,-455
2022-12-23 06:07:45,1,-1,3865.0,-456
2022-12-23 06:07:46,16,-2,3865.0,-458
2022-12-23 06:07:47,11,2,3865.0,-456
2022-12-23 06:07:49,2,-2,3865.0,-458
2022-12-23 06:07:50,1,1,3865.0,-457
2022-12-23 06:07:55,21,-2,3865.0,-459
2022-12-23 06:07:58,14,-2,3864.5,-461
2022-12-23 06:08:00,4,-4,3864.5,-465
2022-12-23 06:08:01,2,-2,3864.5,-467
2022-12-23 06:08:03,1,-1,3864.5,-468
2022-12-23 06:08:07,1,-1,3864.5,-469
2022-12-23 06:08:08,8,-6,3864.5,-475
2022-12-23 06:08:09,1,1,3864.5,-474
2022-12-23 06:08:10,1,-1,3864.25,-475
2022-12-23 06:08:13,1,-1,3864.25,-476
2022-12-23 06:08:15,10,8,3864.5,-468
2022-12-23 06:08:16,1,-1,3864.5,-469
2022-12-23 06:08:18,5,-1,3864.5,-470
2022-12-23 06:08:22,1,-1,3864.25,-471
2022-12-23 06:08:23,3,-1,3864.25,-472
2022-12-23 06:08:28,1,-1,3864.25,-473
2022-12-23 06:08:30,1,-1,3864.25,-474
2022-12-23 06:08:32,18,-9,3864.25,-483
2022-12-23 06:08:33,60,-32,3864.0,-515
2022-12-23 06:08:37,1,-1,3863.75,-516
2022-12-23 06:08:40,1,-1,3863.75,-517
2022-12-23 06:08:41,1,-1,3863.75,-518
2022-12-23 06:08:43,1,-1,3863.75,-519
2022-12-23 06:08:46,10,-2,3863.75,-521
2022-12-23 06:08:50,3,-3,3863.5,-524
2022-12-23 06:08:54,1,1,3863.75,-523
2022-12-23 06:08:59,4,-2,3863.75,-525
2022-12-23 06:09:00,2,-2,3863.5,-527
2022-12-23 06:09:01,2,-2,3863.5,-529
2022-12-23 06:09:02,6,-3,3863.5,-532
2022-12-23 06:09:03,5,4,3863.5,-528
2022-12-23 06:09:05,10,-3,3863.5,-531
2022-12-23 06:09:11,7,4,3863.75,-527
2022-12-23 06:09:16,11,1,3863.75,-526
2022-12-23 06:09:22,1,-1,3863.5,-527
2022-12-23 06:09:23,1,1,3864.0,-526
2022-12-23 06:09:24,4,-4,3863.75,-530
2022-12-23 06:09:25,1,-1,3863.5,-531
2022-12-23 06:09:26,6,5,3864.0,-526
2022-12-23 06:09:29,9,1,3863.75,-525
2022-12-23 06:09:30,6,-5,3863.75,-530
2022-12-23 06:09:32,2,1,3863.75,-529
2022-12-23 06:09:33,5,3,3864.0,-526
2022-12-23 06:09:38,5,-5,3863.75,-531
2022-12-23 06:09:39,11,-1,3863.5,-532
2022-12-23 06:09:40,12,-7,3863.25,-539
2022-12-23 06:09:43,7,-7,3863.25,-546
2022-12-23 06:09:45,1,-1,3863.25,-547
2022-12-23 06:09:47,1,-1,3863.25,-548
2022-12-23 06:09:48,7,-4,3863.25,-552
2022-12-23 06:09:50,10,7,3863.5,-545
2022-12-23 06:09:51,1,1,3863.5,-544
2022-12-23 06:09:52,1,-1,3863.25,-545
2022-12-23 06:10:00,1,1,3863.5,-544
2022-12-23 06:10:01,103,2,3863.75,-542
2022-12-23 06:10:02,4,-2,3863.5,-544
2022-12-23 06:10:10,1,1,3863.5,-543
2022-12-23 06:10:16,6,3,3863.5,-540
2022-12-23 06:10:17,3,1,3863.5,-539
2022-12-23 06:10:19,1,-1,3863.25,-540
2022-12-23 06:10:21,1,-1,3863.5,-541
2022-12-23 06:10:22,2,1,3863.5,-540
2022-12-23 06:10:27,5,-4,3863.5,-544
2022-12-23 06:10:30,8,6,3863.5,-538
2022-12-23 06:10:37,5,-3,3863.5,-541
2022-12-23 06:10:38,2,1,3863.5,-540
2022-12-23 06:10:41,23,11,3863.75,-529
2022-12-23 06:10:42,3,-3,3863.75,-532
2022-12-23 06:10:43,13,3,3863.75,-529
2022-12-23 06:10:47,5,-3,3863.75,-532
2022-12-23 06:10:51,1,1,3863.75,-531
2022-12-23 06:10:52,2,1,3863.75,-530
2022-12-23 06:10:53,4,3,3863.75,-527
2022-12-23 06:10:54,5,-1,3863.75,-528
2022-12-23 06:10:56,2,-2,3863.75,-530
2022-12-23 06:11:00,4,-4,3863.75,-534
2022-12-23 06:11:04,3,3,3863.75,-531
2022-12-23 06:11:07,1,1,3864.0,-530
2022-12-23 06:11:10,22,-6,3863.75,-536
2022-12-23 06:11:11,6,5,3864.0,-531
2022-12-23 06:11:16,3,3,3863.75,-528
2022-12-23 06:11:17,1,1,3864.0,-527
2022-12-23 06:11:20,4,3,3864.0,-524
2022-12-23 06:11:23,1,-1,3863.75,-525
2022-12-23 06:11:24,1,1,3864.0,-524
2022-12-23 06:11:28,3,-3,3863.75,-527
2022-12-23 06:11:34,7,5,3864.0,-522
2022-12-23 06:11:36,1,-1,3864.0,-523
2022-12-23 06:11:39,2,1,3864.0,-522
2022-12-23 06:11:45,5,3,3864.0,-519
2022-12-23 06:11:46,1,1,3864.0,-518
2022-12-23 06:11:48,2,2,3864.0,-516
2022-12-23 06:11:51,19,-4,3863.75,-520
2022-12-23 06:11:57,1,-1,3863.5,-521
2022-12-23 06:12:00,24,0,3863.5,-521
2022-12-23 06:12:03,7,-5,3863.5,-526
2022-12-23 06:12:05,5,-4,3863.25,-530
2022-12-23 06:12:06,22,-7,3863.0,-537
2022-12-23 06:12:08,5,-5,3862.75,-542
2022-12-23 06:12:11,22,-13,3862.5,-555
2022-12-23 06:12:12,1,-1,3862.5,-556
2022-12-23 06:12:13,2,-2,3862.5,-558
2022-12-23 06:12:14,5,-2,3862.5,-560
2022-12-23 06:12:15,3,3,3862.5,-557
2022-12-23 06:12:17,3,-3,3862.25,-560
2022-12-23 06:12:22,11,-8,3862.0,-568
2022-12-23 06:12:23,12,-11,3862.0,-579
2022-12-23 06:12:25,8,-1,3862.25,-580
2022-12-23 06:12:27,10,-7,3862.0,-587
2022-12-23 06:12:28,2,-2,3862.0,-589
2022-12-23 06:12:29,17,-11,3862.0,-600
2022-12-23 06:12:30,1,-1,3861.75,-601
2022-12-23 06:12:31,12,5,3862.0,-596
2022-12-23 06:12:32,2,-1,3861.5,-597
2022-12-23 06:12:33,15,-5,3861.75,-602
2022-12-23 06:12:35,1,-1,3861.5,-603
2022-12-23 06:12:36,1,-1,3861.5,-604
2022-12-23 06:12:38,2,-2,3861.5,-606
2022-12-23 06:12:39,13,4,3861.75,-602
2022-12-23 06:12:41,61,-7,3861.75,-609
2022-12-23 06:12:42,12,2,3861.75,-607
2022-12-23 06:12:43,3,-3,3861.75,-610
2022-12-23 06:12:46,6,5,3861.75,-605
2022-12-23 06:12:53,5,3,3861.75,-602
2022-12-23 06:12:58,14,3,3862.0,-599
2022-12-23 06:12:59,1,1,3861.75,-598
2022-12-23 06:13:00,3,-3,3861.75,-601
2022-12-23 06:13:02,1,-1,3861.5,-602
2022-12-23 06:13:04,1,-1,3861.5,-603
2022-12-23 06:13:07,5,4,3861.75,-599
2022-12-23 06:13:08,4,4,3861.75,-595
2022-12-23 06:13:09,3,-1,3862.0,-596
2022-12-23 06:13:11,3,-3,3861.75,-599
2022-12-23 06:13:12,1,1,3861.75,-598
2022-12-23 06:13:13,2,-2,3861.75,-600
2022-12-23 06:13:16,8,3,3861.75,-597
2022-12-23 06:13:18,11,-5,3861.75,-602
2022-12-23 06:13:19,12,-10,3861.75,-612
2022-12-23 06:13:20,1,-1,3861.5,-613
2022-12-23 06:13:22,1,1,3861.75,-612
2022-12-23 06:13:23,5,-5,3861.75,-617
2022-12-23 06:13:24,5,-3,3861.5,-620
2022-12-23 06:13:26,2,2,3862.0,-618
2022-12-23 06:13:28,11,8,3862.0,-610
2022-12-23 06:13:32,3,3,3862.25,-607
2022-12-23 06:13:35,30,-4,3862.25,-611
2022-12-23 06:13:36,87,77,3862.75,-534
2022-12-23 06:13:38,3,3,3862.25,-531
2022-12-23 06:13:39,19,-6,3862.25,-537
2022-12-23 06:13:43,4,0,3862.25,-537
2022-12-23 06:13:46,14,3,3862.25,-534
2022-12-23 06:13:48,1,1,3862.5,-533
2022-12-23 06:13:49,1,-1,3862.25,-534
2022-12-23 06:13:51,28,15,3862.5,-519
2022-12-23 06:13:54,2,0,3862.75,-519
2022-12-23 06:14:00,11,10,3862.75,-509
2022-12-23 06:14:02,1,1,3862.75,-508
2022-12-23 06:14:03,6,3,3862.75,-505
2022-12-23 06:14:04,8,-7,3862.75,-512
2022-12-23 06:14:07,15,3,3862.75,-509
2022-12-23 06:14:08,16,6,3862.75,-503
2022-12-23 06:14:09,8,-5,3862.75,-508
2022-12-23 06:14:10,11,0,3862.75,-508
2022-12-23 06:14:15,18,7,3863.0,-501
2022-12-23 06:14:16,1,-1,3862.75,-502
2022-12-23 06:14:18,1,1,3863.0,-501
2022-12-23 06:14:24,2,2,3863.0,-499
2022-12-23 06:14:28,13,7,3863.0,-492
2022-12-23 06:14:31,3,2,3863.25,-490
2022-12-23 06:14:36,13,-2,3863.0,-492
2022-12-23 06:14:37,2,2,3863.0,-490
2022-12-23 06:14:39,1,1,3863.0,-489
2022-12-23 06:14:42,1,1,3863.0,-488
2022-12-23 06:14:45,6,5,3863.25,-483
2022-12-23 06:14:46,4,-4,3863.0,-487
2022-12-23 06:14:47,4,-2,3863.0,-489
2022-12-23 06:14:53,1,-1,3863.0,-490
2022-12-23 06:14:55,5,0,3863.0,-490
2022-12-23 06:15:00,2,-2,3862.75,-492
2022-12-23 06:15:04,5,4,3863.0,-488
2022-12-23 06:15:07,5,-4,3863.0,-492
2022-12-23 06:15:13,6,-5,3863.0,-497
2022-12-23 06:15:14,7,6,3863.0,-491
2022-12-23 06:15:23,2,-2,3862.75,-493
2022-12-23 06:15:24,6,-6,3862.75,-499
2022-12-23 06:15:25,9,-1,3862.75,-500
2022-12-23 06:15:30,23,-16,3862.5,-516
2022-12-23 06:15:34,2,-2,3862.5,-518
2022-12-23 06:15:35,15,-1,3862.5,-519
2022-12-23 06:15:38,2,0,3862.5,-519
2022-12-23 06:15:40,1,-1,3862.5,-520
2022-12-23 06:15:42,16,-2,3862.75,-522
2022-12-23 06:15:43,4,-3,3862.25,-525
2022-12-23 06:15:45,11,-5,3862.0,-530
2022-12-23 06:15:46,2,-2,3861.75,-532
2022-12-23 06:15:49,2,-2,3862.0,-534
2022-12-23 06:15:50,1,-1,3862.0,-535
2022-12-23 06:15:52,17,-16,3862.0,-551
2022-12-23 06:15:53,7,-6,3862.0,-557
2022-12-23 06:15:55,1,1,3862.25,-556
2022-12-23 06:15:58,38,3,3862.25,-553
2022-12-23 06:16:01,1,-1,3862.25,-554
2022-12-23 06:16:02,2,0,3862.5,-554
2022-12-23 06:16:03,2,-1,3862.25,-555
2022-12-23 06:16:04,2,2,3862.5,-553
2022-12-23 06:16:05,1,1,3862.5,-552
2022-12-23 06:16:06,5,2,3862.75,-550
2022-12-23 06:16:09,2,-2,3862.5,-552
2022-12-23 06:16:14,1,-1,3862.25,-553
2022-12-23 06:16:21,7,-7,3862.25,-560
2022-12-23 06:16:24,4,4,3862.25,-556
2022-12-23 06:16:29,6,-6,3862.25,-562
2022-12-23 06:16:33,4,4,3862.25,-558
2022-12-23 06:16:36,2,-2,3862.25,-560
2022-12-23 06:16:42,3,3,3862.25,-557
2022-12-23 06:16:43,1,1,3862.25,-556
2022-12-23 06:16:45,1,1,3862.5,-555
2022-12-23 06:16:47,10,-8,3862.0,-563
2022-12-23 06:16:48,1,-1,3861.75,-564
2022-12-23 06:16:56,4,3,3862.0,-561
2022-12-23 06:16:58,25,5,3862.25,-556
2022-12-23 06:16:59,3,3,3862.25,-553
2022-12-23 06:17:00,6,-2,3862.25,-555
2022-12-23 06:17:04,4,2,3862.0,-553
2022-12-23 06:17:06,1,-1,3862.0,-554
2022-12-23 06:17:10,12,-4,3861.75,-558
2022-12-23 06:17:11,3,-2,3861.75,-560
2022-12-23 06:17:12,2,-3,3861.75,-563
2022-12-23 06:17:13,1,-1,3861.5,-564
2022-12-23 06:17:16,2,-2,3861.5,-566
2022-12-23 06:17:17,24,-5,3861.5,-571
2022-12-23 06:17:18,2,-1,3861.5,-572
2022-12-23 06:17:21,33,-5,3861.5,-577
2022-12-23 06:17:23,1,-1,3861.25,-578
2022-12-23 06:17:24,1,-1,3861.25,-579
2022-12-23 06:17:27,5,1,3861.5,-578
2022-12-23 06:17:30,12,-6,3861.5,-584
2022-12-23 06:17:33,19,1,3861.5,-583
2022-12-23 06:17:35,11,-3,3861.25,-586
2022-12-23 06:17:36,1,1,3861.25,-585
2022-12-23 06:17:37,5,-3,3861.25,-588
2022-12-23 06:17:41,41,-15,3861.25,-603
2022-12-23 06:17:44,3,1,3861.25,-602
2022-12-23 06:17:48,3,-3,3861.0,-605
2022-12-23 06:17:49,16,-7,3861.0,-612
2022-12-23 06:17:50,5,-5,3860.75,-617
2022-12-23 06:17:51,2,-2,3860.75,-619
2022-12-23 06:17:52,1,-1,3860.75,-620
2022-12-23 06:17:53,10,8,3861.0,-612
2022-12-23 06:17:54,1,-1,3861.0,-613
2022-12-23 06:17:55,21,4,3861.25,-609
2022-12-23 06:17:57,1,-1,3861.25,-610
2022-12-23 06:17:59,1,-1,3861.25,-611
2022-12-23 06:18:02,8,4,3861.25,-607
2022-12-23 06:18:07,1,1,3861.25,-606
2022-12-23 06:18:10,2,2,3861.25,-604
2022-12-23 06:18:11,22,-3,3861.25,-607
2022-12-23 06:18:12,1,1,3861.25,-606
2022-12-23 06:18:13,3,-3,3861.0,-609
2022-12-23 06:18:14,1,-1,3861.0,-610
2022-12-23 06:18:15,1,-1,3861.0,-611
2022-12-23 06:18:16,28,19,3861.5,-592
2022-12-23 06:18:17,1,-1,3861.25,-593
2022-12-23 06:18:18,28,1,3861.5,-592
2022-12-23 06:18:19,7,-4,3861.5,-596
2022-12-23 06:18:42,1,1,3861.5,-595
2022-12-23 06:18:43,28,6,3861.5,-589
2022-12-23 06:18:44,21,-10,3861.25,-599
2022-12-23 06:18:45,1,-1,3861.25,-600
2022-12-23 06:18:46,1,1,3861.25,-599
2022-12-23 06:18:48,3,3,3861.25,-596
2022-12-23 06:18:54,2,1,3861.25,-595
2022-12-23 06:18:56,1,1,3861.5,-594
2022-12-23 06:18:57,9,2,3861.5,-592
2022-12-23 06:18:58,1,-1,3861.25,-593
2022-12-23 06:19:00,1,1,3861.5,-592
2022-12-23 06:19:04,2,-2,3861.5,-594
2022-12-23 06:19:05,6,3,3861.75,-591
2022-12-23 06:19:06,9,-2,3861.75,-593
2022-12-23 06:19:09,26,6,3862.0,-587
2022-12-23 06:19:14,20,-10,3861.5,-597
2022-12-23 06:19:15,7,-7,3861.25,-604
2022-12-23 06:19:16,1,1,3861.25,-603
2022-12-23 06:19:18,1,-1,3861.25,-604
2022-12-23 06:19:22,2,2,3861.25,-602
2022-12-23 06:19:23,1,-1,3861.0,-603
2022-12-23 06:19:27,12,-1,3861.25,-604
2022-12-23 06:19:29,3,3,3861.25,-601
2022-12-23 06:19:30,4,-4,3861.0,-605
2022-12-23 06:19:35,72,-50,3861.0,-655
2022-12-23 06:19:36,6,-4,3860.75,-659
2022-12-23 06:19:38,3,-3,3860.5,-662
2022-12-23 06:19:39,17,-10,3860.5,-672
2022-12-23 06:19:40,4,2,3860.5,-670
2022-12-23 06:19:42,3,3,3860.75,-667
2022-12-23 06:19:44,3,-2,3860.75,-669
2022-12-23 06:19:45,1,1,3860.75,-668
2022-12-23 06:19:46,2,-2,3860.5,-670
2022-12-23 06:19:48,1,1,3861.0,-669
2022-12-23 06:19:49,1,-1,3860.75,-670
2022-12-23 06:19:54,2,2,3861.0,-668
2022-12-23 06:19:55,1,1,3860.75,-667
2022-12-23 06:19:56,3,-1,3861.0,-668
2022-12-23 06:19:57,2,-2,3860.75,-670
2022-12-23 06:19:59,34,6,3860.75,-664
2022-12-23 06:20:00,6,-5,3860.75,-669
2022-12-23 06:20:01,12,-5,3860.5,-674
2022-12-23 06:20:02,2,-2,3860.5,-676
2022-12-23 06:20:04,1,-1,3860.5,-677
2022-12-23 06:20:05,1,-1,3860.5,-678
2022-12-23 06:20:07,5,1,3860.75,-677
2022-12-23 06:20:16,3,-3,3860.75,-680
2022-12-23 06:20:23,1,1,3860.75,-679
2022-12-23 06:20:24,2,2,3860.75,-677
2022-12-23 06:20:25,2,-2,3860.75,-679
2022-12-23 06:20:26,1,1,3860.75,-678
2022-12-23 06:20:30,6,4,3860.75,-674
2022-12-23 06:20:32,2,0,3860.75,-674
2022-12-23 06:20:37,9,-7,3860.5,-681
2022-12-23 06:20:38,1,1,3860.5,-680
2022-12-23 06:20:40,1,1,3860.75,-679
2022-12-23 06:20:43,3,-3,3860.25,-682
2022-12-23 06:20:45,1,-1,3860.25,-683
2022-12-23 06:20:49,5,4,3860.5,-679
2022-12-23 06:20:53,12,-5,3860.5,-684
2022-12-23 06:20:54,5,3,3860.5,-681
2022-12-23 06:20:59,1,1,3860.5,-680
2022-12-23 06:21:00,3,3,3860.5,-677
2022-12-23 06:21:04,12,7,3860.75,-670
2022-12-23 06:21:07,1,1,3861.0,-669
2022-12-23 06:21:08,54,13,3861.25,-656
2022-12-23 06:21:10,12,10,3861.5,-646
2022-12-23 06:21:14,6,2,3861.5,-644
2022-12-23 06:21:15,5,-2,3861.5,-646
2022-12-23 06:21:21,12,5,3861.75,-641
2022-12-23 06:21:22,10,-7,3861.75,-648
2022-12-23 06:21:24,1,1,3861.75,-647
2022-12-23 06:21:25,1,1,3861.75,-646
2022-12-23 06:21:26,1,1,3861.75,-645
2022-12-23 06:21:29,75,-42,3861.5,-687
2022-12-23 06:21:32,5,3,3861.75,-684
2022-12-23 06:21:33,19,-9,3861.5,-693
2022-12-23 06:21:34,1,1,3861.5,-692
2022-12-23 06:21:35,9,0,3861.25,-692
2022-12-23 06:21:36,5,4,3861.5,-688
2022-12-23 06:21:37,5,-3,3861.5,-691
2022-12-23 06:21:40,1,-1,3861.25,-692
2022-12-23 06:21:45,1,-1,3861.25,-693
2022-12-23 06:21:49,2,1,3861.5,-692
2022-12-23 06:21:51,8,6,3861.5,-686
2022-12-23 06:21:52,50,-49,3861.5,-735
2022-12-23 06:21:53,10,0,3861.25,-735
2022-12-23 06:21:54,4,4,3861.5,-731
2022-12-23 06:21:56,3,-3,3861.5,-734
2022-12-23 06:22:01,1,1,3861.5,-733
2022-12-23 06:22:03,10,-3,3861.25,-736
2022-12-23 06:22:04,8,-6,3861.0,-742
2022-12-23 06:22:05,3,-3,3860.75,-745
2022-12-23 06:22:15,9,-2,3860.75,-747
2022-12-23 06:22:16,57,-62,3860.5,-809
2022-12-23 06:22:17,1,1,3860.5,-808
2022-12-23 06:22:18,8,7,3860.5,-801
2022-12-23 06:22:20,4,4,3860.75,-797
2022-12-23 06:22:22,6,-6,3860.75,-803
2022-12-23 06:22:26,4,4,3860.75,-799
2022-12-23 06:22:27,2,-2,3860.75,-801
2022-12-23 06:22:28,6,-4,3860.5,-805
2022-12-23 06:22:29,4,-3,3860.5,-808
2022-12-23 06:22:32,6,0,3860.5,-808
2022-12-23 06:22:34,1,-1,3860.5,-809
2022-12-23 06:22:35,3,3,3860.5,-806
2022-12-23 06:22:36,1,-1,3860.5,-807
2022-12-23 06:22:37,44,-26,3860.75,-833
2022-12-23 06:22:39,1,-1,3860.5,-834
2022-12-23 06:22:41,2,0,3860.5,-834
2022-12-23 06:22:43,50,-35,3860.25,-869
2022-12-23 06:22:44,26,-14,3860.0,-883
2022-12-23 06:22:47,13,2,3860.0,-881
2022-12-23 06:22:50,1,-1,3860.0,-882
2022-12-23 06:22:52,8,2,3860.0,-880
2022-12-23 06:22:53,1,-1,3860.0,-881
2022-12-23 06:22:57,4,0,3860.25,-881
2022-12-23 06:22:59,1,-1,3859.75,-882
2022-12-23 06:23:01,1,1,3860.0,-881
2022-12-23 06:23:06,5,-5,3859.75,-886
2022-12-23 06:23:07,1,-1,3859.75,-887
2022-12-23 06:23:09,1,1,3860.0,-886
2022-12-23 06:23:12,10,-7,3859.75,-893
2022-12-23 06:23:14,7,-3,3859.75,-896
2022-12-23 06:23:15,1,-1,3859.75,-897
2022-12-23 06:23:16,29,-1,3859.75,-898
2022-12-23 06:23:17,4,0,3860.0,-898
2022-12-23 06:23:20,8,-7,3859.75,-905
2022-12-23 06:23:23,19,13,3859.75,-892
2022-12-23 06:23:25,2,-2,3859.75,-894
2022-12-23 06:23:26,1,1,3859.75,-893
2022-12-23 06:23:28,1,1,3859.75,-892
2022-12-23 06:23:31,6,-4,3859.75,-896
2022-12-23 06:23:32,1,1,3859.75,-895
2022-12-23 06:23:33,8,7,3860.0,-888
2022-12-23 06:23:35,1,1,3860.0,-887
2022-12-23 06:23:36,9,-7,3859.75,-894
2022-12-23 06:23:37,24,13,3860.0,-881
2022-12-23 06:23:42,11,-7,3860.0,-888
2022-12-23 06:23:43,3,3,3860.0,-885
2022-12-23 06:23:44,4,-4,3860.0,-889
2022-12-23 06:23:51,3,-3,3860.0,-892
2022-12-23 06:23:53,8,4,3860.0,-888
2022-12-23 06:23:54,1,-1,3860.0,-889
2022-12-23 06:23:58,8,2,3860.0,-887
2022-12-23 06:24:00,10,-10,3859.75,-897
2022-12-23 06:24:08,2,2,3860.0,-895
2022-12-23 06:24:09,11,-7,3859.75,-902
2022-12-23 06:24:10,20,-3,3859.5,-905
2022-12-23 06:24:14,42,-16,3859.25,-921
2022-12-23 06:24:15,4,0,3859.25,-921
2022-12-23 06:24:16,5,1,3859.25,-920
2022-12-23 06:24:17,9,3,3859.5,-917
2022-12-23 06:24:18,3,2,3859.5,-915
2022-12-23 06:24:19,9,-5,3859.25,-920
2022-12-23 06:24:22,39,-18,3859.0,-938
2022-12-23 06:24:23,9,7,3859.0,-931
2022-12-23 06:24:25,5,3,3859.25,-928
2022-12-23 06:24:27,1,1,3859.5,-927
2022-12-23 06:24:28,3,-3,3859.25,-930
2022-12-23 06:24:34,38,-17,3859.25,-947
2022-12-23 06:24:35,6,-4,3858.75,-951
2022-12-23 06:24:36,5,3,3858.75,-948
2022-12-23 06:24:38,1,-1,3858.75,-949
2022-12-23 06:24:39,1,-1,3858.5,-950
2022-12-23 06:24:40,13,8,3858.75,-942
2022-12-23 06:24:44,26,4,3859.0,-938
2022-12-23 06:24:46,23,3,3858.5,-935
2022-12-23 06:24:47,12,-10,3858.5,-945
2022-12-23 06:24:51,1,-1,3858.5,-946
2022-12-23 06:24:54,15,4,3858.75,-942
2022-12-23 06:24:56,6,5,3858.75,-937
2022-12-23 06:24:59,4,-4,3858.75,-941
2022-12-23 06:25:00,4,2,3858.75,-939
2022-12-23 06:25:01,2,0,3858.75,-939
2022-12-23 06:25:05,2,-2,3858.75,-941
2022-12-23 06:25:06,4,-4,3858.5,-945
2022-12-23 06:25:07,24,10,3858.75,-935
2022-12-23 06:25:08,5,-1,3858.75,-936
2022-12-23 06:25:09,2,2,3859.0,-934
2022-12-23 06:25:19,11,-10,3858.75,-944
2022-12-23 06:25:23,1,-1,3858.5,-945
2022-12-23 06:25:24,8,7,3858.75,-938
2022-12-23 06:25:29,1,-1,3858.75,-939
2022-12-23 06:25:31,17,4,3859.0,-935
2022-12-23 06:25:36,3,-3,3858.75,-938
2022-12-23 06:25:38,4,4,3858.75,-934
2022-12-23 06:25:39,1,-1,3858.75,-935
2022-12-23 06:25:40,1,1,3858.75,-934
2022-12-23 06:25:47,1,1,3858.75,-933
2022-12-23 06:25:50,1,-1,3858.5,-934
2022-12-23 06:25:53,1,-1,3858.5,-935
2022-12-23 06:25:54,9,9,3858.75,-926
2022-12-23 06:25:57,1,-1,3858.75,-927
2022-12-23 06:25:58,13,6,3859.0,-921
2022-12-23 06:26:00,1,-1,3858.75,-922
2022-12-23 06:26:05,1,1,3859.0,-921
2022-12-23 06:26:10,7,1,3859.0,-920
2022-12-23 06:26:15,15,-4,3858.75,-924
2022-12-23 06:26:16,1,1,3858.75,-923
2022-12-23 06:26:17,4,4,3858.75,-919
2022-12-23 06:26:19,2,2,3859.0,-917
2022-12-23 06:26:25,8,7,3859.25,-910
2022-12-23 06:26:26,5,-3,3859.25,-913
2022-12-23 06:26:28,9,-3,3859.0,-916
2022-12-23 06:26:29,2,-2,3859.0,-918
2022-12-23 06:26:30,5,-4,3859.0,-922
2022-12-23 06:26:32,5,5,3859.0,-917
2022-12-23 06:26:37,4,0,3859.0,-917
2022-12-23 06:26:38,5,4,3859.0,-913
2022-12-23 06:26:44,5,-3,3859.0,-916
2022-12-23 06:26:50,14,-13,3858.75,-929
2022-12-23 06:26:52,1,-1,3858.5,-930
2022-12-23 06:26:57,10,-9,3858.5,-939
2022-12-23 06:27:01,4,4,3858.75,-935
2022-12-23 06:27:03,1,-1,3858.75,-936
2022-12-23 06:27:09,1,1,3859.0,-935
2022-12-23 06:27:11,23,10,3859.25,-925
2022-12-23 06:27:12,4,-4,3859.25,-929
2022-12-23 06:27:16,23,-11,3859.0,-940
2022-12-23 06:27:19,7,4,3859.0,-936
2022-12-23 06:27:24,1,-1,3859.0,-937
2022-12-23 06:27:28,1,-1,3859.0,-938
2022-12-23 06:27:29,5,2,3859.25,-936
2022-12-23 06:27:34,13,-9,3859.0,-945
2022-12-23 06:27:37,5,5,3859.0,-940
2022-12-23 06:27:41,8,6,3859.25,-934
2022-12-23 06:27:48,3,2,3859.5,-932
2022-12-23 06:27:49,7,-6,3859.25,-938
2022-12-23 06:27:50,1,-1,3859.25,-939
2022-12-23 06:27:51,5,-5,3859.0,-944
2022-12-23 06:27:54,1,1,3859.25,-943
2022-12-23 06:27:58,2,2,3859.25,-941
2022-12-23 06:27:59,10,8,3859.5,-933
2022-12-23 06:28:01,5,-5,3859.5,-938
2022-12-23 06:28:07,18,-10,3859.5,-948
2022-12-23 06:28:09,5,4,3859.5,-944
2022-12-23 06:28:20,48,-8,3859.25,-952
2022-12-23 06:28:22,1,1,3859.25,-951
2022-12-23 06:28:24,2,-2,3859.0,-953
2022-12-23 06:28:27,1,-1,3858.75,-954
2022-12-23 06:28:37,13,2,3859.0,-952
2022-12-23 06:28:42,6,-2,3859.0,-954
2022-12-23 06:28:45,1,1,3859.25,-953
2022-12-23 06:28:58,1,-1,3859.0,-954
2022-12-23 06:29:01,10,7,3859.25,-947
2022-12-23 06:29:02,2,-2,3859.25,-949
2022-12-23 06:29:04,1,1,3859.5,-948
2022-12-23 06:29:06,14,11,3859.5,-937
2022-12-23 06:29:15,40,-18,3859.75,-955
2022-12-23 06:29:16,1,-1,3859.25,-956
2022-12-23 06:29:19,2,-2,3859.25,-958
2022-12-23 06:29:29,19,-10,3859.0,-968
2022-12-23 06:29:30,14,-3,3858.75,-971
2022-12-23 06:29:31,1,1,3859.0,-970
2022-12-23 06:29:34,5,-5,3858.75,-975
2022-12-23 06:29:37,3,-3,3858.5,-978
2022-12-23 06:29:39,1,-1,3858.5,-979
2022-12-23 06:29:45,20,5,3858.5,-974
2022-12-23 06:29:48,7,-5,3858.5,-979
2022-12-23 06:29:50,2,-2,3858.25,-981
2022-12-23 06:29:51,6,4,3858.5,-977
2022-12-23 06:29:54,2,0,3858.5,-977
2022-12-23 06:29:58,8,7,3858.5,-970
2022-12-23 06:29:59,4,0,3858.5,-970
2022-12-23 06:30:00,7,7,3858.5,-963
2022-12-23 06:30:03,3,3,3858.75,-960
2022-12-23 06:30:04,9,4,3858.75,-956
2022-12-23 06:30:05,12,6,3859.25,-950
2022-12-23 06:30:06,14,-9,3859.0,-959
2022-12-23 06:30:10,2,2,3859.25,-957
2022-12-23 06:30:11,15,1,3859.25,-956
2022-12-23 06:30:16,1,-1,3859.0,-957
2022-12-23 06:30:17,8,-7,3859.0,-964
2022-12-23 06:30:18,2,2,3859.0,-962
2022-12-23 06:30:22,18,6,3859.0,-956
2022-12-23 06:30:29,65,51,3859.5,-905
2022-12-23 06:30:35,3,3,3859.0,-902
2022-12-23 06:30:36,3,3,3859.0,-899
2022-12-23 06:30:38,1,-1,3859.0,-900
2022-12-23 06:30:42,1,-1,3859.0,-901
2022-12-23 06:30:43,3,3,3859.25,-898
2022-12-23 06:30:44,10,-8,3859.0,-906
2022-12-23 06:30:51,1,1,3859.0,-905
2022-12-23 06:30:58,10,-7,3859.0,-912
2022-12-23 06:31:02,16,-1,3858.75,-913
2022-12-23 06:31:10,13,-11,3858.5,-924
2022-12-23 06:31:14,1,-1,3858.25,-925
2022-12-23 06:31:15,15,10,3858.5,-915
2022-12-23 06:31:21,4,4,3858.75,-911
2022-12-23 06:31:23,72,-80,3858.5,-991
2022-12-23 06:31:24,2,-1,3858.0,-992
2022-12-23 06:31:25,40,-21,3858.0,-1013
2022-12-23 06:31:26,2,-2,3858.0,-1015
2022-12-23 06:31:28,7,-3,3858.0,-1018
2022-12-23 06:31:29,2,-2,3857.75,-1020
2022-12-23 06:31:30,2,0,3858.25,-1020
2022-12-23 06:31:35,50,-22,3857.75,-1042
2022-12-23 06:31:36,31,-6,3857.5,-1048
2022-12-23 06:31:37,1,-1,3857.5,-1049
2022-12-23 06:31:38,34,-15,3857.25,-1064
2022-12-23 06:31:39,1,-1,3857.0,-1065
2022-12-23 06:31:40,7,0,3857.25,-1065
2022-12-23 06:31:42,7,6,3857.25,-1059
2022-12-23 06:31:43,3,-3,3857.25,-1062
2022-12-23 06:31:45,10,7,3857.5,-1055
2022-12-23 06:31:46,8,2,3857.5,-1053
2022-12-23 06:31:48,19,21,3857.75,-1032
2022-12-23 06:31:49,17,3,3857.75,-1029
2022-12-23 06:31:50,3,-3,3857.75,-1032
2022-12-23 06:31:51,1,-1,3857.5,-1033
2022-12-23 06:31:52,5,4,3857.75,-1029
2022-12-23 06:31:54,6,-6,3857.75,-1035
2022-12-23 06:31:56,7,0,3857.75,-1035
2022-12-23 06:31:57,3,2,3857.75,-1033
2022-12-23 06:32:00,5,-4,3857.5,-1037
2022-12-23 06:32:04,1,1,3857.75,-1036
2022-12-23 06:32:05,7,-6,3857.5,-1042
2022-12-23 06:32:06,22,-8,3857.5,-1050
2022-12-23 06:32:09,3,-3,3857.25,-1053
2022-12-23 06:32:11,1,-1,3857.0,-1054
2022-12-23 06:32:12,1,1,3857.25,-1053
2022-12-23 06:32:13,7,7,3857.25,-1046
2022-12-23 06:32:16,9,-5,3857.0,-1051
2022-12-23 06:32:17,4,4,3857.25,-1047
2022-12-23 06:32:19,5,-1,3857.25,-1048
2022-12-23 06:32:20,3,-3,3857.25,-1051
2022-12-23 06:32:22,2,-2,3857.25,-1053
2022-12-23 06:32:24,7,4,3857.25,-1049
2022-12-23 06:32:25,14,-10,3857.25,-1059
2022-12-23 06:32:36,1,1,3857.25,-1058
2022-12-23 06:32:37,28,-14,3857.25,-1072
2022-12-23 06:32:38,1,1,3857.0,-1071
2022-12-23 06:32:39,22,-16,3856.75,-1087
2022-12-23 06:32:40,1,-1,3856.5,-1088
2022-12-23 06:32:41,24,8,3856.75,-1080
2022-12-23 06:32:44,26,10,3856.75,-1070
2022-12-23 06:32:45,1,-1,3856.5,-1071
2022-12-23 06:32:46,2,2,3856.75,-1069
2022-12-23 06:32:47,1,-1,3856.5,-1070
2022-12-23 06:32:48,3,3,3856.75,-1067
2022-12-23 06:32:51,4,3,3857.0,-1064
2022-12-23 06:32:52,12,9,3857.0,-1055
2022-12-23 06:32:53,1,-1,3857.0,-1056
2022-12-23 06:32:54,3,3,3857.25,-1053
2022-12-23 06:32:59,2,1,3857.25,-1052
2022-12-23 06:33:00,5,-5,3857.0,-1057
2022-12-23 06:33:01,5,-5,3857.0,-1062
2022-12-23 06:33:03,1,1,3857.0,-1061
2022-12-23 06:33:05,11,10,3857.25,-1051
2022-12-23 06:33:07,5,-3,3857.0,-1054
2022-12-23 06:33:09,28,-6,3856.75,-1060
2022-12-23 06:33:10,1,-1,3856.75,-1061
2022-12-23 06:33:14,3,-1,3856.75,-1062
2022-12-23 06:33:17,2,0,3857.0,-1062
2022-12-23 06:33:20,1,-1,3856.5,-1063
2022-12-23 06:33:21,1,-1,3856.75,-1064
2022-12-23 06:33:22,10,-5,3857.0,-1069
2022-12-23 06:33:23,2,-2,3856.75,-1071
2022-12-23 06:33:25,2,-2,3856.5,-1073
2022-12-23 06:33:26,1,1,3856.75,-1072
2022-12-23 06:33:29,1,-1,3856.5,-1073
2022-12-23 06:33:30,5,5,3856.75,-1068
2022-12-23 06:33:31,4,-4,3856.75,-1072
2022-12-23 06:33:32,2,-1,3856.5,-1073
2022-12-23 06:33:34,3,-3,3856.5,-1076
2022-12-23 06:33:38,2,2,3856.75,-1074
2022-12-23 06:33:42,9,8,3856.75,-1066
2022-12-23 06:33:49,8,-6,3856.75,-1072
2022-12-23 06:33:50,4,2,3857.0,-1070
2022-12-23 06:33:55,1,1,3856.75,-1069
2022-12-23 06:34:01,13,3,3857.0,-1066
2022-12-23 06:34:02,3,2,3857.0,-1064
2022-12-23 06:34:06,1,1,3857.0,-1063
2022-12-23 06:34:08,8,3,3857.0,-1060
2022-12-23 06:34:14,1,-1,3857.0,-1061
2022-12-23 06:34:15,6,2,3857.25,-1059
2022-12-23 06:34:16,2,-2,3857.0,-1061
2022-12-23 06:34:17,1,1,3857.25,-1060
2022-12-23 06:34:19,1,-1,3857.0,-1061
2022-12-23 06:34:21,3,-1,3857.0,-1062
2022-12-23 06:34:24,1,-1,3857.0,-1063
2022-12-23 06:34:26,2,-2,3857.0,-1065
2022-12-23 06:34:27,1,1,3857.0,-1064
2022-12-23 06:34:28,3,0,3857.0,-1064
2022-12-23 06:34:30,1,-1,3857.0,-1065
2022-12-23 06:34:37,1,1,3857.25,-1064
2022-12-23 06:34:51,16,-14,3857.0,-1078
2022-12-23 06:35:02,24,-14,3856.5,-1092
2022-12-23 06:35:03,20,-11,3856.5,-1103
2022-12-23 06:35:04,10,-7,3856.0,-1110
2022-12-23 06:35:05,1,-1,3856.0,-1111
2022-12-23 06:35:07,2,-1,3856.0,-1112
2022-12-23 06:35:09,1,1,3856.25,-1111
2022-12-23 06:35:10,35,-13,3856.0,-1124
2022-12-23 06:35:12,15,-8,3856.0,-1132
2022-12-23 06:35:16,11,7,3856.25,-1125
2022-12-23 06:35:20,7,3,3856.5,-1122
2022-12-23 06:35:21,1,-1,3856.5,-1123
2022-12-23 06:35:24,9,1,3856.75,-1122
2022-12-23 06:35:25,18,-13,3856.5,-1135
2022-12-23 06:35:26,6,6,3856.5,-1129
2022-12-23 06:35:31,14,4,3856.5,-1125
2022-12-23 06:35:32,1,-1,3856.25,-1126
2022-12-23 06:35:33,2,-2,3856.25,-1128
2022-12-23 06:35:34,1,1,3856.5,-1127
2022-12-23 06:35:38,1,-1,3856.25,-1128
2022-12-23 06:35:41,1,1,3856.5,-1127
2022-12-23 06:35:44,1,1,3856.5,-1126
2022-12-23 06:35:46,8,6,3856.5,-1120
2022-12-23 06:35:47,2,1,3856.5,-1119
2022-12-23 06:35:48,1,-1,3856.25,-1120
2022-12-23 06:35:49,5,3,3856.5,-1117
2022-12-23 06:35:50,2,-2,3856.5,-1119
2022-12-23 06:36:09,9,-8,3856.25,-1127
2022-12-23 06:36:12,8,6,3856.25,-1121
2022-12-23 06:36:13,5,-1,3856.5,-1122
2022-12-23 06:36:14,3,1,3856.25,-1121
2022-12-23 06:36:17,2,-2,3856.25,-1123
2022-12-23 06:36:20,3,-3,3856.25,-1126
2022-12-23 06:36:23,1,-1,3856.25,-1127
2022-12-23 06:36:28,2,-2,3856.25,-1129
2022-12-23 06:36:30,13,4,3856.5,-1125
2022-12-23 06:36:32,6,4,3856.5,-1121
2022-12-23 06:36:33,5,-1,3856.5,-1122
2022-12-23 06:36:37,9,1,3856.75,-1121
2022-12-23 06:36:39,4,4,3856.75,-1117
2022-12-23 06:36:40,3,-1,3856.75,-1118
2022-12-23 06:36:41,1,1,3856.75,-1117
2022-12-23 06:36:42,2,2,3857.0,-1115
2022-12-23 06:36:44,5,-5,3856.75,-1120
2022-12-23 06:36:46,2,-2,3856.5,-1122
2022-12-23 06:36:49,10,2,3856.75,-1120
2022-12-23 06:36:50,13,-11,3856.75,-1131
2022-12-23 06:36:59,20,8,3857.0,-1123
2022-12-23 06:37:00,1,-1,3856.75,-1124
2022-12-23 06:37:02,1,1,3857.0,-1123
2022-12-23 06:37:03,7,4,3857.0,-1119
2022-12-23 06:37:05,7,-5,3857.0,-1124
2022-12-23 06:37:08,4,4,3857.0,-1120
2022-12-23 06:37:11,28,-9,3856.75,-1129
2022-12-23 06:37:12,8,-6,3856.5,-1135
2022-12-23 06:37:13,3,-2,3856.5,-1137
2022-12-23 06:37:19,10,7,3856.5,-1130
2022-12-23 06:37:20,8,-7,3856.5,-1137
2022-12-23 06:37:22,9,-7,3856.25,-1144
2022-12-23 06:37:23,4,-2,3856.25,-1146
2022-12-23 06:37:25,2,2,3856.5,-1144
2022-12-23 06:37:26,2,-2,3856.5,-1146
2022-12-23 06:37:28,2,2,3856.5,-1144
2022-12-23 06:37:29,2,2,3856.75,-1142
2022-12-23 06:37:33,16,1,3857.0,-1141
2022-12-23 06:37:34,4,4,3857.0,-1137
2022-12-23 06:37:35,2,2,3857.25,-1135
2022-12-23 06:37:46,1,-1,3857.0,-1136
2022-12-23 06:37:55,1,-1,3857.0,-1137
2022-12-23 06:37:56,1,-1,3857.0,-1138
2022-12-23 06:37:59,16,4,3857.5,-1134
2022-12-23 06:38:00,2,2,3857.5,-1132
2022-12-23 06:38:02,1,1,3857.5,-1131
2022-12-23 06:38:03,101,13,3858.0,-1118
2022-12-23 06:38:04,23,3,3857.75,-1115
2022-12-23 06:38:06,12,10,3858.0,-1105
2022-12-23 06:38:08,38,-17,3857.5,-1122
2022-12-23 06:38:11,2,2,3857.5,-1120
2022-12-23 06:38:12,1,1,3857.5,-1119
2022-12-23 06:38:14,1,1,3857.5,-1118
2022-12-23 06:38:15,4,4,3857.5,-1114
2022-12-23 06:38:16,5,2,3857.75,-1112
2022-12-23 06:38:17,1,1,3857.5,-1111
2022-12-23 06:38:18,2,0,3857.5,-1111
2022-12-23 06:38:21,2,2,3857.5,-1109
2022-12-23 06:38:22,13,5,3857.75,-1104
2022-12-23 06:38:24,1,1,3857.75,-1103
2022-12-23 06:38:25,2,2,3857.75,-1101
2022-12-23 06:38:28,15,-7,3857.5,-1108
2022-12-23 06:38:35,5,5,3857.75,-1103
2022-12-23 06:38:37,7,7,3858.0,-1096
2022-12-23 06:38:38,3,-3,3858.0,-1099
2022-12-23 06:38:39,2,2,3858.0,-1097
2022-12-23 06:38:41,11,-7,3857.75,-1104
2022-12-23 06:38:43,1,1,3857.75,-1103
2022-12-23 06:38:45,14,12,3858.0,-1091
2022-12-23 06:38:47,3,1,3858.0,-1090
2022-12-23 06:38:48,1,-1,3858.0,-1091
2022-12-23 06:38:49,5,-4,3858.0,-1095
2022-12-23 06:38:50,1,1,3858.0,-1094
2022-12-23 06:38:54,5,-3,3857.75,-1097
2022-12-23 06:38:55,1,1,3857.75,-1096
2022-12-23 06:38:59,1,1,3857.75,-1095
2022-12-23 06:39:01,15,-4,3857.75,-1099
2022-12-23 06:39:02,8,-2,3857.75,-1101
2022-12-23 06:39:03,1,1,3857.75,-1100
2022-12-23 06:39:07,1,1,3858.0,-1099
2022-12-23 06:39:08,4,4,3858.0,-1095
2022-12-23 06:39:11,8,-4,3858.0,-1099
2022-12-23 06:39:12,4,-4,3857.75,-1103
2022-12-23 06:39:13,3,3,3857.75,-1100
2022-12-23 06:39:14,2,-2,3857.75,-1102
2022-12-23 06:39:16,27,-4,3857.5,-1106
2022-12-23 06:39:17,11,-8,3857.25,-1114
2022-12-23 06:39:18,2,-2,3857.0,-1116
2022-12-23 06:39:19,3,3,3857.25,-1113
2022-12-23 06:39:24,5,4,3857.5,-1109
2022-12-23 06:39:26,2,2,3857.75,-1107
2022-12-23 06:39:27,9,-7,3857.5,-1114
2022-12-23 06:39:39,3,3,3857.75,-1111
2022-12-23 06:39:40,17,-13,3857.5,-1124
2022-12-23 06:39:45,3,-3,3857.25,-1127
2022-12-23 06:39:47,11,4,3857.25,-1123
2022-12-23 06:39:49,10,7,3857.5,-1116
2022-12-23 06:39:50,2,2,3857.5,-1114
2022-12-23 06:39:52,2,2,3857.75,-1112
2022-12-23 06:39:54,11,0,3857.5,-1112
2022-12-23 06:39:55,9,7,3857.75,-1105
2022-12-23 06:39:56,2,-2,3857.5,-1107
2022-12-23 06:39:57,4,-4,3857.25,-1111
2022-12-23 06:39:59,12,-7,3857.0,-1118
2022-12-23 06:40:00,4,-4,3856.75,-1122
2022-12-23 06:40:03,5,5,3857.0,-1117
2022-12-23 06:40:06,1,-1,3856.75,-1118
2022-12-23 06:40:07,23,-9,3856.75,-1127
2022-12-23 06:40:09,1,-1,3856.5,-1128
2022-12-23 06:40:12,2,2,3856.75,-1126
2022-12-23 06:40:13,2,-2,3856.75,-1128
2022-12-23 06:40:15,5,-5,3856.5,-1133
2022-12-23 06:40:16,4,-4,3856.5,-1137
2022-12-23 06:40:21,1,-1,3856.5,-1138
2022-12-23 06:40:25,6,-4,3856.5,-1142
2022-12-23 06:40:26,2,-2,3856.25,-1144
2022-12-23 06:40:28,1,1,3856.5,-1143
2022-12-23 06:40:36,22,-2,3856.25,-1145
2022-12-23 06:40:40,3,0,3856.5,-1145
2022-12-23 06:40:44,6,-4,3856.25,-1149
2022-12-23 06:40:47,1,-1,3856.25,-1150
2022-12-23 06:40:49,5,4,3856.5,-1146
2022-12-23 06:40:59,5,4,3856.75,-1142
2022-12-23 06:41:00,16,-7,3856.5,-1149
2022-12-23 06:41:01,2,-3,3856.5,-1152
2022-12-23 06:41:05,3,-1,3856.5,-1153
2022-12-23 06:41:06,10,-2,3856.75,-1155
2022-12-23 06:41:13,3,-3,3856.75,-1158
2022-12-23 06:41:18,1,-1,3856.5,-1159
2022-12-23 06:41:22,1,1,3856.75,-1158
2022-12-23 06:41:23,3,3,3856.75,-1155
2022-12-23 06:41:28,6,-5,3856.75,-1160
2022-12-23 06:41:29,8,-8,3856.5,-1168
2022-12-23 06:41:30,13,7,3856.5,-1161
2022-12-23 06:41:33,1,1,3856.75,-1160
2022-12-23 06:41:35,1,-1,3856.5,-1161
2022-12-23 06:41:44,2,2,3856.75,-1159
2022-12-23 06:41:47,3,3,3856.75,-1156
2022-12-23 06:41:50,2,0,3856.75,-1156
2022-12-23 06:41:52,8,6,3856.75,-1150
2022-12-23 06:42:01,1,-1,3856.75,-1151
2022-12-23 06:42:02,1,-1,3856.75,-1152
2022-12-23 06:42:03,1,-1,3856.75,-1153
2022-12-23 06:42:04,3,-3,3856.75,-1156
2022-12-23 06:42:08,5,-5,3856.5,-1161
2022-12-23 06:42:09,4,-4,3856.25,-1165
2022-12-23 06:42:11,1,1,3856.25,-1164
2022-12-23 06:42:14,1,1,3856.25,-1163
2022-12-23 06:42:24,3,-3,3856.0,-1166
2022-12-23 06:42:25,40,-5,3856.25,-1171
2022-12-23 06:42:29,1,-1,3856.0,-1172
2022-12-23 06:42:30,7,3,3856.75,-1169
2022-12-23 06:42:31,5,-3,3856.75,-1172
2022-12-23 06:42:34,44,-25,3856.5,-1197
2022-12-23 06:42:44,10,-9,3856.25,-1206
2022-12-23 06:42:47,30,-1,3856.25,-1207
2022-12-23 06:42:48,3,-3,3856.0,-1210
2022-12-23 06:42:49,7,0,3856.25,-1210
2022-12-23 06:42:50,3,0,3856.25,-1210
2022-12-23 06:42:55,8,2,3856.25,-1208
2022-12-23 06:42:57,15,-1,3856.25,-1209
2022-12-23 06:43:00,9,-1,3856.25,-1210
2022-12-23 06:43:03,12,-10,3856.0,-1220
2022-12-23 06:43:05,3,3,3856.0,-1217
2022-12-23 06:43:06,7,3,3856.0,-1214
2022-12-23 06:43:07,2,0,3856.0,-1214
2022-12-23 06:43:10,1,1,3856.25,-1213
2022-12-23 06:43:11,4,-3,3856.0,-1216
2022-12-23 06:43:17,18,-13,3855.75,-1229
2022-12-23 06:43:24,55,-26,3855.75,-1255
2022-12-23 06:43:26,4,-2,3855.5,-1257
2022-12-23 06:43:28,1,-1,3855.25,-1258
2022-12-23 06:43:29,2,-2,3855.25,-1260
2022-12-23 06:43:30,3,-3,3855.25,-1263
2022-12-23 06:43:31,1,-1,3855.25,-1264
2022-12-23 06:43:32,1,-1,3855.25,-1265
2022-12-23 06:43:36,3,3,3855.5,-1262
2022-12-23 06:43:38,3,-3,3855.5,-1265
2022-12-23 06:43:40,1,-1,3855.25,-1266
2022-12-23 06:43:48,1,1,3855.5,-1265
2022-12-23 06:43:50,41,28,3856.0,-1237
2022-12-23 06:43:53,4,-4,3855.75,-1241
2022-12-23 06:43:55,14,0,3856.0,-1241
2022-12-23 06:43:58,1,-1,3855.75,-1242
2022-12-23 06:43:59,5,1,3855.75,-1241
2022-12-23 06:44:01,1,-1,3855.75,-1242
2022-12-23 06:44:03,1,-1,3855.75,-1243
2022-12-23 06:44:05,2,2,3856.0,-1241
2022-12-23 06:44:12,1,-1,3856.0,-1242
2022-12-23 06:44:13,13,0,3856.5,-1242
2022-12-23 06:44:14,7,4,3856.5,-1238
2022-12-23 06:44:20,8,-6,3856.25,-1244
2022-12-23 06:44:23,4,0,3856.0,-1244
2022-12-23 06:44:24,1,1,3856.0,-1243
2022-12-23 06:44:28,1,1,3856.25,-1242
2022-12-23 06:44:33,11,-3,3856.25,-1245
2022-12-23 06:44:36,15,0,3856.0,-1245
2022-12-23 06:44:38,2,2,3856.0,-1243
2022-12-23 06:44:39,3,3,3856.0,-1240
2022-12-23 06:44:47,2,1,3856.0,-1239
2022-12-23 06:44:48,1,1,3856.5,-1238
2022-12-23 06:44:50,14,-8,3856.5,-1246
2022-12-23 06:44:55,12,-12,3856.5,-1258
2022-12-23 06:45:03,10,-10,3856.25,-1268
2022-12-23 06:45:04,2,2,3856.0,-1266
2022-12-23 06:45:05,2,0,3856.25,-1266
2022-12-23 06:45:07,2,-2,3856.0,-1268
2022-12-23 06:45:08,34,9,3856.25,-1259
2022-12-23 06:45:12,2,2,3856.0,-1257
2022-12-23 06:45:13,27,31,3856.25,-1226
2022-12-23 06:45:17,3,3,3856.5,-1223
2022-12-23 06:45:19,17,6,3856.75,-1217
2022-12-23 06:45:21,2,2,3856.75,-1215
2022-12-23 06:45:26,6,0,3856.5,-1215
2022-12-23 06:45:27,3,-1,3856.5,-1216
2022-12-23 06:45:29,2,0,3856.75,-1216
2022-12-23 06:45:36,5,5,3856.5,-1211
2022-12-23 06:45:40,14,-1,3856.75,-1212
2022-12-23 06:45:41,1,1,3856.75,-1211
2022-12-23 06:45:44,1,1,3856.75,-1210
2022-12-23 06:45:47,4,4,3857.0,-1206
2022-12-23 06:45:48,4,4,3857.25,-1202
2022-12-23 06:45:49,16,-5,3857.25,-1207
2022-12-23 06:45:59,20,-10,3856.75,-1217
2022-12-23 06:46:00,26,2,3857.0,-1215
2022-12-23 06:46:01,1,1,3857.0,-1214
2022-12-23 06:46:03,1,-1,3857.0,-1215
2022-12-23 06:46:05,8,8,3857.25,-1207
2022-12-23 06:46:06,4,-2,3857.25,-1209
2022-12-23 06:46:08,1,1,3857.25,-1208
2022-12-23 06:46:10,16,2,3857.5,-1206
2022-12-23 06:46:12,3,3,3857.5,-1203
2022-12-23 06:46:13,5,4,3857.5,-1199
2022-12-23 06:46:14,1,-1,3857.25,-1200
2022-12-23 06:46:23,10,4,3857.5,-1196
2022-12-23 06:46:24,10,0,3857.5,-1196
2022-12-23 06:46:29,6,-4,3857.5,-1200
2022-12-23 06:46:31,3,3,3857.5,-1197
2022-12-23 06:46:32,13,9,3857.75,-1188
2022-12-23 06:46:34,1,1,3857.75,-1187
2022-12-23 06:46:35,1,1,3857.75,-1186
2022-12-23 06:46:36,10,5,3857.75,-1181
2022-12-23 06:46:39,16,7,3858.0,-1174
2022-12-23 06:46:40,21,0,3858.0,-1174
2022-12-23 06:46:41,4,4,3858.0,-1170
2022-12-23 06:46:43,5,4,3858.0,-1166
2022-12-23 06:46:45,3,3,3858.0,-1163
2022-12-23 06:46:46,5,0,3858.0,-1163
2022-12-23 06:46:47,9,3,3858.0,-1160
2022-12-23 06:46:48,2,-2,3858.0,-1162
2022-12-23 06:46:57,4,4,3858.0,-1158
2022-12-23 06:46:58,1,1,3858.0,-1157
2022-12-23 06:47:04,7,3,3858.0,-1154
2022-12-23 06:47:06,1,1,3858.0,-1153
2022-12-23 06:47:15,33,15,3858.25,-1138
2022-12-23 06:47:18,2,0,3858.0,-1138
2022-12-23 06:47:20,1,-1,3858.0,-1139
2022-12-23 06:47:21,3,1,3858.25,-1138
2022-12-23 06:47:22,15,-9,3857.75,-1147
2022-12-23 06:47:25,21,-12,3857.5,-1159
2022-12-23 06:47:27,1,1,3857.75,-1158
2022-12-23 06:47:30,2,0,3857.75,-1158
2022-12-23 06:47:32,2,0,3857.75,-1158
2022-12-23 06:47:33,2,0,3857.75,-1158
2022-12-23 06:47:35,3,3,3858.0,-1155
2022-12-23 06:47:39,3,3,3858.0,-1152
2022-12-23 06:47:43,3,-3,3857.75,-1155
2022-12-23 06:47:44,1,-1,3857.75,-1156
2022-12-23 06:47:45,2,2,3858.0,-1154
2022-12-23 06:47:47,1,1,3858.0,-1153
2022-12-23 06:47:49,2,2,3858.0,-1151
2022-12-23 06:47:52,9,6,3858.0,-1145
2022-12-23 06:47:54,1,1,3858.25,-1144
2022-12-23 06:47:58,2,2,3858.25,-1142
2022-12-23 06:48:01,15,-6,3858.0,-1148
2022-12-23 06:48:04,1,1,3858.0,-1147
2022-12-23 06:48:08,10,-8,3857.75,-1155
2022-12-23 06:48:09,1,1,3857.75,-1154
2022-12-23 06:48:10,5,-5,3857.5,-1159
2022-12-23 06:48:12,31,1,3857.5,-1158
2022-12-23 06:48:15,8,-5,3857.5,-1163
2022-12-23 06:48:17,1,1,3857.5,-1162
2022-12-23 06:48:20,16,-5,3857.25,-1167
2022-12-23 06:48:21,2,-2,3857.0,-1169
2022-12-23 06:48:22,2,-2,3857.0,-1171
2022-12-23 06:48:23,2,-2,3857.0,-1173
2022-12-23 06:48:25,1,-1,3857.0,-1174
2022-12-23 06:48:33,1,-1,3857.0,-1175
2022-12-23 06:48:34,4,4,3857.25,-1171
2022-12-23 06:48:36,5,-3,3857.0,-1174
2022-12-23 06:48:42,3,3,3857.0,-1171
2022-12-23 06:48:44,1,1,3857.0,-1170
2022-12-23 06:48:45,1,1,3857.0,-1169
2022-12-23 06:48:46,10,-8,3856.75,-1177
2022-12-23 06:48:48,1,1,3856.75,-1176
2022-12-23 06:48:53,13,8,3856.75,-1168
2022-12-23 06:48:54,11,-3,3856.75,-1171
2022-12-23 06:48:55,1,-1,3856.5,-1172
2022-12-23 06:48:56,3,3,3856.75,-1169
2022-12-23 06:48:58,2,2,3856.75,-1167
2022-12-23 06:48:59,1,1,3856.75,-1166
2022-12-23 06:49:00,1,1,3856.75,-1165
2022-12-23 06:49:01,2,-2,3856.5,-1167
2022-12-23 06:49:02,2,2,3856.75,-1165
2022-12-23 06:49:03,4,-4,3856.75,-1169
2022-12-23 06:49:10,1,1,3856.75,-1168
2022-12-23 06:49:11,5,3,3856.75,-1165
2022-12-23 06:49:12,10,1,3856.75,-1164
2022-12-23 06:49:13,5,-4,3856.75,-1168
2022-12-23 06:49:16,3,-3,3856.75,-1171
2022-12-23 06:49:18,5,3,3856.75,-1168
2022-12-23 06:49:22,5,5,3856.75,-1163
2022-12-23 06:49:24,4,4,3857.0,-1159
2022-12-23 06:49:25,14,1,3857.25,-1158
2022-12-23 06:49:28,1,1,3857.25,-1157
2022-12-23 06:49:35,4,-4,3857.0,-1161
2022-12-23 06:49:39,9,1,3857.0,-1160
2022-12-23 06:49:43,3,-1,3857.0,-1161
2022-12-23 06:49:44,2,0,3857.0,-1161
2022-12-23 06:49:47,1,-1,3856.75,-1162
2022-12-23 06:49:53,1,1,3856.75,-1161
2022-12-23 06:49:54,6,-5,3856.75,-1166
2022-12-23 06:49:57,2,2,3856.75,-1164
2022-12-23 06:49:59,1,1,3857.0,-1163
2022-12-23 06:50:03,8,-6,3856.75,-1169
2022-12-23 06:50:07,3,3,3856.75,-1166
2022-12-23 06:50:08,4,-3,3856.75,-1169
2022-12-23 06:50:09,14,-2,3856.75,-1171
2022-12-23 06:50:11,4,-4,3856.75,-1175
2022-12-23 06:50:13,2,0,3856.75,-1175
2022-12-23 06:50:21,1,1,3856.75,-1174
2022-12-23 06:50:29,15,7,3857.0,-1167
2022-12-23 06:50:30,10,3,3857.0,-1164
2022-12-23 06:50:31,1,-1,3857.0,-1165
2022-12-23 06:50:34,1,1,3857.25,-1164
2022-12-23 06:50:37,9,4,3857.5,-1160
2022-12-23 06:50:39,11,5,3857.5,-1155
2022-12-23 06:50:47,2,0,3857.5,-1155
2022-12-23 06:50:48,1,1,3857.5,-1154
2022-12-23 06:50:49,1,1,3857.5,-1153
2022-12-23 06:50:52,29,-21,3857.25,-1174
2022-12-23 06:50:55,4,-4,3857.0,-1178
2022-12-23 06:51:04,7,7,3857.0,-1171
2022-12-23 06:51:05,2,0,3857.0,-1171
2022-12-23 06:51:08,1,-1,3857.0,-1172
2022-12-23 06:51:09,1,1,3857.0,-1171
2022-12-23 06:51:14,6,3,3857.0,-1168
2022-12-23 06:51:15,1,1,3857.0,-1167
2022-12-23 06:51:17,6,-2,3857.0,-1169
2022-12-23 06:51:18,2,2,3857.0,-1167
2022-12-23 06:51:19,2,2,3857.0,-1165
2022-12-23 06:51:22,8,-2,3857.0,-1167
2022-12-23 06:51:23,1,-1,3857.0,-1168
2022-12-23 06:51:37,5,-4,3857.0,-1172
2022-12-23 06:51:39,3,-3,3857.0,-1175
2022-12-23 06:51:41,7,-7,3856.75,-1182
2022-12-23 06:51:48,3,-3,3856.5,-1185
2022-12-23 06:51:50,4,-2,3856.5,-1187
2022-12-23 06:51:54,1,1,3856.75,-1186
2022-12-23 06:51:56,1,-1,3856.5,-1187
2022-12-23 06:52:02,4,2,3856.75,-1185
2022-12-23 06:52:07,2,-1,3856.5,-1186
2022-12-23 06:52:08,10,-9,3856.5,-1195
2022-12-23 06:52:09,7,5,3856.5,-1190
2022-12-23 06:52:11,1,1,3856.75,-1189
2022-12-23 06:52:12,3,3,3856.75,-1186
2022-12-23 06:52:20,2,-2,3856.5,-1188
2022-12-23 06:52:29,8,-2,3856.75,-1190
2022-12-23 06:52:35,3,3,3856.75,-1187
2022-12-23 06:52:37,1,-1,3856.75,-1188
2022-12-23 06:52:48,6,-6,3856.75,-1194
2022-12-23 06:52:51,6,2,3856.75,-1192
2022-12-23 06:52:56,1,-1,3856.75,-1193
2022-12-23 06:52:57,1,-1,3856.5,-1194
2022-12-23 06:53:01,5,1,3856.75,-1193
2022-12-23 06:53:04,4,-4,3856.75,-1197
2022-12-23 06:53:05,3,3,3856.75,-1194
2022-12-23 06:53:12,13,8,3856.75,-1186
2022-12-23 06:53:15,5,-5,3856.75,-1191
2022-12-23 06:53:17,10,-9,3856.5,-1200
2022-12-23 06:53:18,3,1,3856.75,-1199
2022-12-23 06:53:25,23,7,3857.0,-1192
2022-12-23 06:53:33,1,1,3856.75,-1191
2022-12-23 06:53:36,1,1,3857.0,-1190
2022-12-23 06:53:37,1,1,3856.75,-1189
2022-12-23 06:53:41,12,2,3856.75,-1187
2022-12-23 06:53:43,1,1,3857.0,-1186
2022-12-23 06:53:48,11,-10,3856.75,-1196
2022-12-23 06:53:49,7,6,3856.75,-1190
2022-12-23 06:53:50,7,-3,3856.75,-1193
2022-12-23 06:53:54,52,46,3857.25,-1147
2022-12-23 06:54:09,26,-14,3856.75,-1161
2022-12-23 06:54:11,1,1,3857.0,-1160
2022-12-23 06:54:15,59,-11,3857.0,-1171
2022-12-23 06:54:17,1,-1,3856.75,-1172
2022-12-23 06:54:27,1,-1,3856.5,-1173
2022-12-23 06:54:28,46,-30,3856.5,-1203
2022-12-23 06:54:29,7,-3,3856.25,-1206
2022-12-23 06:54:32,10,2,3856.5,-1204
2022-12-23 06:54:33,4,1,3856.25,-1203
2022-12-23 06:54:34,2,0,3856.25,-1203
2022-12-23 06:54:37,10,6,3856.5,-1197
2022-12-23 06:54:40,1,1,3856.25,-1196
2022-12-23 06:54:41,28,-16,3856.0,-1212
2022-12-23 06:54:43,25,-1,3855.75,-1213
2022-12-23 06:54:44,2,-2,3855.5,-1215
2022-12-23 06:54:45,6,-6,3855.5,-1221
2022-12-23 06:54:46,1,1,3855.75,-1220
2022-12-23 06:54:48,5,5,3855.75,-1215
2022-12-23 06:54:51,7,5,3856.0,-1210
2022-12-23 06:54:54,1,-1,3855.75,-1211
2022-12-23 06:54:56,19,-11,3855.75,-1222
2022-12-23 06:54:58,12,9,3856.0,-1213
2022-12-23 06:55:01,3,-1,3856.25,-1214
2022-12-23 06:55:02,10,0,3856.0,-1214
2022-12-23 06:55:04,4,2,3856.0,-1212
2022-12-23 06:55:06,1,1,3856.25,-1211
2022-12-23 06:55:07,13,3,3856.25,-1208
2022-12-23 06:55:13,13,-5,3856.25,-1213
2022-12-23 06:55:16,4,-4,3856.0,-1217
2022-12-23 06:55:20,10,-6,3856.0,-1223
2022-12-23 06:55:21,1,-1,3855.75,-1224
2022-12-23 06:55:24,53,-71,3855.75,-1295
2022-12-23 06:55:25,4,-4,3855.5,-1299
2022-12-23 06:55:27,2,2,3855.5,-1297
2022-12-23 06:55:28,2,0,3855.5,-1297
2022-12-23 06:55:29,1,1,3855.5,-1296
2022-12-23 06:55:30,1,-1,3855.25,-1297
2022-12-23 06:55:32,1,-1,3855.25,-1298
2022-12-23 06:55:33,6,-2,3855.5,-1300
2022-12-23 06:55:34,5,-5,3855.25,-1305
2022-12-23 06:55:35,46,-21,3855.25,-1326
2022-12-23 06:55:37,11,-1,3855.0,-1327
2022-12-23 06:55:38,1,-1,3855.0,-1328
2022-12-23 06:55:43,10,-6,3855.0,-1334
2022-12-23 06:55:47,1,-1,3854.75,-1335
2022-12-23 06:55:49,6,6,3855.0,-1329
2022-12-23 06:55:51,1,-1,3854.75,-1330
2022-12-23 06:55:52,42,-38,3854.75,-1368
2022-12-23 06:55:53,2,0,3854.5,-1368
2022-12-23 06:55:55,29,-2,3854.25,-1370
2022-12-23 06:55:56,2,1,3854.25,-1369
2022-12-23 06:55:57,4,-4,3854.25,-1373
2022-12-23 06:55:58,43,-42,3854.0,-1415
2022-12-23 06:55:59,22,4,3854.0,-1411
2022-12-23 06:56:00,16,6,3854.0,-1405
2022-12-23 06:56:01,10,-8,3853.75,-1413
2022-12-23 06:56:03,32,10,3853.75,-1403
2022-12-23 06:56:04,2,2,3853.75,-1401
2022-12-23 06:56:05,1,-1,3853.75,-1402
2022-12-23 06:56:06,9,-8,3853.75,-1410
2022-12-23 06:56:07,13,4,3854.0,-1406
2022-12-23 06:56:09,11,9,3854.0,-1397
2022-12-23 06:56:11,14,-8,3853.75,-1405
2022-12-23 06:56:12,46,-39,3853.75,-1444
2022-12-23 06:56:13,1,1,3853.75,-1443
2022-12-23 06:56:14,3,-3,3853.5,-1446
2022-12-23 06:56:15,14,-2,3853.5,-1448
2022-12-23 06:56:16,5,3,3853.75,-1445
2022-12-23 06:56:17,2,0,3853.5,-1445
2022-12-23 06:56:18,10,7,3853.75,-1438
2022-12-23 06:56:19,3,-3,3853.5,-1441
2022-12-23 06:56:20,20,9,3853.5,-1432
2022-12-23 06:56:21,5,-3,3853.5,-1435
2022-12-23 06:56:23,5,-2,3853.25,-1437
2022-12-23 06:56:24,12,7,3853.5,-1430
2022-12-23 06:56:25,1,1,3853.5,-1429
2022-12-23 06:56:26,16,13,3853.75,-1416
2022-12-23 06:56:27,3,-3,3853.75,-1419
2022-12-23 06:56:29,5,5,3853.75,-1414
2022-12-23 06:56:31,7,-3,3853.5,-1417
2022-12-23 06:56:32,4,3,3853.5,-1414
2022-12-23 06:56:34,15,-1,3853.5,-1415
2022-12-23 06:56:35,1,1,3853.5,-1414
2022-12-23 06:56:37,2,-2,3853.25,-1416
2022-12-23 06:56:41,13,11,3853.5,-1405
2022-12-23 06:56:42,3,3,3853.5,-1402
2022-12-23 06:56:44,2,1,3853.5,-1401
2022-12-23 06:56:45,2,0,3853.5,-1401
2022-12-23 06:56:46,12,7,3853.5,-1394
2022-12-23 06:56:47,16,7,3854.0,-1387
2022-12-23 06:56:48,7,-3,3854.0,-1390
2022-12-23 06:56:49,4,3,3853.75,-1387
2022-12-23 06:56:50,4,-4,3853.75,-1391
2022-12-23 06:56:51,5,1,3853.75,-1390
2022-12-23 06:56:53,13,-6,3853.75,-1396
2022-12-23 06:56:54,1,-1,3853.5,-1397
2022-12-23 06:56:56,1,-1,3853.5,-1398
2022-12-23 06:56:59,1,-1,3853.5,-1399
2022-12-23 06:57:03,20,6,3853.75,-1393
2022-12-23 06:57:04,3,-1,3854.0,-1394
2022-12-23 06:57:05,1,-1,3853.75,-1395
2022-12-23 06:57:07,3,0,3854.0,-1395
2022-12-23 06:57:12,9,-7,3853.75,-1402
2022-12-23 06:57:14,9,-4,3853.75,-1406
2022-12-23 06:57:15,29,-5,3853.5,-1411
2022-12-23 06:57:17,2,2,3853.5,-1409
2022-12-23 06:57:22,9,4,3853.5,-1405
2022-12-23 06:57:23,5,-5,3853.25,-1410
2022-12-23 06:57:26,4,3,3853.5,-1407
2022-12-23 06:57:28,2,2,3853.5,-1405
2022-12-23 06:57:29,2,-2,3853.5,-1407
2022-12-23 06:57:30,1,1,3853.75,-1406
2022-12-23 06:57:31,6,-6,3853.5,-1412
2022-12-23 06:57:34,1,-1,3853.5,-1413
2022-12-23 06:57:35,7,7,3853.75,-1406
2022-12-23 06:57:36,2,2,3853.75,-1404
2022-12-23 06:57:37,1,-1,3853.5,-1405
2022-12-23 06:57:43,3,3,3853.75,-1402
2022-12-23 06:57:45,9,4,3853.75,-1398
2022-12-23 06:57:47,7,7,3854.0,-1391
2022-12-23 06:57:48,7,5,3854.0,-1386
2022-12-23 06:57:50,33,2,3854.5,-1384
2022-12-23 06:57:52,2,2,3854.25,-1382
2022-12-23 06:57:55,2,0,3854.25,-1382
2022-12-23 06:57:56,2,-2,3854.25,-1384
2022-12-23 06:57:58,1,1,3854.25,-1383
2022-12-23 06:58:00,1,-1,3854.0,-1384
2022-12-23 06:58:02,2,2,3854.25,-1382
2022-12-23 06:58:05,9,6,3854.5,-1376
2022-12-23 06:58:06,1,1,3854.75,-1375
2022-12-23 06:58:07,14,4,3855.0,-1371
2022-12-23 06:58:08,12,-4,3854.75,-1375
2022-12-23 06:58:10,8,-2,3854.75,-1377
2022-12-23 06:58:12,2,1,3854.75,-1376
2022-12-23 06:58:15,1,-1,3854.75,-1377
2022-12-23 06:58:16,6,2,3855.0,-1375
2022-12-23 06:58:17,1,-1,3854.75,-1376
2022-12-23 06:58:18,1,1,3855.0,-1375
2022-12-23 06:58:19,3,-3,3854.75,-1378
2022-12-23 06:58:20,5,-5,3854.5,-1383
2022-12-23 06:58:21,3,3,3854.75,-1380
2022-12-23 06:58:22,3,-3,3854.75,-1383
2022-12-23 06:58:26,5,1,3854.75,-1382
2022-12-23 06:58:29,2,-2,3854.5,-1384
2022-12-23 06:58:30,9,-4,3854.5,-1388
2022-12-23 06:58:33,8,-2,3854.25,-1390
2022-12-23 06:58:40,2,2,3854.25,-1388
2022-12-23 06:58:41,2,-2,3854.0,-1390
2022-12-23 06:58:42,7,-7,3854.0,-1397
2022-12-23 06:58:43,7,3,3854.0,-1394
2022-12-23 06:58:44,1,1,3854.0,-1393
2022-12-23 06:58:46,4,-3,3853.75,-1396
2022-12-23 06:58:47,2,0,3854.0,-1396
2022-12-23 06:58:51,6,0,3854.0,-1396
2022-12-23 06:58:57,5,4,3854.25,-1392
2022-12-23 06:59:00,3,3,3854.5,-1389
2022-12-23 06:59:01,7,-3,3854.5,-1392
2022-12-23 06:59:03,1,1,3854.5,-1391
2022-12-23 06:59:04,4,-3,3854.5,-1394
2022-12-23 06:59:06,2,0,3854.5,-1394
2022-12-23 06:59:07,1,1,3854.75,-1393
2022-12-23 06:59:08,5,3,3854.75,-1390
2022-12-23 06:59:09,10,7,3854.75,-1383
2022-12-23 06:59:13,14,2,3855.0,-1381
2022-12-23 06:59:14,4,0,3855.0,-1381
2022-12-23 06:59:16,2,-2,3855.0,-1383
2022-12-23 06:59:17,7,5,3855.0,-1378
2022-12-23 06:59:22,6,5,3855.0,-1373
2022-12-23 06:59:26,4,4,3855.0,-1369
2022-12-23 06:59:27,2,-2,3855.0,-1371
2022-12-23 06:59:30,5,4,3855.0,-1367
2022-12-23 06:59:31,1,1,3855.0,-1366
2022-12-23 06:59:34,6,5,3855.0,-1361
2022-12-23 06:59:35,1,-1,3855.0,-1362
2022-12-23 06:59:37,13,-5,3854.75,-1367
2022-12-23 06:59:39,4,2,3854.75,-1365
2022-12-23 06:59:42,1,-1,3854.5,-1366
2022-12-23 06:59:43,6,2,3854.75,-1364
2022-12-23 06:59:46,3,3,3855.0,-1361
2022-12-23 06:59:47,3,3,3855.0,-1358
2022-12-23 06:59:48,16,-10,3855.0,-1368
2022-12-23 06:59:51,1,1,3855.25,-1367
2022-12-23 06:59:52,6,-2,3855.0,-1369
2022-12-23 06:59:53,2,-2,3854.75,-1371
2022-12-23 06:59:55,1,-1,3854.75,-1372
2022-12-23 06:59:57,7,3,3855.0,-1369
2022-12-23 06:59:59,9,5,3855.25,-1364
2022-12-23 07:00:00,44,-10,3855.0,-1374
2022-12-23 07:00:02,1,-1,3854.75,-1375
2022-12-23 07:00:07,8,3,3854.75,-1372
2022-12-23 07:00:10,1,1,3854.75,-1371
2022-12-23 07:00:12,1,1,3855.0,-1370
2022-12-23 07:00:14,5,5,3855.0,-1365
2022-12-23 07:00:15,12,-5,3855.0,-1370
2022-12-23 07:00:17,1,1,3855.0,-1369
2022-12-23 07:00:19,4,4,3855.0,-1365
2022-12-23 07:00:21,29,-2,3855.25,-1367
2022-12-23 07:00:27,2,2,3855.25,-1365
2022-12-23 07:00:32,1,1,3855.25,-1364
2022-12-23 07:00:36,1,1,3855.25,-1363
2022-12-23 07:00:39,1,1,3855.25,-1362
2022-12-23 07:00:40,10,-9,3855.0,-1371
2022-12-23 07:00:42,6,-6,3854.75,-1377
2022-12-23 07:00:51,10,-2,3855.0,-1379
2022-12-23 07:00:58,5,-3,3854.75,-1382
2022-12-23 07:01:01,5,3,3854.75,-1379
2022-12-23 07:01:02,8,6,3855.0,-1373
2022-12-23 07:01:03,2,-2,3855.0,-1375
2022-12-23 07:01:06,24,1,3855.0,-1374
2022-12-23 07:01:08,2,0,3855.0,-1374
2022-12-23 07:01:11,19,-3,3855.0,-1377
2022-12-23 07:01:13,5,5,3855.0,-1372
2022-12-23 07:01:18,22,2,3855.25,-1370
2022-12-23 07:01:19,1,1,3855.25,-1369
2022-12-23 07:01:21,2,-2,3855.0,-1371
2022-12-23 07:01:24,1,-1,3855.0,-1372
2022-12-23 07:01:26,6,-2,3855.25,-1374
2022-12-23 07:01:30,6,-4,3855.0,-1378
2022-12-23 07:01:32,4,4,3855.0,-1374
2022-12-23 07:01:35,10,-6,3855.0,-1380
2022-12-23 07:01:36,1,1,3855.0,-1379
2022-12-23 07:01:38,1,-1,3855.0,-1380
2022-12-23 07:01:39,8,7,3855.25,-1373
2022-12-23 07:01:41,9,-3,3855.25,-1376
2022-12-23 07:01:44,30,-10,3855.25,-1386
2022-12-23 07:01:46,22,-11,3855.25,-1397
2022-12-23 07:01:47,1,-1,3855.25,-1398
2022-12-23 07:01:48,1,1,3855.25,-1397
2022-12-23 07:01:49,3,-3,3855.25,-1400
2022-12-23 07:01:50,2,2,3855.25,-1398
2022-12-23 07:01:51,9,-8,3855.0,-1406
2022-12-23 07:01:53,4,2,3855.25,-1404
2022-12-23 07:01:55,4,0,3855.25,-1404
2022-12-23 07:01:56,1,-1,3855.25,-1405
2022-12-23 07:01:57,4,-2,3855.25,-1407
2022-12-23 07:01:59,6,3,3855.25,-1404
2022-12-23 07:02:00,33,-17,3855.25,-1421
2022-12-23 07:02:01,12,-10,3855.0,-1431
2022-12-23 07:02:02,13,5,3855.25,-1426
2022-12-23 07:02:03,1,1,3855.25,-1425
2022-12-23 07:02:05,9,-5,3855.5,-1430
2022-12-23 07:02:06,1,-1,3855.25,-1431
2022-12-23 07:02:07,3,-1,3855.5,-1432
2022-12-23 07:02:08,16,-6,3855.25,-1438
2022-12-23 07:02:09,22,0,3855.25,-1438
2022-12-23 07:02:10,5,-5,3855.25,-1443
2022-12-23 07:02:11,14,-3,3855.25,-1446
2022-12-23 07:02:12,4,0,3855.25,-1446
2022-12-23 07:02:14,19,-8,3855.25,-1454
2022-12-23 07:02:17,5,-3,3855.25,-1457
2022-12-23 07:02:20,42,-12,3855.25,-1469
2022-12-23 07:02:22,22,-11,3855.0,-1480
2022-12-23 07:02:23,3,3,3854.75,-1477
2022-12-23 07:02:24,15,-5,3854.75,-1482
2022-12-23 07:02:25,7,-1,3854.5,-1483
2022-12-23 07:02:26,3,1,3854.75,-1482
2022-12-23 07:02:29,13,-3,3854.75,-1485
2022-12-23 07:02:31,8,-2,3854.75,-1487
2022-12-23 07:02:32,3,-2,3854.75,-1489
2022-12-23 07:02:33,5,-5,3854.5,-1494
2022-12-23 07:02:35,5,1,3854.25,-1493
2022-12-23 07:02:37,14,1,3854.5,-1492
2022-12-23 07:02:39,3,3,3854.75,-1489
2022-12-23 07:02:40,5,-1,3854.5,-1490
2022-12-23 07:02:41,6,-5,3854.25,-1495
2022-12-23 07:02:42,3,-3,3854.25,-1498
2022-12-23 07:02:43,1,1,3854.5,-1497
2022-12-23 07:02:45,5,-5,3854.25,-1502
2022-12-23 07:02:46,1,1,3854.5,-1501
2022-12-23 07:02:47,1,-1,3854.25,-1502
2022-12-23 07:02:49,1,1,3854.5,-1501
2022-12-23 07:02:52,3,-1,3854.5,-1502
2022-12-23 07:02:54,1,-1,3854.25,-1503
2022-12-23 07:02:57,1,-1,3854.25,-1504
2022-12-23 07:02:59,3,-1,3854.5,-1505
2022-12-23 07:03:00,7,1,3854.25,-1504
2022-12-23 07:03:01,9,1,3854.0,-1503
2022-12-23 07:03:03,3,-1,3854.0,-1504
2022-12-23 07:03:06,1,-1,3853.75,-1505
2022-12-23 07:03:08,1,-1,3853.75,-1506
2022-12-23 07:03:09,1,-1,3853.75,-1507
2022-12-23 07:03:11,14,-3,3853.75,-1510
2022-12-23 07:03:12,1,1,3853.75,-1509
2022-12-23 07:03:13,1,-1,3853.75,-1510
2022-12-23 07:03:14,2,-2,3853.75,-1512
2022-12-23 07:03:16,15,2,3853.75,-1510
2022-12-23 07:03:17,4,4,3853.75,-1506
2022-12-23 07:03:18,5,-6,3853.75,-1512
2022-12-23 07:03:21,1,-1,3853.5,-1513
2022-12-23 07:03:26,1,-1,3853.5,-1514
2022-12-23 07:03:28,13,4,3853.75,-1510
2022-12-23 07:03:31,2,-2,3853.75,-1512
2022-12-23 07:03:35,25,-8,3853.5,-1520
2022-12-23 07:03:36,1,1,3853.5,-1519
2022-12-23 07:03:37,5,-4,3853.5,-1523
2022-12-23 07:03:42,7,-3,3853.5,-1526
2022-12-23 07:03:43,3,-3,3853.5,-1529
2022-12-23 07:03:44,6,6,3853.5,-1523
2022-12-23 07:03:46,3,-1,3853.75,-1524
2022-12-23 07:03:47,4,3,3853.5,-1521
2022-12-23 07:03:49,13,2,3853.5,-1519
2022-12-23 07:03:53,2,0,3853.5,-1519
2022-12-23 07:04:00,4,4,3853.5,-1515
2022-12-23 07:04:06,16,14,3854.0,-1501
2022-12-23 07:04:10,7,-1,3854.0,-1502
2022-12-23 07:04:11,25,17,3854.25,-1485
2022-12-23 07:04:15,2,0,3854.25,-1485
2022-12-23 07:04:18,5,-3,3854.0,-1488
2022-12-23 07:04:21,13,11,3854.0,-1477
2022-12-23 07:04:23,15,11,3854.0,-1466
2022-12-23 07:04:25,1,1,3854.25,-1465
2022-12-23 07:04:32,2,-1,3854.0,-1466
2022-12-23 07:04:35,9,5,3854.25,-1461
2022-12-23 07:04:36,1,1,3854.25,-1460
2022-12-23 07:04:40,15,-2,3854.0,-1462
2022-12-23 07:04:42,7,6,3854.25,-1456
2022-12-23 07:04:48,12,10,3854.5,-1446
2022-12-23 07:04:49,101,62,3855.25,-1384
2022-12-23 07:04:50,5,1,3855.25,-1383
2022-12-23 07:04:51,8,1,3855.25,-1382
2022-12-23 07:04:52,3,3,3855.5,-1379
2022-12-23 07:04:54,14,-1,3855.5,-1380
2022-12-23 07:04:55,1,-1,3855.25,-1381
2022-12-23 07:04:56,1,1,3855.25,-1380
2022-12-23 07:04:57,1,1,3855.25,-1379
2022-12-23 07:04:58,3,2,3855.5,-1377
2022-12-23 07:05:00,1,1,3855.25,-1376
2022-12-23 07:05:01,3,0,3855.25,-1376
2022-12-23 07:05:02,5,5,3855.25,-1371
2022-12-23 07:05:03,1,-1,3855.25,-1372
2022-12-23 07:05:04,4,-4,3855.25,-1376
2022-12-23 07:05:05,199,-59,3855.25,-1435
2022-12-23 07:05:06,9,2,3854.5,-1433
2022-12-23 07:05:07,2,0,3854.5,-1433
2022-12-23 07:05:08,2,2,3854.25,-1431
2022-12-23 07:05:09,7,4,3854.25,-1427
2022-12-23 07:05:11,2,0,3854.5,-1427
2022-12-23 07:05:13,1,-1,3854.0,-1428
2022-12-23 07:05:15,1,1,3854.25,-1427
2022-12-23 07:05:22,1,1,3854.25,-1426
2022-12-23 07:05:24,33,-15,3854.0,-1441
2022-12-23 07:05:26,5,3,3854.0,-1438
2022-12-23 07:05:28,24,13,3854.25,-1425
2022-12-23 07:05:30,5,-7,3854.0,-1432
2022-12-23 07:05:31,3,0,3854.0,-1432
2022-12-23 07:05:35,1,-1,3853.75,-1433
2022-12-23 07:05:36,3,3,3854.0,-1430
2022-12-23 07:05:45,1,1,3854.0,-1429
2022-12-23 07:05:49,9,-1,3854.0,-1430
2022-12-23 07:05:50,1,1,3854.0,-1429
2022-12-23 07:05:53,1,1,3854.0,-1428
2022-12-23 07:05:57,7,-5,3854.0,-1433
2022-12-23 07:06:06,3,-3,3854.0,-1436
2022-12-23 07:06:10,8,7,3854.0,-1429
2022-12-23 07:06:13,1,-1,3854.0,-1430
2022-12-23 07:06:15,7,4,3854.25,-1426
2022-12-23 07:06:17,2,2,3854.25,-1424
2022-12-23 07:06:19,1,1,3854.25,-1423
2022-12-23 07:06:21,2,-2,3854.25,-1425
2022-12-23 07:06:36,1,-1,3854.25,-1426
2022-12-23 07:06:37,12,0,3854.25,-1426
2022-12-23 07:06:39,9,-8,3854.0,-1434
2022-12-23 07:06:40,26,-6,3853.75,-1440
2022-12-23 07:06:41,19,4,3853.75,-1436
2022-12-23 07:06:43,2,-2,3853.5,-1438
2022-12-23 07:06:44,3,-2,3853.5,-1440
2022-12-23 07:06:45,1,-1,3853.5,-1441
2022-12-23 07:06:46,2,-1,3853.5,-1442
2022-12-23 07:06:50,4,-4,3853.5,-1446
2022-12-23 07:06:52,1,1,3853.5,-1445
2022-12-23 07:06:54,8,7,3853.5,-1438
2022-12-23 07:06:55,4,-3,3853.25,-1441
2022-12-23 07:06:56,11,1,3853.5,-1440
2022-12-23 07:06:58,1,-1,3853.25,-1441
2022-12-23 07:06:59,1,1,3853.5,-1440
2022-12-23 07:07:00,4,-4,3853.25,-1444
2022-12-23 07:07:01,6,-5,3853.0,-1449
2022-12-23 07:07:02,6,2,3853.25,-1447
2022-12-23 07:07:03,4,-4,3853.25,-1451
2022-12-23 07:07:04,10,0,3853.25,-1451
2022-12-23 07:07:05,5,5,3853.25,-1446
2022-12-23 07:07:06,6,-2,3853.25,-1448
2022-12-23 07:07:09,4,4,3853.25,-1444
2022-12-23 07:07:11,7,3,3853.25,-1441
2022-12-23 07:07:22,4,-1,3853.0,-1442
2022-12-23 07:07:24,1,-1,3853.0,-1443
2022-12-23 07:07:26,2,2,3853.25,-1441
2022-12-23 07:07:28,9,-1,3853.25,-1442
2022-12-23 07:07:29,1,-1,3853.0,-1443
2022-12-23 07:07:32,35,-21,3853.0,-1464
2022-12-23 07:07:33,1,-1,3853.0,-1465
2022-12-23 07:07:35,33,-5,3852.75,-1470
2022-12-23 07:07:37,31,-22,3852.75,-1492
2022-12-23 07:07:38,35,-4,3852.5,-1496
2022-12-23 07:07:39,5,5,3852.5,-1491
2022-12-23 07:07:40,6,0,3852.5,-1491
2022-12-23 07:07:41,8,8,3852.75,-1483
2022-12-23 07:07:43,3,-2,3852.5,-1485
2022-12-23 07:07:44,12,-4,3852.5,-1489
2022-12-23 07:07:46,6,2,3852.5,-1487
2022-12-23 07:07:49,3,3,3852.5,-1484
2022-12-23 07:07:51,19,8,3852.75,-1476
2022-12-23 07:07:53,1,1,3853.0,-1475
2022-12-23 07:07:55,2,0,3852.75,-1475
2022-12-23 07:08:03,35,12,3853.0,-1463
2022-12-23 07:08:04,1,-1,3853.0,-1464
2022-12-23 07:08:05,3,-3,3853.0,-1467
2022-12-23 07:08:06,3,-3,3852.75,-1470
2022-12-23 07:08:07,5,-3,3852.75,-1473
2022-12-23 07:08:09,5,5,3853.0,-1468
2022-12-23 07:08:10,9,-8,3853.0,-1476
2022-12-23 07:08:11,1,1,3853.0,-1475
2022-12-23 07:08:14,1,1,3853.0,-1474
2022-12-23 07:08:15,1,-1,3852.75,-1475
2022-12-23 07:08:17,1,1,3853.0,-1474
2022-12-23 07:08:18,4,-4,3852.75,-1478
2022-12-23 07:08:20,59,3,3853.0,-1475
2022-12-23 07:08:21,15,-5,3852.5,-1480
2022-12-23 07:08:24,4,2,3852.5,-1478
2022-12-23 07:08:26,9,5,3852.5,-1473
2022-12-23 07:08:30,1,-1,3852.25,-1474
2022-12-23 07:08:31,1,1,3852.5,-1473
2022-12-23 07:08:32,4,2,3852.5,-1471
2022-12-23 07:08:33,1,-1,3852.5,-1472
2022-12-23 07:08:36,14,-5,3852.5,-1477
2022-12-23 07:08:37,145,71,3853.25,-1406
2022-12-23 07:08:41,1,-1,3853.0,-1407
2022-12-23 07:08:42,23,15,3853.25,-1392
2022-12-23 07:08:44,9,-8,3853.0,-1400
2022-12-23 07:08:45,1,1,3852.75,-1399
2022-12-23 07:08:46,1,-1,3852.5,-1400
2022-12-23 07:08:48,6,-6,3852.5,-1406
2022-12-23 07:08:49,5,5,3852.5,-1401
2022-12-23 07:08:52,5,-1,3852.5,-1402
2022-12-23 07:08:54,1,-1,3852.5,-1403
2022-12-23 07:08:56,6,6,3852.75,-1397
2022-12-23 07:08:57,1,-1,3852.5,-1398
2022-12-23 07:08:59,4,4,3852.5,-1394
2022-12-23 07:09:00,5,4,3852.5,-1390
2022-12-23 07:09:01,5,-3,3852.25,-1393
2022-12-23 07:09:02,7,-4,3852.5,-1397
2022-12-23 07:09:04,13,11,3852.5,-1386
2022-12-23 07:09:05,9,1,3852.5,-1385
2022-12-23 07:09:06,2,-2,3852.5,-1387
2022-12-23 07:09:10,11,3,3852.75,-1384
2022-12-23 07:09:12,4,2,3852.75,-1382
2022-12-23 07:09:18,1,-1,3852.75,-1383
2022-12-23 07:09:20,2,-2,3852.75,-1385
2022-12-23 07:09:22,1,1,3852.75,-1384
2022-12-23 07:09:25,1,-1,3852.5,-1385
2022-12-23 07:09:28,9,8,3853.0,-1377
2022-12-23 07:09:31,22,-13,3853.0,-1390
2022-12-23 07:09:32,7,6,3852.75,-1384
2022-12-23 07:09:35,1,-1,3852.75,-1385
2022-12-23 07:09:40,42,10,3853.0,-1375
2022-12-23 07:09:42,1,1,3853.0,-1374
2022-12-23 07:09:46,1,1,3853.0,-1373
2022-12-23 07:09:47,46,11,3853.0,-1362
2022-12-23 07:09:52,1,1,3853.25,-1361
2022-12-23 07:09:53,4,-2,3853.0,-1363
2022-12-23 07:09:55,6,3,3853.0,-1360
2022-12-23 07:09:56,5,0,3853.25,-1360
2022-12-23 07:09:57,1,1,3853.25,-1359
2022-12-23 07:09:59,1,1,3853.25,-1358
2022-12-23 07:10:00,5,1,3853.0,-1357
2022-12-23 07:10:01,1,1,3853.25,-1356
2022-12-23 07:10:03,5,3,3853.25,-1353
2022-12-23 07:10:06,1,-1,3853.25,-1354
2022-12-23 07:10:10,4,4,3853.5,-1350
2022-12-23 07:10:11,7,-5,3853.5,-1355
2022-12-23 07:10:12,9,3,3853.5,-1352
2022-12-23 07:10:14,2,2,3853.75,-1350
2022-12-23 07:10:20,1,1,3853.75,-1349
2022-12-23 07:10:23,1,1,3853.75,-1348
2022-12-23 07:10:24,1,1,3853.75,-1347
2022-12-23 07:10:29,16,-9,3853.5,-1356
2022-12-23 07:10:30,5,-4,3853.25,-1360
2022-12-23 07:10:31,1,1,3853.25,-1359
2022-12-23 07:10:32,9,9,3853.25,-1350
2022-12-23 07:10:33,5,-5,3853.25,-1355
2022-12-23 07:10:36,1,1,3853.25,-1354
2022-12-23 07:10:37,1,-1,3853.0,-1355
2022-12-23 07:10:38,1,1,3853.25,-1354
2022-12-23 07:10:41,1,1,3853.25,-1353
2022-12-23 07:10:42,1,-1,3853.0,-1354
2022-12-23 07:10:45,17,15,3853.25,-1339
2022-12-23 07:10:52,12,10,3853.75,-1329
2022-12-23 07:10:53,1,-1,3853.75,-1330
2022-12-23 07:10:57,3,1,3854.0,-1329
2022-12-23 07:11:00,1,-1,3853.75,-1330
2022-12-23 07:11:02,11,6,3854.0,-1324
2022-12-23 07:11:09,7,-7,3854.0,-1331
2022-12-23 07:11:11,13,10,3854.0,-1321
2022-12-23 07:11:13,9,0,3854.0,-1321
2022-12-23 07:11:17,12,-9,3854.0,-1330
2022-12-23 07:11:22,33,-18,3853.75,-1348
2022-12-23 07:11:23,17,14,3853.75,-1334
2022-12-23 07:11:24,2,1,3854.0,-1333
2022-12-23 07:11:25,1,-1,3853.75,-1334
2022-12-23 07:11:29,208,-17,3854.0,-1351
2022-12-23 07:11:34,10,2,3854.0,-1349
2022-12-23 07:11:38,25,-17,3854.0,-1366
2022-12-23 07:11:42,31,-12,3853.75,-1378
2022-12-23 07:11:43,5,3,3853.5,-1375
2022-12-23 07:11:47,2,2,3853.5,-1373
2022-12-23 07:11:53,33,14,3853.75,-1359
2022-12-23 07:11:54,93,-26,3853.5,-1385
2022-12-23 07:11:55,7,7,3853.75,-1378
2022-12-23 07:11:56,51,-25,3853.75,-1403
2022-12-23 07:12:01,43,15,3853.75,-1388
2022-12-23 07:12:02,1,-1,3853.5,-1389
2022-12-23 07:12:05,10,0,3853.5,-1389
2022-12-23 07:12:17,8,8,3853.75,-1381
2022-12-23 07:12:22,12,8,3854.0,-1373
2022-12-23 07:12:24,11,6,3854.25,-1367
2022-12-23 07:12:27,1,-1,3854.0,-1368
2022-12-23 07:12:31,1,1,3854.25,-1367
2022-12-23 07:12:36,11,-5,3854.0,-1372
2022-12-23 07:12:39,2,2,3854.0,-1370
2022-12-23 07:12:43,2,-1,3854.0,-1371
2022-12-23 07:12:45,1,1,3854.25,-1370
2022-12-23 07:12:51,1,-1,3854.0,-1371
2022-12-23 07:12:54,8,0,3854.25,-1371
2022-12-23 07:12:57,1,1,3854.25,-1370
2022-12-23 07:12:58,3,-3,3854.0,-1373
2022-12-23 07:12:59,1,1,3854.25,-1372
2022-12-23 07:13:00,3,1,3854.25,-1371
2022-12-23 07:13:01,1,1,3854.25,-1370
2022-12-23 07:13:02,16,5,3854.25,-1365
2022-12-23 07:13:04,4,-2,3854.25,-1367
2022-12-23 07:13:05,12,-8,3854.25,-1375
2022-12-23 07:13:06,5,4,3854.25,-1371
2022-12-23 07:13:08,4,-2,3854.25,-1373
2022-12-23 07:13:09,2,0,3854.25,-1373
2022-12-23 07:13:11,1,1,3854.25,-1372
2022-12-23 07:13:12,2,0,3854.25,-1372
2022-12-23 07:13:18,1,1,3854.25,-1371
2022-12-23 07:13:36,5,3,3854.25,-1368
2022-12-23 07:13:38,10,9,3854.25,-1359
2022-12-23 07:13:44,2,-2,3854.25,-1361
2022-12-23 07:13:45,1,1,3854.5,-1360
2022-12-23 07:13:48,6,-6,3854.25,-1366
2022-12-23 07:13:49,10,4,3854.25,-1362
2022-12-23 07:13:50,8,-4,3854.25,-1366
2022-12-23 07:13:52,1,1,3854.25,-1365
2022-12-23 07:13:53,28,-7,3854.0,-1372
2022-12-23 07:13:54,9,-4,3854.0,-1376
2022-12-23 07:13:55,19,12,3854.25,-1364
2022-12-23 07:13:56,1,-1,3854.25,-1365
2022-12-23 07:14:00,1,-1,3854.25,-1366
2022-12-23 07:14:06,61,-33,3854.25,-1399
2022-12-23 07:14:08,22,-1,3854.0,-1400
2022-12-23 07:14:11,4,-4,3853.75,-1404
2022-12-23 07:14:12,15,12,3854.0,-1392
2022-12-23 07:14:14,1,1,3854.25,-1391
2022-12-23 07:14:24,4,-4,3854.0,-1395
2022-12-23 07:14:25,8,6,3854.0,-1389
2022-12-23 07:14:27,1,-1,3853.75,-1390
2022-12-23 07:14:30,57,-26,3853.75,-1416
2022-12-23 07:14:32,1,-1,3853.5,-1417
2022-12-23 07:14:37,45,4,3853.75,-1413
2022-12-23 07:14:53,12,-8,3853.5,-1421
2022-12-23 07:14:56,1,1,3853.75,-1420
2022-12-23 07:14:57,7,-5,3853.5,-1425
2022-12-23 07:14:59,5,3,3853.5,-1422
2022-12-23 07:15:00,6,6,3853.5,-1416
2022-12-23 07:15:01,8,7,3853.75,-1409
2022-12-23 07:15:02,6,6,3854.0,-1403
2022-12-23 07:15:09,15,14,3854.25,-1389
2022-12-23 07:15:10,4,4,3854.25,-1385
2022-12-23 07:15:13,21,6,3854.5,-1379
2022-12-23 07:15:16,22,14,3854.5,-1365
2022-12-23 07:15:17,8,4,3854.75,-1361
2022-12-23 07:15:18,1,1,3854.75,-1360
2022-12-23 07:15:19,3,3,3854.75,-1357
2022-12-23 07:15:20,3,3,3854.75,-1354
2022-12-23 07:15:22,6,0,3854.75,-1354
2022-12-23 07:15:23,1,1,3854.75,-1353
2022-12-23 07:15:24,3,-3,3854.5,-1356
2022-12-23 07:15:25,1,1,3854.5,-1355
2022-12-23 07:15:26,1,-1,3854.25,-1356
2022-12-23 07:15:27,2,-2,3854.25,-1358
2022-12-23 07:15:36,5,-1,3854.5,-1359
2022-12-23 07:15:38,108,43,3855.25,-1316
2022-12-23 07:15:40,6,-6,3855.0,-1322
2022-12-23 07:15:43,7,5,3855.0,-1317
2022-12-23 07:15:44,28,28,3855.25,-1289
2022-12-23 07:15:46,6,1,3855.25,-1288
2022-12-23 07:15:47,1,1,3855.25,-1287
2022-12-23 07:15:48,2,2,3855.25,-1285
2022-12-23 07:15:49,5,5,3855.25,-1280
2022-12-23 07:15:50,16,9,3855.5,-1271
2022-12-23 07:15:51,20,6,3855.75,-1265
2022-12-23 07:15:52,3,-2,3855.25,-1267
2022-12-23 07:15:53,6,5,3855.5,-1262
2022-12-23 07:15:58,19,2,3855.5,-1260
2022-12-23 07:15:59,1,1,3855.5,-1259
2022-12-23 07:16:00,1,-1,3855.5,-1260
2022-12-23 07:16:02,2,-2,3855.5,-1262
2022-12-23 07:16:09,1,-1,3855.5,-1263
2022-12-23 07:16:11,4,3,3855.75,-1260
2022-12-23 07:16:12,11,-10,3855.5,-1270
2022-12-23 07:16:13,11,11,3855.75,-1259
2022-12-23 07:16:15,30,14,3856.0,-1245
2022-12-23 07:16:16,3,-3,3856.0,-1248
2022-12-23 07:16:17,8,-2,3856.0,-1250
2022-12-23 07:16:18,3,-1,3856.0,-1251
2022-12-23 07:16:20,1,-1,3856.0,-1252
2022-12-23 07:16:21,20,-10,3856.25,-1262
2022-12-23 07:16:22,1,1,3856.0,-1261
2022-12-23 07:16:23,8,3,3856.0,-1258
2022-12-23 07:16:29,16,-11,3855.75,-1269
2022-12-23 07:16:30,1,-1,3855.75,-1270
2022-12-23 07:16:31,1,-1,3855.75,-1271
2022-12-23 07:16:32,11,-5,3855.75,-1276
2022-12-23 07:16:33,13,-4,3855.75,-1280
2022-12-23 07:16:34,11,-8,3855.5,-1288
2022-12-23 07:16:35,1,-1,3855.25,-1289
2022-12-23 07:16:36,3,-2,3855.25,-1291
2022-12-23 07:16:37,1,1,3855.25,-1290
2022-12-23 07:16:38,1,1,3855.25,-1289
2022-12-23 07:16:39,9,4,3855.25,-1285
2022-12-23 07:16:42,1,-1,3855.0,-1286
2022-12-23 07:16:43,3,-1,3855.5,-1287
2022-12-23 07:16:44,2,2,3855.25,-1285
2022-12-23 07:16:49,1,1,3855.5,-1284
2022-12-23 07:16:51,4,4,3855.5,-1280
2022-12-23 07:16:52,2,2,3855.5,-1278
2022-12-23 07:16:55,5,5,3855.75,-1273
2022-12-23 07:16:57,7,-5,3855.75,-1278
2022-12-23 07:16:59,1,-1,3855.75,-1279
2022-12-23 07:17:00,2,-2,3855.75,-1281
2022-12-23 07:17:01,2,3,3856.0,-1278
2022-12-23 07:17:02,8,-3,3855.75,-1281
2022-12-23 07:17:05,3,3,3855.75,-1278
2022-12-23 07:17:07,1,1,3855.75,-1277
2022-12-23 07:17:08,3,3,3855.75,-1274
2022-12-23 07:17:09,1,1,3855.75,-1273
2022-12-23 07:17:12,7,5,3856.0,-1268
2022-12-23 07:17:15,3,-3,3855.75,-1271
2022-12-23 07:17:28,1,1,3856.0,-1270
2022-12-23 07:17:30,1,-1,3855.75,-1271
2022-12-23 07:17:32,14,0,3856.0,-1271
2022-12-23 07:17:44,1,-1,3855.75,-1272
2022-12-23 07:17:46,1,1,3856.0,-1271
2022-12-23 07:17:48,1,1,3856.0,-1270
2022-12-23 07:17:49,21,-14,3855.75,-1284
2022-12-23 07:17:50,1,1,3855.75,-1283
2022-12-23 07:17:52,7,7,3855.75,-1276
2022-12-23 07:17:56,24,-4,3856.0,-1280
2022-12-23 07:17:58,3,1,3856.0,-1279
2022-12-23 07:18:02,3,-3,3856.0,-1282
2022-12-23 07:18:04,1,1,3856.0,-1281
2022-12-23 07:18:05,2,2,3856.0,-1279
2022-12-23 07:18:06,2,-2,3856.0,-1281
2022-12-23 07:18:08,2,0,3856.0,-1281
2022-12-23 07:18:14,13,3,3856.0,-1278
2022-12-23 07:18:16,1,-1,3855.75,-1279
2022-12-23 07:18:25,14,3,3856.0,-1276
2022-12-23 07:18:26,4,-4,3855.75,-1280
2022-12-23 07:18:29,5,5,3856.0,-1275
2022-12-23 07:18:30,9,-4,3856.0,-1279
2022-12-23 07:18:36,1,1,3856.0,-1278
2022-12-23 07:18:37,5,5,3856.0,-1273
2022-12-23 07:18:38,2,0,3856.0,-1273
2022-12-23 07:18:39,1,-1,3856.0,-1274
2022-12-23 07:18:43,12,-10,3856.0,-1284
2022-12-23 07:18:45,2,1,3856.0,-1283
2022-12-23 07:18:47,8,4,3856.25,-1279
2022-12-23 07:18:48,2,-2,3856.0,-1281
2022-12-23 07:18:49,2,2,3856.25,-1279
2022-12-23 07:18:50,1,-1,3856.0,-1280
2022-12-23 07:18:54,19,-9,3856.0,-1289
2022-12-23 07:18:55,6,-3,3855.75,-1292
2022-12-23 07:18:58,1,-1,3855.75,-1293
2022-12-23 07:19:00,10,4,3856.0,-1289
2022-12-23 07:19:05,1,-1,3855.75,-1290
2022-12-23 07:19:06,13,6,3856.0,-1284
2022-12-23 07:19:11,1,-1,3856.0,-1285
2022-12-23 07:19:13,1,-1,3856.0,-1286
2022-12-23 07:19:14,4,-4,3856.0,-1290
2022-12-23 07:19:20,7,7,3856.0,-1283
2022-12-23 07:19:21,1,1,3856.0,-1282
2022-12-23 07:19:23,13,-11,3855.75,-1293
2022-12-23 07:19:24,1,1,3855.75,-1292
2022-12-23 07:19:27,10,-9,3855.5,-1301
2022-12-23 07:19:29,7,6,3855.75,-1295
2022-12-23 07:19:30,1,-1,3855.5,-1296
2022-12-23 07:19:31,1,1,3855.75,-1295
2022-12-23 07:19:40,13,-13,3855.5,-1308
2022-12-23 07:19:41,2,-2,3855.25,-1310
2022-12-23 07:19:42,1,-1,3855.25,-1311
2022-12-23 07:19:43,2,0,3855.5,-1311
2022-12-23 07:19:46,22,-2,3855.5,-1313
2022-12-23 07:19:49,3,3,3855.75,-1310
2022-12-23 07:19:50,15,15,3856.0,-1295
2022-12-23 07:19:52,11,7,3856.25,-1288
2022-12-23 07:19:53,14,-5,3856.0,-1293
2022-12-23 07:19:55,1,-1,3856.0,-1294
2022-12-23 07:19:57,1,-1,3856.0,-1295
2022-12-23 07:20:01,2,-2,3856.0,-1297
2022-12-23 07:20:02,1,-1,3856.0,-1298
2022-12-23 07:20:04,1,-1,3856.0,-1299
2022-12-23 07:20:05,20,9,3856.25,-1290
2022-12-23 07:20:06,11,7,3856.5,-1283
2022-12-23 07:20:07,29,8,3857.0,-1275
2022-12-23 07:20:08,11,-1,3856.5,-1276
2022-12-23 07:20:09,8,0,3856.5,-1276
2022-12-23 07:20:10,10,-13,3856.5,-1289
2022-12-23 07:20:15,2,2,3856.5,-1287
2022-12-23 07:20:17,21,15,3856.75,-1272
2022-12-23 07:20:20,6,6,3856.75,-1266
2022-12-23 07:20:21,1,1,3856.75,-1265
2022-12-23 07:20:22,1,1,3856.75,-1264
2022-12-23 07:20:25,1,1,3856.75,-1263
2022-12-23 07:20:26,1,1,3856.75,-1262
2022-12-23 07:20:27,1,1,3856.75,-1261
2022-12-23 07:20:31,23,-3,3856.75,-1264
2022-12-23 07:20:33,5,3,3856.75,-1261
2022-12-23 07:20:37,1,1,3856.75,-1260
2022-12-23 07:20:38,2,1,3856.75,-1259
2022-12-23 07:20:39,46,29,3857.25,-1230
2022-12-23 07:20:40,15,-10,3857.25,-1240
2022-12-23 07:20:41,12,0,3857.25,-1240
2022-12-23 07:20:42,1,1,3857.5,-1239
2022-12-23 07:20:43,2,0,3857.5,-1239
2022-12-23 07:20:44,17,4,3857.5,-1235
2022-12-23 07:20:45,2,-2,3857.25,-1237
2022-12-23 07:20:46,5,1,3857.25,-1236
2022-12-23 07:20:47,6,0,3857.25,-1236
2022-12-23 07:20:48,1,1,3857.5,-1235
2022-12-23 07:20:50,6,2,3857.25,-1233
2022-12-23 07:20:51,1,1,3857.5,-1232
2022-12-23 07:20:52,24,21,3857.5,-1211
2022-12-23 07:20:53,19,-7,3857.75,-1218
2022-12-23 07:20:55,2,-2,3857.25,-1220
2022-12-23 07:21:01,13,-2,3857.5,-1222
2022-12-23 07:21:05,1,-1,3857.25,-1223
2022-12-23 07:21:06,1,1,3857.5,-1222
2022-12-23 07:21:08,36,-7,3857.5,-1229
2022-12-23 07:21:13,2,-2,3857.0,-1231
2022-12-23 07:21:16,2,-2,3857.0,-1233
2022-12-23 07:21:27,1,1,3857.25,-1232
2022-12-23 07:21:29,35,-9,3857.0,-1241
2022-12-23 07:21:32,1,-1,3857.0,-1242
2022-12-23 07:21:35,6,6,3857.25,-1236
2022-12-23 07:21:37,1,-1,3857.25,-1237
2022-12-23 07:21:47,33,14,3857.5,-1223
2022-12-23 07:21:48,1,1,3857.25,-1222
2022-12-23 07:21:50,7,6,3857.25,-1216
2022-12-23 07:21:51,1,-1,3857.25,-1217
2022-12-23 07:21:52,1,-1,3857.0,-1218
2022-12-23 07:21:53,1,1,3857.5,-1217
2022-12-23 07:21:55,2,2,3857.25,-1215
2022-12-23 07:21:57,1,1,3857.25,-1214
2022-12-23 07:22:00,1,1,3857.25,-1213
2022-12-23 07:22:02,5,4,3857.5,-1209
2022-12-23 07:22:03,7,7,3857.5,-1202
2022-12-23 07:22:04,7,-7,3857.5,-1209
2022-12-23 07:22:05,4,2,3857.5,-1207
2022-12-23 07:22:06,4,0,3857.5,-1207
2022-12-23 07:22:10,2,-2,3857.25,-1209
2022-12-23 07:22:14,13,-5,3857.25,-1214
2022-12-23 07:22:15,10,-8,3857.0,-1222
2022-12-23 07:22:16,13,4,3857.0,-1218
2022-12-23 07:22:17,4,2,3857.0,-1216
2022-12-23 07:22:19,2,2,3857.0,-1214
2022-12-23 07:22:20,4,4,3857.25,-1210
2022-12-23 07:22:23,2,2,3857.25,-1208
2022-12-23 07:22:28,2,2,3857.5,-1206
2022-12-23 07:22:37,1,1,3857.5,-1205
2022-12-23 07:22:38,6,6,3857.75,-1199
2022-12-23 07:22:41,1,1,3857.75,-1198
2022-12-23 07:22:50,20,14,3858.0,-1184
2022-12-23 07:22:56,3,1,3858.0,-1183
2022-12-23 07:22:57,59,12,3858.0,-1171
2022-12-23 07:22:59,1,-1,3857.5,-1172
2022-12-23 07:23:00,21,-14,3857.5,-1186
2022-12-23 07:23:03,11,-7,3857.25,-1193
2022-12-23 07:23:04,6,1,3857.25,-1192
2022-12-23 07:23:05,3,-3,3857.25,-1195
2022-12-23 07:23:06,2,0,3857.25,-1195
2022-12-23 07:23:08,2,0,3857.25,-1195
2022-12-23 07:23:11,1,-1,3857.25,-1196
2022-12-23 07:23:15,14,8,3857.5,-1188
2022-12-23 07:23:18,1,-1,3857.25,-1189
2022-12-23 07:23:21,8,6,3857.5,-1183
2022-12-23 07:23:26,19,-4,3857.5,-1187
2022-12-23 07:23:28,4,-4,3857.25,-1191
2022-12-23 07:23:29,2,2,3857.25,-1189
2022-12-23 07:23:30,10,8,3857.5,-1181
2022-12-23 07:23:31,2,0,3857.5,-1181
2022-12-23 07:23:32,7,1,3857.75,-1180
2022-12-23 07:23:35,20,-10,3857.75,-1190
2022-12-23 07:23:36,12,10,3857.75,-1180
2022-12-23 07:23:38,1,-1,3857.5,-1181
2022-12-23 07:23:39,1,-1,3857.5,-1182
2022-12-23 07:23:40,25,29,3857.75,-1153
2022-12-23 07:23:43,6,0,3857.5,-1153
2022-12-23 07:23:45,2,1,3857.75,-1152
2022-12-23 07:23:46,1,1,3857.75,-1151
2022-12-23 07:23:47,2,-2,3857.5,-1153
2022-12-23 07:23:52,4,4,3857.75,-1149
2022-12-23 07:23:56,3,-1,3857.75,-1150
2022-12-23 07:24:00,6,-6,3857.75,-1156
2022-12-23 07:24:02,20,-9,3858.0,-1165
2022-12-23 07:24:04,9,6,3858.0,-1159
2022-12-23 07:24:10,16,8,3858.25,-1151
2022-12-23 07:24:11,1,1,3858.25,-1150
2022-12-23 07:24:12,14,-4,3858.25,-1154
2022-12-23 07:24:13,3,-1,3858.25,-1155
2022-12-23 07:24:15,54,20,3858.5,-1135
2022-12-23 07:24:16,2,2,3858.5,-1133
2022-12-23 07:24:17,2,-2,3858.25,-1135
2022-12-23 07:24:19,2,2,3858.5,-1133
2022-12-23 07:24:20,1,1,3858.5,-1132
2022-12-23 07:24:21,4,4,3858.5,-1128
2022-12-23 07:24:22,17,-12,3858.25,-1140
2022-12-23 07:24:23,6,-4,3858.25,-1144
2022-12-23 07:24:24,3,-1,3858.25,-1145
2022-12-23 07:24:31,25,0,3858.0,-1145
2022-12-23 07:24:36,5,-2,3858.0,-1147
2022-12-23 07:24:40,11,3,3858.0,-1144
2022-12-23 07:24:41,1,-1,3858.0,-1145
2022-12-23 07:24:43,13,-3,3858.0,-1148
2022-12-23 07:24:44,9,-3,3858.0,-1151
2022-12-23 07:24:46,1,-1,3858.0,-1152
2022-12-23 07:24:47,1,1,3858.25,-1151
2022-12-23 07:24:48,1,1,3858.25,-1150
2022-12-23 07:24:49,15,11,3858.25,-1139
2022-12-23 07:24:51,3,-3,3858.0,-1142
2022-12-23 07:24:54,11,-8,3857.75,-1150
2022-12-23 07:24:55,3,3,3857.75,-1147
2022-12-23 07:24:56,1,1,3858.0,-1146
2022-12-23 07:24:57,2,2,3858.0,-1144
2022-12-23 07:25:00,16,-4,3857.75,-1148
2022-12-23 07:25:01,4,-3,3857.75,-1151
2022-12-23 07:25:02,4,-4,3857.5,-1155
2022-12-23 07:25:04,2,-2,3857.5,-1157
2022-12-23 07:25:05,2,0,3857.75,-1157
2022-12-23 07:25:06,7,1,3857.75,-1156
2022-12-23 07:25:08,9,-3,3857.5,-1159
2022-12-23 07:25:11,1,1,3857.5,-1158
2022-12-23 07:25:12,2,0,3857.75,-1158
2022-12-23 07:25:14,23,-9,3857.25,-1167
2022-12-23 07:25:15,3,-1,3857.5,-1168
2022-12-23 07:25:16,1,1,3857.25,-1167
2022-12-23 07:25:17,2,1,3857.5,-1166
2022-12-23 07:25:18,1,-1,3857.25,-1167
2022-12-23 07:25:22,1,-1,3857.25,-1168
2022-12-23 07:25:23,1,1,3857.25,-1167
2022-12-23 07:25:24,6,2,3857.5,-1165
2022-12-23 07:25:25,10,5,3857.5,-1160
2022-12-23 07:25:27,3,1,3857.5,-1159
2022-12-23 07:25:28,6,2,3857.25,-1157
2022-12-23 07:25:29,5,3,3857.25,-1154
2022-12-23 07:25:30,7,-2,3857.5,-1156
2022-12-23 07:25:31,5,-1,3857.25,-1157
2022-12-23 07:25:35,8,2,3857.25,-1155
2022-12-23 07:25:36,3,-3,3857.25,-1158
2022-12-23 07:25:38,3,-2,3857.0,-1160
2022-12-23 07:25:41,3,-3,3857.0,-1163
2022-12-23 07:25:42,27,-18,3857.0,-1181
2022-12-23 07:25:43,5,5,3857.25,-1176
2022-12-23 07:25:45,2,2,3857.25,-1174
2022-12-23 07:25:46,9,-3,3857.25,-1177
2022-12-23 07:25:47,6,-5,3857.0,-1182
2022-12-23 07:25:49,3,-1,3857.25,-1183
2022-12-23 07:25:54,3,-3,3857.0,-1186
2022-12-23 07:25:57,22,-6,3856.75,-1192
2022-12-23 07:25:58,46,-26,3856.5,-1218
2022-12-23 07:25:59,5,3,3856.75,-1215
2022-12-23 07:26:01,13,-4,3856.75,-1219
2022-12-23 07:26:02,11,-6,3856.75,-1225
2022-12-23 07:26:05,1,1,3857.0,-1224
2022-12-23 07:26:07,4,4,3857.0,-1220
2022-12-23 07:26:08,1,-1,3856.75,-1221
2022-12-23 07:26:11,4,3,3857.0,-1218
2022-12-23 07:26:12,1,1,3857.0,-1217
2022-12-23 07:26:15,1,1,3857.25,-1216
2022-12-23 07:26:18,1,1,3857.0,-1215
2022-12-23 07:26:24,15,-2,3856.75,-1217
2022-12-23 07:26:25,1,-1,3856.75,-1218
2022-12-23 07:26:29,8,-4,3857.0,-1222
2022-12-23 07:26:30,2,-1,3856.75,-1223
2022-12-23 07:26:31,3,1,3857.0,-1222
2022-12-23 07:26:33,1,-1,3856.5,-1223
2022-12-23 07:26:35,1,1,3856.75,-1222
2022-12-23 07:26:40,1,-1,3856.5,-1223
2022-12-23 07:26:43,1,-1,3856.5,-1224
2022-12-23 07:26:50,17,3,3856.75,-1221
2022-12-23 07:26:51,5,3,3857.0,-1218
2022-12-23 07:27:01,23,9,3857.25,-1209
2022-12-23 07:27:02,2,-1,3857.0,-1210
2022-12-23 07:27:05,3,-3,3857.0,-1213
2022-12-23 07:27:06,3,2,3857.0,-1211
2022-12-23 07:27:07,2,2,3857.0,-1209
2022-12-23 07:27:16,1,1,3857.0,-1208
2022-12-23 07:27:19,12,-9,3856.75,-1217
2022-12-23 07:27:23,11,1,3856.75,-1216
2022-12-23 07:27:28,2,0,3856.75,-1216
2022-12-23 07:27:33,6,4,3857.0,-1212
2022-12-23 07:27:35,9,-9,3856.75,-1221
2022-12-23 07:27:36,2,2,3856.75,-1219
2022-12-23 07:27:39,3,3,3856.75,-1216
2022-12-23 07:27:42,4,-4,3856.75,-1220
2022-12-23 07:27:43,1,-1,3856.5,-1221
2022-12-23 07:27:44,7,1,3856.75,-1220
2022-12-23 07:27:47,1,1,3856.75,-1219
2022-12-23 07:27:50,1,-1,3856.5,-1220
2022-12-23 07:27:53,1,-1,3856.5,-1221
2022-12-23 07:27:55,9,0,3856.5,-1221
2022-12-23 07:27:58,1,-1,3856.5,-1222
2022-12-23 07:28:02,4,2,3856.75,-1220
2022-12-23 07:28:07,4,3,3856.75,-1217
2022-12-23 07:28:09,2,0,3856.75,-1217
2022-12-23 07:28:10,1,1,3856.75,-1216
2022-12-23 07:28:13,1,-1,3856.75,-1217
2022-12-23 07:28:17,1,-1,3856.75,-1218
2022-12-23 07:28:18,1,1,3857.0,-1217
2022-12-23 07:28:19,2,0,3857.0,-1217
2022-12-23 07:28:22,9,-8,3856.75,-1225
2022-12-23 07:28:23,8,5,3856.75,-1220
2022-12-23 07:28:24,10,-8,3856.5,-1228
2022-12-23 07:28:29,17,-8,3856.5,-1236
2022-12-23 07:28:30,1,-1,3856.5,-1237
2022-12-23 07:28:32,4,4,3856.75,-1233
2022-12-23 07:28:34,1,1,3856.75,-1232
2022-12-23 07:28:35,2,-2,3856.5,-1234
2022-12-23 07:28:37,4,2,3856.75,-1232
2022-12-23 07:28:41,3,-3,3856.5,-1235
2022-12-23 07:28:45,13,3,3856.75,-1232
2022-12-23 07:28:55,2,0,3856.75,-1232
2022-12-23 07:29:01,1,1,3856.75,-1231
2022-12-23 07:29:02,8,2,3856.75,-1229
2022-12-23 07:29:05,12,4,3856.75,-1225
2022-12-23 07:29:07,16,0,3856.5,-1225
2022-12-23 07:29:08,28,-2,3856.75,-1227
2022-12-23 07:29:16,13,11,3856.75,-1216
2022-12-23 07:29:19,4,-4,3856.75,-1220
2022-12-23 07:29:20,6,-4,3856.5,-1224
2022-12-23 07:29:24,1,1,3856.75,-1223
2022-12-23 07:29:25,15,8,3857.0,-1215
2022-12-23 07:29:29,7,1,3857.25,-1214
2022-12-23 07:29:37,10,-7,3857.0,-1221
2022-12-23 07:29:40,7,7,3857.5,-1214
2022-12-23 07:29:44,40,16,3857.75,-1198
2022-12-23 07:29:45,2,-2,3857.5,-1200
2022-12-23 07:29:46,2,2,3857.75,-1198
2022-12-23 07:29:47,3,2,3857.75,-1196
2022-12-23 07:29:48,1,1,3858.0,-1195
2022-12-23 07:29:52,11,8,3858.0,-1187
2022-12-23 07:29:55,1,-1,3858.0,-1188
2022-12-23 07:29:56,16,-6,3858.0,-1194
2022-12-23 07:29:57,3,1,3858.25,-1193
2022-12-23 07:29:58,1,1,3858.0,-1192
2022-12-23 07:29:59,6,-6,3857.75,-1198
2022-12-23 07:30:00,23,12,3858.25,-1186
2022-12-23 07:30:01,7,-7,3858.0,-1193
2022-12-23 07:30:02,6,0,3858.0,-1193
2022-12-23 07:30:03,10,9,3858.25,-1184
2022-12-23 07:30:04,15,12,3858.25,-1172
2022-12-23 07:30:05,2,0,3858.25,-1172
2022-12-23 07:30:07,3,1,3858.25,-1171
2022-12-23 07:30:08,1,-1,3858.25,-1172
2022-12-23 07:30:09,6,-2,3858.0,-1174
2022-12-23 07:30:10,1,-1,3858.0,-1175
2022-12-23 07:30:11,13,10,3858.25,-1165
2022-12-23 07:30:12,7,3,3858.25,-1162
2022-12-23 07:30:15,2,2,3858.25,-1160
2022-12-23 07:30:16,11,5,3858.25,-1155
2022-12-23 07:30:17,10,-5,3858.5,-1160
2022-12-23 07:30:20,2,2,3858.25,-1158
2022-12-23 07:30:21,1,1,3858.25,-1157
2022-12-23 07:30:22,33,-15,3858.25,-1172
2022-12-23 07:30:26,12,-9,3858.0,-1181
2022-12-23 07:30:27,9,-9,3858.0,-1190
2022-12-23 07:30:28,10,-8,3857.75,-1198
2022-12-23 07:30:29,1,1,3857.75,-1197
2022-12-23 07:30:32,3,-2,3857.5,-1199
2022-12-23 07:30:34,8,4,3857.75,-1195
2022-12-23 07:30:35,6,5,3858.0,-1190
2022-12-23 07:30:37,5,-2,3858.0,-1192
2022-12-23 07:30:40,8,-1,3857.5,-1193
2022-12-23 07:30:41,2,-2,3857.5,-1195
2022-12-23 07:30:44,2,2,3857.75,-1193
2022-12-23 07:30:45,10,17,3857.75,-1176
2022-12-23 07:30:47,2,1,3857.75,-1175
2022-12-23 07:30:48,4,-4,3857.5,-1179
2022-12-23 07:30:50,14,-13,3857.25,-1192
2022-12-23 07:30:51,1,1,3857.0,-1191
2022-12-23 07:30:52,1,-1,3856.75,-1192
2022-12-23 07:30:53,2,0,3857.0,-1192
2022-12-23 07:30:56,2,-2,3856.75,-1194
2022-12-23 07:30:57,1,1,3857.0,-1193
2022-12-23 07:31:00,2,0,3857.0,-1193
2022-12-23 07:31:01,9,1,3857.0,-1192
2022-12-23 07:31:04,4,-4,3857.0,-1196
2022-12-23 07:31:05,2,2,3857.25,-1194
2022-12-23 07:31:06,2,-2,3857.25,-1196
2022-12-23 07:31:07,5,3,3857.5,-1193
2022-12-23 07:31:09,2,2,3857.5,-1191
2022-12-23 07:31:11,2,2,3857.5,-1189
2022-12-23 07:31:14,1,1,3857.5,-1188
2022-12-23 07:31:18,1,1,3857.5,-1187
2022-12-23 07:31:22,2,2,3857.5,-1185
2022-12-23 07:31:24,1,1,3857.5,-1184
2022-12-23 07:31:27,5,-4,3857.25,-1188
2022-12-23 07:31:28,5,4,3857.25,-1184
2022-12-23 07:31:32,1,-1,3857.25,-1185
2022-12-23 07:31:38,3,3,3857.5,-1182
2022-12-23 07:31:39,11,10,3857.75,-1172
2022-12-23 07:31:40,9,-1,3858.0,-1173
2022-12-23 07:31:41,1,1,3858.0,-1172
2022-12-23 07:31:42,4,3,3858.0,-1169
2022-12-23 07:31:43,4,-4,3858.0,-1173
2022-12-23 07:31:44,3,-3,3857.75,-1176
2022-12-23 07:31:48,8,-7,3857.75,-1183
2022-12-23 07:31:50,3,3,3858.0,-1180
2022-12-23 07:31:53,2,2,3858.25,-1178
2022-12-23 07:31:59,1,-1,3858.0,-1179
2022-12-23 07:32:03,17,-18,3858.0,-1197
2022-12-23 07:32:06,34,7,3858.0,-1190
2022-12-23 07:32:08,1,1,3858.0,-1189
2022-12-23 07:32:09,1,1,3858.0,-1188
2022-12-23 07:32:12,1,-1,3857.75,-1189
2022-12-23 07:32:20,1,1,3858.0,-1188
2022-12-23 07:32:23,1,1,3858.0,-1187
2022-12-23 07:32:26,6,6,3858.0,-1181
2022-12-23 07:32:33,1,1,3858.25,-1180
2022-12-23 07:32:34,1,-1,3858.0,-1181
2022-12-23 07:32:37,1,1,3858.25,-1180
2022-12-23 07:32:38,18,1,3858.25,-1179
2022-12-23 07:32:39,8,7,3858.25,-1172
2022-12-23 07:32:40,3,3,3858.5,-1169
2022-12-23 07:32:42,1,1,3858.5,-1168
2022-12-23 07:32:44,2,2,3858.5,-1166
2022-12-23 07:32:51,43,11,3858.5,-1155
2022-12-23 07:32:52,4,0,3858.5,-1155
2022-12-23 07:32:53,1,1,3858.5,-1154
2022-12-23 07:32:54,3,3,3858.5,-1151
2022-12-23 07:32:55,13,11,3858.75,-1140
2022-12-23 07:32:56,2,0,3858.75,-1140
2022-12-23 07:32:57,1,1,3858.75,-1139
2022-12-23 07:32:59,126,33,3859.0,-1106
2022-12-23 07:33:00,19,5,3859.25,-1101
2022-12-23 07:33:01,5,1,3859.25,-1100
2022-12-23 07:33:02,29,-16,3859.25,-1116
2022-12-23 07:33:03,35,-5,3859.0,-1121
2022-12-23 07:33:04,4,-4,3858.75,-1125
2022-12-23 07:33:05,3,-2,3858.75,-1127
2022-12-23 07:33:06,1,1,3859.0,-1126
2022-12-23 07:33:08,1,1,3859.0,-1125
2022-12-23 07:33:10,1,1,3859.0,-1124
2022-12-23 07:33:14,1,1,3859.0,-1123
2022-12-23 07:33:16,1,1,3859.0,-1122
2022-12-23 07:33:17,23,-2,3858.75,-1124
2022-12-23 07:33:18,2,0,3858.75,-1124
2022-12-23 07:33:20,4,3,3858.75,-1121
2022-12-23 07:33:21,11,-7,3858.75,-1128
2022-12-23 07:33:23,3,-2,3858.5,-1130
2022-12-23 07:33:27,1,-1,3858.5,-1131
2022-12-23 07:33:28,1,-1,3858.5,-1132
2022-12-23 07:33:30,18,-15,3858.5,-1147
2022-12-23 07:33:31,20,5,3858.75,-1142
2022-12-23 07:33:33,3,3,3858.5,-1139
2022-12-23 07:33:34,6,-2,3858.75,-1141
2022-12-23 07:33:35,2,-2,3858.25,-1143
2022-12-23 07:33:36,15,-13,3858.25,-1156
2022-12-23 07:33:37,4,-4,3858.0,-1160
2022-12-23 07:33:40,2,0,3858.25,-1160
2022-12-23 07:33:41,2,2,3858.25,-1158
2022-12-23 07:33:42,1,1,3858.25,-1157
2022-12-23 07:33:43,1,1,3858.25,-1156
2022-12-23 07:33:56,50,9,3858.5,-1147
2022-12-23 07:33:57,2,2,3858.25,-1145
2022-12-23 07:33:59,8,-6,3858.25,-1151
2022-12-23 07:34:00,5,3,3858.25,-1148
2022-12-23 07:34:01,4,0,3858.5,-1148
2022-12-23 07:34:03,16,3,3858.5,-1145
2022-12-23 07:34:04,2,2,3858.5,-1143
2022-12-23 07:34:06,1,-1,3858.5,-1144
2022-12-23 07:34:07,21,6,3858.75,-1138
2022-12-23 07:34:08,4,-4,3858.5,-1142
2022-12-23 07:34:11,1,1,3858.5,-1141
2022-12-23 07:34:12,1,1,3858.5,-1140
2022-12-23 07:34:16,4,4,3858.5,-1136
2022-12-23 07:34:19,8,-7,3858.5,-1143
2022-12-23 07:34:20,2,2,3858.5,-1141
2022-12-23 07:34:24,2,-1,3858.5,-1142
2022-12-23 07:34:25,3,-2,3858.5,-1144
2022-12-23 07:34:32,9,3,3858.5,-1141
2022-12-23 07:34:34,1,1,3858.75,-1140
2022-12-23 07:34:41,9,7,3858.75,-1133
2022-12-23 07:34:42,2,2,3858.75,-1131
2022-12-23 07:34:44,6,5,3858.75,-1126
2022-12-23 07:34:47,9,-5,3858.75,-1131
2022-12-23 07:34:48,2,2,3858.75,-1129
2022-12-23 07:34:49,2,-3,3858.75,-1132
2022-12-23 07:34:50,7,-5,3858.5,-1137
2022-12-23 07:34:58,23,-3,3858.5,-1140
2022-12-23 07:35:01,21,-14,3858.25,-1154
2022-12-23 07:35:03,6,5,3858.25,-1149
2022-12-23 07:35:08,1,-1,3858.0,-1150
2022-12-23 07:35:09,41,-12,3858.0,-1162
2022-12-23 07:35:16,18,-1,3857.75,-1163
2022-12-23 07:35:21,2,0,3858.0,-1163
2022-12-23 07:35:22,1,1,3858.0,-1162
2022-12-23 07:35:25,13,12,3858.0,-1150
2022-12-23 07:35:29,80,-84,3857.75,-1234
2022-12-23 07:35:31,5,-3,3857.75,-1237
2022-12-23 07:35:33,1,-1,3857.75,-1238
2022-12-23 07:35:43,1,-1,3857.75,-1239
2022-12-23 07:35:44,1,1,3858.0,-1238
2022-12-23 07:35:58,1,1,3858.0,-1237
2022-12-23 07:36:01,1,-1,3857.75,-1238
2022-12-23 07:36:02,86,-10,3858.0,-1248
2022-12-23 07:36:03,6,4,3858.0,-1244
2022-12-23 07:36:10,8,5,3858.25,-1239
2022-12-23 07:36:15,1,-1,3858.0,-1240
2022-12-23 07:36:17,18,-12,3858.0,-1252
2022-12-23 07:36:18,12,-3,3858.0,-1255
2022-12-23 07:36:28,1,1,3858.0,-1254
2022-12-23 07:36:29,21,6,3858.0,-1248
2022-12-23 07:36:31,3,3,3858.25,-1245
2022-12-23 07:36:35,1,1,3858.25,-1244
2022-12-23 07:36:36,10,-7,3858.0,-1251
2022-12-23 07:36:37,5,-5,3857.75,-1256
2022-12-23 07:36:42,5,-5,3857.5,-1261
2022-12-23 07:36:43,14,10,3857.5,-1251
2022-12-23 07:36:44,1,-1,3857.5,-1252
2022-12-23 07:36:45,32,-5,3857.5,-1257
2022-12-23 07:36:48,2,0,3857.75,-1257
2022-12-23 07:36:49,6,-2,3857.5,-1259
2022-12-23 07:36:52,26,-7,3857.25,-1266
2022-12-23 07:36:54,14,5,3857.25,-1261
2022-12-23 07:36:56,1,-1,3857.0,-1262
2022-12-23 07:36:58,4,-3,3857.0,-1265
2022-12-23 07:37:04,18,-11,3857.0,-1276
2022-12-23 07:37:05,2,2,3857.0,-1274
2022-12-23 07:37:11,2,-2,3856.75,-1276
2022-12-23 07:37:12,1,-1,3856.75,-1277
2022-12-23 07:37:13,1,-1,3856.75,-1278
2022-12-23 07:37:14,1,-1,3856.75,-1279
2022-12-23 07:37:19,3,-3,3856.75,-1282
2022-12-23 07:37:24,25,18,3857.0,-1264
2022-12-23 07:37:25,2,-2,3856.75,-1266
2022-12-23 07:37:31,47,-7,3857.25,-1273
2022-12-23 07:37:34,26,8,3857.0,-1265
2022-12-23 07:37:35,13,12,3857.25,-1253
2022-12-23 07:37:37,8,7,3857.25,-1246
2022-12-23 07:37:38,1,-1,3857.25,-1247
2022-12-23 07:37:40,26,-32,3857.25,-1279
2022-12-23 07:37:42,1,-1,3857.0,-1280
2022-12-23 07:37:43,228,-19,3857.25,-1299
2022-12-23 07:37:44,3,-1,3857.0,-1300
2022-12-23 07:37:45,15,11,3857.25,-1289
2022-12-23 07:37:48,66,58,3857.75,-1231
2022-12-23 07:37:51,53,-2,3858.0,-1233
2022-12-23 07:37:52,3,-2,3857.5,-1235
2022-12-23 07:37:54,5,4,3857.75,-1231
2022-12-23 07:37:56,2,2,3858.0,-1229
2022-12-23 07:37:57,2,-2,3857.75,-1231
2022-12-23 07:37:58,2,2,3858.0,-1229
2022-12-23 07:38:00,1,1,3858.0,-1228
2022-12-23 07:38:04,2,-2,3857.75,-1230
2022-12-23 07:38:06,1,1,3858.0,-1229
2022-12-23 07:38:09,2,2,3858.0,-1227
2022-12-23 07:38:12,4,-2,3857.75,-1229
2022-12-23 07:38:18,6,-6,3857.5,-1235
2022-12-23 07:38:20,1,1,3857.5,-1234
2022-12-23 07:38:21,9,6,3857.5,-1228
2022-12-23 07:38:22,1,-1,3857.5,-1229
2022-12-23 07:38:25,3,-1,3857.5,-1230
2022-12-23 07:38:31,239,-50,3857.5,-1280
2022-12-23 07:38:33,65,-24,3857.25,-1304
2022-12-23 07:38:35,3,-3,3856.75,-1307
2022-12-23 07:38:37,2,-2,3856.5,-1309
2022-12-23 07:38:38,9,7,3856.75,-1302
2022-12-23 07:38:39,7,-3,3857.0,-1305
2022-12-23 07:38:40,1,1,3856.75,-1304
2022-12-23 07:38:41,160,3,3856.75,-1301
2022-12-23 07:38:42,1,-1,3856.25,-1302
2022-12-23 07:38:43,4,-4,3856.25,-1306
2022-12-23 07:38:45,7,-7,3856.25,-1313
2022-12-23 07:38:46,1,-1,3856.25,-1314
2022-12-23 07:38:47,3,-1,3856.25,-1315
2022-12-23 07:38:48,6,-6,3856.0,-1321
2022-12-23 07:38:49,1,-1,3856.0,-1322
2022-12-23 07:38:50,34,-14,3856.0,-1336
2022-12-23 07:38:51,75,29,3856.25,-1307
2022-12-23 07:38:52,23,8,3856.25,-1299
2022-12-23 07:38:55,11,-8,3856.25,-1307
2022-12-23 07:38:58,2,0,3856.25,-1307
2022-12-23 07:38:59,1,-1,3856.0,-1308
2022-12-23 07:39:01,12,1,3856.25,-1307
2022-12-23 07:39:02,25,12,3856.25,-1295
2022-12-23 07:39:03,1,1,3856.25,-1294
2022-12-23 07:39:04,9,2,3856.25,-1292
2022-12-23 07:39:07,12,7,3856.25,-1285
2022-12-23 07:39:08,2,-2,3856.25,-1287
2022-12-23 07:39:09,3,-3,3856.25,-1290
2022-12-23 07:39:12,18,-13,3856.25,-1303
2022-12-23 07:39:13,20,9,3856.25,-1294
2022-12-23 07:39:15,12,10,3856.5,-1284
2022-12-23 07:39:16,17,-10,3856.5,-1294
2022-12-23 07:39:19,19,-1,3856.5,-1295
2022-12-23 07:39:20,12,-10,3856.25,-1305
2022-12-23 07:39:21,22,-3,3856.25,-1308
2022-12-23 07:39:24,42,-12,3856.0,-1320
2022-12-23 07:39:25,5,-2,3856.0,-1322
2022-12-23 07:39:27,7,-4,3856.0,-1326
2022-12-23 07:39:28,19,-2,3856.25,-1328
2022-12-23 07:39:30,1,1,3856.25,-1327
2022-12-23 07:39:31,20,7,3856.25,-1320
2022-12-23 07:39:35,1,1,3856.5,-1319
2022-12-23 07:39:37,1,-1,3856.25,-1320
2022-12-23 07:39:38,2,-2,3856.25,-1322
2022-12-23 07:39:39,1,-1,3856.25,-1323
2022-12-23 07:39:40,13,-6,3856.25,-1329
2022-12-23 07:39:42,68,-20,3856.0,-1349
2022-12-23 07:39:45,18,9,3856.25,-1340
2022-12-23 07:39:49,1,-1,3856.25,-1341
2022-12-23 07:39:55,4,3,3856.25,-1338
2022-12-23 07:39:57,23,-12,3856.25,-1350
2022-12-23 07:40:06,15,8,3856.25,-1342
2022-12-23 07:40:07,3,2,3856.25,-1340
2022-12-23 07:40:08,1,-1,3856.25,-1341
2022-12-23 07:40:09,2,0,3856.25,-1341
2022-12-23 07:40:14,69,-56,3856.25,-1397
2022-12-23 07:40:15,3,-3,3855.75,-1400
2022-12-23 07:40:17,1,1,3855.75,-1399
2022-12-23 07:40:19,14,4,3855.75,-1395
2022-12-23 07:40:20,7,1,3856.0,-1394
2022-12-23 07:40:23,6,-5,3855.75,-1399
2022-12-23 07:40:27,10,7,3856.0,-1392
2022-12-23 07:40:28,1,-1,3856.0,-1393
2022-12-23 07:40:30,2,2,3856.0,-1391
2022-12-23 07:40:35,12,-7,3855.75,-1398
2022-12-23 07:40:36,2,2,3855.75,-1396
2022-12-23 07:40:38,2,2,3856.0,-1394
2022-12-23 07:40:41,2,-2,3855.75,-1396
2022-12-23 07:40:43,1,1,3856.0,-1395
2022-12-23 07:40:44,1,-1,3855.75,-1396
2022-12-23 07:40:45,1,-1,3855.75,-1397
2022-12-23 07:40:46,6,6,3856.0,-1391
2022-12-23 07:40:49,1,1,3856.0,-1390
2022-12-23 07:41:01,3,3,3856.25,-1387
2022-12-23 07:41:02,22,7,3856.5,-1380
2022-12-23 07:41:03,16,0,3856.5,-1380
2022-12-23 07:41:05,19,9,3856.75,-1371
2022-12-23 07:41:06,2,2,3856.75,-1369
2022-12-23 07:41:07,11,9,3856.75,-1360
2022-12-23 07:41:09,2,0,3856.75,-1360
2022-12-23 07:41:11,8,8,3857.0,-1352
2022-12-23 07:41:12,2,-2,3856.75,-1354
2022-12-23 07:41:15,26,1,3857.0,-1353
2022-12-23 07:41:22,4,4,3856.75,-1349
2022-12-23 07:41:25,3,-3,3856.75,-1352
2022-12-23 07:41:26,9,9,3857.0,-1343
2022-12-23 07:41:29,8,-2,3856.75,-1345
2022-12-23 07:41:30,2,-2,3856.75,-1347
2022-12-23 07:41:31,3,2,3856.75,-1345
2022-12-23 07:41:38,1,1,3856.75,-1344
2022-12-23 07:41:42,9,-9,3856.5,-1353
2022-12-23 07:41:46,1,1,3856.5,-1352
2022-12-23 07:41:49,4,-2,3856.5,-1354
2022-12-23 07:41:56,14,-7,3856.25,-1361
2022-12-23 07:42:00,4,3,3856.25,-1358
2022-12-23 07:42:01,6,4,3856.25,-1354
2022-12-23 07:42:02,9,-1,3856.0,-1355
2022-12-23 07:42:03,11,3,3856.25,-1352
2022-12-23 07:42:06,2,-2,3856.0,-1354
2022-12-23 07:42:10,6,2,3856.25,-1352
2022-12-23 07:42:13,10,4,3856.5,-1348
2022-12-23 07:42:16,5,4,3856.75,-1344
2022-12-23 07:42:17,5,-5,3856.75,-1349
2022-12-23 07:42:20,1,-1,3856.75,-1350
2022-12-23 07:42:21,4,-4,3856.75,-1354
2022-12-23 07:42:22,1,1,3856.75,-1353
2022-12-23 07:42:23,2,2,3856.75,-1351
2022-12-23 07:42:26,1,-1,3856.75,-1352
2022-12-23 07:42:29,6,5,3857.0,-1347
2022-12-23 07:42:31,2,2,3857.0,-1345
2022-12-23 07:42:32,1,1,3857.0,-1344
2022-12-23 07:42:33,2,0,3857.0,-1344
2022-12-23 07:42:46,19,13,3857.25,-1331
2022-12-23 07:42:49,1,1,3857.25,-1330
2022-12-23 07:42:51,4,-4,3857.0,-1334
2022-12-23 07:42:52,2,0,3857.0,-1334
2022-12-23 07:42:57,2,2,3857.0,-1332
2022-12-23 07:42:59,1,1,3857.0,-1331
2022-12-23 07:43:03,1,1,3857.0,-1330
2022-12-23 07:43:05,216,19,3857.0,-1311
2022-12-23 07:43:06,7,3,3856.75,-1308
2022-12-23 07:43:08,1,1,3857.0,-1307
2022-12-23 07:43:09,41,-7,3856.75,-1314
2022-12-23 07:43:12,7,-4,3856.75,-1318
2022-12-23 07:43:13,3,-3,3856.75,-1321
2022-12-23 07:43:14,11,6,3856.75,-1315
2022-12-23 07:43:17,1,-1,3856.75,-1316
2022-12-23 07:43:18,1,-1,3856.75,-1317
2022-12-23 07:43:19,44,-17,3856.75,-1334
2022-12-23 07:43:22,24,-16,3856.25,-1350
2022-12-23 07:43:25,44,2,3856.25,-1348
2022-12-23 07:43:27,3,0,3856.25,-1348
2022-12-23 07:43:28,1,1,3856.25,-1347
2022-12-23 07:43:34,2,2,3856.25,-1345
2022-12-23 07:43:36,12,-5,3856.25,-1350
2022-12-23 07:43:41,1,-1,3856.25,-1351
2022-12-23 07:43:43,20,-3,3856.5,-1354
2022-12-23 07:43:45,43,17,3856.75,-1337
2022-12-23 07:43:46,89,-11,3857.0,-1348
2022-12-23 07:43:49,6,-4,3856.5,-1352
2022-12-23 07:43:50,9,5,3856.75,-1347
2022-12-23 07:43:55,6,1,3856.75,-1346
2022-12-23 07:43:58,12,2,3856.75,-1344
2022-12-23 07:43:59,19,-9,3857.0,-1353
2022-12-23 07:44:00,3,-1,3856.75,-1354
2022-12-23 07:44:01,4,0,3856.75,-1354
2022-12-23 07:44:02,37,-3,3856.75,-1357
2022-12-23 07:44:04,30,-5,3856.25,-1362
2022-12-23 07:44:06,5,-5,3856.25,-1367
2022-12-23 07:44:08,1,1,3856.25,-1366
2022-12-23 07:44:12,11,-9,3856.0,-1375
2022-12-23 07:44:14,2,0,3856.0,-1375
2022-12-23 07:44:16,6,4,3856.0,-1371
2022-12-23 07:44:17,1,1,3856.0,-1370
2022-12-23 07:44:18,4,-4,3855.75,-1374
2022-12-23 07:44:19,8,3,3855.75,-1371
2022-12-23 07:44:21,10,8,3856.0,-1363
2022-12-23 07:44:23,7,-4,3856.0,-1367
2022-12-23 07:44:29,4,2,3856.0,-1365
2022-12-23 07:44:30,1,1,3856.25,-1364
2022-12-23 07:44:37,15,-9,3856.0,-1373
2022-12-23 07:44:40,8,1,3856.0,-1372
2022-12-23 07:44:45,7,-2,3856.0,-1374
2022-12-23 07:44:46,1,-1,3856.0,-1375
2022-12-23 07:44:54,18,2,3855.75,-1373
2022-12-23 07:44:57,30,9,3856.0,-1364
2022-12-23 07:44:59,16,-4,3855.75,-1368
2022-12-23 07:45:00,7,5,3856.0,-1363
2022-12-23 07:45:04,2,1,3856.0,-1362
2022-12-23 07:45:09,10,-2,3856.0,-1364
2022-12-23 07:45:12,1,1,3856.25,-1363
2022-12-23 07:45:14,1,-1,3856.0,-1364
2022-12-23 07:45:18,32,-3,3856.25,-1367
2022-12-23 07:45:19,3,-3,3856.25,-1370
2022-12-23 07:45:20,18,-2,3856.25,-1372
2022-12-23 07:45:22,26,-5,3856.25,-1377
2022-12-23 07:45:23,12,-7,3856.0,-1384
2022-12-23 07:45:24,1,-1,3856.0,-1385
2022-12-23 07:45:29,9,6,3856.25,-1379
2022-12-23 07:45:30,4,2,3856.25,-1377
2022-12-23 07:45:32,8,6,3856.25,-1371
2022-12-23 07:45:33,1,1,3856.5,-1370
2022-12-23 07:45:34,1,-1,3856.25,-1371
2022-12-23 07:45:35,1,-1,3856.25,-1372
2022-12-23 07:45:37,4,2,3856.25,-1370
2022-12-23 07:45:38,1,-1,3856.25,-1371
2022-12-23 07:45:39,11,11,3856.5,-1360
2022-12-23 07:45:40,40,15,3856.5,-1345
2022-12-23 07:45:42,9,7,3856.75,-1338
2022-12-23 07:45:44,31,-15,3856.75,-1353
2022-12-23 07:45:45,11,-4,3856.75,-1357
2022-12-23 07:45:46,5,2,3856.75,-1355
2022-12-23 07:45:47,7,0,3857.0,-1355
2022-12-23 07:45:51,11,10,3857.0,-1345
2022-12-23 07:45:52,1,-1,3856.75,-1346
2022-12-23 07:45:53,3,3,3857.0,-1343
2022-12-23 07:45:55,10,9,3857.0,-1334
2022-12-23 07:45:57,6,3,3857.0,-1331
2022-12-23 07:45:58,5,-3,3857.0,-1334
2022-12-23 07:46:00,82,34,3857.5,-1300
2022-12-23 07:46:01,13,-1,3857.75,-1301
2022-12-23 07:46:02,6,2,3857.75,-1299
2022-12-23 07:46:03,7,-4,3857.75,-1303
2022-12-23 07:46:04,4,2,3857.75,-1301
2022-12-23 07:46:06,11,-1,3857.5,-1302
2022-12-23 07:46:10,16,-9,3857.5,-1311
2022-12-23 07:46:14,29,-11,3857.5,-1322
2022-12-23 07:46:15,1,1,3857.5,-1321
2022-12-23 07:46:16,3,-4,3857.25,-1325
2022-12-23 07:46:17,2,-2,3857.0,-1327
2022-12-23 07:46:18,4,2,3857.0,-1325
2022-12-23 07:46:24,1,1,3857.25,-1324
2022-12-23 07:46:34,6,-6,3857.0,-1330
2022-12-23 07:46:35,6,-2,3857.0,-1332
2022-12-23 07:46:38,13,-11,3856.75,-1343
2022-12-23 07:46:39,3,3,3856.75,-1340
2022-12-23 07:46:40,4,-4,3856.75,-1344
2022-12-23 07:46:41,10,5,3856.75,-1339
2022-12-23 07:46:44,1,1,3856.75,-1338
2022-12-23 07:46:46,2,2,3856.75,-1336
2022-12-23 07:46:49,1,-1,3856.5,-1337
2022-12-23 07:46:52,24,-8,3856.5,-1345
2022-12-23 07:46:53,5,4,3856.75,-1341
2022-12-23 07:46:56,14,-5,3856.75,-1346
2022-12-23 07:46:57,13,-6,3857.0,-1352
2022-12-23 07:46:58,11,2,3856.75,-1350
2022-12-23 07:47:01,17,-11,3856.75,-1361
2022-12-23 07:47:04,1,1,3857.0,-1360
2022-12-23 07:47:05,26,-10,3856.75,-1370
2022-12-23 07:47:07,19,13,3856.75,-1357
2022-12-23 07:47:11,1,-1,3856.75,-1358
2022-12-23 07:47:14,2,2,3857.0,-1356
2022-12-23 07:47:20,21,-9,3857.0,-1365
2022-12-23 07:47:22,2,-2,3856.5,-1367
2022-12-23 07:47:24,1,1,3856.75,-1366
2022-12-23 07:47:26,21,-18,3856.5,-1384
2022-12-23 07:47:27,5,-3,3856.25,-1387
2022-12-23 07:47:29,5,1,3856.5,-1386
2022-12-23 07:47:30,17,-3,3856.5,-1389
2022-12-23 07:47:31,7,-1,3856.5,-1390
2022-12-23 07:47:33,8,6,3856.5,-1384
2022-12-23 07:47:41,39,12,3856.75,-1372
2022-12-23 07:47:44,31,7,3856.75,-1365
2022-12-23 07:47:46,4,-4,3856.75,-1369
2022-12-23 07:47:51,8,1,3856.75,-1368
2022-12-23 07:47:52,1,1,3856.75,-1367
2022-12-23 07:47:59,12,12,3857.0,-1355
2022-12-23 07:48:00,22,12,3857.0,-1343
2022-12-23 07:48:03,10,-8,3856.75,-1351
2022-12-23 07:48:11,2,-1,3856.75,-1352
2022-12-23 07:48:21,4,2,3857.0,-1350
2022-12-23 07:48:23,12,7,3857.0,-1343
2022-12-23 07:48:27,9,0,3857.0,-1343
2022-12-23 07:48:28,23,-1,3857.25,-1344
2022-12-23 07:48:29,1,1,3857.0,-1343
2022-12-23 07:48:30,2,0,3857.25,-1343
2022-12-23 07:48:33,3,1,3857.25,-1342
2022-12-23 07:48:34,18,3,3857.5,-1339
2022-12-23 07:48:35,19,3,3857.75,-1336
2022-12-23 07:48:36,17,-6,3857.5,-1342
2022-12-23 07:48:37,2,-2,3857.25,-1344
2022-12-23 07:48:40,8,-3,3857.25,-1347
2022-12-23 07:48:42,8,-4,3857.25,-1351
2022-12-23 07:48:45,9,7,3857.5,-1344
2022-12-23 07:48:46,7,6,3857.75,-1338
2022-12-23 07:48:47,35,-38,3857.75,-1376
2022-12-23 07:48:49,3,-2,3857.5,-1378
2022-12-23 07:48:50,2,2,3857.5,-1376
2022-12-23 07:48:51,1,1,3857.5,-1375
2022-12-23 07:48:52,1,1,3857.5,-1374
2022-12-23 07:48:53,1,-1,3857.25,-1375
2022-12-23 07:48:56,1,1,3857.5,-1374
2022-12-23 07:48:59,8,-6,3857.25,-1380
2022-12-23 07:49:00,6,5,3857.25,-1375
2022-12-23 07:49:20,5,-5,3857.25,-1380
2022-12-23 07:49:21,1,-1,3857.25,-1381
2022-12-23 07:49:22,1,1,3857.25,-1380
2022-12-23 07:49:23,4,-3,3857.25,-1383
2022-12-23 07:49:24,3,-2,3857.25,-1385
2022-12-23 07:49:27,1,1,3857.25,-1384
2022-12-23 07:49:43,19,9,3857.75,-1375
2022-12-23 07:49:45,7,6,3857.75,-1369
2022-12-23 07:49:47,17,-3,3858.0,-1372
2022-12-23 07:49:48,2,-2,3857.75,-1374
2022-12-23 07:49:51,2,2,3857.75,-1372
2022-12-23 07:49:52,13,-9,3857.5,-1381
2022-12-23 07:49:54,39,24,3857.75,-1357
2022-12-23 07:49:55,4,3,3857.75,-1354
2022-12-23 07:50:00,24,-17,3857.75,-1371
2022-12-23 07:50:01,1,1,3857.5,-1370
2022-12-23 07:50:04,8,-7,3857.25,-1377
2022-12-23 07:50:07,1,-1,3857.25,-1378
2022-12-23 07:50:08,1,-1,3857.25,-1379
2022-12-23 07:50:13,1,1,3857.5,-1378
2022-12-23 07:50:18,2,-2,3857.25,-1380
2022-12-23 07:50:19,11,-3,3857.25,-1383
2022-12-23 07:50:25,8,-5,3857.25,-1388
2022-12-23 07:50:26,4,4,3857.25,-1384
2022-12-23 07:50:27,1,-1,3857.25,-1385
2022-12-23 07:50:30,4,1,3857.25,-1384
2022-12-23 07:50:34,1,-1,3857.0,-1385
2022-12-23 07:50:35,6,-4,3857.25,-1389
2022-12-23 07:50:36,5,3,3857.0,-1386
2022-12-23 07:50:38,1,-1,3857.0,-1387
2022-12-23 07:50:42,7,2,3857.25,-1385
2022-12-23 07:50:43,1,1,3857.25,-1384
2022-12-23 07:50:54,12,9,3857.75,-1375
2022-12-23 07:50:56,1,1,3857.75,-1374
2022-12-23 07:50:57,10,-8,3857.75,-1382
2022-12-23 07:51:01,9,-2,3857.75,-1384
2022-12-23 07:51:03,1,1,3857.75,-1383
2022-12-23 07:51:06,4,4,3857.75,-1379
2022-12-23 07:51:08,1,1,3858.0,-1378
2022-12-23 07:51:09,2,2,3858.0,-1376
2022-12-23 07:51:12,3,3,3858.0,-1373
2022-12-23 07:51:13,11,4,3858.0,-1369
2022-12-23 07:51:17,1,1,3858.0,-1368
2022-12-23 07:51:18,3,2,3858.0,-1366
2022-12-23 07:51:23,7,-6,3858.0,-1372
2022-12-23 07:51:24,2,0,3858.0,-1372
2022-12-23 07:51:27,32,7,3858.25,-1365
2022-12-23 07:51:29,57,-9,3858.25,-1374
2022-12-23 07:51:30,6,-4,3858.25,-1378
2022-12-23 07:51:31,7,7,3858.25,-1371
2022-12-23 07:51:33,4,3,3858.5,-1368
2022-12-23 07:51:35,18,-10,3858.25,-1378
2022-12-23 07:51:37,6,5,3858.25,-1373
2022-12-23 07:51:39,1,1,3858.25,-1372
2022-12-23 07:51:40,14,-4,3858.25,-1376
2022-12-23 07:51:41,29,-10,3858.0,-1386
2022-12-23 07:51:45,4,4,3858.0,-1382
2022-12-23 07:51:50,14,-5,3857.75,-1387
2022-12-23 07:51:51,3,2,3857.75,-1385
2022-12-23 07:51:52,3,-3,3857.5,-1388
2022-12-23 07:51:53,4,2,3857.75,-1386
2022-12-23 07:51:59,2,2,3857.75,-1384
2022-12-23 07:52:01,10,8,3858.0,-1376
2022-12-23 07:52:02,1,1,3858.0,-1375
2022-12-23 07:52:05,1,-1,3857.75,-1376
2022-12-23 07:52:06,1,1,3858.0,-1375
2022-12-23 07:52:07,10,-5,3857.75,-1380
2022-12-23 07:52:11,1,-1,3857.75,-1381
2022-12-23 07:52:12,1,1,3858.0,-1380
2022-12-23 07:52:18,3,-2,3857.75,-1382
2022-12-23 07:52:19,1,-1,3857.75,-1383
2022-12-23 07:52:20,1,-1,3857.75,-1384
2022-12-23 07:52:26,1,-1,3857.75,-1385
2022-12-23 07:52:33,191,-168,3858.0,-1553
2022-12-23 07:52:34,18,11,3857.25,-1542
2022-12-23 07:52:35,1,1,3857.5,-1541
2022-12-23 07:52:37,1,-1,3857.25,-1542
2022-12-23 07:52:39,1,-1,3857.25,-1543
2022-12-23 07:52:42,1,1,3857.5,-1542
2022-12-23 07:52:46,1,1,3857.5,-1541
2022-12-23 07:52:48,1,-1,3857.25,-1542
2022-12-23 07:52:51,4,-3,3857.25,-1545
2022-12-23 07:52:52,6,-6,3857.25,-1551
2022-12-23 07:53:00,44,-13,3857.25,-1564
2022-12-23 07:53:01,3,-2,3857.25,-1566
2022-12-23 07:53:10,8,-5,3857.25,-1571
2022-12-23 07:53:11,19,-4,3857.25,-1575
2022-12-23 07:53:12,1,1,3857.25,-1574
2022-12-23 07:53:13,1,1,3857.25,-1573
2022-12-23 07:53:15,1,-1,3857.0,-1574
2022-12-23 07:53:19,3,-2,3857.0,-1576
2022-12-23 07:53:20,3,-3,3857.0,-1579
2022-12-23 07:53:23,1,-1,3857.0,-1580
2022-12-23 07:53:26,11,3,3857.25,-1577
2022-12-23 07:53:28,6,-5,3857.25,-1582
2022-12-23 07:53:30,4,0,3857.25,-1582
2022-12-23 07:53:34,5,3,3857.5,-1579
2022-12-23 07:53:46,8,7,3857.75,-1572
2022-12-23 07:53:56,1,-1,3857.5,-1573
2022-12-23 07:53:59,11,6,3857.75,-1567
2022-12-23 07:54:00,11,-6,3857.75,-1573
2022-12-23 07:54:05,8,-6,3857.75,-1579
2022-12-23 07:54:06,1,-1,3857.75,-1580
2022-12-23 07:54:11,24,10,3858.0,-1570
2022-12-23 07:54:12,2,2,3858.0,-1568
2022-12-23 07:54:19,1,1,3858.0,-1567
2022-12-23 07:54:20,6,6,3858.0,-1561
2022-12-23 07:54:21,5,-5,3858.0,-1566
2022-12-23 07:54:28,1,1,3858.0,-1565
2022-12-23 07:54:30,3,3,3858.0,-1562
2022-12-23 07:54:38,18,9,3858.5,-1553
2022-12-23 07:54:43,1,1,3858.25,-1552
2022-12-23 07:54:48,1,1,3858.25,-1551
2022-12-23 07:54:51,4,-4,3858.0,-1555
2022-12-23 07:54:54,1,1,3858.25,-1554
2022-12-23 07:54:59,21,-4,3858.0,-1558
2022-12-23 07:55:03,1,1,3858.0,-1557
2022-12-23 07:55:05,4,4,3858.0,-1553
2022-12-23 07:55:07,98,25,3858.5,-1528
2022-12-23 07:55:08,4,4,3858.5,-1524
2022-12-23 07:55:09,5,-2,3858.5,-1526
2022-12-23 07:55:11,5,5,3858.75,-1521
2022-12-23 07:55:13,5,-4,3858.5,-1525
2022-12-23 07:55:15,2,2,3858.75,-1523
2022-12-23 07:55:19,14,-9,3858.5,-1532
2022-12-23 07:55:20,121,34,3858.75,-1498
2022-12-23 07:55:32,12,-7,3858.25,-1505
2022-12-23 07:55:38,11,9,3858.5,-1496
2022-12-23 07:55:41,15,-9,3858.25,-1505
2022-12-23 07:55:49,3,-3,3858.25,-1508
2022-12-23 07:55:53,5,5,3858.25,-1503
2022-12-23 07:56:00,4,2,3858.25,-1501
2022-12-23 07:56:06,1,1,3858.25,-1500
2022-12-23 07:56:07,12,-10,3858.0,-1510
2022-12-23 07:56:09,13,-7,3857.75,-1517
2022-12-23 07:56:12,2,-2,3857.75,-1519
2022-12-23 07:56:13,23,12,3858.0,-1507
2022-12-23 07:56:17,1,1,3858.0,-1506
2022-12-23 07:56:21,1,1,3858.0,-1505
2022-12-23 07:56:23,3,-3,3857.75,-1508
2022-12-23 07:56:25,8,-8,3857.5,-1516
2022-12-23 07:56:26,10,0,3857.5,-1516
2022-12-23 07:56:29,1,-1,3857.25,-1517
2022-12-23 07:56:31,1,-1,3857.25,-1518
2022-12-23 07:56:32,4,4,3857.5,-1514
2022-12-23 07:56:34,7,0,3857.5,-1514
2022-12-23 07:56:47,9,7,3857.75,-1507
2022-12-23 07:56:53,1,-1,3857.5,-1508
2022-12-23 07:56:55,35,-6,3857.75,-1514
2022-12-23 07:56:57,1,-1,3857.5,-1515
2022-12-23 07:57:01,2,1,3857.75,-1514
2022-12-23 07:57:14,2,1,3857.75,-1513
2022-12-23 07:57:15,18,-10,3857.5,-1523
2022-12-23 07:57:23,14,1,3857.75,-1522
2022-12-23 07:57:30,2,0,3857.75,-1522
2022-12-23 07:57:42,19,4,3858.0,-1518
2022-12-23 07:57:43,1,-1,3857.75,-1519
2022-12-23 07:57:45,5,-4,3858.0,-1523
2022-12-23 07:57:46,3,3,3858.0,-1520
2022-12-23 07:57:47,3,-3,3858.0,-1523
2022-12-23 07:57:48,2,1,3858.25,-1522
2022-12-23 07:57:50,6,-3,3858.0,-1525
2022-12-23 07:57:53,3,-2,3857.75,-1527
2022-12-23 07:57:57,1,1,3858.0,-1526
2022-12-23 07:57:58,13,4,3858.0,-1522
2022-12-23 07:57:59,1,1,3858.25,-1521
2022-12-23 07:58:00,3,-2,3858.0,-1523
2022-12-23 07:58:02,3,3,3858.0,-1520
2022-12-23 07:58:03,2,1,3858.0,-1519
2022-12-23 07:58:05,8,-5,3858.0,-1524
2022-12-23 07:58:06,11,-7,3857.75,-1531
2022-12-23 07:58:08,4,-4,3857.75,-1535
2022-12-23 07:58:09,2,0,3857.75,-1535
2022-12-23 07:58:14,1,1,3858.0,-1534
2022-12-23 07:58:20,27,-20,3857.75,-1554
2022-12-23 07:58:21,3,3,3857.75,-1551
2022-12-23 07:58:27,1,1,3858.0,-1550
2022-12-23 07:58:28,5,-5,3857.75,-1555
2022-12-23 07:58:32,3,3,3858.0,-1552
2022-12-23 07:58:36,2,2,3858.0,-1550
2022-12-23 07:58:41,1,-1,3857.75,-1551
2022-12-23 07:58:46,7,1,3858.0,-1550
2022-12-23 07:58:47,15,6,3858.0,-1544
2022-12-23 07:58:49,11,-4,3858.0,-1548
2022-12-23 07:58:51,4,-2,3858.0,-1550
2022-12-23 07:58:52,3,-1,3858.25,-1551
2022-12-23 07:58:59,6,-2,3858.0,-1553
2022-12-23 07:59:00,3,0,3858.0,-1553
2022-12-23 07:59:01,2,-1,3858.0,-1554
2022-12-23 07:59:03,15,-4,3858.0,-1558
2022-12-23 07:59:04,4,1,3858.0,-1557
2022-12-23 07:59:05,5,4,3858.25,-1553
2022-12-23 07:59:12,5,-3,3858.0,-1556
2022-12-23 07:59:19,1,-1,3857.75,-1557
2022-12-23 07:59:20,7,5,3858.0,-1552
2022-12-23 07:59:24,27,-4,3858.25,-1556
2022-12-23 07:59:25,37,-30,3858.25,-1586
2022-12-23 07:59:30,25,4,3858.0,-1582
2022-12-23 07:59:34,1,-1,3858.0,-1583
2022-12-23 07:59:37,3,-3,3858.0,-1586
2022-12-23 07:59:38,2,1,3858.0,-1585
2022-12-23 07:59:40,2,-2,3857.75,-1587
2022-12-23 07:59:41,1,-1,3857.75,-1588
2022-12-23 07:59:42,1,1,3858.0,-1587
2022-12-23 07:59:48,5,-5,3857.75,-1592
2022-12-23 07:59:56,10,-5,3857.75,-1597
2022-12-23 07:59:57,3,-2,3857.75,-1599
2022-12-23 07:59:58,4,-1,3857.75,-1600
2022-12-23 07:59:59,1,-1,3857.75,-1601
2022-12-23 08:00:00,12,1,3858.0,-1600
2022-12-23 08:00:01,8,-6,3858.0,-1606
2022-12-23 08:00:02,4,3,3857.75,-1603
2022-12-23 08:00:04,1,-1,3857.75,-1604
2022-12-23 08:00:05,6,2,3858.0,-1602
2022-12-23 08:00:06,5,4,3858.0,-1598
2022-12-23 08:00:07,1,1,3858.0,-1597
2022-12-23 08:00:10,28,-7,3858.0,-1604
2022-12-23 08:00:12,13,-5,3858.0,-1609
2022-12-23 08:00:14,19,-5,3858.0,-1614
2022-12-23 08:00:15,10,0,3858.0,-1614
2022-12-23 08:00:16,5,-4,3858.0,-1618
2022-12-23 08:00:17,5,-1,3858.0,-1619
2022-12-23 08:00:19,3,1,3858.0,-1618
2022-12-23 08:00:20,22,17,3858.25,-1601
2022-12-23 08:00:22,16,-9,3858.0,-1610
2022-12-23 08:00:26,3,-3,3858.0,-1613
2022-12-23 08:00:27,8,6,3858.0,-1607
2022-12-23 08:00:29,28,-9,3858.25,-1616
2022-12-23 08:00:30,13,-5,3858.25,-1621
2022-12-23 08:00:32,22,2,3858.5,-1619
2022-12-23 08:00:34,8,-1,3858.25,-1620
2022-12-23 08:00:37,2,2,3858.25,-1618
2022-12-23 08:00:41,13,0,3858.25,-1618
2022-12-23 08:00:43,9,8,3858.25,-1610
2022-12-23 08:00:45,3,3,3858.25,-1607
2022-12-23 08:00:46,2,-2,3858.25,-1609
2022-12-23 08:00:47,4,-2,3858.25,-1611
2022-12-23 08:00:48,6,-4,3858.25,-1615
2022-12-23 08:00:54,58,25,3858.75,-1590
2022-12-23 08:01:02,25,-7,3858.75,-1597
2022-12-23 08:01:04,4,0,3858.5,-1597
2022-12-23 08:01:06,4,2,3858.5,-1595
2022-12-23 08:01:10,7,3,3858.5,-1592
2022-12-23 08:01:11,8,-4,3858.5,-1596
2022-12-23 08:01:12,4,-2,3858.5,-1598
2022-12-23 08:01:13,5,0,3858.5,-1598
2022-12-23 08:01:14,10,-7,3858.25,-1605
2022-12-23 08:01:15,9,-8,3858.0,-1613
2022-12-23 08:01:17,4,4,3858.0,-1609
2022-12-23 08:01:21,7,4,3858.25,-1605
2022-12-23 08:01:23,1,1,3858.5,-1604
2022-12-23 08:01:25,1,-1,3858.25,-1605
2022-12-23 08:01:26,9,0,3858.5,-1605
2022-12-23 08:01:30,2,0,3858.5,-1605
2022-12-23 08:01:31,10,0,3858.5,-1605
2022-12-23 08:01:32,4,0,3858.5,-1605
2022-12-23 08:01:33,5,3,3858.75,-1602
2022-12-23 08:01:34,51,25,3859.25,-1577
2022-12-23 08:01:35,2,1,3859.25,-1576
2022-12-23 08:01:36,3,-3,3859.0,-1579
2022-12-23 08:01:37,3,1,3859.25,-1578
2022-12-23 08:01:39,47,27,3859.5,-1551
2022-12-23 08:01:40,29,26,3860.0,-1525
2022-12-23 08:01:41,1,1,3860.0,-1524
2022-12-23 08:01:42,19,12,3860.0,-1512
2022-12-23 08:01:44,76,19,3860.25,-1493
2022-12-23 08:01:45,5,4,3860.25,-1489
2022-12-23 08:01:46,9,3,3860.25,-1486
2022-12-23 08:01:47,12,6,3860.5,-1480
2022-12-23 08:01:48,20,-3,3860.25,-1483
2022-12-23 08:01:49,131,-92,3860.25,-1575
2022-12-23 08:01:50,69,55,3860.5,-1520
2022-12-23 08:01:51,24,10,3860.75,-1510
2022-12-23 08:01:53,18,3,3860.75,-1507
2022-12-23 08:01:54,17,-6,3860.5,-1513
2022-12-23 08:01:55,1,1,3860.25,-1512
2022-12-23 08:01:57,16,-15,3860.0,-1527
2022-12-23 08:01:58,1,-1,3859.75,-1528
2022-12-23 08:01:59,1,-1,3859.75,-1529
2022-12-23 08:02:00,10,-4,3860.0,-1533
2022-12-23 08:02:02,4,-4,3859.5,-1537
2022-12-23 08:02:03,2,-2,3859.25,-1539
2022-12-23 08:02:04,6,-3,3859.5,-1542
2022-12-23 08:02:05,19,13,3859.75,-1529
2022-12-23 08:02:06,10,1,3859.75,-1528
2022-12-23 08:02:12,2,2,3859.75,-1526
2022-12-23 08:02:13,3,3,3859.75,-1523
2022-12-23 08:02:14,3,-3,3859.75,-1526
2022-12-23 08:02:15,19,-5,3860.0,-1531
2022-12-23 08:02:19,2,-2,3859.75,-1533
2022-12-23 08:02:21,1,-1,3859.75,-1534
2022-12-23 08:02:25,31,-12,3859.75,-1546
2022-12-23 08:02:26,2,0,3859.75,-1546
2022-12-23 08:02:29,17,-8,3859.5,-1554
2022-12-23 08:02:33,9,-7,3859.25,-1561
2022-12-23 08:02:34,2,-2,3859.25,-1563
2022-12-23 08:02:36,10,-2,3859.25,-1565
2022-12-23 08:02:37,2,-2,3859.25,-1567
2022-12-23 08:02:38,2,-2,3859.25,-1569
2022-12-23 08:02:40,6,4,3859.25,-1565
2022-12-23 08:02:43,13,8,3859.75,-1557
2022-12-23 08:02:46,6,6,3859.75,-1551
2022-12-23 08:02:48,23,5,3860.0,-1546
2022-12-23 08:02:49,47,1,3859.75,-1545
2022-12-23 08:02:51,2,2,3859.75,-1543
2022-12-23 08:02:54,1,1,3859.75,-1542
2022-12-23 08:02:56,5,4,3859.75,-1538
2022-12-23 08:02:59,1,1,3859.75,-1537
2022-12-23 08:03:00,1,1,3859.75,-1536
2022-12-23 08:03:01,18,-2,3859.75,-1538
2022-12-23 08:03:02,5,-4,3859.75,-1542
2022-12-23 08:03:05,9,-3,3859.75,-1545
2022-12-23 08:03:08,13,5,3860.0,-1540
2022-12-23 08:03:14,49,20,3860.0,-1520
2022-12-23 08:03:20,9,-9,3859.75,-1529
2022-12-23 08:03:21,17,4,3860.0,-1525
2022-12-23 08:03:22,1,1,3860.0,-1524
2022-12-23 08:03:23,6,-4,3859.75,-1528
2022-12-23 08:03:24,1,-1,3859.5,-1529
2022-12-23 08:03:26,5,3,3859.75,-1526
2022-12-23 08:03:27,24,-12,3859.5,-1538
2022-12-23 08:03:28,3,1,3859.5,-1537
2022-12-23 08:03:30,1,1,3859.5,-1536
2022-12-23 08:03:37,17,6,3859.5,-1530
2022-12-23 08:03:39,10,2,3859.5,-1528
2022-12-23 08:03:40,1,-1,3859.5,-1529
2022-12-23 08:03:41,13,6,3859.75,-1523
2022-12-23 08:03:42,1,-1,3859.75,-1524
2022-12-23 08:03:44,16,-9,3859.75,-1533
2022-12-23 08:03:46,1,1,3859.75,-1532
2022-12-23 08:03:48,1,1,3859.75,-1531
2022-12-23 08:03:52,13,-7,3859.75,-1538
2022-12-23 08:03:53,14,7,3859.75,-1531
2022-12-23 08:03:56,1,-1,3859.5,-1532
2022-12-23 08:03:57,6,3,3859.75,-1529
2022-12-23 08:04:00,18,3,3859.75,-1526
2022-12-23 08:04:10,5,5,3859.75,-1521
2022-12-23 08:04:15,32,5,3860.0,-1516
2022-12-23 08:04:20,1,1,3860.0,-1515
2022-12-23 08:04:24,12,-11,3859.75,-1526
2022-12-23 08:04:26,15,8,3860.0,-1518
2022-12-23 08:04:27,1,1,3859.75,-1517
2022-12-23 08:04:33,9,3,3860.0,-1514
2022-12-23 08:04:37,2,-2,3859.75,-1516
2022-12-23 08:04:38,1,-1,3859.75,-1517
2022-12-23 08:04:39,3,-1,3859.75,-1518
2022-12-23 08:04:44,9,-9,3859.75,-1527
2022-12-23 08:04:48,27,-7,3859.75,-1534
2022-12-23 08:04:49,2,-2,3859.5,-1536
2022-12-23 08:04:51,1,-1,3859.5,-1537
2022-12-23 08:04:54,2,-2,3859.5,-1539
2022-12-23 08:04:57,77,-17,3859.75,-1556
2022-12-23 08:04:59,32,4,3860.0,-1552
2022-12-23 08:05:01,14,4,3860.25,-1548
2022-12-23 08:05:02,14,-10,3859.75,-1558
2022-12-23 08:05:03,1,-1,3859.5,-1559
2022-12-23 08:05:04,4,4,3859.75,-1555
2022-12-23 08:05:06,7,4,3860.0,-1551
2022-12-23 08:05:10,50,-23,3860.25,-1574
2022-12-23 08:05:11,6,5,3860.25,-1569
2022-12-23 08:05:13,1,1,3860.25,-1568
2022-12-23 08:05:16,7,6,3860.25,-1562
2022-12-23 08:05:17,10,6,3860.5,-1556
2022-12-23 08:05:18,25,-7,3860.5,-1563
2022-12-23 08:05:19,4,-1,3860.25,-1564
2022-12-23 08:05:20,1,-1,3860.25,-1565
2022-12-23 08:05:21,1,1,3860.25,-1564
2022-12-23 08:05:24,2,-2,3860.25,-1566
2022-12-23 08:05:28,12,-8,3860.5,-1574
2022-12-23 08:05:29,10,2,3860.5,-1572
2022-12-23 08:05:30,16,21,3861.0,-1551
2022-12-23 08:05:32,3,-1,3861.0,-1552
2022-12-23 08:05:34,41,22,3861.0,-1530
2022-12-23 08:05:35,28,-11,3861.0,-1541
2022-12-23 08:05:36,1,1,3861.0,-1540
2022-12-23 08:05:37,15,-10,3860.75,-1550
2022-12-23 08:05:38,6,-2,3860.75,-1552
2022-12-23 08:05:39,5,-1,3860.5,-1553
2022-12-23 08:05:41,19,10,3860.75,-1543
2022-12-23 08:05:42,5,-3,3861.0,-1546
2022-12-23 08:05:43,1,1,3861.0,-1545
2022-12-23 08:05:44,1,1,3861.0,-1544
2022-12-23 08:05:46,5,5,3861.0,-1539
2022-12-23 08:05:50,4,4,3861.0,-1535
2022-12-23 08:05:51,1,-1,3860.75,-1536
2022-12-23 08:05:54,22,7,3861.25,-1529
2022-12-23 08:05:55,3,2,3861.25,-1527
2022-12-23 08:05:56,6,-6,3861.0,-1533
2022-12-23 08:05:57,5,5,3861.25,-1528
2022-12-23 08:05:59,1,-1,3861.0,-1529
2022-12-23 08:06:00,2,-2,3861.0,-1531
2022-12-23 08:06:02,10,8,3861.25,-1523
2022-12-23 08:06:03,1,1,3861.25,-1522
2022-12-23 08:06:05,1,1,3861.25,-1521
2022-12-23 08:06:08,1,-1,3861.0,-1522
2022-12-23 08:06:09,3,3,3861.25,-1519
2022-12-23 08:06:11,3,-3,3861.0,-1522
2022-12-23 08:06:12,13,-9,3861.0,-1531
2022-12-23 08:06:13,5,1,3861.0,-1530
2022-12-23 08:06:14,1,1,3861.0,-1529
2022-12-23 08:06:17,43,17,3861.25,-1512
2022-12-23 08:06:18,6,-5,3861.0,-1517
2022-12-23 08:06:20,12,-8,3860.75,-1525
2022-12-23 08:06:23,50,-14,3860.75,-1539
2022-12-23 08:06:24,12,-9,3860.5,-1548
2022-12-23 08:06:25,3,-2,3860.5,-1550
2022-12-23 08:06:29,3,3,3860.5,-1547
2022-12-23 08:06:30,1,1,3860.5,-1546
2022-12-23 08:06:34,1,1,3860.5,-1545
2022-12-23 08:06:35,19,-2,3860.5,-1547
2022-12-23 08:06:36,2,0,3860.75,-1547
2022-12-23 08:06:42,9,-7,3860.5,-1554
2022-12-23 08:06:48,7,-7,3860.25,-1561
2022-12-23 08:06:50,20,-13,3860.25,-1574
2022-12-23 08:06:53,11,-4,3860.0,-1578
2022-12-23 08:06:55,1,-1,3859.75,-1579
2022-12-23 08:06:57,66,-29,3860.0,-1608
2022-12-23 08:06:58,22,4,3859.75,-1604
2022-12-23 08:06:59,3,-3,3859.75,-1607
2022-12-23 08:07:01,1,1,3859.75,-1606
2022-12-23 08:07:02,2,-2,3859.5,-1608
2022-12-23 08:07:06,2,-2,3859.5,-1610
2022-12-23 08:07:07,111,-31,3859.75,-1641
2022-12-23 08:07:08,8,-5,3859.25,-1646
2022-12-23 08:07:09,9,-4,3859.5,-1650
2022-12-23 08:07:10,7,-6,3859.0,-1656
2022-12-23 08:07:11,14,-7,3859.0,-1663
2022-12-23 08:07:12,12,7,3859.25,-1656
2022-12-23 08:07:14,5,0,3859.25,-1656
2022-12-23 08:07:15,29,18,3859.5,-1638
2022-12-23 08:07:16,1,1,3859.5,-1637
2022-12-23 08:07:18,16,-2,3859.5,-1639
2022-12-23 08:07:21,1,-1,3859.25,-1640
2022-12-23 08:07:22,1,1,3859.5,-1639
2022-12-23 08:07:23,4,3,3859.5,-1636
2022-12-23 08:07:24,1,-1,3859.5,-1637
2022-12-23 08:07:26,3,-3,3859.5,-1640
2022-12-23 08:07:32,1,1,3859.5,-1639
2022-12-23 08:07:36,7,-7,3859.25,-1646
2022-12-23 08:07:37,4,4,3859.5,-1642
2022-12-23 08:07:39,4,-4,3859.25,-1646
2022-12-23 08:07:40,2,2,3859.25,-1644
2022-12-23 08:07:42,6,-2,3859.25,-1646
2022-12-23 08:07:43,1,-1,3859.25,-1647
2022-12-23 08:07:46,1,1,3859.5,-1646
2022-12-23 08:07:48,9,-3,3859.25,-1649
2022-12-23 08:07:50,1,-1,3859.25,-1650
2022-12-23 08:07:51,1,1,3859.25,-1649
2022-12-23 08:07:53,5,-3,3859.0,-1652
2022-12-23 08:07:56,15,-14,3859.0,-1666
2022-12-23 08:07:58,12,-10,3858.75,-1676
2022-12-23 08:08:00,1,1,3858.75,-1675
2022-12-23 08:08:02,8,-3,3858.75,-1678
2022-12-23 08:08:03,11,-5,3858.5,-1683
2022-12-23 08:08:06,4,-2,3858.75,-1685
2022-12-23 08:08:07,1,1,3858.75,-1684
2022-12-23 08:08:10,2,0,3858.75,-1684
2022-12-23 08:08:11,1,1,3858.75,-1683
2022-12-23 08:08:12,2,-2,3858.5,-1685
2022-12-23 08:08:13,1,-1,3858.5,-1686
2022-12-23 08:08:20,15,0,3858.75,-1686
2022-12-23 08:08:22,7,5,3859.0,-1681
2022-12-23 08:08:23,33,-4,3859.0,-1685
2022-12-23 08:08:24,3,-3,3859.0,-1688
2022-12-23 08:08:25,2,2,3859.0,-1686
2022-12-23 08:08:26,6,-3,3859.25,-1689
2022-12-23 08:08:30,9,-5,3858.75,-1694
2022-12-23 08:08:31,20,3,3858.5,-1691
2022-12-23 08:08:32,6,-5,3858.5,-1696
2022-12-23 08:08:33,7,-3,3858.5,-1699
2022-12-23 08:08:35,15,2,3858.5,-1697
2022-12-23 08:08:36,1,-1,3858.25,-1698
2022-12-23 08:08:38,4,-4,3858.25,-1702
2022-12-23 08:08:39,41,-7,3858.25,-1709
2022-12-23 08:08:40,6,-6,3858.0,-1715
2022-12-23 08:08:42,19,-8,3858.0,-1723
2022-12-23 08:08:43,2,2,3858.25,-1721
2022-12-23 08:08:44,5,1,3858.25,-1720
2022-12-23 08:08:45,11,8,3858.25,-1712
2022-12-23 08:08:48,9,9,3858.25,-1703
2022-12-23 08:08:50,3,3,3858.5,-1700
2022-12-23 08:08:51,22,17,3858.75,-1683
2022-12-23 08:08:52,14,-10,3858.75,-1693
2022-12-23 08:08:55,7,2,3859.0,-1691
2022-12-23 08:08:56,3,1,3858.75,-1690
2022-12-23 08:08:59,13,6,3858.5,-1684
2022-12-23 08:09:00,1,-1,3858.25,-1685
2022-12-23 08:09:06,1,-1,3858.25,-1686
2022-12-23 08:09:12,1,-1,3858.25,-1687
2022-12-23 08:09:13,3,1,3858.5,-1686
2022-12-23 08:09:14,5,4,3858.5,-1682
2022-12-23 08:09:15,1,1,3858.5,-1681
2022-12-23 08:09:16,1,1,3858.5,-1680
2022-12-23 08:09:17,9,0,3858.5,-1680
2022-12-23 08:09:18,1,1,3858.5,-1679
2022-12-23 08:09:22,2,-2,3858.5,-1681
2022-12-23 08:09:24,1,-1,3858.5,-1682
2022-12-23 08:09:26,33,7,3858.75,-1675
2022-12-23 08:09:27,9,-6,3858.5,-1681
2022-12-23 08:09:28,5,-2,3858.5,-1683
2022-12-23 08:09:33,3,-2,3858.25,-1685
2022-12-23 08:09:34,1,1,3858.5,-1684
2022-12-23 08:09:36,7,6,3858.5,-1678
2022-12-23 08:09:41,7,-6,3858.5,-1684
2022-12-23 08:09:43,8,3,3858.5,-1681
2022-12-23 08:09:47,12,1,3858.75,-1680
2022-12-23 08:09:48,1,-1,3858.75,-1681
2022-12-23 08:09:52,9,8,3859.0,-1673
2022-12-23 08:09:56,32,10,3859.0,-1663
2022-12-23 08:09:57,8,10,3859.25,-1653
2022-12-23 08:09:59,1,-1,3859.0,-1654
2022-12-23 08:10:00,15,-4,3859.0,-1658
2022-12-23 08:10:01,33,-5,3859.25,-1663
2022-12-23 08:10:03,5,-3,3859.0,-1666
2022-12-23 08:10:04,9,-7,3859.0,-1673
2022-12-23 08:10:05,2,-2,3858.5,-1675
2022-12-23 08:10:06,1,1,3858.75,-1674
2022-12-23 08:10:07,3,1,3858.75,-1673
2022-12-23 08:10:09,11,5,3858.75,-1668
2022-12-23 08:10:10,2,1,3859.0,-1667
2022-12-23 08:10:15,6,-5,3858.75,-1672
2022-12-23 08:10:19,5,3,3858.75,-1669
2022-12-23 08:10:20,23,-6,3858.5,-1675
2022-12-23 08:10:21,4,-4,3858.25,-1679
2022-12-23 08:10:22,21,13,3858.5,-1666
2022-12-23 08:10:25,5,5,3858.5,-1661
2022-12-23 08:10:30,9,9,3858.75,-1652
2022-12-23 08:10:32,10,-9,3858.75,-1661
2022-12-23 08:10:41,22,-11,3858.5,-1672
2022-12-23 08:10:43,1,-1,3858.5,-1673
2022-12-23 08:10:46,9,-9,3858.25,-1682
2022-12-23 08:10:47,3,-3,3858.25,-1685
2022-12-23 08:10:48,3,-1,3858.25,-1686
2022-12-23 08:10:55,21,18,3858.5,-1668
2022-12-23 08:10:57,9,1,3858.5,-1667
2022-12-23 08:11:04,9,7,3858.75,-1660
2022-12-23 08:11:10,7,-3,3858.75,-1663
2022-12-23 08:11:11,6,5,3858.75,-1658
2022-12-23 08:11:14,3,3,3859.0,-1655
2022-12-23 08:11:15,9,2,3859.0,-1653
2022-12-23 08:11:16,27,13,3859.25,-1640
2022-12-23 08:11:17,6,6,3859.25,-1634
2022-12-23 08:11:22,2,-2,3859.0,-1636
2022-12-23 08:11:23,5,5,3859.25,-1631
2022-12-23 08:11:30,80,-32,3859.25,-1663
2022-12-23 08:11:32,22,17,3858.75,-1646
2022-12-23 08:11:35,4,-4,3858.75,-1650
2022-12-23 08:11:39,23,-9,3858.5,-1659
2022-12-23 08:11:40,3,3,3858.5,-1656
2022-12-23 08:11:43,1,-1,3858.25,-1657
2022-12-23 08:11:45,26,-15,3858.25,-1672
2022-12-23 08:11:46,2,2,3858.25,-1670
2022-12-23 08:11:47,11,5,3858.25,-1665
2022-12-23 08:11:52,1,-1,3858.25,-1666
2022-12-23 08:11:58,13,6,3858.5,-1660
2022-12-23 08:12:00,11,0,3858.5,-1660
2022-12-23 08:12:01,30,19,3858.75,-1641
2022-12-23 08:12:03,9,-1,3858.5,-1642
2022-12-23 08:12:06,1,1,3858.5,-1641
2022-12-23 08:12:10,23,-4,3858.5,-1645
2022-12-23 08:12:15,1,1,3858.5,-1644
2022-12-23 08:12:16,2,2,3858.5,-1642
2022-12-23 08:12:20,5,5,3858.5,-1637
2022-12-23 08:12:21,1,-1,3858.5,-1638
2022-12-23 08:12:23,126,57,3858.75,-1581
2022-12-23 08:12:26,1,-1,3858.5,-1582
2022-12-23 08:12:27,7,-7,3858.5,-1589
2022-12-23 08:12:28,4,-4,3858.5,-1593
2022-12-23 08:12:30,20,-11,3858.5,-1604
2022-12-23 08:12:32,5,-1,3858.75,-1605
2022-12-23 08:12:33,66,-14,3858.5,-1619
2022-12-23 08:12:34,63,20,3858.5,-1599
2022-12-23 08:12:35,6,5,3858.5,-1594
2022-12-23 08:12:37,4,-2,3858.5,-1596
2022-12-23 08:12:40,1,1,3858.75,-1595
2022-12-23 08:12:41,1,-1,3858.5,-1596
2022-12-23 08:12:45,1,1,3858.75,-1595
2022-12-23 08:12:52,90,43,3858.75,-1552
2022-12-23 08:12:55,34,-14,3858.5,-1566
2022-12-23 08:12:56,15,9,3858.5,-1557
2022-12-23 08:12:57,5,-4,3858.5,-1561
2022-12-23 08:12:58,1,-1,3858.5,-1562
2022-12-23 08:12:59,1,-1,3858.5,-1563
2022-12-23 08:13:00,42,12,3858.75,-1551
2022-12-23 08:13:05,1,1,3859.0,-1550
2022-12-23 08:13:06,19,8,3859.0,-1542
2022-12-23 08:13:07,9,-4,3859.25,-1546
2022-12-23 08:13:10,2,2,3859.0,-1544
2022-12-23 08:13:13,23,-14,3858.75,-1558
2022-12-23 08:13:14,12,-7,3858.5,-1565
2022-12-23 08:13:15,5,4,3858.5,-1561
2022-12-23 08:13:22,12,-2,3858.5,-1563
2022-12-23 08:13:23,25,19,3858.75,-1544
2022-12-23 08:13:25,1,-1,3858.5,-1545
2022-12-23 08:13:32,2,-1,3858.5,-1546
2022-12-23 08:13:34,1,1,3858.75,-1545
2022-12-23 08:13:36,8,4,3858.75,-1541
2022-12-23 08:13:38,28,-16,3858.75,-1557
2022-12-23 08:13:39,26,-6,3859.0,-1563
2022-12-23 08:13:40,2,-2,3858.75,-1565
2022-12-23 08:13:41,1,-1,3858.75,-1566
2022-12-23 08:13:45,1,-1,3858.75,-1567
2022-12-23 08:13:49,1,-1,3858.75,-1568
2022-12-23 08:13:50,17,9,3859.0,-1559
2022-12-23 08:13:54,1,1,3859.0,-1558
2022-12-23 08:13:58,10,-4,3858.75,-1562
2022-12-23 08:14:03,94,-9,3858.5,-1571
2022-12-23 08:14:06,1,-1,3858.5,-1572
2022-12-23 08:14:08,14,14,3858.75,-1558
2022-12-23 08:14:09,25,-8,3858.75,-1566
2022-12-23 08:14:10,6,2,3858.75,-1564
2022-12-23 08:14:11,7,2,3858.75,-1562
2022-12-23 08:14:15,17,13,3858.75,-1549
2022-12-23 08:14:22,75,28,3859.5,-1521
2022-12-23 08:14:23,12,4,3859.5,-1517
2022-12-23 08:14:25,8,-8,3859.25,-1525
2022-12-23 08:14:26,1,1,3859.5,-1524
2022-12-23 08:14:27,5,-2,3859.5,-1526
2022-12-23 08:14:28,4,4,3859.25,-1522
2022-12-23 08:14:36,6,-4,3859.25,-1526
2022-12-23 08:14:37,7,7,3859.5,-1519
2022-12-23 08:14:40,3,3,3859.75,-1516
2022-12-23 08:14:41,7,-1,3859.5,-1517
2022-12-23 08:14:48,41,16,3859.75,-1501
2022-12-23 08:14:52,6,-4,3859.5,-1505
2022-12-23 08:14:53,1,1,3859.5,-1504
2022-12-23 08:14:58,6,6,3859.5,-1498
2022-12-23 08:14:59,1,-1,3859.5,-1499
2022-12-23 08:15:00,7,7,3859.75,-1492
2022-12-23 08:15:01,4,-4,3859.75,-1496
2022-12-23 08:15:05,5,5,3859.75,-1491
2022-12-23 08:15:06,2,1,3860.0,-1490
2022-12-23 08:15:07,2,-2,3859.75,-1492
2022-12-23 08:15:09,2,-2,3859.75,-1494
2022-12-23 08:15:12,16,9,3860.0,-1485
2022-12-23 08:15:14,6,6,3860.0,-1479
2022-12-23 08:15:15,17,2,3860.0,-1477
2022-12-23 08:15:16,32,44,3860.25,-1433
2022-12-23 08:15:17,13,7,3860.25,-1426
2022-12-23 08:15:18,1,-1,3860.0,-1427
2022-12-23 08:15:19,18,-10,3860.0,-1437
2022-12-23 08:15:21,7,3,3860.0,-1434
2022-12-23 08:15:23,22,13,3860.0,-1421
2022-12-23 08:15:24,3,3,3860.0,-1418
2022-12-23 08:15:26,3,3,3860.0,-1415
2022-12-23 08:15:34,12,0,3860.25,-1415
2022-12-23 08:15:36,1,-1,3860.0,-1416
2022-12-23 08:15:37,1,1,3860.25,-1415
2022-12-23 08:15:41,5,-5,3860.0,-1420
2022-12-23 08:15:45,14,-11,3860.0,-1431
2022-12-23 08:15:51,14,-9,3860.0,-1440
2022-12-23 08:15:52,8,4,3860.0,-1436
2022-12-23 08:15:55,1,1,3860.25,-1435
2022-12-23 08:15:58,9,-8,3860.0,-1443
2022-12-23 08:16:00,14,-6,3859.75,-1449
2022-12-23 08:16:02,1,-1,3859.75,-1450
2022-12-23 08:16:05,9,9,3860.0,-1441
2022-12-23 08:16:06,18,-12,3860.0,-1453
2022-12-23 08:16:07,2,-1,3860.0,-1454
2022-12-23 08:16:10,5,-2,3860.0,-1456
2022-12-23 08:16:11,1,-1,3860.0,-1457
2022-12-23 08:16:12,17,-11,3860.0,-1468
2022-12-23 08:16:13,1,1,3860.25,-1467
2022-12-23 08:16:14,3,1,3860.0,-1466
2022-12-23 08:16:16,1,1,3860.25,-1465
2022-12-23 08:16:17,1,-1,3860.0,-1466
2022-12-23 08:16:18,6,6,3860.25,-1460
2022-12-23 08:16:19,9,-7,3860.25,-1467
2022-12-23 08:16:20,33,-19,3860.0,-1486
2022-12-23 08:16:21,16,11,3860.0,-1475
2022-12-23 08:16:22,6,-5,3860.0,-1480
2022-12-23 08:16:23,1,-1,3859.75,-1481
2022-12-23 08:16:26,3,-3,3859.75,-1484
2022-12-23 08:16:31,2,-1,3859.75,-1485
2022-12-23 08:16:32,1,-1,3859.75,-1486
2022-12-23 08:16:34,3,-3,3859.5,-1489
2022-12-23 08:16:35,20,6,3859.75,-1483
2022-12-23 08:16:40,1,1,3859.75,-1482
2022-12-23 08:16:42,19,-8,3859.5,-1490
2022-12-23 08:16:43,3,3,3859.75,-1487
2022-12-23 08:16:44,9,9,3860.0,-1478
2022-12-23 08:16:45,1,1,3860.25,-1477
2022-12-23 08:16:47,13,0,3860.25,-1477
2022-12-23 08:16:54,28,-19,3860.0,-1496
2022-12-23 08:16:56,11,5,3860.0,-1491
2022-12-23 08:16:57,4,2,3860.0,-1489
2022-12-23 08:17:01,15,-3,3859.75,-1492
2022-12-23 08:17:02,14,2,3859.75,-1490
2022-12-23 08:17:04,7,-2,3859.75,-1492
2022-12-23 08:17:14,24,-7,3859.75,-1499
2022-12-23 08:17:16,1,-1,3859.75,-1500
2022-12-23 08:17:20,16,-12,3859.75,-1512
2022-12-23 08:17:25,2,-2,3859.75,-1514
2022-12-23 08:17:30,7,-3,3859.75,-1517
2022-12-23 08:17:33,4,-3,3859.75,-1520
2022-12-23 08:17:36,7,7,3859.75,-1513
2022-12-23 08:17:44,28,13,3860.0,-1500
2022-12-23 08:17:45,1,-1,3860.0,-1501
2022-12-23 08:17:48,18,-8,3860.25,-1509
2022-12-23 08:17:54,1,1,3860.25,-1508
2022-12-23 08:17:55,2,2,3860.25,-1506
2022-12-23 08:17:56,24,18,3860.25,-1488
2022-12-23 08:17:57,19,-1,3860.5,-1489
2022-12-23 08:18:01,7,-3,3860.25,-1492
2022-12-23 08:18:05,13,1,3860.5,-1491
2022-12-23 08:18:07,11,-5,3860.75,-1496
2022-12-23 08:18:10,1,-1,3860.5,-1497
2022-12-23 08:18:11,17,11,3860.75,-1486
2022-12-23 08:18:12,83,24,3861.0,-1462
2022-12-23 08:18:14,6,6,3861.0,-1456
2022-12-23 08:18:15,7,-7,3861.0,-1463
2022-12-23 08:18:19,4,3,3861.25,-1460
2022-12-23 08:18:20,1,-1,3861.0,-1461
2022-12-23 08:18:23,29,-15,3861.0,-1476
2022-12-23 08:18:24,6,-5,3861.0,-1481
2022-12-23 08:18:25,5,-2,3861.0,-1483
2022-12-23 08:18:26,8,7,3861.0,-1476
2022-12-23 08:18:27,1,1,3861.25,-1475
2022-12-23 08:18:31,1,1,3861.25,-1474
2022-12-23 08:18:34,10,-6,3861.0,-1480
2022-12-23 08:18:35,1,-1,3861.0,-1481
2022-12-23 08:18:38,27,16,3861.25,-1465
2022-12-23 08:18:39,32,-22,3861.25,-1487
2022-12-23 08:18:42,1,1,3861.25,-1486
2022-12-23 08:18:43,2,0,3861.25,-1486
2022-12-23 08:18:47,3,3,3861.25,-1483
2022-12-23 08:18:50,28,-20,3861.0,-1503
2022-12-23 08:18:53,14,3,3861.0,-1500
2022-12-23 08:18:55,1,-1,3860.75,-1501
2022-12-23 08:18:56,42,2,3861.0,-1499
2022-12-23 08:19:00,1,1,3861.0,-1498
2022-12-23 08:19:03,24,-12,3860.75,-1510
2022-12-23 08:19:04,11,-9,3860.5,-1519
2022-12-23 08:19:05,27,-7,3860.25,-1526
2022-12-23 08:19:06,34,16,3860.25,-1510
2022-12-23 08:19:09,4,-4,3860.0,-1514
2022-12-23 08:19:10,44,-3,3860.0,-1517
2022-12-23 08:19:12,17,12,3860.0,-1505
2022-12-23 08:19:14,18,4,3860.25,-1501
2022-12-23 08:19:16,1,-1,3860.25,-1502
2022-12-23 08:19:18,7,-6,3860.25,-1508
2022-12-23 08:19:19,8,7,3860.25,-1501
2022-12-23 08:19:21,7,-7,3860.25,-1508
2022-12-23 08:19:22,4,-4,3860.0,-1512
2022-12-23 08:19:23,13,-10,3859.75,-1522
2022-12-23 08:19:24,9,4,3859.75,-1518
2022-12-23 08:19:26,14,12,3860.0,-1506
2022-12-23 08:19:27,54,-1,3860.0,-1507
2022-12-23 08:19:35,1,-1,3860.0,-1508
2022-12-23 08:19:36,33,1,3860.25,-1507
2022-12-23 08:19:38,1,1,3860.5,-1506
2022-12-23 08:19:44,16,-7,3860.25,-1513
2022-12-23 08:19:48,28,7,3860.25,-1506
2022-12-23 08:19:49,1,1,3860.25,-1505
2022-12-23 08:19:50,1,-1,3860.0,-1506
2022-12-23 08:19:51,21,16,3860.25,-1490
2022-12-23 08:19:52,4,-3,3860.25,-1493
2022-12-23 08:19:54,1,1,3860.5,-1492
2022-12-23 08:19:56,22,-12,3860.25,-1504
2022-12-23 08:19:57,12,10,3860.25,-1494
2022-12-23 08:20:00,8,8,3860.5,-1486
2022-12-23 08:20:01,12,8,3860.75,-1478
2022-12-23 08:20:02,8,-7,3860.75,-1485
2022-12-23 08:20:06,24,0,3860.5,-1485
2022-12-23 08:20:07,4,4,3860.5,-1481
2022-12-23 08:20:09,1,-1,3860.5,-1482
2022-12-23 08:20:10,20,-8,3860.5,-1490
2022-12-23 08:20:11,7,-5,3860.25,-1495
2022-12-23 08:20:13,4,4,3860.25,-1491
2022-12-23 08:20:15,15,-4,3860.5,-1495
2022-12-23 08:20:16,1,-1,3860.5,-1496
2022-12-23 08:20:18,12,6,3860.5,-1490
2022-12-23 08:20:19,5,-4,3860.25,-1494
2022-12-23 08:20:20,2,1,3860.5,-1493
2022-12-23 08:20:29,11,10,3860.5,-1483
2022-12-23 08:20:31,2,0,3860.75,-1483
2022-12-23 08:20:33,5,-5,3860.5,-1488
2022-12-23 08:20:34,18,-5,3860.5,-1493
2022-12-23 08:20:36,4,2,3860.5,-1491
2022-12-23 08:20:37,1,-1,3860.5,-1492
2022-12-23 08:20:38,8,-5,3860.5,-1497
2022-12-23 08:20:39,40,-27,3860.25,-1524
2022-12-23 08:20:43,28,-20,3860.25,-1544
2022-12-23 08:20:46,1,1,3860.25,-1543
2022-12-23 08:20:47,1,1,3860.25,-1542
2022-12-23 08:20:48,1,1,3860.25,-1541
2022-12-23 08:20:49,2,0,3860.25,-1541
2022-12-23 08:20:53,47,-39,3860.0,-1580
2022-12-23 08:20:54,76,-55,3860.0,-1635
2022-12-23 08:20:55,107,-17,3860.0,-1652
2022-12-23 08:20:56,8,-6,3860.0,-1658
2022-12-23 08:20:57,3,-3,3860.0,-1661
2022-12-23 08:20:58,14,-9,3860.0,-1670
2022-12-23 08:20:59,10,-9,3860.0,-1679
2022-12-23 08:21:00,10,-3,3860.0,-1682
2022-12-23 08:21:02,31,13,3860.25,-1669
2022-12-23 08:21:03,2,-1,3860.25,-1670
2022-12-23 08:21:04,5,3,3860.25,-1667
2022-12-23 08:21:08,3,-2,3860.25,-1669
2022-12-23 08:21:13,1,-1,3860.25,-1670
2022-12-23 08:21:14,33,-13,3860.25,-1683
2022-12-23 08:21:18,11,7,3860.25,-1676
2022-12-23 08:21:19,32,11,3860.75,-1665
2022-12-23 08:21:20,22,-13,3860.5,-1678
2022-12-23 08:21:21,1,1,3860.75,-1677
2022-12-23 08:21:22,1,1,3860.75,-1676
2022-12-23 08:21:23,13,7,3860.75,-1669
2022-12-23 08:21:25,54,15,3861.25,-1654
2022-12-23 08:21:26,37,5,3861.5,-1649
2022-12-23 08:21:27,27,11,3861.5,-1638
2022-12-23 08:21:28,4,-2,3861.25,-1640
2022-12-23 08:21:29,7,5,3861.25,-1635
2022-12-23 08:21:30,10,-7,3861.5,-1642
2022-12-23 08:21:33,30,9,3861.5,-1633
2022-12-23 08:21:36,18,7,3861.25,-1626
2022-12-23 08:21:38,8,-6,3861.25,-1632
2022-12-23 08:21:39,11,-3,3861.25,-1635
2022-12-23 08:21:42,28,20,3861.5,-1615
2022-12-23 08:21:43,37,23,3861.75,-1592
2022-12-23 08:21:44,60,46,3862.0,-1546
2022-12-23 08:21:45,1,-1,3861.5,-1547
2022-12-23 08:21:46,1,1,3861.75,-1546
2022-12-23 08:21:47,11,-9,3861.5,-1555
2022-12-23 08:21:49,12,-2,3861.5,-1557
2022-12-23 08:21:50,4,1,3861.5,-1556
2022-12-23 08:21:51,61,-40,3861.25,-1596
2022-12-23 08:21:53,2,2,3860.75,-1594
2022-12-23 08:21:54,23,-13,3860.5,-1607
2022-12-23 08:21:55,26,13,3860.5,-1594
2022-12-23 08:21:56,8,-5,3860.5,-1599
2022-12-23 08:21:57,4,0,3860.75,-1599
2022-12-23 08:21:58,1,-1,3860.25,-1600
2022-12-23 08:21:59,5,0,3860.5,-1600
2022-12-23 08:22:00,2,1,3860.5,-1599
2022-12-23 08:22:01,96,5,3860.5,-1594
2022-12-23 08:22:02,8,1,3860.5,-1593
2022-12-23 08:22:03,3,3,3860.5,-1590
2022-12-23 08:22:05,4,-2,3860.75,-1592
2022-12-23 08:22:06,6,2,3860.5,-1590
2022-12-23 08:22:09,6,2,3860.5,-1588
2022-12-23 08:22:14,5,-5,3860.25,-1593
2022-12-23 08:22:15,5,0,3860.5,-1593
2022-12-23 08:22:16,1,-1,3860.25,-1594
2022-12-23 08:22:17,2,-2,3860.5,-1596
2022-12-23 08:22:19,2,1,3860.5,-1595
2022-12-23 08:22:23,2,-2,3860.5,-1597
2022-12-23 08:22:25,36,0,3860.75,-1597
2022-12-23 08:22:26,1,1,3860.75,-1596
2022-12-23 08:22:29,4,-4,3860.5,-1600
2022-12-23 08:22:34,14,8,3860.75,-1592
2022-12-23 08:22:40,2,-2,3860.5,-1594
2022-12-23 08:22:45,3,-1,3860.75,-1595
2022-12-23 08:22:54,2,0,3860.5,-1595
2022-12-23 08:22:55,1,1,3860.5,-1594
2022-12-23 08:22:56,1,1,3860.5,-1593
2022-12-23 08:22:58,2,-2,3860.5,-1595
2022-12-23 08:22:59,1,-1,3860.5,-1596
2022-12-23 08:23:00,1,1,3860.5,-1595
2022-12-23 08:23:02,13,-7,3860.25,-1602
2022-12-23 08:23:03,1,1,3860.25,-1601
2022-12-23 08:23:04,1,1,3860.25,-1600
2022-12-23 08:23:06,1,-1,3860.25,-1601
2022-12-23 08:23:12,29,4,3860.5,-1597
2022-12-23 08:23:15,14,-9,3860.25,-1606
2022-12-23 08:23:17,2,-2,3860.0,-1608
2022-12-23 08:23:20,1,1,3860.25,-1607
2022-12-23 08:23:23,25,9,3860.25,-1598
2022-12-23 08:23:24,5,3,3860.5,-1595
2022-12-23 08:23:25,13,8,3860.75,-1587
2022-12-23 08:23:26,2,2,3861.0,-1585
2022-12-23 08:23:28,86,28,3861.25,-1557
2022-12-23 08:23:30,1,-1,3861.25,-1558
2022-12-23 08:23:31,25,-7,3861.25,-1565
2022-12-23 08:23:32,2,2,3861.25,-1563
2022-12-23 08:23:33,5,5,3861.25,-1558
2022-12-23 08:23:34,3,-3,3861.25,-1561
2022-12-23 08:23:35,1,1,3861.25,-1560
2022-12-23 08:23:36,20,6,3861.25,-1554
2022-12-23 08:23:38,12,-10,3861.25,-1564
2022-12-23 08:23:39,9,3,3861.25,-1561
2022-12-23 08:23:41,2,2,3861.25,-1559
2022-12-23 08:23:42,19,-5,3861.0,-1564
2022-12-23 08:23:43,15,-10,3860.75,-1574
2022-12-23 08:23:46,1,-1,3860.75,-1575
2022-12-23 08:23:49,1,-1,3860.75,-1576
2022-12-23 08:23:50,5,-3,3861.0,-1579
2022-12-23 08:23:51,1,-1,3860.75,-1580
2022-12-23 08:23:53,3,1,3860.75,-1579
2022-12-23 08:23:57,2,2,3861.0,-1577
2022-12-23 08:23:58,40,-37,3860.75,-1614
2022-12-23 08:24:00,13,1,3860.75,-1613
2022-12-23 08:24:01,5,-5,3860.75,-1618
2022-12-23 08:24:03,5,5,3860.75,-1613
2022-12-23 08:24:04,4,-4,3860.75,-1617
2022-12-23 08:24:08,1,-1,3860.75,-1618
2022-12-23 08:24:11,3,-3,3860.75,-1621
2022-12-23 08:24:14,23,-15,3860.75,-1636
2022-12-23 08:24:17,17,11,3860.75,-1625
2022-12-23 08:24:18,1,1,3861.0,-1624
2022-12-23 08:24:20,14,-7,3860.75,-1631
2022-12-23 08:24:22,1,1,3861.0,-1630
2022-12-23 08:24:24,12,2,3861.0,-1628
2022-12-23 08:24:26,1,1,3861.0,-1627
2022-12-23 08:24:27,1,1,3861.0,-1626
2022-12-23 08:24:34,2,2,3861.0,-1624
2022-12-23 08:24:35,1,1,3861.0,-1623
2022-12-23 08:24:36,96,21,3861.5,-1602
2022-12-23 08:24:37,5,3,3861.25,-1599
2022-12-23 08:24:39,1,-1,3861.25,-1600
2022-12-23 08:24:40,9,-7,3861.25,-1607
2022-12-23 08:24:41,3,1,3861.25,-1606
2022-12-23 08:24:43,43,33,3861.5,-1573
2022-12-23 08:24:45,1,-1,3861.25,-1574
2022-12-23 08:24:46,1,1,3861.5,-1573
2022-12-23 08:24:48,6,-6,3861.25,-1579
2022-12-23 08:24:49,35,20,3861.25,-1559
2022-12-23 08:24:50,1,-1,3861.25,-1560
2022-12-23 08:24:53,6,-6,3861.25,-1566
2022-12-23 08:24:55,9,8,3861.25,-1558
2022-12-23 08:24:58,20,-1,3861.5,-1559
2022-12-23 08:24:59,12,5,3861.75,-1554
2022-12-23 08:25:00,11,-9,3861.5,-1563
2022-12-23 08:25:01,3,2,3861.5,-1561
2022-12-23 08:25:02,30,11,3861.5,-1550
2022-12-23 08:25:03,9,-7,3861.5,-1557
2022-12-23 08:25:06,2,0,3861.5,-1557
2022-12-23 08:25:07,23,14,3861.5,-1543
2022-12-23 08:25:09,1,-1,3861.5,-1544
2022-12-23 08:25:10,25,9,3861.75,-1535
2022-12-23 08:25:12,13,10,3862.0,-1525
2022-12-23 08:25:13,16,-5,3862.0,-1530
2022-12-23 08:25:14,16,-6,3861.5,-1536
2022-12-23 08:25:15,27,9,3861.75,-1527
2022-12-23 08:25:17,5,-5,3861.5,-1532
2022-12-23 08:25:20,15,-9,3861.25,-1541
2022-12-23 08:25:21,11,-9,3861.25,-1550
2022-12-23 08:25:23,5,5,3861.25,-1545
2022-12-23 08:25:25,10,-14,3861.25,-1559
2022-12-23 08:25:27,11,-1,3861.0,-1560
2022-12-23 08:25:29,9,9,3861.25,-1551
2022-12-23 08:25:30,5,-5,3861.25,-1556
2022-12-23 08:25:31,2,0,3861.25,-1556
2022-12-23 08:25:34,5,5,3861.5,-1551
2022-12-23 08:25:35,8,-7,3861.5,-1558
2022-12-23 08:25:37,4,2,3861.5,-1556
2022-12-23 08:25:38,1,-1,3861.25,-1557
2022-12-23 08:25:42,13,-7,3861.25,-1564
2022-12-23 08:25:44,7,-5,3861.0,-1569
2022-12-23 08:25:46,30,-5,3861.0,-1574
2022-12-23 08:25:47,2,-2,3860.75,-1576
2022-12-23 08:25:48,15,11,3861.0,-1565
2022-12-23 08:25:50,3,1,3861.25,-1564
2022-12-23 08:25:54,3,3,3861.25,-1561
2022-12-23 08:25:55,2,1,3861.5,-1560
2022-12-23 08:26:01,13,-9,3861.25,-1569
2022-12-23 08:26:02,10,10,3861.25,-1559
2022-12-23 08:26:04,10,-7,3861.25,-1566
2022-12-23 08:26:06,2,2,3861.25,-1564
2022-12-23 08:26:07,2,2,3861.25,-1562
2022-12-23 08:26:08,1,-1,3861.0,-1563
2022-12-23 08:26:11,11,7,3861.25,-1556
2022-12-23 08:26:12,2,2,3861.5,-1554
2022-12-23 08:26:15,1,-1,3861.25,-1555
2022-12-23 08:26:18,3,2,3861.5,-1553
2022-12-23 08:26:28,7,-7,3861.25,-1560
2022-12-23 08:26:29,3,-3,3861.25,-1563
2022-12-23 08:26:30,10,9,3861.5,-1554
2022-12-23 08:26:31,11,-8,3861.25,-1562
2022-12-23 08:26:32,1,-1,3861.25,-1563
2022-12-23 08:26:38,6,-4,3861.25,-1567
2022-12-23 08:26:41,9,5,3861.25,-1562
2022-12-23 08:26:42,16,7,3861.5,-1555
2022-12-23 08:26:49,10,5,3861.75,-1550
2022-12-23 08:26:50,1,-1,3861.75,-1551
2022-12-23 08:26:53,11,7,3862.0,-1544
2022-12-23 08:27:01,2,2,3862.0,-1542
2022-12-23 08:27:02,38,13,3862.0,-1529
2022-12-23 08:27:03,19,-12,3862.0,-1541
2022-12-23 08:27:05,5,-5,3861.5,-1546
2022-12-23 08:27:07,45,-20,3861.25,-1566
2022-12-23 08:27:10,100,9,3861.0,-1557
2022-12-23 08:27:11,9,-4,3861.0,-1561
2022-12-23 08:27:13,2,-2,3861.0,-1563
2022-12-23 08:27:14,10,-8,3860.75,-1571
2022-12-23 08:27:16,1,1,3861.0,-1570
2022-12-23 08:27:18,2,2,3861.0,-1568
2022-12-23 08:27:23,16,2,3861.0,-1566
2022-12-23 08:27:26,6,0,3860.75,-1566
2022-12-23 08:27:30,25,14,3861.0,-1552
2022-12-23 08:27:32,13,3,3861.0,-1549
2022-12-23 08:27:33,1,-1,3860.75,-1550
2022-12-23 08:27:34,2,2,3861.25,-1548
2022-12-23 08:27:36,4,-3,3861.0,-1551
2022-12-23 08:27:38,43,-17,3861.0,-1568
2022-12-23 08:27:40,28,2,3861.0,-1566
2022-12-23 08:27:41,19,5,3861.0,-1561
2022-12-23 08:27:45,4,4,3861.0,-1557
2022-12-23 08:27:46,54,26,3861.25,-1531
2022-12-23 08:27:50,9,7,3861.5,-1524
2022-12-23 08:27:53,1,1,3861.5,-1523
2022-12-23 08:27:54,49,7,3861.5,-1516
2022-12-23 08:27:57,2,2,3861.5,-1514
2022-12-23 08:27:58,21,-14,3861.25,-1528
2022-12-23 08:28:01,19,-13,3861.0,-1541
2022-12-23 08:28:02,70,10,3861.25,-1531
2022-12-23 08:28:04,8,-5,3861.25,-1536
2022-12-23 08:28:05,4,-2,3861.0,-1538
2022-12-23 08:28:06,1,1,3861.0,-1537
2022-12-23 08:28:07,4,3,3861.0,-1534
2022-12-23 08:28:08,1,1,3861.0,-1533
2022-12-23 08:28:13,15,-4,3861.0,-1537
2022-12-23 08:28:14,9,3,3861.0,-1534
2022-12-23 08:28:16,16,-11,3860.75,-1545
2022-12-23 08:28:17,11,-1,3860.5,-1546
2022-12-23 08:28:19,23,9,3860.75,-1537
2022-12-23 08:28:21,5,1,3860.75,-1536
2022-12-23 08:28:22,29,16,3861.0,-1520
2022-12-23 08:28:24,3,1,3861.25,-1519
2022-12-23 08:28:26,21,-14,3861.0,-1533
2022-12-23 08:28:27,2,2,3861.0,-1531
2022-12-23 08:28:28,2,-2,3860.75,-1533
2022-12-23 08:28:29,15,8,3861.0,-1525
2022-12-23 08:28:30,13,-3,3861.0,-1528
2022-12-23 08:28:32,8,-4,3861.0,-1532
2022-12-23 08:28:33,1,1,3861.0,-1531
2022-12-23 08:28:34,3,3,3861.0,-1528
2022-12-23 08:28:35,5,5,3861.25,-1523
2022-12-23 08:28:37,1,1,3861.25,-1522
2022-12-23 08:28:39,4,2,3861.25,-1520
2022-12-23 08:28:40,12,7,3861.25,-1513
2022-12-23 08:28:41,6,-2,3861.25,-1515
2022-12-23 08:28:42,21,-6,3861.25,-1521
2022-12-23 08:28:43,52,-33,3861.0,-1554
2022-12-23 08:28:44,7,-1,3860.5,-1555
2022-12-23 08:28:45,1,1,3860.75,-1554
2022-12-23 08:28:48,26,0,3860.75,-1554
2022-12-23 08:28:49,21,14,3861.0,-1540
2022-12-23 08:28:51,4,2,3861.0,-1538
2022-12-23 08:28:52,11,5,3861.25,-1533
2022-12-23 08:28:53,1,1,3861.25,-1532
2022-12-23 08:28:54,1,1,3861.25,-1531
2022-12-23 08:28:56,2,2,3861.25,-1529
2022-12-23 08:28:58,5,0,3861.25,-1529
2022-12-23 08:28:59,4,-2,3861.0,-1531
2022-12-23 08:29:00,6,-1,3860.75,-1532
2022-12-23 08:29:01,73,-22,3860.75,-1554
2022-12-23 08:29:02,43,-19,3860.0,-1573
2022-12-23 08:29:03,4,2,3860.25,-1571
2022-12-23 08:29:05,23,18,3860.5,-1553
2022-12-23 08:29:06,6,-4,3860.25,-1557
2022-12-23 08:29:09,3,1,3860.25,-1556
2022-12-23 08:29:10,2,2,3860.25,-1554
2022-12-23 08:29:12,1,1,3860.25,-1553
2022-12-23 08:29:14,8,6,3860.25,-1547
2022-12-23 08:29:15,1,-1,3860.0,-1548
2022-12-23 08:29:16,3,-3,3860.0,-1551
2022-12-23 08:29:17,28,25,3860.5,-1526
2022-12-23 08:29:18,9,3,3860.5,-1523
2022-12-23 08:29:19,45,-30,3860.25,-1553
2022-12-23 08:29:23,1,-1,3860.0,-1554
2022-12-23 08:29:24,6,4,3860.25,-1550
2022-12-23 08:29:25,1,1,3860.25,-1549
2022-12-23 08:29:26,5,-2,3860.25,-1551
2022-12-23 08:29:27,64,5,3860.5,-1546
2022-12-23 08:29:28,2,-2,3860.5,-1548
2022-12-23 08:29:29,6,-2,3860.5,-1550
2022-12-23 08:29:30,60,24,3860.75,-1526
2022-12-23 08:29:31,3,1,3860.5,-1525
2022-12-23 08:29:32,75,-63,3860.25,-1588
2022-12-23 08:29:34,71,17,3860.75,-1571
2022-12-23 08:29:37,9,1,3861.0,-1570
2022-12-23 08:29:38,8,-4,3860.75,-1574
2022-12-23 08:29:39,29,7,3861.0,-1567
2022-12-23 08:29:40,20,4,3861.25,-1563
2022-12-23 08:29:44,43,2,3861.75,-1561
2022-12-23 08:29:45,13,-9,3861.25,-1570
2022-12-23 08:29:46,9,-5,3861.25,-1575
2022-12-23 08:29:49,1,1,3861.25,-1574
2022-12-23 08:29:50,18,0,3861.25,-1574
2022-12-23 08:29:51,67,-41,3860.75,-1615
2022-12-23 08:29:52,14,-12,3860.5,-1627
2022-12-23 08:29:53,15,-8,3860.25,-1635
2022-12-23 08:29:54,398,-211,3859.5,-1846
2022-12-23 08:29:55,80,54,3857.0,-1792
2022-12-23 08:29:56,44,33,3857.75,-1759
2022-12-23 08:29:57,105,-28,3860.0,-1787
2022-12-23 08:29:58,47,-15,3856.5,-1802
2022-12-23 08:29:59,123,-167,3855.25,-1969
2022-12-23 08:30:09,464,-9,3843.5,-1978
2022-12-23 08:30:10,144,32,3845.75,-1946
2022-12-23 08:30:11,287,106,3854.25,-1840
2022-12-23 08:30:12,228,55,3857.0,-1785
2022-12-23 08:30:13,299,-99,3861.25,-1884
2022-12-23 08:30:14,290,-161,3855.0,-2045
2022-12-23 08:30:15,96,14,3843.5,-2031
2022-12-23 08:30:16,206,51,3845.75,-1980
2022-12-23 08:30:17,210,38,3849.25,-1942
2022-12-23 08:30:18,82,52,3851.0,-1890
2022-12-23 08:30:19,192,-79,3851.25,-1969
2022-12-23 08:30:20,115,81,3850.25,-1888
2022-12-23 08:30:21,93,-55,3850.5,-1943
2022-12-23 08:30:22,51,24,3850.0,-1919
2022-12-23 08:30:23,146,0,3851.75,-1919
2022-12-23 08:30:24,252,25,3849.25,-1894
2022-12-23 08:30:25,295,9,3849.25,-1885
2022-12-23 08:30:26,48,9,3848.25,-1876
2022-12-23 08:30:27,129,14,3850.25,-1862
2022-12-23 08:30:28,208,-5,3851.75,-1867
2022-12-23 08:30:29,71,-21,3851.25,-1888
2022-12-23 08:30:30,45,8,3850.25,-1880
2022-12-23 08:30:31,81,1,3849.5,-1879
2022-12-23 08:30:32,61,2,3849.25,-1877
2022-12-23 08:30:33,103,44,3852.25,-1833
2022-12-23 08:30:34,86,1,3853.0,-1832
2022-12-23 08:30:35,124,-19,3852.75,-1851
2022-12-23 08:30:36,77,9,3851.25,-1842
2022-12-23 08:30:37,54,26,3853.25,-1816
2022-12-23 08:30:38,124,-36,3855.5,-1852
2022-12-23 08:30:39,95,16,3853.75,-1836
2022-12-23 08:30:40,99,-8,3854.5,-1844
2022-12-23 08:30:41,42,-10,3854.75,-1854
2022-12-23 08:30:42,69,5,3854.0,-1849
2022-12-23 08:30:43,67,-13,3852.25,-1862
2022-12-23 08:30:44,86,12,3854.25,-1850
2022-12-23 08:30:45,50,5,3854.5,-1845
2022-12-23 08:30:46,41,26,3855.75,-1819
2022-12-23 08:30:47,35,-29,3856.0,-1848
2022-12-23 08:30:48,229,83,3857.5,-1765
2022-12-23 08:30:49,63,-12,3857.0,-1777
2022-12-23 08:30:50,77,-16,3856.25,-1793
2022-12-23 08:30:51,141,-80,3855.0,-1873
2022-12-23 08:30:52,62,21,3855.25,-1852
2022-12-23 08:30:53,73,20,3857.0,-1832
2022-12-23 08:30:54,111,20,3858.0,-1812
2022-12-23 08:30:55,147,-62,3856.75,-1874
2022-12-23 08:30:56,99,72,3855.5,-1802
2022-12-23 08:30:57,247,-5,3856.5,-1807
2022-12-23 08:30:58,91,-12,3855.5,-1819
2022-12-23 08:30:59,81,29,3855.75,-1790
2022-12-23 08:31:00,65,-3,3856.25,-1793
2022-12-23 08:31:01,176,-42,3856.5,-1835
2022-12-23 08:31:02,91,12,3855.0,-1823
2022-12-23 08:31:03,18,21,3855.25,-1802
2022-12-23 08:31:04,66,-18,3856.0,-1820
2022-12-23 08:31:05,118,-45,3855.5,-1865
2022-12-23 08:31:06,154,-19,3856.25,-1884
2022-12-23 08:31:07,60,29,3855.75,-1855
2022-12-23 08:31:08,177,-43,3855.75,-1898
2022-12-23 08:31:09,76,-22,3855.0,-1920
2022-12-23 08:31:10,114,-21,3855.75,-1941
2022-12-23 08:31:11,91,-9,3855.75,-1950
2022-12-23 08:31:12,49,9,3855.5,-1941
2022-12-23 08:31:13,76,-37,3855.25,-1978
2022-12-23 08:31:14,149,-64,3853.75,-2042
2022-12-23 08:31:15,145,-65,3852.0,-2107
2022-12-23 08:31:16,90,15,3849.75,-2092
2022-12-23 08:31:17,183,-49,3849.5,-2141
2022-12-23 08:31:18,86,13,3850.5,-2128
2022-12-23 08:31:19,23,2,3850.5,-2126
2022-12-23 08:31:20,44,-5,3850.5,-2131
2022-12-23 08:31:21,88,8,3851.75,-2123
2022-12-23 08:31:22,115,-28,3851.5,-2151
2022-12-23 08:31:23,78,-73,3849.75,-2224
2022-12-23 08:31:24,97,83,3850.5,-2141
2022-12-23 08:31:25,111,-66,3850.25,-2207
2022-12-23 08:31:26,54,1,3849.25,-2206
2022-12-23 08:31:27,164,11,3849.75,-2195
2022-12-23 08:31:28,43,-4,3850.0,-2199
2022-12-23 08:31:29,48,-18,3849.25,-2217
2022-12-23 08:31:30,50,13,3849.25,-2204
2022-12-23 08:31:31,64,-24,3849.5,-2228
2022-12-23 08:31:32,106,9,3849.75,-2219
2022-12-23 08:31:33,37,9,3849.5,-2210
2022-12-23 08:31:34,13,0,3849.5,-2210
2022-12-23 08:31:35,113,-60,3849.5,-2270
2022-12-23 08:31:36,19,0,3848.75,-2270
2022-12-23 08:31:37,8,2,3848.75,-2268
2022-12-23 08:31:38,33,9,3849.0,-2259
2022-12-23 08:31:39,30,14,3849.5,-2245
2022-12-23 08:31:40,27,-14,3849.25,-2259
2022-12-23 08:31:41,13,-6,3849.0,-2265
2022-12-23 08:31:42,51,17,3850.25,-2248
2022-12-23 08:31:43,11,9,3850.5,-2239
2022-12-23 08:31:44,31,5,3850.75,-2234
2022-12-23 08:31:45,25,12,3850.75,-2222
2022-12-23 08:31:46,66,10,3850.75,-2212
2022-12-23 08:31:47,17,9,3851.25,-2203
2022-12-23 08:31:48,8,4,3851.25,-2199
2022-12-23 08:31:49,69,-5,3851.25,-2204
2022-12-23 08:31:50,16,-20,3851.0,-2224
2022-12-23 08:31:51,12,-6,3850.5,-2230
2022-12-23 08:31:52,48,52,3851.0,-2178
2022-12-23 08:31:53,22,2,3851.25,-2176
2022-12-23 08:31:54,58,0,3851.0,-2176
2022-12-23 08:31:55,8,4,3850.5,-2172
2022-12-23 08:31:56,83,25,3850.5,-2147
2022-12-23 08:31:57,19,-6,3850.5,-2153
2022-12-23 08:31:58,68,-30,3850.25,-2183
2022-12-23 08:31:59,126,-7,3849.0,-2190
2022-12-23 08:32:00,69,-6,3848.0,-2196
2022-12-23 08:32:01,46,28,3848.75,-2168
2022-12-23 08:32:02,29,-3,3849.0,-2171
2022-12-23 08:32:03,58,-6,3849.0,-2177
2022-12-23 08:32:04,107,47,3849.25,-2130
2022-12-23 08:32:05,23,-1,3849.5,-2131
2022-12-23 08:32:06,36,19,3849.75,-2112
2022-12-23 08:32:07,49,-7,3849.75,-2119
2022-12-23 08:32:08,79,-24,3849.25,-2143
2022-12-23 08:32:09,43,-20,3848.0,-2163
2022-12-23 08:32:10,121,-13,3847.5,-2176
2022-12-23 08:32:11,341,-50,3847.25,-2226
2022-12-23 08:32:12,65,-7,3846.5,-2233
2022-12-23 08:32:13,42,4,3846.0,-2229
2022-12-23 08:32:14,170,-41,3846.0,-2270
2022-12-23 08:32:15,96,-13,3846.25,-2283
2022-12-23 08:32:16,203,-44,3845.5,-2327
2022-12-23 08:32:17,111,-12,3844.25,-2339
2022-12-23 08:32:18,113,-4,3844.0,-2343
2022-12-23 08:32:19,403,-79,3843.25,-2422
2022-12-23 08:32:20,239,-36,3841.75,-2458
2022-12-23 08:32:21,167,-78,3840.25,-2536
2022-12-23 08:32:22,211,36,3841.0,-2500
2022-12-23 08:32:23,192,-41,3841.25,-2541
2022-12-23 08:32:24,175,-60,3840.75,-2601
2022-12-23 08:32:25,163,34,3840.75,-2567
2022-12-23 08:32:26,293,187,3842.5,-2380
2022-12-23 08:32:27,104,24,3842.0,-2356
2022-12-23 08:32:28,83,25,3842.25,-2331
2022-12-23 08:32:29,141,-11,3843.0,-2342
2022-12-23 08:32:30,96,23,3841.5,-2319
2022-12-23 08:32:31,215,3,3841.5,-2316
2022-12-23 08:32:32,152,-10,3839.75,-2326
2022-12-23 08:32:33,242,-125,3838.5,-2451
2022-12-23 08:32:34,148,-9,3838.25,-2460
2022-12-23 08:32:35,100,4,3837.5,-2456
2022-12-23 08:32:36,103,-45,3837.25,-2501
2022-12-23 08:32:37,117,13,3837.0,-2488
2022-12-23 08:32:38,77,-2,3836.75,-2490
2022-12-23 08:32:39,179,8,3837.5,-2482
2022-12-23 08:32:40,105,8,3837.75,-2474
2022-12-23 08:32:41,76,3,3837.5,-2471
2022-12-23 08:32:42,116,-7,3837.75,-2478
2022-12-23 08:32:43,40,8,3837.0,-2470
2022-12-23 08:32:44,435,-137,3836.75,-2607
2022-12-23 08:32:45,190,35,3836.75,-2572
2022-12-23 08:32:46,91,-34,3837.25,-2606
2022-12-23 08:32:47,92,-1,3837.25,-2607
2022-12-23 08:32:48,166,3,3837.75,-2604
2022-12-23 08:32:49,64,15,3837.25,-2589
2022-12-23 08:32:50,113,23,3837.5,-2566
2022-12-23 08:32:51,197,-140,3836.75,-2706
2022-12-23 08:32:52,154,59,3836.75,-2647
2022-12-23 08:32:53,75,26,3837.5,-2621
2022-12-23 08:32:54,102,-19,3838.25,-2640
2022-12-23 08:32:55,109,45,3838.0,-2595
2022-12-23 08:32:56,38,3,3838.5,-2592
2022-12-23 08:32:57,43,0,3838.25,-2592
2022-12-23 08:32:58,39,-3,3837.5,-2595
2022-12-23 08:32:59,35,-9,3837.25,-2604
2022-12-23 08:33:00,87,-7,3837.25,-2611
2022-12-23 08:33:01,78,-25,3836.75,-2636
2022-12-23 08:33:02,68,11,3837.0,-2625
2022-12-23 08:33:03,122,0,3837.25,-2625
2022-12-23 08:33:04,65,3,3837.5,-2622
2022-12-23 08:33:05,59,-6,3837.5,-2628
2022-12-23 08:33:06,27,-3,3838.0,-2631
2022-12-23 08:33:07,207,-34,3838.0,-2665
2022-12-23 08:33:08,162,-42,3836.5,-2707
2022-12-23 08:33:09,24,-4,3835.75,-2711
2022-12-23 08:33:10,77,11,3836.25,-2700
2022-12-23 08:33:11,157,-49,3836.0,-2749
2022-12-23 08:33:12,143,15,3836.0,-2734
2022-12-23 08:33:13,75,23,3837.25,-2711
2022-12-23 08:33:14,81,-13,3837.75,-2724
2022-12-23 08:33:15,43,-5,3836.75,-2729
2022-12-23 08:33:16,97,1,3836.5,-2728
2022-12-23 08:33:17,52,10,3836.25,-2718
2022-12-23 08:33:18,37,-11,3836.5,-2729
2022-12-23 08:33:19,56,-25,3836.25,-2754
2022-12-23 08:33:20,50,11,3835.75,-2743
2022-12-23 08:33:21,57,-29,3836.0,-2772
2022-12-23 08:33:22,407,-191,3835.75,-2963
2022-12-23 08:33:23,110,45,3833.75,-2918
2022-12-23 08:33:24,72,-5,3834.5,-2923
2022-12-23 08:33:25,98,-41,3834.25,-2964
2022-12-23 08:33:26,78,-7,3833.5,-2971
2022-12-23 08:33:27,125,-68,3833.0,-3039
2022-12-23 08:33:28,79,-8,3832.25,-3047
2022-12-23 08:33:29,62,14,3832.5,-3033
2022-12-23 08:33:30,85,19,3833.25,-3014
2022-12-23 08:33:31,125,8,3834.0,-3006
2022-12-23 08:33:32,52,3,3833.0,-3003
2022-12-23 08:33:33,39,3,3832.5,-3000
2022-12-23 08:33:34,122,-125,3832.25,-3125
2022-12-23 08:33:35,84,29,3832.75,-3096
2022-12-23 08:33:36,52,16,3833.25,-3080
2022-12-23 08:33:37,180,-125,3833.0,-3205
2022-12-23 08:33:38,79,-3,3832.5,-3208
2022-12-23 08:33:39,51,-12,3831.5,-3220
2022-12-23 08:33:40,77,11,3831.5,-3209
2022-12-23 08:33:41,50,-2,3831.25,-3211
2022-12-23 08:33:42,53,0,3831.5,-3211
2022-12-23 08:33:43,43,4,3831.75,-3207
2022-12-23 08:33:44,70,-15,3831.25,-3222
2022-12-23 08:33:45,40,10,3831.5,-3212
2022-12-23 08:33:46,96,27,3832.5,-3185
2022-12-23 08:33:47,36,6,3832.5,-3179
2022-12-23 08:33:48,68,18,3833.0,-3161
2022-12-23 08:33:49,27,-14,3832.75,-3175
2022-12-23 08:33:50,120,-45,3832.5,-3220
2022-12-23 08:33:51,53,5,3832.5,-3215
2022-12-23 08:33:52,92,25,3832.75,-3190
2022-12-23 08:33:53,196,26,3833.5,-3164
2022-12-23 08:33:54,110,-14,3833.25,-3178
2022-12-23 08:33:55,30,8,3833.75,-3170
2022-12-23 08:33:56,98,49,3834.5,-3121
2022-12-23 08:33:57,76,5,3834.25,-3116
2022-12-23 08:33:58,23,14,3834.5,-3102
2022-12-23 08:33:59,61,6,3834.75,-3096
2022-12-23 08:34:00,104,38,3834.75,-3058
2022-12-23 08:34:01,115,71,3835.5,-2987
2022-12-23 08:34:02,31,6,3834.75,-2981
2022-12-23 08:34:03,53,24,3835.5,-2957
2022-12-23 08:34:04,52,-10,3835.0,-2967
2022-12-23 08:34:05,76,15,3834.75,-2952
2022-12-23 08:34:06,50,-21,3834.75,-2973
2022-12-23 08:34:07,50,38,3835.0,-2935
2022-12-23 08:34:08,59,-14,3834.75,-2949
2022-12-23 08:34:09,74,14,3834.25,-2935
2022-12-23 08:34:10,23,16,3835.0,-2919
2022-12-23 08:34:11,115,17,3835.25,-2902
2022-12-23 08:34:12,129,59,3836.25,-2843
2022-12-23 08:34:13,80,2,3836.75,-2841
2022-12-23 08:34:14,240,166,3837.25,-2675
2022-12-23 08:34:15,60,-3,3837.0,-2678
2022-12-23 08:34:16,44,-6,3837.0,-2684
2022-12-23 08:34:17,42,2,3837.25,-2682
2022-12-23 08:34:18,34,-7,3837.0,-2689
2022-12-23 08:34:19,17,5,3837.25,-2684
2022-12-23 08:34:20,94,-6,3837.25,-2690
2022-12-23 08:34:21,90,-35,3836.75,-2725
2022-12-23 08:34:22,96,-22,3836.5,-2747
2022-12-23 08:34:23,12,2,3835.75,-2745
2022-12-23 08:34:24,97,22,3836.25,-2723
2022-12-23 08:34:25,73,-8,3836.5,-2731
2022-12-23 08:34:26,42,23,3836.75,-2708
2022-12-23 08:34:27,23,15,3837.0,-2693
2022-12-23 08:34:28,30,5,3837.25,-2688
2022-12-23 08:34:29,51,-5,3837.25,-2693
2022-12-23 08:34:30,13,-1,3837.25,-2694
2022-12-23 08:34:31,39,-17,3836.75,-2711
2022-12-23 08:34:32,54,20,3836.75,-2691
2022-12-23 08:34:33,97,17,3837.75,-2674
2022-12-23 08:34:34,34,-14,3837.5,-2688
2022-12-23 08:34:35,52,16,3837.75,-2672
2022-12-23 08:34:36,208,68,3839.5,-2604
2022-12-23 08:34:37,50,38,3839.5,-2566
2022-12-23 08:34:38,65,54,3840.0,-2512
2022-12-23 08:34:39,149,47,3840.5,-2465
2022-12-23 08:34:40,152,-56,3840.25,-2521
2022-12-23 08:34:41,93,20,3840.0,-2501
2022-12-23 08:34:42,36,19,3840.0,-2482
2022-12-23 08:34:43,67,-17,3839.75,-2499
2022-12-23 08:34:44,35,-18,3839.25,-2517
2022-12-23 08:34:45,64,23,3839.0,-2494
2022-12-23 08:34:46,38,-19,3839.0,-2513
2022-12-23 08:34:47,20,-6,3838.75,-2519
2022-12-23 08:34:48,42,-18,3838.75,-2537
2022-12-23 08:34:49,16,4,3838.5,-2533
2022-12-23 08:34:50,65,16,3838.75,-2517
2022-12-23 08:34:51,35,-15,3838.5,-2532
2022-12-23 08:34:52,61,-31,3838.25,-2563
2022-12-23 08:34:53,31,-7,3838.25,-2570
2022-12-23 08:34:54,71,-18,3837.75,-2588
2022-12-23 08:34:55,42,30,3838.5,-2558
2022-12-23 08:34:56,38,14,3838.75,-2544
2022-12-23 08:34:57,28,5,3839.0,-2539
2022-12-23 08:34:58,79,14,3839.0,-2525
2022-12-23 08:34:59,41,40,3839.25,-2485
2022-12-23 08:35:00,76,0,3839.5,-2485
2022-12-23 08:35:01,18,8,3839.25,-2477
2022-12-23 08:35:02,37,-10,3839.25,-2487
2022-12-23 08:35:03,6,2,3839.0,-2485
2022-12-23 08:35:04,98,14,3839.25,-2471
2022-12-23 08:35:05,37,11,3839.75,-2460
2022-12-23 08:35:06,29,-2,3839.75,-2462
2022-12-23 08:35:07,66,16,3840.0,-2446
2022-12-23 08:35:08,47,13,3840.25,-2433
2022-12-23 08:35:09,99,35,3840.75,-2398
2022-12-23 08:35:10,99,13,3841.0,-2385
2022-12-23 08:35:11,50,-6,3841.0,-2391
2022-12-23 08:35:12,127,-14,3841.25,-2405
2022-12-23 08:35:13,83,33,3841.25,-2372
2022-12-23 08:35:14,76,-18,3841.25,-2390
2022-12-23 08:35:15,71,-36,3841.0,-2426
2022-12-23 08:35:16,62,-24,3840.5,-2450
2022-12-23 08:35:17,60,2,3840.25,-2448
2022-12-23 08:35:18,24,6,3840.25,-2442
2022-12-23 08:35:19,21,11,3840.5,-2431
2022-12-23 08:35:20,89,50,3841.0,-2381
2022-12-23 08:35:21,38,-16,3841.0,-2397
2022-12-23 08:35:22,57,-23,3841.0,-2420
2022-12-23 08:35:23,27,5,3840.5,-2415
2022-12-23 08:35:24,38,-13,3840.25,-2428
2022-12-23 08:35:25,22,-9,3840.25,-2437
2022-12-23 08:35:26,61,7,3840.5,-2430
2022-12-23 08:35:27,32,-6,3840.5,-2436
2022-12-23 08:35:28,13,-9,3840.75,-2445
2022-12-23 08:35:29,87,-14,3840.25,-2459
2022-12-23 08:35:30,18,4,3840.0,-2455
2022-12-23 08:35:31,54,8,3840.25,-2447
2022-12-23 08:35:32,32,14,3840.25,-2433
2022-12-23 08:35:33,12,2,3840.0,-2431
2022-12-23 08:35:34,47,29,3840.5,-2402
2022-12-23 08:35:35,112,-65,3840.0,-2467
2022-12-23 08:35:36,53,-3,3839.25,-2470
2022-12-23 08:35:37,40,-9,3839.25,-2479
2022-12-23 08:35:38,42,-19,3839.0,-2498
2022-12-23 08:35:39,414,-74,3838.75,-2572
2022-12-23 08:35:40,94,0,3838.0,-2572
2022-12-23 08:35:41,26,-3,3838.0,-2575
2022-12-23 08:35:42,56,-14,3838.25,-2589
2022-12-23 08:35:43,64,-19,3837.25,-2608
2022-12-23 08:35:44,25,5,3837.0,-2603
2022-12-23 08:35:45,32,-3,3836.75,-2606
2022-12-23 08:35:46,44,21,3837.25,-2585
2022-12-23 08:35:47,12,-2,3837.5,-2587
2022-12-23 08:35:48,32,-11,3837.5,-2598
2022-12-23 08:35:49,43,-25,3836.5,-2623
2022-12-23 08:35:50,38,7,3836.75,-2616
2022-12-23 08:35:51,18,2,3836.75,-2614
2022-12-23 08:35:52,22,28,3836.75,-2586
2022-12-23 08:35:53,45,11,3837.25,-2575
2022-12-23 08:35:54,12,4,3837.25,-2571
2022-12-23 08:35:55,19,5,3837.25,-2566
2022-12-23 08:35:56,85,-79,3837.25,-2645
2022-12-23 08:35:57,33,-5,3836.5,-2650
2022-12-23 08:35:58,34,23,3836.75,-2627
2022-12-23 08:35:59,36,-6,3836.75,-2633
2022-12-23 08:36:00,84,-46,3836.75,-2679
2022-12-23 08:36:01,50,27,3836.0,-2652
2022-12-23 08:36:02,24,4,3836.0,-2648
2022-12-23 08:36:03,37,-6,3836.25,-2654
2022-12-23 08:36:04,78,16,3837.0,-2638
2022-12-23 08:36:05,37,-18,3836.75,-2656
2022-12-23 08:36:06,17,1,3836.75,-2655
2022-12-23 08:36:07,17,6,3837.5,-2649
2022-12-23 08:36:08,12,-8,3837.5,-2657
2022-12-23 08:36:09,26,-1,3837.0,-2658
2022-12-23 08:36:10,12,10,3837.25,-2648
2022-12-23 08:36:11,21,6,3837.25,-2642
2022-12-23 08:36:12,50,32,3838.0,-2610
2022-12-23 08:36:13,60,22,3838.75,-2588
2022-12-23 08:36:14,5,1,3838.5,-2587
2022-12-23 08:36:15,17,-1,3838.25,-2588
2022-12-23 08:36:16,16,2,3838.25,-2586
2022-12-23 08:36:17,31,11,3838.25,-2575
2022-12-23 08:36:18,4,4,3838.25,-2571
2022-12-23 08:36:19,45,11,3838.75,-2560
2022-12-23 08:36:20,5,1,3838.25,-2559
2022-12-23 08:36:21,15,-1,3838.25,-2560
2022-12-23 08:36:22,9,-1,3838.25,-2561
2022-12-23 08:36:23,46,18,3839.0,-2543
2022-12-23 08:36:24,14,10,3839.25,-2533
2022-12-23 08:36:25,62,19,3839.75,-2514
2022-12-23 08:36:26,31,-13,3839.75,-2527
2022-12-23 08:36:27,35,8,3839.5,-2519
2022-12-23 08:36:28,20,6,3839.75,-2513
2022-12-23 08:36:29,12,4,3839.75,-2509
2022-12-23 08:36:30,5,1,3839.5,-2508
2022-12-23 08:36:31,22,1,3839.5,-2507
2022-12-23 08:36:32,55,7,3840.0,-2500
2022-12-23 08:36:33,42,-7,3840.0,-2507
2022-12-23 08:36:34,24,6,3840.0,-2501
2022-12-23 08:36:35,33,7,3840.25,-2494
2022-12-23 08:36:36,54,-6,3840.25,-2500
2022-12-23 08:36:37,30,-4,3839.75,-2504
2022-12-23 08:36:38,13,8,3840.0,-2496
2022-12-23 08:36:39,44,2,3839.75,-2494
2022-12-23 08:36:40,45,-17,3839.5,-2511
2022-12-23 08:36:41,16,5,3839.75,-2506
2022-12-23 08:36:42,24,16,3840.25,-2490
2022-12-23 08:36:43,43,-3,3840.75,-2493
2022-12-23 08:36:44,10,1,3840.0,-2492
2022-12-23 08:36:45,31,-6,3840.25,-2498
2022-12-23 08:36:46,7,3,3840.0,-2495
2022-12-23 08:36:47,5,1,3840.0,-2494
2022-12-23 08:36:48,14,3,3840.0,-2491
2022-12-23 08:36:49,24,8,3840.25,-2483
2022-12-23 08:36:50,58,11,3840.5,-2472
2022-12-23 08:36:51,114,56,3841.5,-2416
2022-12-23 08:36:52,20,0,3841.25,-2416
2022-12-23 08:36:53,89,-61,3841.25,-2477
2022-12-23 08:36:54,61,-34,3840.75,-2511
2022-12-23 08:36:55,31,11,3840.5,-2500
2022-12-23 08:36:56,114,107,3841.25,-2393
2022-12-23 08:36:57,81,56,3841.75,-2337
2022-12-23 08:36:58,54,9,3841.75,-2328
2022-12-23 08:36:59,27,-14,3841.75,-2342
2022-12-23 08:37:00,186,-4,3841.5,-2346
2022-12-23 08:37:01,66,16,3841.75,-2330
2022-12-23 08:37:02,59,19,3842.25,-2311
2022-12-23 08:37:03,115,32,3843.0,-2279
2022-12-23 08:37:04,94,27,3843.75,-2252
2022-12-23 08:37:05,56,-17,3843.5,-2269
2022-12-23 08:37:06,61,-4,3843.25,-2273
2022-12-23 08:37:07,58,12,3843.25,-2261
2022-12-23 08:37:08,64,14,3843.75,-2247
2022-12-23 08:37:09,82,38,3844.5,-2209
2022-12-23 08:37:10,99,-55,3844.5,-2264
2022-12-23 08:37:11,63,17,3844.25,-2247
2022-12-23 08:37:12,106,-67,3844.0,-2314
2022-12-23 08:37:13,56,27,3843.25,-2287
2022-12-23 08:37:14,23,-5,3843.0,-2292
2022-12-23 08:37:15,50,-2,3842.75,-2294
2022-12-23 08:37:16,21,0,3842.75,-2294
2022-12-23 08:37:17,32,9,3843.25,-2285
2022-12-23 08:37:18,51,7,3843.75,-2278
2022-12-23 08:37:19,35,17,3843.75,-2261
2022-12-23 08:37:20,19,-12,3843.5,-2273
2022-12-23 08:37:21,10,-8,3843.5,-2281
2022-12-23 08:37:22,6,4,3843.25,-2277
2022-12-23 08:37:23,12,-2,3843.25,-2279
2022-12-23 08:37:24,25,-6,3843.5,-2285
2022-12-23 08:37:25,30,16,3843.5,-2269
2022-12-23 08:37:26,16,-9,3843.75,-2278
2022-12-23 08:37:27,23,7,3843.5,-2271
2022-12-23 08:37:28,84,-69,3843.5,-2340
2022-12-23 08:37:29,11,4,3843.5,-2336
2022-12-23 08:37:30,53,13,3843.5,-2323
2022-12-23 08:37:31,16,-7,3843.5,-2330
2022-12-23 08:37:32,14,5,3843.5,-2325
2022-12-23 08:37:33,23,-9,3843.5,-2334
2022-12-23 08:37:34,6,-3,3843.75,-2337
2022-12-23 08:37:35,60,33,3844.5,-2304
2022-12-23 08:37:36,33,-8,3844.5,-2312
2022-12-23 08:37:37,20,-3,3844.25,-2315
2022-12-23 08:37:38,40,-13,3843.5,-2328
2022-12-23 08:37:39,88,-25,3843.5,-2353
2022-12-23 08:37:40,43,-3,3842.75,-2356
2022-12-23 08:37:41,64,8,3842.75,-2348
2022-12-23 08:37:42,49,-17,3842.5,-2365
2022-12-23 08:37:43,18,3,3842.25,-2362
2022-12-23 08:37:44,2,0,3842.25,-2362
2022-12-23 08:37:45,10,2,3842.25,-2360
2022-12-23 08:37:46,9,-1,3842.5,-2361
2022-12-23 08:37:47,42,17,3842.5,-2344
2022-12-23 08:37:48,18,7,3842.75,-2337
2022-12-23 08:37:49,24,-4,3842.75,-2341
2022-12-23 08:37:50,17,3,3842.5,-2338
2022-12-23 08:37:51,42,14,3842.75,-2324
2022-12-23 08:37:52,8,6,3843.0,-2318
2022-12-23 08:37:53,37,-1,3843.25,-2319
2022-12-23 08:37:54,48,18,3843.75,-2301
2022-12-23 08:37:55,33,-1,3844.25,-2302
2022-12-23 08:37:56,55,25,3844.25,-2277
2022-12-23 08:37:57,15,3,3844.0,-2274
2022-12-23 08:37:58,27,7,3844.0,-2267
2022-12-23 08:37:59,12,6,3844.25,-2261
2022-12-23 08:38:00,116,48,3845.25,-2213
2022-12-23 08:38:01,60,-15,3845.5,-2228
2022-12-23 08:38:02,22,-10,3845.25,-2238
2022-12-23 08:38:03,56,-25,3844.75,-2263
2022-12-23 08:38:04,32,-10,3844.5,-2273
2022-12-23 08:38:05,11,-4,3844.25,-2277
2022-12-23 08:38:06,40,-13,3843.75,-2290
2022-12-23 08:38:07,8,-2,3843.75,-2292
2022-12-23 08:38:08,10,1,3843.75,-2291
2022-12-23 08:38:09,14,4,3843.75,-2287
2022-12-23 08:38:10,24,19,3844.0,-2268
2022-12-23 08:38:11,30,19,3844.5,-2249
2022-12-23 08:38:12,34,-5,3844.75,-2254
2022-12-23 08:38:13,14,-2,3844.5,-2256
2022-12-23 08:38:14,69,-76,3844.5,-2332
2022-12-23 08:38:15,20,-12,3843.75,-2344
2022-12-23 08:38:16,23,31,3844.0,-2313
2022-12-23 08:38:17,4,-2,3844.25,-2315
2022-12-23 08:38:18,44,39,3844.25,-2276
2022-12-23 08:38:19,3,-3,3844.25,-2279
2022-12-23 08:38:20,51,-11,3844.0,-2290
2022-12-23 08:38:21,11,8,3844.0,-2282
2022-12-23 08:38:22,12,6,3844.0,-2276
2022-12-23 08:38:23,10,-4,3844.0,-2280
2022-12-23 08:38:24,16,5,3844.25,-2275
2022-12-23 08:38:25,28,0,3844.5,-2275
2022-12-23 08:38:26,4,-1,3844.5,-2276
2022-12-23 08:38:27,16,-6,3844.5,-2282
2022-12-23 08:38:28,208,75,3846.0,-2207
2022-12-23 08:38:29,17,-1,3845.5,-2208
2022-12-23 08:38:30,20,5,3845.5,-2203
2022-12-23 08:38:31,11,-2,3845.0,-2205
2022-12-23 08:38:32,15,9,3845.25,-2196
2022-12-23 08:38:33,16,6,3845.5,-2190
2022-12-23 08:38:34,42,6,3845.75,-2184
2022-12-23 08:38:35,9,9,3845.5,-2175
2022-12-23 08:38:36,5,-3,3845.75,-2178
2022-12-23 08:38:37,17,10,3846.0,-2168
2022-12-23 08:38:38,37,16,3846.25,-2152
2022-12-23 08:38:39,21,11,3846.25,-2141
2022-12-23 08:38:40,44,43,3846.5,-2098
2022-12-23 08:38:41,49,50,3846.5,-2048
2022-12-23 08:38:42,126,36,3847.0,-2012
2022-12-23 08:38:43,19,5,3846.75,-2007
2022-12-23 08:38:44,52,-20,3846.5,-2027
2022-12-23 08:38:45,47,25,3846.5,-2002
2022-12-23 08:38:46,13,-11,3846.5,-2013
2022-12-23 08:38:47,30,26,3847.25,-1987
2022-12-23 08:38:48,19,11,3847.25,-1976
2022-12-23 08:38:49,19,1,3847.25,-1975
2022-12-23 08:38:50,46,21,3847.75,-1954
2022-12-23 08:38:51,159,-8,3848.5,-1962
2022-12-23 08:38:52,37,20,3848.5,-1942
2022-12-23 08:38:53,41,11,3848.75,-1931
2022-12-23 08:38:54,32,-4,3848.75,-1935
2022-12-23 08:38:55,285,141,3851.0,-1794
2022-12-23 08:38:56,184,-1,3851.5,-1795
2022-12-23 08:38:57,92,22,3851.25,-1773
2022-12-23 08:38:58,92,-26,3851.25,-1799
2022-12-23 08:38:59,52,10,3851.0,-1789
2022-12-23 08:39:00,65,-5,3851.5,-1794
2022-12-23 08:39:01,58,-9,3851.75,-1803
2022-12-23 08:39:02,33,5,3851.75,-1798
2022-12-23 08:39:03,145,65,3853.25,-1733
2022-12-23 08:39:04,163,0,3854.25,-1733
2022-12-23 08:39:05,30,3,3854.25,-1730
2022-12-23 08:39:06,114,-10,3854.25,-1740
2022-12-23 08:39:07,95,34,3855.0,-1706
2022-12-23 08:39:08,33,-5,3855.0,-1711
2022-12-23 08:39:09,212,123,3856.0,-1588
2022-12-23 08:39:10,74,52,3856.25,-1536
2022-12-23 08:39:11,120,6,3856.5,-1530
2022-12-23 08:39:12,212,-105,3857.5,-1635
2022-12-23 08:39:13,73,22,3857.0,-1613
2022-12-23 08:39:14,81,21,3857.5,-1592
2022-12-23 08:39:15,100,31,3857.5,-1561
2022-12-23 08:39:16,55,3,3857.5,-1558
2022-12-23 08:39:17,64,32,3857.5,-1526
2022-12-23 08:39:18,60,-9,3857.5,-1535
2022-12-23 08:39:19,155,-6,3857.25,-1541
2022-12-23 08:39:20,131,45,3857.25,-1496
2022-12-23 08:39:21,85,-13,3856.5,-1509
2022-12-23 08:39:22,91,20,3856.0,-1489
2022-12-23 08:39:23,97,-9,3855.5,-1498
2022-12-23 08:39:24,48,-23,3855.5,-1521
2022-12-23 08:39:25,24,-2,3855.5,-1523
2022-12-23 08:39:26,176,21,3856.75,-1502
2022-12-23 08:39:27,64,27,3856.75,-1475
2022-12-23 08:39:28,44,0,3857.0,-1475
2022-12-23 08:39:29,29,1,3857.0,-1474
2022-12-23 08:39:30,347,85,3858.5,-1389
2022-12-23 08:39:31,100,28,3859.25,-1361
2022-12-23 08:39:32,63,-9,3859.5,-1370
2022-12-23 08:39:33,75,39,3859.75,-1331
2022-12-23 08:39:34,183,45,3861.0,-1286
2022-12-23 08:39:35,265,13,3862.25,-1273
2022-12-23 08:39:36,184,20,3863.25,-1253
2022-12-23 08:39:37,168,-4,3863.75,-1257
2022-12-23 08:39:38,215,77,3864.0,-1180
2022-12-23 08:39:39,126,1,3863.75,-1179
2022-12-23 08:39:40,174,28,3864.5,-1151
2022-12-23 08:39:41,72,-18,3864.25,-1169
2022-12-23 08:39:42,84,7,3864.25,-1162
2022-12-23 08:39:43,116,-16,3864.75,-1178
2022-12-23 08:39:44,247,7,3865.75,-1171
2022-12-23 08:39:45,103,-37,3864.75,-1208
2022-12-23 08:39:46,60,2,3864.0,-1206
2022-12-23 08:39:47,95,-22,3864.0,-1228
2022-12-23 08:39:48,106,-57,3863.25,-1285
2022-12-23 08:39:49,120,57,3862.5,-1228
2022-12-23 08:39:50,159,-100,3862.5,-1328
2022-12-23 08:39:51,39,-4,3862.0,-1332
2022-12-23 08:39:52,52,-37,3861.75,-1369
2022-12-23 08:39:53,32,-3,3861.5,-1372
2022-12-23 08:39:54,49,5,3861.5,-1367
2022-12-23 08:39:55,154,-65,3861.25,-1432
2022-12-23 08:39:56,24,7,3861.5,-1425
2022-12-23 08:39:57,130,38,3862.25,-1387
2022-12-23 08:39:58,108,-44,3861.75,-1431
2022-12-23 08:39:59,64,-27,3860.75,-1458
2022-12-23 08:40:00,104,-26,3860.0,-1484
2022-12-23 08:40:01,183,45,3860.0,-1439
2022-12-23 08:40:02,19,-6,3860.25,-1445
2022-12-23 08:40:03,110,-39,3859.75,-1484
2022-12-23 08:40:04,34,17,3859.5,-1467
2022-12-23 08:40:05,112,-13,3859.75,-1480
2022-12-23 08:40:06,44,-2,3859.25,-1482
2022-12-23 08:40:07,52,-53,3859.0,-1535
2022-12-23 08:40:08,31,11,3859.25,-1524
2022-12-23 08:40:09,122,61,3860.0,-1463
2022-12-23 08:40:10,70,-44,3860.0,-1507
2022-12-23 08:40:11,13,-1,3859.25,-1508
2022-12-23 08:40:12,28,-11,3858.75,-1519
2022-12-23 08:40:13,13,3,3859.0,-1516
2022-12-23 08:40:14,93,-54,3858.75,-1570
2022-12-23 08:40:15,126,-20,3857.75,-1590
2022-12-23 08:40:16,37,1,3857.5,-1589
2022-12-23 08:40:17,76,-19,3858.25,-1608
2022-12-23 08:40:18,35,-18,3857.75,-1626
2022-12-23 08:40:19,16,0,3857.25,-1626
2022-12-23 08:40:20,82,-15,3857.25,-1641
2022-12-23 08:40:21,34,3,3857.0,-1638
2022-12-23 08:40:22,223,58,3857.75,-1580
2022-12-23 08:40:23,44,-26,3857.25,-1606
2022-12-23 08:40:24,26,-18,3857.0,-1624
2022-12-23 08:40:25,18,7,3856.75,-1617
2022-12-23 08:40:26,20,-11,3857.0,-1628
2022-12-23 08:40:27,25,-16,3857.0,-1644
2022-12-23 08:40:28,99,-53,3856.0,-1697
2022-12-23 08:40:29,32,3,3855.75,-1694
2022-12-23 08:40:30,53,2,3856.0,-1692
2022-12-23 08:40:31,29,15,3856.25,-1677
2022-12-23 08:40:32,9,-1,3856.25,-1678
2022-12-23 08:40:33,9,-2,3856.0,-1680
2022-12-23 08:40:34,15,-3,3856.0,-1683
2022-12-23 08:40:35,65,-21,3856.0,-1704
2022-12-23 08:40:36,111,-34,3856.0,-1738
2022-12-23 08:40:37,103,-2,3855.5,-1740
2022-12-23 08:40:38,106,5,3856.0,-1735
2022-12-23 08:40:39,36,-14,3855.75,-1749
2022-12-23 08:40:40,52,-49,3855.75,-1798
2022-12-23 08:40:41,28,26,3856.25,-1772
2022-12-23 08:40:42,23,-11,3856.5,-1783
2022-12-23 08:40:43,39,1,3857.0,-1782
2022-12-23 08:40:44,44,-17,3856.25,-1799
2022-12-23 08:40:45,51,-15,3856.25,-1814
2022-12-23 08:40:46,67,-20,3856.0,-1834
2022-12-23 08:40:47,8,-2,3855.5,-1836
2022-12-23 08:40:48,8,0,3855.5,-1836
2022-12-23 08:40:49,53,13,3856.0,-1823
2022-12-23 08:40:50,7,-1,3856.0,-1824
2022-12-23 08:40:51,46,11,3856.25,-1813
2022-12-23 08:40:52,94,-41,3855.75,-1854
2022-12-23 08:40:53,56,16,3855.75,-1838
2022-12-23 08:40:54,4,2,3856.0,-1836
2022-12-23 08:40:55,19,-7,3856.0,-1843
2022-12-23 08:40:56,10,-4,3855.75,-1847
2022-12-23 08:40:57,6,-4,3855.75,-1851
2022-12-23 08:40:58,15,5,3856.0,-1846
2022-12-23 08:40:59,23,10,3856.25,-1836
2022-12-23 08:41:00,130,29,3857.25,-1807
2022-12-23 08:41:01,61,24,3857.75,-1783
2022-12-23 08:41:02,65,33,3858.5,-1750
2022-12-23 08:41:03,61,16,3859.25,-1734
2022-12-23 08:41:04,37,21,3859.5,-1713
2022-12-23 08:41:05,65,4,3859.75,-1709
2022-12-23 08:41:06,40,-4,3859.25,-1713
2022-12-23 08:41:07,56,-24,3859.0,-1737
2022-12-23 08:41:08,26,16,3858.5,-1721
2022-12-23 08:41:09,59,-20,3858.75,-1741
2022-12-23 08:41:10,50,1,3858.5,-1740
2022-12-23 08:41:11,16,-7,3858.5,-1747
2022-12-23 08:41:12,11,10,3858.25,-1737
2022-12-23 08:41:13,12,-3,3858.25,-1740
2022-12-23 08:41:14,7,7,3858.25,-1733
2022-12-23 08:41:15,8,-7,3858.0,-1740
2022-12-23 08:41:16,57,-49,3857.75,-1789
2022-12-23 08:41:17,30,1,3857.0,-1788
2022-12-23 08:41:18,50,-10,3857.0,-1798
2022-12-23 08:41:19,41,-36,3856.25,-1834
2022-12-23 08:41:20,41,-4,3856.5,-1838
2022-12-23 08:41:21,19,2,3856.75,-1836
2022-12-23 08:41:22,46,-14,3857.0,-1850
2022-12-23 08:41:23,27,-17,3856.5,-1867
2022-12-23 08:41:24,4,-2,3856.25,-1869
2022-12-23 08:41:25,47,-40,3856.25,-1909
2022-12-23 08:41:26,19,-9,3855.5,-1918
2022-12-23 08:41:27,109,-19,3855.5,-1937
2022-12-23 08:41:28,15,-3,3855.5,-1940
2022-12-23 08:41:29,21,-2,3855.5,-1942
2022-12-23 08:41:30,5,3,3855.5,-1939
2022-12-23 08:41:31,106,-34,3855.25,-1973
2022-12-23 08:41:32,179,44,3856.5,-1929
2022-12-23 08:41:33,37,-10,3857.0,-1939
2022-12-23 08:41:34,7,-3,3856.5,-1942
2022-12-23 08:41:35,37,11,3856.75,-1931
2022-12-23 08:41:36,34,-3,3856.25,-1934
2022-12-23 08:41:37,27,21,3856.75,-1913
2022-12-23 08:41:38,6,-6,3856.5,-1919
2022-12-23 08:41:39,20,5,3857.0,-1914
2022-12-23 08:41:40,8,0,3856.75,-1914
2022-12-23 08:41:41,4,2,3856.75,-1912
2022-12-23 08:41:42,52,-32,3856.75,-1944
2022-12-23 08:41:43,46,40,3857.25,-1904
2022-12-23 08:41:44,45,-14,3857.25,-1918
2022-12-23 08:41:45,8,-4,3856.75,-1922
2022-12-23 08:41:46,7,-5,3856.75,-1927
2022-12-23 08:41:47,34,-6,3856.75,-1933
2022-12-23 08:41:48,78,5,3857.25,-1928
2022-12-23 08:41:49,7,3,3857.5,-1925
2022-12-23 08:41:50,13,-2,3857.25,-1927
2022-12-23 08:41:51,13,4,3857.25,-1923
2022-12-23 08:41:52,36,24,3858.0,-1899
2022-12-23 08:41:53,9,1,3857.75,-1898
2022-12-23 08:41:54,25,-16,3857.75,-1914
2022-12-23 08:41:55,12,3,3857.25,-1911
2022-12-23 08:41:56,8,6,3857.25,-1905
2022-12-23 08:41:57,4,4,3857.25,-1901
2022-12-23 08:41:58,88,96,3858.25,-1805
2022-12-23 08:41:59,26,-20,3857.75,-1825
2022-12-23 08:42:00,20,7,3857.5,-1818
2022-12-23 08:42:01,26,-20,3857.25,-1838
2022-12-23 08:42:02,46,28,3858.0,-1810
2022-12-23 08:42:03,36,15,3858.25,-1795
2022-12-23 08:42:04,78,15,3859.0,-1780
2022-12-23 08:42:05,66,-35,3859.25,-1815
2022-12-23 08:42:06,41,-27,3859.0,-1842
2022-12-23 08:42:07,42,16,3859.0,-1826
2022-12-23 08:42:08,22,-4,3859.0,-1830
2022-12-23 08:42:09,17,-1,3858.25,-1831
2022-12-23 08:42:10,14,-6,3858.25,-1837
2022-12-23 08:42:11,13,7,3858.25,-1830
2022-12-23 08:42:12,23,-5,3858.25,-1835
2022-12-23 08:42:13,5,-2,3858.5,-1837
2022-12-23 08:42:14,19,3,3858.75,-1834
2022-12-23 08:42:15,84,28,3859.75,-1806
2022-12-23 08:42:16,11,1,3859.5,-1805
2022-12-23 08:42:17,51,46,3860.0,-1759
2022-12-23 08:42:18,30,-8,3859.75,-1767
2022-12-23 08:42:19,18,-10,3859.75,-1777
2022-12-23 08:42:20,36,-6,3859.5,-1783
2022-12-23 08:42:21,19,1,3859.5,-1782
2022-12-23 08:42:22,17,13,3859.5,-1769
2022-12-23 08:42:23,63,34,3860.0,-1735
2022-12-23 08:42:24,15,0,3859.75,-1735
2022-12-23 08:42:25,44,20,3860.25,-1715
2022-12-23 08:42:26,28,-6,3859.75,-1721
2022-12-23 08:42:27,69,27,3860.5,-1694
2022-12-23 08:42:28,36,-11,3860.5,-1705
2022-12-23 08:42:29,180,60,3861.25,-1645
2022-12-23 08:42:30,106,11,3862.0,-1634
2022-12-23 08:42:31,36,-3,3862.0,-1637
2022-12-23 08:42:32,28,1,3862.0,-1636
2022-12-23 08:42:33,59,25,3862.5,-1611
2022-12-23 08:42:34,71,5,3862.5,-1606
2022-12-23 08:42:35,18,5,3862.25,-1601
2022-12-23 08:42:36,99,-31,3862.25,-1632
2022-12-23 08:42:37,45,29,3862.25,-1603
2022-12-23 08:42:38,16,2,3862.5,-1601
2022-12-23 08:42:39,16,3,3862.75,-1598
2022-12-23 08:42:40,88,29,3863.75,-1569
2022-12-23 08:42:41,76,20,3864.25,-1549
2022-12-23 08:42:42,58,-6,3864.25,-1555
2022-12-23 08:42:43,70,36,3864.25,-1519
2022-12-23 08:42:44,56,13,3864.75,-1506
2022-12-23 08:42:45,34,2,3864.75,-1504
2022-12-23 08:42:46,127,38,3865.5,-1466
2022-12-23 08:42:47,517,266,3867.25,-1200
2022-12-23 08:42:48,133,99,3867.5,-1101
2022-12-23 08:42:49,76,15,3867.5,-1086
2022-12-23 08:42:50,73,-17,3867.75,-1103
2022-12-23 08:42:51,56,-18,3867.5,-1121
2022-12-23 08:42:52,128,-8,3867.25,-1129
2022-12-23 08:42:53,39,15,3867.5,-1114
2022-12-23 08:42:54,59,-18,3867.75,-1132
2022-12-23 08:42:55,22,11,3867.0,-1121
2022-12-23 08:42:56,59,-15,3867.25,-1136
2022-12-23 08:42:57,79,45,3867.0,-1091
2022-12-23 08:42:58,16,12,3866.5,-1079
2022-12-23 08:42:59,90,-77,3866.75,-1156
2022-12-23 08:43:00,42,15,3866.5,-1141
2022-12-23 08:43:01,141,-26,3867.0,-1167
2022-12-23 08:43:02,23,12,3866.75,-1155
2022-12-23 08:43:03,57,-15,3866.5,-1170
2022-12-23 08:43:04,22,-9,3866.5,-1179
2022-12-23 08:43:05,72,15,3867.25,-1164
2022-12-23 08:43:06,245,66,3868.25,-1098
2022-12-23 08:43:07,63,-5,3868.25,-1103
2022-12-23 08:43:08,49,31,3868.5,-1072
2022-12-23 08:43:09,159,31,3869.0,-1041
2022-12-23 08:43:10,69,-26,3868.5,-1067
2022-12-23 08:43:11,71,5,3868.25,-1062
2022-12-23 08:43:12,132,-25,3867.75,-1087
2022-12-23 08:43:13,51,-21,3867.5,-1108
2022-12-23 08:43:14,110,105,3868.0,-1003
2022-12-23 08:43:15,23,-10,3867.5,-1013
2022-12-23 08:43:16,39,-24,3867.75,-1037
2022-12-23 08:43:17,38,13,3867.5,-1024
2022-12-23 08:43:18,15,-15,3867.25,-1039
2022-12-23 08:43:19,15,9,3867.5,-1030
2022-12-23 08:43:20,148,26,3868.25,-1004
2022-12-23 08:43:21,29,-15,3868.0,-1019
2022-12-23 08:43:22,25,4,3868.25,-1015
2022-12-23 08:43:23,50,33,3868.25,-982
2022-12-23 08:43:24,42,35,3868.25,-947
2022-12-23 08:43:25,140,-51,3867.75,-998
2022-12-23 08:43:26,22,-9,3867.0,-1007
2022-12-23 08:43:27,52,-14,3866.5,-1021
2022-12-23 08:43:28,127,-35,3866.0,-1056
2022-12-23 08:43:29,55,3,3866.25,-1053
2022-12-23 08:43:30,84,31,3866.25,-1022
2022-12-23 08:43:31,41,22,3866.75,-1000
2022-12-23 08:43:32,67,-16,3866.75,-1016
2022-12-23 08:43:33,10,2,3866.75,-1014
2022-12-23 08:43:34,20,-7,3866.5,-1021
2022-12-23 08:43:35,68,-59,3866.5,-1080
2022-12-23 08:43:36,16,-14,3865.75,-1094
2022-12-23 08:43:37,42,7,3865.75,-1087
2022-12-23 08:43:38,28,-5,3866.0,-1092
2022-12-23 08:43:39,8,6,3866.5,-1086
2022-12-23 08:43:40,83,-60,3866.75,-1146
2022-12-23 08:43:41,31,-17,3866.25,-1163
2022-12-23 08:43:42,92,-87,3866.25,-1250
2022-12-23 08:43:43,20,10,3866.25,-1240
2022-12-23 08:43:44,34,-34,3866.25,-1274
2022-12-23 08:43:45,17,1,3866.5,-1273
2022-12-23 08:43:46,27,3,3867.0,-1270
2022-12-23 08:43:47,50,5,3866.75,-1265
2022-12-23 08:43:48,36,-7,3866.5,-1272
2022-12-23 08:43:49,18,3,3866.75,-1269
2022-12-23 08:43:50,25,-11,3866.5,-1280
2022-12-23 08:43:51,46,-19,3866.5,-1299
2022-12-23 08:43:52,47,18,3866.75,-1281
2022-12-23 08:43:53,76,38,3867.25,-1243
2022-12-23 08:43:54,11,1,3867.25,-1242
2022-12-23 08:43:55,22,-5,3867.25,-1247
2022-12-23 08:43:56,15,2,3867.0,-1245
2022-12-23 08:43:57,62,47,3867.75,-1198
2022-12-23 08:43:58,10,-2,3867.5,-1200
2022-12-23 08:43:59,12,2,3867.75,-1198
2022-12-23 08:44:00,84,40,3868.5,-1158
2022-12-23 08:44:01,40,16,3868.5,-1142
2022-12-23 08:44:02,28,5,3868.5,-1137
2022-12-23 08:44:03,678,206,3871.5,-931
2022-12-23 08:44:04,84,-23,3871.0,-954
2022-12-23 08:44:05,30,1,3870.75,-953
2022-12-23 08:44:06,59,30,3871.0,-923
2022-12-23 08:44:07,37,-9,3870.75,-932
2022-12-23 08:44:08,113,-41,3870.5,-973
2022-12-23 08:44:09,41,14,3870.5,-959
2022-12-23 08:44:10,30,-16,3870.5,-975
2022-12-23 08:44:11,73,-22,3870.5,-997
2022-12-23 08:44:12,20,4,3870.5,-993
2022-12-23 08:44:13,8,6,3870.75,-987
2022-12-23 08:44:14,45,27,3871.25,-960
2022-12-23 08:44:15,73,-25,3871.25,-985
2022-12-23 08:44:16,23,10,3870.75,-975
2022-12-23 08:44:17,34,15,3871.0,-960
2022-12-23 08:44:18,29,-4,3871.0,-964
2022-12-23 08:44:19,75,-24,3870.75,-988
2022-12-23 08:44:20,19,10,3870.75,-978
2022-12-23 08:44:21,37,4,3870.5,-974
2022-12-23 08:44:22,91,41,3870.5,-933
2022-12-23 08:44:23,12,-6,3870.0,-939
2022-12-23 08:44:24,62,9,3870.5,-930
2022-12-23 08:44:25,90,37,3871.5,-893
2022-12-23 08:44:26,117,-29,3871.5,-922
2022-12-23 08:44:27,17,0,3871.5,-922
2022-12-23 08:44:28,17,-1,3871.5,-923
2022-12-23 08:44:29,37,2,3871.5,-921
2022-12-23 08:44:30,12,4,3871.5,-917
2022-12-23 08:44:31,35,-8,3871.25,-925
2022-12-23 08:44:32,15,9,3871.0,-916
2022-12-23 08:44:33,23,-11,3870.75,-927
2022-12-23 08:44:34,34,-24,3870.5,-951
2022-12-23 08:44:35,66,-20,3870.25,-971
2022-12-23 08:44:36,24,2,3870.25,-969
2022-12-23 08:44:37,12,-8,3870.0,-977
2022-12-23 08:44:38,20,2,3870.0,-975
2022-12-23 08:44:39,24,-7,3870.0,-982
2022-12-23 08:44:40,53,-25,3869.75,-1007
2022-12-23 08:44:41,92,20,3869.75,-987
2022-12-23 08:44:42,27,11,3869.75,-976
2022-12-23 08:44:43,74,-28,3869.75,-1004
2022-12-23 08:44:44,48,20,3869.75,-984
2022-12-23 08:44:45,25,-15,3869.75,-999
2022-12-23 08:44:46,43,-4,3869.75,-1003
2022-12-23 08:44:47,7,-7,3869.5,-1010
2022-12-23 08:44:48,25,-17,3869.5,-1027
2022-12-23 08:44:49,31,-9,3869.0,-1036
2022-12-23 08:44:50,24,-4,3869.0,-1040
2022-12-23 08:44:51,20,1,3869.0,-1039
2022-12-23 08:44:52,38,15,3869.0,-1024
2022-12-23 08:44:53,18,-1,3869.25,-1025
2022-12-23 08:44:54,74,-12,3869.25,-1037
2022-12-23 08:44:55,88,-24,3868.75,-1061
2022-12-23 08:44:56,23,-3,3868.25,-1064
2022-12-23 08:44:57,14,0,3868.5,-1064
2022-12-23 08:44:58,27,3,3868.75,-1061
2022-12-23 08:44:59,21,9,3869.0,-1052
2022-12-23 08:45:00,53,-15,3869.5,-1067
2022-12-23 08:45:01,17,-9,3869.25,-1076
2022-12-23 08:45:02,39,-15,3869.0,-1091
2022-12-23 08:45:03,42,21,3869.0,-1070
2022-12-23 08:45:04,41,8,3869.25,-1062
2022-12-23 08:45:05,52,6,3869.75,-1056
2022-12-23 08:45:06,20,5,3869.75,-1051
2022-12-23 08:45:07,37,12,3869.75,-1039
2022-12-23 08:45:08,38,16,3870.0,-1023
2022-12-23 08:45:09,30,-23,3869.75,-1046
2022-12-23 08:45:10,8,-3,3869.0,-1049
2022-12-23 08:45:11,24,11,3869.0,-1038
2022-12-23 08:45:12,36,5,3869.25,-1033
2022-12-23 08:45:13,16,-2,3869.25,-1035
2022-12-23 08:45:14,30,-5,3869.5,-1040
2022-12-23 08:45:15,15,5,3869.5,-1035
2022-12-23 08:45:16,42,6,3869.75,-1029
2022-12-23 08:45:17,11,-9,3868.75,-1038
2022-12-23 08:45:18,47,-11,3868.75,-1049
2022-12-23 08:45:19,28,2,3868.5,-1047
2022-12-23 08:45:20,12,6,3868.75,-1041
2022-12-23 08:45:21,16,-5,3868.75,-1046
2022-12-23 08:45:22,9,-3,3868.75,-1049
2022-12-23 08:45:23,25,4,3868.75,-1045
2022-12-23 08:45:24,19,-7,3868.75,-1052
2022-12-23 08:45:25,7,-3,3868.5,-1055
2022-12-23 08:45:26,15,-13,3868.25,-1068
2022-12-23 08:45:27,120,-64,3868.0,-1132
2022-12-23 08:45:28,29,-4,3867.5,-1136
2022-12-23 08:45:29,27,-3,3867.5,-1139
2022-12-23 08:45:30,19,-8,3867.5,-1147
2022-12-23 08:45:31,46,32,3867.5,-1115
2022-12-23 08:45:32,182,67,3867.5,-1048
2022-12-23 08:45:33,37,-4,3867.25,-1052
2022-12-23 08:45:34,26,4,3867.25,-1048
2022-12-23 08:45:35,80,-23,3867.5,-1071
2022-12-23 08:45:36,76,-31,3867.5,-1102
2022-12-23 08:45:37,76,-7,3866.75,-1109
2022-12-23 08:45:38,20,8,3866.75,-1101
2022-12-23 08:45:39,45,-24,3866.75,-1125
2022-12-23 08:45:40,59,-28,3866.25,-1153
2022-12-23 08:45:41,88,-30,3866.0,-1183
2022-12-23 08:45:42,68,-11,3866.0,-1194
2022-12-23 08:45:43,34,-4,3865.5,-1198
2022-12-23 08:45:44,23,-4,3865.25,-1202
2022-12-23 08:45:45,46,19,3866.25,-1183
2022-12-23 08:45:46,49,-6,3866.25,-1189
2022-12-23 08:45:47,39,12,3866.25,-1177
2022-12-23 08:45:48,14,8,3865.75,-1169
2022-12-23 08:45:49,129,-35,3865.5,-1204
2022-12-23 08:45:50,38,26,3865.5,-1178
2022-12-23 08:45:51,12,5,3865.25,-1173
2022-12-23 08:45:52,48,-23,3865.25,-1196
2022-12-23 08:45:53,53,10,3865.25,-1186
2022-12-23 08:45:54,463,311,3867.25,-875
2022-12-23 08:45:55,95,-15,3867.75,-890
2022-12-23 08:45:56,54,-9,3867.75,-899
2022-12-23 08:45:57,24,1,3867.5,-898
2022-12-23 08:45:58,82,-39,3867.75,-937
2022-12-23 08:45:59,35,2,3867.5,-935
2022-12-23 08:46:00,43,-2,3868.0,-937
2022-12-23 08:46:01,56,8,3868.25,-929
2022-12-23 08:46:02,62,-28,3868.25,-957
2022-12-23 08:46:03,30,-4,3868.0,-961
2022-12-23 08:46:04,18,0,3868.5,-961
2022-12-23 08:46:05,31,-4,3868.25,-965
2022-12-23 08:46:06,26,-12,3868.25,-977
2022-12-23 08:46:07,13,-8,3868.0,-985
2022-12-23 08:46:08,167,-36,3867.5,-1021
2022-12-23 08:46:09,17,4,3866.75,-1017
2022-12-23 08:46:10,35,4,3867.0,-1013
2022-12-23 08:46:11,15,5,3867.0,-1008
2022-12-23 08:46:12,19,-7,3867.0,-1015
2022-12-23 08:46:13,49,-30,3867.25,-1045
2022-12-23 08:46:14,45,25,3866.75,-1020
2022-12-23 08:46:15,27,-1,3866.75,-1021
2022-12-23 08:46:16,10,-5,3866.5,-1026
2022-12-23 08:46:17,25,6,3866.75,-1020
2022-12-23 08:46:18,335,55,3868.5,-965
2022-12-23 08:46:19,70,-6,3869.0,-971
2022-12-23 08:46:20,24,-9,3869.0,-980
2022-12-23 08:46:21,42,11,3869.0,-969
2022-12-23 08:46:22,113,28,3869.5,-941
2022-12-23 08:46:23,59,4,3870.0,-937
2022-12-23 08:46:24,327,128,3871.0,-809
2022-12-23 08:46:25,51,-6,3870.5,-815
2022-12-23 08:46:26,21,-16,3869.75,-831
2022-12-23 08:46:27,36,-11,3869.5,-842
2022-12-23 08:46:28,32,-6,3869.25,-848
2022-12-23 08:46:29,11,4,3869.25,-844
2022-12-23 08:46:30,33,7,3869.5,-837
2022-12-23 08:46:31,15,0,3869.5,-837
2022-12-23 08:46:32,4,-2,3869.5,-839
2022-12-23 08:46:33,25,5,3869.5,-834
2022-12-23 08:46:34,8,1,3869.5,-833
2022-12-23 08:46:35,41,2,3869.75,-831
2022-12-23 08:46:36,15,-14,3869.5,-845
2022-12-23 08:46:37,18,0,3869.5,-845
2022-12-23 08:46:38,8,-5,3869.0,-850
2022-12-23 08:46:39,18,-4,3869.25,-854
2022-12-23 08:46:40,10,-5,3869.5,-859
2022-12-23 08:46:41,19,6,3869.25,-853
2022-12-23 08:46:42,10,8,3869.75,-845
2022-12-23 08:46:43,20,-4,3869.75,-849
2022-12-23 08:46:44,50,32,3870.25,-817
2022-12-23 08:46:45,31,14,3870.5,-803
2022-12-23 08:46:46,37,-8,3870.5,-811
2022-12-23 08:46:47,20,-13,3870.25,-824
2022-12-23 08:46:48,39,1,3870.25,-823
2022-12-23 08:46:49,37,-10,3869.75,-833
2022-12-23 08:46:50,21,-9,3869.5,-842
2022-12-23 08:46:51,17,8,3869.25,-834
2022-12-23 08:46:52,21,-17,3869.0,-851
2022-12-23 08:46:53,46,28,3869.5,-823
2022-12-23 08:46:54,41,-31,3869.5,-854
2022-12-23 08:46:55,24,30,3869.75,-824
2022-12-23 08:46:56,41,12,3870.0,-812
2022-12-23 08:46:57,19,-4,3869.75,-816
2022-12-23 08:46:58,26,-25,3869.75,-841
2022-12-23 08:46:59,138,-97,3869.25,-938
2022-12-23 08:47:00,7,3,3868.75,-935
2022-12-23 08:47:01,32,10,3869.25,-925
2022-12-23 08:47:02,18,-8,3869.0,-933
2022-12-23 08:47:03,10,-2,3869.0,-935
2022-12-23 08:47:04,4,2,3868.75,-933
2022-12-23 08:47:05,4,-2,3868.75,-935
2022-12-23 08:47:06,52,-16,3868.75,-951
2022-12-23 08:47:07,20,-15,3868.25,-966
2022-12-23 08:47:08,144,-58,3868.0,-1024
2022-12-23 08:47:09,88,-64,3867.25,-1088
2022-12-23 08:47:10,97,-35,3866.75,-1123
2022-12-23 08:47:11,37,13,3867.0,-1110
2022-12-23 08:47:12,15,-9,3866.75,-1119
2022-12-23 08:47:13,24,-5,3866.75,-1124
2022-12-23 08:47:14,157,29,3867.5,-1095
2022-12-23 08:47:15,59,-24,3867.5,-1119
2022-12-23 08:47:16,45,-10,3867.0,-1129
2022-12-23 08:47:17,176,-151,3866.5,-1280
2022-12-23 08:47:18,50,20,3866.5,-1260
2022-12-23 08:47:19,46,2,3867.0,-1258
2022-12-23 08:47:20,44,3,3866.75,-1255
2022-12-23 08:47:21,3,0,3866.75,-1255
2022-12-23 08:47:22,16,-7,3867.0,-1262
2022-12-23 08:47:23,13,-2,3867.0,-1264
2022-12-23 08:47:24,22,-13,3866.75,-1277
2022-12-23 08:47:25,20,1,3866.5,-1276
2022-12-23 08:47:26,34,11,3866.75,-1265
2022-12-23 08:47:27,15,-12,3866.75,-1277
2022-12-23 08:47:28,24,-4,3866.5,-1281
2022-12-23 08:47:29,11,11,3866.25,-1270
2022-12-23 08:47:30,4,2,3866.5,-1268
2022-12-23 08:47:31,19,-1,3866.5,-1269
2022-12-23 08:47:32,9,5,3866.5,-1264
2022-12-23 08:47:33,7,-5,3866.5,-1269
2022-12-23 08:47:34,32,-13,3866.5,-1282
2022-12-23 08:47:35,8,0,3866.25,-1282
2022-12-23 08:47:36,5,-1,3866.0,-1283
2022-12-23 08:47:37,7,-5,3866.0,-1288
2022-12-23 08:47:38,23,7,3866.25,-1281
2022-12-23 08:47:39,41,-3,3866.25,-1284
2022-12-23 08:47:40,3,3,3866.0,-1281
2022-12-23 08:47:41,11,4,3866.0,-1277
2022-12-23 08:47:42,45,-6,3866.0,-1283
2022-12-23 08:47:43,9,2,3865.75,-1281
2022-12-23 08:47:44,7,-5,3865.5,-1286
2022-12-23 08:47:45,21,8,3865.5,-1278
2022-12-23 08:47:46,29,16,3866.0,-1262
2022-12-23 08:47:47,23,13,3866.25,-1249
2022-12-23 08:47:48,150,98,3867.5,-1151
2022-12-23 08:47:49,40,18,3867.25,-1133
2022-12-23 08:47:50,57,-29,3867.5,-1162
2022-12-23 08:47:51,11,5,3867.25,-1157
2022-12-23 08:47:52,17,-2,3867.5,-1159
2022-12-23 08:47:53,18,-16,3867.0,-1175
2022-12-23 08:47:54,2,0,3867.0,-1175
2022-12-23 08:47:55,7,4,3867.0,-1171
2022-12-23 08:47:56,4,4,3867.0,-1167
2022-12-23 08:47:57,18,-1,3867.25,-1168
2022-12-23 08:47:58,13,-6,3866.75,-1174
2022-12-23 08:47:59,11,-1,3866.75,-1175
2022-12-23 08:48:00,31,4,3866.75,-1171
2022-12-23 08:48:01,6,0,3866.5,-1171
2022-12-23 08:48:02,16,14,3866.75,-1157
2022-12-23 08:48:03,40,2,3867.0,-1155
2022-12-23 08:48:04,60,-77,3867.0,-1232
2022-12-23 08:48:05,21,-2,3866.5,-1234
2022-12-23 08:48:06,19,-17,3866.5,-1251
2022-12-23 08:48:07,8,6,3866.25,-1245
2022-12-23 08:48:08,11,7,3866.5,-1238
2022-12-23 08:48:09,12,-4,3866.25,-1242
2022-12-23 08:48:10,4,0,3866.25,-1242
2022-12-23 08:48:11,8,6,3866.25,-1236
2022-12-23 08:48:12,6,-4,3866.25,-1240
2022-12-23 08:48:13,10,-2,3866.0,-1242
2022-12-23 08:48:14,36,-4,3866.0,-1246
2022-12-23 08:48:15,21,-13,3866.25,-1259
2022-12-23 08:48:16,14,-10,3866.0,-1269
2022-12-23 08:48:17,4,4,3865.75,-1265
2022-12-23 08:48:18,18,7,3866.0,-1258
2022-12-23 08:48:19,4,0,3866.0,-1258
2022-12-23 08:48:20,14,-2,3865.75,-1260
2022-12-23 08:48:21,3,-1,3865.75,-1261
2022-12-23 08:48:22,14,5,3866.25,-1256
2022-12-23 08:48:23,7,-3,3866.5,-1259
2022-12-23 08:48:24,2,2,3866.25,-1257
2022-12-23 08:48:25,22,-8,3866.0,-1265
2022-12-23 08:48:27,11,9,3865.75,-1256
2022-12-23 08:48:28,1,1,3865.75,-1255
2022-12-23 08:48:30,71,-4,3866.0,-1259
2022-12-23 08:48:31,22,-14,3865.5,-1273
2022-12-23 08:48:32,11,-4,3865.25,-1277
2022-12-23 08:48:33,50,-8,3865.0,-1285
2022-12-23 08:48:34,39,26,3865.75,-1259
2022-12-23 08:48:35,22,9,3865.75,-1250
2022-12-23 08:48:36,25,-9,3865.75,-1259
2022-12-23 08:48:37,35,7,3865.75,-1252
2022-12-23 08:48:38,4,0,3865.75,-1252
2022-12-23 08:48:39,38,-30,3865.75,-1282
2022-12-23 08:48:40,29,35,3865.75,-1247
2022-12-23 08:48:41,18,-2,3865.75,-1249
2022-12-23 08:48:42,3,1,3865.75,-1248
2022-12-23 08:48:43,9,1,3865.5,-1247
2022-12-23 08:48:44,16,2,3865.75,-1245
2022-12-23 08:48:45,18,0,3865.75,-1245
2022-12-23 08:48:46,15,5,3865.75,-1240
2022-12-23 08:48:47,13,3,3865.75,-1237
2022-12-23 08:48:48,18,-10,3866.0,-1247
2022-12-23 08:48:49,23,-5,3865.75,-1252
2022-12-23 08:48:50,6,-4,3865.75,-1256
2022-12-23 08:48:51,2,0,3865.75,-1256
2022-12-23 08:48:52,19,7,3866.0,-1249
2022-12-23 08:48:53,86,-64,3866.0,-1313
2022-12-23 08:48:54,26,-9,3865.25,-1322
2022-12-23 08:48:56,125,20,3865.75,-1302
2022-12-23 08:48:57,10,8,3866.0,-1294
2022-12-23 08:48:58,189,-85,3866.0,-1379
2022-12-23 08:48:59,10,1,3865.75,-1378
2022-12-23 08:49:00,2,2,3865.75,-1376
2022-12-23 08:49:01,12,-5,3865.5,-1381
2022-12-23 08:49:02,10,-7,3865.25,-1388
2022-12-23 08:49:04,77,-13,3865.0,-1401
2022-12-23 08:49:05,12,-9,3865.0,-1410
2022-12-23 08:49:06,29,16,3865.25,-1394
2022-12-23 08:49:07,31,7,3865.75,-1387
2022-12-23 08:49:08,36,-11,3865.5,-1398
2022-12-23 08:49:09,12,9,3865.5,-1389
2022-12-23 08:49:10,10,-2,3865.5,-1391
2022-12-23 08:49:11,9,-7,3865.5,-1398
2022-12-23 08:49:12,18,-15,3865.25,-1413
2022-12-23 08:49:13,11,9,3864.75,-1404
2022-12-23 08:49:14,29,4,3864.75,-1400
2022-12-23 08:49:15,1,-1,3864.75,-1401
2022-12-23 08:49:17,72,13,3865.5,-1388
2022-12-23 08:49:18,30,-1,3865.25,-1389
2022-12-23 08:49:19,25,13,3865.25,-1376
2022-12-23 08:49:20,8,2,3865.0,-1374
2022-12-23 08:49:21,4,2,3865.0,-1372
2022-12-23 08:49:22,25,-17,3865.25,-1389
2022-12-23 08:49:23,21,9,3865.25,-1380
2022-12-23 08:49:25,9,-1,3865.25,-1381
2022-12-23 08:49:26,174,-63,3864.75,-1444
2022-12-23 08:49:27,84,71,3864.75,-1373
2022-12-23 08:49:28,17,-11,3864.25,-1384
2022-12-23 08:49:29,5,-5,3864.0,-1389
2022-12-23 08:49:30,43,-31,3864.0,-1420
2022-12-23 08:49:31,15,7,3864.25,-1413
2022-12-23 08:49:32,27,-10,3864.0,-1423
2022-12-23 08:49:33,34,-26,3863.75,-1449
2022-12-23 08:49:34,78,-52,3863.25,-1501
2022-12-23 08:49:35,49,-21,3862.75,-1522
2022-12-23 08:49:36,46,8,3862.75,-1514
2022-12-23 08:49:37,87,-24,3862.25,-1538
2022-12-23 08:49:38,54,5,3862.0,-1533
2022-12-23 08:49:39,29,31,3862.25,-1502
2022-12-23 08:49:40,93,-22,3862.25,-1524
2022-12-23 08:49:41,46,-11,3861.5,-1535
2022-12-23 08:49:42,51,-10,3861.5,-1545
2022-12-23 08:49:43,61,-22,3861.5,-1567
2022-12-23 08:49:44,38,-6,3861.5,-1573
2022-12-23 08:49:45,66,5,3861.75,-1568
2022-12-23 08:49:46,55,-13,3861.75,-1581
2022-12-23 08:49:47,23,-10,3861.75,-1591
2022-12-23 08:49:48,4,1,3861.5,-1590
2022-12-23 08:49:49,16,-8,3861.25,-1598
2022-12-23 08:49:50,50,-16,3861.25,-1614
2022-12-23 08:49:51,25,-5,3861.25,-1619
2022-12-23 08:49:52,13,-13,3860.75,-1632
2022-12-23 08:49:53,36,6,3860.75,-1626
2022-12-23 08:49:54,57,16,3861.25,-1610
2022-12-23 08:49:55,6,2,3861.5,-1608
2022-12-23 08:49:56,41,6,3861.5,-1602
2022-12-23 08:49:57,55,-20,3861.5,-1622
2022-12-23 08:49:58,36,-10,3860.75,-1632
2022-12-23 08:49:59,12,8,3860.5,-1624
2022-12-23 08:50:00,128,-17,3860.5,-1641
2022-12-23 08:50:01,61,3,3860.25,-1638
2022-12-23 08:50:02,46,21,3860.5,-1617
2022-12-23 08:50:03,17,0,3860.5,-1617
2022-12-23 08:50:04,43,8,3860.75,-1609
2022-12-23 08:50:05,49,28,3861.5,-1581
2022-12-23 08:50:06,23,-6,3861.75,-1587
2022-12-23 08:50:07,12,2,3861.75,-1585
2022-12-23 08:50:08,28,13,3862.0,-1572
2022-12-23 08:50:09,50,-6,3862.25,-1578
2022-12-23 08:50:10,35,12,3862.25,-1566
2022-12-23 08:50:11,40,8,3862.5,-1558
2022-12-23 08:50:12,91,11,3862.75,-1547
2022-12-23 08:50:13,46,-13,3863.0,-1560
2022-12-23 08:50:14,4,2,3862.75,-1558
2022-12-23 08:50:15,60,4,3863.0,-1554
2022-12-23 08:50:16,75,16,3863.0,-1538
2022-12-23 08:50:17,31,4,3863.25,-1534
2022-12-23 08:50:18,39,16,3863.25,-1518
2022-12-23 08:50:19,31,2,3863.5,-1516
2022-12-23 08:50:20,41,-17,3863.5,-1533
2022-12-23 08:50:21,25,-8,3863.0,-1541
2022-12-23 08:50:22,33,8,3863.0,-1533
2022-12-23 08:50:23,33,-26,3863.0,-1559
2022-12-23 08:50:24,32,-4,3862.0,-1563
2022-12-23 08:50:25,4,4,3862.0,-1559
2022-12-23 08:50:26,23,-11,3862.25,-1570
2022-12-23 08:50:27,30,-17,3862.0,-1587
2022-12-23 08:50:28,6,2,3862.25,-1585
2022-12-23 08:50:29,34,12,3863.0,-1573
2022-12-23 08:50:30,5,5,3863.0,-1568
2022-12-23 08:50:31,14,0,3863.0,-1568
2022-12-23 08:50:32,18,-12,3862.75,-1580
2022-12-23 08:50:33,28,-6,3862.25,-1586
2022-12-23 08:50:34,14,0,3862.25,-1586
2022-12-23 08:50:35,17,4,3862.25,-1582
2022-12-23 08:50:36,15,9,3862.5,-1573
2022-12-23 08:50:37,2,1,3862.75,-1572
2022-12-23 08:50:38,15,4,3862.75,-1568
2022-12-23 08:50:39,17,-13,3862.75,-1581
2022-12-23 08:50:40,30,-14,3862.5,-1595
2022-12-23 08:50:41,18,5,3862.0,-1590
2022-12-23 08:50:42,6,-6,3861.75,-1596
2022-12-23 08:50:43,6,1,3862.0,-1595
2022-12-23 08:50:44,12,-5,3861.75,-1600
2022-12-23 08:50:45,16,-1,3861.5,-1601
2022-12-23 08:50:47,10,-4,3861.75,-1605
2022-12-23 08:50:48,7,-1,3861.5,-1606
2022-12-23 08:50:49,9,1,3861.5,-1605
2022-12-23 08:50:51,85,25,3862.0,-1580
2022-12-23 08:50:52,46,-12,3861.75,-1592
2022-12-23 08:50:53,11,9,3861.75,-1583
2022-12-23 08:50:54,1,-1,3861.75,-1584
2022-12-23 08:50:55,63,-22,3861.75,-1606
2022-12-23 08:50:56,6,0,3861.25,-1606
2022-12-23 08:50:57,6,0,3861.5,-1606
2022-12-23 08:50:58,77,-41,3861.25,-1647
2022-12-23 08:50:59,12,5,3861.25,-1642
2022-12-23 08:51:00,1,1,3861.5,-1641
2022-12-23 08:51:01,22,-11,3861.25,-1652
2022-12-23 08:51:02,15,-10,3861.0,-1662
2022-12-23 08:51:03,14,-11,3861.0,-1673
2022-12-23 08:51:04,11,4,3861.0,-1669
2022-12-23 08:51:05,3,-3,3860.75,-1672
2022-12-23 08:51:06,62,-44,3860.75,-1716
2022-12-23 08:51:07,59,-11,3860.0,-1727
2022-12-23 08:51:08,94,-44,3859.75,-1771
2022-12-23 08:51:09,72,-12,3859.5,-1783
2022-12-23 08:51:10,52,-21,3859.25,-1804
2022-12-23 08:51:11,27,-8,3858.75,-1812
2022-12-23 08:51:12,43,2,3859.25,-1810
2022-12-23 08:51:13,33,16,3859.75,-1794
2022-12-23 08:51:14,135,-52,3859.5,-1846
2022-12-23 08:51:15,67,-30,3858.75,-1876
2022-12-23 08:51:16,30,3,3858.5,-1873
2022-12-23 08:51:17,40,14,3858.75,-1859
2022-12-23 08:51:18,10,3,3858.75,-1856
2022-12-23 08:51:19,50,1,3859.0,-1855
2022-12-23 08:51:20,12,-4,3859.0,-1859
2022-12-23 08:51:21,5,3,3858.75,-1856
2022-12-23 08:51:22,301,-82,3858.5,-1938
2022-12-23 08:51:23,113,-40,3857.25,-1978
2022-12-23 08:51:24,46,-8,3856.75,-1986
2022-12-23 08:51:25,50,-8,3857.0,-1994
2022-12-23 08:51:26,47,-20,3856.5,-2014
2022-12-23 08:51:27,58,11,3856.5,-2003
2022-12-23 08:51:28,11,-3,3856.25,-2006
2022-12-23 08:51:29,44,3,3856.0,-2003
2022-12-23 08:51:30,47,23,3856.25,-1980
2022-12-23 08:51:31,55,-7,3856.0,-1987
2022-12-23 08:51:32,44,-11,3856.25,-1998
2022-12-23 08:51:33,94,11,3856.25,-1987
2022-12-23 08:51:34,20,-9,3855.75,-1996
2022-12-23 08:51:35,102,1,3855.5,-1995
2022-12-23 08:51:36,87,17,3855.75,-1978
2022-12-23 08:51:37,55,-3,3855.5,-1981
2022-12-23 08:51:38,26,2,3855.5,-1979
2022-12-23 08:51:39,60,35,3856.0,-1944
2022-12-23 08:51:40,90,-8,3856.0,-1952
2022-12-23 08:51:41,110,-40,3855.25,-1992
2022-12-23 08:51:42,107,-30,3854.75,-2022
2022-12-23 08:51:43,213,-95,3854.5,-2117
2022-12-23 08:51:44,101,-4,3853.75,-2121
2022-12-23 08:51:45,71,5,3854.0,-2116
2022-12-23 08:51:46,61,25,3854.75,-2091
2022-12-23 08:51:47,52,-2,3854.5,-2093
2022-12-23 08:51:48,30,-11,3854.0,-2104
2022-12-23 08:51:49,18,3,3854.25,-2101
2022-12-23 08:51:50,92,4,3854.0,-2097
2022-12-23 08:51:51,27,-9,3853.75,-2106
2022-12-23 08:51:52,31,6,3853.75,-2100
2022-12-23 08:51:53,174,27,3855.0,-2073
2022-12-23 08:51:54,57,2,3854.5,-2071
2022-12-23 08:51:55,6,0,3854.5,-2071
2022-12-23 08:51:56,18,11,3854.5,-2060
2022-12-23 08:51:57,20,0,3854.25,-2060
2022-12-23 08:51:58,7,1,3854.0,-2059
2022-12-23 08:51:59,28,3,3854.0,-2056
2022-12-23 08:52:00,24,-5,3854.0,-2061
2022-12-23 08:52:01,70,-10,3853.75,-2071
2022-12-23 08:52:02,68,-32,3853.75,-2103
2022-12-23 08:52:03,29,12,3854.0,-2091
2022-12-23 08:52:04,17,9,3854.0,-2082
2022-12-23 08:52:05,57,17,3854.5,-2065
2022-12-23 08:52:06,51,1,3854.5,-2064
2022-12-23 08:52:07,46,-8,3854.5,-2072
2022-12-23 08:52:08,55,31,3854.75,-2041
2022-12-23 08:52:09,19,-1,3854.75,-2042
2022-12-23 08:52:10,33,-1,3854.5,-2043
2022-12-23 08:52:11,25,23,3854.75,-2020
2022-12-23 08:52:12,67,0,3854.75,-2020
2022-12-23 08:52:13,14,4,3854.5,-2016
2022-12-23 08:52:14,107,87,3855.5,-1929
2022-12-23 08:52:15,20,-10,3855.25,-1939
2022-12-23 08:52:16,28,3,3855.0,-1936
2022-12-23 08:52:17,95,-7,3855.0,-1943
2022-12-23 08:52:18,42,5,3855.0,-1938
2022-12-23 08:52:19,65,1,3855.0,-1937
2022-12-23 08:52:20,19,-2,3855.0,-1939
2022-12-23 08:52:21,44,-5,3854.75,-1944
2022-12-23 08:52:22,22,8,3854.75,-1936
2022-12-23 08:52:23,14,2,3854.5,-1934
2022-12-23 08:52:24,16,2,3854.5,-1932
2022-12-23 08:52:25,9,-1,3854.5,-1933
2022-12-23 08:52:26,19,4,3854.75,-1929
2022-12-23 08:52:27,42,26,3855.0,-1903
2022-12-23 08:52:28,32,-5,3855.0,-1908
2022-12-23 08:52:29,16,-11,3854.75,-1919
2022-12-23 08:52:30,21,-19,3854.25,-1938
2022-12-23 08:52:31,41,-13,3854.25,-1951
2022-12-23 08:52:32,33,-17,3853.75,-1968
2022-12-23 08:52:33,270,-27,3853.5,-1995
2022-12-23 08:52:34,215,-16,3852.5,-2011
2022-12-23 08:52:35,52,-23,3852.25,-2034
2022-12-23 08:52:36,68,-21,3851.75,-2055
2022-12-23 08:52:37,303,-67,3851.25,-2122
2022-12-23 08:52:38,55,2,3851.25,-2120
2022-12-23 08:52:39,72,-35,3851.0,-2155
2022-12-23 08:52:40,44,2,3850.25,-2153
2022-12-23 08:52:41,54,7,3850.0,-2146
2022-12-23 08:52:42,91,19,3850.25,-2127
2022-12-23 08:52:43,63,-11,3849.75,-2138
2022-12-23 08:52:44,117,-59,3850.0,-2197
2022-12-23 08:52:45,62,-37,3849.5,-2234
2022-12-23 08:52:46,62,-14,3849.25,-2248
2022-12-23 08:52:47,67,-5,3849.0,-2253
2022-12-23 08:52:48,169,-100,3848.75,-2353
2022-12-23 08:52:49,38,-16,3848.25,-2369
2022-12-23 08:52:50,54,-1,3847.75,-2370
2022-12-23 08:52:51,37,8,3847.75,-2362
2022-12-23 08:52:52,48,6,3847.75,-2356
2022-12-23 08:52:53,16,8,3847.75,-2348
2022-12-23 08:52:54,65,11,3848.25,-2337
2022-12-23 08:52:55,26,8,3848.0,-2329
2022-12-23 08:52:56,93,-26,3848.25,-2355
2022-12-23 08:52:57,13,1,3848.25,-2354
2022-12-23 08:52:58,59,21,3848.75,-2333
2022-12-23 08:52:59,72,20,3849.25,-2313
2022-12-23 08:53:00,57,-29,3849.0,-2342
2022-12-23 08:53:01,23,-3,3848.5,-2345
2022-12-23 08:53:02,56,12,3849.0,-2333
2022-12-23 08:53:03,12,0,3849.0,-2333
2022-12-23 08:53:04,12,2,3849.0,-2331
2022-12-23 08:53:05,112,63,3849.5,-2268
2022-12-23 08:53:06,26,8,3849.75,-2260
2022-12-23 08:53:07,72,-34,3849.5,-2294
2022-12-23 08:53:08,19,2,3849.75,-2292
2022-12-23 08:53:09,31,-22,3849.75,-2314
2022-12-23 08:53:10,26,-4,3849.5,-2318
2022-12-23 08:53:11,10,-8,3849.25,-2326
2022-12-23 08:53:12,19,11,3849.5,-2315
2022-12-23 08:53:13,27,-5,3849.25,-2320
2022-12-23 08:53:14,34,15,3849.75,-2305
2022-12-23 08:53:15,4,0,3849.75,-2305
2022-12-23 08:53:16,33,9,3850.25,-2296
2022-12-23 08:53:17,55,-3,3850.0,-2299
2022-12-23 08:53:18,11,9,3849.75,-2290
2022-12-23 08:53:19,22,14,3849.75,-2276
2022-12-23 08:53:20,34,-5,3849.75,-2281
2022-12-23 08:53:21,65,-12,3849.25,-2293
2022-12-23 08:53:22,15,13,3849.5,-2280
2022-12-23 08:53:23,13,-7,3849.5,-2287
2022-12-23 08:53:24,21,1,3849.5,-2286
2022-12-23 08:53:25,83,-28,3848.75,-2314
2022-12-23 08:53:26,30,1,3848.75,-2313
2022-12-23 08:53:27,26,-23,3848.5,-2336
2022-12-23 08:53:28,58,-9,3848.0,-2345
2022-12-23 08:53:29,21,3,3848.0,-2342
2022-12-23 08:53:30,71,-18,3848.0,-2360
2022-12-23 08:53:31,9,4,3848.0,-2356
2022-12-23 08:53:32,18,3,3848.0,-2353
2022-12-23 08:53:33,29,23,3848.5,-2330
2022-12-23 08:53:34,18,12,3849.0,-2318
2022-12-23 08:53:35,10,-6,3849.0,-2324
2022-12-23 08:53:36,15,10,3849.0,-2314
2022-12-23 08:53:37,13,3,3848.75,-2311
2022-12-23 08:53:38,30,2,3848.75,-2309
2022-12-23 08:53:39,25,11,3849.0,-2298
2022-12-23 08:53:40,16,5,3849.0,-2293
2022-12-23 08:53:41,20,3,3849.0,-2290
2022-12-23 08:53:42,39,-10,3849.25,-2300
2022-12-23 08:53:43,19,-5,3848.75,-2305
2022-12-23 08:53:44,17,-6,3848.5,-2311
2022-12-23 08:53:45,28,-11,3848.25,-2322
2022-12-23 08:53:46,3,1,3848.25,-2321
2022-12-23 08:53:47,25,17,3848.5,-2304
2022-12-23 08:53:48,8,1,3848.5,-2303
2022-12-23 08:53:49,79,-14,3848.25,-2317
2022-12-23 08:53:50,18,-12,3847.75,-2329
2022-12-23 08:53:51,29,12,3848.5,-2317
2022-12-23 08:53:52,7,-7,3848.25,-2324
2022-12-23 08:53:53,23,18,3848.25,-2306
2022-12-23 08:53:55,28,3,3848.75,-2303
2022-12-23 08:53:56,23,-9,3848.5,-2312
2022-12-23 08:53:57,11,7,3848.5,-2305
2022-12-23 08:53:58,8,7,3848.5,-2298
2022-12-23 08:53:59,5,5,3848.5,-2293
2022-12-23 08:54:00,22,1,3848.5,-2292
2022-12-23 08:54:01,17,0,3848.5,-2292
2022-12-23 08:54:02,38,17,3848.75,-2275
2022-12-23 08:54:03,35,25,3849.5,-2250
2022-12-23 08:54:04,14,-1,3849.5,-2251
2022-12-23 08:54:05,109,90,3850.0,-2161
2022-12-23 08:54:06,129,61,3851.0,-2100
2022-12-23 08:54:07,25,5,3850.75,-2095
2022-12-23 08:54:08,34,18,3850.75,-2077
2022-12-23 08:54:09,84,39,3851.5,-2038
2022-12-23 08:54:10,95,-17,3851.75,-2055
2022-12-23 08:54:11,14,5,3851.5,-2050
2022-12-23 08:54:12,24,3,3851.5,-2047
2022-12-23 08:54:13,17,5,3851.75,-2042
2022-12-23 08:54:14,31,6,3851.75,-2036
2022-12-23 08:54:15,12,5,3851.5,-2031
2022-12-23 08:54:16,60,16,3852.0,-2015
2022-12-23 08:54:17,64,0,3851.75,-2015
2022-12-23 08:54:18,14,3,3852.0,-2012
2022-12-23 08:54:19,101,9,3852.25,-2003
2022-12-23 08:54:20,64,37,3852.25,-1966
2022-12-23 08:54:21,41,10,3852.25,-1956
2022-12-23 08:54:22,66,-19,3852.5,-1975
2022-12-23 08:54:23,132,154,3853.0,-1821
2022-12-23 08:54:24,96,-35,3852.0,-1856
2022-12-23 08:54:25,19,8,3852.5,-1848
2022-12-23 08:54:26,17,2,3852.5,-1846
2022-12-23 08:54:27,62,-24,3852.5,-1870
2022-12-23 08:54:28,32,23,3852.75,-1847
2022-12-23 08:54:29,64,23,3853.5,-1824
2022-12-23 08:54:30,71,-19,3853.5,-1843
2022-12-23 08:54:31,67,85,3853.75,-1758
2022-12-23 08:54:32,101,-33,3853.75,-1791
2022-12-23 08:54:33,45,22,3854.25,-1769
2022-12-23 08:54:34,44,-4,3853.75,-1773
2022-12-23 08:54:35,47,-14,3853.25,-1787
2022-12-23 08:54:36,142,7,3853.25,-1780
2022-12-23 08:54:37,20,2,3853.25,-1778
2022-12-23 08:54:38,46,-12,3853.25,-1790
2022-12-23 08:54:39,14,2,3852.75,-1788
2022-12-23 08:54:40,16,7,3852.75,-1781
2022-12-23 08:54:41,19,1,3852.75,-1780
2022-12-23 08:54:42,25,6,3853.0,-1774
2022-12-23 08:54:43,49,-5,3853.0,-1779
2022-12-23 08:54:44,48,1,3853.25,-1778
2022-12-23 08:54:45,38,-17,3853.0,-1795
2022-12-23 08:54:46,76,-13,3852.75,-1808
2022-12-23 08:54:47,15,0,3852.25,-1808
2022-12-23 08:54:48,22,-10,3852.0,-1818
2022-12-23 08:54:49,93,-33,3851.75,-1851
2022-12-23 08:54:50,28,2,3851.25,-1849
2022-12-23 08:54:51,9,-2,3851.25,-1851
2022-12-23 08:54:52,52,-13,3851.5,-1864
2022-12-23 08:54:53,27,-8,3851.25,-1872
2022-12-23 08:54:54,24,7,3851.0,-1865
2022-12-23 08:54:55,6,-5,3851.0,-1870
2022-12-23 08:54:56,11,-3,3851.0,-1873
2022-12-23 08:54:57,11,-11,3850.75,-1884
2022-12-23 08:54:58,13,6,3850.75,-1878
2022-12-23 08:54:59,36,27,3851.5,-1851
2022-12-23 08:55:00,26,2,3851.25,-1849
2022-12-23 08:55:01,20,-11,3851.25,-1860
2022-12-23 08:55:02,14,5,3851.5,-1855
2022-12-23 08:55:03,13,5,3851.5,-1850
2022-12-23 08:55:04,1,1,3851.5,-1849
2022-12-23 08:55:05,32,0,3851.75,-1849
2022-12-23 08:55:06,32,-12,3851.5,-1861
2022-12-23 08:55:07,40,-5,3851.0,-1866
2022-12-23 08:55:08,13,-9,3851.0,-1875
2022-12-23 08:55:09,46,-15,3850.75,-1890
2022-12-23 08:55:10,54,-26,3850.75,-1916
2022-12-23 08:55:11,21,-26,3850.75,-1942
2022-12-23 08:55:12,16,2,3850.75,-1940
2022-12-23 08:55:13,17,14,3851.0,-1926
2022-12-23 08:55:14,10,8,3851.5,-1918
2022-12-23 08:55:15,6,-2,3851.5,-1920
2022-12-23 08:55:16,17,-5,3851.5,-1925
2022-12-23 08:55:17,16,-2,3851.25,-1927
2022-12-23 08:55:18,14,-1,3851.25,-1928
2022-12-23 08:55:19,35,14,3851.75,-1914
2022-12-23 08:55:20,26,-4,3851.5,-1918
2022-12-23 08:55:21,38,-14,3851.25,-1932
2022-12-23 08:55:22,16,-4,3851.0,-1936
2022-12-23 08:55:23,10,1,3851.25,-1935
2022-12-23 08:55:24,12,5,3851.25,-1930
2022-12-23 08:55:25,29,9,3851.75,-1921
2022-12-23 08:55:26,9,-6,3851.5,-1927
2022-12-23 08:55:27,36,16,3851.75,-1911
2022-12-23 08:55:28,7,4,3852.0,-1907
2022-12-23 08:55:29,31,-15,3851.75,-1922
2022-12-23 08:55:30,28,-4,3851.75,-1926
2022-12-23 08:55:31,6,4,3851.5,-1922
2022-12-23 08:55:32,36,-7,3851.5,-1929
2022-12-23 08:55:33,53,-33,3851.75,-1962
2022-12-23 08:55:34,19,6,3851.0,-1956
2022-12-23 08:55:35,67,-3,3851.0,-1959
2022-12-23 08:55:36,108,-16,3850.5,-1975
2022-12-23 08:55:37,155,-63,3850.5,-2038
2022-12-23 08:55:38,85,-17,3849.75,-2055
2022-12-23 08:55:39,22,-6,3849.5,-2061
2022-12-23 08:55:40,155,-52,3849.5,-2113
2022-12-23 08:55:41,39,-16,3849.25,-2129
2022-12-23 08:55:42,1,-1,3849.25,-2130
2022-12-23 08:55:43,22,8,3849.5,-2122
2022-12-23 08:55:44,46,13,3850.0,-2109
2022-12-23 08:55:45,16,-6,3849.5,-2115
2022-12-23 08:55:46,74,-45,3849.0,-2160
2022-12-23 08:55:47,85,-13,3848.5,-2173
2022-12-23 08:55:48,32,-28,3848.0,-2201
2022-12-23 08:55:49,92,30,3848.25,-2171
2022-12-23 08:55:50,69,43,3848.5,-2128
2022-12-23 08:55:51,100,-94,3848.5,-2222
2022-12-23 08:55:52,43,-6,3847.75,-2228
2022-12-23 08:55:53,45,-2,3847.75,-2230
2022-12-23 08:55:54,60,-23,3847.5,-2253
2022-12-23 08:55:55,76,-22,3847.5,-2275
2022-12-23 08:55:56,88,-14,3847.5,-2289
2022-12-23 08:55:57,19,6,3847.5,-2283
2022-12-23 08:55:58,47,17,3848.0,-2266
2022-12-23 08:55:59,39,-14,3848.0,-2280
2022-12-23 08:56:00,65,-11,3848.5,-2291
2022-12-23 08:56:01,18,-15,3847.75,-2306
2022-12-23 08:56:02,27,-3,3847.75,-2309
2022-12-23 08:56:03,21,6,3847.75,-2303
2022-12-23 08:56:04,78,-5,3848.0,-2308
2022-12-23 08:56:05,30,18,3848.75,-2290
2022-12-23 08:56:06,24,13,3849.25,-2277
2022-12-23 08:56:07,34,-10,3849.25,-2287
2022-12-23 08:56:08,33,-12,3848.75,-2299
2022-12-23 08:56:09,20,0,3848.75,-2299
2022-12-23 08:56:10,32,10,3849.0,-2289
2022-12-23 08:56:11,83,52,3849.75,-2237
2022-12-23 08:56:12,37,-3,3849.75,-2240
2022-12-23 08:56:13,80,39,3850.25,-2201
2022-12-23 08:56:14,36,2,3850.75,-2199
2022-12-23 08:56:15,10,-1,3850.25,-2200
2022-12-23 08:56:16,11,4,3850.5,-2196
2022-12-23 08:56:17,3,1,3850.5,-2195
2022-12-23 08:56:18,55,15,3850.75,-2180
2022-12-23 08:56:19,77,69,3851.5,-2111
2022-12-23 08:56:20,28,-1,3851.5,-2112
2022-12-23 08:56:21,27,-1,3851.5,-2113
2022-12-23 08:56:22,38,27,3851.75,-2086
2022-12-23 08:56:23,56,27,3852.25,-2059
2022-12-23 08:56:24,126,37,3853.0,-2022
2022-12-23 08:56:25,198,121,3853.75,-1901
2022-12-23 08:56:26,95,-3,3853.25,-1904
2022-12-23 08:56:27,31,-3,3853.0,-1907
2022-12-23 08:56:28,112,47,3853.25,-1860
2022-12-23 08:56:29,20,2,3853.0,-1858
2022-12-23 08:56:30,14,10,3853.25,-1848
2022-12-23 08:56:31,28,-20,3853.0,-1868
2022-12-23 08:56:32,32,7,3852.5,-1861
2022-12-23 08:56:33,19,-7,3852.25,-1868
2022-12-23 08:56:34,26,1,3852.0,-1867
2022-12-23 08:56:35,43,13,3852.25,-1854
2022-12-23 08:56:36,22,1,3852.0,-1853
2022-12-23 08:56:37,34,10,3852.25,-1843
2022-12-23 08:56:38,21,-4,3852.5,-1847
2022-12-23 08:56:39,28,8,3852.5,-1839
2022-12-23 08:56:40,62,-13,3852.25,-1852
2022-12-23 08:56:41,42,2,3852.25,-1850
2022-12-23 08:56:42,27,6,3852.0,-1844
2022-12-23 08:56:43,4,-4,3852.0,-1848
2022-12-23 08:56:44,13,-9,3852.0,-1857
2022-12-23 08:56:45,62,-5,3852.25,-1862
2022-12-23 08:56:46,35,-2,3851.5,-1864
2022-12-23 08:56:47,16,-3,3851.5,-1867
2022-12-23 08:56:48,32,17,3852.0,-1850
2022-12-23 08:56:49,13,9,3852.25,-1841
2022-12-23 08:56:50,31,0,3852.5,-1841
2022-12-23 08:56:51,18,-9,3852.25,-1850
2022-12-23 08:56:52,13,-3,3851.75,-1853
2022-12-23 08:56:53,2,2,3851.75,-1851
2022-12-23 08:56:54,6,-4,3851.75,-1855
2022-12-23 08:56:55,12,-4,3851.5,-1859
2022-12-23 08:56:56,17,8,3851.75,-1851
2022-12-23 08:56:57,17,1,3851.75,-1850
2022-12-23 08:56:58,13,13,3851.5,-1837
2022-12-23 08:56:59,9,-9,3851.25,-1846
2022-12-23 08:57:00,40,-20,3851.0,-1866
2022-12-23 08:57:01,31,19,3851.75,-1847
2022-12-23 08:57:02,24,-12,3851.75,-1859
2022-12-23 08:57:03,3,3,3851.5,-1856
2022-12-23 08:57:04,14,-5,3851.75,-1861
2022-12-23 08:57:05,54,16,3851.75,-1845
2022-12-23 08:57:06,7,-7,3851.75,-1852
2022-12-23 08:57:07,29,16,3852.0,-1836
2022-12-23 08:57:08,20,19,3852.25,-1817
2022-12-23 08:57:09,7,3,3852.25,-1814
2022-12-23 08:57:10,2,-2,3852.0,-1816
2022-12-23 08:57:11,11,-2,3852.25,-1818
2022-12-23 08:57:12,11,-7,3852.25,-1825
2022-12-23 08:57:13,45,16,3852.5,-1809
2022-12-23 08:57:14,19,4,3852.5,-1805
2022-12-23 08:57:15,12,-6,3852.5,-1811
2022-12-23 08:57:16,54,-7,3852.5,-1818
2022-12-23 08:57:17,57,-14,3852.0,-1832
2022-12-23 08:57:18,35,-15,3851.25,-1847
2022-12-23 08:57:19,40,-1,3851.0,-1848
2022-12-23 08:57:20,38,0,3851.25,-1848
2022-12-23 08:57:21,31,-3,3850.75,-1851
2022-12-23 08:57:22,106,-47,3850.5,-1898
2022-12-23 08:57:23,82,-21,3850.25,-1919
2022-12-23 08:57:24,32,-1,3850.25,-1920
2022-12-23 08:57:25,28,-24,3850.25,-1944
2022-12-23 08:57:26,37,-27,3849.75,-1971
2022-12-23 08:57:27,78,-72,3849.5,-2043
2022-12-23 08:57:28,59,-8,3849.25,-2051
2022-12-23 08:57:29,137,-128,3849.0,-2179
2022-12-23 08:57:30,20,1,3849.25,-2178
2022-12-23 08:57:31,4,-2,3849.25,-2180
2022-12-23 08:57:32,20,7,3849.25,-2173
2022-12-23 08:57:33,64,-27,3849.25,-2200
2022-12-23 08:57:34,10,-3,3848.75,-2203
2022-12-23 08:57:35,40,4,3848.75,-2199
2022-12-23 08:57:36,36,14,3849.0,-2185
2022-12-23 08:57:37,23,-5,3848.75,-2190
2022-12-23 08:57:38,27,14,3848.75,-2176
2022-12-23 08:57:39,17,-1,3848.75,-2177
2022-12-23 08:57:40,4,4,3848.75,-2173
2022-12-23 08:57:41,33,-22,3848.5,-2195
2022-12-23 08:57:42,21,6,3848.25,-2189
2022-12-23 08:57:43,29,19,3848.5,-2170
2022-12-23 08:57:44,10,-2,3848.5,-2172
2022-12-23 08:57:45,4,2,3848.75,-2170
2022-12-23 08:57:46,13,5,3848.5,-2165
2022-12-23 08:57:47,10,7,3848.25,-2158
2022-12-23 08:57:48,11,-1,3848.25,-2159
2022-12-23 08:57:49,61,24,3849.0,-2135
2022-12-23 08:57:50,29,3,3849.0,-2132
2022-12-23 08:57:51,38,19,3849.5,-2113
2022-12-23 08:57:52,39,12,3849.75,-2101
2022-12-23 08:57:53,32,-5,3849.5,-2106
2022-12-23 08:57:55,24,0,3849.75,-2106
2022-12-23 08:57:56,16,1,3850.0,-2105
2022-12-23 08:57:57,15,15,3850.0,-2090
2022-12-23 08:57:58,20,-10,3850.0,-2100
2022-12-23 08:57:59,1,-1,3849.75,-2101
2022-12-23 08:58:00,46,62,3850.25,-2039
2022-12-23 08:58:01,17,-4,3850.0,-2043
2022-12-23 08:58:02,14,14,3850.25,-2029
2022-12-23 08:58:03,32,15,3850.75,-2014
2022-12-23 08:58:04,55,-1,3851.0,-2015
2022-12-23 08:58:05,11,10,3850.75,-2005
2022-12-23 08:58:06,2,-1,3850.5,-2006
2022-12-23 08:58:07,20,-9,3850.5,-2015
2022-12-23 08:58:08,1,-1,3850.0,-2016
2022-12-23 08:58:09,9,1,3850.25,-2015
2022-12-23 08:58:10,4,2,3850.25,-2013
2022-12-23 08:58:11,26,-4,3850.25,-2017
2022-12-23 08:58:12,1,-1,3850.25,-2018
2022-12-23 08:58:13,8,-8,3850.25,-2026
2022-12-23 08:58:14,119,28,3851.0,-1998
2022-12-23 08:58:15,9,8,3851.25,-1990
2022-12-23 08:58:16,25,-6,3851.0,-1996
2022-12-23 08:58:17,16,-13,3850.5,-2009
2022-12-23 08:58:18,15,-4,3850.0,-2013
2022-12-23 08:58:19,25,-12,3849.75,-2025
2022-12-23 08:58:20,17,-2,3849.75,-2027
2022-12-23 08:58:21,2,0,3849.75,-2027
2022-12-23 08:58:22,6,6,3849.75,-2021
2022-12-23 08:58:23,15,12,3850.25,-2009
2022-12-23 08:58:24,23,11,3850.5,-1998
2022-12-23 08:58:25,6,-6,3850.25,-2004
2022-12-23 08:58:26,20,8,3850.75,-1996
2022-12-23 08:58:27,8,-6,3850.75,-2002
2022-12-23 08:58:28,13,-9,3850.5,-2011
2022-12-23 08:58:29,28,2,3850.0,-2009
2022-12-23 08:58:31,6,-2,3850.25,-2011
2022-12-23 08:58:32,10,0,3850.25,-2011
2022-12-23 08:58:33,15,4,3850.25,-2007
2022-12-23 08:58:34,15,7,3850.5,-2000
2022-12-23 08:58:35,9,-3,3850.5,-2003
2022-12-23 08:58:36,5,0,3850.5,-2003
2022-12-23 08:58:37,17,-13,3850.25,-2016
2022-12-23 08:58:38,14,7,3850.25,-2009
2022-12-23 08:58:39,17,-7,3850.0,-2016
2022-12-23 08:58:41,21,3,3850.25,-2013
2022-12-23 08:58:42,3,1,3850.25,-2012
2022-12-23 08:58:43,22,17,3850.75,-1995
2022-12-23 08:58:44,22,16,3851.25,-1979
2022-12-23 08:58:45,1,-1,3851.0,-1980
2022-12-23 08:58:46,13,-3,3850.75,-1983
2022-12-23 08:58:47,10,-1,3850.5,-1984
2022-12-23 08:58:48,25,-6,3850.5,-1990
2022-12-23 08:58:49,18,7,3851.0,-1983
2022-12-23 08:58:50,49,26,3851.5,-1957
2022-12-23 08:58:51,33,-10,3851.25,-1967
2022-12-23 08:58:52,251,-62,3851.0,-2029
2022-12-23 08:58:53,176,-6,3849.75,-2035
2022-12-23 08:58:54,32,12,3849.75,-2023
2022-12-23 08:58:55,39,-19,3850.25,-2042
2022-12-23 08:58:56,24,5,3849.75,-2037
2022-12-23 08:58:57,23,2,3849.5,-2035
2022-12-23 08:58:58,19,-9,3849.5,-2044
2022-12-23 08:58:59,38,-17,3849.25,-2061
2022-12-23 08:59:00,23,3,3849.25,-2058
2022-12-23 08:59:01,30,4,3849.25,-2054
2022-12-23 08:59:02,23,10,3849.5,-2044
2022-12-23 08:59:04,13,1,3849.25,-2043
2022-12-23 08:59:05,12,4,3849.0,-2039
2022-12-23 08:59:06,3,-1,3849.25,-2040
2022-12-23 08:59:07,14,2,3849.0,-2038
2022-12-23 08:59:08,7,4,3849.0,-2034
2022-12-23 08:59:09,12,8,3849.25,-2026
2022-12-23 08:59:10,19,1,3849.25,-2025
2022-12-23 08:59:11,12,-8,3849.25,-2033
2022-12-23 08:59:12,9,4,3849.0,-2029
2022-12-23 08:59:13,27,7,3849.25,-2022
2022-12-23 08:59:14,4,-2,3849.0,-2024
2022-12-23 08:59:15,3,-1,3849.25,-2025
2022-12-23 08:59:16,93,-43,3849.0,-2068
2022-12-23 08:59:17,25,7,3848.75,-2061
2022-12-23 08:59:18,55,3,3848.5,-2058
2022-12-23 08:59:19,54,24,3849.0,-2034
2022-12-23 08:59:20,16,3,3849.0,-2031
2022-12-23 08:59:21,18,-9,3848.75,-2040
2022-12-23 08:59:22,71,-44,3848.5,-2084
2022-12-23 08:59:23,5,-2,3848.25,-2086
2022-12-23 08:59:24,44,11,3848.75,-2075
2022-12-23 08:59:25,7,-1,3849.0,-2076
2022-12-23 08:59:26,7,-3,3848.75,-2079
2022-12-23 08:59:27,18,-7,3848.75,-2086
2022-12-23 08:59:28,23,6,3848.25,-2080
2022-12-23 08:59:29,20,-3,3848.25,-2083
2022-12-23 08:59:30,63,-2,3848.75,-2085
2022-12-23 08:59:31,17,4,3848.75,-2081
2022-12-23 08:59:32,17,-1,3848.75,-2082
2022-12-23 08:59:33,4,-2,3848.75,-2084
2022-12-23 08:59:34,18,3,3849.0,-2081
2022-12-23 08:59:35,62,13,3849.5,-2068
2022-12-23 08:59:36,25,13,3849.5,-2055
2022-12-23 08:59:37,47,-2,3849.75,-2057
2022-12-23 08:59:38,8,7,3849.5,-2050
2022-12-23 08:59:39,24,1,3849.75,-2049
2022-12-23 08:59:40,17,9,3850.0,-2040
2022-12-23 08:59:42,43,6,3849.75,-2034
2022-12-23 08:59:43,7,1,3849.75,-2033
2022-12-23 08:59:44,73,-64,3849.75,-2097
2022-12-23 08:59:45,7,5,3849.5,-2092
2022-12-23 08:59:46,9,-3,3849.25,-2095
2022-12-23 08:59:47,9,-1,3849.0,-2096
2022-12-23 08:59:48,15,4,3849.0,-2092
2022-12-23 08:59:49,1,1,3849.0,-2091
2022-12-23 08:59:50,31,0,3849.0,-2091
2022-12-23 08:59:51,2,-2,3848.5,-2093
2022-12-23 08:59:52,23,8,3848.75,-2085
2022-12-23 08:59:53,4,0,3848.75,-2085
2022-12-23 08:59:54,27,-29,3848.75,-2114
2022-12-23 08:59:55,24,23,3848.75,-2091
2022-12-23 08:59:56,12,11,3849.25,-2080
2022-12-23 08:59:57,31,-32,3849.0,-2112
2022-12-23 08:59:58,3,-2,3848.75,-2114
2022-12-23 08:59:59,1,1,3849.0,-2113
2022-12-23 09:00:00,105,-62,3848.75,-2175
2022-12-23 09:00:01,84,20,3849.5,-2155
2022-12-23 09:00:02,40,-4,3849.5,-2159
2022-12-23 09:00:03,4,1,3849.25,-2158
2022-12-23 09:00:04,10,-2,3849.25,-2160
2022-12-23 09:00:05,54,-22,3848.75,-2182
2022-12-23 09:00:06,7,4,3848.25,-2178
2022-12-23 09:00:07,51,13,3849.0,-2165
2022-12-23 09:00:08,29,-12,3849.0,-2177
2022-12-23 09:00:09,22,10,3849.25,-2167
2022-12-23 09:00:10,17,-10,3849.25,-2177
2022-12-23 09:00:11,33,-6,3849.25,-2183
2022-12-23 09:00:12,10,6,3849.25,-2177
2022-12-23 09:00:13,2,1,3849.5,-2176
2022-12-23 09:00:14,35,-5,3849.5,-2181
2022-12-23 09:00:15,20,-5,3849.25,-2186
2022-12-23 09:00:16,66,5,3849.25,-2181
2022-12-23 09:00:17,2,2,3849.5,-2179
2022-12-23 09:00:18,214,49,3850.25,-2130
2022-12-23 09:00:19,72,24,3850.75,-2106
2022-12-23 09:00:20,23,6,3850.75,-2100
2022-12-23 09:00:21,41,5,3851.0,-2095
2022-12-23 09:00:22,57,-9,3851.25,-2104
2022-12-23 09:00:23,20,0,3850.25,-2104
2022-12-23 09:00:24,38,1,3850.25,-2103
2022-12-23 09:00:26,42,36,3850.5,-2067
2022-12-23 09:00:27,42,-1,3850.5,-2068
2022-12-23 09:00:28,12,1,3850.25,-2067
2022-12-23 09:00:29,50,-11,3850.5,-2078
2022-12-23 09:00:30,12,6,3850.5,-2072
2022-12-23 09:00:31,5,1,3850.5,-2071
2022-12-23 09:00:32,19,-6,3850.25,-2077
2022-12-23 09:00:33,13,-4,3850.0,-2081
2022-12-23 09:00:34,10,-8,3849.75,-2089
2022-12-23 09:00:35,18,-6,3849.75,-2095
2022-12-23 09:00:36,26,-4,3849.75,-2099
2022-12-23 09:00:37,32,0,3849.5,-2099
2022-12-23 09:00:38,44,-22,3849.25,-2121
2022-12-23 09:00:39,73,-11,3848.75,-2132
2022-12-23 09:00:40,19,1,3848.75,-2131
2022-12-23 09:00:41,23,-6,3848.5,-2137
2022-12-23 09:00:42,14,-2,3848.5,-2139
2022-12-23 09:00:43,16,2,3848.5,-2137
2022-12-23 09:00:44,27,-9,3848.5,-2146
2022-12-23 09:00:45,24,6,3848.25,-2140
2022-12-23 09:00:46,18,8,3848.25,-2132
2022-12-23 09:00:47,11,-4,3848.5,-2136
2022-12-23 09:00:48,8,-6,3848.25,-2142
2022-12-23 09:00:49,25,-18,3848.25,-2160
2022-12-23 09:00:50,45,-11,3847.75,-2171
2022-12-23 09:00:51,21,7,3847.75,-2164
2022-12-23 09:00:52,6,0,3847.75,-2164
2022-12-23 09:00:53,37,12,3848.0,-2152
2022-12-23 09:00:54,6,-1,3848.25,-2153
2022-12-23 09:00:55,73,32,3848.75,-2121
2022-12-23 09:00:56,13,7,3849.0,-2114
2022-12-23 09:00:57,15,-9,3848.75,-2123
2022-12-23 09:00:58,6,-6,3848.5,-2129
2022-12-23 09:00:59,1,-1,3848.25,-2130
2022-12-23 09:01:00,32,-3,3848.25,-2133
2022-12-23 09:01:01,13,4,3848.25,-2129
2022-12-23 09:01:02,54,-1,3849.0,-2130
2022-12-23 09:01:03,24,0,3848.5,-2130
2022-12-23 09:01:04,67,10,3849.25,-2120
2022-12-23 09:01:05,53,13,3849.75,-2107
2022-12-23 09:01:06,98,11,3850.25,-2096
2022-12-23 09:01:07,45,-10,3850.0,-2106
2022-12-23 09:01:08,15,9,3849.75,-2097
2022-12-23 09:01:09,6,-4,3849.75,-2101
2022-12-23 09:01:10,27,-2,3849.75,-2103
2022-12-23 09:01:12,28,17,3850.25,-2086
2022-12-23 09:01:13,38,-11,3850.0,-2097
2022-12-23 09:01:14,24,-3,3849.75,-2100
2022-12-23 09:01:15,20,13,3849.5,-2087
2022-12-23 09:01:16,34,-15,3849.5,-2102
2022-12-23 09:01:17,22,7,3849.5,-2095
2022-12-23 09:01:18,16,1,3849.5,-2094
2022-12-23 09:01:19,16,4,3850.0,-2090
2022-12-23 09:01:20,52,-2,3850.0,-2092
2022-12-23 09:01:21,15,0,3849.5,-2092
2022-12-23 09:01:22,45,14,3849.75,-2078
2022-12-23 09:01:23,42,17,3849.75,-2061
2022-12-23 09:01:24,29,3,3849.75,-2058
2022-12-23 09:01:25,27,2,3849.75,-2056
2022-12-23 09:01:26,85,0,3850.0,-2056
2022-12-23 09:01:27,6,-4,3850.0,-2060
2022-12-23 09:01:28,75,-38,3850.0,-2098
2022-12-23 09:01:29,68,-21,3849.25,-2119
2022-12-23 09:01:30,32,8,3849.25,-2111
2022-12-23 09:01:31,17,-4,3849.0,-2115
2022-12-23 09:01:32,9,5,3849.0,-2110
2022-12-23 09:01:33,12,-2,3849.0,-2112
2022-12-23 09:01:34,8,-6,3849.0,-2118
2022-12-23 09:01:35,11,-1,3848.75,-2119
2022-12-23 09:01:36,13,0,3848.75,-2119
2022-12-23 09:01:37,20,7,3848.75,-2112
2022-12-23 09:01:38,35,-21,3848.75,-2133
2022-12-23 09:01:39,30,16,3849.0,-2117
2022-12-23 09:01:40,3,3,3849.0,-2114
2022-12-23 09:01:41,59,11,3849.5,-2103
2022-12-23 09:01:42,43,10,3849.75,-2093
2022-12-23 09:01:43,15,-13,3849.75,-2106
2022-12-23 09:01:44,17,7,3849.5,-2099
2022-12-23 09:01:45,5,0,3849.5,-2099
2022-12-23 09:01:47,27,-10,3849.25,-2109
2022-12-23 09:01:48,8,6,3849.0,-2103
2022-12-23 09:01:49,46,23,3849.25,-2080
2022-12-23 09:01:50,41,13,3849.25,-2067
2022-12-23 09:01:51,58,-12,3849.5,-2079
2022-12-23 09:01:52,25,6,3849.5,-2073
2022-12-23 09:01:53,21,5,3849.75,-2068
2022-12-23 09:01:54,10,-8,3849.5,-2076
2022-12-23 09:01:55,11,1,3849.5,-2075
2022-12-23 09:01:56,45,-8,3849.5,-2083
2022-12-23 09:01:58,87,-31,3849.0,-2114
2022-12-23 09:01:59,31,-16,3849.0,-2130
2022-12-23 09:02:00,51,21,3848.75,-2109
2022-12-23 09:02:01,1,-1,3848.75,-2110
2022-12-23 09:02:02,20,-2,3848.75,-2112
2022-12-23 09:02:03,1,-1,3848.5,-2113
2022-12-23 09:02:04,4,-4,3848.5,-2117
2022-12-23 09:02:06,40,5,3848.5,-2112
2022-12-23 09:02:07,139,-64,3848.5,-2176
2022-12-23 09:02:08,61,6,3848.0,-2170
2022-12-23 09:02:09,70,-25,3848.0,-2195
2022-12-23 09:02:10,15,2,3847.75,-2193
2022-12-23 09:02:11,30,1,3847.25,-2192
2022-12-23 09:02:12,34,6,3847.5,-2186
2022-12-23 09:02:13,43,3,3847.5,-2183
2022-12-23 09:02:14,7,-5,3847.5,-2188
2022-12-23 09:02:15,15,1,3847.25,-2187
2022-12-23 09:02:16,34,-11,3847.25,-2198
2022-12-23 09:02:17,26,1,3847.0,-2197
2022-12-23 09:02:18,184,-101,3846.75,-2298
2022-12-23 09:02:19,57,-18,3846.5,-2316
2022-12-23 09:02:20,167,-61,3846.25,-2377
2022-12-23 09:02:21,303,-84,3845.75,-2461
2022-12-23 09:02:22,120,7,3845.0,-2454
2022-12-23 09:02:23,84,-73,3845.25,-2527
2022-12-23 09:02:24,93,-76,3844.75,-2603
2022-12-23 09:02:25,50,14,3844.5,-2589
2022-12-23 09:02:26,34,-8,3844.5,-2597
2022-12-23 09:02:27,29,4,3844.5,-2593
2022-12-23 09:02:28,32,-16,3844.25,-2609
2022-12-23 09:02:29,65,1,3844.75,-2608
2022-12-23 09:02:30,39,4,3845.0,-2604
2022-12-23 09:02:31,61,9,3845.25,-2595
2022-12-23 09:02:32,71,-21,3845.5,-2616
2022-12-23 09:02:33,49,10,3845.5,-2606
2022-12-23 09:02:34,67,2,3845.5,-2604
2022-12-23 09:02:35,53,-39,3845.5,-2643
2022-12-23 09:02:36,46,-19,3845.25,-2662
2022-12-23 09:02:37,3,-1,3844.75,-2663
2022-12-23 09:02:38,30,-14,3844.5,-2677
2022-12-23 09:02:39,115,-43,3844.5,-2720
2022-12-23 09:02:40,54,-16,3844.0,-2736
2022-12-23 09:02:41,81,-18,3843.75,-2754
2022-12-23 09:02:42,41,-2,3843.75,-2756
2022-12-23 09:02:43,108,-44,3843.75,-2800
2022-12-23 09:02:44,53,5,3843.75,-2795
2022-12-23 09:02:45,29,0,3843.75,-2795
2022-12-23 09:02:46,47,22,3844.0,-2773
2022-12-23 09:02:47,65,-4,3844.25,-2777
2022-12-23 09:02:48,28,3,3844.0,-2774
2022-12-23 09:02:49,10,3,3843.75,-2771
2022-12-23 09:02:50,31,-1,3843.75,-2772
2022-12-23 09:02:51,40,-15,3843.5,-2787
2022-12-23 09:02:52,24,-13,3843.25,-2800
2022-12-23 09:02:53,36,-8,3843.75,-2808
2022-12-23 09:02:54,38,1,3843.5,-2807
2022-12-23 09:02:55,22,-1,3843.25,-2808
2022-12-23 09:02:56,40,-14,3843.5,-2822
2022-12-23 09:02:57,7,-3,3843.5,-2825
2022-12-23 09:02:58,55,-22,3843.5,-2847
2022-12-23 09:02:59,9,-9,3842.75,-2856
2022-12-23 09:03:00,81,-24,3842.75,-2880
2022-12-23 09:03:01,99,-4,3842.5,-2884
2022-12-23 09:03:02,98,-10,3842.25,-2894
2022-12-23 09:03:03,84,-16,3841.75,-2910
2022-12-23 09:03:04,42,-4,3841.75,-2914
2022-12-23 09:03:05,88,15,3841.75,-2899
2022-12-23 09:03:06,49,-2,3841.5,-2901
2022-12-23 09:03:07,118,31,3842.0,-2870
2022-12-23 09:03:08,79,-9,3841.75,-2879
2022-12-23 09:03:09,189,-59,3841.5,-2938
2022-12-23 09:03:10,62,9,3841.25,-2929
2022-12-23 09:03:11,209,-26,3841.0,-2955
2022-12-23 09:03:12,19,0,3841.0,-2955
2022-12-23 09:03:13,77,8,3841.25,-2947
2022-12-23 09:03:14,24,-2,3841.25,-2949
2022-12-23 09:03:15,39,23,3841.5,-2926
2022-12-23 09:03:16,17,-2,3841.5,-2928
2022-12-23 09:03:17,89,46,3842.25,-2882
2022-12-23 09:03:18,63,5,3842.25,-2877
2022-12-23 09:03:19,57,-17,3842.0,-2894
2022-12-23 09:03:20,51,8,3841.5,-2886
2022-12-23 09:03:21,42,0,3841.5,-2886
2022-12-23 09:03:22,26,9,3842.0,-2877
2022-12-23 09:03:23,71,20,3842.25,-2857
2022-12-23 09:03:24,44,-9,3842.25,-2866
2022-12-23 09:03:25,33,5,3841.75,-2861
2022-12-23 09:03:26,20,6,3842.0,-2855
2022-12-23 09:03:27,60,2,3842.0,-2853
2022-12-23 09:03:28,29,1,3841.75,-2852
2022-12-23 09:03:29,39,30,3842.0,-2822
2022-12-23 09:03:30,15,11,3842.5,-2811
2022-12-23 09:03:31,51,8,3842.5,-2803
2022-12-23 09:03:32,16,-2,3842.5,-2805
2022-12-23 09:03:33,135,-85,3842.25,-2890
2022-12-23 09:03:34,18,-1,3841.5,-2891
2022-12-23 09:03:35,67,7,3841.75,-2884
2022-12-23 09:03:36,40,-3,3841.75,-2887
2022-12-23 09:03:37,20,10,3841.75,-2877
2022-12-23 09:03:38,17,10,3841.75,-2867
2022-12-23 09:03:39,17,-13,3841.5,-2880
2022-12-23 09:03:40,19,2,3841.75,-2878
2022-12-23 09:03:41,35,25,3841.75,-2853
2022-12-23 09:03:42,9,0,3842.0,-2853
2022-12-23 09:03:43,58,19,3842.5,-2834
2022-12-23 09:03:44,56,19,3842.5,-2815
2022-12-23 09:03:45,43,-24,3842.5,-2839
2022-12-23 09:03:46,17,8,3842.25,-2831
2022-12-23 09:03:47,1,-1,3842.25,-2832
2022-12-23 09:03:48,114,42,3842.75,-2790
2022-12-23 09:03:49,48,9,3843.0,-2781
2022-12-23 09:03:50,88,33,3843.5,-2748
2022-12-23 09:03:51,64,0,3843.25,-2748
2022-12-23 09:03:52,13,10,3843.25,-2738
2022-12-23 09:03:53,104,-25,3843.25,-2763
2022-12-23 09:03:54,1,1,3842.75,-2762
2022-12-23 09:03:55,54,-2,3842.75,-2764
2022-12-23 09:03:56,17,-3,3842.5,-2767
2022-12-23 09:03:57,21,11,3842.75,-2756
2022-12-23 09:03:58,37,-3,3843.0,-2759
2022-12-23 09:03:59,61,3,3843.0,-2756
2022-12-23 09:04:00,59,32,3843.25,-2724
2022-12-23 09:04:01,59,-27,3843.0,-2751
2022-12-23 09:04:02,45,18,3843.25,-2733
2022-12-23 09:04:03,29,10,3843.5,-2723
2022-12-23 09:04:04,48,8,3844.0,-2715
2022-12-23 09:04:05,11,6,3843.75,-2709
2022-12-23 09:04:06,3,-1,3843.75,-2710
2022-12-23 09:04:07,40,-7,3843.5,-2717
2022-12-23 09:04:08,25,-10,3843.0,-2727
2022-12-23 09:04:09,15,11,3842.75,-2716
2022-12-23 09:04:10,63,-8,3842.75,-2724
2022-12-23 09:04:11,33,6,3842.75,-2718
2022-12-23 09:04:12,16,-7,3842.75,-2725
2022-12-23 09:04:13,18,-3,3842.5,-2728
2022-12-23 09:04:14,21,-6,3842.25,-2734
2022-12-23 09:04:15,60,-21,3841.75,-2755
2022-12-23 09:04:16,105,-8,3841.5,-2763
2022-12-23 09:04:17,33,5,3841.75,-2758
2022-12-23 09:04:18,7,-6,3841.75,-2764
2022-12-23 09:04:19,91,7,3841.75,-2757
2022-12-23 09:04:20,59,5,3841.5,-2752
2022-12-23 09:04:21,39,20,3841.5,-2732
2022-12-23 09:04:22,2,-1,3841.25,-2733
2022-12-23 09:04:23,9,7,3841.5,-2726
2022-12-23 09:04:24,47,-19,3841.5,-2745
2022-12-23 09:04:25,60,7,3841.5,-2738
2022-12-23 09:04:26,14,-8,3841.25,-2746
2022-12-23 09:04:27,9,3,3841.5,-2743
2022-12-23 09:04:28,56,9,3841.75,-2734
2022-12-23 09:04:29,26,2,3841.75,-2732
2022-12-23 09:04:30,3,0,3841.75,-2732
2022-12-23 09:04:31,31,-4,3841.75,-2736
2022-12-23 09:04:32,21,1,3842.0,-2735
2022-12-23 09:04:33,8,-2,3841.75,-2737
2022-12-23 09:04:34,27,2,3842.25,-2735
2022-12-23 09:04:35,3,-3,3842.0,-2738
2022-12-23 09:04:36,19,1,3842.0,-2737
2022-12-23 09:04:37,24,14,3842.25,-2723
2022-12-23 09:04:38,6,-2,3842.25,-2725
2022-12-23 09:04:39,13,4,3842.0,-2721
2022-12-23 09:04:40,30,-7,3842.0,-2728
2022-12-23 09:04:41,22,-11,3841.75,-2739
2022-12-23 09:04:42,3,-1,3841.75,-2740
2022-12-23 09:04:43,27,7,3841.75,-2733
2022-12-23 09:04:44,27,-5,3841.75,-2738
2022-12-23 09:04:45,9,-3,3841.5,-2741
2022-12-23 09:04:46,10,-2,3841.25,-2743
2022-12-23 09:04:47,33,21,3841.5,-2722
2022-12-23 09:04:48,27,-7,3841.0,-2729
2022-12-23 09:04:49,4,-1,3841.0,-2730
2022-12-23 09:04:50,80,-55,3840.75,-2785
2022-12-23 09:04:51,3,-1,3840.75,-2786
2022-12-23 09:04:52,43,-28,3840.75,-2814
2022-12-23 09:04:53,22,15,3840.75,-2799
2022-12-23 09:04:54,214,-99,3840.5,-2898
2022-12-23 09:04:55,53,-2,3840.0,-2900
2022-12-23 09:04:56,18,-11,3840.0,-2911
2022-12-23 09:04:57,222,-131,3839.75,-3042
2022-12-23 09:04:58,25,-22,3839.75,-3064
2022-12-23 09:04:59,30,-13,3839.25,-3077
2022-12-23 09:05:00,67,6,3839.25,-3071
2022-12-23 09:05:01,113,-28,3839.5,-3099
2022-12-23 09:05:02,233,-45,3840.0,-3144
2022-12-23 09:05:03,71,-18,3840.25,-3162
2022-12-23 09:05:04,65,4,3840.25,-3158
2022-12-23 09:05:05,39,-12,3840.25,-3170
2022-12-23 09:05:06,113,0,3840.25,-3170
2022-12-23 09:05:07,117,-21,3840.25,-3191
2022-12-23 09:05:08,21,-4,3840.0,-3195
2022-12-23 09:05:09,46,-17,3839.75,-3212
2022-12-23 09:05:10,39,-14,3839.75,-3226
2022-12-23 09:05:11,47,28,3840.5,-3198
2022-12-23 09:05:12,19,-8,3840.5,-3206
2022-12-23 09:05:13,59,15,3840.75,-3191
2022-12-23 09:05:14,128,39,3841.5,-3152
2022-12-23 09:05:15,109,12,3841.0,-3140
2022-12-23 09:05:16,16,-8,3840.75,-3148
2022-12-23 09:05:17,19,-7,3840.75,-3155
2022-12-23 09:05:18,23,0,3840.75,-3155
2022-12-23 09:05:19,48,7,3841.25,-3148
2022-12-23 09:05:20,49,6,3841.25,-3142
2022-12-23 09:05:21,14,2,3841.5,-3140
2022-12-23 09:05:22,32,16,3841.5,-3124
2022-12-23 09:05:23,15,-6,3841.5,-3130
2022-12-23 09:05:24,96,33,3842.0,-3097
2022-12-23 09:05:25,68,20,3842.0,-3077
2022-12-23 09:05:26,31,21,3842.0,-3056
2022-12-23 09:05:27,49,-10,3842.0,-3066
2022-12-23 09:05:28,46,-2,3842.0,-3068
2022-12-23 09:05:29,159,101,3842.5,-2967
2022-12-23 09:05:30,31,-1,3842.25,-2968
2022-12-23 09:05:31,138,18,3842.75,-2950
2022-12-23 09:05:32,120,41,3843.25,-2909
2022-12-23 09:05:33,63,3,3843.25,-2906
2022-12-23 09:05:34,8,4,3843.0,-2902
2022-12-23 09:05:35,168,27,3843.75,-2875
2022-12-23 09:05:36,55,4,3843.75,-2871
2022-12-23 09:05:37,13,9,3843.75,-2862
2022-12-23 09:05:38,108,30,3844.25,-2832
2022-12-23 09:05:39,52,-6,3844.25,-2838
2022-12-23 09:05:40,67,-35,3844.0,-2873
2022-12-23 09:05:41,111,-22,3844.0,-2895
2022-12-23 09:05:42,30,2,3843.5,-2893
2022-12-23 09:05:43,26,4,3843.5,-2889
2022-12-23 09:05:44,109,20,3844.25,-2869
2022-12-23 09:05:45,39,-21,3844.25,-2890
2022-12-23 09:05:46,10,6,3843.75,-2884
2022-12-23 09:05:47,52,-9,3843.5,-2893
2022-12-23 09:05:48,10,-10,3843.0,-2903
2022-12-23 09:05:49,13,7,3843.5,-2896
2022-12-23 09:05:50,27,-1,3843.25,-2897
2022-12-23 09:05:51,49,2,3843.5,-2895
2022-12-23 09:05:52,24,-4,3843.5,-2899
2022-12-23 09:05:53,1,-1,3843.25,-2900
2022-12-23 09:05:54,34,-16,3843.5,-2916
2022-12-23 09:05:55,13,9,3843.25,-2907
2022-12-23 09:05:56,44,-14,3843.5,-2921
2022-12-23 09:05:57,26,-20,3842.75,-2941
2022-12-23 09:05:58,16,-8,3843.0,-2949
2022-12-23 09:05:59,30,-17,3842.5,-2966
2022-12-23 09:06:00,31,-1,3842.25,-2967
2022-12-23 09:06:01,28,3,3842.25,-2964
2022-12-23 09:06:02,23,-1,3842.5,-2965
2022-12-23 09:06:03,13,3,3842.5,-2962
2022-12-23 09:06:04,22,13,3842.5,-2949
2022-12-23 09:06:05,24,2,3843.0,-2947
2022-12-23 09:06:06,104,10,3843.0,-2937
2022-12-23 09:06:07,38,3,3842.75,-2934
2022-12-23 09:06:08,24,-1,3842.75,-2935
2022-12-23 09:06:09,31,14,3843.0,-2921
2022-12-23 09:06:10,92,3,3843.5,-2918
2022-12-23 09:06:11,30,-2,3843.75,-2920
2022-12-23 09:06:12,70,13,3844.0,-2907
2022-12-23 09:06:13,27,11,3844.0,-2896
2022-12-23 09:06:14,17,-2,3843.75,-2898
2022-12-23 09:06:15,26,-5,3843.75,-2903
2022-12-23 09:06:16,47,0,3844.0,-2903
2022-12-23 09:06:17,23,1,3843.25,-2902
2022-12-23 09:06:18,29,9,3843.75,-2893
2022-12-23 09:06:19,21,12,3843.75,-2881
2022-12-23 09:06:20,13,4,3843.75,-2877
2022-12-23 09:06:21,16,-1,3843.5,-2878
2022-12-23 09:06:22,32,-8,3843.0,-2886
2022-12-23 09:06:24,13,8,3843.0,-2878
2022-12-23 09:06:25,20,-9,3842.75,-2887
2022-12-23 09:06:26,6,6,3843.0,-2881
2022-12-23 09:06:27,54,21,3843.75,-2860
2022-12-23 09:06:28,13,-4,3843.75,-2864
2022-12-23 09:06:30,50,22,3844.25,-2842
2022-12-23 09:06:31,16,-11,3844.25,-2853
2022-12-23 09:06:32,20,0,3844.25,-2853
2022-12-23 09:06:33,32,-17,3844.0,-2870
2022-12-23 09:06:34,14,-12,3843.75,-2882
2022-12-23 09:06:35,34,6,3843.75,-2876
2022-12-23 09:06:36,5,1,3844.0,-2875
2022-12-23 09:06:37,2,-2,3843.75,-2877
2022-12-23 09:06:38,17,1,3844.0,-2876
2022-12-23 09:06:39,11,-3,3843.75,-2879
2022-12-23 09:06:40,23,-10,3843.5,-2889
2022-12-23 09:06:41,12,0,3843.25,-2889
2022-12-23 09:06:42,14,-11,3843.25,-2900
2022-12-23 09:06:43,9,-1,3843.25,-2901
2022-12-23 09:06:44,4,-2,3843.0,-2903
2022-12-23 09:06:45,49,16,3843.0,-2887
2022-12-23 09:06:47,9,2,3842.75,-2885
2022-12-23 09:06:48,32,-10,3842.5,-2895
2022-12-23 09:06:49,13,-2,3842.5,-2897
2022-12-23 09:06:50,24,-4,3842.75,-2901
2022-12-23 09:06:51,10,1,3842.75,-2900
2022-12-23 09:06:52,8,0,3842.75,-2900
2022-12-23 09:06:53,8,-7,3842.75,-2907
2022-12-23 09:06:54,9,5,3843.0,-2902
2022-12-23 09:06:55,5,-1,3842.75,-2903
2022-12-23 09:06:57,43,9,3843.25,-2894
2022-12-23 09:06:58,16,-4,3843.0,-2898
2022-12-23 09:06:59,26,-8,3843.0,-2906
2022-12-23 09:07:00,1,-1,3842.5,-2907
2022-12-23 09:07:01,17,10,3842.75,-2897
2022-12-23 09:07:02,35,-15,3842.75,-2912
2022-12-23 09:07:03,35,-7,3842.75,-2919
2022-12-23 09:07:04,9,-4,3842.75,-2923
2022-12-23 09:07:05,1,1,3842.75,-2922
2022-12-23 09:07:06,24,-8,3842.5,-2930
2022-12-23 09:07:07,50,9,3842.75,-2921
2022-12-23 09:07:08,28,-8,3842.5,-2929
2022-12-23 09:07:09,10,2,3842.25,-2927
2022-12-23 09:07:10,6,0,3842.25,-2927
2022-12-23 09:07:12,33,0,3842.75,-2927
2022-12-23 09:07:13,59,9,3843.25,-2918
2022-12-23 09:07:15,14,5,3843.25,-2913
2022-12-23 09:07:16,23,12,3843.5,-2901
2022-12-23 09:07:17,31,12,3843.5,-2889
2022-12-23 09:07:18,16,1,3843.25,-2888
2022-12-23 09:07:20,58,3,3844.0,-2885
2022-12-23 09:07:21,14,-6,3843.75,-2891
2022-12-23 09:07:22,87,1,3844.5,-2890
2022-12-23 09:07:23,159,20,3845.0,-2870
2022-12-23 09:07:24,58,13,3845.25,-2857
2022-12-23 09:07:25,82,-28,3845.25,-2885
2022-12-23 09:07:26,54,18,3845.5,-2867
2022-12-23 09:07:27,31,8,3845.25,-2859
2022-12-23 09:07:28,21,-2,3845.25,-2861
2022-12-23 09:07:29,19,8,3845.25,-2853
2022-12-23 09:07:30,12,-1,3845.25,-2854
2022-12-23 09:07:31,18,-1,3845.25,-2855
2022-12-23 09:07:32,16,4,3845.25,-2851
2022-12-23 09:07:33,35,-7,3845.25,-2858
2022-12-23 09:07:34,12,3,3845.0,-2855
2022-12-23 09:07:36,4,0,3845.0,-2855
2022-12-23 09:07:37,21,6,3845.0,-2849
2022-12-23 09:07:38,30,-15,3844.75,-2864
2022-12-23 09:07:39,11,-1,3844.5,-2865
2022-12-23 09:07:40,26,-4,3844.5,-2869
2022-12-23 09:07:41,25,6,3844.5,-2863
2022-12-23 09:07:42,21,-4,3844.5,-2867
2022-12-23 09:07:43,23,3,3844.25,-2864
2022-12-23 09:07:44,16,-1,3844.5,-2865
2022-12-23 09:07:45,7,-2,3844.0,-2867
2022-12-23 09:07:46,7,3,3844.0,-2864
2022-12-23 09:07:47,7,1,3844.0,-2863
2022-12-23 09:07:48,97,55,3845.25,-2808
2022-12-23 09:07:49,22,4,3845.0,-2804
2022-12-23 09:07:50,16,-19,3845.0,-2823
2022-12-23 09:07:51,24,-7,3845.0,-2830
2022-12-23 09:07:52,9,4,3845.0,-2826
2022-12-23 09:07:53,12,6,3845.0,-2820
2022-12-23 09:07:54,18,1,3845.5,-2819
2022-12-23 09:07:55,10,8,3845.5,-2811
2022-12-23 09:07:57,37,-7,3845.5,-2818
2022-12-23 09:07:58,23,8,3845.5,-2810
2022-12-23 09:07:59,2,2,3845.5,-2808
2022-12-23 09:08:00,51,23,3846.0,-2785
2022-12-23 09:08:01,89,43,3846.5,-2742
2022-12-23 09:08:02,38,-6,3846.5,-2748
2022-12-23 09:08:03,26,-3,3846.25,-2751
2022-12-23 09:08:04,35,11,3846.0,-2740
2022-12-23 09:08:05,26,-9,3846.0,-2749
2022-12-23 09:08:06,24,-2,3846.0,-2751
2022-12-23 09:08:07,39,26,3846.5,-2725
2022-12-23 09:08:08,28,1,3846.5,-2724
2022-12-23 09:08:09,9,-1,3846.5,-2725
2022-12-23 09:08:10,50,-9,3846.5,-2734
2022-12-23 09:08:11,5,-3,3846.25,-2737
2022-12-23 09:08:12,30,-13,3846.25,-2750
2022-12-23 09:08:13,3,1,3846.25,-2749
2022-12-23 09:08:14,12,11,3846.25,-2738
2022-12-23 09:08:15,28,16,3846.5,-2722
2022-12-23 09:08:16,18,9,3846.75,-2713
2022-12-23 09:08:17,19,5,3847.0,-2708
2022-12-23 09:08:18,75,2,3847.0,-2706
2022-12-23 09:08:19,5,3,3846.75,-2703
2022-12-23 09:08:20,4,4,3846.75,-2699
2022-12-23 09:08:21,22,6,3846.75,-2693
2022-12-23 09:08:22,7,-3,3846.75,-2696
2022-12-23 09:08:23,39,3,3847.0,-2693
2022-12-23 09:08:24,25,-8,3847.0,-2701
2022-12-23 09:08:25,38,32,3847.5,-2669
2022-12-23 09:08:26,98,23,3848.0,-2646
2022-12-23 09:08:27,23,-8,3848.0,-2654
2022-12-23 09:08:28,20,6,3848.0,-2648
2022-12-23 09:08:29,34,0,3848.0,-2648
2022-12-23 09:08:30,30,2,3848.0,-2646
2022-12-23 09:08:31,25,0,3848.0,-2646
2022-12-23 09:08:32,37,-2,3848.0,-2648
2022-12-23 09:08:33,16,9,3847.75,-2639
2022-12-23 09:08:34,94,-14,3847.5,-2653
2022-12-23 09:08:35,31,1,3848.0,-2652
2022-12-23 09:08:36,16,-8,3847.75,-2660
2022-12-23 09:08:37,77,-6,3847.5,-2666
2022-12-23 09:08:38,25,-12,3847.75,-2678
2022-12-23 09:08:39,17,-5,3847.5,-2683
2022-12-23 09:08:40,34,-19,3847.5,-2702
2022-12-23 09:08:41,17,-14,3847.5,-2716
2022-12-23 09:08:42,12,5,3847.5,-2711
2022-12-23 09:08:43,20,-5,3847.25,-2716
2022-12-23 09:08:44,21,-3,3847.25,-2719
2022-12-23 09:08:45,10,-5,3847.0,-2724
2022-12-23 09:08:46,17,-6,3846.75,-2730
2022-12-23 09:08:47,43,8,3847.0,-2722
2022-12-23 09:08:48,5,1,3847.0,-2721
2022-12-23 09:08:49,24,-13,3846.75,-2734
2022-12-23 09:08:50,8,5,3846.5,-2729
2022-12-23 09:08:51,14,-1,3846.5,-2730
2022-12-23 09:08:52,10,7,3846.5,-2723
2022-12-23 09:08:53,34,7,3847.0,-2716
2022-12-23 09:08:54,4,1,3847.25,-2715
2022-12-23 09:08:55,48,9,3847.5,-2706
2022-12-23 09:08:56,5,3,3847.5,-2703
2022-12-23 09:08:57,15,-5,3847.5,-2708
2022-12-23 09:08:58,6,4,3847.5,-2704
2022-12-23 09:08:59,2,0,3847.75,-2704
2022-12-23 09:09:00,21,-13,3847.75,-2717
2022-12-23 09:09:01,57,-24,3847.25,-2741
2022-12-23 09:09:02,11,-4,3846.75,-2745
2022-12-23 09:09:03,22,-7,3846.5,-2752
2022-12-23 09:09:04,27,-11,3846.25,-2763
2022-12-23 09:09:05,14,-2,3846.25,-2765
2022-12-23 09:09:06,46,13,3846.5,-2752
2022-12-23 09:09:07,18,-14,3846.5,-2766
2022-12-23 09:09:08,11,3,3846.75,-2763
2022-12-23 09:09:09,5,-3,3846.75,-2766
2022-12-23 09:09:10,3,0,3846.5,-2766
2022-12-23 09:09:11,13,-5,3846.25,-2771
2022-12-23 09:09:12,24,9,3846.5,-2762
2022-12-23 09:09:13,17,-5,3846.25,-2767
2022-12-23 09:09:15,28,-2,3846.0,-2769
2022-12-23 09:09:16,4,-2,3846.0,-2771
2022-12-23 09:09:17,14,4,3846.0,-2767
2022-12-23 09:09:18,4,0,3846.25,-2767
2022-12-23 09:09:19,1,-1,3845.75,-2768
2022-12-23 09:09:20,71,-30,3845.75,-2798
2022-12-23 09:09:21,24,-5,3845.25,-2803
2022-12-23 09:09:22,22,-5,3845.25,-2808
2022-12-23 09:09:23,23,6,3845.5,-2802
2022-12-23 09:09:24,4,2,3845.5,-2800
2022-12-23 09:09:25,9,7,3845.5,-2793
2022-12-23 09:09:26,17,-8,3845.5,-2801
2022-12-23 09:09:27,29,-3,3845.75,-2804
2022-12-23 09:09:28,21,6,3845.25,-2798
2022-12-23 09:09:29,12,2,3845.25,-2796
2022-12-23 09:09:30,87,27,3846.0,-2769
2022-12-23 09:09:31,16,-7,3845.75,-2776
2022-12-23 09:09:32,10,-3,3846.0,-2779
2022-12-23 09:09:33,3,1,3845.75,-2778
2022-12-23 09:09:34,2,-2,3845.75,-2780
2022-12-23 09:09:35,2,-2,3845.5,-2782
2022-12-23 09:09:36,8,4,3845.75,-2778
2022-12-23 09:09:37,12,-8,3845.5,-2786
2022-12-23 09:09:38,18,-2,3845.75,-2788
2022-12-23 09:09:39,20,2,3846.0,-2786
2022-12-23 09:09:40,6,-2,3846.0,-2788
2022-12-23 09:09:41,28,-13,3846.0,-2801
2022-12-23 09:09:42,2,0,3846.0,-2801
2022-12-23 09:09:43,12,-2,3846.0,-2803
2022-12-23 09:09:44,7,1,3846.0,-2802
2022-12-23 09:09:45,15,-6,3846.0,-2808
2022-12-23 09:09:47,17,-2,3846.0,-2810
2022-12-23 09:09:49,13,5,3846.25,-2805
2022-12-23 09:09:51,6,-5,3846.0,-2810
2022-12-23 09:09:52,1,1,3846.0,-2809
2022-12-23 09:09:53,1,-1,3845.75,-2810
2022-12-23 09:09:54,1,-1,3845.75,-2811
2022-12-23 09:09:55,10,3,3846.0,-2808
2022-12-23 09:09:57,3,2,3846.0,-2806
2022-12-23 09:09:58,1,1,3846.25,-2805
2022-12-23 09:09:59,15,-1,3846.25,-2806
2022-12-23 09:10:01,29,-1,3846.0,-2807
2022-12-23 09:10:02,8,6,3845.75,-2801
2022-12-23 09:10:03,24,-15,3845.75,-2816
2022-12-23 09:10:04,14,4,3845.5,-2812
2022-12-23 09:10:05,46,9,3846.0,-2803
2022-12-23 09:10:06,6,5,3845.5,-2798
2022-12-23 09:10:07,24,-6,3845.75,-2804
2022-12-23 09:10:08,20,3,3846.0,-2801
2022-12-23 09:10:09,14,-6,3845.75,-2807
2022-12-23 09:10:11,16,-14,3845.5,-2821
2022-12-23 09:10:12,93,-87,3845.25,-2908
2022-12-23 09:10:13,64,-21,3844.75,-2929
2022-12-23 09:10:14,29,9,3844.75,-2920
2022-12-23 09:10:15,40,12,3845.75,-2908
2022-12-23 09:10:16,8,-2,3845.5,-2910
2022-12-23 09:10:17,12,0,3845.5,-2910
2022-12-23 09:10:18,14,-6,3845.25,-2916
2022-12-23 09:10:19,12,-9,3845.0,-2925
2022-12-23 09:10:20,12,-2,3845.25,-2927
2022-12-23 09:10:21,9,6,3845.0,-2921
2022-12-23 09:10:22,3,-1,3845.0,-2922
2022-12-23 09:10:23,5,1,3845.25,-2921
2022-12-23 09:10:24,15,0,3845.0,-2921
2022-12-23 09:10:25,43,-30,3844.75,-2951
2022-12-23 09:10:26,10,3,3844.75,-2948
2022-12-23 09:10:27,4,-4,3844.5,-2952
2022-12-23 09:10:28,40,-27,3844.25,-2979
2022-12-23 09:10:29,14,-2,3844.25,-2981
2022-12-23 09:10:30,45,-7,3844.25,-2988
2022-12-23 09:10:31,40,-10,3844.0,-2998
2022-12-23 09:10:32,61,-71,3843.5,-3069
2022-12-23 09:10:33,47,-9,3843.25,-3078
2022-12-23 09:10:34,51,-28,3843.25,-3106
2022-12-23 09:10:35,22,19,3843.25,-3087
2022-12-23 09:10:36,8,-6,3843.0,-3093
2022-12-23 09:10:37,48,3,3843.0,-3090
2022-12-23 09:10:38,21,-2,3843.25,-3092
2022-12-23 09:10:39,15,4,3843.25,-3088
2022-12-23 09:10:40,7,-1,3843.25,-3089
2022-12-23 09:10:41,23,-2,3843.25,-3091
2022-12-23 09:10:42,30,25,3843.75,-3066
2022-12-23 09:10:43,13,3,3843.75,-3063
2022-12-23 09:10:44,79,-16,3844.0,-3079
2022-12-23 09:10:45,5,3,3844.0,-3076
2022-12-23 09:10:46,4,0,3844.0,-3076
2022-12-23 09:10:47,5,-5,3843.75,-3081
2022-12-23 09:10:48,12,7,3843.75,-3074
2022-12-23 09:10:49,2,0,3843.75,-3074
2022-12-23 09:10:50,18,-11,3843.5,-3085
2022-12-23 09:10:51,6,-6,3843.0,-3091
2022-12-23 09:10:52,30,7,3843.5,-3084
2022-12-23 09:10:53,30,-16,3843.25,-3100
2022-12-23 09:10:54,17,-13,3843.0,-3113
2022-12-23 09:10:55,69,-15,3842.75,-3128
2022-12-23 09:10:56,51,-30,3842.5,-3158
2022-12-23 09:10:57,4,-2,3842.75,-3160
2022-12-23 09:10:58,14,4,3842.75,-3156
2022-12-23 09:10:59,27,-3,3843.0,-3159
2022-12-23 09:11:00,6,-4,3842.75,-3163
2022-12-23 09:11:01,76,17,3843.0,-3146
2022-12-23 09:11:02,18,1,3843.5,-3145
2022-12-23 09:11:03,24,6,3843.5,-3139
2022-12-23 09:11:04,14,2,3843.75,-3137
2022-12-23 09:11:05,8,4,3843.75,-3133
2022-12-23 09:11:06,25,-3,3844.0,-3136
2022-12-23 09:11:08,26,8,3844.25,-3128
2022-12-23 09:11:09,1,1,3844.25,-3127
2022-12-23 09:11:10,12,-2,3844.0,-3129
2022-12-23 09:11:11,1,-1,3844.0,-3130
2022-12-23 09:11:12,13,-7,3844.0,-3137
2022-12-23 09:11:13,16,5,3843.75,-3132
2022-12-23 09:11:14,12,-10,3843.5,-3142
2022-12-23 09:11:15,4,-2,3843.75,-3144
2022-12-23 09:11:16,1,1,3843.5,-3143
2022-12-23 09:11:17,11,9,3843.75,-3134
2022-12-23 09:11:18,16,4,3844.0,-3130
2022-12-23 09:11:20,14,-3,3843.75,-3133
2022-12-23 09:11:21,4,-4,3843.5,-3137
2022-12-23 09:11:22,14,12,3843.75,-3125
2022-12-23 09:11:23,43,19,3844.0,-3106
2022-12-23 09:11:24,9,4,3843.5,-3102
2022-12-23 09:11:25,9,-6,3843.5,-3108
2022-12-23 09:11:26,19,5,3843.25,-3103
2022-12-23 09:11:27,4,0,3843.25,-3103
2022-12-23 09:11:30,12,4,3843.5,-3099
2022-12-23 09:11:32,12,3,3843.5,-3096
2022-12-23 09:11:33,9,2,3843.5,-3094
2022-12-23 09:11:34,13,-2,3843.25,-3096
2022-12-23 09:11:35,6,3,3843.5,-3093
2022-12-23 09:11:36,18,-10,3843.25,-3103
2022-12-23 09:11:37,9,-1,3843.0,-3104
2022-12-23 09:11:38,32,-8,3842.75,-3112
2022-12-23 09:11:39,47,52,3843.25,-3060
2022-12-23 09:11:40,9,-4,3843.25,-3064
2022-12-23 09:11:41,1,1,3843.25,-3063
2022-12-23 09:11:42,14,3,3843.5,-3060
2022-12-23 09:11:43,16,0,3843.75,-3060
2022-12-23 09:11:44,8,4,3843.75,-3056
2022-12-23 09:11:45,16,-5,3843.5,-3061
2022-12-23 09:11:46,18,-7,3843.25,-3068
2022-12-23 09:11:47,2,-1,3843.25,-3069
2022-12-23 09:11:51,1,-1,3843.25,-3070
2022-12-23 09:11:52,20,13,3843.5,-3057
2022-12-23 09:11:53,20,2,3843.5,-3055
2022-12-23 09:11:54,9,7,3843.75,-3048
2022-12-23 09:11:55,4,-4,3843.75,-3052
2022-12-23 09:11:56,1,-1,3843.5,-3053
2022-12-23 09:11:57,8,4,3843.75,-3049
2022-12-23 09:11:58,1,1,3843.75,-3048
2022-12-23 09:12:00,1,1,3843.75,-3047
2022-12-23 09:12:02,37,-12,3843.5,-3059
2022-12-23 09:12:04,2,-2,3843.5,-3061
2022-12-23 09:12:05,6,5,3843.5,-3056
2022-12-23 09:12:06,11,8,3843.75,-3048
2022-12-23 09:12:07,20,-1,3843.75,-3049
2022-12-23 09:12:08,1,1,3843.75,-3048
2022-12-23 09:12:09,1,-1,3843.75,-3049
2022-12-23 09:12:10,1,-1,3843.75,-3050
2022-12-23 09:12:11,1,1,3844.0,-3049
2022-12-23 09:12:12,2,0,3844.0,-3049
2022-12-23 09:12:13,38,20,3844.25,-3029
2022-12-23 09:12:14,8,6,3844.25,-3023
2022-12-23 09:12:15,28,14,3844.5,-3009
2022-12-23 09:12:16,1,-1,3844.25,-3010
2022-12-23 09:12:17,22,5,3844.5,-3005
2022-12-23 09:12:18,40,0,3844.75,-3005
2022-12-23 09:12:19,37,3,3845.0,-3002
2022-12-23 09:12:20,29,-3,3845.0,-3005
2022-12-23 09:12:21,2,0,3844.75,-3005
2022-12-23 09:12:22,3,3,3844.75,-3002
2022-12-23 09:12:23,12,8,3845.0,-2994
2022-12-23 09:12:24,3,-1,3845.0,-2995
2022-12-23 09:12:25,20,7,3845.0,-2988
2022-12-23 09:12:27,16,1,3845.0,-2987
2022-12-23 09:12:28,1,1,3845.0,-2986
2022-12-23 09:12:29,83,32,3845.5,-2954
2022-12-23 09:12:30,14,2,3845.25,-2952
2022-12-23 09:12:31,19,-9,3845.25,-2961
2022-12-23 09:12:32,16,2,3845.25,-2959
2022-12-23 09:12:33,1,1,3845.0,-2958
2022-12-23 09:12:34,3,3,3845.0,-2955
2022-12-23 09:12:35,24,-11,3845.0,-2966
2022-12-23 09:12:36,15,6,3845.0,-2960
2022-12-23 09:12:37,10,2,3845.0,-2958
2022-12-23 09:12:38,16,-11,3845.0,-2969
2022-12-23 09:12:39,6,6,3845.25,-2963
2022-12-23 09:12:40,7,7,3845.25,-2956
2022-12-23 09:12:41,1,1,3845.25,-2955
2022-12-23 09:12:42,11,7,3845.5,-2948
2022-12-23 09:12:43,33,-22,3845.25,-2970
2022-12-23 09:12:44,4,-4,3845.0,-2974
2022-12-23 09:12:45,1,1,3845.0,-2973
2022-12-23 09:12:47,11,0,3845.0,-2973
2022-12-23 09:12:49,1,1,3845.0,-2972
2022-12-23 09:12:50,47,-8,3844.75,-2980
2022-12-23 09:12:51,1,1,3844.5,-2979
2022-12-23 09:12:52,21,1,3844.5,-2978
2022-12-23 09:12:54,16,-8,3844.25,-2986
2022-12-23 09:12:55,5,-5,3844.0,-2991
2022-12-23 09:12:56,75,-28,3843.75,-3019
2022-12-23 09:12:57,22,-2,3843.5,-3021
2022-12-23 09:12:58,7,-5,3843.5,-3026
2022-12-23 09:12:59,27,7,3843.5,-3019
2022-12-23 09:13:00,2,-2,3843.5,-3021
2022-12-23 09:13:01,18,-10,3843.5,-3031
2022-12-23 09:13:02,13,5,3843.75,-3026
2022-12-23 09:13:03,15,7,3843.75,-3019
2022-12-23 09:13:04,1,-1,3843.75,-3020
2022-12-23 09:13:05,27,10,3844.0,-3010
2022-12-23 09:13:06,15,-2,3844.25,-3012
2022-12-23 09:13:07,8,-8,3844.0,-3020
2022-12-23 09:13:08,8,7,3844.25,-3013
2022-12-23 09:13:09,31,-1,3844.0,-3014
2022-12-23 09:13:10,17,4,3844.0,-3010
2022-12-23 09:13:12,6,-4,3844.0,-3014
2022-12-23 09:13:13,4,-3,3844.0,-3017
2022-12-23 09:13:14,3,3,3844.0,-3014
2022-12-23 09:13:15,9,-7,3844.0,-3021
2022-12-23 09:13:16,4,-2,3843.75,-3023
2022-12-23 09:13:17,3,-2,3843.75,-3025
2022-12-23 09:13:18,26,-5,3844.0,-3030
2022-12-23 09:13:19,13,-7,3843.5,-3037
2022-12-23 09:13:21,6,2,3843.5,-3035
2022-12-23 09:13:22,9,-5,3843.5,-3040
2022-12-23 09:13:23,8,-7,3843.5,-3047
2022-12-23 09:13:24,69,-41,3843.25,-3088
2022-12-23 09:13:25,11,-5,3843.0,-3093
2022-12-23 09:13:26,77,25,3843.75,-3068
2022-12-23 09:13:27,4,-3,3843.75,-3071
2022-12-23 09:13:29,2,-2,3843.75,-3073
2022-12-23 09:13:30,39,-3,3843.75,-3076
2022-12-23 09:13:32,10,-8,3843.5,-3084
2022-12-23 09:13:33,3,-1,3843.25,-3085
2022-12-23 09:13:35,12,9,3843.5,-3076
2022-12-23 09:13:36,8,2,3843.5,-3074
2022-12-23 09:13:39,1,1,3843.75,-3073
2022-12-23 09:13:40,12,-2,3843.5,-3075
2022-12-23 09:13:41,18,2,3843.5,-3073
2022-12-23 09:13:42,13,11,3843.75,-3062
2022-12-23 09:13:43,3,-1,3844.0,-3063
2022-12-23 09:13:44,24,-2,3843.75,-3065
2022-12-23 09:13:45,2,2,3844.0,-3063
2022-12-23 09:13:46,44,23,3844.0,-3040
2022-12-23 09:13:47,33,4,3844.5,-3036
2022-12-23 09:13:48,2,2,3844.25,-3034
2022-12-23 09:13:49,24,14,3844.25,-3020
2022-12-23 09:13:50,12,0,3844.5,-3020
2022-12-23 09:13:51,13,0,3844.75,-3020
2022-12-23 09:13:52,23,21,3845.0,-2999
2022-12-23 09:13:53,11,-3,3845.0,-3002
2022-12-23 09:13:54,19,-7,3845.0,-3009
2022-12-23 09:13:55,21,16,3845.25,-2993
2022-12-23 09:13:56,17,10,3845.5,-2983
2022-12-23 09:13:57,6,4,3845.25,-2979
2022-12-23 09:13:58,8,-6,3845.25,-2985
2022-12-23 09:13:59,4,-4,3845.0,-2989
2022-12-23 09:14:00,40,-3,3845.0,-2992
2022-12-23 09:14:01,11,7,3845.0,-2985
2022-12-23 09:14:02,33,-2,3845.0,-2987
2022-12-23 09:14:03,18,5,3845.0,-2982
2022-12-23 09:14:04,13,-7,3844.75,-2989
2022-12-23 09:14:05,2,2,3845.0,-2987
2022-12-23 09:14:06,13,-11,3844.75,-2998
2022-12-23 09:14:07,10,2,3844.75,-2996
2022-12-23 09:14:08,12,-1,3844.75,-2997
2022-12-23 09:14:09,6,-4,3844.75,-3001
2022-12-23 09:14:11,13,7,3844.75,-2994
2022-12-23 09:14:12,17,-16,3844.75,-3010
2022-12-23 09:14:13,16,7,3844.5,-3003
2022-12-23 09:14:14,3,1,3844.5,-3002
2022-12-23 09:14:16,60,-20,3844.5,-3022
2022-12-23 09:14:17,20,14,3844.25,-3008
2022-12-23 09:14:18,28,-12,3844.25,-3020
2022-12-23 09:14:19,6,2,3844.25,-3018
2022-12-23 09:14:20,22,-7,3844.0,-3025
2022-12-23 09:14:21,2,0,3844.0,-3025
2022-12-23 09:14:22,9,1,3844.0,-3024
2022-12-23 09:14:23,2,-2,3844.0,-3026
2022-12-23 09:14:24,26,-1,3844.0,-3027
2022-12-23 09:14:25,6,-6,3843.75,-3033
2022-12-23 09:14:26,7,1,3843.75,-3032
2022-12-23 09:14:27,7,6,3844.0,-3026
2022-12-23 09:14:28,29,21,3844.5,-3005
2022-12-23 09:14:29,5,5,3844.5,-3000
2022-12-23 09:14:30,12,0,3844.75,-3000
2022-12-23 09:14:32,63,15,3845.0,-2985
2022-12-23 09:14:33,26,2,3845.0,-2983
2022-12-23 09:14:34,6,2,3845.0,-2981
2022-12-23 09:14:35,51,38,3845.25,-2943
2022-12-23 09:14:36,19,1,3845.5,-2942
2022-12-23 09:14:38,6,-5,3845.25,-2947
2022-12-23 09:14:39,7,4,3845.25,-2943
2022-12-23 09:14:40,33,-20,3845.25,-2963
2022-12-23 09:14:41,4,2,3845.25,-2961
2022-12-23 09:14:42,9,2,3845.25,-2959
2022-12-23 09:14:43,26,17,3845.25,-2942
2022-12-23 09:14:44,6,4,3845.25,-2938
2022-12-23 09:14:45,7,6,3845.5,-2932
2022-12-23 09:14:46,26,15,3845.75,-2917
2022-12-23 09:14:47,44,32,3846.0,-2885
2022-12-23 09:14:48,78,49,3846.5,-2836
2022-12-23 09:14:49,23,12,3846.5,-2824
2022-12-23 09:14:50,19,-4,3846.5,-2828
2022-12-23 09:14:51,11,-7,3846.25,-2835
2022-12-23 09:14:52,15,-3,3846.5,-2838
2022-12-23 09:14:53,55,-8,3846.25,-2846
2022-12-23 09:14:54,10,-4,3846.25,-2850
2022-12-23 09:14:55,20,3,3846.5,-2847
2022-12-23 09:14:56,11,8,3846.5,-2839
2022-12-23 09:14:57,2,2,3846.5,-2837
2022-12-23 09:14:58,13,-5,3846.25,-2842
2022-12-23 09:14:59,3,1,3846.5,-2841
2022-12-23 09:15:00,33,-12,3846.5,-2853
2022-12-23 09:15:01,13,-12,3846.25,-2865
2022-12-23 09:15:02,26,-8,3846.0,-2873
2022-12-23 09:15:03,8,-4,3846.25,-2877
2022-12-23 09:15:04,10,-2,3846.0,-2879
2022-12-23 09:15:05,8,6,3846.0,-2873
2022-12-23 09:15:06,5,5,3846.25,-2868
2022-12-23 09:15:07,7,5,3846.5,-2863
2022-12-23 09:15:08,14,14,3846.75,-2849
2022-12-23 09:15:09,42,4,3846.75,-2845
2022-12-23 09:15:10,118,32,3847.25,-2813
2022-12-23 09:15:11,5,3,3846.75,-2810
2022-12-23 09:15:12,24,4,3846.75,-2806
2022-12-23 09:15:13,8,-8,3846.75,-2814
2022-12-23 09:15:14,23,-17,3846.75,-2831
2022-12-23 09:15:15,6,-1,3846.5,-2832
2022-12-23 09:15:16,10,6,3846.75,-2826
2022-12-23 09:15:17,1,1,3846.75,-2825
2022-12-23 09:15:18,14,-10,3846.5,-2835
2022-12-23 09:15:19,15,4,3846.75,-2831
2022-12-23 09:15:20,25,12,3846.75,-2819
2022-12-23 09:15:21,13,3,3846.5,-2816
2022-12-23 09:15:23,5,-1,3846.5,-2817
2022-12-23 09:15:24,9,6,3846.75,-2811
2022-12-23 09:15:26,10,-8,3846.75,-2819
2022-12-23 09:15:27,9,-6,3846.5,-2825
2022-12-23 09:15:28,4,4,3846.75,-2821
2022-12-23 09:15:29,7,5,3846.75,-2816
2022-12-23 09:15:30,10,-1,3847.0,-2817
2022-12-23 09:15:31,33,-1,3847.0,-2818
2022-12-23 09:15:32,1,1,3846.75,-2817
2022-12-23 09:15:33,22,-9,3846.75,-2826
2022-12-23 09:15:34,29,-12,3846.5,-2838
2022-12-23 09:15:35,10,-8,3846.25,-2846
2022-12-23 09:15:36,1,-1,3846.25,-2847
2022-12-23 09:15:37,16,-4,3846.5,-2851
2022-12-23 09:15:38,5,-5,3846.25,-2856
2022-12-23 09:15:39,1,-1,3846.25,-2857
2022-12-23 09:15:40,14,-7,3846.25,-2864
2022-12-23 09:15:41,19,6,3846.25,-2858
2022-12-23 09:15:42,46,2,3846.25,-2856
2022-12-23 09:15:43,47,66,3846.75,-2790
2022-12-23 09:15:44,16,0,3846.75,-2790
2022-12-23 09:15:47,3,-1,3846.75,-2791
2022-12-23 09:15:49,28,-12,3846.75,-2803
2022-12-23 09:15:50,8,-8,3846.75,-2811
2022-12-23 09:15:51,5,-1,3846.75,-2812
2022-12-23 09:15:52,17,10,3846.75,-2802
2022-12-23 09:15:53,14,-13,3846.5,-2815
2022-12-23 09:15:55,2,-2,3846.5,-2817
2022-12-23 09:15:58,22,3,3846.75,-2814
2022-12-23 09:15:59,5,-3,3846.75,-2817
2022-12-23 09:16:00,6,2,3846.75,-2815
2022-12-23 09:16:01,18,-7,3846.75,-2822
2022-12-23 09:16:04,13,-8,3846.5,-2830
2022-12-23 09:16:05,42,-11,3846.25,-2841
2022-12-23 09:16:06,1,1,3846.5,-2840
2022-12-23 09:16:07,2,2,3846.25,-2838
2022-12-23 09:16:08,39,-15,3846.5,-2853
2022-12-23 09:16:09,47,-17,3845.5,-2870
2022-12-23 09:16:10,42,-21,3845.5,-2891
2022-12-23 09:16:11,4,-4,3845.25,-2895
2022-12-23 09:16:12,82,-56,3845.25,-2951
2022-12-23 09:16:13,34,-2,3844.75,-2953
2022-12-23 09:16:14,33,12,3845.0,-2941
2022-12-23 09:16:15,27,-16,3845.0,-2957
2022-12-23 09:16:16,12,10,3845.0,-2947
2022-12-23 09:16:17,62,3,3845.5,-2944
2022-12-23 09:16:18,8,5,3845.25,-2939
2022-12-23 09:16:19,8,1,3845.25,-2938
2022-12-23 09:16:20,5,3,3845.25,-2935
2022-12-23 09:16:21,221,205,3846.5,-2730
2022-12-23 09:16:22,28,-17,3846.25,-2747
2022-12-23 09:16:23,7,-3,3846.0,-2750
2022-12-23 09:16:24,1,1,3846.0,-2749
2022-12-23 09:16:25,3,3,3846.0,-2746
2022-12-23 09:16:26,9,3,3846.0,-2743
2022-12-23 09:16:27,16,-1,3845.75,-2744
2022-12-23 09:16:28,2,-2,3845.75,-2746
2022-12-23 09:16:29,26,-14,3845.5,-2760
2022-12-23 09:16:30,1,-1,3845.5,-2761
2022-12-23 09:16:31,25,18,3846.0,-2743
2022-12-23 09:16:32,16,-2,3845.75,-2745
2022-12-23 09:16:33,16,16,3846.0,-2729
2022-12-23 09:16:34,22,-1,3846.25,-2730
2022-12-23 09:16:35,19,8,3846.25,-2722
2022-12-23 09:16:36,11,-3,3846.0,-2725
2022-12-23 09:16:37,8,-2,3846.0,-2727
2022-12-23 09:16:38,20,-9,3845.75,-2736
2022-12-23 09:16:39,3,1,3845.75,-2735
2022-12-23 09:16:40,2,1,3845.75,-2734
2022-12-23 09:16:42,33,-2,3845.5,-2736
2022-12-23 09:16:43,1,-1,3845.5,-2737
2022-12-23 09:16:44,10,6,3845.75,-2731
2022-12-23 09:16:45,1,-1,3845.5,-2732
2022-12-23 09:16:46,16,-11,3845.5,-2743
2022-12-23 09:16:47,12,7,3845.5,-2736
2022-12-23 09:16:49,7,-4,3845.5,-2740
2022-12-23 09:16:51,10,3,3845.5,-2737
2022-12-23 09:16:52,5,5,3845.75,-2732
2022-12-23 09:16:53,1,1,3845.75,-2731
2022-12-23 09:16:56,63,27,3846.0,-2704
2022-12-23 09:16:57,1,-1,3846.0,-2705
2022-12-23 09:16:58,1,-1,3846.0,-2706
2022-12-23 09:16:59,15,-10,3846.0,-2716
2022-12-23 09:17:02,152,39,3846.75,-2677
2022-12-23 09:17:03,1,-1,3846.25,-2678
2022-12-23 09:17:04,18,-3,3846.25,-2681
2022-12-23 09:17:06,1,-1,3846.0,-2682
2022-12-23 09:17:07,22,-7,3846.0,-2689
2022-12-23 09:17:08,102,-1,3846.0,-2690
2022-12-23 09:17:09,9,6,3846.25,-2684
2022-12-23 09:17:10,16,8,3846.75,-2676
2022-12-23 09:17:11,14,5,3846.75,-2671
2022-12-23 09:17:12,117,19,3847.25,-2652
2022-12-23 09:17:13,20,3,3847.5,-2649
2022-12-23 09:17:14,22,-4,3847.5,-2653
2022-12-23 09:17:15,13,-5,3847.25,-2658
2022-12-23 09:17:16,21,12,3847.5,-2646
2022-12-23 09:17:17,1,1,3847.5,-2645
2022-12-23 09:17:18,2,2,3847.5,-2643
2022-12-23 09:17:19,1,1,3847.5,-2642
2022-12-23 09:17:20,8,4,3847.5,-2638
2022-12-23 09:17:21,8,7,3847.5,-2631
2022-12-23 09:17:22,22,-1,3847.5,-2632
2022-12-23 09:17:23,1,1,3847.5,-2631
2022-12-23 09:17:24,6,6,3847.5,-2625
2022-12-23 09:17:25,5,3,3847.75,-2622
2022-12-23 09:17:26,8,5,3847.75,-2617
2022-12-23 09:17:27,1,1,3847.75,-2616
2022-12-23 09:17:28,116,42,3848.0,-2574
2022-12-23 09:17:29,20,6,3848.0,-2568
2022-12-23 09:17:30,12,-10,3847.5,-2578
2022-12-23 09:17:31,23,-11,3847.5,-2589
2022-12-23 09:17:32,75,40,3847.5,-2549
2022-12-23 09:17:33,24,-9,3847.25,-2558
2022-12-23 09:17:34,6,-2,3847.25,-2560
2022-12-23 09:17:37,6,-2,3847.25,-2562
2022-12-23 09:17:39,9,7,3847.25,-2555
2022-12-23 09:17:40,2,0,3847.25,-2555
2022-12-23 09:17:41,114,-50,3847.25,-2605
2022-12-23 09:17:42,28,-12,3846.25,-2617
2022-12-23 09:17:43,21,5,3846.0,-2612
2022-12-23 09:17:44,26,11,3846.0,-2601
2022-12-23 09:17:45,2,-2,3846.0,-2603
2022-12-23 09:17:46,3,1,3846.0,-2602
2022-12-23 09:17:47,10,8,3846.25,-2594
2022-12-23 09:17:49,23,-2,3846.25,-2596
2022-12-23 09:17:52,29,2,3846.5,-2594
2022-12-23 09:17:53,3,-1,3846.5,-2595
2022-12-23 09:17:55,10,-5,3846.25,-2600
2022-12-23 09:17:56,28,-7,3846.25,-2607
2022-12-23 09:17:57,6,-4,3846.0,-2611
2022-12-23 09:17:58,7,-1,3845.75,-2612
2022-12-23 09:17:59,12,-18,3845.5,-2630
2022-12-23 09:18:00,15,-1,3845.25,-2631
2022-12-23 09:18:01,50,-15,3845.0,-2646
2022-12-23 09:18:02,28,9,3845.0,-2637
2022-12-23 09:18:03,24,-12,3845.0,-2649
2022-12-23 09:18:04,7,3,3845.0,-2646
2022-12-23 09:18:05,10,-1,3845.25,-2647
2022-12-23 09:18:06,28,-38,3845.0,-2685
2022-12-23 09:18:07,12,-11,3844.75,-2696
2022-12-23 09:18:08,1,1,3844.75,-2695
2022-12-23 09:18:09,8,-8,3844.5,-2703
2022-12-23 09:18:10,39,-10,3844.5,-2713
2022-12-23 09:18:11,30,-2,3844.75,-2715
2022-12-23 09:18:12,2,-2,3844.5,-2717
2022-12-23 09:18:13,14,-14,3844.5,-2731
2022-12-23 09:18:14,20,-14,3844.25,-2745
2022-12-23 09:18:15,6,-2,3844.25,-2747
2022-12-23 09:18:16,37,-6,3844.5,-2753
2022-12-23 09:18:17,5,-3,3844.25,-2756
2022-12-23 09:18:18,97,-46,3844.0,-2802
2022-12-23 09:18:19,149,-101,3843.5,-2903
2022-12-23 09:18:20,9,0,3843.5,-2903
2022-12-23 09:18:21,34,6,3843.25,-2897
2022-12-23 09:18:22,39,-16,3843.25,-2913
2022-12-23 09:18:23,24,-13,3842.75,-2926
2022-12-23 09:18:24,13,3,3843.0,-2923
2022-12-23 09:18:25,31,4,3843.0,-2919
2022-12-23 09:18:26,19,7,3843.0,-2912
2022-12-23 09:18:27,69,-60,3843.25,-2972
2022-12-23 09:18:28,6,2,3843.0,-2970
2022-12-23 09:18:29,29,-15,3843.0,-2985
2022-12-23 09:18:30,76,-24,3842.5,-3009
2022-12-23 09:18:31,123,-113,3842.25,-3122
2022-12-23 09:18:32,23,-20,3842.0,-3142
2022-12-23 09:18:33,24,-13,3841.5,-3155
2022-12-23 09:18:34,38,8,3842.0,-3147
2022-12-23 09:18:35,16,-2,3842.25,-3149
2022-12-23 09:18:36,19,11,3842.25,-3138
2022-12-23 09:18:37,14,1,3842.75,-3137
2022-12-23 09:18:38,37,-12,3842.75,-3149
2022-12-23 09:18:39,14,4,3842.75,-3145
2022-12-23 09:18:40,17,18,3843.25,-3127
2022-12-23 09:18:41,18,-9,3843.0,-3136
2022-12-23 09:18:42,4,4,3843.0,-3132
2022-12-23 09:18:43,9,2,3843.0,-3130
2022-12-23 09:18:44,6,-6,3842.75,-3136
2022-12-23 09:18:45,1,-1,3842.75,-3137
2022-12-23 09:18:46,8,2,3843.0,-3135
2022-12-23 09:18:47,3,3,3843.0,-3132
2022-12-23 09:18:48,9,-3,3843.0,-3135
2022-12-23 09:18:49,4,4,3843.0,-3131
2022-12-23 09:18:50,6,-6,3842.75,-3137
2022-12-23 09:18:51,1,1,3843.0,-3136
2022-12-23 09:18:52,1,1,3843.0,-3135
2022-12-23 09:18:53,9,8,3843.0,-3127
2022-12-23 09:18:54,18,10,3843.5,-3117
2022-12-23 09:18:55,26,-1,3843.25,-3118
2022-12-23 09:18:57,11,-6,3843.0,-3124
2022-12-23 09:18:58,1,1,3843.25,-3123
2022-12-23 09:18:59,32,-6,3843.0,-3129
2022-12-23 09:19:00,18,5,3843.25,-3124
2022-12-23 09:19:01,5,1,3843.25,-3123
2022-12-23 09:19:02,23,15,3843.5,-3108
2022-12-23 09:19:03,70,21,3844.0,-3087
2022-12-23 09:19:04,9,9,3843.75,-3078
2022-12-23 09:19:05,24,-4,3844.0,-3082
2022-12-23 09:19:06,30,1,3843.75,-3081
2022-12-23 09:19:07,18,-7,3843.5,-3088
2022-12-23 09:19:08,7,7,3843.5,-3081
2022-12-23 09:19:09,6,3,3843.75,-3078
2022-12-23 09:19:10,33,5,3843.5,-3073
2022-12-23 09:19:11,6,5,3843.25,-3068
2022-12-23 09:19:13,2,2,3843.5,-3066
2022-12-23 09:19:14,52,-10,3843.25,-3076
2022-12-23 09:19:15,30,-2,3843.0,-3078
2022-12-23 09:19:16,2,-2,3842.75,-3080
2022-12-23 09:19:17,23,-2,3842.75,-3082
2022-12-23 09:19:18,3,3,3843.0,-3079
2022-12-23 09:19:19,2,2,3843.0,-3077
2022-12-23 09:19:20,2,0,3843.0,-3077
2022-12-23 09:19:21,42,-15,3842.75,-3092
2022-12-23 09:19:22,19,-8,3842.5,-3100
2022-12-23 09:19:24,10,9,3842.5,-3091
2022-12-23 09:19:25,23,9,3842.5,-3082
2022-12-23 09:19:26,13,-10,3842.5,-3092
2022-12-23 09:19:27,1,1,3842.5,-3091
2022-12-23 09:19:28,19,7,3842.5,-3084
2022-12-23 09:19:29,16,-12,3842.25,-3096
2022-12-23 09:19:30,33,-13,3841.75,-3109
2022-12-23 09:19:31,49,39,3842.25,-3070
2022-12-23 09:19:32,3,-1,3842.25,-3071
2022-12-23 09:19:33,33,-24,3842.0,-3095
2022-12-23 09:19:34,24,-4,3841.75,-3099
2022-12-23 09:19:36,13,10,3842.25,-3089
2022-12-23 09:19:38,24,11,3842.5,-3078
2022-12-23 09:19:39,22,-11,3842.75,-3089
2022-12-23 09:19:41,16,12,3842.5,-3077
2022-12-23 09:19:43,1,1,3842.5,-3076
2022-12-23 09:19:44,13,-8,3842.25,-3084
2022-12-23 09:19:45,28,11,3842.25,-3073
2022-12-23 09:19:47,25,-17,3842.0,-3090
2022-12-23 09:19:48,29,-13,3842.0,-3103
2022-12-23 09:19:49,24,9,3841.75,-3094
2022-12-23 09:19:51,28,1,3842.0,-3093
2022-12-23 09:19:52,11,1,3842.0,-3092
2022-12-23 09:19:53,1,1,3842.0,-3091
2022-12-23 09:19:54,14,-2,3842.0,-3093
2022-12-23 09:19:55,11,7,3842.0,-3086
2022-12-23 09:19:56,2,-2,3841.75,-3088
2022-12-23 09:19:57,15,-1,3842.0,-3089
2022-12-23 09:19:58,2,0,3842.25,-3089
2022-12-23 09:19:59,15,-13,3842.0,-3102
2022-12-23 09:20:00,3,1,3841.75,-3101
2022-12-23 09:20:01,91,10,3842.75,-3091
2022-12-23 09:20:02,48,5,3842.25,-3086
2022-12-23 09:20:03,5,1,3841.75,-3085
2022-12-23 09:20:04,31,14,3842.0,-3071
2022-12-23 09:20:05,13,-2,3842.0,-3073
2022-12-23 09:20:06,10,-1,3842.0,-3074
2022-12-23 09:20:07,4,2,3842.0,-3072
2022-12-23 09:20:09,1,1,3842.25,-3071
2022-12-23 09:20:10,28,7,3842.25,-3064
2022-12-23 09:20:11,16,-11,3842.25,-3075
2022-12-23 09:20:12,39,17,3842.75,-3058
2022-12-23 09:20:13,33,21,3843.25,-3037
2022-12-23 09:20:14,24,6,3843.25,-3031
2022-12-23 09:20:15,6,-1,3843.0,-3032
2022-12-23 09:20:17,19,-1,3843.0,-3033
2022-12-23 09:20:19,10,-8,3842.5,-3041
2022-12-23 09:20:20,6,-5,3842.25,-3046
2022-12-23 09:20:21,30,6,3842.5,-3040
2022-12-23 09:20:22,9,2,3842.5,-3038
2022-12-23 09:20:23,13,0,3842.5,-3038
2022-12-23 09:20:24,8,3,3842.5,-3035
2022-12-23 09:20:25,14,-1,3842.75,-3036
2022-12-23 09:20:27,1,-1,3842.75,-3037
2022-12-23 09:20:28,24,8,3843.0,-3029
2022-12-23 09:20:29,4,4,3843.0,-3025
2022-12-23 09:20:30,26,-7,3842.75,-3032
2022-12-23 09:20:31,16,3,3842.5,-3029
2022-12-23 09:20:32,18,8,3842.75,-3021
2022-12-23 09:20:33,1,1,3843.0,-3020
2022-12-23 09:20:35,5,4,3843.0,-3016
2022-12-23 09:20:36,11,-7,3843.0,-3023
2022-12-23 09:20:38,25,9,3843.5,-3014
2022-12-23 09:20:39,88,-48,3843.5,-3062
2022-12-23 09:20:40,41,-6,3843.0,-3068
2022-12-23 09:20:41,7,7,3843.0,-3061
2022-12-23 09:20:42,21,20,3843.5,-3041
2022-12-23 09:20:43,12,-6,3843.5,-3047
2022-12-23 09:20:44,24,-4,3843.25,-3051
2022-12-23 09:20:45,16,8,3842.75,-3043
2022-12-23 09:20:46,20,-2,3843.25,-3045
2022-12-23 09:20:47,1,-1,3842.75,-3046
2022-12-23 09:20:48,17,8,3843.0,-3038
2022-12-23 09:20:49,19,-1,3843.25,-3039
2022-12-23 09:20:50,70,1,3843.5,-3038
2022-12-23 09:20:51,58,-12,3843.25,-3050
2022-12-23 09:20:53,16,16,3843.5,-3034
2022-12-23 09:20:54,33,-5,3843.75,-3039
2022-12-23 09:20:55,15,6,3843.75,-3033
2022-12-23 09:20:57,1,-1,3843.5,-3034
2022-12-23 09:20:58,39,47,3844.0,-2987
2022-12-23 09:20:59,56,-20,3844.0,-3007
2022-12-23 09:21:01,9,-8,3843.5,-3015
2022-12-23 09:21:03,14,-3,3843.5,-3018
2022-12-23 09:21:04,1,1,3843.5,-3017
2022-12-23 09:21:05,1,1,3843.5,-3016
2022-12-23 09:21:06,40,13,3843.75,-3003
2022-12-23 09:21:07,12,-2,3844.0,-3005
2022-12-23 09:21:08,24,-8,3844.0,-3013
2022-12-23 09:21:09,1,1,3844.0,-3012
2022-12-23 09:21:10,29,17,3844.0,-2995
2022-12-23 09:21:11,37,-10,3844.0,-3005
2022-12-23 09:21:13,21,-5,3843.75,-3010
2022-12-23 09:21:15,31,13,3844.25,-2997
2022-12-23 09:21:16,4,-4,3844.0,-3001
2022-12-23 09:21:17,38,11,3844.5,-2990
2022-12-23 09:21:18,40,-21,3844.0,-3011
2022-12-23 09:21:20,14,-3,3843.75,-3014
2022-12-23 09:21:21,44,-14,3843.75,-3028
2022-12-23 09:21:22,9,7,3843.75,-3021
2022-12-23 09:21:23,4,0,3843.75,-3021
2022-12-23 09:21:25,4,0,3843.75,-3021
2022-12-23 09:21:26,29,20,3844.25,-3001
2022-12-23 09:21:27,16,-9,3844.25,-3010
2022-12-23 09:21:28,2,-2,3844.25,-3012
2022-12-23 09:21:29,2,0,3844.25,-3012
2022-12-23 09:21:30,2,-2,3844.0,-3014
2022-12-23 09:21:31,15,10,3844.5,-3004
2022-12-23 09:21:32,4,-4,3844.25,-3008
2022-12-23 09:21:33,1,-1,3844.25,-3009
2022-12-23 09:21:34,7,-1,3844.5,-3010
2022-12-23 09:21:35,56,-5,3844.25,-3015
2022-12-23 09:21:36,16,5,3844.0,-3010
2022-12-23 09:21:37,49,-10,3844.0,-3020
2022-12-23 09:21:38,36,-27,3843.5,-3047
2022-12-23 09:21:39,5,4,3843.5,-3043
2022-12-23 09:21:40,3,1,3843.5,-3042
2022-12-23 09:21:41,25,-13,3843.5,-3055
2022-12-23 09:21:42,14,3,3843.0,-3052
2022-12-23 09:21:43,24,-2,3843.0,-3054
2022-12-23 09:21:44,4,-4,3842.75,-3058
2022-12-23 09:21:45,30,-10,3842.5,-3068
2022-12-23 09:21:46,28,15,3842.75,-3053
2022-12-23 09:21:47,10,-4,3842.75,-3057
2022-12-23 09:21:48,6,4,3843.0,-3053
2022-12-23 09:21:49,44,20,3843.25,-3033
2022-12-23 09:21:50,3,-3,3843.0,-3036
2022-12-23 09:21:51,15,-9,3843.0,-3045
2022-12-23 09:21:52,1,-1,3842.5,-3046
2022-12-23 09:21:53,12,10,3842.75,-3036
2022-12-23 09:21:54,27,-17,3842.5,-3053
2022-12-23 09:21:55,1,-1,3842.0,-3054
2022-12-23 09:21:56,60,-18,3842.25,-3072
2022-12-23 09:21:57,22,4,3842.0,-3068
2022-12-23 09:21:58,56,-9,3842.25,-3077
2022-12-23 09:21:59,21,-10,3842.0,-3087
2022-12-23 09:22:00,15,-11,3841.75,-3098
2022-12-23 09:22:01,16,-7,3841.75,-3105
2022-12-23 09:22:02,1,1,3842.0,-3104
2022-12-23 09:22:03,22,10,3842.0,-3094
2022-12-23 09:22:04,2,-2,3842.0,-3096
2022-12-23 09:22:05,39,2,3842.25,-3094
2022-12-23 09:22:06,35,8,3841.75,-3086
2022-12-23 09:22:07,13,5,3841.75,-3081
2022-12-23 09:22:08,35,14,3842.0,-3067
2022-12-23 09:22:09,3,3,3842.25,-3064
2022-12-23 09:22:10,29,-4,3842.25,-3068
2022-12-23 09:22:12,2,0,3842.5,-3068
2022-12-23 09:22:13,5,-3,3842.5,-3071
2022-12-23 09:22:14,21,3,3842.25,-3068
2022-12-23 09:22:15,2,-2,3842.0,-3070
2022-12-23 09:22:16,12,4,3842.25,-3066
2022-12-23 09:22:17,5,-5,3842.0,-3071
2022-12-23 09:22:18,53,-31,3842.0,-3102
2022-12-23 09:22:19,66,-4,3841.5,-3106
2022-12-23 09:22:20,6,-6,3841.25,-3112
2022-12-23 09:22:21,40,33,3841.75,-3079
2022-12-23 09:22:23,33,20,3842.5,-3059
2022-12-23 09:22:24,9,-5,3842.25,-3064
2022-12-23 09:22:25,29,12,3842.25,-3052
2022-12-23 09:22:26,20,4,3842.25,-3048
2022-12-23 09:22:27,26,-2,3842.25,-3050
2022-12-23 09:22:28,45,-3,3841.75,-3053
2022-12-23 09:22:29,28,-7,3841.75,-3060
2022-12-23 09:22:30,1,-1,3841.5,-3061
2022-12-23 09:22:31,15,7,3841.75,-3054
2022-12-23 09:22:32,8,6,3842.0,-3048
2022-12-23 09:22:33,9,-6,3842.0,-3054
2022-12-23 09:22:34,19,-15,3841.75,-3069
2022-12-23 09:22:35,1,1,3841.5,-3068
2022-12-23 09:22:36,16,0,3841.25,-3068
2022-12-23 09:22:37,8,-5,3841.5,-3073
2022-12-23 09:22:38,2,0,3841.5,-3073
2022-12-23 09:22:39,57,-20,3841.25,-3093
2022-12-23 09:22:40,153,-154,3841.25,-3247
2022-12-23 09:22:41,31,-13,3841.0,-3260
2022-12-23 09:22:42,42,6,3841.0,-3254
2022-12-23 09:22:43,18,-7,3841.0,-3261
2022-12-23 09:22:44,15,4,3841.25,-3257
2022-12-23 09:22:45,114,-73,3841.0,-3330
2022-12-23 09:22:46,1,-1,3840.5,-3331
2022-12-23 09:22:47,2,2,3840.75,-3329
2022-12-23 09:22:48,14,-6,3840.75,-3335
2022-12-23 09:22:49,17,4,3840.75,-3331
2022-12-23 09:22:50,3,-1,3841.0,-3332
2022-12-23 09:22:51,40,-5,3841.0,-3337
2022-12-23 09:22:52,17,-3,3841.0,-3340
2022-12-23 09:22:53,2,2,3841.0,-3338
2022-12-23 09:22:54,14,8,3841.5,-3330
2022-12-23 09:22:55,19,8,3841.25,-3322
2022-12-23 09:22:56,53,-20,3841.75,-3342
2022-12-23 09:22:57,22,2,3841.5,-3340
2022-12-23 09:22:58,38,-2,3841.25,-3342
2022-12-23 09:22:59,30,-13,3841.0,-3355
2022-12-23 09:23:00,3,1,3841.0,-3354
2022-12-23 09:23:01,2,-2,3840.75,-3356
2022-12-23 09:23:02,58,-10,3841.0,-3366
2022-12-23 09:23:03,12,-3,3840.75,-3369
2022-12-23 09:23:04,15,-8,3840.75,-3377
2022-12-23 09:23:05,14,-4,3840.75,-3381
2022-12-23 09:23:06,2,2,3840.5,-3379
2022-12-23 09:23:07,38,-10,3840.5,-3389
2022-12-23 09:23:08,4,0,3840.75,-3389
2022-12-23 09:23:10,30,-23,3840.5,-3412
2022-12-23 09:23:11,127,-41,3840.5,-3453
2022-12-23 09:23:12,51,40,3840.25,-3413
2022-12-23 09:23:13,12,12,3840.25,-3401
2022-12-23 09:23:14,15,-7,3840.25,-3408
2022-12-23 09:23:15,31,-8,3840.25,-3416
2022-12-23 09:23:16,57,4,3840.25,-3412
2022-12-23 09:23:17,20,9,3840.5,-3403
2022-12-23 09:23:20,4,0,3840.5,-3403
2022-12-23 09:23:21,25,-10,3840.25,-3413
2022-12-23 09:23:22,16,10,3840.5,-3403
2022-12-23 09:23:23,29,12,3840.75,-3391
2022-12-23 09:23:24,2,0,3840.75,-3391
2022-12-23 09:23:25,14,7,3841.0,-3384
2022-12-23 09:23:26,30,12,3841.0,-3372
2022-12-23 09:23:27,18,5,3841.0,-3367
2022-12-23 09:23:28,16,-9,3841.0,-3376
2022-12-23 09:23:29,3,1,3841.0,-3375
2022-12-23 09:23:30,13,10,3841.0,-3365
2022-12-23 09:23:31,12,-5,3841.0,-3370
2022-12-23 09:23:32,1,-1,3840.75,-3371
2022-12-23 09:23:33,16,-9,3840.75,-3380
2022-12-23 09:23:34,10,6,3840.75,-3374
2022-12-23 09:23:35,9,-2,3840.75,-3376
2022-12-23 09:23:36,29,9,3841.0,-3367
2022-12-23 09:23:37,23,11,3841.25,-3356
2022-12-23 09:23:38,25,-1,3841.5,-3357
2022-12-23 09:23:39,43,29,3841.75,-3328
2022-12-23 09:23:40,78,-14,3841.75,-3342
2022-12-23 09:23:41,3,3,3841.75,-3339
2022-12-23 09:23:42,40,-19,3841.5,-3358
2022-12-23 09:23:43,33,0,3841.75,-3358
2022-12-23 09:23:44,3,-3,3841.5,-3361
2022-12-23 09:23:45,6,-6,3841.5,-3367
2022-12-23 09:23:46,25,11,3842.0,-3356
2022-12-23 09:23:47,13,8,3842.25,-3348
2022-12-23 09:23:48,23,0,3842.25,-3348
2022-12-23 09:23:49,23,-10,3842.0,-3358
2022-12-23 09:23:50,40,24,3842.0,-3334
2022-12-23 09:23:51,6,-6,3842.0,-3340
2022-12-23 09:23:53,4,2,3842.0,-3338
2022-12-23 09:23:54,17,12,3842.25,-3326
2022-12-23 09:23:56,8,-5,3842.5,-3331
2022-12-23 09:23:57,43,1,3842.5,-3330
2022-12-23 09:23:58,15,-7,3842.5,-3337
2022-12-23 09:23:59,53,26,3842.75,-3311
2022-12-23 09:24:00,22,-8,3842.5,-3319
2022-12-23 09:24:01,9,3,3842.5,-3316
2022-12-23 09:24:02,1,1,3842.5,-3315
2022-12-23 09:24:04,18,2,3842.5,-3313
2022-12-23 09:24:05,25,-5,3842.5,-3318
2022-12-23 09:24:06,2,2,3842.25,-3316
2022-12-23 09:24:10,23,-11,3842.0,-3327
2022-12-23 09:24:11,4,-4,3841.75,-3331
2022-12-23 09:24:13,14,5,3842.0,-3326
2022-12-23 09:24:14,16,1,3842.0,-3325
2022-12-23 09:24:15,13,-3,3841.75,-3328
2022-12-23 09:24:17,10,6,3842.0,-3322
2022-12-23 09:24:18,3,-3,3842.0,-3325
2022-12-23 09:24:19,4,0,3842.0,-3325
2022-12-23 09:24:20,6,4,3842.0,-3321
2022-12-23 09:24:21,1,1,3842.0,-3320
2022-12-23 09:24:22,3,1,3842.0,-3319
2022-12-23 09:24:24,10,-1,3842.0,-3320
2022-12-23 09:24:25,11,-5,3842.0,-3325
2022-12-23 09:24:26,1,-1,3842.0,-3326
2022-12-23 09:24:27,75,31,3842.75,-3295
2022-12-23 09:24:28,80,16,3843.25,-3279
2022-12-23 09:24:29,160,143,3844.25,-3136
2022-12-23 09:24:30,45,-6,3843.75,-3142
2022-12-23 09:24:31,21,-2,3844.0,-3144
2022-12-23 09:24:32,14,-2,3843.75,-3146
2022-12-23 09:24:34,6,-1,3844.0,-3147
2022-12-23 09:24:35,9,1,3844.0,-3146
2022-12-23 09:24:36,25,-12,3843.75,-3158
2022-12-23 09:24:37,9,-1,3843.75,-3159
2022-12-23 09:24:39,19,4,3843.75,-3155
2022-12-23 09:24:40,7,-6,3843.5,-3161
2022-12-23 09:24:41,1,-1,3843.25,-3162
2022-12-23 09:24:43,17,2,3843.5,-3160
2022-12-23 09:24:44,128,-102,3843.25,-3262
2022-12-23 09:24:45,2,-2,3843.25,-3264
2022-12-23 09:24:46,19,6,3843.25,-3258
2022-12-23 09:24:47,30,-1,3843.5,-3259
2022-12-23 09:24:48,4,3,3843.5,-3256
2022-12-23 09:24:49,3,3,3843.5,-3253
2022-12-23 09:24:50,14,-13,3843.5,-3266
2022-12-23 09:24:51,2,2,3843.25,-3264
2022-12-23 09:24:52,38,-11,3843.0,-3275
2022-12-23 09:24:54,9,-3,3842.75,-3278
2022-12-23 09:24:55,4,-2,3842.75,-3280
2022-12-23 09:24:57,189,-90,3842.5,-3370
2022-12-23 09:24:58,1,1,3842.5,-3369
2022-12-23 09:25:00,75,-25,3842.5,-3394
2022-12-23 09:25:01,13,-8,3842.0,-3402
2022-12-23 09:25:02,48,10,3841.75,-3392
2022-12-23 09:25:03,2,-2,3841.5,-3394
2022-12-23 09:25:04,19,3,3841.75,-3391
2022-12-23 09:25:06,12,-12,3841.75,-3403
2022-12-23 09:25:07,12,0,3841.75,-3403
2022-12-23 09:25:08,2,-2,3841.5,-3405
2022-12-23 09:25:09,21,-1,3841.5,-3406
2022-12-23 09:25:10,1,1,3841.75,-3405
2022-12-23 09:25:11,55,-12,3841.5,-3417
2022-12-23 09:25:12,4,4,3841.75,-3413
2022-12-23 09:25:13,41,11,3842.0,-3402
2022-12-23 09:25:14,13,-6,3842.0,-3408
2022-12-23 09:25:15,31,-10,3842.0,-3418
2022-12-23 09:25:16,8,-4,3841.5,-3422
2022-12-23 09:25:17,5,5,3841.5,-3417
2022-12-23 09:25:19,8,-7,3841.5,-3424
2022-12-23 09:25:20,51,-35,3841.25,-3459
2022-12-23 09:25:21,61,-30,3840.75,-3489
2022-12-23 09:25:22,48,-5,3840.5,-3494
2022-12-23 09:25:23,9,0,3840.25,-3494
2022-12-23 09:25:24,5,1,3840.25,-3493
2022-12-23 09:25:25,43,0,3840.75,-3493
2022-12-23 09:25:26,15,-2,3840.75,-3495
2022-12-23 09:25:27,1,-1,3840.25,-3496
2022-12-23 09:25:28,35,-12,3840.25,-3508
2022-12-23 09:25:29,16,-5,3840.25,-3513
2022-12-23 09:25:30,14,10,3840.5,-3503
2022-12-23 09:25:31,7,-5,3840.25,-3508
2022-12-23 09:25:32,25,5,3840.5,-3503
2022-12-23 09:25:34,15,3,3840.0,-3500
2022-12-23 09:25:35,17,11,3840.25,-3489
2022-12-23 09:25:36,18,-4,3840.25,-3493
2022-12-23 09:25:37,1,-1,3840.0,-3494
2022-12-23 09:25:38,44,23,3840.5,-3471
2022-12-23 09:25:39,1,1,3840.5,-3470
2022-12-23 09:25:40,1,1,3840.5,-3469
2022-12-23 09:25:41,12,9,3840.5,-3460
2022-12-23 09:25:42,18,6,3840.75,-3454
2022-12-23 09:25:43,1,1,3840.75,-3453
2022-12-23 09:25:44,16,4,3840.75,-3449
2022-12-23 09:25:45,12,-9,3840.75,-3458
2022-12-23 09:25:46,19,-7,3840.75,-3465
2022-12-23 09:25:47,27,10,3841.0,-3455
2022-12-23 09:25:48,21,-4,3841.0,-3459
2022-12-23 09:25:49,2,-2,3840.75,-3461
2022-12-23 09:25:50,16,1,3840.75,-3460
2022-12-23 09:25:51,1,-1,3840.5,-3461
2022-12-23 09:25:52,12,9,3841.0,-3452
2022-12-23 09:25:53,53,18,3841.5,-3434
2022-12-23 09:25:54,2,2,3841.75,-3432
2022-12-23 09:25:55,1,1,3841.75,-3431
2022-12-23 09:25:56,36,-8,3841.75,-3439
2022-12-23 09:25:57,18,11,3841.75,-3428
2022-12-23 09:25:58,30,-8,3841.5,-3436
2022-12-23 09:26:00,31,2,3841.75,-3434
2022-12-23 09:26:01,13,6,3841.75,-3428
2022-12-23 09:26:02,10,-7,3841.5,-3435
2022-12-23 09:26:03,11,3,3841.75,-3432
2022-12-23 09:26:04,6,-3,3841.75,-3435
2022-12-23 09:26:05,5,-1,3841.75,-3436
2022-12-23 09:26:06,69,14,3842.0,-3422
2022-12-23 09:26:08,98,13,3842.5,-3409
2022-12-23 09:26:09,1,1,3841.75,-3408
2022-12-23 09:26:10,29,-2,3841.75,-3410
2022-12-23 09:26:11,17,4,3841.75,-3406
2022-12-23 09:26:12,13,-3,3841.75,-3409
2022-12-23 09:26:13,30,-8,3841.5,-3417
2022-12-23 09:26:14,3,-1,3841.25,-3418
2022-12-23 09:26:15,17,-5,3841.0,-3423
2022-12-23 09:26:16,44,-1,3841.0,-3424
2022-12-23 09:26:17,24,11,3841.0,-3413
2022-12-23 09:26:18,12,-1,3841.0,-3414
2022-12-23 09:26:19,10,7,3841.0,-3407
2022-12-23 09:26:20,9,2,3840.75,-3405
2022-12-23 09:26:21,27,-2,3840.5,-3407
2022-12-23 09:26:22,35,4,3840.75,-3403
2022-12-23 09:26:23,10,6,3841.0,-3397
2022-12-23 09:26:24,4,1,3841.0,-3396
2022-12-23 09:26:25,13,-5,3840.75,-3401
2022-12-23 09:26:26,6,2,3840.75,-3399
2022-12-23 09:26:27,16,-5,3841.0,-3404
2022-12-23 09:26:28,11,1,3840.75,-3403
2022-12-23 09:26:29,4,-3,3840.5,-3406
2022-12-23 09:26:31,37,7,3841.0,-3399
2022-12-23 09:26:32,23,17,3841.25,-3382
2022-12-23 09:26:33,13,-4,3841.5,-3386
2022-12-23 09:26:34,8,-2,3841.0,-3388
2022-12-23 09:26:35,9,-2,3841.25,-3390
2022-12-23 09:26:36,3,-3,3841.0,-3393
2022-12-23 09:26:38,8,-6,3841.0,-3399
2022-12-23 09:26:39,31,-11,3840.75,-3410
2022-12-23 09:26:40,49,-10,3840.75,-3420
2022-12-23 09:26:43,2,2,3840.75,-3418
2022-12-23 09:26:44,52,22,3840.75,-3396
2022-12-23 09:26:45,4,-4,3840.75,-3400
2022-12-23 09:26:46,10,6,3841.0,-3394
2022-12-23 09:26:47,6,-5,3841.0,-3399
2022-12-23 09:26:48,29,-12,3841.0,-3411
2022-12-23 09:26:49,12,-7,3840.75,-3418
2022-12-23 09:26:50,14,4,3840.75,-3414
2022-12-23 09:26:51,1,1,3840.75,-3413
2022-12-23 09:26:52,1,1,3840.75,-3412
2022-12-23 09:26:53,16,11,3840.75,-3401
2022-12-23 09:26:54,32,-6,3840.75,-3407
2022-12-23 09:26:56,148,-84,3840.5,-3491
2022-12-23 09:26:57,11,5,3840.5,-3486
2022-12-23 09:26:58,39,-12,3840.25,-3498
2022-12-23 09:26:59,6,3,3840.5,-3495
2022-12-23 09:27:00,24,14,3840.75,-3481
2022-12-23 09:27:01,10,5,3841.0,-3476
2022-12-23 09:27:02,10,-2,3841.0,-3478
2022-12-23 09:27:04,9,-1,3840.75,-3479
2022-12-23 09:27:05,9,3,3840.75,-3476
2022-12-23 09:27:06,16,-15,3840.5,-3491
2022-12-23 09:27:07,20,9,3840.75,-3482
2022-12-23 09:27:08,8,-2,3840.75,-3484
2022-12-23 09:27:09,2,-2,3840.5,-3486
2022-12-23 09:27:10,11,11,3840.75,-3475
2022-12-23 09:27:11,74,18,3841.25,-3457
2022-12-23 09:27:12,7,-1,3841.25,-3458
2022-12-23 09:27:14,22,-2,3841.25,-3460
2022-12-23 09:27:15,42,14,3841.5,-3446
2022-12-23 09:27:16,40,0,3841.25,-3446
2022-12-23 09:27:19,27,-10,3841.25,-3456
2022-12-23 09:27:20,18,5,3841.0,-3451
2022-12-23 09:27:21,13,0,3840.75,-3451
2022-12-23 09:27:22,25,-8,3840.75,-3459
2022-12-23 09:27:23,32,2,3840.5,-3457
2022-12-23 09:27:24,46,2,3840.75,-3455
2022-12-23 09:27:25,21,-9,3841.0,-3464
2022-12-23 09:27:26,13,-5,3841.0,-3469
2022-12-23 09:27:27,7,-5,3840.75,-3474
2022-12-23 09:27:28,10,7,3840.75,-3467
2022-12-23 09:27:29,9,0,3841.0,-3467
2022-12-23 09:27:30,20,0,3840.75,-3467
2022-12-23 09:27:31,2,-2,3840.75,-3469
2022-12-23 09:27:32,3,1,3840.75,-3468
2022-12-23 09:27:33,10,6,3840.75,-3462
2022-12-23 09:27:34,11,-1,3841.25,-3463
2022-12-23 09:27:36,1,1,3841.0,-3462
2022-12-23 09:27:37,57,27,3841.5,-3435
2022-12-23 09:27:38,12,0,3841.5,-3435
2022-12-23 09:27:39,17,4,3841.25,-3431
2022-12-23 09:27:40,68,-42,3841.25,-3473
2022-12-23 09:27:41,37,-16,3840.5,-3489
2022-12-23 09:27:42,18,-8,3840.0,-3497
2022-12-23 09:27:43,19,3,3840.0,-3494
2022-12-23 09:27:44,20,6,3840.25,-3488
2022-12-23 09:27:46,6,-2,3840.0,-3490
2022-12-23 09:27:47,9,0,3840.25,-3490
2022-12-23 09:27:48,17,-8,3840.25,-3498
2022-12-23 09:27:49,10,8,3840.0,-3490
2022-12-23 09:27:50,35,-22,3840.0,-3512
2022-12-23 09:27:51,5,-5,3839.75,-3517
2022-12-23 09:27:52,30,-4,3839.75,-3521
2022-12-23 09:27:53,10,-2,3839.75,-3523
2022-12-23 09:27:54,6,0,3839.75,-3523
2022-12-23 09:27:55,21,-11,3839.75,-3534
2022-12-23 09:27:56,47,5,3839.75,-3529
2022-12-23 09:27:57,192,-109,3839.5,-3638
2022-12-23 09:27:58,29,-11,3838.75,-3649
2022-12-23 09:27:59,34,-13,3838.75,-3662
2022-12-23 09:28:00,134,-18,3839.25,-3680
2022-12-23 09:28:01,1,-1,3839.0,-3681
2022-12-23 09:28:02,56,8,3839.5,-3673
2022-12-23 09:28:03,35,27,3840.0,-3646
2022-12-23 09:28:04,50,18,3839.75,-3628
2022-12-23 09:28:05,8,-7,3839.5,-3635
2022-12-23 09:28:06,56,0,3839.5,-3635
2022-12-23 09:28:08,21,-7,3839.0,-3642
2022-12-23 09:28:09,46,14,3839.0,-3628
2022-12-23 09:28:11,32,0,3839.25,-3628
2022-12-23 09:28:12,81,-18,3839.0,-3646
2022-12-23 09:28:13,7,-3,3839.0,-3649
2022-12-23 09:28:14,19,-14,3838.75,-3663
2022-12-23 09:28:15,175,-149,3838.5,-3812
2022-12-23 09:28:16,53,19,3838.0,-3793
2022-12-23 09:28:17,76,6,3838.5,-3787
2022-12-23 09:28:18,18,-1,3838.5,-3788
2022-12-23 09:28:19,13,5,3838.5,-3783
2022-12-23 09:28:20,52,19,3838.75,-3764
2022-12-23 09:28:21,26,1,3838.75,-3763
2022-12-23 09:28:22,20,-5,3838.5,-3768
2022-12-23 09:28:23,24,3,3838.5,-3765
2022-12-23 09:28:24,2,0,3838.5,-3765
2022-12-23 09:28:25,27,12,3838.75,-3753
2022-12-23 09:28:26,4,-2,3838.75,-3755
2022-12-23 09:28:27,26,-16,3838.5,-3771
2022-12-23 09:28:28,35,1,3838.5,-3770
2022-12-23 09:28:29,13,3,3838.25,-3767
2022-12-23 09:28:30,36,12,3838.75,-3755
2022-12-23 09:28:31,20,-4,3838.75,-3759
2022-12-23 09:28:32,2,0,3838.75,-3759
2022-12-23 09:28:33,72,-9,3838.75,-3768
2022-12-23 09:28:34,17,-1,3838.5,-3769
2022-12-23 09:28:35,14,2,3838.75,-3767
2022-12-23 09:28:36,17,1,3838.75,-3766
2022-12-23 09:28:37,42,8,3838.5,-3758
2022-12-23 09:28:38,11,4,3838.5,-3754
2022-12-23 09:28:39,1,-1,3838.25,-3755
2022-12-23 09:28:40,32,-3,3838.5,-3758
2022-12-23 09:28:41,51,-33,3838.25,-3791
2022-12-23 09:28:42,72,12,3838.25,-3779
2022-12-23 09:28:43,14,4,3838.25,-3775
2022-12-23 09:28:44,15,-3,3838.25,-3778
2022-12-23 09:28:45,19,1,3838.0,-3777
2022-12-23 09:28:46,1,-1,3837.75,-3778
2022-12-23 09:28:47,10,7,3838.0,-3771
2022-12-23 09:28:48,23,-11,3838.0,-3782
2022-12-23 09:28:49,19,1,3838.0,-3781
2022-12-23 09:28:50,9,-2,3838.0,-3783
2022-12-23 09:28:51,26,9,3838.5,-3774
2022-12-23 09:28:52,13,2,3838.5,-3772
2022-12-23 09:28:53,39,20,3838.75,-3752
2022-12-23 09:28:54,44,17,3838.75,-3735
2022-12-23 09:28:55,7,-3,3838.5,-3738
2022-12-23 09:28:56,21,12,3838.5,-3726
2022-12-23 09:28:57,62,-12,3838.5,-3738
2022-12-23 09:28:58,34,-6,3838.0,-3744
2022-12-23 09:28:59,8,-2,3838.0,-3746
2022-12-23 09:29:00,28,-13,3838.25,-3759
2022-12-23 09:29:01,11,-1,3838.0,-3760
2022-12-23 09:29:02,20,-1,3838.0,-3761
2022-12-23 09:29:03,3,1,3838.25,-3760
2022-12-23 09:29:04,18,-4,3838.25,-3764
2022-12-23 09:29:05,1,-1,3838.0,-3765
2022-12-23 09:29:06,74,13,3838.25,-3752
2022-12-23 09:29:08,1,-1,3837.75,-3753
2022-12-23 09:29:09,3,-2,3837.75,-3755
2022-12-23 09:29:10,2,2,3838.0,-3753
2022-12-23 09:29:11,17,-11,3838.0,-3764
2022-12-23 09:29:12,61,-1,3837.75,-3765
2022-12-23 09:29:13,81,-13,3837.75,-3778
2022-12-23 09:29:14,7,1,3837.75,-3777
2022-12-23 09:29:15,14,9,3838.0,-3768
2022-12-23 09:29:16,37,-6,3837.75,-3774
2022-12-23 09:29:17,19,-4,3837.75,-3778
2022-12-23 09:29:18,54,16,3838.0,-3762
2022-12-23 09:29:19,31,-10,3837.75,-3772
2022-12-23 09:29:20,13,7,3837.75,-3765
2022-12-23 09:29:22,18,-3,3838.0,-3768
2022-12-23 09:29:23,4,1,3837.75,-3767
2022-12-23 09:29:24,46,-17,3838.0,-3784
2022-12-23 09:29:25,29,14,3837.75,-3770
2022-12-23 09:29:26,51,23,3838.0,-3747
2022-12-23 09:29:27,13,-5,3838.0,-3752
2022-12-23 09:29:28,7,-4,3838.0,-3756
2022-12-23 09:29:29,78,8,3838.25,-3748
2022-12-23 09:29:30,39,5,3838.0,-3743
2022-12-23 09:29:31,42,27,3838.0,-3716
2022-12-23 09:29:32,4,-1,3838.0,-3717
2022-12-23 09:29:33,1,1,3838.25,-3716
2022-12-23 09:29:34,28,20,3838.25,-3696
2022-12-23 09:29:35,8,1,3838.0,-3695
2022-12-23 09:29:36,21,0,3838.0,-3695
2022-12-23 09:29:37,1,-1,3837.75,-3696
2022-12-23 09:29:38,39,34,3838.25,-3662
2022-12-23 09:29:39,46,20,3838.25,-3642
2022-12-23 09:29:40,43,-9,3838.25,-3651
2022-12-23 09:29:41,4,-1,3838.25,-3652
2022-12-23 09:29:42,7,2,3838.25,-3650
2022-12-23 09:29:43,48,7,3838.25,-3643
2022-12-23 09:29:44,14,-10,3838.0,-3653
2022-12-23 09:29:45,112,5,3838.0,-3648
2022-12-23 09:29:46,18,1,3838.25,-3647
2022-12-23 09:29:47,107,34,3838.5,-3613
2022-12-23 09:29:48,46,14,3838.5,-3599
2022-12-23 09:29:49,6,-4,3838.25,-3603
2022-12-23 09:29:50,45,-2,3838.5,-3605
2022-12-23 09:29:51,53,16,3838.25,-3589
2022-12-23 09:29:52,46,10,3838.25,-3579
2022-12-23 09:29:53,42,2,3838.25,-3577
2022-12-23 09:29:54,92,0,3838.0,-3577
2022-12-23 09:29:55,49,16,3838.25,-3561
2022-12-23 09:29:56,77,-40,3838.0,-3601
2022-12-23 09:29:57,75,-9,3838.0,-3610
2022-12-23 09:29:58,98,-3,3838.0,-3613
2022-12-23 09:29:59,87,0,3838.25,-3613
2022-12-23 09:30:00,556,-14,3839.0,-3627
2022-12-23 09:30:01,530,-20,3839.0,-3647
2022-12-23 09:30:02,303,44,3839.75,-3603
2022-12-23 09:30:03,151,9,3839.5,-3594
2022-12-23 09:30:04,238,21,3839.75,-3573
2022-12-23 09:30:05,331,37,3840.25,-3536
2022-12-23 09:30:06,444,30,3840.5,-3506
2022-12-23 09:30:07,355,17,3839.75,-3489
2022-12-23 09:30:08,215,13,3838.75,-3476
2022-12-23 09:30:09,216,5,3839.25,-3471
2022-12-23 09:30:10,221,32,3840.5,-3439
2022-12-23 09:30:11,352,76,3841.25,-3363
2022-12-23 09:30:12,218,74,3841.75,-3289
2022-12-23 09:30:13,210,20,3841.5,-3269
2022-12-23 09:30:14,383,-121,3841.5,-3390
2022-12-23 09:30:15,221,69,3842.75,-3321
2022-12-23 09:30:16,184,43,3842.5,-3278
2022-12-23 09:30:17,190,7,3842.25,-3271
2022-12-23 09:30:18,199,-17,3841.5,-3288
2022-12-23 09:30:19,212,38,3842.0,-3250
2022-12-23 09:30:20,116,27,3842.25,-3223
2022-12-23 09:30:21,189,-8,3842.25,-3231
2022-12-23 09:30:22,317,51,3843.25,-3180
2022-12-23 09:30:23,184,49,3844.25,-3131
2022-12-23 09:30:24,237,-4,3843.75,-3135
2022-12-23 09:30:25,208,10,3843.0,-3125
2022-12-23 09:30:26,175,-5,3843.5,-3130
2022-12-23 09:30:27,146,-49,3843.25,-3179
2022-12-23 09:30:28,177,-26,3841.75,-3205
2022-12-23 09:30:29,167,36,3842.75,-3169
2022-12-23 09:30:30,148,26,3843.0,-3143
2022-12-23 09:30:31,104,14,3843.25,-3129
2022-12-23 09:30:32,186,-19,3843.0,-3148
2022-12-23 09:30:33,177,-24,3842.0,-3172
2022-12-23 09:30:34,192,-22,3841.75,-3194
2022-12-23 09:30:35,202,52,3841.25,-3142
2022-12-23 09:30:36,224,70,3841.5,-3072
2022-12-23 09:30:37,218,59,3842.25,-3013
2022-12-23 09:30:38,214,19,3842.75,-2994
2022-12-23 09:30:39,91,31,3842.75,-2963
2022-12-23 09:30:40,213,7,3843.0,-2956
2022-12-23 09:30:41,94,33,3843.0,-2923
2022-12-23 09:30:42,103,5,3843.5,-2918
2022-12-23 09:30:43,146,19,3843.0,-2899
2022-12-23 09:30:44,105,-23,3843.25,-2922
2022-12-23 09:30:45,68,22,3843.0,-2900
2022-12-23 09:30:46,100,-17,3843.25,-2917
2022-12-23 09:30:47,144,7,3843.25,-2910
2022-12-23 09:30:48,107,6,3843.25,-2904
2022-12-23 09:30:49,106,-1,3843.25,-2905
2022-12-23 09:30:50,95,1,3843.0,-2904
2022-12-23 09:30:51,92,18,3842.5,-2886
2022-12-23 09:30:52,57,2,3842.75,-2884
2022-12-23 09:30:53,60,1,3843.0,-2883
2022-12-23 09:30:54,108,-11,3843.0,-2894
2022-12-23 09:30:55,69,-2,3842.5,-2896
2022-12-23 09:30:56,185,-32,3842.0,-2928
2022-12-23 09:30:57,72,-2,3842.0,-2930
2022-12-23 09:30:58,70,-3,3842.25,-2933
2022-12-23 09:30:59,123,-20,3842.0,-2953
2022-12-23 09:31:00,414,-26,3841.0,-2979
2022-12-23 09:31:01,256,-53,3840.75,-3032
2022-12-23 09:31:02,252,-35,3840.5,-3067
2022-12-23 09:31:03,214,61,3841.75,-3006
2022-12-23 09:31:04,85,0,3841.75,-3006
2022-12-23 09:31:05,139,-16,3842.0,-3022
2022-12-23 09:31:06,100,4,3841.25,-3018
2022-12-23 09:31:07,97,65,3842.25,-2953
2022-12-23 09:31:08,131,31,3843.0,-2922
2022-12-23 09:31:09,145,-24,3842.75,-2946
2022-12-23 09:31:10,113,-1,3842.75,-2947
2022-12-23 09:31:11,78,-5,3842.75,-2952
2022-12-23 09:31:12,183,-19,3843.25,-2971
2022-12-23 09:31:13,58,-1,3842.5,-2972
2022-12-23 09:31:14,91,-18,3842.25,-2990
2022-12-23 09:31:15,118,2,3842.25,-2988
2022-12-23 09:31:16,185,-37,3842.25,-3025
2022-12-23 09:31:17,128,10,3841.5,-3015
2022-12-23 09:31:18,208,-3,3841.0,-3018
2022-12-23 09:31:19,351,38,3842.25,-2980
2022-12-23 09:31:20,186,-39,3842.25,-3019
2022-12-23 09:31:21,139,-22,3842.5,-3041
2022-12-23 09:31:22,104,2,3841.75,-3039
2022-12-23 09:31:23,200,43,3841.75,-2996
2022-12-23 09:31:24,133,5,3842.25,-2991
2022-12-23 09:31:25,91,-4,3842.5,-2995
2022-12-23 09:31:26,173,10,3842.75,-2985
2022-12-23 09:31:27,348,160,3843.75,-2825
2022-12-23 09:31:28,145,3,3843.5,-2822
2022-12-23 09:31:29,114,7,3843.25,-2815
2022-12-23 09:31:30,100,-18,3843.25,-2833
2022-12-23 09:31:31,89,26,3843.25,-2807
2022-12-23 09:31:32,41,15,3843.25,-2792
2022-12-23 09:31:33,80,14,3843.25,-2778
2022-12-23 09:31:34,74,9,3843.5,-2769
2022-12-23 09:31:35,247,87,3844.5,-2682
2022-12-23 09:31:36,160,36,3844.75,-2646
2022-12-23 09:31:37,221,49,3845.25,-2597
2022-12-23 09:31:38,147,52,3845.25,-2545
2022-12-23 09:31:39,78,-6,3845.25,-2551
2022-12-23 09:31:40,131,-2,3844.75,-2553
2022-12-23 09:31:41,203,139,3845.75,-2414
2022-12-23 09:31:42,244,38,3846.0,-2376
2022-12-23 09:31:43,195,66,3846.5,-2310
2022-12-23 09:31:44,267,58,3847.0,-2252
2022-12-23 09:31:45,165,-1,3846.75,-2253
2022-12-23 09:31:46,179,14,3846.75,-2239
2022-12-23 09:31:47,90,-9,3847.0,-2248
2022-12-23 09:31:48,76,-14,3846.5,-2262
2022-12-23 09:31:49,57,14,3846.5,-2248
2022-12-23 09:31:50,129,-12,3846.25,-2260
2022-12-23 09:31:51,104,-7,3845.75,-2267
2022-12-23 09:31:52,147,25,3846.0,-2242
2022-12-23 09:31:53,130,16,3846.5,-2226
2022-12-23 09:31:54,197,20,3846.75,-2206
2022-12-23 09:31:55,45,4,3846.75,-2202
2022-12-23 09:31:56,192,16,3847.0,-2186
2022-12-23 09:31:57,106,8,3846.5,-2178
2022-12-23 09:31:58,51,1,3846.25,-2177
2022-12-23 09:31:59,64,3,3846.5,-2174
2022-12-23 09:32:00,334,128,3848.5,-2046
2022-12-23 09:32:01,154,-4,3848.5,-2050
2022-12-23 09:32:02,193,24,3848.25,-2026
2022-12-23 09:32:03,141,-8,3848.0,-2034
2022-12-23 09:32:04,167,2,3847.75,-2032
2022-12-23 09:32:05,168,-29,3847.75,-2061
2022-12-23 09:32:06,85,13,3846.5,-2048
2022-12-23 09:32:07,85,-14,3846.75,-2062
2022-12-23 09:32:08,173,39,3847.25,-2023
2022-12-23 09:32:09,150,-41,3846.75,-2064
2022-12-23 09:32:10,154,24,3846.25,-2040
2022-12-23 09:32:11,105,-7,3846.0,-2047
2022-12-23 09:32:12,114,-24,3846.0,-2071
2022-12-23 09:32:13,71,1,3846.0,-2070
2022-12-23 09:32:14,73,12,3846.5,-2058
2022-12-23 09:32:15,117,0,3847.0,-2058
2022-12-23 09:32:16,45,-12,3846.75,-2070
2022-12-23 09:32:17,63,-8,3846.5,-2078
2022-12-23 09:32:18,95,-32,3846.25,-2110
2022-12-23 09:32:19,104,-11,3846.5,-2121
2022-12-23 09:32:20,150,22,3847.5,-2099
2022-12-23 09:32:21,125,-17,3847.75,-2116
2022-12-23 09:32:22,122,30,3848.0,-2086
2022-12-23 09:32:23,118,1,3847.5,-2085
2022-12-23 09:32:24,117,1,3847.25,-2084
2022-12-23 09:32:25,161,-15,3847.0,-2099
2022-12-23 09:32:26,117,-8,3846.5,-2107
2022-12-23 09:32:27,180,-29,3846.0,-2136
2022-12-23 09:32:28,112,6,3846.0,-2130
2022-12-23 09:32:29,278,22,3846.75,-2108
2022-12-23 09:32:30,117,2,3847.0,-2106
2022-12-23 09:32:31,144,35,3847.5,-2071
2022-12-23 09:32:32,298,35,3848.5,-2036
2022-12-23 09:32:33,187,8,3848.25,-2028
2022-12-23 09:32:34,90,-21,3848.5,-2049
2022-12-23 09:32:35,99,10,3848.25,-2039
2022-12-23 09:32:36,97,5,3848.5,-2034
2022-12-23 09:32:37,71,25,3848.75,-2009
2022-12-23 09:32:38,154,-16,3848.5,-2025
2022-12-23 09:32:39,168,-22,3848.25,-2047
2022-12-23 09:32:40,68,12,3848.5,-2035
2022-12-23 09:32:41,177,59,3849.25,-1976
2022-12-23 09:32:42,126,-18,3849.25,-1994
2022-12-23 09:32:43,71,18,3849.25,-1976
2022-12-23 09:32:44,92,24,3849.5,-1952
2022-12-23 09:32:45,124,9,3849.5,-1943
2022-12-23 09:32:46,134,36,3849.75,-1907
2022-12-23 09:32:47,560,249,3851.75,-1658
2022-12-23 09:32:48,230,28,3851.5,-1630
2022-12-23 09:32:49,138,-3,3851.75,-1633
2022-12-23 09:32:50,254,64,3852.25,-1569
2022-12-23 09:32:51,191,-15,3851.75,-1584
2022-12-23 09:32:52,100,-13,3851.75,-1597
2022-12-23 09:32:53,224,49,3852.25,-1548
2022-12-23 09:32:54,74,13,3852.25,-1535
2022-12-23 09:32:55,127,-11,3852.0,-1546
2022-12-23 09:32:56,81,-3,3851.5,-1549
2022-12-23 09:32:57,115,8,3852.0,-1541
2022-12-23 09:32:58,219,99,3852.0,-1442
2022-12-23 09:32:59,110,15,3851.75,-1427
2022-12-23 09:33:00,152,10,3851.75,-1417
2022-12-23 09:33:01,143,-4,3852.0,-1421
2022-12-23 09:33:02,85,-7,3851.75,-1428
2022-12-23 09:33:03,122,-16,3851.75,-1444
2022-12-23 09:33:04,162,-38,3851.25,-1482
2022-12-23 09:33:05,147,-14,3851.25,-1496
2022-12-23 09:33:06,139,22,3851.5,-1474
2022-12-23 09:33:07,121,-10,3851.75,-1484
2022-12-23 09:33:08,291,52,3853.0,-1432
2022-12-23 09:33:09,234,-7,3853.25,-1439
2022-12-23 09:33:10,179,-23,3853.0,-1462
2022-12-23 09:33:11,96,-5,3853.0,-1467
2022-12-23 09:33:12,48,1,3853.0,-1466
2022-12-23 09:33:13,157,-21,3853.0,-1487
2022-12-23 09:33:14,57,11,3852.75,-1476
2022-12-23 09:33:15,184,29,3853.0,-1447
2022-12-23 09:33:16,131,9,3853.0,-1438
2022-12-23 09:33:17,138,14,3853.5,-1424
2022-12-23 09:33:18,93,22,3853.75,-1402
2022-12-23 09:33:19,136,19,3854.0,-1383
2022-12-23 09:33:20,197,-37,3853.75,-1420
2022-12-23 09:33:21,89,19,3853.25,-1401
2022-12-23 09:33:22,78,21,3853.75,-1380
2022-12-23 09:33:23,255,60,3854.75,-1320
2022-12-23 09:33:24,170,-9,3854.5,-1329
2022-12-23 09:33:25,83,-2,3854.0,-1331
2022-12-23 09:33:26,37,8,3853.75,-1323
2022-12-23 09:33:27,49,-2,3853.75,-1325
2022-12-23 09:33:28,51,-1,3853.75,-1326
2022-12-23 09:33:29,99,3,3854.0,-1323
2022-12-23 09:33:30,101,-11,3854.0,-1334
2022-12-23 09:33:31,64,-11,3853.75,-1345
2022-12-23 09:33:32,133,8,3853.75,-1337
2022-12-23 09:33:33,139,-55,3853.25,-1392
2022-12-23 09:33:34,87,7,3853.25,-1385
2022-12-23 09:33:35,301,-111,3853.0,-1496
2022-12-23 09:33:36,113,-15,3851.5,-1511
2022-12-23 09:33:37,334,-133,3851.5,-1644
2022-12-23 09:33:38,173,10,3850.75,-1634
2022-12-23 09:33:39,93,-11,3850.75,-1645
2022-12-23 09:33:40,169,12,3851.25,-1633
2022-12-23 09:33:41,135,-8,3850.75,-1641
2022-12-23 09:33:42,77,9,3850.75,-1632
2022-12-23 09:33:43,48,-10,3850.75,-1642
2022-12-23 09:33:44,131,36,3850.75,-1606
2022-12-23 09:33:45,152,-17,3850.5,-1623
2022-12-23 09:33:46,79,-15,3850.0,-1638
2022-12-23 09:33:47,278,-58,3849.75,-1696
2022-12-23 09:33:48,181,-1,3850.25,-1697
2022-12-23 09:33:49,90,-2,3849.75,-1699
2022-12-23 09:33:50,47,8,3849.75,-1691
2022-12-23 09:33:51,236,-33,3849.25,-1724
2022-12-23 09:33:52,102,1,3849.25,-1723
2022-12-23 09:33:53,156,17,3849.25,-1706
2022-12-23 09:33:54,132,-17,3848.75,-1723
2022-12-23 09:33:55,81,-7,3848.75,-1730
2022-12-23 09:33:56,86,-19,3848.75,-1749
2022-12-23 09:33:57,223,38,3848.5,-1711
2022-12-23 09:33:58,209,-23,3848.5,-1734
2022-12-23 09:33:59,133,15,3848.75,-1719
2022-12-23 09:34:00,155,15,3848.5,-1704
2022-12-23 09:34:01,56,-1,3848.0,-1705
2022-12-23 09:34:02,179,-72,3847.75,-1777
2022-12-23 09:34:03,266,-13,3847.75,-1790
2022-12-23 09:34:04,252,83,3847.5,-1707
2022-12-23 09:34:05,172,-11,3847.25,-1718
2022-12-23 09:34:06,91,-2,3847.25,-1720
2022-12-23 09:34:07,156,-47,3847.0,-1767
2022-12-23 09:34:08,179,-5,3847.0,-1772
2022-12-23 09:34:09,193,98,3847.25,-1674
2022-12-23 09:34:10,181,-16,3847.0,-1690
2022-12-23 09:34:11,294,71,3846.75,-1619
2022-12-23 09:34:12,41,-3,3846.75,-1622
2022-12-23 09:34:13,51,-2,3846.5,-1624
2022-12-23 09:34:14,164,3,3846.5,-1621
2022-12-23 09:34:15,87,-22,3846.25,-1643
2022-12-23 09:34:16,290,-66,3845.5,-1709
2022-12-23 09:34:17,226,-5,3845.25,-1714
2022-12-23 09:34:18,388,-245,3844.5,-1959
2022-12-23 09:34:19,274,57,3844.5,-1902
2022-12-23 09:34:20,167,5,3844.5,-1897
2022-12-23 09:34:21,107,-10,3844.25,-1907
2022-12-23 09:34:22,114,22,3844.0,-1885
2022-12-23 09:34:23,174,74,3844.0,-1811
2022-12-23 09:34:24,151,-39,3843.25,-1850
2022-12-23 09:34:25,193,-43,3842.75,-1893
2022-12-23 09:34:26,163,10,3842.0,-1883
2022-12-23 09:34:27,219,8,3841.5,-1875
2022-12-23 09:34:28,546,30,3841.5,-1845
2022-12-23 09:34:29,171,9,3841.0,-1836
2022-12-23 09:34:30,332,-117,3840.5,-1953
2022-12-23 09:34:31,165,13,3840.5,-1940
2022-12-23 09:34:32,80,27,3841.0,-1913
2022-12-23 09:34:33,162,-16,3840.75,-1929
2022-12-23 09:34:34,165,17,3840.25,-1912
2022-12-23 09:34:35,88,5,3840.25,-1907
2022-12-23 09:34:36,55,13,3840.0,-1894
2022-12-23 09:34:37,68,11,3840.25,-1883
2022-12-23 09:34:38,150,36,3840.5,-1847
2022-12-23 09:34:39,115,-4,3840.0,-1851
2022-12-23 09:34:40,77,8,3840.25,-1843
2022-12-23 09:34:41,219,70,3841.25,-1773
2022-12-23 09:34:42,116,42,3841.5,-1731
2022-12-23 09:34:43,107,22,3841.75,-1709
2022-12-23 09:34:44,89,-8,3841.5,-1717
2022-12-23 09:34:45,134,43,3842.0,-1674
2022-12-23 09:34:46,82,5,3842.0,-1669
2022-12-23 09:34:47,54,7,3842.0,-1662
2022-12-23 09:34:48,117,-18,3841.75,-1680
2022-12-23 09:34:49,109,-27,3842.0,-1707
2022-12-23 09:34:50,75,-10,3841.75,-1717
2022-12-23 09:34:51,153,-26,3841.25,-1743
2022-12-23 09:34:52,51,9,3840.75,-1734
2022-12-23 09:34:53,53,-12,3840.75,-1746
2022-12-23 09:34:54,84,19,3840.5,-1727
2022-12-23 09:34:55,187,24,3840.5,-1703
2022-12-23 09:34:56,51,11,3840.25,-1692
2022-12-23 09:34:57,70,-8,3840.25,-1700
2022-12-23 09:34:58,106,0,3840.25,-1700
2022-12-23 09:34:59,127,44,3840.75,-1656
2022-12-23 09:35:00,424,87,3842.25,-1569
2022-12-23 09:35:01,377,-51,3842.25,-1620
2022-12-23 09:35:02,143,24,3840.75,-1596
2022-12-23 09:35:03,150,38,3841.25,-1558
2022-12-23 09:35:04,141,11,3841.75,-1547
2022-12-23 09:35:05,189,21,3841.75,-1526
2022-12-23 09:35:06,87,-4,3841.5,-1530
2022-12-23 09:35:07,79,-5,3841.0,-1535
2022-12-23 09:35:08,70,-39,3840.25,-1574
2022-12-23 09:35:09,119,-9,3840.25,-1583
2022-12-23 09:35:10,190,-7,3840.0,-1590
2022-12-23 09:35:11,307,-20,3839.25,-1610
2022-12-23 09:35:12,290,-62,3839.0,-1672
2022-12-23 09:35:13,243,-29,3838.25,-1701
2022-12-23 09:35:14,233,-96,3837.75,-1797
2022-12-23 09:35:15,112,13,3837.75,-1784
2022-12-23 09:35:16,129,1,3837.5,-1783
2022-12-23 09:35:17,240,-55,3837.5,-1838
2022-12-23 09:35:18,211,16,3837.25,-1822
2022-12-23 09:35:19,139,16,3837.5,-1806
2022-12-23 09:35:20,159,30,3837.75,-1776
2022-12-23 09:35:21,196,75,3838.75,-1701
2022-12-23 09:35:22,248,93,3839.25,-1608
2022-12-23 09:35:23,76,-4,3839.25,-1612
2022-12-23 09:35:24,109,13,3839.25,-1599
2022-12-23 09:35:25,71,-5,3839.25,-1604
2022-12-23 09:35:26,93,-10,3838.75,-1614
2022-12-23 09:35:27,181,-32,3838.0,-1646
2022-12-23 09:35:28,66,-1,3838.0,-1647
2022-12-23 09:35:29,55,17,3838.25,-1630
2022-12-23 09:35:30,111,22,3838.25,-1608
2022-12-23 09:35:31,62,-2,3838.0,-1610
2022-12-23 09:35:32,96,5,3837.75,-1605
2022-12-23 09:35:33,380,-69,3837.5,-1674
2022-12-23 09:35:34,166,35,3837.0,-1639
2022-12-23 09:35:35,148,36,3837.0,-1603
2022-12-23 09:35:36,289,-97,3836.75,-1700
2022-12-23 09:35:37,188,21,3836.5,-1679
2022-12-23 09:35:38,128,-4,3836.25,-1683
2022-12-23 09:35:39,76,-6,3836.0,-1689
2022-12-23 09:35:40,172,-36,3836.0,-1725
2022-12-23 09:35:41,224,-35,3835.5,-1760
2022-12-23 09:35:42,236,-35,3835.25,-1795
2022-12-23 09:35:43,279,13,3835.25,-1782
2022-12-23 09:35:44,92,26,3835.5,-1756
2022-12-23 09:35:45,113,0,3835.75,-1756
2022-12-23 09:35:46,112,23,3835.75,-1733
2022-12-23 09:35:47,436,108,3837.0,-1625
2022-12-23 09:35:48,165,-11,3837.0,-1636
2022-12-23 09:35:49,549,-308,3836.75,-1944
2022-12-23 09:35:50,176,19,3836.5,-1925
2022-12-23 09:35:51,124,6,3836.5,-1919
2022-12-23 09:35:52,95,-24,3836.25,-1943
2022-12-23 09:35:53,106,5,3835.75,-1938
2022-12-23 09:35:54,67,6,3835.75,-1932
2022-12-23 09:35:55,144,-34,3835.5,-1966
2022-12-23 09:35:56,88,-8,3835.5,-1974
2022-12-23 09:35:57,100,0,3835.0,-1974
2022-12-23 09:35:58,174,-47,3834.75,-2021
2022-12-23 09:35:59,168,-22,3834.75,-2043
2022-12-23 09:36:00,136,-1,3834.0,-2044
2022-12-23 09:36:01,186,12,3834.0,-2032
2022-12-23 09:36:02,126,-11,3833.75,-2043
2022-12-23 09:36:03,167,50,3833.75,-1993
2022-12-23 09:36:04,118,25,3833.75,-1968
2022-12-23 09:36:05,229,65,3835.0,-1903
2022-12-23 09:36:06,119,17,3835.0,-1886
2022-12-23 09:36:07,117,10,3834.75,-1876
2022-12-23 09:36:08,181,1,3834.25,-1875
2022-12-23 09:36:09,252,-17,3834.0,-1892
2022-12-23 09:36:10,86,-3,3834.25,-1895
2022-12-23 09:36:11,100,8,3834.25,-1887
2022-12-23 09:36:12,113,-33,3834.0,-1920
2022-12-23 09:36:13,117,-30,3833.25,-1950
2022-12-23 09:36:14,97,-5,3833.25,-1955
2022-12-23 09:36:15,115,31,3833.25,-1924
2022-12-23 09:36:16,186,24,3833.75,-1900
2022-12-23 09:36:17,100,-19,3833.75,-1919
2022-12-23 09:36:18,229,-51,3833.0,-1970
2022-12-23 09:36:19,207,43,3832.5,-1927
2022-12-23 09:36:20,338,92,3833.25,-1835
2022-12-23 09:36:21,70,-15,3833.5,-1850
2022-12-23 09:36:22,287,-53,3833.0,-1903
2022-12-23 09:36:23,59,23,3832.75,-1880
2022-12-23 09:36:24,48,5,3833.0,-1875
2022-12-23 09:36:25,109,-27,3832.5,-1902
2022-12-23 09:36:26,151,14,3832.25,-1888
2022-12-23 09:36:27,64,0,3832.25,-1888
2022-12-23 09:36:28,84,7,3832.0,-1881
2022-12-23 09:36:29,88,12,3832.0,-1869
2022-12-23 09:36:30,186,-41,3832.0,-1910
2022-12-23 09:36:31,137,5,3831.75,-1905
2022-12-23 09:36:32,86,15,3832.0,-1890
2022-12-23 09:36:33,82,6,3831.75,-1884
2022-12-23 09:36:34,76,0,3832.0,-1884
2022-12-23 09:36:35,165,-42,3831.5,-1926
2022-12-23 09:36:36,2164,-1366,3830.75,-3292
2022-12-23 09:36:37,346,40,3829.0,-3252
2022-12-23 09:36:38,478,-20,3829.0,-3272
2022-12-23 09:36:39,204,-86,3828.75,-3358
2022-12-23 09:36:40,262,-26,3827.75,-3384
2022-12-23 09:36:41,124,24,3827.5,-3360
2022-12-23 09:36:42,204,-6,3827.25,-3366
2022-12-23 09:36:43,306,54,3828.25,-3312
2022-12-23 09:36:44,339,-6,3828.5,-3318
2022-12-23 09:36:45,209,32,3829.0,-3286
2022-12-23 09:36:46,225,0,3828.25,-3286
2022-12-23 09:36:47,180,7,3828.0,-3279
2022-12-23 09:36:48,161,-3,3828.0,-3282
2022-12-23 09:36:49,259,-36,3827.5,-3318
2022-12-23 09:36:50,228,4,3828.0,-3314
2022-12-23 09:36:51,86,11,3827.5,-3303
2022-12-23 09:36:52,121,2,3827.5,-3301
2022-12-23 09:36:53,120,-26,3827.0,-3327
2022-12-23 09:36:54,182,57,3826.75,-3270
2022-12-23 09:36:55,211,-17,3826.75,-3287
2022-12-23 09:36:56,139,-13,3826.5,-3300
2022-12-23 09:36:57,140,-36,3826.25,-3336
2022-12-23 09:36:58,128,-15,3825.75,-3351
2022-12-23 09:36:59,171,-8,3825.75,-3359
2022-12-23 09:37:00,276,64,3827.0,-3295
2022-12-23 09:37:01,156,21,3827.25,-3274
2022-12-23 09:37:02,173,69,3828.0,-3205
2022-12-23 09:37:03,202,37,3828.25,-3168
2022-12-23 09:37:04,148,12,3828.5,-3156
2022-12-23 09:37:05,128,21,3828.75,-3135
2022-12-23 09:37:06,152,16,3828.75,-3119
2022-12-23 09:37:07,132,13,3828.75,-3106
2022-12-23 09:37:08,84,9,3828.75,-3097
2022-12-23 09:37:09,118,10,3828.75,-3087
2022-12-23 09:37:10,104,29,3829.0,-3058
2022-12-23 09:37:11,120,44,3829.25,-3014
2022-12-23 09:37:12,137,-16,3829.0,-3030
2022-12-23 09:37:13,105,38,3829.0,-2992
2022-12-23 09:37:14,273,55,3829.75,-2937
2022-12-23 09:37:15,94,44,3829.75,-2893
2022-12-23 09:37:16,298,33,3830.25,-2860
2022-12-23 09:37:17,115,5,3830.25,-2855
2022-12-23 09:37:18,92,-19,3829.75,-2874
2022-12-23 09:37:19,85,14,3829.75,-2860
2022-12-23 09:37:20,128,16,3830.0,-2844
2022-12-23 09:37:21,43,14,3830.25,-2830
2022-12-23 09:37:22,70,-17,3830.25,-2847
2022-12-23 09:37:23,63,3,3829.75,-2844
2022-12-23 09:37:24,105,-35,3829.5,-2879
2022-12-23 09:37:25,110,-30,3829.5,-2909
2022-12-23 09:37:26,134,16,3830.0,-2893
2022-12-23 09:37:27,148,53,3830.75,-2840
2022-12-23 09:37:28,54,4,3830.75,-2836
2022-12-23 09:37:29,122,54,3830.5,-2782
2022-12-23 09:37:30,89,-16,3830.75,-2798
2022-12-23 09:37:31,27,9,3830.25,-2789
2022-12-23 09:37:32,66,-6,3830.0,-2795
2022-12-23 09:37:33,86,15,3830.0,-2780
2022-12-23 09:37:34,53,-9,3830.0,-2789
2022-12-23 09:37:35,110,-23,3829.75,-2812
2022-12-23 09:37:36,117,-5,3829.25,-2817
2022-12-23 09:37:37,96,3,3829.0,-2814
2022-12-23 09:37:38,74,7,3829.5,-2807
2022-12-23 09:37:39,57,6,3829.75,-2801
2022-12-23 09:37:40,53,-18,3829.75,-2819
2022-12-23 09:37:41,55,0,3829.5,-2819
2022-12-23 09:37:42,50,8,3830.0,-2811
2022-12-23 09:37:43,48,1,3830.0,-2810
2022-12-23 09:37:44,84,38,3830.25,-2772
2022-12-23 09:37:45,76,-9,3830.0,-2781
2022-12-23 09:37:46,59,-5,3829.75,-2786
2022-12-23 09:37:47,68,-17,3830.25,-2803
2022-12-23 09:37:48,87,-8,3829.75,-2811
2022-12-23 09:37:49,35,10,3829.5,-2801
2022-12-23 09:37:50,182,-54,3829.75,-2855
2022-12-23 09:37:51,75,1,3829.0,-2854
2022-12-23 09:37:52,75,13,3828.75,-2841
2022-12-23 09:37:53,85,-21,3828.75,-2862
2022-12-23 09:37:54,81,6,3828.75,-2856
2022-12-23 09:37:55,47,1,3828.25,-2855
2022-12-23 09:37:56,76,17,3828.0,-2838
2022-12-23 09:37:57,166,-38,3828.0,-2876
2022-12-23 09:37:58,82,-11,3828.0,-2887
2022-12-23 09:37:59,55,-10,3827.75,-2897
2022-12-23 09:38:00,307,-47,3827.5,-2944
2022-12-23 09:38:01,272,-15,3827.5,-2959
2022-12-23 09:38:02,172,24,3827.0,-2935
2022-12-23 09:38:03,108,10,3827.5,-2925
2022-12-23 09:38:04,116,29,3827.5,-2896
2022-12-23 09:38:05,162,-27,3827.0,-2923
2022-12-23 09:38:06,131,5,3826.75,-2918
2022-12-23 09:38:07,48,15,3826.5,-2903
2022-12-23 09:38:08,69,25,3827.25,-2878
2022-12-23 09:38:09,134,9,3827.5,-2869
2022-12-23 09:38:10,59,-4,3827.5,-2873
2022-12-23 09:38:11,65,22,3827.75,-2851
2022-12-23 09:38:12,85,-18,3827.75,-2869
2022-12-23 09:38:13,121,7,3828.0,-2862
2022-12-23 09:38:14,57,2,3827.5,-2860
2022-12-23 09:38:15,67,-17,3827.5,-2877
2022-12-23 09:38:16,17,5,3827.25,-2872
2022-12-23 09:38:17,76,29,3827.5,-2843
2022-12-23 09:38:18,48,6,3827.25,-2837
2022-12-23 09:38:19,122,9,3827.25,-2828
2022-12-23 09:38:20,29,10,3827.5,-2818
2022-12-23 09:38:21,69,-6,3827.75,-2824
2022-12-23 09:38:22,136,9,3827.75,-2815
2022-12-23 09:38:23,102,-4,3828.25,-2819
2022-12-23 09:38:24,201,35,3829.0,-2784
2022-12-23 09:38:25,67,7,3828.5,-2777
2022-12-23 09:38:26,62,2,3828.5,-2775
2022-12-23 09:38:27,80,9,3829.0,-2766
2022-12-23 09:38:28,67,21,3829.0,-2745
2022-12-23 09:38:29,80,37,3829.75,-2708
2022-12-23 09:38:30,131,10,3829.5,-2698
2022-12-23 09:38:31,86,24,3830.0,-2674
2022-12-23 09:38:32,79,32,3830.0,-2642
2022-12-23 09:38:33,87,7,3830.0,-2635
2022-12-23 09:38:34,28,9,3830.0,-2626
2022-12-23 09:38:35,61,17,3830.0,-2609
2022-12-23 09:38:36,127,18,3830.5,-2591
2022-12-23 09:38:37,132,60,3830.5,-2531
2022-12-23 09:38:38,108,9,3830.75,-2522
2022-12-23 09:38:39,184,53,3831.25,-2469
2022-12-23 09:38:40,69,4,3831.25,-2465
2022-12-23 09:38:41,90,2,3831.0,-2463
2022-12-23 09:38:42,110,-19,3830.75,-2482
2022-12-23 09:38:43,56,-20,3830.5,-2502
2022-12-23 09:38:44,88,35,3830.5,-2467
2022-12-23 09:38:45,35,-3,3830.5,-2470
2022-12-23 09:38:46,60,3,3831.0,-2467
2022-12-23 09:38:47,44,10,3831.0,-2457
2022-12-23 09:38:48,79,-13,3831.0,-2470
2022-12-23 09:38:49,116,1,3830.75,-2469
2022-12-23 09:38:50,75,37,3830.75,-2432
2022-12-23 09:38:51,94,5,3830.5,-2427
2022-12-23 09:38:52,42,-1,3830.5,-2428
2022-12-23 09:38:53,60,-16,3830.5,-2444
2022-12-23 09:38:54,156,-1,3830.75,-2445
2022-12-23 09:38:55,142,-44,3830.5,-2489
2022-12-23 09:38:56,38,0,3830.25,-2489
2022-12-23 09:38:57,46,1,3830.5,-2488
2022-12-23 09:38:58,58,9,3830.5,-2479
2022-12-23 09:38:59,55,5,3830.5,-2474
2022-12-23 09:39:00,96,14,3830.75,-2460
2022-12-23 09:39:01,148,0,3831.0,-2460
2022-12-23 09:39:02,61,3,3830.5,-2457
2022-12-23 09:39:03,172,13,3830.25,-2444
2022-12-23 09:39:04,117,5,3830.25,-2439
2022-12-23 09:39:05,118,-18,3830.0,-2457
2022-12-23 09:39:06,164,-23,3829.25,-2480
2022-12-23 09:39:07,129,-11,3829.25,-2491
2022-12-23 09:39:08,121,5,3829.25,-2486
2022-12-23 09:39:09,90,-5,3829.0,-2491
2022-12-23 09:39:10,152,-36,3828.75,-2527
2022-12-23 09:39:11,127,14,3828.0,-2513
2022-12-23 09:39:12,65,-29,3828.25,-2542
2022-12-23 09:39:13,63,-5,3828.25,-2547
2022-12-23 09:39:14,98,-36,3828.25,-2583
2022-12-23 09:39:15,121,-11,3827.75,-2594
2022-12-23 09:39:16,127,28,3828.5,-2566
2022-12-23 09:39:17,72,-16,3828.5,-2582
2022-12-23 09:39:18,37,-4,3828.25,-2586
2022-12-23 09:39:19,91,22,3828.25,-2564
2022-12-23 09:39:20,63,-19,3828.25,-2583
2022-12-23 09:39:21,51,-1,3828.0,-2584
2022-12-23 09:39:22,225,96,3828.0,-2488
2022-12-23 09:39:23,151,111,3828.5,-2377
2022-12-23 09:39:24,209,154,3828.75,-2223
2022-12-23 09:39:25,82,-15,3828.25,-2238
2022-12-23 09:39:26,77,-16,3828.5,-2254
2022-12-23 09:39:27,51,-11,3828.25,-2265
2022-12-23 09:39:28,17,-8,3828.0,-2273
2022-12-23 09:39:29,108,-17,3828.0,-2290
2022-12-23 09:39:30,76,11,3828.0,-2279
2022-12-23 09:39:31,48,0,3827.75,-2279
2022-12-23 09:39:32,56,-4,3828.0,-2283
2022-12-23 09:39:33,69,22,3828.0,-2261
2022-12-23 09:39:34,34,6,3827.75,-2255
2022-12-23 09:39:35,99,-40,3827.75,-2295
2022-12-23 09:39:36,79,-1,3827.75,-2296
2022-12-23 09:39:37,39,15,3827.75,-2281
2022-12-23 09:39:38,105,-19,3827.5,-2300
2022-12-23 09:39:39,89,-36,3827.5,-2336
2022-12-23 09:39:40,198,51,3827.5,-2285
2022-12-23 09:39:41,416,-200,3827.75,-2485
2022-12-23 09:39:42,285,-193,3826.5,-2678
2022-12-23 09:39:43,477,55,3825.75,-2623
2022-12-23 09:39:44,74,8,3825.75,-2615
2022-12-23 09:39:45,416,130,3826.75,-2485
2022-12-23 09:39:46,74,-14,3826.75,-2499
2022-12-23 09:39:47,62,4,3826.75,-2495
2022-12-23 09:39:48,88,0,3826.5,-2495
2022-12-23 09:39:49,148,54,3827.0,-2441
2022-12-23 09:39:50,65,-1,3826.25,-2442
2022-12-23 09:39:51,100,-12,3826.25,-2454
2022-12-23 09:39:52,48,19,3826.25,-2435
2022-12-23 09:39:53,101,-23,3826.5,-2458
2022-12-23 09:39:54,130,-10,3826.0,-2468
2022-12-23 09:39:55,52,-6,3825.75,-2474
2022-12-23 09:39:56,47,-1,3826.0,-2475
2022-12-23 09:39:57,102,-13,3825.75,-2488
2022-12-23 09:39:58,102,14,3825.5,-2474
2022-12-23 09:39:59,192,-70,3825.5,-2544
2022-12-23 09:40:00,365,-32,3825.25,-2576
2022-12-23 09:40:01,124,-17,3825.25,-2593
2022-12-23 09:40:02,99,17,3825.0,-2576
2022-12-23 09:40:03,66,-6,3825.0,-2582
2022-12-23 09:40:04,153,32,3825.75,-2550
2022-12-23 09:40:05,173,13,3825.75,-2537
2022-12-23 09:40:06,98,-11,3825.75,-2548
2022-12-23 09:40:07,176,-14,3825.75,-2562
2022-12-23 09:40:08,6,-1,3825.25,-2563
2022-12-23 09:40:09,95,4,3825.5,-2559
2022-12-23 09:40:10,186,43,3826.25,-2516
2022-12-23 09:40:11,40,9,3826.0,-2507
2022-12-23 09:40:12,212,-60,3825.75,-2567
2022-12-23 09:40:13,202,-24,3824.75,-2591
2022-12-23 09:40:14,223,-30,3825.0,-2621
2022-12-23 09:40:15,129,-14,3824.75,-2635
2022-12-23 09:40:16,146,35,3825.25,-2600
2022-12-23 09:40:17,58,3,3825.0,-2597
2022-12-23 09:40:18,216,-2,3825.5,-2599
2022-12-23 09:40:19,119,6,3826.25,-2593
2022-12-23 09:40:20,97,15,3826.0,-2578
2022-12-23 09:40:21,85,16,3826.25,-2562
2022-12-23 09:40:22,90,2,3826.25,-2560
2022-12-23 09:40:23,81,2,3826.25,-2558
2022-12-23 09:40:24,190,59,3827.0,-2499
2022-12-23 09:40:25,143,-17,3827.25,-2516
2022-12-23 09:40:26,48,-10,3827.0,-2526
2022-12-23 09:40:27,61,-5,3827.0,-2531
2022-12-23 09:40:28,157,27,3827.75,-2504
2022-12-23 09:40:29,163,9,3827.25,-2495
2022-12-23 09:40:30,93,-6,3827.5,-2501
2022-12-23 09:40:31,65,7,3827.5,-2494
2022-12-23 09:40:32,107,-19,3827.5,-2513
2022-12-23 09:40:33,27,-4,3827.5,-2517
2022-12-23 09:40:34,61,19,3827.75,-2498
2022-12-23 09:40:35,197,33,3828.25,-2465
2022-12-23 09:40:36,36,7,3828.0,-2458
2022-12-23 09:40:37,115,37,3828.25,-2421
2022-12-23 09:40:38,135,0,3828.25,-2421
2022-12-23 09:40:39,103,19,3828.75,-2402
2022-12-23 09:40:40,194,40,3829.0,-2362
2022-12-23 09:40:41,73,12,3829.25,-2350
2022-12-23 09:40:42,122,11,3829.5,-2339
2022-12-23 09:40:43,112,6,3829.5,-2333
2022-12-23 09:40:44,93,-7,3829.25,-2340
2022-12-23 09:40:45,85,-3,3829.0,-2343
2022-12-23 09:40:46,74,-1,3829.25,-2344
2022-12-23 09:40:47,97,39,3829.25,-2305
2022-12-23 09:40:48,39,4,3829.0,-2301
2022-12-23 09:40:49,66,41,3829.25,-2260
2022-12-23 09:40:50,43,6,3829.25,-2254
2022-12-23 09:40:51,95,-10,3829.25,-2264
2022-12-23 09:40:52,86,-16,3829.0,-2280
2022-12-23 09:40:53,57,7,3829.5,-2273
2022-12-23 09:40:54,120,28,3829.75,-2245
2022-12-23 09:40:55,164,58,3830.75,-2187
2022-12-23 09:40:56,213,63,3831.25,-2124
2022-12-23 09:40:57,109,23,3831.5,-2101
2022-12-23 09:40:58,110,3,3831.5,-2098
2022-12-23 09:40:59,257,99,3830.75,-1999
2022-12-23 09:41:00,118,38,3831.0,-1961
2022-12-23 09:41:01,116,-11,3831.25,-1972
2022-12-23 09:41:02,91,-6,3831.5,-1978
2022-12-23 09:41:03,331,133,3832.75,-1845
2022-12-23 09:41:04,231,1,3832.5,-1844
2022-12-23 09:41:05,104,17,3832.25,-1827
2022-12-23 09:41:06,177,19,3832.75,-1808
2022-12-23 09:41:07,152,21,3833.25,-1787
2022-12-23 09:41:08,339,86,3834.0,-1701
2022-12-23 09:41:09,161,-23,3833.75,-1724
2022-12-23 09:41:10,102,12,3834.0,-1712
2022-12-23 09:41:11,77,16,3834.25,-1696
2022-12-23 09:41:12,176,13,3835.0,-1683
2022-12-23 09:41:13,167,33,3835.0,-1650
2022-12-23 09:41:14,179,13,3835.0,-1637
2022-12-23 09:41:15,156,-4,3834.75,-1641
2022-12-23 09:41:16,121,12,3835.0,-1629
2022-12-23 09:41:17,52,-9,3834.75,-1638
2022-12-23 09:41:18,254,134,3835.5,-1504
2022-12-23 09:41:19,88,-5,3835.5,-1509
2022-12-23 09:41:20,114,26,3835.5,-1483
2022-12-23 09:41:21,110,9,3835.25,-1474
2022-12-23 09:41:22,128,1,3835.5,-1473
2022-12-23 09:41:23,65,8,3835.75,-1465
2022-12-23 09:41:24,200,31,3835.75,-1434
2022-12-23 09:41:25,89,-15,3835.75,-1449
2022-12-23 09:41:26,68,4,3836.0,-1445
2022-12-23 09:41:27,76,-12,3836.0,-1457
2022-12-23 09:41:28,114,-14,3835.5,-1471
2022-12-23 09:41:29,167,-33,3835.25,-1504
2022-12-23 09:41:30,259,-84,3834.0,-1588
2022-12-23 09:41:31,119,-15,3833.75,-1603
2022-12-23 09:41:32,127,12,3833.5,-1591
2022-12-23 09:41:33,85,15,3833.75,-1576
2022-12-23 09:41:34,86,5,3834.25,-1571
2022-12-23 09:41:35,48,7,3834.25,-1564
2022-12-23 09:41:36,44,-13,3833.75,-1577
2022-12-23 09:41:37,76,-25,3833.5,-1602
2022-12-23 09:41:38,29,-6,3833.5,-1608
2022-12-23 09:41:39,69,-3,3833.5,-1611
2022-12-23 09:41:40,88,-15,3833.0,-1626
2022-12-23 09:41:41,102,-26,3833.25,-1652
2022-12-23 09:41:42,67,-23,3833.25,-1675
2022-12-23 09:41:43,53,14,3833.25,-1661
2022-12-23 09:41:44,84,3,3833.5,-1658
2022-12-23 09:41:45,53,-19,3833.5,-1677
2022-12-23 09:41:46,42,7,3833.25,-1670
2022-12-23 09:41:47,36,1,3833.5,-1669
2022-12-23 09:41:48,170,64,3834.25,-1605
2022-12-23 09:41:49,291,37,3835.25,-1568
2022-12-23 09:41:50,188,2,3835.5,-1566
2022-12-23 09:41:51,178,19,3835.5,-1547
2022-12-23 09:41:52,291,82,3836.25,-1465
2022-12-23 09:41:53,127,1,3836.25,-1464
2022-12-23 09:41:54,71,4,3836.25,-1460
2022-12-23 09:41:55,167,60,3837.0,-1400
2022-12-23 09:41:56,332,130,3837.5,-1270
2022-12-23 09:41:57,217,-56,3837.25,-1326
2022-12-23 09:41:58,54,-14,3836.75,-1340
2022-12-23 09:41:59,148,14,3837.0,-1326
2022-12-23 09:42:00,125,3,3837.0,-1323
2022-12-23 09:42:01,205,39,3838.0,-1284
2022-12-23 09:42:02,161,20,3838.25,-1264
2022-12-23 09:42:03,94,0,3838.0,-1264
2022-12-23 09:42:04,152,53,3838.75,-1211
2022-12-23 09:42:05,279,59,3839.75,-1152
2022-12-23 09:42:06,142,12,3839.5,-1140
2022-12-23 09:42:07,123,-10,3839.0,-1150
2022-12-23 09:42:08,161,-3,3839.25,-1153
2022-12-23 09:42:09,123,7,3839.5,-1146
2022-12-23 09:42:10,440,148,3840.75,-998
2022-12-23 09:42:11,320,52,3841.75,-946
2022-12-23 09:42:12,701,306,3843.25,-640
2022-12-23 09:42:13,115,21,3842.25,-619
2022-12-23 09:42:14,305,-25,3842.25,-644
2022-12-23 09:42:15,355,15,3843.25,-629
2022-12-23 09:42:16,293,53,3844.5,-576
2022-12-23 09:42:17,328,20,3845.0,-556
2022-12-23 09:42:18,219,84,3844.5,-472
2022-12-23 09:42:19,227,27,3844.75,-445
2022-12-23 09:42:20,221,-14,3844.5,-459
2022-12-23 09:42:21,266,-8,3844.0,-467
2022-12-23 09:42:22,123,10,3843.75,-457
2022-12-23 09:42:23,156,18,3844.25,-439
2022-12-23 09:42:24,158,-12,3844.25,-451
2022-12-23 09:42:25,168,19,3843.5,-432
2022-12-23 09:42:26,90,-10,3843.25,-442
2022-12-23 09:42:27,62,-13,3843.5,-455
2022-12-23 09:42:28,133,-11,3843.5,-466
2022-12-23 09:42:29,90,-14,3842.75,-480
2022-12-23 09:42:30,160,-43,3842.75,-523
2022-12-23 09:42:31,134,-15,3842.5,-538
2022-12-23 09:42:32,223,99,3843.0,-439
2022-12-23 09:42:33,101,-27,3842.25,-466
2022-12-23 09:42:34,134,-21,3842.0,-487
2022-12-23 09:42:35,188,-37,3841.75,-524
2022-12-23 09:42:36,155,1,3842.25,-523
2022-12-23 09:42:37,155,-37,3842.0,-560
2022-12-23 09:42:38,200,-41,3841.25,-601
2022-12-23 09:42:39,239,23,3841.5,-578
2022-12-23 09:42:40,173,-53,3841.5,-631
2022-12-23 09:42:41,84,1,3841.0,-630
2022-12-23 09:42:42,103,-8,3841.0,-638
2022-12-23 09:42:43,152,-44,3841.0,-682
2022-12-23 09:42:44,106,7,3841.0,-675
2022-12-23 09:42:45,46,-2,3840.5,-677
2022-12-23 09:42:46,61,-23,3840.75,-700
2022-12-23 09:42:47,50,0,3840.75,-700
2022-12-23 09:42:48,66,5,3841.0,-695
2022-12-23 09:42:49,111,11,3841.5,-684
2022-12-23 09:42:50,81,-11,3841.0,-695
2022-12-23 09:42:51,97,5,3841.25,-690
2022-12-23 09:42:52,97,2,3841.5,-688
2022-12-23 09:42:53,45,4,3841.25,-684
2022-12-23 09:42:54,93,17,3841.5,-667
2022-12-23 09:42:55,35,1,3841.75,-666
2022-12-23 09:42:56,85,10,3841.75,-656
2022-12-23 09:42:57,81,-8,3841.5,-664
2022-12-23 09:42:58,68,15,3841.25,-649
2022-12-23 09:42:59,100,-25,3841.5,-674
2022-12-23 09:43:00,212,12,3842.25,-662
2022-12-23 09:43:01,91,26,3842.25,-636
2022-12-23 09:43:02,141,11,3842.0,-625
2022-12-23 09:43:03,118,-13,3841.75,-638
2022-12-23 09:43:04,100,-1,3841.75,-639
2022-12-23 09:43:05,60,-19,3841.75,-658
2022-12-23 09:43:06,112,-6,3841.25,-664
2022-12-23 09:43:07,88,-9,3841.25,-673
2022-12-23 09:43:08,49,7,3841.5,-666
2022-12-23 09:43:09,75,1,3841.5,-665
2022-12-23 09:43:10,101,9,3841.75,-656
2022-12-23 09:43:11,88,2,3842.25,-654
2022-12-23 09:43:12,48,11,3841.75,-643
2022-12-23 09:43:13,73,-15,3842.0,-658
2022-12-23 09:43:14,49,9,3842.0,-649
2022-12-23 09:43:15,30,6,3841.75,-643
2022-12-23 09:43:16,86,4,3841.75,-639
2022-12-23 09:43:17,25,5,3842.0,-634
2022-12-23 09:43:18,152,-32,3842.0,-666
2022-12-23 09:43:19,49,17,3841.75,-649
2022-12-23 09:43:20,120,-32,3841.75,-681
2022-12-23 09:43:21,84,-23,3841.0,-704
2022-12-23 09:43:22,115,-3,3840.75,-707
2022-12-23 09:43:23,26,-1,3841.0,-708
2022-12-23 09:43:24,144,-38,3840.5,-746
2022-12-23 09:43:25,185,-42,3840.5,-788
2022-12-23 09:43:26,161,-15,3840.0,-803
2022-12-23 09:43:27,197,68,3840.5,-735
2022-12-23 09:43:28,118,9,3840.25,-726
2022-12-23 09:43:29,130,21,3840.5,-705
2022-12-23 09:43:30,94,14,3840.75,-691
2022-12-23 09:43:31,61,2,3840.25,-689
2022-12-23 09:43:32,77,4,3840.0,-685
2022-12-23 09:43:33,95,21,3840.5,-664
2022-12-23 09:43:34,117,0,3840.5,-664
2022-12-23 09:43:35,133,-47,3840.25,-711
2022-12-23 09:43:36,114,10,3841.0,-701
2022-12-23 09:43:37,140,31,3842.0,-670
2022-12-23 09:43:38,93,1,3841.75,-669
2022-12-23 09:43:39,98,-12,3841.75,-681
2022-12-23 09:43:40,43,-5,3841.25,-686
2022-12-23 09:43:41,71,22,3841.25,-664
2022-12-23 09:43:42,56,16,3841.75,-648
2022-12-23 09:43:43,72,2,3841.5,-646
2022-12-23 09:43:44,46,2,3841.75,-644
2022-12-23 09:43:45,24,2,3841.75,-642
2022-12-23 09:43:46,77,-20,3841.5,-662
2022-12-23 09:43:47,31,-10,3841.25,-672
2022-12-23 09:43:48,15,3,3841.0,-669
2022-12-23 09:43:49,102,-7,3841.25,-676
2022-12-23 09:43:50,20,1,3841.25,-675
2022-12-23 09:43:51,83,3,3841.25,-672
2022-12-23 09:43:52,57,-5,3841.0,-677
2022-12-23 09:43:53,34,-3,3840.75,-680
2022-12-23 09:43:54,3,2,3840.75,-678
2022-12-23 09:43:55,68,-1,3840.75,-679
2022-12-23 09:43:56,46,-11,3840.75,-690
2022-12-23 09:43:57,113,-15,3840.5,-705
2022-12-23 09:43:58,93,-19,3840.0,-724
2022-12-23 09:43:59,104,-41,3839.75,-765
2022-12-23 09:44:00,200,-19,3840.0,-784
2022-12-23 09:44:01,72,-5,3840.0,-789
2022-12-23 09:44:02,164,5,3839.75,-784
2022-12-23 09:44:03,108,-18,3839.5,-802
2022-12-23 09:44:04,125,-86,3839.0,-888
2022-12-23 09:44:05,164,-61,3838.75,-949
2022-12-23 09:44:06,57,-17,3838.5,-966
2022-12-23 09:44:07,122,5,3839.0,-961
2022-12-23 09:44:08,122,58,3839.25,-903
2022-12-23 09:44:09,73,-15,3839.25,-918
2022-12-23 09:44:10,128,0,3839.25,-918
2022-12-23 09:44:11,203,5,3839.0,-913
2022-12-23 09:44:12,45,-7,3838.75,-920
2022-12-23 09:44:13,47,-6,3839.0,-926
2022-12-23 09:44:14,160,66,3839.25,-860
2022-12-23 09:44:15,101,11,3840.0,-849
2022-12-23 09:44:16,141,16,3840.0,-833
2022-12-23 09:44:17,113,-21,3840.0,-854
2022-12-23 09:44:18,95,27,3839.5,-827
2022-12-23 09:44:19,54,15,3839.25,-812
2022-12-23 09:44:20,116,0,3839.25,-812
2022-12-23 09:44:21,106,-14,3839.25,-826
2022-12-23 09:44:22,149,-24,3838.25,-850
2022-12-23 09:44:23,62,0,3838.0,-850
2022-12-23 09:44:24,85,-11,3838.0,-861
2022-12-23 09:44:25,76,-6,3838.0,-867
2022-12-23 09:44:26,134,-29,3837.75,-896
2022-12-23 09:44:27,197,-32,3837.5,-928
2022-12-23 09:44:28,225,-121,3837.5,-1049
2022-12-23 09:44:29,114,12,3837.5,-1037
2022-12-23 09:44:30,30,2,3837.25,-1035
2022-12-23 09:44:31,56,12,3837.25,-1023
2022-12-23 09:44:32,57,10,3837.25,-1013
2022-12-23 09:44:33,67,9,3837.25,-1004
2022-12-23 09:44:34,79,16,3837.75,-988
2022-12-23 09:44:35,110,-13,3838.0,-1001
2022-12-23 09:44:36,90,-4,3837.75,-1005
2022-12-23 09:44:37,61,-1,3837.25,-1006
2022-12-23 09:44:38,51,-3,3837.5,-1009
2022-12-23 09:44:39,74,10,3838.0,-999
2022-12-23 09:44:40,78,20,3838.0,-979
2022-12-23 09:44:41,41,2,3838.0,-977
2022-12-23 09:44:42,50,-1,3838.0,-978
2022-12-23 09:44:43,87,-10,3838.0,-988
2022-12-23 09:44:44,48,7,3838.0,-981
2022-12-23 09:44:45,79,11,3838.25,-970
2022-12-23 09:44:46,35,6,3838.25,-964
2022-12-23 09:44:47,14,-1,3838.25,-965
2022-12-23 09:44:48,49,-8,3838.25,-973
2022-12-23 09:44:49,27,-9,3838.25,-982
2022-12-23 09:44:50,65,6,3838.25,-976
2022-12-23 09:44:51,123,0,3838.0,-976
2022-12-23 09:44:52,41,1,3837.75,-975
2022-12-23 09:44:53,28,-19,3837.5,-994
2022-12-23 09:44:54,52,14,3837.5,-980
2022-12-23 09:44:55,72,-18,3837.5,-998
2022-12-23 09:44:56,51,2,3837.0,-996
2022-12-23 09:44:57,97,-8,3837.0,-1004
2022-12-23 09:44:58,93,-17,3837.0,-1021
2022-12-23 09:44:59,66,7,3837.0,-1014
2022-12-23 09:45:00,139,0,3837.5,-1014
2022-12-23 09:45:01,131,-21,3837.25,-1035
2022-12-23 09:45:02,204,-28,3837.75,-1063
2022-12-23 09:45:03,159,2,3836.25,-1061
2022-12-23 09:45:04,65,6,3836.5,-1055
2022-12-23 09:45:05,120,-14,3836.5,-1069
2022-12-23 09:45:06,57,-13,3836.0,-1082
2022-12-23 09:45:07,125,-8,3836.0,-1090
2022-12-23 09:45:08,167,-10,3835.75,-1100
2022-12-23 09:45:09,143,-41,3835.75,-1141
2022-12-23 09:45:10,226,-34,3835.25,-1175
2022-12-23 09:45:11,528,-130,3835.0,-1305
2022-12-23 09:45:12,181,-14,3833.5,-1319
2022-12-23 09:45:13,153,17,3834.0,-1302
2022-12-23 09:45:14,148,12,3834.25,-1290
2022-12-23 09:45:15,155,-14,3834.75,-1304
2022-12-23 09:45:16,125,25,3835.5,-1279
2022-12-23 09:45:17,149,60,3836.0,-1219
2022-12-23 09:45:18,51,13,3836.25,-1206
2022-12-23 09:45:19,120,18,3837.0,-1188
2022-12-23 09:45:20,113,15,3837.0,-1173
2022-12-23 09:45:21,110,-22,3836.5,-1195
2022-12-23 09:45:22,32,2,3836.5,-1193
2022-12-23 09:45:23,68,-8,3836.25,-1201
2022-12-23 09:45:24,62,-9,3835.75,-1210
2022-12-23 09:45:25,65,7,3835.75,-1203
2022-12-23 09:45:26,91,-9,3835.5,-1212
2022-12-23 09:45:27,168,-6,3835.5,-1218
2022-12-23 09:45:28,70,6,3835.0,-1212
2022-12-23 09:45:29,153,13,3835.5,-1199
2022-12-23 09:45:30,93,-7,3835.5,-1206
2022-12-23 09:45:31,118,3,3835.0,-1203
2022-12-23 09:45:32,63,7,3834.5,-1196
2022-12-23 09:45:33,84,5,3834.0,-1191
2022-12-23 09:45:34,70,6,3834.5,-1185
2022-12-23 09:45:35,91,1,3834.5,-1184
2022-12-23 09:45:36,36,7,3834.25,-1177
2022-12-23 09:45:37,55,-11,3834.25,-1188
2022-12-23 09:45:38,100,21,3834.5,-1167
2022-12-23 09:45:39,91,11,3835.0,-1156
2022-12-23 09:45:40,48,-5,3835.0,-1161
2022-12-23 09:45:41,39,-9,3835.0,-1170
2022-12-23 09:45:42,73,-3,3835.0,-1173
2022-12-23 09:45:43,60,-15,3835.0,-1188
2022-12-23 09:45:44,141,9,3834.0,-1179
2022-12-23 09:45:45,96,-4,3834.25,-1183
2022-12-23 09:45:46,62,25,3834.5,-1158
2022-12-23 09:45:47,70,-2,3834.0,-1160
2022-12-23 09:45:48,58,-22,3834.0,-1182
2022-12-23 09:45:49,69,2,3834.25,-1180
2022-12-23 09:45:50,123,-21,3834.25,-1201
2022-12-23 09:45:51,72,-11,3834.5,-1212
2022-12-23 09:45:52,182,-16,3834.25,-1228
2022-12-23 09:45:53,77,-15,3833.75,-1243
2022-12-23 09:45:54,188,-55,3833.75,-1298
2022-12-23 09:45:55,67,9,3833.5,-1289
2022-12-23 09:45:56,68,-3,3833.5,-1292
2022-12-23 09:45:57,48,-11,3833.5,-1303
2022-12-23 09:45:58,76,-8,3833.5,-1311
2022-12-23 09:45:59,27,2,3833.0,-1309
2022-12-23 09:46:00,164,35,3834.0,-1274
2022-12-23 09:46:01,72,25,3834.5,-1249
2022-12-23 09:46:02,148,-6,3834.25,-1255
2022-12-23 09:46:03,56,6,3833.25,-1249
2022-12-23 09:46:04,66,7,3833.75,-1242
2022-12-23 09:46:05,44,3,3833.75,-1239
2022-12-23 09:46:06,25,-11,3833.5,-1250
2022-12-23 09:46:07,59,-10,3833.5,-1260
2022-12-23 09:46:08,72,-11,3833.25,-1271
2022-12-23 09:46:09,127,-41,3833.0,-1312
2022-12-23 09:46:10,49,-12,3832.75,-1324
2022-12-23 09:46:11,97,-23,3832.5,-1347
2022-12-23 09:46:12,244,27,3832.5,-1320
2022-12-23 09:46:13,71,-2,3832.0,-1322
2022-12-23 09:46:14,132,-29,3832.0,-1351
2022-12-23 09:46:15,110,9,3832.25,-1342
2022-12-23 09:46:16,44,1,3832.0,-1341
2022-12-23 09:46:17,161,-26,3832.5,-1367
2022-12-23 09:46:18,85,-17,3831.5,-1384
2022-12-23 09:46:19,130,-44,3831.75,-1428
2022-12-23 09:46:20,113,29,3833.0,-1399
2022-12-23 09:46:21,122,17,3833.25,-1382
2022-12-23 09:46:22,87,-33,3833.25,-1415
2022-12-23 09:46:23,70,21,3832.75,-1394
2022-12-23 09:46:24,69,-16,3833.0,-1410
2022-12-23 09:46:25,118,22,3832.75,-1388
2022-12-23 09:46:26,47,4,3832.75,-1384
2022-12-23 09:46:27,24,-4,3832.5,-1388
2022-12-23 09:46:28,151,48,3832.75,-1340
2022-12-23 09:46:29,42,-18,3832.75,-1358
2022-12-23 09:46:30,86,-3,3833.0,-1361
2022-12-23 09:46:31,39,14,3833.0,-1347
2022-12-23 09:46:32,112,0,3833.25,-1347
2022-12-23 09:46:33,54,-7,3833.0,-1354
2022-12-23 09:46:34,65,3,3833.25,-1351
2022-12-23 09:46:35,100,-32,3833.25,-1383
2022-12-23 09:46:36,49,-7,3833.0,-1390
2022-12-23 09:46:37,122,-32,3832.25,-1422
2022-12-23 09:46:38,100,16,3832.0,-1406
2022-12-23 09:46:39,23,-18,3832.0,-1424
2022-12-23 09:46:40,142,-16,3831.5,-1440
2022-12-23 09:46:41,61,8,3831.5,-1432
2022-12-23 09:46:42,102,36,3832.0,-1396
2022-12-23 09:46:43,62,15,3832.25,-1381
2022-12-23 09:46:44,89,-6,3832.75,-1387
2022-12-23 09:46:45,31,14,3833.0,-1373
2022-12-23 09:46:46,21,3,3832.5,-1370
2022-12-23 09:46:47,61,5,3832.75,-1365
2022-12-23 09:46:48,23,3,3832.5,-1362
2022-12-23 09:46:49,110,-34,3832.5,-1396
2022-12-23 09:46:50,46,10,3832.0,-1386
2022-12-23 09:46:51,19,13,3832.0,-1373
2022-12-23 09:46:52,14,-2,3832.0,-1375
2022-12-23 09:46:53,48,-5,3832.0,-1380
2022-12-23 09:46:54,81,7,3832.0,-1373
2022-12-23 09:46:55,35,11,3832.25,-1362
2022-12-23 09:46:56,54,8,3832.5,-1354
2022-12-23 09:46:57,200,97,3834.25,-1257
2022-12-23 09:46:58,100,-1,3834.25,-1258
2022-12-23 09:46:59,135,10,3834.0,-1248
2022-12-23 09:47:00,138,43,3834.75,-1205
2022-12-23 09:47:01,196,69,3835.25,-1136
2022-12-23 09:47:02,149,10,3835.0,-1126
2022-12-23 09:47:03,98,0,3834.75,-1126
2022-12-23 09:47:04,52,0,3834.25,-1126
2022-12-23 09:47:05,81,-5,3834.0,-1131
2022-12-23 09:47:06,67,17,3833.5,-1114
2022-12-23 09:47:07,22,-13,3833.5,-1127
2022-12-23 09:47:08,98,-10,3833.25,-1137
2022-12-23 09:47:09,109,-30,3833.0,-1167
2022-12-23 09:47:10,108,-6,3833.0,-1173
2022-12-23 09:47:11,85,-7,3833.25,-1180
2022-12-23 09:47:12,43,-4,3833.0,-1184
2022-12-23 09:47:13,35,14,3833.25,-1170
2022-12-23 09:47:14,52,-6,3833.25,-1176
2022-12-23 09:47:15,30,5,3833.5,-1171
2022-12-23 09:47:16,41,-1,3833.75,-1172
2022-12-23 09:47:17,63,0,3833.5,-1172
2022-12-23 09:47:18,36,2,3833.5,-1170
2022-12-23 09:47:19,31,-8,3833.25,-1178
2022-12-23 09:47:20,84,-12,3832.75,-1190
2022-12-23 09:47:21,19,0,3832.75,-1190
2022-12-23 09:47:22,50,0,3832.5,-1190
2022-12-23 09:47:23,22,5,3832.5,-1185
2022-12-23 09:47:24,5,-2,3832.5,-1187
2022-12-23 09:47:25,115,-36,3832.5,-1223
2022-12-23 09:47:26,81,-9,3831.75,-1232
2022-12-23 09:47:27,187,-51,3831.25,-1283
2022-12-23 09:47:28,149,-5,3831.25,-1288
2022-12-23 09:47:29,65,-14,3831.0,-1302
2022-12-23 09:47:30,275,-135,3830.5,-1437
2022-12-23 09:47:31,200,-126,3829.75,-1563
2022-12-23 09:47:32,199,-21,3829.5,-1584
2022-12-23 09:47:33,149,-36,3829.25,-1620
2022-12-23 09:47:34,55,10,3829.25,-1610
2022-12-23 09:47:35,81,10,3829.25,-1600
2022-12-23 09:47:36,52,16,3829.25,-1584
2022-12-23 09:47:37,103,22,3830.0,-1562
2022-12-23 09:47:38,100,30,3830.5,-1532
2022-12-23 09:47:39,71,4,3830.5,-1528
2022-12-23 09:47:40,45,-2,3830.25,-1530
2022-12-23 09:47:41,40,-4,3830.0,-1534
2022-12-23 09:47:42,44,6,3830.0,-1528
2022-12-23 09:47:43,145,-6,3829.5,-1534
2022-12-23 09:47:44,103,-15,3829.0,-1549
2022-12-23 09:47:45,56,-11,3829.0,-1560
2022-12-23 09:47:46,55,-1,3829.25,-1561
2022-12-23 09:47:47,427,-213,3829.0,-1774
2022-12-23 09:47:48,101,7,3829.5,-1767
2022-12-23 09:47:49,43,2,3829.75,-1765
2022-12-23 09:47:50,70,8,3829.75,-1757
2022-12-23 09:47:51,25,2,3829.75,-1755
2022-12-23 09:47:52,45,6,3830.0,-1749
2022-12-23 09:47:53,45,12,3830.0,-1737
2022-12-23 09:47:54,47,-7,3830.0,-1744
2022-12-23 09:47:55,73,-11,3829.75,-1755
2022-12-23 09:47:56,97,-8,3829.75,-1763
2022-12-23 09:47:57,156,-21,3829.25,-1784
2022-12-23 09:47:58,22,4,3829.0,-1780
2022-12-23 09:47:59,81,3,3828.75,-1777
2022-12-23 09:48:00,60,-2,3829.25,-1779
2022-12-23 09:48:01,66,15,3829.5,-1764
2022-12-23 09:48:02,113,28,3829.75,-1736
2022-12-23 09:48:03,98,-5,3829.75,-1741
2022-12-23 09:48:04,91,-20,3829.5,-1761
2022-12-23 09:48:05,37,2,3829.0,-1759
2022-12-23 09:48:06,63,15,3829.5,-1744
2022-12-23 09:48:07,79,-14,3829.0,-1758
2022-12-23 09:48:08,141,13,3828.5,-1745
2022-12-23 09:48:09,37,-13,3828.5,-1758
2022-12-23 09:48:10,41,8,3828.75,-1750
2022-12-23 09:48:11,71,-3,3828.5,-1753
2022-12-23 09:48:12,79,-2,3828.5,-1755
2022-12-23 09:48:13,55,3,3828.75,-1752
2022-12-23 09:48:14,73,3,3828.75,-1749
2022-12-23 09:48:15,80,-23,3828.5,-1772
2022-12-23 09:48:16,201,-26,3828.25,-1798
2022-12-23 09:48:17,45,-14,3827.75,-1812
2022-12-23 09:48:18,86,-28,3827.5,-1840
2022-12-23 09:48:19,80,6,3827.5,-1834
2022-12-23 09:48:20,90,13,3827.5,-1821
2022-12-23 09:48:21,91,-11,3827.5,-1832
2022-12-23 09:48:22,48,6,3827.0,-1826
2022-12-23 09:48:23,170,-25,3826.75,-1851
2022-12-23 09:48:24,77,3,3826.75,-1848
2022-12-23 09:48:25,95,10,3827.25,-1838
2022-12-23 09:48:26,80,16,3827.75,-1822
2022-12-23 09:48:27,48,17,3828.0,-1805
2022-12-23 09:48:28,59,6,3827.75,-1799
2022-12-23 09:48:29,146,14,3828.5,-1785
2022-12-23 09:48:30,37,15,3827.75,-1770
2022-12-23 09:48:31,89,-11,3827.25,-1781
2022-12-23 09:48:32,37,-6,3827.25,-1787
2022-12-23 09:48:33,34,2,3827.0,-1785
2022-12-23 09:48:34,106,-15,3826.75,-1800
2022-12-23 09:48:35,54,19,3827.5,-1781
2022-12-23 09:48:36,42,1,3827.5,-1780
2022-12-23 09:48:37,55,-20,3827.25,-1800
2022-12-23 09:48:38,47,7,3827.25,-1793
2022-12-23 09:48:39,89,-17,3827.0,-1810
2022-12-23 09:48:40,74,-1,3826.75,-1811
2022-12-23 09:48:41,69,-3,3826.5,-1814
2022-12-23 09:48:42,34,0,3827.0,-1814
2022-12-23 09:48:43,105,1,3826.5,-1813
2022-12-23 09:48:44,91,8,3826.5,-1805
2022-12-23 09:48:45,48,-10,3826.25,-1815
2022-12-23 09:48:46,54,13,3826.5,-1802
2022-12-23 09:48:47,59,0,3826.75,-1802
2022-12-23 09:48:48,185,-25,3826.25,-1827
2022-12-23 09:48:49,73,-16,3826.25,-1843
2022-12-23 09:48:50,113,-36,3826.25,-1879
2022-12-23 09:48:51,208,-52,3825.75,-1931
2022-12-23 09:48:52,138,5,3825.75,-1926
2022-12-23 09:48:53,224,-9,3826.25,-1935
2022-12-23 09:48:54,41,10,3825.25,-1925
2022-12-23 09:48:55,160,-60,3825.0,-1985
2022-12-23 09:48:56,70,8,3825.25,-1977
2022-12-23 09:48:57,66,-28,3825.25,-2005
2022-12-23 09:48:58,34,0,3825.0,-2005
2022-12-23 09:48:59,122,-32,3825.0,-2037
2022-12-23 09:49:00,71,16,3825.25,-2021
2022-12-23 09:49:01,114,31,3826.0,-1990
2022-12-23 09:49:02,74,11,3826.25,-1979
2022-12-23 09:49:03,123,34,3826.75,-1945
2022-12-23 09:49:04,140,15,3827.25,-1930
2022-12-23 09:49:05,103,15,3827.25,-1915
2022-12-23 09:49:06,155,4,3827.75,-1911
2022-12-23 09:49:07,158,27,3827.75,-1884
2022-12-23 09:49:08,222,43,3828.5,-1841
2022-12-23 09:49:09,88,20,3828.5,-1821
2022-12-23 09:49:10,110,18,3829.0,-1803
2022-12-23 09:49:11,84,-27,3828.5,-1830
2022-12-23 09:49:12,82,-4,3828.5,-1834
2022-12-23 09:49:13,138,-3,3829.0,-1837
2022-12-23 09:49:14,277,40,3830.0,-1797
2022-12-23 09:49:15,76,-3,3829.5,-1800
2022-12-23 09:49:16,160,-2,3829.5,-1802
2022-12-23 09:49:17,174,53,3830.0,-1749
2022-12-23 09:49:18,171,-9,3829.5,-1758
2022-12-23 09:49:19,185,40,3830.25,-1718
2022-12-23 09:49:20,75,14,3830.25,-1704
2022-12-23 09:49:21,69,-19,3830.0,-1723
2022-12-23 09:49:22,62,4,3830.0,-1719
2022-12-23 09:49:23,46,16,3830.0,-1703
2022-12-23 09:49:24,200,31,3830.75,-1672
2022-12-23 09:49:25,62,-21,3830.5,-1693
2022-12-23 09:49:26,104,21,3830.5,-1672
2022-12-23 09:49:27,65,-3,3830.5,-1675
2022-12-23 09:49:28,73,-3,3830.5,-1678
2022-12-23 09:49:29,82,8,3830.5,-1670
2022-12-23 09:49:30,97,14,3830.75,-1656
2022-12-23 09:49:31,169,-34,3830.5,-1690
2022-12-23 09:49:32,59,-2,3830.0,-1692
2022-12-23 09:49:33,41,0,3830.0,-1692
2022-12-23 09:49:34,202,-39,3829.5,-1731
2022-12-23 09:49:35,59,-5,3829.0,-1736
2022-12-23 09:49:36,60,-17,3828.75,-1753
2022-12-23 09:49:37,57,-17,3828.25,-1770
2022-12-23 09:49:38,99,-26,3827.75,-1796
2022-12-23 09:49:39,87,19,3828.5,-1777
2022-12-23 09:49:40,29,3,3828.75,-1774
2022-12-23 09:49:41,170,-103,3829.0,-1877
2022-12-23 09:49:42,47,-4,3828.5,-1881
2022-12-23 09:49:43,74,17,3828.75,-1864
2022-12-23 09:49:44,31,-10,3828.5,-1874
2022-12-23 09:49:45,66,12,3829.25,-1862
2022-12-23 09:49:46,83,-3,3829.25,-1865
2022-12-23 09:49:47,44,10,3829.75,-1855
2022-12-23 09:49:48,82,-16,3829.5,-1871
2022-12-23 09:49:49,47,5,3829.5,-1866
2022-12-23 09:49:50,74,-6,3829.5,-1872
2022-12-23 09:49:51,63,13,3829.0,-1859
2022-12-23 09:49:52,85,14,3829.25,-1845
2022-12-23 09:49:53,33,4,3829.25,-1841
2022-12-23 09:49:54,36,-1,3829.5,-1842
2022-12-23 09:49:55,47,7,3829.5,-1835
2022-12-23 09:49:56,76,24,3829.5,-1811
2022-12-23 09:49:57,57,13,3829.75,-1798
2022-12-23 09:49:58,57,-9,3829.75,-1807
2022-12-23 09:49:59,91,-4,3829.25,-1811
2022-12-23 09:50:00,147,25,3829.5,-1786
2022-12-23 09:50:01,31,16,3829.75,-1770
2022-12-23 09:50:02,159,24,3830.5,-1746
2022-12-23 09:50:03,91,7,3830.75,-1739
2022-12-23 09:50:04,106,39,3831.25,-1700
2022-12-23 09:50:05,124,-2,3831.25,-1702
2022-12-23 09:50:06,291,73,3832.5,-1629
2022-12-23 09:50:07,106,12,3832.5,-1617
2022-12-23 09:50:08,241,76,3833.25,-1541
2022-12-23 09:50:09,213,24,3833.25,-1517
2022-12-23 09:50:10,95,8,3832.75,-1509
2022-12-23 09:50:11,92,29,3832.75,-1480
2022-12-23 09:50:12,36,1,3832.5,-1479
2022-12-23 09:50:13,128,-33,3832.25,-1512
2022-12-23 09:50:14,43,2,3832.25,-1510
2022-12-23 09:50:15,91,18,3833.0,-1492
2022-12-23 09:50:16,59,-6,3833.25,-1498
2022-12-23 09:50:17,156,69,3833.5,-1429
2022-12-23 09:50:18,32,6,3833.0,-1423
2022-12-23 09:50:19,75,17,3832.75,-1406
2022-12-23 09:50:20,43,-4,3833.0,-1410
2022-12-23 09:50:21,68,-8,3832.75,-1418
2022-12-23 09:50:22,65,18,3832.5,-1400
2022-12-23 09:50:23,144,-38,3832.0,-1438
2022-12-23 09:50:24,146,-25,3831.75,-1463
2022-12-23 09:50:25,38,16,3831.5,-1447
2022-12-23 09:50:26,126,-22,3831.75,-1469
2022-12-23 09:50:27,179,-25,3830.5,-1494
2022-12-23 09:50:28,116,-25,3830.0,-1519
2022-12-23 09:50:29,87,10,3829.75,-1509
2022-12-23 09:50:30,93,-15,3829.5,-1524
2022-12-23 09:50:31,128,24,3829.75,-1500
2022-12-23 09:50:32,148,65,3830.75,-1435
2022-12-23 09:50:33,102,5,3830.75,-1430
2022-12-23 09:50:34,38,2,3830.75,-1428
2022-12-23 09:50:35,66,4,3831.0,-1424
2022-12-23 09:50:36,39,-5,3831.0,-1429
2022-12-23 09:50:37,48,0,3830.75,-1429
2022-12-23 09:50:38,83,5,3830.5,-1424
2022-12-23 09:50:39,117,15,3830.75,-1409
2022-12-23 09:50:40,43,-3,3830.0,-1412
2022-12-23 09:50:41,154,5,3829.75,-1407
2022-12-23 09:50:42,96,-17,3829.75,-1424
2022-12-23 09:50:43,21,4,3829.25,-1420
2022-12-23 09:50:44,210,2,3829.75,-1418
2022-12-23 09:50:45,35,-9,3829.75,-1427
2022-12-23 09:50:46,86,18,3830.0,-1409
2022-12-23 09:50:47,29,2,3830.25,-1407
2022-12-23 09:50:48,27,12,3830.25,-1395
2022-12-23 09:50:49,70,-12,3830.25,-1407
2022-12-23 09:50:50,50,-9,3830.0,-1416
2022-12-23 09:50:51,20,-11,3829.5,-1427
2022-12-23 09:50:52,106,15,3829.5,-1412
2022-12-23 09:50:53,30,7,3829.5,-1405
2022-12-23 09:50:54,31,-19,3829.5,-1424
2022-12-23 09:50:55,18,-3,3829.5,-1427
2022-12-23 09:50:56,176,-131,3829.25,-1558
2022-12-23 09:50:57,40,-10,3829.0,-1568
2022-12-23 09:50:58,31,-24,3828.5,-1592
2022-12-23 09:50:59,167,-59,3828.75,-1651
2022-12-23 09:51:00,116,26,3829.5,-1625
2022-12-23 09:51:01,114,23,3830.25,-1602
2022-12-23 09:51:02,50,11,3830.25,-1591
2022-12-23 09:51:03,73,3,3830.0,-1588
2022-12-23 09:51:04,43,-3,3830.0,-1591
2022-12-23 09:51:05,93,-1,3829.5,-1592
2022-12-23 09:51:06,37,-4,3829.0,-1596
2022-12-23 09:51:07,51,-6,3829.0,-1602
2022-12-23 09:51:08,66,3,3829.25,-1599
2022-12-23 09:51:09,86,1,3829.5,-1598
2022-12-23 09:51:10,30,-5,3829.25,-1603
2022-12-23 09:51:11,76,-12,3829.25,-1615
2022-12-23 09:51:12,67,-4,3829.5,-1619
2022-12-23 09:51:13,23,5,3829.5,-1614
2022-12-23 09:51:14,61,-25,3829.25,-1639
2022-12-23 09:51:15,35,2,3828.75,-1637
2022-12-23 09:51:16,274,-13,3828.75,-1650
2022-12-23 09:51:17,40,-3,3828.75,-1653
2022-12-23 09:51:18,68,23,3829.5,-1630
2022-12-23 09:51:19,24,5,3829.5,-1625
2022-12-23 09:51:20,52,-2,3829.5,-1627
2022-12-23 09:51:21,108,40,3830.25,-1587
2022-12-23 09:51:22,71,-13,3830.0,-1600
2022-12-23 09:51:23,36,11,3829.5,-1589
2022-12-23 09:51:24,6,4,3829.5,-1585
2022-12-23 09:51:25,59,-3,3829.5,-1588
2022-12-23 09:51:26,59,26,3829.25,-1562
2022-12-23 09:51:27,47,-7,3829.0,-1569
2022-12-23 09:51:28,26,3,3828.75,-1566
2022-12-23 09:51:29,34,9,3828.75,-1557
2022-12-23 09:51:30,44,-11,3829.0,-1568
2022-12-23 09:51:31,53,8,3828.75,-1560
2022-12-23 09:51:32,58,8,3829.25,-1552
2022-12-23 09:51:33,47,0,3829.5,-1552
2022-12-23 09:51:34,37,-8,3829.0,-1560
2022-12-23 09:51:35,28,5,3829.0,-1555
2022-12-23 09:51:36,42,6,3829.0,-1549
2022-12-23 09:51:37,61,-10,3829.0,-1559
2022-12-23 09:51:38,42,0,3829.25,-1559
2022-12-23 09:51:39,32,0,3828.75,-1559
2022-12-23 09:51:40,174,-37,3828.75,-1596
2022-12-23 09:51:41,73,-14,3828.5,-1610
2022-12-23 09:51:42,33,-11,3828.5,-1621
2022-12-23 09:51:43,15,7,3828.5,-1614
2022-12-23 09:51:44,53,16,3828.75,-1598
2022-12-23 09:51:45,56,13,3829.0,-1585
2022-12-23 09:51:46,23,-1,3829.0,-1586
2022-12-23 09:51:47,33,6,3829.0,-1580
2022-12-23 09:51:48,38,2,3829.0,-1578
2022-12-23 09:51:49,69,-1,3828.75,-1579
2022-12-23 09:51:50,129,-42,3828.0,-1621
2022-12-23 09:51:51,55,-3,3827.75,-1624
2022-12-23 09:51:52,49,5,3827.75,-1619
2022-12-23 09:51:53,78,19,3828.0,-1600
2022-12-23 09:51:54,28,2,3827.75,-1598
2022-12-23 09:51:55,159,-21,3827.25,-1619
2022-12-23 09:51:56,81,-34,3827.0,-1653
2022-12-23 09:51:57,162,-59,3826.5,-1712
2022-12-23 09:51:58,110,0,3826.0,-1712
2022-12-23 09:51:59,121,-18,3826.25,-1730
2022-12-23 09:52:00,105,-9,3826.25,-1739
2022-12-23 09:52:01,49,5,3826.5,-1734
2022-12-23 09:52:02,50,19,3826.75,-1715
2022-12-23 09:52:03,102,-23,3826.75,-1738
2022-12-23 09:52:04,54,-24,3826.25,-1762
2022-12-23 09:52:05,134,-24,3826.25,-1786
2022-12-23 09:52:06,105,-14,3826.5,-1800
2022-12-23 09:52:07,45,-2,3826.5,-1802
2022-12-23 09:52:08,39,18,3826.25,-1784
2022-12-23 09:52:09,81,6,3827.0,-1778
2022-12-23 09:52:10,56,10,3827.25,-1768
2022-12-23 09:52:11,44,18,3827.25,-1750
2022-12-23 09:52:12,49,29,3828.0,-1721
2022-12-23 09:52:13,108,14,3828.25,-1707
2022-12-23 09:52:14,55,6,3828.25,-1701
2022-12-23 09:52:15,61,8,3828.5,-1693
2022-12-23 09:52:16,59,-3,3827.75,-1696
2022-12-23 09:52:17,37,1,3828.25,-1695
2022-12-23 09:52:18,40,3,3828.25,-1692
2022-12-23 09:52:19,105,38,3829.25,-1654
2022-12-23 09:52:20,99,-50,3829.25,-1704
2022-12-23 09:52:21,84,18,3829.5,-1686
2022-12-23 09:52:22,42,7,3829.75,-1679
2022-12-23 09:52:23,30,-3,3829.5,-1682
2022-12-23 09:52:24,37,5,3829.0,-1677
2022-12-23 09:52:25,29,2,3829.25,-1675
2022-12-23 09:52:26,51,19,3829.25,-1656
2022-12-23 09:52:27,47,-3,3829.5,-1659
2022-12-23 09:52:28,19,5,3829.75,-1654
2022-12-23 09:52:29,83,19,3830.0,-1635
2022-12-23 09:52:30,114,37,3830.5,-1598
2022-12-23 09:52:31,35,-2,3830.25,-1600
2022-12-23 09:52:32,70,-26,3830.0,-1626
2022-12-23 09:52:33,93,-44,3829.0,-1670
2022-12-23 09:52:34,39,-7,3828.5,-1677
2022-12-23 09:52:35,88,-2,3828.0,-1679
2022-12-23 09:52:36,50,10,3828.0,-1669
2022-12-23 09:52:37,46,4,3827.75,-1665
2022-12-23 09:52:38,80,7,3828.5,-1658
2022-12-23 09:52:39,67,1,3828.25,-1657
2022-12-23 09:52:40,65,-5,3828.0,-1662
2022-12-23 09:52:41,52,-1,3828.25,-1663
2022-12-23 09:52:42,48,16,3828.5,-1647
2022-12-23 09:52:43,8,0,3828.25,-1647
2022-12-23 09:52:44,44,0,3828.5,-1647
2022-12-23 09:52:45,66,-12,3827.75,-1659
2022-12-23 09:52:46,14,9,3827.25,-1650
2022-12-23 09:52:47,20,6,3827.75,-1644
2022-12-23 09:52:48,30,-2,3827.75,-1646
2022-12-23 09:52:49,12,4,3827.75,-1642
2022-12-23 09:52:50,22,-1,3827.75,-1643
2022-12-23 09:52:51,24,5,3827.5,-1638
2022-12-23 09:52:52,42,10,3827.75,-1628
2022-12-23 09:52:53,36,6,3827.5,-1622
2022-12-23 09:52:54,26,0,3827.25,-1622
2022-12-23 09:52:55,43,0,3827.75,-1622
2022-12-23 09:52:56,79,-3,3827.75,-1625
2022-12-23 09:52:57,39,-2,3827.75,-1627
2022-12-23 09:52:58,40,-15,3828.0,-1642
2022-12-23 09:52:59,24,8,3828.0,-1634
2022-12-23 09:53:00,39,3,3828.5,-1631
2022-12-23 09:53:01,23,15,3828.5,-1616
2022-12-23 09:53:02,70,12,3828.75,-1604
2022-12-23 09:53:03,20,14,3828.75,-1590
2022-12-23 09:53:04,37,4,3829.0,-1586
2022-12-23 09:53:05,29,2,3828.75,-1584
2022-12-23 09:53:06,33,-16,3828.75,-1600
2022-12-23 09:53:07,36,17,3829.0,-1583
2022-12-23 09:53:08,43,8,3829.25,-1575
2022-12-23 09:53:09,44,-3,3829.0,-1578
2022-12-23 09:53:10,21,1,3828.5,-1577
2022-12-23 09:53:11,14,-4,3828.5,-1581
2022-12-23 09:53:12,67,22,3828.5,-1559
2022-12-23 09:53:13,27,-6,3828.75,-1565
2022-12-23 09:53:14,45,2,3828.75,-1563
2022-12-23 09:53:15,19,-3,3828.75,-1566
2022-12-23 09:53:16,17,3,3828.75,-1563
2022-12-23 09:53:17,20,-8,3829.0,-1571
2022-12-23 09:53:18,83,13,3829.0,-1558
2022-12-23 09:53:19,24,-11,3829.0,-1569
2022-12-23 09:53:20,146,33,3829.5,-1536
2022-12-23 09:53:21,72,24,3830.0,-1512
2022-12-23 09:53:22,78,14,3830.25,-1498
2022-12-23 09:53:23,98,2,3830.0,-1496
2022-12-23 09:53:24,35,15,3829.5,-1481
2022-12-23 09:53:25,64,-5,3829.5,-1486
2022-12-23 09:53:26,41,-14,3829.25,-1500
2022-12-23 09:53:27,37,-14,3828.75,-1514
2022-12-23 09:53:28,24,-8,3828.75,-1522
2022-12-23 09:53:29,50,4,3828.75,-1518
2022-12-23 09:53:30,84,-22,3828.5,-1540
2022-12-23 09:53:31,112,8,3828.25,-1532
2022-12-23 09:53:32,51,-1,3828.0,-1533
2022-12-23 09:53:33,33,-4,3828.0,-1537
2022-12-23 09:53:34,35,-11,3827.75,-1548
2022-12-23 09:53:35,58,-20,3827.5,-1568
2022-12-23 09:53:36,32,-9,3827.25,-1577
2022-12-23 09:53:37,113,10,3827.5,-1567
2022-12-23 09:53:38,40,-7,3827.5,-1574
2022-12-23 09:53:39,124,-33,3827.5,-1607
2022-12-23 09:53:40,60,3,3827.25,-1604
2022-12-23 09:53:41,65,3,3827.75,-1601
2022-12-23 09:53:42,70,12,3828.0,-1589
2022-12-23 09:53:43,30,8,3828.0,-1581
2022-12-23 09:53:44,47,-8,3828.25,-1589
2022-12-23 09:53:45,44,17,3828.0,-1572
2022-12-23 09:53:46,62,-19,3828.25,-1591
2022-12-23 09:53:47,50,-3,3828.25,-1594
2022-12-23 09:53:48,57,-6,3828.0,-1600
2022-12-23 09:53:49,25,0,3828.75,-1600
2022-12-23 09:53:50,125,1,3829.25,-1599
2022-12-23 09:53:51,22,7,3829.25,-1592
2022-12-23 09:53:52,28,0,3829.25,-1592
2022-12-23 09:53:53,40,-10,3829.0,-1602
2022-12-23 09:53:54,63,4,3829.25,-1598
2022-12-23 09:53:55,25,7,3829.5,-1591
2022-12-23 09:53:56,48,-5,3829.5,-1596
2022-12-23 09:53:57,13,9,3829.5,-1587
2022-12-23 09:53:58,27,-4,3829.5,-1591
2022-12-23 09:53:59,24,-7,3829.75,-1598
2022-12-23 09:54:00,113,17,3829.75,-1581
2022-12-23 09:54:01,60,0,3828.75,-1581
2022-12-23 09:54:02,34,-3,3828.5,-1584
2022-12-23 09:54:03,27,7,3828.25,-1577
2022-12-23 09:54:04,57,33,3829.0,-1544
2022-12-23 09:54:05,98,4,3829.0,-1540
2022-12-23 09:54:06,10,-1,3828.5,-1541
2022-12-23 09:54:07,59,-12,3828.5,-1553
2022-12-23 09:54:08,50,3,3828.25,-1550
2022-12-23 09:54:09,42,11,3828.5,-1539
2022-12-23 09:54:10,36,-7,3828.25,-1546
2022-12-23 09:54:11,45,-14,3827.75,-1560
2022-12-23 09:54:12,190,-4,3827.5,-1564
2022-12-23 09:54:13,60,-7,3827.25,-1571
2022-12-23 09:54:14,74,11,3827.75,-1560
2022-12-23 09:54:15,67,-5,3827.5,-1565
2022-12-23 09:54:16,39,-2,3827.5,-1567
2022-12-23 09:54:17,29,-5,3827.5,-1572
2022-12-23 09:54:18,45,-8,3827.5,-1580
2022-12-23 09:54:19,159,-87,3827.25,-1667
2022-12-23 09:54:20,134,-39,3826.75,-1706
2022-12-23 09:54:21,119,46,3827.25,-1660
2022-12-23 09:54:22,37,1,3827.25,-1659
2022-12-23 09:54:23,63,20,3828.0,-1639
2022-12-23 09:54:24,31,16,3828.0,-1623
2022-12-23 09:54:25,49,-13,3828.25,-1636
2022-12-23 09:54:26,25,-1,3827.75,-1637
2022-12-23 09:54:27,26,-3,3828.0,-1640
2022-12-23 09:54:28,50,-13,3827.75,-1653
2022-12-23 09:54:29,27,-4,3828.0,-1657
2022-12-23 09:54:30,18,10,3828.0,-1647
2022-12-23 09:54:31,64,-9,3828.0,-1656
2022-12-23 09:54:32,14,-2,3827.75,-1658
2022-12-23 09:54:33,58,4,3828.25,-1654
2022-12-23 09:54:34,8,0,3828.0,-1654
2022-12-23 09:54:35,20,6,3828.25,-1648
2022-12-23 09:54:36,24,10,3828.5,-1638
2022-12-23 09:54:37,37,3,3828.5,-1635
2022-12-23 09:54:38,48,7,3828.5,-1628
2022-12-23 09:54:39,39,12,3828.5,-1616
2022-12-23 09:54:40,38,-8,3828.0,-1624
2022-12-23 09:54:41,32,10,3828.0,-1614
2022-12-23 09:54:42,28,0,3828.25,-1614
2022-12-23 09:54:43,15,1,3828.25,-1613
2022-12-23 09:54:44,10,8,3828.25,-1605
2022-12-23 09:54:45,28,-3,3828.25,-1608
2022-12-23 09:54:46,62,-12,3827.75,-1620
2022-12-23 09:54:47,32,-4,3828.0,-1624
2022-12-23 09:54:48,8,-2,3827.75,-1626
2022-12-23 09:54:49,26,-5,3827.5,-1631
2022-12-23 09:54:50,2,-2,3827.25,-1633
2022-12-23 09:54:51,94,-41,3827.5,-1674
2022-12-23 09:54:52,7,5,3827.0,-1669
2022-12-23 09:54:53,27,-11,3827.0,-1680
2022-12-23 09:54:54,71,-12,3827.0,-1692
2022-12-23 09:54:55,84,-16,3827.0,-1708
2022-12-23 09:54:56,76,8,3827.0,-1700
2022-12-23 09:54:58,19,0,3827.0,-1700
2022-12-23 09:54:59,43,-11,3826.75,-1711
2022-12-23 09:55:00,76,24,3827.0,-1687
2022-12-23 09:55:01,78,-9,3827.0,-1696
2022-12-23 09:55:02,44,-19,3826.75,-1715
2022-12-23 09:55:03,67,-3,3826.5,-1718
2022-12-23 09:55:04,191,-34,3826.25,-1752
2022-12-23 09:55:05,46,-1,3826.0,-1753
2022-12-23 09:55:06,163,-71,3826.0,-1824
2022-12-23 09:55:07,190,-29,3825.5,-1853
2022-12-23 09:55:08,665,-173,3825.0,-2026
2022-12-23 09:55:09,292,-15,3824.75,-2041
2022-12-23 09:55:10,249,-59,3824.25,-2100
2022-12-23 09:55:11,726,-122,3823.75,-2222
2022-12-23 09:55:12,195,-25,3823.5,-2247
2022-12-23 09:55:13,385,-49,3823.25,-2296
2022-12-23 09:55:14,136,-6,3822.75,-2302
2022-12-23 09:55:15,211,42,3823.75,-2260
2022-12-23 09:55:16,106,-18,3824.0,-2278
2022-12-23 09:55:17,175,17,3824.25,-2261
2022-12-23 09:55:18,168,49,3825.0,-2212
2022-12-23 09:55:19,84,10,3825.0,-2202
2022-12-23 09:55:20,49,7,3825.25,-2195
2022-12-23 09:55:21,41,19,3825.25,-2176
2022-12-23 09:55:22,62,-7,3825.0,-2183
2022-12-23 09:55:23,83,6,3824.75,-2177
2022-12-23 09:55:24,117,-6,3825.25,-2183
2022-12-23 09:55:25,96,-14,3825.25,-2197
2022-12-23 09:55:26,53,10,3825.0,-2187
2022-12-23 09:55:27,96,20,3825.5,-2167
2022-12-23 09:55:28,141,20,3826.0,-2147
2022-12-23 09:55:29,51,-11,3825.75,-2158
2022-12-23 09:55:30,44,12,3825.5,-2146
2022-12-23 09:55:31,82,3,3826.0,-2143
2022-12-23 09:55:32,41,1,3825.5,-2142
2022-12-23 09:55:33,47,-33,3825.0,-2175
2022-12-23 09:55:34,69,4,3824.75,-2171
2022-12-23 09:55:35,298,-119,3824.5,-2290
2022-12-23 09:55:36,57,-15,3824.25,-2305
2022-12-23 09:55:37,57,4,3824.25,-2301
2022-12-23 09:55:38,53,-27,3823.75,-2328
2022-12-23 09:55:39,84,-21,3823.5,-2349
2022-12-23 09:55:40,231,-36,3823.0,-2385
2022-12-23 09:55:41,98,13,3823.0,-2372
2022-12-23 09:55:42,62,7,3823.0,-2365
2022-12-23 09:55:43,51,15,3823.25,-2350
2022-12-23 09:55:44,57,11,3823.25,-2339
2022-12-23 09:55:45,79,8,3823.25,-2331
2022-12-23 09:55:46,70,-6,3823.0,-2337
2022-12-23 09:55:47,28,1,3823.0,-2336
2022-12-23 09:55:48,49,-3,3823.0,-2339
2022-12-23 09:55:49,85,-31,3822.75,-2370
2022-12-23 09:55:50,7,-3,3822.75,-2373
2022-12-23 09:55:51,79,34,3823.0,-2339
2022-12-23 09:55:52,480,-158,3823.0,-2497
2022-12-23 09:55:53,111,-59,3822.25,-2556
2022-12-23 09:55:54,43,6,3822.25,-2550
2022-12-23 09:55:55,83,-38,3822.25,-2588
2022-12-23 09:55:56,166,33,3822.0,-2555
2022-12-23 09:55:57,95,12,3822.0,-2543
2022-12-23 09:55:58,85,-29,3822.0,-2572
2022-12-23 09:55:59,77,21,3821.75,-2551
2022-12-23 09:56:00,134,-48,3821.75,-2599
2022-12-23 09:56:01,105,-62,3821.75,-2661
2022-12-23 09:56:02,62,18,3821.75,-2643
2022-12-23 09:56:03,112,19,3822.25,-2624
2022-12-23 09:56:04,123,20,3822.75,-2604
2022-12-23 09:56:05,240,30,3823.25,-2574
2022-12-23 09:56:06,51,3,3823.0,-2571
2022-12-23 09:56:07,67,-55,3823.0,-2626
2022-12-23 09:56:08,102,20,3823.0,-2606
2022-12-23 09:56:09,137,-34,3823.0,-2640
2022-12-23 09:56:10,44,3,3823.25,-2637
2022-12-23 09:56:11,65,-5,3822.75,-2642
2022-12-23 09:56:12,27,4,3822.5,-2638
2022-12-23 09:56:13,23,2,3822.75,-2636
2022-12-23 09:56:14,40,17,3823.0,-2619
2022-12-23 09:56:15,15,-1,3822.75,-2620
2022-12-23 09:56:16,138,-5,3822.75,-2625
2022-12-23 09:56:17,91,-4,3822.0,-2629
2022-12-23 09:56:18,48,-3,3822.25,-2632
2022-12-23 09:56:19,31,-3,3822.0,-2635
2022-12-23 09:56:20,16,12,3822.25,-2623
2022-12-23 09:56:21,37,3,3822.5,-2620
2022-12-23 09:56:22,53,6,3822.5,-2614
2022-12-23 09:56:23,40,-19,3822.25,-2633
2022-12-23 09:56:24,72,-11,3822.75,-2644
2022-12-23 09:56:25,51,22,3823.25,-2622
2022-12-23 09:56:26,29,7,3823.25,-2615
2022-12-23 09:56:27,49,2,3823.25,-2613
2022-12-23 09:56:28,68,0,3823.0,-2613
2022-12-23 09:56:29,32,5,3823.0,-2608
2022-12-23 09:56:30,81,15,3823.5,-2593
2022-12-23 09:56:31,16,-2,3822.75,-2595
2022-12-23 09:56:32,70,-3,3822.75,-2598
2022-12-23 09:56:33,40,10,3823.5,-2588
2022-12-23 09:56:34,57,2,3823.5,-2586
2022-12-23 09:56:35,91,52,3824.5,-2534
2022-12-23 09:56:36,76,11,3824.75,-2523
2022-12-23 09:56:37,61,5,3824.5,-2518
2022-12-23 09:56:38,34,-4,3824.5,-2522
2022-12-23 09:56:39,54,9,3824.5,-2513
2022-12-23 09:56:40,41,-6,3824.25,-2519
2022-12-23 09:56:41,82,-15,3824.0,-2534
2022-12-23 09:56:42,57,5,3823.5,-2529
2022-12-23 09:56:43,41,0,3823.25,-2529
2022-12-23 09:56:44,29,-12,3823.25,-2541
2022-12-23 09:56:45,39,7,3823.5,-2534
2022-12-23 09:56:46,23,3,3823.5,-2531
2022-12-23 09:56:47,26,-4,3823.5,-2535
2022-12-23 09:56:48,23,5,3823.75,-2530
2022-12-23 09:56:49,22,8,3824.0,-2522
2022-12-23 09:56:50,14,-12,3823.5,-2534
2022-12-23 09:56:51,30,-10,3823.5,-2544
2022-12-23 09:56:52,63,-10,3823.5,-2554
2022-12-23 09:56:53,35,4,3822.75,-2550
2022-12-23 09:56:54,35,2,3823.0,-2548
2022-12-23 09:56:55,22,0,3823.0,-2548
2022-12-23 09:56:56,28,-8,3822.75,-2556
2022-12-23 09:56:57,22,-7,3822.75,-2563
2022-12-23 09:56:58,74,-18,3822.75,-2581
2022-12-23 09:56:59,20,-9,3822.25,-2590
2022-12-23 09:57:00,166,-29,3822.0,-2619
2022-12-23 09:57:01,70,-7,3822.0,-2626
2022-12-23 09:57:02,44,4,3822.25,-2622
2022-12-23 09:57:03,46,11,3822.75,-2611
2022-12-23 09:57:04,55,12,3823.25,-2599
2022-12-23 09:57:05,15,10,3823.25,-2589
2022-12-23 09:57:06,63,18,3824.0,-2571
2022-12-23 09:57:07,61,8,3824.25,-2563
2022-12-23 09:57:08,27,4,3824.5,-2559
2022-12-23 09:57:09,69,15,3824.5,-2544
2022-12-23 09:57:10,55,6,3824.5,-2538
2022-12-23 09:57:11,91,6,3824.75,-2532
2022-12-23 09:57:12,43,-2,3824.25,-2534
2022-12-23 09:57:13,57,-2,3823.75,-2536
2022-12-23 09:57:14,33,-5,3823.5,-2541
2022-12-23 09:57:15,50,3,3823.25,-2538
2022-12-23 09:57:16,100,60,3824.0,-2478
2022-12-23 09:57:17,23,-2,3823.75,-2480
2022-12-23 09:57:18,28,10,3824.0,-2470
2022-12-23 09:57:19,35,23,3824.25,-2447
2022-12-23 09:57:20,46,-22,3824.0,-2469
2022-12-23 09:57:21,10,7,3824.0,-2462
2022-12-23 09:57:22,21,-2,3824.25,-2464
2022-12-23 09:57:23,8,-2,3824.0,-2466
2022-12-23 09:57:24,44,-8,3824.25,-2474
2022-12-23 09:57:25,27,7,3824.0,-2467
2022-12-23 09:57:26,29,2,3824.25,-2465
2022-12-23 09:57:27,43,-7,3824.25,-2472
2022-12-23 09:57:28,146,77,3824.75,-2395
2022-12-23 09:57:29,43,-15,3824.0,-2410
2022-12-23 09:57:30,16,3,3824.0,-2407
2022-12-23 09:57:31,14,4,3824.0,-2403
2022-12-23 09:57:32,50,15,3824.75,-2388
2022-12-23 09:57:33,10,-2,3824.5,-2390
2022-12-23 09:57:34,17,3,3824.25,-2387
2022-12-23 09:57:35,9,5,3824.25,-2382
2022-12-23 09:57:36,36,-6,3824.25,-2388
2022-12-23 09:57:37,10,1,3824.25,-2387
2022-12-23 09:57:38,27,8,3824.5,-2379
2022-12-23 09:57:39,42,11,3824.5,-2368
2022-12-23 09:57:40,21,5,3824.5,-2363
2022-12-23 09:57:41,20,-7,3824.25,-2370
2022-12-23 09:57:42,178,-19,3824.25,-2389
2022-12-23 09:57:43,30,9,3823.75,-2380
2022-12-23 09:57:44,60,33,3824.5,-2347
2022-12-23 09:57:45,88,-18,3824.5,-2365
2022-12-23 09:57:46,16,10,3824.5,-2355
2022-12-23 09:57:47,28,-2,3824.5,-2357
2022-12-23 09:57:48,20,2,3824.5,-2355
2022-12-23 09:57:50,36,8,3824.0,-2347
2022-12-23 09:57:51,6,-2,3824.0,-2349
2022-12-23 09:57:52,14,5,3824.0,-2344
2022-12-23 09:57:53,38,10,3824.25,-2334
2022-12-23 09:57:54,24,-10,3824.0,-2344
2022-12-23 09:57:55,86,1,3824.0,-2343
2022-12-23 09:57:56,8,5,3824.25,-2338
2022-12-23 09:57:57,56,5,3824.5,-2333
2022-12-23 09:57:58,32,-3,3824.5,-2336
2022-12-23 09:57:59,14,9,3824.5,-2327
2022-12-23 09:58:00,39,9,3824.25,-2318
2022-12-23 09:58:01,32,-7,3824.25,-2325
2022-12-23 09:58:02,83,0,3824.5,-2325
2022-12-23 09:58:03,21,6,3824.0,-2319
2022-12-23 09:58:04,24,-9,3824.0,-2328
2022-12-23 09:58:05,44,-22,3823.5,-2350
2022-12-23 09:58:06,21,4,3823.75,-2346
2022-12-23 09:58:07,46,17,3823.75,-2329
2022-12-23 09:58:08,13,-1,3823.75,-2330
2022-12-23 09:58:09,66,16,3824.25,-2314
2022-12-23 09:58:10,39,8,3824.25,-2306
2022-12-23 09:58:11,22,-3,3824.5,-2309
2022-12-23 09:58:12,7,3,3824.25,-2306
2022-12-23 09:58:13,30,16,3824.5,-2290
2022-12-23 09:58:14,133,33,3825.0,-2257
2022-12-23 09:58:15,124,25,3825.25,-2232
2022-12-23 09:58:16,55,17,3825.25,-2215
2022-12-23 09:58:17,22,4,3825.0,-2211
2022-12-23 09:58:18,28,-5,3825.0,-2216
2022-12-23 09:58:19,48,-1,3825.0,-2217
2022-12-23 09:58:20,21,-4,3824.75,-2221
2022-12-23 09:58:22,100,55,3824.75,-2166
2022-12-23 09:58:23,44,-4,3824.5,-2170
2022-12-23 09:58:24,29,5,3824.25,-2165
2022-12-23 09:58:25,12,-2,3824.25,-2167
2022-12-23 09:58:26,26,16,3824.5,-2151
2022-12-23 09:58:27,6,-4,3824.5,-2155
2022-12-23 09:58:28,18,-14,3824.25,-2169
2022-12-23 09:58:29,17,-5,3824.5,-2174
2022-12-23 09:58:30,22,7,3824.5,-2167
2022-12-23 09:58:31,8,-5,3824.5,-2172
2022-12-23 09:58:32,1,1,3824.5,-2171
2022-12-23 09:58:33,47,-10,3824.25,-2181
2022-12-23 09:58:34,27,5,3824.5,-2176
2022-12-23 09:58:35,20,11,3824.25,-2165
2022-12-23 09:58:36,9,-2,3824.25,-2167
2022-12-23 09:58:37,3,3,3824.25,-2164
2022-12-23 09:58:38,9,9,3824.25,-2155
2022-12-23 09:58:39,48,-21,3824.25,-2176
2022-12-23 09:58:40,33,6,3824.25,-2170
2022-12-23 09:58:41,11,11,3824.25,-2159
2022-12-23 09:58:42,28,1,3824.75,-2158
2022-12-23 09:58:43,95,28,3824.75,-2130
2022-12-23 09:58:44,68,68,3825.0,-2062
2022-12-23 09:58:45,58,-16,3824.75,-2078
2022-12-23 09:58:46,6,-1,3824.25,-2079
2022-12-23 09:58:47,31,-18,3824.0,-2097
2022-12-23 09:58:48,72,35,3825.25,-2062
2022-12-23 09:58:49,45,15,3825.5,-2047
2022-12-23 09:58:50,17,13,3825.5,-2034
2022-12-23 09:58:51,32,15,3825.25,-2019
2022-12-23 09:58:52,43,-19,3825.25,-2038
2022-12-23 09:58:53,36,-2,3825.25,-2040
2022-12-23 09:58:54,8,4,3825.25,-2036
2022-12-23 09:58:55,2,-1,3825.0,-2037
2022-12-23 09:58:56,11,9,3825.25,-2028
2022-12-23 09:58:57,74,12,3825.75,-2016
2022-12-23 09:58:58,107,76,3826.25,-1940
2022-12-23 09:58:59,235,153,3827.25,-1787
2022-12-23 09:59:00,63,10,3827.0,-1777
2022-12-23 09:59:01,50,9,3827.0,-1768
2022-12-23 09:59:02,144,118,3827.5,-1650
2022-12-23 09:59:03,69,4,3827.5,-1646
2022-12-23 09:59:04,41,38,3827.25,-1608
2022-12-23 09:59:05,32,3,3827.0,-1605
2022-12-23 09:59:06,98,-34,3827.0,-1639
2022-12-23 09:59:07,25,-6,3826.5,-1645
2022-12-23 09:59:08,14,9,3826.5,-1636
2022-12-23 09:59:09,19,1,3826.5,-1635
2022-12-23 09:59:10,40,-6,3827.0,-1641
2022-12-23 09:59:11,23,-13,3827.0,-1654
2022-12-23 09:59:12,71,59,3827.5,-1595
2022-12-23 09:59:13,12,8,3827.0,-1587
2022-12-23 09:59:14,83,-23,3826.75,-1610
2022-12-23 09:59:15,32,-24,3826.0,-1634
2022-12-23 09:59:16,14,-8,3825.75,-1642
2022-12-23 09:59:17,1,-1,3825.75,-1643
2022-12-23 09:59:18,17,-7,3825.75,-1650
2022-12-23 09:59:19,39,-17,3825.75,-1667
2022-12-23 09:59:20,67,-7,3825.75,-1674
2022-12-23 09:59:21,36,-9,3825.25,-1683
2022-12-23 09:59:22,10,-2,3825.25,-1685
2022-12-23 09:59:23,3,1,3825.5,-1684
2022-12-23 09:59:24,8,-3,3825.5,-1687
2022-12-23 09:59:25,35,7,3825.75,-1680
2022-12-23 09:59:26,19,6,3826.25,-1674
2022-12-23 09:59:27,48,12,3826.25,-1662
2022-12-23 09:59:28,11,13,3826.0,-1649
2022-12-23 09:59:29,9,5,3825.75,-1644
2022-12-23 09:59:30,18,1,3825.25,-1643
2022-12-23 09:59:32,21,-6,3825.5,-1649
2022-12-23 09:59:33,34,13,3825.75,-1636
2022-12-23 09:59:34,25,1,3825.25,-1635
2022-12-23 09:59:35,13,18,3825.75,-1617
2022-12-23 09:59:36,5,1,3825.5,-1616
2022-12-23 09:59:37,5,-5,3825.25,-1621
2022-12-23 09:59:38,23,2,3825.5,-1619
2022-12-23 09:59:39,29,15,3825.75,-1604
2022-12-23 09:59:40,6,-2,3825.75,-1606
2022-12-23 09:59:41,1,-1,3825.5,-1607
2022-12-23 09:59:42,26,9,3825.75,-1598
2022-12-23 09:59:43,2,-2,3825.5,-1600
2022-12-23 09:59:44,12,2,3825.75,-1598
2022-12-23 09:59:45,17,-6,3826.0,-1604
2022-12-23 09:59:46,51,-35,3825.5,-1639
2022-12-23 09:59:47,84,45,3825.75,-1594
2022-12-23 09:59:48,2,0,3825.0,-1594
2022-12-23 09:59:49,33,9,3825.25,-1585
2022-12-23 09:59:50,12,-11,3825.0,-1596
2022-12-23 09:59:51,1,-1,3825.0,-1597
2022-12-23 09:59:52,5,2,3825.5,-1595
2022-12-23 09:59:53,17,-15,3825.5,-1610
2022-12-23 09:59:54,14,17,3825.75,-1593
2022-12-23 09:59:55,15,-7,3825.5,-1600
2022-12-23 09:59:56,6,1,3825.25,-1599
2022-12-23 09:59:57,30,-18,3825.25,-1617
2022-12-23 09:59:58,7,-2,3825.25,-1619
2022-12-23 09:59:59,57,10,3826.0,-1609
2022-12-23 10:00:00,847,512,3833.0,-1097
2022-12-23 10:00:01,354,-106,3830.0,-1203
2022-12-23 10:00:02,311,-17,3825.5,-1220
2022-12-23 10:00:03,455,148,3832.25,-1072
2022-12-23 10:00:04,387,-101,3831.0,-1173
2022-12-23 10:00:05,178,39,3829.0,-1134
2022-12-23 10:00:06,64,23,3828.25,-1111
2022-12-23 10:00:07,122,29,3829.0,-1082
2022-12-23 10:00:08,283,179,3830.0,-903
2022-12-23 10:00:09,247,99,3832.0,-804
2022-12-23 10:00:10,259,22,3831.5,-782
2022-12-23 10:00:11,134,59,3831.0,-723
2022-12-23 10:00:12,110,23,3831.75,-700
2022-12-23 10:00:13,326,41,3833.5,-659
2022-12-23 10:00:14,414,429,3838.5,-230
2022-12-23 10:00:15,510,25,3839.25,-205
2022-12-23 10:00:16,156,3,3836.75,-202
2022-12-23 10:00:17,360,-27,3835.75,-229
2022-12-23 10:00:18,180,53,3835.75,-176
2022-12-23 10:00:19,287,20,3837.75,-156
2022-12-23 10:00:20,516,34,3838.75,-122
2022-12-23 10:00:21,260,-49,3838.25,-171
2022-12-23 10:00:22,292,73,3839.25,-98
2022-12-23 10:00:23,486,131,3841.75,33
2022-12-23 10:00:24,516,18,3844.0,51
2022-12-23 10:00:25,735,13,3844.5,64
2022-12-23 10:00:26,340,2,3843.25,66
2022-12-23 10:00:27,280,-35,3843.75,31
2022-12-23 10:00:28,628,-43,3844.25,-12
2022-12-23 10:00:29,174,-86,3841.5,-98
2022-12-23 10:00:30,339,-37,3841.0,-135
2022-12-23 10:00:31,225,-6,3840.25,-141
2022-12-23 10:00:32,253,8,3841.5,-133
2022-12-23 10:00:33,355,30,3843.75,-103
2022-12-23 10:00:34,220,30,3842.75,-73
2022-12-23 10:00:35,228,-9,3842.25,-82
2022-12-23 10:00:36,218,26,3843.5,-56
2022-12-23 10:00:37,261,-19,3844.0,-75
2022-12-23 10:00:38,142,-10,3842.5,-85
2022-12-23 10:00:39,181,-41,3843.25,-126
2022-12-23 10:00:40,191,-20,3841.75,-146
2022-12-23 10:00:41,107,-7,3840.5,-153
2022-12-23 10:00:42,200,-80,3840.75,-233
2022-12-23 10:00:43,324,136,3840.75,-97
2022-12-23 10:00:44,319,45,3840.0,-52
2022-12-23 10:00:45,268,39,3841.0,-13
2022-12-23 10:00:46,58,-12,3841.0,-25
2022-12-23 10:00:47,69,-15,3839.0,-40
2022-12-23 10:00:48,272,-170,3839.5,-210
2022-12-23 10:00:49,79,3,3839.25,-207
2022-12-23 10:00:50,92,11,3839.75,-196
2022-12-23 10:00:51,105,-21,3840.25,-217
2022-12-23 10:00:52,76,7,3840.5,-210
2022-12-23 10:00:53,111,-8,3840.5,-218
2022-12-23 10:00:54,145,-144,3840.0,-362
2022-12-23 10:00:55,87,-14,3839.25,-376
2022-12-23 10:00:56,222,-30,3838.75,-406
2022-12-23 10:00:57,111,-11,3838.0,-417
2022-12-23 10:00:58,264,-43,3838.0,-460
2022-12-23 10:00:59,168,-23,3837.75,-483
2022-12-23 10:01:00,160,-2,3838.0,-485
2022-12-23 10:01:01,169,9,3838.75,-476
2022-12-23 10:01:02,205,74,3840.25,-402
2022-12-23 10:01:03,73,15,3840.5,-387
2022-12-23 10:01:04,275,71,3843.0,-316
2022-12-23 10:01:05,114,-1,3842.5,-317
2022-12-23 10:01:06,135,13,3842.25,-304
2022-12-23 10:01:07,161,18,3842.5,-286
2022-12-23 10:01:08,198,6,3843.0,-280
2022-12-23 10:01:09,141,-19,3841.5,-299
2022-12-23 10:01:10,111,16,3840.75,-283
2022-12-23 10:01:11,77,5,3840.75,-278
2022-12-23 10:01:12,139,-18,3841.0,-296
2022-12-23 10:01:13,101,-7,3839.5,-303
2022-12-23 10:01:14,165,75,3839.5,-228
2022-12-23 10:01:15,99,-2,3839.0,-230
2022-12-23 10:01:16,124,-4,3838.75,-234
2022-12-23 10:01:17,114,8,3838.25,-226
2022-12-23 10:01:18,86,-21,3838.0,-247
2022-12-23 10:01:19,76,-16,3837.75,-263
2022-12-23 10:01:20,94,41,3838.0,-222
2022-12-23 10:01:21,55,26,3838.25,-196
2022-12-23 10:01:22,89,-31,3838.25,-227
2022-12-23 10:01:23,269,-110,3836.5,-337
2022-12-23 10:01:24,125,21,3835.75,-316
2022-12-23 10:01:25,160,-16,3835.5,-332
2022-12-23 10:01:26,35,15,3836.0,-317
2022-12-23 10:01:27,49,6,3836.25,-311
2022-12-23 10:01:28,94,26,3837.5,-285
2022-12-23 10:01:29,58,-14,3837.25,-299
2022-12-23 10:01:30,112,-11,3837.0,-310
2022-12-23 10:01:31,136,-35,3836.75,-345
2022-12-23 10:01:32,56,18,3836.75,-327
2022-12-23 10:01:33,147,-18,3837.5,-345
2022-12-23 10:01:34,89,-13,3837.0,-358
2022-12-23 10:01:35,94,4,3837.25,-354
2022-12-23 10:01:36,153,4,3837.5,-350
2022-12-23 10:01:37,44,8,3835.75,-342
2022-12-23 10:01:38,123,1,3835.75,-341
2022-12-23 10:01:39,205,-41,3835.5,-382
2022-12-23 10:01:40,187,-47,3834.25,-429
2022-12-23 10:01:41,118,2,3834.25,-427
2022-12-23 10:01:42,121,27,3834.75,-400
2022-12-23 10:01:43,112,-8,3834.5,-408
2022-12-23 10:01:44,158,5,3834.0,-403
2022-12-23 10:01:45,335,86,3834.25,-317
2022-12-23 10:01:46,78,13,3834.0,-304
2022-12-23 10:01:47,89,1,3834.5,-303
2022-12-23 10:01:48,129,39,3835.5,-264
2022-12-23 10:01:49,137,-25,3835.5,-289
2022-12-23 10:01:50,126,33,3834.25,-256
2022-12-23 10:01:51,96,-9,3834.5,-265
2022-12-23 10:01:52,109,10,3834.0,-255
2022-12-23 10:01:53,84,26,3833.75,-229
2022-12-23 10:01:54,133,21,3833.75,-208
2022-12-23 10:01:55,171,-53,3833.25,-261
2022-12-23 10:01:56,268,-168,3832.5,-429
2022-12-23 10:01:57,365,-30,3831.0,-459
2022-12-23 10:01:58,152,-51,3830.5,-510
2022-12-23 10:01:59,360,100,3830.75,-410
2022-12-23 10:02:00,339,14,3830.75,-396
2022-12-23 10:02:01,326,3,3831.5,-393
2022-12-23 10:02:02,250,26,3832.25,-367
2022-12-23 10:02:03,115,22,3831.5,-345
2022-12-23 10:02:04,176,20,3831.75,-325
2022-12-23 10:02:05,141,9,3831.0,-316
2022-12-23 10:02:06,86,11,3831.0,-305
2022-12-23 10:02:07,104,5,3831.25,-300
2022-12-23 10:02:08,94,4,3831.75,-296
2022-12-23 10:02:09,98,-17,3831.5,-313
2022-12-23 10:02:10,91,-25,3831.5,-338
2022-12-23 10:02:11,143,39,3832.25,-299
2022-12-23 10:02:12,95,11,3831.5,-288
2022-12-23 10:02:13,43,10,3832.0,-278
2022-12-23 10:02:14,202,37,3833.0,-241
2022-12-23 10:02:15,152,10,3833.0,-231
2022-12-23 10:02:16,207,57,3834.0,-174
2022-12-23 10:02:17,143,51,3834.5,-123
2022-12-23 10:02:18,197,71,3835.25,-52
2022-12-23 10:02:19,253,135,3835.75,83
2022-12-23 10:02:20,229,33,3836.0,116
2022-12-23 10:02:21,228,-7,3836.0,109
2022-12-23 10:02:22,312,44,3837.0,153
2022-12-23 10:02:23,102,10,3836.25,163
2022-12-23 10:02:24,153,25,3836.0,188
2022-12-23 10:02:25,77,4,3835.5,192
2022-12-23 10:02:26,173,2,3835.5,194
2022-12-23 10:02:27,99,-15,3834.75,179
2022-12-23 10:02:28,59,4,3835.25,183
2022-12-23 10:02:29,79,-5,3834.75,178
2022-12-23 10:02:30,97,-2,3834.25,176
2022-12-23 10:02:31,122,9,3835.0,185
2022-12-23 10:02:32,75,-7,3835.0,178
2022-12-23 10:02:33,63,10,3835.25,188
2022-12-23 10:02:34,135,9,3835.75,197
2022-12-23 10:02:35,88,3,3835.25,200
2022-12-23 10:02:36,137,-31,3834.25,169
2022-12-23 10:02:37,180,14,3833.75,183
2022-12-23 10:02:38,40,-4,3833.5,179
2022-12-23 10:02:39,158,-51,3832.75,128
2022-12-23 10:02:40,129,3,3833.25,131
2022-12-23 10:02:41,26,5,3833.0,136
2022-12-23 10:02:42,184,14,3833.25,150
2022-12-23 10:02:43,37,-8,3833.0,142
2022-12-23 10:02:44,256,-57,3832.5,85
2022-12-23 10:02:45,155,-11,3832.5,74
2022-12-23 10:02:46,97,29,3832.5,103
2022-12-23 10:02:47,49,7,3832.75,110
2022-12-23 10:02:48,66,7,3833.25,117
2022-12-23 10:02:49,71,8,3833.5,125
2022-12-23 10:02:50,53,12,3833.75,137
2022-12-23 10:02:51,39,7,3833.5,144
2022-12-23 10:02:52,90,-2,3833.5,142
2022-12-23 10:02:53,98,-26,3833.0,116
2022-12-23 10:02:54,105,-11,3831.5,105
2022-12-23 10:02:55,48,5,3832.0,110
2022-12-23 10:02:56,58,-3,3832.5,107
2022-12-23 10:02:57,42,9,3832.5,116
2022-12-23 10:02:58,42,0,3832.25,116
2022-12-23 10:02:59,59,-8,3832.0,108
2022-12-23 10:03:00,95,-2,3832.25,106
2022-12-23 10:03:01,214,-48,3831.5,58
2022-12-23 10:03:02,134,12,3831.0,70
2022-12-23 10:03:03,123,26,3831.25,96
2022-12-23 10:03:04,83,-2,3831.25,94
2022-12-23 10:03:05,103,10,3832.0,104
2022-12-23 10:03:06,68,15,3832.25,119
2022-12-23 10:03:07,79,22,3832.25,141
2022-12-23 10:03:08,100,25,3832.75,166
2022-12-23 10:03:09,125,24,3833.25,190
2022-12-23 10:03:10,57,-2,3832.75,188
2022-12-23 10:03:11,123,15,3832.75,203
2022-12-23 10:03:12,79,-11,3832.75,192
2022-12-23 10:03:13,70,9,3833.25,201
2022-12-23 10:03:14,78,26,3833.75,227
2022-12-23 10:03:15,44,-3,3833.5,224
2022-12-23 10:03:16,193,74,3834.75,298
2022-12-23 10:03:17,96,30,3834.0,328
2022-12-23 10:03:18,137,87,3835.0,415
2022-12-23 10:03:19,188,41,3835.5,456
2022-12-23 10:03:20,116,15,3836.0,471
2022-12-23 10:03:21,44,20,3835.0,491
2022-12-23 10:03:22,108,54,3836.0,545
2022-12-23 10:03:23,56,-4,3835.75,541
2022-12-23 10:03:24,76,4,3835.5,545
2022-12-23 10:03:25,123,-47,3835.0,498
2022-12-23 10:03:26,173,-31,3834.25,467
2022-12-23 10:03:27,41,1,3833.25,468
2022-12-23 10:03:28,98,49,3833.0,517
2022-12-23 10:03:29,48,-2,3833.25,515
2022-12-23 10:03:30,122,10,3833.0,525
2022-12-23 10:03:31,123,-5,3832.75,520
2022-12-23 10:03:32,42,-8,3832.75,512
2022-12-23 10:03:33,64,-5,3832.0,507
2022-12-23 10:03:34,71,-30,3831.75,477
2022-12-23 10:03:35,238,-117,3831.5,360
2022-12-23 10:03:36,285,-114,3830.25,246
2022-12-23 10:03:37,83,-7,3830.25,239
2022-12-23 10:03:38,65,23,3831.0,262
2022-12-23 10:03:39,118,-8,3831.25,254
2022-12-23 10:03:40,71,-17,3830.5,237
2022-12-23 10:03:41,108,-1,3830.0,236
2022-12-23 10:03:42,18,-3,3830.0,233
2022-12-23 10:03:43,90,-59,3829.75,174
2022-12-23 10:03:44,218,-93,3829.25,81
2022-12-23 10:03:45,205,-87,3828.75,-6
2022-12-23 10:03:46,137,-64,3827.75,-70
2022-12-23 10:03:47,96,-12,3827.75,-82
2022-12-23 10:03:48,189,-2,3828.0,-84
2022-12-23 10:03:49,132,-13,3827.5,-97
2022-12-23 10:03:50,167,-107,3827.25,-204
2022-12-23 10:03:51,102,16,3827.75,-188
2022-12-23 10:03:52,34,6,3827.25,-182
2022-12-23 10:03:53,69,-1,3827.5,-183
2022-12-23 10:03:54,83,45,3828.0,-138
2022-12-23 10:03:55,69,-17,3828.25,-155
2022-12-23 10:03:56,133,4,3828.5,-151
2022-12-23 10:03:57,28,-2,3828.25,-153
2022-12-23 10:03:58,116,-92,3827.75,-245
2022-12-23 10:03:59,60,8,3827.0,-237
2022-12-23 10:04:00,103,21,3827.5,-216
2022-12-23 10:04:01,107,-17,3827.75,-233
2022-12-23 10:04:02,69,-8,3828.0,-241
2022-12-23 10:04:03,84,41,3828.5,-200
2022-12-23 10:04:04,200,94,3829.25,-106
2022-12-23 10:04:05,51,19,3829.5,-87
2022-12-23 10:04:06,152,-62,3829.75,-149
2022-12-23 10:04:07,91,3,3829.5,-146
2022-12-23 10:04:08,61,9,3829.0,-137
2022-12-23 10:04:09,68,-25,3828.75,-162
2022-12-23 10:04:10,122,-55,3828.5,-217
2022-12-23 10:04:11,69,22,3828.25,-195
2022-12-23 10:04:12,23,-4,3828.25,-199
2022-12-23 10:04:13,68,-49,3828.0,-248
2022-12-23 10:04:14,53,2,3827.75,-246
2022-12-23 10:04:15,94,13,3828.0,-233
2022-12-23 10:04:16,132,41,3829.25,-192
2022-12-23 10:04:17,50,-10,3829.25,-202
2022-12-23 10:04:18,14,0,3829.0,-202
2022-12-23 10:04:19,36,13,3829.25,-189
2022-12-23 10:04:20,32,0,3829.0,-189
2022-12-23 10:04:21,44,-6,3828.75,-195
2022-12-23 10:04:22,14,1,3828.75,-194
2022-12-23 10:04:23,34,1,3828.5,-193
2022-12-23 10:04:24,60,0,3828.75,-193
2022-12-23 10:04:25,81,8,3828.5,-185
2022-12-23 10:04:26,53,0,3829.0,-185
2022-12-23 10:04:27,82,-44,3829.0,-229
2022-12-23 10:04:28,65,10,3828.25,-219
2022-12-23 10:04:29,154,-98,3827.5,-317
2022-12-23 10:04:30,20,8,3827.0,-309
2022-12-23 10:04:31,47,13,3827.5,-296
2022-12-23 10:04:32,78,0,3828.0,-296
2022-12-23 10:04:33,31,3,3827.75,-293
2022-12-23 10:04:34,52,8,3828.5,-285
2022-12-23 10:04:35,11,-5,3828.5,-290
2022-12-23 10:04:36,97,0,3828.75,-290
2022-12-23 10:04:37,21,-5,3828.5,-295
2022-12-23 10:04:38,38,-6,3828.25,-301
2022-12-23 10:04:39,47,-7,3828.25,-308
2022-12-23 10:04:40,31,-4,3828.5,-312
2022-12-23 10:04:41,34,7,3828.75,-305
2022-12-23 10:04:42,24,0,3828.75,-305
2022-12-23 10:04:43,97,-9,3829.5,-314
2022-12-23 10:04:44,83,-13,3829.25,-327
2022-12-23 10:04:45,79,-9,3829.0,-336
2022-12-23 10:04:46,44,7,3829.0,-329
2022-12-23 10:04:47,46,-2,3829.5,-331
2022-12-23 10:04:48,101,13,3829.0,-318
2022-12-23 10:04:49,21,3,3829.0,-315
2022-12-23 10:04:50,28,-10,3829.25,-325
2022-12-23 10:04:51,36,18,3830.0,-307
2022-12-23 10:04:52,122,25,3830.25,-282
2022-12-23 10:04:53,33,-2,3830.0,-284
2022-12-23 10:04:54,56,-5,3830.25,-289
2022-12-23 10:04:55,82,10,3829.75,-279
2022-12-23 10:04:56,61,21,3830.0,-258
2022-12-23 10:04:57,45,-2,3829.75,-260
2022-12-23 10:04:58,25,10,3830.0,-250
2022-12-23 10:04:59,18,4,3830.25,-246
2022-12-23 10:05:00,115,-7,3829.75,-253
2022-12-23 10:05:01,125,-57,3829.75,-310
2022-12-23 10:05:02,80,17,3829.75,-293
2022-12-23 10:05:03,52,-10,3829.25,-303
2022-12-23 10:05:04,45,-17,3829.25,-320
2022-12-23 10:05:05,39,2,3829.0,-318
2022-12-23 10:05:06,51,3,3829.25,-315
2022-12-23 10:05:07,54,10,3829.5,-305
2022-12-23 10:05:08,43,20,3830.25,-285
2022-12-23 10:05:09,171,-27,3829.75,-312
2022-12-23 10:05:10,75,33,3830.5,-279
2022-12-23 10:05:11,129,33,3831.0,-246
2022-12-23 10:05:12,102,21,3831.25,-225
2022-12-23 10:05:13,110,46,3832.0,-179
2022-12-23 10:05:14,102,44,3832.25,-135
2022-12-23 10:05:15,136,43,3833.0,-92
2022-12-23 10:05:16,80,12,3833.0,-80
2022-12-23 10:05:17,114,-33,3832.25,-113
2022-12-23 10:05:18,90,15,3832.0,-98
2022-12-23 10:05:19,91,15,3832.75,-83
2022-12-23 10:05:20,84,22,3832.5,-61
2022-12-23 10:05:21,87,-22,3832.5,-83
2022-12-23 10:05:22,107,4,3832.5,-79
2022-12-23 10:05:23,31,-16,3832.5,-95
2022-12-23 10:05:24,30,-10,3832.5,-105
2022-12-23 10:05:25,133,24,3832.75,-81
2022-12-23 10:05:26,22,17,3832.75,-64
2022-12-23 10:05:27,128,-40,3832.75,-104
2022-12-23 10:05:28,209,-16,3831.0,-120
2022-12-23 10:05:29,50,6,3831.25,-114
2022-12-23 10:05:30,35,-8,3831.0,-122
2022-12-23 10:05:31,75,-24,3830.5,-146
2022-12-23 10:05:32,53,-16,3830.0,-162
2022-12-23 10:05:33,48,2,3829.75,-160
2022-12-23 10:05:34,60,8,3830.0,-152
2022-12-23 10:05:35,69,-23,3829.5,-175
2022-12-23 10:05:36,60,-4,3829.5,-179
2022-12-23 10:05:37,103,-15,3829.25,-194
2022-12-23 10:05:38,39,5,3829.25,-189
2022-12-23 10:05:39,81,17,3830.25,-172
2022-12-23 10:05:40,60,-56,3830.5,-228
2022-12-23 10:05:41,90,-2,3830.75,-230
2022-12-23 10:05:42,98,0,3830.5,-230
2022-12-23 10:05:43,105,7,3830.75,-223
2022-12-23 10:05:44,61,15,3831.25,-208
2022-12-23 10:05:45,57,17,3832.25,-191
2022-12-23 10:05:46,89,11,3832.75,-180
2022-12-23 10:05:47,158,59,3833.75,-121
2022-12-23 10:05:48,66,25,3833.5,-96
2022-12-23 10:05:49,102,-10,3832.75,-106
2022-12-23 10:05:50,135,-13,3832.5,-119
2022-12-23 10:05:51,39,1,3832.5,-118
2022-12-23 10:05:52,38,16,3833.0,-102
2022-12-23 10:05:53,71,30,3832.75,-72
2022-12-23 10:05:54,107,-40,3832.5,-112
2022-12-23 10:05:55,56,-3,3831.25,-115
2022-12-23 10:05:56,25,1,3831.5,-114
2022-12-23 10:05:57,94,4,3831.25,-110
2022-12-23 10:05:58,16,-6,3831.25,-116
2022-12-23 10:05:59,49,-6,3831.0,-122
2022-12-23 10:06:00,78,-22,3830.75,-144
2022-12-23 10:06:01,69,21,3831.0,-123
2022-12-23 10:06:02,121,-22,3831.0,-145
2022-12-23 10:06:03,56,-5,3830.0,-150
2022-12-23 10:06:04,45,-19,3829.5,-169
2022-12-23 10:06:05,45,-14,3829.75,-183
2022-12-23 10:06:06,79,-4,3829.75,-187
2022-12-23 10:06:07,94,10,3830.0,-177
2022-12-23 10:06:08,24,-4,3830.0,-181
2022-12-23 10:06:09,42,12,3831.0,-169
2022-12-23 10:06:10,85,-4,3830.75,-173
2022-12-23 10:06:11,39,-7,3830.25,-180
2022-12-23 10:06:12,22,9,3830.25,-171
2022-12-23 10:06:13,40,4,3831.0,-167
2022-12-23 10:06:14,63,-4,3831.25,-171
2022-12-23 10:06:15,42,-1,3830.75,-172
2022-12-23 10:06:16,58,-6,3830.5,-178
2022-12-23 10:06:17,15,-3,3829.75,-181
2022-12-23 10:06:18,102,-41,3829.5,-222
2022-12-23 10:06:19,160,-25,3829.25,-247
2022-12-23 10:06:20,50,-16,3829.25,-263
2022-12-23 10:06:21,41,-8,3828.75,-271
2022-12-23 10:06:22,36,-10,3829.0,-281
2022-12-23 10:06:23,44,-26,3828.75,-307
2022-12-23 10:06:24,19,-5,3828.25,-312
2022-12-23 10:06:25,276,-79,3828.25,-391
2022-12-23 10:06:26,148,-32,3827.25,-423
2022-12-23 10:06:27,256,-162,3826.75,-585
2022-12-23 10:06:28,280,-212,3826.0,-797
2022-12-23 10:06:29,379,-123,3825.5,-920
2022-12-23 10:06:30,189,32,3824.5,-888
2022-12-23 10:06:31,97,-40,3825.0,-928
2022-12-23 10:06:32,124,4,3824.75,-924
2022-12-23 10:06:33,201,38,3825.0,-886
2022-12-23 10:06:34,171,-2,3825.25,-888
2022-12-23 10:06:35,49,-2,3825.25,-890
2022-12-23 10:06:36,93,22,3826.0,-868
2022-12-23 10:06:37,145,40,3827.25,-828
2022-12-23 10:06:38,95,-21,3827.25,-849
2022-12-23 10:06:39,48,2,3826.75,-847
2022-12-23 10:06:40,115,9,3827.25,-838
2022-12-23 10:06:41,56,14,3828.0,-824
2022-12-23 10:06:42,95,29,3827.75,-795
2022-12-23 10:06:43,89,-21,3827.5,-816
2022-12-23 10:06:44,19,1,3827.5,-815
2022-12-23 10:06:45,71,25,3828.25,-790
2022-12-23 10:06:46,116,-70,3828.75,-860
2022-12-23 10:06:47,26,5,3828.25,-855
2022-12-23 10:06:48,58,-13,3827.75,-868
2022-12-23 10:06:49,53,-28,3827.5,-896
2022-12-23 10:06:50,49,-5,3826.75,-901
2022-12-23 10:06:51,22,-8,3826.75,-909
2022-12-23 10:06:52,26,-3,3826.5,-912
2022-12-23 10:06:53,13,5,3826.5,-907
2022-12-23 10:06:54,49,-22,3826.5,-929
2022-12-23 10:06:55,64,25,3826.25,-904
2022-12-23 10:06:56,45,-3,3826.5,-907
2022-12-23 10:06:57,12,-2,3826.5,-909
2022-12-23 10:06:58,51,-20,3826.5,-929
2022-12-23 10:06:59,23,-1,3826.0,-930
2022-12-23 10:07:00,78,-10,3826.5,-940
2022-12-23 10:07:01,188,91,3827.75,-849
2022-12-23 10:07:02,65,-14,3827.75,-863
2022-12-23 10:07:03,76,-21,3827.5,-884
2022-12-23 10:07:04,32,-2,3827.0,-886
2022-12-23 10:07:05,32,10,3827.0,-876
2022-12-23 10:07:06,35,11,3827.75,-865
2022-12-23 10:07:07,78,13,3827.5,-852
2022-12-23 10:07:08,55,9,3827.5,-843
2022-12-23 10:07:09,11,7,3827.25,-836
2022-12-23 10:07:10,49,8,3827.25,-828
2022-12-23 10:07:11,57,36,3827.75,-792
2022-12-23 10:07:12,28,0,3827.75,-792
2022-12-23 10:07:13,45,14,3828.0,-778
2022-12-23 10:07:14,36,20,3828.0,-758
2022-12-23 10:07:15,26,-2,3828.0,-760
2022-12-23 10:07:16,49,2,3828.0,-758
2022-12-23 10:07:17,85,-88,3828.0,-846
2022-12-23 10:07:18,28,-14,3827.0,-860
2022-12-23 10:07:19,37,-33,3827.0,-893
2022-12-23 10:07:20,191,-43,3826.75,-936
2022-12-23 10:07:21,212,-66,3827.75,-1002
2022-12-23 10:07:22,84,4,3827.0,-998
2022-12-23 10:07:23,29,5,3827.5,-993
2022-12-23 10:07:24,33,-2,3827.75,-995
2022-12-23 10:07:25,15,-7,3827.75,-1002
2022-12-23 10:07:26,64,-11,3827.75,-1013
2022-12-23 10:07:27,25,-4,3827.25,-1017
2022-12-23 10:07:28,17,1,3827.25,-1016
2022-12-23 10:07:29,18,-1,3827.25,-1017
2022-12-23 10:07:30,57,12,3827.5,-1005
2022-12-23 10:07:31,43,-3,3827.75,-1008
2022-12-23 10:07:32,142,49,3829.0,-959
2022-12-23 10:07:33,86,-50,3828.75,-1009
2022-12-23 10:07:34,23,5,3828.0,-1004
2022-12-23 10:07:35,38,2,3828.0,-1002
2022-12-23 10:07:36,105,34,3828.75,-968
2022-12-23 10:07:37,26,10,3829.0,-958
2022-12-23 10:07:38,62,12,3829.25,-946
2022-12-23 10:07:39,161,68,3830.25,-878
2022-12-23 10:07:40,49,24,3830.25,-854
2022-12-23 10:07:41,102,-21,3830.0,-875
2022-12-23 10:07:42,84,1,3830.25,-874
2022-12-23 10:07:43,53,-30,3830.25,-904
2022-12-23 10:07:44,75,-54,3830.0,-958
2022-12-23 10:07:45,22,4,3829.75,-954
2022-12-23 10:07:46,96,77,3830.25,-877
2022-12-23 10:07:47,64,33,3831.0,-844
2022-12-23 10:07:48,101,79,3831.25,-765
2022-12-23 10:07:49,99,-43,3831.0,-808
2022-12-23 10:07:50,36,-13,3829.75,-821
2022-12-23 10:07:51,33,-3,3829.75,-824
2022-12-23 10:07:52,41,-3,3829.75,-827
2022-12-23 10:07:53,36,-5,3829.5,-832
2022-12-23 10:07:54,63,-14,3828.75,-846
2022-12-23 10:07:55,16,10,3828.75,-836
2022-12-23 10:07:56,11,-1,3828.5,-837
2022-12-23 10:07:57,72,18,3829.0,-819
2022-12-23 10:07:58,21,-3,3828.5,-822
2022-12-23 10:07:59,10,7,3828.5,-815
2022-12-23 10:08:00,70,26,3829.75,-789
2022-12-23 10:08:01,104,48,3831.0,-741
2022-12-23 10:08:02,72,-9,3831.0,-750
2022-12-23 10:08:03,38,7,3831.25,-743
2022-12-23 10:08:04,64,21,3831.25,-722
2022-12-23 10:08:05,51,28,3831.5,-694
2022-12-23 10:08:06,75,25,3832.0,-669
2022-12-23 10:08:07,71,5,3831.75,-664
2022-12-23 10:08:08,60,21,3832.0,-643
2022-12-23 10:08:09,116,36,3832.75,-607
2022-12-23 10:08:10,101,9,3833.25,-598
2022-12-23 10:08:11,99,82,3833.25,-516
2022-12-23 10:08:12,68,9,3833.25,-507
2022-12-23 10:08:13,121,52,3833.5,-455
2022-12-23 10:08:14,104,75,3833.0,-380
2022-12-23 10:08:15,129,-14,3833.5,-394
2022-12-23 10:08:16,87,-4,3832.75,-398
2022-12-23 10:08:17,59,-19,3832.5,-417
2022-12-23 10:08:18,80,-13,3832.75,-430
2022-12-23 10:08:19,72,26,3833.0,-404
2022-12-23 10:08:20,59,7,3833.5,-397
2022-12-23 10:08:21,29,12,3832.75,-385
2022-12-23 10:08:22,115,3,3833.25,-382
2022-12-23 10:08:23,61,18,3833.25,-364
2022-12-23 10:08:24,64,-15,3833.0,-379
2022-12-23 10:08:25,46,1,3832.75,-378
2022-12-23 10:08:26,81,18,3833.25,-360
2022-12-23 10:08:27,44,-23,3833.0,-383
2022-12-23 10:08:28,51,-11,3832.5,-394
2022-12-23 10:08:29,32,3,3832.5,-391
2022-12-23 10:08:30,54,7,3832.5,-384
2022-12-23 10:08:31,38,15,3832.25,-369
2022-12-23 10:08:32,116,-6,3832.5,-375
2022-12-23 10:08:33,57,3,3832.5,-372
2022-12-23 10:08:34,43,-3,3832.5,-375
2022-12-23 10:08:35,7,1,3832.25,-374
2022-12-23 10:08:36,34,-1,3832.5,-375
2022-12-23 10:08:37,36,13,3833.0,-362
2022-12-23 10:08:38,32,-1,3832.75,-363
2022-12-23 10:08:39,138,31,3833.75,-332
2022-12-23 10:08:40,89,4,3833.75,-328
2022-12-23 10:08:41,76,-3,3833.75,-331
2022-12-23 10:08:42,48,-10,3833.5,-341
2022-12-23 10:08:43,119,81,3833.75,-260
2022-12-23 10:08:44,227,126,3835.0,-134
2022-12-23 10:08:45,251,79,3836.5,-55
2022-12-23 10:08:46,137,46,3837.0,-9
2022-12-23 10:08:47,620,152,3837.5,143
2022-12-23 10:08:48,74,16,3837.0,159
2022-12-23 10:08:49,101,14,3837.25,173
2022-12-23 10:08:50,108,69,3837.75,242
2022-12-23 10:08:51,187,49,3838.75,291
2022-12-23 10:08:52,159,51,3839.25,342
2022-12-23 10:08:53,128,31,3839.0,373
2022-12-23 10:08:54,384,-55,3838.75,318
2022-12-23 10:08:55,136,49,3838.75,367
2022-12-23 10:08:56,58,-12,3838.5,355
2022-12-23 10:08:57,106,-12,3838.5,343
2022-12-23 10:08:58,53,9,3838.5,352
2022-12-23 10:08:59,74,-15,3838.5,337
2022-12-23 10:09:00,87,-16,3838.25,321
2022-12-23 10:09:01,177,99,3838.5,420
2022-12-23 10:09:02,125,-37,3838.0,383
2022-12-23 10:09:03,64,-2,3837.5,381
2022-12-23 10:09:04,118,-39,3837.75,342
2022-12-23 10:09:05,166,25,3837.5,367
2022-12-23 10:09:06,104,-28,3836.0,339
2022-12-23 10:09:07,83,8,3836.5,347
2022-12-23 10:09:08,106,-47,3836.25,300
2022-12-23 10:09:09,79,-29,3836.25,271
2022-12-23 10:09:10,112,-4,3836.25,267
2022-12-23 10:09:11,95,-35,3835.75,232
2022-12-23 10:09:12,76,-16,3835.25,216
2022-12-23 10:09:13,132,-62,3834.75,154
2022-12-23 10:09:14,131,22,3835.5,176
2022-12-23 10:09:15,62,-10,3835.75,166
2022-12-23 10:09:16,33,2,3835.75,168
2022-12-23 10:09:17,93,20,3836.0,188
2022-12-23 10:09:18,49,20,3836.0,208
2022-12-23 10:09:19,48,-5,3835.75,203
2022-12-23 10:09:20,41,7,3835.5,210
2022-12-23 10:09:21,64,-9,3835.25,201
2022-12-23 10:09:22,40,-1,3835.5,200
2022-12-23 10:09:23,68,15,3835.75,215
2022-12-23 10:09:24,49,7,3836.0,222
2022-12-23 10:09:25,75,17,3836.0,239
2022-12-23 10:09:26,190,-33,3836.25,206
2022-12-23 10:09:27,28,-8,3835.25,198
2022-12-23 10:09:28,61,-22,3835.0,176
2022-12-23 10:09:29,43,-5,3835.0,171
2022-12-23 10:09:30,39,0,3835.0,171
2022-12-23 10:09:31,72,-10,3835.25,161
2022-12-23 10:09:32,63,17,3835.25,178
2022-12-23 10:09:33,52,-26,3835.0,152
2022-12-23 10:09:34,115,26,3835.25,178
2022-12-23 10:09:35,30,-17,3835.0,161
2022-12-23 10:09:36,14,0,3835.25,161
2022-12-23 10:09:37,63,15,3835.5,176
2022-12-23 10:09:38,35,30,3835.75,206
2022-12-23 10:09:39,42,-1,3835.5,205
2022-12-23 10:09:40,46,5,3836.0,210
2022-12-23 10:09:41,78,5,3836.0,215
2022-12-23 10:09:42,197,15,3836.75,230
2022-12-23 10:09:43,58,-13,3836.25,217
2022-12-23 10:09:44,41,10,3836.25,227
2022-12-23 10:09:45,55,-1,3836.0,226
2022-12-23 10:09:46,67,-30,3835.75,196
2022-12-23 10:09:47,81,-1,3834.75,195
2022-12-23 10:09:48,44,-15,3834.25,180
2022-12-23 10:09:49,35,14,3834.75,194
2022-12-23 10:09:50,30,-6,3834.5,188
2022-12-23 10:09:51,52,7,3834.5,195
2022-12-23 10:09:52,24,-12,3834.25,183
2022-12-23 10:09:53,66,19,3835.0,202
2022-12-23 10:09:54,14,2,3835.0,204
2022-12-23 10:09:55,34,11,3835.5,215
2022-12-23 10:09:56,55,17,3835.75,232
2022-12-23 10:09:57,60,11,3836.25,243
2022-12-23 10:09:58,69,25,3836.75,268
2022-12-23 10:09:59,96,19,3837.25,287
2022-12-23 10:10:00,53,-11,3836.25,276
2022-12-23 10:10:01,67,-6,3836.25,270
2022-12-23 10:10:02,98,-39,3836.0,231
2022-12-23 10:10:03,57,24,3836.5,255
2022-12-23 10:10:04,65,-11,3836.5,244
2022-12-23 10:10:05,93,-24,3836.0,220
2022-12-23 10:10:06,96,16,3836.25,236
2022-12-23 10:10:07,44,-1,3836.25,235
2022-12-23 10:10:08,97,-11,3836.75,224
2022-12-23 10:10:09,54,14,3836.75,238
2022-12-23 10:10:10,110,76,3837.25,314
2022-12-23 10:10:11,47,2,3837.25,316
2022-12-23 10:10:12,81,11,3837.75,327
2022-12-23 10:10:13,58,-3,3837.5,324
2022-12-23 10:10:14,112,-9,3837.25,315
2022-12-23 10:10:15,110,10,3837.25,325
2022-12-23 10:10:16,38,-12,3837.0,313
2022-12-23 10:10:17,39,-12,3837.25,301
2022-12-23 10:10:18,135,98,3838.25,399
2022-12-23 10:10:19,86,7,3838.5,406
2022-12-23 10:10:20,27,1,3838.25,407
2022-12-23 10:10:21,44,-7,3838.0,400
2022-12-23 10:10:22,32,4,3838.0,404
2022-12-23 10:10:23,63,36,3838.75,440
2022-12-23 10:10:24,71,49,3839.0,489
2022-12-23 10:10:25,80,28,3839.5,517
2022-12-23 10:10:26,91,-5,3839.25,512
2022-12-23 10:10:27,193,15,3839.5,527
2022-12-23 10:10:28,406,108,3840.75,635
2022-12-23 10:10:29,106,28,3840.25,663
2022-12-23 10:10:30,76,8,3839.75,671
2022-12-23 10:10:31,65,2,3839.25,673
2022-12-23 10:10:32,161,-60,3838.75,613
2022-12-23 10:10:33,41,-1,3838.5,612
2022-12-23 10:10:34,34,5,3838.5,617
2022-12-23 10:10:35,47,-12,3838.5,605
2022-12-23 10:10:36,59,18,3838.25,623
2022-12-23 10:10:37,44,15,3838.5,638
2022-12-23 10:10:38,12,-1,3838.5,637
2022-12-23 10:10:39,33,7,3838.5,644
2022-12-23 10:10:40,50,28,3838.75,672
2022-12-23 10:10:41,48,6,3839.25,678
2022-12-23 10:10:42,45,-4,3839.25,674
2022-12-23 10:10:43,68,9,3839.0,683
2022-12-23 10:10:44,28,11,3839.5,694
2022-12-23 10:10:45,37,-2,3839.25,692
2022-12-23 10:10:46,24,-6,3838.75,686
2022-12-23 10:10:47,26,12,3839.0,698
2022-12-23 10:10:48,69,2,3838.75,700
2022-12-23 10:10:49,9,-5,3838.75,695
2022-12-23 10:10:50,63,-19,3838.25,676
2022-12-23 10:10:51,40,-9,3838.25,667
2022-12-23 10:10:52,43,2,3838.5,669
2022-12-23 10:10:53,66,20,3838.75,689
2022-12-23 10:10:54,51,-1,3838.75,688
2022-12-23 10:10:55,51,13,3839.0,701
2022-12-23 10:10:56,44,11,3839.5,712
2022-12-23 10:10:57,36,-6,3839.5,706
2022-12-23 10:10:58,22,0,3839.5,706
2022-12-23 10:10:59,59,-14,3839.5,692
2022-12-23 10:11:00,82,11,3839.25,703
2022-12-23 10:11:01,37,16,3840.0,719
2022-12-23 10:11:02,84,9,3840.5,728
2022-12-23 10:11:03,235,53,3841.5,781
2022-12-23 10:11:04,64,-7,3841.5,774
2022-12-23 10:11:05,91,-1,3841.0,773
2022-12-23 10:11:06,111,-29,3840.5,744
2022-12-23 10:11:07,49,20,3840.75,764
2022-12-23 10:11:08,72,10,3841.25,774
2022-12-23 10:11:09,332,135,3842.5,909
2022-12-23 10:11:10,84,-19,3842.0,890
2022-12-23 10:11:11,109,48,3842.75,938
2022-12-23 10:11:12,163,21,3843.0,959
2022-12-23 10:11:13,92,-12,3842.75,947
2022-12-23 10:11:14,57,-2,3843.25,945
2022-12-23 10:11:15,119,-3,3843.25,942
2022-12-23 10:11:16,57,-17,3843.0,925
2022-12-23 10:11:17,59,-11,3843.25,914
2022-12-23 10:11:18,78,2,3843.25,916
2022-12-23 10:11:19,46,-4,3843.0,912
2022-12-23 10:11:20,46,-4,3842.75,908
2022-12-23 10:11:21,80,-45,3842.5,863
2022-12-23 10:11:22,67,-29,3842.0,834
2022-12-23 10:11:23,37,1,3842.25,835
2022-12-23 10:11:24,71,-20,3842.5,815
2022-12-23 10:11:25,36,5,3842.75,820
2022-12-23 10:11:26,49,-19,3842.5,801
2022-12-23 10:11:27,171,64,3843.5,865
2022-12-23 10:11:28,100,-11,3843.25,854
2022-12-23 10:11:29,100,65,3843.5,919
2022-12-23 10:11:30,58,-3,3843.5,916
2022-12-23 10:11:31,27,-5,3843.5,911
2022-12-23 10:11:32,46,-7,3843.25,904
2022-12-23 10:11:33,32,-1,3843.5,903
2022-12-23 10:11:34,36,8,3843.25,911
2022-12-23 10:11:35,63,-24,3843.0,887
2022-12-23 10:11:36,36,-28,3842.75,859
2022-12-23 10:11:37,131,102,3843.0,961
2022-12-23 10:11:38,100,31,3843.5,992
2022-12-23 10:11:39,169,120,3844.5,1112
2022-12-23 10:11:40,159,-8,3844.5,1104
2022-12-23 10:11:41,72,-15,3843.75,1089
2022-12-23 10:11:42,118,40,3844.0,1129
2022-12-23 10:11:43,53,4,3844.25,1133
2022-12-23 10:11:44,126,5,3844.25,1138
2022-12-23 10:11:45,62,13,3844.25,1151
2022-12-23 10:11:46,42,-5,3844.25,1146
2022-12-23 10:11:47,49,-20,3844.0,1126
2022-12-23 10:11:48,45,7,3844.0,1133
2022-12-23 10:11:49,79,16,3844.0,1149
2022-12-23 10:11:50,65,-6,3844.0,1143
2022-12-23 10:11:51,84,9,3844.0,1152
2022-12-23 10:11:52,178,-9,3844.75,1143
2022-12-23 10:11:53,39,3,3844.5,1146
2022-12-23 10:11:54,29,3,3844.5,1149
2022-12-23 10:11:55,19,-5,3844.5,1144
2022-12-23 10:11:56,36,-19,3844.5,1125
2022-12-23 10:11:57,66,-14,3844.25,1111
2022-12-23 10:11:58,117,-21,3843.75,1090
2022-12-23 10:11:59,53,-8,3843.5,1082
2022-12-23 10:12:00,99,-43,3843.5,1039
2022-12-23 10:12:01,50,-19,3843.25,1020
2022-12-23 10:12:02,88,12,3843.0,1032
2022-12-23 10:12:03,142,-124,3842.5,908
2022-12-23 10:12:04,175,-51,3842.0,857
2022-12-23 10:12:05,134,-2,3841.25,855
2022-12-23 10:12:06,83,-12,3841.0,843
2022-12-23 10:12:07,83,-39,3840.5,804
2022-12-23 10:12:08,72,1,3840.25,805
2022-12-23 10:12:09,56,-1,3840.25,804
2022-12-23 10:12:10,76,-7,3840.0,797
2022-12-23 10:12:11,105,-57,3839.75,740
2022-12-23 10:12:12,70,10,3840.0,750
2022-12-23 10:12:13,39,0,3840.25,750
2022-12-23 10:12:14,80,25,3840.75,775
2022-12-23 10:12:15,42,4,3840.75,779
2022-12-23 10:12:16,129,-17,3840.5,762
2022-12-23 10:12:17,59,-28,3839.75,734
2022-12-23 10:12:18,101,-6,3839.25,728
2022-12-23 10:12:19,147,-11,3839.0,717
2022-12-23 10:12:20,58,-3,3839.0,714
2022-12-23 10:12:21,64,-25,3839.0,689
2022-12-23 10:12:22,299,53,3839.0,742
2022-12-23 10:12:23,91,-25,3838.75,717
2022-12-23 10:12:24,22,12,3838.5,729
2022-12-23 10:12:25,28,0,3838.5,729
2022-12-23 10:12:26,40,-1,3838.5,728
2022-12-23 10:12:27,38,-13,3838.25,715
2022-12-23 10:12:28,40,5,3838.25,720
2022-12-23 10:12:29,55,28,3838.5,748
2022-12-23 10:12:30,30,-4,3838.5,744
2022-12-23 10:12:31,43,0,3838.75,744
2022-12-23 10:12:32,15,0,3838.5,744
2022-12-23 10:12:33,33,0,3838.75,744
2022-12-23 10:12:34,75,-31,3838.75,713
2022-12-23 10:12:35,38,8,3838.5,721
2022-12-23 10:12:36,39,-4,3838.5,717
2022-12-23 10:12:37,36,-19,3838.0,698
2022-12-23 10:12:38,32,13,3838.5,711
2022-12-23 10:12:39,44,3,3838.75,714
2022-12-23 10:12:40,77,48,3839.0,762
2022-12-23 10:12:41,14,6,3839.0,768
2022-12-23 10:12:42,33,-1,3839.0,767
2022-12-23 10:12:43,32,8,3838.75,775
2022-12-23 10:12:44,22,-9,3838.5,766
2022-12-23 10:12:45,29,36,3838.75,802
2022-12-23 10:12:46,89,20,3839.25,822
2022-12-23 10:12:47,39,-9,3839.25,813
2022-12-23 10:12:48,41,12,3839.5,825
2022-12-23 10:12:49,45,29,3839.75,854
2022-12-23 10:12:50,69,20,3840.0,874
2022-12-23 10:12:51,80,-8,3840.0,866
2022-12-23 10:12:52,46,3,3840.0,869
2022-12-23 10:12:53,18,-5,3840.0,864
2022-12-23 10:12:54,84,-2,3839.75,862
2022-12-23 10:12:55,32,8,3840.0,870
2022-12-23 10:12:56,58,22,3839.75,892
2022-12-23 10:12:57,33,-11,3839.75,881
2022-12-23 10:12:58,41,4,3840.25,885
2022-12-23 10:12:59,61,3,3840.5,888
2022-12-23 10:13:00,23,-3,3840.5,885
2022-12-23 10:13:01,41,8,3840.25,893
2022-12-23 10:13:02,18,-4,3840.0,889
2022-12-23 10:13:03,98,1,3840.75,890
2022-12-23 10:13:04,10,8,3840.5,898
2022-12-23 10:13:05,36,9,3840.75,907
2022-12-23 10:13:06,17,0,3840.75,907
2022-12-23 10:13:07,32,7,3840.5,914
2022-12-23 10:13:08,47,15,3840.75,929
2022-12-23 10:13:09,93,33,3841.5,962
2022-12-23 10:13:10,78,-15,3841.25,947
2022-12-23 10:13:11,21,-7,3840.5,940
2022-12-23 10:13:12,79,27,3840.5,967
2022-12-23 10:13:13,9,-1,3840.5,966
2022-12-23 10:13:14,44,13,3841.0,979
2022-12-23 10:13:15,35,-8,3840.75,971
2022-12-23 10:13:16,45,-37,3840.5,934
2022-12-23 10:13:17,60,-8,3840.5,926
2022-12-23 10:13:18,32,-4,3840.0,922
2022-12-23 10:13:19,26,-10,3840.0,912
2022-12-23 10:13:20,9,1,3840.25,913
2022-12-23 10:13:21,47,9,3840.5,922
2022-12-23 10:13:22,22,-2,3840.5,920
2022-12-23 10:13:23,22,-1,3840.75,919
2022-12-23 10:13:24,21,7,3840.5,926
2022-12-23 10:13:25,35,-9,3840.75,917
2022-12-23 10:13:26,15,-10,3840.5,907
2022-12-23 10:13:27,18,4,3840.25,911
2022-12-23 10:13:28,35,-3,3840.25,908
2022-12-23 10:13:29,13,-3,3840.0,905
2022-12-23 10:13:30,16,6,3840.25,911
2022-12-23 10:13:31,72,14,3840.5,925
2022-12-23 10:13:32,8,0,3840.5,925
2022-12-23 10:13:33,10,2,3840.75,927
2022-12-23 10:13:34,10,7,3840.75,934
2022-12-23 10:13:35,81,44,3841.5,978
2022-12-23 10:13:36,104,13,3841.5,991
2022-12-23 10:13:37,26,-14,3841.0,977
2022-12-23 10:13:38,21,-7,3841.0,970
2022-12-23 10:13:39,16,6,3840.5,976
2022-12-23 10:13:40,58,-18,3840.5,958
2022-12-23 10:13:41,34,-14,3840.0,944
2022-12-23 10:13:42,7,2,3840.25,946
2022-12-23 10:13:43,5,-1,3840.0,945
2022-12-23 10:13:44,14,-2,3840.0,943
2022-12-23 10:13:45,63,-41,3840.0,902
2022-12-23 10:13:46,17,11,3840.25,913
2022-12-23 10:13:47,37,-14,3840.25,899
2022-12-23 10:13:48,154,-128,3840.0,771
2022-12-23 10:13:49,61,21,3840.25,792
2022-12-23 10:13:50,46,-11,3840.0,781
2022-12-23 10:13:51,35,-7,3840.25,774
2022-12-23 10:13:52,32,-5,3840.0,769
2022-12-23 10:13:53,10,-10,3839.75,759
2022-12-23 10:13:54,40,-6,3839.75,753
2022-12-23 10:13:55,19,-12,3839.75,741
2022-12-23 10:13:56,8,0,3839.5,741
2022-12-23 10:13:57,30,-2,3839.5,739
2022-12-23 10:13:58,20,-4,3839.25,735
2022-12-23 10:13:59,32,-4,3839.75,731
2022-12-23 10:14:00,33,5,3840.0,736
2022-12-23 10:14:01,26,-4,3840.0,732
2022-12-23 10:14:02,74,-18,3840.5,714
2022-12-23 10:14:03,45,-18,3840.5,696
2022-12-23 10:14:04,13,-1,3840.25,695
2022-12-23 10:14:05,15,2,3840.5,697
2022-12-23 10:14:06,58,-21,3840.25,676
2022-12-23 10:14:07,13,5,3839.75,681
2022-12-23 10:14:08,16,6,3840.0,687
2022-12-23 10:14:09,30,6,3840.25,693
2022-12-23 10:14:10,41,7,3840.25,700
2022-12-23 10:14:11,19,0,3839.75,700
2022-12-23 10:14:12,109,-42,3839.5,658
2022-12-23 10:14:13,132,30,3839.25,688
2022-12-23 10:14:14,32,13,3839.5,701
2022-12-23 10:14:15,18,-4,3839.25,697
2022-12-23 10:14:16,60,6,3839.5,703
2022-12-23 10:14:17,52,-9,3839.0,694
2022-12-23 10:14:18,216,-88,3839.25,606
2022-12-23 10:14:19,173,94,3840.25,700
2022-12-23 10:14:20,65,-28,3840.5,672
2022-12-23 10:14:21,27,7,3840.0,679
2022-12-23 10:14:22,55,-34,3839.75,645
2022-12-23 10:14:23,10,10,3839.75,655
2022-12-23 10:14:24,30,-6,3839.5,649
2022-12-23 10:14:25,38,-7,3839.25,642
2022-12-23 10:14:26,39,18,3839.75,660
2022-12-23 10:14:27,9,-9,3839.5,651
2022-12-23 10:14:28,62,37,3839.5,688
2022-12-23 10:14:29,26,19,3839.5,707
2022-12-23 10:14:30,17,-3,3839.25,704
2022-12-23 10:14:31,4,0,3839.25,704
2022-12-23 10:14:32,51,-1,3839.75,703
2022-12-23 10:14:33,131,92,3840.75,795
2022-12-23 10:14:34,15,2,3840.75,797
2022-12-23 10:14:35,39,-13,3840.25,784
2022-12-23 10:14:36,24,-5,3839.75,779
2022-12-23 10:14:37,30,-10,3839.75,769
2022-12-23 10:14:38,55,-10,3839.75,759
2022-12-23 10:14:39,25,-9,3839.5,750
2022-12-23 10:14:40,37,5,3839.25,755
2022-12-23 10:14:41,40,20,3839.5,775
2022-12-23 10:14:42,12,-2,3839.25,773
2022-12-23 10:14:43,9,-1,3839.5,772
2022-12-23 10:14:44,37,-11,3839.25,761
2022-12-23 10:14:45,111,0,3839.0,761
2022-12-23 10:14:46,13,3,3838.75,764
2022-12-23 10:14:47,62,-18,3838.75,746
2022-12-23 10:14:48,18,11,3839.25,757
2022-12-23 10:14:49,25,-3,3839.0,754
2022-12-23 10:14:50,12,5,3839.0,759
2022-12-23 10:14:51,84,-28,3839.25,731
2022-12-23 10:14:52,51,-26,3838.75,705
2022-12-23 10:14:53,39,-1,3838.5,704
2022-12-23 10:14:54,352,77,3838.75,781
2022-12-23 10:14:55,16,-9,3838.5,772
2022-12-23 10:14:56,34,-18,3838.0,754
2022-12-23 10:14:57,135,-89,3837.75,665
2022-12-23 10:14:58,44,-4,3837.5,661
2022-12-23 10:14:59,52,-8,3838.0,653
2022-12-23 10:15:00,80,43,3838.5,696
2022-12-23 10:15:01,141,-100,3838.0,596
2022-12-23 10:15:02,81,-10,3838.25,586
2022-12-23 10:15:03,65,5,3838.25,591
2022-12-23 10:15:04,39,-10,3837.75,581
2022-12-23 10:15:05,44,-4,3838.0,577
2022-12-23 10:15:06,41,4,3838.0,581
2022-12-23 10:15:07,86,-42,3837.75,539
2022-12-23 10:15:08,217,-77,3836.75,462
2022-12-23 10:15:09,37,1,3836.5,463
2022-12-23 10:15:10,38,13,3836.5,476
2022-12-23 10:15:11,112,-77,3836.5,399
2022-12-23 10:15:12,50,0,3836.0,399
2022-12-23 10:15:13,162,32,3836.5,431
2022-12-23 10:15:14,65,-1,3836.75,430
2022-12-23 10:15:15,76,-27,3836.5,403
2022-12-23 10:15:16,35,-10,3836.0,393
2022-12-23 10:15:17,58,-3,3835.75,390
2022-12-23 10:15:18,280,-157,3835.5,233
2022-12-23 10:15:19,73,1,3834.75,234
2022-12-23 10:15:20,87,6,3835.25,240
2022-12-23 10:15:21,58,-6,3835.25,234
2022-12-23 10:15:22,65,11,3835.75,245
2022-12-23 10:15:23,51,15,3835.75,260
2022-12-23 10:15:24,26,15,3835.75,275
2022-12-23 10:15:25,117,-19,3836.0,256
2022-12-23 10:15:26,16,9,3835.75,265
2022-12-23 10:15:27,21,3,3835.75,268
2022-12-23 10:15:28,30,1,3835.75,269
2022-12-23 10:15:29,27,12,3836.25,281
2022-12-23 10:15:30,31,12,3836.25,293
2022-12-23 10:15:31,43,23,3836.5,316
2022-12-23 10:15:32,96,69,3837.25,385
2022-12-23 10:15:33,122,31,3838.0,416
2022-12-23 10:15:34,95,23,3838.5,439
2022-12-23 10:15:35,143,74,3839.25,513
2022-12-23 10:15:36,118,21,3839.75,534
2022-12-23 10:15:37,226,148,3840.25,682
2022-12-23 10:15:38,154,43,3841.0,725
2022-12-23 10:15:39,72,3,3841.0,728
2022-12-23 10:15:40,172,-5,3841.25,723
2022-12-23 10:15:41,49,17,3841.0,740
2022-12-23 10:15:42,126,5,3840.75,745
2022-12-23 10:15:43,127,-20,3840.0,725
2022-12-23 10:15:44,37,11,3840.0,736
2022-12-23 10:15:45,35,-17,3840.25,719
2022-12-23 10:15:46,43,7,3839.5,726
2022-12-23 10:15:47,26,4,3839.25,730
2022-12-23 10:15:48,64,15,3840.0,745
2022-12-23 10:15:49,120,4,3840.25,749
2022-12-23 10:15:50,44,12,3840.5,761
2022-12-23 10:15:51,24,4,3840.5,765
2022-12-23 10:15:52,56,9,3840.5,774
2022-12-23 10:15:53,95,-75,3840.25,699
2022-12-23 10:15:54,46,-17,3839.5,682
2022-12-23 10:15:55,30,10,3839.75,692
2022-12-23 10:15:56,15,-6,3839.5,686
2022-12-23 10:15:57,27,1,3839.75,687
2022-12-23 10:15:58,55,13,3840.5,700
2022-12-23 10:15:59,32,21,3840.5,721
2022-12-23 10:16:00,49,-1,3840.75,720
2022-12-23 10:16:01,151,63,3841.75,783
2022-12-23 10:16:02,283,77,3843.0,860
2022-12-23 10:16:03,143,-2,3843.0,858
2022-12-23 10:16:04,107,23,3843.5,881
2022-12-23 10:16:05,118,27,3844.0,908
2022-12-23 10:16:06,114,-21,3844.0,887
2022-12-23 10:16:07,162,61,3844.0,948
2022-12-23 10:16:08,45,1,3844.25,949
2022-12-23 10:16:09,47,24,3844.5,973
2022-12-23 10:16:10,211,62,3845.0,1035
2022-12-23 10:16:11,241,62,3845.75,1097
2022-12-23 10:16:12,123,2,3845.75,1099
2022-12-23 10:16:13,111,35,3846.0,1134
2022-12-23 10:16:14,199,13,3846.25,1147
2022-12-23 10:16:15,72,3,3846.5,1150
2022-12-23 10:16:16,78,8,3846.75,1158
2022-12-23 10:16:17,75,14,3846.5,1172
2022-12-23 10:16:18,105,-11,3846.75,1161
2022-12-23 10:16:19,49,15,3846.5,1176
2022-12-23 10:16:20,324,73,3848.0,1249
2022-12-23 10:16:21,99,5,3847.5,1254
2022-12-23 10:16:22,66,-1,3847.75,1253
2022-12-23 10:16:23,49,0,3847.5,1253
2022-12-23 10:16:24,67,-3,3848.0,1250
2022-12-23 10:16:25,84,14,3848.0,1264
2022-12-23 10:16:26,57,-21,3847.75,1243
2022-12-23 10:16:27,51,4,3847.0,1247
2022-12-23 10:16:28,80,8,3847.0,1255
2022-12-23 10:16:29,78,-20,3846.5,1235
2022-12-23 10:16:30,135,14,3846.25,1249
2022-12-23 10:16:31,44,-7,3846.5,1242
2022-12-23 10:16:32,27,-3,3846.5,1239
2022-12-23 10:16:33,136,42,3847.0,1281
2022-12-23 10:16:34,22,10,3847.25,1291
2022-12-23 10:16:35,57,4,3847.25,1295
2022-12-23 10:16:36,66,25,3847.5,1320
2022-12-23 10:16:37,21,5,3847.5,1325
2022-12-23 10:16:38,68,26,3847.75,1351
2022-12-23 10:16:39,43,-2,3847.5,1349
2022-12-23 10:16:40,118,44,3847.75,1393
2022-12-23 10:16:41,59,-8,3847.25,1385
2022-12-23 10:16:42,51,-20,3846.75,1365
2022-12-23 10:16:43,67,-5,3846.5,1360
2022-12-23 10:16:44,118,-84,3846.25,1276
2022-12-23 10:16:45,124,-35,3845.75,1241
2022-12-23 10:16:46,63,6,3845.5,1247
2022-12-23 10:16:47,160,81,3846.75,1328
2022-12-23 10:16:48,57,2,3846.75,1330
2022-12-23 10:16:49,23,5,3846.5,1335
2022-12-23 10:16:50,28,3,3846.25,1338
2022-12-23 10:16:51,13,1,3845.75,1339
2022-12-23 10:16:52,13,4,3846.0,1343
2022-12-23 10:16:53,28,23,3846.0,1366
2022-12-23 10:16:54,43,9,3846.75,1375
2022-12-23 10:16:55,77,3,3847.25,1378
2022-12-23 10:16:56,32,20,3847.5,1398
2022-12-23 10:16:57,54,18,3847.5,1416
2022-12-23 10:16:58,123,39,3847.75,1455
2022-12-23 10:16:59,77,-1,3847.75,1454
2022-12-23 10:17:00,255,126,3848.0,1580
2022-12-23 10:17:01,184,-3,3847.75,1577
2022-12-23 10:17:02,37,-19,3847.0,1558
2022-12-23 10:17:03,20,-14,3847.0,1544
2022-12-23 10:17:04,69,26,3847.5,1570
2022-12-23 10:17:05,37,-9,3847.25,1561
2022-12-23 10:17:06,50,-9,3846.75,1552
2022-12-23 10:17:07,49,18,3847.5,1570
2022-12-23 10:17:08,69,-7,3847.75,1563
2022-12-23 10:17:09,182,34,3848.0,1597
2022-12-23 10:17:10,21,-11,3847.75,1586
2022-12-23 10:17:11,38,0,3847.5,1586
2022-12-23 10:17:12,50,25,3847.5,1611
2022-12-23 10:17:13,48,-8,3847.5,1603
2022-12-23 10:17:14,48,-16,3847.25,1587
2022-12-23 10:17:15,51,-2,3846.75,1585
2022-12-23 10:17:16,49,-12,3847.0,1573
2022-12-23 10:17:17,51,0,3847.25,1573
2022-12-23 10:17:18,8,0,3847.5,1573
2022-12-23 10:17:19,60,0,3847.5,1573
2022-12-23 10:17:20,25,-13,3847.5,1560
2022-12-23 10:17:21,15,5,3847.25,1565
2022-12-23 10:17:22,111,61,3848.25,1626
2022-12-23 10:17:23,121,58,3848.75,1684
2022-12-23 10:17:24,30,-1,3848.5,1683
2022-12-23 10:17:25,66,-22,3848.5,1661
2022-12-23 10:17:26,43,-15,3847.5,1646
2022-12-23 10:17:27,21,3,3847.25,1649
2022-12-23 10:17:28,49,7,3847.75,1656
2022-12-23 10:17:29,34,-4,3847.75,1652
2022-12-23 10:17:30,47,-8,3847.0,1644
2022-12-23 10:17:31,20,6,3847.25,1650
2022-12-23 10:17:32,33,2,3847.5,1652
2022-12-23 10:17:33,63,-26,3847.5,1626
2022-12-23 10:17:34,34,-1,3847.0,1625
2022-12-23 10:17:35,26,9,3847.25,1634
2022-12-23 10:17:36,27,-8,3847.25,1626
2022-12-23 10:17:37,14,3,3847.0,1629
2022-12-23 10:17:38,113,27,3848.0,1656
2022-12-23 10:17:39,22,-2,3847.75,1654
2022-12-23 10:17:40,34,16,3848.0,1670
2022-12-23 10:17:41,24,13,3848.25,1683
2022-12-23 10:17:42,51,12,3848.5,1695
2022-12-23 10:17:43,78,15,3848.75,1710
2022-12-23 10:17:44,534,147,3851.0,1857
2022-12-23 10:17:45,105,-3,3850.25,1854
2022-12-23 10:17:46,86,-5,3850.0,1849
2022-12-23 10:17:47,62,0,3849.75,1849
2022-12-23 10:17:48,62,-3,3850.0,1846
2022-12-23 10:17:49,271,71,3851.5,1917
2022-12-23 10:17:50,525,144,3852.25,2061
2022-12-23 10:17:51,80,-18,3852.0,2043
2022-12-23 10:17:52,199,7,3852.5,2050
2022-12-23 10:17:53,139,3,3852.75,2053
2022-12-23 10:17:54,116,-1,3852.5,2052
2022-12-23 10:17:55,240,36,3853.5,2088
2022-12-23 10:17:56,174,16,3854.0,2104
2022-12-23 10:17:57,832,184,3854.75,2288
2022-12-23 10:17:58,252,-38,3854.5,2250
2022-12-23 10:17:59,232,59,3854.5,2309
2022-12-23 10:18:00,234,-8,3854.75,2301
2022-12-23 10:18:01,160,21,3854.5,2322
2022-12-23 10:18:02,231,27,3855.0,2349
2022-12-23 10:18:03,245,45,3854.5,2394
2022-12-23 10:18:04,138,-1,3854.5,2393
2022-12-23 10:18:05,133,-23,3854.25,2370
2022-12-23 10:18:06,89,25,3853.75,2395
2022-12-23 10:18:07,113,-11,3853.75,2384
2022-12-23 10:18:08,90,-3,3853.5,2381
2022-12-23 10:18:09,131,-97,3853.0,2284
2022-12-23 10:18:10,80,1,3853.25,2285
2022-12-23 10:18:11,191,152,3853.75,2437
2022-12-23 10:18:12,45,-12,3853.75,2425
2022-12-23 10:18:13,97,22,3854.0,2447
2022-12-23 10:18:14,42,-6,3854.0,2441
2022-12-23 10:18:15,167,80,3855.0,2521
2022-12-23 10:18:16,236,7,3855.0,2528
2022-12-23 10:18:17,132,10,3854.75,2538
2022-12-23 10:18:18,58,9,3854.75,2547
2022-12-23 10:18:19,169,-35,3854.5,2512
2022-12-23 10:18:20,101,13,3854.75,2525
2022-12-23 10:18:21,55,-7,3854.75,2518
2022-12-23 10:18:22,29,2,3854.75,2520
2022-12-23 10:18:23,75,3,3854.75,2523
2022-12-23 10:18:24,72,-11,3854.25,2512
2022-12-23 10:18:25,159,19,3854.0,2531
2022-12-23 10:18:26,120,-6,3854.25,2525
2022-12-23 10:18:27,67,-43,3854.5,2482
2022-12-23 10:18:28,364,148,3856.0,2630
2022-12-23 10:18:29,217,20,3856.0,2650
2022-12-23 10:18:30,112,21,3855.5,2671
2022-12-23 10:18:31,81,-10,3855.5,2661
2022-12-23 10:18:32,79,29,3855.5,2690
2022-12-23 10:18:33,84,1,3855.25,2691
2022-12-23 10:18:34,42,1,3855.25,2692
2022-12-23 10:18:35,103,11,3855.25,2703
2022-12-23 10:18:36,38,-1,3855.25,2702
2022-12-23 10:18:37,42,-14,3855.0,2688
2022-12-23 10:18:38,165,-25,3855.0,2663
2022-12-23 10:18:39,184,63,3856.0,2726
2022-12-23 10:18:40,167,43,3856.0,2769
2022-12-23 10:18:41,34,-2,3855.5,2767
2022-12-23 10:18:42,58,-25,3855.5,2742
2022-12-23 10:18:43,79,10,3855.5,2752
2022-12-23 10:18:44,63,-5,3855.25,2747
2022-12-23 10:18:45,24,1,3855.25,2748
2022-12-23 10:18:46,113,-4,3855.5,2744
2022-12-23 10:18:47,94,8,3855.0,2752
2022-12-23 10:18:48,116,-30,3855.25,2722
2022-12-23 10:18:49,40,8,3855.25,2730
2022-12-23 10:18:50,51,18,3855.5,2748
2022-12-23 10:18:51,65,-7,3855.25,2741
2022-12-23 10:18:52,43,9,3854.75,2750
2022-12-23 10:18:53,65,2,3855.0,2752
2022-12-23 10:18:54,25,4,3855.0,2756
2022-12-23 10:18:55,47,-13,3855.0,2743
2022-12-23 10:18:56,57,-5,3854.75,2738
2022-12-23 10:18:57,73,21,3855.0,2759
2022-12-23 10:18:58,97,23,3855.5,2782
2022-12-23 10:18:59,10,5,3855.75,2787
2022-12-23 10:19:00,305,35,3856.25,2822
2022-12-23 10:19:01,58,-6,3856.0,2816
2022-12-23 10:19:02,45,8,3856.0,2824
2022-12-23 10:19:03,48,3,3855.75,2827
2022-12-23 10:19:04,39,23,3855.75,2850
2022-12-23 10:19:05,63,1,3855.75,2851
2022-12-23 10:19:06,178,-18,3855.25,2833
2022-12-23 10:19:07,25,-5,3855.5,2828
2022-12-23 10:19:08,88,37,3855.25,2865
2022-12-23 10:19:09,55,-20,3855.5,2845
2022-12-23 10:19:10,37,-7,3855.25,2838
2022-12-23 10:19:11,105,-30,3854.75,2808
2022-12-23 10:19:12,111,-8,3854.75,2800
2022-12-23 10:19:13,108,15,3855.25,2815
2022-12-23 10:19:14,45,4,3855.25,2819
2022-12-23 10:19:15,74,47,3855.25,2866
2022-12-23 10:19:16,15,-4,3855.0,2862
2022-12-23 10:19:17,84,-63,3854.75,2799
2022-12-23 10:19:18,22,18,3855.0,2817
2022-12-23 10:19:19,46,-13,3855.0,2804
2022-12-23 10:19:20,104,58,3855.5,2862
2022-12-23 10:19:21,58,7,3855.5,2869
2022-12-23 10:19:22,35,-18,3855.25,2851
2022-12-23 10:19:23,53,11,3855.5,2862
2022-12-23 10:19:24,105,-9,3855.0,2853
2022-12-23 10:19:25,59,-2,3855.0,2851
2022-12-23 10:19:26,70,28,3855.5,2879
2022-12-23 10:19:27,29,9,3855.75,2888
2022-12-23 10:19:28,66,5,3855.75,2893
2022-12-23 10:19:29,27,2,3855.75,2895
2022-12-23 10:19:30,34,7,3855.75,2902
2022-12-23 10:19:31,81,28,3856.0,2930
2022-12-23 10:19:32,31,8,3856.0,2938
2022-12-23 10:19:33,51,24,3856.25,2962
2022-12-23 10:19:34,36,-11,3856.25,2951
2022-12-23 10:19:35,37,4,3856.0,2955
2022-12-23 10:19:36,57,-9,3855.75,2946
2022-12-23 10:19:37,70,10,3856.0,2956
2022-12-23 10:19:38,73,48,3856.25,3004
2022-12-23 10:19:39,149,8,3856.25,3012
2022-12-23 10:19:40,93,31,3856.75,3043
2022-12-23 10:19:41,204,-52,3856.5,2991
2022-12-23 10:19:42,38,5,3856.0,2996
2022-12-23 10:19:43,88,6,3856.5,3002
2022-12-23 10:19:44,51,9,3856.5,3011
2022-12-23 10:19:45,46,-1,3856.25,3010
2022-12-23 10:19:46,23,15,3856.25,3025
2022-12-23 10:19:47,15,2,3856.25,3027
2022-12-23 10:19:48,66,-13,3856.25,3014
2022-12-23 10:19:49,56,-9,3855.75,3005
2022-12-23 10:19:50,106,-7,3855.75,2998
2022-12-23 10:19:51,209,86,3856.5,3084
2022-12-23 10:19:52,33,-9,3855.75,3075
2022-12-23 10:19:53,45,4,3855.75,3079
2022-12-23 10:19:54,45,-9,3855.75,3070
2022-12-23 10:19:55,38,8,3856.0,3078
2022-12-23 10:19:56,22,-4,3856.0,3074
2022-12-23 10:19:57,33,1,3855.75,3075
2022-12-23 10:19:58,70,31,3856.0,3106
2022-12-23 10:19:59,92,11,3856.0,3117
2022-12-23 10:20:00,187,82,3856.25,3199
2022-12-23 10:20:01,72,-20,3855.75,3179
2022-12-23 10:20:02,171,-52,3855.5,3127
2022-12-23 10:20:03,164,-85,3855.25,3042
2022-12-23 10:20:04,76,-34,3854.25,3008
2022-12-23 10:20:05,104,-26,3853.75,2982
2022-12-23 10:20:06,81,-1,3853.5,2981
2022-12-23 10:20:07,148,-71,3853.25,2910
2022-12-23 10:20:08,100,4,3853.0,2914
2022-12-23 10:20:09,79,23,3853.0,2937
2022-12-23 10:20:10,183,14,3852.75,2951
2022-12-23 10:20:11,113,-6,3852.5,2945
2022-12-23 10:20:12,82,3,3852.5,2948
2022-12-23 10:20:13,64,-16,3852.5,2932
2022-12-23 10:20:14,65,2,3852.25,2934
2022-12-23 10:20:15,150,36,3852.5,2970
2022-12-23 10:20:16,60,4,3852.25,2974
2022-12-23 10:20:17,95,-1,3852.0,2973
2022-12-23 10:20:18,45,16,3852.25,2989
2022-12-23 10:20:19,66,30,3853.0,3019
2022-12-23 10:20:20,94,62,3853.0,3081
2022-12-23 10:20:21,29,1,3852.75,3082
2022-12-23 10:20:22,68,15,3853.5,3097
2022-12-23 10:20:23,32,-12,3853.25,3085
2022-12-23 10:20:24,91,82,3853.5,3167
2022-12-23 10:20:25,30,1,3853.75,3168
2022-12-23 10:20:26,39,0,3853.5,3168
2022-12-23 10:20:27,37,3,3853.75,3171
2022-12-23 10:20:28,40,-6,3853.5,3165
2022-12-23 10:20:29,141,53,3854.5,3218
2022-12-23 10:20:30,70,-3,3854.75,3215
2022-12-23 10:20:31,130,59,3855.0,3274
2022-12-23 10:20:32,65,-1,3855.25,3273
2022-12-23 10:20:33,143,3,3855.25,3276
2022-12-23 10:20:34,45,-8,3855.5,3268
2022-12-23 10:20:35,63,8,3855.5,3276
2022-12-23 10:20:36,54,-21,3855.5,3255
2022-12-23 10:20:37,23,2,3855.25,3257
2022-12-23 10:20:38,13,7,3855.25,3264
2022-12-23 10:20:39,54,-19,3855.0,3245
2022-12-23 10:20:40,37,-10,3854.25,3235
2022-12-23 10:20:41,22,-3,3854.0,3232
2022-12-23 10:20:42,28,-5,3854.0,3227
2022-12-23 10:20:43,129,19,3854.25,3246
2022-12-23 10:20:44,9,6,3854.0,3252
2022-12-23 10:20:45,117,-99,3854.25,3153
2022-12-23 10:20:46,6,-4,3854.0,3149
2022-12-23 10:20:47,52,-13,3853.75,3136
2022-12-23 10:20:48,42,1,3853.5,3137
2022-12-23 10:20:49,46,-18,3853.5,3119
2022-12-23 10:20:50,34,7,3853.5,3126
2022-12-23 10:20:51,28,-23,3853.25,3103
2022-12-23 10:20:52,29,-2,3853.0,3101
2022-12-23 10:20:53,27,-15,3853.0,3086
2022-12-23 10:20:54,46,-17,3853.0,3069
2022-12-23 10:20:55,22,6,3853.0,3075
2022-12-23 10:20:56,10,-2,3853.25,3073
2022-12-23 10:20:57,33,-6,3853.0,3067
2022-12-23 10:20:58,62,-9,3852.5,3058
2022-12-23 10:20:59,44,3,3852.5,3061
2022-12-23 10:21:00,89,-65,3852.5,2996
2022-12-23 10:21:01,316,-64,3851.5,2932
2022-12-23 10:21:02,110,-12,3851.25,2920
2022-12-23 10:21:03,68,-2,3851.25,2918
2022-12-23 10:21:04,97,-21,3851.5,2897
2022-12-23 10:21:05,149,-18,3851.0,2879
2022-12-23 10:21:06,57,11,3851.5,2890
2022-12-23 10:21:07,90,5,3852.0,2895
2022-12-23 10:21:08,40,-2,3852.0,2893
2022-12-23 10:21:09,92,-4,3851.75,2889
2022-12-23 10:21:10,28,8,3851.5,2897
2022-12-23 10:21:11,39,3,3852.0,2900
2022-12-23 10:21:12,26,-15,3852.0,2885
2022-12-23 10:21:13,63,3,3851.25,2888
2022-12-23 10:21:14,91,-45,3851.5,2843
2022-12-23 10:21:15,33,2,3851.0,2845
2022-12-23 10:21:16,104,-41,3850.75,2804
2022-12-23 10:21:17,138,31,3851.5,2835
2022-12-23 10:21:18,34,13,3851.5,2848
2022-12-23 10:21:19,77,4,3851.5,2852
2022-12-23 10:21:20,72,30,3851.75,2882
2022-12-23 10:21:21,95,40,3851.75,2922
2022-12-23 10:21:22,17,2,3851.75,2924
2022-12-23 10:21:23,36,-13,3851.5,2911
2022-12-23 10:21:24,53,10,3851.75,2921
2022-12-23 10:21:25,141,-19,3852.25,2902
2022-12-23 10:21:26,39,15,3851.75,2917
2022-12-23 10:21:27,59,-15,3851.75,2902
2022-12-23 10:21:28,24,-3,3851.75,2899
2022-12-23 10:21:29,91,-1,3851.5,2898
2022-12-23 10:21:30,158,-3,3852.0,2895
2022-12-23 10:21:31,123,56,3852.5,2951
2022-12-23 10:21:32,41,21,3853.0,2972
2022-12-23 10:21:33,97,21,3853.75,2993
2022-12-23 10:21:34,77,10,3853.5,3003
2022-12-23 10:21:35,28,11,3853.25,3014
2022-12-23 10:21:36,71,-2,3853.75,3012
2022-12-23 10:21:37,17,-2,3853.5,3010
2022-12-23 10:21:38,83,-23,3853.25,2987
2022-12-23 10:21:39,34,0,3853.25,2987
2022-12-23 10:21:40,55,-7,3853.5,2980
2022-12-23 10:21:41,21,-1,3853.25,2979
2022-12-23 10:21:42,49,-15,3852.75,2964
2022-12-23 10:21:43,24,3,3852.75,2967
2022-12-23 10:21:44,18,-5,3852.75,2962
2022-12-23 10:21:45,27,5,3852.75,2967
2022-12-23 10:21:46,13,3,3852.5,2970
2022-12-23 10:21:47,1,1,3852.75,2971
2022-12-23 10:21:48,60,4,3853.0,2975
2022-12-23 10:21:49,40,7,3853.25,2982
2022-12-23 10:21:50,24,6,3853.5,2988
2022-12-23 10:21:51,47,-2,3853.5,2986
2022-12-23 10:21:52,13,9,3853.75,2995
2022-12-23 10:21:53,34,-4,3854.0,2991
2022-12-23 10:21:54,30,7,3854.0,2998
2022-12-23 10:21:55,53,9,3854.25,3007
2022-12-23 10:21:56,51,8,3854.5,3015
2022-12-23 10:21:57,25,20,3854.5,3035
2022-12-23 10:21:58,103,59,3855.0,3094
2022-12-23 10:21:59,63,11,3855.0,3105
2022-12-23 10:22:00,102,-33,3854.75,3072
2022-12-23 10:22:01,73,14,3855.25,3086
2022-12-23 10:22:02,42,-2,3855.25,3084
2022-12-23 10:22:03,26,12,3855.25,3096
2022-12-23 10:22:04,128,59,3856.5,3155
2022-12-23 10:22:05,157,29,3856.5,3184
2022-12-23 10:22:06,107,17,3856.0,3201
2022-12-23 10:22:07,56,7,3855.5,3208
2022-12-23 10:22:08,45,-8,3856.0,3200
2022-12-23 10:22:09,34,3,3855.5,3203
2022-12-23 10:22:10,73,-60,3855.25,3143
2022-12-23 10:22:11,32,-9,3855.0,3134
2022-12-23 10:22:12,80,7,3854.75,3141
2022-12-23 10:22:13,26,3,3854.75,3144
2022-12-23 10:22:14,83,-48,3854.75,3096
2022-12-23 10:22:15,51,-14,3854.0,3082
2022-12-23 10:22:16,65,4,3854.25,3086
2022-12-23 10:22:17,6,0,3854.25,3086
2022-12-23 10:22:18,53,36,3854.25,3122
2022-12-23 10:22:19,45,-13,3854.5,3109
2022-12-23 10:22:20,20,2,3854.5,3111
2022-12-23 10:22:21,43,-4,3854.5,3107
2022-12-23 10:22:22,78,13,3854.25,3120
2022-12-23 10:22:23,51,1,3854.0,3121
2022-12-23 10:22:24,24,1,3854.0,3122
2022-12-23 10:22:25,79,12,3853.75,3134
2022-12-23 10:22:26,36,4,3853.75,3138
2022-12-23 10:22:27,26,-4,3853.25,3134
2022-12-23 10:22:28,25,-2,3853.25,3132
2022-12-23 10:22:29,67,-15,3853.0,3117
2022-12-23 10:22:30,72,-5,3852.75,3112
2022-12-23 10:22:31,42,-19,3852.75,3093
2022-12-23 10:22:32,160,-114,3852.25,2979
2022-12-23 10:22:33,58,11,3852.0,2990
2022-12-23 10:22:34,57,-21,3852.0,2969
2022-12-23 10:22:35,53,13,3851.75,2982
2022-12-23 10:22:36,25,-1,3851.75,2981
2022-12-23 10:22:37,21,-4,3851.75,2977
2022-12-23 10:22:38,33,-14,3851.25,2963
2022-12-23 10:22:39,16,3,3851.5,2966
2022-12-23 10:22:40,41,17,3852.0,2983
2022-12-23 10:22:41,19,5,3851.75,2988
2022-12-23 10:22:42,43,5,3851.75,2993
2022-12-23 10:22:43,60,30,3852.0,3023
2022-12-23 10:22:44,3,-3,3852.0,3020
2022-12-23 10:22:45,28,0,3851.75,3020
2022-12-23 10:22:46,16,-8,3851.25,3012
2022-12-23 10:22:47,21,4,3851.25,3016
2022-12-23 10:22:48,34,-12,3851.5,3004
2022-12-23 10:22:49,33,2,3851.75,3006
2022-12-23 10:22:50,62,24,3852.5,3030
2022-12-23 10:22:51,51,28,3852.75,3058
2022-12-23 10:22:52,18,8,3852.75,3066
2022-12-23 10:22:53,101,40,3853.75,3106
2022-12-23 10:22:54,63,-11,3853.5,3095
2022-12-23 10:22:55,42,-17,3853.25,3078
2022-12-23 10:22:56,34,9,3853.5,3087
2022-12-23 10:22:57,26,-7,3853.25,3080
2022-12-23 10:22:58,91,-15,3853.5,3065
2022-12-23 10:22:59,67,4,3853.25,3069
2022-12-23 10:23:00,129,15,3853.75,3084
2022-12-23 10:23:01,30,-3,3853.0,3081
2022-12-23 10:23:02,21,1,3852.75,3082
2022-12-23 10:23:03,7,-4,3852.75,3078
2022-12-23 10:23:04,18,-5,3852.75,3073
2022-12-23 10:23:05,28,0,3852.5,3073
2022-12-23 10:23:06,22,8,3853.25,3081
2022-12-23 10:23:07,64,26,3854.25,3107
2022-12-23 10:23:08,35,-11,3854.0,3096
2022-12-23 10:23:09,45,-3,3853.5,3093
2022-12-23 10:23:10,21,8,3853.75,3101
2022-12-23 10:23:11,31,2,3853.75,3103
2022-12-23 10:23:12,33,2,3854.0,3105
2022-12-23 10:23:13,21,7,3854.25,3112
2022-12-23 10:23:14,56,20,3854.25,3132
2022-12-23 10:23:15,26,9,3854.5,3141
2022-12-23 10:23:16,57,-11,3854.5,3130
2022-12-23 10:23:17,18,-2,3854.5,3128
2022-12-23 10:23:18,156,97,3855.0,3225
2022-12-23 10:23:19,51,4,3855.0,3229
2022-12-23 10:23:20,38,1,3854.75,3230
2022-12-23 10:23:21,41,-2,3854.5,3228
2022-12-23 10:23:22,20,-3,3854.5,3225
2022-12-23 10:23:23,7,-7,3854.25,3218
2022-12-23 10:23:24,26,-1,3854.75,3217
2022-12-23 10:23:25,97,-24,3854.0,3193
2022-12-23 10:23:26,53,7,3853.75,3200
2022-12-23 10:23:27,24,-7,3853.5,3193
2022-12-23 10:23:28,34,2,3853.5,3195
2022-12-23 10:23:29,22,-3,3853.5,3192
2022-12-23 10:23:30,31,11,3853.75,3203
2022-12-23 10:23:31,1,1,3854.0,3204
2022-12-23 10:23:32,39,-7,3853.75,3197
2022-12-23 10:23:33,23,-7,3853.75,3190
2022-12-23 10:23:34,18,4,3853.75,3194
2022-12-23 10:23:35,34,15,3854.25,3209
2022-12-23 10:23:36,53,20,3854.5,3229
2022-12-23 10:23:37,16,-2,3854.5,3227
2022-12-23 10:23:38,26,0,3854.75,3227
2022-12-23 10:23:39,4,-2,3854.5,3225
2022-12-23 10:23:40,2,2,3854.75,3227
2022-12-23 10:23:41,43,19,3855.0,3246
2022-12-23 10:23:42,20,-5,3855.0,3241
2022-12-23 10:23:43,39,-8,3855.0,3233
2022-12-23 10:23:44,59,20,3855.75,3253
2022-12-23 10:23:45,61,11,3855.5,3264
2022-12-23 10:23:46,69,19,3855.25,3283
2022-12-23 10:23:47,37,-4,3855.0,3279
2022-12-23 10:23:48,22,0,3854.75,3279
2022-12-23 10:23:49,13,-6,3854.75,3273
2022-12-23 10:23:50,9,4,3855.0,3277
2022-12-23 10:23:51,56,-21,3855.0,3256
2022-12-23 10:23:52,14,2,3854.75,3258
2022-12-23 10:23:53,39,10,3855.0,3268
2022-12-23 10:23:54,22,-10,3855.0,3258
2022-12-23 10:23:55,2,2,3855.0,3260
2022-12-23 10:23:56,60,9,3855.25,3269
2022-12-23 10:23:57,14,3,3855.25,3272
2022-12-23 10:23:58,51,4,3855.75,3276
2022-12-23 10:23:59,113,70,3856.5,3346
2022-12-23 10:24:00,109,-1,3856.5,3345
2022-12-23 10:24:01,56,8,3856.0,3353
2022-12-23 10:24:02,22,-8,3855.75,3345
2022-12-23 10:24:03,54,1,3856.0,3346
2022-12-23 10:24:04,35,9,3856.0,3355
2022-12-23 10:24:05,51,-29,3856.0,3326
2022-12-23 10:24:06,104,-5,3855.75,3321
2022-12-23 10:24:07,21,-3,3855.75,3318
2022-12-23 10:24:08,15,-8,3856.0,3310
2022-12-23 10:24:09,130,-40,3855.5,3270
2022-12-23 10:24:10,51,18,3855.25,3288
2022-12-23 10:24:11,32,-1,3855.5,3287
2022-12-23 10:24:12,30,-16,3855.25,3271
2022-12-23 10:24:13,51,-9,3855.0,3262
2022-12-23 10:24:14,24,0,3855.0,3262
2022-12-23 10:24:15,51,-8,3855.25,3254
2022-12-23 10:24:16,39,7,3855.25,3261
2022-12-23 10:24:17,10,4,3855.0,3265
2022-12-23 10:24:18,55,-26,3854.75,3239
2022-12-23 10:24:19,50,-8,3854.5,3231
2022-12-23 10:24:20,14,-3,3854.5,3228
2022-12-23 10:24:21,21,3,3854.25,3231
2022-12-23 10:24:22,51,-1,3854.0,3230
2022-12-23 10:24:23,26,-20,3854.0,3210
2022-12-23 10:24:24,70,-11,3853.75,3199
2022-12-23 10:24:25,25,-6,3853.5,3193
2022-12-23 10:24:26,31,-10,3853.25,3183
2022-12-23 10:24:27,8,-2,3853.25,3181
2022-12-23 10:24:28,44,2,3853.25,3183
2022-12-23 10:24:29,17,9,3853.75,3192
2022-12-23 10:24:30,59,14,3853.75,3206
2022-12-23 10:24:31,27,13,3854.0,3219
2022-12-23 10:24:32,13,-3,3854.0,3216
2022-12-23 10:24:33,20,8,3854.0,3224
2022-12-23 10:24:34,13,-7,3853.75,3217
2022-12-23 10:24:35,57,14,3854.25,3231
2022-12-23 10:24:36,11,-6,3854.25,3225
2022-12-23 10:24:37,25,14,3854.5,3239
2022-12-23 10:24:38,45,11,3854.75,3250
2022-12-23 10:24:39,26,5,3855.0,3255
2022-12-23 10:24:40,33,2,3854.75,3257
2022-12-23 10:24:41,11,-4,3854.5,3253
2022-12-23 10:24:42,13,-10,3854.25,3243
2022-12-23 10:24:43,12,-8,3854.0,3235
2022-12-23 10:24:44,29,-11,3854.25,3224
2022-12-23 10:24:45,33,-11,3853.75,3213
2022-12-23 10:24:46,29,-7,3853.75,3206
2022-12-23 10:24:47,11,-1,3853.75,3205
2022-12-23 10:24:48,17,3,3854.25,3208
2022-12-23 10:24:49,51,-16,3854.25,3192
2022-12-23 10:24:50,56,8,3854.5,3200
2022-12-23 10:24:51,14,-10,3854.75,3190
2022-12-23 10:24:52,54,21,3855.25,3211
2022-12-23 10:24:53,61,45,3855.5,3256
2022-12-23 10:24:54,33,-16,3855.5,3240
2022-12-23 10:24:55,177,-84,3855.25,3156
2022-12-23 10:24:56,19,-6,3854.75,3150
2022-12-23 10:24:57,48,3,3854.75,3153
2022-12-23 10:24:58,103,39,3855.5,3192
2022-12-23 10:24:59,4,3,3855.5,3195
2022-12-23 10:25:00,63,-13,3855.25,3182
2022-12-23 10:25:01,73,17,3855.5,3199
2022-12-23 10:25:02,44,-14,3855.25,3185
2022-12-23 10:25:03,25,9,3855.0,3194
2022-12-23 10:25:04,48,14,3855.75,3208
2022-12-23 10:25:05,30,0,3855.5,3208
2022-12-23 10:25:06,28,1,3855.5,3209
2022-12-23 10:25:07,74,22,3855.75,3231
2022-12-23 10:25:08,16,1,3855.75,3232
2022-12-23 10:25:09,84,-41,3855.75,3191
2022-12-23 10:25:10,53,-11,3855.75,3180
2022-12-23 10:25:11,28,-1,3855.75,3179
2022-12-23 10:25:12,26,1,3855.5,3180
2022-12-23 10:25:13,1,1,3855.25,3181
2022-12-23 10:25:14,34,10,3855.5,3191
2022-12-23 10:25:15,20,2,3855.75,3193
2022-12-23 10:25:16,16,1,3855.75,3194
2022-12-23 10:25:17,10,6,3855.75,3200
2022-12-23 10:25:18,11,10,3855.75,3210
2022-12-23 10:25:19,29,-3,3856.0,3207
2022-12-23 10:25:20,54,14,3856.25,3221
2022-12-23 10:25:21,16,-1,3856.25,3220
2022-12-23 10:25:22,60,-20,3855.75,3200
2022-12-23 10:25:23,41,-4,3855.75,3196
2022-12-23 10:25:24,18,8,3855.5,3204
2022-12-23 10:25:25,37,-14,3855.5,3190
2022-12-23 10:25:26,31,14,3855.5,3204
2022-12-23 10:25:27,30,-13,3855.25,3191
2022-12-23 10:25:28,29,19,3855.75,3210
2022-12-23 10:25:29,4,-4,3855.5,3206
2022-12-23 10:25:30,35,4,3855.5,3210
2022-12-23 10:25:31,50,-7,3855.5,3203
2022-12-23 10:25:32,108,-34,3855.25,3169
2022-12-23 10:25:33,109,-11,3854.5,3158
2022-12-23 10:25:34,43,12,3854.75,3170
2022-12-23 10:25:35,10,-4,3854.25,3166
2022-12-23 10:25:36,21,6,3854.25,3172
2022-12-23 10:25:37,27,-17,3854.25,3155
2022-12-23 10:25:38,39,25,3855.0,3180
2022-12-23 10:25:39,29,-1,3854.75,3179
2022-12-23 10:25:40,28,15,3854.75,3194
2022-12-23 10:25:41,19,-9,3854.75,3185
2022-12-23 10:25:42,28,-17,3854.5,3168
2022-12-23 10:25:43,48,11,3854.25,3179
2022-12-23 10:25:44,24,3,3854.5,3182
2022-12-23 10:25:45,10,0,3854.75,3182
2022-12-23 10:25:46,2,2,3854.5,3184
2022-12-23 10:25:47,37,14,3855.0,3198
2022-12-23 10:25:48,62,5,3855.75,3203
2022-12-23 10:25:49,30,-2,3855.75,3201
2022-12-23 10:25:50,79,31,3856.0,3232
2022-12-23 10:25:51,49,9,3856.25,3241
2022-12-23 10:25:52,20,0,3856.0,3241
2022-12-23 10:25:53,134,96,3856.5,3337
2022-12-23 10:25:54,443,198,3857.5,3535
2022-12-23 10:25:55,112,52,3857.75,3587
2022-12-23 10:25:56,521,149,3858.75,3736
2022-12-23 10:25:57,170,8,3858.75,3744
2022-12-23 10:25:58,53,25,3858.75,3769
2022-12-23 10:25:59,167,-22,3858.75,3747
2022-12-23 10:26:00,204,62,3859.25,3809
2022-12-23 10:26:01,279,11,3859.75,3820
2022-12-23 10:26:02,210,35,3859.75,3855
2022-12-23 10:26:03,102,44,3859.75,3899
2022-12-23 10:26:04,126,-27,3859.75,3872
2022-12-23 10:26:05,91,-15,3859.25,3857
2022-12-23 10:26:06,179,-77,3859.25,3780
2022-12-23 10:26:07,55,-18,3858.25,3762
2022-12-23 10:26:08,165,-77,3857.75,3685
2022-12-23 10:26:09,101,6,3857.0,3691
2022-12-23 10:26:10,165,-3,3857.0,3688
2022-12-23 10:26:11,40,-5,3856.75,3683
2022-12-23 10:26:12,50,10,3856.5,3693
2022-12-23 10:26:13,106,-24,3857.0,3669
2022-12-23 10:26:14,88,4,3857.5,3673
2022-12-23 10:26:15,49,2,3857.5,3675
2022-12-23 10:26:16,95,-22,3857.5,3653
2022-12-23 10:26:17,21,3,3857.75,3656
2022-12-23 10:26:18,88,-58,3857.75,3598
2022-12-23 10:26:19,41,13,3857.75,3611
2022-12-23 10:26:20,35,-7,3857.5,3604
2022-12-23 10:26:21,64,-4,3857.5,3600
2022-12-23 10:26:22,42,12,3857.75,3612
2022-12-23 10:26:23,18,3,3857.5,3615
2022-12-23 10:26:24,38,-13,3857.25,3602
2022-12-23 10:26:25,94,-42,3857.0,3560
2022-12-23 10:26:26,57,-15,3856.5,3545
2022-12-23 10:26:27,105,-67,3856.0,3478
2022-12-23 10:26:28,80,10,3855.5,3488
2022-12-23 10:26:29,80,-43,3855.0,3445
2022-12-23 10:26:30,67,-17,3854.75,3428
2022-12-23 10:26:31,54,0,3854.75,3428
2022-12-23 10:26:32,58,-7,3854.75,3421
2022-12-23 10:26:33,65,5,3854.75,3426
2022-12-23 10:26:34,22,4,3855.0,3430
2022-12-23 10:26:35,97,23,3855.5,3453
2022-12-23 10:26:36,57,9,3856.0,3462
2022-12-23 10:26:37,55,22,3856.0,3484
2022-12-23 10:26:38,32,16,3856.0,3500
2022-12-23 10:26:39,41,4,3856.25,3504
2022-12-23 10:26:40,19,7,3856.5,3511
2022-12-23 10:26:41,51,0,3856.75,3511
2022-12-23 10:26:42,10,2,3856.75,3513
2022-12-23 10:26:43,18,3,3856.75,3516
2022-12-23 10:26:44,37,-6,3856.75,3510
2022-12-23 10:26:45,52,-26,3856.5,3484
2022-12-23 10:26:46,62,-11,3856.0,3473
2022-12-23 10:26:47,21,9,3856.0,3482
2022-12-23 10:26:48,25,-13,3856.0,3469
2022-12-23 10:26:49,51,-17,3855.75,3452
2022-12-23 10:26:50,41,12,3855.75,3464
2022-12-23 10:26:51,27,15,3855.75,3479
2022-12-23 10:26:52,27,6,3856.0,3485
2022-12-23 10:26:53,16,-5,3856.25,3480
2022-12-23 10:26:54,15,7,3856.25,3487
2022-12-23 10:26:55,13,-3,3856.0,3484
2022-12-23 10:26:56,20,-2,3856.0,3482
2022-12-23 10:26:57,18,-5,3856.0,3477
2022-12-23 10:26:58,43,22,3856.5,3499
2022-12-23 10:26:59,17,11,3856.75,3510
2022-12-23 10:27:00,80,-26,3856.75,3484
2022-12-23 10:27:01,80,-5,3856.25,3479
2022-12-23 10:27:02,34,-11,3856.0,3468
2022-12-23 10:27:03,69,-43,3856.25,3425
2022-12-23 10:27:04,9,-1,3856.0,3424
2022-12-23 10:27:05,32,0,3856.25,3424
2022-12-23 10:27:06,32,8,3856.5,3432
2022-12-23 10:27:07,23,-4,3856.75,3428
2022-12-23 10:27:08,5,2,3856.5,3430
2022-12-23 10:27:09,53,28,3857.0,3458
2022-12-23 10:27:10,27,-4,3856.25,3454
2022-12-23 10:27:11,19,5,3856.75,3459
2022-12-23 10:27:12,74,37,3857.5,3496
2022-12-23 10:27:13,60,18,3857.5,3514
2022-12-23 10:27:14,35,1,3857.5,3515
2022-12-23 10:27:15,29,0,3857.5,3515
2022-12-23 10:27:16,21,1,3857.5,3516
2022-12-23 10:27:17,19,5,3857.5,3521
2022-12-23 10:27:18,117,-28,3857.75,3493
2022-12-23 10:27:19,22,13,3857.0,3506
2022-12-23 10:27:20,35,-8,3857.0,3498
2022-12-23 10:27:21,5,-5,3856.75,3493
2022-12-23 10:27:22,13,2,3856.75,3495
2022-12-23 10:27:23,112,-95,3856.5,3400
2022-12-23 10:27:24,57,-13,3856.0,3387
2022-12-23 10:27:25,30,9,3856.0,3396
2022-12-23 10:27:26,5,1,3856.0,3397
2022-12-23 10:27:27,32,5,3856.25,3402
2022-12-23 10:27:28,44,13,3856.5,3415
2022-12-23 10:27:29,25,2,3856.25,3417
2022-12-23 10:27:30,49,2,3856.75,3419
2022-12-23 10:27:31,54,-6,3856.5,3413
2022-12-23 10:27:32,36,25,3856.5,3438
2022-12-23 10:27:33,9,4,3856.5,3442
2022-12-23 10:27:34,9,3,3856.75,3445
2022-12-23 10:27:35,96,27,3856.75,3472
2022-12-23 10:27:36,6,0,3856.5,3472
2022-12-23 10:27:37,5,1,3856.5,3473
2022-12-23 10:27:39,21,-12,3856.25,3461
2022-12-23 10:27:40,39,-4,3856.25,3457
2022-12-23 10:27:41,26,-5,3856.0,3452
2022-12-23 10:27:42,32,-1,3856.5,3451
2022-12-23 10:27:43,11,-2,3856.75,3449
2022-12-23 10:27:44,14,-13,3856.5,3436
2022-12-23 10:27:45,27,-8,3856.5,3428
2022-12-23 10:27:46,20,-3,3856.25,3425
2022-12-23 10:27:47,49,-28,3855.75,3397
2022-12-23 10:27:48,231,-44,3855.75,3353
2022-12-23 10:27:49,53,-29,3855.5,3324
2022-12-23 10:27:50,13,-2,3855.25,3322
2022-12-23 10:27:51,14,1,3855.25,3323
2022-12-23 10:27:52,29,5,3855.25,3328
2022-12-23 10:27:53,53,24,3855.5,3352
2022-12-23 10:27:54,23,-6,3855.5,3346
2022-12-23 10:27:55,15,10,3855.5,3356
2022-12-23 10:27:56,10,5,3855.5,3361
2022-12-23 10:27:57,71,-10,3855.25,3351
2022-12-23 10:27:58,54,19,3855.5,3370
2022-12-23 10:27:59,46,6,3856.0,3376
2022-12-23 10:28:00,31,6,3855.75,3382
2022-12-23 10:28:01,24,-10,3855.75,3372
2022-12-23 10:28:02,58,-8,3855.5,3364
2022-12-23 10:28:03,59,8,3855.25,3372
2022-12-23 10:28:04,136,-20,3855.0,3352
2022-12-23 10:28:05,39,-7,3854.5,3345
2022-12-23 10:28:06,185,-11,3854.75,3334
2022-12-23 10:28:07,28,-9,3855.0,3325
2022-12-23 10:28:08,13,4,3854.75,3329
2022-12-23 10:28:09,37,12,3855.25,3341
2022-12-23 10:28:10,24,-2,3855.0,3339
2022-12-23 10:28:11,16,-4,3855.25,3335
2022-12-23 10:28:12,41,5,3855.0,3340
2022-12-23 10:28:13,18,10,3855.5,3350
2022-12-23 10:28:14,31,-13,3855.25,3337
2022-12-23 10:28:15,15,1,3855.25,3338
2022-12-23 10:28:16,21,-7,3854.75,3331
2022-12-23 10:28:17,3,-1,3854.75,3330
2022-12-23 10:28:18,15,5,3854.75,3335
2022-12-23 10:28:19,7,-1,3854.75,3334
2022-12-23 10:28:20,59,-6,3854.75,3328
2022-12-23 10:28:21,62,-28,3854.25,3300
2022-12-23 10:28:22,17,-2,3854.0,3298
2022-12-23 10:28:23,18,6,3854.25,3304
2022-12-23 10:28:24,50,-25,3854.25,3279
2022-12-23 10:28:25,16,4,3854.25,3283
2022-12-23 10:28:26,91,31,3854.75,3314
2022-12-23 10:28:27,30,6,3855.0,3320
2022-12-23 10:28:28,36,-4,3854.75,3316
2022-12-23 10:28:29,19,-7,3854.75,3309
2022-12-23 10:28:30,12,-7,3854.5,3302
2022-12-23 10:28:31,20,-15,3854.5,3287
2022-12-23 10:28:32,23,5,3854.5,3292
2022-12-23 10:28:33,101,-32,3854.25,3260
2022-12-23 10:28:34,210,-92,3853.75,3168
2022-12-23 10:28:35,165,-68,3853.0,3100
2022-12-23 10:28:36,39,-7,3852.5,3093
2022-12-23 10:28:37,146,-19,3852.5,3074
2022-12-23 10:28:38,61,1,3853.0,3075
2022-12-23 10:28:39,52,11,3853.25,3086
2022-12-23 10:28:40,58,-5,3853.75,3081
2022-12-23 10:28:41,58,-10,3853.0,3071
2022-12-23 10:28:42,90,-30,3852.75,3041
2022-12-23 10:28:43,23,6,3852.5,3047
2022-12-23 10:28:44,10,-8,3852.5,3039
2022-12-23 10:28:45,44,24,3853.25,3063
2022-12-23 10:28:46,65,-9,3853.25,3054
2022-12-23 10:28:47,35,13,3853.0,3067
2022-12-23 10:28:48,90,-27,3852.75,3040
2022-12-23 10:28:49,41,11,3852.25,3051
2022-12-23 10:28:50,237,-134,3852.25,2917
2022-12-23 10:28:51,71,-29,3851.5,2888
2022-12-23 10:28:52,95,1,3851.5,2889
2022-12-23 10:28:53,91,-14,3852.25,2875
2022-12-23 10:28:54,22,-13,3852.0,2862
2022-12-23 10:28:55,44,7,3851.75,2869
2022-12-23 10:28:56,54,6,3852.0,2875
2022-12-23 10:28:57,192,-12,3851.75,2863
2022-12-23 10:28:58,148,-15,3852.25,2848
2022-12-23 10:28:59,41,2,3852.25,2850
2022-12-23 10:29:00,136,56,3852.75,2906
2022-12-23 10:29:01,67,3,3852.5,2909
2022-12-23 10:29:02,46,10,3852.5,2919
2022-12-23 10:29:03,78,5,3852.25,2924
2022-12-23 10:29:04,29,13,3852.25,2937
2022-12-23 10:29:05,25,2,3852.5,2939
2022-12-23 10:29:06,33,9,3852.5,2948
2022-12-23 10:29:07,99,-37,3852.5,2911
2022-12-23 10:29:08,24,-2,3852.25,2909
2022-12-23 10:29:09,47,9,3852.5,2918
2022-12-23 10:29:10,56,3,3853.0,2921
2022-12-23 10:29:11,60,-8,3852.75,2913
2022-12-23 10:29:12,41,-5,3852.25,2908
2022-12-23 10:29:13,27,-5,3852.0,2903
2022-12-23 10:29:14,51,19,3852.25,2922
2022-12-23 10:29:15,68,28,3852.75,2950
2022-12-23 10:29:16,16,-7,3852.75,2943
2022-12-23 10:29:17,13,8,3852.75,2951
2022-12-23 10:29:18,65,43,3853.5,2994
2022-12-23 10:29:19,33,0,3853.5,2994
2022-12-23 10:29:20,19,-8,3853.25,2986
2022-12-23 10:29:21,32,10,3853.0,2996
2022-12-23 10:29:22,13,4,3853.25,3000
2022-12-23 10:29:23,63,24,3854.0,3024
2022-12-23 10:29:24,88,41,3854.5,3065
2022-12-23 10:29:25,24,15,3854.5,3080
2022-12-23 10:29:26,58,14,3854.75,3094
2022-12-23 10:29:27,34,-5,3854.75,3089
2022-12-23 10:29:28,88,30,3855.0,3119
2022-12-23 10:29:29,51,12,3855.25,3131
2022-12-23 10:29:30,25,4,3855.25,3135
2022-12-23 10:29:31,64,1,3855.25,3136
2022-12-23 10:29:32,17,-6,3855.0,3130
2022-12-23 10:29:33,39,-14,3854.5,3116
2022-12-23 10:29:34,25,-11,3854.5,3105
2022-12-23 10:29:35,28,-14,3854.25,3091
2022-12-23 10:29:36,23,-7,3853.75,3084
2022-12-23 10:29:37,14,-1,3853.5,3083
2022-12-23 10:29:38,33,7,3853.75,3090
2022-12-23 10:29:39,19,12,3854.25,3102
2022-12-23 10:29:40,67,1,3854.75,3103
2022-12-23 10:29:41,14,0,3854.75,3103
2022-12-23 10:29:42,6,-4,3854.5,3099
2022-12-23 10:29:43,21,6,3854.5,3105
2022-12-23 10:29:44,13,-3,3854.5,3102
2022-12-23 10:29:45,18,-5,3854.5,3097
2022-12-23 10:29:46,17,-1,3854.5,3096
2022-12-23 10:29:47,144,119,3855.25,3215
2022-12-23 10:29:48,12,-3,3855.0,3212
2022-12-23 10:29:49,36,2,3854.75,3214
2022-12-23 10:29:50,28,10,3855.25,3224
2022-12-23 10:29:51,30,13,3855.25,3237
2022-12-23 10:29:52,50,11,3855.5,3248
2022-12-23 10:29:53,20,1,3855.5,3249
2022-12-23 10:29:54,11,2,3855.25,3251
2022-12-23 10:29:55,17,9,3855.5,3260
2022-12-23 10:29:56,47,-13,3855.25,3247
2022-12-23 10:29:57,49,-4,3855.75,3243
2022-12-23 10:29:58,36,8,3855.75,3251
2022-12-23 10:29:59,21,-1,3855.75,3250
2022-12-23 10:30:00,109,24,3856.0,3274
2022-12-23 10:30:01,86,44,3856.25,3318
2022-12-23 10:30:02,42,-1,3856.0,3317
2022-12-23 10:30:03,59,10,3856.25,3327
2022-12-23 10:30:04,114,-48,3856.25,3279
2022-12-23 10:30:05,71,-20,3855.75,3259
2022-12-23 10:30:06,49,-5,3855.25,3254
2022-12-23 10:30:07,24,10,3855.25,3264
2022-12-23 10:30:08,21,-11,3855.25,3253
2022-12-23 10:30:09,83,38,3856.25,3291
2022-12-23 10:30:10,63,22,3856.5,3313
2022-12-23 10:30:11,55,10,3856.5,3323
2022-12-23 10:30:12,68,-7,3856.75,3316
2022-12-23 10:30:13,74,25,3856.75,3341
2022-12-23 10:30:14,149,-29,3856.75,3312
2022-12-23 10:30:15,4,4,3856.5,3316
2022-12-23 10:30:16,43,4,3856.5,3320
2022-12-23 10:30:17,26,-9,3856.5,3311
2022-12-23 10:30:18,159,-6,3856.75,3305
2022-12-23 10:30:19,94,-11,3856.5,3294
2022-12-23 10:30:20,71,17,3856.25,3311
2022-12-23 10:30:21,92,25,3857.0,3336
2022-12-23 10:30:22,200,104,3858.0,3440
2022-12-23 10:30:23,188,81,3858.25,3521
2022-12-23 10:30:24,50,11,3858.25,3532
2022-12-23 10:30:25,79,-39,3858.0,3493
2022-12-23 10:30:26,29,-5,3858.0,3488
2022-12-23 10:30:27,152,46,3859.0,3534
2022-12-23 10:30:28,191,76,3859.5,3610
2022-12-23 10:30:29,43,16,3859.25,3626
2022-12-23 10:30:30,91,-61,3859.25,3565
2022-12-23 10:30:31,25,13,3859.0,3578
2022-12-23 10:30:32,98,36,3859.75,3614
2022-12-23 10:30:33,25,0,3859.75,3614
2022-12-23 10:30:34,116,-16,3859.5,3598
2022-12-23 10:30:35,60,-7,3859.25,3591
2022-12-23 10:30:36,268,80,3860.25,3671
2022-12-23 10:30:37,84,9,3860.0,3680
2022-12-23 10:30:38,229,113,3860.5,3793
2022-12-23 10:30:39,78,14,3860.5,3807
2022-12-23 10:30:40,27,-3,3860.25,3804
2022-12-23 10:30:41,64,-1,3860.25,3803
2022-12-23 10:30:42,72,5,3860.5,3808
2022-12-23 10:30:43,83,-3,3860.75,3805
2022-12-23 10:30:44,311,184,3861.5,3989
2022-12-23 10:30:45,549,32,3862.25,4021
2022-12-23 10:30:46,91,31,3861.75,4052
2022-12-23 10:30:47,42,-3,3861.5,4049
2022-12-23 10:30:48,66,-5,3861.25,4044
2022-12-23 10:30:49,139,-16,3861.0,4028
2022-12-23 10:30:50,48,-27,3860.5,4001
2022-12-23 10:30:51,78,7,3860.25,4008
2022-12-23 10:30:52,45,4,3860.5,4012
2022-12-23 10:30:53,57,-9,3860.25,4003
2022-12-23 10:30:54,54,-7,3860.0,3996
2022-12-23 10:30:55,48,3,3859.5,3999
2022-12-23 10:30:56,102,-57,3859.75,3942
2022-12-23 10:30:57,43,-9,3859.25,3933
2022-12-23 10:30:58,51,1,3859.5,3934
2022-12-23 10:30:59,97,0,3860.0,3934
2022-12-23 10:31:00,117,69,3860.25,4003
2022-12-23 10:31:01,34,1,3860.0,4004
2022-12-23 10:31:02,59,-16,3859.75,3988
2022-12-23 10:31:03,42,9,3860.0,3997
2022-12-23 10:31:04,63,20,3860.0,4017
2022-12-23 10:31:05,136,5,3859.75,4022
2022-12-23 10:31:06,48,-4,3859.5,4018
2022-12-23 10:31:07,16,8,3859.5,4026
2022-12-23 10:31:08,25,0,3859.5,4026
2022-12-23 10:31:09,77,-46,3859.25,3980
2022-12-23 10:31:10,128,55,3858.75,4035
2022-12-23 10:31:11,28,-25,3858.75,4010
2022-12-23 10:31:12,58,1,3858.5,4011
2022-12-23 10:31:13,62,-15,3858.75,3996
2022-12-23 10:31:14,42,17,3859.0,4013
2022-12-23 10:31:15,34,-5,3859.5,4008
2022-12-23 10:31:16,48,-11,3859.0,3997
2022-12-23 10:31:17,55,-9,3858.5,3988
2022-12-23 10:31:18,72,-33,3858.0,3955
2022-12-23 10:31:19,39,19,3858.5,3974
2022-12-23 10:31:20,37,-7,3858.5,3967
2022-12-23 10:31:21,20,0,3858.0,3967
2022-12-23 10:31:22,43,9,3858.25,3976
2022-12-23 10:31:23,24,1,3858.0,3977
2022-12-23 10:31:24,60,-9,3858.0,3968
2022-12-23 10:31:25,103,-3,3858.25,3965
2022-12-23 10:31:26,39,-8,3858.25,3957
2022-12-23 10:31:27,52,-7,3858.75,3950
2022-12-23 10:31:28,7,0,3858.75,3950
2022-12-23 10:31:29,174,107,3859.5,4057
2022-12-23 10:31:30,38,21,3859.75,4078
2022-12-23 10:31:31,50,-9,3859.75,4069
2022-12-23 10:31:32,84,35,3860.0,4104
2022-12-23 10:31:33,89,23,3861.0,4127
2022-12-23 10:31:34,69,9,3861.0,4136
2022-12-23 10:31:35,21,-12,3860.5,4124
2022-12-23 10:31:36,44,13,3860.75,4137
2022-12-23 10:31:37,49,13,3861.25,4150
2022-12-23 10:31:38,49,-20,3861.25,4130
2022-12-23 10:31:39,18,-5,3861.0,4125
2022-12-23 10:31:40,16,0,3861.0,4125
2022-12-23 10:31:41,59,21,3861.5,4146
2022-12-23 10:31:42,50,-8,3861.75,4138
2022-12-23 10:31:43,37,6,3861.75,4144
2022-12-23 10:31:44,19,-2,3861.5,4142
2022-12-23 10:31:45,70,-7,3861.25,4135
2022-12-23 10:31:46,44,-1,3861.75,4134
2022-12-23 10:31:47,11,-2,3861.5,4132
2022-12-23 10:31:48,35,-12,3861.5,4120
2022-12-23 10:31:49,37,-11,3861.5,4109
2022-12-23 10:31:50,48,-1,3861.25,4108
2022-12-23 10:31:51,46,18,3861.25,4126
2022-12-23 10:31:52,24,-3,3861.25,4123
2022-12-23 10:31:53,47,-33,3861.0,4090
2022-12-23 10:31:54,47,8,3861.0,4098
2022-12-23 10:31:55,70,-4,3860.75,4094
2022-12-23 10:31:56,53,-11,3861.0,4083
2022-12-23 10:31:57,46,7,3860.75,4090
2022-12-23 10:31:58,68,18,3861.0,4108
2022-12-23 10:31:59,33,2,3861.25,4110
2022-12-23 10:32:00,98,27,3861.5,4137
2022-12-23 10:32:01,43,-1,3861.5,4136
2022-12-23 10:32:02,53,1,3861.5,4137
2022-12-23 10:32:03,72,39,3861.25,4176
2022-12-23 10:32:04,132,-57,3861.0,4119
2022-12-23 10:32:05,34,-2,3860.25,4117
2022-12-23 10:32:06,114,26,3861.0,4143
2022-12-23 10:32:07,15,-3,3861.25,4140
2022-12-23 10:32:08,10,-2,3861.0,4138
2022-12-23 10:32:09,101,3,3861.25,4141
2022-12-23 10:32:10,36,1,3861.25,4142
2022-12-23 10:32:11,70,50,3861.75,4192
2022-12-23 10:32:12,41,-5,3861.75,4187
2022-12-23 10:32:13,23,-12,3861.25,4175
2022-12-23 10:32:14,84,-2,3861.25,4173
2022-12-23 10:32:15,33,6,3861.5,4179
2022-12-23 10:32:16,73,-12,3861.75,4167
2022-12-23 10:32:17,80,48,3862.0,4215
2022-12-23 10:32:18,417,226,3863.0,4441
2022-12-23 10:32:19,116,-25,3863.0,4416
2022-12-23 10:32:20,126,-4,3863.25,4412
2022-12-23 10:32:21,59,14,3862.5,4426
2022-12-23 10:32:22,82,-39,3862.25,4387
2022-12-23 10:32:23,14,3,3862.25,4390
2022-12-23 10:32:24,40,-1,3862.5,4389
2022-12-23 10:32:25,83,-7,3862.5,4382
2022-12-23 10:32:26,82,0,3862.75,4382
2022-12-23 10:32:27,30,-4,3862.75,4378
2022-12-23 10:32:28,63,-5,3862.75,4373
2022-12-23 10:32:29,43,-6,3862.25,4367
2022-12-23 10:32:30,130,-30,3862.0,4337
2022-12-23 10:32:31,28,8,3862.0,4345
2022-12-23 10:32:32,59,-40,3862.0,4305
2022-12-23 10:32:33,39,7,3862.25,4312
2022-12-23 10:32:34,42,12,3862.75,4324
2022-12-23 10:32:35,62,-6,3863.0,4318
2022-12-23 10:32:36,21,0,3862.75,4318
2022-12-23 10:32:37,18,-3,3863.0,4315
2022-12-23 10:32:38,47,-9,3863.0,4306
2022-12-23 10:32:39,47,-4,3863.25,4302
2022-12-23 10:32:40,26,7,3863.0,4309
2022-12-23 10:32:41,94,-34,3863.0,4275
2022-12-23 10:32:42,57,9,3863.25,4284
2022-12-23 10:32:43,45,16,3863.25,4300
2022-12-23 10:32:44,75,-36,3863.25,4264
2022-12-23 10:32:45,28,-12,3862.75,4252
2022-12-23 10:32:46,104,-19,3862.5,4233
2022-12-23 10:32:47,39,1,3862.0,4234
2022-12-23 10:32:48,51,-12,3862.5,4222
2022-12-23 10:32:49,5,-5,3862.25,4217
2022-12-23 10:32:50,249,-85,3862.0,4132
2022-12-23 10:32:51,52,-11,3861.25,4121
2022-12-23 10:32:52,39,2,3861.5,4123
2022-12-23 10:32:53,68,14,3861.25,4137
2022-12-23 10:32:54,23,-5,3861.0,4132
2022-12-23 10:32:55,157,-38,3860.75,4094
2022-12-23 10:32:56,149,-4,3860.5,4090
2022-12-23 10:32:57,58,20,3860.25,4110
2022-12-23 10:32:58,140,-31,3860.25,4079
2022-12-23 10:32:59,74,28,3860.75,4107
2022-12-23 10:33:00,66,-19,3861.0,4088
2022-12-23 10:33:01,22,-4,3861.0,4084
2022-12-23 10:33:02,23,-1,3860.75,4083
2022-12-23 10:33:03,19,0,3861.0,4083
2022-12-23 10:33:04,17,8,3861.25,4091
2022-12-23 10:33:05,15,-8,3861.0,4083
2022-12-23 10:33:06,108,-13,3860.75,4070
2022-12-23 10:33:07,27,-7,3860.5,4063
2022-12-23 10:33:08,66,7,3860.25,4070
2022-12-23 10:33:09,132,-2,3860.0,4068
2022-12-23 10:33:10,48,-24,3860.25,4044
2022-12-23 10:33:11,109,-60,3859.25,3984
2022-12-23 10:33:12,76,-21,3859.5,3963
2022-12-23 10:33:13,91,-26,3859.75,3937
2022-12-23 10:33:14,41,9,3859.75,3946
2022-12-23 10:33:15,49,7,3860.0,3953
2022-12-23 10:33:16,109,83,3860.5,4036
2022-12-23 10:33:17,49,3,3860.75,4039
2022-12-23 10:33:18,97,-61,3860.75,3978
2022-12-23 10:33:19,39,3,3860.75,3981
2022-12-23 10:33:20,48,-7,3860.5,3974
2022-12-23 10:33:21,24,-12,3860.5,3962
2022-12-23 10:33:22,21,5,3860.25,3967
2022-12-23 10:33:23,56,-13,3860.0,3954
2022-12-23 10:33:24,120,-69,3859.5,3885
2022-12-23 10:33:25,37,-6,3859.25,3879
2022-12-23 10:33:26,27,-4,3859.5,3875
2022-12-23 10:33:27,50,-10,3859.25,3865
2022-12-23 10:33:28,64,17,3859.0,3882
2022-12-23 10:33:29,31,10,3859.25,3892
2022-12-23 10:33:30,10,2,3859.5,3894
2022-12-23 10:33:31,27,3,3859.75,3897
2022-12-23 10:33:32,37,-7,3859.5,3890
2022-12-23 10:33:33,30,18,3860.0,3908
2022-12-23 10:33:34,1,1,3860.0,3909
2022-12-23 10:33:35,3,-3,3859.75,3906
2022-12-23 10:33:36,27,-3,3860.0,3903
2022-12-23 10:33:37,18,-6,3859.5,3897
2022-12-23 10:33:38,18,1,3859.5,3898
2022-12-23 10:33:39,14,6,3859.5,3904
2022-12-23 10:33:40,29,18,3860.0,3922
2022-12-23 10:33:41,19,-2,3860.0,3920
2022-12-23 10:33:42,43,-7,3859.5,3913
2022-12-23 10:33:43,13,5,3859.75,3918
2022-12-23 10:33:44,38,3,3860.0,3921
2022-12-23 10:33:45,24,7,3859.75,3928
2022-12-23 10:33:46,5,-1,3859.75,3927
2022-12-23 10:33:47,20,-10,3859.75,3917
2022-12-23 10:33:48,16,-6,3859.75,3911
2022-12-23 10:33:49,10,-3,3859.5,3908
2022-12-23 10:33:50,26,-13,3859.25,3895
2022-12-23 10:33:51,33,-10,3859.25,3885
2022-12-23 10:33:52,221,30,3859.25,3915
2022-12-23 10:33:53,50,21,3859.25,3936
2022-12-23 10:33:54,60,-24,3859.25,3912
2022-12-23 10:33:55,34,2,3859.25,3914
2022-12-23 10:33:56,38,7,3859.75,3921
2022-12-23 10:33:57,46,7,3860.0,3928
2022-12-23 10:33:58,65,31,3860.25,3959
2022-12-23 10:33:59,30,10,3860.25,3969
2022-12-23 10:34:00,140,11,3861.0,3980
2022-12-23 10:34:01,131,-17,3860.25,3963
2022-12-23 10:34:02,17,-14,3860.25,3949
2022-12-23 10:34:03,13,-4,3860.0,3945
2022-12-23 10:34:04,35,-1,3860.0,3944
2022-12-23 10:34:05,41,11,3860.5,3955
2022-12-23 10:34:06,32,-4,3860.75,3951
2022-12-23 10:34:07,37,13,3860.75,3964
2022-12-23 10:34:08,113,28,3861.0,3992
2022-12-23 10:34:09,9,-4,3861.0,3988
2022-12-23 10:34:10,19,8,3861.0,3996
2022-12-23 10:34:11,86,66,3861.5,4062
2022-12-23 10:34:12,40,0,3861.5,4062
2022-12-23 10:34:13,21,1,3861.25,4063
2022-12-23 10:34:14,26,-15,3861.25,4048
2022-12-23 10:34:15,67,-41,3861.5,4007
2022-12-23 10:34:16,78,12,3862.0,4019
2022-12-23 10:34:17,20,-7,3861.75,4012
2022-12-23 10:34:18,52,-17,3861.5,3995
2022-12-23 10:34:19,53,31,3861.25,4026
2022-12-23 10:34:20,65,-45,3862.0,3981
2022-12-23 10:34:21,28,0,3861.5,3981
2022-12-23 10:34:22,13,6,3861.5,3987
2022-12-23 10:34:23,21,2,3861.75,3989
2022-12-23 10:34:24,9,3,3861.5,3992
2022-12-23 10:34:25,18,10,3861.75,4002
2022-12-23 10:34:26,36,-4,3861.75,3998
2022-12-23 10:34:27,64,26,3862.0,4024
2022-12-23 10:34:28,57,6,3862.25,4030
2022-12-23 10:34:29,26,10,3862.25,4040
2022-12-23 10:34:30,12,8,3862.25,4048
2022-12-23 10:34:31,23,-6,3862.5,4042
2022-12-23 10:34:32,65,8,3862.25,4050
2022-12-23 10:34:33,20,0,3862.25,4050
2022-12-23 10:34:34,37,-9,3862.0,4041
2022-12-23 10:34:35,20,-5,3862.0,4036
2022-12-23 10:34:36,29,-10,3861.5,4026
2022-12-23 10:34:37,33,12,3861.75,4038
2022-12-23 10:34:38,23,9,3861.5,4047
2022-12-23 10:34:39,28,-28,3861.5,4019
2022-12-23 10:34:40,183,-21,3861.0,3998
2022-12-23 10:34:41,31,4,3861.0,4002
2022-12-23 10:34:42,18,-1,3860.75,4001
2022-12-23 10:34:43,6,-2,3860.75,3999
2022-12-23 10:34:44,89,-1,3861.0,3998
2022-12-23 10:34:45,24,10,3861.25,4008
2022-12-23 10:34:46,7,8,3861.75,4016
2022-12-23 10:34:47,42,9,3861.75,4025
2022-12-23 10:34:48,14,-9,3861.5,4016
2022-12-23 10:34:49,90,29,3862.0,4045
2022-12-23 10:34:50,31,12,3862.5,4057
2022-12-23 10:34:51,39,-9,3862.75,4048
2022-12-23 10:34:52,88,27,3862.25,4075
2022-12-23 10:34:53,188,4,3862.25,4079
2022-12-23 10:34:54,15,1,3862.25,4080
2022-12-23 10:34:55,19,6,3862.5,4086
2022-12-23 10:34:56,76,-12,3862.5,4074
2022-12-23 10:34:57,25,-4,3862.25,4070
2022-12-23 10:34:58,89,52,3862.75,4122
2022-12-23 10:34:59,76,17,3862.75,4139
2022-12-23 10:35:00,160,42,3863.25,4181
2022-12-23 10:35:01,171,-53,3862.5,4128
2022-12-23 10:35:02,119,42,3862.0,4170
2022-12-23 10:35:03,57,-1,3861.75,4169
2022-12-23 10:35:04,28,-4,3861.75,4165
2022-12-23 10:35:05,49,7,3861.75,4172
2022-12-23 10:35:06,35,9,3862.0,4181
2022-12-23 10:35:07,9,3,3862.0,4184
2022-12-23 10:35:08,91,29,3862.75,4213
2022-12-23 10:35:09,196,159,3863.5,4372
2022-12-23 10:35:10,291,137,3864.5,4509
2022-12-23 10:35:11,63,-12,3864.0,4497
2022-12-23 10:35:12,43,-5,3863.5,4492
2022-12-23 10:35:13,91,-30,3863.5,4462
2022-12-23 10:35:14,85,-16,3862.5,4446
2022-12-23 10:35:15,30,8,3862.0,4454
2022-12-23 10:35:16,23,-3,3862.25,4451
2022-12-23 10:35:17,32,-9,3862.0,4442
2022-12-23 10:35:18,101,-41,3862.0,4401
2022-12-23 10:35:19,143,45,3862.0,4446
2022-12-23 10:35:20,60,5,3862.0,4451
2022-12-23 10:35:21,28,-12,3861.75,4439
2022-12-23 10:35:22,16,0,3861.25,4439
2022-12-23 10:35:23,264,-154,3861.25,4285
2022-12-23 10:35:24,20,8,3861.0,4293
2022-12-23 10:35:25,60,-13,3861.25,4280
2022-12-23 10:35:26,79,-19,3860.75,4261
2022-12-23 10:35:27,12,0,3860.75,4261
2022-12-23 10:35:28,69,-12,3860.75,4249
2022-12-23 10:35:29,17,-7,3861.0,4242
2022-12-23 10:35:30,65,12,3861.0,4254
2022-12-23 10:35:31,38,11,3861.25,4265
2022-12-23 10:35:32,22,-5,3861.25,4260
2022-12-23 10:35:33,75,-21,3861.0,4239
2022-12-23 10:35:34,40,-9,3861.0,4230
2022-12-23 10:35:35,47,-17,3860.75,4213
2022-12-23 10:35:36,23,-5,3860.5,4208
2022-12-23 10:35:37,17,3,3860.5,4211
2022-12-23 10:35:38,42,-4,3860.5,4207
2022-12-23 10:35:39,53,5,3860.75,4212
2022-12-23 10:35:40,144,-56,3860.25,4156
2022-12-23 10:35:41,9,-1,3860.0,4155
2022-12-23 10:35:42,163,9,3860.75,4164
2022-12-23 10:35:43,124,39,3861.0,4203
2022-12-23 10:35:44,22,-12,3861.0,4191
2022-12-23 10:35:45,61,3,3861.5,4194
2022-12-23 10:35:46,32,19,3861.5,4213
2022-12-23 10:35:47,22,-14,3861.5,4199
2022-12-23 10:35:48,9,4,3861.5,4203
2022-12-23 10:35:49,12,5,3861.5,4208
2022-12-23 10:35:50,23,-12,3861.5,4196
2022-12-23 10:35:51,32,0,3861.25,4196
2022-12-23 10:35:52,25,-10,3861.0,4186
2022-12-23 10:35:53,14,-7,3861.0,4179
2022-12-23 10:35:54,20,5,3861.0,4184
2022-12-23 10:35:55,9,0,3861.0,4184
2022-12-23 10:35:56,39,0,3861.0,4184
2022-12-23 10:35:57,8,3,3861.0,4187
2022-12-23 10:35:58,34,21,3861.0,4208
2022-12-23 10:35:59,19,3,3861.0,4211
2022-12-23 10:36:00,59,-6,3861.0,4205
2022-12-23 10:36:01,1,1,3860.75,4206
2022-12-23 10:36:02,21,12,3861.0,4218
2022-12-23 10:36:03,47,13,3861.75,4231
2022-12-23 10:36:04,74,4,3861.75,4235
2022-12-23 10:36:05,57,-10,3862.0,4225
2022-12-23 10:36:06,58,29,3862.0,4254
2022-12-23 10:36:07,82,-51,3862.0,4203
2022-12-23 10:36:08,35,19,3862.5,4222
2022-12-23 10:36:09,354,-131,3863.0,4091
2022-12-23 10:36:10,29,-4,3862.5,4087
2022-12-23 10:36:11,54,-7,3862.5,4080
2022-12-23 10:36:12,54,-21,3862.75,4059
2022-12-23 10:36:13,30,7,3862.25,4066
2022-12-23 10:36:14,54,-8,3862.0,4058
2022-12-23 10:36:15,64,9,3861.75,4067
2022-12-23 10:36:16,25,-10,3861.25,4057
2022-12-23 10:36:17,42,21,3861.75,4078
2022-12-23 10:36:18,16,-12,3861.75,4066
2022-12-23 10:36:19,5,-3,3861.5,4063
2022-12-23 10:36:20,36,5,3862.0,4068
2022-12-23 10:36:21,19,-3,3862.0,4065
2022-12-23 10:36:22,41,0,3861.75,4065
2022-12-23 10:36:23,19,5,3862.0,4070
2022-12-23 10:36:24,34,16,3862.0,4086
2022-12-23 10:36:25,33,-5,3862.0,4081
2022-12-23 10:36:26,13,5,3862.25,4086
2022-12-23 10:36:27,53,11,3862.25,4097
2022-12-23 10:36:28,69,9,3862.0,4106
2022-12-23 10:36:29,33,13,3862.0,4119
2022-12-23 10:36:30,33,-27,3862.0,4092
2022-12-23 10:36:31,8,3,3861.75,4095
2022-12-23 10:36:32,19,12,3862.0,4107
2022-12-23 10:36:33,31,8,3862.0,4115
2022-12-23 10:36:34,1,1,3861.75,4116
2022-12-23 10:36:35,24,-2,3862.25,4114
2022-12-23 10:36:36,26,-5,3861.75,4109
2022-12-23 10:36:37,27,-3,3861.75,4106
2022-12-23 10:36:38,23,6,3862.0,4112
2022-12-23 10:36:39,15,-6,3862.0,4106
2022-12-23 10:36:40,9,9,3862.25,4115
2022-12-23 10:36:41,11,7,3862.5,4122
2022-12-23 10:36:42,13,-1,3862.25,4121
2022-12-23 10:36:43,15,2,3862.25,4123
2022-12-23 10:36:44,48,-23,3862.25,4100
2022-12-23 10:36:45,13,4,3861.75,4104
2022-12-23 10:36:46,15,-1,3861.75,4103
2022-12-23 10:36:47,10,1,3862.25,4104
2022-12-23 10:36:48,92,-51,3861.75,4053
2022-12-23 10:36:49,12,7,3861.5,4060
2022-12-23 10:36:50,23,-18,3861.5,4042
2022-12-23 10:36:51,13,4,3861.5,4046
2022-12-23 10:36:52,13,1,3861.75,4047
2022-12-23 10:36:53,12,10,3861.5,4057
2022-12-23 10:36:54,64,-22,3861.5,4035
2022-12-23 10:36:55,41,-16,3861.5,4019
2022-12-23 10:36:56,27,7,3861.5,4026
2022-12-23 10:36:57,17,7,3861.5,4033
2022-12-23 10:36:58,25,11,3861.5,4044
2022-12-23 10:36:59,19,-9,3861.5,4035
2022-12-23 10:37:00,77,26,3862.25,4061
2022-12-23 10:37:01,22,-3,3862.25,4058
2022-12-23 10:37:02,35,-9,3862.0,4049
2022-12-23 10:37:03,18,-2,3862.0,4047
2022-12-23 10:37:04,14,12,3862.0,4059
2022-12-23 10:37:05,2,0,3862.25,4059
2022-12-23 10:37:06,14,-5,3862.25,4054
2022-12-23 10:37:07,7,-1,3862.0,4053
2022-12-23 10:37:08,16,6,3862.25,4059
2022-12-23 10:37:09,27,-8,3862.25,4051
2022-12-23 10:37:10,17,-6,3862.25,4045
2022-12-23 10:37:11,26,-9,3861.75,4036
2022-12-23 10:37:12,45,-8,3862.0,4028
2022-12-23 10:37:13,2,-2,3862.0,4026
2022-12-23 10:37:14,20,5,3862.25,4031
2022-12-23 10:37:15,9,-5,3862.25,4026
2022-12-23 10:37:16,40,-4,3862.0,4022
2022-12-23 10:37:17,19,6,3862.0,4028
2022-12-23 10:37:18,26,18,3862.25,4046
2022-12-23 10:37:19,8,-3,3862.0,4043
2022-12-23 10:37:20,12,8,3862.0,4051
2022-12-23 10:37:21,10,8,3862.25,4059
2022-12-23 10:37:22,176,100,3862.75,4159
2022-12-23 10:37:23,50,-2,3862.5,4157
2022-12-23 10:37:24,78,-35,3862.75,4122
2022-12-23 10:37:25,30,3,3862.5,4125
2022-12-23 10:37:26,37,-1,3862.5,4124
2022-12-23 10:37:27,29,17,3862.75,4141
2022-12-23 10:37:28,54,12,3862.75,4153
2022-12-23 10:37:29,32,8,3862.75,4161
2022-12-23 10:37:30,63,29,3863.0,4190
2022-12-23 10:37:31,34,-2,3863.0,4188
2022-12-23 10:37:32,19,12,3863.25,4200
2022-12-23 10:37:33,64,13,3863.25,4213
2022-12-23 10:37:34,31,12,3863.5,4225
2022-12-23 10:37:35,32,15,3863.5,4240
2022-12-23 10:37:36,49,18,3863.5,4258
2022-12-23 10:37:37,48,-4,3863.75,4254
2022-12-23 10:37:38,23,0,3863.5,4254
2022-12-23 10:37:39,10,-4,3863.25,4250
2022-12-23 10:37:40,46,1,3863.25,4251
2022-12-23 10:37:41,32,-2,3863.5,4249
2022-12-23 10:37:42,104,22,3864.0,4271
2022-12-23 10:37:43,53,-3,3863.75,4268
2022-12-23 10:37:44,30,-18,3863.5,4250
2022-12-23 10:37:45,47,19,3863.5,4269
2022-12-23 10:37:46,87,-37,3863.0,4232
2022-12-23 10:37:47,60,-26,3863.0,4206
2022-12-23 10:37:48,57,-36,3862.5,4170
2022-12-23 10:37:49,48,16,3862.25,4186
2022-12-23 10:37:50,4,3,3862.5,4189
2022-12-23 10:37:51,18,5,3862.75,4194
2022-12-23 10:37:52,82,32,3863.0,4226
2022-12-23 10:37:53,47,-3,3863.0,4223
2022-12-23 10:37:54,16,8,3863.25,4231
2022-12-23 10:37:55,25,5,3863.25,4236
2022-12-23 10:37:56,41,-9,3863.5,4227
2022-12-23 10:37:57,19,4,3863.5,4231
2022-12-23 10:37:58,93,22,3864.0,4253
2022-12-23 10:37:59,4,2,3864.0,4255
2022-12-23 10:38:00,83,15,3864.0,4270
2022-12-23 10:38:01,26,10,3864.0,4280
2022-12-23 10:38:02,69,-2,3863.75,4278
2022-12-23 10:38:03,13,1,3863.75,4279
2022-12-23 10:38:04,19,-6,3863.75,4273
2022-12-23 10:38:05,5,1,3863.75,4274
2022-12-23 10:38:06,19,2,3863.75,4276
2022-12-23 10:38:07,26,-6,3863.75,4270
2022-12-23 10:38:08,18,-1,3863.75,4269
2022-12-23 10:38:09,109,31,3864.0,4300
2022-12-23 10:38:10,28,13,3864.25,4313
2022-12-23 10:38:11,30,12,3864.25,4325
2022-12-23 10:38:12,175,92,3865.0,4417
2022-12-23 10:38:13,197,105,3865.5,4522
2022-12-23 10:38:14,250,-44,3865.75,4478
2022-12-23 10:38:15,29,9,3865.5,4487
2022-12-23 10:38:16,25,3,3865.5,4490
2022-12-23 10:38:17,22,13,3865.5,4503
2022-12-23 10:38:18,26,-6,3865.75,4497
2022-12-23 10:38:19,70,7,3866.0,4504
2022-12-23 10:38:20,72,-14,3866.0,4490
2022-12-23 10:38:21,31,-2,3865.75,4488
2022-12-23 10:38:22,44,5,3866.0,4493
2022-12-23 10:38:23,32,16,3866.0,4509
2022-12-23 10:38:24,44,1,3866.0,4510
2022-12-23 10:38:25,101,-17,3866.25,4493
2022-12-23 10:38:26,137,53,3866.75,4546
2022-12-23 10:38:27,74,-6,3866.5,4540
2022-12-23 10:38:28,97,8,3866.5,4548
2022-12-23 10:38:29,43,16,3866.75,4564
2022-12-23 10:38:30,126,31,3867.0,4595
2022-12-23 10:38:31,286,186,3867.5,4781
2022-12-23 10:38:32,76,-14,3867.5,4767
2022-12-23 10:38:33,116,-4,3867.25,4763
2022-12-23 10:38:34,87,-58,3867.25,4705
2022-12-23 10:38:35,100,-41,3866.5,4664
2022-12-23 10:38:36,101,-60,3866.25,4604
2022-12-23 10:38:37,39,-4,3866.25,4600
2022-12-23 10:38:38,78,-11,3866.0,4589
2022-12-23 10:38:39,37,2,3866.0,4591
2022-12-23 10:38:40,44,18,3866.25,4609
2022-12-23 10:38:41,56,0,3866.25,4609
2022-12-23 10:38:42,39,-20,3866.25,4589
2022-12-23 10:38:43,140,-11,3866.0,4578
2022-12-23 10:38:44,14,6,3866.25,4584
2022-12-23 10:38:45,43,2,3866.0,4586
2022-12-23 10:38:46,58,-1,3866.25,4585
2022-12-23 10:38:47,162,-104,3866.0,4481
2022-12-23 10:38:48,178,-119,3866.0,4362
2022-12-23 10:38:49,102,-18,3865.75,4344
2022-12-23 10:38:50,57,-30,3865.25,4314
2022-12-23 10:38:51,52,2,3865.5,4316
2022-12-23 10:38:52,40,3,3865.5,4319
2022-12-23 10:38:53,26,15,3865.75,4334
2022-12-23 10:38:54,26,11,3865.75,4345
2022-12-23 10:38:55,39,-5,3865.75,4340
2022-12-23 10:38:56,68,-1,3865.75,4339
2022-12-23 10:38:57,41,12,3866.0,4351
2022-12-23 10:38:58,54,24,3866.0,4375
2022-12-23 10:38:59,18,6,3866.25,4381
2022-12-23 10:39:00,88,27,3866.25,4408
2022-12-23 10:39:01,19,-12,3866.25,4396
2022-12-23 10:39:02,40,-7,3865.75,4389
2022-12-23 10:39:03,104,66,3866.75,4455
2022-12-23 10:39:04,60,9,3866.75,4464
2022-12-23 10:39:05,22,-11,3866.75,4453
2022-12-23 10:39:06,58,-12,3866.5,4441
2022-12-23 10:39:07,81,-4,3866.25,4437
2022-12-23 10:39:08,113,-56,3866.0,4381
2022-12-23 10:39:09,40,14,3866.0,4395
2022-12-23 10:39:10,36,-10,3865.75,4385
2022-12-23 10:39:11,7,-7,3865.75,4378
2022-12-23 10:39:12,53,-24,3865.75,4354
2022-12-23 10:39:13,21,-8,3865.75,4346
2022-12-23 10:39:14,11,3,3865.75,4349
2022-12-23 10:39:15,26,-8,3866.0,4341
2022-12-23 10:39:16,14,-3,3865.75,4338
2022-12-23 10:39:17,115,27,3866.25,4365
2022-12-23 10:39:18,33,-10,3866.25,4355
2022-12-23 10:39:19,17,10,3866.5,4365
2022-12-23 10:39:20,27,-6,3866.5,4359
2022-12-23 10:39:21,4,4,3866.5,4363
2022-12-23 10:39:22,54,-13,3866.5,4350
2022-12-23 10:39:23,15,-8,3866.5,4342
2022-12-23 10:39:24,68,14,3867.0,4356
2022-12-23 10:39:25,101,-3,3867.0,4353
2022-12-23 10:39:26,20,-14,3867.0,4339
2022-12-23 10:39:27,18,5,3866.75,4344
2022-12-23 10:39:28,8,1,3867.0,4345
2022-12-23 10:39:29,29,1,3867.0,4346
2022-12-23 10:39:30,54,-16,3867.0,4330
2022-12-23 10:39:31,391,159,3867.5,4489
2022-12-23 10:39:32,140,4,3867.25,4493
2022-12-23 10:39:33,81,-27,3867.5,4466
2022-12-23 10:39:34,34,13,3867.25,4479
2022-12-23 10:39:35,31,-9,3867.5,4470
2022-12-23 10:39:36,49,6,3867.75,4476
2022-12-23 10:39:37,32,5,3867.75,4481
2022-12-23 10:39:38,30,-20,3867.75,4461
2022-12-23 10:39:39,17,7,3867.75,4468
2022-12-23 10:39:40,239,78,3868.25,4546
2022-12-23 10:39:41,47,-4,3868.25,4542
2022-12-23 10:39:42,67,-15,3868.25,4527
2022-12-23 10:39:43,35,5,3868.25,4532
2022-12-23 10:39:44,46,-20,3868.0,4512
2022-12-23 10:39:45,30,2,3868.0,4514
2022-12-23 10:39:46,36,-7,3868.25,4507
2022-12-23 10:39:47,4,-1,3868.25,4506
2022-12-23 10:39:48,36,2,3868.25,4508
2022-12-23 10:39:49,72,-15,3868.25,4493
2022-12-23 10:39:50,116,-43,3867.75,4450
2022-12-23 10:39:51,58,4,3867.5,4454
2022-12-23 10:39:52,56,-6,3867.5,4448
2022-12-23 10:39:53,50,-26,3867.25,4422
2022-12-23 10:39:54,51,-13,3867.0,4409
2022-12-23 10:39:55,119,16,3867.25,4425
2022-12-23 10:39:56,24,9,3867.25,4434
2022-12-23 10:39:57,9,-1,3867.5,4433
2022-12-23 10:39:58,103,53,3867.75,4486
2022-12-23 10:39:59,35,15,3868.25,4501
2022-12-23 10:40:00,99,-17,3868.5,4484
2022-12-23 10:40:01,98,4,3868.0,4488
2022-12-23 10:40:02,42,-8,3867.75,4480
2022-12-23 10:40:03,19,7,3867.5,4487
2022-12-23 10:40:04,121,-27,3867.25,4460
2022-12-23 10:40:05,63,16,3867.25,4476
2022-12-23 10:40:06,116,35,3867.25,4511
2022-12-23 10:40:07,57,-1,3867.5,4510
2022-12-23 10:40:08,42,-9,3867.25,4501
2022-12-23 10:40:09,92,-23,3866.75,4478
2022-12-23 10:40:10,23,4,3866.75,4482
2022-12-23 10:40:11,62,-24,3866.75,4458
2022-12-23 10:40:12,150,-29,3866.5,4429
2022-12-23 10:40:13,53,-3,3866.5,4426
2022-12-23 10:40:14,23,0,3866.75,4426
2022-12-23 10:40:15,474,158,3867.75,4584
2022-12-23 10:40:16,88,-6,3867.5,4578
2022-12-23 10:40:17,144,-73,3868.0,4505
2022-12-23 10:40:18,71,16,3867.75,4521
2022-12-23 10:40:19,50,-3,3867.75,4518
2022-12-23 10:40:20,15,6,3867.75,4524
2022-12-23 10:40:21,23,-9,3867.75,4515
2022-12-23 10:40:22,28,1,3867.75,4516
2022-12-23 10:40:23,52,21,3868.0,4537
2022-12-23 10:40:24,21,-7,3868.0,4530
2022-12-23 10:40:25,67,-6,3868.0,4524
2022-12-23 10:40:26,22,-6,3868.0,4518
2022-12-23 10:40:27,17,0,3868.0,4518
2022-12-23 10:40:28,13,-11,3867.75,4507
2022-12-23 10:40:29,76,-51,3867.75,4456
2022-12-23 10:40:30,17,3,3867.5,4459
2022-12-23 10:40:31,17,-9,3867.75,4450
2022-12-23 10:40:32,14,-5,3867.5,4445
2022-12-23 10:40:33,29,-11,3867.5,4434
2022-12-23 10:40:34,84,-51,3867.75,4383
2022-12-23 10:40:35,33,-18,3867.5,4365
2022-12-23 10:40:36,119,-30,3867.25,4335
2022-12-23 10:40:37,77,-30,3867.25,4305
2022-12-23 10:40:38,71,-18,3866.75,4287
2022-12-23 10:40:39,14,3,3867.0,4290
2022-12-23 10:40:40,47,-20,3866.75,4270
2022-12-23 10:40:41,30,7,3867.0,4277
2022-12-23 10:40:42,26,-7,3866.75,4270
2022-12-23 10:40:43,30,-23,3866.75,4247
2022-12-23 10:40:44,53,-9,3866.5,4238
2022-12-23 10:40:45,59,9,3867.0,4247
2022-12-23 10:40:46,55,0,3867.0,4247
2022-12-23 10:40:47,9,5,3867.0,4252
2022-12-23 10:40:48,34,-22,3867.0,4230
2022-12-23 10:40:49,67,-14,3866.5,4216
2022-12-23 10:40:50,47,14,3866.75,4230
2022-12-23 10:40:51,20,-6,3867.0,4224
2022-12-23 10:40:52,14,5,3867.0,4229
2022-12-23 10:40:53,16,-5,3867.25,4224
2022-12-23 10:40:54,16,-13,3866.75,4211
2022-12-23 10:40:55,12,7,3866.75,4218
2022-12-23 10:40:56,14,8,3867.0,4226
2022-12-23 10:40:57,76,-33,3867.0,4193
2022-12-23 10:40:58,86,-17,3866.5,4176
2022-12-23 10:40:59,34,0,3866.75,4176
2022-12-23 10:41:00,73,8,3867.25,4184
2022-12-23 10:41:01,26,-1,3867.25,4183
2022-12-23 10:41:02,109,59,3867.75,4242
2022-12-23 10:41:03,71,33,3868.0,4275
2022-12-23 10:41:04,32,-9,3867.75,4266
2022-12-23 10:41:06,28,9,3867.75,4275
2022-12-23 10:41:07,45,-9,3868.0,4266
2022-12-23 10:41:08,35,-22,3868.0,4244
2022-12-23 10:41:09,6,1,3867.75,4245
2022-12-23 10:41:10,24,-7,3867.5,4238
2022-12-23 10:41:11,12,1,3867.5,4239
2022-12-23 10:41:12,68,13,3867.75,4252
2022-12-23 10:41:13,22,-8,3867.75,4244
2022-12-23 10:41:14,33,-9,3867.75,4235
2022-12-23 10:41:15,4,-4,3867.25,4231
2022-12-23 10:41:16,50,-11,3867.5,4220
2022-12-23 10:41:17,61,-24,3867.0,4196
2022-12-23 10:41:18,36,-14,3866.75,4182
2022-12-23 10:41:19,75,-21,3866.75,4161
2022-12-23 10:41:20,47,20,3867.0,4181
2022-12-23 10:41:21,78,71,3867.25,4252
2022-12-23 10:41:22,16,-1,3867.0,4251
2022-12-23 10:41:23,81,18,3867.5,4269
2022-12-23 10:41:24,43,-4,3867.25,4265
2022-12-23 10:41:25,17,10,3867.25,4275
2022-12-23 10:41:26,23,-3,3867.25,4272
2022-12-23 10:41:27,3,-3,3867.0,4269
2022-12-23 10:41:28,16,0,3867.0,4269
2022-12-23 10:41:29,16,-9,3867.0,4260
2022-12-23 10:41:30,46,0,3867.0,4260
2022-12-23 10:41:31,21,-15,3866.75,4245
2022-12-23 10:41:32,106,-34,3866.5,4211
2022-12-23 10:41:33,38,-14,3866.0,4197
2022-12-23 10:41:34,57,-3,3866.25,4194
2022-12-23 10:41:35,139,-63,3865.75,4131
2022-12-23 10:41:36,134,6,3865.75,4137
2022-12-23 10:41:37,35,5,3865.5,4142
2022-12-23 10:41:38,36,6,3865.75,4148
2022-12-23 10:41:39,60,-9,3865.5,4139
2022-12-23 10:41:40,252,-85,3865.25,4054
2022-12-23 10:41:41,116,-40,3864.75,4014
2022-12-23 10:41:42,25,-11,3865.0,4003
2022-12-23 10:41:43,155,-82,3865.0,3921
2022-12-23 10:41:44,83,47,3866.0,3968
2022-12-23 10:41:45,54,-14,3866.0,3954
2022-12-23 10:41:46,41,-3,3866.0,3951
2022-12-23 10:41:47,59,0,3865.5,3951
2022-12-23 10:41:48,22,-1,3865.75,3950
2022-12-23 10:41:49,119,1,3865.75,3951
2022-12-23 10:41:50,81,-31,3865.5,3920
2022-12-23 10:41:51,44,16,3865.25,3936
2022-12-23 10:41:52,14,2,3865.0,3938
2022-12-23 10:41:53,26,-19,3865.0,3919
2022-12-23 10:41:54,24,2,3865.25,3921
2022-12-23 10:41:55,132,-89,3864.75,3832
2022-12-23 10:41:56,50,-14,3864.75,3818
2022-12-23 10:41:57,24,13,3864.5,3831
2022-12-23 10:41:58,51,-7,3864.5,3824
2022-12-23 10:41:59,72,8,3864.75,3832
2022-12-23 10:42:00,111,-42,3864.75,3790
2022-12-23 10:42:01,50,-8,3864.5,3782
2022-12-23 10:42:02,76,-20,3864.5,3762
2022-12-23 10:42:03,20,9,3864.5,3771
2022-12-23 10:42:04,29,-3,3864.75,3768
2022-12-23 10:42:05,23,2,3865.0,3770
2022-12-23 10:42:06,14,7,3864.75,3777
2022-12-23 10:42:07,82,9,3864.75,3786
2022-12-23 10:42:08,27,-9,3864.75,3777
2022-12-23 10:42:09,22,7,3865.0,3784
2022-12-23 10:42:10,20,16,3865.0,3800
2022-12-23 10:42:11,15,-14,3865.0,3786
2022-12-23 10:42:12,32,-11,3865.0,3775
2022-12-23 10:42:13,71,-33,3864.75,3742
2022-12-23 10:42:14,40,-5,3864.5,3737
2022-12-23 10:42:15,80,-29,3864.0,3708
2022-12-23 10:42:16,62,17,3864.25,3725
2022-12-23 10:42:17,52,12,3864.5,3737
2022-12-23 10:42:18,13,-5,3864.5,3732
2022-12-23 10:42:19,40,-7,3864.5,3725
2022-12-23 10:42:20,97,0,3864.25,3725
2022-12-23 10:42:21,43,3,3864.25,3728
2022-12-23 10:42:22,70,10,3864.0,3738
2022-12-23 10:42:23,44,5,3864.0,3743
2022-12-23 10:42:24,141,-53,3864.0,3690
2022-12-23 10:42:25,114,-16,3863.25,3674
2022-12-23 10:42:26,35,-6,3863.5,3668
2022-12-23 10:42:27,94,45,3863.5,3713
2022-12-23 10:42:28,37,-16,3863.5,3697
2022-12-23 10:42:29,26,1,3863.25,3698
2022-12-23 10:42:30,46,12,3863.5,3710
2022-12-23 10:42:31,29,-1,3863.5,3709
2022-12-23 10:42:32,8,0,3863.75,3709
2022-12-23 10:42:33,4,2,3863.75,3711
2022-12-23 10:42:34,7,-3,3863.75,3708
2022-12-23 10:42:35,109,-37,3863.75,3671
2022-12-23 10:42:36,54,-9,3863.5,3662
2022-12-23 10:42:37,31,14,3863.0,3676
2022-12-23 10:42:38,38,8,3863.25,3684
2022-12-23 10:42:39,23,-2,3863.0,3682
2022-12-23 10:42:40,52,12,3863.25,3694
2022-12-23 10:42:41,42,5,3863.5,3699
2022-12-23 10:42:42,117,25,3863.75,3724
2022-12-23 10:42:43,33,15,3863.75,3739
2022-12-23 10:42:44,15,4,3863.75,3743
2022-12-23 10:42:45,24,-8,3863.5,3735
2022-12-23 10:42:46,18,8,3863.5,3743
2022-12-23 10:42:47,44,8,3863.5,3751
2022-12-23 10:42:48,58,-30,3863.5,3721
2022-12-23 10:42:49,89,-34,3863.0,3687
2022-12-23 10:42:50,100,-44,3862.75,3643
2022-12-23 10:42:51,37,-3,3862.5,3640
2022-12-23 10:42:52,64,-12,3862.75,3628
2022-12-23 10:42:53,23,-2,3862.75,3626
2022-12-23 10:42:54,79,18,3863.25,3644
2022-12-23 10:42:55,37,11,3863.5,3655
2022-12-23 10:42:56,26,2,3863.75,3657
2022-12-23 10:42:57,10,-4,3863.5,3653
2022-12-23 10:42:58,55,16,3863.25,3669
2022-12-23 10:42:59,37,19,3863.75,3688
2022-12-23 10:43:00,27,4,3863.75,3692
2022-12-23 10:43:01,69,14,3863.5,3706
2022-12-23 10:43:02,2,0,3863.25,3706
2022-12-23 10:43:03,20,16,3863.25,3722
2022-12-23 10:43:04,172,-69,3863.0,3653
2022-12-23 10:43:05,54,-7,3862.75,3646
2022-12-23 10:43:06,23,2,3862.5,3648
2022-12-23 10:43:07,38,24,3863.25,3672
2022-12-23 10:43:08,35,14,3863.75,3686
2022-12-23 10:43:09,37,-11,3863.5,3675
2022-12-23 10:43:10,24,8,3863.0,3683
2022-12-23 10:43:11,31,-5,3863.25,3678
2022-12-23 10:43:12,1,1,3863.25,3679
2022-12-23 10:43:13,51,-3,3863.0,3676
2022-12-23 10:43:14,4,-2,3862.75,3674
2022-12-23 10:43:15,32,4,3862.75,3678
2022-12-23 10:43:16,76,-28,3862.75,3650
2022-12-23 10:43:17,54,-24,3862.0,3626
2022-12-23 10:43:18,63,-1,3861.75,3625
2022-12-23 10:43:19,51,18,3862.0,3643
2022-12-23 10:43:20,25,-3,3862.25,3640
2022-12-23 10:43:21,42,2,3861.75,3642
2022-12-23 10:43:22,24,-5,3861.5,3637
2022-12-23 10:43:23,71,21,3862.0,3658
2022-12-23 10:43:24,40,12,3862.25,3670
2022-12-23 10:43:25,21,-6,3862.0,3664
2022-12-23 10:43:26,29,0,3862.25,3664
2022-12-23 10:43:27,27,-3,3862.5,3661
2022-12-23 10:43:28,29,9,3862.75,3670
2022-12-23 10:43:29,56,-23,3862.5,3647
2022-12-23 10:43:30,10,-7,3862.5,3640
2022-12-23 10:43:31,54,19,3862.25,3659
2022-12-23 10:43:32,31,-34,3862.0,3625
2022-12-23 10:43:33,3,3,3862.0,3628
2022-12-23 10:43:34,24,2,3862.0,3630
2022-12-23 10:43:35,45,-5,3862.0,3625
2022-12-23 10:43:36,109,-17,3861.5,3608
2022-12-23 10:43:37,15,10,3861.75,3618
2022-12-23 10:43:38,34,-1,3862.0,3617
2022-12-23 10:43:39,26,-1,3861.75,3616
2022-12-23 10:43:40,44,-6,3861.75,3610
2022-12-23 10:43:41,12,9,3862.0,3619
2022-12-23 10:43:42,97,-38,3862.0,3581
2022-12-23 10:43:43,51,10,3862.25,3591
2022-12-23 10:43:44,11,-1,3862.25,3590
2022-12-23 10:43:45,4,4,3862.25,3594
2022-12-23 10:43:46,40,8,3862.25,3602
2022-12-23 10:43:47,22,-4,3862.25,3598
2022-12-23 10:43:48,78,12,3862.5,3610
2022-12-23 10:43:49,35,-4,3862.5,3606
2022-12-23 10:43:50,39,19,3862.5,3625
2022-12-23 10:43:51,23,-13,3862.25,3612
2022-12-23 10:43:52,12,5,3862.25,3617
2022-12-23 10:43:53,16,0,3862.0,3617
2022-12-23 10:43:54,8,-6,3862.25,3611
2022-12-23 10:43:55,38,-7,3862.25,3604
2022-12-23 10:43:56,4,2,3862.25,3606
2022-12-23 10:43:57,28,5,3862.5,3611
2022-12-23 10:43:58,75,10,3862.5,3621
2022-12-23 10:43:59,62,25,3863.0,3646
2022-12-23 10:44:00,44,4,3862.75,3650
2022-12-23 10:44:01,32,-4,3862.75,3646
2022-12-23 10:44:02,14,4,3862.5,3650
2022-12-23 10:44:03,37,-4,3862.75,3646
2022-12-23 10:44:04,28,-5,3862.25,3641
2022-12-23 10:44:05,48,7,3862.25,3648
2022-12-23 10:44:06,14,-3,3862.5,3645
2022-12-23 10:44:07,41,17,3862.75,3662
2022-12-23 10:44:08,28,-10,3862.5,3652
2022-12-23 10:44:09,15,-4,3862.5,3648
2022-12-23 10:44:10,16,-5,3862.5,3643
2022-12-23 10:44:11,41,19,3862.75,3662
2022-12-23 10:44:12,121,17,3863.0,3679
2022-12-23 10:44:13,37,-14,3863.25,3665
2022-12-23 10:44:14,11,6,3862.75,3671
2022-12-23 10:44:15,1,1,3863.0,3672
2022-12-23 10:44:16,85,16,3863.25,3688
2022-12-23 10:44:17,96,17,3863.75,3705
2022-12-23 10:44:18,105,26,3864.0,3731
2022-12-23 10:44:19,57,14,3864.25,3745
2022-12-23 10:44:20,158,53,3864.75,3798
2022-12-23 10:44:21,107,3,3864.75,3801
2022-12-23 10:44:22,63,-19,3864.75,3782
2022-12-23 10:44:23,31,9,3864.25,3791
2022-12-23 10:44:24,29,-8,3864.25,3783
2022-12-23 10:44:25,13,4,3864.25,3787
2022-12-23 10:44:26,26,-5,3864.0,3782
2022-12-23 10:44:27,9,3,3864.0,3785
2022-12-23 10:44:28,17,-9,3864.25,3776
2022-12-23 10:44:29,6,3,3864.0,3779
2022-12-23 10:44:30,26,-11,3863.75,3768
2022-12-23 10:44:31,25,-8,3863.5,3760
2022-12-23 10:44:32,52,11,3863.5,3771
2022-12-23 10:44:33,41,-16,3863.25,3755
2022-12-23 10:44:34,29,17,3863.25,3772
2022-12-23 10:44:35,3,-3,3863.25,3769
2022-12-23 10:44:36,4,0,3863.25,3769
2022-12-23 10:44:37,6,5,3863.25,3774
2022-12-23 10:44:38,4,2,3863.25,3776
2022-12-23 10:44:39,46,-11,3863.25,3765
2022-12-23 10:44:40,21,-10,3863.25,3755
2022-12-23 10:44:41,37,1,3863.25,3756
2022-12-23 10:44:43,48,-1,3863.0,3755
2022-12-23 10:44:44,13,3,3862.75,3758
2022-12-23 10:44:45,21,0,3863.25,3758
2022-12-23 10:44:46,2,-2,3863.0,3756
2022-12-23 10:44:48,26,6,3863.0,3762
2022-12-23 10:44:49,7,-5,3862.75,3757
2022-12-23 10:44:50,20,-2,3862.75,3755
2022-12-23 10:44:51,14,1,3862.75,3756
2022-12-23 10:44:52,3,-1,3862.75,3755
2022-12-23 10:44:53,27,-2,3862.5,3753
2022-12-23 10:44:54,68,-18,3862.5,3735
2022-12-23 10:44:55,190,-44,3862.0,3691
2022-12-23 10:44:56,13,1,3861.75,3692
2022-12-23 10:44:57,32,3,3861.75,3695
2022-12-23 10:44:58,74,16,3861.75,3711
2022-12-23 10:44:59,67,19,3862.0,3730
2022-12-23 10:45:00,100,-3,3862.5,3727
2022-12-23 10:45:01,16,-3,3862.0,3724
2022-12-23 10:45:02,88,-46,3862.0,3678
2022-12-23 10:45:03,50,-28,3861.5,3650
2022-12-23 10:45:04,188,-49,3861.5,3601
2022-12-23 10:45:05,33,-16,3861.25,3585
2022-12-23 10:45:06,17,4,3861.5,3589
2022-12-23 10:45:07,53,24,3861.75,3613
2022-12-23 10:45:08,32,-10,3861.75,3603
2022-12-23 10:45:09,22,-11,3861.5,3592
2022-12-23 10:45:10,50,-5,3861.5,3587
2022-12-23 10:45:11,72,-40,3861.25,3547
2022-12-23 10:45:12,58,-39,3860.75,3508
2022-12-23 10:45:13,58,-26,3860.5,3482
2022-12-23 10:45:14,53,20,3860.75,3502
2022-12-23 10:45:15,97,-37,3860.75,3465
2022-12-23 10:45:16,176,-80,3860.25,3385
2022-12-23 10:45:17,98,-45,3859.75,3340
2022-12-23 10:45:18,76,-1,3859.5,3339
2022-12-23 10:45:19,176,-53,3859.5,3286
2022-12-23 10:45:20,67,6,3859.75,3292
2022-12-23 10:45:21,70,-24,3859.5,3268
2022-12-23 10:45:22,77,-3,3859.25,3265
2022-12-23 10:45:23,57,-17,3859.5,3248
2022-12-23 10:45:24,53,-18,3859.5,3230
2022-12-23 10:45:25,20,4,3859.5,3234
2022-12-23 10:45:26,98,18,3859.5,3252
2022-12-23 10:45:27,27,5,3859.5,3257
2022-12-23 10:45:28,30,-4,3859.25,3253
2022-12-23 10:45:29,57,28,3860.0,3281
2022-12-23 10:45:30,87,17,3860.0,3298
2022-12-23 10:45:31,34,-6,3859.75,3292
2022-12-23 10:45:32,40,-6,3859.25,3286
2022-12-23 10:45:33,80,-33,3859.5,3253
2022-12-23 10:45:34,238,-121,3858.5,3132
2022-12-23 10:45:35,51,-20,3858.25,3112
2022-12-23 10:45:36,151,45,3859.25,3157
2022-12-23 10:45:37,24,1,3859.5,3158
2022-12-23 10:45:38,10,-4,3859.25,3154
2022-12-23 10:45:39,70,21,3859.5,3175
2022-12-23 10:45:40,45,5,3860.0,3180
2022-12-23 10:45:41,126,54,3860.5,3234
2022-12-23 10:45:42,64,13,3861.0,3247
2022-12-23 10:45:43,100,-6,3860.75,3241
2022-12-23 10:45:44,66,8,3861.0,3249
2022-12-23 10:45:45,64,-26,3861.0,3223
2022-12-23 10:45:46,34,3,3860.75,3226
2022-12-23 10:45:47,48,0,3860.75,3226
2022-12-23 10:45:48,62,8,3861.0,3234
2022-12-23 10:45:49,145,-30,3861.25,3204
2022-12-23 10:45:50,38,12,3861.0,3216
2022-12-23 10:45:51,15,7,3860.75,3223
2022-12-23 10:45:52,33,1,3860.5,3224
2022-12-23 10:45:53,29,6,3861.0,3230
2022-12-23 10:45:54,10,-9,3861.0,3221
2022-12-23 10:45:55,86,38,3861.75,3259
2022-12-23 10:45:56,94,11,3861.75,3270
2022-12-23 10:45:57,43,22,3861.75,3292
2022-12-23 10:45:58,29,-15,3861.75,3277
2022-12-23 10:45:59,44,-9,3861.5,3268
2022-12-23 10:46:00,63,13,3862.0,3281
2022-12-23 10:46:01,26,-15,3861.5,3266
2022-12-23 10:46:02,42,8,3861.5,3274
2022-12-23 10:46:03,39,8,3861.75,3282
2022-12-23 10:46:04,39,9,3862.25,3291
2022-12-23 10:46:05,53,14,3862.75,3305
2022-12-23 10:46:06,10,1,3862.5,3306
2022-12-23 10:46:07,71,15,3862.5,3321
2022-12-23 10:46:08,59,-25,3862.25,3296
2022-12-23 10:46:09,9,7,3861.5,3303
2022-12-23 10:46:10,15,-12,3861.25,3291
2022-12-23 10:46:11,76,-16,3861.0,3275
2022-12-23 10:46:12,56,-6,3860.5,3269
2022-12-23 10:46:13,3,-1,3860.5,3268
2022-12-23 10:46:14,81,-38,3860.25,3230
2022-12-23 10:46:15,47,10,3860.25,3240
2022-12-23 10:46:16,18,0,3860.25,3240
2022-12-23 10:46:17,70,-8,3860.25,3232
2022-12-23 10:46:18,82,-8,3860.0,3224
2022-12-23 10:46:19,16,1,3859.75,3225
2022-12-23 10:46:20,47,5,3860.0,3230
2022-12-23 10:46:21,64,-18,3859.75,3212
2022-12-23 10:46:22,52,-19,3859.5,3193
2022-12-23 10:46:23,35,15,3859.5,3208
2022-12-23 10:46:24,20,-2,3859.75,3206
2022-12-23 10:46:25,36,18,3859.75,3224
2022-12-23 10:46:26,51,-5,3859.75,3219
2022-12-23 10:46:27,28,-7,3859.75,3212
2022-12-23 10:46:28,16,10,3859.75,3222
2022-12-23 10:46:29,50,16,3860.5,3238
2022-12-23 10:46:30,15,-4,3860.25,3234
2022-12-23 10:46:31,2,0,3860.0,3234
2022-12-23 10:46:33,43,-9,3859.75,3225
2022-12-23 10:46:34,73,-9,3859.5,3216
2022-12-23 10:46:35,32,2,3859.75,3218
2022-12-23 10:46:36,34,8,3859.75,3226
2022-12-23 10:46:37,37,10,3859.75,3236
2022-12-23 10:46:38,1,1,3859.75,3237
2022-12-23 10:46:39,61,14,3860.0,3251
2022-12-23 10:46:40,45,14,3860.25,3265
2022-12-23 10:46:41,60,-5,3860.25,3260
2022-12-23 10:46:42,2,2,3860.0,3262
2022-12-23 10:46:43,30,0,3860.0,3262
2022-12-23 10:46:44,18,-5,3860.0,3257
2022-12-23 10:46:45,17,4,3859.75,3261
2022-12-23 10:46:46,20,-2,3860.0,3259
2022-12-23 10:46:47,30,-3,3859.5,3256
2022-12-23 10:46:48,11,-8,3859.75,3248
2022-12-23 10:46:49,58,9,3859.5,3257
2022-12-23 10:46:50,9,-1,3859.5,3256
2022-12-23 10:46:51,71,-14,3859.5,3242
2022-12-23 10:46:52,19,-6,3859.5,3236
2022-12-23 10:46:53,26,10,3859.5,3246
2022-12-23 10:46:54,53,-31,3859.0,3215
2022-12-23 10:46:55,17,9,3859.0,3224
2022-12-23 10:46:56,23,0,3859.0,3224
2022-12-23 10:46:57,34,26,3859.5,3250
2022-12-23 10:46:58,70,29,3860.0,3279
2022-12-23 10:46:59,35,7,3859.75,3286
2022-12-23 10:47:00,69,0,3859.75,3286
2022-12-23 10:47:01,27,-6,3859.75,3280
2022-12-23 10:47:02,29,12,3860.25,3292
2022-12-23 10:47:03,66,14,3860.75,3306
2022-12-23 10:47:04,49,-3,3860.5,3303
2022-12-23 10:47:05,155,-137,3860.25,3166
2022-12-23 10:47:06,43,-15,3859.5,3151
2022-12-23 10:47:07,47,3,3860.0,3154
2022-12-23 10:47:08,25,6,3860.0,3160
2022-12-23 10:47:09,28,11,3860.0,3171
2022-12-23 10:47:10,42,-6,3860.25,3165
2022-12-23 10:47:11,17,0,3860.0,3165
2022-12-23 10:47:12,2,0,3860.0,3165
2022-12-23 10:47:13,28,9,3860.0,3174
2022-12-23 10:47:14,42,10,3860.0,3184
2022-12-23 10:47:15,38,11,3860.25,3195
2022-12-23 10:47:16,8,-3,3860.0,3192
2022-12-23 10:47:17,59,1,3859.75,3193
2022-12-23 10:47:18,12,-6,3859.5,3187
2022-12-23 10:47:19,48,2,3859.25,3189
2022-12-23 10:47:20,290,-44,3859.0,3145
2022-12-23 10:47:21,53,-30,3858.5,3115
2022-12-23 10:47:22,63,-11,3858.5,3104
2022-12-23 10:47:23,156,-4,3858.25,3100
2022-12-23 10:47:24,54,5,3858.0,3105
2022-12-23 10:47:25,22,-4,3858.25,3101
2022-12-23 10:47:26,39,-2,3858.5,3099
2022-12-23 10:47:27,36,9,3858.25,3108
2022-12-23 10:47:28,26,8,3858.25,3116
2022-12-23 10:47:29,15,4,3858.25,3120
2022-12-23 10:47:30,35,-13,3858.5,3107
2022-12-23 10:47:31,19,3,3858.5,3110
2022-12-23 10:47:32,65,13,3858.5,3123
2022-12-23 10:47:33,11,-7,3858.5,3116
2022-12-23 10:47:34,25,-13,3858.0,3103
2022-12-23 10:47:35,11,0,3858.0,3103
2022-12-23 10:47:36,32,4,3858.25,3107
2022-12-23 10:47:37,23,3,3858.5,3110
2022-12-23 10:47:38,54,16,3858.5,3126
2022-12-23 10:47:39,86,-6,3858.75,3120
2022-12-23 10:47:40,19,-1,3858.5,3119
2022-12-23 10:47:41,112,-36,3858.5,3083
2022-12-23 10:47:42,16,-6,3858.0,3077
2022-12-23 10:47:43,13,-9,3858.0,3068
2022-12-23 10:47:44,46,4,3858.0,3072
2022-12-23 10:47:45,9,-6,3857.75,3066
2022-12-23 10:47:46,58,2,3858.25,3068
2022-12-23 10:47:47,33,-23,3858.0,3045
2022-12-23 10:47:48,7,-1,3858.0,3044
2022-12-23 10:47:49,159,-96,3858.0,2948
2022-12-23 10:47:50,226,-77,3857.25,2871
2022-12-23 10:47:51,62,-17,3857.25,2854
2022-12-23 10:47:52,79,-38,3857.0,2816
2022-12-23 10:47:53,51,2,3857.5,2818
2022-12-23 10:47:54,90,22,3857.5,2840
2022-12-23 10:47:55,91,-41,3857.25,2799
2022-12-23 10:47:56,61,-32,3857.25,2767
2022-12-23 10:47:57,226,-108,3856.75,2659
2022-12-23 10:47:58,236,-68,3856.25,2591
2022-12-23 10:47:59,78,-26,3855.5,2565
2022-12-23 10:48:00,123,19,3855.75,2584
2022-12-23 10:48:01,110,20,3855.75,2604
2022-12-23 10:48:02,27,5,3856.0,2609
2022-12-23 10:48:03,140,-11,3856.0,2598
2022-12-23 10:48:04,40,13,3856.25,2611
2022-12-23 10:48:05,57,-1,3855.75,2610
2022-12-23 10:48:06,127,-26,3856.0,2584
2022-12-23 10:48:07,105,-63,3855.5,2521
2022-12-23 10:48:08,121,-51,3855.0,2470
2022-12-23 10:48:09,106,5,3855.0,2475
2022-12-23 10:48:10,13,-3,3855.0,2472
2022-12-23 10:48:11,188,-64,3854.5,2408
2022-12-23 10:48:12,14,-6,3854.5,2402
2022-12-23 10:48:13,102,20,3854.5,2422
2022-12-23 10:48:14,148,51,3854.75,2473
2022-12-23 10:48:15,145,28,3855.0,2501
2022-12-23 10:48:16,26,8,3854.75,2509
2022-12-23 10:48:17,42,16,3854.75,2525
2022-12-23 10:48:18,24,0,3854.5,2525
2022-12-23 10:48:19,115,11,3855.0,2536
2022-12-23 10:48:20,18,-7,3854.75,2529
2022-12-23 10:48:21,76,-25,3855.0,2504
2022-12-23 10:48:22,25,-2,3855.0,2502
2022-12-23 10:48:23,105,33,3855.75,2535
2022-12-23 10:48:24,23,12,3855.5,2547
2022-12-23 10:48:25,42,-5,3855.75,2542
2022-12-23 10:48:26,49,12,3855.75,2554
2022-12-23 10:48:27,36,-9,3855.75,2545
2022-12-23 10:48:28,96,1,3855.75,2546
2022-12-23 10:48:29,111,30,3856.25,2576
2022-12-23 10:48:30,71,-22,3856.5,2554
2022-12-23 10:48:31,67,28,3856.25,2582
2022-12-23 10:48:32,68,9,3856.75,2591
2022-12-23 10:48:33,54,21,3856.75,2612
2022-12-23 10:48:34,80,8,3857.0,2620
2022-12-23 10:48:35,66,20,3857.25,2640
2022-12-23 10:48:36,91,-19,3857.75,2621
2022-12-23 10:48:37,20,-16,3856.25,2605
2022-12-23 10:48:38,35,5,3856.25,2610
2022-12-23 10:48:39,41,-18,3856.25,2592
2022-12-23 10:48:40,37,-12,3856.0,2580
2022-12-23 10:48:41,68,17,3856.25,2597
2022-12-23 10:48:42,27,1,3856.0,2598
2022-12-23 10:48:43,40,-2,3856.5,2596
2022-12-23 10:48:44,36,-9,3856.25,2587
2022-12-23 10:48:45,20,17,3856.5,2604
2022-12-23 10:48:46,21,3,3856.75,2607
2022-12-23 10:48:47,15,-9,3856.5,2598
2022-12-23 10:48:48,32,7,3856.5,2605
2022-12-23 10:48:49,22,-9,3856.75,2596
2022-12-23 10:48:50,32,-10,3856.25,2586
2022-12-23 10:48:51,2,-2,3856.0,2584
2022-12-23 10:48:52,34,2,3856.0,2586
2022-12-23 10:48:53,11,4,3856.0,2590
2022-12-23 10:48:54,39,-9,3856.25,2581
2022-12-23 10:48:55,6,4,3856.0,2585
2022-12-23 10:48:56,10,-2,3856.0,2583
2022-12-23 10:48:57,8,2,3856.0,2585
2022-12-23 10:48:58,26,6,3856.25,2591
2022-12-23 10:48:59,10,-10,3856.0,2581
2022-12-23 10:49:00,58,-17,3855.75,2564
2022-12-23 10:49:01,83,6,3856.0,2570
2022-12-23 10:49:02,18,-2,3855.5,2568
2022-12-23 10:49:03,24,-6,3855.75,2562
2022-12-23 10:49:04,30,2,3856.0,2564
2022-12-23 10:49:05,44,8,3856.25,2572
2022-12-23 10:49:06,92,26,3857.0,2598
2022-12-23 10:49:07,27,5,3856.75,2603
2022-12-23 10:49:08,34,-5,3856.75,2598
2022-12-23 10:49:09,35,-5,3856.25,2593
2022-12-23 10:49:10,17,-4,3856.0,2589
2022-12-23 10:49:11,56,7,3856.25,2596
2022-12-23 10:49:12,17,-9,3856.0,2587
2022-12-23 10:49:13,8,-7,3855.5,2580
2022-12-23 10:49:14,20,16,3855.75,2596
2022-12-23 10:49:15,48,13,3856.0,2609
2022-12-23 10:49:16,12,0,3855.75,2609
2022-12-23 10:49:17,2,2,3856.0,2611
2022-12-23 10:49:18,30,-1,3856.25,2610
2022-12-23 10:49:19,7,2,3856.25,2612
2022-12-23 10:49:20,80,12,3856.5,2624
2022-12-23 10:49:21,11,-1,3856.0,2623
2022-12-23 10:49:22,24,0,3856.25,2623
2022-12-23 10:49:23,5,-5,3856.0,2618
2022-12-23 10:49:24,27,-5,3856.0,2613
2022-12-23 10:49:25,14,-4,3855.75,2609
2022-12-23 10:49:26,24,-1,3855.75,2608
2022-12-23 10:49:27,42,16,3856.0,2624
2022-12-23 10:49:28,47,-14,3856.0,2610
2022-12-23 10:49:29,39,22,3856.5,2632
2022-12-23 10:49:30,25,15,3857.0,2647
2022-12-23 10:49:31,72,2,3857.0,2649
2022-12-23 10:49:32,76,16,3857.5,2665
2022-12-23 10:49:33,45,22,3857.5,2687
2022-12-23 10:49:34,91,40,3858.0,2727
2022-12-23 10:49:35,137,-11,3858.25,2716
2022-12-23 10:49:36,30,8,3858.0,2724
2022-12-23 10:49:37,9,-1,3858.0,2723
2022-12-23 10:49:38,62,-21,3857.75,2702
2022-12-23 10:49:39,33,-3,3857.5,2699
2022-12-23 10:49:40,64,-29,3857.5,2670
2022-12-23 10:49:41,35,-6,3857.25,2664
2022-12-23 10:49:42,54,1,3857.5,2665
2022-12-23 10:49:43,27,-9,3857.5,2656
2022-12-23 10:49:44,126,32,3857.5,2688
2022-12-23 10:49:45,35,4,3857.5,2692
2022-12-23 10:49:46,57,-7,3857.25,2685
2022-12-23 10:49:47,71,-13,3857.0,2672
2022-12-23 10:49:48,25,-2,3857.0,2670
2022-12-23 10:49:49,13,-4,3857.25,2666
2022-12-23 10:49:50,44,3,3857.5,2669
2022-12-23 10:49:51,25,-4,3857.25,2665
2022-12-23 10:49:52,50,13,3857.25,2678
2022-12-23 10:49:53,31,9,3857.0,2687
2022-12-23 10:49:54,29,5,3857.0,2692
2022-12-23 10:49:55,16,11,3857.5,2703
2022-12-23 10:49:56,12,-6,3857.5,2697
2022-12-23 10:49:57,42,-3,3857.25,2694
2022-12-23 10:49:58,7,5,3857.0,2699
2022-12-23 10:49:59,43,2,3857.25,2701
2022-12-23 10:50:00,351,-109,3857.5,2592
2022-12-23 10:50:01,78,-26,3856.5,2566
2022-12-23 10:50:02,2,-2,3856.5,2564
2022-12-23 10:50:03,169,-42,3856.5,2522
2022-12-23 10:50:04,42,-5,3855.75,2517
2022-12-23 10:50:05,36,11,3856.0,2528
2022-12-23 10:50:06,55,3,3856.25,2531
2022-12-23 10:50:07,43,4,3856.25,2535
2022-12-23 10:50:08,2,-2,3856.0,2533
2022-12-23 10:50:09,3,0,3856.25,2533
2022-12-23 10:50:10,74,23,3856.75,2556
2022-12-23 10:50:11,16,9,3856.75,2565
2022-12-23 10:50:12,31,5,3857.0,2570
2022-12-23 10:50:13,51,-29,3856.5,2541
2022-12-23 10:50:14,4,-2,3856.0,2539
2022-12-23 10:50:15,32,-6,3856.0,2533
2022-12-23 10:50:16,7,3,3856.0,2536
2022-12-23 10:50:17,15,-11,3856.0,2525
2022-12-23 10:50:18,31,-11,3856.0,2514
2022-12-23 10:50:19,32,-6,3855.75,2508
2022-12-23 10:50:20,80,-31,3855.75,2477
2022-12-23 10:50:21,26,-2,3855.75,2475
2022-12-23 10:50:22,56,-28,3855.75,2447
2022-12-23 10:50:23,2,-2,3855.25,2445
2022-12-23 10:50:24,33,8,3855.5,2453
2022-12-23 10:50:25,30,-9,3855.5,2444
2022-12-23 10:50:26,40,-12,3855.5,2432
2022-12-23 10:50:27,88,-35,3855.25,2397
2022-12-23 10:50:28,61,4,3855.0,2401
2022-12-23 10:50:29,35,0,3855.0,2401
2022-12-23 10:50:30,36,-8,3854.75,2393
2022-12-23 10:50:31,54,-28,3854.75,2365
2022-12-23 10:50:32,233,-73,3854.25,2292
2022-12-23 10:50:33,104,-31,3853.75,2261
2022-12-23 10:50:34,200,-60,3853.5,2201
2022-12-23 10:50:35,79,-24,3853.25,2177
2022-12-23 10:50:36,137,-56,3853.0,2121
2022-12-23 10:50:37,233,-20,3852.5,2101
2022-12-23 10:50:38,42,-4,3852.25,2097
2022-12-23 10:50:39,72,4,3852.25,2101
2022-12-23 10:50:40,55,24,3852.5,2125
2022-12-23 10:50:41,54,-28,3852.5,2097
2022-12-23 10:50:42,45,-9,3852.0,2088
2022-12-23 10:50:43,119,-81,3852.0,2007
2022-12-23 10:50:44,83,-9,3851.5,1998
2022-12-23 10:50:45,212,-107,3851.5,1891
2022-12-23 10:50:46,92,24,3851.75,1915
2022-12-23 10:50:47,174,-19,3852.0,1896
2022-12-23 10:50:48,81,27,3852.25,1923
2022-12-23 10:50:49,72,0,3852.5,1923
2022-12-23 10:50:50,45,2,3852.5,1925
2022-12-23 10:50:51,68,5,3852.75,1930
2022-12-23 10:50:52,62,-25,3852.5,1905
2022-12-23 10:50:53,23,12,3852.0,1917
2022-12-23 10:50:54,30,12,3851.75,1929
2022-12-23 10:50:55,48,3,3852.25,1932
2022-12-23 10:50:56,8,-1,3852.25,1931
2022-12-23 10:50:57,66,-22,3852.25,1909
2022-12-23 10:50:58,25,14,3852.5,1923
2022-12-23 10:50:59,63,-4,3852.75,1919
2022-12-23 10:51:00,72,-5,3852.75,1914
2022-12-23 10:51:01,68,-12,3852.5,1902
2022-12-23 10:51:02,36,-1,3852.25,1901
2022-12-23 10:51:03,90,23,3852.75,1924
2022-12-23 10:51:04,63,-10,3853.0,1914
2022-12-23 10:51:05,33,2,3852.25,1916
2022-12-23 10:51:06,19,-7,3852.25,1909
2022-12-23 10:51:07,83,-21,3852.0,1888
2022-12-23 10:51:08,76,12,3852.25,1900
2022-12-23 10:51:09,37,13,3852.75,1913
2022-12-23 10:51:10,62,1,3852.5,1914
2022-12-23 10:51:11,38,-15,3852.25,1899
2022-12-23 10:51:12,43,-1,3852.25,1898
2022-12-23 10:51:13,102,-1,3852.0,1897
2022-12-23 10:51:14,30,-6,3852.0,1891
2022-12-23 10:51:15,36,-7,3852.0,1884
2022-12-23 10:51:16,35,-8,3852.25,1876
2022-12-23 10:51:17,30,11,3852.25,1887
2022-12-23 10:51:18,21,-3,3852.5,1884
2022-12-23 10:51:19,61,-20,3852.0,1864
2022-12-23 10:51:20,35,-2,3852.25,1862
2022-12-23 10:51:21,11,-7,3852.25,1855
2022-12-23 10:51:22,593,-237,3852.0,1618
2022-12-23 10:51:23,110,-22,3850.0,1596
2022-12-23 10:51:24,100,39,3850.5,1635
2022-12-23 10:51:25,34,-5,3850.5,1630
2022-12-23 10:51:26,68,6,3850.5,1636
2022-12-23 10:51:27,84,2,3850.25,1638
2022-12-23 10:51:28,54,25,3850.5,1663
2022-12-23 10:51:29,53,-8,3850.5,1655
2022-12-23 10:51:30,21,3,3850.25,1658
2022-12-23 10:51:31,21,2,3850.75,1660
2022-12-23 10:51:32,68,7,3850.75,1667
2022-12-23 10:51:33,45,18,3851.0,1685
2022-12-23 10:51:34,79,33,3851.25,1718
2022-12-23 10:51:35,31,2,3851.25,1720
2022-12-23 10:51:36,40,-23,3851.25,1697
2022-12-23 10:51:37,45,-10,3850.75,1687
2022-12-23 10:51:38,29,2,3851.0,1689
2022-12-23 10:51:39,35,1,3850.75,1690
2022-12-23 10:51:40,131,-12,3850.75,1678
2022-12-23 10:51:41,33,11,3850.5,1689
2022-12-23 10:51:42,10,-2,3850.5,1687
2022-12-23 10:51:43,51,-27,3850.25,1660
2022-12-23 10:51:44,81,-3,3850.25,1657
2022-12-23 10:51:45,122,4,3850.0,1661
2022-12-23 10:51:46,78,-1,3850.25,1660
2022-12-23 10:51:47,29,13,3850.75,1673
2022-12-23 10:51:48,67,12,3851.0,1685
2022-12-23 10:51:49,69,-7,3851.25,1678
2022-12-23 10:51:50,32,-2,3851.0,1676
2022-12-23 10:51:51,61,26,3851.25,1702
2022-12-23 10:51:52,195,35,3852.0,1737
2022-12-23 10:51:53,44,-2,3852.25,1735
2022-12-23 10:51:54,87,-7,3852.25,1728
2022-12-23 10:51:55,77,-38,3852.0,1690
2022-12-23 10:51:56,68,19,3852.0,1709
2022-12-23 10:51:57,84,21,3852.75,1730
2022-12-23 10:51:58,105,-26,3852.75,1704
2022-12-23 10:51:59,175,45,3852.75,1749
2022-12-23 10:52:00,54,3,3852.25,1752
2022-12-23 10:52:01,41,18,3852.75,1770
2022-12-23 10:52:02,228,91,3853.5,1861
2022-12-23 10:52:03,180,-1,3853.75,1860
2022-12-23 10:52:04,44,-1,3853.5,1859
2022-12-23 10:52:05,65,-6,3853.5,1853
2022-12-23 10:52:06,52,12,3853.5,1865
2022-12-23 10:52:07,76,-33,3853.5,1832
2022-12-23 10:52:08,73,-12,3853.25,1820
2022-12-23 10:52:09,33,-4,3853.0,1816
2022-12-23 10:52:10,12,-3,3853.0,1813
2022-12-23 10:52:11,65,-15,3853.0,1798
2022-12-23 10:52:12,82,-39,3852.75,1759
2022-12-23 10:52:13,38,2,3852.75,1761
2022-12-23 10:52:14,45,-4,3852.75,1757
2022-12-23 10:52:15,16,10,3852.5,1767
2022-12-23 10:52:16,62,-13,3852.5,1754
2022-12-23 10:52:17,39,-12,3852.25,1742
2022-12-23 10:52:18,87,-14,3851.75,1728
2022-12-23 10:52:19,53,-3,3851.5,1725
2022-12-23 10:52:20,44,-6,3851.75,1719
2022-12-23 10:52:21,3,0,3851.75,1719
2022-12-23 10:52:22,6,-4,3851.75,1715
2022-12-23 10:52:23,123,-22,3852.25,1693
2022-12-23 10:52:24,24,9,3852.5,1702
2022-12-23 10:52:25,22,1,3852.25,1703
2022-12-23 10:52:26,52,-11,3852.0,1692
2022-12-23 10:52:27,14,8,3852.0,1700
2022-12-23 10:52:28,11,-5,3852.0,1695
2022-12-23 10:52:29,43,10,3852.0,1705
2022-12-23 10:52:30,11,-3,3852.0,1702
2022-12-23 10:52:31,8,6,3852.0,1708
2022-12-23 10:52:32,9,-1,3852.0,1707
2022-12-23 10:52:33,42,-7,3851.75,1700
2022-12-23 10:52:34,74,0,3851.75,1700
2022-12-23 10:52:35,127,-124,3851.5,1576
2022-12-23 10:52:36,50,8,3851.25,1584
2022-12-23 10:52:37,16,2,3851.5,1586
2022-12-23 10:52:38,73,-13,3851.75,1573
2022-12-23 10:52:39,2,2,3851.75,1575
2022-12-23 10:52:40,33,-4,3851.5,1571
2022-12-23 10:52:41,37,7,3852.0,1578
2022-12-23 10:52:42,26,-7,3851.75,1571
2022-12-23 10:52:43,31,0,3851.25,1571
2022-12-23 10:52:44,52,0,3851.25,1571
2022-12-23 10:52:45,7,5,3851.25,1576
2022-12-23 10:52:46,4,4,3851.5,1580
2022-12-23 10:52:47,2,0,3851.75,1580
2022-12-23 10:52:48,32,-4,3851.75,1576
2022-12-23 10:52:49,10,0,3851.75,1576
2022-12-23 10:52:50,16,9,3851.75,1585
2022-12-23 10:52:51,39,11,3852.0,1596
2022-12-23 10:52:52,74,25,3852.5,1621
2022-12-23 10:52:53,36,14,3852.75,1635
2022-12-23 10:52:54,12,3,3852.5,1638
2022-12-23 10:52:55,27,6,3852.75,1644
2022-12-23 10:52:56,88,0,3852.5,1644
2022-12-23 10:52:57,92,-39,3851.75,1605
2022-12-23 10:52:58,14,-10,3851.5,1595
2022-12-23 10:52:59,6,1,3851.25,1596
2022-12-23 10:53:00,52,-2,3851.25,1594
2022-12-23 10:53:01,26,8,3851.25,1602
2022-12-23 10:53:02,11,8,3851.5,1610
2022-12-23 10:53:03,39,1,3851.25,1611
2022-12-23 10:53:04,47,0,3851.5,1611
2022-12-23 10:53:05,27,2,3851.5,1613
2022-12-23 10:53:06,42,14,3852.0,1627
2022-12-23 10:53:07,1,1,3852.0,1628
2022-12-23 10:53:08,29,-18,3851.75,1610
2022-12-23 10:53:09,62,0,3851.75,1610
2022-12-23 10:53:10,27,-3,3851.5,1607
2022-12-23 10:53:11,24,3,3851.5,1610
2022-12-23 10:53:12,41,24,3852.0,1634
2022-12-23 10:53:13,44,-6,3852.0,1628
2022-12-23 10:53:14,104,12,3852.5,1640
2022-12-23 10:53:15,15,4,3852.5,1644
2022-12-23 10:53:16,6,6,3852.75,1650
2022-12-23 10:53:17,60,6,3852.75,1656
2022-12-23 10:53:18,54,9,3852.5,1665
2022-12-23 10:53:19,18,-5,3852.25,1660
2022-12-23 10:53:20,42,-5,3851.75,1655
2022-12-23 10:53:21,20,3,3851.75,1658
2022-12-23 10:53:22,29,5,3851.75,1663
2022-12-23 10:53:23,26,4,3852.0,1667
2022-12-23 10:53:24,4,-4,3851.75,1663
2022-12-23 10:53:25,44,4,3851.5,1667
2022-12-23 10:53:26,11,6,3851.75,1673
2022-12-23 10:53:27,5,-2,3851.75,1671
2022-12-23 10:53:28,36,-2,3851.75,1669
2022-12-23 10:53:29,22,0,3852.0,1669
2022-12-23 10:53:30,50,9,3852.5,1678
2022-12-23 10:53:31,144,28,3853.0,1706
2022-12-23 10:53:32,10,4,3852.5,1710
2022-12-23 10:53:33,5,5,3852.75,1715
2022-12-23 10:53:34,26,-4,3853.0,1711
2022-12-23 10:53:35,15,-8,3853.0,1703
2022-12-23 10:53:36,12,-3,3852.75,1700
2022-12-23 10:53:37,27,1,3852.75,1701
2022-12-23 10:53:38,15,3,3853.0,1704
2022-12-23 10:53:39,9,8,3853.0,1712
2022-12-23 10:53:40,40,-4,3853.25,1708
2022-12-23 10:53:41,16,3,3853.0,1711
2022-12-23 10:53:42,24,3,3853.25,1714
2022-12-23 10:53:43,69,12,3853.75,1726
2022-12-23 10:53:44,175,87,3854.25,1813
2022-12-23 10:53:45,193,100,3854.5,1913
2022-12-23 10:53:46,29,0,3854.0,1913
2022-12-23 10:53:47,21,6,3854.0,1919
2022-12-23 10:53:48,45,17,3854.25,1936
2022-12-23 10:53:49,70,19,3854.5,1955
2022-12-23 10:53:50,57,-9,3854.5,1946
2022-12-23 10:53:51,107,-54,3854.0,1892
2022-12-23 10:53:52,32,0,3853.25,1892
2022-12-23 10:53:53,1,1,3853.25,1893
2022-12-23 10:53:54,39,4,3853.25,1897
2022-12-23 10:53:55,17,3,3853.0,1900
2022-12-23 10:53:56,26,-2,3853.25,1898
2022-12-23 10:53:57,32,-2,3853.0,1896
2022-12-23 10:53:58,20,11,3853.0,1907
2022-12-23 10:53:59,39,-3,3853.25,1904
2022-12-23 10:54:00,20,2,3853.25,1906
2022-12-23 10:54:01,28,-9,3853.25,1897
2022-12-23 10:54:02,26,10,3853.0,1907
2022-12-23 10:54:03,66,-9,3853.0,1898
2022-12-23 10:54:04,109,-58,3852.75,1840
2022-12-23 10:54:05,71,15,3852.25,1855
2022-12-23 10:54:06,64,-14,3852.5,1841
2022-12-23 10:54:07,8,4,3852.25,1845
2022-12-23 10:54:08,46,-1,3851.75,1844
2022-12-23 10:54:09,15,-2,3851.75,1842
2022-12-23 10:54:10,64,-32,3851.5,1810
2022-12-23 10:54:11,114,43,3851.5,1853
2022-12-23 10:54:12,31,2,3851.25,1855
2022-12-23 10:54:13,171,-92,3851.25,1763
2022-12-23 10:54:14,37,-1,3851.25,1762
2022-12-23 10:54:15,31,17,3851.75,1779
2022-12-23 10:54:16,99,7,3852.25,1786
2022-12-23 10:54:17,36,13,3852.5,1799
2022-12-23 10:54:18,31,-3,3852.75,1796
2022-12-23 10:54:19,14,-6,3852.5,1790
2022-12-23 10:54:20,31,0,3852.5,1790
2022-12-23 10:54:21,46,2,3852.5,1792
2022-12-23 10:54:22,25,14,3852.5,1806
2022-12-23 10:54:23,22,-9,3852.5,1797
2022-12-23 10:54:24,15,4,3852.5,1801
2022-12-23 10:54:25,16,0,3852.5,1801
2022-12-23 10:54:26,29,-27,3852.25,1774
2022-12-23 10:54:27,15,6,3852.0,1780
2022-12-23 10:54:28,15,-2,3852.0,1778
2022-12-23 10:54:29,19,2,3852.0,1780
2022-12-23 10:54:30,8,2,3852.25,1782
2022-12-23 10:54:31,151,-130,3852.0,1652
2022-12-23 10:54:32,27,10,3851.25,1662
2022-12-23 10:54:33,1,1,3851.5,1663
2022-12-23 10:54:34,113,25,3851.75,1688
2022-12-23 10:54:35,37,9,3852.0,1697
2022-12-23 10:54:36,15,-10,3851.75,1687
2022-12-23 10:54:37,24,9,3852.0,1696
2022-12-23 10:54:38,17,-3,3852.0,1693
2022-12-23 10:54:39,8,-3,3852.0,1690
2022-12-23 10:54:40,22,14,3852.25,1704
2022-12-23 10:54:41,13,2,3852.25,1706
2022-12-23 10:54:42,4,-2,3852.25,1704
2022-12-23 10:54:43,14,-14,3851.75,1690
2022-12-23 10:54:44,7,7,3851.75,1697
2022-12-23 10:54:45,1,-1,3851.75,1696
2022-12-23 10:54:46,6,6,3852.0,1702
2022-12-23 10:54:47,1,1,3852.25,1703
2022-12-23 10:54:48,25,-4,3852.25,1699
2022-12-23 10:54:49,46,-15,3852.25,1684
2022-12-23 10:54:50,9,9,3852.5,1693
2022-12-23 10:54:51,92,-1,3852.5,1692
2022-12-23 10:54:52,68,17,3852.5,1709
2022-12-23 10:54:53,1,1,3852.25,1710
2022-12-23 10:54:54,5,-5,3852.25,1705
2022-12-23 10:54:55,63,3,3852.5,1708
2022-12-23 10:54:56,15,10,3852.5,1718
2022-12-23 10:54:57,3,1,3852.5,1719
2022-12-23 10:54:58,26,-1,3852.25,1718
2022-12-23 10:54:59,14,-3,3852.25,1715
2022-12-23 10:55:00,64,-14,3852.25,1701
2022-12-23 10:55:01,19,-4,3852.0,1697
2022-12-23 10:55:02,18,-2,3852.0,1695
2022-12-23 10:55:03,55,16,3852.5,1711
2022-12-23 10:55:04,61,29,3853.0,1740
2022-12-23 10:55:05,34,11,3853.25,1751
2022-12-23 10:55:06,77,40,3853.75,1791
2022-12-23 10:55:07,165,61,3854.5,1852
2022-12-23 10:55:08,66,20,3854.5,1872
2022-12-23 10:55:09,33,11,3854.5,1883
2022-12-23 10:55:10,56,-7,3854.5,1876
2022-12-23 10:55:11,99,-18,3854.25,1858
2022-12-23 10:55:12,36,-2,3854.5,1856
2022-12-23 10:55:13,46,41,3854.75,1897
2022-12-23 10:55:14,61,-29,3854.75,1868
2022-12-23 10:55:15,86,22,3855.0,1890
2022-12-23 10:55:16,231,66,3855.75,1956
2022-12-23 10:55:17,175,79,3856.25,2035
2022-12-23 10:55:18,151,-2,3856.0,2033
2022-12-23 10:55:19,189,-28,3855.5,2005
2022-12-23 10:55:20,65,4,3855.5,2009
2022-12-23 10:55:21,122,21,3855.5,2030
2022-12-23 10:55:22,155,36,3855.0,2066
2022-12-23 10:55:23,40,3,3855.0,2069
2022-12-23 10:55:24,42,3,3855.0,2072
2022-12-23 10:55:25,51,7,3855.25,2079
2022-12-23 10:55:26,23,-12,3854.75,2067
2022-12-23 10:55:27,13,-1,3854.5,2066
2022-12-23 10:55:28,13,7,3854.75,2073
2022-12-23 10:55:29,60,1,3854.75,2074
2022-12-23 10:55:30,70,-10,3854.5,2064
2022-12-23 10:55:31,49,-3,3854.75,2061
2022-12-23 10:55:32,14,-1,3854.75,2060
2022-12-23 10:55:33,71,-17,3854.5,2043
2022-12-23 10:55:34,12,-8,3854.5,2035
2022-12-23 10:55:35,23,-5,3854.25,2030
2022-12-23 10:55:36,37,9,3854.75,2039
2022-12-23 10:55:37,84,-11,3855.0,2028
2022-12-23 10:55:38,27,3,3855.25,2031
2022-12-23 10:55:39,73,14,3855.25,2045
2022-12-23 10:55:40,35,-7,3855.5,2038
2022-12-23 10:55:41,52,-7,3855.75,2031
2022-12-23 10:55:42,28,0,3855.75,2031
2022-12-23 10:55:43,45,14,3856.0,2045
2022-12-23 10:55:44,100,-7,3856.0,2038
2022-12-23 10:55:45,14,10,3856.0,2048
2022-12-23 10:55:46,29,12,3856.0,2060
2022-12-23 10:55:47,24,-12,3856.25,2048
2022-12-23 10:55:48,228,35,3856.5,2083
2022-12-23 10:55:49,131,11,3856.75,2094
2022-12-23 10:55:50,69,4,3856.75,2098
2022-12-23 10:55:51,70,1,3856.75,2099
2022-12-23 10:55:52,61,-27,3856.75,2072
2022-12-23 10:55:53,155,-8,3856.5,2064
2022-12-23 10:55:54,137,-25,3856.25,2039
2022-12-23 10:55:55,65,-26,3855.75,2013
2022-12-23 10:55:56,78,-1,3855.75,2012
2022-12-23 10:55:57,50,5,3855.5,2017
2022-12-23 10:55:58,37,-10,3855.5,2007
2022-12-23 10:55:59,39,-13,3855.5,1994
2022-12-23 10:56:00,71,-12,3855.5,1982
2022-12-23 10:56:01,81,-16,3855.0,1966
2022-12-23 10:56:02,111,-20,3854.75,1946
2022-12-23 10:56:03,36,-10,3854.25,1936
2022-12-23 10:56:04,281,-23,3854.0,1913
2022-12-23 10:56:05,144,-38,3853.0,1875
2022-12-23 10:56:06,39,-2,3853.0,1873
2022-12-23 10:56:07,46,-1,3853.5,1872
2022-12-23 10:56:08,21,6,3853.25,1878
2022-12-23 10:56:09,25,1,3853.25,1879
2022-12-23 10:56:10,67,33,3854.0,1912
2022-12-23 10:56:11,46,-14,3854.0,1898
2022-12-23 10:56:12,136,-109,3853.25,1789
2022-12-23 10:56:13,42,14,3853.5,1803
2022-12-23 10:56:14,58,-5,3853.5,1798
2022-12-23 10:56:15,36,12,3853.75,1810
2022-12-23 10:56:16,2,2,3853.75,1812
2022-12-23 10:56:17,34,15,3854.25,1827
2022-12-23 10:56:18,40,-8,3854.0,1819
2022-12-23 10:56:19,31,-18,3853.75,1801
2022-12-23 10:56:20,21,4,3853.75,1805
2022-12-23 10:56:21,48,9,3854.0,1814
2022-12-23 10:56:22,45,2,3853.75,1816
2022-12-23 10:56:23,23,-3,3853.75,1813
2022-12-23 10:56:24,61,-19,3853.5,1794
2022-12-23 10:56:25,25,12,3853.5,1806
2022-12-23 10:56:26,88,-18,3853.5,1788
2022-12-23 10:56:27,52,-9,3853.25,1779
2022-12-23 10:56:28,52,-24,3853.0,1755
2022-12-23 10:56:29,40,4,3853.0,1759
2022-12-23 10:56:30,36,5,3853.5,1764
2022-12-23 10:56:31,47,-16,3853.5,1748
2022-12-23 10:56:32,4,4,3853.25,1752
2022-12-23 10:56:33,21,8,3853.5,1760
2022-12-23 10:56:34,6,-4,3853.5,1756
2022-12-23 10:56:35,19,4,3853.5,1760
2022-12-23 10:56:36,17,-8,3853.5,1752
2022-12-23 10:56:37,36,9,3853.5,1761
2022-12-23 10:56:38,41,5,3853.75,1766
2022-12-23 10:56:39,21,-8,3853.25,1758
2022-12-23 10:56:40,57,57,3853.75,1815
2022-12-23 10:56:41,77,13,3854.0,1828
2022-12-23 10:56:42,25,-3,3854.0,1825
2022-12-23 10:56:43,47,-3,3854.0,1822
2022-12-23 10:56:44,17,2,3853.5,1824
2022-12-23 10:56:45,14,-4,3853.25,1820
2022-12-23 10:56:46,26,3,3853.5,1823
2022-12-23 10:56:47,43,13,3854.0,1836
2022-12-23 10:56:48,3,-1,3853.75,1835
2022-12-23 10:56:49,23,-5,3853.75,1830
2022-12-23 10:56:50,46,7,3853.5,1837
2022-12-23 10:56:51,28,-10,3853.25,1827
2022-12-23 10:56:52,42,-12,3853.25,1815
2022-12-23 10:56:53,15,1,3853.5,1816
2022-12-23 10:56:54,6,-4,3853.5,1812
2022-12-23 10:56:55,34,1,3853.25,1813
2022-12-23 10:56:56,24,4,3853.25,1817
2022-12-23 10:56:57,22,9,3853.5,1826
2022-12-23 10:56:58,1,1,3853.25,1827
2022-12-23 10:56:59,13,4,3853.75,1831
2022-12-23 10:57:00,65,5,3853.25,1836
2022-12-23 10:57:01,33,6,3853.25,1842
2022-12-23 10:57:02,15,3,3853.0,1845
2022-12-23 10:57:03,8,0,3853.25,1845
2022-12-23 10:57:04,44,-22,3853.0,1823
2022-12-23 10:57:05,38,-2,3853.0,1821
2022-12-23 10:57:06,64,33,3853.5,1854
2022-12-23 10:57:07,1,1,3853.5,1855
2022-12-23 10:57:08,25,-4,3853.5,1851
2022-12-23 10:57:09,37,-10,3853.75,1841
2022-12-23 10:57:10,62,6,3853.75,1847
2022-12-23 10:57:11,33,-5,3853.75,1842
2022-12-23 10:57:12,29,-1,3853.75,1841
2022-12-23 10:57:13,43,-6,3853.5,1835
2022-12-23 10:57:14,24,-9,3853.5,1826
2022-12-23 10:57:15,26,-3,3853.25,1823
2022-12-23 10:57:16,6,5,3853.25,1828
2022-12-23 10:57:17,10,-9,3853.25,1819
2022-12-23 10:57:18,94,-42,3853.25,1777
2022-12-23 10:57:19,14,-4,3852.75,1773
2022-12-23 10:57:20,53,6,3852.5,1779
2022-12-23 10:57:21,66,-7,3852.25,1772
2022-12-23 10:57:22,45,12,3852.75,1784
2022-12-23 10:57:23,61,0,3853.25,1784
2022-12-23 10:57:24,17,11,3853.25,1795
2022-12-23 10:57:25,3,3,3853.25,1798
2022-12-23 10:57:26,21,-11,3853.25,1787
2022-12-23 10:57:27,26,-8,3853.25,1779
2022-12-23 10:57:28,51,8,3852.75,1787
2022-12-23 10:57:29,15,-3,3852.5,1784
2022-12-23 10:57:30,32,-8,3853.0,1776
2022-12-23 10:57:31,31,-13,3853.0,1763
2022-12-23 10:57:32,41,-8,3853.0,1755
2022-12-23 10:57:33,88,-14,3852.5,1741
2022-12-23 10:57:34,44,-24,3852.0,1717
2022-12-23 10:57:35,83,-8,3852.0,1709
2022-12-23 10:57:36,76,-45,3851.5,1664
2022-12-23 10:57:37,31,-3,3851.5,1661
2022-12-23 10:57:38,98,17,3852.0,1678
2022-12-23 10:57:39,102,-28,3851.75,1650
2022-12-23 10:57:40,108,55,3851.5,1705
2022-12-23 10:57:41,88,-22,3851.25,1683
2022-12-23 10:57:42,122,-39,3850.75,1644
2022-12-23 10:57:43,76,-13,3850.75,1631
2022-12-23 10:57:44,27,7,3851.0,1638
2022-12-23 10:57:45,41,0,3851.0,1638
2022-12-23 10:57:46,50,21,3851.5,1659
2022-12-23 10:57:47,35,-2,3851.5,1657
2022-12-23 10:57:48,41,3,3851.75,1660
2022-12-23 10:57:49,25,3,3851.5,1663
2022-12-23 10:57:50,45,-9,3851.25,1654
2022-12-23 10:57:51,28,-13,3851.25,1641
2022-12-23 10:57:52,81,2,3851.75,1643
2022-12-23 10:57:53,14,-7,3851.75,1636
2022-12-23 10:57:54,26,-8,3851.5,1628
2022-12-23 10:57:55,18,7,3851.25,1635
2022-12-23 10:57:56,57,-2,3852.0,1633
2022-12-23 10:57:57,62,-12,3852.25,1621
2022-12-23 10:57:58,38,-16,3852.25,1605
2022-12-23 10:57:59,18,6,3852.0,1611
2022-12-23 10:58:00,46,-13,3852.25,1598
2022-12-23 10:58:01,71,27,3853.0,1625
2022-12-23 10:58:02,59,7,3852.75,1632
2022-12-23 10:58:03,67,-73,3852.5,1559
2022-12-23 10:58:04,32,6,3852.25,1565
2022-12-23 10:58:05,38,-11,3851.75,1554
2022-12-23 10:58:06,28,3,3852.0,1557
2022-12-23 10:58:07,20,-13,3852.0,1544
2022-12-23 10:58:08,32,2,3852.0,1546
2022-12-23 10:58:09,10,-1,3852.25,1545
2022-12-23 10:58:10,27,-17,3852.25,1528
2022-12-23 10:58:11,64,-58,3852.25,1470
2022-12-23 10:58:12,34,-9,3851.5,1461
2022-12-23 10:58:13,17,2,3851.75,1463
2022-12-23 10:58:14,18,-9,3851.5,1454
2022-12-23 10:58:15,11,1,3851.5,1455
2022-12-23 10:58:16,18,10,3851.75,1465
2022-12-23 10:58:17,18,-1,3851.75,1464
2022-12-23 10:58:18,21,-2,3851.75,1462
2022-12-23 10:58:19,14,-3,3851.75,1459
2022-12-23 10:58:20,55,-9,3851.75,1450
2022-12-23 10:58:21,14,-2,3851.5,1448
2022-12-23 10:58:22,13,-2,3851.5,1446
2022-12-23 10:58:23,74,-5,3851.25,1441
2022-12-23 10:58:24,23,-6,3851.0,1435
2022-12-23 10:58:25,171,-80,3850.5,1355
2022-12-23 10:58:26,155,-20,3850.0,1335
2022-12-23 10:58:27,164,-68,3849.5,1267
2022-12-23 10:58:28,183,-79,3849.0,1188
2022-12-23 10:58:29,171,-72,3848.5,1116
2022-12-23 10:58:30,128,19,3848.75,1135
2022-12-23 10:58:31,126,-9,3848.75,1126
2022-12-23 10:58:32,50,3,3848.5,1129
2022-12-23 10:58:33,40,-10,3848.5,1119
2022-12-23 10:58:34,46,16,3848.0,1135
2022-12-23 10:58:35,117,-2,3848.5,1133
2022-12-23 10:58:36,56,15,3848.5,1148
2022-12-23 10:58:37,14,-8,3848.5,1140
2022-12-23 10:58:38,56,6,3848.5,1146
2022-12-23 10:58:39,74,-23,3848.5,1123
2022-12-23 10:58:40,62,9,3848.75,1132
2022-12-23 10:58:41,87,-37,3849.0,1095
2022-12-23 10:58:42,42,-1,3849.0,1094
2022-12-23 10:58:43,56,-28,3849.0,1066
2022-12-23 10:58:44,42,-10,3849.0,1056
2022-12-23 10:58:45,33,9,3849.25,1065
2022-12-23 10:58:46,54,-6,3849.25,1059
2022-12-23 10:58:47,68,28,3849.5,1087
2022-12-23 10:58:48,25,-6,3849.25,1081
2022-12-23 10:58:49,14,-6,3849.25,1075
2022-12-23 10:58:50,60,-37,3849.0,1038
2022-12-23 10:58:51,42,8,3848.5,1046
2022-12-23 10:58:52,60,-38,3848.5,1008
2022-12-23 10:58:53,151,43,3848.5,1051
2022-12-23 10:58:54,66,-16,3848.75,1035
2022-12-23 10:58:55,39,8,3848.75,1043
2022-12-23 10:58:56,38,-2,3849.0,1041
2022-12-23 10:58:57,32,-11,3848.75,1030
2022-12-23 10:58:58,19,15,3848.75,1045
2022-12-23 10:58:59,3,-2,3848.75,1043
2022-12-23 10:59:00,26,-10,3848.75,1033
2022-12-23 10:59:01,67,1,3848.75,1034
2022-12-23 10:59:02,7,-2,3848.75,1032
2022-12-23 10:59:03,100,-12,3849.0,1020
2022-12-23 10:59:04,23,-3,3848.5,1017
2022-12-23 10:59:05,69,10,3848.75,1027
2022-12-23 10:59:06,55,0,3848.75,1027
2022-12-23 10:59:07,203,-77,3848.5,950
2022-12-23 10:59:08,93,-27,3847.75,923
2022-12-23 10:59:09,61,4,3848.0,927
2022-12-23 10:59:10,85,29,3848.5,956
2022-12-23 10:59:11,77,16,3848.5,972
2022-12-23 10:59:12,66,28,3848.25,1000
2022-12-23 10:59:13,80,-1,3848.5,999
2022-12-23 10:59:14,14,2,3848.5,1001
2022-12-23 10:59:15,83,17,3848.75,1018
2022-12-23 10:59:16,29,1,3848.75,1019
2022-12-23 10:59:17,46,-3,3848.75,1016
2022-12-23 10:59:18,33,-3,3848.75,1013
2022-12-23 10:59:19,83,34,3849.25,1047
2022-12-23 10:59:20,75,27,3849.25,1074
2022-12-23 10:59:21,29,-1,3849.25,1073
2022-12-23 10:59:22,93,-15,3849.0,1058
2022-12-23 10:59:23,57,-3,3849.0,1055
2022-12-23 10:59:24,69,27,3849.25,1082
2022-12-23 10:59:25,89,21,3849.75,1103
2022-12-23 10:59:26,99,16,3850.0,1119
2022-12-23 10:59:27,21,10,3850.0,1129
2022-12-23 10:59:28,42,15,3850.0,1144
2022-12-23 10:59:29,30,-9,3850.0,1135
2022-12-23 10:59:30,100,-28,3850.25,1107
2022-12-23 10:59:31,110,-10,3850.25,1097
2022-12-23 10:59:32,53,8,3850.5,1105
2022-12-23 10:59:33,82,38,3850.5,1143
2022-12-23 10:59:34,17,5,3850.5,1148
2022-12-23 10:59:35,103,-66,3850.75,1082
2022-12-23 10:59:36,107,5,3850.0,1087
2022-12-23 10:59:37,31,14,3850.5,1101
2022-12-23 10:59:38,12,-10,3850.5,1091
2022-12-23 10:59:39,12,4,3850.5,1095
2022-12-23 10:59:40,159,68,3851.25,1163
2022-12-23 10:59:41,56,-12,3851.25,1151
2022-12-23 10:59:42,32,-2,3851.0,1149
2022-12-23 10:59:43,49,8,3851.0,1157
2022-12-23 10:59:44,33,-6,3851.0,1151
2022-12-23 10:59:45,29,-9,3850.75,1142
2022-12-23 10:59:46,25,-6,3850.5,1136
2022-12-23 10:59:47,67,2,3850.5,1138
2022-12-23 10:59:48,24,-4,3850.0,1134
2022-12-23 10:59:49,27,6,3850.0,1140
2022-12-23 10:59:50,51,-6,3849.75,1134
2022-12-23 10:59:51,52,-5,3850.25,1129
2022-12-23 10:59:52,49,15,3850.25,1144
2022-12-23 10:59:53,39,-23,3850.25,1121
2022-12-23 10:59:54,66,-4,3850.25,1117
2022-12-23 10:59:55,49,9,3850.5,1126
2022-12-23 10:59:56,35,11,3850.5,1137
2022-12-23 10:59:57,52,-18,3850.25,1119
2022-12-23 10:59:58,21,-13,3849.75,1106
2022-12-23 10:59:59,30,-20,3849.5,1086
2022-12-23 11:00:00,147,-18,3849.75,1068
2022-12-23 11:00:01,19,17,3849.5,1085
2022-12-23 11:00:02,84,-37,3849.0,1048
2022-12-23 11:00:03,180,86,3848.5,1134
2022-12-23 11:00:04,113,-1,3848.5,1133
2022-12-23 11:00:05,43,17,3848.75,1150
2022-12-23 11:00:06,14,-8,3849.0,1142
2022-12-23 11:00:07,42,5,3849.0,1147
2022-12-23 11:00:08,68,24,3849.5,1171
2022-12-23 11:00:09,73,4,3849.5,1175
2022-12-23 11:00:10,42,-2,3849.25,1173
2022-12-23 11:00:11,16,3,3849.25,1176
2022-12-23 11:00:12,80,5,3849.5,1181
2022-12-23 11:00:13,20,-4,3849.75,1177
2022-12-23 11:00:14,26,-7,3849.25,1170
2022-12-23 11:00:15,115,-6,3849.5,1164
2022-12-23 11:00:16,148,3,3849.75,1167
2022-12-23 11:00:17,17,11,3849.5,1178
2022-12-23 11:00:18,30,4,3849.5,1182
2022-12-23 11:00:19,136,-32,3849.5,1150
2022-12-23 11:00:20,41,19,3849.25,1169
2022-12-23 11:00:21,47,1,3849.75,1170
2022-12-23 11:00:22,21,-5,3849.75,1165
2022-12-23 11:00:23,9,-3,3849.25,1162
2022-12-23 11:00:24,11,-3,3849.5,1159
2022-12-23 11:00:25,91,-4,3849.0,1155
2022-12-23 11:00:26,58,-28,3849.0,1127
2022-12-23 11:00:27,13,-11,3848.75,1116
2022-12-23 11:00:28,27,1,3848.75,1117
2022-12-23 11:00:29,39,-15,3848.5,1102
2022-12-23 11:00:30,22,1,3848.75,1103
2022-12-23 11:00:31,55,12,3849.25,1115
2022-12-23 11:00:32,36,10,3849.75,1125
2022-12-23 11:00:33,29,-2,3849.5,1123
2022-12-23 11:00:34,26,-4,3849.75,1119
2022-12-23 11:00:35,33,21,3850.0,1140
2022-12-23 11:00:36,57,18,3850.25,1158
2022-12-23 11:00:37,48,8,3850.5,1166
2022-12-23 11:00:38,40,-11,3850.5,1155
2022-12-23 11:00:39,70,28,3850.75,1183
2022-12-23 11:00:40,64,25,3850.75,1208
2022-12-23 11:00:41,31,1,3850.75,1209
2022-12-23 11:00:42,7,-2,3850.5,1207
2022-12-23 11:00:43,35,14,3850.75,1221
2022-12-23 11:00:44,52,6,3851.0,1227
2022-12-23 11:00:45,10,9,3851.0,1236
2022-12-23 11:00:46,55,-12,3851.0,1224
2022-12-23 11:00:47,31,10,3851.0,1234
2022-12-23 11:00:48,111,37,3851.5,1271
2022-12-23 11:00:49,109,17,3851.5,1288
2022-12-23 11:00:50,45,18,3851.5,1306
2022-12-23 11:00:51,110,24,3851.75,1330
2022-12-23 11:00:52,14,3,3851.75,1333
2022-12-23 11:00:53,96,-30,3851.75,1303
2022-12-23 11:00:54,88,-19,3851.25,1284
2022-12-23 11:00:55,58,-21,3850.75,1263
2022-12-23 11:00:56,33,3,3850.5,1266
2022-12-23 11:00:57,17,5,3851.0,1271
2022-12-23 11:00:58,17,-2,3851.0,1269
2022-12-23 11:00:59,3,1,3851.0,1270
2022-12-23 11:01:00,82,-9,3851.0,1261
2022-12-23 11:01:01,39,18,3851.0,1279
2022-12-23 11:01:02,22,1,3851.0,1280
2022-12-23 11:01:03,12,-2,3851.0,1278
2022-12-23 11:01:04,65,-26,3850.5,1252
2022-12-23 11:01:05,53,-7,3850.0,1245
2022-12-23 11:01:06,23,-8,3850.0,1237
2022-12-23 11:01:07,36,6,3849.75,1243
2022-12-23 11:01:08,36,-8,3849.25,1235
2022-12-23 11:01:09,1,-1,3849.0,1234
2022-12-23 11:01:10,63,-32,3849.0,1202
2022-12-23 11:01:11,95,-8,3848.5,1194
2022-12-23 11:01:12,60,-14,3848.25,1180
2022-12-23 11:01:13,62,-3,3848.0,1177
2022-12-23 11:01:14,51,-34,3848.0,1143
2022-12-23 11:01:15,79,30,3847.75,1173
2022-12-23 11:01:16,35,-7,3847.75,1166
2022-12-23 11:01:17,44,0,3847.75,1166
2022-12-23 11:01:18,33,-4,3847.5,1162
2022-12-23 11:01:19,260,-97,3847.75,1065
2022-12-23 11:01:20,109,-5,3847.0,1060
2022-12-23 11:01:21,87,-16,3847.0,1044
2022-12-23 11:01:22,71,-31,3846.5,1013
2022-12-23 11:01:23,169,-59,3846.25,954
2022-12-23 11:01:24,129,-32,3846.0,922
2022-12-23 11:01:25,61,2,3846.0,924
2022-12-23 11:01:26,71,35,3846.5,959
2022-12-23 11:01:27,86,-10,3846.75,949
2022-12-23 11:01:28,62,8,3846.5,957
2022-12-23 11:01:29,141,-49,3846.25,908
2022-12-23 11:01:30,148,79,3846.25,987
2022-12-23 11:01:31,16,0,3845.75,987
2022-12-23 11:01:32,29,4,3846.0,991
2022-12-23 11:01:33,191,-26,3846.0,965
2022-12-23 11:01:34,241,-100,3845.25,865
2022-12-23 11:01:35,182,23,3845.5,888
2022-12-23 11:01:36,33,-10,3845.25,878
2022-12-23 11:01:37,10,-4,3845.0,874
2022-12-23 11:01:38,58,-14,3845.25,860
2022-12-23 11:01:39,47,-16,3845.0,844
2022-12-23 11:01:40,65,2,3845.5,846
2022-12-23 11:01:41,102,14,3845.75,860
2022-12-23 11:01:42,30,-1,3845.5,859
2022-12-23 11:01:43,28,-12,3845.75,847
2022-12-23 11:01:44,96,5,3846.0,852
2022-12-23 11:01:45,178,54,3847.0,906
2022-12-23 11:01:46,58,16,3847.0,922
2022-12-23 11:01:47,38,-10,3846.75,912
2022-12-23 11:01:48,158,-7,3846.5,905
2022-12-23 11:01:49,50,-9,3846.0,896
2022-12-23 11:01:50,3,1,3845.75,897
2022-12-23 11:01:51,34,20,3846.0,917
2022-12-23 11:01:52,59,16,3845.75,933
2022-12-23 11:01:53,13,3,3846.0,936
2022-12-23 11:01:54,40,-11,3845.5,925
2022-12-23 11:01:55,35,12,3845.5,937
2022-12-23 11:01:56,30,3,3845.5,940
2022-12-23 11:01:57,24,-5,3845.5,935
2022-12-23 11:01:58,52,13,3845.5,948
2022-12-23 11:01:59,36,9,3845.75,957
2022-12-23 11:02:00,47,32,3846.0,989
2022-12-23 11:02:01,24,3,3845.5,992
2022-12-23 11:02:02,66,1,3846.0,993
2022-12-23 11:02:03,79,19,3846.5,1012
2022-12-23 11:02:04,23,1,3846.25,1013
2022-12-23 11:02:05,20,-1,3846.0,1012
2022-12-23 11:02:06,72,-21,3845.75,991
2022-12-23 11:02:07,39,-5,3845.75,986
2022-12-23 11:02:08,47,3,3845.5,989
2022-12-23 11:02:09,39,5,3845.5,994
2022-12-23 11:02:10,42,2,3845.75,996
2022-12-23 11:02:11,31,4,3845.75,1000
2022-12-23 11:02:12,165,52,3846.0,1052
2022-12-23 11:02:13,48,-20,3845.5,1032
2022-12-23 11:02:14,39,11,3845.5,1043
2022-12-23 11:02:15,34,8,3845.25,1051
2022-12-23 11:02:16,503,-157,3845.0,894
2022-12-23 11:02:17,52,-11,3844.0,883
2022-12-23 11:02:18,106,13,3844.5,896
2022-12-23 11:02:19,45,-9,3844.25,887
2022-12-23 11:02:20,65,-26,3844.0,861
2022-12-23 11:02:21,88,-29,3843.75,832
2022-12-23 11:02:22,35,-8,3843.75,824
2022-12-23 11:02:23,82,11,3844.25,835
2022-12-23 11:02:24,217,15,3844.5,850
2022-12-23 11:02:25,71,-9,3844.25,841
2022-12-23 11:02:26,61,2,3844.5,843
2022-12-23 11:02:27,64,-9,3844.25,834
2022-12-23 11:02:28,39,-8,3844.0,826
2022-12-23 11:02:29,28,-1,3844.0,825
2022-12-23 11:02:30,29,-17,3844.0,808
2022-12-23 11:02:31,118,6,3844.0,814
2022-12-23 11:02:32,236,18,3843.75,832
2022-12-23 11:02:33,154,-72,3843.0,760
2022-12-23 11:02:34,89,-20,3843.0,740
2022-12-23 11:02:35,96,-51,3843.0,689
2022-12-23 11:02:36,43,-8,3843.0,681
2022-12-23 11:02:37,69,-8,3842.5,673
2022-12-23 11:02:38,173,-2,3842.75,671
2022-12-23 11:02:39,183,-10,3842.5,661
2022-12-23 11:02:40,96,16,3843.0,677
2022-12-23 11:02:41,103,10,3842.75,687
2022-12-23 11:02:42,54,0,3842.5,687
2022-12-23 11:02:43,76,14,3842.75,701
2022-12-23 11:02:44,96,18,3843.0,719
2022-12-23 11:02:45,48,8,3843.25,727
2022-12-23 11:02:46,96,36,3843.75,763
2022-12-23 11:02:47,54,-7,3843.5,756
2022-12-23 11:02:48,50,13,3843.75,769
2022-12-23 11:02:49,129,33,3844.25,802
2022-12-23 11:02:50,20,3,3844.0,805
2022-12-23 11:02:51,58,14,3844.25,819
2022-12-23 11:02:52,41,-8,3843.75,811
2022-12-23 11:02:53,43,-4,3843.75,807
2022-12-23 11:02:54,23,-3,3843.75,804
2022-12-23 11:02:55,22,-11,3843.75,793
2022-12-23 11:02:56,64,11,3844.0,804
2022-12-23 11:02:57,67,25,3844.25,829
2022-12-23 11:02:58,49,-5,3844.25,824
2022-12-23 11:02:59,36,1,3844.25,825
2022-12-23 11:03:00,32,-5,3844.0,820
2022-12-23 11:03:01,84,-35,3843.75,785
2022-12-23 11:03:02,37,10,3843.5,795
2022-12-23 11:03:03,68,0,3843.75,795
2022-12-23 11:03:04,31,1,3843.75,796
2022-12-23 11:03:05,32,-6,3843.5,790
2022-12-23 11:03:06,111,-57,3843.5,733
2022-12-23 11:03:07,10,0,3842.75,733
2022-12-23 11:03:08,78,19,3843.0,752
2022-12-23 11:03:09,6,0,3843.0,752
2022-12-23 11:03:10,101,22,3843.25,774
2022-12-23 11:03:11,51,-16,3843.25,758
2022-12-23 11:03:12,12,6,3842.75,764
2022-12-23 11:03:13,44,6,3843.0,770
2022-12-23 11:03:14,62,-4,3842.75,766
2022-12-23 11:03:15,53,5,3842.5,771
2022-12-23 11:03:16,51,-24,3842.25,747
2022-12-23 11:03:17,480,-154,3842.25,593
2022-12-23 11:03:18,80,-13,3841.75,580
2022-12-23 11:03:19,70,34,3842.0,614
2022-12-23 11:03:20,58,-11,3841.75,603
2022-12-23 11:03:21,69,17,3842.25,620
2022-12-23 11:03:22,39,-18,3842.0,602
2022-12-23 11:03:23,27,15,3842.25,617
2022-12-23 11:03:24,37,4,3842.5,621
2022-12-23 11:03:25,52,8,3842.5,629
2022-12-23 11:03:26,16,12,3842.75,641
2022-12-23 11:03:27,31,-11,3842.75,630
2022-12-23 11:03:28,19,0,3842.5,630
2022-12-23 11:03:29,2,0,3842.75,630
2022-12-23 11:03:30,54,8,3843.0,638
2022-12-23 11:03:31,3,-1,3843.0,637
2022-12-23 11:03:32,75,-13,3843.25,624
2022-12-23 11:03:33,38,1,3843.0,625
2022-12-23 11:03:34,32,2,3842.75,627
2022-12-23 11:03:35,55,16,3843.25,643
2022-12-23 11:03:36,89,36,3844.0,679
2022-12-23 11:03:37,33,17,3843.75,696
2022-12-23 11:03:38,20,8,3843.75,704
2022-12-23 11:03:39,23,9,3843.5,713
2022-12-23 11:03:40,32,5,3843.75,718
2022-12-23 11:03:41,61,34,3844.25,752
2022-12-23 11:03:42,76,10,3844.25,762
2022-12-23 11:03:43,74,-27,3843.75,735
2022-12-23 11:03:44,75,38,3844.0,773
2022-12-23 11:03:45,19,6,3844.0,779
2022-12-23 11:03:46,12,9,3844.0,788
2022-12-23 11:03:47,27,0,3844.25,788
2022-12-23 11:03:48,43,-9,3844.0,779
2022-12-23 11:03:49,49,-4,3843.5,775
2022-12-23 11:03:50,16,2,3843.75,777
2022-12-23 11:03:51,26,10,3844.0,787
2022-12-23 11:03:52,28,-8,3844.0,779
2022-12-23 11:03:53,33,24,3844.0,803
2022-12-23 11:03:54,35,-6,3844.25,797
2022-12-23 11:03:55,30,12,3844.0,809
2022-12-23 11:03:56,20,3,3844.25,812
2022-12-23 11:03:57,19,-11,3844.0,801
2022-12-23 11:03:58,139,-71,3843.75,730
2022-12-23 11:03:59,27,12,3843.75,742
2022-12-23 11:04:00,65,19,3844.0,761
2022-12-23 11:04:01,35,0,3843.75,761
2022-12-23 11:04:02,34,-2,3843.75,759
2022-12-23 11:04:03,55,8,3843.75,767
2022-12-23 11:04:04,32,-2,3843.75,765
2022-12-23 11:04:05,28,-5,3843.75,760
2022-12-23 11:04:06,14,7,3844.0,767
2022-12-23 11:04:07,29,-6,3843.75,761
2022-12-23 11:04:08,81,27,3844.0,788
2022-12-23 11:04:09,38,5,3844.25,793
2022-12-23 11:04:10,20,10,3844.25,803
2022-12-23 11:04:11,53,7,3844.5,810
2022-12-23 11:04:12,132,-65,3844.75,745
2022-12-23 11:04:13,85,32,3844.75,777
2022-12-23 11:04:14,87,43,3845.0,820
2022-12-23 11:04:15,61,18,3845.25,838
2022-12-23 11:04:16,24,-2,3845.0,836
2022-12-23 11:04:17,70,-10,3845.0,826
2022-12-23 11:04:18,24,-6,3844.5,820
2022-12-23 11:04:19,108,-65,3844.25,755
2022-12-23 11:04:20,21,5,3844.5,760
2022-12-23 11:04:21,16,14,3844.75,774
2022-12-23 11:04:22,29,21,3845.25,795
2022-12-23 11:04:23,91,7,3845.25,802
2022-12-23 11:04:24,85,-7,3844.5,795
2022-12-23 11:04:25,13,7,3844.75,802
2022-12-23 11:04:26,71,5,3845.0,807
2022-12-23 11:04:27,27,-6,3845.0,801
2022-12-23 11:04:28,9,1,3844.5,802
2022-12-23 11:04:29,111,-88,3844.5,714
2022-12-23 11:04:30,48,-7,3844.0,707
2022-12-23 11:04:31,12,-6,3843.75,701
2022-12-23 11:04:33,151,-106,3843.75,595
2022-12-23 11:04:34,119,50,3843.25,645
2022-12-23 11:04:35,34,-10,3843.0,635
2022-12-23 11:04:36,49,2,3842.75,637
2022-12-23 11:04:37,9,-7,3842.75,630
2022-12-23 11:04:38,39,8,3843.0,638
2022-12-23 11:04:39,13,-8,3842.75,630
2022-12-23 11:04:40,46,8,3842.75,638
2022-12-23 11:04:41,37,21,3843.5,659
2022-12-23 11:04:42,22,5,3843.75,664
2022-12-23 11:04:43,22,16,3844.0,680
2022-12-23 11:04:44,31,4,3844.0,684
2022-12-23 11:04:45,41,16,3844.25,700
2022-12-23 11:04:46,10,2,3844.25,702
2022-12-23 11:04:47,19,-11,3844.25,691
2022-12-23 11:04:48,22,14,3844.5,705
2022-12-23 11:04:49,137,44,3845.0,749
2022-12-23 11:04:50,59,1,3845.25,750
2022-12-23 11:04:51,44,-21,3845.0,729
2022-12-23 11:04:52,83,-6,3844.25,723
2022-12-23 11:04:53,25,-1,3843.75,722
2022-12-23 11:04:54,7,1,3843.75,723
2022-12-23 11:04:55,45,-13,3843.75,710
2022-12-23 11:04:56,9,2,3843.75,712
2022-12-23 11:04:57,40,-1,3844.0,711
2022-12-23 11:04:58,28,-15,3843.5,696
2022-12-23 11:04:59,24,3,3843.25,699
2022-12-23 11:05:00,58,18,3844.0,717
2022-12-23 11:05:01,65,-6,3844.0,711
2022-12-23 11:05:02,52,5,3844.25,716
2022-12-23 11:05:03,67,-4,3844.0,712
2022-12-23 11:05:04,15,-5,3844.25,707
2022-12-23 11:05:05,24,-3,3844.0,704
2022-12-23 11:05:06,14,12,3844.25,716
2022-12-23 11:05:07,32,14,3844.75,730
2022-12-23 11:05:08,23,15,3844.75,745
2022-12-23 11:05:09,32,3,3845.0,748
2022-12-23 11:05:10,25,21,3845.0,769
2022-12-23 11:05:11,83,18,3845.0,787
2022-12-23 11:05:12,46,-20,3845.25,767
2022-12-23 11:05:13,31,-4,3844.5,763
2022-12-23 11:05:14,13,9,3844.5,772
2022-12-23 11:05:15,36,10,3845.0,782
2022-12-23 11:05:16,17,-7,3844.25,775
2022-12-23 11:05:17,143,-106,3844.25,669
2022-12-23 11:05:18,41,13,3844.0,682
2022-12-23 11:05:19,20,13,3844.0,695
2022-12-23 11:05:20,3,2,3844.0,697
2022-12-23 11:05:21,54,-5,3843.75,692
2022-12-23 11:05:22,47,3,3843.75,695
2022-12-23 11:05:23,23,13,3844.0,708
2022-12-23 11:05:24,20,7,3844.0,715
2022-12-23 11:05:25,44,-8,3844.0,707
2022-12-23 11:05:26,21,8,3843.75,715
2022-12-23 11:05:27,20,4,3844.0,719
2022-12-23 11:05:28,6,0,3844.0,719
2022-12-23 11:05:29,25,-20,3843.75,699
2022-12-23 11:05:30,36,3,3843.75,702
2022-12-23 11:05:31,34,-9,3843.0,693
2022-12-23 11:05:32,61,-16,3842.75,677
2022-12-23 11:05:33,67,-21,3842.75,656
2022-12-23 11:05:34,44,14,3843.0,670
2022-12-23 11:05:35,55,7,3843.25,677
2022-12-23 11:05:36,15,-1,3843.25,676
2022-12-23 11:05:37,24,-1,3843.75,675
2022-12-23 11:05:38,68,30,3844.25,705
2022-12-23 11:05:39,14,-5,3844.25,700
2022-12-23 11:05:40,86,-3,3843.75,697
2022-12-23 11:05:41,21,6,3843.75,703
2022-12-23 11:05:42,23,1,3844.0,704
2022-12-23 11:05:43,105,-33,3843.5,671
2022-12-23 11:05:44,14,1,3843.25,672
2022-12-23 11:05:45,11,7,3843.25,679
2022-12-23 11:05:46,109,-22,3843.0,657
2022-12-23 11:05:47,70,32,3843.0,689
2022-12-23 11:05:48,113,98,3843.5,787
2022-12-23 11:05:49,25,11,3843.5,798
2022-12-23 11:05:50,22,-5,3843.5,793
2022-12-23 11:05:52,25,5,3843.25,798
2022-12-23 11:05:53,18,-15,3843.25,783
2022-12-23 11:05:54,40,8,3843.5,791
2022-12-23 11:05:55,27,-4,3843.75,787
2022-12-23 11:05:56,55,-21,3843.25,766
2022-12-23 11:05:57,27,-2,3843.5,764
2022-12-23 11:05:58,8,-5,3843.5,759
2022-12-23 11:05:59,59,-18,3843.25,741
2022-12-23 11:06:00,55,10,3843.5,751
2022-12-23 11:06:01,104,0,3843.5,751
2022-12-23 11:06:02,136,90,3844.0,841
2022-12-23 11:06:03,31,18,3843.5,859
2022-12-23 11:06:04,31,-8,3843.5,851
2022-12-23 11:06:05,21,1,3843.25,852
2022-12-23 11:06:06,4,-3,3843.0,849
2022-12-23 11:06:07,29,-12,3843.25,837
2022-12-23 11:06:08,14,2,3842.75,839
2022-12-23 11:06:09,15,5,3842.75,844
2022-12-23 11:06:10,37,-21,3842.75,823
2022-12-23 11:06:11,109,7,3843.0,830
2022-12-23 11:06:12,18,-8,3842.75,822
2022-12-23 11:06:13,9,-3,3842.75,819
2022-12-23 11:06:14,18,12,3843.0,831
2022-12-23 11:06:15,55,-4,3843.25,827
2022-12-23 11:06:16,29,2,3843.0,829
2022-12-23 11:06:17,74,38,3843.25,867
2022-12-23 11:06:18,13,-6,3843.0,861
2022-12-23 11:06:19,37,-8,3842.75,853
2022-12-23 11:06:20,74,-36,3842.5,817
2022-12-23 11:06:21,65,29,3842.75,846
2022-12-23 11:06:22,42,12,3843.0,858
2022-12-23 11:06:23,45,7,3843.25,865
2022-12-23 11:06:24,41,0,3843.5,865
2022-12-23 11:06:25,49,17,3843.75,882
2022-12-23 11:06:26,92,22,3844.25,904
2022-12-23 11:06:27,34,-2,3844.5,902
2022-12-23 11:06:28,57,-30,3844.0,872
2022-12-23 11:06:29,49,-2,3844.5,870
2022-12-23 11:06:30,68,21,3844.75,891
2022-12-23 11:06:31,87,-4,3844.25,887
2022-12-23 11:06:32,15,2,3843.75,889
2022-12-23 11:06:33,4,-1,3844.0,888
2022-12-23 11:06:34,17,7,3844.25,895
2022-12-23 11:06:35,16,-1,3844.25,894
2022-12-23 11:06:36,11,1,3844.25,895
2022-12-23 11:06:37,122,-28,3844.0,867
2022-12-23 11:06:38,13,9,3843.75,876
2022-12-23 11:06:39,71,18,3844.0,894
2022-12-23 11:06:40,40,-21,3843.75,873
2022-12-23 11:06:41,32,4,3843.5,877
2022-12-23 11:06:42,33,11,3844.0,888
2022-12-23 11:06:43,26,8,3844.25,896
2022-12-23 11:06:44,16,-2,3844.25,894
2022-12-23 11:06:45,31,-9,3844.25,885
2022-12-23 11:06:46,29,2,3844.0,887
2022-12-23 11:06:47,17,9,3844.0,896
2022-12-23 11:06:48,15,-2,3844.5,894
2022-12-23 11:06:49,24,-8,3844.5,886
2022-12-23 11:06:50,34,6,3844.75,892
2022-12-23 11:06:51,43,-3,3844.5,889
2022-12-23 11:06:52,10,1,3844.25,890
2022-12-23 11:06:53,66,-29,3844.75,861
2022-12-23 11:06:54,32,-15,3844.75,846
2022-12-23 11:06:55,43,0,3844.25,846
2022-12-23 11:06:56,13,5,3844.0,851
2022-12-23 11:06:57,15,5,3844.0,856
2022-12-23 11:06:58,9,1,3844.0,857
2022-12-23 11:06:59,34,8,3844.25,865
2022-12-23 11:07:00,42,4,3844.25,869
2022-12-23 11:07:01,3,-3,3844.0,866
2022-12-23 11:07:02,41,-27,3843.75,839
2022-12-23 11:07:03,26,-5,3843.0,834
2022-12-23 11:07:04,27,9,3843.5,843
2022-12-23 11:07:05,44,-3,3843.25,840
2022-12-23 11:07:06,9,6,3843.5,846
2022-12-23 11:07:07,20,3,3843.25,849
2022-12-23 11:07:08,2,-2,3843.25,847
2022-12-23 11:07:09,6,-6,3843.25,841
2022-12-23 11:07:10,84,-16,3843.25,825
2022-12-23 11:07:11,7,1,3843.0,826
2022-12-23 11:07:13,50,13,3843.5,839
2022-12-23 11:07:14,70,5,3843.25,844
2022-12-23 11:07:15,51,-2,3843.5,842
2022-12-23 11:07:16,10,0,3843.5,842
2022-12-23 11:07:17,36,-20,3843.5,822
2022-12-23 11:07:18,18,1,3843.0,823
2022-12-23 11:07:19,8,2,3843.0,825
2022-12-23 11:07:20,3,3,3843.0,828
2022-12-23 11:07:21,9,4,3843.0,832
2022-12-23 11:07:22,53,5,3843.25,837
2022-12-23 11:07:23,57,-13,3843.0,824
2022-12-23 11:07:24,25,14,3842.75,838
2022-12-23 11:07:25,15,12,3843.25,850
2022-12-23 11:07:26,22,-7,3843.0,843
2022-12-23 11:07:27,3,-1,3843.0,842
2022-12-23 11:07:28,20,2,3842.75,844
2022-12-23 11:07:29,26,7,3843.0,851
2022-12-23 11:07:30,44,-10,3842.75,841
2022-12-23 11:07:31,26,13,3843.0,854
2022-12-23 11:07:32,47,0,3843.25,854
2022-12-23 11:07:34,19,2,3843.5,856
2022-12-23 11:07:35,19,9,3843.25,865
2022-12-23 11:07:36,91,23,3844.25,888
2022-12-23 11:07:37,34,-7,3844.25,881
2022-12-23 11:07:38,23,-13,3844.0,868
2022-12-23 11:07:39,22,-3,3844.25,865
2022-12-23 11:07:40,3,3,3844.0,868
2022-12-23 11:07:41,16,2,3844.0,870
2022-12-23 11:07:42,30,15,3844.25,885
2022-12-23 11:07:43,15,-11,3844.25,874
2022-12-23 11:07:44,55,-10,3844.75,864
2022-12-23 11:07:45,17,4,3844.75,868
2022-12-23 11:07:46,24,5,3844.75,873
2022-12-23 11:07:47,54,17,3844.75,890
2022-12-23 11:07:48,26,0,3844.75,890
2022-12-23 11:07:49,3,-1,3844.5,889
2022-12-23 11:07:50,20,7,3844.75,896
2022-12-23 11:07:51,118,-96,3844.5,800
2022-12-23 11:07:52,56,-2,3844.0,798
2022-12-23 11:07:53,12,-1,3844.0,797
2022-12-23 11:07:54,6,4,3843.75,801
2022-12-23 11:07:55,50,3,3843.75,804
2022-12-23 11:07:56,29,-17,3843.25,787
2022-12-23 11:07:57,3,-1,3843.25,786
2022-12-23 11:07:58,43,-8,3843.5,778
2022-12-23 11:07:59,27,13,3843.25,791
2022-12-23 11:08:00,42,12,3843.25,803
2022-12-23 11:08:01,18,5,3843.25,808
2022-12-23 11:08:02,20,-4,3843.5,804
2022-12-23 11:08:03,26,-3,3843.0,801
2022-12-23 11:08:04,122,-17,3842.75,784
2022-12-23 11:08:05,52,12,3843.0,796
2022-12-23 11:08:06,44,4,3842.75,800
2022-12-23 11:08:07,28,0,3842.75,800
2022-12-23 11:08:08,36,-1,3843.5,799
2022-12-23 11:08:09,11,-9,3843.0,790
2022-12-23 11:08:10,31,6,3842.5,796
2022-12-23 11:08:11,38,-3,3842.5,793
2022-12-23 11:08:12,2,0,3842.5,793
2022-12-23 11:08:13,14,8,3842.75,801
2022-12-23 11:08:14,99,30,3843.0,831
2022-12-23 11:08:15,39,5,3843.25,836
2022-12-23 11:08:16,83,28,3843.25,864
2022-12-23 11:08:17,18,-5,3843.0,859
2022-12-23 11:08:18,59,29,3843.25,888
2022-12-23 11:08:19,9,-8,3843.0,880
2022-12-23 11:08:20,16,-4,3842.75,876
2022-12-23 11:08:22,37,-7,3842.75,869
2022-12-23 11:08:23,28,23,3843.0,892
2022-12-23 11:08:24,22,-2,3843.25,890
2022-12-23 11:08:25,27,3,3843.5,893
2022-12-23 11:08:26,32,3,3843.5,896
2022-12-23 11:08:27,4,2,3843.75,898
2022-12-23 11:08:28,48,8,3844.0,906
2022-12-23 11:08:29,118,5,3844.0,911
2022-12-23 11:08:30,37,3,3843.5,914
2022-12-23 11:08:31,54,-5,3843.0,909
2022-12-23 11:08:32,21,13,3843.0,922
2022-12-23 11:08:33,20,7,3843.0,929
2022-12-23 11:08:34,21,-3,3842.75,926
2022-12-23 11:08:35,24,15,3843.0,941
2022-12-23 11:08:36,26,-8,3843.0,933
2022-12-23 11:08:37,20,7,3843.0,940
2022-12-23 11:08:38,29,-20,3842.75,920
2022-12-23 11:08:39,35,14,3843.0,934
2022-12-23 11:08:40,21,3,3843.25,937
2022-12-23 11:08:41,4,4,3843.5,941
2022-12-23 11:08:42,29,-1,3843.5,940
2022-12-23 11:08:43,13,-6,3843.0,934
2022-12-23 11:08:45,6,6,3843.25,940
2022-12-23 11:08:46,14,-5,3843.25,935
2022-12-23 11:08:47,20,10,3843.0,945
2022-12-23 11:08:48,20,4,3843.0,949
2022-12-23 11:08:49,11,3,3843.0,952
2022-12-23 11:08:50,2,0,3843.25,952
2022-12-23 11:08:51,36,4,3843.25,956
2022-12-23 11:08:52,26,-5,3843.25,951
2022-12-23 11:08:54,13,-3,3843.25,948
2022-12-23 11:08:55,17,5,3843.25,953
2022-12-23 11:08:56,28,9,3843.5,962
2022-12-23 11:08:58,24,-8,3843.5,954
2022-12-23 11:08:59,31,-5,3843.0,949
2022-12-23 11:09:00,32,-2,3843.5,947
2022-12-23 11:09:01,41,-16,3843.25,931
2022-12-23 11:09:02,26,13,3843.0,944
2022-12-23 11:09:03,72,24,3843.0,968
2022-12-23 11:09:04,26,4,3842.75,972
2022-12-23 11:09:05,12,7,3842.75,979
2022-12-23 11:09:06,58,-13,3842.75,966
2022-12-23 11:09:07,14,-8,3842.5,958
2022-12-23 11:09:08,34,-12,3842.5,946
2022-12-23 11:09:09,43,-11,3842.75,935
2022-12-23 11:09:10,30,-16,3842.5,919
2022-12-23 11:09:12,37,17,3843.0,936
2022-12-23 11:09:13,14,-6,3843.0,930
2022-12-23 11:09:14,3,0,3842.75,930
2022-12-23 11:09:15,14,12,3843.0,942
2022-12-23 11:09:16,38,-16,3843.0,926
2022-12-23 11:09:17,18,4,3842.75,930
2022-12-23 11:09:18,30,-10,3842.75,920
2022-12-23 11:09:19,1,1,3842.75,921
2022-12-23 11:09:20,19,9,3842.75,930
2022-12-23 11:09:21,15,-2,3842.75,928
2022-12-23 11:09:22,55,0,3843.25,928
2022-12-23 11:09:23,23,1,3843.0,929
2022-12-23 11:09:24,25,11,3843.0,940
2022-12-23 11:09:25,4,-2,3843.0,938
2022-12-23 11:09:26,11,1,3843.25,939
2022-12-23 11:09:27,7,5,3843.25,944
2022-12-23 11:09:28,60,-2,3843.5,942
2022-12-23 11:09:29,19,-8,3843.0,934
2022-12-23 11:09:30,16,-4,3843.0,930
2022-12-23 11:09:31,21,-3,3842.75,927
2022-12-23 11:09:32,8,8,3843.0,935
2022-12-23 11:09:33,13,11,3843.25,946
2022-12-23 11:09:34,4,0,3843.25,946
2022-12-23 11:09:35,18,12,3843.5,958
2022-12-23 11:09:36,39,-5,3843.75,953
2022-12-23 11:09:37,19,-4,3843.5,949
2022-12-23 11:09:38,22,5,3844.0,954
2022-12-23 11:09:39,3,3,3843.75,957
2022-12-23 11:09:40,160,9,3844.5,966
2022-12-23 11:09:41,83,-44,3844.5,922
2022-12-23 11:09:42,33,18,3844.25,940
2022-12-23 11:09:43,19,-2,3844.25,938
2022-12-23 11:09:44,39,1,3844.25,939
2022-12-23 11:09:45,21,0,3844.25,939
2022-12-23 11:09:46,42,-7,3844.5,932
2022-12-23 11:09:47,17,-7,3844.5,925
2022-12-23 11:09:48,33,-23,3844.5,902
2022-12-23 11:09:49,62,-8,3844.0,894
2022-12-23 11:09:50,56,-12,3843.5,882
2022-12-23 11:09:51,7,7,3844.0,889
2022-12-23 11:09:52,41,2,3844.25,891
2022-12-23 11:09:53,9,4,3844.25,895
2022-12-23 11:09:54,39,-1,3844.5,894
2022-12-23 11:09:55,12,5,3844.5,899
2022-12-23 11:09:57,37,20,3844.5,919
2022-12-23 11:09:58,13,9,3844.75,928
2022-12-23 11:09:59,212,-32,3844.75,896
2022-12-23 11:10:00,243,94,3845.75,990
2022-12-23 11:10:01,398,123,3846.25,1113
2022-12-23 11:10:02,40,15,3845.75,1128
2022-12-23 11:10:03,124,6,3845.75,1134
2022-12-23 11:10:04,16,6,3845.5,1140
2022-12-23 11:10:05,98,32,3846.25,1172
2022-12-23 11:10:06,117,28,3846.25,1200
2022-12-23 11:10:07,121,18,3846.5,1218
2022-12-23 11:10:08,34,19,3846.5,1237
2022-12-23 11:10:09,64,6,3846.75,1243
2022-12-23 11:10:10,165,36,3847.0,1279
2022-12-23 11:10:11,108,-2,3846.75,1277
2022-12-23 11:10:12,63,10,3847.0,1287
2022-12-23 11:10:13,35,-16,3846.75,1271
2022-12-23 11:10:14,238,76,3847.5,1347
2022-12-23 11:10:15,122,50,3847.75,1397
2022-12-23 11:10:16,209,63,3848.5,1460
2022-12-23 11:10:17,198,47,3849.0,1507
2022-12-23 11:10:18,166,83,3849.25,1590
2022-12-23 11:10:19,141,-2,3849.25,1588
2022-12-23 11:10:20,75,2,3848.75,1590
2022-12-23 11:10:21,89,-4,3849.0,1586
2022-12-23 11:10:22,67,11,3849.0,1597
2022-12-23 11:10:23,53,5,3849.25,1602
2022-12-23 11:10:24,104,7,3849.25,1609
2022-12-23 11:10:25,69,8,3849.5,1617
2022-12-23 11:10:26,73,7,3849.5,1624
2022-12-23 11:10:27,92,15,3849.5,1639
2022-12-23 11:10:28,108,-3,3849.75,1636
2022-12-23 11:10:29,33,7,3849.75,1643
2022-12-23 11:10:30,245,-73,3849.75,1570
2022-12-23 11:10:31,31,-2,3849.0,1568
2022-12-23 11:10:32,35,-19,3848.75,1549
2022-12-23 11:10:33,67,1,3848.5,1550
2022-12-23 11:10:34,54,-22,3848.25,1528
2022-12-23 11:10:35,50,-11,3848.25,1517
2022-12-23 11:10:36,122,-13,3848.0,1504
2022-12-23 11:10:37,68,20,3847.75,1524
2022-12-23 11:10:38,22,0,3848.0,1524
2022-12-23 11:10:39,41,17,3848.5,1541
2022-12-23 11:10:40,15,1,3848.5,1542
2022-12-23 11:10:41,38,0,3849.0,1542
2022-12-23 11:10:42,39,5,3849.0,1547
2022-12-23 11:10:43,54,-22,3849.0,1525
2022-12-23 11:10:44,64,-13,3848.25,1512
2022-12-23 11:10:45,104,-23,3847.75,1489
2022-12-23 11:10:46,36,9,3847.75,1498
2022-12-23 11:10:47,61,7,3848.0,1505
2022-12-23 11:10:48,16,8,3848.0,1513
2022-12-23 11:10:49,41,16,3848.25,1529
2022-12-23 11:10:50,71,-14,3848.0,1515
2022-12-23 11:10:51,52,4,3848.0,1519
2022-12-23 11:10:52,51,7,3847.75,1526
2022-12-23 11:10:53,33,-1,3848.0,1525
2022-12-23 11:10:54,65,21,3848.25,1546
2022-12-23 11:10:55,4,0,3848.25,1546
2022-12-23 11:10:56,87,-46,3848.25,1500
2022-12-23 11:10:57,48,1,3848.5,1501
2022-12-23 11:10:58,31,-6,3848.5,1495
2022-12-23 11:10:59,15,-9,3848.25,1486
2022-12-23 11:11:00,97,-2,3848.25,1484
2022-12-23 11:11:01,91,-24,3848.0,1460
2022-12-23 11:11:02,65,-9,3847.5,1451
2022-12-23 11:11:03,152,-44,3847.0,1407
2022-12-23 11:11:04,85,-34,3846.5,1373
2022-12-23 11:11:05,85,39,3847.0,1412
2022-12-23 11:11:06,68,5,3847.25,1417
2022-12-23 11:11:07,65,22,3847.5,1439
2022-12-23 11:11:08,132,92,3848.25,1531
2022-12-23 11:11:09,64,12,3848.5,1543
2022-12-23 11:11:10,63,-1,3848.75,1542
2022-12-23 11:11:11,49,6,3848.75,1548
2022-12-23 11:11:12,33,0,3848.75,1548
2022-12-23 11:11:13,73,11,3848.75,1559
2022-12-23 11:11:14,123,59,3849.25,1618
2022-12-23 11:11:15,53,8,3849.5,1626
2022-12-23 11:11:16,56,11,3849.5,1637
2022-12-23 11:11:17,110,-44,3849.25,1593
2022-12-23 11:11:18,54,-10,3849.0,1583
2022-12-23 11:11:19,36,-4,3848.75,1579
2022-12-23 11:11:20,11,-1,3848.75,1578
2022-12-23 11:11:21,7,-3,3849.0,1575
2022-12-23 11:11:22,42,5,3849.0,1580
2022-12-23 11:11:23,128,17,3849.25,1597
2022-12-23 11:11:24,49,29,3849.5,1626
2022-12-23 11:11:25,38,13,3849.75,1639
2022-12-23 11:11:26,8,2,3849.75,1641
2022-12-23 11:11:27,37,-19,3849.5,1622
2022-12-23 11:11:28,36,11,3849.5,1633
2022-12-23 11:11:29,29,-1,3849.75,1632
2022-12-23 11:11:30,42,-8,3849.75,1624
2022-12-23 11:11:31,31,-6,3849.75,1618
2022-12-23 11:11:32,13,4,3849.75,1622
2022-12-23 11:11:33,140,56,3850.25,1678
2022-12-23 11:11:34,22,7,3850.25,1685
2022-12-23 11:11:35,48,-10,3849.75,1675
2022-12-23 11:11:36,134,3,3850.0,1678
2022-12-23 11:11:37,30,-5,3849.25,1673
2022-12-23 11:11:38,90,-2,3849.5,1671
2022-12-23 11:11:39,40,-4,3849.25,1667
2022-12-23 11:11:40,26,4,3849.0,1671
2022-12-23 11:11:41,26,12,3849.0,1683
2022-12-23 11:11:42,40,0,3849.0,1683
2022-12-23 11:11:43,57,-5,3849.0,1678
2022-12-23 11:11:44,179,75,3849.75,1753
2022-12-23 11:11:45,54,-18,3849.75,1735
2022-12-23 11:11:46,74,-56,3849.25,1679
2022-12-23 11:11:47,26,0,3849.0,1679
2022-12-23 11:11:48,33,-3,3848.75,1676
2022-12-23 11:11:49,15,0,3849.0,1676
2022-12-23 11:11:50,35,5,3848.75,1681
2022-12-23 11:11:51,8,-6,3848.75,1675
2022-12-23 11:11:52,38,21,3849.25,1696
2022-12-23 11:11:53,12,-6,3849.25,1690
2022-12-23 11:11:54,31,1,3849.25,1691
2022-12-23 11:11:55,40,21,3849.75,1712
2022-12-23 11:11:56,23,-4,3849.75,1708
2022-12-23 11:11:57,13,-3,3849.75,1705
2022-12-23 11:11:58,3,1,3849.75,1706
2022-12-23 11:11:59,62,15,3849.75,1721
2022-12-23 11:12:00,55,-8,3849.75,1713
2022-12-23 11:12:01,18,0,3849.75,1713
2022-12-23 11:12:02,62,-12,3849.5,1701
2022-12-23 11:12:03,35,-15,3849.0,1686
2022-12-23 11:12:04,26,5,3849.0,1691
2022-12-23 11:12:05,36,7,3849.25,1698
2022-12-23 11:12:06,135,16,3849.5,1714
2022-12-23 11:12:07,19,7,3849.75,1721
2022-12-23 11:12:08,63,-32,3849.5,1689
2022-12-23 11:12:09,32,-11,3849.0,1678
2022-12-23 11:12:10,21,11,3849.0,1689
2022-12-23 11:12:11,27,0,3849.0,1689
2022-12-23 11:12:12,34,10,3849.0,1699
2022-12-23 11:12:13,10,4,3849.0,1703
2022-12-23 11:12:14,30,-4,3849.25,1699
2022-12-23 11:12:15,29,2,3848.75,1701
2022-12-23 11:12:16,42,11,3849.75,1712
2022-12-23 11:12:17,22,-2,3849.25,1710
2022-12-23 11:12:18,39,11,3849.5,1721
2022-12-23 11:12:19,47,9,3849.5,1730
2022-12-23 11:12:20,248,30,3849.75,1760
2022-12-23 11:12:21,57,4,3849.75,1764
2022-12-23 11:12:22,103,3,3849.75,1767
2022-12-23 11:12:23,52,16,3849.75,1783
2022-12-23 11:12:24,12,-1,3849.75,1782
2022-12-23 11:12:25,135,-39,3849.75,1743
2022-12-23 11:12:26,49,-18,3849.75,1725
2022-12-23 11:12:27,116,-17,3849.5,1708
2022-12-23 11:12:28,78,60,3849.5,1768
2022-12-23 11:12:29,8,-2,3849.5,1766
2022-12-23 11:12:30,17,-10,3849.5,1756
2022-12-23 11:12:31,11,5,3849.25,1761
2022-12-23 11:12:32,17,11,3849.25,1772
2022-12-23 11:12:33,17,10,3849.5,1782
2022-12-23 11:12:34,19,-6,3849.5,1776
2022-12-23 11:12:35,108,4,3850.0,1780
2022-12-23 11:12:36,137,-14,3849.75,1766
2022-12-23 11:12:37,35,-1,3849.75,1765
2022-12-23 11:12:38,83,18,3849.5,1783
2022-12-23 11:12:40,38,-1,3849.75,1782
2022-12-23 11:12:41,45,-23,3849.5,1759
2022-12-23 11:12:42,54,-10,3849.25,1749
2022-12-23 11:12:43,38,-7,3849.0,1742
2022-12-23 11:12:44,30,9,3849.0,1751
2022-12-23 11:12:45,12,-1,3849.25,1750
2022-12-23 11:12:46,4,-3,3849.0,1747
2022-12-23 11:12:47,18,2,3849.0,1749
2022-12-23 11:12:48,42,-18,3849.25,1731
2022-12-23 11:12:49,113,-51,3848.5,1680
2022-12-23 11:12:50,85,2,3848.25,1682
2022-12-23 11:12:51,31,4,3848.5,1686
2022-12-23 11:12:52,22,-6,3848.5,1680
2022-12-23 11:12:53,23,1,3848.25,1681
2022-12-23 11:12:54,82,17,3848.25,1698
2022-12-23 11:12:55,18,6,3848.5,1704
2022-12-23 11:12:56,48,-2,3848.5,1702
2022-12-23 11:12:57,14,-8,3848.25,1694
2022-12-23 11:12:58,24,0,3848.25,1694
2022-12-23 11:12:59,42,-1,3848.75,1693
2022-12-23 11:13:00,53,3,3849.0,1696
2022-12-23 11:13:01,21,2,3849.0,1698
2022-12-23 11:13:02,17,-4,3849.0,1694
2022-12-23 11:13:03,26,-9,3849.0,1685
2022-12-23 11:13:04,52,2,3849.0,1687
2022-12-23 11:13:05,49,2,3849.25,1689
2022-12-23 11:13:06,25,-4,3849.25,1685
2022-12-23 11:13:07,8,-1,3849.0,1684
2022-12-23 11:13:08,34,22,3849.5,1706
2022-12-23 11:13:09,24,19,3849.75,1725
2022-12-23 11:13:10,69,11,3850.0,1736
2022-12-23 11:13:11,18,-10,3850.0,1726
2022-12-23 11:13:12,34,24,3850.0,1750
2022-12-23 11:13:13,25,18,3850.25,1768
2022-12-23 11:13:14,70,28,3850.75,1796
2022-12-23 11:13:15,42,-5,3850.75,1791
2022-12-23 11:13:16,64,14,3850.75,1805
2022-12-23 11:13:17,94,4,3850.75,1809
2022-12-23 11:13:18,34,25,3851.0,1834
2022-12-23 11:13:19,66,5,3851.0,1839
2022-12-23 11:13:20,50,-2,3851.0,1837
2022-12-23 11:13:21,30,3,3851.0,1840
2022-12-23 11:13:22,18,5,3850.75,1845
2022-12-23 11:13:23,21,-7,3850.75,1838
2022-12-23 11:13:24,14,1,3850.75,1839
2022-12-23 11:13:25,156,25,3851.0,1864
2022-12-23 11:13:26,4,1,3851.0,1865
2022-12-23 11:13:27,86,14,3851.0,1879
2022-12-23 11:13:28,136,18,3851.5,1897
2022-12-23 11:13:29,168,87,3851.75,1984
2022-12-23 11:13:30,96,54,3852.0,2038
2022-12-23 11:13:31,205,32,3852.75,2070
2022-12-23 11:13:32,107,25,3852.75,2095
2022-12-23 11:13:33,34,-16,3852.5,2079
2022-12-23 11:13:34,93,1,3852.5,2080
2022-12-23 11:13:35,163,92,3852.5,2172
2022-12-23 11:13:36,18,-9,3852.5,2163
2022-12-23 11:13:37,38,14,3852.75,2177
2022-12-23 11:13:38,86,-34,3852.75,2143
2022-12-23 11:13:39,3,-2,3852.5,2141
2022-12-23 11:13:40,77,0,3852.75,2141
2022-12-23 11:13:41,179,8,3853.0,2149
2022-12-23 11:13:42,26,4,3853.0,2153
2022-12-23 11:13:43,45,-14,3853.0,2139
2022-12-23 11:13:44,64,-35,3852.5,2104
2022-12-23 11:13:45,54,-13,3852.0,2091
2022-12-23 11:13:46,62,-9,3852.25,2082
2022-12-23 11:13:47,28,4,3852.0,2086
2022-12-23 11:13:48,29,-15,3851.75,2071
2022-12-23 11:13:49,36,8,3852.25,2079
2022-12-23 11:13:50,1,-1,3852.0,2078
2022-12-23 11:13:51,42,-25,3852.0,2053
2022-12-23 11:13:52,26,-3,3851.5,2050
2022-12-23 11:13:53,7,-5,3851.75,2045
2022-12-23 11:13:54,28,-3,3851.5,2042
2022-12-23 11:13:55,13,5,3851.75,2047
2022-12-23 11:13:56,86,-27,3851.5,2020
2022-12-23 11:13:57,25,-15,3851.5,2005
2022-12-23 11:13:58,44,11,3851.5,2016
2022-12-23 11:13:59,228,37,3851.75,2053
2022-12-23 11:14:00,69,27,3852.5,2080
2022-12-23 11:14:01,25,-3,3852.25,2077
2022-12-23 11:14:02,24,2,3852.5,2079
2022-12-23 11:14:03,57,-20,3852.25,2059
2022-12-23 11:14:04,68,21,3852.0,2080
2022-12-23 11:14:05,22,-8,3851.75,2072
2022-12-23 11:14:06,34,-8,3851.75,2064
2022-12-23 11:14:07,122,34,3852.0,2098
2022-12-23 11:14:08,98,23,3852.0,2121
2022-12-23 11:14:09,67,-17,3852.0,2104
2022-12-23 11:14:10,103,-60,3851.5,2044
2022-12-23 11:14:11,201,158,3851.75,2202
2022-12-23 11:14:12,24,-16,3851.75,2186
2022-12-23 11:14:13,22,12,3851.75,2198
2022-12-23 11:14:14,42,10,3852.0,2208
2022-12-23 11:14:15,45,15,3852.25,2223
2022-12-23 11:14:16,13,-5,3852.25,2218
2022-12-23 11:14:17,2,-2,3852.0,2216
2022-12-23 11:14:18,18,-3,3852.25,2213
2022-12-23 11:14:19,21,9,3852.0,2222
2022-12-23 11:14:20,38,-3,3852.0,2219
2022-12-23 11:14:21,17,-2,3852.0,2217
2022-12-23 11:14:22,23,3,3852.0,2220
2022-12-23 11:14:23,132,12,3852.5,2232
2022-12-23 11:14:24,40,3,3852.25,2235
2022-12-23 11:14:25,79,-41,3851.75,2194
2022-12-23 11:14:26,10,4,3851.5,2198
2022-12-23 11:14:27,27,-3,3851.5,2195
2022-12-23 11:14:28,1,-1,3851.5,2194
2022-12-23 11:14:29,89,12,3851.75,2206
2022-12-23 11:14:30,67,-15,3852.0,2191
2022-12-23 11:14:31,31,-1,3852.0,2190
2022-12-23 11:14:32,13,2,3852.0,2192
2022-12-23 11:14:33,3,-1,3852.25,2191
2022-12-23 11:14:34,33,17,3852.5,2208
2022-12-23 11:14:35,31,10,3853.0,2218
2022-12-23 11:14:36,19,9,3853.0,2227
2022-12-23 11:14:37,6,4,3853.0,2231
2022-12-23 11:14:38,65,-9,3853.0,2222
2022-12-23 11:14:39,28,-12,3852.75,2210
2022-12-23 11:14:40,1,1,3852.75,2211
2022-12-23 11:14:41,43,1,3852.75,2212
2022-12-23 11:14:42,13,3,3853.0,2215
2022-12-23 11:14:43,1,-1,3852.75,2214
2022-12-23 11:14:44,13,-4,3852.75,2210
2022-12-23 11:14:45,16,6,3853.0,2216
2022-12-23 11:14:46,22,1,3853.0,2217
2022-12-23 11:14:47,63,-32,3852.75,2185
2022-12-23 11:14:48,12,8,3852.5,2193
2022-12-23 11:14:49,6,-6,3852.5,2187
2022-12-23 11:14:50,17,-3,3852.5,2184
2022-12-23 11:14:51,10,3,3852.25,2187
2022-12-23 11:14:52,53,-37,3852.0,2150
2022-12-23 11:14:53,22,-3,3851.25,2147
2022-12-23 11:14:54,47,-19,3851.0,2128
2022-12-23 11:14:55,72,-5,3850.75,2123
2022-12-23 11:14:56,20,-10,3850.75,2113
2022-12-23 11:14:57,25,-2,3851.0,2111
2022-12-23 11:14:58,37,5,3850.75,2116
2022-12-23 11:14:59,145,-78,3850.75,2038
2022-12-23 11:15:00,73,3,3850.0,2041
2022-12-23 11:15:01,87,-23,3849.75,2018
2022-12-23 11:15:02,247,-74,3849.25,1944
2022-12-23 11:15:03,137,-50,3849.0,1894
2022-12-23 11:15:04,189,-47,3848.5,1847
2022-12-23 11:15:05,94,42,3848.75,1889
2022-12-23 11:15:06,82,-20,3848.25,1869
2022-12-23 11:15:07,48,-7,3848.25,1862
2022-12-23 11:15:08,59,6,3848.25,1868
2022-12-23 11:15:09,48,-20,3848.25,1848
2022-12-23 11:15:10,168,-105,3848.5,1743
2022-12-23 11:15:11,34,10,3848.75,1753
2022-12-23 11:15:12,30,2,3849.0,1755
2022-12-23 11:15:13,5,1,3849.25,1756
2022-12-23 11:15:14,30,4,3849.25,1760
2022-12-23 11:15:15,6,6,3849.5,1766
2022-12-23 11:15:16,34,3,3849.5,1769
2022-12-23 11:15:17,41,-10,3849.25,1759
2022-12-23 11:15:18,38,14,3849.25,1773
2022-12-23 11:15:19,21,15,3850.0,1788
2022-12-23 11:15:20,67,-3,3850.0,1785
2022-12-23 11:15:21,52,17,3850.0,1802
2022-12-23 11:15:22,18,1,3849.75,1803
2022-12-23 11:15:23,20,2,3849.75,1805
2022-12-23 11:15:24,139,36,3850.5,1841
2022-12-23 11:15:25,75,6,3850.75,1847
2022-12-23 11:15:26,40,-12,3850.75,1835
2022-12-23 11:15:27,71,-11,3851.0,1824
2022-12-23 11:15:28,37,-9,3850.5,1815
2022-12-23 11:15:29,19,14,3850.75,1829
2022-12-23 11:15:30,37,22,3851.0,1851
2022-12-23 11:15:31,80,-15,3851.0,1836
2022-12-23 11:15:32,29,5,3850.75,1841
2022-12-23 11:15:33,65,26,3851.5,1867
2022-12-23 11:15:34,48,4,3852.0,1871
2022-12-23 11:15:35,31,9,3851.75,1880
2022-12-23 11:15:36,56,-20,3851.75,1860
2022-12-23 11:15:37,11,6,3852.0,1866
2022-12-23 11:15:38,15,-10,3852.0,1856
2022-12-23 11:15:39,116,36,3852.0,1892
2022-12-23 11:15:40,292,116,3853.0,2008
2022-12-23 11:15:41,112,-28,3853.0,1980
2022-12-23 11:15:42,186,35,3853.25,2015
2022-12-23 11:15:43,55,21,3853.25,2036
2022-12-23 11:15:44,108,3,3853.25,2039
2022-12-23 11:15:45,81,-9,3852.75,2030
2022-12-23 11:15:46,6,-2,3852.75,2028
2022-12-23 11:15:47,70,0,3852.75,2028
2022-12-23 11:15:48,62,17,3853.25,2045
2022-12-23 11:15:49,94,29,3853.5,2074
2022-12-23 11:15:50,36,-14,3853.25,2060
2022-12-23 11:15:51,31,-9,3853.25,2051
2022-12-23 11:15:52,67,11,3853.0,2062
2022-12-23 11:15:53,31,-6,3853.25,2056
2022-12-23 11:15:54,28,-4,3852.75,2052
2022-12-23 11:15:55,66,-18,3852.5,2034
2022-12-23 11:15:56,51,-10,3852.0,2024
2022-12-23 11:15:57,62,-3,3852.0,2021
2022-12-23 11:15:58,47,10,3852.0,2031
2022-12-23 11:15:59,28,-13,3851.75,2018
2022-12-23 11:16:00,29,-7,3851.75,2011
2022-12-23 11:16:01,88,-30,3851.75,1981
2022-12-23 11:16:02,133,-4,3851.5,1977
2022-12-23 11:16:03,105,23,3851.75,2000
2022-12-23 11:16:04,78,15,3852.0,2015
2022-12-23 11:16:05,69,13,3852.25,2028
2022-12-23 11:16:06,21,12,3852.5,2040
2022-12-23 11:16:07,55,-4,3852.75,2036
2022-12-23 11:16:08,31,17,3852.5,2053
2022-12-23 11:16:09,65,1,3852.5,2054
2022-12-23 11:16:10,58,0,3853.0,2054
2022-12-23 11:16:11,50,1,3853.0,2055
2022-12-23 11:16:12,18,7,3852.5,2062
2022-12-23 11:16:13,48,-5,3852.75,2057
2022-12-23 11:16:14,41,14,3853.0,2071
2022-12-23 11:16:15,46,8,3852.75,2079
2022-12-23 11:16:16,30,9,3852.75,2088
2022-12-23 11:16:17,62,-16,3852.75,2072
2022-12-23 11:16:18,6,-3,3852.75,2069
2022-12-23 11:16:19,86,-18,3852.5,2051
2022-12-23 11:16:20,30,11,3852.5,2062
2022-12-23 11:16:21,61,-10,3852.75,2052
2022-12-23 11:16:22,10,-3,3852.75,2049
2022-12-23 11:16:23,37,-15,3852.5,2034
2022-12-23 11:16:24,57,-4,3852.25,2030
2022-12-23 11:16:25,90,5,3852.5,2035
2022-12-23 11:16:26,10,0,3852.0,2035
2022-12-23 11:16:27,6,2,3852.0,2037
2022-12-23 11:16:28,23,-10,3851.75,2027
2022-12-23 11:16:29,98,-12,3851.75,2015
2022-12-23 11:16:30,51,-14,3851.25,2001
2022-12-23 11:16:31,36,14,3851.25,2015
2022-12-23 11:16:32,47,-10,3851.25,2005
2022-12-23 11:16:33,86,-37,3851.0,1968
2022-12-23 11:16:34,62,4,3850.5,1972
2022-12-23 11:16:35,65,2,3850.75,1974
2022-12-23 11:16:36,30,-7,3850.5,1967
2022-12-23 11:16:37,88,14,3850.5,1981
2022-12-23 11:16:38,40,12,3851.0,1993
2022-12-23 11:16:39,31,-4,3850.75,1989
2022-12-23 11:16:40,50,-5,3851.0,1984
2022-12-23 11:16:41,30,6,3851.0,1990
2022-12-23 11:16:42,57,-2,3851.0,1988
2022-12-23 11:16:43,22,8,3851.25,1996
2022-12-23 11:16:44,43,6,3851.75,2002
2022-12-23 11:16:45,34,-14,3851.75,1988
2022-12-23 11:16:46,46,-9,3851.25,1979
2022-12-23 11:16:47,42,-4,3851.25,1975
2022-12-23 11:16:48,19,6,3851.0,1981
2022-12-23 11:16:49,15,-10,3851.0,1971
2022-12-23 11:16:50,15,8,3851.25,1979
2022-12-23 11:16:51,63,20,3852.0,1999
2022-12-23 11:16:52,52,-4,3851.75,1995
2022-12-23 11:16:53,9,5,3851.25,2000
2022-12-23 11:16:54,35,-9,3851.5,1991
2022-12-23 11:16:55,32,-9,3851.5,1982
2022-12-23 11:16:56,19,-9,3851.5,1973
2022-12-23 11:16:57,33,-1,3851.25,1972
2022-12-23 11:16:58,34,13,3851.25,1985
2022-12-23 11:16:59,18,-2,3851.25,1983
2022-12-23 11:17:00,38,7,3851.5,1990
2022-12-23 11:17:01,84,-32,3851.25,1958
2022-12-23 11:17:02,5,3,3851.0,1961
2022-12-23 11:17:03,22,1,3850.75,1962
2022-12-23 11:17:04,103,-28,3850.5,1934
2022-12-23 11:17:05,51,-9,3850.5,1925
2022-12-23 11:17:06,25,16,3850.25,1941
2022-12-23 11:17:07,15,3,3850.25,1944
2022-12-23 11:17:08,41,3,3850.0,1947
2022-12-23 11:17:09,57,-11,3850.25,1936
2022-12-23 11:17:10,35,11,3850.5,1947
2022-12-23 11:17:11,49,12,3850.75,1959
2022-12-23 11:17:12,34,-5,3850.75,1954
2022-12-23 11:17:13,47,6,3851.25,1960
2022-12-23 11:17:14,15,-4,3851.5,1956
2022-12-23 11:17:15,25,-13,3851.5,1943
2022-12-23 11:17:16,6,3,3851.25,1946
2022-12-23 11:17:17,44,-2,3851.5,1944
2022-12-23 11:17:18,29,-5,3851.25,1939
2022-12-23 11:17:19,63,-11,3851.0,1928
2022-12-23 11:17:20,69,10,3850.5,1938
2022-12-23 11:17:21,9,-3,3850.75,1935
2022-12-23 11:17:22,55,10,3851.0,1945
2022-12-23 11:17:23,5,-2,3851.0,1943
2022-12-23 11:17:24,32,-11,3850.75,1932
2022-12-23 11:17:25,51,10,3851.0,1942
2022-12-23 11:17:26,54,-7,3851.25,1935
2022-12-23 11:17:27,23,-10,3851.25,1925
2022-12-23 11:17:28,19,-5,3851.0,1920
2022-12-23 11:17:29,21,1,3851.25,1921
2022-12-23 11:17:30,23,0,3851.25,1921
2022-12-23 11:17:31,14,-5,3851.0,1916
2022-12-23 11:17:32,15,1,3850.75,1917
2022-12-23 11:17:33,27,4,3851.0,1921
2022-12-23 11:17:34,26,5,3851.25,1926
2022-12-23 11:17:35,29,-7,3851.25,1919
2022-12-23 11:17:36,25,-10,3851.25,1909
2022-12-23 11:17:37,13,7,3850.75,1916
2022-12-23 11:17:38,35,-1,3850.75,1915
2022-12-23 11:17:39,35,-9,3851.0,1906
2022-12-23 11:17:40,37,-17,3850.75,1889
2022-12-23 11:17:41,27,-15,3850.75,1874
2022-12-23 11:17:42,28,-12,3850.5,1862
2022-12-23 11:17:43,39,-12,3850.75,1850
2022-12-23 11:17:44,6,5,3850.5,1855
2022-12-23 11:17:45,13,3,3850.75,1858
2022-12-23 11:17:46,114,-4,3850.25,1854
2022-12-23 11:17:47,24,-2,3850.0,1852
2022-12-23 11:17:48,66,25,3850.0,1877
2022-12-23 11:17:49,34,6,3850.25,1883
2022-12-23 11:17:50,27,7,3850.75,1890
2022-12-23 11:17:51,21,0,3850.75,1890
2022-12-23 11:17:52,6,2,3850.5,1892
2022-12-23 11:17:53,11,-2,3850.5,1890
2022-12-23 11:17:54,23,5,3850.75,1895
2022-12-23 11:17:55,9,3,3850.75,1898
2022-12-23 11:17:56,2,0,3850.75,1898
2022-12-23 11:17:57,30,11,3851.0,1909
2022-12-23 11:17:58,111,-15,3851.5,1894
2022-12-23 11:17:59,56,25,3851.25,1919
2022-12-23 11:18:00,15,9,3851.5,1928
2022-12-23 11:18:01,25,-4,3851.25,1924
2022-12-23 11:18:03,25,-9,3851.5,1915
2022-12-23 11:18:04,27,-3,3851.25,1912
2022-12-23 11:18:05,61,-17,3851.0,1895
2022-12-23 11:18:06,16,4,3850.5,1899
2022-12-23 11:18:07,19,-1,3850.75,1898
2022-12-23 11:18:08,7,3,3850.75,1901
2022-12-23 11:18:09,16,14,3851.0,1915
2022-12-23 11:18:10,20,-8,3851.0,1907
2022-12-23 11:18:11,49,-18,3850.5,1889
2022-12-23 11:18:12,24,8,3850.25,1897
2022-12-23 11:18:13,35,-4,3850.75,1893
2022-12-23 11:18:14,41,-11,3850.25,1882
2022-12-23 11:18:15,42,-5,3850.25,1877
2022-12-23 11:18:16,59,-31,3849.75,1846
2022-12-23 11:18:17,58,-1,3849.5,1845
2022-12-23 11:18:18,69,-25,3849.25,1820
2022-12-23 11:18:19,184,-89,3848.75,1731
2022-12-23 11:18:20,61,4,3848.75,1735
2022-12-23 11:18:21,58,6,3849.0,1741
2022-12-23 11:18:22,48,13,3849.0,1754
2022-12-23 11:18:23,18,-1,3849.0,1753
2022-12-23 11:18:24,42,5,3849.0,1758
2022-12-23 11:18:25,44,3,3849.25,1761
2022-12-23 11:18:26,49,-8,3849.5,1753
2022-12-23 11:18:27,33,-14,3849.25,1739
2022-12-23 11:18:28,39,8,3849.5,1747
2022-12-23 11:18:29,52,-29,3849.25,1718
2022-12-23 11:18:30,24,9,3849.0,1727
2022-12-23 11:18:31,18,3,3849.25,1730
2022-12-23 11:18:32,35,5,3849.25,1735
2022-12-23 11:18:33,64,-31,3849.0,1704
2022-12-23 11:18:34,1,-1,3848.25,1703
2022-12-23 11:18:35,13,8,3848.75,1711
2022-12-23 11:18:36,52,-24,3848.5,1687
2022-12-23 11:18:37,18,6,3848.25,1693
2022-12-23 11:18:38,14,2,3848.5,1695
2022-12-23 11:18:39,1,-1,3848.25,1694
2022-12-23 11:18:40,18,-4,3848.5,1690
2022-12-23 11:18:41,22,-4,3848.25,1686
2022-12-23 11:18:42,37,4,3848.5,1690
2022-12-23 11:18:43,19,-6,3848.25,1684
2022-12-23 11:18:44,33,5,3848.5,1689
2022-12-23 11:18:45,74,7,3848.75,1696
2022-12-23 11:18:46,28,5,3848.25,1701
2022-12-23 11:18:47,16,7,3848.5,1708
2022-12-23 11:18:48,34,5,3848.25,1713
2022-12-23 11:18:49,26,2,3848.25,1715
2022-12-23 11:18:50,93,-26,3848.25,1689
2022-12-23 11:18:51,106,-26,3848.0,1663
2022-12-23 11:18:52,27,-6,3848.5,1657
2022-12-23 11:18:53,78,-35,3848.5,1622
2022-12-23 11:18:54,32,3,3848.0,1625
2022-12-23 11:18:55,81,-9,3847.75,1616
2022-12-23 11:18:56,120,-23,3847.75,1593
2022-12-23 11:18:57,24,1,3847.5,1594
2022-12-23 11:18:58,92,1,3847.75,1595
2022-12-23 11:18:59,112,40,3848.0,1635
2022-12-23 11:19:00,102,-2,3848.25,1633
2022-12-23 11:19:01,48,26,3847.75,1659
2022-12-23 11:19:02,33,1,3848.0,1660
2022-12-23 11:19:03,90,-4,3847.75,1656
2022-12-23 11:19:04,30,-5,3847.75,1651
2022-12-23 11:19:05,31,1,3847.75,1652
2022-12-23 11:19:06,42,-8,3847.75,1644
2022-12-23 11:19:07,36,7,3847.75,1651
2022-12-23 11:19:08,35,-2,3848.0,1649
2022-12-23 11:19:09,30,4,3847.75,1653
2022-12-23 11:19:10,83,20,3848.0,1673
2022-12-23 11:19:11,25,6,3848.25,1679
2022-12-23 11:19:12,20,-1,3848.25,1678
2022-12-23 11:19:13,9,9,3848.5,1687
2022-12-23 11:19:14,91,26,3849.0,1713
2022-12-23 11:19:15,53,-15,3848.75,1698
2022-12-23 11:19:16,43,-7,3849.25,1691
2022-12-23 11:19:17,81,-21,3849.25,1670
2022-12-23 11:19:18,39,24,3849.75,1694
2022-12-23 11:19:19,47,-24,3849.75,1670
2022-12-23 11:19:20,13,7,3849.75,1677
2022-12-23 11:19:21,20,0,3849.5,1677
2022-12-23 11:19:22,59,1,3850.0,1678
2022-12-23 11:19:23,26,10,3850.0,1688
2022-12-23 11:19:24,37,19,3850.25,1707
2022-12-23 11:19:25,25,-7,3850.25,1700
2022-12-23 11:19:26,49,9,3850.25,1709
2022-12-23 11:19:27,99,17,3850.75,1726
2022-12-23 11:19:28,43,26,3851.0,1752
2022-12-23 11:19:29,121,31,3851.5,1783
2022-12-23 11:19:30,72,15,3851.5,1798
2022-12-23 11:19:31,53,-2,3851.5,1796
2022-12-23 11:19:32,47,0,3851.25,1796
2022-12-23 11:19:33,76,-41,3851.0,1755
2022-12-23 11:19:34,47,-12,3850.25,1743
2022-12-23 11:19:35,6,2,3850.5,1745
2022-12-23 11:19:36,39,-6,3850.5,1739
2022-12-23 11:19:37,33,0,3850.5,1739
2022-12-23 11:19:38,13,3,3850.75,1742
2022-12-23 11:19:39,52,7,3851.0,1749
2022-12-23 11:19:40,20,-7,3850.75,1742
2022-12-23 11:19:41,1,-1,3850.75,1741
2022-12-23 11:19:42,57,21,3851.5,1762
2022-12-23 11:19:43,19,-5,3851.5,1757
2022-12-23 11:19:44,26,-2,3851.5,1755
2022-12-23 11:19:45,22,9,3851.75,1764
2022-12-23 11:19:46,49,-25,3851.75,1739
2022-12-23 11:19:47,26,12,3851.5,1751
2022-12-23 11:19:48,11,-7,3851.5,1744
2022-12-23 11:19:49,4,-3,3851.5,1741
2022-12-23 11:19:50,50,-6,3851.5,1735
2022-12-23 11:19:51,81,-6,3851.0,1729
2022-12-23 11:19:52,2,2,3851.25,1731
2022-12-23 11:19:53,15,-7,3851.25,1724
2022-12-23 11:19:54,123,-5,3851.25,1719
2022-12-23 11:19:55,53,-16,3851.0,1703
2022-12-23 11:19:56,12,-4,3851.0,1699
2022-12-23 11:19:57,2,2,3850.75,1701
2022-12-23 11:19:58,64,0,3851.25,1701
2022-12-23 11:19:59,36,-6,3851.25,1695
2022-12-23 11:20:00,47,6,3851.75,1701
2022-12-23 11:20:01,98,29,3851.75,1730
2022-12-23 11:20:02,30,-1,3852.0,1729
2022-12-23 11:20:03,30,3,3852.0,1732
2022-12-23 11:20:04,59,10,3852.0,1742
2022-12-23 11:20:05,51,-6,3852.25,1736
2022-12-23 11:20:06,48,-14,3852.25,1722
2022-12-23 11:20:07,14,7,3851.5,1729
2022-12-23 11:20:08,92,-39,3851.5,1690
2022-12-23 11:20:09,24,12,3851.5,1702
2022-12-23 11:20:10,74,-9,3851.25,1693
2022-12-23 11:20:11,26,11,3851.25,1704
2022-12-23 11:20:12,15,3,3851.5,1707
2022-12-23 11:20:13,32,3,3852.0,1710
2022-12-23 11:20:14,4,-3,3851.75,1707
2022-12-23 11:20:15,68,23,3851.75,1730
2022-12-23 11:20:16,65,-4,3851.75,1726
2022-12-23 11:20:17,23,8,3851.5,1734
2022-12-23 11:20:18,155,-28,3851.0,1706
2022-12-23 11:20:19,52,-6,3851.0,1700
2022-12-23 11:20:20,31,-11,3851.0,1689
2022-12-23 11:20:21,56,3,3851.25,1692
2022-12-23 11:20:22,29,-7,3851.25,1685
2022-12-23 11:20:23,7,5,3851.5,1690
2022-12-23 11:20:24,26,22,3852.0,1712
2022-12-23 11:20:25,40,14,3852.25,1726
2022-12-23 11:20:26,16,-2,3852.0,1724
2022-12-23 11:20:27,35,0,3852.0,1724
2022-12-23 11:20:28,8,6,3852.0,1730
2022-12-23 11:20:29,13,-5,3852.0,1725
2022-12-23 11:20:30,76,18,3852.25,1743
2022-12-23 11:20:31,113,45,3852.75,1788
2022-12-23 11:20:32,52,11,3852.75,1799
2022-12-23 11:20:33,361,153,3854.0,1952
2022-12-23 11:20:34,98,23,3854.0,1975
2022-12-23 11:20:35,123,38,3854.5,2013
2022-12-23 11:20:36,406,205,3855.5,2218
2022-12-23 11:20:37,151,0,3855.5,2218
2022-12-23 11:20:38,98,29,3855.75,2247
2022-12-23 11:20:39,98,-8,3855.5,2239
2022-12-23 11:20:40,141,19,3855.25,2258
2022-12-23 11:20:41,142,-17,3855.25,2241
2022-12-23 11:20:42,60,-5,3855.5,2236
2022-12-23 11:20:43,116,-5,3855.5,2231
2022-12-23 11:20:44,74,6,3855.0,2237
2022-12-23 11:20:45,65,-16,3855.0,2221
2022-12-23 11:20:46,82,-9,3854.25,2212
2022-12-23 11:20:47,73,15,3854.5,2227
2022-12-23 11:20:48,41,-6,3854.5,2221
2022-12-23 11:20:49,35,-1,3854.25,2220
2022-12-23 11:20:50,88,7,3854.0,2227
2022-12-23 11:20:51,35,3,3854.0,2230
2022-12-23 11:20:52,46,7,3854.5,2237
2022-12-23 11:20:53,32,6,3854.5,2243
2022-12-23 11:20:54,78,0,3854.0,2243
2022-12-23 11:20:55,119,-17,3853.75,2226
2022-12-23 11:20:56,61,-34,3853.25,2192
2022-12-23 11:20:57,34,17,3853.5,2209
2022-12-23 11:20:58,136,-11,3853.75,2198
2022-12-23 11:20:59,87,-8,3853.25,2190
2022-12-23 11:21:00,50,-1,3853.0,2189
2022-12-23 11:21:01,89,11,3853.5,2200
2022-12-23 11:21:02,84,20,3853.5,2220
2022-12-23 11:21:03,37,-5,3854.0,2215
2022-12-23 11:21:04,106,36,3855.0,2251
2022-12-23 11:21:05,54,-7,3854.75,2244
2022-12-23 11:21:06,30,2,3854.75,2246
2022-12-23 11:21:07,56,5,3854.5,2251
2022-12-23 11:21:08,51,-10,3854.5,2241
2022-12-23 11:21:09,46,12,3854.75,2253
2022-12-23 11:21:10,10,4,3854.75,2257
2022-12-23 11:21:11,81,11,3855.0,2268
2022-12-23 11:21:12,25,13,3855.25,2281
2022-12-23 11:21:13,52,-2,3855.25,2279
2022-12-23 11:21:14,65,-1,3855.75,2278
2022-12-23 11:21:15,83,20,3856.0,2298
2022-12-23 11:21:16,48,-8,3855.5,2290
2022-12-23 11:21:17,37,-12,3855.0,2278
2022-12-23 11:21:18,45,22,3855.5,2300
2022-12-23 11:21:19,37,-12,3855.5,2288
2022-12-23 11:21:20,39,3,3855.75,2291
2022-12-23 11:21:21,38,4,3855.75,2295
2022-12-23 11:21:22,14,-5,3855.5,2290
2022-12-23 11:21:23,15,-2,3855.5,2288
2022-12-23 11:21:24,75,-20,3855.5,2268
2022-12-23 11:21:25,32,5,3855.0,2273
2022-12-23 11:21:26,30,-8,3854.75,2265
2022-12-23 11:21:27,45,-4,3854.75,2261
2022-12-23 11:21:28,51,-22,3854.25,2239
2022-12-23 11:21:29,31,16,3854.5,2255
2022-12-23 11:21:30,59,23,3855.0,2278
2022-12-23 11:21:31,86,-27,3854.75,2251
2022-12-23 11:21:32,39,-2,3855.0,2249
2022-12-23 11:21:33,44,5,3855.0,2254
2022-12-23 11:21:34,32,5,3855.0,2259
2022-12-23 11:21:35,41,37,3855.0,2296
2022-12-23 11:21:36,73,20,3855.5,2316
2022-12-23 11:21:37,61,25,3855.75,2341
2022-12-23 11:21:38,5,4,3855.75,2345
2022-12-23 11:21:39,32,-9,3855.75,2336
2022-12-23 11:21:40,86,-75,3855.5,2261
2022-12-23 11:21:41,39,8,3855.25,2269
2022-12-23 11:21:42,34,5,3855.75,2274
2022-12-23 11:21:43,14,2,3856.0,2276
2022-12-23 11:21:44,33,4,3856.0,2280
2022-12-23 11:21:45,77,-18,3855.75,2262
2022-12-23 11:21:46,19,-2,3855.5,2260
2022-12-23 11:21:47,41,-9,3855.25,2251
2022-12-23 11:21:48,70,16,3855.75,2267
2022-12-23 11:21:49,20,-9,3855.5,2258
2022-12-23 11:21:50,5,-1,3855.75,2257
2022-12-23 11:21:51,39,13,3855.75,2270
2022-12-23 11:21:52,42,8,3856.0,2278
2022-12-23 11:21:53,44,-5,3856.0,2273
2022-12-23 11:21:54,24,6,3856.0,2279
2022-12-23 11:21:55,20,-5,3856.0,2274
2022-12-23 11:21:56,11,-4,3856.0,2270
2022-12-23 11:21:57,37,-11,3855.5,2259
2022-12-23 11:21:58,20,-4,3855.75,2255
2022-12-23 11:21:59,46,4,3855.75,2259
2022-12-23 11:22:00,46,-13,3856.0,2246
2022-12-23 11:22:01,7,3,3855.75,2249
2022-12-23 11:22:02,4,-1,3856.0,2248
2022-12-23 11:22:03,154,-41,3855.75,2207
2022-12-23 11:22:04,43,7,3855.0,2214
2022-12-23 11:22:05,22,1,3855.0,2215
2022-12-23 11:22:06,73,-2,3855.0,2213
2022-12-23 11:22:07,81,-2,3854.5,2211
2022-12-23 11:22:08,87,-28,3854.5,2183
2022-12-23 11:22:09,142,-47,3854.25,2136
2022-12-23 11:22:10,23,1,3854.0,2137
2022-12-23 11:22:11,227,-87,3854.5,2050
2022-12-23 11:22:12,62,11,3854.75,2061
2022-12-23 11:22:13,73,0,3854.75,2061
2022-12-23 11:22:14,71,18,3855.25,2079
2022-12-23 11:22:15,51,5,3855.25,2084
2022-12-23 11:22:16,9,0,3855.25,2084
2022-12-23 11:22:17,17,-2,3855.25,2082
2022-12-23 11:22:18,77,-10,3855.25,2072
2022-12-23 11:22:19,17,-9,3855.0,2063
2022-12-23 11:22:20,30,-3,3854.75,2060
2022-12-23 11:22:21,13,-2,3854.75,2058
2022-12-23 11:22:22,20,-16,3854.25,2042
2022-12-23 11:22:23,89,45,3854.75,2087
2022-12-23 11:22:24,16,-1,3855.0,2086
2022-12-23 11:22:25,46,25,3854.75,2111
2022-12-23 11:22:26,31,-5,3854.75,2106
2022-12-23 11:22:27,2,-1,3854.5,2105
2022-12-23 11:22:28,36,-12,3854.5,2093
2022-12-23 11:22:29,45,15,3854.5,2108
2022-12-23 11:22:30,37,2,3854.5,2110
2022-12-23 11:22:31,106,15,3855.0,2125
2022-12-23 11:22:32,49,6,3855.25,2131
2022-12-23 11:22:33,11,-2,3855.0,2129
2022-12-23 11:22:34,2,2,3855.0,2131
2022-12-23 11:22:35,40,5,3854.75,2136
2022-12-23 11:22:36,28,-8,3854.5,2128
2022-12-23 11:22:37,22,21,3855.0,2149
2022-12-23 11:22:38,12,-6,3854.75,2143
2022-12-23 11:22:39,48,25,3854.75,2168
2022-12-23 11:22:40,3,3,3854.75,2171
2022-12-23 11:22:41,3,-1,3854.75,2170
2022-12-23 11:22:42,32,0,3855.0,2170
2022-12-23 11:22:43,13,1,3855.0,2171
2022-12-23 11:22:44,21,5,3855.0,2176
2022-12-23 11:22:45,14,2,3855.25,2178
2022-12-23 11:22:46,2,0,3855.0,2178
2022-12-23 11:22:47,30,-10,3855.0,2168
2022-12-23 11:22:48,90,-19,3854.5,2149
2022-12-23 11:22:49,5,-3,3854.25,2146
2022-12-23 11:22:50,68,-37,3854.25,2109
2022-12-23 11:22:51,117,-32,3853.75,2077
2022-12-23 11:22:52,39,-27,3854.0,2050
2022-12-23 11:22:53,22,2,3853.75,2052
2022-12-23 11:22:54,11,-4,3853.75,2048
2022-12-23 11:22:55,67,-16,3853.75,2032
2022-12-23 11:22:56,52,3,3853.5,2035
2022-12-23 11:22:57,26,-4,3853.5,2031
2022-12-23 11:22:58,12,12,3853.75,2043
2022-12-23 11:22:59,30,15,3854.5,2058
2022-12-23 11:23:00,91,-17,3854.5,2041
2022-12-23 11:23:01,7,-7,3854.25,2034
2022-12-23 11:23:02,42,7,3854.0,2041
2022-12-23 11:23:03,41,-1,3854.0,2040
2022-12-23 11:23:04,4,4,3853.75,2044
2022-12-23 11:23:05,35,-2,3853.75,2042
2022-12-23 11:23:06,13,-1,3853.75,2041
2022-12-23 11:23:07,10,5,3854.0,2046
2022-12-23 11:23:08,26,-10,3853.75,2036
2022-12-23 11:23:09,59,23,3854.25,2059
2022-12-23 11:23:10,75,21,3854.5,2080
2022-12-23 11:23:11,43,-4,3854.5,2076
2022-12-23 11:23:12,1,1,3854.25,2077
2022-12-23 11:23:13,70,-13,3854.25,2064
2022-12-23 11:23:14,5,4,3853.75,2068
2022-12-23 11:23:15,64,-17,3854.0,2051
2022-12-23 11:23:16,5,1,3853.75,2052
2022-12-23 11:23:17,173,-24,3853.25,2028
2022-12-23 11:23:18,73,-4,3853.0,2024
2022-12-23 11:23:19,44,4,3852.75,2028
2022-12-23 11:23:20,8,0,3852.75,2028
2022-12-23 11:23:21,46,-18,3853.0,2010
2022-12-23 11:23:22,6,5,3852.75,2015
2022-12-23 11:23:23,202,-82,3852.5,1933
2022-12-23 11:23:24,167,-63,3851.5,1870
2022-12-23 11:23:25,55,5,3851.5,1875
2022-12-23 11:23:26,102,-12,3851.5,1863
2022-12-23 11:23:27,27,11,3851.75,1874
2022-12-23 11:23:28,52,-3,3851.75,1871
2022-12-23 11:23:29,42,24,3852.0,1895
2022-12-23 11:23:30,60,13,3852.5,1908
2022-12-23 11:23:31,78,14,3852.5,1922
2022-12-23 11:23:32,48,-6,3852.25,1916
2022-12-23 11:23:33,69,18,3852.25,1934
2022-12-23 11:23:34,65,14,3852.75,1948
2022-12-23 11:23:35,28,4,3852.75,1952
2022-12-23 11:23:36,23,-3,3852.75,1949
2022-12-23 11:23:37,28,0,3852.5,1949
2022-12-23 11:23:38,22,9,3852.5,1958
2022-12-23 11:23:39,47,8,3852.75,1966
2022-12-23 11:23:40,39,-17,3852.5,1949
2022-12-23 11:23:41,10,8,3852.25,1957
2022-12-23 11:23:42,74,-15,3852.0,1942
2022-12-23 11:23:43,17,-7,3851.75,1935
2022-12-23 11:23:44,33,-4,3851.5,1931
2022-12-23 11:23:45,19,-5,3851.5,1926
2022-12-23 11:23:46,17,2,3851.5,1928
2022-12-23 11:23:47,13,1,3851.75,1929
2022-12-23 11:23:48,20,-4,3851.75,1925
2022-12-23 11:23:49,204,-64,3851.5,1861
2022-12-23 11:23:50,59,6,3851.0,1867
2022-12-23 11:23:51,50,-7,3851.0,1860
2022-12-23 11:23:52,43,-1,3850.75,1859
2022-12-23 11:23:53,24,-4,3851.0,1855
2022-12-23 11:23:54,13,0,3850.75,1855
2022-12-23 11:23:55,27,-11,3850.75,1844
2022-12-23 11:23:56,18,-7,3850.75,1837
2022-12-23 11:23:57,51,-11,3850.75,1826
2022-12-23 11:23:58,200,-52,3850.5,1774
2022-12-23 11:23:59,31,-13,3850.25,1761
2022-12-23 11:24:00,109,17,3851.0,1778
2022-12-23 11:24:01,57,-19,3851.0,1759
2022-12-23 11:24:02,56,1,3851.0,1760
2022-12-23 11:24:03,47,0,3851.0,1760
2022-12-23 11:24:04,42,1,3850.5,1761
2022-12-23 11:24:05,54,-13,3850.0,1748
2022-12-23 11:24:06,116,-30,3849.75,1718
2022-12-23 11:24:07,39,-14,3849.5,1704
2022-12-23 11:24:08,140,-5,3849.25,1699
2022-12-23 11:24:09,143,49,3850.25,1748
2022-12-23 11:24:10,61,4,3849.75,1752
2022-12-23 11:24:11,40,12,3850.25,1764
2022-12-23 11:24:12,25,12,3850.25,1776
2022-12-23 11:24:13,31,-1,3850.25,1775
2022-12-23 11:24:14,40,-2,3850.25,1773
2022-12-23 11:24:15,34,12,3850.0,1785
2022-12-23 11:24:16,38,8,3850.25,1793
2022-12-23 11:24:17,19,5,3850.25,1798
2022-12-23 11:24:18,77,-14,3850.0,1784
2022-12-23 11:24:19,24,8,3849.5,1792
2022-12-23 11:24:20,44,6,3849.5,1798
2022-12-23 11:24:21,28,7,3849.5,1805
2022-12-23 11:24:22,12,9,3849.5,1814
2022-12-23 11:24:23,32,17,3850.25,1831
2022-12-23 11:24:24,21,-5,3850.25,1826
2022-12-23 11:24:25,58,22,3850.75,1848
2022-12-23 11:24:26,23,0,3850.25,1848
2022-12-23 11:24:27,29,8,3850.25,1856
2022-12-23 11:24:28,5,-3,3850.25,1853
2022-12-23 11:24:29,26,4,3850.25,1857
2022-12-23 11:24:30,28,3,3850.25,1860
2022-12-23 11:24:31,11,-6,3850.25,1854
2022-12-23 11:24:32,73,20,3850.75,1874
2022-12-23 11:24:33,45,9,3851.0,1883
2022-12-23 11:24:34,45,8,3851.0,1891
2022-12-23 11:24:35,42,16,3851.25,1907
2022-12-23 11:24:36,26,7,3851.5,1914
2022-12-23 11:24:37,52,7,3851.75,1921
2022-12-23 11:24:38,38,5,3851.75,1926
2022-12-23 11:24:39,20,-5,3852.0,1921
2022-12-23 11:24:40,41,13,3852.0,1934
2022-12-23 11:24:41,78,44,3852.25,1978
2022-12-23 11:24:42,24,-9,3852.25,1969
2022-12-23 11:24:43,32,-1,3852.25,1968
2022-12-23 11:24:44,15,-9,3852.25,1959
2022-12-23 11:24:45,8,2,3852.25,1961
2022-12-23 11:24:46,83,-10,3852.0,1951
2022-12-23 11:24:47,26,-1,3852.25,1950
2022-12-23 11:24:48,67,9,3852.5,1959
2022-12-23 11:24:49,6,6,3852.75,1965
2022-12-23 11:24:50,26,-12,3852.5,1953
2022-12-23 11:24:51,62,-15,3852.0,1938
2022-12-23 11:24:52,18,-2,3852.0,1936
2022-12-23 11:24:53,15,3,3851.75,1939
2022-12-23 11:24:54,44,4,3852.0,1943
2022-12-23 11:24:55,54,-1,3852.5,1942
2022-12-23 11:24:56,15,3,3852.75,1945
2022-12-23 11:24:57,35,1,3852.5,1946
2022-12-23 11:24:58,64,31,3852.75,1977
2022-12-23 11:24:59,73,-11,3852.75,1966
2022-12-23 11:25:00,24,2,3852.75,1968
2022-12-23 11:25:01,144,6,3852.75,1974
2022-12-23 11:25:02,23,0,3852.75,1974
2022-12-23 11:25:03,65,0,3852.75,1974
2022-12-23 11:25:04,9,4,3852.0,1978
2022-12-23 11:25:05,33,2,3852.0,1980
2022-12-23 11:25:06,27,12,3852.5,1992
2022-12-23 11:25:07,79,33,3853.25,2025
2022-12-23 11:25:08,40,-1,3853.25,2024
2022-12-23 11:25:09,19,1,3852.75,2025
2022-12-23 11:25:10,42,11,3853.25,2036
2022-12-23 11:25:11,11,7,3853.25,2043
2022-12-23 11:25:12,56,30,3853.75,2073
2022-12-23 11:25:13,188,-26,3853.5,2047
2022-12-23 11:25:14,25,-4,3853.25,2043
2022-12-23 11:25:15,15,8,3853.0,2051
2022-12-23 11:25:16,5,-5,3852.75,2046
2022-12-23 11:25:17,38,-6,3852.75,2040
2022-12-23 11:25:18,29,-9,3852.5,2031
2022-12-23 11:25:19,17,12,3852.5,2043
2022-12-23 11:25:20,25,4,3852.75,2047
2022-12-23 11:25:21,50,0,3852.75,2047
2022-12-23 11:25:22,6,4,3852.75,2051
2022-12-23 11:25:23,16,0,3852.75,2051
2022-12-23 11:25:24,101,0,3853.25,2051
2022-12-23 11:25:25,16,2,3853.25,2053
2022-12-23 11:25:26,44,17,3853.25,2070
2022-12-23 11:25:27,39,-1,3853.5,2069
2022-12-23 11:25:28,33,6,3854.0,2075
2022-12-23 11:25:29,23,-2,3853.75,2073
2022-12-23 11:25:30,33,-1,3853.75,2072
2022-12-23 11:25:31,20,-12,3854.0,2060
2022-12-23 11:25:32,38,8,3854.0,2068
2022-12-23 11:25:33,88,15,3854.25,2083
2022-12-23 11:25:34,48,3,3854.0,2086
2022-12-23 11:25:35,14,1,3854.0,2087
2022-12-23 11:25:36,25,-2,3854.25,2085
2022-12-23 11:25:37,61,-7,3853.75,2078
2022-12-23 11:25:38,29,-2,3853.5,2076
2022-12-23 11:25:39,29,-12,3853.75,2064
2022-12-23 11:25:40,28,-6,3854.25,2058
2022-12-23 11:25:41,4,-2,3854.0,2056
2022-12-23 11:25:42,9,-2,3854.25,2054
2022-12-23 11:25:43,4,4,3854.25,2058
2022-12-23 11:25:44,87,17,3854.75,2075
2022-12-23 11:25:45,53,25,3854.75,2100
2022-12-23 11:25:46,51,18,3854.75,2118
2022-12-23 11:25:47,32,1,3855.0,2119
2022-12-23 11:25:49,64,34,3855.25,2153
2022-12-23 11:25:50,60,-15,3855.0,2138
2022-12-23 11:25:51,67,19,3855.25,2157
2022-12-23 11:25:52,3,0,3855.25,2157
2022-12-23 11:25:53,83,12,3855.5,2169
2022-12-23 11:25:54,31,16,3855.75,2185
2022-12-23 11:25:55,77,-8,3855.5,2177
2022-12-23 11:25:56,34,16,3855.5,2193
2022-12-23 11:25:57,94,-27,3855.5,2166
2022-12-23 11:25:58,97,3,3855.0,2169
2022-12-23 11:25:59,31,4,3855.0,2173
2022-12-23 11:26:00,39,8,3855.0,2181
2022-12-23 11:26:01,18,6,3855.0,2187
2022-12-23 11:26:02,30,5,3855.0,2192
2022-12-23 11:26:03,92,-1,3854.75,2191
2022-12-23 11:26:04,145,-97,3855.0,2094
2022-12-23 11:26:05,54,-7,3854.5,2087
2022-12-23 11:26:06,32,2,3854.5,2089
2022-12-23 11:26:07,30,12,3854.75,2101
2022-12-23 11:26:08,35,14,3855.0,2115
2022-12-23 11:26:09,34,-9,3855.0,2106
2022-12-23 11:26:10,49,30,3855.75,2136
2022-12-23 11:26:11,82,8,3855.75,2144
2022-12-23 11:26:12,9,-3,3855.5,2141
2022-12-23 11:26:13,113,-9,3855.5,2132
2022-12-23 11:26:14,62,-4,3854.75,2128
2022-12-23 11:26:15,5,0,3854.75,2128
2022-12-23 11:26:16,49,-28,3854.25,2100
2022-12-23 11:26:17,76,-34,3854.0,2066
2022-12-23 11:26:18,46,3,3853.75,2069
2022-12-23 11:26:19,43,3,3853.75,2072
2022-12-23 11:26:20,22,2,3853.75,2074
2022-12-23 11:26:21,20,-4,3853.75,2070
2022-12-23 11:26:22,5,0,3853.75,2070
2022-12-23 11:26:23,16,16,3854.0,2086
2022-12-23 11:26:24,25,-1,3854.0,2085
2022-12-23 11:26:25,28,2,3854.25,2087
2022-12-23 11:26:26,10,7,3854.0,2094
2022-12-23 11:26:27,30,-15,3853.75,2079
2022-12-23 11:26:28,119,-70,3853.5,2009
2022-12-23 11:26:29,38,3,3853.0,2012
2022-12-23 11:26:30,29,-2,3853.0,2010
2022-12-23 11:26:31,52,-14,3852.5,1996
2022-12-23 11:26:32,63,20,3853.0,2016
2022-12-23 11:26:33,12,-1,3852.75,2015
2022-12-23 11:26:34,40,5,3853.0,2020
2022-12-23 11:26:35,20,15,3853.0,2035
2022-12-23 11:26:36,17,-5,3853.0,2030
2022-12-23 11:26:37,26,-6,3852.75,2024
2022-12-23 11:26:38,23,8,3852.75,2032
2022-12-23 11:26:39,44,11,3853.25,2043
2022-12-23 11:26:40,33,-7,3853.25,2036
2022-12-23 11:26:41,29,1,3853.75,2037
2022-12-23 11:26:42,34,-10,3854.0,2027
2022-12-23 11:26:43,22,2,3854.0,2029
2022-12-23 11:26:44,17,11,3854.0,2040
2022-12-23 11:26:45,60,-3,3854.25,2037
2022-12-23 11:26:46,19,6,3854.0,2043
2022-12-23 11:26:47,46,-6,3854.0,2037
2022-12-23 11:26:48,14,4,3854.0,2041
2022-12-23 11:26:49,29,8,3854.0,2049
2022-12-23 11:26:50,32,4,3854.25,2053
2022-12-23 11:26:51,32,8,3854.25,2061
2022-12-23 11:26:52,15,-3,3854.25,2058
2022-12-23 11:26:53,10,-7,3854.0,2051
2022-12-23 11:26:54,67,-8,3853.75,2043
2022-12-23 11:26:55,12,3,3854.0,2046
2022-12-23 11:26:56,15,1,3854.25,2047
2022-12-23 11:26:57,23,-5,3854.0,2042
2022-12-23 11:26:58,17,2,3853.75,2044
2022-12-23 11:26:59,13,3,3853.75,2047
2022-12-23 11:27:00,29,0,3854.0,2047
2022-12-23 11:27:01,7,-1,3853.75,2046
2022-12-23 11:27:02,41,-2,3854.25,2044
2022-12-23 11:27:03,40,14,3854.25,2058
2022-12-23 11:27:04,82,4,3853.75,2062
2022-12-23 11:27:05,15,-1,3853.25,2061
2022-12-23 11:27:06,18,2,3853.75,2063
2022-12-23 11:27:07,15,-5,3853.25,2058
2022-12-23 11:27:08,4,0,3853.5,2058
2022-12-23 11:27:09,13,6,3853.5,2064
2022-12-23 11:27:10,8,0,3853.5,2064
2022-12-23 11:27:11,41,-5,3853.75,2059
2022-12-23 11:27:12,38,-26,3853.25,2033
2022-12-23 11:27:13,83,2,3852.75,2035
2022-12-23 11:27:14,34,-7,3852.5,2028
2022-12-23 11:27:15,109,-18,3852.5,2010
2022-12-23 11:27:16,25,-5,3852.5,2005
2022-12-23 11:27:17,16,-4,3852.25,2001
2022-12-23 11:27:18,30,5,3852.5,2006
2022-12-23 11:27:19,27,-11,3852.5,1995
2022-12-23 11:27:20,22,2,3852.25,1997
2022-12-23 11:27:21,76,-33,3852.0,1964
2022-12-23 11:27:22,12,-6,3852.0,1958
2022-12-23 11:27:23,167,-113,3852.0,1845
2022-12-23 11:27:24,22,14,3852.25,1859
2022-12-23 11:27:25,41,6,3852.5,1865
2022-12-23 11:27:26,29,0,3852.25,1865
2022-12-23 11:27:27,4,-2,3852.5,1863
2022-12-23 11:27:28,41,16,3852.75,1879
2022-12-23 11:27:29,29,7,3853.0,1886
2022-12-23 11:27:30,27,15,3853.0,1901
2022-12-23 11:27:31,14,1,3853.25,1902
2022-12-23 11:27:32,37,2,3853.0,1904
2022-12-23 11:27:33,13,6,3852.75,1910
2022-12-23 11:27:34,28,4,3853.25,1914
2022-12-23 11:27:35,11,-5,3853.0,1909
2022-12-23 11:27:36,45,-9,3852.75,1900
2022-12-23 11:27:37,46,9,3853.5,1909
2022-12-23 11:27:38,7,3,3853.25,1912
2022-12-23 11:27:39,41,5,3853.5,1917
2022-12-23 11:27:40,15,-12,3853.0,1905
2022-12-23 11:27:41,45,11,3853.25,1916
2022-12-23 11:27:42,10,2,3853.5,1918
2022-12-23 11:27:43,34,-2,3853.75,1916
2022-12-23 11:27:44,25,-1,3853.25,1915
2022-12-23 11:27:45,62,-3,3853.0,1912
2022-12-23 11:27:46,58,-21,3852.75,1891
2022-12-23 11:27:47,28,6,3852.5,1897
2022-12-23 11:27:48,21,5,3852.5,1902
2022-12-23 11:27:49,19,-8,3852.25,1894
2022-12-23 11:27:50,39,-17,3852.0,1877
2022-12-23 11:27:51,1,-1,3852.0,1876
2022-12-23 11:27:52,11,11,3852.25,1887
2022-12-23 11:27:53,23,4,3852.5,1891
2022-12-23 11:27:54,14,3,3852.5,1894
2022-12-23 11:27:55,96,-1,3852.5,1893
2022-12-23 11:27:56,53,-11,3852.5,1882
2022-12-23 11:27:57,22,-6,3852.5,1876
2022-12-23 11:27:58,47,20,3852.75,1896
2022-12-23 11:27:59,22,10,3852.5,1906
2022-12-23 11:28:00,41,4,3852.75,1910
2022-12-23 11:28:01,85,-22,3852.5,1888
2022-12-23 11:28:02,55,7,3853.0,1895
2022-12-23 11:28:03,13,6,3852.75,1901
2022-12-23 11:28:04,29,16,3853.0,1917
2022-12-23 11:28:05,4,-2,3852.5,1915
2022-12-23 11:28:06,52,7,3852.75,1922
2022-12-23 11:28:07,28,1,3852.5,1923
2022-12-23 11:28:08,38,-6,3852.5,1917
2022-12-23 11:28:09,2,-1,3852.5,1916
2022-12-23 11:28:10,14,-5,3852.5,1911
2022-12-23 11:28:11,13,2,3852.5,1913
2022-12-23 11:28:12,95,-17,3852.25,1896
2022-12-23 11:28:13,111,-50,3851.5,1846
2022-12-23 11:28:14,57,-12,3851.25,1834
2022-12-23 11:28:15,13,9,3851.5,1843
2022-12-23 11:28:16,15,-7,3851.5,1836
2022-12-23 11:28:17,32,-6,3851.25,1830
2022-12-23 11:28:18,51,-7,3851.5,1823
2022-12-23 11:28:19,9,-1,3851.25,1822
2022-12-23 11:28:20,30,6,3851.25,1828
2022-12-23 11:28:21,32,6,3851.5,1834
2022-12-23 11:28:22,104,28,3852.25,1862
2022-12-23 11:28:23,15,-4,3852.25,1858
2022-12-23 11:28:24,61,-61,3851.75,1797
2022-12-23 11:28:25,47,16,3851.25,1813
2022-12-23 11:28:26,19,5,3851.75,1818
2022-12-23 11:28:27,16,-8,3851.5,1810
2022-12-23 11:28:28,15,1,3851.5,1811
2022-12-23 11:28:29,23,2,3851.75,1813
2022-12-23 11:28:30,18,11,3852.0,1824
2022-12-23 11:28:32,37,-13,3851.75,1811
2022-12-23 11:28:33,18,4,3851.5,1815
2022-12-23 11:28:34,47,9,3852.0,1824
2022-12-23 11:28:35,73,39,3852.5,1863
2022-12-23 11:28:36,45,-17,3852.25,1846
2022-12-23 11:28:37,23,1,3852.0,1847
2022-12-23 11:28:38,85,-17,3851.75,1830
2022-12-23 11:28:39,34,-1,3851.5,1829
2022-12-23 11:28:40,9,-1,3851.5,1828
2022-12-23 11:28:41,21,-4,3851.5,1824
2022-12-23 11:28:42,23,13,3851.75,1837
2022-12-23 11:28:43,24,-11,3852.0,1826
2022-12-23 11:28:44,20,9,3852.0,1835
2022-12-23 11:28:45,11,-1,3852.25,1834
2022-12-23 11:28:46,104,-31,3852.0,1803
2022-12-23 11:28:47,4,-2,3851.75,1801
2022-12-23 11:28:48,19,-3,3851.75,1798
2022-12-23 11:28:49,14,1,3851.75,1799
2022-12-23 11:28:50,1,-1,3851.5,1798
2022-12-23 11:28:51,38,-16,3851.5,1782
2022-12-23 11:28:52,38,-6,3851.5,1776
2022-12-23 11:28:53,37,-3,3851.25,1773
2022-12-23 11:28:54,1,1,3851.0,1774
2022-12-23 11:28:55,10,-5,3850.75,1769
2022-12-23 11:28:56,24,-1,3851.0,1768
2022-12-23 11:28:57,1,-1,3850.75,1767
2022-12-23 11:28:58,19,9,3851.0,1776
2022-12-23 11:28:59,4,0,3851.0,1776
2022-12-23 11:29:00,28,-3,3851.25,1773
2022-12-23 11:29:01,52,16,3851.25,1789
2022-12-23 11:29:02,20,-10,3851.25,1779
2022-12-23 11:29:03,35,-14,3851.0,1765
2022-12-23 11:29:04,18,-1,3851.25,1764
2022-12-23 11:29:05,38,-4,3851.25,1760
2022-12-23 11:29:06,11,-2,3851.0,1758
2022-12-23 11:29:07,46,22,3851.75,1780
2022-12-23 11:29:08,20,-3,3851.75,1777
2022-12-23 11:29:09,18,-5,3851.75,1772
2022-12-23 11:29:10,12,7,3851.75,1779
2022-12-23 11:29:11,16,-10,3852.0,1769
2022-12-23 11:29:12,29,-5,3851.5,1764
2022-12-23 11:29:13,7,-3,3851.5,1761
2022-12-23 11:29:14,15,-9,3851.25,1752
2022-12-23 11:29:15,18,-10,3851.0,1742
2022-12-23 11:29:16,54,-10,3850.75,1732
2022-12-23 11:29:17,30,2,3850.5,1734
2022-12-23 11:29:18,1,-1,3850.5,1733
2022-12-23 11:29:19,70,-11,3850.5,1722
2022-12-23 11:29:20,102,-48,3850.25,1674
2022-12-23 11:29:21,24,-10,3850.0,1664
2022-12-23 11:29:22,43,-3,3850.25,1661
2022-12-23 11:29:23,45,-15,3850.0,1646
2022-12-23 11:29:24,32,11,3850.0,1657
2022-12-23 11:29:25,36,2,3849.75,1659
2022-12-23 11:29:26,11,4,3850.0,1663
2022-12-23 11:29:27,104,-44,3849.75,1619
2022-12-23 11:29:28,61,2,3849.5,1621
2022-12-23 11:29:29,85,-36,3849.0,1585
2022-12-23 11:29:30,24,-9,3849.25,1576
2022-12-23 11:29:31,146,26,3849.75,1602
2022-12-23 11:29:32,54,19,3850.0,1621
2022-12-23 11:29:33,24,-10,3850.0,1611
2022-12-23 11:29:34,11,10,3850.0,1621
2022-12-23 11:29:35,67,7,3850.25,1628
2022-12-23 11:29:36,27,-6,3850.25,1622
2022-12-23 11:29:37,22,6,3850.25,1628
2022-12-23 11:29:38,27,5,3850.5,1633
2022-12-23 11:29:40,27,4,3850.5,1637
2022-12-23 11:29:41,32,16,3850.75,1653
2022-12-23 11:29:42,80,-4,3850.75,1649
2022-12-23 11:29:43,11,-6,3851.0,1643
2022-12-23 11:29:44,44,15,3851.0,1658
2022-12-23 11:29:45,14,3,3851.25,1661
2022-12-23 11:29:46,36,-29,3851.25,1632
2022-12-23 11:29:47,12,-9,3850.5,1623
2022-12-23 11:29:48,2,0,3850.5,1623
2022-12-23 11:29:49,48,5,3850.25,1628
2022-12-23 11:29:50,60,8,3850.0,1636
2022-12-23 11:29:52,13,-5,3850.0,1631
2022-12-23 11:29:53,162,-41,3850.0,1590
2022-12-23 11:29:54,37,4,3850.25,1594
2022-12-23 11:29:55,29,-12,3850.25,1582
2022-12-23 11:29:57,26,6,3850.5,1588
2022-12-23 11:29:58,55,12,3850.75,1600
2022-12-23 11:29:59,49,5,3850.75,1605
2022-12-23 11:30:00,186,70,3851.5,1675
2022-12-23 11:30:01,72,16,3851.75,1691
2022-12-23 11:30:02,30,-7,3851.5,1684
2022-12-23 11:30:03,76,-18,3851.0,1666
2022-12-23 11:30:04,46,8,3851.5,1674
2022-12-23 11:30:05,111,31,3852.0,1705
2022-12-23 11:30:06,69,32,3852.25,1737
2022-12-23 11:30:07,45,-8,3852.5,1729
2022-12-23 11:30:08,26,-1,3851.75,1728
2022-12-23 11:30:09,62,-4,3851.5,1724
2022-12-23 11:30:10,52,-5,3851.5,1719
2022-12-23 11:30:11,49,-27,3851.25,1692
2022-12-23 11:30:12,38,-13,3850.75,1679
2022-12-23 11:30:13,70,23,3851.5,1702
2022-12-23 11:30:14,47,8,3851.5,1710
2022-12-23 11:30:15,45,-7,3851.5,1703
2022-12-23 11:30:16,30,-2,3851.5,1701
2022-12-23 11:30:17,35,-9,3851.75,1692
2022-12-23 11:30:18,59,26,3851.5,1718
2022-12-23 11:30:19,20,2,3851.5,1720
2022-12-23 11:30:20,24,-9,3851.5,1711
2022-12-23 11:30:21,76,-30,3851.25,1681
2022-12-23 11:30:22,30,10,3851.0,1691
2022-12-23 11:30:23,6,0,3850.75,1691
2022-12-23 11:30:24,41,5,3851.0,1696
2022-12-23 11:30:25,75,50,3851.25,1746
2022-12-23 11:30:26,20,-12,3851.25,1734
2022-12-23 11:30:28,40,-27,3851.0,1707
2022-12-23 11:30:30,1,1,3851.0,1708
2022-12-23 11:30:31,22,11,3851.0,1719
2022-12-23 11:30:32,117,30,3851.5,1749
2022-12-23 11:30:33,23,-14,3851.25,1735
2022-12-23 11:30:34,103,-34,3850.75,1701
2022-12-23 11:30:35,130,12,3851.0,1713
2022-12-23 11:30:36,61,-11,3850.5,1702
2022-12-23 11:30:37,7,-5,3850.5,1697
2022-12-23 11:30:38,23,-10,3850.5,1687
2022-12-23 11:30:39,29,1,3850.75,1688
2022-12-23 11:30:40,33,14,3851.0,1702
2022-12-23 11:30:41,36,5,3851.5,1707
2022-12-23 11:30:42,37,0,3851.5,1707
2022-12-23 11:30:43,3,-1,3851.25,1706
2022-12-23 11:30:44,33,21,3852.0,1727
2022-12-23 11:30:45,44,-6,3851.75,1721
2022-12-23 11:30:46,21,-9,3851.75,1712
2022-12-23 11:30:47,32,8,3851.5,1720
2022-12-23 11:30:48,110,14,3852.25,1734
2022-12-23 11:30:49,120,-4,3852.25,1730
2022-12-23 11:30:50,4,4,3851.5,1734
2022-12-23 11:30:51,84,7,3851.5,1741
2022-12-23 11:30:52,58,-2,3851.5,1739
2022-12-23 11:30:53,2,0,3851.25,1739
2022-12-23 11:30:54,29,6,3851.25,1745
2022-12-23 11:30:55,68,-14,3851.0,1731
2022-12-23 11:30:56,28,5,3850.75,1736
2022-12-23 11:30:57,5,1,3851.0,1737
2022-12-23 11:30:58,44,7,3851.0,1744
2022-12-23 11:30:59,3,1,3851.0,1745
2022-12-23 11:31:00,106,-6,3851.0,1739
2022-12-23 11:31:01,58,5,3851.0,1744
2022-12-23 11:31:02,42,-1,3850.75,1743
2022-12-23 11:31:03,20,-8,3851.0,1735
2022-12-23 11:31:04,66,-24,3850.5,1711
2022-12-23 11:31:05,61,28,3850.5,1739
2022-12-23 11:31:06,50,13,3851.0,1752
2022-12-23 11:31:07,62,-4,3851.0,1748
2022-12-23 11:31:08,4,-4,3851.0,1744
2022-12-23 11:31:09,16,-2,3851.0,1742
2022-12-23 11:31:10,38,8,3851.0,1750
2022-12-23 11:31:11,14,2,3851.0,1752
2022-12-23 11:31:12,78,-18,3850.5,1734
2022-12-23 11:31:13,5,2,3850.5,1736
2022-12-23 11:31:14,209,21,3850.75,1757
2022-12-23 11:31:15,39,-14,3851.0,1743
2022-12-23 11:31:16,74,-15,3850.5,1728
2022-12-23 11:31:17,71,36,3850.75,1764
2022-12-23 11:31:18,47,-14,3850.5,1750
2022-12-23 11:31:19,54,-12,3850.0,1738
2022-12-23 11:31:20,15,5,3850.0,1743
2022-12-23 11:31:21,45,-10,3849.75,1733
2022-12-23 11:31:22,34,-7,3850.0,1726
2022-12-23 11:31:23,4,-4,3849.75,1722
2022-12-23 11:31:24,28,10,3850.0,1732
2022-12-23 11:31:25,7,-1,3849.75,1731
2022-12-23 11:31:26,37,-6,3849.75,1725
2022-12-23 11:31:27,32,-7,3849.75,1718
2022-12-23 11:31:28,81,29,3850.0,1747
2022-12-23 11:31:29,23,9,3850.5,1756
2022-12-23 11:31:30,26,-2,3850.75,1754
2022-12-23 11:31:31,8,-2,3850.25,1752
2022-12-23 11:31:32,26,-5,3850.25,1747
2022-12-23 11:31:33,8,4,3850.0,1751
2022-12-23 11:31:34,25,9,3850.0,1760
2022-12-23 11:31:35,15,-3,3850.0,1757
2022-12-23 11:31:36,2,-2,3850.0,1755
2022-12-23 11:31:37,27,2,3850.25,1757
2022-12-23 11:31:38,11,-7,3850.25,1750
2022-12-23 11:31:39,67,-5,3850.5,1745
2022-12-23 11:31:40,21,23,3851.0,1768
2022-12-23 11:31:41,98,16,3851.0,1784
2022-12-23 11:31:42,34,10,3851.25,1794
2022-12-23 11:31:43,20,-2,3851.5,1792
2022-12-23 11:31:44,61,8,3851.5,1800
2022-12-23 11:31:45,60,7,3851.75,1807
2022-12-23 11:31:46,9,-8,3851.25,1799
2022-12-23 11:31:47,13,-5,3851.0,1794
2022-12-23 11:31:48,7,-1,3851.25,1793
2022-12-23 11:31:49,19,-10,3850.75,1783
2022-12-23 11:31:50,7,-5,3850.75,1778
2022-12-23 11:31:51,30,3,3850.75,1781
2022-12-23 11:31:52,57,-16,3850.25,1765
2022-12-23 11:31:53,18,12,3850.5,1777
2022-12-23 11:31:54,6,-6,3850.5,1771
2022-12-23 11:31:55,22,10,3850.75,1781
2022-12-23 11:31:56,30,-4,3850.75,1777
2022-12-23 11:31:57,42,-1,3850.75,1776
2022-12-23 11:31:58,54,3,3850.25,1779
2022-12-23 11:31:59,26,5,3850.5,1784
2022-12-23 11:32:00,48,17,3850.75,1801
2022-12-23 11:32:01,15,7,3850.75,1808
2022-12-23 11:32:02,25,-7,3850.75,1801
2022-12-23 11:32:03,91,46,3851.5,1847
2022-12-23 11:32:04,200,24,3852.5,1871
2022-12-23 11:32:05,61,1,3852.5,1872
2022-12-23 11:32:06,37,10,3852.5,1882
2022-12-23 11:32:07,40,8,3852.5,1890
2022-12-23 11:32:08,35,-3,3852.5,1887
2022-12-23 11:32:09,47,10,3852.25,1897
2022-12-23 11:32:10,19,-9,3852.0,1888
2022-12-23 11:32:11,29,6,3851.75,1894
2022-12-23 11:32:12,10,1,3851.5,1895
2022-12-23 11:32:13,54,9,3851.75,1904
2022-12-23 11:32:14,5,2,3851.75,1906
2022-12-23 11:32:15,69,-15,3851.5,1891
2022-12-23 11:32:16,36,14,3851.5,1905
2022-12-23 11:32:17,35,2,3851.5,1907
2022-12-23 11:32:18,66,20,3852.25,1927
2022-12-23 11:32:19,149,31,3852.75,1958
2022-12-23 11:32:20,58,-9,3852.5,1949
2022-12-23 11:32:21,48,0,3852.25,1949
2022-12-23 11:32:22,19,3,3852.0,1952
2022-12-23 11:32:23,47,1,3852.0,1953
2022-12-23 11:32:24,5,-1,3851.75,1952
2022-12-23 11:32:25,28,-3,3852.0,1949
2022-12-23 11:32:26,1,-1,3851.5,1948
2022-12-23 11:32:27,10,-8,3851.5,1940
2022-12-23 11:32:28,62,-4,3851.5,1936
2022-12-23 11:32:29,2,-1,3851.25,1935
2022-12-23 11:32:30,23,4,3851.5,1939
2022-12-23 11:32:31,44,20,3852.0,1959
2022-12-23 11:32:32,17,-1,3852.25,1958
2022-12-23 11:32:33,24,-1,3852.25,1957
2022-12-23 11:32:34,20,-4,3852.25,1953
2022-12-23 11:32:35,38,-3,3852.25,1950
2022-12-23 11:32:36,31,-3,3851.75,1947
2022-12-23 11:32:37,20,2,3852.25,1949
2022-12-23 11:32:38,20,-2,3852.0,1947
2022-12-23 11:32:39,31,-8,3851.75,1939
2022-12-23 11:32:40,11,5,3851.75,1944
2022-12-23 11:32:41,47,0,3852.0,1944
2022-12-23 11:32:42,48,-7,3851.75,1937
2022-12-23 11:32:43,29,4,3851.5,1941
2022-12-23 11:32:44,31,-2,3851.5,1939
2022-12-23 11:32:45,26,-3,3852.0,1936
2022-12-23 11:32:46,22,4,3852.25,1940
2022-12-23 11:32:47,2,2,3852.0,1942
2022-12-23 11:32:48,9,1,3852.0,1943
2022-12-23 11:32:49,31,1,3851.75,1944
2022-12-23 11:32:50,6,-2,3851.75,1942
2022-12-23 11:32:51,7,7,3852.0,1949
2022-12-23 11:32:52,13,-9,3852.0,1940
2022-12-23 11:32:53,11,5,3851.75,1945
2022-12-23 11:32:54,12,-3,3851.75,1942
2022-12-23 11:32:55,37,0,3852.0,1942
2022-12-23 11:32:56,14,1,3852.25,1943
2022-12-23 11:32:57,16,4,3852.25,1947
2022-12-23 11:32:58,99,46,3852.75,1993
2022-12-23 11:32:59,14,-1,3852.75,1992
2022-12-23 11:33:00,6,4,3852.75,1996
2022-12-23 11:33:01,73,0,3852.75,1996
2022-12-23 11:33:02,41,11,3853.0,2007
2022-12-23 11:33:03,35,4,3853.0,2011
2022-12-23 11:33:04,10,3,3853.0,2014
2022-12-23 11:33:05,131,78,3853.5,2092
2022-12-23 11:33:06,47,11,3853.75,2103
2022-12-23 11:33:07,111,60,3854.25,2163
2022-12-23 11:33:08,45,3,3854.25,2166
2022-12-23 11:33:09,36,5,3854.25,2171
2022-12-23 11:33:10,24,11,3854.25,2182
2022-12-23 11:33:11,57,7,3854.0,2189
2022-12-23 11:33:12,11,2,3853.75,2191
2022-12-23 11:33:13,45,-14,3853.75,2177
2022-12-23 11:33:14,16,4,3853.75,2181
2022-12-23 11:33:15,11,1,3853.5,2182
2022-12-23 11:33:16,11,5,3853.75,2187
2022-12-23 11:33:17,14,6,3853.75,2193
2022-12-23 11:33:18,10,-4,3854.0,2189
2022-12-23 11:33:19,93,-35,3853.75,2154
2022-12-23 11:33:20,11,-2,3853.25,2152
2022-12-23 11:33:21,31,3,3853.0,2155
2022-12-23 11:33:22,69,20,3853.25,2175
2022-12-23 11:33:23,29,9,3853.25,2184
2022-12-23 11:33:24,18,-7,3853.5,2177
2022-12-23 11:33:25,26,3,3853.5,2180
2022-12-23 11:33:26,20,2,3853.5,2182
2022-12-23 11:33:27,34,-5,3853.5,2177
2022-12-23 11:33:28,3,3,3853.75,2180
2022-12-23 11:33:29,10,-2,3853.75,2178
2022-12-23 11:33:30,76,-38,3853.5,2140
2022-12-23 11:33:31,79,17,3853.5,2157
2022-12-23 11:33:32,98,39,3853.75,2196
2022-12-23 11:33:33,8,-6,3853.5,2190
2022-12-23 11:33:34,179,-48,3853.5,2142
2022-12-23 11:33:35,111,5,3853.5,2147
2022-12-23 11:33:36,29,-11,3853.5,2136
2022-12-23 11:33:37,7,2,3853.5,2138
2022-12-23 11:33:38,10,-7,3853.5,2131
2022-12-23 11:33:39,28,-8,3853.5,2123
2022-12-23 11:33:40,20,-10,3853.25,2113
2022-12-23 11:33:41,30,7,3854.0,2120
2022-12-23 11:33:42,16,-11,3853.75,2109
2022-12-23 11:33:43,6,-5,3853.75,2104
2022-12-23 11:33:44,32,8,3854.0,2112
2022-12-23 11:33:45,72,8,3854.25,2120
2022-12-23 11:33:46,17,0,3854.0,2120
2022-12-23 11:33:47,13,10,3854.25,2130
2022-12-23 11:33:48,27,-2,3854.25,2128
2022-12-23 11:33:49,7,-3,3854.25,2125
2022-12-23 11:33:50,22,7,3854.5,2132
2022-12-23 11:33:51,59,8,3854.5,2140
2022-12-23 11:33:52,22,4,3854.5,2144
2022-12-23 11:33:53,68,-28,3854.5,2116
2022-12-23 11:33:54,26,0,3854.25,2116
2022-12-23 11:33:55,20,3,3854.25,2119
2022-12-23 11:33:56,56,-24,3854.0,2095
2022-12-23 11:33:57,18,4,3853.75,2099
2022-12-23 11:33:58,109,10,3853.75,2109
2022-12-23 11:33:59,39,-5,3853.75,2104
2022-12-23 11:34:00,25,7,3853.75,2111
2022-12-23 11:34:01,26,-13,3853.75,2098
2022-12-23 11:34:02,7,-7,3853.75,2091
2022-12-23 11:34:03,30,5,3853.75,2096
2022-12-23 11:34:04,65,-21,3853.75,2075
2022-12-23 11:34:05,5,-3,3853.5,2072
2022-12-23 11:34:06,32,-21,3853.0,2051
2022-12-23 11:34:07,28,9,3853.0,2060
2022-12-23 11:34:08,10,0,3853.0,2060
2022-12-23 11:34:09,19,-6,3853.0,2054
2022-12-23 11:34:10,37,-2,3852.75,2052
2022-12-23 11:34:11,32,-3,3852.5,2049
2022-12-23 11:34:12,35,6,3853.0,2055
2022-12-23 11:34:13,20,0,3853.0,2055
2022-12-23 11:34:14,14,-6,3853.0,2049
2022-12-23 11:34:15,34,-5,3852.5,2044
2022-12-23 11:34:16,33,8,3852.75,2052
2022-12-23 11:34:17,25,-13,3852.75,2039
2022-12-23 11:34:18,10,5,3852.5,2044
2022-12-23 11:34:20,45,-6,3852.5,2038
2022-12-23 11:34:21,22,-1,3852.25,2037
2022-12-23 11:34:22,7,1,3852.5,2038
2022-12-23 11:34:23,18,-3,3852.5,2035
2022-12-23 11:34:24,7,-3,3852.25,2032
2022-12-23 11:34:25,29,-1,3852.25,2031
2022-12-23 11:34:26,8,7,3852.5,2038
2022-12-23 11:34:27,3,2,3852.75,2040
2022-12-23 11:34:28,37,7,3852.75,2047
2022-12-23 11:34:30,12,9,3852.75,2056
2022-12-23 11:34:31,38,-5,3853.0,2051
2022-12-23 11:34:32,33,8,3852.75,2059
2022-12-23 11:34:33,20,-7,3852.75,2052
2022-12-23 11:34:34,10,-2,3852.75,2050
2022-12-23 11:34:35,6,2,3852.75,2052
2022-12-23 11:34:36,10,1,3852.75,2053
2022-12-23 11:34:37,69,46,3853.0,2099
2022-12-23 11:34:38,42,-19,3852.5,2080
2022-12-23 11:34:39,4,-4,3852.25,2076
2022-12-23 11:34:40,110,-25,3852.0,2051
2022-12-23 11:34:41,47,16,3852.0,2067
2022-12-23 11:34:42,109,-58,3852.0,2009
2022-12-23 11:34:43,5,3,3852.0,2012
2022-12-23 11:34:44,18,13,3852.0,2025
2022-12-23 11:34:45,22,6,3851.75,2031
2022-12-23 11:34:46,20,-4,3851.5,2027
2022-12-23 11:34:47,71,-4,3851.25,2023
2022-12-23 11:34:48,29,-1,3851.25,2022
2022-12-23 11:34:49,19,2,3851.25,2024
2022-12-23 11:34:50,12,-11,3851.0,2013
2022-12-23 11:34:51,48,3,3851.25,2016
2022-12-23 11:34:52,30,-1,3851.0,2015
2022-12-23 11:34:53,32,3,3851.25,2018
2022-12-23 11:34:54,17,-2,3851.0,2016
2022-12-23 11:34:55,33,-5,3851.0,2011
2022-12-23 11:34:56,52,-17,3850.5,1994
2022-12-23 11:34:57,91,-43,3850.25,1951
2022-12-23 11:34:58,101,-1,3850.25,1950
2022-12-23 11:34:59,42,-3,3850.25,1947
2022-12-23 11:35:00,84,6,3850.5,1953
2022-12-23 11:35:01,55,-1,3850.75,1952
2022-12-23 11:35:02,14,0,3851.0,1952
2022-12-23 11:35:03,2,2,3851.0,1954
2022-12-23 11:35:04,29,13,3851.25,1967
2022-12-23 11:35:05,36,15,3851.5,1982
2022-12-23 11:35:06,92,21,3852.0,2003
2022-12-23 11:35:07,53,16,3852.5,2019
2022-12-23 11:35:08,49,-13,3852.25,2006
2022-12-23 11:35:09,29,17,3852.0,2023
2022-12-23 11:35:10,52,-10,3852.0,2013
2022-12-23 11:35:11,5,-3,3852.0,2010
2022-12-23 11:35:12,23,-6,3852.0,2004
2022-12-23 11:35:13,4,0,3851.75,2004
2022-12-23 11:35:14,5,1,3851.75,2005
2022-12-23 11:35:15,17,2,3852.0,2007
2022-12-23 11:35:16,37,0,3852.0,2007
2022-12-23 11:35:17,18,7,3852.0,2014
2022-12-23 11:35:18,30,4,3852.25,2018
2022-12-23 11:35:19,15,0,3852.25,2018
2022-12-23 11:35:20,9,-8,3852.25,2010
2022-12-23 11:35:21,25,-5,3851.75,2005
2022-12-23 11:35:22,7,3,3851.75,2008
2022-12-23 11:35:23,12,0,3851.5,2008
2022-12-23 11:35:24,8,5,3851.75,2013
2022-12-23 11:35:25,6,1,3852.0,2014
2022-12-23 11:35:26,15,-3,3851.75,2011
2022-12-23 11:35:27,15,-1,3851.75,2010
2022-12-23 11:35:28,47,17,3852.25,2027
2022-12-23 11:35:29,41,9,3852.5,2036
2022-12-23 11:35:30,7,6,3852.75,2042
2022-12-23 11:35:31,53,14,3853.0,2056
2022-12-23 11:35:32,56,-10,3852.75,2046
2022-12-23 11:35:33,18,7,3852.75,2053
2022-12-23 11:35:34,22,-6,3852.75,2047
2022-12-23 11:35:35,1,-1,3852.75,2046
2022-12-23 11:35:36,2,-2,3852.75,2044
2022-12-23 11:35:37,30,13,3853.0,2057
2022-12-23 11:35:38,21,-2,3853.0,2055
2022-12-23 11:35:39,33,-5,3853.25,2050
2022-12-23 11:35:40,25,10,3853.0,2060
2022-12-23 11:35:41,26,-6,3853.0,2054
2022-12-23 11:35:42,14,-8,3852.75,2046
2022-12-23 11:35:43,20,5,3852.75,2051
2022-12-23 11:35:44,12,-1,3852.75,2050
2022-12-23 11:35:45,12,-2,3852.75,2048
2022-12-23 11:35:46,7,-7,3852.75,2041
2022-12-23 11:35:47,7,0,3852.75,2041
2022-12-23 11:35:48,22,-7,3853.0,2034
2022-12-23 11:35:49,6,6,3853.0,2040
2022-12-23 11:35:50,103,-7,3853.0,2033
2022-12-23 11:35:51,17,-7,3852.75,2026
2022-12-23 11:35:52,11,-3,3852.75,2023
2022-12-23 11:35:53,5,1,3852.75,2024
2022-12-23 11:35:54,7,-3,3852.75,2021
2022-12-23 11:35:55,18,3,3852.75,2024
2022-12-23 11:35:56,6,0,3853.0,2024
2022-12-23 11:35:57,63,6,3853.5,2030
2022-12-23 11:35:58,36,4,3853.75,2034
2022-12-23 11:35:59,1,1,3853.75,2035
2022-12-23 11:36:00,25,4,3853.75,2039
2022-12-23 11:36:01,17,-6,3853.75,2033
2022-12-23 11:36:02,1,1,3853.75,2034
2022-12-23 11:36:03,59,19,3854.0,2053
2022-12-23 11:36:04,149,41,3854.75,2094
2022-12-23 11:36:05,158,45,3855.0,2139
2022-12-23 11:36:06,41,-3,3855.0,2136
2022-12-23 11:36:07,9,8,3855.0,2144
2022-12-23 11:36:08,79,3,3855.25,2147
2022-12-23 11:36:09,23,-10,3855.0,2137
2022-12-23 11:36:10,18,-6,3854.5,2131
2022-12-23 11:36:11,47,13,3854.5,2144
2022-12-23 11:36:12,3,-1,3854.75,2143
2022-12-23 11:36:13,45,16,3855.5,2159
2022-12-23 11:36:14,69,-13,3855.5,2146
2022-12-23 11:36:15,80,12,3855.25,2158
2022-12-23 11:36:16,17,2,3855.0,2160
2022-12-23 11:36:17,25,-1,3855.25,2159
2022-12-23 11:36:18,49,-10,3855.5,2149
2022-12-23 11:36:19,14,-4,3855.5,2145
2022-12-23 11:36:20,34,20,3855.5,2165
2022-12-23 11:36:21,89,11,3856.0,2176
2022-12-23 11:36:22,40,-6,3856.0,2170
2022-12-23 11:36:23,20,-10,3855.5,2160
2022-12-23 11:36:24,34,16,3855.75,2176
2022-12-23 11:36:25,27,-5,3855.5,2171
2022-12-23 11:36:26,59,-14,3855.0,2157
2022-12-23 11:36:27,16,9,3855.0,2166
2022-12-23 11:36:28,18,-6,3855.25,2160
2022-12-23 11:36:29,5,-1,3855.0,2159
2022-12-23 11:36:30,49,-7,3854.75,2152
2022-12-23 11:36:31,52,-9,3854.5,2143
2022-12-23 11:36:32,10,9,3854.75,2152
2022-12-23 11:36:33,21,-10,3854.75,2142
2022-12-23 11:36:34,7,-2,3854.5,2140
2022-12-23 11:36:35,13,9,3854.5,2149
2022-12-23 11:36:36,28,-5,3854.25,2144
2022-12-23 11:36:37,13,1,3854.25,2145
2022-12-23 11:36:38,22,7,3854.25,2152
2022-12-23 11:36:39,40,-6,3854.25,2146
2022-12-23 11:36:40,6,-4,3854.0,2142
2022-12-23 11:36:41,37,1,3854.0,2143
2022-12-23 11:36:42,17,-7,3854.25,2136
2022-12-23 11:36:43,77,9,3854.75,2145
2022-12-23 11:36:44,2,2,3854.5,2147
2022-12-23 11:36:45,10,-5,3854.5,2142
2022-12-23 11:36:47,8,-4,3854.5,2138
2022-12-23 11:36:48,5,3,3854.5,2141
2022-12-23 11:36:50,9,8,3854.75,2149
2022-12-23 11:36:51,33,24,3855.0,2173
2022-12-23 11:36:52,3,1,3855.0,2174
2022-12-23 11:36:53,19,1,3855.0,2175
2022-12-23 11:36:54,29,-18,3854.75,2157
2022-12-23 11:36:55,12,0,3854.5,2157
2022-12-23 11:36:56,11,-1,3854.5,2156
2022-12-23 11:36:57,27,6,3854.5,2162
2022-12-23 11:36:58,70,37,3855.0,2199
2022-12-23 11:36:59,26,11,3855.5,2210
2022-12-23 11:37:00,49,2,3855.25,2212
2022-12-23 11:37:01,36,-20,3855.0,2192
2022-12-23 11:37:02,29,-1,3854.75,2191
2022-12-23 11:37:03,11,7,3854.75,2198
2022-12-23 11:37:04,24,4,3855.0,2202
2022-12-23 11:37:05,14,5,3855.25,2207
2022-12-23 11:37:06,7,-4,3855.25,2203
2022-12-23 11:37:07,66,-15,3855.0,2188
2022-12-23 11:37:08,2,-2,3854.75,2186
2022-12-23 11:37:09,44,-14,3854.5,2172
2022-12-23 11:37:10,18,-3,3854.5,2169
2022-12-23 11:37:11,7,7,3854.75,2176
2022-12-23 11:37:12,19,8,3854.75,2184
2022-12-23 11:37:13,8,1,3855.0,2185
2022-12-23 11:37:14,8,0,3855.0,2185
2022-12-23 11:37:15,14,-2,3855.0,2183
2022-12-23 11:37:16,7,5,3854.75,2188
2022-12-23 11:37:17,1,-1,3854.75,2187
2022-12-23 11:37:18,11,-6,3854.75,2181
2022-12-23 11:37:19,20,15,3854.75,2196
2022-12-23 11:37:20,29,3,3855.0,2199
2022-12-23 11:37:21,3,-1,3855.0,2198
2022-12-23 11:37:22,5,-5,3854.75,2193
2022-12-23 11:37:23,23,15,3855.25,2208
2022-12-23 11:37:24,26,-19,3855.0,2189
2022-12-23 11:37:25,3,1,3855.25,2190
2022-12-23 11:37:27,11,10,3855.25,2200
2022-12-23 11:37:28,68,12,3855.5,2212
2022-12-23 11:37:29,26,-2,3855.25,2210
2022-12-23 11:37:31,3,2,3855.5,2212
2022-12-23 11:37:32,38,2,3855.75,2214
2022-12-23 11:37:33,32,-9,3855.25,2205
2022-12-23 11:37:34,3,1,3855.5,2206
2022-12-23 11:37:35,53,-13,3855.5,2193
2022-12-23 11:37:36,8,7,3855.25,2200
2022-12-23 11:37:37,12,0,3855.5,2200
2022-12-23 11:37:38,8,-4,3855.5,2196
2022-12-23 11:37:39,1,-1,3855.25,2195
2022-12-23 11:37:40,15,-3,3855.25,2192
2022-12-23 11:37:41,8,-3,3855.25,2189
2022-12-23 11:37:42,8,4,3855.25,2193
2022-12-23 11:37:43,329,70,3855.25,2263
2022-12-23 11:37:44,28,1,3855.25,2264
2022-12-23 11:37:45,1,-1,3855.0,2263
2022-12-23 11:37:47,260,-38,3855.25,2225
2022-12-23 11:37:48,1,-1,3855.0,2224
2022-12-23 11:37:49,28,5,3855.0,2229
2022-12-23 11:37:50,72,-11,3855.0,2218
2022-12-23 11:37:51,18,1,3855.0,2219
2022-12-23 11:37:52,5,-4,3854.75,2215
2022-12-23 11:37:53,3,1,3855.0,2216
2022-12-23 11:37:54,25,-13,3854.75,2203
2022-12-23 11:37:55,10,9,3854.75,2212
2022-12-23 11:37:56,16,10,3854.75,2222
2022-12-23 11:37:57,9,-7,3854.5,2215
2022-12-23 11:37:58,25,9,3854.75,2224
2022-12-23 11:37:59,77,-30,3854.75,2194
2022-12-23 11:38:00,14,-10,3854.5,2184
2022-12-23 11:38:01,4,0,3854.5,2184
2022-12-23 11:38:02,34,9,3854.5,2193
2022-12-23 11:38:03,72,44,3855.25,2237
2022-12-23 11:38:04,320,-112,3855.25,2125
2022-12-23 11:38:06,8,6,3854.75,2131
2022-12-23 11:38:07,26,6,3855.0,2137
2022-12-23 11:38:08,82,65,3855.25,2202
2022-12-23 11:38:09,3,-3,3855.25,2199
2022-12-23 11:38:10,47,7,3855.5,2206
2022-12-23 11:38:11,16,-8,3855.75,2198
2022-12-23 11:38:12,5,1,3855.75,2199
2022-12-23 11:38:13,6,1,3855.75,2200
2022-12-23 11:38:14,36,-12,3855.5,2188
2022-12-23 11:38:15,5,3,3855.25,2191
2022-12-23 11:38:16,52,32,3855.75,2223
2022-12-23 11:38:17,18,14,3856.0,2237
2022-12-23 11:38:18,334,129,3856.75,2366
2022-12-23 11:38:19,52,2,3856.25,2368
2022-12-23 11:38:20,22,12,3856.5,2380
2022-12-23 11:38:21,16,0,3856.75,2380
2022-12-23 11:38:22,186,136,3857.5,2516
2022-12-23 11:38:23,167,-1,3857.25,2515
2022-12-23 11:38:24,19,12,3857.25,2527
2022-12-23 11:38:25,25,-3,3857.0,2524
2022-12-23 11:38:26,65,-30,3857.0,2494
2022-12-23 11:38:27,45,20,3857.0,2514
2022-12-23 11:38:28,34,-8,3857.0,2506
2022-12-23 11:38:29,21,1,3856.75,2507
2022-12-23 11:38:30,41,1,3856.75,2508
2022-12-23 11:38:31,31,7,3856.75,2515
2022-12-23 11:38:32,50,2,3856.75,2517
2022-12-23 11:38:33,42,19,3857.25,2536
2022-12-23 11:38:34,23,-10,3857.25,2526
2022-12-23 11:38:35,34,10,3857.25,2536
2022-12-23 11:38:36,9,2,3857.25,2538
2022-12-23 11:38:37,42,12,3857.5,2550
2022-12-23 11:38:38,22,-4,3857.25,2546
2022-12-23 11:38:39,3,-1,3857.25,2545
2022-12-23 11:38:40,7,-2,3857.25,2543
2022-12-23 11:38:41,10,6,3857.25,2549
2022-12-23 11:38:42,52,21,3857.75,2570
2022-12-23 11:38:43,210,62,3858.25,2632
2022-12-23 11:38:44,34,4,3858.25,2636
2022-12-23 11:38:45,43,8,3858.25,2644
2022-12-23 11:38:46,65,-21,3858.0,2623
2022-12-23 11:38:47,70,-36,3857.25,2587
2022-12-23 11:38:48,71,-1,3856.75,2586
2022-12-23 11:38:49,30,-5,3856.75,2581
2022-12-23 11:38:50,23,-1,3857.0,2580
2022-12-23 11:38:51,26,8,3856.75,2588
2022-12-23 11:38:52,39,35,3857.25,2623
2022-12-23 11:38:53,8,0,3857.0,2623
2022-12-23 11:38:54,18,1,3857.25,2624
2022-12-23 11:38:55,5,-1,3857.0,2623
2022-12-23 11:38:57,45,5,3857.5,2628
2022-12-23 11:38:58,97,46,3857.75,2674
2022-12-23 11:38:59,41,-2,3858.0,2672
2022-12-23 11:39:00,9,-7,3857.75,2665
2022-12-23 11:39:01,93,-3,3857.5,2662
2022-12-23 11:39:02,27,-18,3857.25,2644
2022-12-23 11:39:03,29,5,3857.0,2649
2022-12-23 11:39:04,49,13,3857.25,2662
2022-12-23 11:39:05,43,-19,3857.25,2643
2022-12-23 11:39:06,9,7,3857.0,2650
2022-12-23 11:39:07,39,4,3857.25,2654
2022-12-23 11:39:08,14,5,3857.25,2659
2022-12-23 11:39:09,8,-2,3857.0,2657
2022-12-23 11:39:10,9,-4,3857.0,2653
2022-12-23 11:39:11,20,-12,3856.75,2641
2022-12-23 11:39:12,58,-13,3856.75,2628
2022-12-23 11:39:13,9,3,3856.75,2631
2022-12-23 11:39:14,18,0,3857.0,2631
2022-12-23 11:39:15,31,4,3857.0,2635
2022-12-23 11:39:16,66,-9,3857.25,2626
2022-12-23 11:39:17,41,3,3857.0,2629
2022-12-23 11:39:18,35,11,3857.0,2640
2022-12-23 11:39:19,26,7,3857.25,2647
2022-12-23 11:39:20,59,-11,3857.0,2636
2022-12-23 11:39:21,3,1,3857.25,2637
2022-12-23 11:39:22,93,32,3857.25,2669
2022-12-23 11:39:23,14,6,3857.5,2675
2022-12-23 11:39:24,9,7,3857.75,2682
2022-12-23 11:39:25,29,8,3857.75,2690
2022-12-23 11:39:26,21,3,3857.75,2693
2022-12-23 11:39:27,23,-12,3857.5,2681
2022-12-23 11:39:28,38,-1,3857.5,2680
2022-12-23 11:39:29,1,-1,3857.25,2679
2022-12-23 11:39:30,25,-11,3857.5,2668
2022-12-23 11:39:31,17,-9,3857.5,2659
2022-12-23 11:39:32,214,82,3858.0,2741
2022-12-23 11:39:33,59,-3,3858.25,2738
2022-12-23 11:39:34,14,6,3858.0,2744
2022-12-23 11:39:35,66,17,3858.25,2761
2022-12-23 11:39:36,62,28,3858.5,2789
2022-12-23 11:39:37,132,35,3858.75,2824
2022-12-23 11:39:38,6,2,3858.5,2826
2022-12-23 11:39:39,45,-7,3858.25,2819
2022-12-23 11:39:40,30,-1,3858.25,2818
2022-12-23 11:39:41,30,-6,3858.0,2812
2022-12-23 11:39:42,9,-5,3858.25,2807
2022-12-23 11:39:43,86,-31,3857.75,2776
2022-12-23 11:39:44,3,-1,3857.75,2775
2022-12-23 11:39:45,95,7,3857.75,2782
2022-12-23 11:39:46,38,3,3857.75,2785
2022-12-23 11:39:47,8,6,3857.75,2791
2022-12-23 11:39:48,1,1,3858.0,2792
2022-12-23 11:39:49,24,12,3858.0,2804
2022-12-23 11:39:50,18,-4,3857.75,2800
2022-12-23 11:39:51,17,8,3857.5,2808
2022-12-23 11:39:52,31,18,3857.75,2826
2022-12-23 11:39:53,16,-10,3857.5,2816
2022-12-23 11:39:54,17,0,3857.25,2816
2022-12-23 11:39:55,9,-4,3857.25,2812
2022-12-23 11:39:56,47,20,3857.25,2832
2022-12-23 11:39:57,34,-18,3857.0,2814
2022-12-23 11:39:58,33,1,3857.25,2815
2022-12-23 11:39:59,36,7,3857.75,2822
2022-12-23 11:40:00,41,1,3857.75,2823
2022-12-23 11:40:01,35,3,3857.75,2826
2022-12-23 11:40:02,97,34,3858.0,2860
2022-12-23 11:40:03,50,-12,3858.0,2848
2022-12-23 11:40:04,6,-3,3858.0,2845
2022-12-23 11:40:05,9,-1,3858.0,2844
2022-12-23 11:40:06,22,-15,3857.75,2829
2022-12-23 11:40:07,79,19,3858.0,2848
2022-12-23 11:40:08,29,-15,3858.0,2833
2022-12-23 11:40:09,30,-3,3858.0,2830
2022-12-23 11:40:10,27,-8,3857.75,2822
2022-12-23 11:40:11,64,46,3857.75,2868
2022-12-23 11:40:12,26,19,3858.25,2887
2022-12-23 11:40:13,74,29,3858.25,2916
2022-12-23 11:40:14,162,-40,3858.0,2876
2022-12-23 11:40:15,26,5,3857.75,2881
2022-12-23 11:40:16,38,20,3858.25,2901
2022-12-23 11:40:17,31,-3,3858.25,2898
2022-12-23 11:40:18,38,9,3857.75,2907
2022-12-23 11:40:19,55,-11,3857.75,2896
2022-12-23 11:40:20,1,-1,3857.5,2895
2022-12-23 11:40:21,72,28,3858.0,2923
2022-12-23 11:40:22,11,7,3857.5,2930
2022-12-23 11:40:23,37,22,3857.75,2952
2022-12-23 11:40:24,4,-4,3857.75,2948
2022-12-23 11:40:25,16,-2,3857.75,2946
2022-12-23 11:40:26,5,-1,3857.75,2945
2022-12-23 11:40:27,99,10,3858.0,2955
2022-12-23 11:40:28,4,-2,3857.5,2953
2022-12-23 11:40:29,29,11,3857.75,2964
2022-12-23 11:40:30,12,-5,3857.5,2959
2022-12-23 11:40:31,40,20,3858.0,2979
2022-12-23 11:40:32,6,2,3857.75,2981
2022-12-23 11:40:33,57,10,3858.25,2991
2022-12-23 11:40:34,20,-1,3858.5,2990
2022-12-23 11:40:35,20,9,3858.25,2999
2022-12-23 11:40:36,50,-2,3858.25,2997
2022-12-23 11:40:37,105,38,3858.75,3035
2022-12-23 11:40:38,20,0,3858.5,3035
2022-12-23 11:40:39,6,-4,3858.5,3031
2022-12-23 11:40:40,12,2,3858.25,3033
2022-12-23 11:40:41,58,-7,3858.25,3026
2022-12-23 11:40:42,2,0,3858.0,3026
2022-12-23 11:40:43,10,-7,3857.75,3019
2022-12-23 11:40:44,9,2,3857.75,3021
2022-12-23 11:40:45,2,0,3857.75,3021
2022-12-23 11:40:46,62,9,3858.0,3030
2022-12-23 11:40:47,3,-3,3858.0,3027
2022-12-23 11:40:49,8,0,3858.25,3027
2022-12-23 11:40:50,48,-6,3858.25,3021
2022-12-23 11:40:51,22,12,3858.25,3033
2022-12-23 11:40:52,20,-6,3858.0,3027
2022-12-23 11:40:54,9,7,3858.0,3034
2022-12-23 11:40:55,6,3,3858.25,3037
2022-12-23 11:40:56,5,-3,3858.25,3034
2022-12-23 11:40:57,3,1,3858.5,3035
2022-12-23 11:40:58,41,16,3858.5,3051
2022-12-23 11:40:59,6,0,3858.75,3051
2022-12-23 11:41:00,43,-9,3858.5,3042
2022-12-23 11:41:01,22,-4,3858.25,3038
2022-12-23 11:41:02,29,-6,3858.25,3032
2022-12-23 11:41:03,4,0,3858.25,3032
2022-12-23 11:41:04,13,8,3858.5,3040
2022-12-23 11:41:05,3,-1,3858.5,3039
2022-12-23 11:41:06,28,4,3858.25,3043
2022-12-23 11:41:07,1,-1,3858.0,3042
2022-12-23 11:41:08,38,5,3858.25,3047
2022-12-23 11:41:09,46,-21,3858.25,3026
2022-12-23 11:41:10,48,14,3858.5,3040
2022-12-23 11:41:11,8,-4,3858.75,3036
2022-12-23 11:41:12,4,2,3858.75,3038
2022-12-23 11:41:13,68,19,3858.75,3057
2022-12-23 11:41:14,132,26,3859.25,3083
2022-12-23 11:41:15,308,107,3859.75,3190
2022-12-23 11:41:16,70,-16,3859.5,3174
2022-12-23 11:41:17,21,0,3859.25,3174
2022-12-23 11:41:18,44,-6,3859.25,3168
2022-12-23 11:41:19,40,0,3859.25,3168
2022-12-23 11:41:20,58,-2,3859.25,3166
2022-12-23 11:41:21,68,-24,3859.0,3142
2022-12-23 11:41:22,34,-6,3858.5,3136
2022-12-23 11:41:23,23,12,3858.25,3148
2022-12-23 11:41:24,25,21,3858.5,3169
2022-12-23 11:41:25,28,5,3858.5,3174
2022-12-23 11:41:26,26,-9,3858.25,3165
2022-12-23 11:41:27,14,-4,3858.25,3161
2022-12-23 11:41:28,45,-1,3858.25,3160
2022-12-23 11:41:29,25,3,3858.25,3163
2022-12-23 11:41:30,8,0,3858.0,3163
2022-12-23 11:41:31,49,27,3858.75,3190
2022-12-23 11:41:32,113,27,3859.5,3217
2022-12-23 11:41:33,261,123,3860.25,3340
2022-12-23 11:41:34,104,19,3860.75,3359
2022-12-23 11:41:35,53,-15,3860.5,3344
2022-12-23 11:41:36,48,-9,3860.5,3335
2022-12-23 11:41:37,36,19,3860.5,3354
2022-12-23 11:41:38,129,79,3861.0,3433
2022-12-23 11:41:39,41,-12,3860.75,3421
2022-12-23 11:41:40,56,31,3861.0,3452
2022-12-23 11:41:41,8,0,3861.25,3452
2022-12-23 11:41:42,64,-6,3861.0,3446
2022-12-23 11:41:43,15,12,3861.25,3458
2022-12-23 11:41:44,69,-10,3861.25,3448
2022-12-23 11:41:45,33,3,3860.75,3451
2022-12-23 11:41:46,48,-14,3860.75,3437
2022-12-23 11:41:47,41,-7,3860.5,3430
2022-12-23 11:41:48,79,5,3860.5,3435
2022-12-23 11:41:49,66,-6,3860.25,3429
2022-12-23 11:41:50,16,-1,3860.25,3428
2022-12-23 11:41:51,10,0,3860.0,3428
2022-12-23 11:41:52,14,11,3860.25,3439
2022-12-23 11:41:53,52,-5,3860.5,3434
2022-12-23 11:41:54,27,1,3860.25,3435
2022-12-23 11:41:55,16,4,3860.5,3439
2022-12-23 11:41:56,40,-15,3860.25,3424
2022-12-23 11:41:57,22,8,3860.25,3432
2022-12-23 11:41:58,27,13,3860.25,3445
2022-12-23 11:41:59,5,3,3860.5,3448
2022-12-23 11:42:00,72,25,3860.75,3473
2022-12-23 11:42:01,58,-7,3860.75,3466
2022-12-23 11:42:02,40,-8,3860.25,3458
2022-12-23 11:42:03,25,16,3860.25,3474
2022-12-23 11:42:04,10,0,3860.25,3474
2022-12-23 11:42:05,30,-5,3860.5,3469
2022-12-23 11:42:06,19,-7,3860.25,3462
2022-12-23 11:42:07,3,-3,3860.25,3459
2022-12-23 11:42:08,22,-4,3860.25,3455
2022-12-23 11:42:09,28,-8,3860.0,3447
2022-12-23 11:42:10,18,1,3860.0,3448
2022-12-23 11:42:11,16,11,3860.25,3459
2022-12-23 11:42:12,24,7,3860.5,3466
2022-12-23 11:42:13,19,-1,3860.5,3465
2022-12-23 11:42:14,8,8,3860.5,3473
2022-12-23 11:42:15,5,-2,3860.75,3471
2022-12-23 11:42:16,24,-1,3860.5,3470
2022-12-23 11:42:17,6,2,3860.5,3472
2022-12-23 11:42:18,46,-1,3860.75,3471
2022-12-23 11:42:19,46,8,3861.0,3479
2022-12-23 11:42:20,62,49,3861.0,3528
2022-12-23 11:42:21,60,8,3861.25,3536
2022-12-23 11:42:22,1,-1,3860.75,3535
2022-12-23 11:42:23,19,8,3861.0,3543
2022-12-23 11:42:24,22,-13,3861.0,3530
2022-12-23 11:42:25,16,-2,3860.75,3528
2022-12-23 11:42:26,20,-12,3860.5,3516
2022-12-23 11:42:27,41,-1,3860.5,3515
2022-12-23 11:42:28,41,0,3861.0,3515
2022-12-23 11:42:29,9,3,3861.0,3518
2022-12-23 11:42:30,14,3,3861.0,3521
2022-12-23 11:42:31,7,3,3861.0,3524
2022-12-23 11:42:33,17,-5,3860.75,3519
2022-12-23 11:42:34,20,13,3861.0,3532
2022-12-23 11:42:35,136,36,3861.5,3568
2022-12-23 11:42:36,102,-14,3861.75,3554
2022-12-23 11:42:37,19,7,3861.25,3561
2022-12-23 11:42:38,34,-20,3861.25,3541
2022-12-23 11:42:39,24,1,3861.25,3542
2022-12-23 11:42:40,1,-1,3861.0,3541
2022-12-23 11:42:41,37,22,3861.5,3563
2022-12-23 11:42:42,16,-2,3861.25,3561
2022-12-23 11:42:43,84,17,3862.0,3578
2022-12-23 11:42:44,128,38,3862.25,3616
2022-12-23 11:42:45,40,9,3862.25,3625
2022-12-23 11:42:46,12,1,3862.25,3626
2022-12-23 11:42:47,8,4,3862.25,3630
2022-12-23 11:42:48,70,2,3862.5,3632
2022-12-23 11:42:49,34,-6,3862.5,3626
2022-12-23 11:42:50,63,2,3862.75,3628
2022-12-23 11:42:51,19,-2,3862.25,3626
2022-12-23 11:42:52,50,-19,3862.0,3607
2022-12-23 11:42:53,28,-7,3862.0,3600
2022-12-23 11:42:54,16,-10,3862.0,3590
2022-12-23 11:42:55,27,19,3862.0,3609
2022-12-23 11:42:56,26,-4,3862.25,3605
2022-12-23 11:42:57,16,0,3862.25,3605
2022-12-23 11:42:58,73,10,3862.5,3615
2022-12-23 11:42:59,58,-2,3862.75,3613
2022-12-23 11:43:00,26,-7,3862.75,3606
2022-12-23 11:43:01,60,-19,3862.5,3587
2022-12-23 11:43:02,91,0,3862.25,3587
2022-12-23 11:43:03,20,9,3862.25,3596
2022-12-23 11:43:04,43,4,3862.25,3600
2022-12-23 11:43:05,38,-2,3862.5,3598
2022-12-23 11:43:06,8,5,3862.0,3603
2022-12-23 11:43:07,14,-7,3862.0,3596
2022-12-23 11:43:08,38,11,3862.0,3607
2022-12-23 11:43:09,23,-12,3862.0,3595
2022-12-23 11:43:10,59,55,3862.25,3650
2022-12-23 11:43:11,37,-30,3862.0,3620
2022-12-23 11:43:12,80,66,3862.25,3686
2022-12-23 11:43:13,74,-4,3862.25,3682
2022-12-23 11:43:14,14,-3,3861.75,3679
2022-12-23 11:43:15,11,-9,3861.75,3670
2022-12-23 11:43:16,40,-22,3861.5,3648
2022-12-23 11:43:17,61,-22,3861.25,3626
2022-12-23 11:43:18,21,0,3861.0,3626
2022-12-23 11:43:19,16,-9,3861.0,3617
2022-12-23 11:43:20,7,-2,3861.25,3615
2022-12-23 11:43:21,27,16,3861.5,3631
2022-12-23 11:43:22,75,23,3861.25,3654
2022-12-23 11:43:23,46,-23,3861.0,3631
2022-12-23 11:43:24,35,0,3861.0,3631
2022-12-23 11:43:25,80,-33,3861.0,3598
2022-12-23 11:43:26,56,-14,3860.5,3584
2022-12-23 11:43:27,54,-20,3860.25,3564
2022-12-23 11:43:28,11,4,3860.5,3568
2022-12-23 11:43:29,25,9,3860.75,3577
2022-12-23 11:43:30,19,17,3860.75,3594
2022-12-23 11:43:31,41,-15,3860.75,3579
2022-12-23 11:43:32,48,-9,3860.5,3570
2022-12-23 11:43:33,53,-30,3860.0,3540
2022-12-23 11:43:34,23,-5,3860.0,3535
2022-12-23 11:43:35,36,-18,3859.75,3517
2022-12-23 11:43:36,58,-51,3859.75,3466
2022-12-23 11:43:37,246,-46,3859.0,3420
2022-12-23 11:43:38,42,-7,3858.5,3413
2022-12-23 11:43:39,15,-1,3858.5,3412
2022-12-23 11:43:40,15,1,3858.25,3413
2022-12-23 11:43:41,130,-4,3858.5,3409
2022-12-23 11:43:42,29,5,3858.25,3414
2022-12-23 11:43:43,18,5,3858.25,3419
2022-12-23 11:43:44,71,0,3858.25,3419
2022-12-23 11:43:45,77,2,3858.75,3421
2022-12-23 11:43:46,23,3,3859.0,3424
2022-12-23 11:43:47,24,2,3858.75,3426
2022-12-23 11:43:48,49,-3,3858.75,3423
2022-12-23 11:43:49,23,12,3858.5,3435
2022-12-23 11:43:50,92,21,3858.75,3456
2022-12-23 11:43:51,21,1,3858.5,3457
2022-12-23 11:43:52,35,1,3858.75,3458
2022-12-23 11:43:53,29,-21,3858.75,3437
2022-12-23 11:43:54,9,3,3858.75,3440
2022-12-23 11:43:55,124,-67,3859.0,3373
2022-12-23 11:43:56,1,1,3858.5,3374
2022-12-23 11:43:57,72,-4,3858.5,3370
2022-12-23 11:43:58,24,-6,3858.75,3364
2022-12-23 11:43:59,12,-7,3859.0,3357
2022-12-23 11:44:00,83,-1,3858.5,3356
2022-12-23 11:44:01,13,-4,3858.75,3352
2022-12-23 11:44:02,24,11,3858.75,3363
2022-12-23 11:44:03,30,-4,3858.5,3359
2022-12-23 11:44:04,21,19,3859.0,3378
2022-12-23 11:44:05,25,-21,3859.0,3357
2022-12-23 11:44:06,6,1,3858.5,3358
2022-12-23 11:44:07,11,2,3858.5,3360
2022-12-23 11:44:08,120,-60,3858.5,3300
2022-12-23 11:44:09,68,-25,3857.75,3275
2022-12-23 11:44:10,26,8,3857.75,3283
2022-12-23 11:44:11,16,-1,3857.5,3282
2022-12-23 11:44:12,66,-13,3857.5,3269
2022-12-23 11:44:13,49,-1,3857.5,3268
2022-12-23 11:44:14,87,-42,3857.25,3226
2022-12-23 11:44:15,64,-11,3857.25,3215
2022-12-23 11:44:16,3,-1,3857.25,3214
2022-12-23 11:44:17,13,-6,3857.25,3208
2022-12-23 11:44:18,63,28,3857.25,3236
2022-12-23 11:44:19,4,-3,3857.0,3233
2022-12-23 11:44:20,176,-36,3857.0,3197
2022-12-23 11:44:21,94,-15,3856.75,3182
2022-12-23 11:44:22,19,-13,3856.75,3169
2022-12-23 11:44:23,264,-64,3856.5,3105
2022-12-23 11:44:24,52,-16,3856.25,3089
2022-12-23 11:44:25,78,12,3856.5,3101
2022-12-23 11:44:26,16,-3,3856.5,3098
2022-12-23 11:44:27,78,26,3856.25,3124
2022-12-23 11:44:28,52,2,3856.25,3126
2022-12-23 11:44:29,18,-4,3856.5,3122
2022-12-23 11:44:30,83,-4,3856.5,3118
2022-12-23 11:44:31,92,-9,3856.0,3109
2022-12-23 11:44:32,38,7,3856.0,3116
2022-12-23 11:44:33,13,4,3856.0,3120
2022-12-23 11:44:34,41,-6,3856.25,3114
2022-12-23 11:44:35,14,-3,3856.0,3111
2022-12-23 11:44:36,70,17,3856.5,3128
2022-12-23 11:44:37,26,12,3856.5,3140
2022-12-23 11:44:39,49,-11,3856.5,3129
2022-12-23 11:44:40,50,13,3856.5,3142
2022-12-23 11:44:41,60,8,3856.75,3150
2022-12-23 11:44:42,26,10,3856.75,3160
2022-12-23 11:44:43,38,5,3856.75,3165
2022-12-23 11:44:44,50,-22,3856.75,3143
2022-12-23 11:44:45,23,4,3856.5,3147
2022-12-23 11:44:46,3,-3,3856.25,3144
2022-12-23 11:44:47,5,-5,3856.25,3139
2022-12-23 11:44:48,24,5,3856.5,3144
2022-12-23 11:44:49,29,-1,3856.25,3143
2022-12-23 11:44:50,51,-7,3856.0,3136
2022-12-23 11:44:51,11,0,3856.0,3136
2022-12-23 11:44:52,3,1,3856.25,3137
2022-12-23 11:44:53,16,5,3856.25,3142
2022-12-23 11:44:54,10,9,3856.5,3151
2022-12-23 11:44:55,23,-15,3856.75,3136
2022-12-23 11:44:56,1,1,3856.5,3137
2022-12-23 11:44:57,18,4,3856.5,3141
2022-12-23 11:44:58,24,4,3856.5,3145
2022-12-23 11:44:59,8,-5,3856.5,3140
2022-12-23 11:45:00,96,-9,3856.25,3131
2022-12-23 11:45:01,20,0,3856.25,3131
2022-12-23 11:45:02,12,-1,3856.25,3130
2022-12-23 11:45:03,123,-14,3856.0,3116
2022-12-23 11:45:04,34,-4,3855.75,3112
2022-12-23 11:45:05,13,-1,3855.75,3111
2022-12-23 11:45:06,15,-4,3856.0,3107
2022-12-23 11:45:07,5,5,3856.0,3112
2022-12-23 11:45:08,17,5,3856.25,3117
2022-12-23 11:45:09,32,25,3856.5,3142
2022-12-23 11:45:10,13,-9,3856.25,3133
2022-12-23 11:45:11,20,2,3856.25,3135
2022-12-23 11:45:12,16,9,3856.5,3144
2022-12-23 11:45:13,55,-18,3856.75,3126
2022-12-23 11:45:14,58,13,3856.75,3139
2022-12-23 11:45:15,86,24,3857.25,3163
2022-12-23 11:45:16,39,-25,3857.0,3138
2022-12-23 11:45:17,43,-23,3856.5,3115
2022-12-23 11:45:18,61,-2,3856.25,3113
2022-12-23 11:45:19,12,-4,3856.25,3109
2022-12-23 11:45:20,22,9,3856.25,3118
2022-12-23 11:45:21,18,10,3856.75,3128
2022-12-23 11:45:22,17,-7,3856.75,3121
2022-12-23 11:45:23,19,-1,3856.75,3120
2022-12-23 11:45:24,13,9,3856.5,3129
2022-12-23 11:45:25,12,8,3856.5,3137
2022-12-23 11:45:26,20,-3,3856.75,3134
2022-12-23 11:45:27,18,9,3856.75,3143
2022-12-23 11:45:28,12,-8,3856.5,3135
2022-12-23 11:45:29,19,2,3856.5,3137
2022-12-23 11:45:30,22,-7,3856.5,3130
2022-12-23 11:45:31,24,-4,3856.25,3126
2022-12-23 11:45:32,3,1,3856.5,3127
2022-12-23 11:45:33,25,19,3856.75,3146
2022-12-23 11:45:34,18,14,3857.0,3160
2022-12-23 11:45:35,17,-2,3857.0,3158
2022-12-23 11:45:36,33,-7,3856.75,3151
2022-12-23 11:45:37,30,-3,3857.0,3148
2022-12-23 11:45:38,17,-8,3856.75,3140
2022-12-23 11:45:39,9,-7,3857.0,3133
2022-12-23 11:45:40,85,-20,3857.0,3113
2022-12-23 11:45:41,3,3,3857.0,3116
2022-12-23 11:45:42,48,6,3857.0,3122
2022-12-23 11:45:43,103,20,3857.0,3142
2022-12-23 11:45:44,27,-1,3857.0,3141
2022-12-23 11:45:45,35,9,3857.25,3150
2022-12-23 11:45:46,7,0,3857.0,3150
2022-12-23 11:45:47,1,1,3857.0,3151
2022-12-23 11:45:48,7,0,3857.0,3151
2022-12-23 11:45:49,28,-13,3856.75,3138
2022-12-23 11:45:50,25,-2,3857.0,3136
2022-12-23 11:45:51,2,-2,3856.5,3134
2022-12-23 11:45:52,49,4,3856.75,3138
2022-12-23 11:45:53,4,-2,3856.75,3136
2022-12-23 11:45:55,47,-16,3856.75,3120
2022-12-23 11:45:56,39,-1,3856.75,3119
2022-12-23 11:45:57,25,3,3856.75,3122
2022-12-23 11:45:58,16,7,3856.75,3129
2022-12-23 11:45:59,34,-1,3856.5,3128
2022-12-23 11:46:00,120,-37,3856.25,3091
2022-12-23 11:46:01,22,-5,3856.0,3086
2022-12-23 11:46:02,29,15,3856.0,3101
2022-12-23 11:46:03,5,-4,3856.0,3097
2022-12-23 11:46:04,17,1,3856.0,3098
2022-12-23 11:46:05,15,7,3856.0,3105
2022-12-23 11:46:06,18,-7,3856.0,3098
2022-12-23 11:46:07,44,-6,3856.0,3092
2022-12-23 11:46:08,22,-4,3855.75,3088
2022-12-23 11:46:09,88,-53,3855.25,3035
2022-12-23 11:46:10,22,6,3855.5,3041
2022-12-23 11:46:11,22,-3,3855.5,3038
2022-12-23 11:46:12,104,-63,3855.25,2975
2022-12-23 11:46:13,39,3,3855.0,2978
2022-12-23 11:46:14,34,-4,3855.25,2974
2022-12-23 11:46:15,24,-5,3855.25,2969
2022-12-23 11:46:16,40,6,3854.75,2975
2022-12-23 11:46:17,59,-23,3855.0,2952
2022-12-23 11:46:18,13,-9,3855.0,2943
2022-12-23 11:46:19,33,12,3855.0,2955
2022-12-23 11:46:20,118,-21,3855.0,2934
2022-12-23 11:46:21,26,10,3854.75,2944
2022-12-23 11:46:22,197,-105,3854.5,2839
2022-12-23 11:46:23,36,-7,3854.25,2832
2022-12-23 11:46:24,53,-12,3854.25,2820
2022-12-23 11:46:25,78,20,3854.25,2840
2022-12-23 11:46:26,16,-1,3854.25,2839
2022-12-23 11:46:27,30,18,3854.5,2857
2022-12-23 11:46:28,36,2,3854.75,2859
2022-12-23 11:46:29,17,1,3854.5,2860
2022-12-23 11:46:30,46,3,3854.5,2863
2022-12-23 11:46:31,39,4,3854.25,2867
2022-12-23 11:46:32,43,-3,3854.75,2864
2022-12-23 11:46:33,12,-3,3854.75,2861
2022-12-23 11:46:34,46,7,3855.0,2868
2022-12-23 11:46:35,47,-3,3855.25,2865
2022-12-23 11:46:36,50,13,3855.25,2878
2022-12-23 11:46:37,19,-3,3855.25,2875
2022-12-23 11:46:38,22,-1,3855.25,2874
2022-12-23 11:46:39,41,-19,3855.0,2855
2022-12-23 11:46:40,7,-3,3854.5,2852
2022-12-23 11:46:41,33,4,3854.75,2856
2022-12-23 11:46:42,8,-4,3854.5,2852
2022-12-23 11:46:43,17,1,3854.5,2853
2022-12-23 11:46:44,27,6,3854.75,2859
2022-12-23 11:46:45,41,-39,3854.75,2820
2022-12-23 11:46:46,19,-1,3854.75,2819
2022-12-23 11:46:48,21,-2,3854.5,2817
2022-12-23 11:46:49,12,-5,3854.75,2812
2022-12-23 11:46:50,11,3,3854.75,2815
2022-12-23 11:46:51,12,-6,3854.5,2809
2022-12-23 11:46:52,10,5,3854.5,2814
2022-12-23 11:46:53,5,-1,3854.5,2813
2022-12-23 11:46:54,26,-9,3854.5,2804
2022-12-23 11:46:55,2,-2,3854.25,2802
2022-12-23 11:46:56,103,72,3854.5,2874
2022-12-23 11:46:57,29,-18,3854.25,2856
2022-12-23 11:46:58,13,0,3854.25,2856
2022-12-23 11:46:59,18,13,3854.5,2869
2022-12-23 11:47:00,14,-6,3854.5,2863
2022-12-23 11:47:01,48,17,3854.25,2880
2022-12-23 11:47:02,8,5,3854.75,2885
2022-12-23 11:47:03,29,3,3854.75,2888
2022-12-23 11:47:04,14,3,3854.75,2891
2022-12-23 11:47:05,13,-5,3854.75,2886
2022-12-23 11:47:06,25,-20,3854.5,2866
2022-12-23 11:47:07,9,8,3854.25,2874
2022-12-23 11:47:08,38,6,3854.75,2880
2022-12-23 11:47:09,7,3,3855.0,2883
2022-12-23 11:47:10,84,-18,3855.0,2865
2022-12-23 11:47:11,31,-11,3855.0,2854
2022-12-23 11:47:12,13,1,3854.75,2855
2022-12-23 11:47:13,35,4,3855.25,2859
2022-12-23 11:47:14,46,11,3855.25,2870
2022-12-23 11:47:15,34,-9,3855.0,2861
2022-12-23 11:47:16,4,0,3854.75,2861
2022-12-23 11:47:17,12,-4,3854.5,2857
2022-12-23 11:47:18,35,11,3855.0,2868
2022-12-23 11:47:19,20,-6,3855.0,2862
2022-12-23 11:47:20,16,-3,3854.5,2859
2022-12-23 11:47:21,5,4,3854.75,2863
2022-12-23 11:47:22,86,-2,3854.75,2861
2022-12-23 11:47:23,8,2,3855.0,2863
2022-12-23 11:47:24,33,-13,3854.75,2850
2022-12-23 11:47:25,35,26,3855.25,2876
2022-12-23 11:47:26,18,-5,3855.0,2871
2022-12-23 11:47:27,150,74,3855.25,2945
2022-12-23 11:47:28,41,13,3855.0,2958
2022-12-23 11:47:29,2,0,3855.0,2958
2022-12-23 11:47:30,1,1,3855.0,2959
2022-12-23 11:47:31,13,10,3855.25,2969
2022-12-23 11:47:32,51,38,3855.75,3007
2022-12-23 11:47:33,98,3,3856.0,3010
2022-12-23 11:47:34,105,54,3855.75,3064
2022-12-23 11:47:35,54,-20,3855.75,3044
2022-12-23 11:47:36,12,5,3855.75,3049
2022-12-23 11:47:37,62,11,3855.75,3060
2022-12-23 11:47:38,52,-2,3856.25,3058
2022-12-23 11:47:39,39,-3,3856.0,3055
2022-12-23 11:47:40,52,17,3856.25,3072
2022-12-23 11:47:41,20,-9,3856.25,3063
2022-12-23 11:47:42,29,-23,3855.75,3040
2022-12-23 11:47:43,24,0,3855.5,3040
2022-12-23 11:47:44,18,1,3855.5,3041
2022-12-23 11:47:45,14,-5,3855.25,3036
2022-12-23 11:47:46,39,-18,3854.75,3018
2022-12-23 11:47:47,28,-4,3854.75,3014
2022-12-23 11:47:49,32,-14,3854.75,3000
2022-12-23 11:47:50,7,-4,3854.75,2996
2022-12-23 11:47:51,30,5,3854.75,3001
2022-12-23 11:47:52,70,8,3855.0,3009
2022-12-23 11:47:53,12,5,3855.5,3014
2022-12-23 11:47:54,8,6,3855.25,3020
2022-12-23 11:47:55,13,-7,3855.5,3013
2022-12-23 11:47:56,1,1,3855.5,3014
2022-12-23 11:47:57,13,-8,3855.25,3006
2022-12-23 11:47:58,24,-7,3855.25,2999
2022-12-23 11:47:59,12,0,3855.25,2999
2022-12-23 11:48:00,97,-20,3855.0,2979
2022-12-23 11:48:01,56,-6,3855.0,2973
2022-12-23 11:48:02,10,1,3854.5,2974
2022-12-23 11:48:03,7,-3,3854.75,2971
2022-12-23 11:48:04,40,-8,3854.5,2963
2022-12-23 11:48:05,50,9,3854.5,2972
2022-12-23 11:48:06,37,-19,3854.5,2953
2022-12-23 11:48:07,35,-13,3854.0,2940
2022-12-23 11:48:08,77,-28,3854.0,2912
2022-12-23 11:48:09,46,-50,3854.0,2862
2022-12-23 11:48:10,203,-66,3853.75,2796
2022-12-23 11:48:11,46,-1,3853.75,2795
2022-12-23 11:48:12,17,7,3853.75,2802
2022-12-23 11:48:13,11,12,3854.0,2814
2022-12-23 11:48:14,4,2,3854.0,2816
2022-12-23 11:48:15,17,15,3854.25,2831
2022-12-23 11:48:16,64,-60,3854.0,2771
2022-12-23 11:48:17,67,-26,3853.75,2745
2022-12-23 11:48:18,13,-4,3853.75,2741
2022-12-23 11:48:19,14,11,3853.75,2752
2022-12-23 11:48:20,2,2,3854.0,2754
2022-12-23 11:48:21,26,11,3854.0,2765
2022-12-23 11:48:22,12,0,3854.25,2765
2022-12-23 11:48:23,12,4,3854.5,2769
2022-12-23 11:48:24,27,9,3854.5,2778
2022-12-23 11:48:25,7,7,3854.5,2785
2022-12-23 11:48:26,17,5,3855.0,2790
2022-12-23 11:48:27,39,15,3855.25,2805
2022-12-23 11:48:28,33,2,3855.25,2807
2022-12-23 11:48:29,26,15,3855.0,2822
2022-12-23 11:48:30,107,-4,3854.75,2818
2022-12-23 11:48:32,8,5,3855.0,2823
2022-12-23 11:48:33,15,-8,3855.0,2815
2022-12-23 11:48:34,15,0,3854.5,2815
2022-12-23 11:48:35,44,7,3854.5,2822
2022-12-23 11:48:36,13,13,3854.5,2835
2022-12-23 11:48:37,8,-8,3854.25,2827
2022-12-23 11:48:38,18,3,3854.5,2830
2022-12-23 11:48:39,7,5,3854.5,2835
2022-12-23 11:48:40,22,-6,3854.75,2829
2022-12-23 11:48:41,16,-6,3854.75,2823
2022-12-23 11:48:43,16,-3,3854.5,2820
2022-12-23 11:48:44,8,2,3854.5,2822
2022-12-23 11:48:46,32,20,3854.75,2842
2022-12-23 11:48:47,33,23,3855.0,2865
2022-12-23 11:48:48,72,11,3855.5,2876
2022-12-23 11:48:49,51,13,3855.5,2889
2022-12-23 11:48:50,14,-3,3855.25,2886
2022-12-23 11:48:51,14,-2,3855.25,2884
2022-12-23 11:48:52,20,-6,3855.0,2878
2022-12-23 11:48:53,2,2,3855.0,2880
2022-12-23 11:48:54,17,-12,3855.0,2868
2022-12-23 11:48:55,27,-8,3855.25,2860
2022-12-23 11:48:56,33,-9,3854.75,2851
2022-12-23 11:48:57,3,3,3854.75,2854
2022-12-23 11:48:58,30,-5,3854.75,2849
2022-12-23 11:48:59,15,4,3854.75,2853
2022-12-23 11:49:00,48,-4,3854.75,2849
2022-12-23 11:49:01,12,-2,3854.75,2847
2022-12-23 11:49:02,37,2,3855.25,2849
2022-12-23 11:49:03,11,-1,3855.0,2848
2022-12-23 11:49:04,46,4,3855.0,2852
2022-12-23 11:49:05,12,0,3855.0,2852
2022-12-23 11:49:06,29,14,3855.25,2866
2022-12-23 11:49:07,52,3,3855.5,2869
2022-12-23 11:49:08,70,32,3855.75,2901
2022-12-23 11:49:09,18,-5,3855.75,2896
2022-12-23 11:49:10,24,-4,3855.75,2892
2022-12-23 11:49:11,31,8,3855.75,2900
2022-12-23 11:49:12,36,15,3856.0,2915
2022-12-23 11:49:13,23,-9,3855.75,2906
2022-12-23 11:49:14,52,29,3856.75,2935
2022-12-23 11:49:15,25,2,3856.75,2937
2022-12-23 11:49:16,16,7,3856.5,2944
2022-12-23 11:49:17,35,2,3856.5,2946
2022-12-23 11:49:18,126,31,3857.0,2977
2022-12-23 11:49:19,30,9,3857.0,2986
2022-12-23 11:49:20,129,23,3857.5,3009
2022-12-23 11:49:21,113,57,3858.0,3066
2022-12-23 11:49:22,57,-6,3858.0,3060
2022-12-23 11:49:23,141,10,3858.25,3070
2022-12-23 11:49:24,49,-5,3858.0,3065
2022-12-23 11:49:25,11,8,3858.0,3073
2022-12-23 11:49:26,32,0,3857.75,3073
2022-12-23 11:49:27,83,-23,3857.5,3050
2022-12-23 11:49:28,131,31,3858.0,3081
2022-12-23 11:49:29,41,2,3858.0,3083
2022-12-23 11:49:30,31,-15,3858.0,3068
2022-12-23 11:49:31,62,-14,3857.5,3054
2022-12-23 11:49:32,51,-5,3857.5,3049
2022-12-23 11:49:33,27,-9,3857.0,3040
2022-12-23 11:49:34,21,10,3857.5,3050
2022-12-23 11:49:35,40,-7,3857.5,3043
2022-12-23 11:49:36,26,2,3857.5,3045
2022-12-23 11:49:37,3,3,3857.5,3048
2022-12-23 11:49:38,39,-15,3857.75,3033
2022-12-23 11:49:39,15,-6,3857.5,3027
2022-12-23 11:49:40,1,1,3857.25,3028
2022-12-23 11:49:41,47,6,3857.25,3034
2022-12-23 11:49:42,7,-4,3857.0,3030
2022-12-23 11:49:43,45,-6,3857.25,3024
2022-12-23 11:49:44,5,2,3857.5,3026
2022-12-23 11:49:45,20,-13,3857.25,3013
2022-12-23 11:49:46,7,2,3857.0,3015
2022-12-23 11:49:47,13,11,3857.5,3026
2022-12-23 11:49:48,24,-1,3857.5,3025
2022-12-23 11:49:49,40,-18,3857.5,3007
2022-12-23 11:49:50,22,2,3857.25,3009
2022-12-23 11:49:52,5,3,3857.25,3012
2022-12-23 11:49:54,8,-4,3857.25,3008
2022-12-23 11:49:56,3,0,3857.5,3008
2022-12-23 11:49:57,26,4,3857.75,3012
2022-12-23 11:49:58,16,-11,3857.75,3001
2022-12-23 11:49:59,23,2,3857.75,3003
2022-12-23 11:50:00,10,0,3857.75,3003
2022-12-23 11:50:01,18,-1,3858.0,3002
2022-12-23 11:50:02,20,14,3858.25,3016
2022-12-23 11:50:03,94,41,3858.25,3057
2022-12-23 11:50:04,40,14,3858.5,3071
2022-12-23 11:50:05,28,-5,3858.5,3066
2022-12-23 11:50:06,4,2,3858.5,3068
2022-12-23 11:50:07,51,-3,3858.5,3065
2022-12-23 11:50:08,1,-1,3858.25,3064
2022-12-23 11:50:09,14,-13,3858.25,3051
2022-12-23 11:50:10,58,-25,3858.25,3026
2022-12-23 11:50:11,42,8,3858.25,3034
2022-12-23 11:50:12,26,-4,3858.25,3030
2022-12-23 11:50:13,55,5,3858.5,3035
2022-12-23 11:50:14,24,0,3858.5,3035
2022-12-23 11:50:15,6,-3,3858.25,3032
2022-12-23 11:50:16,31,-6,3858.25,3026
2022-12-23 11:50:17,10,3,3858.25,3029
2022-12-23 11:50:18,25,4,3858.75,3033
2022-12-23 11:50:19,71,21,3859.0,3054
2022-12-23 11:50:20,160,60,3859.5,3114
2022-12-23 11:50:21,40,-1,3859.25,3113
2022-12-23 11:50:22,7,4,3859.0,3117
2022-12-23 11:50:23,44,17,3859.25,3134
2022-12-23 11:50:24,44,-10,3859.25,3124
2022-12-23 11:50:25,42,-19,3858.75,3105
2022-12-23 11:50:26,31,-7,3859.0,3098
2022-12-23 11:50:27,23,3,3858.75,3101
2022-12-23 11:50:28,6,5,3858.5,3106
2022-12-23 11:50:29,17,-18,3858.25,3088
2022-12-23 11:50:30,14,0,3858.25,3088
2022-12-23 11:50:31,4,0,3858.5,3088
2022-12-23 11:50:32,27,10,3858.75,3098
2022-12-23 11:50:33,36,12,3858.5,3110
2022-12-23 11:50:34,4,2,3858.75,3112
2022-12-23 11:50:35,61,8,3858.75,3120
2022-12-23 11:50:36,60,24,3859.25,3144
2022-12-23 11:50:37,89,4,3859.5,3148
2022-12-23 11:50:38,20,-9,3859.25,3139
2022-12-23 11:50:39,80,13,3859.25,3152
2022-12-23 11:50:40,22,-1,3859.0,3151
2022-12-23 11:50:41,8,5,3859.0,3156
2022-12-23 11:50:42,131,28,3859.5,3184
2022-12-23 11:50:43,58,37,3860.0,3221
2022-12-23 11:50:44,47,-14,3859.75,3207
2022-12-23 11:50:45,29,0,3859.75,3207
2022-12-23 11:50:46,19,4,3859.75,3211
2022-12-23 11:50:47,6,2,3859.75,3213
2022-12-23 11:50:48,16,-5,3859.5,3208
2022-12-23 11:50:49,2,2,3859.5,3210
2022-12-23 11:50:50,82,-30,3859.25,3180
2022-12-23 11:50:51,60,5,3859.5,3185
2022-12-23 11:50:52,18,-11,3859.75,3174
2022-12-23 11:50:53,5,1,3859.75,3175
2022-12-23 11:50:54,2,-2,3859.5,3173
2022-12-23 11:50:55,3,1,3859.75,3174
2022-12-23 11:50:56,46,15,3859.75,3189
2022-12-23 11:50:57,13,1,3859.75,3190
2022-12-23 11:50:58,13,1,3859.75,3191
2022-12-23 11:50:59,26,-5,3859.75,3186
2022-12-23 11:51:00,39,-25,3859.5,3161
2022-12-23 11:51:01,46,-9,3859.25,3152
2022-12-23 11:51:02,11,1,3859.25,3153
2022-12-23 11:51:03,7,7,3859.5,3160
2022-12-23 11:51:04,4,0,3859.5,3160
2022-12-23 11:51:05,88,8,3859.75,3168
2022-12-23 11:51:06,20,2,3859.75,3170
2022-12-23 11:51:07,2,0,3859.75,3170
2022-12-23 11:51:08,1,-1,3859.5,3169
2022-12-23 11:51:09,51,-2,3859.5,3167
2022-12-23 11:51:10,8,-8,3859.25,3159
2022-12-23 11:51:11,58,-31,3859.25,3128
2022-12-23 11:51:12,48,-10,3859.0,3118
2022-12-23 11:51:13,83,-19,3859.0,3099
2022-12-23 11:51:14,132,40,3859.5,3139
2022-12-23 11:51:15,35,7,3859.75,3146
2022-12-23 11:51:16,165,84,3860.25,3230
2022-12-23 11:51:17,160,-28,3860.25,3202
2022-12-23 11:51:18,64,-4,3860.0,3198
2022-12-23 11:51:19,30,-13,3859.5,3185
2022-12-23 11:51:20,37,-1,3859.0,3184
2022-12-23 11:51:21,8,5,3859.0,3189
2022-12-23 11:51:22,2,-1,3859.0,3188
2022-12-23 11:51:23,54,10,3859.25,3198
2022-12-23 11:51:25,20,-5,3859.25,3193
2022-12-23 11:51:26,4,-3,3859.0,3190
2022-12-23 11:51:27,54,-19,3858.75,3171
2022-12-23 11:51:28,23,1,3858.75,3172
2022-12-23 11:51:29,23,-1,3858.75,3171
2022-12-23 11:51:30,6,-2,3859.0,3169
2022-12-23 11:51:31,2,2,3859.0,3171
2022-12-23 11:51:34,26,0,3859.0,3171
2022-12-23 11:51:35,11,-11,3858.75,3160
2022-12-23 11:51:36,36,2,3858.75,3162
2022-12-23 11:51:37,47,-16,3858.25,3146
2022-12-23 11:51:38,47,-16,3858.25,3130
2022-12-23 11:51:39,7,-3,3858.25,3127
2022-12-23 11:51:40,99,-31,3858.25,3096
2022-12-23 11:51:41,83,-55,3857.5,3041
2022-12-23 11:51:42,14,10,3857.5,3051
2022-12-23 11:51:43,72,-21,3857.5,3030
2022-12-23 11:51:44,40,10,3857.25,3040
2022-12-23 11:51:45,27,-2,3857.0,3038
2022-12-23 11:51:46,48,-13,3857.25,3025
2022-12-23 11:51:47,29,6,3857.25,3031
2022-12-23 11:51:48,25,7,3857.25,3038
2022-12-23 11:51:49,22,-17,3857.0,3021
2022-12-23 11:51:50,25,-1,3857.25,3020
2022-12-23 11:51:51,35,-11,3857.0,3009
2022-12-23 11:51:52,182,-96,3856.75,2913
2022-12-23 11:51:53,11,3,3856.5,2916
2022-12-23 11:51:54,44,1,3856.5,2917
2022-12-23 11:51:55,1,1,3856.5,2918
2022-12-23 11:51:56,68,30,3856.75,2948
2022-12-23 11:51:57,54,-47,3856.5,2901
2022-12-23 11:51:58,18,1,3856.5,2902
2022-12-23 11:51:59,14,9,3856.5,2911
2022-12-23 11:52:00,50,-4,3856.25,2907
2022-12-23 11:52:01,106,18,3856.25,2925
2022-12-23 11:52:02,10,-2,3856.0,2923
2022-12-23 11:52:03,72,-31,3855.75,2892
2022-12-23 11:52:04,24,10,3855.75,2902
2022-12-23 11:52:05,100,-11,3855.5,2891
2022-12-23 11:52:06,87,-32,3855.5,2859
2022-12-23 11:52:07,6,-1,3855.25,2858
2022-12-23 11:52:08,61,-13,3855.25,2845
2022-12-23 11:52:09,60,-9,3855.5,2836
2022-12-23 11:52:10,2,2,3855.25,2838
2022-12-23 11:52:11,54,-4,3855.25,2834
2022-12-23 11:52:12,10,-1,3855.5,2833
2022-12-23 11:52:13,67,-12,3855.25,2821
2022-12-23 11:52:14,16,-10,3855.25,2811
2022-12-23 11:52:15,77,9,3855.5,2820
2022-12-23 11:52:16,10,0,3855.5,2820
2022-12-23 11:52:17,9,1,3855.25,2821
2022-12-23 11:52:18,2,2,3855.25,2823
2022-12-23 11:52:19,58,-35,3855.0,2788
2022-12-23 11:52:20,22,4,3854.75,2792
2022-12-23 11:52:21,60,-32,3855.0,2760
2022-12-23 11:52:22,2,-2,3854.75,2758
2022-12-23 11:52:23,24,-2,3855.0,2756
2022-12-23 11:52:24,12,-9,3854.5,2747
2022-12-23 11:52:25,80,22,3855.0,2769
2022-12-23 11:52:26,58,22,3855.25,2791
2022-12-23 11:52:27,22,0,3855.25,2791
2022-12-23 11:52:28,55,32,3855.75,2823
2022-12-23 11:52:29,13,0,3855.5,2823
2022-12-23 11:52:31,25,-1,3855.25,2822
2022-12-23 11:52:32,17,7,3855.25,2829
2022-12-23 11:52:34,37,9,3855.5,2838
2022-12-23 11:52:35,18,-11,3855.25,2827
2022-12-23 11:52:36,31,7,3855.0,2834
2022-12-23 11:52:37,117,103,3855.75,2937
2022-12-23 11:52:38,38,-2,3855.5,2935
2022-12-23 11:52:39,53,-3,3855.25,2932
2022-12-23 11:52:40,26,-1,3855.0,2931
2022-12-23 11:52:41,25,-13,3855.0,2918
2022-12-23 11:52:42,72,3,3854.75,2921
2022-12-23 11:52:43,22,-12,3854.75,2909
2022-12-23 11:52:44,14,4,3854.75,2913
2022-12-23 11:52:45,157,-43,3854.5,2870
2022-12-23 11:52:46,136,-65,3853.75,2805
2022-12-23 11:52:47,53,-4,3853.5,2801
2022-12-23 11:52:48,90,-44,3853.5,2757
2022-12-23 11:52:49,74,18,3853.75,2775
2022-12-23 11:52:50,38,-13,3853.5,2762
2022-12-23 11:52:51,25,7,3853.5,2769
2022-12-23 11:52:52,10,2,3853.75,2771
2022-12-23 11:52:53,1,-1,3853.5,2770
2022-12-23 11:52:54,60,7,3853.75,2777
2022-12-23 11:52:55,35,-21,3853.75,2756
2022-12-23 11:52:56,16,4,3853.75,2760
2022-12-23 11:52:57,18,16,3853.5,2776
2022-12-23 11:52:58,21,0,3853.75,2776
2022-12-23 11:52:59,17,-4,3854.0,2772
2022-12-23 11:53:00,10,-7,3853.75,2765
2022-12-23 11:53:01,60,48,3854.75,2813
2022-12-23 11:53:02,34,-8,3854.75,2805
2022-12-23 11:53:03,18,3,3854.75,2808
2022-12-23 11:53:04,1,-1,3854.5,2807
2022-12-23 11:53:05,24,1,3854.75,2808
2022-12-23 11:53:06,91,-41,3854.75,2767
2022-12-23 11:53:07,17,14,3854.25,2781
2022-12-23 11:53:08,37,0,3854.5,2781
2022-12-23 11:53:09,25,-16,3854.5,2765
2022-12-23 11:53:10,23,-12,3854.0,2753
2022-12-23 11:53:11,25,4,3854.0,2757
2022-12-23 11:53:12,21,11,3854.25,2768
2022-12-23 11:53:13,32,-9,3854.5,2759
2022-12-23 11:53:14,20,0,3854.5,2759
2022-12-23 11:53:15,10,-1,3854.5,2758
2022-12-23 11:53:16,31,-2,3854.5,2756
2022-12-23 11:53:17,26,1,3854.0,2757
2022-12-23 11:53:18,15,6,3854.0,2763
2022-12-23 11:53:19,50,11,3854.25,2774
2022-12-23 11:53:20,2,2,3854.5,2776
2022-12-23 11:53:21,25,-9,3854.5,2767
2022-12-23 11:53:22,11,5,3854.25,2772
2022-12-23 11:53:23,13,3,3854.5,2775
2022-12-23 11:53:24,23,15,3854.5,2790
2022-12-23 11:53:25,6,4,3854.75,2794
2022-12-23 11:53:26,12,-11,3854.5,2783
2022-12-23 11:53:27,3,2,3854.5,2785
2022-12-23 11:53:28,21,-7,3854.25,2778
2022-12-23 11:53:29,32,26,3854.75,2804
2022-12-23 11:53:30,21,-1,3854.75,2803
2022-12-23 11:53:31,19,-3,3854.75,2800
2022-12-23 11:53:32,10,-6,3854.5,2794
2022-12-23 11:53:33,4,2,3854.75,2796
2022-12-23 11:53:34,16,4,3854.75,2800
2022-12-23 11:53:35,11,3,3854.75,2803
2022-12-23 11:53:36,13,15,3855.0,2818
2022-12-23 11:53:37,19,5,3854.75,2823
2022-12-23 11:53:38,3,-3,3854.5,2820
2022-12-23 11:53:39,18,14,3854.75,2834
2022-12-23 11:53:40,10,7,3854.75,2841
2022-12-23 11:53:41,29,-3,3854.75,2838
2022-12-23 11:53:42,25,-5,3854.75,2833
2022-12-23 11:53:43,20,-12,3854.75,2821
2022-12-23 11:53:45,48,-4,3854.25,2817
2022-12-23 11:53:46,18,-5,3854.25,2812
2022-12-23 11:53:47,14,0,3854.25,2812
2022-12-23 11:53:48,2,-2,3854.25,2810
2022-12-23 11:53:49,46,-2,3854.5,2808
2022-12-23 11:53:50,6,2,3854.5,2810
2022-12-23 11:53:51,13,-5,3854.5,2805
2022-12-23 11:53:52,19,2,3854.5,2807
2022-12-23 11:53:53,9,-2,3854.5,2805
2022-12-23 11:53:54,8,4,3854.5,2809
2022-12-23 11:53:55,21,-13,3854.5,2796
2022-12-23 11:53:56,33,1,3854.0,2797
2022-12-23 11:53:58,1,1,3854.0,2798
2022-12-23 11:53:59,101,41,3854.25,2839
2022-12-23 11:54:00,35,-5,3853.75,2834
2022-12-23 11:54:01,6,-4,3853.75,2830
2022-12-23 11:54:02,64,-54,3853.75,2776
2022-12-23 11:54:03,30,5,3853.75,2781
2022-12-23 11:54:04,40,-11,3853.75,2770
2022-12-23 11:54:05,46,-21,3853.5,2749
2022-12-23 11:54:06,31,8,3853.5,2757
2022-12-23 11:54:07,3,-1,3853.5,2756
2022-12-23 11:54:08,23,-4,3853.75,2752
2022-12-23 11:54:09,20,-4,3853.25,2748
2022-12-23 11:54:10,25,-9,3853.25,2739
2022-12-23 11:54:11,39,-1,3853.75,2738
2022-12-23 11:54:12,11,7,3853.75,2745
2022-12-23 11:54:13,28,-4,3854.0,2741
2022-12-23 11:54:14,11,7,3854.25,2748
2022-12-23 11:54:15,16,5,3854.25,2753
2022-12-23 11:54:16,32,9,3854.5,2762
2022-12-23 11:54:17,42,2,3854.75,2764
2022-12-23 11:54:18,17,-4,3854.75,2760
2022-12-23 11:54:19,5,3,3854.75,2763
2022-12-23 11:54:20,12,-8,3854.5,2755
2022-12-23 11:54:21,4,-2,3854.5,2753
2022-12-23 11:54:22,29,-8,3854.25,2745
2022-12-23 11:54:23,6,5,3854.5,2750
2022-12-23 11:54:24,1,1,3854.75,2751
2022-12-23 11:54:25,15,-6,3854.5,2745
2022-12-23 11:54:26,35,1,3854.75,2746
2022-12-23 11:54:28,26,-9,3854.75,2737
2022-12-23 11:54:29,9,4,3854.75,2741
2022-12-23 11:54:31,42,-11,3854.75,2730
2022-12-23 11:54:32,27,4,3854.75,2734
2022-12-23 11:54:33,15,-9,3854.75,2725
2022-12-23 11:54:34,1,-1,3854.5,2724
2022-12-23 11:54:35,7,-3,3854.5,2721
2022-12-23 11:54:36,5,5,3854.75,2726
2022-12-23 11:54:37,54,27,3855.25,2753
2022-12-23 11:54:38,48,7,3855.25,2760
2022-12-23 11:54:39,5,-5,3854.75,2755
2022-12-23 11:54:40,3,3,3854.75,2758
2022-12-23 11:54:41,21,-8,3854.5,2750
2022-12-23 11:54:42,29,0,3854.25,2750
2022-12-23 11:54:43,42,9,3854.5,2759
2022-12-23 11:54:44,8,3,3854.25,2762
2022-12-23 11:54:45,24,-5,3854.25,2757
2022-12-23 11:54:47,1,-1,3854.25,2756
2022-12-23 11:54:48,8,-3,3854.25,2753
2022-12-23 11:54:49,9,9,3854.5,2762
2022-12-23 11:54:50,28,-1,3854.5,2761
2022-12-23 11:54:51,15,0,3854.25,2761
2022-12-23 11:54:52,13,8,3854.25,2769
2022-12-23 11:54:53,3,3,3854.5,2772
2022-12-23 11:54:54,35,-7,3854.5,2765
2022-12-23 11:54:55,5,4,3854.5,2769
2022-12-23 11:54:56,7,3,3854.75,2772
2022-12-23 11:54:57,2,2,3855.0,2774
2022-12-23 11:54:58,59,-27,3854.75,2747
2022-12-23 11:54:59,7,-6,3854.25,2741
2022-12-23 11:55:00,25,9,3854.25,2750
2022-12-23 11:55:01,18,-1,3854.5,2749
2022-12-23 11:55:03,11,3,3854.5,2752
2022-12-23 11:55:04,2,2,3854.5,2754
2022-12-23 11:55:05,24,6,3854.5,2760
2022-12-23 11:55:06,9,-3,3854.5,2757
2022-12-23 11:55:07,21,4,3854.75,2761
2022-12-23 11:55:08,48,34,3854.75,2795
2022-12-23 11:55:09,24,-17,3854.5,2778
2022-12-23 11:55:10,52,17,3854.25,2795
2022-12-23 11:55:11,30,-21,3854.25,2774
2022-12-23 11:55:12,27,-12,3854.0,2762
2022-12-23 11:55:13,13,-3,3854.25,2759
2022-12-23 11:55:14,7,1,3854.25,2760
2022-12-23 11:55:15,48,4,3854.0,2764
2022-12-23 11:55:16,69,-51,3854.0,2713
2022-12-23 11:55:17,28,9,3853.75,2722
2022-12-23 11:55:18,16,-12,3853.75,2710
2022-12-23 11:55:19,68,3,3853.5,2713
2022-12-23 11:55:20,53,-23,3853.25,2690
2022-12-23 11:55:21,48,-26,3853.25,2664
2022-12-23 11:55:22,42,-7,3853.25,2657
2022-12-23 11:55:23,20,2,3853.75,2659
2022-12-23 11:55:24,14,-3,3853.5,2656
2022-12-23 11:55:25,28,4,3853.5,2660
2022-12-23 11:55:26,28,0,3853.75,2660
2022-12-23 11:55:27,5,1,3853.5,2661
2022-12-23 11:55:28,17,13,3854.0,2674
2022-12-23 11:55:29,52,5,3854.0,2679
2022-12-23 11:55:30,16,-2,3854.25,2677
2022-12-23 11:55:31,10,-2,3854.25,2675
2022-12-23 11:55:32,9,4,3854.5,2679
2022-12-23 11:55:33,1,1,3854.5,2680
2022-12-23 11:55:34,3,-1,3854.5,2679
2022-12-23 11:55:35,45,-1,3854.25,2678
2022-12-23 11:55:36,9,-4,3854.25,2674
2022-12-23 11:55:37,14,-4,3854.25,2670
2022-12-23 11:55:38,12,-1,3854.0,2669
2022-12-23 11:55:39,31,7,3854.25,2676
2022-12-23 11:55:41,39,11,3854.25,2687
2022-12-23 11:55:42,1,-1,3854.25,2686
2022-12-23 11:55:43,40,21,3854.5,2707
2022-12-23 11:55:44,7,-7,3854.25,2700
2022-12-23 11:55:45,31,3,3854.0,2703
2022-12-23 11:55:46,30,-11,3853.75,2692
2022-12-23 11:55:47,23,15,3854.0,2707
2022-12-23 11:55:48,7,-5,3854.0,2702
2022-12-23 11:55:49,6,2,3854.25,2704
2022-12-23 11:55:50,29,1,3854.25,2705
2022-12-23 11:55:53,7,-6,3854.0,2699
2022-12-23 11:55:54,14,6,3854.0,2705
2022-12-23 11:55:56,23,-1,3854.0,2704
2022-12-23 11:55:57,2,0,3853.75,2704
2022-12-23 11:55:58,4,2,3853.75,2706
2022-12-23 11:55:59,12,8,3853.75,2714
2022-12-23 11:56:00,46,9,3854.25,2723
2022-12-23 11:56:01,15,-1,3854.0,2722
2022-12-23 11:56:02,46,-29,3854.5,2693
2022-12-23 11:56:03,2,2,3854.25,2695
2022-12-23 11:56:04,38,9,3854.5,2704
2022-12-23 11:56:05,33,5,3854.75,2709
2022-12-23 11:56:06,80,43,3854.75,2752
2022-12-23 11:56:07,13,0,3854.75,2752
2022-12-23 11:56:08,38,-18,3854.5,2734
2022-12-23 11:56:09,10,-3,3854.5,2731
2022-12-23 11:56:10,1,-1,3854.25,2730
2022-12-23 11:56:11,28,4,3854.75,2734
2022-12-23 11:56:12,17,8,3854.5,2742
2022-12-23 11:56:13,9,9,3854.75,2751
2022-12-23 11:56:14,2,2,3855.0,2753
2022-12-23 11:56:15,89,22,3855.25,2775
2022-12-23 11:56:16,41,24,3855.25,2799
2022-12-23 11:56:17,59,-40,3855.5,2759
2022-12-23 11:56:18,82,27,3855.75,2786
2022-12-23 11:56:19,86,15,3856.0,2801
2022-12-23 11:56:20,47,8,3856.0,2809
2022-12-23 11:56:21,185,61,3856.5,2870
2022-12-23 11:56:22,30,-11,3856.25,2859
2022-12-23 11:56:23,48,2,3856.5,2861
2022-12-23 11:56:24,28,-7,3856.5,2854
2022-12-23 11:56:25,69,-7,3856.25,2847
2022-12-23 11:56:26,34,9,3856.5,2856
2022-12-23 11:56:27,15,-9,3856.5,2847
2022-12-23 11:56:28,17,2,3856.0,2849
2022-12-23 11:56:29,28,-20,3856.0,2829
2022-12-23 11:56:30,37,-1,3855.5,2828
2022-12-23 11:56:31,31,24,3855.5,2852
2022-12-23 11:56:32,25,13,3855.5,2865
2022-12-23 11:56:33,16,-10,3855.75,2855
2022-12-23 11:56:34,12,-3,3855.5,2852
2022-12-23 11:56:35,13,5,3855.25,2857
2022-12-23 11:56:36,17,-11,3855.25,2846
2022-12-23 11:56:37,37,7,3855.0,2853
2022-12-23 11:56:38,23,10,3855.0,2863
2022-12-23 11:56:39,8,4,3855.0,2867
2022-12-23 11:56:40,1,-1,3855.0,2866
2022-12-23 11:56:41,3,-3,3855.0,2863
2022-12-23 11:56:42,38,6,3854.75,2869
2022-12-23 11:56:43,27,4,3854.5,2873
2022-12-23 11:56:44,26,-3,3854.5,2870
2022-12-23 11:56:45,26,6,3854.5,2876
2022-12-23 11:56:46,3,0,3854.5,2876
2022-12-23 11:56:47,14,5,3854.75,2881
2022-12-23 11:56:49,1,1,3854.75,2882
2022-12-23 11:56:50,34,-9,3854.5,2873
2022-12-23 11:56:51,44,-2,3854.25,2871
2022-12-23 11:56:53,15,10,3854.5,2881
2022-12-23 11:56:54,10,-1,3854.75,2880
2022-12-23 11:56:55,14,-6,3854.75,2874
2022-12-23 11:56:56,78,32,3855.5,2906
2022-12-23 11:56:57,8,3,3855.75,2909
2022-12-23 11:56:58,27,-14,3855.5,2895
2022-12-23 11:56:59,33,13,3855.5,2908
2022-12-23 11:57:00,110,7,3855.5,2915
2022-12-23 11:57:01,15,-14,3855.5,2901
2022-12-23 11:57:02,2,2,3855.5,2903
2022-12-23 11:57:03,38,-4,3855.75,2899
2022-12-23 11:57:04,38,-19,3855.75,2880
2022-12-23 11:57:05,17,1,3855.75,2881
2022-12-23 11:57:06,1,-1,3855.5,2880
2022-12-23 11:57:07,36,-1,3855.5,2879
2022-12-23 11:57:08,14,2,3855.25,2881
2022-12-23 11:57:09,26,0,3855.0,2881
2022-12-23 11:57:10,5,1,3855.25,2882
2022-12-23 11:57:11,23,-3,3855.5,2879
2022-12-23 11:57:12,8,-1,3855.5,2878
2022-12-23 11:57:13,2,-2,3855.25,2876
2022-12-23 11:57:14,41,-1,3855.5,2875
2022-12-23 11:57:15,8,4,3855.5,2879
2022-12-23 11:57:16,19,-2,3855.5,2877
2022-12-23 11:57:17,5,0,3855.5,2877
2022-12-23 11:57:18,18,-4,3855.5,2873
2022-12-23 11:57:19,15,-9,3855.25,2864
2022-12-23 11:57:20,37,1,3855.5,2865
2022-12-23 11:57:21,12,-2,3855.5,2863
2022-12-23 11:57:23,9,-2,3855.5,2861
2022-12-23 11:57:24,1,1,3855.75,2862
2022-12-23 11:57:25,45,25,3856.25,2887
2022-12-23 11:57:26,40,-23,3856.0,2864
2022-12-23 11:57:27,38,8,3856.5,2872
2022-12-23 11:57:28,57,31,3857.0,2903
2022-12-23 11:57:29,70,10,3857.25,2913
2022-12-23 11:57:30,19,-9,3857.25,2904
2022-12-23 11:57:31,59,25,3857.5,2929
2022-12-23 11:57:32,38,-13,3857.5,2916
2022-12-23 11:57:33,10,5,3857.5,2921
2022-12-23 11:57:34,53,-68,3857.5,2853
2022-12-23 11:57:35,34,9,3857.5,2862
2022-12-23 11:57:36,15,-3,3857.5,2859
2022-12-23 11:57:37,21,16,3857.5,2875
2022-12-23 11:57:38,37,-9,3857.75,2866
2022-12-23 11:57:39,22,-15,3857.5,2851
2022-12-23 11:57:40,56,12,3857.25,2863
2022-12-23 11:57:41,11,2,3857.0,2865
2022-12-23 11:57:42,38,-15,3857.0,2850
2022-12-23 11:57:44,6,-6,3856.75,2844
2022-12-23 11:57:45,20,2,3856.75,2846
2022-12-23 11:57:46,16,3,3856.75,2849
2022-12-23 11:57:47,11,-4,3856.75,2845
2022-12-23 11:57:48,38,7,3856.75,2852
2022-12-23 11:57:49,8,-6,3856.5,2846
2022-12-23 11:57:50,10,-8,3856.5,2838
2022-12-23 11:57:51,45,13,3856.5,2851
2022-12-23 11:57:52,2,2,3856.5,2853
2022-12-23 11:57:53,13,-8,3856.25,2845
2022-12-23 11:57:54,12,-5,3856.25,2840
2022-12-23 11:57:55,20,5,3856.25,2845
2022-12-23 11:57:56,8,1,3856.25,2846
2022-12-23 11:57:57,21,2,3856.25,2848
2022-12-23 11:57:58,11,-5,3856.25,2843
2022-12-23 11:57:59,3,1,3856.25,2844
2022-12-23 11:58:00,87,19,3856.5,2863
2022-12-23 11:58:02,46,-8,3856.25,2855
2022-12-23 11:58:03,47,10,3856.25,2865
2022-12-23 11:58:04,1,1,3856.0,2866
2022-12-23 11:58:05,56,12,3856.25,2878
2022-12-23 11:58:06,1,1,3856.5,2879
2022-12-23 11:58:07,10,-10,3856.25,2869
2022-12-23 11:58:08,27,3,3856.25,2872
2022-12-23 11:58:09,10,4,3856.5,2876
2022-12-23 11:58:10,3,1,3856.5,2877
2022-12-23 11:58:11,19,10,3856.5,2887
2022-12-23 11:58:12,2,-2,3856.25,2885
2022-12-23 11:58:14,36,-3,3856.75,2882
2022-12-23 11:58:15,9,-3,3856.5,2879
2022-12-23 11:58:16,5,-1,3856.5,2878
2022-12-23 11:58:17,15,-2,3856.75,2876
2022-12-23 11:58:18,9,-8,3856.25,2868
2022-12-23 11:58:19,16,5,3856.25,2873
2022-12-23 11:58:20,11,-5,3856.0,2868
2022-12-23 11:58:21,53,-9,3856.0,2859
2022-12-23 11:58:22,32,6,3855.75,2865
2022-12-23 11:58:23,9,-2,3856.0,2863
2022-12-23 11:58:24,21,2,3856.0,2865
2022-12-23 11:58:25,19,0,3856.0,2865
2022-12-23 11:58:26,1,1,3856.0,2866
2022-12-23 11:58:27,6,0,3856.0,2866
2022-12-23 11:58:28,31,6,3856.25,2872
2022-12-23 11:58:29,7,-5,3856.0,2867
2022-12-23 11:58:30,41,-2,3856.25,2865
2022-12-23 11:58:31,19,0,3856.0,2865
2022-12-23 11:58:33,3,1,3856.0,2866
2022-12-23 11:58:34,12,9,3856.25,2875
2022-12-23 11:58:35,25,7,3856.5,2882
2022-12-23 11:58:36,8,4,3856.75,2886
2022-12-23 11:58:37,34,8,3856.75,2894
2022-12-23 11:58:38,1,1,3856.75,2895
2022-12-23 11:58:39,51,3,3857.0,2898
2022-12-23 11:58:40,18,-9,3856.5,2889
2022-12-23 11:58:41,122,-5,3856.5,2884
2022-12-23 11:58:42,32,-2,3856.0,2882
2022-12-23 11:58:43,15,-1,3856.0,2881
2022-12-23 11:58:44,30,-3,3855.75,2878
2022-12-23 11:58:45,15,-4,3855.75,2874
2022-12-23 11:58:46,1,-1,3855.75,2873
2022-12-23 11:58:47,13,5,3856.25,2878
2022-12-23 11:58:48,21,0,3856.25,2878
2022-12-23 11:58:49,36,4,3856.75,2882
2022-12-23 11:58:50,24,15,3857.0,2897
2022-12-23 11:58:52,3,1,3857.0,2898
2022-12-23 11:58:53,23,3,3857.0,2901
2022-12-23 11:58:54,37,5,3857.25,2906
2022-12-23 11:58:55,4,0,3857.25,2906
2022-12-23 11:58:56,34,-11,3857.25,2895
2022-12-23 11:58:58,24,8,3857.25,2903
2022-12-23 11:58:59,5,-1,3857.25,2902
2022-12-23 11:59:00,28,-12,3857.25,2890
2022-12-23 11:59:01,34,-7,3856.75,2883
2022-12-23 11:59:02,10,8,3857.0,2891
2022-12-23 11:59:03,9,2,3856.75,2893
2022-12-23 11:59:04,17,3,3856.75,2896
2022-12-23 11:59:05,17,2,3857.0,2898
2022-12-23 11:59:06,13,6,3857.25,2904
2022-12-23 11:59:07,3,1,3857.5,2905
2022-12-23 11:59:09,33,10,3857.5,2915
2022-12-23 11:59:10,54,-23,3857.25,2892
2022-12-23 11:59:13,2,2,3857.25,2894
2022-12-23 11:59:14,15,9,3857.25,2903
2022-12-23 11:59:15,16,-13,3857.25,2890
2022-12-23 11:59:16,32,-1,3856.75,2889
2022-12-23 11:59:17,11,-2,3856.75,2887
2022-12-23 11:59:18,11,-6,3856.75,2881
2022-12-23 11:59:19,36,-20,3856.75,2861
2022-12-23 11:59:20,45,-1,3856.5,2860
2022-12-23 11:59:22,21,1,3856.5,2861
2022-12-23 11:59:23,41,8,3856.5,2869
2022-12-23 11:59:24,6,6,3857.0,2875
2022-12-23 11:59:25,3,-1,3857.0,2874
2022-12-23 11:59:26,35,-1,3857.25,2873
2022-12-23 11:59:27,24,2,3857.25,2875
2022-12-23 11:59:28,26,-1,3857.25,2874
2022-12-23 11:59:29,14,-8,3857.25,2866
2022-12-23 11:59:30,11,-5,3856.75,2861
2022-12-23 11:59:32,23,6,3857.0,2867
2022-12-23 11:59:33,8,1,3857.0,2868
2022-12-23 11:59:34,29,1,3857.0,2869
2022-12-23 11:59:35,28,7,3857.0,2876
2022-12-23 11:59:36,8,-3,3857.0,2873
2022-12-23 11:59:37,14,4,3857.25,2877
2022-12-23 11:59:38,7,2,3857.25,2879
2022-12-23 11:59:39,18,5,3857.25,2884
2022-12-23 11:59:40,22,-2,3857.0,2882
2022-12-23 11:59:41,14,-12,3856.75,2870
2022-12-23 11:59:42,20,-1,3856.75,2869
2022-12-23 11:59:43,1,1,3857.0,2870
2022-12-23 11:59:46,22,12,3857.0,2882
2022-12-23 11:59:48,6,-4,3857.0,2878
2022-12-23 11:59:49,13,12,3857.25,2890
2022-12-23 11:59:50,22,5,3857.25,2895
2022-12-23 11:59:51,15,0,3857.25,2895
2022-12-23 11:59:52,17,10,3857.5,2905
2022-12-23 11:59:53,19,-2,3857.5,2903
2022-12-23 11:59:54,26,-2,3857.5,2901
2022-12-23 11:59:55,8,-7,3857.25,2894
2022-12-23 11:59:56,35,-9,3857.25,2885
2022-12-23 11:59:58,26,10,3857.25,2895
2022-12-23 11:59:59,18,8,3857.5,2903
2022-12-23 12:00:00,178,29,3857.75,2932
2022-12-23 12:00:01,35,11,3857.75,2943
2022-12-23 12:00:02,26,-23,3857.5,2920
2022-12-23 12:00:03,1,-1,3856.75,2919
2022-12-23 12:00:04,21,6,3857.0,2925
2022-12-23 12:00:05,11,3,3857.0,2928
2022-12-23 12:00:07,13,3,3857.0,2931
2022-12-23 12:00:08,22,-2,3856.75,2929
2022-12-23 12:00:09,20,-13,3856.75,2916
2022-12-23 12:00:10,14,2,3856.75,2918
2022-12-23 12:00:11,37,25,3857.5,2943
2022-12-23 12:00:12,54,-7,3857.75,2936
2022-12-23 12:00:13,33,-2,3857.75,2934
2022-12-23 12:00:14,7,4,3857.75,2938
2022-12-23 12:00:15,20,3,3858.0,2941
2022-12-23 12:00:16,43,-10,3857.75,2931
2022-12-23 12:00:17,22,16,3857.75,2947
2022-12-23 12:00:18,11,-7,3857.75,2940
2022-12-23 12:00:19,25,-10,3857.5,2930
2022-12-23 12:00:20,7,-5,3857.5,2925
2022-12-23 12:00:21,25,-5,3857.25,2920
2022-12-23 12:00:22,16,4,3857.25,2924
2022-12-23 12:00:23,17,8,3857.5,2932
2022-12-23 12:00:24,17,4,3857.5,2936
2022-12-23 12:00:26,18,-4,3857.5,2932
2022-12-23 12:00:27,5,-3,3857.0,2929
2022-12-23 12:00:28,15,6,3857.25,2935
2022-12-23 12:00:29,12,-10,3857.0,2925
2022-12-23 12:00:30,37,-4,3857.25,2921
2022-12-23 12:00:31,5,-1,3857.25,2920
2022-12-23 12:00:32,2,0,3857.5,2920
2022-12-23 12:00:33,40,-11,3857.5,2909
2022-12-23 12:00:34,14,-5,3857.25,2904
2022-12-23 12:00:35,25,11,3857.5,2915
2022-12-23 12:00:36,22,3,3857.5,2918
2022-12-23 12:00:37,31,4,3857.75,2922
2022-12-23 12:00:38,27,0,3857.75,2922
2022-12-23 12:00:39,18,0,3857.75,2922
2022-12-23 12:00:40,6,-2,3857.75,2920
2022-12-23 12:00:41,71,26,3858.25,2946
2022-12-23 12:00:42,86,30,3858.5,2976
2022-12-23 12:00:43,19,5,3858.25,2981
2022-12-23 12:00:44,59,24,3859.0,3005
2022-12-23 12:00:45,111,44,3859.5,3049
2022-12-23 12:00:46,143,42,3859.75,3091
2022-12-23 12:00:47,69,1,3859.75,3092
2022-12-23 12:00:48,201,106,3860.5,3198
2022-12-23 12:00:49,142,47,3861.0,3245
2022-12-23 12:00:50,125,5,3860.75,3250
2022-12-23 12:00:51,76,18,3860.75,3268
2022-12-23 12:00:52,61,-2,3860.75,3266
2022-12-23 12:00:53,32,2,3860.75,3268
2022-12-23 12:00:54,6,0,3860.5,3268
2022-12-23 12:00:55,51,-13,3860.5,3255
2022-12-23 12:00:56,3,-1,3860.25,3254
2022-12-23 12:00:57,71,-5,3860.5,3249
2022-12-23 12:00:58,8,8,3860.75,3257
2022-12-23 12:00:59,14,-2,3860.75,3255
2022-12-23 12:01:00,60,7,3860.75,3262
2022-12-23 12:01:01,18,0,3860.75,3262
2022-12-23 12:01:02,8,2,3860.75,3264
2022-12-23 12:01:03,84,38,3861.0,3302
2022-12-23 12:01:04,110,4,3861.25,3306
2022-12-23 12:01:05,61,4,3861.25,3310
2022-12-23 12:01:06,41,-4,3861.25,3306
2022-12-23 12:01:07,75,-19,3861.0,3287
2022-12-23 12:01:08,36,-14,3860.75,3273
2022-12-23 12:01:09,174,-4,3860.25,3269
2022-12-23 12:01:10,83,-34,3859.5,3235
2022-12-23 12:01:11,11,5,3859.25,3240
2022-12-23 12:01:12,48,-5,3859.0,3235
2022-12-23 12:01:13,27,-1,3859.0,3234
2022-12-23 12:01:14,102,-57,3859.0,3177
2022-12-23 12:01:15,42,6,3859.25,3183
2022-12-23 12:01:16,14,7,3859.25,3190
2022-12-23 12:01:17,34,5,3860.0,3195
2022-12-23 12:01:18,7,7,3859.75,3202
2022-12-23 12:01:19,11,11,3860.25,3213
2022-12-23 12:01:20,9,-2,3860.0,3211
2022-12-23 12:01:21,24,3,3860.0,3214
2022-12-23 12:01:22,23,4,3860.0,3218
2022-12-23 12:01:23,12,0,3860.0,3218
2022-12-23 12:01:24,21,0,3860.25,3218
2022-12-23 12:01:25,16,-8,3860.0,3210
2022-12-23 12:01:26,3,1,3860.0,3211
2022-12-23 12:01:28,35,-6,3860.0,3205
2022-12-23 12:01:29,19,2,3859.75,3207
2022-12-23 12:01:30,10,-10,3859.75,3197
2022-12-23 12:01:31,31,13,3860.25,3210
2022-12-23 12:01:32,8,6,3860.25,3216
2022-12-23 12:01:33,14,-4,3860.25,3212
2022-12-23 12:01:35,29,-9,3860.25,3203
2022-12-23 12:01:36,14,-4,3860.25,3199
2022-12-23 12:01:37,23,-6,3860.25,3193
2022-12-23 12:01:38,5,3,3860.25,3196
2022-12-23 12:01:39,113,87,3861.0,3283
2022-12-23 12:01:40,49,23,3861.0,3306
2022-12-23 12:01:41,35,0,3860.75,3306
2022-12-23 12:01:42,2,0,3861.0,3306
2022-12-23 12:01:43,43,-3,3861.0,3303
2022-12-23 12:01:44,27,-2,3861.0,3301
2022-12-23 12:01:45,20,11,3861.0,3312
2022-12-23 12:01:46,14,-10,3861.0,3302
2022-12-23 12:01:47,37,2,3861.0,3304
2022-12-23 12:01:48,4,0,3861.0,3304
2022-12-23 12:01:49,2,2,3861.0,3306
2022-12-23 12:01:50,26,-18,3860.75,3288
2022-12-23 12:01:51,39,-10,3860.25,3278
2022-12-23 12:01:52,47,7,3860.25,3285
2022-12-23 12:01:53,75,-10,3860.0,3275
2022-12-23 12:01:54,28,-2,3860.0,3273
2022-12-23 12:01:55,54,-8,3859.75,3265
2022-12-23 12:01:56,30,-17,3859.5,3248
2022-12-23 12:01:57,39,-1,3859.75,3247
2022-12-23 12:01:58,22,-19,3859.75,3228
2022-12-23 12:01:59,8,0,3859.75,3228
2022-12-23 12:02:00,47,14,3859.75,3242
2022-12-23 12:02:01,43,6,3859.75,3248
2022-12-23 12:02:02,6,3,3860.0,3251
2022-12-23 12:02:03,59,-6,3860.0,3245
2022-12-23 12:02:04,36,13,3860.5,3258
2022-12-23 12:02:05,27,13,3860.25,3271
2022-12-23 12:02:06,25,-3,3860.5,3268
2022-12-23 12:02:07,19,6,3860.75,3274
2022-12-23 12:02:08,46,11,3861.25,3285
2022-12-23 12:02:09,23,3,3861.0,3288
2022-12-23 12:02:10,51,37,3861.5,3325
2022-12-23 12:02:11,47,-17,3861.5,3308
2022-12-23 12:02:12,78,-25,3861.25,3283
2022-12-23 12:02:13,22,-7,3860.5,3276
2022-12-23 12:02:14,14,3,3860.5,3279
2022-12-23 12:02:15,12,10,3860.75,3289
2022-12-23 12:02:16,23,9,3860.5,3298
2022-12-23 12:02:17,5,0,3860.75,3298
2022-12-23 12:02:18,66,15,3861.0,3313
2022-12-23 12:02:19,20,-7,3860.75,3306
2022-12-23 12:02:20,9,9,3860.75,3315
2022-12-23 12:02:21,59,12,3861.0,3327
2022-12-23 12:02:22,31,-10,3861.0,3317
2022-12-23 12:02:23,11,2,3861.25,3319
2022-12-23 12:02:24,33,-22,3861.0,3297
2022-12-23 12:02:25,19,0,3861.0,3297
2022-12-23 12:02:26,17,0,3861.25,3297
2022-12-23 12:02:27,9,6,3861.25,3303
2022-12-23 12:02:28,9,-8,3861.25,3295
2022-12-23 12:02:29,59,20,3861.0,3315
2022-12-23 12:02:30,99,62,3861.75,3377
2022-12-23 12:02:31,19,-11,3861.25,3366
2022-12-23 12:02:32,63,-5,3861.25,3361
2022-12-23 12:02:33,12,10,3861.25,3371
2022-12-23 12:02:34,25,-11,3861.25,3360
2022-12-23 12:02:35,11,-5,3861.25,3355
2022-12-23 12:02:36,28,-1,3861.0,3354
2022-12-23 12:02:37,21,-4,3861.25,3350
2022-12-23 12:02:38,14,7,3861.25,3357
2022-12-23 12:02:39,18,3,3861.25,3360
2022-12-23 12:02:40,24,5,3861.25,3365
2022-12-23 12:02:41,2,0,3861.25,3365
2022-12-23 12:02:42,43,-2,3861.0,3363
2022-12-23 12:02:43,10,4,3861.0,3367
2022-12-23 12:02:44,35,-7,3861.25,3360
2022-12-23 12:02:45,105,28,3861.25,3388
2022-12-23 12:02:46,60,-13,3861.0,3375
2022-12-23 12:02:47,54,21,3861.0,3396
2022-12-23 12:02:48,25,3,3861.0,3399
2022-12-23 12:02:49,23,8,3861.0,3407
2022-12-23 12:02:50,40,-7,3860.75,3400
2022-12-23 12:02:51,10,-8,3860.5,3392
2022-12-23 12:02:52,11,7,3860.75,3399
2022-12-23 12:02:53,12,10,3861.0,3409
2022-12-23 12:02:54,32,-17,3860.75,3392
2022-12-23 12:02:55,28,8,3860.75,3400
2022-12-23 12:02:56,5,1,3861.0,3401
2022-12-23 12:02:57,3,2,3861.25,3403
2022-12-23 12:02:58,9,-9,3861.0,3394
2022-12-23 12:02:59,15,4,3861.0,3398
2022-12-23 12:03:00,151,32,3861.75,3430
2022-12-23 12:03:01,34,-5,3861.75,3425
2022-12-23 12:03:02,122,63,3862.5,3488
2022-12-23 12:03:03,66,-1,3862.75,3487
2022-12-23 12:03:04,35,-6,3862.75,3481
2022-12-23 12:03:05,27,-1,3862.5,3480
2022-12-23 12:03:06,48,6,3862.5,3486
2022-12-23 12:03:07,29,-17,3862.5,3469
2022-12-23 12:03:08,40,-11,3862.0,3458
2022-12-23 12:03:09,39,10,3861.75,3468
2022-12-23 12:03:10,61,-14,3861.5,3454
2022-12-23 12:03:11,47,14,3861.5,3468
2022-12-23 12:03:12,128,24,3861.75,3492
2022-12-23 12:03:13,22,0,3861.75,3492
2022-12-23 12:03:14,73,-25,3861.5,3467
2022-12-23 12:03:15,23,7,3861.0,3474
2022-12-23 12:03:16,22,0,3861.25,3474
2022-12-23 12:03:17,1,-1,3861.0,3473
2022-12-23 12:03:18,36,7,3861.25,3480
2022-12-23 12:03:19,14,-8,3861.25,3472
2022-12-23 12:03:20,14,11,3861.25,3483
2022-12-23 12:03:21,29,-7,3861.0,3476
2022-12-23 12:03:22,17,-3,3861.0,3473
2022-12-23 12:03:23,14,7,3861.25,3480
2022-12-23 12:03:24,3,-1,3861.5,3479
2022-12-23 12:03:25,3,1,3861.5,3480
2022-12-23 12:03:26,26,-1,3861.5,3479
2022-12-23 12:03:27,7,5,3861.5,3484
2022-12-23 12:03:28,3,3,3861.5,3487
2022-12-23 12:03:29,48,36,3862.0,3523
2022-12-23 12:03:30,37,-15,3862.0,3508
2022-12-23 12:03:31,7,6,3861.5,3514
2022-12-23 12:03:32,1,-1,3861.5,3513
2022-12-23 12:03:33,18,5,3861.5,3518
2022-12-23 12:03:34,9,3,3861.5,3521
2022-12-23 12:03:35,52,-13,3861.5,3508
2022-12-23 12:03:36,22,1,3861.0,3509
2022-12-23 12:03:37,39,10,3861.0,3519
2022-12-23 12:03:38,16,2,3861.0,3521
2022-12-23 12:03:40,5,5,3861.0,3526
2022-12-23 12:03:41,26,6,3861.25,3532
2022-12-23 12:03:42,6,4,3861.25,3536
2022-12-23 12:03:43,10,-6,3861.5,3530
2022-12-23 12:03:44,78,74,3861.75,3604
2022-12-23 12:03:45,59,-20,3861.75,3584
2022-12-23 12:03:46,19,-1,3861.75,3583
2022-12-23 12:03:47,31,3,3861.75,3586
2022-12-23 12:03:48,2,2,3861.75,3588
2022-12-23 12:03:49,9,-6,3861.5,3582
2022-12-23 12:03:50,3,1,3861.5,3583
2022-12-23 12:03:51,12,-4,3861.25,3579
2022-12-23 12:03:52,17,1,3861.5,3580
2022-12-23 12:03:53,9,7,3861.25,3587
2022-12-23 12:03:54,6,-3,3861.25,3584
2022-12-23 12:03:55,22,13,3861.5,3597
2022-12-23 12:03:56,26,7,3861.5,3604
2022-12-23 12:03:57,17,-14,3861.5,3590
2022-12-23 12:03:58,1,-1,3861.5,3589
2022-12-23 12:03:59,9,-2,3861.75,3587
2022-12-23 12:04:00,88,-8,3861.75,3579
2022-12-23 12:04:01,19,-10,3861.75,3569
2022-12-23 12:04:02,43,-19,3861.25,3550
2022-12-23 12:04:03,29,-14,3861.25,3536
2022-12-23 12:04:04,52,-19,3860.75,3517
2022-12-23 12:04:05,55,-9,3860.5,3508
2022-12-23 12:04:06,45,11,3861.0,3519
2022-12-23 12:04:07,9,5,3860.75,3524
2022-12-23 12:04:08,56,24,3861.5,3548
2022-12-23 12:04:09,32,-18,3861.5,3530
2022-12-23 12:04:10,2,2,3861.25,3532
2022-12-23 12:04:11,19,1,3861.5,3533
2022-12-23 12:04:12,14,3,3861.25,3536
2022-12-23 12:04:13,2,0,3861.25,3536
2022-12-23 12:04:14,24,-3,3861.25,3533
2022-12-23 12:04:15,33,1,3861.25,3534
2022-12-23 12:04:16,24,10,3861.5,3544
2022-12-23 12:04:17,2,-2,3861.25,3542
2022-12-23 12:04:18,10,8,3861.5,3550
2022-12-23 12:04:20,30,-10,3861.25,3540
2022-12-23 12:04:21,2,1,3861.25,3541
2022-12-23 12:04:22,30,-16,3861.0,3525
2022-12-23 12:04:23,26,-15,3861.0,3510
2022-12-23 12:04:24,28,-7,3860.5,3503
2022-12-23 12:04:25,30,-17,3860.5,3486
2022-12-23 12:04:26,49,-27,3860.25,3459
2022-12-23 12:04:27,16,0,3860.5,3459
2022-12-23 12:04:28,54,-13,3860.5,3446
2022-12-23 12:04:29,6,6,3860.75,3452
2022-12-23 12:04:30,47,8,3861.25,3460
2022-12-23 12:04:31,15,-14,3861.0,3446
2022-12-23 12:04:32,19,-12,3860.5,3434
2022-12-23 12:04:33,65,24,3860.75,3458
2022-12-23 12:04:34,14,-5,3860.5,3453
2022-12-23 12:04:35,22,-1,3860.75,3452
2022-12-23 12:04:36,27,7,3860.5,3459
2022-12-23 12:04:37,6,-1,3860.25,3458
2022-12-23 12:04:38,29,1,3860.5,3459
2022-12-23 12:04:39,19,-1,3860.5,3458
2022-12-23 12:04:40,39,-2,3860.5,3456
2022-12-23 12:04:41,34,0,3860.25,3456
2022-12-23 12:04:42,23,5,3860.75,3461
2022-12-23 12:04:43,11,-5,3860.5,3456
2022-12-23 12:04:45,3,1,3860.5,3457
2022-12-23 12:04:46,45,-7,3860.0,3450
2022-12-23 12:04:47,3,-2,3860.0,3448
2022-12-23 12:04:48,1,1,3860.25,3449
2022-12-23 12:04:49,1,-1,3860.0,3448
2022-12-23 12:04:50,91,-35,3860.0,3413
2022-12-23 12:04:51,23,-6,3859.75,3407
2022-12-23 12:04:52,14,-9,3859.5,3398
2022-12-23 12:04:53,18,-3,3859.5,3395
2022-12-23 12:04:54,105,-60,3859.25,3335
2022-12-23 12:04:55,54,28,3859.75,3363
2022-12-23 12:04:56,40,20,3860.0,3383
2022-12-23 12:04:57,28,-13,3859.75,3370
2022-12-23 12:04:58,16,-3,3859.75,3367
2022-12-23 12:04:59,2,2,3859.75,3369
2022-12-23 12:05:00,41,2,3860.25,3371
2022-12-23 12:05:01,10,-7,3860.25,3364
2022-12-23 12:05:02,24,2,3860.25,3366
2022-12-23 12:05:03,15,0,3860.25,3366
2022-12-23 12:05:04,2,0,3860.25,3366
2022-12-23 12:05:05,18,-4,3860.5,3362
2022-12-23 12:05:06,28,12,3860.75,3374
2022-12-23 12:05:07,47,29,3861.0,3403
2022-12-23 12:05:08,16,-3,3861.0,3400
2022-12-23 12:05:10,54,16,3861.0,3416
2022-12-23 12:05:11,8,-7,3861.0,3409
2022-12-23 12:05:12,43,-1,3861.0,3408
2022-12-23 12:05:13,48,-22,3860.75,3386
2022-12-23 12:05:14,31,-23,3860.0,3363
2022-12-23 12:05:15,17,-1,3860.0,3362
2022-12-23 12:05:16,23,-2,3859.75,3360
2022-12-23 12:05:17,9,7,3860.0,3367
2022-12-23 12:05:18,16,5,3860.25,3372
2022-12-23 12:05:19,38,-2,3860.25,3370
2022-12-23 12:05:20,6,1,3860.25,3371
2022-12-23 12:05:21,3,-1,3860.25,3370
2022-12-23 12:05:22,14,0,3860.25,3370
2022-12-23 12:05:23,1,-1,3859.75,3369
2022-12-23 12:05:25,31,-2,3860.0,3367
2022-12-23 12:05:26,4,2,3860.0,3369
2022-12-23 12:05:28,9,9,3860.25,3378
2022-12-23 12:05:29,36,-7,3860.25,3371
2022-12-23 12:05:30,16,5,3860.25,3376
2022-12-23 12:05:32,29,-3,3860.0,3373
2022-12-23 12:05:33,9,-1,3860.0,3372
2022-12-23 12:05:34,57,-10,3859.75,3362
2022-12-23 12:05:35,62,-43,3859.25,3319
2022-12-23 12:05:36,7,1,3859.25,3320
2022-12-23 12:05:37,28,1,3859.25,3321
2022-12-23 12:05:38,1,-1,3859.25,3320
2022-12-23 12:05:39,43,4,3859.5,3324
2022-12-23 12:05:40,6,-3,3859.25,3321
2022-12-23 12:05:41,129,-100,3859.0,3221
2022-12-23 12:05:42,58,24,3859.25,3245
2022-12-23 12:05:43,35,16,3859.5,3261
2022-12-23 12:05:44,21,3,3859.75,3264
2022-12-23 12:05:45,1,1,3859.75,3265
2022-12-23 12:05:46,14,-6,3859.5,3259
2022-12-23 12:05:47,33,7,3859.75,3266
2022-12-23 12:05:49,12,7,3859.75,3273
2022-12-23 12:05:51,17,-8,3859.75,3265
2022-12-23 12:05:52,138,-137,3859.25,3128
2022-12-23 12:05:53,11,-5,3859.0,3123
2022-12-23 12:05:54,3,1,3859.0,3124
2022-12-23 12:05:55,52,-10,3858.75,3114
2022-12-23 12:05:56,24,1,3858.75,3115
2022-12-23 12:05:57,63,-12,3858.75,3103
2022-12-23 12:05:58,64,-15,3858.75,3088
2022-12-23 12:05:59,33,12,3858.75,3100
2022-12-23 12:06:00,33,10,3859.0,3110
2022-12-23 12:06:01,44,-1,3858.75,3109
2022-12-23 12:06:02,179,-89,3858.5,3020
2022-12-23 12:06:03,51,-19,3858.0,3001
2022-12-23 12:06:04,30,-3,3858.25,2998
2022-12-23 12:06:05,94,-20,3858.25,2978
2022-12-23 12:06:06,34,-2,3858.25,2976
2022-12-23 12:06:07,1,1,3858.25,2977
2022-12-23 12:06:08,43,-12,3858.0,2965
2022-12-23 12:06:09,15,4,3858.0,2969
2022-12-23 12:06:10,34,13,3858.25,2982
2022-12-23 12:06:11,11,8,3858.25,2990
2022-12-23 12:06:12,49,6,3858.25,2996
2022-12-23 12:06:13,87,11,3858.5,3007
2022-12-23 12:06:14,109,22,3859.0,3029
2022-12-23 12:06:15,18,12,3858.75,3041
2022-12-23 12:06:16,39,-13,3858.75,3028
2022-12-23 12:06:17,21,-2,3858.25,3026
2022-12-23 12:06:18,5,-3,3858.25,3023
2022-12-23 12:06:19,9,9,3858.5,3032
2022-12-23 12:06:20,1,1,3858.75,3033
2022-12-23 12:06:21,15,-7,3858.5,3026
2022-12-23 12:06:22,37,-3,3858.5,3023
2022-12-23 12:06:23,10,4,3858.5,3027
2022-12-23 12:06:24,9,-4,3858.25,3023
2022-12-23 12:06:25,8,-3,3858.5,3020
2022-12-23 12:06:26,145,3,3858.75,3023
2022-12-23 12:06:27,1,1,3858.75,3024
2022-12-23 12:06:28,67,-10,3858.75,3014
2022-12-23 12:06:29,34,-26,3858.5,2988
2022-12-23 12:06:30,21,-2,3858.5,2986
2022-12-23 12:06:32,33,-16,3858.25,2970
2022-12-23 12:06:33,112,-38,3858.0,2932
2022-12-23 12:06:34,37,-15,3857.5,2917
2022-12-23 12:06:35,127,9,3857.75,2926
2022-12-23 12:06:36,20,6,3857.5,2932
2022-12-23 12:06:37,2,-2,3857.5,2930
2022-12-23 12:06:38,70,12,3857.75,2942
2022-12-23 12:06:39,10,1,3857.75,2943
2022-12-23 12:06:40,5,1,3858.0,2944
2022-12-23 12:06:41,11,-5,3857.75,2939
2022-12-23 12:06:42,23,-2,3857.5,2937
2022-12-23 12:06:43,50,5,3857.75,2942
2022-12-23 12:06:44,2,0,3857.5,2942
2022-12-23 12:06:45,9,-1,3857.5,2941
2022-12-23 12:06:46,18,6,3857.75,2947
2022-12-23 12:06:47,41,-14,3858.0,2933
2022-12-23 12:06:48,68,-4,3857.75,2929
2022-12-23 12:06:49,32,-19,3857.5,2910
2022-12-23 12:06:50,42,7,3857.5,2917
2022-12-23 12:06:51,34,4,3857.75,2921
2022-12-23 12:06:52,11,4,3858.0,2925
2022-12-23 12:06:53,2,-2,3857.75,2923
2022-12-23 12:06:54,16,-13,3857.75,2910
2022-12-23 12:06:55,33,-4,3857.5,2906
2022-12-23 12:06:56,66,-19,3857.25,2887
2022-12-23 12:06:57,46,-4,3857.0,2883
2022-12-23 12:06:58,135,-31,3856.75,2852
2022-12-23 12:06:59,39,-17,3857.0,2835
2022-12-23 12:07:00,84,-15,3857.25,2820
2022-12-23 12:07:01,29,7,3857.0,2827
2022-12-23 12:07:02,20,11,3857.25,2838
2022-12-23 12:07:03,63,13,3857.75,2851
2022-12-23 12:07:04,28,4,3857.5,2855
2022-12-23 12:07:05,4,0,3857.75,2855
2022-12-23 12:07:06,25,16,3857.75,2871
2022-12-23 12:07:07,19,10,3858.0,2881
2022-12-23 12:07:08,13,-8,3858.0,2873
2022-12-23 12:07:09,20,7,3858.0,2880
2022-12-23 12:07:10,15,-3,3858.0,2877
2022-12-23 12:07:11,1,1,3858.25,2878
2022-12-23 12:07:12,9,4,3858.25,2882
2022-12-23 12:07:13,35,12,3858.5,2894
2022-12-23 12:07:14,6,3,3858.25,2897
2022-12-23 12:07:15,6,4,3858.25,2901
2022-12-23 12:07:16,51,21,3858.75,2922
2022-12-23 12:07:17,7,1,3858.75,2923
2022-12-23 12:07:18,36,-16,3858.75,2907
2022-12-23 12:07:19,17,-6,3858.25,2901
2022-12-23 12:07:20,2,2,3858.25,2903
2022-12-23 12:07:21,84,-30,3858.0,2873
2022-12-23 12:07:22,11,5,3857.75,2878
2022-12-23 12:07:23,36,-11,3857.75,2867
2022-12-23 12:07:24,2,2,3857.25,2869
2022-12-23 12:07:25,19,-3,3857.5,2866
2022-12-23 12:07:28,23,12,3858.0,2878
2022-12-23 12:07:30,32,-2,3858.0,2876
2022-12-23 12:07:31,15,2,3858.25,2878
2022-12-23 12:07:32,8,0,3858.0,2878
2022-12-23 12:07:33,10,10,3858.25,2888
2022-12-23 12:07:34,4,-4,3858.25,2884
2022-12-23 12:07:35,1,-1,3858.0,2883
2022-12-23 12:07:36,1,1,3858.25,2884
2022-12-23 12:07:37,14,-5,3858.0,2879
2022-12-23 12:07:38,18,8,3858.0,2887
2022-12-23 12:07:39,1,-1,3857.75,2886
2022-12-23 12:07:40,2,-2,3857.75,2884
2022-12-23 12:07:41,50,4,3858.0,2888
2022-12-23 12:07:42,8,-3,3858.0,2885
2022-12-23 12:07:43,2,2,3858.0,2887
2022-12-23 12:07:44,4,-2,3858.25,2885
2022-12-23 12:07:45,3,-1,3858.25,2884
2022-12-23 12:07:46,28,8,3858.0,2892
2022-12-23 12:07:47,2,2,3858.0,2894
2022-12-23 12:07:48,9,-4,3857.75,2890
2022-12-23 12:07:49,9,-9,3857.5,2881
2022-12-23 12:07:50,7,-7,3857.25,2874
2022-12-23 12:07:51,12,9,3857.25,2883
2022-12-23 12:07:52,6,0,3857.25,2883
2022-12-23 12:07:53,29,-1,3857.5,2882
2022-12-23 12:07:54,14,8,3857.5,2890
2022-12-23 12:07:55,5,-1,3857.75,2889
2022-12-23 12:07:57,3,-3,3857.5,2886
2022-12-23 12:08:00,16,7,3857.75,2893
2022-12-23 12:08:01,43,2,3857.75,2895
2022-12-23 12:08:02,25,9,3857.5,2904
2022-12-23 12:08:04,66,-18,3857.25,2886
2022-12-23 12:08:05,34,-9,3857.25,2877
2022-12-23 12:08:06,7,0,3857.0,2877
2022-12-23 12:08:07,1,-1,3856.75,2876
2022-12-23 12:08:08,22,4,3856.75,2880
2022-12-23 12:08:09,39,2,3857.0,2882
2022-12-23 12:08:10,52,-11,3857.0,2871
2022-12-23 12:08:11,38,-13,3856.5,2858
2022-12-23 12:08:12,15,-2,3856.75,2856
2022-12-23 12:08:13,104,-67,3856.5,2789
2022-12-23 12:08:14,42,-4,3856.25,2785
2022-12-23 12:08:15,93,33,3856.5,2818
2022-12-23 12:08:16,9,-8,3856.5,2810
2022-12-23 12:08:17,16,0,3856.5,2810
2022-12-23 12:08:18,4,-2,3856.5,2808
2022-12-23 12:08:19,17,7,3857.0,2815
2022-12-23 12:08:20,74,-15,3856.75,2800
2022-12-23 12:08:21,29,-13,3857.0,2787
2022-12-23 12:08:22,9,9,3857.0,2796
2022-12-23 12:08:23,22,13,3857.0,2809
2022-12-23 12:08:24,34,-8,3856.75,2801
2022-12-23 12:08:25,59,15,3857.0,2816
2022-12-23 12:08:26,15,-1,3857.0,2815
2022-12-23 12:08:27,44,8,3857.0,2823
2022-12-23 12:08:28,31,3,3856.75,2826
2022-12-23 12:08:29,11,2,3856.75,2828
2022-12-23 12:08:30,10,10,3856.75,2838
2022-12-23 12:08:31,8,-6,3857.0,2832
2022-12-23 12:08:32,19,14,3856.75,2846
2022-12-23 12:08:33,19,2,3856.75,2848
2022-12-23 12:08:34,7,6,3857.0,2854
2022-12-23 12:08:35,1,-1,3856.75,2853
2022-12-23 12:08:37,32,-4,3857.0,2849
2022-12-23 12:08:38,24,5,3857.25,2854
2022-12-23 12:08:39,34,-18,3857.0,2836
2022-12-23 12:08:40,3,3,3857.0,2839
2022-12-23 12:08:41,35,10,3857.0,2849
2022-12-23 12:08:42,7,-3,3857.25,2846
2022-12-23 12:08:43,8,-6,3857.0,2840
2022-12-23 12:08:44,1,1,3857.0,2841
2022-12-23 12:08:45,7,7,3857.0,2848
2022-12-23 12:08:47,18,5,3857.25,2853
2022-12-23 12:08:48,11,-3,3857.25,2850
2022-12-23 12:08:49,19,7,3857.25,2857
2022-12-23 12:08:50,6,3,3857.25,2860
2022-12-23 12:08:51,5,-5,3857.25,2855
2022-12-23 12:08:52,7,4,3857.25,2859
2022-12-23 12:08:53,12,5,3857.5,2864
2022-12-23 12:08:54,23,13,3857.75,2877
2022-12-23 12:08:55,31,-5,3857.75,2872
2022-12-23 12:08:56,60,23,3858.25,2895
2022-12-23 12:08:57,29,6,3858.5,2901
2022-12-23 12:08:58,8,-6,3858.25,2895
2022-12-23 12:08:59,5,0,3858.25,2895
2022-12-23 12:09:00,73,4,3858.75,2899
2022-12-23 12:09:01,12,-3,3858.5,2896
2022-12-23 12:09:02,12,2,3858.5,2898
2022-12-23 12:09:03,19,-1,3858.75,2897
2022-12-23 12:09:04,17,1,3858.5,2898
2022-12-23 12:09:05,1,1,3858.5,2899
2022-12-23 12:09:06,39,-22,3858.25,2877
2022-12-23 12:09:07,74,-32,3858.0,2845
2022-12-23 12:09:08,33,1,3857.75,2846
2022-12-23 12:09:09,4,3,3857.5,2849
2022-12-23 12:09:10,17,9,3858.0,2858
2022-12-23 12:09:11,3,3,3858.0,2861
2022-12-23 12:09:12,71,-24,3857.75,2837
2022-12-23 12:09:13,34,10,3857.25,2847
2022-12-23 12:09:14,5,-5,3857.0,2842
2022-12-23 12:09:15,8,-6,3857.0,2836
2022-12-23 12:09:16,43,4,3856.75,2840
2022-12-23 12:09:17,95,-10,3856.5,2830
2022-12-23 12:09:18,41,-3,3856.5,2827
2022-12-23 12:09:19,22,13,3856.75,2840
2022-12-23 12:09:20,58,-5,3856.75,2835
2022-12-23 12:09:21,21,-3,3856.5,2832
2022-12-23 12:09:22,43,5,3856.75,2837
2022-12-23 12:09:23,16,-10,3856.5,2827
2022-12-23 12:09:24,10,8,3856.75,2835
2022-12-23 12:09:25,17,2,3856.5,2837
2022-12-23 12:09:26,21,-7,3856.25,2830
2022-12-23 12:09:27,18,-15,3856.25,2815
2022-12-23 12:09:28,141,-83,3856.0,2732
2022-12-23 12:09:29,7,-7,3855.75,2725
2022-12-23 12:09:30,122,-28,3856.0,2697
2022-12-23 12:09:31,125,-127,3855.75,2570
2022-12-23 12:09:32,70,10,3855.75,2580
2022-12-23 12:09:33,18,9,3855.75,2589
2022-12-23 12:09:35,10,9,3856.25,2598
2022-12-23 12:09:36,29,9,3856.25,2607
2022-12-23 12:09:37,9,9,3856.5,2616
2022-12-23 12:09:38,3,-1,3856.5,2615
2022-12-23 12:09:39,19,-5,3856.5,2610
2022-12-23 12:09:40,46,2,3856.75,2612
2022-12-23 12:09:41,33,2,3856.75,2614
2022-12-23 12:09:43,4,-4,3856.75,2610
2022-12-23 12:09:44,19,-5,3856.5,2605
2022-12-23 12:09:45,2,0,3856.5,2605
2022-12-23 12:09:46,1,-1,3856.25,2604
2022-12-23 12:09:47,18,7,3856.5,2611
2022-12-23 12:09:48,8,7,3856.5,2618
2022-12-23 12:09:49,10,-1,3856.75,2617
2022-12-23 12:09:50,16,-5,3856.75,2612
2022-12-23 12:09:51,27,3,3856.5,2615
2022-12-23 12:09:52,13,8,3856.75,2623
2022-12-23 12:09:53,21,-7,3857.0,2616
2022-12-23 12:09:54,20,-7,3856.75,2609
2022-12-23 12:09:55,17,8,3856.75,2617
2022-12-23 12:09:56,17,10,3857.0,2627
2022-12-23 12:09:57,9,4,3857.0,2631
2022-12-23 12:09:58,4,4,3857.0,2635
2022-12-23 12:09:59,18,-3,3857.0,2632
2022-12-23 12:10:00,24,3,3857.0,2635
2022-12-23 12:10:01,41,2,3856.75,2637
2022-12-23 12:10:02,7,1,3856.75,2638
2022-12-23 12:10:03,57,2,3857.0,2640
2022-12-23 12:10:04,3,3,3856.75,2643
2022-12-23 12:10:05,5,-1,3857.0,2642
2022-12-23 12:10:06,12,-2,3857.0,2640
2022-12-23 12:10:07,28,1,3857.0,2641
2022-12-23 12:10:08,10,4,3857.0,2645
2022-12-23 12:10:09,15,-4,3857.0,2641
2022-12-23 12:10:10,15,0,3857.0,2641
2022-12-23 12:10:11,28,-8,3857.25,2633
2022-12-23 12:10:12,14,5,3857.25,2638
2022-12-23 12:10:13,28,4,3857.25,2642
2022-12-23 12:10:14,14,-6,3857.25,2636
2022-12-23 12:10:15,12,8,3857.25,2644
2022-12-23 12:10:16,42,2,3857.75,2646
2022-12-23 12:10:17,19,5,3857.5,2651
2022-12-23 12:10:18,35,-18,3857.0,2633
2022-12-23 12:10:19,13,-2,3856.75,2631
2022-12-23 12:10:21,11,0,3857.0,2631
2022-12-23 12:10:22,29,-17,3856.75,2614
2022-12-23 12:10:23,37,-20,3856.25,2594
2022-12-23 12:10:24,24,6,3856.25,2600
2022-12-23 12:10:25,18,4,3856.0,2604
2022-12-23 12:10:26,32,3,3856.25,2607
2022-12-23 12:10:28,36,-12,3856.5,2595
2022-12-23 12:10:29,16,13,3856.75,2608
2022-12-23 12:10:30,1,1,3856.75,2609
2022-12-23 12:10:31,57,-4,3856.5,2605
2022-12-23 12:10:32,7,6,3856.5,2611
2022-12-23 12:10:33,53,1,3857.0,2612
2022-12-23 12:10:34,1,1,3857.0,2613
2022-12-23 12:10:35,32,0,3857.0,2613
2022-12-23 12:10:36,7,1,3857.25,2614
2022-12-23 12:10:37,11,-1,3857.0,2613
2022-12-23 12:10:38,90,-81,3857.0,2532
2022-12-23 12:10:39,14,8,3856.75,2540
2022-12-23 12:10:41,41,-18,3856.75,2522
2022-12-23 12:10:42,5,-4,3856.5,2518
2022-12-23 12:10:43,19,0,3856.5,2518
2022-12-23 12:10:45,1,1,3856.5,2519
2022-12-23 12:10:46,20,2,3856.5,2521
2022-12-23 12:10:47,2,2,3856.5,2523
2022-12-23 12:10:48,16,8,3856.5,2531
2022-12-23 12:10:49,9,-9,3856.5,2522
2022-12-23 12:10:50,13,-10,3856.25,2512
2022-12-23 12:10:51,8,3,3856.25,2515
2022-12-23 12:10:52,67,-22,3856.25,2493
2022-12-23 12:10:53,6,-6,3856.0,2487
2022-12-23 12:10:54,17,1,3856.25,2488
2022-12-23 12:10:55,24,1,3856.25,2489
2022-12-23 12:10:56,52,-23,3856.0,2466
2022-12-23 12:10:57,36,15,3856.0,2481
2022-12-23 12:10:58,9,6,3856.25,2487
2022-12-23 12:10:59,14,-10,3856.0,2477
2022-12-23 12:11:00,39,1,3856.5,2478
2022-12-23 12:11:01,20,7,3856.75,2485
2022-12-23 12:11:02,55,7,3856.75,2492
2022-12-23 12:11:03,1,-1,3856.75,2491
2022-12-23 12:11:04,1,1,3857.0,2492
2022-12-23 12:11:05,13,6,3857.0,2498
2022-12-23 12:11:07,75,-31,3857.0,2467
2022-12-23 12:11:08,24,8,3856.75,2475
2022-12-23 12:11:09,2,-2,3856.75,2473
2022-12-23 12:11:11,49,-6,3856.75,2467
2022-12-23 12:11:12,25,5,3857.0,2472
2022-12-23 12:11:13,6,0,3857.0,2472
2022-12-23 12:11:14,57,8,3857.25,2480
2022-12-23 12:11:15,5,5,3857.0,2485
2022-12-23 12:11:16,42,9,3857.5,2494
2022-12-23 12:11:17,4,2,3857.5,2496
2022-12-23 12:11:19,17,-12,3857.25,2484
2022-12-23 12:11:20,1,1,3857.25,2485
2022-12-23 12:11:21,42,-2,3857.25,2483
2022-12-23 12:11:22,31,0,3857.5,2483
2022-12-23 12:11:23,12,-5,3857.5,2478
2022-12-23 12:11:24,19,5,3857.25,2483
2022-12-23 12:11:25,6,-4,3857.25,2479
2022-12-23 12:11:26,59,-19,3857.25,2460
2022-12-23 12:11:27,40,-21,3856.75,2439
2022-12-23 12:11:28,4,0,3856.75,2439
2022-12-23 12:11:29,11,-1,3857.0,2438
2022-12-23 12:11:30,17,8,3856.75,2446
2022-12-23 12:11:31,5,5,3856.75,2451
2022-12-23 12:11:32,25,8,3857.0,2459
2022-12-23 12:11:33,15,-2,3857.0,2457
2022-12-23 12:11:34,1,-1,3856.75,2456
2022-12-23 12:11:35,22,5,3857.0,2461
2022-12-23 12:11:36,1,-1,3857.0,2460
2022-12-23 12:11:38,4,3,3857.25,2463
2022-12-23 12:11:39,10,-4,3857.25,2459
2022-12-23 12:11:40,12,1,3857.0,2460
2022-12-23 12:11:41,1,1,3857.0,2461
2022-12-23 12:11:42,1,-1,3857.0,2460
2022-12-23 12:11:44,2,2,3857.25,2462
2022-12-23 12:11:45,7,-1,3857.5,2461
2022-12-23 12:11:46,15,1,3857.25,2462
2022-12-23 12:11:47,24,6,3857.5,2468
2022-12-23 12:11:48,11,-5,3857.5,2463
2022-12-23 12:11:49,6,-6,3857.5,2457
2022-12-23 12:11:50,20,-9,3857.25,2448
2022-12-23 12:11:51,24,3,3857.0,2451
2022-12-23 12:11:52,1,1,3857.0,2452
2022-12-23 12:11:53,3,1,3857.0,2453
2022-12-23 12:11:54,12,-5,3857.0,2448
2022-12-23 12:11:55,7,1,3857.0,2449
2022-12-23 12:11:56,13,6,3857.0,2455
2022-12-23 12:11:58,37,9,3857.25,2464
2022-12-23 12:11:59,12,4,3857.5,2468
2022-12-23 12:12:00,40,12,3858.0,2480
2022-12-23 12:12:01,87,31,3858.5,2511
2022-12-23 12:12:02,39,13,3858.75,2524
2022-12-23 12:12:03,50,8,3858.75,2532
2022-12-23 12:12:04,28,21,3859.0,2553
2022-12-23 12:12:05,98,42,3859.25,2595
2022-12-23 12:12:06,37,-5,3859.25,2590
2022-12-23 12:12:07,8,-2,3859.25,2588
2022-12-23 12:12:08,37,-4,3859.0,2584
2022-12-23 12:12:09,41,36,3859.25,2620
2022-12-23 12:12:10,20,1,3859.25,2621
2022-12-23 12:12:11,61,29,3859.5,2650
2022-12-23 12:12:12,38,10,3859.75,2660
2022-12-23 12:12:13,50,5,3859.75,2665
2022-12-23 12:12:14,32,-2,3859.75,2663
2022-12-23 12:12:15,56,-16,3859.75,2647
2022-12-23 12:12:16,17,3,3859.25,2650
2022-12-23 12:12:17,11,3,3859.0,2653
2022-12-23 12:12:19,38,27,3859.75,2680
2022-12-23 12:12:20,8,7,3860.0,2687
2022-12-23 12:12:21,1,1,3860.0,2688
2022-12-23 12:12:22,3,3,3860.0,2691
2022-12-23 12:12:23,44,-10,3860.0,2681
2022-12-23 12:12:24,33,-19,3859.75,2662
2022-12-23 12:12:25,31,-3,3859.75,2659
2022-12-23 12:12:26,18,-7,3859.75,2652
2022-12-23 12:12:27,6,-4,3859.75,2648
2022-12-23 12:12:28,25,-9,3859.75,2639
2022-12-23 12:12:29,62,7,3859.25,2646
2022-12-23 12:12:30,8,8,3859.25,2654
2022-12-23 12:12:31,23,3,3859.5,2657
2022-12-23 12:12:32,2,0,3859.25,2657
2022-12-23 12:12:33,19,-2,3859.25,2655
2022-12-23 12:12:34,1,-1,3859.0,2654
2022-12-23 12:12:35,12,-8,3859.0,2646
2022-12-23 12:12:36,1,-1,3859.0,2645
2022-12-23 12:12:37,4,-1,3859.0,2644
2022-12-23 12:12:38,14,9,3859.25,2653
2022-12-23 12:12:39,12,9,3859.75,2662
2022-12-23 12:12:40,19,-8,3859.5,2654
2022-12-23 12:12:41,7,0,3859.25,2654
2022-12-23 12:12:42,3,-1,3859.25,2653
2022-12-23 12:12:43,11,4,3859.25,2657
2022-12-23 12:12:44,1,1,3859.25,2658
2022-12-23 12:12:45,36,-9,3859.25,2649
2022-12-23 12:12:46,7,7,3858.75,2656
2022-12-23 12:12:47,12,4,3859.0,2660
2022-12-23 12:12:49,21,-14,3859.0,2646
2022-12-23 12:12:50,8,8,3859.0,2654
2022-12-23 12:12:51,43,22,3859.75,2676
2022-12-23 12:12:52,19,-2,3859.5,2674
2022-12-23 12:12:53,1,1,3859.75,2675
2022-12-23 12:12:55,24,11,3859.75,2686
2022-12-23 12:12:56,3,1,3859.75,2687
2022-12-23 12:12:57,2,-2,3859.75,2685
2022-12-23 12:13:00,14,-7,3859.75,2678
2022-12-23 12:13:01,13,-2,3859.25,2676
2022-12-23 12:13:02,16,-2,3859.25,2674
2022-12-23 12:13:03,8,1,3859.25,2675
2022-12-23 12:13:04,7,6,3859.5,2681
2022-12-23 12:13:05,11,-6,3859.5,2675
2022-12-23 12:13:06,15,0,3859.75,2675
2022-12-23 12:13:07,4,0,3859.75,2675
2022-12-23 12:13:08,17,6,3859.75,2681
2022-12-23 12:13:09,39,-5,3859.75,2676
2022-12-23 12:13:10,64,23,3860.25,2699
2022-12-23 12:13:11,46,13,3860.5,2712
2022-12-23 12:13:12,44,-19,3860.25,2693
2022-12-23 12:13:13,43,-2,3859.75,2691
2022-12-23 12:13:14,46,-5,3860.0,2686
2022-12-23 12:13:15,38,-18,3860.0,2668
2022-12-23 12:13:16,9,-2,3859.75,2666
2022-12-23 12:13:17,13,5,3859.75,2671
2022-12-23 12:13:18,6,-4,3859.75,2667
2022-12-23 12:13:19,7,3,3860.0,2670
2022-12-23 12:13:20,12,2,3860.0,2672
2022-12-23 12:13:21,11,2,3860.0,2674
2022-12-23 12:13:22,25,11,3860.0,2685
2022-12-23 12:13:23,6,-4,3860.25,2681
2022-12-23 12:13:24,24,-2,3860.25,2679
2022-12-23 12:13:25,11,2,3860.25,2681
2022-12-23 12:13:26,6,-2,3860.0,2679
2022-12-23 12:13:27,13,-8,3860.0,2671
2022-12-23 12:13:28,13,0,3859.75,2671
2022-12-23 12:13:29,12,1,3859.75,2672
2022-12-23 12:13:30,51,-16,3859.75,2656
2022-12-23 12:13:31,19,-9,3859.25,2647
2022-12-23 12:13:32,35,4,3859.5,2651
2022-12-23 12:13:33,11,7,3859.5,2658
2022-12-23 12:13:34,6,-1,3859.5,2657
2022-12-23 12:13:35,11,1,3859.5,2658
2022-12-23 12:13:36,6,2,3859.5,2660
2022-12-23 12:13:37,1,1,3859.5,2661
2022-12-23 12:13:38,2,0,3859.5,2661
2022-12-23 12:13:39,44,-24,3859.25,2637
2022-12-23 12:13:40,37,4,3859.25,2641
2022-12-23 12:13:41,4,-2,3859.0,2639
2022-12-23 12:13:42,8,-2,3859.0,2637
2022-12-23 12:13:45,4,-2,3859.25,2635
2022-12-23 12:13:46,87,-41,3858.75,2594
2022-12-23 12:13:47,19,6,3859.25,2600
2022-12-23 12:13:48,1,-1,3859.0,2599
2022-12-23 12:13:50,5,1,3859.0,2600
2022-12-23 12:13:51,8,7,3859.0,2607
2022-12-23 12:13:52,11,0,3859.0,2607
2022-12-23 12:13:53,17,-9,3859.0,2598
2022-12-23 12:13:54,4,-4,3858.75,2594
2022-12-23 12:13:55,35,-21,3858.75,2573
2022-12-23 12:13:56,33,10,3858.5,2583
2022-12-23 12:13:57,9,6,3858.75,2589
2022-12-23 12:13:58,11,1,3858.75,2590
2022-12-23 12:14:00,4,4,3859.0,2594
2022-12-23 12:14:01,7,7,3859.25,2601
2022-12-23 12:14:02,37,-7,3859.25,2594
2022-12-23 12:14:03,41,-7,3859.0,2587
2022-12-23 12:14:04,15,-7,3858.75,2580
2022-12-23 12:14:05,8,4,3859.0,2584
2022-12-23 12:14:07,21,0,3859.25,2584
2022-12-23 12:14:08,31,9,3859.75,2593
2022-12-23 12:14:09,22,2,3859.75,2595
2022-12-23 12:14:10,17,-4,3859.75,2591
2022-12-23 12:14:11,33,5,3859.75,2596
2022-12-23 12:14:12,8,-2,3859.5,2594
2022-12-23 12:14:13,10,-4,3859.5,2590
2022-12-23 12:14:14,8,-1,3859.5,2589
2022-12-23 12:14:15,26,-4,3859.5,2585
2022-12-23 12:14:16,26,13,3859.25,2598
2022-12-23 12:14:17,67,-7,3859.25,2591
2022-12-23 12:14:18,23,-1,3859.25,2590
2022-12-23 12:14:19,7,-3,3858.75,2587
2022-12-23 12:14:20,22,-5,3858.75,2582
2022-12-23 12:14:21,38,11,3858.75,2593
2022-12-23 12:14:22,6,6,3858.75,2599
2022-12-23 12:14:23,18,10,3859.0,2609
2022-12-23 12:14:24,6,6,3858.75,2615
2022-12-23 12:14:26,1,-1,3858.75,2614
2022-12-23 12:14:27,2,2,3859.0,2616
2022-12-23 12:14:28,35,2,3859.0,2618
2022-12-23 12:14:29,9,-3,3859.0,2615
2022-12-23 12:14:30,10,1,3859.25,2616
2022-12-23 12:14:31,21,-1,3858.75,2615
2022-12-23 12:14:32,18,-9,3858.75,2606
2022-12-23 12:14:33,14,10,3858.75,2616
2022-12-23 12:14:34,7,-1,3858.75,2615
2022-12-23 12:14:35,1,1,3858.75,2616
2022-12-23 12:14:36,20,11,3859.25,2627
2022-12-23 12:14:37,18,4,3859.0,2631
2022-12-23 12:14:38,12,0,3859.25,2631
2022-12-23 12:14:40,15,2,3859.25,2633
2022-12-23 12:14:41,7,1,3859.25,2634
2022-12-23 12:14:42,12,-4,3859.25,2630
2022-12-23 12:14:43,34,7,3859.75,2637
2022-12-23 12:14:44,1,1,3859.75,2638
2022-12-23 12:14:45,4,2,3859.75,2640
2022-12-23 12:14:46,68,-40,3859.5,2600
2022-12-23 12:14:47,20,-2,3859.5,2598
2022-12-23 12:14:48,10,6,3859.5,2604
2022-12-23 12:14:50,31,9,3859.5,2613
2022-12-23 12:14:51,22,-4,3859.5,2609
2022-12-23 12:14:52,7,-3,3859.25,2606
2022-12-23 12:14:53,7,-5,3859.25,2601
2022-12-23 12:14:54,13,4,3859.25,2605
2022-12-23 12:14:56,9,-3,3859.25,2602
2022-12-23 12:14:57,45,-16,3859.5,2586
2022-12-23 12:14:59,59,-11,3859.5,2575
2022-12-23 12:15:00,42,-3,3859.5,2572
2022-12-23 12:15:01,27,-2,3859.25,2570
2022-12-23 12:15:02,3,3,3859.0,2573
2022-12-23 12:15:03,17,-1,3859.0,2572
2022-12-23 12:15:04,6,2,3859.0,2574
2022-12-23 12:15:05,9,2,3859.0,2576
2022-12-23 12:15:07,7,3,3859.0,2579
2022-12-23 12:15:08,1,-1,3859.0,2578
2022-12-23 12:15:09,57,-6,3859.0,2572
2022-12-23 12:15:11,37,-9,3859.25,2563
2022-12-23 12:15:12,1,1,3859.0,2564
2022-12-23 12:15:14,1,-1,3858.75,2563
2022-12-23 12:15:15,29,-5,3859.0,2558
2022-12-23 12:15:16,29,0,3859.0,2558
2022-12-23 12:15:17,22,-5,3859.25,2553
2022-12-23 12:15:18,25,-6,3858.75,2547
2022-12-23 12:15:19,62,-14,3858.5,2533
2022-12-23 12:15:20,23,7,3858.5,2540
2022-12-23 12:15:21,22,14,3858.75,2554
2022-12-23 12:15:22,33,17,3858.75,2571
2022-12-23 12:15:23,13,2,3858.75,2573
2022-12-23 12:15:24,10,8,3859.0,2581
2022-12-23 12:15:25,31,-8,3859.0,2573
2022-12-23 12:15:27,13,-11,3858.75,2562
2022-12-23 12:15:28,32,18,3859.25,2580
2022-12-23 12:15:29,4,0,3859.25,2580
2022-12-23 12:15:30,6,-2,3859.25,2578
2022-12-23 12:15:31,20,5,3859.75,2583
2022-12-23 12:15:32,29,-3,3859.5,2580
2022-12-23 12:15:33,42,3,3859.75,2583
2022-12-23 12:15:34,1,1,3859.75,2584
2022-12-23 12:15:35,12,0,3859.5,2584
2022-12-23 12:15:37,24,-6,3859.25,2578
2022-12-23 12:15:38,2,-2,3858.75,2576
2022-12-23 12:15:39,22,7,3859.0,2583
2022-12-23 12:15:41,27,19,3859.25,2602
2022-12-23 12:15:43,5,-3,3859.0,2599
2022-12-23 12:15:44,10,-3,3859.25,2596
2022-12-23 12:15:45,4,4,3859.25,2600
2022-12-23 12:15:46,13,-4,3859.25,2596
2022-12-23 12:15:47,36,4,3859.25,2600
2022-12-23 12:15:49,3,-1,3859.25,2599
2022-12-23 12:15:50,20,4,3859.5,2603
2022-12-23 12:15:51,9,6,3859.5,2609
2022-12-23 12:15:52,31,13,3859.75,2622
2022-12-23 12:15:53,43,32,3860.25,2654
2022-12-23 12:15:54,15,-13,3860.0,2641
2022-12-23 12:15:55,12,9,3860.25,2650
2022-12-23 12:15:56,31,-6,3860.25,2644
2022-12-23 12:15:57,37,3,3860.25,2647
2022-12-23 12:15:58,14,7,3859.75,2654
2022-12-23 12:15:59,6,1,3859.75,2655
2022-12-23 12:16:00,18,13,3860.0,2668
2022-12-23 12:16:01,9,3,3860.0,2671
2022-12-23 12:16:02,16,-4,3859.75,2667
2022-12-23 12:16:03,30,13,3860.25,2680
2022-12-23 12:16:04,29,14,3860.5,2694
2022-12-23 12:16:05,25,-9,3860.5,2685
2022-12-23 12:16:06,9,7,3860.5,2692
2022-12-23 12:16:07,138,57,3861.0,2749
2022-12-23 12:16:08,110,26,3861.25,2775
2022-12-23 12:16:09,32,-14,3861.25,2761
2022-12-23 12:16:10,24,-3,3860.75,2758
2022-12-23 12:16:11,11,-1,3860.75,2757
2022-12-23 12:16:12,6,-6,3860.5,2751
2022-12-23 12:16:13,12,-2,3860.5,2749
2022-12-23 12:16:14,43,2,3860.5,2751
2022-12-23 12:16:15,8,-1,3860.5,2750
2022-12-23 12:16:16,5,1,3860.5,2751
2022-12-23 12:16:17,29,7,3860.5,2758
2022-12-23 12:16:19,43,7,3860.75,2765
2022-12-23 12:16:20,5,2,3860.75,2767
2022-12-23 12:16:21,16,-10,3860.5,2757
2022-12-23 12:16:22,5,3,3860.5,2760
2022-12-23 12:16:23,45,-1,3860.5,2759
2022-12-23 12:16:24,13,-3,3860.5,2756
2022-12-23 12:16:25,10,-1,3860.5,2755
2022-12-23 12:16:26,1,1,3860.75,2756
2022-12-23 12:16:27,18,-2,3860.5,2754
2022-12-23 12:16:28,10,-2,3860.25,2752
2022-12-23 12:16:29,24,0,3860.25,2752
2022-12-23 12:16:30,30,-5,3860.25,2747
2022-12-23 12:16:31,21,6,3860.25,2753
2022-12-23 12:16:32,29,6,3860.25,2759
2022-12-23 12:16:33,15,5,3860.0,2764
2022-12-23 12:16:34,4,-2,3860.0,2762
2022-12-23 12:16:35,120,-41,3859.75,2721
2022-12-23 12:16:36,24,-5,3859.25,2716
2022-12-23 12:16:37,51,1,3859.25,2717
2022-12-23 12:16:38,17,6,3859.25,2723
2022-12-23 12:16:39,18,-6,3859.5,2717
2022-12-23 12:16:40,27,7,3859.5,2724
2022-12-23 12:16:41,8,-8,3859.25,2716
2022-12-23 12:16:43,39,1,3859.25,2717
2022-12-23 12:16:44,15,5,3859.0,2722
2022-12-23 12:16:45,36,-6,3859.0,2716
2022-12-23 12:16:46,7,0,3859.0,2716
2022-12-23 12:16:47,19,5,3858.75,2721
2022-12-23 12:16:48,25,-2,3858.75,2719
2022-12-23 12:16:49,93,-31,3858.5,2688
2022-12-23 12:16:50,27,6,3858.25,2694
2022-12-23 12:16:51,57,11,3858.25,2705
2022-12-23 12:16:52,37,-12,3858.25,2693
2022-12-23 12:16:53,29,-11,3858.25,2682
2022-12-23 12:16:54,20,-5,3857.75,2677
2022-12-23 12:16:55,23,-3,3857.75,2674
2022-12-23 12:16:56,17,11,3858.0,2685
2022-12-23 12:16:57,66,-18,3858.0,2667
2022-12-23 12:16:58,19,-8,3858.0,2659
2022-12-23 12:16:59,7,1,3858.25,2660
2022-12-23 12:17:00,34,19,3858.75,2679
2022-12-23 12:17:01,37,10,3858.75,2689
2022-12-23 12:17:02,31,7,3859.25,2696
2022-12-23 12:17:03,14,2,3859.25,2698
2022-12-23 12:17:04,32,4,3859.75,2702
2022-12-23 12:17:05,39,8,3860.0,2710
2022-12-23 12:17:06,14,-4,3860.0,2706
2022-12-23 12:17:07,34,-2,3859.5,2704
2022-12-23 12:17:08,13,-10,3859.75,2694
2022-12-23 12:17:09,7,-1,3859.5,2693
2022-12-23 12:17:10,28,10,3859.75,2703
2022-12-23 12:17:11,7,6,3859.75,2709
2022-12-23 12:17:12,31,-2,3860.25,2707
2022-12-23 12:17:13,16,-1,3860.25,2706
2022-12-23 12:17:14,7,3,3860.0,2709
2022-12-23 12:17:15,22,-10,3860.25,2699
2022-12-23 12:17:16,22,1,3860.0,2700
2022-12-23 12:17:17,9,5,3859.75,2705
2022-12-23 12:17:18,14,-1,3860.0,2704
2022-12-23 12:17:19,20,5,3859.75,2709
2022-12-23 12:17:20,30,13,3860.25,2722
2022-12-23 12:17:21,15,-7,3860.25,2715
2022-12-23 12:17:22,38,-5,3860.25,2710
2022-12-23 12:17:23,56,8,3860.25,2718
2022-12-23 12:17:24,10,-2,3860.0,2716
2022-12-23 12:17:25,17,-8,3859.75,2708
2022-12-23 12:17:26,48,6,3860.0,2714
2022-12-23 12:17:27,6,-1,3859.75,2713
2022-12-23 12:17:29,13,-9,3859.5,2704
2022-12-23 12:17:30,34,-13,3859.25,2691
2022-12-23 12:17:31,19,12,3859.25,2703
2022-12-23 12:17:32,2,-2,3859.25,2701
2022-12-23 12:17:33,3,1,3859.5,2702
2022-12-23 12:17:34,18,-6,3859.25,2696
2022-12-23 12:17:35,8,-6,3859.25,2690
2022-12-23 12:17:36,7,-4,3859.25,2686
2022-12-23 12:17:37,8,5,3859.25,2691
2022-12-23 12:17:38,36,9,3859.0,2700
2022-12-23 12:17:39,15,-4,3859.25,2696
2022-12-23 12:17:40,5,-1,3859.5,2695
2022-12-23 12:17:41,18,2,3859.5,2697
2022-12-23 12:17:42,42,7,3859.25,2704
2022-12-23 12:17:43,54,-18,3859.0,2686
2022-12-23 12:17:45,19,1,3859.0,2687
2022-12-23 12:17:47,31,1,3859.0,2688
2022-12-23 12:17:48,43,-30,3858.75,2658
2022-12-23 12:17:49,42,3,3859.0,2661
2022-12-23 12:17:50,45,5,3859.25,2666
2022-12-23 12:17:51,71,-9,3859.0,2657
2022-12-23 12:17:52,36,15,3858.5,2672
2022-12-23 12:17:53,65,-30,3858.25,2642
2022-12-23 12:17:54,35,9,3858.0,2651
2022-12-23 12:17:55,48,6,3858.75,2657
2022-12-23 12:17:56,4,0,3858.5,2657
2022-12-23 12:17:57,3,-2,3858.5,2655
2022-12-23 12:17:58,11,-1,3858.5,2654
2022-12-23 12:17:59,20,0,3858.25,2654
2022-12-23 12:18:00,8,4,3858.75,2658
2022-12-23 12:18:01,5,5,3858.75,2663
2022-12-23 12:18:02,2,2,3858.75,2665
2022-12-23 12:18:03,1,1,3858.75,2666
2022-12-23 12:18:04,21,-7,3858.75,2659
2022-12-23 12:18:05,6,-2,3858.75,2657
2022-12-23 12:18:07,6,5,3858.75,2662
2022-12-23 12:18:08,43,20,3859.25,2682
2022-12-23 12:18:09,21,-4,3859.25,2678
2022-12-23 12:18:11,15,11,3859.5,2689
2022-12-23 12:18:12,12,-1,3859.5,2688
2022-12-23 12:18:13,27,-5,3859.75,2683
2022-12-23 12:18:14,3,1,3859.75,2684
2022-12-23 12:18:15,33,-7,3860.0,2677
2022-12-23 12:18:16,15,-5,3859.75,2672
2022-12-23 12:18:17,13,10,3859.5,2682
2022-12-23 12:18:18,29,-2,3859.75,2680
2022-12-23 12:18:19,18,5,3859.5,2685
2022-12-23 12:18:20,15,-4,3859.75,2681
2022-12-23 12:18:21,1,-1,3859.5,2680
2022-12-23 12:18:22,24,6,3859.5,2686
2022-12-23 12:18:23,14,3,3859.5,2689
2022-12-23 12:18:24,9,1,3859.5,2690
2022-12-23 12:18:25,9,9,3859.75,2699
2022-12-23 12:18:26,11,11,3860.0,2710
2022-12-23 12:18:27,11,-6,3860.25,2704
2022-12-23 12:18:28,35,-8,3860.0,2696
2022-12-23 12:18:29,17,-3,3860.0,2693
2022-12-23 12:18:30,3,3,3860.0,2696
2022-12-23 12:18:32,3,3,3860.0,2699
2022-12-23 12:18:33,20,-14,3859.75,2685
2022-12-23 12:18:34,9,9,3859.75,2694
2022-12-23 12:18:35,52,15,3860.0,2709
2022-12-23 12:18:36,16,-7,3860.0,2702
2022-12-23 12:18:37,6,1,3859.75,2703
2022-12-23 12:18:38,3,3,3859.75,2706
2022-12-23 12:18:40,2,2,3860.0,2708
2022-12-23 12:18:41,9,-4,3859.75,2704
2022-12-23 12:18:42,9,-7,3859.75,2697
2022-12-23 12:18:43,4,2,3860.0,2699
2022-12-23 12:18:44,7,5,3859.75,2704
2022-12-23 12:18:45,2,2,3859.75,2706
2022-12-23 12:18:47,16,1,3859.75,2707
2022-12-23 12:18:48,3,-1,3860.0,2706
2022-12-23 12:18:49,3,3,3859.75,2709
2022-12-23 12:18:50,26,-2,3859.75,2707
2022-12-23 12:18:51,1,-1,3859.5,2706
2022-12-23 12:18:52,9,2,3859.75,2708
2022-12-23 12:18:53,17,10,3859.75,2718
2022-12-23 12:18:54,13,-4,3859.75,2714
2022-12-23 12:18:56,13,4,3860.0,2718
2022-12-23 12:18:58,1,-1,3859.5,2717
2022-12-23 12:18:59,10,7,3859.75,2724
2022-12-23 12:19:00,22,3,3860.0,2727
2022-12-23 12:19:01,39,-2,3860.0,2725
2022-12-23 12:19:02,3,-1,3859.75,2724
2022-12-23 12:19:03,11,11,3860.0,2735
2022-12-23 12:19:04,10,7,3860.25,2742
2022-12-23 12:19:05,96,-17,3860.75,2725
2022-12-23 12:19:06,67,5,3860.5,2730
2022-12-23 12:19:07,20,1,3860.25,2731
2022-12-23 12:19:08,27,-1,3860.25,2730
2022-12-23 12:19:09,20,0,3860.25,2730
2022-12-23 12:19:10,7,1,3860.25,2731
2022-12-23 12:19:11,38,5,3860.5,2736
2022-12-23 12:19:12,11,-2,3860.25,2734
2022-12-23 12:19:14,17,6,3860.5,2740
2022-12-23 12:19:15,14,-9,3860.75,2731
2022-12-23 12:19:16,23,8,3860.75,2739
2022-12-23 12:19:17,3,3,3860.75,2742
2022-12-23 12:19:18,3,3,3860.75,2745
2022-12-23 12:19:19,16,6,3860.75,2751
2022-12-23 12:19:20,35,1,3861.0,2752
2022-12-23 12:19:21,25,2,3860.75,2754
2022-12-23 12:19:22,29,-1,3861.0,2753
2022-12-23 12:19:23,43,-1,3861.0,2752
2022-12-23 12:19:24,29,-8,3861.0,2744
2022-12-23 12:19:25,28,-13,3861.0,2731
2022-12-23 12:19:26,13,10,3861.25,2741
2022-12-23 12:19:27,13,-4,3861.25,2737
2022-12-23 12:19:28,71,-7,3861.25,2730
2022-12-23 12:19:29,11,0,3861.25,2730
2022-12-23 12:19:30,19,16,3861.5,2746
2022-12-23 12:19:31,4,2,3861.5,2748
2022-12-23 12:19:32,37,24,3861.5,2772
2022-12-23 12:19:33,56,21,3862.0,2793
2022-12-23 12:19:34,102,44,3862.25,2837
2022-12-23 12:19:35,67,-17,3862.0,2820
2022-12-23 12:19:36,24,-3,3862.25,2817
2022-12-23 12:19:37,9,-5,3862.25,2812
2022-12-23 12:19:38,14,4,3862.0,2816
2022-12-23 12:19:39,47,-6,3861.75,2810
2022-12-23 12:19:40,19,-1,3861.75,2809
2022-12-23 12:19:41,5,2,3861.75,2811
2022-12-23 12:19:42,18,-4,3861.5,2807
2022-12-23 12:19:43,22,-14,3861.5,2793
2022-12-23 12:19:44,18,-8,3861.25,2785
2022-12-23 12:19:45,3,-1,3861.25,2784
2022-12-23 12:19:46,3,-3,3861.0,2781
2022-12-23 12:19:47,37,-14,3861.0,2767
2022-12-23 12:19:48,6,-4,3860.75,2763
2022-12-23 12:19:49,24,-9,3860.75,2754
2022-12-23 12:19:50,8,5,3860.75,2759
2022-12-23 12:19:51,46,7,3861.0,2766
2022-12-23 12:19:52,6,2,3861.5,2768
2022-12-23 12:19:53,10,-4,3861.0,2764
2022-12-23 12:19:54,8,-6,3861.0,2758
2022-12-23 12:19:55,24,8,3861.0,2766
2022-12-23 12:19:56,8,-6,3860.75,2760
2022-12-23 12:19:57,10,6,3860.75,2766
2022-12-23 12:19:58,10,8,3861.25,2774
2022-12-23 12:20:00,9,-1,3861.25,2773
2022-12-23 12:20:01,37,14,3861.25,2787
2022-12-23 12:20:02,25,0,3861.0,2787
2022-12-23 12:20:03,9,-3,3860.75,2784
2022-12-23 12:20:04,23,5,3861.0,2789
2022-12-23 12:20:05,6,-4,3860.75,2785
2022-12-23 12:20:06,16,-4,3860.5,2781
2022-12-23 12:20:07,17,7,3860.5,2788
2022-12-23 12:20:08,21,-5,3860.75,2783
2022-12-23 12:20:09,29,3,3860.5,2786
2022-12-23 12:20:10,9,5,3860.5,2791
2022-12-23 12:20:11,15,-13,3860.5,2778
2022-12-23 12:20:12,7,5,3860.75,2783
2022-12-23 12:20:13,11,-2,3861.0,2781
2022-12-23 12:20:14,16,-3,3860.75,2778
2022-12-23 12:20:15,11,2,3860.5,2780
2022-12-23 12:20:16,15,1,3860.5,2781
2022-12-23 12:20:17,2,2,3860.25,2783
2022-12-23 12:20:18,61,33,3860.75,2816
2022-12-23 12:20:19,11,-3,3860.75,2813
2022-12-23 12:20:20,2,2,3860.75,2815
2022-12-23 12:20:21,5,-2,3860.75,2813
2022-12-23 12:20:22,5,0,3860.75,2813
2022-12-23 12:20:23,9,-6,3860.75,2807
2022-12-23 12:20:24,1,-1,3860.75,2806
2022-12-23 12:20:25,24,7,3861.0,2813
2022-12-23 12:20:26,8,4,3861.25,2817
2022-12-23 12:20:27,13,9,3861.25,2826
2022-12-23 12:20:28,13,-3,3861.0,2823
2022-12-23 12:20:29,13,4,3861.0,2827
2022-12-23 12:20:30,4,2,3861.25,2829
2022-12-23 12:20:31,9,5,3861.25,2834
2022-12-23 12:20:32,32,11,3861.5,2845
2022-12-23 12:20:33,48,-5,3861.5,2840
2022-12-23 12:20:34,3,1,3861.5,2841
2022-12-23 12:20:35,18,8,3861.5,2849
2022-12-23 12:20:36,20,8,3861.5,2857
2022-12-23 12:20:37,3,-1,3861.75,2856
2022-12-23 12:20:38,33,5,3861.5,2861
2022-12-23 12:20:39,21,-6,3861.75,2855
2022-12-23 12:20:41,15,-1,3861.5,2854
2022-12-23 12:20:42,28,-11,3861.25,2843
2022-12-23 12:20:43,3,1,3861.5,2844
2022-12-23 12:20:44,4,2,3861.5,2846
2022-12-23 12:20:45,4,0,3861.5,2846
2022-12-23 12:20:46,2,2,3861.25,2848
2022-12-23 12:20:48,21,-15,3861.0,2833
2022-12-23 12:20:49,140,139,3861.5,2972
2022-12-23 12:20:50,22,1,3861.5,2973
2022-12-23 12:20:51,51,25,3862.0,2998
2022-12-23 12:20:52,13,1,3862.0,2999
2022-12-23 12:20:53,1,1,3862.0,3000
2022-12-23 12:20:54,6,2,3862.0,3002
2022-12-23 12:20:55,31,1,3861.75,3003
2022-12-23 12:20:56,4,2,3862.0,3005
2022-12-23 12:20:57,26,7,3862.0,3012
2022-12-23 12:20:59,19,15,3861.75,3027
2022-12-23 12:21:00,58,5,3862.0,3032
2022-12-23 12:21:01,28,22,3862.25,3054
2022-12-23 12:21:02,63,3,3862.25,3057
2022-12-23 12:21:03,90,58,3862.75,3115
2022-12-23 12:21:04,112,37,3863.0,3152
2022-12-23 12:21:05,193,39,3863.25,3191
2022-12-23 12:21:06,84,35,3863.5,3226
2022-12-23 12:21:07,152,28,3863.75,3254
2022-12-23 12:21:08,28,-2,3863.5,3252
2022-12-23 12:21:09,57,-12,3863.0,3240
2022-12-23 12:21:10,3,-3,3862.75,3237
2022-12-23 12:21:11,32,8,3863.0,3245
2022-12-23 12:21:12,22,2,3863.0,3247
2022-12-23 12:21:13,18,-9,3863.0,3238
2022-12-23 12:21:14,75,-29,3862.5,3209
2022-12-23 12:21:15,7,-3,3862.5,3206
2022-12-23 12:21:16,43,24,3862.75,3230
2022-12-23 12:21:17,43,17,3863.0,3247
2022-12-23 12:21:18,36,-7,3863.0,3240
2022-12-23 12:21:19,53,7,3863.0,3247
2022-12-23 12:21:20,59,-15,3862.75,3232
2022-12-23 12:21:21,2,0,3862.75,3232
2022-12-23 12:21:22,30,-3,3862.75,3229
2022-12-23 12:21:23,19,12,3863.25,3241
2022-12-23 12:21:24,18,-9,3863.0,3232
2022-12-23 12:21:25,16,-10,3863.0,3222
2022-12-23 12:21:26,37,-8,3862.5,3214
2022-12-23 12:21:27,49,10,3862.5,3224
2022-12-23 12:21:28,20,8,3862.75,3232
2022-12-23 12:21:29,4,-2,3862.5,3230
2022-12-23 12:21:30,26,9,3862.75,3239
2022-12-23 12:21:31,18,10,3862.75,3249
2022-12-23 12:21:32,1,1,3863.0,3250
2022-12-23 12:21:33,11,-4,3863.0,3246
2022-12-23 12:21:34,7,-1,3862.75,3245
2022-12-23 12:21:35,23,2,3862.75,3247
2022-12-23 12:21:36,63,15,3863.25,3262
2022-12-23 12:21:37,16,8,3863.25,3270
2022-12-23 12:21:39,126,-3,3863.5,3267
2022-12-23 12:21:40,42,15,3863.75,3282
2022-12-23 12:21:41,231,91,3864.25,3373
2022-12-23 12:21:42,10,-4,3864.25,3369
2022-12-23 12:21:43,26,14,3864.25,3383
2022-12-23 12:21:44,19,-11,3864.0,3372
2022-12-23 12:21:45,8,2,3864.0,3374
2022-12-23 12:21:46,14,-1,3864.0,3373
2022-12-23 12:21:47,38,-17,3864.0,3356
2022-12-23 12:21:48,34,6,3864.0,3362
2022-12-23 12:21:50,19,9,3864.0,3371
2022-12-23 12:21:51,16,1,3864.25,3372
2022-12-23 12:21:52,2,0,3864.0,3372
2022-12-23 12:21:53,11,-7,3863.75,3365
2022-12-23 12:21:54,5,5,3864.0,3370
2022-12-23 12:21:55,7,-7,3864.0,3363
2022-12-23 12:21:56,21,-3,3864.0,3360
2022-12-23 12:21:57,6,0,3864.0,3360
2022-12-23 12:21:58,7,0,3864.0,3360
2022-12-23 12:21:59,95,53,3864.5,3413
2022-12-23 12:22:00,70,-5,3864.25,3408
2022-12-23 12:22:01,1,1,3864.0,3409
2022-12-23 12:22:02,46,-11,3863.75,3398
2022-12-23 12:22:03,18,0,3863.75,3398
2022-12-23 12:22:04,70,-22,3863.5,3376
2022-12-23 12:22:05,140,12,3863.25,3388
2022-12-23 12:22:06,21,-12,3863.25,3376
2022-12-23 12:22:07,22,-6,3863.25,3370
2022-12-23 12:22:08,5,3,3863.5,3373
2022-12-23 12:22:09,25,9,3863.75,3382
2022-12-23 12:22:10,32,17,3864.0,3399
2022-12-23 12:22:11,78,18,3864.25,3417
2022-12-23 12:22:12,8,-2,3864.25,3415
2022-12-23 12:22:13,24,-1,3864.25,3414
2022-12-23 12:22:14,24,11,3864.5,3425
2022-12-23 12:22:15,34,0,3864.5,3425
2022-12-23 12:22:16,1,1,3864.5,3426
2022-12-23 12:22:17,2,0,3864.5,3426
2022-12-23 12:22:18,6,0,3864.5,3426
2022-12-23 12:22:19,3,-3,3864.25,3423
2022-12-23 12:22:20,46,-8,3864.25,3415
2022-12-23 12:22:21,7,4,3864.25,3419
2022-12-23 12:22:22,1,-1,3864.0,3418
2022-12-23 12:22:23,92,-29,3864.0,3389
2022-12-23 12:22:24,1,1,3864.0,3390
2022-12-23 12:22:25,47,-18,3863.75,3372
2022-12-23 12:22:26,168,134,3864.0,3506
2022-12-23 12:22:27,157,100,3864.25,3606
2022-12-23 12:22:28,20,-9,3864.0,3597
2022-12-23 12:22:29,11,-1,3863.5,3596
2022-12-23 12:22:30,22,0,3863.75,3596
2022-12-23 12:22:31,27,5,3863.75,3601
2022-12-23 12:22:32,1,-1,3863.75,3600
2022-12-23 12:22:33,21,-2,3863.75,3598
2022-12-23 12:22:34,14,-3,3864.0,3595
2022-12-23 12:22:35,3,3,3864.0,3598
2022-12-23 12:22:36,12,0,3863.75,3598
2022-12-23 12:22:37,5,-5,3863.5,3593
2022-12-23 12:22:38,22,5,3863.75,3598
2022-12-23 12:22:39,73,51,3864.0,3649
2022-12-23 12:22:40,18,10,3864.0,3659
2022-12-23 12:22:41,28,-5,3864.0,3654
2022-12-23 12:22:42,10,6,3864.0,3660
2022-12-23 12:22:43,1,-1,3863.75,3659
2022-12-23 12:22:45,2,0,3864.0,3659
2022-12-23 12:22:46,15,5,3864.0,3664
2022-12-23 12:22:47,68,7,3864.25,3671
2022-12-23 12:22:49,6,2,3864.25,3673
2022-12-23 12:22:50,33,2,3864.25,3675
2022-12-23 12:22:51,47,28,3864.5,3703
2022-12-23 12:22:52,7,1,3864.25,3704
2022-12-23 12:22:53,78,11,3864.25,3715
2022-12-23 12:22:54,3,-3,3864.25,3712
2022-12-23 12:22:55,3,-3,3864.0,3709
2022-12-23 12:22:57,64,50,3864.5,3759
2022-12-23 12:22:58,15,-4,3864.5,3755
2022-12-23 12:22:59,1,1,3864.5,3756
2022-12-23 12:23:00,37,-13,3864.5,3743
2022-12-23 12:23:01,4,4,3864.25,3747
2022-12-23 12:23:02,10,10,3864.5,3757
2022-12-23 12:23:03,43,-7,3864.25,3750
2022-12-23 12:23:04,40,-8,3864.25,3742
2022-12-23 12:23:05,2,0,3864.5,3742
2022-12-23 12:23:06,24,-1,3864.25,3741
2022-12-23 12:23:07,20,1,3864.25,3742
2022-12-23 12:23:08,9,-6,3864.25,3736
2022-12-23 12:23:09,31,-27,3864.0,3709
2022-12-23 12:23:10,55,16,3864.0,3725
2022-12-23 12:23:11,28,3,3864.0,3728
2022-12-23 12:23:12,107,63,3864.5,3791
2022-12-23 12:23:13,58,20,3864.75,3811
2022-12-23 12:23:14,31,-16,3864.25,3795
2022-12-23 12:23:15,5,5,3864.5,3800
2022-12-23 12:23:16,107,27,3864.5,3827
2022-12-23 12:23:17,47,-20,3864.25,3807
2022-12-23 12:23:18,39,20,3864.5,3827
2022-12-23 12:23:19,20,-4,3864.25,3823
2022-12-23 12:23:21,30,-4,3864.0,3819
2022-12-23 12:23:22,15,3,3864.25,3822
2022-12-23 12:23:23,47,14,3864.5,3836
2022-12-23 12:23:24,78,9,3864.75,3845
2022-12-23 12:23:25,22,-3,3864.5,3842
2022-12-23 12:23:26,5,-5,3864.5,3837
2022-12-23 12:23:27,32,-12,3864.75,3825
2022-12-23 12:23:28,1,-1,3864.25,3824
2022-12-23 12:23:29,1,1,3864.5,3825
2022-12-23 12:23:30,10,10,3864.5,3835
2022-12-23 12:23:31,3,-2,3864.5,3833
2022-12-23 12:23:33,78,6,3864.75,3839
2022-12-23 12:23:34,15,0,3864.75,3839
2022-12-23 12:23:35,19,7,3864.5,3846
2022-12-23 12:23:36,661,309,3866.25,4155
2022-12-23 12:23:37,115,0,3866.0,4155
2022-12-23 12:23:38,84,-35,3865.25,4120
2022-12-23 12:23:39,86,-9,3865.25,4111
2022-12-23 12:23:40,19,-4,3865.25,4107
2022-12-23 12:23:41,20,17,3865.75,4124
2022-12-23 12:23:42,33,6,3865.75,4130
2022-12-23 12:23:43,92,8,3866.0,4138
2022-12-23 12:23:44,17,-3,3865.75,4135
2022-12-23 12:23:45,37,11,3866.0,4146
2022-12-23 12:23:46,8,-1,3865.75,4145
2022-12-23 12:23:47,95,64,3866.0,4209
2022-12-23 12:23:48,32,8,3866.25,4217
2022-12-23 12:23:49,136,83,3866.5,4300
2022-12-23 12:23:50,131,-13,3866.75,4287
2022-12-23 12:23:51,193,47,3867.0,4334
2022-12-23 12:23:52,67,17,3867.0,4351
2022-12-23 12:23:53,22,1,3867.0,4352
2022-12-23 12:23:54,248,108,3867.5,4460
2022-12-23 12:23:55,125,7,3867.5,4467
2022-12-23 12:23:56,76,-11,3867.0,4456
2022-12-23 12:23:57,48,12,3867.25,4468
2022-12-23 12:23:58,139,-37,3867.25,4431
2022-12-23 12:23:59,110,-35,3866.75,4396
2022-12-23 12:24:00,76,28,3867.0,4424
2022-12-23 12:24:01,47,-3,3867.0,4421
2022-12-23 12:24:02,57,1,3867.0,4422
2022-12-23 12:24:03,16,-8,3866.75,4414
2022-12-23 12:24:04,35,9,3867.0,4423
2022-12-23 12:24:05,58,-16,3866.75,4407
2022-12-23 12:24:06,43,16,3866.75,4423
2022-12-23 12:24:07,32,-3,3866.75,4420
2022-12-23 12:24:08,18,-11,3866.75,4409
2022-12-23 12:24:09,34,14,3866.75,4423
2022-12-23 12:24:10,65,2,3867.0,4425
2022-12-23 12:24:11,6,3,3867.25,4428
2022-12-23 12:24:12,80,-7,3867.25,4421
2022-12-23 12:24:13,20,-1,3867.25,4420
2022-12-23 12:24:14,134,28,3867.25,4448
2022-12-23 12:24:15,2,2,3867.25,4450
2022-12-23 12:24:16,106,-26,3867.0,4424
2022-12-23 12:24:17,37,5,3866.5,4429
2022-12-23 12:24:18,19,9,3866.5,4438
2022-12-23 12:24:19,79,-24,3866.5,4414
2022-12-23 12:24:20,22,-6,3866.25,4408
2022-12-23 12:24:21,53,9,3866.75,4417
2022-12-23 12:24:22,14,8,3866.75,4425
2022-12-23 12:24:23,34,-6,3866.75,4419
2022-12-23 12:24:24,13,-7,3866.5,4412
2022-12-23 12:24:25,23,10,3866.75,4422
2022-12-23 12:24:26,70,-40,3866.75,4382
2022-12-23 12:24:27,20,18,3867.0,4400
2022-12-23 12:24:28,33,-12,3867.0,4388
2022-12-23 12:24:29,24,17,3867.0,4405
2022-12-23 12:24:30,11,3,3867.25,4408
2022-12-23 12:24:31,71,1,3867.25,4409
2022-12-23 12:24:32,207,64,3867.5,4473
2022-12-23 12:24:33,90,-7,3867.75,4466
2022-12-23 12:24:34,528,231,3868.5,4697
2022-12-23 12:24:35,13,-1,3868.25,4696
2022-12-23 12:24:36,65,-35,3868.0,4661
2022-12-23 12:24:37,1,1,3868.0,4662
2022-12-23 12:24:38,123,-42,3868.0,4620
2022-12-23 12:24:39,5,1,3867.75,4621
2022-12-23 12:24:40,48,6,3867.75,4627
2022-12-23 12:24:41,50,-13,3867.75,4614
2022-12-23 12:24:42,68,2,3867.75,4616
2022-12-23 12:24:43,51,0,3867.75,4616
2022-12-23 12:24:44,1,-1,3867.75,4615
2022-12-23 12:24:45,25,-4,3868.0,4611
2022-12-23 12:24:46,64,-2,3868.0,4609
2022-12-23 12:24:47,109,-33,3867.75,4576
2022-12-23 12:24:48,172,-99,3867.25,4477
2022-12-23 12:24:49,49,10,3866.75,4487
2022-12-23 12:24:50,36,19,3867.0,4506
2022-12-23 12:24:51,75,0,3867.0,4506
2022-12-23 12:24:52,24,-5,3866.75,4501
2022-12-23 12:24:53,2,0,3866.75,4501
2022-12-23 12:24:55,103,2,3867.0,4503
2022-12-23 12:24:56,19,-11,3866.75,4492
2022-12-23 12:24:57,14,-9,3866.5,4483
2022-12-23 12:24:58,94,1,3866.75,4484
2022-12-23 12:24:59,8,-7,3866.75,4477
2022-12-23 12:25:00,62,14,3866.75,4491
2022-12-23 12:25:01,41,-3,3867.0,4488
2022-12-23 12:25:02,136,-54,3866.5,4434
2022-12-23 12:25:03,100,-3,3866.0,4431
2022-12-23 12:25:04,99,-56,3865.75,4375
2022-12-23 12:25:05,194,-61,3865.0,4314
2022-12-23 12:25:06,202,71,3865.0,4385
2022-12-23 12:25:07,50,-19,3865.0,4366
2022-12-23 12:25:08,40,-7,3864.75,4359
2022-12-23 12:25:09,31,-9,3864.75,4350
2022-12-23 12:25:10,55,-5,3864.5,4345
2022-12-23 12:25:11,73,-15,3864.25,4330
2022-12-23 12:25:12,93,-40,3864.0,4290
2022-12-23 12:25:13,41,-5,3864.0,4285
2022-12-23 12:25:14,44,11,3864.25,4296
2022-12-23 12:25:15,21,9,3864.25,4305
2022-12-23 12:25:16,26,-3,3864.25,4302
2022-12-23 12:25:17,56,20,3864.25,4322
2022-12-23 12:25:18,15,-5,3864.5,4317
2022-12-23 12:25:19,28,5,3864.25,4322
2022-12-23 12:25:20,79,-43,3864.25,4279
2022-12-23 12:25:21,31,13,3863.75,4292
2022-12-23 12:25:22,16,5,3864.25,4297
2022-12-23 12:25:23,55,-28,3864.25,4269
2022-12-23 12:25:24,39,2,3864.25,4271
2022-12-23 12:25:25,48,0,3864.5,4271
2022-12-23 12:25:26,3,1,3864.75,4272
2022-12-23 12:25:27,5,-1,3864.75,4271
2022-12-23 12:25:28,92,-20,3864.5,4251
2022-12-23 12:25:29,52,-10,3864.25,4241
2022-12-23 12:25:30,25,3,3864.25,4244
2022-12-23 12:25:31,57,5,3864.0,4249
2022-12-23 12:25:32,29,14,3864.25,4263
2022-12-23 12:25:33,40,3,3864.5,4266
2022-12-23 12:25:34,38,25,3864.75,4291
2022-12-23 12:25:35,10,6,3865.0,4297
2022-12-23 12:25:36,97,42,3865.75,4339
2022-12-23 12:25:37,36,4,3865.75,4343
2022-12-23 12:25:38,97,3,3866.0,4346
2022-12-23 12:25:39,15,-10,3866.0,4336
2022-12-23 12:25:40,35,3,3865.75,4339
2022-12-23 12:25:41,68,26,3866.25,4365
2022-12-23 12:25:42,19,5,3866.25,4370
2022-12-23 12:25:43,36,-28,3866.25,4342
2022-12-23 12:25:44,34,16,3866.0,4358
2022-12-23 12:25:45,15,0,3866.25,4358
2022-12-23 12:25:46,70,12,3866.0,4370
2022-12-23 12:25:47,59,15,3866.25,4385
2022-12-23 12:25:48,15,-9,3866.25,4376
2022-12-23 12:25:49,2,-2,3865.75,4374
2022-12-23 12:25:50,16,9,3866.0,4383
2022-12-23 12:25:51,2,-2,3866.0,4381
2022-12-23 12:25:52,57,14,3866.25,4395
2022-12-23 12:25:53,15,-1,3866.25,4394
2022-12-23 12:25:54,26,-15,3866.5,4379
2022-12-23 12:25:55,7,5,3866.5,4384
2022-12-23 12:25:56,9,-5,3866.25,4379
2022-12-23 12:25:57,36,-6,3866.0,4373
2022-12-23 12:25:58,27,-4,3866.0,4369
2022-12-23 12:25:59,6,-6,3866.0,4363
2022-12-23 12:26:00,41,10,3866.25,4373
2022-12-23 12:26:01,18,10,3866.25,4383
2022-12-23 12:26:03,39,6,3866.25,4389
2022-12-23 12:26:04,152,-25,3865.75,4364
2022-12-23 12:26:05,20,-5,3865.5,4359
2022-12-23 12:26:06,5,1,3865.5,4360
2022-12-23 12:26:07,38,8,3865.5,4368
2022-12-23 12:26:08,39,-28,3865.0,4340
2022-12-23 12:26:09,30,-1,3865.25,4339
2022-12-23 12:26:10,34,18,3865.5,4357
2022-12-23 12:26:11,38,1,3865.75,4358
2022-12-23 12:26:12,42,-16,3865.5,4342
2022-12-23 12:26:13,10,2,3865.5,4344
2022-12-23 12:26:14,39,-20,3865.5,4324
2022-12-23 12:26:15,17,12,3865.25,4336
2022-12-23 12:26:16,72,26,3865.75,4362
2022-12-23 12:26:17,19,-1,3866.0,4361
2022-12-23 12:26:18,8,6,3866.0,4367
2022-12-23 12:26:19,32,9,3866.0,4376
2022-12-23 12:26:20,107,32,3866.5,4408
2022-12-23 12:26:21,25,-13,3866.25,4395
2022-12-23 12:26:22,34,-10,3866.25,4385
2022-12-23 12:26:23,44,21,3866.5,4406
2022-12-23 12:26:24,44,-13,3866.5,4393
2022-12-23 12:26:25,16,-3,3866.5,4390
2022-12-23 12:26:26,20,5,3866.75,4395
2022-12-23 12:26:27,29,1,3866.75,4396
2022-12-23 12:26:28,9,8,3866.5,4404
2022-12-23 12:26:29,5,-2,3866.5,4402
2022-12-23 12:26:30,25,2,3866.5,4404
2022-12-23 12:26:31,38,-13,3866.75,4391
2022-12-23 12:26:32,8,4,3866.75,4395
2022-12-23 12:26:33,67,-34,3867.0,4361
2022-12-23 12:26:34,11,9,3866.5,4370
2022-12-23 12:26:35,3,-1,3866.5,4369
2022-12-23 12:26:36,26,13,3866.5,4382
2022-12-23 12:26:37,10,-6,3866.75,4376
2022-12-23 12:26:39,17,5,3866.75,4381
2022-12-23 12:26:40,30,13,3866.75,4394
2022-12-23 12:26:42,48,-20,3866.75,4374
2022-12-23 12:26:43,40,5,3866.25,4379
2022-12-23 12:26:44,1,1,3866.25,4380
2022-12-23 12:26:45,1,1,3866.25,4381
2022-12-23 12:26:46,19,-9,3866.0,4372
2022-12-23 12:26:47,17,-17,3865.75,4355
2022-12-23 12:26:48,54,-4,3865.5,4351
2022-12-23 12:26:49,21,9,3865.5,4360
2022-12-23 12:26:50,24,4,3865.75,4364
2022-12-23 12:26:51,8,2,3865.75,4366
2022-12-23 12:26:52,35,-22,3865.5,4344
2022-12-23 12:26:53,15,8,3865.75,4352
2022-12-23 12:26:54,11,4,3865.75,4356
2022-12-23 12:26:55,14,0,3865.75,4356
2022-12-23 12:26:56,7,6,3866.0,4362
2022-12-23 12:26:57,23,-2,3866.25,4360
2022-12-23 12:26:58,33,9,3866.25,4369
2022-12-23 12:26:59,15,2,3866.25,4371
2022-12-23 12:27:00,37,19,3866.5,4390
2022-12-23 12:27:01,39,-5,3866.5,4385
2022-12-23 12:27:02,19,-2,3866.0,4383
2022-12-23 12:27:03,41,-11,3865.75,4372
2022-12-23 12:27:04,70,-7,3865.5,4365
2022-12-23 12:27:05,51,3,3865.25,4368
2022-12-23 12:27:06,53,0,3865.5,4368
2022-12-23 12:27:07,23,-1,3865.75,4367
2022-12-23 12:27:09,32,-17,3865.5,4350
2022-12-23 12:27:10,31,-12,3865.0,4338
2022-12-23 12:27:11,25,-2,3865.0,4336
2022-12-23 12:27:12,33,-3,3865.0,4333
2022-12-23 12:27:13,2,-2,3865.0,4331
2022-12-23 12:27:14,42,-11,3865.0,4320
2022-12-23 12:27:15,34,-5,3865.0,4315
2022-12-23 12:27:16,17,4,3865.0,4319
2022-12-23 12:27:17,27,-2,3864.75,4317
2022-12-23 12:27:18,8,0,3864.75,4317
2022-12-23 12:27:19,50,-47,3864.5,4270
2022-12-23 12:27:20,123,-22,3864.0,4248
2022-12-23 12:27:21,54,-7,3864.0,4241
2022-12-23 12:27:22,26,6,3864.25,4247
2022-12-23 12:27:23,5,4,3864.0,4251
2022-12-23 12:27:24,27,2,3863.75,4253
2022-12-23 12:27:25,22,9,3863.75,4262
2022-12-23 12:27:26,3,1,3863.75,4263
2022-12-23 12:27:27,69,39,3864.0,4302
2022-12-23 12:27:29,52,13,3864.0,4315
2022-12-23 12:27:30,3,3,3864.0,4318
2022-12-23 12:27:31,4,-2,3864.0,4316
2022-12-23 12:27:32,2,2,3864.0,4318
2022-12-23 12:27:33,24,-11,3864.0,4307
2022-12-23 12:27:34,31,-21,3863.75,4286
2022-12-23 12:27:35,41,-20,3863.75,4266
2022-12-23 12:27:36,3,0,3863.75,4266
2022-12-23 12:27:37,17,11,3863.75,4277
2022-12-23 12:27:38,11,7,3864.0,4284
2022-12-23 12:27:39,22,19,3864.25,4303
2022-12-23 12:27:40,7,-7,3864.25,4296
2022-12-23 12:27:41,16,-1,3864.25,4295
2022-12-23 12:27:42,45,25,3864.75,4320
2022-12-23 12:27:43,8,-4,3864.5,4316
2022-12-23 12:27:45,11,8,3864.5,4324
2022-12-23 12:27:46,1,-1,3864.25,4323
2022-12-23 12:27:47,22,5,3864.5,4328
2022-12-23 12:27:48,12,-3,3864.5,4325
2022-12-23 12:27:49,42,-2,3864.5,4323
2022-12-23 12:27:50,29,0,3864.25,4323
2022-12-23 12:27:51,6,6,3864.5,4329
2022-12-23 12:27:52,8,-8,3864.25,4321
2022-12-23 12:27:53,44,9,3864.25,4330
2022-12-23 12:27:54,35,-12,3864.0,4318
2022-12-23 12:27:56,2,-2,3863.75,4316
2022-12-23 12:27:57,65,-29,3863.75,4287
2022-12-23 12:27:58,33,8,3864.0,4295
2022-12-23 12:27:59,11,3,3864.0,4298
2022-12-23 12:28:00,43,8,3864.25,4306
2022-12-23 12:28:01,22,7,3864.25,4313
2022-12-23 12:28:02,22,1,3864.25,4314
2022-12-23 12:28:03,32,20,3864.25,4334
2022-12-23 12:28:04,31,11,3864.25,4345
2022-12-23 12:28:05,59,62,3864.5,4407
2022-12-23 12:28:06,61,12,3864.5,4419
2022-12-23 12:28:07,50,0,3864.0,4419
2022-12-23 12:28:08,4,4,3864.0,4423
2022-12-23 12:28:09,31,-9,3864.0,4414
2022-12-23 12:28:10,55,33,3863.75,4447
2022-12-23 12:28:11,35,3,3863.75,4450
2022-12-23 12:28:12,18,4,3864.0,4454
2022-12-23 12:28:13,3,3,3864.25,4457
2022-12-23 12:28:14,23,-10,3864.0,4447
2022-12-23 12:28:15,1,1,3864.25,4448
2022-12-23 12:28:16,29,11,3864.25,4459
2022-12-23 12:28:17,14,-4,3864.25,4455
2022-12-23 12:28:18,8,6,3864.0,4461
2022-12-23 12:28:19,1,1,3864.0,4462
2022-12-23 12:28:20,6,-6,3864.0,4456
2022-12-23 12:28:21,9,7,3864.0,4463
2022-12-23 12:28:23,12,6,3864.25,4469
2022-12-23 12:28:24,38,-2,3864.5,4467
2022-12-23 12:28:25,18,14,3864.5,4481
2022-12-23 12:28:26,43,15,3864.75,4496
2022-12-23 12:28:27,13,4,3864.75,4500
2022-12-23 12:28:28,12,-3,3864.75,4497
2022-12-23 12:28:29,11,-3,3864.75,4494
2022-12-23 12:28:30,16,-6,3864.5,4488
2022-12-23 12:28:31,89,-24,3864.0,4464
2022-12-23 12:28:32,45,9,3864.0,4473
2022-12-23 12:28:33,10,-9,3863.75,4464
2022-12-23 12:28:35,15,15,3864.25,4479
2022-12-23 12:28:36,9,-7,3864.25,4472
2022-12-23 12:28:38,4,4,3864.25,4476
2022-12-23 12:28:39,21,-5,3864.25,4471
2022-12-23 12:28:40,34,5,3864.75,4476
2022-12-23 12:28:41,27,-2,3864.75,4474
2022-12-23 12:28:42,11,-7,3864.5,4467
2022-12-23 12:28:43,57,-5,3864.75,4462
2022-12-23 12:28:44,21,4,3864.75,4466
2022-12-23 12:28:45,11,-1,3864.75,4465
2022-12-23 12:28:46,1,-1,3864.25,4464
2022-12-23 12:28:47,4,4,3864.5,4468
2022-12-23 12:28:49,10,9,3864.75,4477
2022-12-23 12:28:50,23,-11,3864.75,4466
2022-12-23 12:28:51,2,2,3864.75,4468
2022-12-23 12:28:52,2,2,3864.75,4470
2022-12-23 12:28:53,6,3,3864.75,4473
2022-12-23 12:28:54,70,-7,3865.25,4466
2022-12-23 12:28:55,54,-2,3865.0,4464
2022-12-23 12:28:56,16,15,3865.0,4479
2022-12-23 12:28:57,21,-3,3865.25,4476
2022-12-23 12:28:58,23,7,3865.25,4483
2022-12-23 12:28:59,34,1,3865.5,4484
2022-12-23 12:29:00,6,-4,3865.5,4480
2022-12-23 12:29:01,32,-11,3865.25,4469
2022-12-23 12:29:02,18,-2,3865.0,4467
2022-12-23 12:29:03,42,12,3865.0,4479
2022-12-23 12:29:04,3,-3,3864.5,4476
2022-12-23 12:29:05,8,-7,3864.5,4469
2022-12-23 12:29:06,35,0,3864.5,4469
2022-12-23 12:29:07,18,4,3864.25,4473
2022-12-23 12:29:08,24,8,3864.5,4481
2022-12-23 12:29:09,1,1,3864.5,4482
2022-12-23 12:29:10,2,-1,3864.25,4481
2022-12-23 12:29:11,7,5,3864.5,4486
2022-12-23 12:29:12,17,0,3864.5,4486
2022-12-23 12:29:13,5,-3,3864.25,4483
2022-12-23 12:29:14,81,-23,3864.0,4460
2022-12-23 12:29:15,8,2,3864.0,4462
2022-12-23 12:29:16,34,-5,3864.0,4457
2022-12-23 12:29:17,26,3,3864.0,4460
2022-12-23 12:29:18,15,9,3864.0,4469
2022-12-23 12:29:19,1,1,3864.0,4470
2022-12-23 12:29:20,40,-9,3864.0,4461
2022-12-23 12:29:21,20,-8,3863.75,4453
2022-12-23 12:29:22,23,-16,3863.75,4437
2022-12-23 12:29:23,23,-17,3863.75,4420
2022-12-23 12:29:24,7,-7,3863.5,4413
2022-12-23 12:29:25,30,15,3863.75,4428
2022-12-23 12:29:26,4,-2,3863.5,4426
2022-12-23 12:29:29,14,10,3863.75,4436
2022-12-23 12:29:30,2,0,3863.75,4436
2022-12-23 12:29:31,35,-2,3863.75,4434
2022-12-23 12:29:32,7,-7,3863.75,4427
2022-12-23 12:29:33,43,8,3864.0,4435
2022-12-23 12:29:34,12,6,3864.0,4441
2022-12-23 12:29:35,14,-6,3864.25,4435
2022-12-23 12:29:36,7,-5,3863.75,4430
2022-12-23 12:29:37,1,1,3863.75,4431
2022-12-23 12:29:40,17,-9,3863.5,4422
2022-12-23 12:29:41,198,-129,3863.5,4293
2022-12-23 12:29:42,58,18,3863.5,4311
2022-12-23 12:29:43,14,2,3863.5,4313
2022-12-23 12:29:44,3,0,3863.75,4313
2022-12-23 12:29:45,2,0,3863.75,4313
2022-12-23 12:29:46,56,-14,3863.75,4299
2022-12-23 12:29:47,55,-24,3863.5,4275
2022-12-23 12:29:48,8,8,3863.75,4283
2022-12-23 12:29:49,12,3,3863.75,4286
2022-12-23 12:29:52,19,4,3863.75,4290
2022-12-23 12:29:53,56,2,3863.5,4292
2022-12-23 12:29:54,24,1,3863.75,4293
2022-12-23 12:29:55,31,0,3863.5,4293
2022-12-23 12:29:56,24,-2,3863.5,4291
2022-12-23 12:29:57,11,-3,3863.5,4288
2022-12-23 12:29:59,61,-17,3863.25,4271
2022-12-23 12:30:00,33,8,3863.25,4279
2022-12-23 12:30:01,15,7,3863.25,4286
2022-12-23 12:30:02,63,5,3863.25,4291
2022-12-23 12:30:03,2,0,3863.25,4291
2022-12-23 12:30:05,29,11,3863.5,4302
2022-12-23 12:30:06,16,8,3863.5,4310
2022-12-23 12:30:07,47,9,3864.0,4319
2022-12-23 12:30:08,27,4,3864.0,4323
2022-12-23 12:30:09,8,-2,3863.75,4321
2022-12-23 12:30:10,6,2,3863.75,4323
2022-12-23 12:30:11,11,0,3863.75,4323
2022-12-23 12:30:12,50,13,3864.0,4336
2022-12-23 12:30:13,6,0,3864.0,4336
2022-12-23 12:30:15,20,0,3864.0,4336
2022-12-23 12:30:16,8,-4,3864.25,4332
2022-12-23 12:30:17,4,4,3864.25,4336
2022-12-23 12:30:18,24,17,3864.25,4353
2022-12-23 12:30:19,38,-8,3864.25,4345
2022-12-23 12:30:20,51,17,3864.25,4362
2022-12-23 12:30:21,65,-13,3864.5,4349
2022-12-23 12:30:22,3,3,3864.25,4352
2022-12-23 12:30:24,56,11,3864.5,4363
2022-12-23 12:30:25,33,1,3864.75,4364
2022-12-23 12:30:26,34,-10,3864.75,4354
2022-12-23 12:30:27,89,3,3864.75,4357
2022-12-23 12:30:28,14,11,3865.0,4368
2022-12-23 12:30:29,59,18,3865.0,4386
2022-12-23 12:30:30,7,-5,3865.0,4381
2022-12-23 12:30:31,104,-50,3865.0,4331
2022-12-23 12:30:32,122,38,3866.0,4369
2022-12-23 12:30:33,55,4,3866.25,4373
2022-12-23 12:30:34,53,-11,3866.25,4362
2022-12-23 12:30:35,79,11,3866.25,4373
2022-12-23 12:30:36,30,-19,3866.25,4354
2022-12-23 12:30:37,26,-1,3866.25,4353
2022-12-23 12:30:38,46,-6,3866.25,4347
2022-12-23 12:30:39,30,-6,3866.25,4341
2022-12-23 12:30:40,11,-9,3866.0,4332
2022-12-23 12:30:41,12,-9,3865.75,4323
2022-12-23 12:30:42,16,-7,3865.25,4316
2022-12-23 12:30:43,29,-5,3865.5,4311
2022-12-23 12:30:44,19,-10,3865.25,4301
2022-12-23 12:30:45,6,-2,3865.0,4299
2022-12-23 12:30:46,5,-5,3864.75,4294
2022-12-23 12:30:47,12,11,3865.25,4305
2022-12-23 12:30:48,3,3,3865.25,4308
2022-12-23 12:30:49,10,-3,3865.25,4305
2022-12-23 12:30:50,27,6,3865.0,4311
2022-12-23 12:30:51,7,-5,3865.0,4306
2022-12-23 12:30:52,7,1,3865.0,4307
2022-12-23 12:30:53,39,9,3865.0,4316
2022-12-23 12:30:54,32,0,3865.5,4316
2022-12-23 12:30:55,1,1,3865.0,4317
2022-12-23 12:30:56,26,-6,3865.0,4311
2022-12-23 12:30:58,11,1,3865.0,4312
2022-12-23 12:30:59,24,14,3865.0,4326
2022-12-23 12:31:00,19,1,3865.25,4327
2022-12-23 12:31:01,23,-8,3865.25,4319
2022-12-23 12:31:02,42,-16,3865.0,4303
2022-12-23 12:31:03,12,4,3865.0,4307
2022-12-23 12:31:04,14,-1,3865.0,4306
2022-12-23 12:31:05,97,-23,3864.75,4283
2022-12-23 12:31:06,49,6,3864.75,4289
2022-12-23 12:31:08,40,-11,3864.75,4278
2022-12-23 12:31:10,48,-11,3864.5,4267
2022-12-23 12:31:11,31,7,3864.5,4274
2022-12-23 12:31:12,13,-1,3864.5,4273
2022-12-23 12:31:13,27,-19,3864.5,4254
2022-12-23 12:31:14,115,-26,3864.5,4228
2022-12-23 12:31:15,14,-12,3864.25,4216
2022-12-23 12:31:16,5,-5,3864.0,4211
2022-12-23 12:31:17,20,5,3864.0,4216
2022-12-23 12:31:18,28,15,3864.0,4231
2022-12-23 12:31:19,40,23,3864.75,4254
2022-12-23 12:31:20,9,0,3864.5,4254
2022-12-23 12:31:21,6,1,3864.5,4255
2022-12-23 12:31:22,7,7,3864.75,4262
2022-12-23 12:31:23,34,30,3865.25,4292
2022-12-23 12:31:24,49,18,3865.75,4310
2022-12-23 12:31:25,27,14,3866.0,4324
2022-12-23 12:31:26,44,9,3866.0,4333
2022-12-23 12:31:27,20,-2,3866.25,4331
2022-12-23 12:31:28,26,-9,3866.0,4322
2022-12-23 12:31:29,16,-3,3865.75,4319
2022-12-23 12:31:30,22,17,3866.0,4336
2022-12-23 12:31:31,14,1,3866.25,4337
2022-12-23 12:31:32,16,-7,3866.25,4330
2022-12-23 12:31:33,25,-13,3866.0,4317
2022-12-23 12:31:34,20,-1,3865.75,4316
2022-12-23 12:31:35,7,3,3866.0,4319
2022-12-23 12:31:36,22,-9,3865.75,4310
2022-12-23 12:31:37,8,7,3865.5,4317
2022-12-23 12:31:38,23,-2,3865.5,4315
2022-12-23 12:31:39,14,-1,3865.5,4314
2022-12-23 12:31:41,3,3,3865.5,4317
2022-12-23 12:31:42,8,-3,3865.25,4314
2022-12-23 12:31:43,10,4,3865.25,4318
2022-12-23 12:31:44,2,-2,3865.25,4316
2022-12-23 12:31:45,25,-4,3865.25,4312
2022-12-23 12:31:46,11,9,3865.5,4321
2022-12-23 12:31:47,25,-7,3865.5,4314
2022-12-23 12:31:48,17,-10,3865.5,4304
2022-12-23 12:31:49,10,4,3865.25,4308
2022-12-23 12:31:50,20,8,3865.25,4316
2022-12-23 12:31:51,15,0,3865.25,4316
2022-12-23 12:31:54,16,11,3865.5,4327
2022-12-23 12:31:55,12,-12,3865.5,4315
2022-12-23 12:31:57,36,-24,3865.25,4291
2022-12-23 12:31:58,13,6,3865.0,4297
2022-12-23 12:31:59,35,-4,3865.25,4293
2022-12-23 12:32:00,46,-32,3865.0,4261
2022-12-23 12:32:01,17,-11,3865.0,4250
2022-12-23 12:32:02,10,7,3864.75,4257
2022-12-23 12:32:03,14,5,3865.0,4262
2022-12-23 12:32:04,6,-2,3865.0,4260
2022-12-23 12:32:05,26,4,3865.5,4264
2022-12-23 12:32:06,13,12,3866.0,4276
2022-12-23 12:32:07,30,-9,3866.0,4267
2022-12-23 12:32:08,21,1,3866.0,4268
2022-12-23 12:32:09,31,21,3866.25,4289
2022-12-23 12:32:10,39,-25,3866.25,4264
2022-12-23 12:32:11,28,11,3866.0,4275
2022-12-23 12:32:12,79,-2,3866.0,4273
2022-12-23 12:32:13,41,-6,3866.0,4267
2022-12-23 12:32:14,23,18,3866.25,4285
2022-12-23 12:32:15,68,13,3866.5,4298
2022-12-23 12:32:16,19,4,3866.5,4302
2022-12-23 12:32:17,4,4,3866.5,4306
2022-12-23 12:32:18,24,-11,3866.5,4295
2022-12-23 12:32:19,22,-12,3866.25,4283
2022-12-23 12:32:20,1,-1,3865.75,4282
2022-12-23 12:32:21,14,-2,3865.75,4280
2022-12-23 12:32:22,8,6,3866.0,4286
2022-12-23 12:32:23,12,8,3866.0,4294
2022-12-23 12:32:24,1,1,3866.0,4295
2022-12-23 12:32:26,1,-1,3865.75,4294
2022-12-23 12:32:27,27,7,3866.0,4301
2022-12-23 12:32:28,1,-1,3866.0,4300
2022-12-23 12:32:29,8,-6,3866.0,4294
2022-12-23 12:32:30,10,-8,3865.75,4286
2022-12-23 12:32:31,32,3,3865.75,4289
2022-12-23 12:32:32,3,3,3865.75,4292
2022-12-23 12:32:33,15,-3,3865.5,4289
2022-12-23 12:32:36,15,11,3865.75,4300
2022-12-23 12:32:37,6,5,3865.75,4305
2022-12-23 12:32:38,12,10,3865.75,4315
2022-12-23 12:32:39,9,-3,3865.75,4312
2022-12-23 12:32:40,27,-11,3865.5,4301
2022-12-23 12:32:41,2,1,3865.75,4302
2022-12-23 12:32:42,44,7,3865.75,4309
2022-12-23 12:32:43,32,-2,3865.75,4307
2022-12-23 12:32:44,21,-1,3865.75,4306
2022-12-23 12:32:45,36,5,3865.75,4311
2022-12-23 12:32:46,98,-23,3865.75,4288
2022-12-23 12:32:47,86,-11,3865.5,4277
2022-12-23 12:32:48,20,1,3865.5,4278
2022-12-23 12:32:49,22,11,3865.5,4289
2022-12-23 12:32:50,39,12,3865.75,4301
2022-12-23 12:32:51,11,-6,3866.0,4295
2022-12-23 12:32:52,2,2,3866.0,4297
2022-12-23 12:32:53,57,18,3866.25,4315
2022-12-23 12:32:54,29,4,3866.25,4319
2022-12-23 12:32:55,11,7,3866.25,4326
2022-12-23 12:32:56,149,16,3866.5,4342
2022-12-23 12:32:57,1,1,3866.5,4343
2022-12-23 12:32:58,47,-25,3866.5,4318
2022-12-23 12:32:59,9,6,3866.25,4324
2022-12-23 12:33:00,8,-2,3866.5,4322
2022-12-23 12:33:01,10,8,3866.5,4330
2022-12-23 12:33:02,164,-73,3866.25,4257
2022-12-23 12:33:03,3,-3,3865.75,4254
2022-12-23 12:33:04,1,1,3866.0,4255
2022-12-23 12:33:05,86,2,3866.25,4257
2022-12-23 12:33:06,43,-13,3866.0,4244
2022-12-23 12:33:09,6,0,3866.25,4244
2022-12-23 12:33:10,264,13,3866.5,4257
2022-12-23 12:33:11,63,-5,3866.5,4252
2022-12-23 12:33:12,15,-11,3866.0,4241
2022-12-23 12:33:13,13,7,3866.0,4248
2022-12-23 12:33:15,11,-11,3866.0,4237
2022-12-23 12:33:17,1,1,3865.75,4238
2022-12-23 12:33:18,1,1,3865.75,4239
2022-12-23 12:33:19,45,-8,3865.75,4231
2022-12-23 12:33:20,19,-2,3865.75,4229
2022-12-23 12:33:21,40,0,3865.5,4229
2022-12-23 12:33:22,1,-1,3865.5,4228
2022-12-23 12:33:25,28,12,3866.0,4240
2022-12-23 12:33:26,24,-15,3865.75,4225
2022-12-23 12:33:27,7,1,3865.75,4226
2022-12-23 12:33:29,32,-13,3865.75,4213
2022-12-23 12:33:30,13,7,3865.5,4220
2022-12-23 12:33:31,19,4,3865.75,4224
2022-12-23 12:33:32,67,36,3866.25,4260
2022-12-23 12:33:33,20,2,3865.75,4262
2022-12-23 12:33:34,6,6,3866.25,4268
2022-12-23 12:33:35,9,-8,3866.0,4260
2022-12-23 12:33:36,24,-8,3866.0,4252
2022-12-23 12:33:37,4,-2,3866.0,4250
2022-12-23 12:33:38,20,-2,3866.0,4248
2022-12-23 12:33:39,10,-6,3865.75,4242
2022-12-23 12:33:41,118,-3,3865.75,4239
2022-12-23 12:33:42,6,-4,3865.75,4235
2022-12-23 12:33:43,10,3,3865.75,4238
2022-12-23 12:33:44,15,0,3865.5,4238
2022-12-23 12:33:45,8,5,3865.75,4243
2022-12-23 12:33:46,22,-5,3865.5,4238
2022-12-23 12:33:49,34,-7,3865.5,4231
2022-12-23 12:33:50,32,-28,3865.0,4203
2022-12-23 12:33:51,1,1,3865.0,4204
2022-12-23 12:33:52,90,-37,3864.75,4167
2022-12-23 12:33:53,31,-11,3864.5,4156
2022-12-23 12:33:54,43,14,3864.5,4170
2022-12-23 12:33:55,4,-2,3864.25,4168
2022-12-23 12:33:56,28,3,3864.5,4171
2022-12-23 12:33:57,3,1,3864.5,4172
2022-12-23 12:33:58,17,1,3864.5,4173
2022-12-23 12:33:59,11,-9,3864.75,4164
2022-12-23 12:34:00,27,6,3864.5,4170
2022-12-23 12:34:01,15,-2,3864.5,4168
2022-12-23 12:34:02,14,-7,3864.25,4161
2022-12-23 12:34:03,20,-12,3864.25,4149
2022-12-23 12:34:04,40,-6,3864.0,4143
2022-12-23 12:34:05,16,-9,3864.0,4134
2022-12-23 12:34:06,12,0,3863.75,4134
2022-12-23 12:34:07,25,-3,3863.75,4131
2022-12-23 12:34:08,29,-2,3864.0,4129
2022-12-23 12:34:09,29,13,3864.0,4142
2022-12-23 12:34:10,27,-3,3864.25,4139
2022-12-23 12:34:11,14,13,3864.5,4152
2022-12-23 12:34:12,33,0,3864.5,4152
2022-12-23 12:34:13,24,2,3864.25,4154
2022-12-23 12:34:14,21,-9,3864.5,4145
2022-12-23 12:34:15,5,1,3864.75,4146
2022-12-23 12:34:16,7,-1,3864.75,4145
2022-12-23 12:34:17,13,11,3864.75,4156
2022-12-23 12:34:18,12,2,3865.0,4158
2022-12-23 12:34:19,11,3,3865.25,4161
2022-12-23 12:34:20,34,12,3865.25,4173
2022-12-23 12:34:21,31,-2,3865.5,4171
2022-12-23 12:34:22,41,-2,3865.25,4169
2022-12-23 12:34:23,18,3,3865.25,4172
2022-12-23 12:34:24,9,7,3865.5,4179
2022-12-23 12:34:25,1,1,3865.5,4180
2022-12-23 12:34:26,19,1,3865.5,4181
2022-12-23 12:34:27,13,-3,3865.75,4178
2022-12-23 12:34:28,19,11,3865.75,4189
2022-12-23 12:34:29,67,13,3866.25,4202
2022-12-23 12:34:30,14,-6,3866.25,4196
2022-12-23 12:34:31,3,3,3866.25,4199
2022-12-23 12:34:32,17,-8,3866.0,4191
2022-12-23 12:34:33,14,5,3866.25,4196
2022-12-23 12:34:34,4,2,3866.25,4198
2022-12-23 12:34:36,19,-8,3866.25,4190
2022-12-23 12:34:37,22,0,3866.5,4190
2022-12-23 12:34:39,2,2,3866.25,4192
2022-12-23 12:34:40,9,4,3866.5,4196
2022-12-23 12:34:41,23,-12,3866.25,4184
2022-12-23 12:34:42,16,11,3866.25,4195
2022-12-23 12:34:43,12,-4,3866.0,4191
2022-12-23 12:34:44,2,-1,3866.0,4190
2022-12-23 12:34:45,1,1,3866.25,4191
2022-12-23 12:34:46,12,-2,3866.25,4189
2022-12-23 12:34:47,9,-5,3866.5,4184
2022-12-23 12:34:48,25,-6,3866.25,4178
2022-12-23 12:34:49,15,0,3866.0,4178
2022-12-23 12:34:50,5,-3,3866.0,4175
2022-12-23 12:34:51,18,3,3866.0,4178
2022-12-23 12:34:52,7,-4,3866.0,4174
2022-12-23 12:34:53,11,-3,3866.0,4171
2022-12-23 12:34:55,86,12,3866.5,4183
2022-12-23 12:34:56,32,15,3866.75,4198
2022-12-23 12:34:57,5,-5,3866.5,4193
2022-12-23 12:34:58,12,8,3866.5,4201
2022-12-23 12:34:59,8,4,3866.5,4205
2022-12-23 12:35:00,17,2,3866.5,4207
2022-12-23 12:35:01,29,2,3866.5,4209
2022-12-23 12:35:02,4,2,3866.5,4211
2022-12-23 12:35:03,37,-1,3866.5,4210
2022-12-23 12:35:04,18,-3,3866.25,4207
2022-12-23 12:35:05,22,4,3866.25,4211
2022-12-23 12:35:08,26,-6,3866.25,4205
2022-12-23 12:35:10,36,13,3866.5,4218
2022-12-23 12:35:11,23,16,3866.75,4234
2022-12-23 12:35:12,29,14,3866.75,4248
2022-12-23 12:35:13,141,86,3867.5,4334
2022-12-23 12:35:14,70,-15,3867.5,4319
2022-12-23 12:35:15,9,6,3867.25,4325
2022-12-23 12:35:16,8,-2,3867.5,4323
2022-12-23 12:35:17,4,4,3867.5,4327
2022-12-23 12:35:18,1,1,3867.5,4328
2022-12-23 12:35:19,40,-15,3867.5,4313
2022-12-23 12:35:20,100,43,3867.75,4356
2022-12-23 12:35:21,36,0,3867.5,4356
2022-12-23 12:35:22,60,15,3868.0,4371
2022-12-23 12:35:23,53,26,3867.75,4397
2022-12-23 12:35:24,10,-2,3867.75,4395
2022-12-23 12:35:25,52,-18,3867.75,4377
2022-12-23 12:35:26,41,14,3868.0,4391
2022-12-23 12:35:27,74,22,3868.0,4413
2022-12-23 12:35:28,39,-24,3867.75,4389
2022-12-23 12:35:29,20,-3,3867.5,4386
2022-12-23 12:35:30,21,3,3867.75,4389
2022-12-23 12:35:31,42,17,3867.75,4406
2022-12-23 12:35:32,21,-3,3867.75,4403
2022-12-23 12:35:33,9,-5,3867.75,4398
2022-12-23 12:35:34,13,6,3867.75,4404
2022-12-23 12:35:35,19,12,3868.0,4416
2022-12-23 12:35:36,12,-2,3868.0,4414
2022-12-23 12:35:37,88,39,3868.5,4453
2022-12-23 12:35:38,278,158,3869.25,4611
2022-12-23 12:35:39,88,-20,3869.0,4591
2022-12-23 12:35:40,35,12,3869.0,4603
2022-12-23 12:35:41,9,3,3868.75,4606
2022-12-23 12:35:42,19,5,3869.0,4611
2022-12-23 12:35:43,89,55,3869.0,4666
2022-12-23 12:35:44,35,-1,3869.0,4665
2022-12-23 12:35:45,4,2,3869.0,4667
2022-12-23 12:35:46,68,60,3869.25,4727
2022-12-23 12:35:47,20,14,3869.5,4741
2022-12-23 12:35:48,120,17,3869.75,4758
2022-12-23 12:35:49,52,-7,3869.75,4751
2022-12-23 12:35:50,141,99,3870.0,4850
2022-12-23 12:35:51,78,3,3870.0,4853
2022-12-23 12:35:52,31,-15,3869.75,4838
2022-12-23 12:35:53,69,-5,3869.5,4833
2022-12-23 12:35:54,12,-8,3869.5,4825
2022-12-23 12:35:55,18,-14,3869.0,4811
2022-12-23 12:35:56,45,-4,3869.0,4807
2022-12-23 12:35:57,1,-1,3868.75,4806
2022-12-23 12:35:58,15,-5,3869.0,4801
2022-12-23 12:35:59,121,-19,3868.75,4782
2022-12-23 12:36:00,47,1,3868.75,4783
2022-12-23 12:36:01,37,0,3868.75,4783
2022-12-23 12:36:02,3,3,3869.0,4786
2022-12-23 12:36:03,39,6,3869.25,4792
2022-12-23 12:36:04,41,-12,3869.0,4780
2022-12-23 12:36:05,54,-7,3869.0,4773
2022-12-23 12:36:06,41,-7,3868.75,4766
2022-12-23 12:36:07,40,-8,3868.5,4758
2022-12-23 12:36:08,25,6,3868.5,4764
2022-12-23 12:36:09,64,42,3869.25,4806
2022-12-23 12:36:10,16,-1,3869.0,4805
2022-12-23 12:36:11,30,-13,3869.0,4792
2022-12-23 12:36:12,6,5,3868.5,4797
2022-12-23 12:36:13,47,7,3868.75,4804
2022-12-23 12:36:14,27,-16,3868.5,4788
2022-12-23 12:36:15,56,-24,3868.25,4764
2022-12-23 12:36:16,19,-1,3868.0,4763
2022-12-23 12:36:17,3,-3,3868.0,4760
2022-12-23 12:36:18,38,-4,3868.25,4756
2022-12-23 12:36:19,26,5,3868.0,4761
2022-12-23 12:36:20,17,6,3868.25,4767
2022-12-23 12:36:21,15,6,3868.25,4773
2022-12-23 12:36:22,13,-10,3868.0,4763
2022-12-23 12:36:23,24,-15,3867.75,4748
2022-12-23 12:36:24,9,3,3867.75,4751
2022-12-23 12:36:25,64,-17,3868.0,4734
2022-12-23 12:36:26,6,4,3868.0,4738
2022-12-23 12:36:27,11,-10,3867.75,4728
2022-12-23 12:36:28,47,-10,3867.5,4718
2022-12-23 12:36:29,75,-38,3867.25,4680
2022-12-23 12:36:30,45,-18,3867.0,4662
2022-12-23 12:36:31,15,-3,3867.0,4659
2022-12-23 12:36:32,42,6,3867.0,4665
2022-12-23 12:36:33,29,-3,3866.75,4662
2022-12-23 12:36:34,50,-16,3866.5,4646
2022-12-23 12:36:35,59,-2,3866.5,4644
2022-12-23 12:36:36,23,1,3866.5,4645
2022-12-23 12:36:37,16,-8,3866.5,4637
2022-12-23 12:36:38,10,2,3866.75,4639
2022-12-23 12:36:39,27,7,3866.75,4646
2022-12-23 12:36:40,34,-10,3866.5,4636
2022-12-23 12:36:41,11,-6,3866.5,4630
2022-12-23 12:36:42,30,-5,3866.25,4625
2022-12-23 12:36:43,21,-7,3866.25,4618
2022-12-23 12:36:44,1,-1,3866.0,4617
2022-12-23 12:36:45,62,-1,3866.25,4616
2022-12-23 12:36:46,8,5,3866.25,4621
2022-12-23 12:36:47,21,-3,3866.25,4618
2022-12-23 12:36:48,7,-3,3866.5,4615
2022-12-23 12:36:49,28,-13,3866.5,4602
2022-12-23 12:36:50,26,-6,3866.25,4596
2022-12-23 12:36:51,48,-20,3865.75,4576
2022-12-23 12:36:52,20,3,3865.75,4579
2022-12-23 12:36:53,25,-8,3865.75,4571
2022-12-23 12:36:54,17,9,3866.0,4580
2022-12-23 12:36:55,6,2,3866.0,4582
2022-12-23 12:36:56,31,-6,3866.25,4576
2022-12-23 12:36:57,2,2,3866.5,4578
2022-12-23 12:36:58,13,-4,3866.5,4574
2022-12-23 12:36:59,17,8,3866.25,4582
2022-12-23 12:37:00,40,13,3866.75,4595
2022-12-23 12:37:01,18,-4,3866.5,4591
2022-12-23 12:37:02,21,-4,3866.5,4587
2022-12-23 12:37:03,28,1,3866.25,4588
2022-12-23 12:37:04,69,-29,3866.0,4559
2022-12-23 12:37:05,2,1,3865.75,4560
2022-12-23 12:37:06,11,6,3865.75,4566
2022-12-23 12:37:07,23,-21,3865.5,4545
2022-12-23 12:37:08,16,12,3865.75,4557
2022-12-23 12:37:09,23,-14,3866.0,4543
2022-12-23 12:37:10,10,2,3865.75,4545
2022-12-23 12:37:11,9,-1,3866.0,4544
2022-12-23 12:37:13,29,-9,3865.75,4535
2022-12-23 12:37:14,14,8,3865.75,4543
2022-12-23 12:37:15,12,-6,3865.75,4537
2022-12-23 12:37:16,41,-10,3865.75,4527
2022-12-23 12:37:17,70,-46,3865.25,4481
2022-12-23 12:37:18,23,9,3865.5,4490
2022-12-23 12:37:19,30,25,3865.75,4515
2022-12-23 12:37:20,27,0,3865.75,4515
2022-12-23 12:37:21,11,-5,3865.75,4510
2022-12-23 12:37:22,42,-7,3865.5,4503
2022-12-23 12:37:23,24,-9,3865.25,4494
2022-12-23 12:37:24,29,-11,3865.0,4483
2022-12-23 12:37:25,42,6,3865.25,4489
2022-12-23 12:37:26,59,-5,3865.5,4484
2022-12-23 12:37:27,16,3,3865.25,4487
2022-12-23 12:37:28,1,1,3865.25,4488
2022-12-23 12:37:29,1,-1,3865.0,4487
2022-12-23 12:37:30,39,-22,3865.0,4465
2022-12-23 12:37:31,30,9,3865.25,4474
2022-12-23 12:37:32,2,0,3865.25,4474
2022-12-23 12:37:33,12,6,3865.25,4480
2022-12-23 12:37:34,48,-7,3865.25,4473
2022-12-23 12:37:35,47,7,3865.5,4480
2022-12-23 12:37:36,14,-4,3865.25,4476
2022-12-23 12:37:37,5,5,3865.5,4481
2022-12-23 12:37:38,66,31,3865.75,4512
2022-12-23 12:37:39,22,-11,3865.5,4501
2022-12-23 12:37:40,6,5,3865.25,4506
2022-12-23 12:37:42,12,-2,3865.5,4504
2022-12-23 12:37:43,10,2,3865.5,4506
2022-12-23 12:37:44,38,2,3865.5,4508
2022-12-23 12:37:45,5,1,3865.75,4509
2022-12-23 12:37:46,1,1,3865.75,4510
2022-12-23 12:37:47,21,-11,3865.5,4499
2022-12-23 12:37:48,2,-2,3865.5,4497
2022-12-23 12:37:51,1,1,3865.5,4498
2022-12-23 12:37:52,8,-6,3865.25,4492
2022-12-23 12:37:53,8,5,3865.25,4497
2022-12-23 12:37:54,52,-1,3865.25,4496
2022-12-23 12:37:55,12,-4,3865.0,4492
2022-12-23 12:37:56,17,1,3865.25,4493
2022-12-23 12:37:57,18,0,3865.25,4493
2022-12-23 12:37:58,62,4,3865.25,4497
2022-12-23 12:37:59,3,1,3865.5,4498
2022-12-23 12:38:00,60,5,3865.75,4503
2022-12-23 12:38:01,28,-8,3865.5,4495
2022-12-23 12:38:02,7,1,3865.25,4496
2022-12-23 12:38:03,2,-2,3865.25,4494
2022-12-23 12:38:05,28,11,3865.25,4505
2022-12-23 12:38:06,41,-28,3865.0,4477
2022-12-23 12:38:07,56,-10,3865.0,4467
2022-12-23 12:38:08,11,7,3865.0,4474
2022-12-23 12:38:09,20,-1,3865.0,4473
2022-12-23 12:38:10,26,-3,3864.75,4470
2022-12-23 12:38:11,14,-11,3864.75,4459
2022-12-23 12:38:12,21,3,3865.0,4462
2022-12-23 12:38:13,40,14,3865.25,4476
2022-12-23 12:38:14,24,-1,3865.25,4475
2022-12-23 12:38:15,32,9,3865.5,4484
2022-12-23 12:38:16,15,14,3865.5,4498
2022-12-23 12:38:17,29,13,3866.0,4511
2022-12-23 12:38:18,3,2,3866.0,4513
2022-12-23 12:38:19,114,-2,3866.25,4511
2022-12-23 12:38:20,44,15,3866.25,4526
2022-12-23 12:38:21,89,-31,3866.25,4495
2022-12-23 12:38:23,2,2,3866.0,4497
2022-12-23 12:38:24,21,-3,3866.0,4494
2022-12-23 12:38:26,1,-1,3865.75,4493
2022-12-23 12:38:27,106,-39,3865.75,4454
2022-12-23 12:38:28,3,-3,3865.0,4451
2022-12-23 12:38:29,15,9,3865.25,4460
2022-12-23 12:38:30,33,3,3865.5,4463
2022-12-23 12:38:31,256,-65,3865.5,4398
2022-12-23 12:38:32,124,-32,3864.75,4366
2022-12-23 12:38:33,51,-10,3864.75,4356
2022-12-23 12:38:34,26,0,3864.5,4356
2022-12-23 12:38:35,21,3,3864.5,4359
2022-12-23 12:38:36,39,17,3864.5,4376
2022-12-23 12:38:37,70,-6,3864.5,4370
2022-12-23 12:38:38,58,-20,3864.5,4350
2022-12-23 12:38:39,16,2,3864.25,4352
2022-12-23 12:38:40,19,1,3864.25,4353
2022-12-23 12:38:41,3,-3,3864.0,4350
2022-12-23 12:38:42,20,-5,3864.25,4345
2022-12-23 12:38:43,64,-7,3864.25,4338
2022-12-23 12:38:44,44,1,3864.25,4339
2022-12-23 12:38:45,49,-26,3864.0,4313
2022-12-23 12:38:46,37,-14,3863.75,4299
2022-12-23 12:38:47,48,4,3864.0,4303
2022-12-23 12:38:48,11,3,3864.25,4306
2022-12-23 12:38:49,7,1,3864.0,4307
2022-12-23 12:38:50,14,-1,3864.25,4306
2022-12-23 12:38:51,17,9,3864.5,4315
2022-12-23 12:38:52,35,1,3864.5,4316
2022-12-23 12:38:53,7,-1,3864.5,4315
2022-12-23 12:38:54,15,-3,3864.5,4312
2022-12-23 12:38:55,33,-5,3864.5,4307
2022-12-23 12:38:56,1,-1,3864.0,4306
2022-12-23 12:38:57,25,-11,3864.0,4295
2022-12-23 12:38:58,6,-2,3864.0,4293
2022-12-23 12:39:00,9,6,3864.25,4299
2022-12-23 12:39:01,151,34,3864.75,4333
2022-12-23 12:39:02,17,13,3864.75,4346
2022-12-23 12:39:03,27,14,3864.75,4360
2022-12-23 12:39:04,6,2,3864.75,4362
2022-12-23 12:39:05,46,-15,3864.75,4347
2022-12-23 12:39:06,45,-19,3864.5,4328
2022-12-23 12:39:07,4,2,3864.75,4330
2022-12-23 12:39:08,11,-5,3864.5,4325
2022-12-23 12:39:10,22,8,3864.75,4333
2022-12-23 12:39:11,8,-2,3864.75,4331
2022-12-23 12:39:13,45,28,3865.25,4359
2022-12-23 12:39:14,2,0,3865.25,4359
2022-12-23 12:39:15,23,-9,3865.0,4350
2022-12-23 12:39:16,19,11,3865.25,4361
2022-12-23 12:39:17,17,-8,3865.5,4353
2022-12-23 12:39:18,2,1,3865.25,4354
2022-12-23 12:39:19,26,10,3865.25,4364
2022-12-23 12:39:20,58,18,3865.5,4382
2022-12-23 12:39:21,29,-15,3865.25,4367
2022-12-23 12:39:22,41,-11,3865.0,4356
2022-12-23 12:39:23,35,-22,3865.0,4334
2022-12-23 12:39:24,87,-27,3864.5,4307
2022-12-23 12:39:25,2,-2,3864.25,4305
2022-12-23 12:39:26,1,-1,3864.25,4304
2022-12-23 12:39:27,11,8,3864.5,4312
2022-12-23 12:39:28,29,1,3864.75,4313
2022-12-23 12:39:29,3,3,3864.75,4316
2022-12-23 12:39:30,71,-12,3865.0,4304
2022-12-23 12:39:31,5,-5,3864.75,4299
2022-12-23 12:39:32,1,1,3864.75,4300
2022-12-23 12:39:33,8,-8,3864.5,4292
2022-12-23 12:39:34,14,2,3864.5,4294
2022-12-23 12:39:35,8,-4,3864.5,4290
2022-12-23 12:39:36,47,-5,3864.5,4285
2022-12-23 12:39:37,37,-10,3864.5,4275
2022-12-23 12:39:38,17,-1,3864.25,4274
2022-12-23 12:39:39,3,0,3864.25,4274
2022-12-23 12:39:40,1,-1,3864.25,4273
2022-12-23 12:39:41,6,-5,3864.25,4268
2022-12-23 12:39:42,22,7,3864.5,4275
2022-12-23 12:39:43,7,5,3864.5,4280
2022-12-23 12:39:45,19,-18,3864.5,4262
2022-12-23 12:39:46,26,11,3864.25,4273
2022-12-23 12:39:47,5,2,3864.25,4275
2022-12-23 12:39:48,1,1,3864.25,4276
2022-12-23 12:39:49,8,8,3864.5,4284
2022-12-23 12:39:50,2,0,3864.5,4284
2022-12-23 12:39:51,9,-2,3864.75,4282
2022-12-23 12:39:52,10,0,3864.75,4282
2022-12-23 12:39:54,11,5,3864.75,4287
2022-12-23 12:39:55,7,-7,3864.75,4280
2022-12-23 12:39:56,17,5,3864.75,4285
2022-12-23 12:39:57,14,-11,3864.5,4274
2022-12-23 12:39:58,16,3,3864.25,4277
2022-12-23 12:39:59,4,0,3864.25,4277
2022-12-23 12:40:00,25,5,3864.25,4282
2022-12-23 12:40:01,79,-37,3864.5,4245
2022-12-23 12:40:02,38,13,3864.75,4258
2022-12-23 12:40:03,30,-10,3864.75,4248
2022-12-23 12:40:04,25,6,3864.75,4254
2022-12-23 12:40:05,1,-1,3864.75,4253
2022-12-23 12:40:08,15,12,3865.0,4265
2022-12-23 12:40:09,96,27,3865.5,4292
2022-12-23 12:40:10,3,3,3865.5,4295
2022-12-23 12:40:11,2,2,3865.5,4297
2022-12-23 12:40:12,14,6,3865.5,4303
2022-12-23 12:40:13,28,1,3865.5,4304
2022-12-23 12:40:14,11,10,3865.5,4314
2022-12-23 12:40:15,13,-3,3865.5,4311
2022-12-23 12:40:16,15,7,3865.75,4318
2022-12-23 12:40:17,7,7,3865.75,4325
2022-12-23 12:40:18,25,0,3865.75,4325
2022-12-23 12:40:19,34,-8,3865.75,4317
2022-12-23 12:40:20,46,2,3865.75,4319
2022-12-23 12:40:21,20,-14,3865.75,4305
2022-12-23 12:40:22,27,6,3865.5,4311
2022-12-23 12:40:23,2,2,3865.75,4313
2022-12-23 12:40:24,8,-3,3865.75,4310
2022-12-23 12:40:25,11,-7,3865.5,4303
2022-12-23 12:40:26,26,-8,3865.25,4295
2022-12-23 12:40:27,21,7,3865.25,4302
2022-12-23 12:40:28,15,2,3865.25,4304
2022-12-23 12:40:30,2,2,3865.25,4306
2022-12-23 12:40:31,54,-15,3865.0,4291
2022-12-23 12:40:32,18,6,3865.0,4297
2022-12-23 12:40:33,31,-5,3865.25,4292
2022-12-23 12:40:34,27,4,3865.25,4296
2022-12-23 12:40:35,18,6,3865.0,4302
2022-12-23 12:40:36,3,-1,3865.0,4301
2022-12-23 12:40:37,5,5,3865.25,4306
2022-12-23 12:40:38,44,18,3865.5,4324
2022-12-23 12:40:39,28,5,3866.0,4329
2022-12-23 12:40:41,21,4,3865.5,4333
2022-12-23 12:40:42,8,-2,3865.75,4331
2022-12-23 12:40:43,15,-11,3865.5,4320
2022-12-23 12:40:44,11,10,3865.75,4330
2022-12-23 12:40:45,17,13,3866.25,4343
2022-12-23 12:40:46,56,4,3866.25,4347
2022-12-23 12:40:47,5,-2,3865.75,4345
2022-12-23 12:40:48,1,1,3865.75,4346
2022-12-23 12:40:49,40,-17,3865.75,4329
2022-12-23 12:40:50,63,32,3866.0,4361
2022-12-23 12:40:51,25,-10,3866.0,4351
2022-12-23 12:40:52,2,2,3866.0,4353
2022-12-23 12:40:53,6,-6,3865.75,4347
2022-12-23 12:40:54,4,-4,3865.5,4343
2022-12-23 12:40:55,4,0,3865.5,4343
2022-12-23 12:40:56,56,-5,3865.5,4338
2022-12-23 12:40:57,1,-1,3865.25,4337
2022-12-23 12:40:58,10,7,3865.5,4344
2022-12-23 12:40:59,19,-15,3865.25,4329
2022-12-23 12:41:00,31,-8,3865.75,4321
2022-12-23 12:41:02,14,-5,3865.5,4316
2022-12-23 12:41:03,6,4,3865.75,4320
2022-12-23 12:41:04,1,-1,3865.75,4319
2022-12-23 12:41:05,17,-3,3865.75,4316
2022-12-23 12:41:06,17,8,3865.75,4324
2022-12-23 12:41:07,27,0,3865.75,4324
2022-12-23 12:41:09,26,-4,3865.75,4320
2022-12-23 12:41:10,8,-8,3865.75,4312
2022-12-23 12:41:11,10,-8,3865.5,4304
2022-12-23 12:41:12,47,-19,3865.5,4285
2022-12-23 12:41:13,29,-5,3865.0,4280
2022-12-23 12:41:16,79,-9,3865.0,4271
2022-12-23 12:41:17,40,4,3865.0,4275
2022-12-23 12:41:18,8,1,3865.0,4276
2022-12-23 12:41:19,4,-3,3865.0,4273
2022-12-23 12:41:21,9,-1,3865.25,4272
2022-12-23 12:41:22,7,-2,3865.0,4270
2022-12-23 12:41:23,27,0,3864.75,4270
2022-12-23 12:41:24,23,0,3864.75,4270
2022-12-23 12:41:25,14,0,3864.75,4270
2022-12-23 12:41:28,12,6,3865.0,4276
2022-12-23 12:41:29,5,-1,3864.75,4275
2022-12-23 12:41:30,8,-7,3864.75,4268
2022-12-23 12:41:31,11,4,3865.0,4272
2022-12-23 12:41:32,29,-11,3865.0,4261
2022-12-23 12:41:33,57,-1,3864.5,4260
2022-12-23 12:41:34,1,-1,3864.25,4259
2022-12-23 12:41:35,94,-13,3864.25,4246
2022-12-23 12:41:36,15,8,3864.25,4254
2022-12-23 12:41:37,50,-11,3864.0,4243
2022-12-23 12:41:38,98,-41,3864.0,4202
2022-12-23 12:41:39,46,-19,3863.5,4183
2022-12-23 12:41:40,34,1,3863.5,4184
2022-12-23 12:41:41,2,0,3863.75,4184
2022-12-23 12:41:42,4,-2,3863.75,4182
2022-12-23 12:41:43,48,-4,3863.5,4178
2022-12-23 12:41:44,9,7,3863.25,4185
2022-12-23 12:41:45,62,-7,3863.25,4178
2022-12-23 12:41:46,34,-4,3863.0,4174
2022-12-23 12:41:47,12,-12,3863.0,4162
2022-12-23 12:41:48,42,6,3863.5,4168
2022-12-23 12:41:49,12,-11,3863.25,4157
2022-12-23 12:41:50,22,13,3863.5,4170
2022-12-23 12:41:51,7,-1,3863.75,4169
2022-12-23 12:41:52,3,-3,3863.5,4166
2022-12-23 12:41:53,15,-1,3863.5,4165
2022-12-23 12:41:54,1,-1,3863.25,4164
2022-12-23 12:41:55,10,-8,3863.25,4156
2022-12-23 12:41:56,16,-1,3863.25,4155
2022-12-23 12:41:57,146,-30,3863.25,4125
2022-12-23 12:41:58,161,-105,3862.75,4020
2022-12-23 12:41:59,65,9,3862.75,4029
2022-12-23 12:42:00,124,-52,3862.75,3977
2022-12-23 12:42:01,42,-1,3862.75,3976
2022-12-23 12:42:02,79,-31,3862.75,3945
2022-12-23 12:42:03,24,6,3863.0,3951
2022-12-23 12:42:04,23,-5,3862.75,3946
2022-12-23 12:42:05,54,-11,3862.5,3935
2022-12-23 12:42:06,182,-74,3862.25,3861
2022-12-23 12:42:07,83,-7,3862.0,3854
2022-12-23 12:42:08,342,-238,3862.0,3616
2022-12-23 12:42:09,102,-18,3861.25,3598
2022-12-23 12:42:10,197,-39,3861.0,3559
2022-12-23 12:42:11,94,15,3861.0,3574
2022-12-23 12:42:12,99,-8,3861.25,3566
2022-12-23 12:42:13,91,-35,3861.0,3531
2022-12-23 12:42:14,191,-92,3860.5,3439
2022-12-23 12:42:15,63,-2,3860.0,3437
2022-12-23 12:42:16,97,-69,3860.25,3368
2022-12-23 12:42:17,121,47,3860.25,3415
2022-12-23 12:42:18,67,15,3860.25,3430
2022-12-23 12:42:19,44,-10,3860.25,3420
2022-12-23 12:42:20,90,-18,3860.25,3402
2022-12-23 12:42:21,513,-185,3859.25,3217
2022-12-23 12:42:22,125,-16,3858.25,3201
2022-12-23 12:42:23,160,-1,3858.25,3200
2022-12-23 12:42:24,66,18,3858.25,3218
2022-12-23 12:42:25,5,5,3858.25,3223
2022-12-23 12:42:26,155,-36,3858.75,3187
2022-12-23 12:42:27,70,-1,3858.5,3186
2022-12-23 12:42:28,95,-13,3859.0,3173
2022-12-23 12:42:29,74,32,3858.5,3205
2022-12-23 12:42:30,107,-38,3858.25,3167
2022-12-23 12:42:31,56,17,3858.25,3184
2022-12-23 12:42:32,36,-1,3858.75,3183
2022-12-23 12:42:33,37,19,3859.0,3202
2022-12-23 12:42:34,38,18,3859.25,3220
2022-12-23 12:42:35,55,-6,3859.25,3214
2022-12-23 12:42:36,71,-9,3859.25,3205
2022-12-23 12:42:37,41,-4,3859.25,3201
2022-12-23 12:42:38,1,-1,3859.0,3200
2022-12-23 12:42:39,40,-4,3859.5,3196
2022-12-23 12:42:40,36,3,3859.5,3199
2022-12-23 12:42:41,20,-9,3859.5,3190
2022-12-23 12:42:42,29,11,3859.75,3201
2022-12-23 12:42:43,16,-2,3859.75,3199
2022-12-23 12:42:44,16,-7,3859.75,3192
2022-12-23 12:42:45,22,9,3859.5,3201
2022-12-23 12:42:46,27,-9,3859.5,3192
2022-12-23 12:42:47,1,-1,3859.25,3191
2022-12-23 12:42:48,18,0,3859.5,3191
2022-12-23 12:42:49,11,8,3859.75,3199
2022-12-23 12:42:50,80,21,3860.0,3220
2022-12-23 12:42:51,56,-1,3860.5,3219
2022-12-23 12:42:52,10,-5,3860.0,3214
2022-12-23 12:42:53,38,11,3860.0,3225
2022-12-23 12:42:54,8,0,3860.0,3225
2022-12-23 12:42:55,46,-25,3859.75,3200
2022-12-23 12:42:56,41,1,3859.5,3201
2022-12-23 12:42:57,22,1,3859.25,3202
2022-12-23 12:42:58,34,-20,3859.25,3182
2022-12-23 12:42:59,12,0,3859.25,3182
2022-12-23 12:43:00,39,20,3859.5,3202
2022-12-23 12:43:01,59,10,3859.75,3212
2022-12-23 12:43:02,4,4,3859.75,3216
2022-12-23 12:43:03,59,18,3860.25,3234
2022-12-23 12:43:04,17,9,3860.0,3243
2022-12-23 12:43:05,13,-4,3859.75,3239
2022-12-23 12:43:06,113,33,3860.0,3272
2022-12-23 12:43:07,32,2,3860.0,3274
2022-12-23 12:43:08,28,2,3859.75,3276
2022-12-23 12:43:09,14,-5,3859.75,3271
2022-12-23 12:43:10,33,-22,3859.5,3249
2022-12-23 12:43:11,42,-5,3859.25,3244
2022-12-23 12:43:12,29,-2,3859.0,3242
2022-12-23 12:43:13,15,-6,3859.0,3236
2022-12-23 12:43:14,22,8,3859.25,3244
2022-12-23 12:43:15,19,1,3859.25,3245
2022-12-23 12:43:16,24,17,3859.25,3262
2022-12-23 12:43:17,25,1,3859.25,3263
2022-12-23 12:43:18,57,24,3859.75,3287
2022-12-23 12:43:19,36,-11,3859.5,3276
2022-12-23 12:43:20,11,4,3859.75,3280
2022-12-23 12:43:21,6,2,3859.75,3282
2022-12-23 12:43:22,40,12,3859.75,3294
2022-12-23 12:43:23,10,1,3859.75,3295
2022-12-23 12:43:24,18,0,3859.5,3295
2022-12-23 12:43:25,13,7,3859.75,3302
2022-12-23 12:43:26,5,2,3860.0,3304
2022-12-23 12:43:27,19,-7,3859.75,3297
2022-12-23 12:43:28,40,16,3860.0,3313
2022-12-23 12:43:29,40,-13,3859.75,3300
2022-12-23 12:43:30,22,3,3859.5,3303
2022-12-23 12:43:31,15,-2,3859.5,3301
2022-12-23 12:43:32,30,9,3860.0,3310
2022-12-23 12:43:33,19,1,3859.75,3311
2022-12-23 12:43:34,5,-3,3859.75,3308
2022-12-23 12:43:35,5,3,3859.5,3311
2022-12-23 12:43:36,17,3,3859.75,3314
2022-12-23 12:43:37,7,-6,3859.5,3308
2022-12-23 12:43:38,29,-23,3859.5,3285
2022-12-23 12:43:39,16,10,3859.5,3295
2022-12-23 12:43:40,35,-2,3859.75,3293
2022-12-23 12:43:41,32,9,3859.5,3302
2022-12-23 12:43:42,23,4,3859.25,3306
2022-12-23 12:43:43,48,-2,3859.25,3304
2022-12-23 12:43:44,16,9,3859.25,3313
2022-12-23 12:43:45,12,3,3859.25,3316
2022-12-23 12:43:46,30,-14,3859.0,3302
2022-12-23 12:43:47,26,-5,3859.0,3297
2022-12-23 12:43:48,29,0,3858.75,3297
2022-12-23 12:43:49,14,8,3858.75,3305
2022-12-23 12:43:50,48,-5,3858.75,3300
2022-12-23 12:43:51,11,-5,3858.75,3295
2022-12-23 12:43:52,77,-8,3858.75,3287
2022-12-23 12:43:53,31,-12,3858.5,3275
2022-12-23 12:43:54,19,-8,3858.75,3267
2022-12-23 12:43:55,7,0,3858.75,3267
2022-12-23 12:43:56,50,21,3859.0,3288
2022-12-23 12:43:57,10,4,3859.25,3292
2022-12-23 12:43:58,33,-4,3859.0,3288
2022-12-23 12:43:59,9,3,3859.0,3291
2022-12-23 12:44:00,23,-2,3859.0,3289
2022-12-23 12:44:01,18,14,3859.5,3303
2022-12-23 12:44:02,93,30,3860.0,3333
2022-12-23 12:44:03,43,9,3860.0,3342
2022-12-23 12:44:04,111,28,3860.5,3370
2022-12-23 12:44:05,57,-17,3860.5,3353
2022-12-23 12:44:06,13,7,3860.25,3360
2022-12-23 12:44:07,68,-16,3860.0,3344
2022-12-23 12:44:08,27,-5,3859.5,3339
2022-12-23 12:44:09,25,-15,3859.5,3324
2022-12-23 12:44:10,25,-1,3859.25,3323
2022-12-23 12:44:11,20,1,3859.0,3324
2022-12-23 12:44:13,21,0,3859.25,3324
2022-12-23 12:44:14,3,1,3859.25,3325
2022-12-23 12:44:15,14,4,3859.25,3329
2022-12-23 12:44:16,59,2,3859.25,3331
2022-12-23 12:44:17,5,-4,3859.0,3327
2022-12-23 12:44:18,9,3,3859.0,3330
2022-12-23 12:44:19,75,-76,3858.75,3254
2022-12-23 12:44:20,16,10,3858.75,3264
2022-12-23 12:44:21,12,7,3859.0,3271
2022-12-23 12:44:22,13,3,3859.0,3274
2022-12-23 12:44:23,4,-4,3859.0,3270
2022-12-23 12:44:24,11,-3,3859.25,3267
2022-12-23 12:44:25,9,-1,3859.0,3266
2022-12-23 12:44:26,20,-9,3858.75,3257
2022-12-23 12:44:27,20,9,3859.0,3266
2022-12-23 12:44:28,9,5,3859.0,3271
2022-12-23 12:44:29,31,2,3859.25,3273
2022-12-23 12:44:30,8,-6,3859.25,3267
2022-12-23 12:44:32,8,2,3859.25,3269
2022-12-23 12:44:33,22,11,3859.25,3280
2022-12-23 12:44:34,27,6,3859.5,3286
2022-12-23 12:44:35,41,19,3859.75,3305
2022-12-23 12:44:36,42,8,3859.75,3313
2022-12-23 12:44:37,17,-5,3859.75,3308
2022-12-23 12:44:38,3,1,3859.75,3309
2022-12-23 12:44:39,9,-7,3859.75,3302
2022-12-23 12:44:40,6,6,3859.75,3308
2022-12-23 12:44:41,63,-36,3859.75,3272
2022-12-23 12:44:42,2,0,3859.5,3272
2022-12-23 12:44:44,30,8,3859.5,3280
2022-12-23 12:44:46,9,1,3859.25,3281
2022-12-23 12:44:47,7,1,3859.25,3282
2022-12-23 12:44:48,1,1,3859.25,3283
2022-12-23 12:44:49,21,-18,3859.0,3265
2022-12-23 12:44:50,20,5,3859.25,3270
2022-12-23 12:44:51,6,4,3859.25,3274
2022-12-23 12:44:53,24,-6,3859.5,3268
2022-12-23 12:44:54,5,4,3859.25,3272
2022-12-23 12:44:55,14,-1,3859.25,3271
2022-12-23 12:44:57,23,7,3859.5,3278
2022-12-23 12:44:58,7,-2,3859.5,3276
2022-12-23 12:44:59,7,-4,3859.5,3272
2022-12-23 12:45:00,68,9,3859.75,3281
2022-12-23 12:45:01,42,14,3860.0,3295
2022-12-23 12:45:02,11,-6,3860.0,3289
2022-12-23 12:45:03,15,6,3860.25,3295
2022-12-23 12:45:04,32,15,3860.25,3310
2022-12-23 12:45:05,33,-3,3860.25,3307
2022-12-23 12:45:06,38,16,3860.5,3323
2022-12-23 12:45:07,2,0,3860.5,3323
2022-12-23 12:45:08,36,-4,3860.25,3319
2022-12-23 12:45:09,16,-1,3860.5,3318
2022-12-23 12:45:10,10,-5,3860.25,3313
2022-12-23 12:45:11,7,6,3860.25,3319
2022-12-23 12:45:12,4,1,3860.25,3320
2022-12-23 12:45:13,42,3,3860.5,3323
2022-12-23 12:45:14,64,43,3861.0,3366
2022-12-23 12:45:15,54,33,3861.25,3399
2022-12-23 12:45:16,59,15,3861.25,3414
2022-12-23 12:45:17,10,3,3861.0,3417
2022-12-23 12:45:18,19,-12,3860.5,3405
2022-12-23 12:45:19,4,-2,3860.5,3403
2022-12-23 12:45:20,41,-15,3860.5,3388
2022-12-23 12:45:21,4,4,3860.5,3392
2022-12-23 12:45:22,1,-1,3860.5,3391
2022-12-23 12:45:23,45,14,3860.75,3405
2022-12-23 12:45:24,10,-8,3861.0,3397
2022-12-23 12:45:25,11,-5,3860.75,3392
2022-12-23 12:45:26,18,-13,3860.75,3379
2022-12-23 12:45:27,44,17,3860.75,3396
2022-12-23 12:45:28,6,0,3860.75,3396
2022-12-23 12:45:30,10,-9,3860.5,3387
2022-12-23 12:45:31,20,2,3860.5,3389
2022-12-23 12:45:32,5,-1,3860.5,3388
2022-12-23 12:45:33,9,0,3860.75,3388
2022-12-23 12:45:34,2,-2,3860.5,3386
2022-12-23 12:45:35,4,-4,3860.5,3382
2022-12-23 12:45:36,1,1,3860.5,3383
2022-12-23 12:45:37,3,-3,3860.25,3380
2022-12-23 12:45:38,1,-1,3860.25,3379
2022-12-23 12:45:39,5,-1,3860.5,3378
2022-12-23 12:45:40,5,-3,3860.25,3375
2022-12-23 12:45:41,13,6,3860.25,3381
2022-12-23 12:45:42,8,6,3860.5,3387
2022-12-23 12:45:43,11,2,3860.5,3389
2022-12-23 12:45:44,3,-1,3860.5,3388
2022-12-23 12:45:45,23,3,3860.75,3391
2022-12-23 12:45:46,1,-1,3860.75,3390
2022-12-23 12:45:47,38,11,3861.0,3401
2022-12-23 12:45:48,42,3,3861.5,3404
2022-12-23 12:45:49,10,4,3861.25,3408
2022-12-23 12:45:50,74,35,3861.5,3443
2022-12-23 12:45:51,67,36,3862.0,3479
2022-12-23 12:45:52,76,17,3862.25,3496
2022-12-23 12:45:53,58,-1,3862.25,3495
2022-12-23 12:45:54,11,11,3862.5,3506
2022-12-23 12:45:55,35,-8,3862.5,3498
2022-12-23 12:45:56,8,2,3862.5,3500
2022-12-23 12:45:57,35,-7,3862.25,3493
2022-12-23 12:45:58,18,0,3862.25,3493
2022-12-23 12:45:59,16,1,3862.25,3494
2022-12-23 12:46:00,19,1,3862.25,3495
2022-12-23 12:46:01,5,-1,3862.25,3494
2022-12-23 12:46:02,23,12,3862.25,3506
2022-12-23 12:46:03,48,-8,3862.5,3498
2022-12-23 12:46:04,33,-13,3862.5,3485
2022-12-23 12:46:05,68,-22,3862.5,3463
2022-12-23 12:46:06,57,-11,3862.0,3452
2022-12-23 12:46:07,9,-3,3862.25,3449
2022-12-23 12:46:08,1,-1,3862.25,3448
2022-12-23 12:46:09,1,1,3862.5,3449
2022-12-23 12:46:10,21,12,3862.5,3461
2022-12-23 12:46:11,64,38,3863.0,3499
2022-12-23 12:46:12,68,-6,3863.0,3493
2022-12-23 12:46:13,20,12,3862.75,3505
2022-12-23 12:46:14,33,-17,3862.75,3488
2022-12-23 12:46:15,47,-7,3862.25,3481
2022-12-23 12:46:17,8,-2,3862.0,3479
2022-12-23 12:46:18,111,-40,3861.75,3439
2022-12-23 12:46:19,28,2,3861.25,3441
2022-12-23 12:46:20,52,-18,3861.0,3423
2022-12-23 12:46:21,38,-11,3861.0,3412
2022-12-23 12:46:22,44,9,3860.75,3421
2022-12-23 12:46:23,3,0,3860.75,3421
2022-12-23 12:46:24,42,-18,3860.5,3403
2022-12-23 12:46:25,41,-15,3860.75,3388
2022-12-23 12:46:26,79,7,3860.25,3395
2022-12-23 12:46:27,6,1,3860.5,3396
2022-12-23 12:46:28,12,-8,3860.25,3388
2022-12-23 12:46:29,10,0,3860.5,3388
2022-12-23 12:46:30,14,0,3860.5,3388
2022-12-23 12:46:31,24,-5,3860.25,3383
2022-12-23 12:46:32,3,-2,3860.25,3381
2022-12-23 12:46:33,25,14,3860.5,3395
2022-12-23 12:46:34,18,9,3861.0,3404
2022-12-23 12:46:35,47,6,3861.0,3410
2022-12-23 12:46:36,5,1,3861.0,3411
2022-12-23 12:46:37,3,-3,3860.75,3408
2022-12-23 12:46:38,13,-2,3860.5,3406
2022-12-23 12:46:39,8,-4,3860.5,3402
2022-12-23 12:46:40,22,2,3860.5,3404
2022-12-23 12:46:41,14,-5,3860.5,3399
2022-12-23 12:46:42,1,1,3860.75,3400
2022-12-23 12:46:44,7,-7,3860.5,3393
2022-12-23 12:46:45,4,2,3860.5,3395
2022-12-23 12:46:46,14,1,3860.75,3396
2022-12-23 12:46:47,2,1,3861.0,3397
2022-12-23 12:46:48,5,5,3861.0,3402
2022-12-23 12:46:49,13,-6,3861.0,3396
2022-12-23 12:46:50,8,8,3861.25,3404
2022-12-23 12:46:51,74,18,3861.75,3422
2022-12-23 12:46:52,34,8,3862.0,3430
2022-12-23 12:46:53,23,-8,3861.75,3422
2022-12-23 12:46:54,17,9,3861.75,3431
2022-12-23 12:46:55,1,1,3861.75,3432
2022-12-23 12:46:56,1,-1,3861.5,3431
2022-12-23 12:46:57,10,3,3861.5,3434
2022-12-23 12:46:58,5,-2,3861.5,3432
2022-12-23 12:46:59,3,3,3861.5,3435
2022-12-23 12:47:00,6,-3,3861.5,3432
2022-12-23 12:47:01,24,-2,3861.5,3430
2022-12-23 12:47:02,27,-13,3861.25,3417
2022-12-23 12:47:03,25,2,3861.0,3419
2022-12-23 12:47:04,19,-7,3860.5,3412
2022-12-23 12:47:05,27,0,3860.75,3412
2022-12-23 12:47:06,17,7,3860.75,3419
2022-12-23 12:47:08,63,-27,3860.5,3392
2022-12-23 12:47:09,19,15,3860.25,3407
2022-12-23 12:47:10,6,-5,3860.25,3402
2022-12-23 12:47:11,74,-19,3860.0,3383
2022-12-23 12:47:12,87,-3,3860.25,3380
2022-12-23 12:47:13,13,8,3860.0,3388
2022-12-23 12:47:14,104,-62,3860.0,3326
2022-12-23 12:47:15,61,-22,3859.5,3304
2022-12-23 12:47:16,48,2,3859.75,3306
2022-12-23 12:47:17,34,-10,3859.5,3296
2022-12-23 12:47:18,30,4,3859.5,3300
2022-12-23 12:47:19,112,-43,3859.25,3257
2022-12-23 12:47:20,25,-4,3859.5,3253
2022-12-23 12:47:21,32,8,3859.5,3261
2022-12-23 12:47:22,20,-10,3859.5,3251
2022-12-23 12:47:23,11,2,3859.25,3253
2022-12-23 12:47:24,36,-17,3859.25,3236
2022-12-23 12:47:25,45,12,3859.25,3248
2022-12-23 12:47:26,27,10,3859.5,3258
2022-12-23 12:47:27,2,-2,3859.0,3256
2022-12-23 12:47:28,2,-2,3859.0,3254
2022-12-23 12:47:29,17,14,3859.75,3268
2022-12-23 12:47:30,18,6,3859.75,3274
2022-12-23 12:47:31,17,-3,3859.75,3271
2022-12-23 12:47:32,1,-1,3859.75,3270
2022-12-23 12:47:34,4,0,3860.0,3270
2022-12-23 12:47:35,35,-12,3860.0,3258
2022-12-23 12:47:36,10,1,3859.75,3259
2022-12-23 12:47:37,8,-2,3859.75,3257
2022-12-23 12:47:38,2,0,3859.75,3257
2022-12-23 12:47:39,48,9,3860.0,3266
2022-12-23 12:47:40,10,0,3860.0,3266
2022-12-23 12:47:41,2,-2,3860.0,3264
2022-12-23 12:47:42,5,0,3860.0,3264
2022-12-23 12:47:43,29,-13,3859.75,3251
2022-12-23 12:47:44,25,-6,3859.5,3245
2022-12-23 12:47:45,4,0,3859.5,3245
2022-12-23 12:47:46,1,-1,3859.25,3244
2022-12-23 12:47:47,19,5,3859.5,3249
2022-12-23 12:47:48,7,-2,3859.5,3247
2022-12-23 12:47:49,4,2,3859.5,3249
2022-12-23 12:47:50,2,-2,3859.5,3247
2022-12-23 12:47:51,12,3,3859.75,3250
2022-12-23 12:47:52,1,1,3859.75,3251
2022-12-23 12:47:53,13,1,3859.75,3252
2022-12-23 12:47:54,2,0,3859.75,3252
2022-12-23 12:47:55,2,-2,3859.5,3250
2022-12-23 12:47:56,1,-1,3859.5,3249
2022-12-23 12:47:57,1,1,3859.75,3250
2022-12-23 12:47:58,69,-27,3859.5,3223
2022-12-23 12:47:59,3,-3,3859.0,3220
2022-12-23 12:48:00,19,11,3859.5,3231
2022-12-23 12:48:01,13,-1,3859.5,3230
2022-12-23 12:48:02,7,3,3859.75,3233
2022-12-23 12:48:03,13,-8,3859.5,3225
2022-12-23 12:48:04,11,5,3859.5,3230
2022-12-23 12:48:06,28,-20,3859.5,3210
2022-12-23 12:48:07,37,3,3859.5,3213
2022-12-23 12:48:08,19,0,3859.75,3213
2022-12-23 12:48:09,27,1,3859.75,3214
2022-12-23 12:48:10,14,-7,3859.75,3207
2022-12-23 12:48:11,13,-8,3859.5,3199
2022-12-23 12:48:12,25,-5,3859.25,3194
2022-12-23 12:48:13,2,2,3859.25,3196
2022-12-23 12:48:14,22,-1,3859.25,3195
2022-12-23 12:48:15,53,-37,3859.25,3158
2022-12-23 12:48:16,25,1,3859.25,3159
2022-12-23 12:48:17,15,4,3859.25,3163
2022-12-23 12:48:18,7,3,3859.25,3166
2022-12-23 12:48:19,18,-3,3859.75,3163
2022-12-23 12:48:20,10,-4,3859.5,3159
2022-12-23 12:48:21,13,-1,3859.5,3158
2022-12-23 12:48:22,14,2,3859.5,3160
2022-12-23 12:48:23,1,-1,3859.5,3159
2022-12-23 12:48:24,62,-21,3859.75,3138
2022-12-23 12:48:25,3,-1,3859.25,3137
2022-12-23 12:48:26,7,3,3859.25,3140
2022-12-23 12:48:27,30,1,3859.75,3141
2022-12-23 12:48:28,9,-1,3859.75,3140
2022-12-23 12:48:29,2,-2,3859.5,3138
2022-12-23 12:48:30,5,3,3859.75,3141
2022-12-23 12:48:31,4,-2,3859.75,3139
2022-12-23 12:48:33,14,-7,3859.75,3132
2022-12-23 12:48:34,5,-1,3859.5,3131
2022-12-23 12:48:35,8,-1,3859.75,3130
2022-12-23 12:48:36,13,-11,3859.75,3119
2022-12-23 12:48:37,5,-4,3859.5,3115
2022-12-23 12:48:38,2,2,3859.5,3117
2022-12-23 12:48:39,10,-9,3859.25,3108
2022-12-23 12:48:40,32,13,3859.25,3121
2022-12-23 12:48:41,12,-8,3859.5,3113
2022-12-23 12:48:42,16,-10,3859.5,3103
2022-12-23 12:48:43,12,4,3859.5,3107
2022-12-23 12:48:45,13,6,3859.5,3113
2022-12-23 12:48:48,19,-2,3859.25,3111
2022-12-23 12:48:49,15,7,3859.25,3118
2022-12-23 12:48:51,8,-5,3859.25,3113
2022-12-23 12:48:52,4,4,3859.25,3117
2022-12-23 12:48:53,1,-1,3859.25,3116
2022-12-23 12:48:54,5,-3,3859.25,3113
2022-12-23 12:48:55,35,0,3859.5,3113
2022-12-23 12:48:57,6,-6,3859.5,3107
2022-12-23 12:49:00,23,15,3859.75,3122
2022-12-23 12:49:01,6,2,3859.5,3124
2022-12-23 12:49:02,41,0,3860.0,3124
2022-12-23 12:49:04,7,3,3859.75,3127
2022-12-23 12:49:05,3,3,3859.75,3130
2022-12-23 12:49:06,62,35,3860.5,3165
2022-12-23 12:49:07,34,3,3860.5,3168
2022-12-23 12:49:08,16,-5,3860.0,3163
2022-12-23 12:49:09,80,21,3860.0,3184
2022-12-23 12:49:10,13,1,3860.0,3185
2022-12-23 12:49:11,15,-2,3860.0,3183
2022-12-23 12:49:12,16,-14,3859.75,3169
2022-12-23 12:49:13,13,-3,3859.75,3166
2022-12-23 12:49:15,17,-15,3859.5,3151
2022-12-23 12:49:16,137,-55,3859.25,3096
2022-12-23 12:49:17,33,-23,3859.0,3073
2022-12-23 12:49:18,22,-7,3859.0,3066
2022-12-23 12:49:19,25,1,3859.0,3067
2022-12-23 12:49:20,22,-17,3858.5,3050
2022-12-23 12:49:21,38,4,3858.5,3054
2022-12-23 12:49:22,50,3,3858.5,3057
2022-12-23 12:49:23,57,-2,3858.5,3055
2022-12-23 12:49:24,210,-110,3858.0,2945
2022-12-23 12:49:25,42,-9,3857.75,2936
2022-12-23 12:49:26,108,-66,3857.75,2870
2022-12-23 12:49:27,38,5,3857.75,2875
2022-12-23 12:49:28,71,-42,3857.75,2833
2022-12-23 12:49:29,27,-9,3857.5,2824
2022-12-23 12:49:30,22,5,3857.75,2829
2022-12-23 12:49:31,43,8,3857.75,2837
2022-12-23 12:49:32,15,-4,3857.75,2833
2022-12-23 12:49:33,35,-5,3857.5,2828
2022-12-23 12:49:34,11,-5,3857.5,2823
2022-12-23 12:49:35,87,-27,3857.5,2796
2022-12-23 12:49:36,35,-13,3857.75,2783
2022-12-23 12:49:37,3,-1,3857.75,2782
2022-12-23 12:49:38,3,1,3857.75,2783
2022-12-23 12:49:39,75,37,3858.5,2820
2022-12-23 12:49:40,23,-3,3858.5,2817
2022-12-23 12:49:41,33,-18,3858.5,2799
2022-12-23 12:49:42,10,6,3858.25,2805
2022-12-23 12:49:43,7,-5,3858.25,2800
2022-12-23 12:49:44,4,-2,3858.25,2798
2022-12-23 12:49:45,53,-16,3858.0,2782
2022-12-23 12:49:46,8,0,3857.75,2782
2022-12-23 12:49:47,12,8,3858.0,2790
2022-12-23 12:49:48,8,-2,3858.0,2788
2022-12-23 12:49:49,6,6,3858.0,2794
2022-12-23 12:49:50,11,-6,3858.0,2788
2022-12-23 12:49:51,26,-10,3857.75,2778
2022-12-23 12:49:52,45,-18,3857.5,2760
2022-12-23 12:49:53,3,-2,3857.5,2758
2022-12-23 12:49:54,5,-3,3857.5,2755
2022-12-23 12:49:55,37,22,3858.0,2777
2022-12-23 12:49:56,4,0,3858.0,2777
2022-12-23 12:49:57,36,4,3858.0,2781
2022-12-23 12:49:58,30,5,3858.25,2786
2022-12-23 12:49:59,1,1,3858.0,2787
2022-12-23 12:50:00,36,-16,3857.75,2771
2022-12-23 12:50:01,14,8,3857.75,2779
2022-12-23 12:50:02,53,25,3858.5,2804
2022-12-23 12:50:03,80,10,3858.75,2814
2022-12-23 12:50:04,45,-5,3858.5,2809
2022-12-23 12:50:05,12,4,3858.75,2813
2022-12-23 12:50:06,27,-13,3858.5,2800
2022-12-23 12:50:07,26,-2,3858.5,2798
2022-12-23 12:50:08,3,-1,3858.25,2797
2022-12-23 12:50:09,19,-6,3858.0,2791
2022-12-23 12:50:10,17,-7,3858.0,2784
2022-12-23 12:50:11,13,2,3858.25,2786
2022-12-23 12:50:12,18,-6,3858.25,2780
2022-12-23 12:50:13,22,0,3858.25,2780
2022-12-23 12:50:14,13,0,3858.5,2780
2022-12-23 12:50:15,31,19,3858.5,2799
2022-12-23 12:50:16,35,22,3859.0,2821
2022-12-23 12:50:17,23,-14,3858.75,2807
2022-12-23 12:50:18,12,3,3858.5,2810
2022-12-23 12:50:19,8,-6,3858.25,2804
2022-12-23 12:50:20,18,-2,3858.25,2802
2022-12-23 12:50:21,20,7,3858.25,2809
2022-12-23 12:50:22,18,-1,3858.75,2808
2022-12-23 12:50:23,13,-7,3858.25,2801
2022-12-23 12:50:24,21,-7,3858.0,2794
2022-12-23 12:50:25,20,7,3858.25,2801
2022-12-23 12:50:26,25,-14,3858.25,2787
2022-12-23 12:50:27,3,3,3858.0,2790
2022-12-23 12:50:28,3,-1,3858.25,2789
2022-12-23 12:50:29,27,16,3858.0,2805
2022-12-23 12:50:30,11,5,3858.0,2810
2022-12-23 12:50:32,6,-6,3857.75,2804
2022-12-23 12:50:33,40,-3,3857.75,2801
2022-12-23 12:50:34,18,-5,3857.5,2796
2022-12-23 12:50:35,35,21,3857.75,2817
2022-12-23 12:50:36,3,-3,3857.75,2814
2022-12-23 12:50:37,20,0,3857.75,2814
2022-12-23 12:50:38,28,5,3857.75,2819
2022-12-23 12:50:40,4,2,3857.75,2821
2022-12-23 12:50:41,14,1,3857.75,2822
2022-12-23 12:50:42,1,-1,3857.5,2821
2022-12-23 12:50:43,42,-14,3857.5,2807
2022-12-23 12:50:44,1,-1,3857.5,2806
2022-12-23 12:50:45,57,-17,3857.5,2789
2022-12-23 12:50:47,47,12,3858.25,2801
2022-12-23 12:50:48,18,-11,3858.0,2790
2022-12-23 12:50:49,3,-2,3858.0,2788
2022-12-23 12:50:51,19,-6,3858.25,2782
2022-12-23 12:50:52,3,3,3858.0,2785
2022-12-23 12:50:53,15,9,3858.0,2794
2022-12-23 12:50:54,12,3,3858.0,2797
2022-12-23 12:50:55,11,-4,3857.75,2793
2022-12-23 12:50:56,63,-32,3857.5,2761
2022-12-23 12:50:57,10,0,3857.5,2761
2022-12-23 12:50:59,4,-2,3857.5,2759
2022-12-23 12:51:00,27,-9,3857.25,2750
2022-12-23 12:51:01,53,-7,3857.5,2743
2022-12-23 12:51:02,25,10,3857.75,2753
2022-12-23 12:51:03,12,1,3858.0,2754
2022-12-23 12:51:05,24,-7,3858.25,2747
2022-12-23 12:51:06,15,-2,3858.0,2745
2022-12-23 12:51:07,24,-1,3858.0,2744
2022-12-23 12:51:08,9,4,3858.0,2748
2022-12-23 12:51:10,39,7,3858.25,2755
2022-12-23 12:51:11,17,-6,3858.25,2749
2022-12-23 12:51:12,3,1,3858.25,2750
2022-12-23 12:51:13,38,14,3858.75,2764
2022-12-23 12:51:14,20,5,3858.75,2769
2022-12-23 12:51:15,45,13,3859.0,2782
2022-12-23 12:51:16,42,-21,3858.75,2761
2022-12-23 12:51:17,14,-7,3858.5,2754
2022-12-23 12:51:18,9,7,3858.75,2761
2022-12-23 12:51:19,18,1,3858.5,2762
2022-12-23 12:51:20,15,10,3858.75,2772
2022-12-23 12:51:21,18,6,3858.75,2778
2022-12-23 12:51:22,3,3,3858.75,2781
2022-12-23 12:51:23,38,-15,3858.75,2766
2022-12-23 12:51:24,1,1,3858.5,2767
2022-12-23 12:51:25,5,5,3858.75,2772
2022-12-23 12:51:26,1,-1,3858.75,2771
2022-12-23 12:51:27,91,45,3859.25,2816
2022-12-23 12:51:28,59,14,3859.5,2830
2022-12-23 12:51:29,37,9,3859.25,2839
2022-12-23 12:51:30,26,-5,3859.25,2834
2022-12-23 12:51:31,21,-2,3859.0,2832
2022-12-23 12:51:32,56,-5,3858.5,2827
2022-12-23 12:51:33,9,-3,3858.5,2824
2022-12-23 12:51:34,10,10,3858.75,2834
2022-12-23 12:51:35,92,31,3859.0,2865
2022-12-23 12:51:36,114,-121,3859.0,2744
2022-12-23 12:51:37,1,1,3858.5,2745
2022-12-23 12:51:38,29,15,3858.75,2760
2022-12-23 12:51:39,3,0,3858.75,2760
2022-12-23 12:51:40,42,-17,3858.5,2743
2022-12-23 12:51:41,23,-4,3858.5,2739
2022-12-23 12:51:43,6,2,3858.5,2741
2022-12-23 12:51:44,22,3,3858.75,2744
2022-12-23 12:51:45,1,1,3858.75,2745
2022-12-23 12:51:46,1,-1,3858.5,2744
2022-12-23 12:51:47,33,8,3859.0,2752
2022-12-23 12:51:48,10,5,3858.75,2757
2022-12-23 12:51:49,9,3,3859.0,2760
2022-12-23 12:51:50,4,3,3859.0,2763
2022-12-23 12:51:51,6,-1,3859.25,2762
2022-12-23 12:51:52,14,-10,3859.25,2752
2022-12-23 12:51:53,6,2,3859.0,2754
2022-12-23 12:51:54,21,-15,3858.75,2739
2022-12-23 12:51:55,13,3,3858.5,2742
2022-12-23 12:51:56,5,1,3858.5,2743
2022-12-23 12:51:57,13,-7,3858.75,2736
2022-12-23 12:51:58,7,-1,3858.5,2735
2022-12-23 12:51:59,2,1,3858.5,2736
2022-12-23 12:52:00,32,2,3858.75,2738
2022-12-23 12:52:01,4,1,3858.75,2739
2022-12-23 12:52:02,20,2,3858.75,2741
2022-12-23 12:52:03,60,19,3859.0,2760
2022-12-23 12:52:04,24,0,3859.0,2760
2022-12-23 12:52:05,29,8,3859.25,2768
2022-12-23 12:52:06,2,1,3859.25,2769
2022-12-23 12:52:07,27,9,3859.5,2778
2022-12-23 12:52:08,9,-3,3859.5,2775
2022-12-23 12:52:09,46,18,3859.75,2793
2022-12-23 12:52:10,73,9,3860.0,2802
2022-12-23 12:52:11,20,-2,3860.0,2800
2022-12-23 12:52:12,8,1,3859.75,2801
2022-12-23 12:52:13,1,1,3859.75,2802
2022-12-23 12:52:14,25,-11,3859.5,2791
2022-12-23 12:52:15,15,7,3859.75,2798
2022-12-23 12:52:16,14,10,3860.0,2808
2022-12-23 12:52:17,124,48,3860.5,2856
2022-12-23 12:52:18,28,6,3860.25,2862
2022-12-23 12:52:19,2,2,3860.0,2864
2022-12-23 12:52:20,3,1,3860.0,2865
2022-12-23 12:52:21,17,-1,3860.0,2864
2022-12-23 12:52:22,1,1,3860.0,2865
2022-12-23 12:52:23,13,1,3860.0,2866
2022-12-23 12:52:24,27,-9,3860.0,2857
2022-12-23 12:52:25,20,-7,3859.75,2850
2022-12-23 12:52:27,6,5,3859.75,2855
2022-12-23 12:52:28,25,0,3860.0,2855
2022-12-23 12:52:29,9,4,3860.0,2859
2022-12-23 12:52:30,19,-5,3860.0,2854
2022-12-23 12:52:32,4,4,3860.25,2858
2022-12-23 12:52:33,6,5,3860.25,2863
2022-12-23 12:52:34,52,-12,3860.25,2851
2022-12-23 12:52:35,7,-3,3860.0,2848
2022-12-23 12:52:36,15,-12,3859.75,2836
2022-12-23 12:52:37,10,-4,3859.75,2832
2022-12-23 12:52:38,33,-23,3859.75,2809
2022-12-23 12:52:39,28,-5,3859.25,2804
2022-12-23 12:52:40,37,-10,3859.0,2794
2022-12-23 12:52:41,38,10,3859.0,2804
2022-12-23 12:52:42,23,2,3858.75,2806
2022-12-23 12:52:43,32,24,3859.75,2830
2022-12-23 12:52:44,4,-4,3859.5,2826
2022-12-23 12:52:45,22,3,3859.5,2829
2022-12-23 12:52:46,2,-2,3859.25,2827
2022-12-23 12:52:47,20,-11,3859.5,2816
2022-12-23 12:52:48,3,3,3859.5,2819
2022-12-23 12:52:49,3,-3,3859.5,2816
2022-12-23 12:52:51,42,-2,3859.25,2814
2022-12-23 12:52:52,19,1,3859.25,2815
2022-12-23 12:52:53,11,-9,3859.0,2806
2022-12-23 12:52:54,32,-8,3858.75,2798
2022-12-23 12:52:55,13,4,3858.75,2802
2022-12-23 12:52:56,10,5,3858.75,2807
2022-12-23 12:52:57,5,5,3859.0,2812
2022-12-23 12:52:58,11,-9,3859.0,2803
2022-12-23 12:53:00,29,12,3859.25,2815
2022-12-23 12:53:01,8,3,3859.25,2818
2022-12-23 12:53:02,14,4,3859.5,2822
2022-12-23 12:53:03,29,-2,3859.25,2820
2022-12-23 12:53:04,5,2,3859.25,2822
2022-12-23 12:53:05,16,0,3859.5,2822
2022-12-23 12:53:06,7,0,3859.5,2822
2022-12-23 12:53:07,8,7,3859.75,2829
2022-12-23 12:53:08,27,-5,3859.5,2824
2022-12-23 12:53:09,14,-5,3859.25,2819
2022-12-23 12:53:10,4,4,3859.25,2823
2022-12-23 12:53:11,3,1,3859.5,2824
2022-12-23 12:53:12,4,4,3859.75,2828
2022-12-23 12:53:13,6,-4,3859.5,2824
2022-12-23 12:53:14,2,-2,3859.25,2822
2022-12-23 12:53:15,5,3,3859.5,2825
2022-12-23 12:53:16,22,7,3859.5,2832
2022-12-23 12:53:17,2,0,3859.5,2832
2022-12-23 12:53:19,10,-3,3859.5,2829
2022-12-23 12:53:20,6,0,3859.5,2829
2022-12-23 12:53:21,2,0,3859.5,2829
2022-12-23 12:53:22,5,5,3859.5,2834
2022-12-23 12:53:24,1,-1,3859.5,2833
2022-12-23 12:53:26,26,-9,3859.25,2824
2022-12-23 12:53:27,22,6,3859.25,2830
2022-12-23 12:53:28,33,5,3859.5,2835
2022-12-23 12:53:30,32,-8,3859.25,2827
2022-12-23 12:53:31,4,0,3859.5,2827
2022-12-23 12:53:32,44,-20,3859.5,2807
2022-12-23 12:53:33,2,2,3859.25,2809
2022-12-23 12:53:35,44,-2,3859.5,2807
2022-12-23 12:53:36,28,-8,3859.25,2799
2022-12-23 12:53:37,16,-7,3859.0,2792
2022-12-23 12:53:38,34,8,3858.75,2800
2022-12-23 12:53:39,14,7,3858.75,2807
2022-12-23 12:53:40,1,-1,3858.5,2806
2022-12-23 12:53:41,46,-20,3858.5,2786
2022-12-23 12:53:42,39,-8,3858.5,2778
2022-12-23 12:53:43,16,-14,3858.25,2764
2022-12-23 12:53:44,15,5,3858.25,2769
2022-12-23 12:53:45,13,10,3858.5,2779
2022-12-23 12:53:46,20,-1,3858.75,2778
2022-12-23 12:53:47,2,-2,3858.5,2776
2022-12-23 12:53:48,10,-4,3858.75,2772
2022-12-23 12:53:49,1,1,3858.75,2773
2022-12-23 12:53:50,23,-2,3858.75,2771
2022-12-23 12:53:51,1,1,3858.75,2772
2022-12-23 12:53:52,17,-11,3858.75,2761
2022-12-23 12:53:53,17,0,3858.25,2761
2022-12-23 12:53:54,4,-2,3858.25,2759
2022-12-23 12:53:55,24,-18,3858.0,2741
2022-12-23 12:53:56,35,-10,3858.25,2731
2022-12-23 12:53:57,22,2,3858.0,2733
2022-12-23 12:53:58,29,-6,3857.75,2727
2022-12-23 12:53:59,7,1,3858.0,2728
2022-12-23 12:54:00,58,8,3858.5,2736
2022-12-23 12:54:01,32,10,3858.5,2746
2022-12-23 12:54:02,8,5,3858.75,2751
2022-12-23 12:54:03,23,5,3859.0,2756
2022-12-23 12:54:04,19,-6,3859.0,2750
2022-12-23 12:54:06,28,-9,3858.75,2741
2022-12-23 12:54:07,14,0,3858.75,2741
2022-12-23 12:54:08,15,-13,3858.5,2728
2022-12-23 12:54:10,28,-8,3858.25,2720
2022-12-23 12:54:11,11,5,3858.25,2725
2022-12-23 12:54:12,22,-1,3858.25,2724
2022-12-23 12:54:13,16,-8,3858.0,2716
2022-12-23 12:54:14,7,4,3858.0,2720
2022-12-23 12:54:15,1,-1,3858.0,2719
2022-12-23 12:54:16,10,9,3858.25,2728
2022-12-23 12:54:17,28,5,3858.75,2733
2022-12-23 12:54:18,5,3,3858.5,2736
2022-12-23 12:54:19,31,-21,3858.5,2715
2022-12-23 12:54:21,11,5,3858.5,2720
2022-12-23 12:54:22,3,3,3858.5,2723
2022-12-23 12:54:24,2,-2,3858.25,2721
2022-12-23 12:54:25,5,4,3858.5,2725
2022-12-23 12:54:26,11,1,3858.5,2726
2022-12-23 12:54:27,2,-2,3858.5,2724
2022-12-23 12:54:28,13,-2,3858.5,2722
2022-12-23 12:54:29,12,2,3858.5,2724
2022-12-23 12:54:31,11,-8,3858.25,2716
2022-12-23 12:54:32,9,7,3858.25,2723
2022-12-23 12:54:33,14,-2,3858.25,2721
2022-12-23 12:54:34,5,-2,3858.25,2719
2022-12-23 12:54:35,1,1,3858.25,2720
2022-12-23 12:54:36,6,6,3858.25,2726
2022-12-23 12:54:37,6,6,3858.5,2732
2022-12-23 12:54:38,9,-5,3858.5,2727
2022-12-23 12:54:39,114,-48,3858.5,2679
2022-12-23 12:54:40,5,-3,3857.75,2676
2022-12-23 12:54:41,6,6,3857.75,2682
2022-12-23 12:54:42,3,3,3857.75,2685
2022-12-23 12:54:43,42,-1,3858.0,2684
2022-12-23 12:54:44,19,1,3858.0,2685
2022-12-23 12:54:47,20,8,3858.0,2693
2022-12-23 12:54:48,1,1,3858.0,2694
2022-12-23 12:54:49,23,-5,3858.0,2689
2022-12-23 12:54:51,1,-1,3857.75,2688
2022-12-23 12:54:52,23,-19,3857.75,2669
2022-12-23 12:54:53,95,-31,3857.75,2638
2022-12-23 12:54:54,46,-6,3857.75,2632
2022-12-23 12:54:55,38,14,3857.75,2646
2022-12-23 12:54:56,29,-5,3857.75,2641
2022-12-23 12:54:57,5,-5,3857.75,2636
2022-12-23 12:54:58,1,-1,3857.5,2635
2022-12-23 12:54:59,2,0,3857.75,2635
2022-12-23 12:55:00,16,-5,3857.75,2630
2022-12-23 12:55:01,21,-12,3857.5,2618
2022-12-23 12:55:02,12,2,3857.5,2620
2022-12-23 12:55:03,16,-9,3857.5,2611
2022-12-23 12:55:04,3,-1,3857.5,2610
2022-12-23 12:55:05,20,11,3857.75,2621
2022-12-23 12:55:07,6,3,3857.75,2624
2022-12-23 12:55:09,95,-1,3857.75,2623
2022-12-23 12:55:10,7,-1,3857.75,2622
2022-12-23 12:55:11,32,2,3858.0,2624
2022-12-23 12:55:12,142,47,3858.5,2671
2022-12-23 12:55:13,12,5,3858.5,2676
2022-12-23 12:55:14,34,-10,3858.25,2666
2022-12-23 12:55:15,1,1,3858.25,2667
2022-12-23 12:55:16,20,-5,3858.25,2662
2022-12-23 12:55:18,15,-1,3858.0,2661
2022-12-23 12:55:19,24,13,3858.5,2674
2022-12-23 12:55:20,53,8,3858.75,2682
2022-12-23 12:55:21,11,1,3858.75,2683
2022-12-23 12:55:22,17,7,3859.0,2690
2022-12-23 12:55:23,23,-2,3858.75,2688
2022-12-23 12:55:24,21,6,3858.75,2694
2022-12-23 12:55:25,13,-7,3858.5,2687
2022-12-23 12:55:26,24,-5,3858.5,2682
2022-12-23 12:55:27,8,-2,3858.5,2680
2022-12-23 12:55:28,1,1,3858.75,2681
2022-12-23 12:55:29,25,3,3858.75,2684
2022-12-23 12:55:30,20,8,3858.75,2692
2022-12-23 12:55:31,15,-3,3858.5,2689
2022-12-23 12:55:32,18,-6,3858.75,2683
2022-12-23 12:55:33,13,-7,3858.75,2676
2022-12-23 12:55:34,14,1,3859.0,2677
2022-12-23 12:55:35,26,-10,3858.75,2667
2022-12-23 12:55:36,26,11,3858.75,2678
2022-12-23 12:55:37,10,-6,3858.75,2672
2022-12-23 12:55:38,9,-3,3858.75,2669
2022-12-23 12:55:39,11,-9,3858.5,2660
2022-12-23 12:55:41,24,12,3858.5,2672
2022-12-23 12:55:42,9,1,3858.5,2673
2022-12-23 12:55:43,3,-3,3858.5,2670
2022-12-23 12:55:44,3,3,3858.5,2673
2022-12-23 12:55:45,2,-2,3858.5,2671
2022-12-23 12:55:46,27,-4,3858.75,2667
2022-12-23 12:55:47,46,28,3859.0,2695
2022-12-23 12:55:48,35,-11,3859.0,2684
2022-12-23 12:55:49,26,-7,3859.25,2677
2022-12-23 12:55:50,9,-3,3859.0,2674
2022-12-23 12:55:53,22,-10,3858.5,2664
2022-12-23 12:55:54,26,-3,3858.5,2661
2022-12-23 12:55:56,9,6,3858.5,2667
2022-12-23 12:55:57,3,3,3858.5,2670
2022-12-23 12:55:58,11,6,3858.5,2676
2022-12-23 12:55:59,24,-10,3858.5,2666
2022-12-23 12:56:00,58,11,3859.25,2677
2022-12-23 12:56:01,9,1,3859.25,2678
2022-12-23 12:56:02,1,-1,3859.25,2677
2022-12-23 12:56:03,31,2,3859.5,2679
2022-12-23 12:56:04,50,-23,3859.25,2656
2022-12-23 12:56:05,17,-1,3859.0,2655
2022-12-23 12:56:06,2,2,3859.0,2657
2022-12-23 12:56:07,47,2,3859.0,2659
2022-12-23 12:56:09,32,-17,3859.25,2642
2022-12-23 12:56:10,98,15,3860.0,2657
2022-12-23 12:56:11,71,27,3860.25,2684
2022-12-23 12:56:12,2,-2,3860.0,2682
2022-12-23 12:56:13,6,4,3860.25,2686
2022-12-23 12:56:14,18,-13,3860.25,2673
2022-12-23 12:56:15,4,3,3860.0,2676
2022-12-23 12:56:16,33,10,3860.25,2686
2022-12-23 12:56:17,17,-10,3860.0,2676
2022-12-23 12:56:18,13,9,3860.0,2685
2022-12-23 12:56:19,31,-4,3860.0,2681
2022-12-23 12:56:20,14,-1,3860.0,2680
2022-12-23 12:56:21,15,-10,3860.0,2670
2022-12-23 12:56:22,12,10,3860.25,2680
2022-12-23 12:56:23,13,-4,3860.0,2676
2022-12-23 12:56:24,116,82,3860.75,2758
2022-12-23 12:56:25,11,7,3860.5,2765
2022-12-23 12:56:26,3,2,3860.5,2767
2022-12-23 12:56:27,13,5,3860.5,2772
2022-12-23 12:56:28,28,-9,3860.5,2763
2022-12-23 12:56:29,3,-3,3860.25,2760
2022-12-23 12:56:30,15,-5,3860.5,2755
2022-12-23 12:56:31,5,-2,3860.25,2753
2022-12-23 12:56:32,4,4,3860.5,2757
2022-12-23 12:56:33,61,31,3861.0,2788
2022-12-23 12:56:34,58,18,3861.25,2806
2022-12-23 12:56:35,18,-9,3861.25,2797
2022-12-23 12:56:36,67,25,3861.0,2822
2022-12-23 12:56:37,21,-10,3860.75,2812
2022-12-23 12:56:38,77,34,3861.25,2846
2022-12-23 12:56:39,7,5,3861.0,2851
2022-12-23 12:56:40,1,-1,3860.75,2850
2022-12-23 12:56:41,4,4,3861.0,2854
2022-12-23 12:56:42,4,-2,3861.0,2852
2022-12-23 12:56:43,21,-20,3860.75,2832
2022-12-23 12:56:44,43,3,3860.5,2835
2022-12-23 12:56:45,39,8,3860.5,2843
2022-12-23 12:56:46,48,22,3860.75,2865
2022-12-23 12:56:47,32,10,3860.5,2875
2022-12-23 12:56:48,19,-1,3860.5,2874
2022-12-23 12:56:49,93,-22,3860.5,2852
2022-12-23 12:56:50,13,-5,3860.5,2847
2022-12-23 12:56:51,3,-1,3860.25,2846
2022-12-23 12:56:52,32,-11,3860.0,2835
2022-12-23 12:56:53,30,-14,3859.5,2821
2022-12-23 12:56:54,33,-2,3859.25,2819
2022-12-23 12:56:55,24,-10,3859.25,2809
2022-12-23 12:56:56,20,0,3859.25,2809
2022-12-23 12:56:57,18,7,3859.0,2816
2022-12-23 12:56:58,40,6,3859.25,2822
2022-12-23 12:56:59,4,0,3859.5,2822
2022-12-23 12:57:00,59,14,3859.75,2836
2022-12-23 12:57:01,31,21,3859.5,2857
2022-12-23 12:57:02,55,-28,3859.5,2829
2022-12-23 12:57:03,5,-3,3859.5,2826
2022-12-23 12:57:04,15,-8,3859.5,2818
2022-12-23 12:57:05,28,14,3859.5,2832
2022-12-23 12:57:06,26,6,3860.0,2838
2022-12-23 12:57:07,31,-29,3859.5,2809
2022-12-23 12:57:08,69,1,3859.0,2810
2022-12-23 12:57:09,24,-9,3859.0,2801
2022-12-23 12:57:10,18,12,3859.0,2813
2022-12-23 12:57:11,19,-8,3858.75,2805
2022-12-23 12:57:12,21,5,3859.25,2810
2022-12-23 12:57:13,16,6,3859.5,2816
2022-12-23 12:57:14,9,-2,3859.25,2814
2022-12-23 12:57:15,23,7,3859.25,2821
2022-12-23 12:57:16,7,-4,3859.5,2817
2022-12-23 12:57:17,58,26,3859.75,2843
2022-12-23 12:57:18,57,-16,3860.0,2827
2022-12-23 12:57:19,13,2,3859.75,2829
2022-12-23 12:57:20,17,-3,3860.0,2826
2022-12-23 12:57:21,19,7,3860.0,2833
2022-12-23 12:57:22,19,5,3860.25,2838
2022-12-23 12:57:23,61,11,3860.5,2849
2022-12-23 12:57:24,29,1,3860.5,2850
2022-12-23 12:57:25,8,1,3860.5,2851
2022-12-23 12:57:27,4,-4,3860.25,2847
2022-12-23 12:57:28,39,9,3860.5,2856
2022-12-23 12:57:29,52,8,3860.25,2864
2022-12-23 12:57:30,33,-5,3860.0,2859
2022-12-23 12:57:31,2,0,3860.0,2859
2022-12-23 12:57:32,9,9,3860.0,2868
2022-12-23 12:57:34,7,-6,3860.0,2862
2022-12-23 12:57:35,9,3,3860.0,2865
2022-12-23 12:57:37,9,6,3860.0,2871
2022-12-23 12:57:39,28,7,3860.25,2878
2022-12-23 12:57:40,19,13,3860.25,2891
2022-12-23 12:57:41,2,2,3860.25,2893
2022-12-23 12:57:42,30,-22,3860.0,2871
2022-12-23 12:57:43,1,-1,3860.0,2870
2022-12-23 12:57:44,11,2,3860.0,2872
2022-12-23 12:57:45,19,-14,3860.0,2858
2022-12-23 12:57:46,19,6,3860.0,2864
2022-12-23 12:57:47,52,19,3860.0,2883
2022-12-23 12:57:48,11,4,3860.0,2887
2022-12-23 12:57:49,5,-5,3859.75,2882
2022-12-23 12:57:50,24,4,3859.75,2886
2022-12-23 12:57:51,20,-7,3860.0,2879
2022-12-23 12:57:52,8,-5,3859.75,2874
2022-12-23 12:57:53,14,2,3859.75,2876
2022-12-23 12:57:54,1,1,3859.75,2877
2022-12-23 12:57:55,5,-5,3859.75,2872
2022-12-23 12:57:56,10,-2,3860.0,2870
2022-12-23 12:57:57,39,-6,3859.75,2864
2022-12-23 12:57:58,1,1,3860.0,2865
2022-12-23 12:57:59,30,-4,3860.0,2861
2022-12-23 12:58:00,35,-10,3859.75,2851
2022-12-23 12:58:01,43,-3,3859.75,2848
2022-12-23 12:58:02,3,-3,3859.75,2845
2022-12-23 12:58:03,1,-1,3859.5,2844
2022-12-23 12:58:04,2,-2,3859.5,2842
2022-12-23 12:58:05,16,6,3859.75,2848
2022-12-23 12:58:06,9,2,3859.75,2850
2022-12-23 12:58:07,54,-28,3859.75,2822
2022-12-23 12:58:08,52,4,3859.25,2826
2022-12-23 12:58:10,31,-15,3859.0,2811
2022-12-23 12:58:11,56,-10,3859.0,2801
2022-12-23 12:58:12,16,2,3859.0,2803
2022-12-23 12:58:13,21,-1,3859.25,2802
2022-12-23 12:58:14,2,2,3859.25,2804
2022-12-23 12:58:15,2,-2,3859.25,2802
2022-12-23 12:58:16,46,-5,3859.5,2797
2022-12-23 12:58:18,38,1,3859.75,2798
2022-12-23 12:58:19,10,4,3859.75,2802
2022-12-23 12:58:20,4,-1,3859.75,2801
2022-12-23 12:58:21,18,1,3859.75,2802
2022-12-23 12:58:22,10,-2,3859.75,2800
2022-12-23 12:58:23,21,11,3860.0,2811
2022-12-23 12:58:24,15,4,3860.25,2815
2022-12-23 12:58:25,5,5,3860.25,2820
2022-12-23 12:58:26,10,-5,3860.25,2815
2022-12-23 12:58:27,46,19,3860.25,2834
2022-12-23 12:58:28,9,5,3860.5,2839
2022-12-23 12:58:29,15,3,3860.25,2842
2022-12-23 12:58:30,20,-8,3860.25,2834
2022-12-23 12:58:31,24,-15,3860.0,2819
2022-12-23 12:58:32,14,-2,3860.0,2817
2022-12-23 12:58:33,8,6,3860.25,2823
2022-12-23 12:58:34,19,15,3860.75,2838
2022-12-23 12:58:35,14,-9,3860.5,2829
2022-12-23 12:58:36,20,6,3860.75,2835
2022-12-23 12:58:37,53,-12,3861.0,2823
2022-12-23 12:58:38,18,3,3860.5,2826
2022-12-23 12:58:39,21,6,3860.75,2832
2022-12-23 12:58:41,20,-6,3860.5,2826
2022-12-23 12:58:44,31,-1,3860.75,2825
2022-12-23 12:58:45,8,-4,3860.5,2821
2022-12-23 12:58:47,34,15,3860.75,2836
2022-12-23 12:58:48,13,-5,3860.75,2831
2022-12-23 12:58:49,11,-1,3860.75,2830
2022-12-23 12:58:50,26,27,3861.0,2857
2022-12-23 12:58:51,36,6,3861.0,2863
2022-12-23 12:58:52,4,-2,3860.75,2861
2022-12-23 12:58:53,67,-22,3861.0,2839
2022-12-23 12:58:54,12,-4,3860.25,2835
2022-12-23 12:58:55,5,0,3860.25,2835
2022-12-23 12:58:57,9,8,3860.5,2843
2022-12-23 12:58:58,3,-3,3860.25,2840
2022-12-23 12:58:59,40,2,3860.25,2842
2022-12-23 12:59:00,44,6,3860.75,2848
2022-12-23 12:59:01,2,2,3860.75,2850
2022-12-23 12:59:02,26,-10,3860.5,2840
2022-12-23 12:59:03,30,-1,3860.5,2839
2022-12-23 12:59:04,6,-4,3860.25,2835
2022-12-23 12:59:05,23,-8,3860.25,2827
2022-12-23 12:59:06,25,8,3860.0,2835
2022-12-23 12:59:07,45,-13,3860.0,2822
2022-12-23 12:59:08,40,19,3860.25,2841
2022-12-23 12:59:09,66,37,3860.5,2878
2022-12-23 12:59:11,1,-1,3860.25,2877
2022-12-23 12:59:12,13,-3,3860.5,2874
2022-12-23 12:59:13,3,2,3860.5,2876
2022-12-23 12:59:14,76,2,3860.75,2878
2022-12-23 12:59:15,28,-5,3860.5,2873
2022-12-23 12:59:19,29,-9,3860.25,2864
2022-12-23 12:59:20,3,-1,3860.25,2863
2022-12-23 12:59:21,12,4,3860.25,2867
2022-12-23 12:59:22,18,-2,3860.0,2865
2022-12-23 12:59:23,7,4,3860.25,2869
2022-12-23 12:59:24,9,-4,3860.25,2865
2022-12-23 12:59:25,1,-1,3860.25,2864
2022-12-23 12:59:26,39,3,3860.5,2867
2022-12-23 12:59:27,13,6,3860.5,2873
2022-12-23 12:59:28,32,-9,3860.0,2864
2022-12-23 12:59:29,24,-20,3860.0,2844
2022-12-23 12:59:30,29,12,3860.0,2856
2022-12-23 12:59:31,25,-2,3860.0,2854
2022-12-23 12:59:33,6,-6,3859.75,2848
2022-12-23 12:59:34,76,22,3860.25,2870
2022-12-23 12:59:36,72,17,3860.5,2887
2022-12-23 12:59:37,69,-12,3860.5,2875
2022-12-23 12:59:38,16,11,3860.25,2886
2022-12-23 12:59:39,7,-3,3860.25,2883
2022-12-23 12:59:40,4,1,3860.25,2884
2022-12-23 12:59:41,2,2,3860.25,2886
2022-12-23 12:59:42,12,6,3860.25,2892
2022-12-23 12:59:44,1,-1,3860.25,2891
2022-12-23 12:59:45,6,-6,3860.25,2885
2022-12-23 12:59:46,1,1,3860.5,2886
2022-12-23 12:59:47,19,-4,3860.25,2882
2022-12-23 12:59:50,29,17,3860.5,2899
2022-12-23 12:59:51,12,-7,3860.5,2892
2022-12-23 12:59:52,14,-11,3860.25,2881
2022-12-23 12:59:53,19,10,3860.25,2891
2022-12-23 12:59:54,7,-3,3860.25,2888
2022-12-23 12:59:55,4,0,3860.5,2888
2022-12-23 12:59:56,7,-1,3860.25,2887
2022-12-23 12:59:57,47,-11,3860.0,2876
2022-12-23 12:59:58,10,2,3860.0,2878
2022-12-23 12:59:59,11,-1,3860.0,2877
2022-12-23 13:00:00,67,-5,3860.25,2872
2022-12-23 13:00:01,14,4,3860.5,2876
2022-12-23 13:00:02,15,1,3860.5,2877
2022-12-23 13:00:03,19,4,3860.5,2881
2022-12-23 13:00:04,11,7,3860.75,2888
2022-12-23 13:00:05,54,28,3861.0,2916
2022-12-23 13:00:06,15,4,3861.0,2920
2022-12-23 13:00:07,16,-10,3860.75,2910
2022-12-23 13:00:08,22,18,3861.0,2928
2022-12-23 13:00:09,18,3,3861.0,2931
2022-12-23 13:00:10,55,5,3861.25,2936
2022-12-23 13:00:11,87,62,3861.75,2998
2022-12-23 13:00:12,46,16,3861.75,3014
2022-12-23 13:00:13,61,-17,3861.75,2997
2022-12-23 13:00:14,25,-10,3861.25,2987
2022-12-23 13:00:15,46,-19,3861.0,2968
2022-12-23 13:00:16,8,-1,3860.75,2967
2022-12-23 13:00:17,2,0,3860.75,2967
2022-12-23 13:00:18,17,5,3860.75,2972
2022-12-23 13:00:19,25,7,3861.25,2979
2022-12-23 13:00:20,53,6,3861.5,2985
2022-12-23 13:00:21,48,16,3861.5,3001
2022-12-23 13:00:22,18,-13,3861.5,2988
2022-12-23 13:00:23,23,-2,3861.5,2986
2022-12-23 13:00:24,3,1,3861.5,2987
2022-12-23 13:00:25,27,-11,3861.5,2976
2022-12-23 13:00:26,22,9,3861.75,2985
2022-12-23 13:00:27,10,-8,3861.5,2977
2022-12-23 13:00:28,2,2,3861.5,2979
2022-12-23 13:00:29,41,10,3861.75,2989
2022-12-23 13:00:30,3,3,3861.75,2992
2022-12-23 13:00:31,91,35,3862.25,3027
2022-12-23 13:00:32,14,0,3862.0,3027
2022-12-23 13:00:33,12,3,3862.0,3030
2022-12-23 13:00:34,53,-12,3862.25,3018
2022-12-23 13:00:35,86,23,3862.5,3041
2022-12-23 13:00:36,35,-6,3862.75,3035
2022-12-23 13:00:37,16,10,3862.5,3045
2022-12-23 13:00:38,58,-7,3862.5,3038
2022-12-23 13:00:39,13,-3,3862.5,3035
2022-12-23 13:00:40,28,-9,3862.5,3026
2022-12-23 13:00:41,28,-10,3862.25,3016
2022-12-23 13:00:42,40,-3,3862.5,3013
2022-12-23 13:00:43,21,-3,3862.25,3010
2022-12-23 13:00:44,2,2,3862.25,3012
2022-12-23 13:00:45,10,7,3862.5,3019
2022-12-23 13:00:46,6,-6,3862.25,3013
2022-12-23 13:00:47,45,16,3862.5,3029
2022-12-23 13:00:48,1,1,3862.25,3030
2022-12-23 13:00:49,93,5,3862.25,3035
2022-12-23 13:00:50,61,-24,3862.0,3011
2022-12-23 13:00:51,32,3,3862.0,3014
2022-12-23 13:00:52,12,1,3862.0,3015
2022-12-23 13:00:53,10,-9,3862.0,3006
2022-12-23 13:00:54,46,-14,3861.75,2992
2022-12-23 13:00:55,10,-4,3861.75,2988
2022-12-23 13:00:56,89,-24,3861.75,2964
2022-12-23 13:00:57,35,-4,3861.5,2960
2022-12-23 13:00:58,2,-2,3861.5,2958
2022-12-23 13:00:59,44,-6,3861.75,2952
2022-12-23 13:01:00,63,3,3862.0,2955
2022-12-23 13:01:01,35,26,3862.0,2981
2022-12-23 13:01:02,18,-2,3862.0,2979
2022-12-23 13:01:03,13,-4,3861.75,2975
2022-12-23 13:01:04,40,-6,3861.75,2969
2022-12-23 13:01:05,1,1,3861.75,2970
2022-12-23 13:01:06,19,-8,3862.0,2962
2022-12-23 13:01:07,6,-2,3861.75,2960
2022-12-23 13:01:08,3,1,3861.75,2961
2022-12-23 13:01:10,20,-16,3861.5,2945
2022-12-23 13:01:11,124,-59,3861.25,2886
2022-12-23 13:01:12,44,3,3860.5,2889
2022-12-23 13:01:13,33,-9,3860.5,2880
2022-12-23 13:01:14,16,2,3860.5,2882
2022-12-23 13:01:15,19,8,3860.5,2890
2022-12-23 13:01:16,22,8,3860.5,2898
2022-12-23 13:01:17,1,-1,3860.25,2897
2022-12-23 13:01:18,13,-9,3860.25,2888
2022-12-23 13:01:19,106,-23,3860.25,2865
2022-12-23 13:01:20,77,15,3859.75,2880
2022-12-23 13:01:21,14,-12,3859.75,2868
2022-12-23 13:01:22,24,6,3860.0,2874
2022-12-23 13:01:23,15,1,3860.0,2875
2022-12-23 13:01:24,29,8,3860.0,2883
2022-12-23 13:01:25,42,8,3860.0,2891
2022-12-23 13:01:26,23,7,3860.25,2898
2022-12-23 13:01:27,6,-6,3860.0,2892
2022-12-23 13:01:28,30,-4,3859.75,2888
2022-12-23 13:01:29,64,-39,3859.5,2849
2022-12-23 13:01:30,34,-11,3859.25,2838
2022-12-23 13:01:31,95,5,3858.75,2843
2022-12-23 13:01:32,41,9,3859.25,2852
2022-12-23 13:01:33,22,-14,3859.25,2838
2022-12-23 13:01:34,22,14,3859.25,2852
2022-12-23 13:01:35,12,-8,3859.5,2844
2022-12-23 13:01:36,60,-35,3859.25,2809
2022-12-23 13:01:37,12,9,3859.5,2818
2022-12-23 13:01:38,46,14,3860.0,2832
2022-12-23 13:01:39,26,-6,3860.0,2826
2022-12-23 13:01:40,9,9,3860.25,2835
2022-12-23 13:01:41,8,-7,3860.0,2828
2022-12-23 13:01:42,23,1,3860.25,2829
2022-12-23 13:01:43,7,-1,3860.25,2828
2022-12-23 13:01:44,24,-16,3859.5,2812
2022-12-23 13:01:45,12,3,3859.5,2815
2022-12-23 13:01:46,18,0,3859.75,2815
2022-12-23 13:01:47,16,4,3859.75,2819
2022-12-23 13:01:49,2,-2,3859.5,2817
2022-12-23 13:01:50,10,-2,3859.75,2815
2022-12-23 13:01:52,28,-4,3859.5,2811
2022-12-23 13:01:53,15,-14,3859.25,2797
2022-12-23 13:01:54,87,6,3860.0,2803
2022-12-23 13:01:55,38,6,3860.25,2809
2022-12-23 13:01:56,54,21,3860.75,2830
2022-12-23 13:01:57,10,-4,3860.5,2826
2022-12-23 13:01:59,21,3,3860.5,2829
2022-12-23 13:02:00,78,-10,3861.25,2819
2022-12-23 13:02:01,24,-10,3861.25,2809
2022-12-23 13:02:02,24,8,3861.0,2817
2022-12-23 13:02:03,7,-4,3861.0,2813
2022-12-23 13:02:04,20,2,3861.25,2815
2022-12-23 13:02:05,5,-4,3861.0,2811
2022-12-23 13:02:06,26,-7,3860.75,2804
2022-12-23 13:02:07,9,3,3860.75,2807
2022-12-23 13:02:08,2,2,3860.75,2809
2022-12-23 13:02:09,10,8,3860.75,2817
2022-12-23 13:02:11,10,4,3861.0,2821
2022-12-23 13:02:13,3,-1,3861.0,2820
2022-12-23 13:02:15,18,2,3861.0,2822
2022-12-23 13:02:16,18,-6,3861.0,2816
2022-12-23 13:02:17,44,14,3861.5,2830
2022-12-23 13:02:18,41,5,3861.5,2835
2022-12-23 13:02:19,76,37,3861.75,2872
2022-12-23 13:02:20,21,9,3861.75,2881
2022-12-23 13:02:21,20,-9,3861.75,2872
2022-12-23 13:02:22,12,-5,3861.5,2867
2022-12-23 13:02:23,8,-2,3861.0,2865
2022-12-23 13:02:24,18,10,3861.25,2875
2022-12-23 13:02:25,1,-1,3861.25,2874
2022-12-23 13:02:26,3,-1,3861.5,2873
2022-12-23 13:02:27,4,-3,3861.25,2870
2022-12-23 13:02:28,6,-6,3861.25,2864
2022-12-23 13:02:29,8,-8,3861.25,2856
2022-12-23 13:02:30,10,0,3861.25,2856
2022-12-23 13:02:32,1,-1,3861.0,2855
2022-12-23 13:02:33,29,-27,3861.0,2828
2022-12-23 13:02:34,26,4,3860.5,2832
2022-12-23 13:02:35,4,4,3860.75,2836
2022-12-23 13:02:36,31,-14,3860.5,2822
2022-12-23 13:02:37,30,-3,3860.75,2819
2022-12-23 13:02:38,19,4,3860.5,2823
2022-12-23 13:02:39,18,3,3860.5,2826
2022-12-23 13:02:40,3,0,3860.5,2826
2022-12-23 13:02:41,19,-1,3860.5,2825
2022-12-23 13:02:42,7,-7,3860.25,2818
2022-12-23 13:02:43,16,-1,3860.5,2817
2022-12-23 13:02:44,20,8,3860.75,2825
2022-12-23 13:02:45,4,-4,3860.75,2821
2022-12-23 13:02:46,31,-10,3860.75,2811
2022-12-23 13:02:47,9,2,3860.75,2813
2022-12-23 13:02:49,25,-11,3860.5,2802
2022-12-23 13:02:50,15,8,3860.25,2810
2022-12-23 13:02:51,1,1,3860.5,2811
2022-12-23 13:02:52,26,-3,3860.75,2808
2022-12-23 13:02:53,1,1,3860.75,2809
2022-12-23 13:02:54,2,2,3860.75,2811
2022-12-23 13:02:55,30,-8,3860.75,2803
2022-12-23 13:02:56,6,1,3860.75,2804
2022-12-23 13:02:57,11,-1,3860.75,2803
2022-12-23 13:02:58,31,5,3861.0,2808
2022-12-23 13:02:59,7,-6,3861.0,2802
2022-12-23 13:03:00,38,1,3861.0,2803
2022-12-23 13:03:01,17,-8,3861.25,2795
2022-12-23 13:03:02,11,-2,3861.0,2793
2022-12-23 13:03:03,55,25,3861.75,2818
2022-12-23 13:03:04,87,43,3862.5,2861
2022-12-23 13:03:05,51,8,3862.5,2869
2022-12-23 13:03:06,50,9,3862.25,2878
2022-12-23 13:03:07,6,-3,3862.25,2875
2022-12-23 13:03:08,3,2,3862.25,2877
2022-12-23 13:03:09,41,-4,3862.25,2873
2022-12-23 13:03:10,27,-10,3862.0,2863
2022-12-23 13:03:11,36,-6,3861.75,2857
2022-12-23 13:03:12,18,6,3862.0,2863
2022-12-23 13:03:13,6,-6,3862.0,2857
2022-12-23 13:03:14,14,-6,3862.0,2851
2022-12-23 13:03:15,22,3,3862.0,2854
2022-12-23 13:03:16,12,3,3862.0,2857
2022-12-23 13:03:17,3,1,3862.0,2858
2022-12-23 13:03:18,6,2,3862.0,2860
2022-12-23 13:03:19,3,0,3862.25,2860
2022-12-23 13:03:20,20,7,3862.5,2867
2022-12-23 13:03:21,18,2,3862.5,2869
2022-12-23 13:03:22,41,7,3862.75,2876
2022-12-23 13:03:23,23,13,3862.75,2889
2022-12-23 13:03:24,6,3,3862.75,2892
2022-12-23 13:03:25,91,29,3863.0,2921
2022-12-23 13:03:26,25,-13,3862.75,2908
2022-12-23 13:03:27,9,0,3862.75,2908
2022-12-23 13:03:28,5,-1,3862.75,2907
2022-12-23 13:03:29,11,-10,3862.5,2897
2022-12-23 13:03:30,35,-1,3862.5,2896
2022-12-23 13:03:31,31,-19,3862.25,2877
2022-12-23 13:03:32,12,5,3862.75,2882
2022-12-23 13:03:33,3,3,3862.75,2885
2022-12-23 13:03:34,13,-2,3863.0,2883
2022-12-23 13:03:35,83,16,3863.0,2899
2022-12-23 13:03:36,15,0,3863.0,2899
2022-12-23 13:03:37,44,16,3863.25,2915
2022-12-23 13:03:38,2,-2,3862.75,2913
2022-12-23 13:03:39,3,3,3863.0,2916
2022-12-23 13:03:40,2,0,3863.0,2916
2022-12-23 13:03:41,66,24,3863.0,2940
2022-12-23 13:03:42,28,6,3863.0,2946
2022-12-23 13:03:43,32,2,3863.0,2948
2022-12-23 13:03:44,72,53,3863.25,3001
2022-12-23 13:03:45,33,15,3863.5,3016
2022-12-23 13:03:46,15,-4,3863.5,3012
2022-12-23 13:03:47,25,5,3863.5,3017
2022-12-23 13:03:48,2,2,3863.5,3019
2022-12-23 13:03:49,20,6,3863.5,3025
2022-12-23 13:03:50,103,24,3863.75,3049
2022-12-23 13:03:51,5,-5,3863.5,3044
2022-12-23 13:03:52,6,3,3863.5,3047
2022-12-23 13:03:53,80,9,3863.5,3056
2022-12-23 13:03:54,2,0,3863.5,3056
2022-12-23 13:03:55,43,-6,3863.5,3050
2022-12-23 13:03:56,60,20,3863.75,3070
2022-12-23 13:03:57,1,1,3863.5,3071
2022-12-23 13:03:59,43,13,3863.75,3084
2022-12-23 13:04:00,44,6,3863.5,3090
2022-12-23 13:04:01,43,-19,3863.25,3071
2022-12-23 13:04:02,8,-7,3863.0,3064
2022-12-23 13:04:03,75,-12,3863.0,3052
2022-12-23 13:04:04,14,-9,3863.0,3043
2022-12-23 13:04:05,12,-9,3862.75,3034
2022-12-23 13:04:06,13,3,3862.75,3037
2022-12-23 13:04:07,17,8,3862.75,3045
2022-12-23 13:04:08,7,-1,3863.0,3044
2022-12-23 13:04:09,3,-3,3862.75,3041
2022-12-23 13:04:10,47,3,3863.0,3044
2022-12-23 13:04:11,6,-3,3862.75,3041
2022-12-23 13:04:12,14,-6,3862.75,3035
2022-12-23 13:04:13,3,-3,3862.25,3032
2022-12-23 13:04:14,15,13,3862.75,3045
2022-12-23 13:04:15,9,3,3863.0,3048
2022-12-23 13:04:16,20,-7,3863.0,3041
2022-12-23 13:04:17,9,-1,3863.0,3040
2022-12-23 13:04:19,23,3,3863.25,3043
2022-12-23 13:04:20,46,-3,3863.5,3040
2022-12-23 13:04:21,2,0,3863.5,3040
2022-12-23 13:04:22,1,1,3863.5,3041
2022-12-23 13:04:23,21,-2,3863.5,3039
2022-12-23 13:04:24,41,4,3863.5,3043
2022-12-23 13:04:26,22,8,3863.25,3051
2022-12-23 13:04:27,19,-8,3863.25,3043
2022-12-23 13:04:28,7,3,3863.25,3046
2022-12-23 13:04:29,8,-6,3863.0,3040
2022-12-23 13:04:30,26,-2,3863.25,3038
2022-12-23 13:04:31,25,-4,3863.0,3034
2022-12-23 13:04:32,1,1,3862.75,3035
2022-12-23 13:04:33,19,-4,3862.75,3031
2022-12-23 13:04:34,12,2,3862.75,3033
2022-12-23 13:04:35,10,6,3863.25,3039
2022-12-23 13:04:36,11,0,3863.25,3039
2022-12-23 13:04:37,29,4,3863.5,3043
2022-12-23 13:04:38,25,-2,3863.5,3041
2022-12-23 13:04:39,8,0,3863.5,3041
2022-12-23 13:04:40,9,1,3863.75,3042
2022-12-23 13:04:41,1,1,3863.5,3043
2022-12-23 13:04:42,40,10,3863.5,3053
2022-12-23 13:04:43,22,5,3863.5,3058
2022-12-23 13:04:44,1,1,3863.5,3059
2022-12-23 13:04:45,1,1,3863.5,3060
2022-12-23 13:04:46,2,0,3863.25,3060
2022-12-23 13:04:47,3,-1,3863.25,3059
2022-12-23 13:04:48,22,-1,3863.0,3058
2022-12-23 13:04:49,5,0,3863.0,3058
2022-12-23 13:04:50,9,-8,3862.75,3050
2022-12-23 13:04:51,22,-10,3862.75,3040
2022-12-23 13:04:52,70,-1,3862.5,3039
2022-12-23 13:04:53,28,0,3862.75,3039
2022-12-23 13:04:54,14,12,3862.75,3051
2022-12-23 13:04:55,1,-1,3862.5,3050
2022-12-23 13:04:56,6,5,3862.75,3055
2022-12-23 13:04:57,10,2,3863.0,3057
2022-12-23 13:04:58,6,-2,3863.0,3055
2022-12-23 13:04:59,13,-2,3862.75,3053
2022-12-23 13:05:00,3,1,3862.75,3054
2022-12-23 13:05:01,43,-2,3863.0,3052
2022-12-23 13:05:02,15,-1,3863.0,3051
2022-12-23 13:05:03,3,-1,3863.25,3050
2022-12-23 13:05:04,14,-8,3863.0,3042
2022-12-23 13:05:05,26,10,3863.75,3052
2022-12-23 13:05:06,50,17,3863.75,3069
2022-12-23 13:05:07,43,-13,3863.5,3056
2022-12-23 13:05:08,7,-4,3863.5,3052
2022-12-23 13:05:09,1,-1,3863.25,3051
2022-12-23 13:05:10,1,1,3863.5,3052
2022-12-23 13:05:11,13,-8,3863.25,3044
2022-12-23 13:05:12,26,6,3863.5,3050
2022-12-23 13:05:13,12,5,3863.75,3055
2022-12-23 13:05:14,14,5,3863.5,3060
2022-12-23 13:05:16,29,21,3863.5,3081
2022-12-23 13:05:17,18,0,3863.5,3081
2022-12-23 13:05:18,13,-5,3863.5,3076
2022-12-23 13:05:19,128,60,3864.25,3136
2022-12-23 13:05:20,27,-8,3864.25,3128
2022-12-23 13:05:21,40,-5,3864.25,3123
2022-12-23 13:05:22,16,-1,3864.0,3122
2022-12-23 13:05:23,67,8,3864.5,3130
2022-12-23 13:05:24,15,3,3864.5,3133
2022-12-23 13:05:25,4,4,3864.25,3137
2022-12-23 13:05:26,25,-9,3864.0,3128
2022-12-23 13:05:27,12,-1,3864.25,3127
2022-12-23 13:05:28,26,1,3864.0,3128
2022-12-23 13:05:29,5,5,3864.25,3133
2022-12-23 13:05:30,22,2,3864.25,3135
2022-12-23 13:05:31,39,12,3864.5,3147
2022-12-23 13:05:32,5,2,3864.5,3149
2022-12-23 13:05:33,38,-12,3864.25,3137
2022-12-23 13:05:34,32,-14,3864.0,3123
2022-12-23 13:05:35,34,-23,3864.0,3100
2022-12-23 13:05:36,41,7,3863.75,3107
2022-12-23 13:05:38,2,-2,3863.5,3105
2022-12-23 13:05:39,2,0,3863.75,3105
2022-12-23 13:05:40,14,-4,3863.5,3101
2022-12-23 13:05:41,8,6,3863.75,3107
2022-12-23 13:05:42,14,-4,3864.0,3103
2022-12-23 13:05:43,2,-2,3863.5,3101
2022-12-23 13:05:44,18,-6,3863.5,3095
2022-12-23 13:05:45,58,-23,3863.25,3072
2022-12-23 13:05:46,15,0,3862.75,3072
2022-12-23 13:05:47,11,7,3862.75,3079
2022-12-23 13:05:48,7,-4,3862.75,3075
2022-12-23 13:05:49,30,9,3862.75,3084
2022-12-23 13:05:50,50,-19,3862.5,3065
2022-12-23 13:05:51,39,-7,3862.25,3058
2022-12-23 13:05:52,16,-7,3862.25,3051
2022-12-23 13:05:53,3,0,3862.25,3051
2022-12-23 13:05:54,7,5,3862.5,3056
2022-12-23 13:05:55,28,20,3862.75,3076
2022-12-23 13:05:56,4,-4,3862.5,3072
2022-12-23 13:05:57,20,10,3862.5,3082
2022-12-23 13:05:58,1,1,3862.75,3083
2022-12-23 13:05:59,16,-1,3862.75,3082
2022-12-23 13:06:00,39,3,3862.75,3085
2022-12-23 13:06:01,9,0,3862.75,3085
2022-12-23 13:06:02,43,0,3862.5,3085
2022-12-23 13:06:03,6,-2,3862.5,3083
2022-12-23 13:06:05,33,-6,3862.25,3077
2022-12-23 13:06:06,92,-28,3862.0,3049
2022-12-23 13:06:07,14,-6,3861.75,3043
2022-12-23 13:06:08,26,0,3861.75,3043
2022-12-23 13:06:09,49,-10,3861.75,3033
2022-12-23 13:06:10,79,-40,3861.5,2993
2022-12-23 13:06:11,33,21,3861.5,3014
2022-12-23 13:06:12,45,-2,3861.5,3012
2022-12-23 13:06:13,38,11,3861.5,3023
2022-12-23 13:06:14,14,-4,3861.5,3019
2022-12-23 13:06:15,9,4,3861.5,3023
2022-12-23 13:06:16,14,-1,3861.5,3022
2022-12-23 13:06:17,4,-2,3861.5,3020
2022-12-23 13:06:19,23,-7,3861.5,3013
2022-12-23 13:06:20,9,-4,3861.5,3009
2022-12-23 13:06:21,6,-6,3861.5,3003
2022-12-23 13:06:22,31,17,3862.0,3020
2022-12-23 13:06:23,7,2,3862.0,3022
2022-12-23 13:06:24,2,-2,3861.75,3020
2022-12-23 13:06:25,6,6,3862.0,3026
2022-12-23 13:06:26,38,10,3862.5,3036
2022-12-23 13:06:27,9,-7,3862.5,3029
2022-12-23 13:06:28,6,6,3862.5,3035
2022-12-23 13:06:29,19,-9,3862.5,3026
2022-12-23 13:06:31,33,16,3862.75,3042
2022-12-23 13:06:32,40,16,3863.0,3058
2022-12-23 13:06:33,14,6,3862.75,3064
2022-12-23 13:06:34,1,1,3862.75,3065
2022-12-23 13:06:35,1,-1,3862.5,3064
2022-12-23 13:06:36,8,-7,3862.5,3057
2022-12-23 13:06:37,5,4,3862.5,3061
2022-12-23 13:06:38,29,7,3863.0,3068
2022-12-23 13:06:39,7,5,3863.25,3073
2022-12-23 13:06:40,3,1,3863.25,3074
2022-12-23 13:06:41,13,-10,3863.25,3064
2022-12-23 13:06:42,4,4,3863.0,3068
2022-12-23 13:06:43,3,-3,3863.0,3065
2022-12-23 13:06:44,35,4,3863.25,3069
2022-12-23 13:06:45,77,36,3864.0,3105
2022-12-23 13:06:46,59,13,3863.75,3118
2022-12-23 13:06:47,23,-6,3864.0,3112
2022-12-23 13:06:48,105,18,3864.5,3130
2022-12-23 13:06:49,5,1,3864.5,3131
2022-12-23 13:06:50,18,1,3864.5,3132
2022-12-23 13:06:51,24,13,3864.5,3145
2022-12-23 13:06:52,6,2,3864.5,3147
2022-12-23 13:06:53,24,-8,3864.25,3139
2022-12-23 13:06:54,7,-5,3864.5,3134
2022-12-23 13:06:55,5,1,3864.5,3135
2022-12-23 13:06:56,102,-7,3864.5,3128
2022-12-23 13:06:57,6,1,3864.0,3129
2022-12-23 13:06:58,42,10,3864.0,3139
2022-12-23 13:07:00,4,-3,3863.75,3136
2022-12-23 13:07:01,50,4,3863.75,3140
2022-12-23 13:07:02,9,6,3863.5,3146
2022-12-23 13:07:03,34,-30,3863.5,3116
2022-12-23 13:07:04,19,1,3863.25,3117
2022-12-23 13:07:06,27,7,3863.5,3124
2022-12-23 13:07:07,13,-2,3863.25,3122
2022-12-23 13:07:09,20,11,3863.25,3133
2022-12-23 13:07:12,41,5,3863.5,3138
2022-12-23 13:07:13,43,15,3863.5,3153
2022-12-23 13:07:14,2,-1,3863.5,3152
2022-12-23 13:07:15,17,-9,3863.5,3143
2022-12-23 13:07:16,13,-2,3863.75,3141
2022-12-23 13:07:17,2,2,3863.5,3143
2022-12-23 13:07:18,2,-2,3863.25,3141
2022-12-23 13:07:19,20,9,3863.75,3150
2022-12-23 13:07:20,17,0,3863.75,3150
2022-12-23 13:07:21,39,15,3864.0,3165
2022-12-23 13:07:22,28,-2,3863.75,3163
2022-12-23 13:07:23,14,8,3864.0,3171
2022-12-23 13:07:24,5,2,3864.0,3173
2022-12-23 13:07:26,24,11,3864.25,3184
2022-12-23 13:07:27,5,5,3864.25,3189
2022-12-23 13:07:28,2,2,3864.25,3191
2022-12-23 13:07:29,79,18,3864.5,3209
2022-12-23 13:07:30,11,-1,3864.5,3208
2022-12-23 13:07:32,28,-14,3864.25,3194
2022-12-23 13:07:33,16,-12,3864.0,3182
2022-12-23 13:07:35,10,2,3864.0,3184
2022-12-23 13:07:36,7,-3,3864.0,3181
2022-12-23 13:07:37,1,-1,3864.0,3180
2022-12-23 13:07:38,25,1,3864.0,3181
2022-12-23 13:07:41,5,-1,3864.0,3180
2022-12-23 13:07:42,1,-1,3864.0,3179
2022-12-23 13:07:43,24,2,3864.25,3181
2022-12-23 13:07:44,18,0,3864.25,3181
2022-12-23 13:07:45,10,-5,3864.5,3176
2022-12-23 13:07:46,3,1,3864.25,3177
2022-12-23 13:07:48,34,-13,3864.0,3164
2022-12-23 13:07:49,6,-3,3863.75,3161
2022-12-23 13:07:50,17,3,3863.75,3164
2022-12-23 13:07:51,42,-12,3863.5,3152
2022-12-23 13:07:52,135,19,3864.0,3171
2022-12-23 13:07:54,64,-14,3864.0,3157
2022-12-23 13:07:55,11,5,3864.0,3162
2022-12-23 13:07:56,210,13,3864.25,3175
2022-12-23 13:07:57,11,-1,3864.0,3174
2022-12-23 13:07:59,69,-32,3864.0,3142
2022-12-23 13:08:02,88,26,3864.5,3168
2022-12-23 13:08:03,50,-5,3864.75,3163
2022-12-23 13:08:04,12,9,3864.5,3172
2022-12-23 13:08:05,23,-9,3864.25,3163
2022-12-23 13:08:06,27,-14,3864.25,3149
2022-12-23 13:08:07,24,-5,3864.25,3144
2022-12-23 13:08:08,96,-53,3864.0,3091
2022-12-23 13:08:09,2,-1,3864.0,3090
2022-12-23 13:08:10,42,-26,3864.0,3064
2022-12-23 13:08:11,16,8,3864.0,3072
2022-12-23 13:08:12,23,-15,3864.0,3057
2022-12-23 13:08:13,40,6,3864.0,3063
2022-12-23 13:08:14,1,-1,3864.0,3062
2022-12-23 13:08:15,101,22,3864.25,3084
2022-12-23 13:08:16,51,3,3864.25,3087
2022-12-23 13:08:17,2,-2,3864.25,3085
2022-12-23 13:08:18,12,4,3864.25,3089
2022-12-23 13:08:19,1,1,3864.5,3090
2022-12-23 13:08:20,29,12,3864.5,3102
2022-12-23 13:08:21,4,-3,3864.25,3099
2022-12-23 13:08:22,11,-5,3864.5,3094
2022-12-23 13:08:23,22,7,3864.25,3101
2022-12-23 13:08:24,9,-4,3864.25,3097
2022-12-23 13:08:25,18,4,3864.25,3101
2022-12-23 13:08:26,6,2,3864.25,3103
2022-12-23 13:08:27,5,-3,3864.0,3100
2022-12-23 13:08:28,122,-37,3864.0,3063
2022-12-23 13:08:29,66,-15,3863.75,3048
2022-12-23 13:08:30,102,25,3863.75,3073
2022-12-23 13:08:31,27,6,3864.0,3079
2022-12-23 13:08:32,14,8,3864.0,3087
2022-12-23 13:08:33,1,-1,3864.0,3086
2022-12-23 13:08:34,9,-7,3864.25,3079
2022-12-23 13:08:36,47,8,3864.0,3087
2022-12-23 13:08:38,11,-11,3863.75,3076
2022-12-23 13:08:40,10,7,3863.5,3083
2022-12-23 13:08:41,11,-3,3863.75,3080
2022-12-23 13:08:42,20,13,3864.0,3093
2022-12-23 13:08:43,8,-8,3863.75,3085
2022-12-23 13:08:44,1,-1,3863.5,3084
2022-12-23 13:08:45,12,-4,3863.5,3080
2022-12-23 13:08:46,2,0,3863.75,3080
2022-12-23 13:08:48,7,-7,3863.75,3073
2022-12-23 13:08:49,12,-2,3863.75,3071
2022-12-23 13:08:50,13,-6,3863.5,3065
2022-12-23 13:08:51,38,-18,3863.25,3047
2022-12-23 13:08:52,17,9,3863.5,3056
2022-12-23 13:08:53,11,6,3863.5,3062
2022-12-23 13:08:54,16,-4,3863.75,3058
2022-12-23 13:08:55,1,-1,3863.5,3057
2022-12-23 13:08:57,38,-7,3863.75,3050
2022-12-23 13:08:58,7,5,3863.75,3055
2022-12-23 13:08:59,13,-12,3863.5,3043
2022-12-23 13:09:00,42,18,3864.25,3061
2022-12-23 13:09:01,12,0,3864.0,3061
2022-12-23 13:09:02,11,-4,3864.0,3057
2022-12-23 13:09:03,45,-8,3863.75,3049
2022-12-23 13:09:04,2,0,3863.5,3049
2022-12-23 13:09:05,13,-5,3863.5,3044
2022-12-23 13:09:07,24,10,3864.0,3054
2022-12-23 13:09:08,11,3,3864.0,3057
2022-12-23 13:09:09,12,-8,3863.75,3049
2022-12-23 13:09:10,28,-13,3863.5,3036
2022-12-23 13:09:11,12,1,3863.75,3037
2022-12-23 13:09:12,14,-7,3863.75,3030
2022-12-23 13:09:13,4,0,3863.75,3030
2022-12-23 13:09:14,11,3,3863.75,3033
2022-12-23 13:09:15,9,-7,3863.75,3026
2022-12-23 13:09:16,6,0,3863.75,3026
2022-12-23 13:09:17,23,0,3864.0,3026
2022-12-23 13:09:18,61,22,3864.25,3048
2022-12-23 13:09:19,2,2,3864.25,3050
2022-12-23 13:09:20,20,-13,3864.25,3037
2022-12-23 13:09:21,27,-7,3863.75,3030
2022-12-23 13:09:22,7,0,3863.75,3030
2022-12-23 13:09:23,7,6,3863.75,3036
2022-12-23 13:09:24,36,27,3864.5,3063
2022-12-23 13:09:25,59,22,3864.5,3085
2022-12-23 13:09:26,31,0,3864.5,3085
2022-12-23 13:09:27,6,1,3864.25,3086
2022-12-23 13:09:28,9,3,3864.25,3089
2022-12-23 13:09:29,2,-2,3864.25,3087
2022-12-23 13:09:30,8,4,3864.25,3091
2022-12-23 13:09:31,1,1,3864.25,3092
2022-12-23 13:09:32,14,9,3864.5,3101
2022-12-23 13:09:33,13,-3,3864.5,3098
2022-12-23 13:09:34,1,-1,3864.5,3097
2022-12-23 13:09:35,1,-1,3864.5,3096
2022-12-23 13:09:38,2,0,3864.75,3096
2022-12-23 13:09:39,25,-10,3864.5,3086
2022-12-23 13:09:40,17,-2,3864.5,3084
2022-12-23 13:09:41,2,0,3864.5,3084
2022-12-23 13:09:42,1,1,3864.5,3085
2022-12-23 13:09:43,4,1,3864.5,3086
2022-12-23 13:09:45,8,-6,3864.5,3080
2022-12-23 13:09:46,3,0,3864.5,3080
2022-12-23 13:09:48,17,3,3864.5,3083
2022-12-23 13:09:49,12,-8,3864.25,3075
2022-12-23 13:09:50,2,2,3864.25,3077
2022-12-23 13:09:51,22,-5,3864.25,3072
2022-12-23 13:09:52,2,-2,3864.25,3070
2022-12-23 13:09:54,14,-7,3864.25,3063
2022-12-23 13:09:55,18,6,3864.5,3069
2022-12-23 13:09:56,15,-7,3864.75,3062
2022-12-23 13:09:59,15,-3,3864.5,3059
2022-12-23 13:10:00,8,1,3864.5,3060
2022-12-23 13:10:01,8,5,3864.5,3065
2022-12-23 13:10:02,6,4,3864.75,3069
2022-12-23 13:10:03,29,-11,3864.5,3058
2022-12-23 13:10:04,97,21,3864.75,3079
2022-12-23 13:10:05,1,1,3864.5,3080
2022-12-23 13:10:06,1,1,3864.5,3081
2022-12-23 13:10:07,2,2,3864.5,3083
2022-12-23 13:10:08,2,1,3864.5,3084
2022-12-23 13:10:09,8,6,3864.5,3090
2022-12-23 13:10:10,16,2,3864.75,3092
2022-12-23 13:10:12,146,62,3865.25,3154
2022-12-23 13:10:13,27,4,3865.25,3158
2022-12-23 13:10:14,48,-15,3865.0,3143
2022-12-23 13:10:15,21,5,3865.0,3148
2022-12-23 13:10:17,12,7,3865.0,3155
2022-12-23 13:10:18,5,1,3865.25,3156
2022-12-23 13:10:19,19,7,3865.25,3163
2022-12-23 13:10:20,109,41,3865.5,3204
2022-12-23 13:10:21,30,-10,3865.5,3194
2022-12-23 13:10:22,2,0,3865.5,3194
2022-12-23 13:10:23,18,-7,3865.25,3187
2022-12-23 13:10:24,21,-12,3865.25,3175
2022-12-23 13:10:25,1,-1,3864.75,3174
2022-12-23 13:10:26,5,3,3865.0,3177
2022-12-23 13:10:27,84,-27,3865.0,3150
2022-12-23 13:10:28,78,78,3865.0,3228
2022-12-23 13:10:30,17,-5,3864.5,3223
2022-12-23 13:10:31,9,9,3864.5,3232
2022-12-23 13:10:32,11,-11,3864.5,3221
2022-12-23 13:10:33,5,-2,3864.75,3219
2022-12-23 13:10:34,9,-5,3864.75,3214
2022-12-23 13:10:35,1,1,3864.75,3215
2022-12-23 13:10:36,5,-4,3864.5,3211
2022-12-23 13:10:37,143,-85,3864.25,3126
2022-12-23 13:10:38,42,9,3864.25,3135
2022-12-23 13:10:39,4,-1,3864.25,3134
2022-12-23 13:10:40,36,5,3864.5,3139
2022-12-23 13:10:41,2,-2,3864.25,3137
2022-12-23 13:10:42,28,0,3864.25,3137
2022-12-23 13:10:43,4,-4,3864.25,3133
2022-12-23 13:10:44,5,-1,3864.25,3132
2022-12-23 13:10:45,143,109,3864.75,3241
2022-12-23 13:10:46,9,-7,3865.0,3234
2022-12-23 13:10:48,11,0,3864.5,3234
2022-12-23 13:10:49,2,-2,3864.5,3232
2022-12-23 13:10:50,28,6,3864.5,3238
2022-12-23 13:10:51,52,25,3865.0,3263
2022-12-23 13:10:52,2,-2,3864.75,3261
2022-12-23 13:10:53,11,-7,3864.5,3254
2022-12-23 13:10:54,18,8,3864.75,3262
2022-12-23 13:10:55,12,-11,3864.5,3251
2022-12-23 13:10:56,4,-4,3864.25,3247
2022-12-23 13:10:57,42,-12,3864.0,3235
2022-12-23 13:10:58,8,-4,3863.75,3231
2022-12-23 13:10:59,16,6,3864.0,3237
2022-12-23 13:11:00,34,2,3864.0,3239
2022-12-23 13:11:01,4,-4,3863.75,3235
2022-12-23 13:11:02,17,6,3863.75,3241
2022-12-23 13:11:04,4,-3,3863.75,3238
2022-12-23 13:11:05,30,7,3864.0,3245
2022-12-23 13:11:06,2,-2,3863.75,3243
2022-12-23 13:11:08,7,-7,3863.75,3236
2022-12-23 13:11:09,4,-2,3863.75,3234
2022-12-23 13:11:10,24,12,3863.75,3246
2022-12-23 13:11:11,24,-9,3863.75,3237
2022-12-23 13:11:12,53,-9,3863.5,3228
2022-12-23 13:11:13,14,0,3863.5,3228
2022-12-23 13:11:14,22,2,3863.5,3230
2022-12-23 13:11:15,2,-2,3863.25,3228
2022-12-23 13:11:16,18,7,3863.5,3235
2022-12-23 13:11:17,64,-11,3863.75,3224
2022-12-23 13:11:18,16,-8,3863.75,3216
2022-12-23 13:11:19,44,-14,3863.5,3202
2022-12-23 13:11:20,5,3,3863.5,3205
2022-12-23 13:11:21,4,-4,3863.5,3201
2022-12-23 13:11:22,9,5,3863.5,3206
2022-12-23 13:11:23,263,-81,3863.25,3125
2022-12-23 13:11:24,84,-29,3863.0,3096
2022-12-23 13:11:25,27,8,3862.75,3104
2022-12-23 13:11:26,8,-4,3862.75,3100
2022-12-23 13:11:27,17,5,3862.75,3105
2022-12-23 13:11:28,41,7,3863.0,3112
2022-12-23 13:11:29,27,1,3863.25,3113
2022-12-23 13:11:30,1,1,3863.25,3114
2022-12-23 13:11:31,38,-4,3863.25,3110
2022-12-23 13:11:32,3,3,3863.0,3113
2022-12-23 13:11:33,1,1,3863.0,3114
2022-12-23 13:11:35,5,-5,3862.75,3109
2022-12-23 13:11:36,10,6,3863.0,3115
2022-12-23 13:11:37,37,5,3863.25,3120
2022-12-23 13:11:38,6,0,3863.5,3120
2022-12-23 13:11:40,21,-1,3863.75,3119
2022-12-23 13:11:41,9,-3,3863.75,3116
2022-12-23 13:11:42,17,-4,3863.75,3112
2022-12-23 13:11:44,6,-6,3863.5,3106
2022-12-23 13:11:45,9,1,3863.5,3107
2022-12-23 13:11:46,3,1,3863.5,3108
2022-12-23 13:11:47,3,3,3863.5,3111
2022-12-23 13:11:48,2,2,3863.75,3113
2022-12-23 13:11:49,17,-8,3863.75,3105
2022-12-23 13:11:50,32,11,3864.0,3116
2022-12-23 13:11:51,19,13,3864.0,3129
2022-12-23 13:11:52,7,-7,3863.75,3122
2022-12-23 13:11:54,2,2,3863.75,3124
2022-12-23 13:11:55,8,0,3864.0,3124
2022-12-23 13:11:56,34,-26,3863.75,3098
2022-12-23 13:11:57,7,0,3863.75,3098
2022-12-23 13:11:59,2,2,3863.75,3100
2022-12-23 13:12:00,2,-2,3863.75,3098
2022-12-23 13:12:01,40,-1,3863.5,3097
2022-12-23 13:12:02,6,0,3863.5,3097
2022-12-23 13:12:03,14,0,3863.5,3097
2022-12-23 13:12:05,12,-5,3863.25,3092
2022-12-23 13:12:06,61,-27,3863.0,3065
2022-12-23 13:12:07,32,-1,3862.75,3064
2022-12-23 13:12:08,12,-8,3862.75,3056
2022-12-23 13:12:09,7,-7,3862.5,3049
2022-12-23 13:12:10,37,1,3862.5,3050
2022-12-23 13:12:11,27,-14,3862.5,3036
2022-12-23 13:12:12,27,0,3862.5,3036
2022-12-23 13:12:13,57,22,3862.75,3058
2022-12-23 13:12:14,70,11,3863.0,3069
2022-12-23 13:12:15,39,-8,3862.75,3061
2022-12-23 13:12:16,22,-10,3862.5,3051
2022-12-23 13:12:17,13,-3,3862.25,3048
2022-12-23 13:12:18,24,15,3862.75,3063
2022-12-23 13:12:19,51,-15,3863.0,3048
2022-12-23 13:12:20,2,2,3863.0,3050
2022-12-23 13:12:21,4,-2,3862.75,3048
2022-12-23 13:12:22,3,-3,3862.75,3045
2022-12-23 13:12:23,2,-2,3862.5,3043
2022-12-23 13:12:24,24,13,3863.0,3056
2022-12-23 13:12:25,16,2,3863.0,3058
2022-12-23 13:12:26,26,-7,3863.0,3051
2022-12-23 13:12:27,2,2,3863.0,3053
2022-12-23 13:12:28,54,5,3863.0,3058
2022-12-23 13:12:29,29,-8,3862.75,3050
2022-12-23 13:12:30,5,-1,3862.75,3049
2022-12-23 13:12:31,8,-6,3862.75,3043
2022-12-23 13:12:32,1,1,3862.5,3044
2022-12-23 13:12:33,2,2,3862.5,3046
2022-12-23 13:12:34,3,1,3862.75,3047
2022-12-23 13:12:35,1,1,3862.75,3048
2022-12-23 13:12:37,49,-25,3862.5,3023
2022-12-23 13:12:38,44,-16,3862.25,3007
2022-12-23 13:12:39,34,-8,3862.0,2999
2022-12-23 13:12:40,50,27,3862.25,3026
2022-12-23 13:12:41,24,-1,3862.25,3025
2022-12-23 13:12:42,21,9,3862.25,3034
2022-12-23 13:12:43,5,5,3862.25,3039
2022-12-23 13:12:44,12,-3,3862.5,3036
2022-12-23 13:12:45,54,-21,3862.0,3015
2022-12-23 13:12:46,87,-28,3861.75,2987
2022-12-23 13:12:47,8,-2,3861.5,2985
2022-12-23 13:12:48,18,-6,3861.25,2979
2022-12-23 13:12:49,13,7,3861.25,2986
2022-12-23 13:12:50,55,-1,3861.25,2985
2022-12-23 13:12:51,10,0,3861.5,2985
2022-12-23 13:12:52,9,-5,3861.25,2980
2022-12-23 13:12:53,36,-5,3861.5,2975
2022-12-23 13:12:54,6,6,3861.75,2981
2022-12-23 13:12:55,4,4,3861.75,2985
2022-12-23 13:12:56,27,8,3861.75,2993
2022-12-23 13:12:57,22,6,3862.0,2999
2022-12-23 13:12:58,29,5,3862.25,3004
2022-12-23 13:12:59,20,0,3862.25,3004
2022-12-23 13:13:00,29,8,3862.25,3012
2022-12-23 13:13:01,34,10,3862.5,3022
2022-12-23 13:13:02,17,9,3862.75,3031
2022-12-23 13:13:03,28,-13,3862.5,3018
2022-12-23 13:13:04,9,1,3862.5,3019
2022-12-23 13:13:05,2,0,3862.5,3019
2022-12-23 13:13:06,38,7,3862.5,3026
2022-12-23 13:13:07,25,10,3862.75,3036
2022-12-23 13:13:08,5,-5,3862.5,3031
2022-12-23 13:13:09,35,4,3862.5,3035
2022-12-23 13:13:10,26,-8,3862.5,3027
2022-12-23 13:13:11,1,-1,3862.0,3026
2022-12-23 13:13:12,16,-4,3862.5,3022
2022-12-23 13:13:13,14,-4,3862.25,3018
2022-12-23 13:13:14,6,0,3862.25,3018
2022-12-23 13:13:15,4,-2,3862.25,3016
2022-12-23 13:13:16,1,-1,3862.25,3015
2022-12-23 13:13:17,22,11,3862.5,3026
2022-12-23 13:13:18,63,-33,3862.5,2993
2022-12-23 13:13:19,55,-18,3862.25,2975
2022-12-23 13:13:20,2,-2,3861.75,2973
2022-12-23 13:13:21,18,-13,3861.75,2960
2022-12-23 13:13:23,1,1,3862.0,2961
2022-12-23 13:13:24,25,-7,3862.0,2954
2022-12-23 13:13:26,5,-1,3862.25,2953
2022-12-23 13:13:27,4,-4,3862.25,2949
2022-12-23 13:13:28,31,-6,3862.0,2943
2022-12-23 13:13:29,9,-7,3862.0,2936
2022-12-23 13:13:30,21,-5,3862.0,2931
2022-12-23 13:13:31,5,5,3862.0,2936
2022-12-23 13:13:32,18,-4,3861.75,2932
2022-12-23 13:13:33,10,2,3861.75,2934
2022-12-23 13:13:35,7,-6,3861.5,2928
2022-12-23 13:13:36,22,-3,3861.5,2925
2022-12-23 13:13:37,39,-5,3861.5,2920
2022-12-23 13:13:38,6,-1,3861.5,2919
2022-12-23 13:13:39,10,-7,3861.25,2912
2022-12-23 13:13:40,18,5,3861.5,2917
2022-12-23 13:13:41,34,-14,3861.25,2903
2022-12-23 13:13:42,47,-29,3861.0,2874
2022-12-23 13:13:43,26,-13,3860.75,2861
2022-12-23 13:13:44,74,-18,3861.0,2843
2022-12-23 13:13:45,67,-9,3861.0,2834
2022-12-23 13:13:46,27,-2,3860.75,2832
2022-12-23 13:13:47,20,-16,3860.75,2816
2022-12-23 13:13:48,46,-7,3860.75,2809
2022-12-23 13:13:49,48,-63,3860.25,2746
2022-12-23 13:13:50,86,21,3860.25,2767
2022-12-23 13:13:51,38,-6,3860.25,2761
2022-12-23 13:13:52,24,-5,3860.0,2756
2022-12-23 13:13:53,20,-15,3859.75,2741
2022-12-23 13:13:54,123,-56,3859.75,2685
2022-12-23 13:13:55,10,-3,3860.0,2682
2022-12-23 13:13:56,4,0,3860.0,2682
2022-12-23 13:13:57,31,3,3860.0,2685
2022-12-23 13:13:58,26,3,3860.0,2688
2022-12-23 13:13:59,30,4,3860.25,2692
2022-12-23 13:14:00,26,-6,3860.25,2686
2022-12-23 13:14:01,33,16,3860.5,2702
2022-12-23 13:14:02,11,-1,3860.5,2701
2022-12-23 13:14:03,16,-6,3860.25,2695
2022-12-23 13:14:04,19,-10,3860.25,2685
2022-12-23 13:14:05,19,1,3860.0,2686
2022-12-23 13:14:06,9,-1,3860.0,2685
2022-12-23 13:14:07,20,-6,3859.75,2679
2022-12-23 13:14:08,122,-57,3859.25,2622
2022-12-23 13:14:09,16,-10,3859.0,2612
2022-12-23 13:14:10,121,-45,3858.75,2567
2022-12-23 13:14:11,42,9,3858.5,2576
2022-12-23 13:14:12,40,12,3858.5,2588
2022-12-23 13:14:13,4,-2,3858.5,2586
2022-12-23 13:14:14,10,0,3858.5,2586
2022-12-23 13:14:15,5,-3,3858.5,2583
2022-12-23 13:14:16,53,-22,3858.25,2561
2022-12-23 13:14:17,58,3,3858.25,2564
2022-12-23 13:14:18,19,-11,3858.25,2553
2022-12-23 13:14:19,18,-15,3858.0,2538
2022-12-23 13:14:20,35,-11,3858.0,2527
2022-12-23 13:14:21,24,7,3858.25,2534
2022-12-23 13:14:23,32,1,3858.0,2535
2022-12-23 13:14:24,6,-3,3857.75,2532
2022-12-23 13:14:25,83,-50,3857.75,2482
2022-12-23 13:14:26,64,14,3857.5,2496
2022-12-23 13:14:27,67,10,3857.75,2506
2022-12-23 13:14:29,17,4,3857.75,2510
2022-12-23 13:14:30,7,-6,3857.5,2504
2022-12-23 13:14:31,32,-9,3857.5,2495
2022-12-23 13:14:32,22,8,3857.5,2503
2022-12-23 13:14:33,47,-2,3857.75,2501
2022-12-23 13:14:34,26,16,3858.0,2517
2022-12-23 13:14:35,20,-1,3858.0,2516
2022-12-23 13:14:36,120,31,3858.25,2547
2022-12-23 13:14:37,32,3,3858.25,2550
2022-12-23 13:14:38,19,12,3858.0,2562
2022-12-23 13:14:39,3,2,3858.0,2564
2022-12-23 13:14:40,58,27,3858.25,2591
2022-12-23 13:14:41,30,-2,3858.25,2589
2022-12-23 13:14:42,1,1,3858.25,2590
2022-12-23 13:14:43,30,1,3858.25,2591
2022-12-23 13:14:44,1,1,3858.25,2592
2022-12-23 13:14:45,11,-6,3858.25,2586
2022-12-23 13:14:46,34,-15,3858.0,2571
2022-12-23 13:14:47,9,3,3858.25,2574
2022-12-23 13:14:48,1,-1,3858.0,2573
2022-12-23 13:14:49,22,3,3858.25,2576
2022-12-23 13:14:51,28,0,3858.25,2576
2022-12-23 13:14:52,14,7,3858.75,2583
2022-12-23 13:14:53,47,-18,3858.25,2565
2022-12-23 13:14:54,24,-16,3857.75,2549
2022-12-23 13:14:55,1,-1,3857.25,2548
2022-12-23 13:14:56,18,3,3857.75,2551
2022-12-23 13:14:57,33,-1,3857.75,2550
2022-12-23 13:14:58,35,1,3857.75,2551
2022-12-23 13:14:59,68,-2,3857.5,2549
2022-12-23 13:15:00,88,-15,3857.25,2534
2022-12-23 13:15:01,38,-1,3857.5,2533
2022-12-23 13:15:02,51,-8,3857.75,2525
2022-12-23 13:15:03,89,-29,3857.75,2496
2022-12-23 13:15:04,4,4,3857.75,2500
2022-12-23 13:15:05,22,-1,3857.75,2499
2022-12-23 13:15:06,27,0,3858.0,2499
2022-12-23 13:15:07,56,3,3858.0,2502
2022-12-23 13:15:08,61,-2,3858.5,2500
2022-12-23 13:15:09,39,2,3858.5,2502
2022-12-23 13:15:10,22,-11,3858.0,2491
2022-12-23 13:15:11,18,6,3858.25,2497
2022-12-23 13:15:12,73,26,3858.75,2523
2022-12-23 13:15:13,39,4,3858.75,2527
2022-12-23 13:15:14,91,11,3859.25,2538
2022-12-23 13:15:15,42,22,3859.25,2560
2022-12-23 13:15:16,32,-3,3859.25,2557
2022-12-23 13:15:17,27,-6,3859.25,2551
2022-12-23 13:15:18,3,-3,3858.75,2548
2022-12-23 13:15:19,15,0,3859.0,2548
2022-12-23 13:15:20,35,-6,3858.75,2542
2022-12-23 13:15:21,28,-9,3858.75,2533
2022-12-23 13:15:22,33,-1,3858.5,2532
2022-12-23 13:15:23,17,6,3859.0,2538
2022-12-23 13:15:24,24,-4,3859.0,2534
2022-12-23 13:15:25,7,-7,3858.75,2527
2022-12-23 13:15:26,13,-5,3858.75,2522
2022-12-23 13:15:27,35,-8,3858.5,2514
2022-12-23 13:15:28,8,-1,3858.5,2513
2022-12-23 13:15:29,6,6,3858.5,2519
2022-12-23 13:15:30,7,-6,3858.5,2513
2022-12-23 13:15:31,5,-1,3858.5,2512
2022-12-23 13:15:32,1,-1,3858.25,2511
2022-12-23 13:15:33,16,-3,3858.5,2508
2022-12-23 13:15:34,5,-2,3858.5,2506
2022-12-23 13:15:36,22,-5,3858.75,2501
2022-12-23 13:15:38,4,0,3858.5,2501
2022-12-23 13:15:39,5,3,3858.5,2504
2022-12-23 13:15:40,3,3,3858.5,2507
2022-12-23 13:15:41,41,11,3858.75,2518
2022-12-23 13:15:42,1,-1,3858.5,2517
2022-12-23 13:15:43,33,-9,3858.5,2508
2022-12-23 13:15:44,20,-4,3858.75,2504
2022-12-23 13:15:46,128,40,3859.25,2544
2022-12-23 13:15:47,23,7,3859.25,2551
2022-12-23 13:15:48,48,14,3859.75,2565
2022-12-23 13:15:49,14,-12,3859.5,2553
2022-12-23 13:15:50,9,3,3859.5,2556
2022-12-23 13:15:51,36,18,3859.75,2574
2022-12-23 13:15:52,51,-24,3859.75,2550
2022-12-23 13:15:53,15,-7,3859.75,2543
2022-12-23 13:15:54,7,3,3859.5,2546
2022-12-23 13:15:55,1,-1,3859.5,2545
2022-12-23 13:15:56,26,17,3860.0,2562
2022-12-23 13:15:57,80,24,3860.25,2586
2022-12-23 13:15:58,96,9,3861.0,2595
2022-12-23 13:15:59,30,-8,3860.5,2587
2022-12-23 13:16:00,39,13,3860.5,2600
2022-12-23 13:16:01,55,-11,3860.75,2589
2022-12-23 13:16:02,38,6,3860.75,2595
2022-12-23 13:16:03,44,18,3861.25,2613
2022-12-23 13:16:04,40,-3,3861.5,2610
2022-12-23 13:16:05,31,11,3861.5,2621
2022-12-23 13:16:06,14,-6,3861.5,2615
2022-12-23 13:16:07,22,-5,3861.25,2610
2022-12-23 13:16:08,52,-30,3861.25,2580
2022-12-23 13:16:09,21,-8,3860.5,2572
2022-12-23 13:16:10,27,3,3860.5,2575
2022-12-23 13:16:11,42,-24,3860.25,2551
2022-12-23 13:16:12,72,-4,3860.0,2547
2022-12-23 13:16:13,41,6,3859.75,2553
2022-12-23 13:16:14,29,5,3859.75,2558
2022-12-23 13:16:15,5,1,3860.0,2559
2022-12-23 13:16:16,3,-3,3859.75,2556
2022-12-23 13:16:17,65,15,3860.5,2571
2022-12-23 13:16:18,7,0,3860.5,2571
2022-12-23 13:16:19,16,7,3860.75,2578
2022-12-23 13:16:20,8,-8,3860.5,2570
2022-12-23 13:16:21,8,-1,3860.5,2569
2022-12-23 13:16:22,10,2,3860.75,2571
2022-12-23 13:16:23,3,1,3861.0,2572
2022-12-23 13:16:24,14,-2,3861.0,2570
2022-12-23 13:16:25,7,6,3861.0,2576
2022-12-23 13:16:26,11,8,3861.25,2584
2022-12-23 13:16:27,3,2,3861.5,2586
2022-12-23 13:16:28,158,44,3862.25,2630
2022-12-23 13:16:29,416,84,3863.5,2714
2022-12-23 13:16:30,76,-6,3863.0,2708
2022-12-23 13:16:31,38,11,3862.75,2719
2022-12-23 13:16:32,30,17,3863.0,2736
2022-12-23 13:16:33,21,-8,3862.75,2728
2022-12-23 13:16:34,42,3,3862.75,2731
2022-12-23 13:16:35,13,-12,3862.5,2719
2022-12-23 13:16:36,6,1,3862.5,2720
2022-12-23 13:16:37,23,5,3862.5,2725
2022-12-23 13:16:38,23,-14,3862.5,2711
2022-12-23 13:16:39,48,8,3862.25,2719
2022-12-23 13:16:40,26,-11,3862.0,2708
2022-12-23 13:16:41,6,6,3862.0,2714
2022-12-23 13:16:42,21,8,3862.25,2722
2022-12-23 13:16:43,37,3,3862.25,2725
2022-12-23 13:16:44,23,9,3862.5,2734
2022-12-23 13:16:45,46,16,3862.5,2750
2022-12-23 13:16:46,81,-9,3862.5,2741
2022-12-23 13:16:47,4,2,3862.0,2743
2022-12-23 13:16:48,32,-2,3862.0,2741
2022-12-23 13:16:49,7,3,3862.25,2744
2022-12-23 13:16:50,11,-6,3862.25,2738
2022-12-23 13:16:51,27,0,3862.0,2738
2022-12-23 13:16:52,499,-218,3861.75,2520
2022-12-23 13:16:53,22,-11,3861.75,2509
2022-12-23 13:16:54,2,0,3861.75,2509
2022-12-23 13:16:55,36,-5,3861.5,2504
2022-12-23 13:16:56,2,-2,3861.25,2502
2022-12-23 13:16:58,32,-10,3861.5,2492
2022-12-23 13:16:59,7,1,3861.5,2493
2022-12-23 13:17:00,7,3,3861.5,2496
2022-12-23 13:17:01,10,-2,3861.5,2494
2022-12-23 13:17:02,51,12,3862.0,2506
2022-12-23 13:17:03,14,-4,3862.25,2502
2022-12-23 13:17:04,1,1,3862.0,2503
2022-12-23 13:17:05,22,-4,3861.75,2499
2022-12-23 13:17:07,28,2,3861.75,2501
2022-12-23 13:17:08,22,-2,3861.5,2499
2022-12-23 13:17:09,81,-13,3861.25,2486
2022-12-23 13:17:10,67,10,3861.0,2496
2022-12-23 13:17:11,57,8,3861.0,2504
2022-12-23 13:17:12,76,-42,3861.0,2462
2022-12-23 13:17:13,13,2,3861.0,2464
2022-12-23 13:17:14,5,-1,3861.0,2463
2022-12-23 13:17:15,41,9,3861.0,2472
2022-12-23 13:17:17,29,8,3861.25,2480
2022-12-23 13:17:18,23,-4,3861.25,2476
2022-12-23 13:17:19,17,-7,3861.0,2469
2022-12-23 13:17:20,34,-7,3861.25,2462
2022-12-23 13:17:21,10,-4,3861.5,2458
2022-12-23 13:17:22,14,2,3861.25,2460
2022-12-23 13:17:23,19,-4,3861.0,2456
2022-12-23 13:17:24,36,10,3861.0,2466
2022-12-23 13:17:27,20,5,3861.25,2471
2022-12-23 13:17:28,1,-1,3861.25,2470
2022-12-23 13:17:31,35,21,3862.0,2491
2022-12-23 13:17:33,3,1,3862.0,2492
2022-12-23 13:17:34,32,9,3862.0,2501
2022-12-23 13:17:35,9,-3,3862.25,2498
2022-12-23 13:17:36,21,5,3862.25,2503
2022-12-23 13:17:37,4,2,3862.25,2505
2022-12-23 13:17:38,62,12,3862.5,2517
2022-12-23 13:17:39,10,7,3862.5,2524
2022-12-23 13:17:40,72,65,3863.25,2589
2022-12-23 13:17:41,9,5,3863.0,2594
2022-12-23 13:17:42,24,-11,3863.0,2583
2022-12-23 13:17:43,40,10,3862.75,2593
2022-12-23 13:17:44,24,-2,3863.0,2591
2022-12-23 13:17:45,17,-12,3862.5,2579
2022-12-23 13:17:46,3,0,3862.5,2579
2022-12-23 13:17:47,5,4,3862.5,2583
2022-12-23 13:17:48,15,-6,3862.25,2577
2022-12-23 13:17:49,28,3,3862.25,2580
2022-12-23 13:17:51,15,0,3862.0,2580
2022-12-23 13:17:52,5,5,3862.25,2585
2022-12-23 13:17:53,22,12,3862.25,2597
2022-12-23 13:17:54,13,1,3862.25,2598
2022-12-23 13:17:55,4,-2,3862.25,2596
2022-12-23 13:17:56,20,4,3862.5,2600
2022-12-23 13:17:57,4,-4,3862.5,2596
2022-12-23 13:17:58,10,-2,3862.5,2594
2022-12-23 13:17:59,1,1,3862.5,2595
2022-12-23 13:18:00,1,1,3862.75,2596
2022-12-23 13:18:01,2,-2,3862.5,2594
2022-12-23 13:18:02,32,13,3863.0,2607
2022-12-23 13:18:03,27,-6,3863.0,2601
2022-12-23 13:18:04,36,0,3862.75,2601
2022-12-23 13:18:05,16,-3,3862.75,2598
2022-12-23 13:18:06,17,-2,3862.5,2596
2022-12-23 13:18:07,12,6,3862.75,2602
2022-12-23 13:18:08,26,-2,3862.5,2600
2022-12-23 13:18:09,46,-3,3862.25,2597
2022-12-23 13:18:10,37,-1,3862.5,2596
2022-12-23 13:18:11,1,1,3862.25,2597
2022-12-23 13:18:12,20,1,3862.0,2598
2022-12-23 13:18:13,2,0,3862.0,2598
2022-12-23 13:18:14,23,-7,3862.25,2591
2022-12-23 13:18:15,27,-11,3862.5,2580
2022-12-23 13:18:16,1,1,3862.5,2581
2022-12-23 13:18:17,3,-1,3862.5,2580
2022-12-23 13:18:18,15,11,3862.5,2591
2022-12-23 13:18:20,19,-11,3862.25,2580
2022-12-23 13:18:21,4,4,3862.25,2584
2022-12-23 13:18:22,12,-5,3862.25,2579
2022-12-23 13:18:23,8,1,3862.0,2580
2022-12-23 13:18:24,37,19,3862.5,2599
2022-12-23 13:18:25,24,-5,3862.25,2594
2022-12-23 13:18:26,21,0,3862.0,2594
2022-12-23 13:18:27,31,14,3862.5,2608
2022-12-23 13:18:28,3,-1,3862.5,2607
2022-12-23 13:18:29,7,2,3862.5,2609
2022-12-23 13:18:30,8,5,3862.5,2614
2022-12-23 13:18:32,25,-1,3862.75,2613
2022-12-23 13:18:33,4,3,3862.75,2616
2022-12-23 13:18:34,29,7,3862.75,2623
2022-12-23 13:18:35,6,4,3862.75,2627
2022-12-23 13:18:36,4,-4,3862.75,2623
2022-12-23 13:18:37,7,-1,3862.5,2622
2022-12-23 13:18:38,3,-2,3862.5,2620
2022-12-23 13:18:39,5,-3,3862.5,2617
2022-12-23 13:18:40,14,3,3862.25,2620
2022-12-23 13:18:41,5,3,3862.25,2623
2022-12-23 13:18:43,54,-24,3862.25,2599
2022-12-23 13:18:44,3,-1,3862.5,2598
2022-12-23 13:18:45,47,-18,3862.0,2580
2022-12-23 13:18:46,45,0,3861.75,2580
2022-12-23 13:18:47,8,8,3861.75,2588
2022-12-23 13:18:48,27,-5,3861.75,2583
2022-12-23 13:18:49,10,-5,3862.0,2578
2022-12-23 13:18:50,35,10,3862.0,2588
2022-12-23 13:18:51,40,-19,3862.0,2569
2022-12-23 13:18:52,47,-18,3861.5,2551
2022-12-23 13:18:53,20,5,3861.25,2556
2022-12-23 13:18:54,26,-3,3861.25,2553
2022-12-23 13:18:55,6,3,3861.25,2556
2022-12-23 13:18:56,15,1,3861.25,2557
2022-12-23 13:18:57,37,-10,3861.5,2547
2022-12-23 13:18:58,18,17,3862.0,2564
2022-12-23 13:18:59,11,-5,3862.25,2559
2022-12-23 13:19:00,28,3,3862.25,2562
2022-12-23 13:19:01,5,5,3862.25,2567
2022-12-23 13:19:02,20,2,3862.25,2569
2022-12-23 13:19:03,4,-4,3862.0,2565
2022-12-23 13:19:05,14,-4,3862.25,2561
2022-12-23 13:19:06,31,-4,3862.25,2557
2022-12-23 13:19:08,5,2,3862.0,2559
2022-12-23 13:19:09,13,1,3862.0,2560
2022-12-23 13:19:10,2,0,3862.0,2560
2022-12-23 13:19:11,2,-2,3862.0,2558
2022-12-23 13:19:12,40,-22,3861.75,2536
2022-12-23 13:19:13,3,0,3861.5,2536
2022-12-23 13:19:14,7,5,3861.5,2541
2022-12-23 13:19:15,24,0,3861.25,2541
2022-12-23 13:19:16,28,-6,3860.75,2535
2022-12-23 13:19:17,59,-10,3861.0,2525
2022-12-23 13:19:18,52,-8,3860.5,2517
2022-12-23 13:19:19,10,1,3860.5,2518
2022-12-23 13:19:20,9,2,3860.75,2520
2022-12-23 13:19:21,24,4,3861.0,2524
2022-12-23 13:19:22,1,-1,3861.0,2523
2022-12-23 13:19:23,6,5,3861.25,2528
2022-12-23 13:19:24,30,0,3861.5,2528
2022-12-23 13:19:25,30,-8,3861.75,2520
2022-12-23 13:19:26,33,38,3861.75,2558
2022-12-23 13:19:27,28,-7,3861.75,2551
2022-12-23 13:19:28,2,-2,3861.5,2549
2022-12-23 13:19:30,15,-8,3861.5,2541
2022-12-23 13:19:31,1,-1,3861.25,2540
2022-12-23 13:19:32,19,2,3861.5,2542
2022-12-23 13:19:34,20,5,3861.5,2547
2022-12-23 13:19:35,5,3,3861.5,2550
2022-12-23 13:19:36,2,2,3861.5,2552
2022-12-23 13:19:37,1,-1,3861.5,2551
2022-12-23 13:19:38,10,-7,3861.5,2544
2022-12-23 13:19:39,7,2,3861.25,2546
2022-12-23 13:19:40,34,-44,3861.25,2502
2022-12-23 13:19:41,38,14,3861.0,2516
2022-12-23 13:19:42,8,-1,3861.25,2515
2022-12-23 13:19:43,6,0,3861.0,2515
2022-12-23 13:19:44,2,0,3861.0,2515
2022-12-23 13:19:45,14,1,3861.0,2516
2022-12-23 13:19:46,8,2,3861.0,2518
2022-12-23 13:19:47,2,2,3861.25,2520
2022-12-23 13:19:48,5,-1,3861.25,2519
2022-12-23 13:19:49,21,3,3861.25,2522
2022-12-23 13:19:50,25,-6,3861.25,2516
2022-12-23 13:19:51,24,-3,3861.5,2513
2022-12-23 13:19:52,12,6,3861.5,2519
2022-12-23 13:19:53,15,9,3862.0,2528
2022-12-23 13:19:54,29,-7,3862.0,2521
2022-12-23 13:19:55,8,1,3862.0,2522
2022-12-23 13:19:56,10,0,3861.75,2522
2022-12-23 13:19:57,4,-1,3861.75,2521
2022-12-23 13:19:58,3,1,3861.75,2522
2022-12-23 13:20:00,26,8,3862.5,2530
2022-12-23 13:20:02,1,-1,3862.0,2529
2022-12-23 13:20:03,25,4,3862.25,2533
2022-12-23 13:20:04,10,4,3862.25,2537
2022-12-23 13:20:05,17,5,3862.5,2542
2022-12-23 13:20:06,37,4,3862.75,2546
2022-12-23 13:20:07,48,7,3863.0,2553
2022-12-23 13:20:08,92,17,3863.25,2570
2022-12-23 13:20:09,26,4,3863.25,2574
2022-12-23 13:20:10,72,36,3863.5,2610
2022-12-23 13:20:11,38,1,3863.25,2611
2022-12-23 13:20:12,30,-18,3863.0,2593
2022-12-23 13:20:13,35,-6,3863.25,2587
2022-12-23 13:20:14,5,3,3863.25,2590
2022-12-23 13:20:15,29,3,3863.5,2593
2022-12-23 13:20:16,44,10,3863.25,2603
2022-12-23 13:20:17,25,-5,3863.0,2598
2022-12-23 13:20:18,7,1,3863.25,2599
2022-12-23 13:20:19,8,6,3863.25,2605
2022-12-23 13:20:20,2,-2,3863.25,2603
2022-12-23 13:20:21,13,-9,3863.25,2594
2022-12-23 13:20:22,136,22,3863.5,2616
2022-12-23 13:20:23,251,-37,3863.25,2579
2022-12-23 13:20:24,3,-3,3862.75,2576
2022-12-23 13:20:25,37,-14,3862.75,2562
2022-12-23 13:20:27,6,1,3863.0,2563
2022-12-23 13:20:28,23,15,3863.25,2578
2022-12-23 13:20:29,58,13,3863.25,2591
2022-12-23 13:20:30,2,-1,3863.0,2590
2022-12-23 13:20:31,6,-6,3863.0,2584
2022-12-23 13:20:33,23,3,3863.0,2587
2022-12-23 13:20:34,29,14,3863.0,2601
2022-12-23 13:20:35,41,17,3863.5,2618
2022-12-23 13:20:36,26,9,3863.75,2627
2022-12-23 13:20:37,8,-3,3863.75,2624
2022-12-23 13:20:38,14,-8,3863.75,2616
2022-12-23 13:20:39,22,20,3863.75,2636
2022-12-23 13:20:40,3,1,3863.75,2637
2022-12-23 13:20:41,49,-26,3863.5,2611
2022-12-23 13:20:42,5,3,3863.25,2614
2022-12-23 13:20:43,20,14,3863.25,2628
2022-12-23 13:20:44,9,-6,3863.25,2622
2022-12-23 13:20:45,5,-5,3863.25,2617
2022-12-23 13:20:46,37,-8,3863.0,2609
2022-12-23 13:20:47,9,-6,3863.0,2603
2022-12-23 13:20:48,66,17,3863.75,2620
2022-12-23 13:20:49,16,-2,3863.75,2618
2022-12-23 13:20:50,36,-11,3863.25,2607
2022-12-23 13:20:51,12,3,3863.5,2610
2022-12-23 13:20:52,14,0,3863.5,2610
2022-12-23 13:20:53,12,6,3863.5,2616
2022-12-23 13:20:54,6,-5,3863.5,2611
2022-12-23 13:20:55,7,5,3863.75,2616
2022-12-23 13:20:56,51,32,3864.0,2648
2022-12-23 13:20:57,34,10,3864.0,2658
2022-12-23 13:20:58,19,3,3864.0,2661
2022-12-23 13:20:59,9,7,3864.25,2668
2022-12-23 13:21:00,55,-12,3864.25,2656
2022-12-23 13:21:01,55,47,3864.25,2703
2022-12-23 13:21:02,4,2,3864.25,2705
2022-12-23 13:21:03,9,1,3864.25,2706
2022-12-23 13:21:04,6,-4,3864.25,2702
2022-12-23 13:21:05,41,1,3864.0,2703
2022-12-23 13:21:07,8,-4,3863.75,2699
2022-12-23 13:21:08,2,2,3863.75,2701
2022-12-23 13:21:09,47,9,3863.75,2710
2022-12-23 13:21:10,1,1,3863.75,2711
2022-12-23 13:21:11,9,-3,3863.75,2708
2022-12-23 13:21:12,2,-2,3863.5,2706
2022-12-23 13:21:13,5,-3,3863.75,2703
2022-12-23 13:21:14,38,-20,3863.5,2683
2022-12-23 13:21:15,13,1,3863.5,2684
2022-12-23 13:21:16,4,-2,3863.5,2682
2022-12-23 13:21:17,18,-14,3863.0,2668
2022-12-23 13:21:18,11,9,3863.0,2677
2022-12-23 13:21:19,17,-3,3863.25,2674
2022-12-23 13:21:20,14,6,3863.25,2680
2022-12-23 13:21:21,1,-1,3863.25,2679
2022-12-23 13:21:24,4,3,3863.5,2682
2022-12-23 13:21:25,10,-4,3863.25,2678
2022-12-23 13:21:26,13,7,3863.5,2685
2022-12-23 13:21:27,6,-5,3863.25,2680
2022-12-23 13:21:28,24,11,3863.25,2691
2022-12-23 13:21:30,13,-1,3863.25,2690
2022-12-23 13:21:31,11,-3,3863.25,2687
2022-12-23 13:21:32,1,-1,3863.0,2686
2022-12-23 13:21:33,8,4,3863.25,2690
2022-12-23 13:21:35,2,-1,3863.0,2689
2022-12-23 13:21:36,65,-32,3863.0,2657
2022-12-23 13:21:37,6,-4,3862.75,2653
2022-12-23 13:21:38,41,1,3862.75,2654
2022-12-23 13:21:39,20,-6,3862.5,2648
2022-12-23 13:21:40,18,-9,3862.5,2639
2022-12-23 13:21:41,10,9,3862.75,2648
2022-12-23 13:21:42,15,-7,3862.75,2641
2022-12-23 13:21:43,14,-10,3862.25,2631
2022-12-23 13:21:44,24,-10,3862.0,2621
2022-12-23 13:21:45,11,6,3862.25,2627
2022-12-23 13:21:46,18,5,3862.5,2632
2022-12-23 13:21:47,13,-8,3862.5,2624
2022-12-23 13:21:48,8,-1,3862.25,2623
2022-12-23 13:21:49,2,-2,3862.25,2621
2022-12-23 13:21:50,64,-7,3862.0,2614
2022-12-23 13:21:51,30,14,3862.25,2628
2022-12-23 13:21:52,3,-1,3862.25,2627
2022-12-23 13:21:53,2,-2,3862.0,2625
2022-12-23 13:21:54,5,4,3862.25,2629
2022-12-23 13:21:55,1,-1,3862.25,2628
2022-12-23 13:21:56,21,16,3862.75,2644
2022-12-23 13:21:57,2,2,3862.75,2646
2022-12-23 13:21:58,11,-4,3862.5,2642
2022-12-23 13:21:59,8,6,3862.75,2648
2022-12-23 13:22:00,37,-12,3863.0,2636
2022-12-23 13:22:01,18,5,3862.5,2641
2022-12-23 13:22:02,60,11,3862.75,2652
2022-12-23 13:22:04,21,10,3862.75,2662
2022-12-23 13:22:05,29,-7,3862.5,2655
2022-12-23 13:22:07,5,4,3862.5,2659
2022-12-23 13:22:08,8,-8,3862.5,2651
2022-12-23 13:22:10,8,4,3862.5,2655
2022-12-23 13:22:11,4,-2,3862.5,2653
2022-12-23 13:22:12,9,0,3862.5,2653
2022-12-23 13:22:14,7,-1,3862.75,2652
2022-12-23 13:22:15,1,1,3862.75,2653
2022-12-23 13:22:16,53,9,3863.0,2662
2022-12-23 13:22:17,12,1,3862.75,2663
2022-12-23 13:22:18,12,-1,3862.75,2662
2022-12-23 13:22:19,3,0,3862.75,2662
2022-12-23 13:22:20,26,-1,3862.75,2661
2022-12-23 13:22:21,8,0,3862.75,2661
2022-12-23 13:22:22,16,-13,3862.75,2648
2022-12-23 13:22:23,16,1,3862.5,2649
2022-12-23 13:22:24,7,-7,3862.25,2642
2022-12-23 13:22:25,10,1,3862.25,2643
2022-12-23 13:22:26,13,-5,3862.25,2638
2022-12-23 13:22:27,41,-5,3862.5,2633
2022-12-23 13:22:28,12,0,3862.5,2633
2022-12-23 13:22:29,15,-8,3862.5,2625
2022-12-23 13:22:31,12,6,3862.5,2631
2022-12-23 13:22:32,6,1,3862.5,2632
2022-12-23 13:22:33,6,1,3862.5,2633
2022-12-23 13:22:34,23,-14,3862.5,2619
2022-12-23 13:22:35,9,7,3862.5,2626
2022-12-23 13:22:36,64,24,3862.75,2650
2022-12-23 13:22:37,482,10,3862.75,2660
2022-12-23 13:22:38,64,28,3862.75,2688
2022-12-23 13:22:39,70,52,3863.0,2740
2022-12-23 13:22:40,24,-7,3863.0,2733
2022-12-23 13:22:41,26,-17,3862.75,2716
2022-12-23 13:22:42,55,-12,3862.5,2704
2022-12-23 13:22:43,16,2,3862.5,2706
2022-12-23 13:22:44,23,0,3862.25,2706
2022-12-23 13:22:45,6,4,3862.25,2710
2022-12-23 13:22:46,4,4,3862.25,2714
2022-12-23 13:22:47,1,-1,3862.25,2713
2022-12-23 13:22:48,51,21,3862.75,2734
2022-12-23 13:22:49,42,-12,3862.5,2722
2022-12-23 13:22:51,3,0,3862.5,2722
2022-12-23 13:22:53,20,3,3862.25,2725
2022-12-23 13:22:55,34,9,3862.5,2734
2022-12-23 13:22:58,18,10,3862.5,2744
2022-12-23 13:22:59,4,0,3862.5,2744
2022-12-23 13:23:00,95,-34,3862.5,2710
2022-12-23 13:23:01,54,0,3862.0,2710
2022-12-23 13:23:02,27,-13,3861.75,2697
2022-12-23 13:23:03,1,-1,3861.75,2696
2022-12-23 13:23:04,3,-3,3861.75,2693
2022-12-23 13:23:05,25,1,3861.75,2694
2022-12-23 13:23:06,70,20,3862.25,2714
2022-12-23 13:23:07,36,-24,3861.75,2690
2022-12-23 13:23:08,34,-16,3861.25,2674
2022-12-23 13:23:09,14,-13,3861.25,2661
2022-12-23 13:23:10,17,8,3861.5,2669
2022-12-23 13:23:11,7,-1,3861.5,2668
2022-12-23 13:23:12,1,-1,3861.25,2667
2022-12-23 13:23:13,29,-9,3861.25,2658
2022-12-23 13:23:14,13,7,3861.25,2665
2022-12-23 13:23:15,29,-4,3861.25,2661
2022-12-23 13:23:16,23,-17,3860.75,2644
2022-12-23 13:23:17,53,4,3860.75,2648
2022-12-23 13:23:18,18,-2,3860.75,2646
2022-12-23 13:23:19,7,0,3860.75,2646
2022-12-23 13:23:20,1,1,3860.75,2647
2022-12-23 13:23:21,9,0,3860.75,2647
2022-12-23 13:23:22,14,6,3861.0,2653
2022-12-23 13:23:23,16,-1,3861.0,2652
2022-12-23 13:23:24,2,-1,3860.75,2651
2022-12-23 13:23:25,10,-2,3860.75,2649
2022-12-23 13:23:26,6,-6,3860.75,2643
2022-12-23 13:23:27,40,-6,3860.5,2637
2022-12-23 13:23:28,11,-8,3860.5,2629
2022-12-23 13:23:29,17,3,3860.5,2632
2022-12-23 13:23:30,35,5,3860.75,2637
2022-12-23 13:23:31,5,5,3861.0,2642
2022-12-23 13:23:32,24,7,3861.0,2649
2022-12-23 13:23:33,33,23,3861.25,2672
2022-12-23 13:23:34,68,16,3861.75,2688
2022-12-23 13:23:35,2,-2,3861.5,2686
2022-12-23 13:23:36,34,-29,3861.5,2657
2022-12-23 13:23:37,5,-3,3861.5,2654
2022-12-23 13:23:38,11,-3,3861.75,2651
2022-12-23 13:23:39,13,12,3862.0,2663
2022-12-23 13:23:40,38,-17,3862.0,2646
2022-12-23 13:23:41,1,-1,3861.75,2645
2022-12-23 13:23:43,26,-5,3862.0,2640
2022-12-23 13:23:44,3,1,3862.0,2641
2022-12-23 13:23:45,4,1,3862.0,2642
2022-12-23 13:23:46,26,0,3862.0,2642
2022-12-23 13:23:47,26,-11,3862.0,2631
2022-12-23 13:23:48,9,3,3862.0,2634
2022-12-23 13:23:50,22,-10,3861.75,2624
2022-12-23 13:23:51,1,1,3861.75,2625
2022-12-23 13:23:53,24,13,3861.75,2638
2022-12-23 13:23:54,22,14,3862.0,2652
2022-12-23 13:23:55,27,10,3862.5,2662
2022-12-23 13:23:56,12,-8,3862.0,2654
2022-12-23 13:23:57,3,3,3862.0,2657
2022-12-23 13:23:58,78,-16,3862.0,2641
2022-12-23 13:23:59,9,2,3861.5,2643
2022-12-23 13:24:00,38,-7,3861.25,2636
2022-12-23 13:24:01,28,18,3861.5,2654
2022-12-23 13:24:03,18,4,3861.75,2658
2022-12-23 13:24:05,47,0,3862.0,2658
2022-12-23 13:24:06,29,8,3861.75,2666
2022-12-23 13:24:07,8,-2,3861.75,2664
2022-12-23 13:24:08,43,-3,3861.5,2661
2022-12-23 13:24:09,2,-2,3861.25,2659
2022-12-23 13:24:10,39,-6,3861.0,2653
2022-12-23 13:24:11,15,-4,3860.75,2649
2022-12-23 13:24:12,36,-1,3860.5,2648
2022-12-23 13:24:13,2,0,3860.5,2648
2022-12-23 13:24:14,17,12,3860.75,2660
2022-12-23 13:24:15,21,-5,3860.75,2655
2022-12-23 13:24:16,22,9,3860.75,2664
2022-12-23 13:24:17,7,5,3861.0,2669
2022-12-23 13:24:18,5,-4,3861.0,2665
2022-12-23 13:24:19,18,3,3861.0,2668
2022-12-23 13:24:20,24,8,3861.25,2676
2022-12-23 13:24:21,20,-9,3861.25,2667
2022-12-23 13:24:22,4,2,3861.25,2669
2022-12-23 13:24:26,26,-4,3861.25,2665
2022-12-23 13:24:27,13,12,3861.5,2677
2022-12-23 13:24:29,11,7,3861.75,2684
2022-12-23 13:24:30,30,5,3862.25,2689
2022-12-23 13:24:31,41,20,3862.25,2709
2022-12-23 13:24:32,4,4,3862.25,2713
2022-12-23 13:24:33,46,-19,3862.0,2694
2022-12-23 13:24:34,21,-3,3862.25,2691
2022-12-23 13:24:35,5,2,3862.25,2693
2022-12-23 13:24:36,13,-9,3862.25,2684
2022-12-23 13:24:37,15,-5,3862.0,2679
2022-12-23 13:24:38,24,6,3862.25,2685
2022-12-23 13:24:39,3,1,3862.25,2686
2022-12-23 13:24:41,6,-6,3862.25,2680
2022-12-23 13:24:42,3,1,3862.25,2681
2022-12-23 13:24:44,6,6,3862.25,2687
2022-12-23 13:24:45,3,3,3862.25,2690
2022-12-23 13:24:46,14,-2,3862.25,2688
2022-12-23 13:24:47,10,-5,3862.25,2683
2022-12-23 13:24:48,386,-84,3862.25,2599
2022-12-23 13:24:50,21,-12,3861.5,2587
2022-12-23 13:24:51,33,-17,3861.25,2570
2022-12-23 13:24:52,27,-1,3861.0,2569
2022-12-23 13:24:53,9,1,3861.0,2570
2022-12-23 13:24:56,18,-8,3860.75,2562
2022-12-23 13:24:58,17,13,3861.0,2575
2022-12-23 13:25:00,32,-15,3861.0,2560
2022-12-23 13:25:01,17,11,3861.0,2571
2022-12-23 13:25:02,19,-7,3861.0,2564
2022-12-23 13:25:03,17,-1,3861.0,2563
2022-12-23 13:25:05,1,-1,3861.0,2562
2022-12-23 13:25:06,38,-5,3861.25,2557
2022-12-23 13:25:07,1,1,3861.0,2558
2022-12-23 13:25:08,18,2,3861.0,2560
2022-12-23 13:25:09,2,-2,3861.0,2558
2022-12-23 13:25:11,24,-2,3861.0,2556
2022-12-23 13:25:12,4,-3,3860.5,2553
2022-12-23 13:25:13,19,-12,3860.5,2541
2022-12-23 13:25:14,31,-7,3860.75,2534
2022-12-23 13:25:15,18,8,3861.0,2542
2022-12-23 13:25:16,26,-4,3861.0,2538
2022-12-23 13:25:17,8,2,3861.0,2540
2022-12-23 13:25:18,34,-6,3861.0,2534
2022-12-23 13:25:19,7,-3,3860.75,2531
2022-12-23 13:25:20,18,-4,3860.5,2527
2022-12-23 13:25:21,40,-23,3860.25,2504
2022-12-23 13:25:22,33,13,3860.75,2517
2022-12-23 13:25:23,32,-12,3860.75,2505
2022-12-23 13:25:26,15,-1,3860.25,2504
2022-12-23 13:25:27,36,-24,3860.25,2480
2022-12-23 13:25:28,7,-2,3860.25,2478
2022-12-23 13:25:29,17,-6,3860.25,2472
2022-12-23 13:25:30,2,0,3860.25,2472
2022-12-23 13:25:32,11,8,3860.25,2480
2022-12-23 13:25:33,35,-23,3860.25,2457
2022-12-23 13:25:34,25,5,3860.25,2462
2022-12-23 13:25:35,41,8,3860.5,2470
2022-12-23 13:25:36,8,-2,3860.5,2468
2022-12-23 13:25:37,9,-3,3860.5,2465
2022-12-23 13:25:38,12,3,3860.75,2468
2022-12-23 13:25:39,2,-2,3860.5,2466
2022-12-23 13:25:41,16,-1,3860.5,2465
2022-12-23 13:25:43,20,-12,3860.5,2453
2022-12-23 13:25:44,14,3,3860.5,2456
2022-12-23 13:25:45,9,-8,3860.5,2448
2022-12-23 13:25:46,4,-2,3860.5,2446
2022-12-23 13:25:48,8,0,3860.5,2446
2022-12-23 13:25:49,6,2,3860.75,2448
2022-12-23 13:25:50,26,-8,3860.75,2440
2022-12-23 13:25:51,7,2,3861.0,2442
2022-12-23 13:25:52,15,4,3861.0,2446
2022-12-23 13:25:53,25,-4,3861.0,2442
2022-12-23 13:25:54,23,13,3861.25,2455
2022-12-23 13:25:55,7,-5,3861.25,2450
2022-12-23 13:25:56,2,2,3861.25,2452
2022-12-23 13:25:57,33,7,3861.25,2459
2022-12-23 13:25:58,2,2,3861.0,2461
2022-12-23 13:25:59,16,-2,3861.25,2459
2022-12-23 13:26:00,26,-8,3861.25,2451
2022-12-23 13:26:01,2,2,3861.0,2453
2022-12-23 13:26:05,43,15,3861.0,2468
2022-12-23 13:26:06,2,-2,3860.75,2466
2022-12-23 13:26:07,2,1,3861.0,2467
2022-12-23 13:26:09,9,6,3861.25,2473
2022-12-23 13:26:10,5,-3,3861.0,2470
2022-12-23 13:26:12,26,-12,3860.75,2458
2022-12-23 13:26:13,4,2,3861.0,2460
2022-12-23 13:26:15,5,5,3861.0,2465
2022-12-23 13:26:16,12,-2,3861.25,2463
2022-12-23 13:26:17,7,-5,3861.25,2458
2022-12-23 13:26:18,15,-2,3860.75,2456
2022-12-23 13:26:19,24,-1,3861.0,2455
2022-12-23 13:26:20,19,3,3860.75,2458
2022-12-23 13:26:21,21,-5,3860.5,2453
2022-12-23 13:26:22,16,0,3860.5,2453
2022-12-23 13:26:23,14,-4,3860.25,2449
2022-12-23 13:26:24,1,-1,3860.25,2448
2022-12-23 13:26:25,10,6,3860.5,2454
2022-12-23 13:26:27,10,-4,3860.25,2450
2022-12-23 13:26:28,22,-13,3860.25,2437
2022-12-23 13:26:29,1,-1,3860.25,2436
2022-12-23 13:26:30,11,3,3860.25,2439
2022-12-23 13:26:31,54,-25,3860.0,2414
2022-12-23 13:26:32,23,5,3860.0,2419
2022-12-23 13:26:33,26,-1,3860.25,2418
2022-12-23 13:26:34,10,3,3860.0,2421
2022-12-23 13:26:35,17,4,3860.25,2425
2022-12-23 13:26:36,5,-5,3860.0,2420
2022-12-23 13:26:37,34,19,3860.0,2439
2022-12-23 13:26:38,3,1,3860.25,2440
2022-12-23 13:26:39,5,-3,3860.25,2437
2022-12-23 13:26:40,33,14,3860.75,2451
2022-12-23 13:26:41,27,1,3860.5,2452
2022-12-23 13:26:42,13,-7,3860.25,2445
2022-12-23 13:26:43,13,4,3860.25,2449
2022-12-23 13:26:44,7,5,3860.25,2454
2022-12-23 13:26:45,22,-9,3860.25,2445
2022-12-23 13:26:46,8,3,3860.25,2448
2022-12-23 13:26:47,5,3,3860.5,2451
2022-12-23 13:26:48,23,6,3860.75,2457
2022-12-23 13:26:49,8,-7,3860.5,2450
2022-12-23 13:26:50,24,4,3860.5,2454
2022-12-23 13:26:51,9,-1,3860.25,2453
2022-12-23 13:26:52,15,5,3860.25,2458
2022-12-23 13:26:54,1,-1,3860.25,2457
2022-12-23 13:26:55,3,3,3860.5,2460
2022-12-23 13:26:56,1,-1,3860.5,2459
2022-12-23 13:26:58,35,2,3860.75,2461
2022-12-23 13:26:59,61,10,3861.0,2471
2022-12-23 13:27:00,26,-14,3861.0,2457
2022-12-23 13:27:01,7,7,3860.75,2464
2022-12-23 13:27:02,14,1,3860.75,2465
2022-12-23 13:27:03,24,8,3861.0,2473
2022-12-23 13:27:04,11,7,3861.0,2480
2022-12-23 13:27:05,40,-4,3861.0,2476
2022-12-23 13:27:06,56,-2,3861.0,2474
2022-12-23 13:27:07,10,5,3861.25,2479
2022-12-23 13:27:08,38,6,3861.5,2485
2022-12-23 13:27:09,31,5,3861.5,2490
2022-12-23 13:27:10,41,27,3861.5,2517
2022-12-23 13:27:11,7,-1,3861.5,2516
2022-12-23 13:27:12,3,1,3861.5,2517
2022-12-23 13:27:13,2,2,3861.5,2519
2022-12-23 13:27:14,38,-2,3861.25,2517
2022-12-23 13:27:15,29,-11,3861.25,2506
2022-12-23 13:27:16,10,3,3861.0,2509
2022-12-23 13:27:18,4,2,3861.0,2511
2022-12-23 13:27:19,5,-5,3861.0,2506
2022-12-23 13:27:20,20,0,3861.0,2506
2022-12-23 13:27:21,15,1,3861.25,2507
2022-12-23 13:27:22,63,15,3862.0,2522
2022-12-23 13:27:23,65,13,3862.0,2535
2022-12-23 13:27:24,9,3,3862.0,2538
2022-12-23 13:27:25,39,26,3862.25,2564
2022-12-23 13:27:26,12,0,3862.5,2564
2022-12-23 13:27:27,8,-1,3862.25,2563
2022-12-23 13:27:28,7,-4,3862.25,2559
2022-12-23 13:27:29,79,44,3862.5,2603
2022-12-23 13:27:30,3,-3,3862.25,2600
2022-12-23 13:27:31,18,-7,3862.0,2593
2022-12-23 13:27:33,25,-5,3861.75,2588
2022-12-23 13:27:34,13,1,3861.75,2589
2022-12-23 13:27:36,47,0,3861.5,2589
2022-12-23 13:27:37,8,3,3861.75,2592
2022-12-23 13:27:38,3,-1,3861.75,2591
2022-12-23 13:27:40,20,-6,3861.75,2585
2022-12-23 13:27:42,1,1,3862.0,2586
2022-12-23 13:27:44,26,15,3862.0,2601
2022-12-23 13:27:45,8,-8,3861.75,2593
2022-12-23 13:27:46,1,-1,3861.75,2592
2022-12-23 13:27:47,17,-3,3861.75,2589
2022-12-23 13:27:48,25,-2,3862.0,2587
2022-12-23 13:27:49,13,4,3861.75,2591
2022-12-23 13:27:50,17,-3,3861.75,2588
2022-12-23 13:27:51,23,9,3861.75,2597
2022-12-23 13:27:53,1,-1,3861.75,2596
2022-12-23 13:27:54,24,2,3862.0,2598
2022-12-23 13:27:55,12,0,3862.25,2598
2022-12-23 13:27:56,1,1,3862.0,2599
2022-12-23 13:27:57,10,-4,3862.0,2595
2022-12-23 13:27:58,8,7,3862.25,2602
2022-12-23 13:27:59,4,0,3862.25,2602
2022-12-23 13:28:00,34,-3,3862.0,2599
2022-12-23 13:28:01,27,1,3861.75,2600
2022-12-23 13:28:02,2,2,3861.75,2602
2022-12-23 13:28:03,10,3,3861.75,2605
2022-12-23 13:28:04,33,7,3862.25,2612
2022-12-23 13:28:05,37,-26,3862.25,2586
2022-12-23 13:28:06,6,-3,3862.25,2583
2022-12-23 13:28:07,11,8,3862.25,2591
2022-12-23 13:28:08,8,5,3862.25,2596
2022-12-23 13:28:09,12,-3,3862.25,2593
2022-12-23 13:28:12,45,17,3862.5,2610
2022-12-23 13:28:13,55,2,3862.5,2612
2022-12-23 13:28:14,74,35,3862.75,2647
2022-12-23 13:28:15,20,0,3863.0,2647
2022-12-23 13:28:16,44,15,3863.0,2662
2022-12-23 13:28:17,28,4,3862.75,2666
2022-12-23 13:28:18,35,6,3863.0,2672
2022-12-23 13:28:19,9,-1,3863.0,2671
2022-12-23 13:28:20,1,1,3862.75,2672
2022-12-23 13:28:21,95,-5,3862.75,2667
2022-12-23 13:28:22,26,-9,3862.5,2658
2022-12-23 13:28:23,2,1,3862.5,2659
2022-12-23 13:28:24,3,-1,3862.25,2658
2022-12-23 13:28:29,2,2,3862.25,2660
2022-12-23 13:28:30,46,-19,3862.25,2641
2022-12-23 13:28:31,13,2,3862.0,2643
2022-12-23 13:28:32,12,8,3862.25,2651
2022-12-23 13:28:35,1,1,3862.5,2652
2022-12-23 13:28:36,38,-11,3862.25,2641
2022-12-23 13:28:37,2,2,3862.25,2643
2022-12-23 13:28:38,1,-1,3862.25,2642
2022-12-23 13:28:39,4,-4,3862.25,2638
2022-12-23 13:28:40,5,3,3862.5,2641
2022-12-23 13:28:41,10,0,3862.25,2641
2022-12-23 13:28:42,27,-3,3862.0,2638
2022-12-23 13:28:43,11,5,3862.0,2643
2022-12-23 13:28:45,41,-6,3862.0,2637
2022-12-23 13:28:46,34,-7,3861.75,2630
2022-12-23 13:28:47,30,11,3862.0,2641
2022-12-23 13:28:48,3,-1,3862.0,2640
2022-12-23 13:28:49,1,1,3862.0,2641
2022-12-23 13:28:50,18,4,3862.0,2645
2022-12-23 13:28:51,15,7,3862.0,2652
2022-12-23 13:28:52,69,-18,3862.25,2634
2022-12-23 13:28:53,15,-2,3862.25,2632
2022-12-23 13:28:54,15,7,3862.25,2639
2022-12-23 13:28:55,9,1,3862.25,2640
2022-12-23 13:28:57,10,1,3862.0,2641
2022-12-23 13:28:58,13,1,3862.25,2642
2022-12-23 13:28:59,71,-45,3862.25,2597
2022-12-23 13:29:00,58,-12,3862.0,2585
2022-12-23 13:29:01,1,-1,3861.75,2584
2022-12-23 13:29:02,14,-7,3861.75,2577
2022-12-23 13:29:03,13,-9,3861.5,2568
2022-12-23 13:29:04,3,1,3861.5,2569
2022-12-23 13:29:05,32,-7,3861.5,2562
2022-12-23 13:29:07,12,-6,3861.25,2556
2022-12-23 13:29:08,19,0,3861.25,2556
2022-12-23 13:29:09,19,-4,3861.5,2552
2022-12-23 13:29:10,8,-8,3861.5,2544
2022-12-23 13:29:12,9,1,3861.25,2545
2022-12-23 13:29:13,12,11,3861.25,2556
2022-12-23 13:29:14,23,-7,3861.5,2549
2022-12-23 13:29:15,3,-3,3861.25,2546
2022-12-23 13:29:16,25,12,3861.75,2558
2022-12-23 13:29:17,9,5,3862.0,2563
2022-12-23 13:29:18,2,2,3862.0,2565
2022-12-23 13:29:19,57,18,3862.25,2583
2022-12-23 13:29:20,37,4,3862.5,2587
2022-12-23 13:29:21,16,2,3862.5,2589
2022-12-23 13:29:22,22,15,3862.75,2604
2022-12-23 13:29:23,32,-14,3862.75,2590
2022-12-23 13:29:24,12,-6,3862.75,2584
2022-12-23 13:29:25,6,-2,3862.75,2582
2022-12-23 13:29:26,1,-1,3862.5,2581
2022-12-23 13:29:27,23,-11,3862.5,2570
2022-12-23 13:29:28,8,-5,3862.75,2565
2022-12-23 13:29:29,25,-1,3862.25,2564
2022-12-23 13:29:30,25,-6,3862.5,2558
2022-12-23 13:29:31,2,-2,3862.5,2556
2022-12-23 13:29:32,1,-1,3862.5,2555
2022-12-23 13:29:33,34,7,3862.75,2562
2022-12-23 13:29:34,10,-9,3862.5,2553
2022-12-23 13:29:35,9,7,3862.5,2560
2022-12-23 13:29:36,13,2,3862.5,2562
2022-12-23 13:29:37,8,-5,3862.75,2557
2022-12-23 13:29:38,3,3,3862.75,2560
2022-12-23 13:29:39,9,-3,3862.5,2557
2022-12-23 13:29:40,8,-1,3862.75,2556
2022-12-23 13:29:43,16,-8,3862.25,2548
2022-12-23 13:29:44,23,3,3862.25,2551
2022-12-23 13:29:45,5,-3,3862.25,2548
2022-12-23 13:29:46,3,3,3862.25,2551
2022-12-23 13:29:47,16,1,3862.5,2552
2022-12-23 13:29:48,6,6,3862.75,2558
2022-12-23 13:29:49,8,-5,3862.75,2553
2022-12-23 13:29:50,6,-6,3862.5,2547
2022-12-23 13:29:51,12,4,3862.5,2551
2022-12-23 13:29:52,2,-1,3862.25,2550
2022-12-23 13:29:53,25,-10,3862.25,2540
2022-12-23 13:29:55,33,-1,3862.25,2539
2022-12-23 13:29:56,3,-3,3862.25,2536
2022-12-23 13:29:58,2,2,3862.25,2538
2022-12-23 13:29:59,6,3,3862.25,2541
2022-12-23 13:30:00,47,-16,3862.5,2525
2022-12-23 13:30:01,7,2,3862.5,2527
2022-12-23 13:30:02,14,1,3862.5,2528
2022-12-23 13:30:03,6,-6,3862.5,2522
2022-12-23 13:30:04,23,3,3862.25,2525
2022-12-23 13:30:05,8,4,3862.5,2529
2022-12-23 13:30:06,25,0,3862.75,2529
2022-12-23 13:30:07,10,7,3862.5,2536
2022-12-23 13:30:09,47,10,3862.75,2546
2022-12-23 13:30:10,17,-8,3862.75,2538
2022-12-23 13:30:11,10,6,3863.0,2544
2022-12-23 13:30:13,5,1,3863.0,2545
2022-12-23 13:30:14,71,45,3863.0,2590
2022-12-23 13:30:15,1,1,3863.0,2591
2022-12-23 13:30:16,158,22,3863.0,2613
2022-12-23 13:30:17,16,14,3863.25,2627
2022-12-23 13:30:18,16,12,3863.25,2639
2022-12-23 13:30:19,1,-1,3863.0,2638
2022-12-23 13:30:20,28,-6,3863.25,2632
2022-12-23 13:30:21,57,36,3863.5,2668
2022-12-23 13:30:22,44,28,3863.75,2696
2022-12-23 13:30:23,8,6,3863.75,2702
2022-12-23 13:30:24,43,-9,3863.75,2693
2022-12-23 13:30:25,21,7,3864.0,2700
2022-12-23 13:30:26,20,-15,3863.5,2685
2022-12-23 13:30:27,4,-4,3863.5,2681
2022-12-23 13:30:28,28,-4,3863.5,2677
2022-12-23 13:30:29,11,-4,3863.5,2673
2022-12-23 13:30:30,20,-8,3863.5,2665
2022-12-23 13:30:31,9,1,3863.5,2666
2022-12-23 13:30:32,10,-1,3863.5,2665
2022-12-23 13:30:33,6,0,3863.5,2665
2022-12-23 13:30:34,55,-38,3863.5,2627
2022-12-23 13:30:35,14,-9,3863.25,2618
2022-12-23 13:30:36,8,3,3863.25,2621
2022-12-23 13:30:37,3,-1,3863.5,2620
2022-12-23 13:30:38,4,-4,3863.25,2616
2022-12-23 13:30:39,1,-1,3863.25,2615
2022-12-23 13:30:42,10,-7,3863.25,2608
2022-12-23 13:30:43,21,-10,3863.25,2598
2022-12-23 13:30:44,47,7,3863.25,2605
2022-12-23 13:30:45,17,4,3863.25,2609
2022-12-23 13:30:46,6,0,3863.25,2609
2022-12-23 13:30:49,42,30,3863.5,2639
2022-12-23 13:30:50,8,-4,3863.25,2635
2022-12-23 13:30:51,12,5,3863.5,2640
2022-12-23 13:30:52,1,-1,3863.5,2639
2022-12-23 13:30:54,15,-3,3863.5,2636
2022-12-23 13:30:56,25,7,3863.5,2643
2022-12-23 13:30:57,4,4,3863.5,2647
2022-12-23 13:30:58,19,4,3863.75,2651
2022-12-23 13:30:59,19,16,3863.75,2667
2022-12-23 13:31:00,60,26,3864.0,2693
2022-12-23 13:31:01,32,2,3864.25,2695
2022-12-23 13:31:02,33,8,3864.25,2703
2022-12-23 13:31:03,16,-2,3863.75,2701
2022-12-23 13:31:04,6,0,3863.75,2701
2022-12-23 13:31:05,13,-6,3864.0,2695
2022-12-23 13:31:06,111,25,3864.5,2720
2022-12-23 13:31:07,36,-15,3864.5,2705
2022-12-23 13:31:08,25,-1,3864.25,2704
2022-12-23 13:31:09,9,-1,3864.0,2703
2022-12-23 13:31:10,23,-1,3864.0,2702
2022-12-23 13:31:11,32,-4,3863.75,2698
2022-12-23 13:31:12,43,-5,3863.75,2693
2022-12-23 13:31:13,1,1,3863.5,2694
2022-12-23 13:31:14,26,-21,3863.25,2673
2022-12-23 13:31:15,31,-5,3863.0,2668
2022-12-23 13:31:16,14,-10,3863.0,2658
2022-12-23 13:31:17,2,2,3863.0,2660
2022-12-23 13:31:18,36,6,3863.0,2666
2022-12-23 13:31:19,38,5,3863.25,2671
2022-12-23 13:31:21,4,2,3863.5,2673
2022-12-23 13:31:22,69,11,3863.75,2684
2022-12-23 13:31:23,14,6,3864.0,2690
2022-12-23 13:31:24,12,-6,3864.0,2684
2022-12-23 13:31:25,39,21,3864.25,2705
2022-12-23 13:31:26,11,8,3864.5,2713
2022-12-23 13:31:27,47,-12,3864.5,2701
2022-12-23 13:31:29,43,-3,3864.25,2698
2022-12-23 13:31:30,3,-3,3864.25,2695
2022-12-23 13:31:31,20,2,3864.25,2697
2022-12-23 13:31:33,25,-7,3864.5,2690
2022-12-23 13:31:34,2,0,3864.5,2690
2022-12-23 13:31:37,54,-15,3864.25,2675
2022-12-23 13:31:38,22,-14,3864.25,2661
2022-12-23 13:31:39,48,27,3864.25,2688
2022-12-23 13:31:40,14,-6,3864.5,2682
2022-12-23 13:31:41,2,2,3864.5,2684
2022-12-23 13:31:42,168,77,3865.0,2761
2022-12-23 13:31:43,27,11,3865.0,2772
2022-12-23 13:31:44,18,-5,3865.0,2767
2022-12-23 13:31:45,21,-2,3864.75,2765
2022-12-23 13:31:46,9,1,3865.0,2766
2022-12-23 13:31:47,16,14,3865.0,2780
2022-12-23 13:31:48,1,1,3865.0,2781
2022-12-23 13:31:49,5,-5,3864.75,2776
2022-12-23 13:31:50,5,5,3865.0,2781
2022-12-23 13:31:51,4,2,3865.0,2783
2022-12-23 13:31:52,7,5,3865.0,2788
2022-12-23 13:31:53,2,2,3865.0,2790
2022-12-23 13:31:54,97,26,3865.25,2816
2022-12-23 13:31:55,29,-18,3865.25,2798
2022-12-23 13:31:56,11,-7,3865.0,2791
2022-12-23 13:31:57,50,-8,3864.75,2783
2022-12-23 13:31:59,2,2,3864.75,2785
2022-12-23 13:32:00,77,-22,3864.5,2763
2022-12-23 13:32:01,22,-4,3864.5,2759
2022-12-23 13:32:02,31,-3,3864.25,2756
2022-12-23 13:32:03,2,-2,3864.25,2754
2022-12-23 13:32:04,13,3,3864.25,2757
2022-12-23 13:32:05,1,1,3864.25,2758
2022-12-23 13:32:07,75,-22,3864.0,2736
2022-12-23 13:32:08,9,5,3863.75,2741
2022-12-23 13:32:09,18,6,3864.0,2747
2022-12-23 13:32:10,1,-1,3863.75,2746
2022-12-23 13:32:11,57,7,3864.0,2753
2022-12-23 13:32:12,9,-1,3864.0,2752
2022-12-23 13:32:14,15,1,3864.0,2753
2022-12-23 13:32:15,20,-4,3864.0,2749
2022-12-23 13:32:16,12,4,3863.75,2753
2022-12-23 13:32:17,3,-3,3863.75,2750
2022-12-23 13:32:18,1,-1,3863.75,2749
2022-12-23 13:32:19,20,-7,3863.75,2742
2022-12-23 13:32:20,53,-4,3863.5,2738
2022-12-23 13:32:21,13,4,3863.25,2742
2022-12-23 13:32:22,1,1,3863.25,2743
2022-12-23 13:32:23,17,17,3863.5,2760
2022-12-23 13:32:24,10,-1,3863.75,2759
2022-12-23 13:32:27,8,-6,3863.75,2753
2022-12-23 13:32:28,29,13,3864.0,2766
2022-12-23 13:32:29,30,5,3864.0,2771
2022-12-23 13:32:30,20,-2,3864.0,2769
2022-12-23 13:32:31,42,-41,3864.0,2728
2022-12-23 13:32:32,25,18,3864.25,2746
2022-12-23 13:32:34,40,-6,3864.25,2740
2022-12-23 13:32:36,54,19,3864.75,2759
2022-12-23 13:32:37,38,7,3864.5,2766
2022-12-23 13:32:38,9,-1,3864.25,2765
2022-12-23 13:32:39,1,1,3864.25,2766
2022-12-23 13:32:40,13,3,3864.25,2769
2022-12-23 13:32:41,22,-14,3864.25,2755
2022-12-23 13:32:42,9,6,3864.25,2761
2022-12-23 13:32:43,2,-2,3864.25,2759
2022-12-23 13:32:44,1,-1,3864.25,2758
2022-12-23 13:32:45,37,10,3864.5,2768
2022-12-23 13:32:46,5,3,3864.25,2771
2022-12-23 13:32:47,3,-1,3864.5,2770
2022-12-23 13:32:48,8,4,3864.25,2774
2022-12-23 13:32:49,34,-22,3864.0,2752
2022-12-23 13:32:50,11,3,3864.0,2755
2022-12-23 13:32:51,54,7,3864.25,2762
2022-12-23 13:32:53,14,4,3864.0,2766
2022-12-23 13:32:54,3,-3,3864.0,2763
2022-12-23 13:32:56,5,4,3864.0,2767
2022-12-23 13:32:57,2,-2,3864.0,2765
2022-12-23 13:33:01,29,-8,3864.0,2757
2022-12-23 13:33:03,2,-1,3863.75,2756
2022-12-23 13:33:04,9,-5,3863.75,2751
2022-12-23 13:33:05,34,11,3864.0,2762
2022-12-23 13:33:06,15,-8,3864.0,2754
2022-12-23 13:33:07,31,8,3864.0,2762
2022-12-23 13:33:09,14,0,3864.0,2762
2022-12-23 13:33:10,13,-3,3864.0,2759
2022-12-23 13:33:11,26,-2,3864.25,2757
2022-12-23 13:33:12,56,28,3864.25,2785
2022-12-23 13:33:13,16,-9,3864.25,2776
2022-12-23 13:33:14,6,-4,3864.25,2772
2022-12-23 13:33:15,10,-8,3864.0,2764
2022-12-23 13:33:16,23,1,3864.0,2765
2022-12-23 13:33:17,23,3,3864.0,2768
2022-12-23 13:33:18,2,2,3864.0,2770
2022-12-23 13:33:22,2,-1,3863.75,2769
2022-12-23 13:33:23,1,1,3864.0,2770
2022-12-23 13:33:24,40,8,3864.25,2778
2022-12-23 13:33:25,3,-3,3864.25,2775
2022-12-23 13:33:28,2,2,3864.5,2777
2022-12-23 13:33:29,43,-3,3864.5,2774
2022-12-23 13:33:30,27,-11,3864.5,2763
2022-12-23 13:33:31,2,2,3864.75,2765
2022-12-23 13:33:32,10,-9,3864.5,2756
2022-12-23 13:33:33,14,11,3864.75,2767
2022-12-23 13:33:34,41,-7,3864.5,2760
2022-12-23 13:33:35,1,-1,3864.25,2759
2022-12-23 13:33:36,18,-5,3864.25,2754
2022-12-23 13:33:37,14,-9,3864.0,2745
2022-12-23 13:33:38,22,18,3864.0,2763
2022-12-23 13:33:39,15,6,3864.25,2769
2022-12-23 13:33:40,5,-5,3864.25,2764
2022-12-23 13:33:42,16,11,3864.75,2775
2022-12-23 13:33:44,23,16,3864.75,2791
2022-12-23 13:33:45,11,-1,3864.5,2790
2022-12-23 13:33:47,12,4,3864.75,2794
2022-12-23 13:33:48,3,-3,3864.5,2791
2022-12-23 13:33:49,22,0,3864.5,2791
2022-12-23 13:33:50,21,6,3864.75,2797
2022-12-23 13:33:51,7,-3,3864.75,2794
2022-12-23 13:33:52,12,-3,3864.75,2791
2022-12-23 13:33:53,20,-6,3865.0,2785
2022-12-23 13:33:55,4,-4,3864.5,2781
2022-12-23 13:33:56,21,3,3864.5,2784
2022-12-23 13:33:58,7,-7,3864.25,2777
2022-12-23 13:33:59,5,3,3864.5,2780
2022-12-23 13:34:00,29,-10,3864.25,2770
2022-12-23 13:34:01,2,-2,3864.0,2768
2022-12-23 13:34:03,25,-10,3864.0,2758
2022-12-23 13:34:04,49,-5,3864.0,2753
2022-12-23 13:34:05,2,-2,3864.0,2751
2022-12-23 13:34:06,2,-2,3864.0,2749
2022-12-23 13:34:07,6,-6,3864.0,2743
2022-12-23 13:34:08,57,-9,3863.75,2734
2022-12-23 13:34:09,3,2,3863.5,2736
2022-12-23 13:34:10,25,-12,3863.5,2724
2022-12-23 13:34:11,16,10,3863.5,2734
2022-12-23 13:34:12,15,10,3863.75,2744
2022-12-23 13:34:13,6,1,3863.75,2745
2022-12-23 13:34:15,3,1,3863.75,2746
2022-12-23 13:34:16,6,-4,3863.5,2742
2022-12-23 13:34:17,42,2,3863.5,2744
2022-12-23 13:34:18,13,6,3863.75,2750
2022-12-23 13:34:19,7,-7,3863.5,2743
2022-12-23 13:34:20,11,9,3863.5,2752
2022-12-23 13:34:22,11,6,3863.75,2758
2022-12-23 13:34:23,17,9,3864.0,2767
2022-12-23 13:34:24,25,3,3864.5,2770
2022-12-23 13:34:25,8,-4,3864.25,2766
2022-12-23 13:34:26,79,14,3864.5,2780
2022-12-23 13:34:27,6,-4,3864.5,2776
2022-12-23 13:34:29,6,-6,3864.5,2770
2022-12-23 13:34:30,2,-2,3864.5,2768
2022-12-23 13:34:31,1,-1,3864.5,2767
2022-12-23 13:34:32,33,15,3864.75,2782
2022-12-23 13:34:33,2,-2,3864.75,2780
2022-12-23 13:34:34,1,-1,3864.75,2779
2022-12-23 13:34:35,70,51,3865.0,2830
2022-12-23 13:34:36,28,-9,3865.25,2821
2022-12-23 13:34:37,34,15,3865.0,2836
2022-12-23 13:34:38,2,2,3865.0,2838
2022-12-23 13:34:39,27,-13,3864.75,2825
2022-12-23 13:34:40,21,4,3865.25,2829
2022-12-23 13:34:42,90,8,3865.25,2837
2022-12-23 13:34:43,2,0,3865.0,2837
2022-12-23 13:34:44,25,-5,3864.75,2832
2022-12-23 13:34:46,45,-19,3864.5,2813
2022-12-23 13:34:47,22,-15,3864.5,2798
2022-12-23 13:34:48,12,9,3864.5,2807
2022-12-23 13:34:49,1,-1,3864.5,2806
2022-12-23 13:34:53,24,4,3864.75,2810
2022-12-23 13:34:54,16,1,3865.0,2811
2022-12-23 13:34:55,15,-5,3864.75,2806
2022-12-23 13:34:56,21,-11,3864.75,2795
2022-12-23 13:34:57,21,7,3865.0,2802
2022-12-23 13:34:58,1,1,3865.0,2803
2022-12-23 13:34:59,24,-13,3864.75,2790
2022-12-23 13:35:00,41,3,3865.0,2793
2022-12-23 13:35:01,28,-3,3864.75,2790
2022-12-23 13:35:02,22,4,3864.5,2794
2022-12-23 13:35:04,3,-3,3864.5,2791
2022-12-23 13:35:05,55,22,3864.5,2813
2022-12-23 13:35:06,15,7,3864.75,2820
2022-12-23 13:35:07,7,-3,3864.75,2817
2022-12-23 13:35:08,5,-2,3864.75,2815
2022-12-23 13:35:09,9,7,3865.0,2822
2022-12-23 13:35:10,14,-2,3864.75,2820
2022-12-23 13:35:11,11,-3,3864.75,2817
2022-12-23 13:35:13,9,-3,3864.75,2814
2022-12-23 13:35:14,23,4,3864.75,2818
2022-12-23 13:35:15,9,-1,3864.75,2817
2022-12-23 13:35:16,14,-2,3864.75,2815
2022-12-23 13:35:17,63,-4,3864.5,2811
2022-12-23 13:35:18,54,-8,3864.5,2803
2022-12-23 13:35:19,14,7,3864.75,2810
2022-12-23 13:35:20,9,-7,3864.75,2803
2022-12-23 13:35:21,36,15,3865.0,2818
2022-12-23 13:35:22,53,21,3865.0,2839
2022-12-23 13:35:23,2,2,3865.25,2841
2022-12-23 13:35:24,3,3,3865.25,2844
2022-12-23 13:35:25,8,2,3865.25,2846
2022-12-23 13:35:26,142,14,3865.5,2860
2022-12-23 13:35:27,77,23,3865.5,2883
2022-12-23 13:35:28,10,-10,3865.25,2873
2022-12-23 13:35:29,14,11,3865.25,2884
2022-12-23 13:35:30,30,-4,3865.5,2880
2022-12-23 13:35:31,43,-7,3865.25,2873
2022-12-23 13:35:32,95,59,3865.75,2932
2022-12-23 13:35:33,71,30,3866.0,2962
2022-12-23 13:35:34,27,-10,3866.0,2952
2022-12-23 13:35:35,10,2,3865.75,2954
2022-12-23 13:35:36,13,-2,3865.75,2952
2022-12-23 13:35:37,48,24,3865.75,2976
2022-12-23 13:35:38,10,6,3865.75,2982
2022-12-23 13:35:39,17,-6,3865.5,2976
2022-12-23 13:35:40,54,-9,3865.5,2967
2022-12-23 13:35:41,53,2,3865.5,2969
2022-12-23 13:35:42,1,1,3865.5,2970
2022-12-23 13:35:43,11,-2,3865.5,2968
2022-12-23 13:35:44,12,8,3865.25,2976
2022-12-23 13:35:45,38,-18,3865.25,2958
2022-12-23 13:35:46,1,1,3865.25,2959
2022-12-23 13:35:49,28,-8,3865.0,2951
2022-12-23 13:35:50,3,-3,3865.0,2948
2022-12-23 13:35:51,39,-13,3864.75,2935
2022-12-23 13:35:52,20,4,3864.75,2939
2022-12-23 13:35:53,25,-4,3864.5,2935
2022-12-23 13:35:54,59,-18,3864.5,2917
2022-12-23 13:35:55,38,-2,3864.5,2915
2022-12-23 13:35:56,48,-15,3864.25,2900
2022-12-23 13:35:57,1,-1,3864.0,2899
2022-12-23 13:35:58,17,9,3864.25,2908
2022-12-23 13:35:59,6,0,3864.25,2908
2022-12-23 13:36:00,46,-6,3864.25,2902
2022-12-23 13:36:01,29,12,3864.75,2914
2022-12-23 13:36:02,5,-3,3864.75,2911
2022-12-23 13:36:03,6,-5,3864.25,2906
2022-12-23 13:36:04,25,6,3864.25,2912
2022-12-23 13:36:05,4,1,3864.25,2913
2022-12-23 13:36:06,2,-2,3864.0,2911
2022-12-23 13:36:07,78,-20,3864.0,2891
2022-12-23 13:36:08,93,-14,3864.0,2877
2022-12-23 13:36:10,78,-11,3864.0,2866
2022-12-23 13:36:12,3,1,3864.0,2867
2022-12-23 13:36:13,19,2,3864.0,2869
2022-12-23 13:36:14,43,8,3864.25,2877
2022-12-23 13:36:15,19,6,3864.5,2883
2022-12-23 13:36:16,2,2,3864.75,2885
2022-12-23 13:36:17,21,7,3864.75,2892
2022-12-23 13:36:18,2,2,3864.75,2894
2022-12-23 13:36:19,28,1,3864.5,2895
2022-12-23 13:36:20,96,-14,3864.25,2881
2022-12-23 13:36:21,57,4,3864.0,2885
2022-12-23 13:36:22,23,9,3864.0,2894
2022-12-23 13:36:23,160,36,3864.25,2930
2022-12-23 13:36:24,61,21,3864.25,2951
2022-12-23 13:36:25,29,-4,3864.25,2947
2022-12-23 13:36:26,233,7,3864.25,2954
2022-12-23 13:36:28,53,10,3864.0,2964
2022-12-23 13:36:29,117,58,3864.5,3022
2022-12-23 13:36:30,46,-3,3864.25,3019
2022-12-23 13:36:31,52,0,3864.0,3019
2022-12-23 13:36:34,8,-2,3864.0,3017
2022-12-23 13:36:35,3,3,3864.0,3020
2022-12-23 13:36:36,23,-14,3863.75,3006
2022-12-23 13:36:37,5,-2,3863.5,3004
2022-12-23 13:36:38,31,19,3864.0,3023
2022-12-23 13:36:39,30,12,3864.25,3035
2022-12-23 13:36:40,11,1,3864.25,3036
2022-12-23 13:36:43,55,24,3864.75,3060
2022-12-23 13:36:44,19,3,3864.75,3063
2022-12-23 13:36:45,11,-1,3864.75,3062
2022-12-23 13:36:47,27,-11,3864.5,3051
2022-12-23 13:36:48,14,-6,3864.5,3045
2022-12-23 13:36:49,15,10,3864.75,3055
2022-12-23 13:36:50,17,-1,3864.75,3054
2022-12-23 13:36:52,23,-7,3864.75,3047
2022-12-23 13:36:53,7,-3,3864.5,3044
2022-12-23 13:36:56,12,6,3864.75,3050
2022-12-23 13:36:57,22,-2,3864.5,3048
2022-12-23 13:36:58,1,1,3864.5,3049
2022-12-23 13:36:59,31,-4,3864.5,3045
2022-12-23 13:37:00,31,-12,3864.5,3033
2022-12-23 13:37:01,4,-4,3864.25,3029
2022-12-23 13:37:02,9,-2,3864.0,3027
2022-12-23 13:37:03,35,0,3864.5,3027
2022-12-23 13:37:04,11,-7,3864.5,3020
2022-12-23 13:37:05,1,-1,3864.5,3019
2022-12-23 13:37:06,5,-3,3864.75,3016
2022-12-23 13:37:07,25,0,3864.25,3016
2022-12-23 13:37:08,4,4,3864.0,3020
2022-12-23 13:37:09,17,-8,3864.0,3012
2022-12-23 13:37:10,2,0,3864.25,3012
2022-12-23 13:37:11,22,2,3864.25,3014
2022-12-23 13:37:12,1,-1,3864.0,3013
2022-12-23 13:37:13,7,5,3864.25,3018
2022-12-23 13:37:14,33,15,3864.25,3033
2022-12-23 13:37:16,10,6,3864.5,3039
2022-12-23 13:37:18,3,-2,3864.0,3037
2022-12-23 13:37:19,59,-13,3864.0,3024
2022-12-23 13:37:20,33,-10,3863.75,3014
2022-12-23 13:37:21,27,2,3863.75,3016
2022-12-23 13:37:23,2,2,3863.75,3018
2022-12-23 13:37:24,3,1,3863.75,3019
2022-12-23 13:37:25,32,-10,3863.5,3009
2022-12-23 13:37:26,26,-18,3863.25,2991
2022-12-23 13:37:27,8,-5,3863.5,2986
2022-12-23 13:37:28,42,-3,3863.25,2983
2022-12-23 13:37:29,7,0,3863.5,2983
2022-12-23 13:37:30,30,2,3863.25,2985
2022-12-23 13:37:31,1,-1,3863.25,2984
2022-12-23 13:37:32,25,7,3863.5,2991
2022-12-23 13:37:34,33,-10,3863.5,2981
2022-12-23 13:37:35,5,5,3863.5,2986
2022-12-23 13:37:36,24,-9,3863.25,2977
2022-12-23 13:37:37,6,-4,3863.5,2973
2022-12-23 13:37:38,8,-6,3863.25,2967
2022-12-23 13:37:39,15,5,3863.25,2972
2022-12-23 13:37:40,20,-15,3863.25,2957
2022-12-23 13:37:41,39,-19,3863.25,2938
2022-12-23 13:37:42,54,-20,3862.75,2918
2022-12-23 13:37:43,35,-1,3862.75,2917
2022-12-23 13:37:44,23,8,3862.75,2925
2022-12-23 13:37:45,28,0,3862.75,2925
2022-12-23 13:37:46,6,-3,3862.75,2922
2022-12-23 13:37:47,57,-13,3862.75,2909
2022-12-23 13:37:48,3,-1,3862.5,2908
2022-12-23 13:37:49,48,-16,3862.5,2892
2022-12-23 13:37:50,24,-6,3862.25,2886
2022-12-23 13:37:51,42,14,3862.5,2900
2022-12-23 13:37:52,52,8,3862.75,2908
2022-12-23 13:37:53,11,1,3862.5,2909
2022-12-23 13:37:54,4,0,3862.5,2909
2022-12-23 13:37:55,7,-5,3862.25,2904
2022-12-23 13:37:56,22,-11,3862.25,2893
2022-12-23 13:37:57,140,-38,3861.75,2855
2022-12-23 13:37:58,9,-6,3861.5,2849
2022-12-23 13:37:59,57,10,3862.0,2859
2022-12-23 13:38:00,18,16,3862.25,2875
2022-12-23 13:38:01,13,-12,3862.0,2863
2022-12-23 13:38:02,7,4,3862.0,2867
2022-12-23 13:38:03,28,12,3862.5,2879
2022-12-23 13:38:04,17,-2,3862.5,2877
2022-12-23 13:38:05,6,-4,3862.25,2873
2022-12-23 13:38:06,41,8,3862.75,2881
2022-12-23 13:38:07,4,2,3863.0,2883
2022-12-23 13:38:08,15,-5,3862.75,2878
2022-12-23 13:38:09,16,10,3863.0,2888
2022-12-23 13:38:10,48,-5,3863.25,2883
2022-12-23 13:38:12,10,4,3863.0,2887
2022-12-23 13:38:13,83,-40,3863.25,2847
2022-12-23 13:38:14,4,-4,3862.75,2843
2022-12-23 13:38:15,7,2,3862.75,2845
2022-12-23 13:38:16,15,-7,3862.75,2838
2022-12-23 13:38:17,30,5,3862.5,2843
2022-12-23 13:38:18,17,0,3862.5,2843
2022-12-23 13:38:20,55,-44,3862.75,2799
2022-12-23 13:38:21,10,2,3862.25,2801
2022-12-23 13:38:22,50,-49,3862.25,2752
2022-12-23 13:38:23,19,9,3862.25,2761
2022-12-23 13:38:24,2,2,3862.25,2763
2022-12-23 13:38:25,12,10,3862.25,2773
2022-12-23 13:38:27,1,1,3862.5,2774
2022-12-23 13:38:28,6,5,3862.5,2779
2022-12-23 13:38:29,5,-1,3862.5,2778
2022-12-23 13:38:30,28,3,3862.75,2781
2022-12-23 13:38:31,4,-2,3862.75,2779
2022-12-23 13:38:32,1,-1,3862.5,2778
2022-12-23 13:38:34,31,-1,3862.75,2777
2022-12-23 13:38:35,9,-7,3862.5,2770
2022-12-23 13:38:36,15,0,3862.5,2770
2022-12-23 13:38:38,50,20,3863.0,2790
2022-12-23 13:38:39,11,-3,3863.0,2787
2022-12-23 13:38:40,14,-14,3862.75,2773
2022-12-23 13:38:42,46,-13,3862.5,2760
2022-12-23 13:38:43,45,-45,3862.5,2715
2022-12-23 13:38:44,23,-8,3862.25,2707
2022-12-23 13:38:45,3,-3,3862.0,2704
2022-12-23 13:38:46,25,5,3862.25,2709
2022-12-23 13:38:48,25,-8,3862.0,2701
2022-12-23 13:38:49,32,3,3862.25,2704
2022-12-23 13:38:51,29,10,3862.25,2714
2022-12-23 13:38:53,2,0,3862.25,2714
2022-12-23 13:38:54,5,1,3862.25,2715
2022-12-23 13:38:55,25,4,3862.5,2719
2022-12-23 13:38:57,14,-14,3862.0,2705
2022-12-23 13:38:58,16,0,3862.25,2705
2022-12-23 13:39:00,22,-17,3862.0,2688
2022-12-23 13:39:01,3,-1,3862.0,2687
2022-12-23 13:39:02,14,2,3862.25,2689
2022-12-23 13:39:04,2,-1,3862.0,2688
2022-12-23 13:39:05,14,3,3862.25,2691
2022-12-23 13:39:06,12,-6,3862.0,2685
2022-12-23 13:39:07,35,12,3862.0,2697
2022-12-23 13:39:09,69,7,3862.75,2704
2022-12-23 13:39:10,22,10,3862.5,2714
2022-12-23 13:39:11,5,1,3862.5,2715
2022-12-23 13:39:12,23,7,3862.5,2722
2022-12-23 13:39:13,36,-10,3862.75,2712
2022-12-23 13:39:14,15,-7,3862.75,2705
2022-12-23 13:39:15,50,19,3863.0,2724
2022-12-23 13:39:16,38,-25,3863.0,2699
2022-12-23 13:39:17,13,-3,3862.75,2696
2022-12-23 13:39:18,19,-3,3862.5,2693
2022-12-23 13:39:19,17,3,3862.75,2696
2022-12-23 13:39:20,59,-17,3863.0,2679
2022-12-23 13:39:21,2,2,3863.0,2681
2022-12-23 13:39:22,14,-5,3863.0,2676
2022-12-23 13:39:23,1,1,3863.0,2677
2022-12-23 13:39:24,10,-4,3863.0,2673
2022-12-23 13:39:25,31,-15,3862.75,2658
2022-12-23 13:39:26,12,-7,3862.75,2651
2022-12-23 13:39:27,52,4,3862.5,2655
2022-12-23 13:39:28,1,1,3862.5,2656
2022-12-23 13:39:30,7,6,3862.5,2662
2022-12-23 13:39:32,6,-4,3862.5,2658
2022-12-23 13:39:33,4,2,3862.5,2660
2022-12-23 13:39:34,30,11,3862.5,2671
2022-12-23 13:39:35,7,-1,3862.5,2670
2022-12-23 13:39:38,27,4,3862.5,2674
2022-12-23 13:39:40,35,-5,3862.75,2669
2022-12-23 13:39:41,20,-4,3862.5,2665
2022-12-23 13:39:43,20,0,3862.75,2665
2022-12-23 13:39:44,25,5,3862.75,2670
2022-12-23 13:39:46,3,-2,3862.75,2668
2022-12-23 13:39:47,26,14,3863.25,2682
2022-12-23 13:39:49,22,-6,3863.0,2676
2022-12-23 13:39:51,23,13,3863.0,2689
2022-12-23 13:39:52,12,-11,3862.75,2678
2022-12-23 13:39:53,15,-4,3862.75,2674
2022-12-23 13:39:55,1,1,3862.75,2675
2022-12-23 13:39:56,7,-7,3862.5,2668
2022-12-23 13:39:57,16,-4,3862.25,2664
2022-12-23 13:39:58,14,0,3862.5,2664
2022-12-23 13:39:59,14,9,3862.75,2673
2022-12-23 13:40:00,60,25,3862.75,2698
2022-12-23 13:40:02,37,-12,3862.75,2686
2022-12-23 13:40:03,11,-5,3862.75,2681
2022-12-23 13:40:04,1,-1,3862.5,2680
2022-12-23 13:40:05,25,-7,3862.5,2673
2022-12-23 13:40:07,6,2,3862.5,2675
2022-12-23 13:40:08,12,-3,3862.5,2672
2022-12-23 13:40:09,3,-3,3862.5,2669
2022-12-23 13:40:12,43,-13,3862.25,2656
2022-12-23 13:40:13,2,-2,3862.0,2654
2022-12-23 13:40:14,19,-15,3862.25,2639
2022-12-23 13:40:15,12,2,3861.75,2641
2022-12-23 13:40:16,23,0,3862.0,2641
2022-12-23 13:40:17,10,4,3862.5,2645
2022-12-23 13:40:18,52,11,3862.5,2656
2022-12-23 13:40:20,20,-2,3862.5,2654
2022-12-23 13:40:21,18,2,3862.25,2656
2022-12-23 13:40:23,8,5,3862.5,2661
2022-12-23 13:40:24,26,-9,3862.75,2652
2022-12-23 13:40:25,3,3,3862.75,2655
2022-12-23 13:40:26,21,8,3862.75,2663
2022-12-23 13:40:27,1,1,3862.75,2664
2022-12-23 13:40:28,12,-8,3862.75,2656
2022-12-23 13:40:29,13,4,3862.5,2660
2022-12-23 13:40:30,20,-8,3862.5,2652
2022-12-23 13:40:31,8,2,3862.5,2654
2022-12-23 13:40:33,87,13,3863.25,2667
2022-12-23 13:40:34,4,2,3863.0,2669
2022-12-23 13:40:35,7,3,3863.0,2672
2022-12-23 13:40:36,31,9,3863.0,2681
2022-12-23 13:40:37,58,30,3863.75,2711
2022-12-23 13:40:38,29,3,3863.75,2714
2022-12-23 13:40:39,50,9,3864.0,2723
2022-12-23 13:40:40,25,1,3864.0,2724
2022-12-23 13:40:41,57,0,3864.0,2724
2022-12-23 13:40:42,7,0,3863.75,2724
2022-12-23 13:40:45,60,10,3863.75,2734
2022-12-23 13:40:46,2,0,3863.75,2734
2022-12-23 13:40:48,16,-6,3863.5,2728
2022-12-23 13:40:49,35,-11,3863.25,2717
2022-12-23 13:40:50,6,0,3863.25,2717
2022-12-23 13:40:52,23,-12,3863.25,2705
2022-12-23 13:40:53,10,4,3863.25,2709
2022-12-23 13:40:54,2,1,3863.25,2710
2022-12-23 13:40:56,4,3,3863.25,2713
2022-12-23 13:40:57,31,-2,3863.5,2711
2022-12-23 13:40:58,24,10,3863.5,2721
2022-12-23 13:40:59,1,-1,3863.5,2720
2022-12-23 13:41:00,20,-16,3863.5,2704
2022-12-23 13:41:01,4,0,3863.5,2704
2022-12-23 13:41:02,12,-6,3863.25,2698
2022-12-23 13:41:03,20,13,3863.75,2711
2022-12-23 13:41:04,19,5,3863.75,2716
2022-12-23 13:41:05,35,17,3864.0,2733
2022-12-23 13:41:06,3,1,3864.25,2734
2022-12-23 13:41:07,24,-3,3864.25,2731
2022-12-23 13:41:08,14,12,3864.25,2743
2022-12-23 13:41:09,29,26,3864.5,2769
2022-12-23 13:41:10,3,-1,3864.5,2768
2022-12-23 13:41:11,20,-8,3864.5,2760
2022-12-23 13:41:12,3,3,3864.25,2763
2022-12-23 13:41:13,27,-5,3864.25,2758
2022-12-23 13:41:14,8,-4,3864.0,2754
2022-12-23 13:41:16,14,4,3864.0,2758
2022-12-23 13:41:18,11,1,3864.25,2759
2022-12-23 13:41:19,14,-7,3864.5,2752
2022-12-23 13:41:20,8,2,3864.5,2754
2022-12-23 13:41:21,21,-7,3864.25,2747
2022-12-23 13:41:22,3,3,3864.5,2750
2022-12-23 13:41:23,13,-6,3864.5,2744
2022-12-23 13:41:25,2,-1,3864.25,2743
2022-12-23 13:41:26,12,-8,3864.5,2735
2022-12-23 13:41:27,1,1,3864.5,2736
2022-12-23 13:41:28,8,-2,3864.25,2734
2022-12-23 13:41:29,19,0,3864.25,2734
2022-12-23 13:41:30,2,-2,3864.25,2732
2022-12-23 13:41:31,19,5,3864.25,2737
2022-12-23 13:41:34,22,-11,3864.25,2726
2022-12-23 13:41:36,34,-1,3864.25,2725
2022-12-23 13:41:37,2,2,3864.25,2727
2022-12-23 13:41:38,5,-1,3864.25,2726
2022-12-23 13:41:40,31,10,3864.0,2736
2022-12-23 13:41:41,13,-6,3864.0,2730
2022-12-23 13:41:42,52,-19,3863.75,2711
2022-12-23 13:41:43,21,-2,3863.75,2709
2022-12-23 13:41:44,23,2,3863.75,2711
2022-12-23 13:41:45,2,-2,3863.5,2709
2022-12-23 13:41:47,29,-16,3863.5,2693
2022-12-23 13:41:48,6,4,3863.5,2697
2022-12-23 13:41:49,1,-1,3863.5,2696
2022-12-23 13:41:50,7,-4,3863.5,2692
2022-12-23 13:41:51,17,-3,3863.25,2689
2022-12-23 13:41:52,7,0,3863.25,2689
2022-12-23 13:41:53,42,-5,3863.25,2684
2022-12-23 13:41:54,75,-14,3863.0,2670
2022-12-23 13:41:55,55,-13,3862.75,2657
2022-12-23 13:41:56,2,0,3862.75,2657
2022-12-23 13:41:57,2,0,3862.75,2657
2022-12-23 13:41:58,22,9,3862.75,2666
2022-12-23 13:41:59,2,-2,3862.5,2664
2022-12-23 13:42:00,1,-1,3862.5,2663
2022-12-23 13:42:01,20,3,3862.75,2666
2022-12-23 13:42:02,55,-13,3863.0,2653
2022-12-23 13:42:03,37,18,3863.25,2671
2022-12-23 13:42:04,42,0,3863.25,2671
2022-12-23 13:42:05,1,1,3863.5,2672
2022-12-23 13:42:06,22,-4,3863.25,2668
2022-12-23 13:42:07,8,-1,3863.25,2667
2022-12-23 13:42:08,3,2,3863.25,2669
2022-12-23 13:42:09,19,-11,3863.0,2658
2022-12-23 13:42:10,37,-6,3862.75,2652
2022-12-23 13:42:12,27,-18,3862.5,2634
2022-12-23 13:42:13,16,6,3862.5,2640
2022-12-23 13:42:14,36,0,3862.25,2640
2022-12-23 13:42:15,5,5,3862.25,2645
2022-12-23 13:42:16,15,-13,3862.25,2632
2022-12-23 13:42:17,46,12,3862.25,2644
2022-12-23 13:42:18,9,-3,3862.25,2641
2022-12-23 13:42:19,7,-4,3862.0,2637
2022-12-23 13:42:20,24,6,3862.0,2643
2022-12-23 13:42:21,19,14,3862.25,2657
2022-12-23 13:42:22,9,-7,3862.0,2650
2022-12-23 13:42:23,9,6,3862.0,2656
2022-12-23 13:42:24,12,0,3862.0,2656
2022-12-23 13:42:25,10,9,3862.25,2665
2022-12-23 13:42:26,26,-2,3862.5,2663
2022-12-23 13:42:27,1,-1,3862.0,2662
2022-12-23 13:42:28,11,-9,3862.25,2653
2022-12-23 13:42:30,18,6,3862.0,2659
2022-12-23 13:42:32,43,15,3862.25,2674
2022-12-23 13:42:33,6,-1,3862.25,2673
2022-12-23 13:42:34,8,-6,3862.0,2667
2022-12-23 13:42:35,5,-5,3862.0,2662
2022-12-23 13:42:36,1,1,3862.0,2663
2022-12-23 13:42:38,2,2,3862.0,2665
2022-12-23 13:42:40,48,-14,3861.75,2651
2022-12-23 13:42:41,32,6,3861.75,2657
2022-12-23 13:42:42,5,-3,3861.75,2654
2022-12-23 13:42:43,2,-2,3861.5,2652
2022-12-23 13:42:44,1,-1,3861.5,2651
2022-12-23 13:42:45,3,-2,3861.5,2649
2022-12-23 13:42:46,65,-44,3861.5,2605
2022-12-23 13:42:47,27,-7,3861.25,2598
2022-12-23 13:42:48,1,-1,3861.0,2597
2022-12-23 13:42:49,42,16,3861.5,2613
2022-12-23 13:42:50,16,-2,3861.25,2611
2022-12-23 13:42:51,49,-8,3861.25,2603
2022-12-23 13:42:52,19,2,3861.25,2605
2022-12-23 13:42:53,1,-1,3861.0,2604
2022-12-23 13:42:54,22,-14,3861.0,2590
2022-12-23 13:42:55,11,0,3861.25,2590
2022-12-23 13:42:56,14,10,3861.5,2600
2022-12-23 13:42:57,33,-8,3861.5,2592
2022-12-23 13:42:58,26,3,3861.75,2595
2022-12-23 13:42:59,13,-2,3861.5,2593
2022-12-23 13:43:00,43,3,3861.75,2596
2022-12-23 13:43:01,29,-1,3861.75,2595
2022-12-23 13:43:02,27,-8,3861.75,2587
2022-12-23 13:43:03,11,-7,3861.75,2580
2022-12-23 13:43:04,25,-1,3861.75,2579
2022-12-23 13:43:05,1,1,3861.75,2580
2022-12-23 13:43:06,45,-5,3861.5,2575
2022-12-23 13:43:08,32,-7,3861.25,2568
2022-12-23 13:43:09,2,0,3861.25,2568
2022-12-23 13:43:10,8,-4,3861.0,2564
2022-12-23 13:43:11,103,64,3861.5,2628
2022-12-23 13:43:12,39,-16,3861.0,2612
2022-12-23 13:43:13,2,-2,3860.75,2610
2022-12-23 13:43:14,1,-1,3860.75,2609
2022-12-23 13:43:15,50,-13,3861.0,2596
2022-12-23 13:43:16,16,8,3861.0,2604
2022-12-23 13:43:17,7,1,3861.0,2605
2022-12-23 13:43:18,110,-42,3860.75,2563
2022-12-23 13:43:19,25,-9,3860.25,2554
2022-12-23 13:43:20,71,12,3860.75,2566
2022-12-23 13:43:21,28,-9,3860.75,2557
2022-12-23 13:43:22,5,1,3860.5,2558
2022-12-23 13:43:23,14,-10,3860.5,2548
2022-12-23 13:43:25,47,-3,3860.25,2545
2022-12-23 13:43:27,9,-6,3860.0,2539
2022-12-23 13:43:28,31,-17,3860.0,2522
2022-12-23 13:43:29,3,-3,3860.0,2519
2022-12-23 13:43:30,43,14,3860.25,2533
2022-12-23 13:43:31,55,3,3860.25,2536
2022-12-23 13:43:32,11,9,3860.25,2545
2022-12-23 13:43:33,22,1,3860.75,2546
2022-12-23 13:43:34,34,-2,3860.5,2544
2022-12-23 13:43:35,19,5,3860.25,2549
2022-12-23 13:43:36,8,-2,3860.25,2547
2022-12-23 13:43:37,1,1,3860.25,2548
2022-12-23 13:43:38,25,-8,3860.25,2540
2022-12-23 13:43:39,11,6,3860.0,2546
2022-12-23 13:43:40,54,-27,3860.0,2519
2022-12-23 13:43:41,7,6,3860.0,2525
2022-12-23 13:43:42,5,-3,3860.0,2522
2022-12-23 13:43:43,42,-14,3860.0,2508
2022-12-23 13:43:44,10,-6,3860.0,2502
2022-12-23 13:43:46,39,12,3860.5,2514
2022-12-23 13:43:47,4,2,3860.5,2516
2022-12-23 13:43:48,17,3,3860.5,2519
2022-12-23 13:43:49,7,-5,3860.5,2514
2022-12-23 13:43:50,20,-5,3860.5,2509
2022-12-23 13:43:51,4,2,3860.5,2511
2022-12-23 13:43:52,2,0,3860.75,2511
2022-12-23 13:43:53,2,0,3860.75,2511
2022-12-23 13:43:55,8,1,3860.75,2512
2022-12-23 13:43:56,98,-6,3861.0,2506
2022-12-23 13:43:57,10,5,3860.75,2511
2022-12-23 13:43:58,20,-16,3860.5,2495
2022-12-23 13:43:59,16,6,3860.5,2501
2022-12-23 13:44:00,25,-12,3860.5,2489
2022-12-23 13:44:01,2,0,3860.5,2489
2022-12-23 13:44:02,28,-21,3860.25,2468
2022-12-23 13:44:03,28,-19,3859.75,2449
2022-12-23 13:44:04,32,-6,3859.75,2443
2022-12-23 13:44:05,9,3,3859.75,2446
2022-12-23 13:44:06,44,-2,3860.0,2444
2022-12-23 13:44:07,10,3,3859.75,2447
2022-12-23 13:44:08,5,-1,3859.75,2446
2022-12-23 13:44:09,5,-4,3859.5,2442
2022-12-23 13:44:11,59,-9,3859.75,2433
2022-12-23 13:44:12,17,3,3859.5,2436
2022-12-23 13:44:13,44,-22,3859.75,2414
2022-12-23 13:44:14,4,1,3859.75,2415
2022-12-23 13:44:15,27,7,3860.0,2422
2022-12-23 13:44:16,19,8,3860.25,2430
2022-12-23 13:44:17,68,-14,3860.0,2416
2022-12-23 13:44:18,21,-15,3860.0,2401
2022-12-23 13:44:19,4,4,3860.0,2405
2022-12-23 13:44:20,6,-5,3860.0,2400
2022-12-23 13:44:22,19,-13,3860.0,2387
2022-12-23 13:44:23,1,-1,3859.5,2386
2022-12-23 13:44:25,51,-7,3859.75,2379
2022-12-23 13:44:26,10,-4,3859.75,2375
2022-12-23 13:44:27,5,3,3860.0,2378
2022-12-23 13:44:28,42,1,3860.0,2379
2022-12-23 13:44:29,7,-1,3860.0,2378
2022-12-23 13:44:30,4,0,3860.0,2378
2022-12-23 13:44:31,31,-8,3860.25,2370
2022-12-23 13:44:32,3,-3,3860.0,2367
2022-12-23 13:44:33,19,-3,3860.0,2364
2022-12-23 13:44:34,12,-6,3860.0,2358
2022-12-23 13:44:35,36,-16,3859.75,2342
2022-12-23 13:44:36,24,1,3859.5,2343
2022-12-23 13:44:37,7,1,3859.75,2344
2022-12-23 13:44:38,3,-2,3859.5,2342
2022-12-23 13:44:39,10,-7,3859.5,2335
2022-12-23 13:44:40,24,5,3859.75,2340
2022-12-23 13:44:41,4,-3,3859.5,2337
2022-12-23 13:44:42,201,-80,3859.75,2257
2022-12-23 13:44:43,15,-11,3858.75,2246
2022-12-23 13:44:44,49,11,3859.25,2257
2022-12-23 13:44:45,25,-1,3859.25,2256
2022-12-23 13:44:46,1,1,3859.25,2257
2022-12-23 13:44:49,2,0,3859.25,2257
2022-12-23 13:44:50,17,6,3859.25,2263
2022-12-23 13:44:51,1,1,3859.25,2264
2022-12-23 13:44:52,33,-22,3859.25,2242
2022-12-23 13:44:53,19,-4,3859.25,2238
2022-12-23 13:44:55,97,-13,3859.5,2225
2022-12-23 13:44:56,57,4,3859.5,2229
2022-12-23 13:44:57,1,1,3859.5,2230
2022-12-23 13:44:58,6,-2,3859.5,2228
2022-12-23 13:45:00,108,-36,3859.5,2192
2022-12-23 13:45:01,35,5,3859.5,2197
2022-12-23 13:45:02,52,16,3860.0,2213
2022-12-23 13:45:03,52,-4,3860.25,2209
2022-12-23 13:45:04,32,-4,3860.25,2205
2022-12-23 13:45:05,27,12,3860.25,2217
2022-12-23 13:45:06,91,-31,3860.25,2186
2022-12-23 13:45:07,85,-48,3859.5,2138
2022-12-23 13:45:08,38,-7,3859.0,2131
2022-12-23 13:45:09,193,-58,3858.75,2073
2022-12-23 13:45:10,20,-14,3858.5,2059
2022-12-23 13:45:11,26,2,3858.75,2061
2022-12-23 13:45:12,26,-9,3858.75,2052
2022-12-23 13:45:13,11,8,3858.5,2060
2022-12-23 13:45:14,35,9,3859.0,2069
2022-12-23 13:45:15,11,8,3859.0,2077
2022-12-23 13:45:16,1,-1,3859.0,2076
2022-12-23 13:45:18,4,-4,3859.0,2072
2022-12-23 13:45:19,38,-16,3859.0,2056
2022-12-23 13:45:20,34,3,3859.0,2059
2022-12-23 13:45:22,26,-13,3859.0,2046
2022-12-23 13:45:23,39,-6,3859.0,2040
2022-12-23 13:45:24,19,0,3859.0,2040
2022-12-23 13:45:25,30,-12,3859.0,2028
2022-12-23 13:45:26,2,2,3858.75,2030
2022-12-23 13:45:27,11,-9,3858.75,2021
2022-12-23 13:45:28,25,5,3858.75,2026
2022-12-23 13:45:29,83,-27,3858.5,1999
2022-12-23 13:45:30,37,0,3858.75,1999
2022-12-23 13:45:31,23,-2,3858.5,1997
2022-12-23 13:45:32,26,5,3858.25,2002
2022-12-23 13:45:33,144,-70,3858.0,1932
2022-12-23 13:45:34,50,3,3858.0,1935
2022-12-23 13:45:35,352,-137,3857.5,1798
2022-12-23 13:45:36,88,-17,3857.0,1781
2022-12-23 13:45:37,67,2,3857.0,1783
2022-12-23 13:45:38,12,-2,3857.0,1781
2022-12-23 13:45:39,147,-16,3857.0,1765
2022-12-23 13:45:40,143,-66,3856.75,1699
2022-12-23 13:45:41,180,-60,3856.25,1639
2022-12-23 13:45:42,63,14,3855.75,1653
2022-12-23 13:45:43,63,-14,3856.0,1639
2022-12-23 13:45:44,100,-17,3855.75,1622
2022-12-23 13:45:45,111,-36,3855.5,1586
2022-12-23 13:45:46,250,-59,3855.25,1527
2022-12-23 13:45:47,108,14,3854.75,1541
2022-12-23 13:45:48,641,-137,3854.75,1404
2022-12-23 13:45:49,213,-28,3853.25,1376
2022-12-23 13:45:50,131,-6,3853.0,1370
2022-12-23 13:45:51,372,-26,3852.75,1344
2022-12-23 13:45:52,201,7,3852.25,1351
2022-12-23 13:45:53,107,16,3852.5,1367
2022-12-23 13:45:54,78,-2,3852.75,1365
2022-12-23 13:45:55,152,7,3853.0,1372
2022-12-23 13:45:56,166,6,3853.5,1378
2022-12-23 13:45:57,25,0,3853.0,1378
2022-12-23 13:45:58,86,-2,3853.25,1376
2022-12-23 13:45:59,74,12,3853.0,1388
2022-12-23 13:46:00,288,52,3854.0,1440
2022-12-23 13:46:01,102,0,3854.5,1440
2022-12-23 13:46:02,140,6,3854.25,1446
2022-12-23 13:46:03,55,18,3854.25,1464
2022-12-23 13:46:04,6,2,3854.25,1466
2022-12-23 13:46:05,68,-13,3854.5,1453
2022-12-23 13:46:06,34,5,3854.5,1458
2022-12-23 13:46:07,110,-16,3854.75,1442
2022-12-23 13:46:08,74,28,3855.0,1470
2022-12-23 13:46:09,36,8,3855.25,1478
2022-12-23 13:46:10,80,-10,3855.25,1468
2022-12-23 13:46:11,64,-16,3855.5,1452
2022-12-23 13:46:12,29,-17,3855.25,1435
2022-12-23 13:46:13,66,-11,3855.25,1424
2022-12-23 13:46:14,69,-1,3855.75,1423
2022-12-23 13:46:15,37,-4,3855.5,1419
2022-12-23 13:46:16,41,2,3855.75,1421
2022-12-23 13:46:17,16,10,3855.75,1431
2022-12-23 13:46:18,58,-16,3856.0,1415
2022-12-23 13:46:19,27,0,3855.75,1415
2022-12-23 13:46:20,20,-1,3856.0,1414
2022-12-23 13:46:21,32,11,3856.0,1425
2022-12-23 13:46:22,27,-12,3856.0,1413
2022-12-23 13:46:23,15,-4,3856.0,1409
2022-12-23 13:46:24,46,7,3856.0,1416
2022-12-23 13:46:25,97,-1,3856.0,1415
2022-12-23 13:46:26,29,8,3856.0,1423
2022-12-23 13:46:27,110,-16,3856.0,1407
2022-12-23 13:46:28,40,22,3856.5,1429
2022-12-23 13:46:29,28,-5,3856.5,1424
2022-12-23 13:46:30,37,11,3856.25,1435
2022-12-23 13:46:31,58,9,3856.5,1444
2022-12-23 13:46:32,66,17,3856.75,1461
2022-12-23 13:46:33,22,3,3856.5,1464
2022-12-23 13:46:34,43,-8,3856.5,1456
2022-12-23 13:46:35,94,-73,3856.5,1383
2022-12-23 13:46:36,98,-40,3855.75,1343
2022-12-23 13:46:37,52,-18,3855.25,1325
2022-12-23 13:46:38,75,-5,3855.5,1320
2022-12-23 13:46:39,47,-1,3856.0,1319
2022-12-23 13:46:40,38,-8,3856.0,1311
2022-12-23 13:46:41,16,-4,3856.0,1307
2022-12-23 13:46:42,24,6,3855.75,1313
2022-12-23 13:46:43,26,11,3855.75,1324
2022-12-23 13:46:44,9,-5,3855.75,1319
2022-12-23 13:46:45,7,-7,3855.75,1312
2022-12-23 13:46:46,13,-7,3855.5,1305
2022-12-23 13:46:47,75,-19,3855.75,1286
2022-12-23 13:46:48,39,-17,3855.75,1269
2022-12-23 13:46:49,52,27,3855.75,1296
2022-12-23 13:46:50,68,14,3855.75,1310
2022-12-23 13:46:51,23,-1,3855.75,1309
2022-12-23 13:46:52,23,6,3856.0,1315
2022-12-23 13:46:53,11,-3,3856.0,1312
2022-12-23 13:46:54,9,-9,3855.75,1303
2022-12-23 13:46:55,15,1,3855.5,1304
2022-12-23 13:46:56,1,-1,3855.25,1303
2022-12-23 13:46:57,36,17,3855.5,1320
2022-12-23 13:46:58,1,1,3855.75,1321
2022-12-23 13:46:59,111,-51,3856.25,1270
2022-12-23 13:47:00,29,5,3856.0,1275
2022-12-23 13:47:01,3,1,3856.0,1276
2022-12-23 13:47:02,19,-3,3856.0,1273
2022-12-23 13:47:03,49,13,3856.0,1286
2022-12-23 13:47:04,15,-7,3856.0,1279
2022-12-23 13:47:05,22,2,3856.0,1281
2022-12-23 13:47:06,27,-2,3856.0,1279
2022-12-23 13:47:07,6,-4,3855.75,1275
2022-12-23 13:47:08,49,-8,3855.75,1267
2022-12-23 13:47:09,7,-3,3855.75,1264
2022-12-23 13:47:10,4,1,3855.75,1265
2022-12-23 13:47:11,17,10,3856.0,1275
2022-12-23 13:47:12,6,-6,3856.0,1269
2022-12-23 13:47:13,73,-3,3856.25,1266
2022-12-23 13:47:14,24,-3,3856.5,1263
2022-12-23 13:47:15,146,90,3857.0,1353
2022-12-23 13:47:16,153,4,3857.5,1357
2022-12-23 13:47:17,75,-6,3857.5,1351
2022-12-23 13:47:18,29,3,3857.25,1354
2022-12-23 13:47:19,30,2,3857.5,1356
2022-12-23 13:47:20,28,-2,3857.25,1354
2022-12-23 13:47:21,33,7,3857.75,1361
2022-12-23 13:47:22,21,4,3857.5,1365
2022-12-23 13:47:23,72,23,3857.5,1388
2022-12-23 13:47:24,271,230,3858.0,1618
2022-12-23 13:47:25,63,-10,3857.5,1608
2022-12-23 13:47:26,25,-12,3857.25,1596
2022-12-23 13:47:27,62,-6,3856.75,1590
2022-12-23 13:47:28,11,-8,3856.5,1582
2022-12-23 13:47:29,13,2,3856.5,1584
2022-12-23 13:47:30,31,-9,3856.5,1575
2022-12-23 13:47:31,3,-3,3856.5,1572
2022-12-23 13:47:32,45,17,3856.75,1589
2022-12-23 13:47:33,6,2,3856.5,1591
2022-12-23 13:47:34,7,-5,3856.75,1586
2022-12-23 13:47:35,25,-8,3856.5,1578
2022-12-23 13:47:36,3,3,3856.5,1581
2022-12-23 13:47:37,33,8,3856.5,1589
2022-12-23 13:47:38,3,2,3856.5,1591
2022-12-23 13:47:39,126,-25,3856.25,1566
2022-12-23 13:47:40,14,0,3856.5,1566
2022-12-23 13:47:41,2,-2,3856.25,1564
2022-12-23 13:47:42,20,2,3856.5,1566
2022-12-23 13:47:43,16,3,3856.75,1569
2022-12-23 13:47:44,15,-10,3856.5,1559
2022-12-23 13:47:45,49,6,3856.5,1565
2022-12-23 13:47:46,2,0,3856.75,1565
2022-12-23 13:47:47,7,3,3856.75,1568
2022-12-23 13:47:48,18,12,3857.0,1580
2022-12-23 13:47:49,33,8,3857.5,1588
2022-12-23 13:47:50,48,5,3857.75,1593
2022-12-23 13:47:51,82,30,3858.25,1623
2022-12-23 13:47:52,107,20,3858.75,1643
2022-12-23 13:47:53,85,32,3859.25,1675
2022-12-23 13:47:54,125,27,3859.5,1702
2022-12-23 13:47:55,51,-2,3859.25,1700
2022-12-23 13:47:56,10,-3,3859.25,1697
2022-12-23 13:47:57,107,-26,3859.0,1671
2022-12-23 13:47:58,21,-9,3859.0,1662
2022-12-23 13:47:59,31,-8,3858.75,1654
2022-12-23 13:48:00,38,-1,3859.0,1653
2022-12-23 13:48:01,103,8,3859.25,1661
2022-12-23 13:48:02,28,-8,3859.25,1653
2022-12-23 13:48:03,34,-3,3859.0,1650
2022-12-23 13:48:04,4,-2,3858.75,1648
2022-12-23 13:48:05,26,-6,3858.75,1642
2022-12-23 13:48:06,18,-7,3858.75,1635
2022-12-23 13:48:07,7,-7,3858.5,1628
2022-12-23 13:48:08,61,14,3859.25,1642
2022-12-23 13:48:09,32,-7,3859.25,1635
2022-12-23 13:48:10,22,-3,3859.0,1632
2022-12-23 13:48:11,2,0,3859.0,1632
2022-12-23 13:48:12,24,-8,3858.75,1624
2022-12-23 13:48:13,59,-26,3858.5,1598
2022-12-23 13:48:14,23,-2,3858.75,1596
2022-12-23 13:48:15,1,-1,3858.5,1595
2022-12-23 13:48:16,48,3,3858.5,1598
2022-12-23 13:48:17,44,-8,3858.5,1590
2022-12-23 13:48:18,33,17,3858.75,1607
2022-12-23 13:48:19,87,2,3858.75,1609
2022-12-23 13:48:20,22,1,3858.5,1610
2022-12-23 13:48:21,6,2,3858.5,1612
2022-12-23 13:48:22,31,17,3858.75,1629
2022-12-23 13:48:23,16,8,3859.0,1637
2022-12-23 13:48:24,16,-12,3859.0,1625
2022-12-23 13:48:25,20,2,3858.75,1627
2022-12-23 13:48:26,11,-10,3858.75,1617
2022-12-23 13:48:27,10,-4,3858.5,1613
2022-12-23 13:48:29,6,-1,3858.5,1612
2022-12-23 13:48:30,1,-1,3858.5,1611
2022-12-23 13:48:31,36,-18,3858.5,1593
2022-12-23 13:48:32,1,1,3858.5,1594
2022-12-23 13:48:33,24,4,3858.5,1598
2022-12-23 13:48:34,26,0,3858.5,1598
2022-12-23 13:48:35,5,5,3858.5,1603
2022-12-23 13:48:36,43,20,3858.5,1623
2022-12-23 13:48:37,46,-18,3858.5,1605
2022-12-23 13:48:38,10,-2,3858.5,1603
2022-12-23 13:48:39,2,-2,3858.25,1601
2022-12-23 13:48:40,52,-8,3858.5,1593
2022-12-23 13:48:41,7,-2,3858.25,1591
2022-12-23 13:48:42,10,1,3858.0,1592
2022-12-23 13:48:43,32,-3,3858.0,1589
2022-12-23 13:48:44,14,6,3858.25,1595
2022-12-23 13:48:45,68,18,3858.25,1613
2022-12-23 13:48:46,23,-1,3858.25,1612
2022-12-23 13:48:47,3,-2,3858.0,1610
2022-12-23 13:48:48,19,-5,3858.0,1605
2022-12-23 13:48:49,19,1,3858.0,1606
2022-12-23 13:48:50,38,7,3858.25,1613
2022-12-23 13:48:51,7,2,3858.25,1615
2022-12-23 13:48:52,2,0,3858.5,1615
2022-12-23 13:48:55,43,0,3858.5,1615
2022-12-23 13:48:56,38,17,3858.5,1632
2022-12-23 13:48:57,86,28,3859.25,1660
2022-12-23 13:48:58,47,20,3859.25,1680
2022-12-23 13:48:59,54,2,3859.75,1682
2022-12-23 13:49:00,65,7,3859.75,1689
2022-12-23 13:49:01,22,18,3859.75,1707
2022-12-23 13:49:02,32,-15,3859.75,1692
2022-12-23 13:49:03,29,-5,3859.5,1687
2022-12-23 13:49:04,21,-2,3859.0,1685
2022-12-23 13:49:05,9,5,3859.25,1690
2022-12-23 13:49:06,5,4,3859.5,1694
2022-12-23 13:49:07,46,-11,3859.25,1683
2022-12-23 13:49:08,4,-2,3859.0,1681
2022-12-23 13:49:09,19,5,3859.0,1686
2022-12-23 13:49:10,9,-8,3858.75,1678
2022-12-23 13:49:11,40,-5,3858.5,1673
2022-12-23 13:49:12,3,-3,3858.25,1670
2022-12-23 13:49:13,23,14,3858.5,1684
2022-12-23 13:49:14,25,13,3858.75,1697
2022-12-23 13:49:15,22,1,3858.75,1698
2022-12-23 13:49:16,18,14,3859.25,1712
2022-12-23 13:49:17,1,1,3859.25,1713
2022-12-23 13:49:18,44,-4,3859.5,1709
2022-12-23 13:49:19,16,4,3859.5,1713
2022-12-23 13:49:20,18,4,3859.5,1717
2022-12-23 13:49:21,64,1,3859.5,1718
2022-12-23 13:49:22,6,0,3859.5,1718
2022-12-23 13:49:23,29,-8,3859.5,1710
2022-12-23 13:49:24,7,-5,3859.25,1705
2022-12-23 13:49:25,14,-2,3859.0,1703
2022-12-23 13:49:26,15,10,3859.25,1713
2022-12-23 13:49:27,37,-2,3859.25,1711
2022-12-23 13:49:28,43,2,3859.5,1713
2022-12-23 13:49:29,34,-6,3859.75,1707
2022-12-23 13:49:30,51,0,3859.75,1707
2022-12-23 13:49:31,107,47,3859.5,1754
2022-12-23 13:49:32,37,-5,3859.0,1749
2022-12-23 13:49:33,62,-11,3859.0,1738
2022-12-23 13:49:34,6,-6,3858.5,1732
2022-12-23 13:49:35,19,11,3858.75,1743
2022-12-23 13:49:36,15,5,3859.0,1748
2022-12-23 13:49:37,22,10,3859.0,1758
2022-12-23 13:49:38,2,2,3859.25,1760
2022-12-23 13:49:39,16,1,3859.25,1761
2022-12-23 13:49:40,20,-7,3859.0,1754
2022-12-23 13:49:41,7,3,3859.0,1757
2022-12-23 13:49:42,9,1,3859.25,1758
2022-12-23 13:49:43,7,-7,3859.0,1751
2022-12-23 13:49:44,34,-8,3858.75,1743
2022-12-23 13:49:45,2,-2,3858.75,1741
2022-12-23 13:49:47,17,-3,3858.75,1738
2022-12-23 13:49:48,4,1,3859.0,1739
2022-12-23 13:49:49,40,-2,3858.75,1737
2022-12-23 13:49:50,25,2,3858.75,1739
2022-12-23 13:49:51,1,-1,3858.5,1738
2022-12-23 13:49:52,24,-5,3858.75,1733
2022-12-23 13:49:53,54,10,3858.75,1743
2022-12-23 13:49:54,15,-3,3858.5,1740
2022-12-23 13:49:55,4,2,3858.5,1742
2022-12-23 13:49:56,5,0,3858.5,1742
2022-12-23 13:49:57,51,-14,3858.5,1728
2022-12-23 13:49:58,23,-9,3858.5,1719
2022-12-23 13:49:59,12,-4,3858.5,1715
2022-12-23 13:50:00,26,4,3858.5,1719
2022-12-23 13:50:01,2,-1,3858.25,1718
2022-12-23 13:50:02,86,-7,3858.5,1711
2022-12-23 13:50:03,4,-1,3858.25,1710
2022-12-23 13:50:05,62,4,3858.25,1714
2022-12-23 13:50:06,8,-6,3858.25,1708
2022-12-23 13:50:07,21,2,3858.25,1710
2022-12-23 13:50:08,6,-3,3858.25,1707
2022-12-23 13:50:10,30,1,3858.5,1708
2022-12-23 13:50:11,1,1,3858.5,1709
2022-12-23 13:50:12,32,10,3858.75,1719
2022-12-23 13:50:13,33,-1,3858.5,1718
2022-12-23 13:50:14,3,1,3858.5,1719
2022-12-23 13:50:15,25,-18,3858.25,1701
2022-12-23 13:50:16,2,-2,3857.75,1699
2022-12-23 13:50:17,47,-2,3858.0,1697
2022-12-23 13:50:18,4,-4,3858.0,1693
2022-12-23 13:50:19,14,-5,3857.75,1688
2022-12-23 13:50:20,9,-5,3857.75,1683
2022-12-23 13:50:21,29,-14,3857.75,1669
2022-12-23 13:50:22,39,-4,3857.5,1665
2022-12-23 13:50:23,66,-10,3857.5,1655
2022-12-23 13:50:24,3,-3,3857.25,1652
2022-12-23 13:50:25,35,4,3857.5,1656
2022-12-23 13:50:26,11,-10,3857.25,1646
2022-12-23 13:50:27,9,-1,3857.5,1645
2022-12-23 13:50:28,41,0,3857.25,1645
2022-12-23 13:50:29,18,0,3857.25,1645
2022-12-23 13:50:30,11,4,3857.25,1649
2022-12-23 13:50:31,20,-5,3857.25,1644
2022-12-23 13:50:32,13,11,3857.75,1655
2022-12-23 13:50:33,29,0,3857.75,1655
2022-12-23 13:50:34,14,0,3857.75,1655
2022-12-23 13:50:35,16,-1,3858.0,1654
2022-12-23 13:50:36,22,12,3857.75,1666
2022-12-23 13:50:37,30,20,3858.0,1686
2022-12-23 13:50:38,30,-13,3858.0,1673
2022-12-23 13:50:39,23,5,3858.0,1678
2022-12-23 13:50:40,4,-2,3858.0,1676
2022-12-23 13:50:41,8,5,3858.0,1681
2022-12-23 13:50:42,46,-14,3858.25,1667
2022-12-23 13:50:43,110,55,3858.5,1722
2022-12-23 13:50:44,69,-25,3858.5,1697
2022-12-23 13:50:45,17,8,3858.0,1705
2022-12-23 13:50:46,33,-2,3857.75,1703
2022-12-23 13:50:47,17,3,3858.0,1706
2022-12-23 13:50:48,19,1,3857.75,1707
2022-12-23 13:50:49,314,209,3858.5,1916
2022-12-23 13:50:50,82,14,3858.0,1930
2022-12-23 13:50:52,68,-18,3857.75,1912
2022-12-23 13:50:54,3,1,3857.5,1913
2022-12-23 13:50:55,31,9,3857.5,1922
2022-12-23 13:50:56,15,4,3857.5,1926
2022-12-23 13:50:57,1,-1,3857.25,1925
2022-12-23 13:50:58,2,-2,3857.25,1923
2022-12-23 13:50:59,40,-3,3857.25,1920
2022-12-23 13:51:00,4,-2,3857.25,1918
2022-12-23 13:51:01,32,2,3857.25,1920
2022-12-23 13:51:02,9,-9,3857.25,1911
2022-12-23 13:51:03,34,-4,3857.0,1907
2022-12-23 13:51:04,22,4,3857.25,1911
2022-12-23 13:51:05,29,4,3857.5,1915
2022-12-23 13:51:06,28,5,3857.0,1920
2022-12-23 13:51:07,32,-3,3857.25,1917
2022-12-23 13:51:08,19,11,3857.5,1928
2022-12-23 13:51:09,45,0,3857.75,1928
2022-12-23 13:51:10,17,6,3857.5,1934
2022-12-23 13:51:11,21,0,3857.5,1934
2022-12-23 13:51:12,1,1,3857.75,1935
2022-12-23 13:51:13,10,-1,3857.5,1934
2022-12-23 13:51:14,33,1,3858.0,1935
2022-12-23 13:51:15,11,5,3858.0,1940
2022-12-23 13:51:16,7,-5,3857.75,1935
2022-12-23 13:51:17,7,4,3858.0,1939
2022-12-23 13:51:18,18,-6,3858.0,1933
2022-12-23 13:51:19,8,-2,3858.0,1931
2022-12-23 13:51:21,14,5,3858.0,1936
2022-12-23 13:51:22,9,-9,3857.75,1927
2022-12-23 13:51:23,12,6,3857.5,1933
2022-12-23 13:51:24,12,-7,3857.5,1926
2022-12-23 13:51:25,5,-1,3857.5,1925
2022-12-23 13:51:27,24,9,3857.5,1934
2022-12-23 13:51:28,20,-7,3857.75,1927
2022-12-23 13:51:30,1,1,3857.5,1928
2022-12-23 13:51:31,45,-20,3857.25,1908
2022-12-23 13:51:32,17,-2,3857.0,1906
2022-12-23 13:51:33,17,3,3857.25,1909
2022-12-23 13:51:34,10,-4,3857.25,1905
2022-12-23 13:51:35,11,4,3857.0,1909
2022-12-23 13:51:36,21,-6,3857.25,1903
2022-12-23 13:51:37,11,9,3857.25,1912
2022-12-23 13:51:39,1,-1,3857.0,1911
2022-12-23 13:51:40,18,0,3857.25,1911
2022-12-23 13:51:41,53,4,3857.0,1915
2022-12-23 13:51:42,1,1,3857.25,1916
2022-12-23 13:51:43,21,0,3857.25,1916
2022-12-23 13:51:44,24,3,3857.5,1919
2022-12-23 13:51:45,3,-3,3857.25,1916
2022-12-23 13:51:46,6,6,3857.5,1922
2022-12-23 13:51:47,39,9,3857.75,1931
2022-12-23 13:51:48,17,5,3858.0,1936
2022-12-23 13:51:49,24,14,3858.25,1950
2022-12-23 13:51:50,48,9,3858.5,1959
2022-12-23 13:51:51,21,10,3858.5,1969
2022-12-23 13:51:52,14,-14,3858.25,1955
2022-12-23 13:51:53,2,2,3858.25,1957
2022-12-23 13:51:54,3,3,3858.25,1960
2022-12-23 13:51:55,1,1,3858.5,1961
2022-12-23 13:51:56,1,1,3858.5,1962
2022-12-23 13:51:57,9,-5,3858.25,1957
2022-12-23 13:51:58,12,4,3858.25,1961
2022-12-23 13:51:59,33,3,3858.75,1964
2022-12-23 13:52:00,54,5,3858.75,1969
2022-12-23 13:52:01,55,-21,3858.25,1948
2022-12-23 13:52:02,4,-5,3857.75,1943
2022-12-23 13:52:03,4,-2,3857.75,1941
2022-12-23 13:52:05,29,3,3857.5,1944
2022-12-23 13:52:06,28,3,3857.75,1947
2022-12-23 13:52:07,16,2,3858.0,1949
2022-12-23 13:52:08,1,1,3858.0,1950
2022-12-23 13:52:09,53,-18,3858.0,1932
2022-12-23 13:52:10,2,2,3858.0,1934
2022-12-23 13:52:11,12,-6,3858.0,1928
2022-12-23 13:52:12,2,-2,3857.75,1926
2022-12-23 13:52:13,6,-4,3857.75,1922
2022-12-23 13:52:14,21,0,3857.75,1922
2022-12-23 13:52:17,23,7,3858.25,1929
2022-12-23 13:52:18,1,1,3858.0,1930
2022-12-23 13:52:19,22,-8,3858.0,1922
2022-12-23 13:52:21,3,-3,3857.75,1919
2022-12-23 13:52:23,18,6,3857.75,1925
2022-12-23 13:52:24,4,3,3858.0,1928
2022-12-23 13:52:25,73,6,3858.25,1934
2022-12-23 13:52:27,1,-1,3857.75,1933
2022-12-23 13:52:28,3,-2,3857.75,1931
2022-12-23 13:52:30,16,1,3858.0,1932
2022-12-23 13:52:31,1,1,3858.0,1933
2022-12-23 13:52:32,5,5,3858.0,1938
2022-12-23 13:52:33,35,6,3858.5,1944
2022-12-23 13:52:34,19,-9,3858.75,1935
2022-12-23 13:52:35,16,-3,3858.5,1932
2022-12-23 13:52:36,8,1,3858.5,1933
2022-12-23 13:52:38,53,10,3858.75,1943
2022-12-23 13:52:39,10,-4,3858.75,1939
2022-12-23 13:52:40,17,-6,3858.75,1933
2022-12-23 13:52:41,9,5,3858.75,1938
2022-12-23 13:52:42,36,-2,3858.75,1936
2022-12-23 13:52:43,8,-8,3858.5,1928
2022-12-23 13:52:44,12,-5,3858.75,1923
2022-12-23 13:52:45,3,1,3858.75,1924
2022-12-23 13:52:46,66,34,3859.25,1958
2022-12-23 13:52:47,136,51,3859.5,2009
2022-12-23 13:52:48,31,2,3859.5,2011
2022-12-23 13:52:49,32,-12,3859.5,1999
2022-12-23 13:52:51,18,-4,3859.25,1995
2022-12-23 13:52:52,11,2,3859.0,1997
2022-12-23 13:52:53,4,1,3859.0,1998
2022-12-23 13:52:54,9,6,3859.0,2004
2022-12-23 13:52:55,7,4,3859.25,2008
2022-12-23 13:52:56,5,5,3859.25,2013
2022-12-23 13:52:57,20,-12,3859.25,2001
2022-12-23 13:52:58,1,1,3859.0,2002
2022-12-23 13:52:59,18,-9,3858.75,1993
2022-12-23 13:53:00,5,5,3859.0,1998
2022-12-23 13:53:01,4,-4,3858.75,1994
2022-12-23 13:53:02,45,1,3858.75,1995
2022-12-23 13:53:03,45,-5,3858.75,1990
2022-12-23 13:53:04,49,-19,3858.0,1971
2022-12-23 13:53:05,32,16,3858.5,1987
2022-12-23 13:53:06,12,1,3858.75,1988
2022-12-23 13:53:07,10,-1,3858.75,1987
2022-12-23 13:53:09,30,-5,3858.75,1982
2022-12-23 13:53:10,21,-2,3858.75,1980
2022-12-23 13:53:12,13,-5,3858.75,1975
2022-12-23 13:53:13,1,1,3858.75,1976
2022-12-23 13:53:14,4,0,3858.75,1976
2022-12-23 13:53:15,2,-2,3858.75,1974
2022-12-23 13:53:16,26,-8,3858.5,1966
2022-12-23 13:53:17,13,-5,3858.75,1961
2022-12-23 13:53:18,4,-2,3858.5,1959
2022-12-23 13:53:19,11,5,3858.5,1964
2022-12-23 13:53:20,7,4,3858.5,1968
2022-12-23 13:53:23,30,-5,3858.5,1963
2022-12-23 13:53:25,13,0,3858.5,1963
2022-12-23 13:53:26,4,-4,3858.5,1959
2022-12-23 13:53:27,9,-3,3858.5,1956
2022-12-23 13:53:28,3,-2,3858.5,1954
2022-12-23 13:53:29,18,-6,3858.25,1948
2022-12-23 13:53:31,13,-5,3858.25,1943
2022-12-23 13:53:32,21,10,3858.5,1953
2022-12-23 13:53:33,2,-2,3858.5,1951
2022-12-23 13:53:34,6,-5,3858.5,1946
2022-12-23 13:53:35,2,2,3858.5,1948
2022-12-23 13:53:36,8,7,3858.5,1955
2022-12-23 13:53:37,41,-16,3858.5,1939
2022-12-23 13:53:39,8,4,3858.25,1943
2022-12-23 13:53:40,11,-4,3858.25,1939
2022-12-23 13:53:41,4,-2,3858.25,1937
2022-12-23 13:53:42,11,6,3858.25,1943
2022-12-23 13:53:44,3,-2,3858.0,1941
2022-12-23 13:53:45,46,24,3858.25,1965
2022-12-23 13:53:46,13,-2,3858.25,1963
2022-12-23 13:53:47,4,-4,3858.25,1959
2022-12-23 13:53:48,7,7,3858.5,1966
2022-12-23 13:53:49,12,-5,3858.5,1961
2022-12-23 13:53:50,13,-6,3858.25,1955
2022-12-23 13:53:52,10,1,3858.5,1956
2022-12-23 13:53:53,11,-10,3858.5,1946
2022-12-23 13:53:55,7,5,3858.5,1951
2022-12-23 13:53:57,6,6,3858.75,1957
2022-12-23 13:53:58,8,7,3859.0,1964
2022-12-23 13:53:59,60,7,3859.0,1971
2022-12-23 13:54:00,8,0,3859.0,1971
2022-12-23 13:54:01,7,2,3859.0,1973
2022-12-23 13:54:02,23,9,3859.0,1982
2022-12-23 13:54:03,11,-3,3859.0,1979
2022-12-23 13:54:04,31,9,3859.0,1988
2022-12-23 13:54:05,36,3,3859.5,1991
2022-12-23 13:54:06,56,22,3859.5,2013
2022-12-23 13:54:07,49,13,3859.75,2026
2022-12-23 13:54:08,68,35,3860.0,2061
2022-12-23 13:54:09,124,35,3860.25,2096
2022-12-23 13:54:10,48,-10,3860.0,2086
2022-12-23 13:54:11,6,6,3860.0,2092
2022-12-23 13:54:12,24,-14,3859.75,2078
2022-12-23 13:54:13,30,14,3860.25,2092
2022-12-23 13:54:14,35,-5,3860.25,2087
2022-12-23 13:54:15,50,5,3860.0,2092
2022-12-23 13:54:16,24,-11,3860.0,2081
2022-12-23 13:54:17,11,-7,3859.75,2074
2022-12-23 13:54:18,22,10,3859.75,2084
2022-12-23 13:54:19,26,-18,3859.75,2066
2022-12-23 13:54:20,3,-2,3859.5,2064
2022-12-23 13:54:21,17,2,3859.75,2066
2022-12-23 13:54:22,32,-9,3859.5,2057
2022-12-23 13:54:23,4,-3,3859.25,2054
2022-12-23 13:54:24,22,-11,3859.25,2043
2022-12-23 13:54:25,1,-1,3859.25,2042
2022-12-23 13:54:26,5,-4,3859.25,2038
2022-12-23 13:54:27,6,-2,3859.25,2036
2022-12-23 13:54:28,12,-7,3859.25,2029
2022-12-23 13:54:29,11,3,3859.0,2032
2022-12-23 13:54:30,31,-6,3859.0,2026
2022-12-23 13:54:31,7,-5,3858.75,2021
2022-12-23 13:54:32,22,3,3858.75,2024
2022-12-23 13:54:33,2,-2,3858.75,2022
2022-12-23 13:54:34,14,6,3859.0,2028
2022-12-23 13:54:35,21,-17,3859.0,2011
2022-12-23 13:54:36,8,3,3858.75,2014
2022-12-23 13:54:37,1,-1,3858.75,2013
2022-12-23 13:54:38,3,-2,3858.75,2011
2022-12-23 13:54:39,11,-5,3859.0,2006
2022-12-23 13:54:40,22,-1,3858.75,2005
2022-12-23 13:54:42,5,5,3858.75,2010
2022-12-23 13:54:43,7,7,3858.75,2017
2022-12-23 13:54:46,36,2,3859.0,2019
2022-12-23 13:54:47,4,4,3859.0,2023
2022-12-23 13:54:48,19,-9,3859.0,2014
2022-12-23 13:54:49,18,-8,3858.5,2006
2022-12-23 13:54:50,1,1,3858.5,2007
2022-12-23 13:54:51,15,3,3858.5,2010
2022-12-23 13:54:52,25,2,3858.5,2012
2022-12-23 13:54:53,1,-1,3858.5,2011
2022-12-23 13:54:54,23,-10,3858.75,2001
2022-12-23 13:54:56,3,3,3858.75,2004
2022-12-23 13:54:57,12,8,3859.0,2012
2022-12-23 13:54:58,39,-7,3859.25,2005
2022-12-23 13:54:59,9,-5,3858.75,2000
2022-12-23 13:55:00,4,4,3858.75,2004
2022-12-23 13:55:01,2,0,3858.75,2004
2022-12-23 13:55:02,106,5,3859.0,2009
2022-12-23 13:55:03,9,3,3859.25,2012
2022-12-23 13:55:04,7,5,3859.25,2017
2022-12-23 13:55:05,5,3,3859.5,2020
2022-12-23 13:55:06,23,-10,3859.5,2010
2022-12-23 13:55:07,8,-4,3859.5,2006
2022-12-23 13:55:08,22,-4,3859.0,2002
2022-12-23 13:55:09,12,-4,3859.0,1998
2022-12-23 13:55:10,25,4,3858.75,2002
2022-12-23 13:55:11,12,-6,3858.75,1996
2022-12-23 13:55:12,38,-21,3858.75,1975
2022-12-23 13:55:13,1,-1,3858.5,1974
2022-12-23 13:55:14,34,-4,3858.5,1970
2022-12-23 13:55:15,34,-10,3858.5,1960
2022-12-23 13:55:16,13,9,3858.5,1969
2022-12-23 13:55:17,10,3,3858.75,1972
2022-12-23 13:55:18,55,2,3859.25,1974
2022-12-23 13:55:19,13,4,3859.25,1978
2022-12-23 13:55:20,15,2,3859.0,1980
2022-12-23 13:55:21,4,-4,3859.0,1976
2022-12-23 13:55:23,14,13,3859.0,1989
2022-12-23 13:55:24,15,-11,3858.75,1978
2022-12-23 13:55:25,2,-1,3858.75,1977
2022-12-23 13:55:26,42,-8,3858.5,1969
2022-12-23 13:55:27,5,5,3858.5,1974
2022-12-23 13:55:29,9,-6,3858.75,1968
2022-12-23 13:55:30,23,11,3858.5,1979
2022-12-23 13:55:31,56,-14,3858.75,1965
2022-12-23 13:55:34,17,-7,3858.5,1958
2022-12-23 13:55:35,26,5,3858.5,1963
2022-12-23 13:55:36,11,2,3858.75,1965
2022-12-23 13:55:37,9,-4,3858.75,1961
2022-12-23 13:55:38,10,-7,3858.75,1954
2022-12-23 13:55:39,3,-1,3858.75,1953
2022-12-23 13:55:40,99,-23,3858.5,1930
2022-12-23 13:55:41,12,-5,3858.25,1925
2022-12-23 13:55:42,6,-1,3858.25,1924
2022-12-23 13:55:43,17,10,3858.25,1934
2022-12-23 13:55:45,18,6,3858.5,1940
2022-12-23 13:55:46,21,-12,3858.25,1928
2022-12-23 13:55:47,26,-2,3858.5,1926
2022-12-23 13:55:49,10,3,3858.5,1929
2022-12-23 13:55:50,20,-4,3858.75,1925
2022-12-23 13:55:51,4,2,3858.75,1927
2022-12-23 13:55:52,21,-1,3859.0,1926
2022-12-23 13:55:53,2,0,3859.0,1926
2022-12-23 13:55:54,3,-1,3859.0,1925
2022-12-23 13:55:55,1,-1,3858.75,1924
2022-12-23 13:55:56,2,-2,3858.75,1922
2022-12-23 13:55:57,31,-14,3858.75,1908
2022-12-23 13:55:58,26,7,3858.5,1915
2022-12-23 13:55:59,15,-15,3858.5,1900
2022-12-23 13:56:00,1,-1,3858.0,1899
2022-12-23 13:56:01,22,9,3858.25,1908
2022-12-23 13:56:02,44,14,3858.5,1922
2022-12-23 13:56:03,55,-23,3858.25,1899
2022-12-23 13:56:05,24,3,3858.0,1902
2022-12-23 13:56:06,50,-19,3858.0,1883
2022-12-23 13:56:07,4,0,3858.0,1883
2022-12-23 13:56:09,18,-5,3858.0,1878
2022-12-23 13:56:11,25,-5,3858.0,1873
2022-12-23 13:56:12,15,-14,3857.5,1859
2022-12-23 13:56:13,52,-9,3857.5,1850
2022-12-23 13:56:14,45,-21,3857.25,1829
2022-12-23 13:56:15,58,-1,3857.25,1828
2022-12-23 13:56:16,11,1,3857.25,1829
2022-12-23 13:56:17,16,2,3857.0,1831
2022-12-23 13:56:18,26,6,3857.25,1837
2022-12-23 13:56:19,38,-3,3857.25,1834
2022-12-23 13:56:20,29,11,3857.25,1845
2022-12-23 13:56:21,2,-2,3857.25,1843
2022-12-23 13:56:22,29,-19,3857.25,1824
2022-12-23 13:56:23,91,-16,3857.0,1808
2022-12-23 13:56:24,3,-3,3857.0,1805
2022-12-23 13:56:25,17,-3,3857.0,1802
2022-12-23 13:56:26,64,-30,3856.75,1772
2022-12-23 13:56:27,57,-32,3856.75,1740
2022-12-23 13:56:28,52,-6,3856.75,1734
2022-12-23 13:56:29,52,-20,3856.5,1714
2022-12-23 13:56:30,1,1,3856.75,1715
2022-12-23 13:56:31,12,-11,3856.5,1704
2022-12-23 13:56:32,32,-1,3856.75,1703
2022-12-23 13:56:33,24,5,3856.75,1708
2022-12-23 13:56:34,21,7,3856.75,1715
2022-12-23 13:56:35,88,47,3857.25,1762
2022-12-23 13:56:36,25,-18,3856.75,1744
2022-12-23 13:56:37,53,-5,3856.75,1739
2022-12-23 13:56:38,39,7,3857.0,1746
2022-12-23 13:56:39,2,2,3857.0,1748
2022-12-23 13:56:40,13,5,3857.0,1753
2022-12-23 13:56:41,26,1,3857.25,1754
2022-12-23 13:56:42,8,4,3857.5,1758
2022-12-23 13:56:43,102,10,3857.5,1768
2022-12-23 13:56:44,2,2,3857.25,1770
2022-12-23 13:56:45,3,2,3857.25,1772
2022-12-23 13:56:47,22,1,3857.5,1773
2022-12-23 13:56:48,55,19,3857.5,1792
2022-12-23 13:56:49,2,2,3857.5,1794
2022-12-23 13:56:50,24,-6,3857.25,1788
2022-12-23 13:56:52,13,10,3857.25,1798
2022-12-23 13:56:54,52,24,3857.5,1822
2022-12-23 13:56:56,4,0,3857.5,1822
2022-12-23 13:56:57,83,22,3857.5,1844
2022-12-23 13:56:58,32,-22,3857.25,1822
2022-12-23 13:56:59,12,-1,3857.25,1821
2022-12-23 13:57:00,41,0,3857.25,1821
2022-12-23 13:57:01,45,-19,3857.25,1802
2022-12-23 13:57:03,9,-9,3856.75,1793
2022-12-23 13:57:05,9,9,3857.0,1802
2022-12-23 13:57:06,8,2,3857.25,1804
2022-12-23 13:57:07,27,-4,3857.25,1800
2022-12-23 13:57:08,3,3,3857.25,1803
2022-12-23 13:57:09,32,-13,3857.0,1790
2022-12-23 13:57:10,23,0,3856.75,1790
2022-12-23 13:57:11,37,-2,3856.75,1788
2022-12-23 13:57:12,13,-5,3857.0,1783
2022-12-23 13:57:14,25,-1,3857.0,1782
2022-12-23 13:57:15,11,-2,3857.0,1780
2022-12-23 13:57:16,36,11,3857.0,1791
2022-12-23 13:57:17,7,0,3857.0,1791
2022-12-23 13:57:18,28,-11,3856.75,1780
2022-12-23 13:57:19,14,4,3856.75,1784
2022-12-23 13:57:20,4,0,3856.75,1784
2022-12-23 13:57:21,17,7,3856.75,1791
2022-12-23 13:57:22,12,2,3856.75,1793
2022-12-23 13:57:23,1,1,3857.0,1794
2022-12-23 13:57:24,17,2,3857.0,1796
2022-12-23 13:57:25,11,-1,3857.25,1795
2022-12-23 13:57:26,27,0,3857.0,1795
2022-12-23 13:57:27,12,-2,3857.0,1793
2022-12-23 13:57:28,1,1,3857.0,1794
2022-12-23 13:57:29,6,-5,3856.75,1789
2022-12-23 13:57:30,25,18,3857.0,1807
2022-12-23 13:57:31,18,-10,3856.75,1797
2022-12-23 13:57:33,18,0,3856.75,1797
2022-12-23 13:57:34,15,2,3857.0,1799
2022-12-23 13:57:36,42,9,3857.5,1808
2022-12-23 13:57:37,25,5,3857.5,1813
2022-12-23 13:57:38,108,10,3857.5,1823
2022-12-23 13:57:39,14,10,3857.25,1833
2022-12-23 13:57:41,10,9,3857.25,1842
2022-12-23 13:57:43,11,0,3857.25,1842
2022-12-23 13:57:44,29,3,3857.25,1845
2022-12-23 13:57:46,32,-5,3857.0,1840
2022-12-23 13:57:47,7,0,3857.0,1840
2022-12-23 13:57:48,10,-6,3857.0,1834
2022-12-23 13:57:51,28,-7,3856.75,1827
2022-12-23 13:57:52,11,8,3856.75,1835
2022-12-23 13:57:53,13,6,3857.0,1841
2022-12-23 13:57:55,19,4,3857.25,1845
2022-12-23 13:57:56,9,-7,3857.25,1838
2022-12-23 13:57:57,13,3,3857.0,1841
2022-12-23 13:57:58,1,1,3857.0,1842
2022-12-23 13:57:59,4,4,3857.0,1846
2022-12-23 13:58:00,24,-11,3857.0,1835
2022-12-23 13:58:01,23,9,3857.25,1844
2022-12-23 13:58:03,25,12,3857.25,1856
2022-12-23 13:58:04,29,0,3857.25,1856
2022-12-23 13:58:06,1,1,3857.25,1857
2022-12-23 13:58:07,1,1,3857.25,1858
2022-12-23 13:58:09,1,1,3857.25,1859
2022-12-23 13:58:10,40,-13,3857.0,1846
2022-12-23 13:58:11,13,-8,3856.75,1838
2022-12-23 13:58:12,6,-6,3856.75,1832
2022-12-23 13:58:13,8,7,3856.75,1839
2022-12-23 13:58:14,27,-5,3856.75,1834
2022-12-23 13:58:15,13,-1,3856.75,1833
2022-12-23 13:58:16,11,-1,3856.75,1832
2022-12-23 13:58:17,45,7,3857.0,1839
2022-12-23 13:58:18,10,2,3857.0,1841
2022-12-23 13:58:19,9,-1,3856.75,1840
2022-12-23 13:58:20,12,-5,3856.75,1835
2022-12-23 13:58:21,43,-20,3856.5,1815
2022-12-23 13:58:22,47,-6,3856.5,1809
2022-12-23 13:58:24,2,-2,3856.5,1807
2022-12-23 13:58:26,7,2,3856.5,1809
2022-12-23 13:58:28,31,-13,3856.5,1796
2022-12-23 13:58:29,27,-26,3856.0,1770
2022-12-23 13:58:30,65,-20,3856.0,1750
2022-12-23 13:58:31,2,-2,3856.0,1748
2022-12-23 13:58:32,8,-5,3856.25,1743
2022-12-23 13:58:33,53,9,3856.25,1752
2022-12-23 13:58:34,19,12,3856.25,1764
2022-12-23 13:58:35,15,8,3856.25,1772
2022-12-23 13:58:37,15,-8,3856.25,1764
2022-12-23 13:58:39,2,2,3856.5,1766
2022-12-23 13:58:40,2,2,3856.5,1768
2022-12-23 13:58:41,3,-3,3856.25,1765
2022-12-23 13:58:42,67,26,3856.5,1791
2022-12-23 13:58:43,15,-6,3856.5,1785
2022-12-23 13:58:44,21,12,3856.75,1797
2022-12-23 13:58:45,23,-9,3856.5,1788
2022-12-23 13:58:46,28,-5,3856.5,1783
2022-12-23 13:58:49,15,-9,3856.25,1774
2022-12-23 13:58:50,19,-8,3856.0,1766
2022-12-23 13:58:51,3,2,3856.0,1768
2022-12-23 13:58:52,27,6,3856.0,1774
2022-12-23 13:58:53,2,2,3856.0,1776
2022-12-23 13:58:54,15,4,3856.0,1780
2022-12-23 13:58:55,23,11,3856.0,1791
2022-12-23 13:58:56,16,1,3856.0,1792
2022-12-23 13:58:57,1,-1,3855.75,1791
2022-12-23 13:58:58,1,1,3856.0,1792
2022-12-23 13:59:00,51,6,3856.0,1798
2022-12-23 13:59:01,65,-21,3856.0,1777
2022-12-23 13:59:02,7,3,3856.0,1780
2022-12-23 13:59:03,4,1,3856.25,1781
2022-12-23 13:59:04,60,23,3856.25,1804
2022-12-23 13:59:05,2,2,3856.25,1806
2022-12-23 13:59:06,56,9,3856.25,1815
2022-12-23 13:59:07,6,-4,3856.0,1811
2022-12-23 13:59:08,19,-6,3855.75,1805
2022-12-23 13:59:09,28,-15,3855.5,1790
2022-12-23 13:59:10,7,0,3855.5,1790
2022-12-23 13:59:11,32,16,3855.75,1806
2022-12-23 13:59:12,5,1,3856.0,1807
2022-12-23 13:59:13,3,3,3856.0,1810
2022-12-23 13:59:15,87,4,3856.0,1814
2022-12-23 13:59:16,72,11,3856.25,1825
2022-12-23 13:59:17,15,3,3856.25,1828
2022-12-23 13:59:18,14,5,3856.25,1833
2022-12-23 13:59:19,30,-5,3856.5,1828
2022-12-23 13:59:20,3,3,3856.5,1831
2022-12-23 13:59:21,73,11,3856.5,1842
2022-12-23 13:59:22,23,16,3856.5,1858
2022-12-23 13:59:23,1,1,3856.75,1859
2022-12-23 13:59:24,111,28,3857.0,1887
2022-12-23 13:59:25,77,33,3857.0,1920
2022-12-23 13:59:26,40,4,3857.0,1924
2022-12-23 13:59:27,258,-15,3857.25,1909
2022-12-23 13:59:28,3,2,3857.25,1911
2022-12-23 13:59:29,6,4,3857.25,1915
2022-12-23 13:59:30,165,4,3857.5,1919
2022-12-23 13:59:31,45,-14,3857.25,1905
2022-12-23 13:59:32,48,-18,3856.75,1887
2022-12-23 13:59:33,23,8,3856.75,1895
2022-12-23 13:59:34,40,22,3856.75,1917
2022-12-23 13:59:35,45,23,3857.0,1940
2022-12-23 13:59:36,127,-35,3857.0,1905
2022-12-23 13:59:37,40,12,3857.0,1917
2022-12-23 13:59:39,51,12,3857.0,1929
2022-12-23 13:59:40,18,-8,3856.75,1921
2022-12-23 13:59:41,16,-4,3857.0,1917
2022-12-23 13:59:42,10,-9,3856.75,1908
2022-12-23 13:59:43,27,0,3856.75,1908
2022-12-23 13:59:44,13,7,3857.0,1915
2022-12-23 13:59:45,30,9,3857.0,1924
2022-12-23 13:59:46,21,-1,3857.0,1923
2022-12-23 13:59:47,26,-4,3856.5,1919
2022-12-23 13:59:48,35,-6,3856.5,1913
2022-12-23 13:59:49,4,-2,3856.5,1911
2022-12-23 13:59:50,1,1,3856.5,1912
2022-12-23 13:59:51,5,-5,3856.25,1907
2022-12-23 13:59:53,18,17,3856.75,1924
2022-12-23 13:59:54,14,-11,3856.75,1913
2022-12-23 13:59:55,21,-9,3856.5,1904
2022-12-23 13:59:56,29,-16,3856.25,1888
2022-12-23 13:59:57,8,7,3856.5,1895
2022-12-23 13:59:58,15,5,3856.5,1900
2022-12-23 14:00:00,148,-6,3856.5,1894
2022-12-23 14:00:01,91,17,3856.5,1911
2022-12-23 14:00:02,8,8,3856.5,1919
2022-12-23 14:00:03,26,-5,3856.75,1914
2022-12-23 14:00:04,29,-6,3856.5,1908
2022-12-23 14:00:05,3,1,3856.5,1909
2022-12-23 14:00:06,11,-1,3856.5,1908
2022-12-23 14:00:07,2,2,3856.75,1910
2022-12-23 14:00:08,49,3,3856.75,1913
2022-12-23 14:00:09,16,-1,3857.0,1912
2022-12-23 14:00:10,96,17,3857.25,1929
2022-12-23 14:00:11,17,-2,3857.25,1927
2022-12-23 14:00:12,28,12,3857.5,1939
2022-12-23 14:00:13,2,2,3857.5,1941
2022-12-23 14:00:14,3,-2,3857.25,1939
2022-12-23 14:00:15,27,-9,3857.25,1930
2022-12-23 14:00:16,5,-4,3857.0,1926
2022-12-23 14:00:17,41,-13,3857.0,1913
2022-12-23 14:00:18,4,-1,3856.75,1912
2022-12-23 14:00:20,116,1,3857.0,1913
2022-12-23 14:00:21,33,-5,3857.0,1908
2022-12-23 14:00:22,1,1,3857.0,1909
2022-12-23 14:00:23,28,-4,3857.0,1905
2022-12-23 14:00:24,13,-3,3856.75,1902
2022-12-23 14:00:26,2,-1,3856.75,1901
2022-12-23 14:00:27,26,-4,3857.0,1897
2022-12-23 14:00:28,2,2,3856.75,1899
2022-12-23 14:00:29,4,3,3857.0,1902
2022-12-23 14:00:30,104,0,3857.5,1902
2022-12-23 14:00:31,78,47,3857.25,1949
2022-12-23 14:00:32,10,-3,3857.0,1946
2022-12-23 14:00:33,1,1,3857.25,1947
2022-12-23 14:00:34,21,-13,3857.25,1934
2022-12-23 14:00:35,4,-1,3857.0,1933
2022-12-23 14:00:36,18,-13,3857.0,1920
2022-12-23 14:00:37,45,18,3857.0,1938
2022-12-23 14:00:38,34,2,3857.0,1940
2022-12-23 14:00:39,21,-1,3857.0,1939
2022-12-23 14:00:40,22,9,3857.0,1948
2022-12-23 14:00:41,57,-20,3857.0,1928
2022-12-23 14:00:43,46,-10,3856.75,1918
2022-12-23 14:00:44,2,0,3856.75,1918
2022-12-23 14:00:47,1,1,3856.75,1919
2022-12-23 14:00:48,7,-4,3856.75,1915
2022-12-23 14:00:49,4,4,3856.75,1919
2022-12-23 14:00:50,6,-2,3856.75,1917
2022-12-23 14:00:51,4,2,3856.75,1919
2022-12-23 14:00:54,3,-1,3857.0,1918
2022-12-23 14:00:57,62,5,3857.0,1923
2022-12-23 14:00:59,5,3,3857.0,1926
2022-12-23 14:01:01,9,9,3857.25,1935
2022-12-23 14:01:02,40,23,3857.25,1958
2022-12-23 14:01:03,39,-26,3857.0,1932
2022-12-23 14:01:04,10,4,3857.0,1936
2022-12-23 14:01:05,2,-2,3857.0,1934
2022-12-23 14:01:06,3,-1,3857.0,1933
2022-12-23 14:01:07,54,-14,3857.0,1919
2022-12-23 14:01:08,13,-3,3856.75,1916
2022-12-23 14:01:09,9,-5,3856.5,1911
2022-12-23 14:01:10,72,-23,3856.75,1888
2022-12-23 14:01:11,6,-5,3856.0,1883
2022-12-23 14:01:12,3,1,3856.25,1884
2022-12-23 14:01:13,22,-10,3856.0,1874
2022-12-23 14:01:14,42,-16,3856.0,1858
2022-12-23 14:01:15,5,-1,3856.0,1857
2022-12-23 14:01:16,1,-1,3855.75,1856
2022-12-23 14:01:17,4,-4,3855.75,1852
2022-12-23 14:01:18,79,-17,3855.75,1835
2022-12-23 14:01:19,3,-2,3855.75,1833
2022-12-23 14:01:20,30,19,3856.0,1852
2022-12-23 14:01:21,14,10,3856.0,1862
2022-12-23 14:01:22,58,2,3856.25,1864
2022-12-23 14:01:23,57,-11,3855.75,1853
2022-12-23 14:01:24,1,1,3855.5,1854
2022-12-23 14:01:25,127,-10,3855.75,1844
2022-12-23 14:01:26,2,0,3855.75,1844
2022-12-23 14:01:27,34,-11,3855.75,1833
2022-12-23 14:01:28,65,14,3856.0,1847
2022-12-23 14:01:29,11,-1,3856.0,1846
2022-12-23 14:01:30,17,10,3856.0,1856
2022-12-23 14:01:31,28,-10,3855.75,1846
2022-12-23 14:01:32,9,-7,3855.5,1839
2022-12-23 14:01:33,3,3,3855.5,1842
2022-12-23 14:01:34,26,19,3855.5,1861
2022-12-23 14:01:35,4,-4,3855.5,1857
2022-12-23 14:01:36,145,-62,3855.5,1795
2022-12-23 14:01:37,41,-26,3855.0,1769
2022-12-23 14:01:38,22,-15,3855.0,1754
2022-12-23 14:01:39,39,4,3855.0,1758
2022-12-23 14:01:40,22,-3,3854.75,1755
2022-12-23 14:01:41,2,0,3855.0,1755
2022-12-23 14:01:42,108,-45,3854.75,1710
2022-12-23 14:01:43,51,-26,3854.5,1684
2022-12-23 14:01:44,4,-2,3854.25,1682
2022-12-23 14:01:45,149,-85,3854.0,1597
2022-12-23 14:01:46,40,20,3854.0,1617
2022-12-23 14:01:47,59,1,3854.25,1618
2022-12-23 14:01:48,22,-11,3854.25,1607
2022-12-23 14:01:49,30,4,3854.0,1611
2022-12-23 14:01:50,51,-1,3854.0,1610
2022-12-23 14:01:51,60,23,3853.75,1633
2022-12-23 14:01:52,47,-3,3854.0,1630
2022-12-23 14:01:53,46,19,3854.0,1649
2022-12-23 14:01:54,37,-3,3854.25,1646
2022-12-23 14:01:55,16,-2,3854.0,1644
2022-12-23 14:01:56,19,9,3854.25,1653
2022-12-23 14:01:57,60,1,3854.5,1654
2022-12-23 14:01:58,41,13,3854.5,1667
2022-12-23 14:01:59,18,5,3854.75,1672
2022-12-23 14:02:00,63,-12,3854.75,1660
2022-12-23 14:02:01,7,0,3854.5,1660
2022-12-23 14:02:02,68,25,3855.25,1685
2022-12-23 14:02:03,77,27,3855.5,1712
2022-12-23 14:02:04,33,-6,3855.5,1706
2022-12-23 14:02:05,47,-3,3855.5,1703
2022-12-23 14:02:06,63,28,3855.5,1731
2022-12-23 14:02:07,108,-7,3855.5,1724
2022-12-23 14:02:08,18,1,3854.75,1725
2022-12-23 14:02:09,23,-3,3855.0,1722
2022-12-23 14:02:10,49,21,3855.25,1743
2022-12-23 14:02:11,12,-12,3855.25,1731
2022-12-23 14:02:12,31,3,3855.0,1734
2022-12-23 14:02:13,11,6,3855.0,1740
2022-12-23 14:02:14,7,-7,3854.75,1733
2022-12-23 14:02:15,54,-5,3854.75,1728
2022-12-23 14:02:16,30,7,3854.75,1735
2022-12-23 14:02:17,38,13,3855.25,1748
2022-12-23 14:02:18,39,-11,3855.25,1737
2022-12-23 14:02:19,23,-10,3854.75,1727
2022-12-23 14:02:20,12,1,3855.0,1728
2022-12-23 14:02:21,16,5,3855.0,1733
2022-12-23 14:02:22,21,8,3855.0,1741
2022-12-23 14:02:23,30,8,3855.5,1749
2022-12-23 14:02:24,112,18,3856.25,1767
2022-12-23 14:02:25,13,6,3856.0,1773
2022-12-23 14:02:26,33,-6,3856.0,1767
2022-12-23 14:02:27,14,2,3856.25,1769
2022-12-23 14:02:28,13,-1,3856.25,1768
2022-12-23 14:02:29,13,-3,3856.0,1765
2022-12-23 14:02:30,30,-13,3855.5,1752
2022-12-23 14:02:31,12,2,3855.5,1754
2022-12-23 14:02:32,16,1,3855.5,1755
2022-12-23 14:02:33,10,-2,3855.5,1753
2022-12-23 14:02:34,7,1,3855.5,1754
2022-12-23 14:02:35,10,3,3855.5,1757
2022-12-23 14:02:36,111,-92,3855.25,1665
2022-12-23 14:02:37,1,1,3855.0,1666
2022-12-23 14:02:38,20,0,3855.0,1666
2022-12-23 14:02:40,20,-15,3855.0,1651
2022-12-23 14:02:41,13,9,3854.75,1660
2022-12-23 14:02:42,24,-4,3855.0,1656
2022-12-23 14:02:43,9,7,3854.75,1663
2022-12-23 14:02:44,38,0,3854.75,1663
2022-12-23 14:02:45,14,1,3854.75,1664
2022-12-23 14:02:47,55,20,3855.25,1684
2022-12-23 14:02:48,39,0,3855.5,1684
2022-12-23 14:02:49,14,-5,3855.5,1679
2022-12-23 14:02:50,5,-3,3855.25,1676
2022-12-23 14:02:51,1,-1,3855.25,1675
2022-12-23 14:02:52,1,-1,3855.25,1674
2022-12-23 14:02:53,20,2,3855.5,1676
2022-12-23 14:02:57,6,3,3855.25,1679
2022-12-23 14:02:59,24,6,3855.5,1685
2022-12-23 14:03:00,27,6,3855.5,1691
2022-12-23 14:03:01,9,-2,3855.25,1689
2022-12-23 14:03:02,31,-3,3855.25,1686
2022-12-23 14:03:03,4,-2,3855.25,1684
2022-12-23 14:03:05,27,7,3855.25,1691
2022-12-23 14:03:06,26,-1,3855.5,1690
2022-12-23 14:03:07,2,1,3855.5,1691
2022-12-23 14:03:08,13,6,3855.5,1697
2022-12-23 14:03:09,3,3,3855.75,1700
2022-12-23 14:03:10,38,-16,3855.75,1684
2022-12-23 14:03:11,11,1,3855.25,1685
2022-12-23 14:03:12,19,9,3855.5,1694
2022-12-23 14:03:13,20,-12,3855.25,1682
2022-12-23 14:03:14,62,-1,3855.0,1681
2022-12-23 14:03:15,51,-22,3854.75,1659
2022-12-23 14:03:16,2,2,3854.5,1661
2022-12-23 14:03:17,1,1,3854.5,1662
2022-12-23 14:03:18,22,14,3854.5,1676
2022-12-23 14:03:19,21,-12,3854.5,1664
2022-12-23 14:03:20,5,-4,3854.5,1660
2022-12-23 14:03:21,4,-2,3854.25,1658
2022-12-23 14:03:22,46,-29,3854.25,1629
2022-12-23 14:03:23,43,-7,3854.0,1622
2022-12-23 14:03:24,107,-12,3854.0,1610
2022-12-23 14:03:25,14,1,3853.75,1611
2022-12-23 14:03:26,5,-4,3853.5,1607
2022-12-23 14:03:27,30,8,3853.75,1615
2022-12-23 14:03:29,10,7,3854.0,1622
2022-12-23 14:03:30,39,19,3854.0,1641
2022-12-23 14:03:31,41,-21,3853.75,1620
2022-12-23 14:03:32,55,-8,3853.5,1612
2022-12-23 14:03:33,35,0,3853.5,1612
2022-12-23 14:03:34,21,-5,3853.75,1607
2022-12-23 14:03:35,4,-1,3853.75,1606
2022-12-23 14:03:36,33,10,3853.75,1616
2022-12-23 14:03:37,39,21,3854.25,1637
2022-12-23 14:03:38,17,2,3854.25,1639
2022-12-23 14:03:39,7,2,3854.25,1641
2022-12-23 14:03:40,10,6,3854.25,1647
2022-12-23 14:03:41,31,-3,3854.5,1644
2022-12-23 14:03:42,28,3,3854.75,1647
2022-12-23 14:03:43,3,3,3854.75,1650
2022-12-23 14:03:44,36,-20,3854.5,1630
2022-12-23 14:03:45,1,-1,3854.5,1629
2022-12-23 14:03:46,22,-7,3854.5,1622
2022-12-23 14:03:47,1,1,3854.75,1623
2022-12-23 14:03:48,14,-7,3854.5,1616
2022-12-23 14:03:49,12,-7,3854.5,1609
2022-12-23 14:03:50,29,-16,3854.25,1593
2022-12-23 14:03:51,1,-1,3853.75,1592
2022-12-23 14:03:52,20,14,3854.0,1606
2022-12-23 14:03:53,13,4,3854.25,1610
2022-12-23 14:03:54,5,1,3854.25,1611
2022-12-23 14:03:55,27,-5,3854.5,1606
2022-12-23 14:03:56,1,1,3854.5,1607
2022-12-23 14:03:57,24,-2,3854.25,1605
2022-12-23 14:03:58,7,3,3854.25,1608
2022-12-23 14:04:00,25,1,3854.25,1609
2022-12-23 14:04:01,23,-13,3854.0,1596
2022-12-23 14:04:02,23,9,3854.0,1605
2022-12-23 14:04:03,82,-34,3853.75,1571
2022-12-23 14:04:04,248,-126,3853.5,1445
2022-12-23 14:04:05,37,-8,3853.25,1437
2022-12-23 14:04:06,34,-9,3853.0,1428
2022-12-23 14:04:07,44,-3,3853.0,1425
2022-12-23 14:04:08,23,0,3853.0,1425
2022-12-23 14:04:09,40,16,3853.25,1441
2022-12-23 14:04:10,7,-1,3853.25,1440
2022-12-23 14:04:11,36,-10,3853.25,1430
2022-12-23 14:04:12,39,2,3853.0,1432
2022-12-23 14:04:13,62,-19,3853.0,1413
2022-12-23 14:04:14,45,-17,3853.0,1396
2022-12-23 14:04:15,17,6,3852.75,1402
2022-12-23 14:04:16,32,-13,3852.75,1389
2022-12-23 14:04:17,49,-14,3852.75,1375
2022-12-23 14:04:18,3,3,3852.75,1378
2022-12-23 14:04:19,44,-11,3852.75,1367
2022-12-23 14:04:20,142,-84,3852.75,1283
2022-12-23 14:04:21,58,2,3852.5,1285
2022-12-23 14:04:22,9,-7,3852.5,1278
2022-12-23 14:04:23,55,5,3852.5,1283
2022-12-23 14:04:24,50,7,3852.75,1290
2022-12-23 14:04:25,6,0,3852.75,1290
2022-12-23 14:04:26,34,7,3852.75,1297
2022-12-23 14:04:27,5,-5,3852.75,1292
2022-12-23 14:04:28,3,-1,3852.75,1291
2022-12-23 14:04:29,19,2,3852.75,1293
2022-12-23 14:04:30,21,7,3852.75,1300
2022-12-23 14:04:31,25,-2,3852.75,1298
2022-12-23 14:04:32,3,1,3852.75,1299
2022-12-23 14:04:33,1,1,3852.75,1300
2022-12-23 14:04:34,52,21,3853.25,1321
2022-12-23 14:04:35,17,2,3853.25,1323
2022-12-23 14:04:36,16,-5,3853.5,1318
2022-12-23 14:04:37,7,1,3853.5,1319
2022-12-23 14:04:38,11,-5,3853.5,1314
2022-12-23 14:04:39,5,2,3853.25,1316
2022-12-23 14:04:40,18,11,3853.5,1327
2022-12-23 14:04:41,49,20,3853.75,1347
2022-12-23 14:04:42,50,-9,3853.5,1338
2022-12-23 14:04:43,24,11,3853.5,1349
2022-12-23 14:04:44,71,15,3853.75,1364
2022-12-23 14:04:45,67,32,3854.0,1396
2022-12-23 14:04:46,6,4,3854.0,1400
2022-12-23 14:04:47,26,-14,3853.75,1386
2022-12-23 14:04:48,83,5,3853.75,1391
2022-12-23 14:04:49,24,12,3853.75,1403
2022-12-23 14:04:50,12,0,3853.5,1403
2022-12-23 14:04:51,13,0,3853.5,1403
2022-12-23 14:04:52,10,-8,3853.25,1395
2022-12-23 14:04:53,10,3,3853.25,1398
2022-12-23 14:04:54,3,-1,3853.25,1397
2022-12-23 14:04:55,12,4,3853.25,1401
2022-12-23 14:04:56,1,1,3853.25,1402
2022-12-23 14:04:57,25,5,3853.25,1407
2022-12-23 14:04:58,4,-4,3853.0,1403
2022-12-23 14:04:59,12,-12,3853.0,1391
2022-12-23 14:05:00,73,-8,3853.0,1383
2022-12-23 14:05:01,194,67,3853.25,1450
2022-12-23 14:05:02,8,-4,3853.0,1446
2022-12-23 14:05:03,4,4,3853.25,1450
2022-12-23 14:05:04,2,0,3853.25,1450
2022-12-23 14:05:05,36,17,3853.5,1467
2022-12-23 14:05:06,29,16,3853.5,1483
2022-12-23 14:05:07,11,-3,3853.5,1480
2022-12-23 14:05:08,21,-14,3853.5,1466
2022-12-23 14:05:09,10,3,3853.5,1469
2022-12-23 14:05:10,2,-2,3853.25,1467
2022-12-23 14:05:12,104,14,3854.0,1481
2022-12-23 14:05:13,8,-1,3854.0,1480
2022-12-23 14:05:14,11,6,3854.0,1486
2022-12-23 14:05:15,19,-5,3854.0,1481
2022-12-23 14:05:16,18,2,3854.25,1483
2022-12-23 14:05:17,24,17,3854.5,1500
2022-12-23 14:05:18,17,-3,3854.5,1497
2022-12-23 14:05:19,16,16,3854.75,1513
2022-12-23 14:05:20,141,26,3854.75,1539
2022-12-23 14:05:21,47,10,3854.75,1549
2022-12-23 14:05:22,50,24,3855.0,1573
2022-12-23 14:05:23,117,-38,3855.0,1535
2022-12-23 14:05:24,10,5,3854.75,1540
2022-12-23 14:05:25,6,3,3854.5,1543
2022-12-23 14:05:26,80,-25,3854.5,1518
2022-12-23 14:05:27,5,1,3854.5,1519
2022-12-23 14:05:28,41,-27,3854.25,1492
2022-12-23 14:05:29,1,1,3854.25,1493
2022-12-23 14:05:30,20,13,3854.5,1506
2022-12-23 14:05:31,43,-22,3854.5,1484
2022-12-23 14:05:32,28,-2,3854.25,1482
2022-12-23 14:05:33,13,4,3854.5,1486
2022-12-23 14:05:34,1,-1,3854.25,1485
2022-12-23 14:05:35,1,-1,3854.25,1484
2022-12-23 14:05:37,16,10,3854.5,1494
2022-12-23 14:05:38,66,18,3855.0,1512
2022-12-23 14:05:39,1,1,3855.0,1513
2022-12-23 14:05:40,166,12,3855.25,1525
2022-12-23 14:05:41,1,-1,3854.75,1524
2022-12-23 14:05:42,22,-5,3855.0,1519
2022-12-23 14:05:43,71,-14,3854.75,1505
2022-12-23 14:05:44,28,-13,3854.75,1492
2022-12-23 14:05:45,1,1,3854.75,1493
2022-12-23 14:05:48,43,1,3854.5,1494
2022-12-23 14:05:49,5,-3,3854.5,1491
2022-12-23 14:05:51,23,4,3854.75,1495
2022-12-23 14:05:52,2,0,3854.75,1495
2022-12-23 14:05:53,40,15,3855.0,1510
2022-12-23 14:05:54,17,-7,3855.0,1503
2022-12-23 14:05:55,2,2,3855.0,1505
2022-12-23 14:05:56,5,1,3855.0,1506
2022-12-23 14:05:57,6,0,3855.0,1506
2022-12-23 14:05:58,1,-1,3855.0,1505
2022-12-23 14:05:59,1,1,3855.25,1506
2022-12-23 14:06:00,44,23,3855.5,1529
2022-12-23 14:06:01,14,-2,3855.5,1527
2022-12-23 14:06:02,21,-20,3855.25,1507
2022-12-23 14:06:03,2,2,3855.0,1509
2022-12-23 14:06:04,59,-13,3854.75,1496
2022-12-23 14:06:05,18,11,3855.0,1507
2022-12-23 14:06:07,11,1,3855.25,1508
2022-12-23 14:06:08,31,-11,3855.0,1497
2022-12-23 14:06:09,4,4,3855.25,1501
2022-12-23 14:06:10,27,-10,3855.25,1491
2022-12-23 14:06:11,11,-4,3854.75,1487
2022-12-23 14:06:12,6,6,3854.75,1493
2022-12-23 14:06:13,16,-7,3854.5,1486
2022-12-23 14:06:14,57,14,3854.25,1500
2022-12-23 14:06:15,14,7,3854.5,1507
2022-12-23 14:06:16,1,1,3854.75,1508
2022-12-23 14:06:17,18,-6,3854.5,1502
2022-12-23 14:06:18,162,22,3854.5,1524
2022-12-23 14:06:19,25,6,3854.5,1530
2022-12-23 14:06:20,186,-16,3854.5,1514
2022-12-23 14:06:21,34,-19,3854.5,1495
2022-12-23 14:06:22,2,-2,3854.5,1493
2022-12-23 14:06:23,16,-5,3854.75,1488
2022-12-23 14:06:24,10,-10,3854.25,1478
2022-12-23 14:06:25,33,20,3854.25,1498
2022-12-23 14:06:27,22,7,3854.5,1505
2022-12-23 14:06:28,8,-6,3854.5,1499
2022-12-23 14:06:29,123,-19,3854.5,1480
2022-12-23 14:06:30,15,-9,3854.5,1471
2022-12-23 14:06:31,47,10,3854.5,1481
2022-12-23 14:06:32,37,-4,3854.5,1477
2022-12-23 14:06:33,94,9,3854.75,1486
2022-12-23 14:06:34,25,17,3854.75,1503
2022-12-23 14:06:35,12,8,3855.0,1511
2022-12-23 14:06:36,2,0,3855.25,1511
2022-12-23 14:06:37,33,-2,3855.25,1509
2022-12-23 14:06:38,15,4,3855.25,1513
2022-12-23 14:06:39,24,0,3855.25,1513
2022-12-23 14:06:41,36,-6,3854.75,1507
2022-12-23 14:06:42,50,13,3855.0,1520
2022-12-23 14:06:44,14,0,3855.0,1520
2022-12-23 14:06:46,41,-8,3855.0,1512
2022-12-23 14:06:51,25,13,3854.75,1525
2022-12-23 14:06:52,38,-11,3854.75,1514
2022-12-23 14:06:53,38,7,3855.0,1521
2022-12-23 14:06:57,1,1,3855.25,1522
2022-12-23 14:06:58,20,-15,3855.0,1507
2022-12-23 14:06:59,1,1,3855.0,1508
2022-12-23 14:07:00,7,-7,3854.75,1501
2022-12-23 14:07:01,36,-8,3854.75,1493
2022-12-23 14:07:02,1,-1,3854.75,1492
2022-12-23 14:07:03,4,0,3855.0,1492
2022-12-23 14:07:04,23,8,3855.25,1500
2022-12-23 14:07:05,38,4,3855.5,1504
2022-12-23 14:07:06,7,5,3855.25,1509
2022-12-23 14:07:08,31,1,3855.5,1510
2022-12-23 14:07:09,21,1,3855.25,1511
2022-12-23 14:07:10,12,-4,3855.25,1507
2022-12-23 14:07:11,32,10,3855.5,1517
2022-12-23 14:07:12,16,14,3855.75,1531
2022-12-23 14:07:13,14,8,3855.75,1539
2022-12-23 14:07:14,19,-7,3855.75,1532
2022-12-23 14:07:15,33,2,3855.5,1534
2022-12-23 14:07:16,34,0,3855.75,1534
2022-12-23 14:07:17,6,-5,3855.25,1529
2022-12-23 14:07:18,24,0,3855.25,1529
2022-12-23 14:07:19,15,0,3855.25,1529
2022-12-23 14:07:20,6,-4,3855.25,1525
2022-12-23 14:07:21,18,-2,3855.5,1523
2022-12-23 14:07:24,6,6,3855.5,1529
2022-12-23 14:07:26,40,-6,3855.5,1523
2022-12-23 14:07:27,1,1,3855.5,1524
2022-12-23 14:07:28,1,1,3855.5,1525
2022-12-23 14:07:29,4,1,3855.5,1526
2022-12-23 14:07:30,40,1,3855.25,1527
2022-12-23 14:07:31,7,3,3855.25,1530
2022-12-23 14:07:32,17,8,3855.5,1538
2022-12-23 14:07:33,10,-2,3855.25,1536
2022-12-23 14:07:34,7,-1,3855.25,1535
2022-12-23 14:07:36,7,5,3855.5,1540
2022-12-23 14:07:37,6,2,3855.5,1542
2022-12-23 14:07:38,13,-1,3855.5,1541
2022-12-23 14:07:39,29,3,3855.5,1544
2022-12-23 14:07:41,1,1,3855.5,1545
2022-12-23 14:07:43,3,3,3855.5,1548
2022-12-23 14:07:44,3,-3,3855.5,1545
2022-12-23 14:07:45,13,-10,3855.5,1535
2022-12-23 14:07:46,13,-7,3855.5,1528
2022-12-23 14:07:49,59,15,3855.75,1543
2022-12-23 14:07:51,14,7,3855.75,1550
2022-12-23 14:07:52,50,36,3856.0,1586
2022-12-23 14:07:53,11,6,3856.25,1592
2022-12-23 14:07:54,16,0,3856.25,1592
2022-12-23 14:07:55,21,7,3856.25,1599
2022-12-23 14:07:56,30,20,3856.5,1619
2022-12-23 14:07:57,41,24,3856.5,1643
2022-12-23 14:07:58,25,0,3856.5,1643
2022-12-23 14:07:59,33,21,3856.75,1664
2022-12-23 14:08:00,42,-17,3856.5,1647
2022-12-23 14:08:01,1,1,3856.5,1648
2022-12-23 14:08:02,2,2,3856.5,1650
2022-12-23 14:08:03,3,-3,3856.25,1647
2022-12-23 14:08:04,36,-23,3856.5,1624
2022-12-23 14:08:05,5,5,3856.5,1629
2022-12-23 14:08:06,107,15,3856.75,1644
2022-12-23 14:08:07,68,4,3857.0,1648
2022-12-23 14:08:08,3,2,3856.75,1650
2022-12-23 14:08:09,36,22,3857.0,1672
2022-12-23 14:08:10,86,-7,3857.0,1665
2022-12-23 14:08:11,16,11,3857.0,1676
2022-12-23 14:08:12,44,-6,3857.0,1670
2022-12-23 14:08:13,34,-11,3857.0,1659
2022-12-23 14:08:14,15,2,3857.0,1661
2022-12-23 14:08:17,12,1,3857.0,1662
2022-12-23 14:08:18,2,2,3857.0,1664
2022-12-23 14:08:19,99,-6,3856.75,1658
2022-12-23 14:08:20,31,-24,3856.5,1634
2022-12-23 14:08:21,29,-15,3856.75,1619
2022-12-23 14:08:22,39,5,3856.5,1624
2022-12-23 14:08:23,10,-3,3856.5,1621
2022-12-23 14:08:25,106,-38,3856.25,1583
2022-12-23 14:08:26,25,-5,3856.0,1578
2022-12-23 14:08:27,3,-1,3856.0,1577
2022-12-23 14:08:28,25,-2,3856.25,1575
2022-12-23 14:08:29,5,-4,3856.0,1571
2022-12-23 14:08:30,7,4,3856.0,1575
2022-12-23 14:08:31,4,0,3856.0,1575
2022-12-23 14:08:32,29,5,3856.0,1580
2022-12-23 14:08:33,4,2,3856.0,1582
2022-12-23 14:08:34,11,-9,3856.0,1573
2022-12-23 14:08:36,20,-18,3855.75,1555
2022-12-23 14:08:37,57,-11,3855.75,1544
2022-12-23 14:08:38,46,3,3855.5,1547
2022-12-23 14:08:41,39,4,3855.75,1551
2022-12-23 14:08:42,10,2,3855.75,1553
2022-12-23 14:08:43,14,-6,3855.5,1547
2022-12-23 14:08:44,53,14,3855.5,1561
2022-12-23 14:08:49,52,-23,3855.5,1538
2022-12-23 14:08:50,84,-33,3855.0,1505
2022-12-23 14:08:51,12,5,3855.0,1510
2022-12-23 14:08:52,7,0,3855.0,1510
2022-12-23 14:08:53,1,-1,3854.75,1509
2022-12-23 14:08:54,79,-15,3855.0,1494
2022-12-23 14:08:55,9,-4,3854.75,1490
2022-12-23 14:08:56,11,9,3855.0,1499
2022-12-23 14:08:57,15,8,3855.25,1507
2022-12-23 14:08:58,15,11,3855.75,1518
2022-12-23 14:08:59,29,-15,3855.5,1503
2022-12-23 14:09:00,3,-3,3855.25,1500
2022-12-23 14:09:01,1,-1,3855.25,1499
2022-12-23 14:09:03,40,-21,3855.25,1478
2022-12-23 14:09:04,5,-4,3855.0,1474
2022-12-23 14:09:06,50,-3,3854.75,1471
2022-12-23 14:09:07,11,9,3854.75,1480
2022-12-23 14:09:08,17,-2,3854.75,1478
2022-12-23 14:09:09,32,-3,3854.75,1475
2022-12-23 14:09:10,27,0,3854.75,1475
2022-12-23 14:09:12,18,-8,3854.75,1467
2022-12-23 14:09:13,52,-4,3854.25,1463
2022-12-23 14:09:14,6,-6,3854.0,1457
2022-12-23 14:09:15,63,-16,3854.0,1441
2022-12-23 14:09:16,41,5,3854.25,1446
2022-12-23 14:09:17,14,-4,3854.25,1442
2022-12-23 14:09:18,15,-5,3854.25,1437
2022-12-23 14:09:19,23,-1,3854.0,1436
2022-12-23 14:09:20,9,-1,3854.25,1435
2022-12-23 14:09:22,4,-4,3854.25,1431
2022-12-23 14:09:23,3,1,3854.25,1432
2022-12-23 14:09:24,3,-3,3854.0,1429
2022-12-23 14:09:25,17,-1,3854.25,1428
2022-12-23 14:09:26,1,-1,3854.0,1427
2022-12-23 14:09:27,17,7,3854.5,1434
2022-12-23 14:09:28,34,0,3854.5,1434
2022-12-23 14:09:29,4,0,3854.5,1434
2022-12-23 14:09:30,1,1,3854.5,1435
2022-12-23 14:09:31,38,-10,3854.25,1425
2022-12-23 14:09:32,1,1,3854.5,1426
2022-12-23 14:09:33,8,4,3854.5,1430
2022-12-23 14:09:34,21,-10,3854.25,1420
2022-12-23 14:09:35,23,9,3854.5,1429
2022-12-23 14:09:36,35,1,3854.75,1430
2022-12-23 14:09:37,13,-4,3854.5,1426
2022-12-23 14:09:38,1,1,3854.5,1427
2022-12-23 14:09:39,10,3,3854.5,1430
2022-12-23 14:09:40,12,3,3854.75,1433
2022-12-23 14:09:42,26,-18,3854.5,1415
2022-12-23 14:09:44,7,-1,3854.5,1414
2022-12-23 14:09:45,4,-4,3854.25,1410
2022-12-23 14:09:46,74,11,3854.5,1421
2022-12-23 14:09:47,11,7,3854.5,1428
2022-12-23 14:09:48,38,-17,3854.75,1411
2022-12-23 14:09:49,1,-1,3854.25,1410
2022-12-23 14:09:51,5,-5,3854.25,1405
2022-12-23 14:09:52,31,-3,3854.0,1402
2022-12-23 14:09:53,17,12,3854.0,1414
2022-12-23 14:09:54,20,0,3854.0,1414
2022-12-23 14:09:55,2,-2,3854.0,1412
2022-12-23 14:09:56,2,-2,3854.0,1410
2022-12-23 14:09:57,77,-23,3853.75,1387
2022-12-23 14:09:58,16,-6,3853.75,1381
2022-12-23 14:10:00,8,-6,3853.75,1375
2022-12-23 14:10:01,32,13,3854.0,1388
2022-12-23 14:10:02,41,10,3854.5,1398
2022-12-23 14:10:03,30,-5,3854.5,1393
2022-12-23 14:10:04,26,16,3854.5,1409
2022-12-23 14:10:05,6,-4,3854.5,1405
2022-12-23 14:10:06,1,1,3854.5,1406
2022-12-23 14:10:07,10,-2,3854.5,1404
2022-12-23 14:10:08,16,-2,3854.75,1402
2022-12-23 14:10:09,5,2,3854.5,1404
2022-12-23 14:10:10,19,6,3854.75,1410
2022-12-23 14:10:11,17,-10,3854.5,1400
2022-12-23 14:10:12,6,-6,3854.5,1394
2022-12-23 14:10:13,23,-9,3854.0,1385
2022-12-23 14:10:14,9,9,3854.0,1394
2022-12-23 14:10:15,10,7,3854.25,1401
2022-12-23 14:10:17,44,7,3854.5,1408
2022-12-23 14:10:18,57,8,3854.75,1416
2022-12-23 14:10:19,31,-14,3854.75,1402
2022-12-23 14:10:20,26,7,3854.75,1409
2022-12-23 14:10:21,12,-8,3854.75,1401
2022-12-23 14:10:22,25,-5,3854.5,1396
2022-12-23 14:10:23,1,-1,3854.25,1395
2022-12-23 14:10:24,10,6,3854.5,1401
2022-12-23 14:10:25,5,5,3854.75,1406
2022-12-23 14:10:26,52,5,3855.0,1411
2022-12-23 14:10:27,33,-10,3855.0,1401
2022-12-23 14:10:28,9,7,3855.0,1408
2022-12-23 14:10:30,5,1,3855.0,1409
2022-12-23 14:10:31,9,2,3855.0,1411
2022-12-23 14:10:32,11,-1,3855.0,1410
2022-12-23 14:10:34,6,4,3855.0,1414
2022-12-23 14:10:35,15,-3,3855.25,1411
2022-12-23 14:10:36,9,-3,3855.0,1408
2022-12-23 14:10:37,2,0,3855.0,1408
2022-12-23 14:10:38,5,5,3855.0,1413
2022-12-23 14:10:39,6,-2,3855.0,1411
2022-12-23 14:10:40,11,-1,3855.0,1410
2022-12-23 14:10:41,1,-1,3855.0,1409
2022-12-23 14:10:42,30,26,3855.25,1435
2022-12-23 14:10:43,17,-8,3855.5,1427
2022-12-23 14:10:44,11,-4,3855.5,1423
2022-12-23 14:10:45,2,0,3855.5,1423
2022-12-23 14:10:47,5,4,3855.5,1427
2022-12-23 14:10:48,29,7,3855.5,1434
2022-12-23 14:10:49,1,1,3855.5,1435
2022-12-23 14:10:50,1,-1,3855.25,1434
2022-12-23 14:10:51,19,-2,3855.5,1432
2022-12-23 14:10:52,3,3,3855.5,1435
2022-12-23 14:10:53,14,-4,3855.75,1431
2022-12-23 14:10:54,1,-1,3855.5,1430
2022-12-23 14:10:55,4,1,3855.75,1431
2022-12-23 14:10:56,68,22,3856.0,1453
2022-12-23 14:10:57,27,3,3856.0,1456
2022-12-23 14:10:58,16,-6,3856.25,1450
2022-12-23 14:10:59,2,2,3856.0,1452
2022-12-23 14:11:00,23,2,3856.25,1454
2022-12-23 14:11:01,4,0,3856.25,1454
2022-12-23 14:11:02,10,-7,3856.0,1447
2022-12-23 14:11:03,16,3,3856.0,1450
2022-12-23 14:11:04,92,24,3856.5,1474
2022-12-23 14:11:05,3,3,3856.5,1477
2022-12-23 14:11:06,26,17,3856.5,1494
2022-12-23 14:11:07,42,6,3856.75,1500
2022-12-23 14:11:08,28,-1,3856.75,1499
2022-12-23 14:11:09,69,20,3856.75,1519
2022-12-23 14:11:10,8,4,3857.0,1523
2022-12-23 14:11:11,53,-7,3857.0,1516
2022-12-23 14:11:12,54,36,3857.0,1552
2022-12-23 14:11:13,2,2,3856.75,1554
2022-12-23 14:11:14,10,-3,3856.75,1551
2022-12-23 14:11:15,74,0,3857.0,1551
2022-12-23 14:11:16,17,0,3856.75,1551
2022-12-23 14:11:18,2,-2,3856.5,1549
2022-12-23 14:11:19,10,0,3856.75,1549
2022-12-23 14:11:20,84,1,3857.0,1550
2022-12-23 14:11:21,46,-10,3857.0,1540
2022-12-23 14:11:22,17,-1,3857.0,1539
2022-12-23 14:11:23,40,11,3857.25,1550
2022-12-23 14:11:25,62,-12,3857.0,1538
2022-12-23 14:11:26,29,8,3857.0,1546
2022-12-23 14:11:28,7,7,3857.25,1553
2022-12-23 14:11:29,5,3,3857.25,1556
2022-12-23 14:11:30,46,-24,3857.25,1532
2022-12-23 14:11:31,17,12,3857.0,1544
2022-12-23 14:11:32,20,-7,3857.0,1537
2022-12-23 14:11:34,46,13,3857.0,1550
2022-12-23 14:11:35,9,2,3857.0,1552
2022-12-23 14:11:36,1,-1,3856.75,1551
2022-12-23 14:11:37,1,1,3857.0,1552
2022-12-23 14:11:38,1,-1,3856.75,1551
2022-12-23 14:11:39,84,-12,3857.0,1539
2022-12-23 14:11:41,62,-3,3856.75,1536
2022-12-23 14:11:42,3,-1,3856.5,1535
2022-12-23 14:11:43,2,-2,3856.5,1533
2022-12-23 14:11:44,12,-1,3856.75,1532
2022-12-23 14:11:45,1,-1,3856.5,1531
2022-12-23 14:11:46,57,15,3856.75,1546
2022-12-23 14:11:48,2,1,3856.75,1547
2022-12-23 14:11:49,8,-4,3856.5,1543
2022-12-23 14:11:50,17,-8,3856.5,1535
2022-12-23 14:11:51,4,-4,3856.25,1531
2022-12-23 14:11:52,20,8,3856.5,1539
2022-12-23 14:11:53,10,0,3856.5,1539
2022-12-23 14:11:54,4,0,3856.5,1539
2022-12-23 14:11:55,28,8,3856.5,1547
2022-12-23 14:11:56,6,5,3856.5,1552
2022-12-23 14:11:59,41,21,3856.75,1573
2022-12-23 14:12:00,2,-2,3856.5,1571
2022-12-23 14:12:01,18,0,3856.5,1571
2022-12-23 14:12:02,30,-1,3856.5,1570
2022-12-23 14:12:03,14,0,3856.5,1570
2022-12-23 14:12:04,2,2,3856.5,1572
2022-12-23 14:12:06,12,-5,3856.5,1567
2022-12-23 14:12:07,10,0,3856.5,1567
2022-12-23 14:12:08,5,3,3856.5,1570
2022-12-23 14:12:09,45,14,3856.75,1584
2022-12-23 14:12:10,31,-11,3856.75,1573
2022-12-23 14:12:11,25,-4,3856.75,1569
2022-12-23 14:12:12,14,-3,3856.75,1566
2022-12-23 14:12:13,5,-3,3857.0,1563
2022-12-23 14:12:14,55,-6,3857.0,1557
2022-12-23 14:12:15,2,-2,3856.75,1555
2022-12-23 14:12:16,1,-1,3856.75,1554
2022-12-23 14:12:17,41,29,3857.0,1583
2022-12-23 14:12:18,3,1,3857.25,1584
2022-12-23 14:12:19,2,0,3857.25,1584
2022-12-23 14:12:20,2,0,3857.25,1584
2022-12-23 14:12:21,36,-22,3857.25,1562
2022-12-23 14:12:22,20,10,3857.0,1572
2022-12-23 14:12:23,3,-1,3857.25,1571
2022-12-23 14:12:24,6,-4,3857.25,1567
2022-12-23 14:12:25,8,2,3857.25,1569
2022-12-23 14:12:26,28,-8,3857.25,1561
2022-12-23 14:12:27,1,1,3857.25,1562
2022-12-23 14:12:29,4,0,3857.25,1562
2022-12-23 14:12:30,93,50,3857.25,1612
2022-12-23 14:12:31,8,7,3857.25,1619
2022-12-23 14:12:32,9,7,3857.5,1626
2022-12-23 14:12:33,89,-23,3857.5,1603
2022-12-23 14:12:34,12,1,3857.5,1604
2022-12-23 14:12:35,2,2,3857.5,1606
2022-12-23 14:12:36,34,-10,3857.25,1596
2022-12-23 14:12:37,2,-2,3857.25,1594
2022-12-23 14:12:39,33,-2,3857.25,1592
2022-12-23 14:12:40,4,0,3857.25,1592
2022-12-23 14:12:42,6,-4,3857.25,1588
2022-12-23 14:12:43,55,-3,3857.25,1585
2022-12-23 14:12:44,2,-2,3857.0,1583
2022-12-23 14:12:45,35,-23,3857.0,1560
2022-12-23 14:12:46,60,3,3857.25,1563
2022-12-23 14:12:47,28,0,3857.25,1563
2022-12-23 14:12:48,44,12,3857.25,1575
2022-12-23 14:12:49,14,3,3857.25,1578
2022-12-23 14:12:50,38,-13,3857.0,1565
2022-12-23 14:12:52,73,22,3857.25,1587
2022-12-23 14:12:53,23,9,3857.25,1596
2022-12-23 14:12:54,2,-2,3857.25,1594
2022-12-23 14:12:55,199,111,3857.5,1705
2022-12-23 14:12:56,2,0,3857.5,1705
2022-12-23 14:12:58,600,214,3858.5,1919
2022-12-23 14:12:59,128,16,3858.25,1935
2022-12-23 14:13:00,15,-1,3858.25,1934
2022-12-23 14:13:01,41,-21,3858.25,1913
2022-12-23 14:13:02,27,0,3858.0,1913
2022-12-23 14:13:03,13,6,3858.25,1919
2022-12-23 14:13:04,2,0,3858.25,1919
2022-12-23 14:13:05,60,-26,3858.0,1893
2022-12-23 14:13:06,7,4,3858.25,1897
2022-12-23 14:13:07,8,5,3858.25,1902
2022-12-23 14:13:08,11,-7,3858.25,1895
2022-12-23 14:13:09,25,5,3858.25,1900
2022-12-23 14:13:10,22,3,3858.25,1903
2022-12-23 14:13:11,17,-1,3858.0,1902
2022-12-23 14:13:12,63,-19,3858.0,1883
2022-12-23 14:13:13,34,4,3858.25,1887
2022-12-23 14:13:14,42,-10,3858.25,1877
2022-12-23 14:13:15,42,3,3858.0,1880
2022-12-23 14:13:16,1,1,3857.75,1881
2022-12-23 14:13:17,15,1,3857.75,1882
2022-12-23 14:13:18,23,-18,3858.0,1864
2022-12-23 14:13:19,73,15,3857.75,1879
2022-12-23 14:13:20,22,-2,3857.5,1877
2022-12-23 14:13:21,69,20,3858.5,1897
2022-12-23 14:13:22,3,-1,3858.25,1896
2022-12-23 14:13:23,72,-11,3858.25,1885
2022-12-23 14:13:25,76,1,3857.5,1886
2022-12-23 14:13:26,163,44,3858.0,1930
2022-12-23 14:13:28,97,-7,3858.0,1923
2022-12-23 14:13:29,171,-13,3858.0,1910
2022-12-23 14:13:30,42,-6,3857.75,1904
2022-12-23 14:13:31,4,2,3857.75,1906
2022-12-23 14:13:32,41,11,3857.75,1917
2022-12-23 14:13:33,25,-1,3857.5,1916
2022-12-23 14:13:35,7,-4,3857.5,1912
2022-12-23 14:13:36,9,-5,3857.5,1907
2022-12-23 14:13:37,8,4,3857.5,1911
2022-12-23 14:13:38,56,11,3857.75,1922
2022-12-23 14:13:40,33,1,3857.75,1923
2022-12-23 14:13:41,24,0,3857.5,1923
2022-12-23 14:13:42,53,2,3857.5,1925
2022-12-23 14:13:43,17,-3,3857.75,1922
2022-12-23 14:13:44,32,-7,3857.5,1915
2022-12-23 14:13:45,1,1,3857.5,1916
2022-12-23 14:13:46,20,14,3857.75,1930
2022-12-23 14:13:47,15,1,3857.75,1931
2022-12-23 14:13:48,11,-11,3857.75,1920
2022-12-23 14:13:49,45,1,3857.5,1921
2022-12-23 14:13:50,3,1,3857.5,1922
2022-12-23 14:13:52,1,-1,3857.5,1921
2022-12-23 14:13:53,19,-5,3857.5,1916
2022-12-23 14:13:55,17,-1,3857.25,1915
2022-12-23 14:13:57,15,2,3857.5,1917
2022-12-23 14:13:58,47,20,3857.75,1937
2022-12-23 14:13:59,2,-2,3857.5,1935
2022-12-23 14:14:00,14,-3,3857.5,1932
2022-12-23 14:14:01,1,1,3857.75,1933
2022-12-23 14:14:02,9,3,3857.75,1936
2022-12-23 14:14:04,14,-3,3857.5,1933
2022-12-23 14:14:05,7,-4,3857.5,1929
2022-12-23 14:14:06,4,-2,3857.25,1927
2022-12-23 14:14:07,18,14,3857.5,1941
2022-12-23 14:14:08,4,0,3857.5,1941
2022-12-23 14:14:09,16,-2,3857.5,1939
2022-12-23 14:14:10,6,5,3857.5,1944
2022-12-23 14:14:11,17,0,3857.25,1944
2022-12-23 14:14:12,31,-8,3857.25,1936
2022-12-23 14:14:13,7,3,3857.25,1939
2022-12-23 14:14:15,21,-3,3857.25,1936
2022-12-23 14:14:16,63,-37,3857.0,1899
2022-12-23 14:14:17,67,-5,3857.0,1894
2022-12-23 14:14:18,43,12,3857.0,1906
2022-12-23 14:14:19,8,1,3857.0,1907
2022-12-23 14:14:22,17,-12,3857.0,1895
2022-12-23 14:14:23,6,2,3857.0,1897
2022-12-23 14:14:24,28,12,3857.25,1909
2022-12-23 14:14:25,19,-1,3857.0,1908
2022-12-23 14:14:26,43,-10,3857.25,1898
2022-12-23 14:14:27,107,22,3857.0,1920
2022-12-23 14:14:28,9,8,3856.75,1928
2022-12-23 14:14:29,13,-1,3856.75,1927
2022-12-23 14:14:30,3,3,3856.75,1930
2022-12-23 14:14:31,16,-5,3856.75,1925
2022-12-23 14:14:32,24,3,3856.75,1928
2022-12-23 14:14:33,55,5,3857.25,1933
2022-12-23 14:14:34,43,3,3856.75,1936
2022-12-23 14:14:35,17,-9,3856.75,1927
2022-12-23 14:14:38,21,-12,3856.75,1915
2022-12-23 14:14:39,63,25,3857.25,1940
2022-12-23 14:14:40,102,11,3857.75,1951
2022-12-23 14:14:42,16,-9,3857.5,1942
2022-12-23 14:14:43,3,-1,3857.5,1941
2022-12-23 14:14:44,6,5,3857.5,1946
2022-12-23 14:14:45,26,-12,3857.5,1934
2022-12-23 14:14:46,1,-1,3857.5,1933
2022-12-23 14:14:47,16,6,3857.75,1939
2022-12-23 14:14:48,17,1,3857.75,1940
2022-12-23 14:14:49,62,26,3857.75,1966
2022-12-23 14:14:50,3,-3,3857.75,1963
2022-12-23 14:14:51,3,3,3857.75,1966
2022-12-23 14:14:53,16,-10,3857.75,1956
2022-12-23 14:14:54,1,1,3857.75,1957
2022-12-23 14:14:56,19,3,3857.75,1960
2022-12-23 14:14:57,1,1,3857.75,1961
2022-12-23 14:14:58,1,-1,3857.5,1960
2022-12-23 14:15:00,36,-6,3857.5,1954
2022-12-23 14:15:01,24,8,3857.75,1962
2022-12-23 14:15:02,2,2,3858.0,1964
2022-12-23 14:15:03,75,19,3858.25,1983
2022-12-23 14:15:04,17,2,3858.25,1985
2022-12-23 14:15:05,12,3,3858.0,1988
2022-12-23 14:15:06,16,-14,3857.75,1974
2022-12-23 14:15:07,29,4,3857.75,1978
2022-12-23 14:15:08,1,-1,3857.75,1977
2022-12-23 14:15:09,11,-6,3857.75,1971
2022-12-23 14:15:10,64,-14,3857.5,1957
2022-12-23 14:15:11,38,0,3857.5,1957
2022-12-23 14:15:14,43,0,3857.5,1957
2022-12-23 14:15:15,42,7,3857.5,1964
2022-12-23 14:15:16,27,-2,3857.5,1962
2022-12-23 14:15:17,18,10,3857.25,1972
2022-12-23 14:15:18,17,-3,3857.25,1969
2022-12-23 14:15:19,37,-9,3857.25,1960
2022-12-23 14:15:20,44,1,3857.25,1961
2022-12-23 14:15:21,1,-1,3857.25,1960
2022-12-23 14:15:22,17,0,3857.25,1960
2022-12-23 14:15:23,93,-3,3857.25,1957
2022-12-23 14:15:24,3,-1,3857.25,1956
2022-12-23 14:15:25,6,6,3857.25,1962
2022-12-23 14:15:29,3,-3,3857.25,1959
2022-12-23 14:15:30,17,-4,3857.0,1955
2022-12-23 14:15:31,65,-2,3857.0,1953
2022-12-23 14:15:32,12,6,3857.25,1959
2022-12-23 14:15:33,49,6,3857.5,1965
2022-12-23 14:15:34,9,1,3857.5,1966
2022-12-23 14:15:35,17,-11,3857.5,1955
2022-12-23 14:15:36,9,1,3857.25,1956
2022-12-23 14:15:37,15,4,3857.25,1960
2022-12-23 14:15:38,3,0,3857.25,1960
2022-12-23 14:15:39,3,3,3857.25,1963
2022-12-23 14:15:40,18,-3,3857.0,1960
2022-12-23 14:15:41,26,5,3857.0,1965
2022-12-23 14:15:42,11,9,3857.0,1974
2022-12-23 14:15:43,29,-2,3857.25,1972
2022-12-23 14:15:44,77,22,3857.5,1994
2022-12-23 14:15:45,10,-2,3857.75,1992
2022-12-23 14:15:46,13,11,3857.75,2003
2022-12-23 14:15:47,14,-6,3858.0,1997
2022-12-23 14:15:48,18,1,3858.0,1998
2022-12-23 14:15:49,35,4,3857.75,2002
2022-12-23 14:15:50,21,-1,3857.25,2001
2022-12-23 14:15:51,28,-5,3857.0,1996
2022-12-23 14:15:52,12,-2,3857.0,1994
2022-12-23 14:15:53,9,-6,3856.75,1988
2022-12-23 14:15:54,1,1,3856.75,1989
2022-12-23 14:15:55,10,-4,3856.75,1985
2022-12-23 14:15:56,69,-19,3856.75,1966
2022-12-23 14:15:58,11,-7,3856.75,1959
2022-12-23 14:15:59,13,10,3856.75,1969
2022-12-23 14:16:00,48,8,3857.0,1977
2022-12-23 14:16:01,3,1,3857.0,1978
2022-12-23 14:16:02,33,-1,3857.0,1977
2022-12-23 14:16:03,4,4,3857.25,1981
2022-12-23 14:16:05,33,1,3857.25,1982
2022-12-23 14:16:06,17,2,3857.5,1984
2022-12-23 14:16:07,55,-10,3857.75,1974
2022-12-23 14:16:09,11,5,3857.25,1979
2022-12-23 14:16:10,53,-15,3857.5,1964
2022-12-23 14:16:12,18,-14,3857.25,1950
2022-12-23 14:16:13,126,-18,3857.25,1932
2022-12-23 14:16:14,12,3,3857.5,1935
2022-12-23 14:16:16,33,-8,3857.25,1927
2022-12-23 14:16:17,1,-1,3857.0,1926
2022-12-23 14:16:18,8,5,3857.25,1931
2022-12-23 14:16:20,42,2,3857.5,1933
2022-12-23 14:16:21,7,5,3857.5,1938
2022-12-23 14:16:22,15,3,3857.5,1941
2022-12-23 14:16:24,14,-8,3857.25,1933
2022-12-23 14:16:25,27,-8,3857.0,1925
2022-12-23 14:16:26,3,-3,3857.0,1922
2022-12-23 14:16:27,22,5,3857.25,1927
2022-12-23 14:16:28,17,13,3857.75,1940
2022-12-23 14:16:29,55,34,3857.75,1974
2022-12-23 14:16:30,40,-11,3857.75,1963
2022-12-23 14:16:31,28,6,3857.75,1969
2022-12-23 14:16:34,282,100,3858.75,2069
2022-12-23 14:16:35,55,17,3858.75,2086
2022-12-23 14:16:36,92,-11,3859.0,2075
2022-12-23 14:16:37,13,-6,3858.75,2069
2022-12-23 14:16:38,34,3,3858.75,2072
2022-12-23 14:16:39,6,-1,3858.75,2071
2022-12-23 14:16:40,33,-15,3858.75,2056
2022-12-23 14:16:41,13,2,3858.5,2058
2022-12-23 14:16:42,9,-6,3858.5,2052
2022-12-23 14:16:43,19,9,3858.5,2061
2022-12-23 14:16:45,43,-5,3858.25,2056
2022-12-23 14:16:46,21,8,3858.5,2064
2022-12-23 14:16:47,31,18,3859.0,2082
2022-12-23 14:16:48,60,30,3859.0,2112
2022-12-23 14:16:49,161,76,3859.75,2188
2022-12-23 14:16:50,64,9,3859.75,2197
2022-12-23 14:16:51,14,7,3859.75,2204
2022-12-23 14:16:52,35,11,3859.75,2215
2022-12-23 14:16:53,7,1,3859.75,2216
2022-12-23 14:16:54,142,-25,3859.75,2191
2022-12-23 14:16:55,38,-14,3859.5,2177
2022-12-23 14:16:56,5,2,3859.5,2179
2022-12-23 14:16:57,8,2,3859.5,2181
2022-12-23 14:16:58,83,25,3859.5,2206
2022-12-23 14:16:59,102,-6,3859.5,2200
2022-12-23 14:17:00,26,-9,3859.25,2191
2022-12-23 14:17:01,46,7,3859.5,2198
2022-12-23 14:17:02,4,-2,3859.25,2196
2022-12-23 14:17:03,39,-13,3859.5,2183
2022-12-23 14:17:04,4,4,3859.25,2187
2022-12-23 14:17:05,23,8,3859.5,2195
2022-12-23 14:17:06,6,-1,3859.5,2194
2022-12-23 14:17:07,22,13,3859.5,2207
2022-12-23 14:17:08,214,79,3860.25,2286
2022-12-23 14:17:09,10,5,3860.0,2291
2022-12-23 14:17:10,6,4,3860.0,2295
2022-12-23 14:17:11,164,64,3860.75,2359
2022-12-23 14:17:12,69,27,3860.75,2386
2022-12-23 14:17:13,368,76,3861.25,2462
2022-12-23 14:17:14,239,83,3861.75,2545
2022-12-23 14:17:15,62,-5,3861.5,2540
2022-12-23 14:17:16,180,33,3861.75,2573
2022-12-23 14:17:17,95,-24,3861.5,2549
2022-12-23 14:17:18,24,1,3861.5,2550
2022-12-23 14:17:19,53,4,3861.5,2554
2022-12-23 14:17:20,98,23,3862.0,2577
2022-12-23 14:17:21,159,9,3862.0,2586
2022-12-23 14:17:22,165,-21,3861.75,2565
2022-12-23 14:17:23,23,11,3861.5,2576
2022-12-23 14:17:24,18,2,3861.5,2578
2022-12-23 14:17:25,49,-10,3861.5,2568
2022-12-23 14:17:26,25,-12,3861.25,2556
2022-12-23 14:17:27,5,1,3861.25,2557
2022-12-23 14:17:28,59,21,3861.5,2578
2022-12-23 14:17:29,2,0,3861.5,2578
2022-12-23 14:17:30,12,5,3861.5,2583
2022-12-23 14:17:31,34,1,3861.5,2584
2022-12-23 14:17:32,11,3,3861.25,2587
2022-12-23 14:17:33,9,0,3861.25,2587
2022-12-23 14:17:34,56,10,3861.5,2597
2022-12-23 14:17:35,46,12,3861.5,2609
2022-12-23 14:17:36,70,-21,3861.0,2588
2022-12-23 14:17:37,34,3,3861.0,2591
2022-12-23 14:17:38,21,-13,3861.0,2578
2022-12-23 14:17:39,34,-13,3860.75,2565
2022-12-23 14:17:40,78,-17,3860.25,2548
2022-12-23 14:17:41,55,-5,3860.25,2543
2022-12-23 14:17:42,40,8,3860.25,2551
2022-12-23 14:17:43,59,5,3860.0,2556
2022-12-23 14:17:44,42,-4,3860.25,2552
2022-12-23 14:17:45,30,3,3860.75,2555
2022-12-23 14:17:46,19,8,3860.75,2563
2022-12-23 14:17:47,1,-1,3860.75,2562
2022-12-23 14:17:48,1,-1,3860.75,2561
2022-12-23 14:17:49,8,2,3861.0,2563
2022-12-23 14:17:50,40,-10,3861.0,2553
2022-12-23 14:17:51,10,-2,3861.0,2551
2022-12-23 14:17:52,11,5,3861.0,2556
2022-12-23 14:17:53,8,-8,3860.75,2548
2022-12-23 14:17:54,27,-6,3860.5,2542
2022-12-23 14:17:55,5,1,3860.5,2543
2022-12-23 14:17:56,47,-3,3860.5,2540
2022-12-23 14:17:57,1,1,3860.5,2541
2022-12-23 14:17:59,33,-13,3860.5,2528
2022-12-23 14:18:00,34,-6,3860.5,2522
2022-12-23 14:18:01,41,16,3860.75,2538
2022-12-23 14:18:02,35,5,3860.75,2543
2022-12-23 14:18:03,32,-1,3861.0,2542
2022-12-23 14:18:04,21,11,3861.0,2553
2022-12-23 14:18:05,78,-4,3861.25,2549
2022-12-23 14:18:06,31,-2,3861.25,2547
2022-12-23 14:18:07,1,1,3861.0,2548
2022-12-23 14:18:08,57,-1,3860.75,2547
2022-12-23 14:18:09,1,1,3861.0,2548
2022-12-23 14:18:10,2,2,3861.0,2550
2022-12-23 14:18:11,30,-3,3861.0,2547
2022-12-23 14:18:12,6,-4,3860.75,2543
2022-12-23 14:18:13,25,4,3860.75,2547
2022-12-23 14:18:14,38,4,3861.0,2551
2022-12-23 14:18:15,26,-4,3861.0,2547
2022-12-23 14:18:16,39,11,3861.25,2558
2022-12-23 14:18:17,8,5,3861.25,2563
2022-12-23 14:18:18,2,2,3861.25,2565
2022-12-23 14:18:19,24,-17,3861.0,2548
2022-12-23 14:18:20,3,-3,3861.0,2545
2022-12-23 14:18:21,6,-5,3861.0,2540
2022-12-23 14:18:22,16,-7,3861.0,2533
2022-12-23 14:18:23,5,3,3861.0,2536
2022-12-23 14:18:24,28,-6,3861.0,2530
2022-12-23 14:18:26,28,-21,3860.5,2509
2022-12-23 14:18:27,5,1,3860.5,2510
2022-12-23 14:18:28,55,-4,3860.25,2506
2022-12-23 14:18:29,11,9,3860.5,2515
2022-12-23 14:18:30,62,18,3860.75,2533
2022-12-23 14:18:31,19,-4,3861.0,2529
2022-12-23 14:18:32,18,-10,3861.0,2519
2022-12-23 14:18:33,3,1,3861.0,2520
2022-12-23 14:18:34,40,-12,3861.0,2508
2022-12-23 14:18:35,4,4,3860.75,2512
2022-12-23 14:18:36,2,-2,3860.5,2510
2022-12-23 14:18:37,20,5,3860.75,2515
2022-12-23 14:18:38,30,-5,3860.75,2510
2022-12-23 14:18:39,12,-11,3860.5,2499
2022-12-23 14:18:40,16,5,3860.5,2504
2022-12-23 14:18:41,4,-2,3860.5,2502
2022-12-23 14:18:42,11,7,3860.75,2509
2022-12-23 14:18:44,26,3,3861.0,2512
2022-12-23 14:18:45,2,2,3860.75,2514
2022-12-23 14:18:46,6,-4,3860.75,2510
2022-12-23 14:18:47,50,-12,3860.5,2498
2022-12-23 14:18:50,26,-6,3860.5,2492
2022-12-23 14:18:51,11,9,3860.5,2501
2022-12-23 14:18:53,14,-6,3860.5,2495
2022-12-23 14:18:54,30,-9,3860.25,2486
2022-12-23 14:18:55,16,10,3860.25,2496
2022-12-23 14:18:56,23,3,3860.25,2499
2022-12-23 14:18:57,47,-28,3860.0,2471
2022-12-23 14:18:58,73,19,3860.0,2490
2022-12-23 14:18:59,41,6,3860.25,2496
2022-12-23 14:19:00,39,-10,3859.75,2486
2022-12-23 14:19:01,27,0,3860.0,2486
2022-12-23 14:19:02,1,-1,3859.75,2485
2022-12-23 14:19:03,28,19,3860.0,2504
2022-12-23 14:19:04,84,12,3860.25,2516
2022-12-23 14:19:05,23,5,3860.25,2521
2022-12-23 14:19:06,18,7,3860.25,2528
2022-12-23 14:19:07,9,-2,3860.5,2526
2022-12-23 14:19:08,16,10,3860.5,2536
2022-12-23 14:19:09,10,0,3860.5,2536
2022-12-23 14:19:10,121,-80,3860.5,2456
2022-12-23 14:19:11,30,-2,3860.5,2454
2022-12-23 14:19:12,5,-2,3860.25,2452
2022-12-23 14:19:13,1,1,3860.5,2453
2022-12-23 14:19:14,1,-1,3860.25,2452
2022-12-23 14:19:15,5,-3,3860.25,2449
2022-12-23 14:19:17,26,11,3860.5,2460
2022-12-23 14:19:18,77,17,3860.75,2477
2022-12-23 14:19:19,4,-4,3860.75,2473
2022-12-23 14:19:20,7,3,3860.75,2476
2022-12-23 14:19:21,2,-2,3860.5,2474
2022-12-23 14:19:22,22,-12,3860.5,2462
2022-12-23 14:19:23,33,-4,3860.5,2458
2022-12-23 14:19:24,2,0,3860.5,2458
2022-12-23 14:19:25,13,7,3860.5,2465
2022-12-23 14:19:26,44,0,3860.5,2465
2022-12-23 14:19:27,1,1,3860.25,2466
2022-12-23 14:19:28,31,-1,3860.25,2465
2022-12-23 14:19:29,4,2,3860.25,2467
2022-12-23 14:19:30,1,1,3860.5,2468
2022-12-23 14:19:31,1,-1,3860.25,2467
2022-12-23 14:19:33,64,12,3860.5,2479
2022-12-23 14:19:34,54,7,3860.75,2486
2022-12-23 14:19:35,4,1,3860.75,2487
2022-12-23 14:19:37,1,1,3860.75,2488
2022-12-23 14:19:38,2,-2,3860.5,2486
2022-12-23 14:19:39,25,3,3860.75,2489
2022-12-23 14:19:40,6,0,3861.0,2489
2022-12-23 14:19:41,58,34,3861.0,2523
2022-12-23 14:19:42,72,-7,3861.0,2516
2022-12-23 14:19:43,23,-14,3861.0,2502
2022-12-23 14:19:44,28,-10,3861.0,2492
2022-12-23 14:19:45,4,-1,3861.0,2491
2022-12-23 14:19:46,21,-18,3860.75,2473
2022-12-23 14:19:47,32,-7,3860.75,2466
2022-12-23 14:19:48,10,-5,3860.5,2461
2022-12-23 14:19:49,24,-2,3860.25,2459
2022-12-23 14:19:51,14,-2,3860.25,2457
2022-12-23 14:19:52,3,1,3860.5,2458
2022-12-23 14:19:53,19,11,3860.5,2469
2022-12-23 14:19:55,30,-15,3860.5,2454
2022-12-23 14:19:56,1,-1,3860.5,2453
2022-12-23 14:19:57,5,-5,3860.5,2448
2022-12-23 14:19:58,8,-6,3860.5,2442
2022-12-23 14:19:59,28,6,3860.5,2448
2022-12-23 14:20:00,61,3,3860.75,2451
2022-12-23 14:20:01,30,-4,3860.75,2447
2022-12-23 14:20:02,18,-7,3860.75,2440
2022-12-23 14:20:03,13,5,3860.75,2445
2022-12-23 14:20:04,13,-12,3860.5,2433
2022-12-23 14:20:05,8,2,3860.5,2435
2022-12-23 14:20:06,21,5,3860.75,2440
2022-12-23 14:20:07,36,4,3860.75,2444
2022-12-23 14:20:08,5,-5,3860.75,2439
2022-12-23 14:20:09,8,1,3860.75,2440
2022-12-23 14:20:10,34,17,3861.0,2457
2022-12-23 14:20:11,5,1,3861.0,2458
2022-12-23 14:20:12,13,-6,3860.75,2452
2022-12-23 14:20:13,73,29,3861.0,2481
2022-12-23 14:20:14,35,5,3861.0,2486
2022-12-23 14:20:15,2,-2,3861.0,2484
2022-12-23 14:20:16,15,-6,3861.25,2478
2022-12-23 14:20:17,66,27,3861.25,2505
2022-12-23 14:20:18,13,2,3861.25,2507
2022-12-23 14:20:19,8,6,3861.5,2513
2022-12-23 14:20:20,1,1,3861.5,2514
2022-12-23 14:20:21,116,16,3861.75,2530
2022-12-23 14:20:22,5,1,3861.5,2531
2022-12-23 14:20:23,29,4,3861.5,2535
2022-12-23 14:20:24,72,-23,3861.5,2512
2022-12-23 14:20:25,7,0,3861.25,2512
2022-12-23 14:20:26,2,2,3861.25,2514
2022-12-23 14:20:27,58,-2,3861.5,2512
2022-12-23 14:20:28,43,-1,3860.75,2511
2022-12-23 14:20:29,34,-18,3860.75,2493
2022-12-23 14:20:30,4,1,3860.75,2494
2022-12-23 14:20:31,21,3,3860.75,2497
2022-12-23 14:20:32,6,-4,3860.75,2493
2022-12-23 14:20:33,35,-7,3860.5,2486
2022-12-23 14:20:35,27,-1,3860.5,2485
2022-12-23 14:20:36,12,-4,3860.25,2481
2022-12-23 14:20:37,7,-5,3860.25,2476
2022-12-23 14:20:38,12,8,3860.5,2484
2022-12-23 14:20:40,5,-1,3860.5,2483
2022-12-23 14:20:41,4,-4,3860.5,2479
2022-12-23 14:20:42,15,-5,3860.5,2474
2022-12-23 14:20:45,8,6,3860.5,2480
2022-12-23 14:20:46,35,5,3860.75,2485
2022-12-23 14:20:47,2,2,3860.75,2487
2022-12-23 14:20:48,3,-3,3860.5,2484
2022-12-23 14:20:49,39,8,3860.75,2492
2022-12-23 14:20:50,9,-2,3860.5,2490
2022-12-23 14:20:51,1,-1,3860.5,2489
2022-12-23 14:20:52,4,0,3860.5,2489
2022-12-23 14:20:53,13,-10,3860.25,2479
2022-12-23 14:20:54,8,5,3860.25,2484
2022-12-23 14:20:55,33,16,3860.5,2500
2022-12-23 14:20:56,42,2,3860.5,2502
2022-12-23 14:20:57,7,-6,3860.25,2496
2022-12-23 14:20:58,21,3,3860.5,2499
2022-12-23 14:20:59,1,1,3860.5,2500
2022-12-23 14:21:00,8,-6,3860.5,2494
2022-12-23 14:21:01,1,1,3860.25,2495
2022-12-23 14:21:02,43,12,3860.25,2507
2022-12-23 14:21:03,4,-4,3860.25,2503
2022-12-23 14:21:04,77,-46,3860.0,2457
2022-12-23 14:21:05,163,-108,3859.75,2349
2022-12-23 14:21:06,37,-3,3859.75,2346
2022-12-23 14:21:07,105,-51,3859.25,2295
2022-12-23 14:21:08,52,18,3859.25,2313
2022-12-23 14:21:09,15,-9,3859.25,2304
2022-12-23 14:21:10,6,-6,3859.25,2298
2022-12-23 14:21:11,65,0,3859.0,2298
2022-12-23 14:21:12,79,21,3859.25,2319
2022-12-23 14:21:13,3,-3,3859.0,2316
2022-12-23 14:21:14,11,-9,3859.25,2307
2022-12-23 14:21:16,19,-6,3859.0,2301
2022-12-23 14:21:17,13,2,3859.0,2303
2022-12-23 14:21:18,50,-19,3859.0,2284
2022-12-23 14:21:19,14,-10,3858.5,2274
2022-12-23 14:21:20,35,-8,3858.5,2266
2022-12-23 14:21:21,25,-4,3858.75,2262
2022-12-23 14:21:22,26,0,3858.5,2262
2022-12-23 14:21:23,113,13,3859.0,2275
2022-12-23 14:21:24,30,9,3859.0,2284
2022-12-23 14:21:25,2,-2,3858.75,2282
2022-12-23 14:21:26,17,-3,3858.75,2279
2022-12-23 14:21:29,15,-1,3858.75,2278
2022-12-23 14:21:30,21,-4,3858.75,2274
2022-12-23 14:21:31,18,12,3859.0,2286
2022-12-23 14:21:32,13,-9,3858.75,2277
2022-12-23 14:21:33,5,0,3858.75,2277
2022-12-23 14:21:34,16,8,3858.75,2285
2022-12-23 14:21:35,30,10,3858.75,2295
2022-12-23 14:21:36,3,-1,3858.75,2294
2022-12-23 14:21:37,3,-3,3858.5,2291
2022-12-23 14:21:39,39,-4,3859.0,2287
2022-12-23 14:21:40,38,-12,3858.5,2275
2022-12-23 14:21:41,29,-16,3858.0,2259
2022-12-23 14:21:42,15,-8,3858.0,2251
2022-12-23 14:21:43,6,-2,3857.75,2249
2022-12-23 14:21:44,35,8,3857.75,2257
2022-12-23 14:21:45,2,0,3857.75,2257
2022-12-23 14:21:46,1,1,3857.75,2258
2022-12-23 14:21:47,18,-10,3857.75,2248
2022-12-23 14:21:48,22,-2,3857.5,2246
2022-12-23 14:21:49,97,-5,3857.5,2241
2022-12-23 14:21:50,10,0,3857.5,2241
2022-12-23 14:21:51,61,14,3857.75,2255
2022-12-23 14:21:52,25,-8,3857.75,2247
2022-12-23 14:21:53,6,0,3857.75,2247
2022-12-23 14:21:54,22,5,3857.75,2252
2022-12-23 14:21:55,29,-17,3857.75,2235
2022-12-23 14:21:57,8,2,3858.0,2237
2022-12-23 14:21:58,61,17,3858.0,2254
2022-12-23 14:21:59,4,1,3858.0,2255
2022-12-23 14:22:00,11,1,3858.25,2256
2022-12-23 14:22:02,45,-24,3857.5,2232
2022-12-23 14:22:03,54,-4,3857.5,2228
2022-12-23 14:22:04,20,-5,3857.25,2223
2022-12-23 14:22:05,20,-3,3857.25,2220
2022-12-23 14:22:06,7,1,3857.25,2221
2022-12-23 14:22:07,32,-10,3857.25,2211
2022-12-23 14:22:08,6,-6,3857.25,2205
2022-12-23 14:22:09,39,6,3857.25,2211
2022-12-23 14:22:10,19,6,3857.25,2217
2022-12-23 14:22:11,1,-1,3857.25,2216
2022-12-23 14:22:12,49,16,3857.5,2232
2022-12-23 14:22:14,71,17,3857.75,2249
2022-12-23 14:22:15,29,-5,3858.0,2244
2022-12-23 14:22:16,15,-6,3857.75,2238
2022-12-23 14:22:17,2,2,3857.75,2240
2022-12-23 14:22:18,30,-15,3857.75,2225
2022-12-23 14:22:19,24,-7,3857.5,2218
2022-12-23 14:22:20,30,-8,3857.5,2210
2022-12-23 14:22:21,11,0,3857.25,2210
2022-12-23 14:22:22,12,-1,3857.25,2209
2022-12-23 14:22:23,9,3,3857.25,2212
2022-12-23 14:22:24,20,-5,3857.25,2207
2022-12-23 14:22:25,4,-4,3857.25,2203
2022-12-23 14:22:27,59,6,3857.5,2209
2022-12-23 14:22:29,33,4,3857.25,2213
2022-12-23 14:22:32,2,2,3857.25,2215
2022-12-23 14:22:34,67,1,3857.25,2216
2022-12-23 14:22:35,17,5,3857.5,2221
2022-12-23 14:22:37,5,-1,3857.25,2220
2022-12-23 14:22:39,57,2,3857.5,2222
2022-12-23 14:22:40,38,-12,3857.5,2210
2022-12-23 14:22:42,20,-1,3857.25,2209
2022-12-23 14:22:43,4,-1,3857.25,2208
2022-12-23 14:22:44,1,-1,3857.0,2207
2022-12-23 14:22:45,2,-2,3857.0,2205
2022-12-23 14:22:46,59,17,3857.25,2222
2022-12-23 14:22:47,20,4,3857.25,2226
2022-12-23 14:22:48,18,6,3857.25,2232
2022-12-23 14:22:49,2,-2,3857.0,2230
2022-12-23 14:22:50,71,-53,3856.75,2177
2022-12-23 14:22:51,94,-31,3856.25,2146
2022-12-23 14:22:52,12,-8,3856.0,2138
2022-12-23 14:22:53,97,10,3856.25,2148
2022-12-23 14:22:54,62,7,3856.75,2155
2022-12-23 14:22:55,9,-5,3856.75,2150
2022-12-23 14:22:56,2,0,3856.75,2150
2022-12-23 14:22:57,8,-3,3856.75,2147
2022-12-23 14:22:58,27,-11,3856.5,2136
2022-12-23 14:22:59,30,-1,3856.5,2135
2022-12-23 14:23:00,31,13,3857.0,2148
2022-12-23 14:23:01,92,-6,3857.0,2142
2022-12-23 14:23:02,3,0,3857.0,2142
2022-12-23 14:23:03,17,-8,3856.75,2134
2022-12-23 14:23:04,49,2,3856.75,2136
2022-12-23 14:23:05,75,-8,3856.5,2128
2022-12-23 14:23:06,292,-103,3856.25,2025
2022-12-23 14:23:07,60,-6,3856.0,2019
2022-12-23 14:23:08,7,-4,3856.0,2015
2022-12-23 14:23:09,20,7,3856.0,2022
2022-12-23 14:23:10,16,-8,3856.25,2014
2022-12-23 14:23:11,67,17,3856.25,2031
2022-12-23 14:23:13,24,-8,3856.5,2023
2022-12-23 14:23:14,2,-2,3856.25,2021
2022-12-23 14:23:17,60,2,3856.5,2023
2022-12-23 14:23:18,25,13,3856.75,2036
2022-12-23 14:23:19,13,-9,3856.5,2027
2022-12-23 14:23:20,38,-8,3856.5,2019
2022-12-23 14:23:21,2,2,3856.5,2021
2022-12-23 14:23:22,12,2,3856.75,2023
2022-12-23 14:23:24,1,1,3856.75,2024
2022-12-23 14:23:25,63,-5,3856.75,2019
2022-12-23 14:23:26,23,-8,3856.75,2011
2022-12-23 14:23:27,27,-8,3856.5,2003
2022-12-23 14:23:29,36,2,3857.0,2005
2022-12-23 14:23:30,9,-2,3857.0,2003
2022-12-23 14:23:31,111,31,3857.0,2034
2022-12-23 14:23:32,1,1,3857.0,2035
2022-12-23 14:23:33,24,-12,3857.0,2023
2022-12-23 14:23:34,17,-10,3856.75,2013
2022-12-23 14:23:36,165,-50,3856.0,1963
2022-12-23 14:23:37,16,3,3855.75,1966
2022-12-23 14:23:38,61,-4,3855.75,1962
2022-12-23 14:23:39,32,-2,3855.5,1960
2022-12-23 14:23:40,11,-6,3855.5,1954
2022-12-23 14:23:41,6,-1,3855.75,1953
2022-12-23 14:23:42,16,-6,3855.5,1947
2022-12-23 14:23:43,7,-4,3855.5,1943
2022-12-23 14:23:44,64,17,3856.0,1960
2022-12-23 14:23:45,16,14,3856.0,1974
2022-12-23 14:23:46,3,-3,3856.0,1971
2022-12-23 14:23:48,20,-1,3856.25,1970
2022-12-23 14:23:49,9,-9,3856.0,1961
2022-12-23 14:23:50,5,1,3856.0,1962
2022-12-23 14:23:51,1,1,3856.0,1963
2022-12-23 14:23:52,10,0,3856.0,1963
2022-12-23 14:23:53,9,1,3856.0,1964
2022-12-23 14:23:54,10,-1,3856.0,1963
2022-12-23 14:23:55,2,-2,3856.0,1961
2022-12-23 14:23:56,32,6,3856.25,1967
2022-12-23 14:23:57,25,22,3856.75,1989
2022-12-23 14:23:58,151,19,3857.25,2008
2022-12-23 14:23:59,30,-13,3857.25,1995
2022-12-23 14:24:00,17,8,3857.0,2003
2022-12-23 14:24:01,14,-8,3857.0,1995
2022-12-23 14:24:02,25,-17,3856.75,1978
2022-12-23 14:24:03,9,-7,3856.5,1971
2022-12-23 14:24:04,22,-7,3856.0,1964
2022-12-23 14:24:06,3,-3,3855.75,1961
2022-12-23 14:24:07,2,1,3856.0,1962
2022-12-23 14:24:08,26,8,3856.0,1970
2022-12-23 14:24:09,19,17,3856.5,1987
2022-12-23 14:24:10,30,-15,3856.25,1972
2022-12-23 14:24:11,2,-2,3856.0,1970
2022-12-23 14:24:12,44,-27,3855.75,1943
2022-12-23 14:24:13,68,13,3856.0,1956
2022-12-23 14:24:14,9,1,3856.0,1957
2022-12-23 14:24:15,59,-35,3856.0,1922
2022-12-23 14:24:16,30,4,3855.75,1926
2022-12-23 14:24:17,13,9,3855.75,1935
2022-12-23 14:24:18,15,7,3856.25,1942
2022-12-23 14:24:19,17,-7,3856.25,1935
2022-12-23 14:24:20,4,0,3856.0,1935
2022-12-23 14:24:21,13,10,3856.25,1945
2022-12-23 14:24:23,13,6,3856.25,1951
2022-12-23 14:24:26,45,-9,3856.5,1942
2022-12-23 14:24:27,24,13,3856.75,1955
2022-12-23 14:24:28,59,8,3856.75,1963
2022-12-23 14:24:29,3,1,3856.75,1964
2022-12-23 14:24:30,22,7,3856.75,1971
2022-12-23 14:24:31,15,2,3857.0,1973
2022-12-23 14:24:32,1,1,3856.75,1974
2022-12-23 14:24:34,6,-5,3856.5,1969
2022-12-23 14:24:35,1,1,3856.75,1970
2022-12-23 14:24:36,64,9,3857.0,1979
2022-12-23 14:24:37,31,18,3857.25,1997
2022-12-23 14:24:38,62,21,3857.5,2018
2022-12-23 14:24:39,4,3,3857.5,2021
2022-12-23 14:24:40,30,-8,3857.25,2013
2022-12-23 14:24:42,1,-1,3857.0,2012
2022-12-23 14:24:43,28,-9,3857.25,2003
2022-12-23 14:24:44,23,-3,3856.75,2000
2022-12-23 14:24:45,46,5,3857.0,2005
2022-12-23 14:24:46,21,1,3857.0,2006
2022-12-23 14:24:47,1,1,3857.0,2007
2022-12-23 14:24:48,32,11,3857.25,2018
2022-12-23 14:24:49,31,-3,3857.25,2015
2022-12-23 14:24:51,1,1,3857.25,2016
2022-12-23 14:24:52,4,2,3857.25,2018
2022-12-23 14:24:53,13,-8,3857.0,2010
2022-12-23 14:24:54,2,2,3857.0,2012
2022-12-23 14:24:55,1,1,3857.0,2013
2022-12-23 14:24:56,4,4,3857.0,2017
2022-12-23 14:24:57,6,-6,3857.0,2011
2022-12-23 14:24:58,43,15,3857.0,2026
2022-12-23 14:24:59,2,0,3857.0,2026
2022-12-23 14:25:00,8,6,3857.0,2032
2022-12-23 14:25:01,33,-11,3857.25,2021
2022-12-23 14:25:02,18,-11,3857.0,2010
2022-12-23 14:25:03,2,-2,3856.5,2008
2022-12-23 14:25:04,34,-6,3856.5,2002
2022-12-23 14:25:06,42,13,3856.75,2015
2022-12-23 14:25:07,45,5,3857.25,2020
2022-12-23 14:25:08,27,2,3857.25,2022
2022-12-23 14:25:09,38,-1,3857.5,2021
2022-12-23 14:25:10,57,22,3857.75,2043
2022-12-23 14:25:11,34,9,3857.75,2052
2022-12-23 14:25:12,35,-1,3857.75,2051
2022-12-23 14:25:13,33,12,3857.75,2063
2022-12-23 14:25:14,6,-6,3857.75,2057
2022-12-23 14:25:15,7,-6,3857.5,2051
2022-12-23 14:25:16,2,0,3857.75,2051
2022-12-23 14:25:17,91,15,3858.0,2066
2022-12-23 14:25:18,54,-23,3858.0,2043
2022-12-23 14:25:19,31,1,3858.0,2044
2022-12-23 14:25:20,47,-5,3857.75,2039
2022-12-23 14:25:21,52,-6,3857.75,2033
2022-12-23 14:25:22,18,6,3857.75,2039
2022-12-23 14:25:23,1,1,3857.5,2040
2022-12-23 14:25:24,23,9,3857.5,2049
2022-12-23 14:25:25,11,-11,3857.25,2038
2022-12-23 14:25:26,26,-7,3857.25,2031
2022-12-23 14:25:27,6,-5,3857.25,2026
2022-12-23 14:25:29,12,6,3857.25,2032
2022-12-23 14:25:30,1,-1,3857.25,2031
2022-12-23 14:25:31,2,-2,3857.25,2029
2022-12-23 14:25:33,29,-5,3857.25,2024
2022-12-23 14:25:34,31,-7,3857.25,2017
2022-12-23 14:25:35,14,-4,3857.25,2013
2022-12-23 14:25:36,1,-1,3857.25,2012
2022-12-23 14:25:37,13,-2,3857.25,2010
2022-12-23 14:25:38,22,-4,3857.5,2006
2022-12-23 14:25:39,10,4,3857.75,2010
2022-12-23 14:25:40,2,2,3857.75,2012
2022-12-23 14:25:41,5,1,3857.75,2013
2022-12-23 14:25:42,50,-5,3858.0,2008
2022-12-23 14:25:44,6,1,3857.75,2009
2022-12-23 14:25:45,32,5,3858.0,2014
2022-12-23 14:25:46,1,1,3858.0,2015
2022-12-23 14:25:47,16,-4,3857.75,2011
2022-12-23 14:25:48,13,-7,3857.75,2004
2022-12-23 14:25:49,185,47,3858.25,2051
2022-12-23 14:25:50,54,14,3858.25,2065
2022-12-23 14:25:52,17,-5,3858.25,2060
2022-12-23 14:25:53,28,-1,3858.0,2059
2022-12-23 14:25:54,2,2,3858.25,2061
2022-12-23 14:25:55,105,3,3858.25,2064
2022-12-23 14:25:56,85,69,3858.25,2133
2022-12-23 14:25:57,1,1,3858.25,2134
2022-12-23 14:25:58,59,1,3858.5,2135
2022-12-23 14:25:59,3,-2,3858.25,2133
2022-12-23 14:26:00,124,-40,3858.25,2093
2022-12-23 14:26:01,3,-1,3858.25,2092
2022-12-23 14:26:02,11,-3,3858.0,2089
2022-12-23 14:26:03,77,-5,3858.0,2084
2022-12-23 14:26:04,62,-14,3858.0,2070
2022-12-23 14:26:05,15,1,3858.0,2071
2022-12-23 14:26:06,1,-1,3858.0,2070
2022-12-23 14:26:07,110,12,3858.25,2082
2022-12-23 14:26:08,54,24,3858.75,2106
2022-12-23 14:26:09,58,-17,3858.5,2089
2022-12-23 14:26:10,13,-5,3858.25,2084
2022-12-23 14:26:11,6,5,3858.25,2089
2022-12-23 14:26:12,25,9,3858.5,2098
2022-12-23 14:26:13,4,1,3858.5,2099
2022-12-23 14:26:14,8,0,3858.5,2099
2022-12-23 14:26:15,57,-15,3858.5,2084
2022-12-23 14:26:16,40,7,3858.75,2091
2022-12-23 14:26:17,90,17,3859.0,2108
2022-12-23 14:26:18,52,13,3859.0,2121
2022-12-23 14:26:19,62,-9,3859.25,2112
2022-12-23 14:26:20,14,1,3859.25,2113
2022-12-23 14:26:21,22,11,3859.25,2124
2022-12-23 14:26:22,17,13,3859.5,2137
2022-12-23 14:26:23,2,2,3859.5,2139
2022-12-23 14:26:24,84,-2,3859.5,2137
2022-12-23 14:26:25,24,-15,3859.25,2122
2022-12-23 14:26:26,4,4,3859.25,2126
2022-12-23 14:26:27,14,0,3859.25,2126
2022-12-23 14:26:28,18,-2,3859.25,2124
2022-12-23 14:26:29,32,-8,3859.25,2116
2022-12-23 14:26:30,31,-2,3859.25,2114
2022-12-23 14:26:31,16,4,3859.5,2118
2022-12-23 14:26:32,48,-11,3859.25,2107
2022-12-23 14:26:33,36,3,3859.25,2110
2022-12-23 14:26:34,91,23,3859.5,2133
2022-12-23 14:26:35,59,-4,3859.5,2129
2022-12-23 14:26:36,30,20,3859.75,2149
2022-12-23 14:26:37,35,25,3859.75,2174
2022-12-23 14:26:38,33,-11,3859.75,2163
2022-12-23 14:26:39,12,6,3859.75,2169
2022-12-23 14:26:40,10,-10,3859.75,2159
2022-12-23 14:26:41,3,-3,3859.5,2156
2022-12-23 14:26:42,10,1,3859.75,2157
2022-12-23 14:26:43,1,-1,3859.5,2156
2022-12-23 14:26:44,27,-21,3859.5,2135
2022-12-23 14:26:45,11,-11,3859.0,2124
2022-12-23 14:26:46,50,13,3859.0,2137
2022-12-23 14:26:47,1,1,3859.25,2138
2022-12-23 14:26:48,1,1,3859.25,2139
2022-12-23 14:26:51,38,-10,3859.0,2129
2022-12-23 14:26:52,40,9,3859.25,2138
2022-12-23 14:26:53,48,3,3859.25,2141
2022-12-23 14:26:54,1,-1,3859.25,2140
2022-12-23 14:26:55,1,-1,3859.25,2139
2022-12-23 14:26:56,5,-5,3859.25,2134
2022-12-23 14:26:57,55,10,3859.25,2144
2022-12-23 14:26:58,9,7,3859.25,2151
2022-12-23 14:26:59,39,2,3859.5,2153
2022-12-23 14:27:00,2,2,3859.5,2155
2022-12-23 14:27:01,26,-11,3859.5,2144
2022-12-23 14:27:02,6,-6,3859.5,2138
2022-12-23 14:27:03,4,0,3859.5,2138
2022-12-23 14:27:04,5,3,3859.5,2141
2022-12-23 14:27:05,26,-9,3859.75,2132
2022-12-23 14:27:06,58,-14,3859.25,2118
2022-12-23 14:27:07,62,7,3859.25,2125
2022-12-23 14:27:08,2,0,3859.5,2125
2022-12-23 14:27:09,11,10,3859.5,2135
2022-12-23 14:27:11,18,-12,3859.25,2123
2022-12-23 14:27:12,15,2,3859.25,2125
2022-12-23 14:27:13,70,18,3859.5,2143
2022-12-23 14:27:14,6,-4,3859.5,2139
2022-12-23 14:27:15,6,-4,3859.25,2135
2022-12-23 14:27:16,60,3,3859.0,2138
2022-12-23 14:27:17,12,2,3859.0,2140
2022-12-23 14:27:18,16,-8,3859.0,2132
2022-12-23 14:27:19,47,-8,3859.0,2124
2022-12-23 14:27:20,17,-6,3859.0,2118
2022-12-23 14:27:22,2,0,3859.25,2118
2022-12-23 14:27:23,55,1,3859.25,2119
2022-12-23 14:27:24,6,0,3859.25,2119
2022-12-23 14:27:25,72,42,3859.75,2161
2022-12-23 14:27:26,27,-8,3859.5,2153
2022-12-23 14:27:27,1,1,3859.5,2154
2022-12-23 14:27:28,2,0,3859.5,2154
2022-12-23 14:27:29,38,12,3859.75,2166
2022-12-23 14:27:30,11,-4,3859.75,2162
2022-12-23 14:27:32,27,0,3859.75,2162
2022-12-23 14:27:33,8,-2,3859.75,2160
2022-12-23 14:27:34,13,8,3860.0,2168
2022-12-23 14:27:35,8,0,3860.0,2168
2022-12-23 14:27:36,17,-10,3859.75,2158
2022-12-23 14:27:38,3,1,3860.0,2159
2022-12-23 14:27:39,110,44,3860.25,2203
2022-12-23 14:27:40,39,8,3860.5,2211
2022-12-23 14:27:41,16,-12,3860.25,2199
2022-12-23 14:27:42,1,1,3860.25,2200
2022-12-23 14:27:43,10,4,3860.25,2204
2022-12-23 14:27:44,8,-4,3860.0,2200
2022-12-23 14:27:45,7,3,3860.0,2203
2022-12-23 14:27:46,3,3,3860.25,2206
2022-12-23 14:27:47,22,-12,3860.0,2194
2022-12-23 14:27:48,2,-2,3860.0,2192
2022-12-23 14:27:49,21,11,3860.0,2203
2022-12-23 14:27:50,13,2,3860.0,2205
2022-12-23 14:27:51,19,5,3860.0,2210
2022-12-23 14:27:52,5,-1,3860.25,2209
2022-12-23 14:27:53,35,-10,3860.25,2199
2022-12-23 14:27:54,21,6,3860.25,2205
2022-12-23 14:27:55,8,-8,3860.25,2197
2022-12-23 14:27:56,14,2,3860.25,2199
2022-12-23 14:27:57,3,3,3860.25,2202
2022-12-23 14:27:58,19,-8,3860.25,2194
2022-12-23 14:27:59,4,0,3860.25,2194
2022-12-23 14:28:00,32,-12,3860.0,2182
2022-12-23 14:28:01,120,35,3860.5,2217
2022-12-23 14:28:03,58,-18,3860.5,2199
2022-12-23 14:28:04,9,-2,3860.5,2197
2022-12-23 14:28:05,11,1,3860.25,2198
2022-12-23 14:28:06,1,-1,3860.0,2197
2022-12-23 14:28:07,41,-12,3860.25,2185
2022-12-23 14:28:08,23,-12,3860.0,2173
2022-12-23 14:28:09,34,2,3860.25,2175
2022-12-23 14:28:10,28,15,3860.5,2190
2022-12-23 14:28:11,17,-13,3860.5,2177
2022-12-23 14:28:12,14,1,3860.5,2178
2022-12-23 14:28:13,16,10,3860.75,2188
2022-12-23 14:28:16,18,-8,3860.5,2180
2022-12-23 14:28:17,34,4,3860.5,2184
2022-12-23 14:28:18,3,-3,3860.25,2181
2022-12-23 14:28:19,37,-22,3860.25,2159
2022-12-23 14:28:20,68,-7,3860.0,2152
2022-12-23 14:28:21,1,-1,3859.75,2151
2022-12-23 14:28:22,8,-4,3860.0,2147
2022-12-23 14:28:23,13,4,3860.0,2151
2022-12-23 14:28:24,2,1,3860.0,2152
2022-12-23 14:28:25,20,9,3860.25,2161
2022-12-23 14:28:26,21,-12,3860.0,2149
2022-12-23 14:28:28,22,-4,3860.0,2145
2022-12-23 14:28:29,11,-8,3860.0,2137
2022-12-23 14:28:30,43,-19,3859.75,2118
2022-12-23 14:28:31,30,-6,3860.0,2112
2022-12-23 14:28:32,1,1,3859.75,2113
2022-12-23 14:28:33,39,-17,3859.5,2096
2022-12-23 14:28:34,3,-3,3859.25,2093
2022-12-23 14:28:35,98,8,3859.25,2101
2022-12-23 14:28:37,36,14,3859.5,2115
2022-12-23 14:28:38,11,-5,3859.5,2110
2022-12-23 14:28:39,7,7,3859.5,2117
2022-12-23 14:28:40,7,-2,3859.25,2115
2022-12-23 14:28:42,3,-3,3859.25,2112
2022-12-23 14:28:43,2,-1,3859.25,2111
2022-12-23 14:28:44,36,-10,3859.25,2101
2022-12-23 14:28:45,23,-14,3859.0,2087
2022-12-23 14:28:46,27,4,3859.0,2091
2022-12-23 14:28:47,10,-2,3859.25,2089
2022-12-23 14:28:48,3,3,3859.5,2092
2022-12-23 14:28:49,1,-1,3859.25,2091
2022-12-23 14:28:50,1,1,3859.5,2092
2022-12-23 14:28:51,61,-9,3859.5,2083
2022-12-23 14:28:52,22,-12,3859.25,2071
2022-12-23 14:28:53,102,-41,3859.0,2030
2022-12-23 14:28:54,10,1,3858.75,2031
2022-12-23 14:28:55,21,-2,3858.75,2029
2022-12-23 14:28:56,12,-1,3859.0,2028
2022-12-23 14:28:57,15,13,3859.25,2041
2022-12-23 14:28:58,47,-4,3859.25,2037
2022-12-23 14:29:01,20,8,3859.5,2045
2022-12-23 14:29:03,12,-7,3859.25,2038
2022-12-23 14:29:04,8,-4,3859.0,2034
2022-12-23 14:29:05,12,12,3859.0,2046
2022-12-23 14:29:06,8,1,3859.25,2047
2022-12-23 14:29:07,13,4,3859.5,2051
2022-12-23 14:29:08,19,0,3859.5,2051
2022-12-23 14:29:09,5,-1,3859.75,2050
2022-12-23 14:29:10,12,3,3859.5,2053
2022-12-23 14:29:11,21,0,3859.75,2053
2022-12-23 14:29:14,10,-10,3859.5,2043
2022-12-23 14:29:15,5,3,3859.75,2046
2022-12-23 14:29:16,28,14,3859.75,2060
2022-12-23 14:29:17,22,-5,3860.0,2055
2022-12-23 14:29:18,74,12,3860.0,2067
2022-12-23 14:29:19,18,-16,3860.0,2051
2022-12-23 14:29:20,103,-82,3859.75,1969
2022-12-23 14:29:22,1,-1,3859.5,1968
2022-12-23 14:29:23,4,-4,3859.5,1964
2022-12-23 14:29:25,1,-1,3859.5,1963
2022-12-23 14:29:26,1,-1,3859.5,1962
2022-12-23 14:29:27,1,-1,3859.5,1961
2022-12-23 14:29:28,23,-8,3859.5,1953
2022-12-23 14:29:29,31,0,3859.75,1953
2022-12-23 14:29:31,48,20,3859.75,1973
2022-12-23 14:29:32,17,-3,3859.75,1970
2022-12-23 14:29:33,9,7,3859.75,1977
2022-12-23 14:29:34,19,-7,3859.75,1970
2022-12-23 14:29:35,13,-7,3859.5,1963
2022-12-23 14:29:36,30,-4,3859.75,1959
2022-12-23 14:29:37,19,2,3859.75,1961
2022-12-23 14:29:38,2,2,3859.75,1963
2022-12-23 14:29:39,12,0,3859.75,1963
2022-12-23 14:29:41,5,3,3859.75,1966
2022-12-23 14:29:42,20,-2,3859.75,1964
2022-12-23 14:29:43,24,6,3859.5,1970
2022-12-23 14:29:44,10,0,3859.5,1970
2022-12-23 14:29:45,7,1,3859.75,1971
2022-12-23 14:29:46,5,-5,3859.5,1966
2022-12-23 14:29:48,64,-9,3859.5,1957
2022-12-23 14:29:49,1,1,3859.25,1958
2022-12-23 14:29:50,69,-28,3859.0,1930
2022-12-23 14:29:51,1,-1,3859.0,1929
2022-12-23 14:29:52,22,6,3859.25,1935
2022-12-23 14:29:54,1,1,3859.5,1936
2022-12-23 14:29:55,8,-8,3859.25,1928
2022-12-23 14:29:57,54,2,3859.0,1930
2022-12-23 14:29:58,21,-2,3858.75,1928
2022-12-23 14:30:00,39,11,3859.0,1939
2022-12-23 14:30:01,16,8,3858.75,1947
2022-12-23 14:30:02,7,7,3859.0,1954
2022-12-23 14:30:03,15,-4,3859.0,1950
2022-12-23 14:30:04,20,-1,3859.25,1949
2022-12-23 14:30:05,3,-1,3859.0,1948
2022-12-23 14:30:06,1,1,3859.0,1949
2022-12-23 14:30:08,18,15,3859.25,1964
2022-12-23 14:30:11,50,17,3859.75,1981
2022-12-23 14:30:12,23,6,3859.75,1987
2022-12-23 14:30:13,22,-6,3859.75,1981
2022-12-23 14:30:14,16,13,3859.75,1994
2022-12-23 14:30:15,4,0,3859.75,1994
2022-12-23 14:30:16,43,9,3860.25,2003
2022-12-23 14:30:17,18,2,3860.25,2005
2022-12-23 14:30:18,18,-1,3860.25,2004
2022-12-23 14:30:19,17,4,3860.25,2008
2022-12-23 14:30:20,3,1,3860.25,2009
2022-12-23 14:30:21,40,11,3860.25,2020
2022-12-23 14:30:22,11,-1,3860.5,2019
2022-12-23 14:30:23,86,16,3860.75,2035
2022-12-23 14:30:24,10,7,3860.75,2042
2022-12-23 14:30:25,66,-36,3860.5,2006
2022-12-23 14:30:26,8,2,3860.25,2008
2022-12-23 14:30:27,34,-1,3860.25,2007
2022-12-23 14:30:28,9,-5,3860.5,2002
2022-12-23 14:30:29,1,1,3860.5,2003
2022-12-23 14:30:30,30,4,3860.5,2007
2022-12-23 14:30:31,7,-3,3860.5,2004
2022-12-23 14:30:32,3,2,3860.5,2006
2022-12-23 14:30:33,30,-8,3860.25,1998
2022-12-23 14:30:34,4,-2,3860.25,1996
2022-12-23 14:30:35,3,-3,3860.0,1993
2022-12-23 14:30:36,49,14,3860.25,2007
2022-12-23 14:30:37,1,1,3860.5,2008
2022-12-23 14:30:38,10,-8,3860.25,2000
2022-12-23 14:30:39,12,-8,3860.0,1992
2022-12-23 14:30:40,23,-6,3860.0,1986
2022-12-23 14:30:42,3,-2,3859.75,1984
2022-12-23 14:30:43,58,-30,3859.75,1954
2022-12-23 14:30:44,3,1,3859.75,1955
2022-12-23 14:30:46,2,-2,3859.75,1953
2022-12-23 14:30:47,3,-3,3859.75,1950
2022-12-23 14:30:48,7,-3,3859.75,1947
2022-12-23 14:30:49,2,-2,3859.5,1945
2022-12-23 14:30:50,18,-8,3859.75,1937
2022-12-23 14:30:52,9,3,3859.75,1940
2022-12-23 14:30:55,1,-1,3859.75,1939
2022-12-23 14:30:57,34,-14,3859.75,1925
2022-12-23 14:30:58,16,11,3860.0,1936
2022-12-23 14:30:59,20,-1,3859.75,1935
2022-12-23 14:31:00,2,0,3859.75,1935
2022-12-23 14:31:03,71,-18,3859.5,1917
2022-12-23 14:31:04,30,-1,3859.25,1916
2022-12-23 14:31:05,34,7,3859.5,1923
2022-12-23 14:31:06,4,0,3859.75,1923
2022-12-23 14:31:07,4,-2,3859.75,1921
2022-12-23 14:31:08,30,9,3859.75,1930
2022-12-23 14:31:09,2,2,3859.75,1932
2022-12-23 14:31:10,1,-1,3859.75,1931
2022-12-23 14:31:11,14,-14,3859.75,1917
2022-12-23 14:31:12,19,5,3859.75,1922
2022-12-23 14:31:13,8,-4,3859.75,1918
2022-12-23 14:31:14,1,-1,3859.75,1917
2022-12-23 14:31:15,67,20,3860.0,1937
2022-12-23 14:31:16,3,1,3860.0,1938
2022-12-23 14:31:19,28,6,3860.25,1944
2022-12-23 14:31:20,15,10,3860.75,1954
2022-12-23 14:31:21,57,12,3860.75,1966
2022-12-23 14:31:22,80,48,3861.0,2014
2022-12-23 14:31:23,21,9,3861.0,2023
2022-12-23 14:31:24,48,-20,3861.0,2003
2022-12-23 14:31:25,1,1,3861.0,2004
2022-12-23 14:31:26,6,6,3861.0,2010
2022-12-23 14:31:27,9,7,3861.0,2017
2022-12-23 14:31:28,168,50,3861.75,2067
2022-12-23 14:31:29,110,24,3862.0,2091
2022-12-23 14:31:30,30,-19,3861.5,2072
2022-12-23 14:31:31,9,-1,3861.5,2071
2022-12-23 14:31:32,91,18,3861.75,2089
2022-12-23 14:31:33,5,1,3861.5,2090
2022-12-23 14:31:34,34,-19,3861.25,2071
2022-12-23 14:31:35,182,-19,3861.25,2052
2022-12-23 14:31:36,11,2,3861.0,2054
2022-12-23 14:31:37,2,-2,3860.75,2052
2022-12-23 14:31:38,22,-2,3860.75,2050
2022-12-23 14:31:39,8,-8,3860.75,2042
2022-12-23 14:31:40,12,10,3861.0,2052
2022-12-23 14:31:41,2,0,3861.0,2052
2022-12-23 14:31:42,25,-9,3861.0,2043
2022-12-23 14:31:43,24,5,3860.75,2048
2022-12-23 14:31:44,37,0,3860.75,2048
2022-12-23 14:31:45,9,-5,3860.75,2043
2022-12-23 14:31:46,19,2,3861.0,2045
2022-12-23 14:31:47,2,2,3861.0,2047
2022-12-23 14:31:48,11,-4,3861.0,2043
2022-12-23 14:31:49,5,-3,3860.75,2040
2022-12-23 14:31:50,3,-3,3860.5,2037
2022-12-23 14:31:51,42,-13,3860.5,2024
2022-12-23 14:31:52,9,-8,3860.5,2016
2022-12-23 14:31:53,2,0,3860.5,2016
2022-12-23 14:31:54,51,-9,3860.25,2007
2022-12-23 14:31:55,13,6,3860.25,2013
2022-12-23 14:31:56,70,-2,3860.75,2011
2022-12-23 14:31:57,11,-11,3860.75,2000
2022-12-23 14:31:59,6,-2,3860.75,1998
2022-12-23 14:32:00,22,-4,3860.75,1994
2022-12-23 14:32:01,6,1,3860.75,1995
2022-12-23 14:32:02,6,-6,3860.5,1989
2022-12-23 14:32:03,3,-1,3860.5,1988
2022-12-23 14:32:04,18,-2,3860.25,1986
2022-12-23 14:32:05,37,19,3860.75,2005
2022-12-23 14:32:06,67,11,3861.0,2016
2022-12-23 14:32:07,16,1,3861.0,2017
2022-12-23 14:32:08,119,38,3861.5,2055
2022-12-23 14:32:09,18,0,3861.5,2055
2022-12-23 14:32:10,24,-18,3861.5,2037
2022-12-23 14:32:11,28,-11,3861.0,2026
2022-12-23 14:32:12,27,-8,3860.75,2018
2022-12-23 14:32:13,27,1,3860.75,2019
2022-12-23 14:32:15,9,7,3861.0,2026
2022-12-23 14:32:16,1,1,3861.25,2027
2022-12-23 14:32:17,10,-8,3861.0,2019
2022-12-23 14:32:18,2,2,3861.0,2021
2022-12-23 14:32:19,2,-2,3861.0,2019
2022-12-23 14:32:20,9,9,3861.25,2028
2022-12-23 14:32:21,29,-3,3861.5,2025
2022-12-23 14:32:22,12,-5,3861.25,2020
2022-12-23 14:32:23,9,-9,3861.25,2011
2022-12-23 14:32:24,1,-1,3861.0,2010
2022-12-23 14:32:25,23,-1,3861.0,2009
2022-12-23 14:32:26,25,-7,3861.25,2002
2022-12-23 14:32:27,4,2,3861.25,2004
2022-12-23 14:32:29,40,-18,3861.25,1986
2022-12-23 14:32:30,20,12,3861.0,1998
2022-12-23 14:32:33,8,-1,3861.0,1997
2022-12-23 14:32:34,78,24,3861.5,2021
2022-12-23 14:32:36,32,-4,3861.75,2017
2022-12-23 14:32:37,5,-1,3861.75,2016
2022-12-23 14:32:38,52,21,3861.75,2037
2022-12-23 14:32:39,9,-7,3861.75,2030
2022-12-23 14:32:40,3,-1,3861.5,2029
2022-12-23 14:32:41,12,-12,3861.25,2017
2022-12-23 14:32:42,17,1,3861.25,2018
2022-12-23 14:32:45,22,8,3861.5,2026
2022-12-23 14:32:46,52,-16,3861.75,2010
2022-12-23 14:32:47,8,-3,3861.5,2007
2022-12-23 14:32:48,6,0,3861.5,2007
2022-12-23 14:32:49,118,10,3861.75,2017
2022-12-23 14:32:50,45,-8,3861.75,2009
2022-12-23 14:32:51,38,4,3862.0,2013
2022-12-23 14:32:52,1,1,3862.0,2014
2022-12-23 14:32:53,9,-3,3862.0,2011
2022-12-23 14:32:54,3,2,3861.75,2013
2022-12-23 14:32:55,6,-6,3861.5,2007
2022-12-23 14:32:56,34,0,3861.75,2007
2022-12-23 14:32:57,6,-6,3861.25,2001
2022-12-23 14:32:58,9,-5,3861.25,1996
2022-12-23 14:32:59,36,12,3861.5,2008
2022-12-23 14:33:00,1,-1,3861.5,2007
2022-12-23 14:33:01,90,-26,3861.75,1981
2022-12-23 14:33:02,20,2,3861.5,1983
2022-12-23 14:33:03,42,-2,3861.25,1981
2022-12-23 14:33:04,87,-18,3861.0,1963
2022-12-23 14:33:05,3,-3,3861.0,1960
2022-12-23 14:33:06,38,-3,3861.25,1957
2022-12-23 14:33:07,20,5,3861.25,1962
2022-12-23 14:33:09,26,16,3861.25,1978
2022-12-23 14:33:10,12,-7,3861.25,1971
2022-12-23 14:33:12,35,16,3861.25,1987
2022-12-23 14:33:13,140,26,3861.75,2013
2022-12-23 14:33:14,7,6,3862.0,2019
2022-12-23 14:33:15,30,-11,3862.0,2008
2022-12-23 14:33:16,23,2,3861.75,2010
2022-12-23 14:33:17,72,22,3861.75,2032
2022-12-23 14:33:18,2,2,3862.0,2034
2022-12-23 14:33:19,1,-1,3861.75,2033
2022-12-23 14:33:20,1,1,3862.0,2034
2022-12-23 14:33:21,1,-1,3861.75,2033
2022-12-23 14:33:22,124,27,3862.0,2060
2022-12-23 14:33:23,55,17,3862.25,2077
2022-12-23 14:33:24,16,5,3862.25,2082
2022-12-23 14:33:25,66,-12,3862.25,2070
2022-12-23 14:33:26,45,22,3862.25,2092
2022-12-23 14:33:27,8,-6,3862.0,2086
2022-12-23 14:33:28,24,-15,3861.75,2071
2022-12-23 14:33:29,10,3,3861.75,2074
2022-12-23 14:33:30,55,-16,3861.5,2058
2022-12-23 14:33:31,7,-5,3861.25,2053
2022-12-23 14:33:32,28,-2,3861.5,2051
2022-12-23 14:33:33,112,47,3861.5,2098
2022-12-23 14:33:34,6,5,3861.5,2103
2022-12-23 14:33:36,15,-12,3861.5,2091
2022-12-23 14:33:38,21,8,3861.5,2099
2022-12-23 14:33:39,54,9,3862.0,2108
2022-12-23 14:33:40,13,-6,3861.75,2102
2022-12-23 14:33:41,7,-6,3861.75,2096
2022-12-23 14:33:43,6,-6,3861.75,2090
2022-12-23 14:33:44,1,-1,3861.5,2089
2022-12-23 14:33:45,32,-8,3861.5,2081
2022-12-23 14:33:46,22,-3,3861.25,2078
2022-12-23 14:33:48,2,2,3861.25,2080
2022-12-23 14:33:49,28,5,3861.25,2085
2022-12-23 14:33:50,3,1,3861.25,2086
2022-12-23 14:33:51,36,-23,3861.0,2063
2022-12-23 14:33:52,11,3,3861.25,2066
2022-12-23 14:33:53,10,-7,3861.25,2059
2022-12-23 14:33:54,1,-1,3861.25,2058
2022-12-23 14:33:56,2,2,3861.5,2060
2022-12-23 14:33:57,1,-1,3861.25,2059
2022-12-23 14:33:58,9,6,3861.5,2065
2022-12-23 14:34:00,10,-10,3861.25,2055
2022-12-23 14:34:01,22,-14,3861.0,2041
2022-12-23 14:34:02,18,3,3861.0,2044
2022-12-23 14:34:03,19,-2,3861.25,2042
2022-12-23 14:34:04,22,-7,3861.0,2035
2022-12-23 14:34:05,18,7,3861.25,2042
2022-12-23 14:34:06,1,-1,3861.25,2041
2022-12-23 14:34:08,49,14,3861.5,2055
2022-12-23 14:34:09,10,-4,3861.5,2051
2022-12-23 14:34:11,2,2,3861.5,2053
2022-12-23 14:34:12,34,1,3861.5,2054
2022-12-23 14:34:13,8,-8,3861.5,2046
2022-12-23 14:34:14,3,-1,3861.25,2045
2022-12-23 14:34:15,14,-11,3861.0,2034
2022-12-23 14:34:16,3,3,3861.25,2037
2022-12-23 14:34:18,40,16,3861.25,2053
2022-12-23 14:34:19,12,-2,3861.25,2051
2022-12-23 14:34:20,16,0,3861.25,2051
2022-12-23 14:34:21,5,3,3861.25,2054
2022-12-23 14:34:22,8,-4,3861.25,2050
2022-12-23 14:34:25,5,-3,3861.25,2047
2022-12-23 14:34:28,16,7,3861.5,2054
2022-12-23 14:34:29,1,1,3861.75,2055
2022-12-23 14:34:30,47,46,3862.0,2101
2022-12-23 14:34:31,20,-3,3862.0,2098
2022-12-23 14:34:32,5,3,3862.25,2101
2022-12-23 14:34:34,244,66,3862.75,2167
2022-12-23 14:34:35,59,26,3862.75,2193
2022-12-23 14:34:36,299,78,3863.25,2271
2022-12-23 14:34:37,48,-15,3863.25,2256
2022-12-23 14:34:38,96,-11,3862.75,2245
2022-12-23 14:34:39,18,3,3862.5,2248
2022-12-23 14:34:40,40,-16,3862.5,2232
2022-12-23 14:34:41,21,2,3862.25,2234
2022-12-23 14:34:42,7,6,3862.5,2240
2022-12-23 14:34:43,27,-6,3862.25,2234
2022-12-23 14:34:44,30,3,3862.25,2237
2022-12-23 14:34:45,1,-1,3862.25,2236
2022-12-23 14:34:46,40,-5,3862.5,2231
2022-12-23 14:34:47,1,-1,3862.25,2230
2022-12-23 14:34:48,19,-12,3862.5,2218
2022-12-23 14:34:49,16,-16,3862.0,2202
2022-12-23 14:34:50,41,11,3862.0,2213
2022-12-23 14:34:51,1,-1,3861.75,2212
2022-12-23 14:34:52,17,-7,3862.0,2205
2022-12-23 14:34:53,9,-3,3861.75,2202
2022-12-23 14:34:54,24,-4,3861.75,2198
2022-12-23 14:34:55,15,0,3861.75,2198
2022-12-23 14:34:56,17,4,3861.75,2202
2022-12-23 14:34:57,10,-2,3861.75,2200
2022-12-23 14:34:59,29,-5,3861.75,2195
2022-12-23 14:35:00,28,-12,3862.0,2183
2022-12-23 14:35:01,1,1,3861.75,2184
2022-12-23 14:35:02,49,-17,3861.5,2167
2022-12-23 14:35:03,15,-1,3861.75,2166
2022-12-23 14:35:05,2,-2,3861.25,2164
2022-12-23 14:35:06,34,5,3861.75,2169
2022-12-23 14:35:07,39,-5,3861.75,2164
2022-12-23 14:35:09,12,9,3861.75,2173
2022-12-23 14:35:11,34,5,3861.75,2178
2022-12-23 14:35:12,38,-12,3861.5,2166
2022-12-23 14:35:13,48,-10,3861.25,2156
2022-12-23 14:35:14,15,-5,3861.25,2151
2022-12-23 14:35:15,5,-5,3861.25,2146
2022-12-23 14:35:16,16,0,3861.5,2146
2022-12-23 14:35:17,4,-2,3861.25,2144
2022-12-23 14:35:18,2,-2,3861.0,2142
2022-12-23 14:35:19,24,7,3861.25,2149
2022-12-23 14:35:20,7,5,3861.5,2154
2022-12-23 14:35:21,15,-9,3861.25,2145
2022-12-23 14:35:22,31,-21,3861.25,2124
2022-12-23 14:35:23,33,-1,3861.25,2123
2022-12-23 14:35:24,2,-2,3861.0,2121
2022-12-23 14:35:25,14,-1,3861.25,2120
2022-12-23 14:35:26,6,-3,3861.25,2117
2022-12-23 14:35:27,26,3,3861.5,2120
2022-12-23 14:35:28,26,10,3861.75,2130
2022-12-23 14:35:29,13,-8,3861.75,2122
2022-12-23 14:35:30,2,-2,3861.75,2120
2022-12-23 14:35:31,27,-2,3861.75,2118
2022-12-23 14:35:32,13,-7,3861.75,2111
2022-12-23 14:35:33,2,2,3861.75,2113
2022-12-23 14:35:34,12,-12,3861.5,2101
2022-12-23 14:35:35,23,3,3861.5,2104
2022-12-23 14:35:36,19,-11,3861.5,2093
2022-12-23 14:35:37,18,10,3861.75,2103
2022-12-23 14:35:38,1,-1,3861.75,2102
2022-12-23 14:35:39,57,16,3862.0,2118
2022-12-23 14:35:40,1,-1,3862.0,2117
2022-12-23 14:35:41,55,24,3862.5,2141
2022-12-23 14:35:42,58,15,3862.75,2156
2022-12-23 14:35:43,77,9,3862.75,2165
2022-12-23 14:35:44,33,0,3862.75,2165
2022-12-23 14:35:45,17,4,3862.75,2169
2022-12-23 14:35:46,20,-11,3862.75,2158
2022-12-23 14:35:47,25,-9,3862.5,2149
2022-12-23 14:35:48,8,2,3862.75,2151
2022-12-23 14:35:49,49,17,3862.75,2168
2022-12-23 14:35:50,4,2,3862.75,2170
2022-12-23 14:35:51,44,-2,3862.75,2168
2022-12-23 14:35:52,12,6,3862.75,2174
2022-12-23 14:35:53,16,-12,3862.75,2162
2022-12-23 14:35:54,3,-1,3862.25,2161
2022-12-23 14:35:55,74,-26,3862.25,2135
2022-12-23 14:35:56,12,0,3862.5,2135
2022-12-23 14:35:57,14,-3,3862.25,2132
2022-12-23 14:35:58,24,7,3862.25,2139
2022-12-23 14:35:59,25,13,3862.5,2152
2022-12-23 14:36:00,50,15,3862.75,2167
2022-12-23 14:36:02,31,-21,3862.5,2146
2022-12-23 14:36:03,6,-6,3862.25,2140
2022-12-23 14:36:04,1,1,3862.25,2141
2022-12-23 14:36:05,2,2,3862.25,2143
2022-12-23 14:36:07,7,-1,3862.25,2142
2022-12-23 14:36:08,2,0,3862.25,2142
2022-12-23 14:36:10,46,-39,3862.0,2103
2022-12-23 14:36:11,18,7,3861.75,2110
2022-12-23 14:36:12,3,0,3861.75,2110
2022-12-23 14:36:13,42,1,3861.75,2111
2022-12-23 14:36:14,7,5,3861.75,2116
2022-12-23 14:36:15,13,-9,3862.0,2107
2022-12-23 14:36:16,11,-10,3861.75,2097
2022-12-23 14:36:17,13,4,3861.75,2101
2022-12-23 14:36:18,12,-3,3861.75,2098
2022-12-23 14:36:19,55,-23,3862.0,2075
2022-12-23 14:36:20,7,-2,3861.75,2073
2022-12-23 14:36:21,8,-4,3862.0,2069
2022-12-23 14:36:22,18,-14,3861.75,2055
2022-12-23 14:36:23,1,1,3861.75,2056
2022-12-23 14:36:24,13,5,3861.75,2061
2022-12-23 14:36:25,6,-5,3861.75,2056
2022-12-23 14:36:26,26,-5,3861.5,2051
2022-12-23 14:36:27,71,-8,3861.5,2043
2022-12-23 14:36:28,2,2,3861.5,2045
2022-12-23 14:36:30,5,3,3861.75,2048
2022-12-23 14:36:31,5,3,3861.75,2051
2022-12-23 14:36:32,44,4,3861.75,2055
2022-12-23 14:36:33,9,1,3861.75,2056
2022-12-23 14:36:34,18,4,3862.0,2060
2022-12-23 14:36:35,1,1,3862.25,2061
2022-12-23 14:36:36,33,0,3862.25,2061
2022-12-23 14:36:37,14,-12,3862.25,2049
2022-12-23 14:36:38,8,5,3862.0,2054
2022-12-23 14:36:39,46,4,3862.0,2058
2022-12-23 14:36:40,32,-6,3862.0,2052
2022-12-23 14:36:42,15,-9,3862.0,2043
2022-12-23 14:36:43,96,-14,3861.5,2029
2022-12-23 14:36:47,41,14,3862.0,2043
2022-12-23 14:36:49,8,-7,3861.75,2036
2022-12-23 14:36:50,22,9,3861.5,2045
2022-12-23 14:36:51,16,-4,3861.75,2041
2022-12-23 14:36:53,18,6,3861.75,2047
2022-12-23 14:36:54,23,-5,3861.75,2042
2022-12-23 14:36:55,7,3,3861.75,2045
2022-12-23 14:36:56,1,1,3862.0,2046
2022-12-23 14:36:57,19,15,3862.0,2061
2022-12-23 14:36:58,9,-5,3862.0,2056
2022-12-23 14:36:59,22,15,3862.25,2071
2022-12-23 14:37:00,37,-4,3862.25,2067
2022-12-23 14:37:01,27,-1,3862.5,2066
2022-12-23 14:37:02,1,-1,3862.0,2065
2022-12-23 14:37:04,5,0,3862.25,2065
2022-12-23 14:37:05,14,7,3862.25,2072
2022-12-23 14:37:06,41,7,3862.5,2079
2022-12-23 14:37:07,18,6,3862.75,2085
2022-12-23 14:37:08,1,-1,3862.5,2084
2022-12-23 14:37:09,35,-13,3862.5,2071
2022-12-23 14:37:10,7,-3,3862.25,2068
2022-12-23 14:37:11,19,-11,3862.25,2057
2022-12-23 14:37:12,32,-8,3862.25,2049
2022-12-23 14:37:13,12,-7,3862.25,2042
2022-12-23 14:37:14,30,10,3862.25,2052
2022-12-23 14:37:15,2,2,3862.5,2054
2022-12-23 14:37:16,32,1,3862.5,2055
2022-12-23 14:37:17,9,-2,3862.75,2053
2022-12-23 14:37:20,11,11,3862.75,2064
2022-12-23 14:37:21,218,45,3863.25,2109
2022-12-23 14:37:22,40,16,3863.25,2125
2022-12-23 14:37:23,45,-11,3863.25,2114
2022-12-23 14:37:24,16,-4,3863.0,2110
2022-12-23 14:37:25,19,-17,3862.75,2093
2022-12-23 14:37:26,29,1,3863.0,2094
2022-12-23 14:37:28,2,-2,3862.75,2092
2022-12-23 14:37:29,22,16,3863.25,2108
2022-12-23 14:37:30,26,-11,3863.25,2097
2022-12-23 14:37:31,94,-2,3863.25,2095
2022-12-23 14:37:32,13,-4,3863.0,2091
2022-12-23 14:37:33,7,-2,3863.25,2089
2022-12-23 14:37:34,13,-9,3863.0,2080
2022-12-23 14:37:35,11,6,3863.0,2086
2022-12-23 14:37:36,4,-4,3863.0,2082
2022-12-23 14:37:37,7,4,3863.25,2086
2022-12-23 14:37:38,4,-3,3863.0,2083
2022-12-23 14:37:39,3,3,3863.25,2086
2022-12-23 14:37:40,47,-10,3863.0,2076
2022-12-23 14:37:41,1,1,3863.0,2077
2022-12-23 14:37:42,25,-14,3862.75,2063
2022-12-23 14:37:43,54,1,3862.75,2064
2022-12-23 14:37:44,6,-6,3862.5,2058
2022-12-23 14:37:45,82,12,3863.0,2070
2022-12-23 14:37:46,2,2,3863.0,2072
2022-12-23 14:37:47,4,3,3863.0,2075
2022-12-23 14:37:49,1,-1,3863.0,2074
2022-12-23 14:37:50,1,1,3863.25,2075
2022-12-23 14:37:51,3,2,3863.25,2077
2022-12-23 14:37:52,3,2,3863.25,2079
2022-12-23 14:37:53,85,19,3863.25,2098
2022-12-23 14:37:54,43,-11,3863.5,2087
2022-12-23 14:37:55,10,9,3863.25,2096
2022-12-23 14:37:56,25,9,3863.25,2105
2022-12-23 14:37:57,33,-19,3863.0,2086
2022-12-23 14:37:58,37,-21,3862.75,2065
2022-12-23 14:37:59,8,-8,3862.75,2057
2022-12-23 14:38:00,4,-4,3862.5,2053
2022-12-23 14:38:01,4,-3,3862.5,2050
2022-12-23 14:38:02,61,7,3862.75,2057
2022-12-23 14:38:03,34,12,3863.0,2069
2022-12-23 14:38:05,32,0,3863.25,2069
2022-12-23 14:38:06,239,80,3863.75,2149
2022-12-23 14:38:07,19,9,3863.75,2158
2022-12-23 14:38:08,53,5,3863.75,2163
2022-12-23 14:38:09,86,59,3864.25,2222
2022-12-23 14:38:10,187,56,3864.5,2278
2022-12-23 14:38:11,87,-25,3864.5,2253
2022-12-23 14:38:12,75,6,3864.5,2259
2022-12-23 14:38:13,62,-20,3864.5,2239
2022-12-23 14:38:14,23,-1,3864.5,2238
2022-12-23 14:38:15,75,-33,3864.25,2205
2022-12-23 14:38:16,16,6,3864.25,2211
2022-12-23 14:38:17,17,8,3864.25,2219
2022-12-23 14:38:18,62,62,3864.5,2281
2022-12-23 14:38:19,35,-20,3864.5,2261
2022-12-23 14:38:20,15,-2,3864.25,2259
2022-12-23 14:38:21,58,-10,3864.25,2249
2022-12-23 14:38:22,25,7,3864.5,2256
2022-12-23 14:38:23,44,15,3864.75,2271
2022-12-23 14:38:24,96,-26,3864.5,2245
2022-12-23 14:38:25,8,-6,3864.25,2239
2022-12-23 14:38:26,44,-2,3864.5,2237
2022-12-23 14:38:27,3,0,3864.5,2237
2022-12-23 14:38:28,1,-1,3864.25,2236
2022-12-23 14:38:29,37,-6,3864.5,2230
2022-12-23 14:38:30,1,-1,3864.25,2229
2022-12-23 14:38:31,5,2,3864.5,2231
2022-12-23 14:38:32,23,-12,3864.25,2219
2022-12-23 14:38:33,21,-7,3864.25,2212
2022-12-23 14:38:34,16,3,3864.25,2215
2022-12-23 14:38:35,26,-7,3864.25,2208
2022-12-23 14:38:36,47,8,3864.25,2216
2022-12-23 14:38:37,1,1,3864.25,2217
2022-12-23 14:38:38,4,1,3864.25,2218
2022-12-23 14:38:39,21,-5,3864.0,2213
2022-12-23 14:38:40,2,2,3864.0,2215
2022-12-23 14:38:41,1,-1,3863.75,2214
2022-12-23 14:38:42,38,-15,3864.0,2199
2022-12-23 14:38:43,2,-2,3863.5,2197
2022-12-23 14:38:44,2,-2,3863.5,2195
2022-12-23 14:38:45,4,-4,3863.5,2191
2022-12-23 14:38:46,92,-23,3863.5,2168
2022-12-23 14:38:47,103,8,3863.5,2176
2022-12-23 14:38:48,7,-1,3863.25,2175
2022-12-23 14:38:49,37,-2,3863.25,2173
2022-12-23 14:38:50,44,-10,3863.0,2163
2022-12-23 14:38:52,29,3,3863.25,2166
2022-12-23 14:38:53,12,2,3863.5,2168
2022-12-23 14:38:54,19,8,3863.5,2176
2022-12-23 14:38:56,22,3,3863.5,2179
2022-12-23 14:38:58,30,1,3863.25,2180
2022-12-23 14:38:59,1,1,3863.5,2181
2022-12-23 14:39:00,20,-8,3863.5,2173
2022-12-23 14:39:01,92,39,3863.75,2212
2022-12-23 14:39:02,43,10,3864.25,2222
2022-12-23 14:39:03,2,2,3864.25,2224
2022-12-23 14:39:04,23,-11,3864.0,2213
2022-12-23 14:39:05,1,-1,3863.75,2212
2022-12-23 14:39:06,23,-6,3863.75,2206
2022-12-23 14:39:07,12,3,3864.0,2209
2022-12-23 14:39:08,21,5,3864.0,2214
2022-12-23 14:39:09,15,-6,3863.75,2208
2022-12-23 14:39:10,3,-2,3863.75,2206
2022-12-23 14:39:11,259,171,3864.25,2377
2022-12-23 14:39:12,17,6,3864.25,2383
2022-12-23 14:39:13,31,-6,3864.25,2377
2022-12-23 14:39:14,4,4,3864.25,2381
2022-12-23 14:39:16,1,-1,3864.0,2380
2022-12-23 14:39:17,7,5,3864.25,2385
2022-12-23 14:39:18,8,2,3864.5,2387
2022-12-23 14:39:19,10,7,3864.5,2394
2022-12-23 14:39:20,1,1,3864.5,2395
2022-12-23 14:39:21,8,0,3864.5,2395
2022-12-23 14:39:22,12,-10,3864.25,2385
2022-12-23 14:39:23,4,-2,3864.25,2383
2022-12-23 14:39:24,49,-20,3864.0,2363
2022-12-23 14:39:25,1,-1,3864.0,2362
2022-12-23 14:39:27,15,-8,3864.0,2354
2022-12-23 14:39:28,42,24,3864.25,2378
2022-12-23 14:39:29,24,23,3864.5,2401
2022-12-23 14:39:30,12,-9,3864.5,2392
2022-12-23 14:39:31,85,8,3864.5,2400
2022-12-23 14:39:32,16,10,3864.5,2410
2022-12-23 14:39:34,10,-2,3864.5,2408
2022-12-23 14:39:35,2,2,3864.5,2410
2022-12-23 14:39:38,252,156,3865.0,2566
2022-12-23 14:39:39,74,5,3865.0,2571
2022-12-23 14:39:40,35,-4,3864.75,2567
2022-12-23 14:39:41,37,16,3865.0,2583
2022-12-23 14:39:42,191,40,3865.25,2623
2022-12-23 14:39:43,35,-2,3865.0,2621
2022-12-23 14:39:44,7,-2,3865.25,2619
2022-12-23 14:39:45,14,-8,3865.25,2611
2022-12-23 14:39:46,1,1,3865.0,2612
2022-12-23 14:39:47,2,2,3865.0,2614
2022-12-23 14:39:48,7,-1,3865.0,2613
2022-12-23 14:39:50,77,-40,3865.0,2573
2022-12-23 14:39:51,1,1,3864.75,2574
2022-12-23 14:39:52,46,1,3864.5,2575
2022-12-23 14:39:53,54,-1,3864.75,2574
2022-12-23 14:39:54,16,-15,3864.5,2559
2022-12-23 14:39:55,62,-12,3864.5,2547
2022-12-23 14:39:56,81,21,3864.75,2568
2022-12-23 14:39:57,5,3,3864.75,2571
2022-12-23 14:39:58,21,19,3864.75,2590
2022-12-23 14:39:59,28,15,3865.0,2605
2022-12-23 14:40:00,46,12,3865.0,2617
2022-12-23 14:40:01,73,34,3865.25,2651
2022-12-23 14:40:02,50,-3,3865.0,2648
2022-12-23 14:40:03,75,14,3865.25,2662
2022-12-23 14:40:04,76,-2,3865.5,2660
2022-12-23 14:40:05,25,7,3865.25,2667
2022-12-23 14:40:06,120,-1,3865.25,2666
2022-12-23 14:40:08,101,15,3865.0,2681
2022-12-23 14:40:09,38,-2,3864.75,2679
2022-12-23 14:40:11,39,-4,3864.75,2675
2022-12-23 14:40:12,19,11,3864.75,2686
2022-12-23 14:40:13,45,13,3864.75,2699
2022-12-23 14:40:14,14,-10,3864.75,2689
2022-12-23 14:40:15,13,1,3864.75,2690
2022-12-23 14:40:16,2,-2,3864.5,2688
2022-12-23 14:40:17,21,-2,3864.75,2686
2022-12-23 14:40:18,17,-4,3865.0,2682
2022-12-23 14:40:19,21,10,3864.75,2692
2022-12-23 14:40:20,7,-4,3865.0,2688
2022-12-23 14:40:21,10,-5,3864.75,2683
2022-12-23 14:40:22,3,-2,3864.75,2681
2022-12-23 14:40:23,21,-9,3864.75,2672
2022-12-23 14:40:24,11,-6,3864.75,2666
2022-12-23 14:40:25,17,-5,3864.75,2661
2022-12-23 14:40:26,47,6,3865.0,2667
2022-12-23 14:40:27,34,-8,3864.75,2659
2022-12-23 14:40:28,10,6,3864.75,2665
2022-12-23 14:40:29,1,-1,3864.75,2664
2022-12-23 14:40:30,18,-9,3864.75,2655
2022-12-23 14:40:31,32,-7,3864.5,2648
2022-12-23 14:40:32,3,2,3864.5,2650
2022-12-23 14:40:33,123,-51,3864.5,2599
2022-12-23 14:40:34,29,8,3864.5,2607
2022-12-23 14:40:35,9,-1,3864.5,2606
2022-12-23 14:40:37,28,-13,3864.5,2593
2022-12-23 14:40:38,20,-14,3864.25,2579
2022-12-23 14:40:39,65,-8,3864.0,2571
2022-12-23 14:40:40,57,-21,3864.0,2550
2022-12-23 14:40:41,12,-3,3864.25,2547
2022-12-23 14:40:42,21,-14,3864.0,2533
2022-12-23 14:40:43,15,-2,3864.25,2531
2022-12-23 14:40:44,27,-19,3864.0,2512
2022-12-23 14:40:45,33,13,3864.0,2525
2022-12-23 14:40:46,1,1,3864.0,2526
2022-12-23 14:40:47,3,-1,3864.0,2525
2022-12-23 14:40:48,3,0,3864.0,2525
2022-12-23 14:40:49,101,-29,3863.75,2496
2022-12-23 14:40:50,77,-9,3863.75,2487
2022-12-23 14:40:51,1,-1,3863.5,2486
2022-12-23 14:40:52,1,1,3863.75,2487
2022-12-23 14:40:53,1,1,3863.75,2488
2022-12-23 14:40:54,85,11,3863.5,2499
2022-12-23 14:40:55,62,-9,3863.5,2490
2022-12-23 14:40:56,16,-6,3863.5,2484
2022-12-23 14:40:57,5,-1,3863.75,2483
2022-12-23 14:40:58,38,8,3863.75,2491
2022-12-23 14:40:59,32,0,3864.0,2491
2022-12-23 14:41:01,25,-13,3863.75,2478
2022-12-23 14:41:02,27,-3,3863.75,2475
2022-12-23 14:41:03,2,2,3863.75,2477
2022-12-23 14:41:04,92,-6,3863.5,2471
2022-12-23 14:41:05,75,8,3863.75,2479
2022-12-23 14:41:06,23,-13,3863.5,2466
2022-12-23 14:41:07,48,-29,3863.5,2437
2022-12-23 14:41:08,27,-20,3863.25,2417
2022-12-23 14:41:09,4,-4,3863.0,2413
2022-12-23 14:41:10,42,-9,3863.0,2404
2022-12-23 14:41:11,25,1,3863.0,2405
2022-12-23 14:41:12,1,-1,3863.0,2404
2022-12-23 14:41:13,16,-14,3863.0,2390
2022-12-23 14:41:14,1,1,3863.0,2391
2022-12-23 14:41:15,212,-56,3862.75,2335
2022-12-23 14:41:16,18,-4,3862.75,2331
2022-12-23 14:41:17,43,15,3862.5,2346
2022-12-23 14:41:18,2,-2,3862.5,2344
2022-12-23 14:41:19,37,-8,3862.25,2336
2022-12-23 14:41:20,24,-2,3862.5,2334
2022-12-23 14:41:21,32,9,3862.5,2343
2022-12-23 14:41:22,10,2,3862.25,2345
2022-12-23 14:41:24,16,1,3862.25,2346
2022-12-23 14:41:25,14,-14,3862.0,2332
2022-12-23 14:41:26,1,-1,3862.0,2331
2022-12-23 14:41:27,3,-1,3862.25,2330
2022-12-23 14:41:28,28,19,3862.25,2349
2022-12-23 14:41:29,8,0,3862.5,2349
2022-12-23 14:41:30,4,0,3862.5,2349
2022-12-23 14:41:31,32,-9,3862.5,2340
2022-12-23 14:41:32,18,1,3862.25,2341
2022-12-23 14:41:33,5,3,3862.25,2344
2022-12-23 14:41:34,1,1,3862.5,2345
2022-12-23 14:41:35,3,-1,3862.5,2344
2022-12-23 14:41:36,44,-7,3862.5,2337
2022-12-23 14:41:37,7,-1,3862.25,2336
2022-12-23 14:41:39,22,-18,3862.0,2318
2022-12-23 14:41:40,10,-1,3862.0,2317
2022-12-23 14:41:41,28,-3,3862.0,2314
2022-12-23 14:41:42,23,4,3862.0,2318
2022-12-23 14:41:43,49,17,3862.25,2335
2022-12-23 14:41:46,44,23,3862.5,2358
2022-12-23 14:41:47,57,9,3863.0,2367
2022-12-23 14:41:48,20,4,3862.75,2371
2022-12-23 14:41:49,30,14,3863.0,2385
2022-12-23 14:41:50,13,7,3863.0,2392
2022-12-23 14:41:51,122,44,3863.5,2436
2022-12-23 14:41:52,3,1,3863.5,2437
2022-12-23 14:41:53,22,-11,3863.25,2426
2022-12-23 14:41:54,12,-6,3863.25,2420
2022-12-23 14:41:55,4,-2,3863.25,2418
2022-12-23 14:41:56,1,1,3863.25,2419
2022-12-23 14:41:57,2,-2,3863.0,2417
2022-12-23 14:41:58,1,1,3863.25,2418
2022-12-23 14:41:59,56,-10,3863.25,2408
2022-12-23 14:42:00,8,-4,3863.5,2404
2022-12-23 14:42:01,10,10,3863.5,2414
2022-12-23 14:42:02,34,5,3863.5,2419
2022-12-23 14:42:03,50,-8,3863.25,2411
2022-12-23 14:42:04,22,11,3863.5,2422
2022-12-23 14:42:05,2,-2,3863.0,2420
2022-12-23 14:42:06,31,11,3863.5,2431
2022-12-23 14:42:07,37,15,3863.75,2446
2022-12-23 14:42:08,1,1,3863.75,2447
2022-12-23 14:42:09,35,-7,3863.75,2440
2022-12-23 14:42:10,59,-27,3863.0,2413
2022-12-23 14:42:11,12,2,3862.75,2415
2022-12-23 14:42:12,28,-2,3862.5,2413
2022-12-23 14:42:13,19,-8,3862.5,2405
2022-12-23 14:42:14,16,-10,3862.25,2395
2022-12-23 14:42:15,45,-9,3862.25,2386
2022-12-23 14:42:16,9,-4,3862.0,2382
2022-12-23 14:42:18,3,3,3862.25,2385
2022-12-23 14:42:19,4,3,3862.25,2388
2022-12-23 14:42:21,37,-2,3862.0,2386
2022-12-23 14:42:22,3,-3,3862.0,2383
2022-12-23 14:42:23,5,-5,3862.0,2378
2022-12-23 14:42:25,1,1,3862.25,2379
2022-12-23 14:42:26,28,-10,3862.0,2369
2022-12-23 14:42:27,9,4,3862.0,2373
2022-12-23 14:42:28,24,-2,3862.25,2371
2022-12-23 14:42:29,16,-9,3862.0,2362
2022-12-23 14:42:30,14,8,3862.0,2370
2022-12-23 14:42:31,6,-6,3862.0,2364
2022-12-23 14:42:32,3,-1,3862.25,2363
2022-12-23 14:42:33,1,-1,3862.0,2362
2022-12-23 14:42:34,3,-3,3862.0,2359
2022-12-23 14:42:35,35,-10,3862.0,2349
2022-12-23 14:42:36,1,-1,3862.0,2348
2022-12-23 14:42:37,15,7,3862.0,2355
2022-12-23 14:42:38,11,-2,3862.0,2353
2022-12-23 14:42:39,7,-1,3862.0,2352
2022-12-23 14:42:40,9,2,3862.0,2354
2022-12-23 14:42:41,2,0,3862.25,2354
2022-12-23 14:42:42,32,12,3862.25,2366
2022-12-23 14:42:43,26,16,3862.5,2382
2022-12-23 14:42:44,5,4,3862.75,2386
2022-12-23 14:42:47,44,4,3862.75,2390
2022-12-23 14:42:49,69,-14,3862.5,2376
2022-12-23 14:42:50,4,-4,3862.25,2372
2022-12-23 14:42:51,16,0,3862.5,2372
2022-12-23 14:42:53,2,2,3862.75,2374
2022-12-23 14:42:54,29,9,3862.75,2383
2022-12-23 14:42:55,69,4,3863.0,2387
2022-12-23 14:42:56,35,3,3863.25,2390
2022-12-23 14:42:57,1,-1,3863.0,2389
2022-12-23 14:42:58,10,-10,3863.0,2379
2022-12-23 14:42:59,17,2,3862.75,2381
2022-12-23 14:43:00,1,-1,3862.5,2380
2022-12-23 14:43:01,38,18,3862.75,2398
2022-12-23 14:43:02,19,-4,3863.0,2394
2022-12-23 14:43:03,48,12,3862.75,2406
2022-12-23 14:43:06,25,-2,3862.75,2404
2022-12-23 14:43:07,5,-3,3862.75,2401
2022-12-23 14:43:08,7,0,3862.5,2401
2022-12-23 14:43:10,16,-8,3862.25,2393
2022-12-23 14:43:11,28,-2,3862.25,2391
2022-12-23 14:43:12,21,-4,3862.25,2387
2022-12-23 14:43:13,6,-4,3862.0,2383
2022-12-23 14:43:14,22,-6,3862.25,2377
2022-12-23 14:43:15,2,-1,3862.0,2376
2022-12-23 14:43:16,41,11,3862.0,2387
2022-12-23 14:43:17,16,-1,3862.0,2386
2022-12-23 14:43:18,1,-1,3862.0,2385
2022-12-23 14:43:19,19,3,3862.0,2388
2022-12-23 14:43:20,4,-4,3862.0,2384
2022-12-23 14:43:21,23,-1,3862.0,2383
2022-12-23 14:43:22,16,2,3862.25,2385
2022-12-23 14:43:23,9,5,3862.0,2390
2022-12-23 14:43:24,23,-5,3862.0,2385
2022-12-23 14:43:25,7,-4,3862.0,2381
2022-12-23 14:43:27,36,11,3862.25,2392
2022-12-23 14:43:28,9,1,3862.25,2393
2022-12-23 14:43:29,38,16,3862.25,2409
2022-12-23 14:43:30,1,-1,3862.25,2408
2022-12-23 14:43:31,9,-6,3862.0,2402
2022-12-23 14:43:32,21,-4,3862.25,2398
2022-12-23 14:43:33,17,-5,3862.0,2393
2022-12-23 14:43:34,12,-6,3862.0,2387
2022-12-23 14:43:36,2,-1,3861.75,2386
2022-12-23 14:43:37,3,-3,3861.75,2383
2022-12-23 14:43:38,66,-18,3861.75,2365
2022-12-23 14:43:39,31,-6,3861.75,2359
2022-12-23 14:43:40,2,0,3861.75,2359
2022-12-23 14:43:41,27,-12,3861.5,2347
2022-12-23 14:43:43,31,-16,3861.5,2331
2022-12-23 14:43:44,1,-1,3861.25,2330
2022-12-23 14:43:46,14,12,3861.5,2342
2022-12-23 14:43:47,1,1,3861.5,2343
2022-12-23 14:43:48,22,-4,3861.25,2339
2022-12-23 14:43:49,11,2,3861.5,2341
2022-12-23 14:43:50,27,-8,3861.25,2333
2022-12-23 14:43:51,29,-4,3861.25,2329
2022-12-23 14:43:52,1,1,3861.5,2330
2022-12-23 14:43:54,6,4,3861.5,2334
2022-12-23 14:43:55,3,-1,3861.5,2333
2022-12-23 14:43:56,3,-1,3861.5,2332
2022-12-23 14:43:57,15,-8,3861.5,2324
2022-12-23 14:43:59,9,-7,3861.5,2317
2022-12-23 14:44:00,3,3,3861.25,2320
2022-12-23 14:44:02,35,7,3861.25,2327
2022-12-23 14:44:03,1,-1,3861.25,2326
2022-12-23 14:44:05,81,27,3861.75,2353
2022-12-23 14:44:06,4,2,3861.75,2355
2022-12-23 14:44:07,1,-1,3861.5,2354
2022-12-23 14:44:08,3,3,3861.75,2357
2022-12-23 14:44:09,19,11,3861.75,2368
2022-12-23 14:44:10,3,1,3861.75,2369
2022-12-23 14:44:11,6,0,3861.75,2369
2022-12-23 14:44:12,35,16,3862.0,2385
2022-12-23 14:44:13,23,3,3862.0,2388
2022-12-23 14:44:15,1,1,3862.0,2389
2022-12-23 14:44:16,6,6,3862.0,2395
2022-12-23 14:44:17,3,1,3862.25,2396
2022-12-23 14:44:18,31,-15,3862.0,2381
2022-12-23 14:44:19,6,-2,3862.0,2379
2022-12-23 14:44:20,37,6,3862.0,2385
2022-12-23 14:44:21,1,-1,3862.0,2384
2022-12-23 14:44:22,9,1,3862.0,2385
2022-12-23 14:44:24,27,2,3862.0,2387
2022-12-23 14:44:25,2,0,3862.25,2387
2022-12-23 14:44:26,5,5,3862.25,2392
2022-12-23 14:44:27,2,-2,3862.0,2390
2022-12-23 14:44:28,1,-1,3862.0,2389
2022-12-23 14:44:29,13,9,3862.5,2398
2022-12-23 14:44:30,9,-3,3862.5,2395
2022-12-23 14:44:31,21,-9,3862.25,2386
2022-12-23 14:44:32,1,1,3862.0,2387
2022-12-23 14:44:33,30,8,3862.5,2395
2022-12-23 14:44:34,2,0,3862.5,2395
2022-12-23 14:44:35,4,-4,3862.25,2391
2022-12-23 14:44:36,31,3,3862.25,2394
2022-12-23 14:44:38,1,1,3862.25,2395
2022-12-23 14:44:39,1,-1,3862.0,2394
2022-12-23 14:44:40,8,-8,3862.0,2386
2022-12-23 14:44:42,10,-1,3862.0,2385
2022-12-23 14:44:44,19,-9,3861.75,2376
2022-12-23 14:44:45,16,2,3861.75,2378
2022-12-23 14:44:46,6,4,3861.75,2382
2022-12-23 14:44:47,5,-3,3861.75,2379
2022-12-23 14:44:48,6,-4,3862.0,2375
2022-12-23 14:44:51,27,11,3861.75,2386
2022-12-23 14:44:53,1,-1,3861.75,2385
2022-12-23 14:44:55,36,2,3862.0,2387
2022-12-23 14:44:57,40,6,3862.25,2393
2022-12-23 14:44:59,1,1,3862.25,2394
2022-12-23 14:45:00,21,-7,3862.25,2387
2022-12-23 14:45:01,43,-23,3861.75,2364
2022-12-23 14:45:03,4,-3,3861.75,2361
2022-12-23 14:45:04,7,-3,3861.75,2358
2022-12-23 14:45:05,11,-3,3862.0,2355
2022-12-23 14:45:06,31,-7,3861.75,2348
2022-12-23 14:45:07,2,0,3861.75,2348
2022-12-23 14:45:08,2,2,3861.75,2350
2022-12-23 14:45:09,15,2,3861.5,2352
2022-12-23 14:45:10,3,-3,3861.5,2349
2022-12-23 14:45:11,4,-2,3861.5,2347
2022-12-23 14:45:13,14,-2,3861.5,2345
2022-12-23 14:45:14,1,-1,3861.25,2344
2022-12-23 14:45:15,38,17,3861.75,2361
2022-12-23 14:45:16,14,5,3861.75,2366
2022-12-23 14:45:18,19,-7,3861.5,2359
2022-12-23 14:45:19,9,-6,3861.5,2353
2022-12-23 14:45:20,3,-3,3861.5,2350
2022-12-23 14:45:21,19,-7,3861.25,2343
2022-12-23 14:45:22,3,-2,3861.25,2341
2022-12-23 14:45:23,7,-2,3861.5,2339
2022-12-23 14:45:24,10,7,3861.5,2346
2022-12-23 14:45:25,10,-8,3861.5,2338
2022-12-23 14:45:26,17,-4,3861.25,2334
2022-12-23 14:45:28,1,1,3861.5,2335
2022-12-23 14:45:29,1,1,3861.5,2336
2022-12-23 14:45:30,2,0,3861.5,2336
2022-12-23 14:45:31,1,-1,3861.25,2335
2022-12-23 14:45:32,14,10,3861.5,2345
2022-12-23 14:45:33,10,-9,3861.5,2336
2022-12-23 14:45:35,14,10,3861.5,2346
2022-12-23 14:45:36,9,7,3861.5,2353
2022-12-23 14:45:37,32,5,3861.5,2358
2022-12-23 14:45:38,2,-2,3861.5,2356
2022-12-23 14:45:39,3,3,3861.75,2359
2022-12-23 14:45:40,34,9,3861.75,2368
2022-12-23 14:45:41,15,-3,3861.75,2365
2022-12-23 14:45:43,1,1,3862.0,2366
2022-12-23 14:45:44,3,2,3862.0,2368
2022-12-23 14:45:45,5,2,3862.0,2370
2022-12-23 14:45:47,1,1,3862.0,2371
2022-12-23 14:45:49,15,9,3862.0,2380
2022-12-23 14:45:51,1,1,3862.0,2381
2022-12-23 14:45:53,7,-5,3861.75,2376
2022-12-23 14:45:55,64,-4,3862.0,2372
2022-12-23 14:45:56,5,-5,3862.0,2367
2022-12-23 14:45:57,19,-5,3861.75,2362
2022-12-23 14:45:58,4,-3,3861.75,2359
2022-12-23 14:45:59,8,4,3861.75,2363
2022-12-23 14:46:00,10,5,3862.25,2368
2022-12-23 14:46:01,24,-2,3862.25,2366
2022-12-23 14:46:02,105,-1,3862.25,2365
2022-12-23 14:46:04,18,0,3861.75,2365
2022-12-23 14:46:05,30,12,3862.0,2377
2022-12-23 14:46:06,1,-1,3862.0,2376
2022-12-23 14:46:07,5,-1,3862.0,2375
2022-12-23 14:46:08,24,3,3862.25,2378
2022-12-23 14:46:09,32,7,3862.0,2385
2022-12-23 14:46:10,28,-15,3862.0,2370
2022-12-23 14:46:11,1,1,3862.0,2371
2022-12-23 14:46:12,6,1,3861.75,2372
2022-12-23 14:46:13,2,-2,3861.75,2370
2022-12-23 14:46:14,11,-4,3862.0,2366
2022-12-23 14:46:15,28,-1,3861.75,2365
2022-12-23 14:46:18,76,26,3862.25,2391
2022-12-23 14:46:19,15,-5,3862.25,2386
2022-12-23 14:46:20,3,1,3862.25,2387
2022-12-23 14:46:21,1,-1,3862.0,2386
2022-12-23 14:46:22,11,-9,3862.25,2377
2022-12-23 14:46:23,109,78,3862.5,2455
2022-12-23 14:46:24,6,4,3862.5,2459
2022-12-23 14:46:25,4,2,3862.5,2461
2022-12-23 14:46:26,63,15,3862.5,2476
2022-12-23 14:46:27,3,0,3862.75,2476
2022-12-23 14:46:28,22,-11,3862.5,2465
2022-12-23 14:46:29,3,-3,3862.5,2462
2022-12-23 14:46:30,4,2,3862.75,2464
2022-12-23 14:46:31,2,0,3862.75,2464
2022-12-23 14:46:32,2,-2,3862.5,2462
2022-12-23 14:46:34,1,1,3862.75,2463
2022-12-23 14:46:35,26,-19,3862.5,2444
2022-12-23 14:46:36,15,-7,3862.5,2437
2022-12-23 14:46:39,5,5,3862.5,2442
2022-12-23 14:46:40,16,-15,3862.25,2427
2022-12-23 14:46:41,1,-1,3862.0,2426
2022-12-23 14:46:42,29,4,3862.25,2430
2022-12-23 14:46:43,1,1,3862.25,2431
2022-12-23 14:46:44,9,0,3862.25,2431
2022-12-23 14:46:46,13,-5,3862.25,2426
2022-12-23 14:46:47,5,1,3862.25,2427
2022-12-23 14:46:48,36,-10,3862.0,2417
2022-12-23 14:46:49,1,-1,3862.0,2416
2022-12-23 14:46:50,1,1,3862.25,2417
2022-12-23 14:46:51,21,-9,3862.25,2408
2022-12-23 14:46:52,12,-1,3862.0,2407
2022-12-23 14:46:53,36,-2,3862.0,2405
2022-12-23 14:46:55,23,19,3862.25,2424
2022-12-23 14:46:56,1,-1,3862.25,2423
2022-12-23 14:46:57,7,-7,3862.25,2416
2022-12-23 14:46:58,5,4,3862.25,2420
2022-12-23 14:46:59,48,19,3862.75,2439
2022-12-23 14:47:00,30,-2,3862.75,2437
2022-12-23 14:47:01,5,3,3862.75,2440
2022-12-23 14:47:02,8,-6,3862.75,2434
2022-12-23 14:47:03,21,-7,3862.75,2427
2022-12-23 14:47:04,19,-3,3862.5,2424
2022-12-23 14:47:05,16,-6,3862.5,2418
2022-12-23 14:47:06,4,2,3862.5,2420
2022-12-23 14:47:08,7,4,3862.5,2424
2022-12-23 14:47:09,8,-8,3862.5,2416
2022-12-23 14:47:10,4,4,3862.5,2420
2022-12-23 14:47:11,2,0,3862.75,2420
2022-12-23 14:47:13,7,1,3862.75,2421
2022-12-23 14:47:14,8,-8,3862.5,2413
2022-12-23 14:47:15,49,-4,3862.5,2409
2022-12-23 14:47:16,16,7,3862.5,2416
2022-12-23 14:47:17,3,0,3862.5,2416
2022-12-23 14:47:18,10,7,3862.5,2423
2022-12-23 14:47:20,15,-3,3862.5,2420
2022-12-23 14:47:21,4,-4,3862.5,2416
2022-12-23 14:47:22,39,2,3862.5,2418
2022-12-23 14:47:23,12,-7,3862.5,2411
2022-12-23 14:47:24,5,5,3862.75,2416
2022-12-23 14:47:25,15,-4,3862.5,2412
2022-12-23 14:47:26,2,2,3862.75,2414
2022-12-23 14:47:28,11,11,3862.75,2425
2022-12-23 14:47:30,56,18,3863.25,2443
2022-12-23 14:47:31,18,-2,3863.25,2441
2022-12-23 14:47:32,28,7,3863.0,2448
2022-12-23 14:47:33,2,0,3862.75,2448
2022-12-23 14:47:34,8,2,3862.75,2450
2022-12-23 14:47:35,12,-4,3862.75,2446
2022-12-23 14:47:36,11,0,3862.75,2446
2022-12-23 14:47:37,1,1,3862.75,2447
2022-12-23 14:47:39,26,16,3863.0,2463
2022-12-23 14:47:40,2,2,3863.25,2465
2022-12-23 14:47:41,3,2,3863.25,2467
2022-12-23 14:47:42,5,4,3863.25,2471
2022-12-23 14:47:43,39,-9,3863.25,2462
2022-12-23 14:47:44,3,-3,3863.0,2459
2022-12-23 14:47:45,4,4,3863.25,2463
2022-12-23 14:47:47,35,-3,3863.25,2460
2022-12-23 14:47:48,6,0,3863.25,2460
2022-12-23 14:47:49,2,2,3863.25,2462
2022-12-23 14:47:50,3,3,3863.25,2465
2022-12-23 14:47:51,1,1,3863.25,2466
2022-12-23 14:47:52,85,33,3863.5,2499
2022-12-23 14:47:54,78,-31,3863.25,2468
2022-12-23 14:47:56,2,0,3863.25,2468
2022-12-23 14:47:57,14,-6,3863.0,2462
2022-12-23 14:47:58,6,-6,3862.75,2456
2022-12-23 14:47:59,1,1,3862.75,2457
2022-12-23 14:48:00,41,-6,3862.5,2451
2022-12-23 14:48:01,55,-30,3862.5,2421
2022-12-23 14:48:02,25,9,3862.25,2430
2022-12-23 14:48:03,7,-4,3862.25,2426
2022-12-23 14:48:04,48,-10,3862.25,2416
2022-12-23 14:48:05,3,3,3862.0,2419
2022-12-23 14:48:06,13,-12,3861.75,2407
2022-12-23 14:48:07,54,4,3861.75,2411
2022-12-23 14:48:08,33,-10,3861.75,2401
2022-12-23 14:48:09,1,-1,3861.5,2400
2022-12-23 14:48:10,1,-1,3861.5,2399
2022-12-23 14:48:11,3,-3,3861.5,2396
2022-12-23 14:48:12,2,0,3861.75,2396
2022-12-23 14:48:13,13,-8,3861.5,2388
2022-12-23 14:48:14,42,15,3861.5,2403
2022-12-23 14:48:15,1,-1,3861.5,2402
2022-12-23 14:48:16,22,-10,3861.5,2392
2022-12-23 14:48:17,1,1,3861.5,2393
2022-12-23 14:48:18,5,-5,3861.25,2388
2022-12-23 14:48:19,2,0,3861.5,2388
2022-12-23 14:48:20,3,-1,3861.5,2387
2022-12-23 14:48:21,1,-1,3861.25,2386
2022-12-23 14:48:22,49,-12,3861.25,2374
2022-12-23 14:48:23,1,-1,3861.25,2373
2022-12-23 14:48:24,1,-1,3861.25,2372
2022-12-23 14:48:25,29,12,3861.5,2384
2022-12-23 14:48:26,37,0,3861.75,2384
2022-12-23 14:48:28,9,-9,3861.5,2375
2022-12-23 14:48:29,22,-13,3861.25,2362
2022-12-23 14:48:30,192,-107,3861.0,2255
2022-12-23 14:48:31,56,-22,3860.75,2233
2022-12-23 14:48:32,21,-5,3860.75,2228
2022-12-23 14:48:33,52,-10,3860.75,2218
2022-12-23 14:48:34,10,1,3861.0,2219
2022-12-23 14:48:36,35,-12,3861.0,2207
2022-12-23 14:48:37,43,-2,3860.75,2205
2022-12-23 14:48:38,6,-6,3860.75,2199
2022-12-23 14:48:39,33,-24,3860.5,2175
2022-12-23 14:48:40,8,-8,3860.25,2167
2022-12-23 14:48:41,71,4,3860.5,2171
2022-12-23 14:48:42,35,-2,3860.5,2169
2022-12-23 14:48:43,19,1,3860.5,2170
2022-12-23 14:48:44,35,-10,3860.5,2160
2022-12-23 14:48:47,27,-18,3860.5,2142
2022-12-23 14:48:48,171,-35,3860.25,2107
2022-12-23 14:48:49,6,2,3860.25,2109
2022-12-23 14:48:50,49,10,3860.25,2119
2022-12-23 14:48:51,10,6,3860.25,2125
2022-12-23 14:48:52,2,-2,3860.25,2123
2022-12-23 14:48:53,19,0,3860.25,2123
2022-12-23 14:48:54,5,3,3860.5,2126
2022-12-23 14:48:55,6,-1,3860.5,2125
2022-12-23 14:48:56,33,31,3860.5,2156
2022-12-23 14:48:57,83,16,3861.0,2172
2022-12-23 14:48:58,17,2,3861.0,2174
2022-12-23 14:48:59,105,-4,3861.0,2170
2022-12-23 14:49:00,2,-2,3860.75,2168
2022-12-23 14:49:01,11,8,3861.0,2176
2022-12-23 14:49:03,6,-2,3861.0,2174
2022-12-23 14:49:04,11,-7,3860.5,2167
2022-12-23 14:49:05,22,4,3860.5,2171
2022-12-23 14:49:06,8,-3,3860.5,2168
2022-12-23 14:49:07,13,-2,3860.25,2166
2022-12-23 14:49:08,41,-5,3860.25,2161
2022-12-23 14:49:09,16,1,3860.0,2162
2022-12-23 14:49:10,30,8,3860.25,2170
2022-12-23 14:49:11,2,-2,3860.0,2168
2022-12-23 14:49:12,5,5,3860.25,2173
2022-12-23 14:49:13,16,-6,3860.25,2167
2022-12-23 14:49:14,3,3,3860.5,2170
2022-12-23 14:49:15,2,0,3860.5,2170
2022-12-23 14:49:16,15,-2,3860.25,2168
2022-12-23 14:49:17,3,-1,3860.25,2167
2022-12-23 14:49:18,24,3,3860.25,2170
2022-12-23 14:49:19,5,2,3860.25,2172
2022-12-23 14:49:20,29,-18,3860.25,2154
2022-12-23 14:49:21,41,19,3860.25,2173
2022-12-23 14:49:23,53,7,3860.25,2180
2022-12-23 14:49:24,1,1,3860.25,2181
2022-12-23 14:49:26,1,-1,3860.0,2180
2022-12-23 14:49:28,6,-3,3860.25,2177
2022-12-23 14:49:30,2,0,3860.25,2177
2022-12-23 14:49:31,1,1,3860.25,2178
2022-12-23 14:49:32,86,-17,3860.0,2161
2022-12-23 14:49:33,11,-6,3859.75,2155
2022-12-23 14:49:34,86,-31,3859.75,2124
2022-12-23 14:49:35,44,6,3859.75,2130
2022-12-23 14:49:36,15,-7,3859.75,2123
2022-12-23 14:49:37,117,37,3860.0,2160
2022-12-23 14:49:38,22,3,3860.25,2163
2022-12-23 14:49:39,2,-2,3860.25,2161
2022-12-23 14:49:40,19,15,3860.75,2176
2022-12-23 14:49:41,50,4,3860.75,2180
2022-12-23 14:49:42,30,10,3861.0,2190
2022-12-23 14:49:44,4,-1,3860.5,2189
2022-12-23 14:49:45,41,2,3860.75,2191
2022-12-23 14:49:47,22,-19,3860.5,2172
2022-12-23 14:49:48,2,0,3860.5,2172
2022-12-23 14:49:49,34,-15,3860.25,2157
2022-12-23 14:49:50,8,-6,3860.25,2151
2022-12-23 14:49:53,39,12,3860.25,2163
2022-12-23 14:49:54,14,4,3860.25,2167
2022-12-23 14:49:55,11,8,3860.5,2175
2022-12-23 14:49:56,31,2,3860.75,2177
2022-12-23 14:49:57,24,6,3860.75,2183
2022-12-23 14:49:58,24,-10,3860.75,2173
2022-12-23 14:49:59,5,-1,3860.5,2172
2022-12-23 14:50:00,27,-9,3860.75,2163
2022-12-23 14:50:01,1,-1,3860.5,2162
2022-12-23 14:50:02,21,-15,3860.5,2147
2022-12-23 14:50:03,2,2,3860.5,2149
2022-12-23 14:50:04,2,0,3860.5,2149
2022-12-23 14:50:05,2,2,3860.5,2151
2022-12-23 14:50:06,65,-13,3860.25,2138
2022-12-23 14:50:07,14,-1,3860.25,2137
2022-12-23 14:50:08,3,-3,3860.25,2134
2022-12-23 14:50:09,5,-5,3860.25,2129
2022-12-23 14:50:10,17,3,3860.25,2132
2022-12-23 14:50:11,1,-1,3860.25,2131
2022-12-23 14:50:12,21,5,3860.5,2136
2022-12-23 14:50:14,19,-9,3860.5,2127
2022-12-23 14:50:15,7,7,3860.75,2134
2022-12-23 14:50:16,8,-4,3860.5,2130
2022-12-23 14:50:17,1,1,3860.75,2131
2022-12-23 14:50:18,25,12,3860.75,2143
2022-12-23 14:50:19,142,55,3861.25,2198
2022-12-23 14:50:20,22,1,3861.25,2199
2022-12-23 14:50:21,35,-10,3861.0,2189
2022-12-23 14:50:22,32,2,3861.25,2191
2022-12-23 14:50:23,12,-9,3861.0,2182
2022-12-23 14:50:24,9,5,3861.0,2187
2022-12-23 14:50:25,1,1,3861.25,2188
2022-12-23 14:50:26,3,0,3861.25,2188
2022-12-23 14:50:27,2,1,3861.25,2189
2022-12-23 14:50:28,1,1,3861.25,2190
2022-12-23 14:50:29,5,5,3861.25,2195
2022-12-23 14:50:30,8,6,3861.25,2201
2022-12-23 14:50:31,20,17,3861.75,2218
2022-12-23 14:50:32,6,4,3861.75,2222
2022-12-23 14:50:33,44,10,3861.75,2232
2022-12-23 14:50:34,25,2,3861.75,2234
2022-12-23 14:50:35,14,-8,3861.75,2226
2022-12-23 14:50:36,8,-8,3861.5,2218
2022-12-23 14:50:37,4,0,3861.5,2218
2022-12-23 14:50:38,8,3,3861.5,2221
2022-12-23 14:50:39,31,20,3861.75,2241
2022-12-23 14:50:40,8,4,3862.0,2245
2022-12-23 14:50:41,51,9,3862.25,2254
2022-12-23 14:50:42,32,11,3862.25,2265
2022-12-23 14:50:43,18,14,3862.25,2279
2022-12-23 14:50:44,4,2,3862.25,2281
2022-12-23 14:50:45,68,9,3862.25,2290
2022-12-23 14:50:46,50,1,3862.5,2291
2022-12-23 14:50:47,15,-4,3862.5,2287
2022-12-23 14:50:48,4,1,3862.25,2288
2022-12-23 14:50:49,97,-6,3862.0,2282
2022-12-23 14:50:50,35,3,3862.0,2285
2022-12-23 14:50:52,3,1,3862.25,2286
2022-12-23 14:50:53,29,-3,3862.25,2283
2022-12-23 14:50:54,9,-6,3862.25,2277
2022-12-23 14:50:55,41,15,3862.25,2292
2022-12-23 14:50:56,28,9,3862.5,2301
2022-12-23 14:50:57,1,-1,3862.25,2300
2022-12-23 14:50:58,32,-10,3862.25,2290
2022-12-23 14:50:59,37,6,3862.5,2296
2022-12-23 14:51:00,16,-8,3862.5,2288
2022-12-23 14:51:01,18,9,3862.5,2297
2022-12-23 14:51:02,9,5,3862.5,2302
2022-12-23 14:51:03,46,32,3863.0,2334
2022-12-23 14:51:04,78,13,3863.0,2347
2022-12-23 14:51:05,29,16,3863.25,2363
2022-12-23 14:51:06,46,17,3863.25,2380
2022-12-23 14:51:07,45,2,3863.25,2382
2022-12-23 14:51:08,37,10,3863.25,2392
2022-12-23 14:51:09,47,0,3863.5,2392
2022-12-23 14:51:10,29,13,3863.5,2405
2022-12-23 14:51:11,34,2,3863.5,2407
2022-12-23 14:51:12,8,8,3863.5,2415
2022-12-23 14:51:13,8,-6,3863.5,2409
2022-12-23 14:51:15,40,-16,3863.75,2393
2022-12-23 14:51:16,31,-2,3863.75,2391
2022-12-23 14:51:17,75,22,3863.75,2413
2022-12-23 14:51:18,35,-10,3863.75,2403
2022-12-23 14:51:19,60,17,3863.5,2420
2022-12-23 14:51:20,91,-33,3863.25,2387
2022-12-23 14:51:21,9,-6,3863.0,2381
2022-12-23 14:51:22,10,4,3863.25,2385
2022-12-23 14:51:23,20,-8,3863.25,2377
2022-12-23 14:51:24,14,-8,3863.0,2369
2022-12-23 14:51:25,4,-2,3863.25,2367
2022-12-23 14:51:28,42,-32,3863.0,2335
2022-12-23 14:51:29,1,1,3862.5,2336
2022-12-23 14:51:30,31,6,3862.5,2342
2022-12-23 14:51:32,4,4,3862.5,2346
2022-12-23 14:51:33,37,-5,3862.5,2341
2022-12-23 14:51:34,23,6,3862.5,2347
2022-12-23 14:51:36,15,5,3862.75,2352
2022-12-23 14:51:37,2,2,3862.75,2354
2022-12-23 14:51:38,47,-23,3862.5,2331
2022-12-23 14:51:39,2,-2,3862.5,2329
2022-12-23 14:51:40,1,-1,3862.25,2328
2022-12-23 14:51:41,1,1,3862.5,2329
2022-12-23 14:51:42,17,6,3862.5,2335
2022-12-23 14:51:44,1,-1,3862.25,2334
2022-12-23 14:51:45,25,5,3862.5,2339
2022-12-23 14:51:46,4,1,3862.5,2340
2022-12-23 14:51:47,2,0,3862.5,2340
2022-12-23 14:51:48,44,-16,3862.25,2324
2022-12-23 14:51:49,17,-5,3862.25,2319
2022-12-23 14:51:50,52,3,3862.5,2322
2022-12-23 14:51:51,9,6,3862.5,2328
2022-12-23 14:51:52,20,15,3862.75,2343
2022-12-23 14:51:53,39,14,3863.25,2357
2022-12-23 14:51:54,1,-1,3863.0,2356
2022-12-23 14:51:55,1,-1,3863.0,2355
2022-12-23 14:51:56,10,10,3863.25,2365
2022-12-23 14:51:57,1,-1,3863.25,2364
2022-12-23 14:51:58,92,32,3863.75,2396
2022-12-23 14:51:59,49,-10,3864.0,2386
2022-12-23 14:52:00,48,19,3863.75,2405
2022-12-23 14:52:01,1,-1,3863.5,2404
2022-12-23 14:52:02,6,-1,3863.75,2403
2022-12-23 14:52:03,25,-10,3863.5,2393
2022-12-23 14:52:04,7,-7,3863.25,2386
2022-12-23 14:52:05,15,2,3863.5,2388
2022-12-23 14:52:06,25,4,3863.5,2392
2022-12-23 14:52:07,8,4,3863.25,2396
2022-12-23 14:52:08,6,4,3863.5,2400
2022-12-23 14:52:09,11,1,3863.5,2401
2022-12-23 14:52:10,10,2,3863.75,2403
2022-12-23 14:52:11,33,14,3863.75,2417
2022-12-23 14:52:12,4,0,3863.75,2417
2022-12-23 14:52:13,6,-4,3863.75,2413
2022-12-23 14:52:14,1,1,3863.75,2414
2022-12-23 14:52:16,60,5,3864.0,2419
2022-12-23 14:52:17,10,4,3863.75,2423
2022-12-23 14:52:18,9,5,3863.75,2428
2022-12-23 14:52:19,1,1,3863.75,2429
2022-12-23 14:52:20,17,-1,3863.5,2428
2022-12-23 14:52:21,2,2,3863.75,2430
2022-12-23 14:52:22,58,2,3863.5,2432
2022-12-23 14:52:23,5,1,3863.75,2433
2022-12-23 14:52:24,1,-1,3863.5,2432
2022-12-23 14:52:25,2,-2,3863.5,2430
2022-12-23 14:52:26,18,-7,3863.5,2423
2022-12-23 14:52:27,10,2,3863.5,2425
2022-12-23 14:52:28,7,-5,3863.75,2420
2022-12-23 14:52:29,17,-11,3863.25,2409
2022-12-23 14:52:30,67,-13,3863.25,2396
2022-12-23 14:52:31,36,0,3863.0,2396
2022-12-23 14:52:32,6,-2,3863.25,2394
2022-12-23 14:52:33,8,-8,3863.0,2386
2022-12-23 14:52:35,1,1,3863.0,2387
2022-12-23 14:52:38,54,14,3863.0,2401
2022-12-23 14:52:39,1,-1,3863.0,2400
2022-12-23 14:52:40,28,16,3863.25,2416
2022-12-23 14:52:41,11,3,3863.25,2419
2022-12-23 14:52:42,58,26,3863.25,2445
2022-12-23 14:52:44,16,-2,3863.25,2443
2022-12-23 14:52:45,11,-11,3863.25,2432
2022-12-23 14:52:46,23,-10,3863.0,2422
2022-12-23 14:52:47,12,-1,3863.0,2421
2022-12-23 14:52:49,2,2,3863.0,2423
2022-12-23 14:52:51,30,8,3863.25,2431
2022-12-23 14:52:52,16,7,3863.25,2438
2022-12-23 14:52:53,28,-1,3863.5,2437
2022-12-23 14:52:54,17,-12,3863.25,2425
2022-12-23 14:52:55,31,-10,3863.25,2415
2022-12-23 14:52:56,2,0,3863.25,2415
2022-12-23 14:52:57,1,-1,3863.0,2414
2022-12-23 14:52:58,12,-8,3863.0,2406
2022-12-23 14:52:59,3,2,3863.0,2408
2022-12-23 14:53:00,14,6,3863.0,2414
2022-12-23 14:53:01,22,15,3863.25,2429
2022-12-23 14:53:03,38,20,3863.5,2449
2022-12-23 14:53:04,101,25,3863.75,2474
2022-12-23 14:53:05,35,0,3863.75,2474
2022-12-23 14:53:06,45,13,3863.75,2487
2022-12-23 14:53:07,269,75,3864.25,2562
2022-12-23 14:53:08,8,-3,3864.25,2559
2022-12-23 14:53:09,29,-16,3864.0,2543
2022-12-23 14:53:10,24,-13,3863.75,2530
2022-12-23 14:53:11,27,7,3863.75,2537
2022-12-23 14:53:13,3,2,3864.0,2539
2022-12-23 14:53:14,30,-8,3863.75,2531
2022-12-23 14:53:15,58,-32,3863.75,2499
2022-12-23 14:53:16,5,2,3863.75,2501
2022-12-23 14:53:17,27,-1,3863.5,2500
2022-12-23 14:53:18,85,18,3863.75,2518
2022-12-23 14:53:19,1,1,3864.0,2519
2022-12-23 14:53:20,20,-13,3863.75,2506
2022-12-23 14:53:21,4,4,3863.75,2510
2022-12-23 14:53:23,1,-1,3863.75,2509
2022-12-23 14:53:24,22,-10,3863.75,2499
2022-12-23 14:53:25,3,1,3863.75,2500
2022-12-23 14:53:26,22,10,3864.0,2510
2022-12-23 14:53:27,10,-4,3863.75,2506
2022-12-23 14:53:28,1,1,3864.0,2507
2022-12-23 14:53:29,1,-1,3863.75,2506
2022-12-23 14:53:30,4,4,3864.0,2510
2022-12-23 14:53:31,1,1,3864.0,2511
2022-12-23 14:53:32,31,-9,3863.75,2502
2022-12-23 14:53:33,23,-1,3863.75,2501
2022-12-23 14:53:35,19,9,3864.0,2510
2022-12-23 14:53:36,4,-4,3864.0,2506
2022-12-23 14:53:37,7,4,3864.25,2510
2022-12-23 14:53:38,22,-6,3864.25,2504
2022-12-23 14:53:39,5,-3,3864.0,2501
2022-12-23 14:53:40,26,-5,3864.0,2496
2022-12-23 14:53:42,31,-13,3864.0,2483
2022-12-23 14:53:43,9,0,3864.0,2483
2022-12-23 14:53:44,31,-6,3864.0,2477
2022-12-23 14:53:45,11,-8,3863.75,2469
2022-12-23 14:53:46,27,2,3863.75,2471
2022-12-23 14:53:47,10,-4,3863.75,2467
2022-12-23 14:53:48,4,1,3863.75,2468
2022-12-23 14:53:49,34,15,3864.0,2483
2022-12-23 14:53:50,4,-2,3864.0,2481
2022-12-23 14:53:51,7,-7,3863.75,2474
2022-12-23 14:53:52,14,-12,3863.75,2462
2022-12-23 14:53:53,4,0,3863.75,2462
2022-12-23 14:53:54,7,-3,3863.75,2459
2022-12-23 14:53:55,7,1,3863.75,2460
2022-12-23 14:53:56,21,-8,3863.75,2452
2022-12-23 14:53:58,2,0,3863.75,2452
2022-12-23 14:53:59,17,9,3863.75,2461
2022-12-23 14:54:00,12,8,3863.75,2469
2022-12-23 14:54:01,12,3,3863.75,2472
2022-12-23 14:54:02,11,6,3864.0,2478
2022-12-23 14:54:04,1,1,3864.0,2479
2022-12-23 14:54:05,17,-16,3863.75,2463
2022-12-23 14:54:06,28,-8,3863.5,2455
2022-12-23 14:54:07,26,5,3863.5,2460
2022-12-23 14:54:08,17,-1,3863.5,2459
2022-12-23 14:54:09,19,-9,3863.5,2450
2022-12-23 14:54:10,55,-10,3863.25,2440
2022-12-23 14:54:11,9,-7,3863.25,2433
2022-12-23 14:54:12,28,13,3863.25,2446
2022-12-23 14:54:13,48,-4,3863.5,2442
2022-12-23 14:54:14,53,-1,3863.75,2441
2022-12-23 14:54:15,29,-3,3863.75,2438
2022-12-23 14:54:17,8,-4,3863.75,2434
2022-12-23 14:54:20,4,-2,3863.5,2432
2022-12-23 14:54:21,12,8,3863.5,2440
2022-12-23 14:54:22,2,-2,3863.5,2438
2022-12-23 14:54:24,12,11,3863.75,2449
2022-12-23 14:54:25,9,3,3863.75,2452
2022-12-23 14:54:26,32,11,3864.0,2463
2022-12-23 14:54:27,2,0,3864.0,2463
2022-12-23 14:54:28,2,-2,3863.75,2461
2022-12-23 14:54:30,22,10,3864.0,2471
2022-12-23 14:54:31,21,17,3864.25,2488
2022-12-23 14:54:32,178,30,3864.5,2518
2022-12-23 14:54:33,4,0,3864.5,2518
2022-12-23 14:54:34,5,-2,3864.25,2516
2022-12-23 14:54:35,3,3,3864.5,2519
2022-12-23 14:54:36,7,6,3864.5,2525
2022-12-23 14:54:37,93,56,3865.0,2581
2022-12-23 14:54:38,5,3,3865.0,2584
2022-12-23 14:54:39,3,-1,3865.0,2583
2022-12-23 14:54:40,58,-16,3865.0,2567
2022-12-23 14:54:41,21,9,3865.0,2576
2022-12-23 14:54:42,45,-32,3864.75,2544
2022-12-23 14:54:43,14,-4,3865.0,2540
2022-12-23 14:54:44,71,-30,3865.0,2510
2022-12-23 14:54:45,9,1,3864.75,2511
2022-12-23 14:54:46,1,-1,3864.75,2510
2022-12-23 14:54:47,1,1,3865.0,2511
2022-12-23 14:54:48,18,-10,3864.75,2501
2022-12-23 14:54:50,8,-3,3864.75,2498
2022-12-23 14:54:51,6,1,3865.0,2499
2022-12-23 14:54:52,85,28,3865.25,2527
2022-12-23 14:54:53,33,2,3865.25,2529
2022-12-23 14:54:54,19,-3,3865.0,2526
2022-12-23 14:54:55,5,0,3865.0,2526
2022-12-23 14:54:56,20,10,3865.25,2536
2022-12-23 14:54:58,3,1,3865.25,2537
2022-12-23 14:54:59,3,1,3865.25,2538
2022-12-23 14:55:00,69,-43,3865.0,2495
2022-12-23 14:55:01,61,-16,3864.75,2479
2022-12-23 14:55:02,23,2,3864.5,2481
2022-12-23 14:55:03,22,4,3864.5,2485
2022-12-23 14:55:04,11,5,3864.5,2490
2022-12-23 14:55:05,24,17,3864.75,2507
2022-12-23 14:55:06,1,-1,3864.75,2506
2022-12-23 14:55:08,3,-3,3864.75,2503
2022-12-23 14:55:09,37,21,3865.0,2524
2022-12-23 14:55:10,13,-7,3865.0,2517
2022-12-23 14:55:11,3,-1,3865.25,2516
2022-12-23 14:55:12,223,123,3865.75,2639
2022-12-23 14:55:13,269,31,3866.0,2670
2022-12-23 14:55:14,54,1,3866.0,2671
2022-12-23 14:55:15,79,-3,3866.0,2668
2022-12-23 14:55:16,5,5,3866.0,2673
2022-12-23 14:55:17,6,1,3866.0,2674
2022-12-23 14:55:18,14,3,3866.0,2677
2022-12-23 14:55:19,186,67,3866.5,2744
2022-12-23 14:55:20,39,-19,3866.5,2725
2022-12-23 14:55:21,83,10,3866.5,2735
2022-12-23 14:55:22,39,-7,3866.5,2728
2022-12-23 14:55:23,9,3,3866.25,2731
2022-12-23 14:55:24,51,1,3866.25,2732
2022-12-23 14:55:25,84,-29,3866.0,2703
2022-12-23 14:55:26,65,-13,3866.0,2690
2022-12-23 14:55:27,3,1,3866.25,2691
2022-12-23 14:55:28,20,2,3866.25,2693
2022-12-23 14:55:29,56,21,3866.5,2714
2022-12-23 14:55:30,43,-2,3866.5,2712
2022-12-23 14:55:31,47,-22,3866.0,2690
2022-12-23 14:55:32,77,-18,3866.0,2672
2022-12-23 14:55:33,61,-31,3865.5,2641
2022-12-23 14:55:34,65,14,3865.5,2655
2022-12-23 14:55:35,46,21,3866.0,2676
2022-12-23 14:55:36,4,4,3866.0,2680
2022-12-23 14:55:37,4,3,3866.0,2683
2022-12-23 14:55:38,34,19,3866.0,2702
2022-12-23 14:55:39,63,-1,3866.5,2701
2022-12-23 14:55:40,4,-4,3866.25,2697
2022-12-23 14:55:41,22,-4,3866.5,2693
2022-12-23 14:55:42,12,4,3866.5,2697
2022-12-23 14:55:43,41,-7,3866.25,2690
2022-12-23 14:55:44,11,0,3866.25,2690
2022-12-23 14:55:45,1,-1,3866.25,2689
2022-12-23 14:55:46,16,1,3866.25,2690
2022-12-23 14:55:47,1,1,3866.5,2691
2022-12-23 14:55:48,65,-8,3866.25,2683
2022-12-23 14:55:49,87,-14,3866.25,2669
2022-12-23 14:55:50,40,10,3866.25,2679
2022-12-23 14:55:51,28,0,3866.25,2679
2022-12-23 14:55:52,6,-2,3866.5,2677
2022-12-23 14:55:53,13,-8,3866.25,2669
2022-12-23 14:55:54,22,14,3866.25,2683
2022-12-23 14:55:55,82,15,3866.25,2698
2022-12-23 14:55:56,7,-2,3866.5,2696
2022-12-23 14:55:57,7,6,3866.25,2702
2022-12-23 14:55:58,7,4,3866.25,2706
2022-12-23 14:55:59,54,-2,3866.25,2704
2022-12-23 14:56:00,5,-4,3866.0,2700
2022-12-23 14:56:01,65,-31,3866.0,2669
2022-12-23 14:56:02,1,-1,3865.75,2668
2022-12-23 14:56:03,13,-8,3865.75,2660
2022-12-23 14:56:04,43,-1,3865.75,2659
2022-12-23 14:56:05,22,-5,3865.75,2654
2022-12-23 14:56:06,64,-4,3865.5,2650
2022-12-23 14:56:07,48,-8,3865.75,2642
2022-12-23 14:56:08,101,13,3866.25,2655
2022-12-23 14:56:09,31,-3,3866.25,2652
2022-12-23 14:56:10,21,-4,3866.25,2648
2022-12-23 14:56:11,5,1,3866.25,2649
2022-12-23 14:56:12,2,0,3866.25,2649
2022-12-23 14:56:13,24,-18,3866.25,2631
2022-12-23 14:56:14,10,-1,3866.0,2630
2022-12-23 14:56:15,3,3,3866.0,2633
2022-12-23 14:56:16,57,-14,3866.0,2619
2022-12-23 14:56:17,25,-17,3865.5,2602
2022-12-23 14:56:18,1,-1,3865.25,2601
2022-12-23 14:56:19,8,-2,3865.5,2599
2022-12-23 14:56:21,51,16,3865.5,2615
2022-12-23 14:56:22,1,1,3865.5,2616
2022-12-23 14:56:23,11,7,3865.5,2623
2022-12-23 14:56:25,21,-7,3865.5,2616
2022-12-23 14:56:26,6,-1,3865.5,2615
2022-12-23 14:56:27,38,9,3865.5,2624
2022-12-23 14:56:28,3,0,3865.5,2624
2022-12-23 14:56:29,24,-2,3865.5,2622
2022-12-23 14:56:30,29,8,3865.5,2630
2022-12-23 14:56:31,11,-1,3865.75,2629
2022-12-23 14:56:32,36,1,3865.75,2630
2022-12-23 14:56:33,47,-20,3865.5,2610
2022-12-23 14:56:34,41,0,3865.5,2610
2022-12-23 14:56:35,13,-7,3865.5,2603
2022-12-23 14:56:36,23,2,3865.5,2605
2022-12-23 14:56:37,11,-5,3865.75,2600
2022-12-23 14:56:39,4,-4,3865.5,2596
2022-12-23 14:56:40,50,4,3865.75,2600
2022-12-23 14:56:41,29,0,3865.75,2600
2022-12-23 14:56:43,13,-10,3865.5,2590
2022-12-23 14:56:45,13,-5,3865.25,2585
2022-12-23 14:56:46,84,-9,3865.25,2576
2022-12-23 14:56:47,37,9,3865.25,2585
2022-12-23 14:56:48,6,-3,3865.25,2582
2022-12-23 14:56:50,16,11,3865.5,2593
2022-12-23 14:56:51,2,1,3865.75,2594
2022-12-23 14:56:52,3,1,3865.75,2595
2022-12-23 14:56:53,6,6,3865.75,2601
2022-12-23 14:56:54,1,-1,3865.5,2600
2022-12-23 14:56:55,1,-1,3865.5,2599
2022-12-23 14:56:56,3,-2,3865.5,2597
2022-12-23 14:56:57,56,-23,3865.5,2574
2022-12-23 14:56:59,15,2,3865.5,2576
2022-12-23 14:57:00,27,2,3865.5,2578
2022-12-23 14:57:01,21,10,3865.5,2588
2022-12-23 14:57:02,18,11,3865.75,2599
2022-12-23 14:57:04,31,25,3866.0,2624
2022-12-23 14:57:05,53,12,3866.5,2636
2022-12-23 14:57:06,63,3,3866.5,2639
2022-12-23 14:57:07,12,8,3866.75,2647
2022-12-23 14:57:08,83,-20,3866.75,2627
2022-12-23 14:57:09,53,35,3866.75,2662
2022-12-23 14:57:10,36,-9,3866.75,2653
2022-12-23 14:57:11,13,11,3866.5,2664
2022-12-23 14:57:12,24,-5,3866.75,2659
2022-12-23 14:57:13,4,2,3866.75,2661
2022-12-23 14:57:14,4,-1,3866.75,2660
2022-12-23 14:57:15,8,7,3866.75,2667
2022-12-23 14:57:16,37,-29,3866.5,2638
2022-12-23 14:57:18,19,1,3866.5,2639
2022-12-23 14:57:20,2,-2,3866.5,2637
2022-12-23 14:57:21,15,11,3866.75,2648
2022-12-23 14:57:22,1,-1,3866.75,2647
2022-12-23 14:57:23,48,-4,3867.0,2643
2022-12-23 14:57:24,3,-1,3867.0,2642
2022-12-23 14:57:25,7,4,3867.0,2646
2022-12-23 14:57:26,5,0,3867.0,2646
2022-12-23 14:57:27,34,-7,3867.0,2639
2022-12-23 14:57:28,50,-8,3867.0,2631
2022-12-23 14:57:29,171,43,3867.0,2674
2022-12-23 14:57:30,8,4,3867.25,2678
2022-12-23 14:57:31,7,1,3867.25,2679
2022-12-23 14:57:32,69,-25,3867.0,2654
2022-12-23 14:57:33,82,-4,3867.0,2650
2022-12-23 14:57:34,3,-1,3867.0,2649
2022-12-23 14:57:35,90,-29,3866.75,2620
2022-12-23 14:57:36,8,0,3866.5,2620
2022-12-23 14:57:37,6,-2,3866.5,2618
2022-12-23 14:57:38,40,6,3866.5,2624
2022-12-23 14:57:39,4,-2,3866.75,2622
2022-12-23 14:57:40,26,-6,3866.5,2616
2022-12-23 14:57:41,2,1,3866.75,2617
2022-12-23 14:57:42,20,-12,3866.5,2605
2022-12-23 14:57:43,88,-52,3866.25,2553
2022-12-23 14:57:45,37,12,3866.25,2565
2022-12-23 14:57:46,67,7,3866.25,2572
2022-12-23 14:57:47,1,-1,3866.25,2571
2022-12-23 14:57:49,43,0,3866.25,2571
2022-12-23 14:57:50,5,-4,3866.25,2567
2022-12-23 14:57:51,15,5,3866.5,2572
2022-12-23 14:57:52,4,-3,3866.5,2569
2022-12-23 14:57:53,27,-18,3866.5,2551
2022-12-23 14:57:54,21,-18,3866.0,2533
2022-12-23 14:57:55,1,1,3866.0,2534
2022-12-23 14:57:56,52,-15,3866.0,2519
2022-12-23 14:57:57,26,4,3866.0,2523
2022-12-23 14:57:58,70,1,3866.25,2524
2022-12-23 14:57:59,23,-6,3866.25,2518
2022-12-23 14:58:00,42,9,3866.25,2527
2022-12-23 14:58:01,155,50,3866.5,2577
2022-12-23 14:58:02,132,17,3866.75,2594
2022-12-23 14:58:03,116,15,3867.0,2609
2022-12-23 14:58:04,24,1,3866.75,2610
2022-12-23 14:58:05,5,5,3866.75,2615
2022-12-23 14:58:06,61,-1,3867.0,2614
2022-12-23 14:58:07,26,14,3867.0,2628
2022-12-23 14:58:08,5,-1,3866.75,2627
2022-12-23 14:58:09,32,20,3867.0,2647
2022-12-23 14:58:10,5,-1,3866.75,2646
2022-12-23 14:58:11,2,2,3867.0,2648
2022-12-23 14:58:12,1,1,3867.0,2649
2022-12-23 14:58:13,1,1,3867.0,2650
2022-12-23 14:58:14,138,61,3867.5,2711
2022-12-23 14:58:15,2,0,3867.25,2711
2022-12-23 14:58:16,11,6,3867.25,2717
2022-12-23 14:58:17,6,-5,3867.0,2712
2022-12-23 14:58:19,1,-1,3867.0,2711
2022-12-23 14:58:21,24,9,3867.25,2720
2022-12-23 14:58:22,52,-37,3867.25,2683
2022-12-23 14:58:23,1,-1,3866.75,2682
2022-12-23 14:58:24,14,2,3867.0,2684
2022-12-23 14:58:25,1,-1,3866.75,2683
2022-12-23 14:58:26,88,-25,3867.0,2658
2022-12-23 14:58:27,52,8,3867.25,2666
2022-12-23 14:58:28,51,6,3867.0,2672
2022-12-23 14:58:29,4,0,3867.0,2672
2022-12-23 14:58:30,44,-7,3867.0,2665
2022-12-23 14:58:31,8,-7,3866.75,2658
2022-12-23 14:58:32,53,-21,3866.5,2637
2022-12-23 14:58:33,39,6,3866.5,2643
2022-12-23 14:58:34,12,-3,3866.75,2640
2022-12-23 14:58:35,4,4,3866.75,2644
2022-12-23 14:58:36,40,-13,3866.5,2631
2022-12-23 14:58:37,1,-1,3866.5,2630
2022-12-23 14:58:38,13,5,3866.75,2635
2022-12-23 14:58:39,19,5,3866.75,2640
2022-12-23 14:58:40,2,-1,3866.5,2639
2022-12-23 14:58:41,2,-1,3866.5,2638
2022-12-23 14:58:42,1,-1,3866.5,2637
2022-12-23 14:58:43,9,8,3866.75,2645
2022-12-23 14:58:44,2,-2,3866.75,2643
2022-12-23 14:58:45,9,-6,3866.75,2637
2022-12-23 14:58:46,14,-3,3866.75,2634
2022-12-23 14:58:47,1,-1,3866.5,2633
2022-12-23 14:58:49,35,-12,3866.5,2621
2022-12-23 14:58:51,1,1,3866.75,2622
2022-12-23 14:58:52,5,3,3866.75,2625
2022-12-23 14:58:53,3,-2,3866.5,2623
2022-12-23 14:58:55,47,-10,3866.5,2613
2022-12-23 14:58:56,2,2,3866.5,2615
2022-12-23 14:58:57,56,-8,3866.25,2607
2022-12-23 14:58:58,8,2,3866.25,2609
2022-12-23 14:58:59,12,-4,3866.25,2605
2022-12-23 14:59:00,32,12,3866.5,2617
2022-12-23 14:59:02,45,11,3866.5,2628
2022-12-23 14:59:03,28,0,3866.25,2628
2022-12-23 14:59:04,12,7,3866.5,2635
2022-12-23 14:59:05,1,1,3866.75,2636
2022-12-23 14:59:06,18,-6,3866.75,2630
2022-12-23 14:59:07,11,-10,3866.5,2620
2022-12-23 14:59:08,1,1,3866.5,2621
2022-12-23 14:59:09,8,7,3866.5,2628
2022-12-23 14:59:10,40,17,3866.75,2645
2022-12-23 14:59:12,8,-7,3866.75,2638
2022-12-23 14:59:13,9,6,3866.75,2644
2022-12-23 14:59:15,17,12,3867.0,2656
2022-12-23 14:59:16,3,-1,3867.25,2655
2022-12-23 14:59:17,81,31,3867.25,2686
2022-12-23 14:59:18,8,-4,3867.25,2682
2022-12-23 14:59:19,24,-4,3867.25,2678
2022-12-23 14:59:20,5,3,3867.25,2681
2022-12-23 14:59:21,7,4,3867.5,2685
2022-12-23 14:59:22,16,-8,3867.5,2677
2022-12-23 14:59:23,5,3,3867.5,2680
2022-12-23 14:59:24,12,8,3867.5,2688
2022-12-23 14:59:25,104,26,3867.5,2714
2022-12-23 14:59:26,2,1,3867.5,2715
2022-12-23 14:59:27,2,0,3867.5,2715
2022-12-23 14:59:28,137,-26,3867.75,2689
2022-12-23 14:59:29,105,22,3867.75,2711
2022-12-23 14:59:30,3,-1,3867.75,2710
2022-12-23 14:59:31,38,-8,3867.75,2702
2022-12-23 14:59:32,26,-3,3867.75,2699
2022-12-23 14:59:33,43,7,3867.75,2706
2022-12-23 14:59:34,49,28,3867.75,2734
2022-12-23 14:59:35,2,0,3867.75,2734
2022-12-23 14:59:36,22,1,3867.75,2735
2022-12-23 14:59:37,56,-13,3867.5,2722
2022-12-23 14:59:38,27,-2,3867.75,2720
2022-12-23 14:59:39,9,8,3867.75,2728
2022-12-23 14:59:40,41,-2,3867.75,2726
2022-12-23 14:59:41,42,-10,3867.75,2716
2022-12-23 14:59:42,34,3,3868.0,2719
2022-12-23 14:59:43,2,2,3867.75,2721
2022-12-23 14:59:45,3,-1,3867.75,2720
2022-12-23 14:59:46,16,7,3867.75,2727
2022-12-23 14:59:47,1,-1,3867.75,2726
2022-12-23 14:59:48,1,-1,3867.75,2725
2022-12-23 14:59:49,1,-1,3867.75,2724
2022-12-23 14:59:50,12,-6,3868.0,2718
2022-12-23 14:59:51,14,-9,3867.75,2709
2022-12-23 14:59:52,51,-12,3867.5,2697
2022-12-23 14:59:53,15,-12,3867.25,2685
2022-12-23 14:59:54,2,2,3867.5,2687
2022-12-23 14:59:55,72,14,3867.5,2701
2022-12-23 14:59:56,37,-13,3867.5,2688
2022-12-23 14:59:57,39,-1,3867.25,2687
2022-12-23 14:59:58,2,-2,3867.25,2685
2022-12-23 14:59:59,14,-10,3867.25,2675
2022-12-23 15:00:00,288,85,3868.25,2760
2022-12-23 15:00:01,89,-13,3868.25,2747
2022-12-23 15:00:02,26,9,3868.0,2756
2022-12-23 15:00:03,61,-7,3867.75,2749
2022-12-23 15:00:04,17,-5,3867.75,2744
2022-12-23 15:00:05,10,3,3867.5,2747
2022-12-23 15:00:07,56,16,3867.75,2763
2022-12-23 15:00:08,104,4,3868.0,2767
2022-12-23 15:00:09,96,-23,3868.25,2744
2022-12-23 15:00:10,29,-9,3868.25,2735
2022-12-23 15:00:11,64,39,3868.5,2774
2022-12-23 15:00:12,50,-23,3868.25,2751
2022-12-23 15:00:13,99,-18,3868.25,2733
2022-12-23 15:00:14,6,1,3868.0,2734
2022-12-23 15:00:15,5,-5,3867.75,2729
2022-12-23 15:00:16,19,-17,3867.75,2712
2022-12-23 15:00:17,42,-16,3867.5,2696
2022-12-23 15:00:18,12,0,3867.5,2696
2022-12-23 15:00:19,22,-1,3867.5,2695
2022-12-23 15:00:20,39,-13,3867.25,2682
2022-12-23 15:00:21,120,-55,3867.0,2627
2022-12-23 15:00:22,29,-16,3866.5,2611
2022-12-23 15:00:23,114,-11,3866.75,2600
2022-12-23 15:00:24,94,7,3866.5,2607
2022-12-23 15:00:25,23,1,3866.5,2608
2022-12-23 15:00:26,64,-14,3866.5,2594
2022-12-23 15:00:27,87,3,3866.25,2597
2022-12-23 15:00:28,10,1,3866.25,2598
2022-12-23 15:00:29,83,21,3866.5,2619
2022-12-23 15:00:30,25,6,3866.75,2625
2022-12-23 15:00:31,40,-3,3867.0,2622
2022-12-23 15:00:32,29,-6,3866.75,2616
2022-12-23 15:00:33,41,-6,3867.0,2610
2022-12-23 15:00:34,56,-7,3867.25,2603
2022-12-23 15:00:35,31,4,3867.0,2607
2022-12-23 15:00:36,6,-5,3867.0,2602
2022-12-23 15:00:37,5,-3,3866.75,2599
2022-12-23 15:00:39,33,8,3867.25,2607
2022-12-23 15:00:40,44,8,3867.5,2615
2022-12-23 15:00:41,40,-9,3867.25,2606
2022-12-23 15:00:42,13,-7,3867.25,2599
2022-12-23 15:00:43,40,-4,3867.25,2595
2022-12-23 15:00:44,12,3,3867.0,2598
2022-12-23 15:00:45,94,5,3867.5,2603
2022-12-23 15:00:46,38,11,3867.5,2614
2022-12-23 15:00:47,41,-6,3867.5,2608
2022-12-23 15:00:48,21,7,3867.75,2615
2022-12-23 15:00:49,18,-2,3867.5,2613
2022-12-23 15:00:50,1,-1,3867.5,2612
2022-12-23 15:00:51,62,-2,3867.75,2610
2022-12-23 15:00:52,78,31,3867.75,2641
2022-12-23 15:00:53,38,-10,3867.75,2631
2022-12-23 15:00:54,5,-3,3867.5,2628
2022-12-23 15:00:55,5,-4,3867.5,2624
2022-12-23 15:00:57,95,-25,3867.5,2599
2022-12-23 15:00:58,3,3,3867.5,2602
2022-12-23 15:00:59,153,29,3868.0,2631
2022-12-23 15:01:00,60,10,3867.75,2641
2022-12-23 15:01:01,3,1,3867.75,2642
2022-12-23 15:01:02,23,-4,3867.75,2638
2022-12-23 15:01:03,56,-29,3867.75,2609
2022-12-23 15:01:04,31,4,3867.5,2613
2022-12-23 15:01:05,57,13,3867.75,2626
2022-12-23 15:01:06,68,24,3868.25,2650
2022-12-23 15:01:07,6,4,3868.25,2654
2022-12-23 15:01:08,2,-2,3868.0,2652
2022-12-23 15:01:09,11,1,3868.25,2653
2022-12-23 15:01:10,15,1,3868.25,2654
2022-12-23 15:01:11,12,3,3868.25,2657
2022-12-23 15:01:12,110,40,3868.5,2697
2022-12-23 15:01:13,2,-2,3868.25,2695
2022-12-23 15:01:14,103,-27,3868.25,2668
2022-12-23 15:01:15,7,6,3868.25,2674
2022-12-23 15:01:16,80,-15,3868.25,2659
2022-12-23 15:01:17,41,12,3868.25,2671
2022-12-23 15:01:18,171,51,3868.75,2722
2022-12-23 15:01:19,198,75,3869.0,2797
2022-12-23 15:01:20,185,78,3869.5,2875
2022-12-23 15:01:21,146,-38,3869.5,2837
2022-12-23 15:01:22,80,-13,3869.25,2824
2022-12-23 15:01:23,36,10,3869.25,2834
2022-12-23 15:01:24,65,-6,3869.5,2828
2022-12-23 15:01:25,64,35,3869.5,2863
2022-12-23 15:01:26,193,34,3869.75,2897
2022-12-23 15:01:27,87,12,3870.0,2909
2022-12-23 15:01:28,24,8,3870.0,2917
2022-12-23 15:01:29,28,2,3870.0,2919
2022-12-23 15:01:30,153,-28,3870.0,2891
2022-12-23 15:01:31,70,22,3870.0,2913
2022-12-23 15:01:32,23,11,3870.0,2924
2022-12-23 15:01:33,80,-2,3870.0,2922
2022-12-23 15:01:34,10,4,3870.0,2926
2022-12-23 15:01:35,162,41,3870.25,2967
2022-12-23 15:01:36,139,-41,3870.25,2926
2022-12-23 15:01:37,91,18,3870.25,2944
2022-12-23 15:01:38,406,28,3870.75,2972
2022-12-23 15:01:39,123,19,3870.75,2991
2022-12-23 15:01:40,68,-3,3870.75,2988
2022-12-23 15:01:41,173,44,3871.0,3032
2022-12-23 15:01:42,107,29,3871.0,3061
2022-12-23 15:01:43,149,-29,3871.0,3032
2022-12-23 15:01:44,62,19,3871.0,3051
2022-12-23 15:01:45,75,-9,3871.0,3042
2022-12-23 15:01:46,163,28,3871.25,3070
2022-12-23 15:01:47,106,11,3871.25,3081
2022-12-23 15:01:48,99,2,3871.25,3083
2022-12-23 15:01:49,59,21,3871.25,3104
2022-12-23 15:01:50,90,-5,3871.25,3099
2022-12-23 15:01:51,19,3,3871.25,3102
2022-12-23 15:01:52,88,-10,3871.25,3092
2022-12-23 15:01:53,10,4,3871.25,3096
2022-12-23 15:01:54,2,0,3871.25,3096
2022-12-23 15:01:55,86,-21,3871.25,3075
2022-12-23 15:01:56,210,-20,3871.0,3055
2022-12-23 15:01:57,99,4,3871.0,3059
2022-12-23 15:01:58,56,-18,3871.0,3041
2022-12-23 15:01:59,17,2,3870.5,3043
2022-12-23 15:02:00,148,-9,3870.75,3034
2022-12-23 15:02:01,87,-37,3870.5,2997
2022-12-23 15:02:02,25,2,3870.0,2999
2022-12-23 15:02:03,94,-12,3870.0,2987
2022-12-23 15:02:04,14,1,3870.0,2988
2022-12-23 15:02:05,14,2,3870.0,2990
2022-12-23 15:02:06,71,12,3870.0,3002
2022-12-23 15:02:07,10,6,3869.75,3008
2022-12-23 15:02:08,65,36,3870.0,3044
2022-12-23 15:02:09,43,-20,3869.75,3024
2022-12-23 15:02:10,17,4,3869.75,3028
2022-12-23 15:02:11,26,12,3870.0,3040
2022-12-23 15:02:12,41,-17,3870.0,3023
2022-12-23 15:02:13,3,1,3870.0,3024
2022-12-23 15:02:14,69,-9,3870.0,3015
2022-12-23 15:02:15,47,-9,3869.75,3006
2022-12-23 15:02:16,77,-24,3869.5,2982
2022-12-23 15:02:17,45,4,3869.75,2986
2022-12-23 15:02:18,7,-2,3869.75,2984
2022-12-23 15:02:19,66,10,3870.0,2994
2022-12-23 15:02:20,42,6,3869.75,3000
2022-12-23 15:02:21,12,-2,3870.0,2998
2022-12-23 15:02:22,11,1,3870.0,2999
2022-12-23 15:02:23,1,-1,3869.75,2998
2022-12-23 15:02:24,47,-22,3869.75,2976
2022-12-23 15:02:25,8,4,3870.0,2980
2022-12-23 15:02:26,296,53,3870.25,3033
2022-12-23 15:02:27,70,-9,3870.25,3024
2022-12-23 15:02:28,4,1,3870.25,3025
2022-12-23 15:02:29,26,3,3870.25,3028
2022-12-23 15:02:30,47,6,3870.5,3034
2022-12-23 15:02:31,59,8,3870.5,3042
2022-12-23 15:02:32,50,29,3871.0,3071
2022-12-23 15:02:33,129,22,3871.25,3093
2022-12-23 15:02:34,27,6,3871.0,3099
2022-12-23 15:02:35,128,76,3871.5,3175
2022-12-23 15:02:36,155,36,3871.5,3211
2022-12-23 15:02:37,136,-2,3871.5,3209
2022-12-23 15:02:38,28,1,3871.5,3210
2022-12-23 15:02:39,425,235,3872.25,3445
2022-12-23 15:02:40,116,-7,3872.25,3438
2022-12-23 15:02:41,138,-5,3872.5,3433
2022-12-23 15:02:42,82,-7,3872.5,3426
2022-12-23 15:02:43,61,-1,3872.5,3425
2022-12-23 15:02:44,44,-12,3872.5,3413
2022-12-23 15:02:45,138,6,3872.25,3419
2022-12-23 15:02:46,132,-14,3872.0,3405
2022-12-23 15:02:47,24,-7,3872.0,3398
2022-12-23 15:02:48,29,-4,3872.25,3394
2022-12-23 15:02:49,43,-11,3872.25,3383
2022-12-23 15:02:50,24,17,3872.5,3400
2022-12-23 15:02:51,71,-11,3872.5,3389
2022-12-23 15:02:52,12,7,3872.25,3396
2022-12-23 15:02:53,41,-20,3872.25,3376
2022-12-23 15:02:54,84,13,3872.0,3389
2022-12-23 15:02:55,72,-6,3872.0,3383
2022-12-23 15:02:56,3,-1,3872.0,3382
2022-12-23 15:02:57,59,7,3872.0,3389
2022-12-23 15:02:58,4,0,3872.0,3389
2022-12-23 15:02:59,25,5,3872.0,3394
2022-12-23 15:03:00,120,5,3872.25,3399
2022-12-23 15:03:01,83,-40,3872.25,3359
2022-12-23 15:03:02,35,-1,3871.75,3358
2022-12-23 15:03:03,30,0,3871.75,3358
2022-12-23 15:03:04,71,-9,3872.0,3349
2022-12-23 15:03:05,4,1,3872.0,3350
2022-12-23 15:03:06,28,-9,3871.75,3341
2022-12-23 15:03:07,40,-15,3872.0,3326
2022-12-23 15:03:08,72,-2,3871.5,3324
2022-12-23 15:03:09,103,-29,3871.25,3295
2022-12-23 15:03:10,264,-17,3871.0,3278
2022-12-23 15:03:11,33,-5,3870.75,3273
2022-12-23 15:03:12,56,-16,3870.5,3257
2022-12-23 15:03:13,304,-96,3870.5,3161
2022-12-23 15:03:14,161,-3,3870.25,3158
2022-12-23 15:03:15,61,3,3870.5,3161
2022-12-23 15:03:16,131,-101,3870.25,3060
2022-12-23 15:03:17,35,-10,3869.75,3050
2022-12-23 15:03:18,67,-7,3870.0,3043
2022-12-23 15:03:19,67,14,3870.25,3057
2022-12-23 15:03:20,15,-7,3870.0,3050
2022-12-23 15:03:21,41,-1,3870.0,3049
2022-12-23 15:03:22,19,4,3870.0,3053
2022-12-23 15:03:23,132,-51,3870.0,3002
2022-12-23 15:03:24,35,-13,3869.75,2989
2022-12-23 15:03:25,56,-17,3869.5,2972
2022-12-23 15:03:26,184,-11,3869.25,2961
2022-12-23 15:03:27,171,-48,3869.0,2913
2022-12-23 15:03:28,103,10,3868.75,2923
2022-12-23 15:03:29,103,-24,3868.75,2899
2022-12-23 15:03:30,77,-14,3868.25,2885
2022-12-23 15:03:31,30,13,3868.25,2898
2022-12-23 15:03:32,77,-22,3868.75,2876
2022-12-23 15:03:33,30,-14,3868.5,2862
2022-12-23 15:03:34,82,-7,3868.25,2855
2022-12-23 15:03:35,81,-24,3867.75,2831
2022-12-23 15:03:36,78,10,3868.0,2841
2022-12-23 15:03:37,65,-11,3868.0,2830
2022-12-23 15:03:38,44,-7,3867.75,2823
2022-12-23 15:03:39,37,-6,3867.75,2817
2022-12-23 15:03:40,348,-151,3867.75,2666
2022-12-23 15:03:41,58,2,3867.75,2668
2022-12-23 15:03:42,37,18,3868.0,2686
2022-12-23 15:03:43,37,20,3868.0,2706
2022-12-23 15:03:44,50,-11,3868.0,2695
2022-12-23 15:03:45,21,8,3868.0,2703
2022-12-23 15:03:46,28,-1,3868.0,2702
2022-12-23 15:03:47,42,4,3868.25,2706
2022-12-23 15:03:48,9,-5,3868.0,2701
2022-12-23 15:03:49,50,21,3868.5,2722
2022-12-23 15:03:50,51,13,3868.5,2735
2022-12-23 15:03:51,52,11,3868.75,2746
2022-12-23 15:03:52,13,-3,3868.75,2743
2022-12-23 15:03:53,196,-11,3868.75,2732
2022-12-23 15:03:54,32,-6,3869.0,2726
2022-12-23 15:03:55,6,6,3869.0,2732
2022-12-23 15:03:56,19,-12,3868.75,2720
2022-12-23 15:03:57,9,7,3868.75,2727
2022-12-23 15:03:58,23,17,3869.25,2744
2022-12-23 15:03:59,30,-3,3869.25,2741
2022-12-23 15:04:00,19,0,3869.25,2741
2022-12-23 15:04:01,21,-12,3869.25,2729
2022-12-23 15:04:02,47,-5,3869.0,2724
2022-12-23 15:04:03,67,-16,3868.75,2708
2022-12-23 15:04:04,83,-13,3868.5,2695
2022-12-23 15:04:05,67,-12,3868.0,2683
2022-12-23 15:04:06,46,23,3868.25,2706
2022-12-23 15:04:07,67,3,3868.25,2709
2022-12-23 15:04:08,40,-7,3868.25,2702
2022-12-23 15:04:09,21,-5,3868.25,2697
2022-12-23 15:04:10,29,9,3868.5,2706
2022-12-23 15:04:11,3,-3,3868.25,2703
2022-12-23 15:04:13,31,5,3868.5,2708
2022-12-23 15:04:14,77,-29,3868.5,2679
2022-12-23 15:04:15,9,6,3868.5,2685
2022-12-23 15:04:16,43,16,3868.75,2701
2022-12-23 15:04:17,48,-4,3868.5,2697
2022-12-23 15:04:18,13,-1,3868.25,2696
2022-12-23 15:04:19,11,-10,3868.25,2686
2022-12-23 15:04:20,31,18,3868.5,2704
2022-12-23 15:04:21,24,-12,3868.25,2692
2022-12-23 15:04:22,13,-9,3868.25,2683
2022-12-23 15:04:23,19,9,3868.5,2692
2022-12-23 15:04:24,17,-4,3868.25,2688
2022-12-23 15:04:25,16,-2,3868.25,2686
2022-12-23 15:04:26,27,-13,3868.0,2673
2022-12-23 15:04:27,44,1,3868.0,2674
2022-12-23 15:04:29,49,-11,3867.75,2663
2022-12-23 15:04:30,101,-7,3867.75,2656
2022-12-23 15:04:31,30,-15,3867.75,2641
2022-12-23 15:04:32,13,-7,3867.75,2634
2022-12-23 15:04:33,66,-12,3867.5,2622
2022-12-23 15:04:34,55,-14,3867.25,2608
2022-12-23 15:04:35,9,5,3867.5,2613
2022-12-23 15:04:36,11,-7,3867.5,2606
2022-12-23 15:04:37,9,3,3867.5,2609
2022-12-23 15:04:38,95,10,3867.5,2619
2022-12-23 15:04:39,19,-1,3867.5,2618
2022-12-23 15:04:40,8,-5,3867.25,2613
2022-12-23 15:04:41,89,2,3867.75,2615
2022-12-23 15:04:42,26,-12,3868.0,2603
2022-12-23 15:04:43,152,-65,3867.25,2538
2022-12-23 15:04:44,4,0,3867.0,2538
2022-12-23 15:04:45,10,3,3867.0,2541
2022-12-23 15:04:46,44,-2,3867.0,2539
2022-12-23 15:04:47,10,2,3867.0,2541
2022-12-23 15:04:48,41,2,3867.0,2543
2022-12-23 15:04:49,116,-91,3867.25,2452
2022-12-23 15:04:50,138,-10,3867.25,2442
2022-12-23 15:04:51,75,9,3867.25,2451
2022-12-23 15:04:52,13,-7,3867.25,2444
2022-12-23 15:04:53,3,-3,3867.0,2441
2022-12-23 15:04:54,43,6,3867.25,2447
2022-12-23 15:04:55,3,3,3867.25,2450
2022-12-23 15:04:56,28,-5,3867.25,2445
2022-12-23 15:04:57,23,-18,3867.25,2427
2022-12-23 15:04:58,28,-2,3867.0,2425
2022-12-23 15:04:59,2,1,3867.25,2426
2022-12-23 15:05:00,42,-2,3867.25,2424
2022-12-23 15:05:01,5,-3,3867.25,2421
2022-12-23 15:05:02,5,0,3867.25,2421
2022-12-23 15:05:03,81,-1,3867.5,2420
2022-12-23 15:05:04,83,-25,3867.5,2395
2022-12-23 15:05:05,74,4,3867.25,2399
2022-12-23 15:05:06,2,-2,3867.0,2397
2022-12-23 15:05:07,24,16,3867.5,2413
2022-12-23 15:05:08,2,0,3867.5,2413
2022-12-23 15:05:09,48,-13,3867.25,2400
2022-12-23 15:05:10,6,4,3867.25,2404
2022-12-23 15:05:11,65,1,3867.5,2405
2022-12-23 15:05:12,30,-15,3867.25,2390
2022-12-23 15:05:13,82,-4,3867.0,2386
2022-12-23 15:05:14,37,10,3867.0,2396
2022-12-23 15:05:15,14,1,3867.0,2397
2022-12-23 15:05:16,41,-26,3866.75,2371
2022-12-23 15:05:17,13,5,3866.75,2376
2022-12-23 15:05:18,13,-7,3866.75,2369
2022-12-23 15:05:19,47,-15,3866.75,2354
2022-12-23 15:05:20,27,-9,3866.75,2345
2022-12-23 15:05:21,44,6,3866.75,2351
2022-12-23 15:05:22,25,2,3867.0,2353
2022-12-23 15:05:23,12,-5,3866.75,2348
2022-12-23 15:05:24,21,0,3867.0,2348
2022-12-23 15:05:25,21,-15,3866.75,2333
2022-12-23 15:05:26,2,-2,3866.5,2331
2022-12-23 15:05:27,2,0,3866.75,2331
2022-12-23 15:05:28,1,-1,3866.5,2330
2022-12-23 15:05:30,97,-54,3866.5,2276
2022-12-23 15:05:31,852,-165,3866.0,2111
2022-12-23 15:05:32,363,-34,3864.75,2077
2022-12-23 15:05:33,77,1,3865.0,2078
2022-12-23 15:05:34,70,12,3865.25,2090
2022-12-23 15:05:35,8,1,3865.5,2091
2022-12-23 15:05:36,45,-9,3865.5,2082
2022-12-23 15:05:37,35,-12,3865.25,2070
2022-12-23 15:05:38,43,-5,3865.25,2065
2022-12-23 15:05:39,81,13,3865.5,2078
2022-12-23 15:05:40,27,5,3865.5,2083
2022-12-23 15:05:41,71,-13,3865.25,2070
2022-12-23 15:05:42,16,-2,3865.25,2068
2022-12-23 15:05:43,50,-4,3865.25,2064
2022-12-23 15:05:44,57,-11,3865.0,2053
2022-12-23 15:05:45,29,6,3864.75,2059
2022-12-23 15:05:46,18,-8,3864.75,2051
2022-12-23 15:05:47,18,-4,3864.5,2047
2022-12-23 15:05:48,38,6,3864.5,2053
2022-12-23 15:05:49,31,-22,3864.25,2031
2022-12-23 15:05:50,15,11,3864.75,2042
2022-12-23 15:05:51,12,-5,3864.75,2037
2022-12-23 15:05:52,116,23,3865.0,2060
2022-12-23 15:05:53,25,11,3865.0,2071
2022-12-23 15:05:54,49,24,3865.5,2095
2022-12-23 15:05:55,50,6,3865.75,2101
2022-12-23 15:05:56,75,10,3866.0,2111
2022-12-23 15:05:57,11,2,3865.75,2113
2022-12-23 15:05:58,5,1,3865.75,2114
2022-12-23 15:05:59,32,-16,3865.75,2098
2022-12-23 15:06:00,30,-5,3865.75,2093
2022-12-23 15:06:01,58,-4,3865.75,2089
2022-12-23 15:06:02,70,31,3866.25,2120
2022-12-23 15:06:03,50,-1,3866.25,2119
2022-12-23 15:06:04,33,-12,3866.25,2107
2022-12-23 15:06:05,22,-2,3866.25,2105
2022-12-23 15:06:06,20,-16,3865.75,2089
2022-12-23 15:06:07,21,-14,3865.5,2075
2022-12-23 15:06:08,11,1,3865.5,2076
2022-12-23 15:06:09,12,0,3865.75,2076
2022-12-23 15:06:10,27,-18,3865.5,2058
2022-12-23 15:06:11,23,-18,3865.0,2040
2022-12-23 15:06:12,76,6,3865.0,2046
2022-12-23 15:06:13,25,-5,3865.25,2041
2022-12-23 15:06:14,32,-2,3865.0,2039
2022-12-23 15:06:15,27,1,3865.0,2040
2022-12-23 15:06:16,11,-4,3865.0,2036
2022-12-23 15:06:17,7,-6,3864.75,2030
2022-12-23 15:06:18,58,-14,3865.0,2016
2022-12-23 15:06:19,74,-14,3864.75,2002
2022-12-23 15:06:20,49,-19,3864.5,1983
2022-12-23 15:06:21,3,3,3864.5,1986
2022-12-23 15:06:22,52,-32,3864.25,1954
2022-12-23 15:06:23,91,2,3864.5,1956
2022-12-23 15:06:24,100,2,3864.75,1958
2022-12-23 15:06:25,12,5,3864.5,1963
2022-12-23 15:06:26,39,-3,3864.75,1960
2022-12-23 15:06:27,13,6,3864.75,1966
2022-12-23 15:06:28,98,-19,3864.75,1947
2022-12-23 15:06:29,58,1,3864.5,1948
2022-12-23 15:06:30,12,9,3864.75,1957
2022-12-23 15:06:31,57,-3,3864.75,1954
2022-12-23 15:06:32,6,-6,3864.75,1948
2022-12-23 15:06:34,69,24,3865.25,1972
2022-12-23 15:06:35,41,10,3865.5,1982
2022-12-23 15:06:36,53,8,3865.5,1990
2022-12-23 15:06:37,1,-1,3865.25,1989
2022-12-23 15:06:39,115,-82,3865.25,1907
2022-12-23 15:06:40,30,11,3865.25,1918
2022-12-23 15:06:41,46,21,3865.5,1939
2022-12-23 15:06:42,19,-7,3865.25,1932
2022-12-23 15:06:43,4,-2,3865.0,1930
2022-12-23 15:06:44,4,-2,3865.25,1928
2022-12-23 15:06:45,15,-11,3865.0,1917
2022-12-23 15:06:46,75,-2,3864.75,1915
2022-12-23 15:06:47,39,8,3864.75,1923
2022-12-23 15:06:48,5,-5,3864.75,1918
2022-12-23 15:06:49,47,-2,3865.0,1916
2022-12-23 15:06:50,5,2,3865.0,1918
2022-12-23 15:06:51,6,-4,3865.0,1914
2022-12-23 15:06:52,9,-5,3865.25,1909
2022-12-23 15:06:53,3,1,3865.0,1910
2022-12-23 15:06:54,5,1,3865.25,1911
2022-12-23 15:06:55,3,0,3865.25,1911
2022-12-23 15:06:57,46,10,3865.5,1921
2022-12-23 15:06:58,1,1,3865.5,1922
2022-12-23 15:06:59,1,1,3865.5,1923
2022-12-23 15:07:00,29,-12,3865.25,1911
2022-12-23 15:07:01,6,4,3865.25,1915
2022-12-23 15:07:02,41,-25,3865.0,1890
2022-12-23 15:07:03,115,4,3865.25,1894
2022-12-23 15:07:04,22,2,3865.0,1896
2022-12-23 15:07:05,1,1,3865.0,1897
2022-12-23 15:07:06,30,-7,3865.0,1890
2022-12-23 15:07:07,15,-7,3864.75,1883
2022-12-23 15:07:08,40,-2,3865.0,1881
2022-12-23 15:07:09,41,11,3865.0,1892
2022-12-23 15:07:10,33,1,3865.0,1893
2022-12-23 15:07:11,2,1,3865.0,1894
2022-12-23 15:07:12,40,-23,3864.75,1871
2022-12-23 15:07:13,31,11,3864.75,1882
2022-12-23 15:07:14,52,-11,3864.5,1871
2022-12-23 15:07:15,30,10,3865.0,1881
2022-12-23 15:07:16,18,-12,3864.75,1869
2022-12-23 15:07:17,9,5,3864.75,1874
2022-12-23 15:07:18,9,0,3864.75,1874
2022-12-23 15:07:19,1,1,3864.75,1875
2022-12-23 15:07:20,3,-3,3864.5,1872
2022-12-23 15:07:21,173,-32,3864.75,1840
2022-12-23 15:07:22,5,-2,3864.25,1838
2022-12-23 15:07:23,55,-30,3864.25,1808
2022-12-23 15:07:24,49,-1,3864.25,1807
2022-12-23 15:07:25,18,-3,3864.25,1804
2022-12-23 15:07:26,209,-105,3864.0,1699
2022-12-23 15:07:27,36,4,3864.0,1703
2022-12-23 15:07:28,82,-15,3864.0,1688
2022-12-23 15:07:29,60,13,3863.75,1701
2022-12-23 15:07:30,67,13,3864.0,1714
2022-12-23 15:07:31,80,13,3864.25,1727
2022-12-23 15:07:32,11,2,3864.0,1729
2022-12-23 15:07:33,16,-11,3863.75,1718
2022-12-23 15:07:34,41,4,3864.0,1722
2022-12-23 15:07:35,29,0,3863.75,1722
2022-12-23 15:07:36,2,-2,3863.75,1720
2022-12-23 15:07:37,27,16,3864.0,1736
2022-12-23 15:07:38,88,-2,3864.25,1734
2022-12-23 15:07:39,177,48,3864.25,1782
2022-12-23 15:07:40,5,1,3864.25,1783
2022-12-23 15:07:41,32,-6,3864.5,1777
2022-12-23 15:07:42,2,0,3864.5,1777
2022-12-23 15:07:43,17,4,3864.5,1781
2022-12-23 15:07:44,8,-2,3864.5,1779
2022-12-23 15:07:45,5,5,3864.5,1784
2022-12-23 15:07:46,1,-1,3864.5,1783
2022-12-23 15:07:47,20,-1,3864.5,1782
2022-12-23 15:07:50,20,6,3864.5,1788
2022-12-23 15:07:51,9,4,3864.5,1792
2022-12-23 15:07:52,59,-28,3864.25,1764
2022-12-23 15:07:53,19,-3,3864.0,1761
2022-12-23 15:07:54,36,-4,3864.0,1757
2022-12-23 15:07:57,3,3,3864.25,1760
2022-12-23 15:07:58,19,-3,3864.25,1757
2022-12-23 15:07:59,1,1,3864.25,1758
2022-12-23 15:08:00,28,18,3864.25,1776
2022-12-23 15:08:01,1,-1,3864.0,1775
2022-12-23 15:08:02,45,17,3864.25,1792
2022-12-23 15:08:03,5,2,3864.5,1794
2022-12-23 15:08:04,14,2,3864.5,1796
2022-12-23 15:08:05,15,13,3864.5,1809
2022-12-23 15:08:06,41,19,3865.0,1828
2022-12-23 15:08:07,74,0,3865.0,1828
2022-12-23 15:08:08,1,1,3864.75,1829
2022-12-23 15:08:09,109,-5,3864.75,1824
2022-12-23 15:08:10,24,5,3864.75,1829
2022-12-23 15:08:11,2,2,3865.0,1831
2022-12-23 15:08:12,1,1,3865.0,1832
2022-12-23 15:08:13,2,2,3865.0,1834
2022-12-23 15:08:14,43,15,3865.25,1849
2022-12-23 15:08:15,16,-11,3865.0,1838
2022-12-23 15:08:16,12,9,3865.25,1847
2022-12-23 15:08:17,16,1,3865.25,1848
2022-12-23 15:08:18,41,2,3865.25,1850
2022-12-23 15:08:19,31,3,3865.5,1853
2022-12-23 15:08:20,12,3,3865.5,1856
2022-12-23 15:08:21,36,17,3865.5,1873
2022-12-23 15:08:22,2,2,3865.5,1875
2022-12-23 15:08:23,44,-24,3865.5,1851
2022-12-23 15:08:24,56,-9,3865.25,1842
2022-12-23 15:08:25,130,-52,3865.25,1790
2022-12-23 15:08:26,13,4,3864.5,1794
2022-12-23 15:08:27,31,7,3864.5,1801
2022-12-23 15:08:28,29,0,3864.5,1801
2022-12-23 15:08:29,1,-1,3864.25,1800
2022-12-23 15:08:30,80,28,3864.75,1828
2022-12-23 15:08:31,10,5,3864.75,1833
2022-12-23 15:08:32,52,-29,3865.0,1804
2022-12-23 15:08:33,21,8,3865.0,1812
2022-12-23 15:08:34,13,12,3865.25,1824
2022-12-23 15:08:35,11,4,3865.5,1828
2022-12-23 15:08:36,10,3,3865.5,1831
2022-12-23 15:08:37,26,-4,3865.75,1827
2022-12-23 15:08:38,21,10,3865.75,1837
2022-12-23 15:08:39,26,-9,3865.75,1828
2022-12-23 15:08:40,19,-13,3865.5,1815
2022-12-23 15:08:42,14,-3,3865.25,1812
2022-12-23 15:08:43,4,-4,3865.0,1808
2022-12-23 15:08:44,139,-2,3865.25,1806
2022-12-23 15:08:45,8,-2,3865.25,1804
2022-12-23 15:08:46,3,-2,3865.0,1802
2022-12-23 15:08:47,98,22,3865.75,1824
2022-12-23 15:08:48,70,16,3866.0,1840
2022-12-23 15:08:49,11,3,3866.0,1843
2022-12-23 15:08:51,73,16,3866.0,1859
2022-12-23 15:08:52,59,-3,3866.25,1856
2022-12-23 15:08:53,9,4,3866.0,1860
2022-12-23 15:08:54,82,-25,3865.75,1835
2022-12-23 15:08:55,1,1,3865.75,1836
2022-12-23 15:08:57,54,-18,3865.75,1818
2022-12-23 15:08:58,45,24,3866.0,1842
2022-12-23 15:08:59,45,-30,3866.0,1812
2022-12-23 15:09:00,11,-5,3865.5,1807
2022-12-23 15:09:01,49,12,3865.75,1819
2022-12-23 15:09:02,1,-1,3865.75,1818
2022-12-23 15:09:03,76,24,3866.0,1842
2022-12-23 15:09:04,25,2,3866.25,1844
2022-12-23 15:09:05,24,-8,3866.0,1836
2022-12-23 15:09:06,5,4,3866.0,1840
2022-12-23 15:09:07,42,12,3866.25,1852
2022-12-23 15:09:08,74,-14,3866.25,1838
2022-12-23 15:09:09,107,20,3866.0,1858
2022-12-23 15:09:10,86,-41,3866.0,1817
2022-12-23 15:09:11,46,24,3865.75,1841
2022-12-23 15:09:12,32,0,3866.0,1841
2022-12-23 15:09:13,26,-8,3865.75,1833
2022-12-23 15:09:14,17,6,3865.75,1839
2022-12-23 15:09:15,44,-4,3865.5,1835
2022-12-23 15:09:16,5,-3,3865.5,1832
2022-12-23 15:09:17,18,8,3865.5,1840
2022-12-23 15:09:18,23,2,3865.5,1842
2022-12-23 15:09:19,7,0,3865.5,1842
2022-12-23 15:09:20,14,-11,3865.25,1831
2022-12-23 15:09:21,127,7,3865.25,1838
2022-12-23 15:09:22,11,8,3865.25,1846
2022-12-23 15:09:23,56,4,3865.5,1850
2022-12-23 15:09:24,20,-2,3865.75,1848
2022-12-23 15:09:25,3,2,3865.75,1850
2022-12-23 15:09:26,38,-9,3865.75,1841
2022-12-23 15:09:27,2,-2,3865.75,1839
2022-12-23 15:09:28,8,5,3865.75,1844
2022-12-23 15:09:29,1,-1,3865.75,1843
2022-12-23 15:09:30,52,17,3866.0,1860
2022-12-23 15:09:31,6,6,3866.0,1866
2022-12-23 15:09:33,22,-15,3866.0,1851
2022-12-23 15:09:34,58,-7,3865.75,1844
2022-12-23 15:09:35,98,-15,3865.75,1829
2022-12-23 15:09:36,32,-12,3865.75,1817
2022-12-23 15:09:37,6,0,3865.75,1817
2022-12-23 15:09:38,19,2,3865.75,1819
2022-12-23 15:09:39,8,-3,3865.75,1816
2022-12-23 15:09:40,31,1,3865.75,1817
2022-12-23 15:09:41,20,-6,3865.75,1811
2022-12-23 15:09:42,40,-7,3865.5,1804
2022-12-23 15:09:43,13,-1,3865.25,1803
2022-12-23 15:09:46,22,11,3865.5,1814
2022-12-23 15:09:47,7,3,3865.5,1817
2022-12-23 15:09:48,5,-5,3865.5,1812
2022-12-23 15:09:50,12,-7,3865.5,1805
2022-12-23 15:09:51,10,-3,3865.5,1802
2022-12-23 15:09:52,11,2,3865.5,1804
2022-12-23 15:09:54,21,-2,3865.75,1802
2022-12-23 15:09:55,8,4,3865.75,1806
2022-12-23 15:09:56,40,21,3865.75,1827
2022-12-23 15:09:57,3,1,3866.0,1828
2022-12-23 15:09:58,30,-15,3865.75,1813
2022-12-23 15:09:59,11,-7,3865.75,1806
2022-12-23 15:10:01,18,12,3865.75,1818
2022-12-23 15:10:02,30,6,3866.0,1824
2022-12-23 15:10:03,62,-1,3866.0,1823
2022-12-23 15:10:04,4,-2,3866.0,1821
2022-12-23 15:10:05,127,-46,3865.75,1775
2022-12-23 15:10:06,27,3,3865.5,1778
2022-12-23 15:10:07,28,4,3865.5,1782
2022-12-23 15:10:08,12,12,3865.75,1794
2022-12-23 15:10:09,4,2,3866.0,1796
2022-12-23 15:10:10,3,1,3866.0,1797
2022-12-23 15:10:12,24,15,3866.25,1812
2022-12-23 15:10:13,66,24,3866.5,1836
2022-12-23 15:10:14,61,21,3866.5,1857
2022-12-23 15:10:15,65,16,3866.75,1873
2022-12-23 15:10:16,49,-11,3866.75,1862
2022-12-23 15:10:17,35,6,3866.5,1868
2022-12-23 15:10:18,25,-20,3866.25,1848
2022-12-23 15:10:19,8,-8,3866.0,1840
2022-12-23 15:10:20,15,-11,3866.0,1829
2022-12-23 15:10:21,47,5,3865.75,1834
2022-12-23 15:10:22,32,0,3866.0,1834
2022-12-23 15:10:23,7,-4,3865.75,1830
2022-12-23 15:10:24,35,-9,3866.0,1821
2022-12-23 15:10:25,17,-10,3865.75,1811
2022-12-23 15:10:26,10,-4,3866.0,1807
2022-12-23 15:10:27,19,12,3866.25,1819
2022-12-23 15:10:28,15,-9,3866.0,1810
2022-12-23 15:10:29,26,8,3866.25,1818
2022-12-23 15:10:30,28,2,3866.5,1820
2022-12-23 15:10:31,3,-2,3866.25,1818
2022-12-23 15:10:32,1,1,3866.5,1819
2022-12-23 15:10:33,30,5,3866.5,1824
2022-12-23 15:10:35,5,3,3866.5,1827
2022-12-23 15:10:36,41,10,3866.75,1837
2022-12-23 15:10:37,252,113,3867.5,1950
2022-12-23 15:10:38,130,-31,3867.5,1919
2022-12-23 15:10:39,28,15,3867.5,1934
2022-12-23 15:10:40,54,-24,3867.5,1910
2022-12-23 15:10:41,64,-5,3867.25,1905
2022-12-23 15:10:42,59,-23,3867.0,1882
2022-12-23 15:10:43,13,9,3867.0,1891
2022-12-23 15:10:44,22,-2,3867.25,1889
2022-12-23 15:10:45,71,18,3867.25,1907
2022-12-23 15:10:46,77,4,3867.5,1911
2022-12-23 15:10:47,5,3,3867.5,1914
2022-12-23 15:10:48,16,4,3867.5,1918
2022-12-23 15:10:49,42,6,3867.75,1924
2022-12-23 15:10:50,7,0,3867.5,1924
2022-12-23 15:10:51,29,15,3867.5,1939
2022-12-23 15:10:52,66,-1,3867.5,1938
2022-12-23 15:10:53,34,5,3867.25,1943
2022-12-23 15:10:54,2,-2,3867.25,1941
2022-12-23 15:10:55,55,14,3867.5,1955
2022-12-23 15:10:56,18,-12,3867.5,1943
2022-12-23 15:10:57,4,1,3867.5,1944
2022-12-23 15:10:58,69,-31,3867.5,1913
2022-12-23 15:10:59,95,-34,3866.75,1879
2022-12-23 15:11:00,71,-16,3866.75,1863
2022-12-23 15:11:01,33,5,3866.75,1868
2022-12-23 15:11:02,11,6,3866.75,1874
2022-12-23 15:11:03,21,-3,3866.75,1871
2022-12-23 15:11:04,14,-6,3866.5,1865
2022-12-23 15:11:05,39,-18,3866.75,1847
2022-12-23 15:11:06,35,22,3866.5,1869
2022-12-23 15:11:07,49,8,3866.75,1877
2022-12-23 15:11:10,43,-17,3866.5,1860
2022-12-23 15:11:11,14,3,3866.25,1863
2022-12-23 15:11:12,42,10,3866.5,1873
2022-12-23 15:11:13,1,1,3866.75,1874
2022-12-23 15:11:14,19,-7,3866.5,1867
2022-12-23 15:11:15,58,4,3866.5,1871
2022-12-23 15:11:16,15,-10,3866.5,1861
2022-12-23 15:11:17,45,13,3866.5,1874
2022-12-23 15:11:18,51,-5,3866.25,1869
2022-12-23 15:11:19,28,4,3866.25,1873
2022-12-23 15:11:20,1,1,3866.5,1874
2022-12-23 15:11:21,68,-14,3866.25,1860
2022-12-23 15:11:22,19,5,3866.25,1865
2022-12-23 15:11:23,48,0,3866.5,1865
2022-12-23 15:11:24,18,-10,3866.5,1855
2022-12-23 15:11:25,40,-12,3866.25,1843
2022-12-23 15:11:26,1,1,3866.5,1844
2022-12-23 15:11:27,30,9,3867.0,1853
2022-12-23 15:11:28,23,18,3867.25,1871
2022-12-23 15:11:29,35,-12,3867.25,1859
2022-12-23 15:11:30,9,-2,3867.0,1857
2022-12-23 15:11:31,16,-10,3866.75,1847
2022-12-23 15:11:33,6,6,3866.75,1853
2022-12-23 15:11:34,12,-7,3866.75,1846
2022-12-23 15:11:35,34,-18,3866.75,1828
2022-12-23 15:11:36,1,1,3866.75,1829
2022-12-23 15:11:37,22,-22,3866.5,1807
2022-12-23 15:11:39,23,8,3866.5,1815
2022-12-23 15:11:40,26,-1,3866.5,1814
2022-12-23 15:11:42,14,-10,3866.75,1804
2022-12-23 15:11:43,27,4,3866.75,1808
2022-12-23 15:11:44,2,-2,3866.5,1806
2022-12-23 15:11:45,1,-1,3866.5,1805
2022-12-23 15:11:47,30,-5,3866.75,1800
2022-12-23 15:11:48,2,0,3866.75,1800
2022-12-23 15:11:49,2,0,3866.75,1800
2022-12-23 15:11:50,7,4,3866.75,1804
2022-12-23 15:11:51,35,2,3866.75,1806
2022-12-23 15:11:52,13,0,3866.75,1806
2022-12-23 15:11:57,47,-5,3867.0,1801
2022-12-23 15:11:59,21,-15,3866.75,1786
2022-12-23 15:12:01,41,9,3866.5,1795
2022-12-23 15:12:02,45,6,3866.75,1801
2022-12-23 15:12:04,50,-1,3867.0,1800
2022-12-23 15:12:05,26,-8,3866.75,1792
2022-12-23 15:12:06,1,1,3867.0,1793
2022-12-23 15:12:07,12,-7,3866.75,1786
2022-12-23 15:12:08,21,10,3867.0,1796
2022-12-23 15:12:09,40,-6,3867.25,1790
2022-12-23 15:12:10,22,-16,3867.0,1774
2022-12-23 15:12:11,15,-7,3866.5,1767
2022-12-23 15:12:12,16,4,3866.5,1771
2022-12-23 15:12:13,3,-2,3866.5,1769
2022-12-23 15:12:14,7,6,3866.5,1775
2022-12-23 15:12:15,17,0,3866.5,1775
2022-12-23 15:12:16,37,-10,3866.5,1765
2022-12-23 15:12:17,7,0,3866.5,1765
2022-12-23 15:12:18,37,9,3867.0,1774
2022-12-23 15:12:20,15,-3,3866.75,1771
2022-12-23 15:12:21,37,8,3867.0,1779
2022-12-23 15:12:22,1,-1,3867.0,1778
2022-12-23 15:12:23,83,50,3867.5,1828
2022-12-23 15:12:24,5,-2,3867.5,1826
2022-12-23 15:12:25,88,34,3867.75,1860
2022-12-23 15:12:26,37,9,3867.75,1869
2022-12-23 15:12:27,3,2,3867.75,1871
2022-12-23 15:12:28,39,-12,3867.5,1859
2022-12-23 15:12:29,7,3,3867.5,1862
2022-12-23 15:12:30,2,2,3867.5,1864
2022-12-23 15:12:31,8,7,3867.5,1871
2022-12-23 15:12:32,5,-4,3867.5,1867
2022-12-23 15:12:33,15,3,3867.5,1870
2022-12-23 15:12:34,24,11,3867.5,1881
2022-12-23 15:12:35,14,-7,3867.5,1874
2022-12-23 15:12:36,15,11,3867.5,1885
2022-12-23 15:12:37,7,-3,3867.5,1882
2022-12-23 15:12:38,222,82,3868.25,1964
2022-12-23 15:12:39,23,-14,3868.25,1950
2022-12-23 15:12:40,11,3,3868.25,1953
2022-12-23 15:12:41,12,9,3868.25,1962
2022-12-23 15:12:42,127,50,3868.75,2012
2022-12-23 15:12:43,32,-9,3868.75,2003
2022-12-23 15:12:44,37,-8,3868.75,1995
2022-12-23 15:12:45,50,-7,3868.75,1988
2022-12-23 15:12:46,16,-8,3868.5,1980
2022-12-23 15:12:47,2,-2,3868.25,1978
2022-12-23 15:12:48,3,0,3868.5,1978
2022-12-23 15:12:49,17,2,3868.5,1980
2022-12-23 15:12:50,6,-1,3868.5,1979
2022-12-23 15:12:51,46,-24,3868.5,1955
2022-12-23 15:12:52,25,20,3868.5,1975
2022-12-23 15:12:53,10,-2,3868.75,1973
2022-12-23 15:12:54,63,-4,3869.0,1969
2022-12-23 15:12:55,119,47,3869.25,2016
2022-12-23 15:12:56,71,2,3869.25,2018
2022-12-23 15:12:57,15,-4,3869.25,2014
2022-12-23 15:12:58,22,-9,3869.0,2005
2022-12-23 15:12:59,43,-3,3869.25,2002
2022-12-23 15:13:00,13,-3,3869.0,1999
2022-12-23 15:13:01,113,0,3869.0,1999
2022-12-23 15:13:02,117,7,3869.25,2006
2022-12-23 15:13:03,51,-9,3869.0,1997
2022-12-23 15:13:04,48,20,3869.0,2017
2022-12-23 15:13:05,58,-24,3869.25,1993
2022-12-23 15:13:06,29,-24,3869.25,1969
2022-12-23 15:13:07,26,10,3869.0,1979
2022-12-23 15:13:08,20,-9,3869.0,1970
2022-12-23 15:13:09,35,-29,3868.5,1941
2022-12-23 15:13:10,26,6,3868.5,1947
2022-12-23 15:13:11,71,-9,3868.5,1938
2022-12-23 15:13:12,28,-2,3868.25,1936
2022-12-23 15:13:13,24,2,3868.5,1938
2022-12-23 15:13:14,5,-5,3868.25,1933
2022-12-23 15:13:15,15,-9,3868.5,1924
2022-12-23 15:13:17,86,-23,3868.0,1901
2022-12-23 15:13:18,22,-3,3868.0,1898
2022-12-23 15:13:19,6,0,3868.0,1898
2022-12-23 15:13:20,91,-65,3867.75,1833
2022-12-23 15:13:21,106,1,3867.25,1834
2022-12-23 15:13:22,57,7,3867.25,1841
2022-12-23 15:13:23,91,-6,3867.25,1835
2022-12-23 15:13:24,58,-21,3867.0,1814
2022-12-23 15:13:25,34,3,3866.75,1817
2022-12-23 15:13:26,27,-4,3866.75,1813
2022-12-23 15:13:27,13,8,3866.5,1821
2022-12-23 15:13:28,6,-4,3866.75,1817
2022-12-23 15:13:29,58,-2,3866.5,1815
2022-12-23 15:13:30,3,1,3866.5,1816
2022-12-23 15:13:31,23,-20,3866.25,1796
2022-12-23 15:13:32,36,-15,3866.0,1781
2022-12-23 15:13:33,118,22,3866.25,1803
2022-12-23 15:13:34,49,1,3866.5,1804
2022-12-23 15:13:35,2,0,3866.25,1804
2022-12-23 15:13:36,66,5,3866.25,1809
2022-12-23 15:13:38,10,8,3866.75,1817
2022-12-23 15:13:39,21,15,3867.0,1832
2022-12-23 15:13:40,34,-14,3866.75,1818
2022-12-23 15:13:41,22,6,3866.75,1824
2022-12-23 15:13:42,36,-7,3867.0,1817
2022-12-23 15:13:43,2,0,3866.75,1817
2022-12-23 15:13:44,37,-5,3866.75,1812
2022-12-23 15:13:46,14,1,3866.75,1813
2022-12-23 15:13:47,21,-2,3867.25,1811
2022-12-23 15:13:48,23,-1,3867.0,1810
2022-12-23 15:13:49,21,-1,3867.25,1809
2022-12-23 15:13:50,79,38,3867.5,1847
2022-12-23 15:13:51,80,-5,3867.5,1842
2022-12-23 15:13:52,312,10,3867.5,1852
2022-12-23 15:13:53,14,2,3867.25,1854
2022-12-23 15:13:54,3,1,3867.25,1855
2022-12-23 15:13:55,8,6,3867.25,1861
2022-12-23 15:13:56,1,-1,3867.25,1860
2022-12-23 15:13:57,44,-20,3867.25,1840
2022-12-23 15:13:58,22,-9,3866.75,1831
2022-12-23 15:13:59,17,2,3866.75,1833
2022-12-23 15:14:00,40,-5,3866.75,1828
2022-12-23 15:14:01,57,-39,3866.25,1789
2022-12-23 15:14:02,62,1,3866.0,1790
2022-12-23 15:14:03,44,0,3866.0,1790
2022-12-23 15:14:04,9,-1,3866.0,1789
2022-12-23 15:14:05,2,2,3866.25,1791
2022-12-23 15:14:06,8,2,3866.25,1793
2022-12-23 15:14:07,24,-6,3866.25,1787
2022-12-23 15:14:08,44,-13,3866.0,1774
2022-12-23 15:14:09,3,3,3866.0,1777
2022-12-23 15:14:10,24,-12,3865.75,1765
2022-12-23 15:14:11,28,-1,3866.0,1764
2022-12-23 15:14:12,68,21,3866.0,1785
2022-12-23 15:14:13,26,-16,3866.0,1769
2022-12-23 15:14:15,30,-19,3865.5,1750
2022-12-23 15:14:16,37,-1,3865.5,1749
2022-12-23 15:14:17,34,-8,3865.25,1741
2022-12-23 15:14:18,47,11,3865.75,1752
2022-12-23 15:14:19,18,10,3865.75,1762
2022-12-23 15:14:20,6,4,3865.75,1766
2022-12-23 15:14:21,65,-16,3865.75,1750
2022-12-23 15:14:22,30,-17,3865.75,1733
2022-12-23 15:14:23,31,-12,3865.25,1721
2022-12-23 15:14:24,13,-5,3865.25,1716
2022-12-23 15:14:25,16,-10,3865.25,1706
2022-12-23 15:14:26,89,15,3865.5,1721
2022-12-23 15:14:27,8,-5,3865.5,1716
2022-12-23 15:14:28,22,7,3866.0,1723
2022-12-23 15:14:29,1,1,3866.0,1724
2022-12-23 15:14:30,2,2,3866.0,1726
2022-12-23 15:14:31,10,-6,3865.75,1720
2022-12-23 15:14:32,43,5,3866.0,1725
2022-12-23 15:14:33,3,1,3866.0,1726
2022-12-23 15:14:34,7,0,3866.25,1726
2022-12-23 15:14:35,42,11,3866.25,1737
2022-12-23 15:14:36,9,6,3866.5,1743
2022-12-23 15:14:37,16,-10,3866.25,1733
2022-12-23 15:14:38,30,5,3866.5,1738
2022-12-23 15:14:39,20,-6,3866.5,1732
2022-12-23 15:14:41,32,-5,3866.75,1727
2022-12-23 15:14:42,52,-1,3866.75,1726
2022-12-23 15:14:43,5,5,3866.75,1731
2022-12-23 15:14:44,38,11,3867.25,1742
2022-12-23 15:14:45,27,-6,3867.25,1736
2022-12-23 15:14:46,22,-7,3867.0,1729
2022-12-23 15:14:47,20,-9,3867.0,1720
2022-12-23 15:14:48,5,2,3866.75,1722
2022-12-23 15:14:51,1,-1,3866.75,1721
2022-12-23 15:14:52,103,-18,3866.75,1703
2022-12-23 15:14:53,105,-42,3866.5,1661
2022-12-23 15:14:55,1,-1,3866.5,1660
2022-12-23 15:14:57,153,-3,3866.75,1657
2022-12-23 15:14:58,17,-5,3866.5,1652
2022-12-23 15:14:59,42,17,3866.75,1669
2022-12-23 15:15:00,53,4,3867.0,1673
2022-12-23 15:15:01,36,1,3867.0,1674
2022-12-23 15:15:02,39,-4,3867.25,1670
2022-12-23 15:15:03,5,-2,3867.0,1668
2022-12-23 15:15:04,3,3,3867.0,1671
2022-12-23 15:15:05,31,-5,3866.75,1666
2022-12-23 15:15:06,2,-2,3866.5,1664
2022-12-23 15:15:07,51,5,3866.5,1669
2022-12-23 15:15:08,11,-3,3866.5,1666
2022-12-23 15:15:09,35,5,3866.75,1671
2022-12-23 15:15:10,3,1,3866.75,1672
2022-12-23 15:15:11,63,6,3867.0,1678
2022-12-23 15:15:13,46,8,3867.25,1686
2022-12-23 15:15:14,1,-1,3867.0,1685
2022-12-23 15:15:17,76,22,3867.5,1707
2022-12-23 15:15:18,15,4,3867.5,1711
2022-12-23 15:15:19,9,-6,3867.5,1705
2022-12-23 15:15:20,9,7,3867.25,1712
2022-12-23 15:15:21,14,-8,3867.25,1704
2022-12-23 15:15:22,109,26,3867.75,1730
2022-12-23 15:15:23,18,4,3867.75,1734
2022-12-23 15:15:24,35,-10,3867.75,1724
2022-12-23 15:15:25,27,0,3867.75,1724
2022-12-23 15:15:28,28,-15,3867.5,1709
2022-12-23 15:15:30,30,11,3867.75,1720
2022-12-23 15:15:31,66,2,3867.75,1722
2022-12-23 15:15:32,1,-1,3867.5,1721
2022-12-23 15:15:33,24,8,3868.0,1729
2022-12-23 15:15:34,1,1,3868.0,1730
2022-12-23 15:15:35,6,5,3868.0,1735
2022-12-23 15:15:36,84,11,3868.0,1746
2022-12-23 15:15:37,25,2,3868.25,1748
2022-12-23 15:15:38,8,-3,3868.0,1745
2022-12-23 15:15:39,2,0,3868.25,1745
2022-12-23 15:15:40,63,12,3868.5,1757
2022-12-23 15:15:41,24,1,3868.25,1758
2022-12-23 15:15:42,35,19,3868.5,1777
2022-12-23 15:15:43,40,26,3868.75,1803
2022-12-23 15:15:44,17,13,3869.25,1816
2022-12-23 15:15:45,85,-22,3869.25,1794
2022-12-23 15:15:46,31,-15,3869.25,1779
2022-12-23 15:15:47,35,1,3869.25,1780
2022-12-23 15:15:48,9,-1,3869.0,1779
2022-12-23 15:15:49,13,9,3869.25,1788
2022-12-23 15:15:50,97,34,3869.5,1822
2022-12-23 15:15:51,29,-1,3869.25,1821
2022-12-23 15:15:52,56,18,3869.25,1839
2022-12-23 15:15:53,29,-3,3869.25,1836
2022-12-23 15:15:54,51,-23,3869.25,1813
2022-12-23 15:15:56,26,-22,3868.75,1791
2022-12-23 15:15:57,27,-3,3869.0,1788
2022-12-23 15:15:58,14,-7,3868.75,1781
2022-12-23 15:15:59,14,-8,3868.75,1773
2022-12-23 15:16:00,17,0,3869.0,1773
2022-12-23 15:16:01,55,0,3869.0,1773
2022-12-23 15:16:03,8,7,3869.0,1780
2022-12-23 15:16:04,1,-1,3869.0,1779
2022-12-23 15:16:05,12,9,3869.25,1788
2022-12-23 15:16:06,8,1,3869.25,1789
2022-12-23 15:16:07,56,9,3869.25,1798
2022-12-23 15:16:08,44,19,3869.5,1817
2022-12-23 15:16:09,27,7,3869.5,1824
2022-12-23 15:16:10,97,56,3869.75,1880
2022-12-23 15:16:11,41,-7,3870.0,1873
2022-12-23 15:16:12,10,3,3870.0,1876
2022-12-23 15:16:13,22,-11,3869.75,1865
2022-12-23 15:16:14,21,-13,3869.75,1852
2022-12-23 15:16:15,34,-18,3869.75,1834
2022-12-23 15:16:16,75,25,3869.5,1859
2022-12-23 15:16:17,83,-21,3869.25,1838
2022-12-23 15:16:18,10,-4,3869.0,1834
2022-12-23 15:16:19,8,-6,3869.0,1828
2022-12-23 15:16:20,1,1,3869.0,1829
2022-12-23 15:16:21,6,-3,3869.0,1826
2022-12-23 15:16:22,240,24,3869.0,1850
2022-12-23 15:16:23,7,2,3869.0,1852
2022-12-23 15:16:24,50,0,3869.25,1852
2022-12-23 15:16:25,30,-8,3869.0,1844
2022-12-23 15:16:26,4,-4,3868.75,1840
2022-12-23 15:16:27,117,-8,3869.0,1832
2022-12-23 15:16:28,13,1,3869.0,1833
2022-12-23 15:16:29,39,12,3869.0,1845
2022-12-23 15:16:30,38,4,3869.0,1849
2022-12-23 15:16:31,7,1,3869.0,1850
2022-12-23 15:16:32,18,10,3869.0,1860
2022-12-23 15:16:33,84,-6,3869.25,1854
2022-12-23 15:16:34,9,-7,3869.25,1847
2022-12-23 15:16:36,138,-33,3869.0,1814
2022-12-23 15:16:37,60,-6,3868.75,1808
2022-12-23 15:16:38,2,-2,3868.5,1806
2022-12-23 15:16:39,36,5,3868.75,1811
2022-12-23 15:16:40,9,-8,3868.75,1803
2022-12-23 15:16:41,6,-1,3868.75,1802
2022-12-23 15:16:42,11,4,3868.75,1806
2022-12-23 15:16:43,30,0,3868.75,1806
2022-12-23 15:16:44,265,49,3869.0,1855
2022-12-23 15:16:45,87,-22,3869.25,1833
2022-12-23 15:16:47,153,-34,3868.75,1799
2022-12-23 15:16:49,225,18,3869.0,1817
2022-12-23 15:16:50,1,-1,3868.75,1816
2022-12-23 15:16:51,163,-15,3868.75,1801
2022-12-23 15:16:52,22,-7,3868.75,1794
2022-12-23 15:16:53,64,9,3868.75,1803
2022-12-23 15:16:55,242,30,3869.0,1833
2022-12-23 15:17:00,166,-21,3868.75,1812
2022-12-23 15:17:01,94,25,3869.0,1837
2022-12-23 15:17:02,11,-10,3869.0,1827
2022-12-23 15:17:03,49,22,3869.25,1849
2022-12-23 15:17:04,179,15,3869.5,1864
2022-12-23 15:17:05,3,1,3869.5,1865
2022-12-23 15:17:07,91,-28,3869.25,1837
2022-12-23 15:17:08,4,4,3869.5,1841
2022-12-23 15:17:09,1,1,3869.5,1842
2022-12-23 15:17:10,8,7,3869.5,1849
2022-12-23 15:17:11,1,-1,3869.25,1848
2022-12-23 15:17:12,121,39,3869.75,1887
2022-12-23 15:17:13,30,-2,3870.0,1885
2022-12-23 15:17:14,22,-4,3870.0,1881
2022-12-23 15:17:15,6,0,3870.0,1881
2022-12-23 15:17:16,251,51,3870.5,1932
2022-12-23 15:17:17,56,6,3870.5,1938
2022-12-23 15:17:18,15,-9,3870.25,1929
2022-12-23 15:17:19,42,11,3870.25,1940
2022-12-23 15:17:20,14,-4,3870.5,1936
2022-12-23 15:17:21,25,-8,3870.25,1928
2022-12-23 15:17:22,14,1,3870.25,1929
2022-12-23 15:17:23,35,-15,3870.25,1914
2022-12-23 15:17:24,10,-10,3870.0,1904
2022-12-23 15:17:25,1,-1,3870.0,1903
2022-12-23 15:17:26,53,-29,3870.0,1874
2022-12-23 15:17:28,127,-37,3869.5,1837
2022-12-23 15:17:29,7,5,3869.5,1842
2022-12-23 15:17:30,13,-6,3869.75,1836
2022-12-23 15:17:31,41,-29,3869.25,1807
2022-12-23 15:17:32,4,-2,3869.5,1805
2022-12-23 15:17:33,1,-1,3869.25,1804
2022-12-23 15:17:34,23,-6,3869.25,1798
2022-12-23 15:17:35,57,0,3869.0,1798
2022-12-23 15:17:36,19,13,3869.25,1811
2022-12-23 15:17:37,16,-7,3869.25,1804
2022-12-23 15:17:38,16,-11,3869.0,1793
2022-12-23 15:17:39,77,32,3869.75,1825
2022-12-23 15:17:40,98,-6,3869.75,1819
2022-12-23 15:17:41,21,3,3870.0,1822
2022-12-23 15:17:42,61,10,3870.0,1832
2022-12-23 15:17:43,52,-32,3869.75,1800
2022-12-23 15:17:44,14,-5,3869.25,1795
2022-12-23 15:17:46,43,4,3869.25,1799
2022-12-23 15:17:48,32,5,3869.25,1804
2022-12-23 15:17:49,14,-6,3869.25,1798
2022-12-23 15:17:50,18,1,3869.25,1799
2022-12-23 15:17:51,1,1,3869.5,1800
2022-12-23 15:17:52,30,-15,3869.25,1785
2022-12-23 15:17:53,60,-9,3869.0,1776
2022-12-23 15:17:54,12,6,3869.0,1782
2022-12-23 15:17:55,32,-4,3869.25,1778
2022-12-23 15:17:57,32,-16,3869.0,1762
2022-12-23 15:17:58,51,-2,3869.0,1760
2022-12-23 15:17:59,48,-2,3869.0,1758
2022-12-23 15:18:00,12,-5,3869.0,1753
2022-12-23 15:18:01,111,1,3869.0,1754
2022-12-23 15:18:02,5,-5,3868.5,1749
2022-12-23 15:18:03,4,-2,3868.75,1747
2022-12-23 15:18:04,134,-38,3868.5,1709
2022-12-23 15:18:05,26,-1,3868.25,1708
2022-12-23 15:18:06,32,3,3868.25,1711
2022-12-23 15:18:07,25,-14,3868.25,1697
2022-12-23 15:18:08,21,14,3868.25,1711
2022-12-23 15:18:09,21,1,3868.25,1712
2022-12-23 15:18:10,13,6,3868.25,1718
2022-12-23 15:18:11,2,-2,3868.25,1716
2022-12-23 15:18:12,44,7,3868.5,1723
2022-12-23 15:18:14,29,3,3868.75,1726
2022-12-23 15:18:15,13,1,3868.75,1727
2022-12-23 15:18:16,44,-22,3868.75,1705
2022-12-23 15:18:18,4,-4,3868.0,1701
2022-12-23 15:18:19,15,-10,3868.25,1691
2022-12-23 15:18:20,53,-56,3867.75,1635
2022-12-23 15:18:21,68,26,3867.75,1661
2022-12-23 15:18:22,2,2,3868.0,1663
2022-12-23 15:18:23,1,1,3868.0,1664
2022-12-23 15:18:24,4,0,3868.0,1664
2022-12-23 15:18:25,1,-1,3867.75,1663
2022-12-23 15:18:26,23,12,3868.25,1675
2022-12-23 15:18:27,57,14,3868.75,1689
2022-12-23 15:18:28,74,6,3868.75,1695
2022-12-23 15:18:29,60,11,3868.75,1706
2022-12-23 15:18:30,36,3,3868.25,1709
2022-12-23 15:18:31,16,1,3868.25,1710
2022-12-23 15:18:32,6,-1,3868.25,1709
2022-12-23 15:18:33,42,-10,3868.25,1699
2022-12-23 15:18:34,7,5,3868.25,1704
2022-12-23 15:18:36,40,1,3868.5,1705
2022-12-23 15:18:37,1,-1,3868.5,1704
2022-12-23 15:18:38,9,8,3868.75,1712
2022-12-23 15:18:39,36,-4,3868.75,1708
2022-12-23 15:18:40,11,7,3869.0,1715
2022-12-23 15:18:41,128,27,3869.5,1742
2022-12-23 15:18:42,186,58,3869.75,1800
2022-12-23 15:18:43,14,-6,3869.75,1794
2022-12-23 15:18:44,6,5,3869.75,1799
2022-12-23 15:18:45,20,-2,3869.75,1797
2022-12-23 15:18:46,11,2,3869.75,1799
2022-12-23 15:18:48,82,-37,3869.5,1762
2022-12-23 15:18:49,3,-3,3869.5,1759
2022-12-23 15:18:50,27,-12,3869.75,1747
2022-12-23 15:18:51,24,10,3869.75,1757
2022-12-23 15:18:52,2,2,3869.75,1759
2022-12-23 15:18:53,55,0,3869.75,1759
2022-12-23 15:18:54,5,0,3869.75,1759
2022-12-23 15:18:55,11,6,3869.75,1765
2022-12-23 15:18:56,6,4,3870.0,1769
2022-12-23 15:18:57,96,28,3870.0,1797
2022-12-23 15:18:58,17,7,3870.25,1804
2022-12-23 15:18:59,3,3,3870.25,1807
2022-12-23 15:19:00,8,7,3870.25,1814
2022-12-23 15:19:01,65,-39,3870.25,1775
2022-12-23 15:19:02,2,0,3869.75,1775
2022-12-23 15:19:03,81,-22,3869.5,1753
2022-12-23 15:19:04,11,-5,3869.5,1748
2022-12-23 15:19:05,19,2,3869.5,1750
2022-12-23 15:19:07,37,8,3869.75,1758
2022-12-23 15:19:08,23,-20,3869.5,1738
2022-12-23 15:19:10,86,-21,3869.5,1717
2022-12-23 15:19:11,23,7,3869.0,1724
2022-12-23 15:19:12,34,4,3869.0,1728
2022-12-23 15:19:13,26,1,3869.0,1729
2022-12-23 15:19:14,42,-17,3869.0,1712
2022-12-23 15:19:15,14,-2,3868.75,1710
2022-12-23 15:19:16,5,-5,3868.75,1705
2022-12-23 15:19:17,16,3,3868.75,1708
2022-12-23 15:19:18,17,4,3869.0,1712
2022-12-23 15:19:20,1,1,3869.25,1713
2022-12-23 15:19:21,29,-18,3869.0,1695
2022-12-23 15:19:22,19,11,3869.0,1706
2022-12-23 15:19:23,16,2,3869.0,1708
2022-12-23 15:19:24,10,-3,3869.0,1705
2022-12-23 15:19:25,18,5,3869.0,1710
2022-12-23 15:19:26,28,11,3869.25,1721
2022-12-23 15:19:27,53,-7,3869.25,1714
2022-12-23 15:19:28,7,-6,3869.0,1708
2022-12-23 15:19:29,56,2,3868.75,1710
2022-12-23 15:19:30,26,-1,3869.0,1709
2022-12-23 15:19:31,1,1,3869.0,1710
2022-12-23 15:19:32,25,-12,3868.75,1698
2022-12-23 15:19:33,1,1,3868.75,1699
2022-12-23 15:19:34,60,-5,3868.75,1694
2022-12-23 15:19:35,2,0,3868.75,1694
2022-12-23 15:19:36,55,-5,3868.5,1689
2022-12-23 15:19:37,1,-1,3868.5,1688
2022-12-23 15:19:38,32,13,3868.75,1701
2022-12-23 15:19:39,4,3,3869.0,1704
2022-12-23 15:19:40,2,0,3869.0,1704
2022-12-23 15:19:41,43,4,3869.0,1708
2022-12-23 15:19:42,18,-8,3869.0,1700
2022-12-23 15:19:43,3,-3,3869.0,1697
2022-12-23 15:19:44,34,-5,3868.75,1692
2022-12-23 15:19:45,1,-1,3868.75,1691
2022-12-23 15:19:46,15,-2,3868.75,1689
2022-12-23 15:19:47,48,0,3868.5,1689
2022-12-23 15:19:48,102,-18,3868.25,1671
2022-12-23 15:19:49,98,1,3867.75,1672
2022-12-23 15:19:50,34,1,3867.75,1673
2022-12-23 15:19:51,22,-9,3868.0,1664
2022-12-23 15:19:53,13,1,3867.75,1665
2022-12-23 15:19:54,40,-14,3868.0,1651
2022-12-23 15:19:55,105,10,3868.0,1661
2022-12-23 15:19:56,10,1,3867.75,1662
2022-12-23 15:19:57,2,-2,3867.75,1660
2022-12-23 15:19:58,3,1,3868.0,1661
2022-12-23 15:19:59,2,0,3868.0,1661
2022-12-23 15:20:00,71,28,3868.5,1689
2022-12-23 15:20:01,1,1,3868.5,1690
2022-12-23 15:20:02,39,1,3868.5,1691
2022-12-23 15:20:03,10,1,3868.5,1692
2022-12-23 15:20:04,36,9,3868.75,1701
2022-12-23 15:20:05,74,-2,3868.5,1699
2022-12-23 15:20:07,2,-2,3868.25,1697
2022-12-23 15:20:09,32,26,3868.5,1723
2022-12-23 15:20:10,1,1,3868.75,1724
2022-12-23 15:20:11,30,-17,3868.5,1707
2022-12-23 15:20:12,22,8,3868.5,1715
2022-12-23 15:20:13,6,0,3868.5,1715
2022-12-23 15:20:14,87,-10,3868.5,1705
2022-12-23 15:20:15,45,1,3868.5,1706
2022-12-23 15:20:16,2,0,3868.5,1706
2022-12-23 15:20:17,7,6,3868.5,1712
2022-12-23 15:20:18,32,-5,3868.5,1707
2022-12-23 15:20:19,4,-1,3868.75,1706
2022-12-23 15:20:20,41,-14,3868.5,1692
2022-12-23 15:20:21,32,-12,3868.25,1680
2022-12-23 15:20:22,17,-11,3868.0,1669
2022-12-23 15:20:23,30,-8,3867.75,1661
2022-12-23 15:20:24,78,10,3868.0,1671
2022-12-23 15:20:25,46,15,3868.0,1686
2022-12-23 15:20:27,32,7,3868.0,1693
2022-12-23 15:20:28,3,-1,3868.0,1692
2022-12-23 15:20:29,73,19,3868.0,1711
2022-12-23 15:20:30,8,-1,3868.0,1710
2022-12-23 15:20:31,8,-8,3868.0,1702
2022-12-23 15:20:32,29,10,3867.75,1712
2022-12-23 15:20:33,14,-1,3867.75,1711
2022-12-23 15:20:34,27,6,3867.75,1717
2022-12-23 15:20:35,54,9,3868.0,1726
2022-12-23 15:20:37,90,-24,3867.75,1702
2022-12-23 15:20:38,254,-121,3867.25,1581
2022-12-23 15:20:39,37,-5,3867.0,1576
2022-12-23 15:20:40,1,-1,3866.75,1575
2022-12-23 15:20:41,97,-12,3867.0,1563
2022-12-23 15:20:42,79,21,3867.0,1584
2022-12-23 15:20:43,49,15,3867.0,1599
2022-12-23 15:20:44,85,-37,3867.0,1562
2022-12-23 15:20:45,21,14,3867.0,1576
2022-12-23 15:20:46,18,6,3867.25,1582
2022-12-23 15:20:47,5,3,3867.25,1585
2022-12-23 15:20:48,2,0,3867.5,1585
2022-12-23 15:20:49,1,1,3867.5,1586
2022-12-23 15:20:50,27,15,3867.5,1601
2022-12-23 15:20:51,36,12,3867.75,1613
2022-12-23 15:20:52,2,2,3867.75,1615
2022-12-23 15:20:53,3,1,3867.75,1616
2022-12-23 15:20:54,22,-15,3867.5,1601
2022-12-23 15:20:55,19,-1,3867.25,1600
2022-12-23 15:20:56,1,-1,3867.0,1599
2022-12-23 15:20:57,22,13,3867.5,1612
2022-12-23 15:20:58,5,-5,3867.5,1607
2022-12-23 15:21:00,41,-6,3867.25,1601
2022-12-23 15:21:01,2,2,3867.5,1603
2022-12-23 15:21:03,56,0,3867.5,1603
2022-12-23 15:21:04,4,-2,3867.25,1601
2022-12-23 15:21:05,1,1,3867.25,1602
2022-12-23 15:21:07,131,-46,3867.0,1556
2022-12-23 15:21:08,47,16,3866.5,1572
2022-12-23 15:21:09,54,-5,3866.75,1567
2022-12-23 15:21:10,72,-27,3866.75,1540
2022-12-23 15:21:12,87,-58,3866.5,1482
2022-12-23 15:21:13,61,-9,3866.25,1473
2022-12-23 15:21:14,7,-6,3866.25,1467
2022-12-23 15:21:15,4,0,3866.5,1467
2022-12-23 15:21:16,2,0,3866.5,1467
2022-12-23 15:21:17,1,-1,3866.25,1466
2022-12-23 15:21:18,3,-3,3866.25,1463
2022-12-23 15:21:19,56,14,3866.75,1477
2022-12-23 15:21:20,34,-13,3866.5,1464
2022-12-23 15:21:21,10,-1,3866.75,1463
2022-12-23 15:21:22,1,-1,3866.5,1462
2022-12-23 15:21:23,19,-11,3866.75,1451
2022-12-23 15:21:24,1,1,3866.5,1452
2022-12-23 15:21:25,32,7,3866.75,1459
2022-12-23 15:21:26,16,15,3866.75,1474
2022-12-23 15:21:27,9,2,3867.0,1476
2022-12-23 15:21:28,2,-1,3866.75,1475
2022-12-23 15:21:29,36,-12,3867.0,1463
2022-12-23 15:21:30,20,-1,3866.75,1462
2022-12-23 15:21:32,17,-12,3866.5,1450
2022-12-23 15:21:33,81,-10,3866.25,1440
2022-12-23 15:21:35,10,0,3866.25,1440
2022-12-23 15:21:36,19,1,3866.25,1441
2022-12-23 15:21:37,18,3,3866.5,1444
2022-12-23 15:21:38,19,-11,3866.25,1433
2022-12-23 15:21:39,112,-15,3866.25,1418
2022-12-23 15:21:40,25,-7,3866.0,1411
2022-12-23 15:21:41,19,-4,3866.25,1407
2022-12-23 15:21:42,12,-8,3866.0,1399
2022-12-23 15:21:43,12,4,3866.25,1403
2022-12-23 15:21:44,56,-29,3866.0,1374
2022-12-23 15:21:45,2,-2,3865.5,1372
2022-12-23 15:21:46,29,7,3865.75,1379
2022-12-23 15:21:47,11,-8,3865.75,1371
2022-12-23 15:21:48,60,19,3866.0,1390
2022-12-23 15:21:49,34,-6,3865.75,1384
2022-12-23 15:21:50,26,5,3865.75,1389
2022-12-23 15:21:51,14,-7,3865.5,1382
2022-12-23 15:21:52,18,-6,3865.5,1376
2022-12-23 15:21:53,60,6,3865.75,1382
2022-12-23 15:21:54,24,0,3866.0,1382
2022-12-23 15:21:55,15,-8,3866.0,1374
2022-12-23 15:21:56,26,-16,3865.75,1358
2022-12-23 15:21:58,97,6,3866.0,1364
2022-12-23 15:21:59,22,5,3866.0,1369
2022-12-23 15:22:00,6,6,3866.0,1375
2022-12-23 15:22:01,45,-10,3866.25,1365
2022-12-23 15:22:02,74,33,3866.25,1398
2022-12-23 15:22:03,35,-3,3866.5,1395
2022-12-23 15:22:04,28,-9,3866.5,1386
2022-12-23 15:22:05,23,-3,3866.25,1383
2022-12-23 15:22:06,21,9,3866.25,1392
2022-12-23 15:22:07,2,-2,3866.25,1390
2022-12-23 15:22:08,2,2,3866.5,1392
2022-12-23 15:22:09,28,-15,3866.5,1377
2022-12-23 15:22:10,20,0,3866.25,1377
2022-12-23 15:22:11,16,3,3866.25,1380
2022-12-23 15:22:12,36,-10,3866.25,1370
2022-12-23 15:22:13,24,7,3866.25,1377
2022-12-23 15:22:15,15,6,3866.5,1383
2022-12-23 15:22:16,4,4,3866.5,1387
2022-12-23 15:22:17,7,-7,3866.5,1380
2022-12-23 15:22:18,14,9,3866.75,1389
2022-12-23 15:22:19,16,-1,3866.75,1388
2022-12-23 15:22:20,10,1,3867.0,1389
2022-12-23 15:22:21,2,2,3867.0,1391
2022-12-23 15:22:22,24,-3,3867.0,1388
2022-12-23 15:22:23,42,20,3867.0,1408
2022-12-23 15:22:24,13,-6,3867.25,1402
2022-12-23 15:22:25,12,6,3867.0,1408
2022-12-23 15:22:26,29,14,3867.25,1422
2022-12-23 15:22:27,4,3,3867.25,1425
2022-12-23 15:22:28,4,2,3867.25,1427
2022-12-23 15:22:29,22,12,3867.25,1439
2022-12-23 15:22:30,62,1,3867.75,1440
2022-12-23 15:22:31,55,-32,3867.0,1408
2022-12-23 15:22:32,31,-13,3866.75,1395
2022-12-23 15:22:33,27,16,3866.75,1411
2022-12-23 15:22:34,19,2,3867.0,1413
2022-12-23 15:22:35,11,-4,3866.75,1409
2022-12-23 15:22:36,1,1,3866.75,1410
2022-12-23 15:22:38,36,-13,3866.5,1397
2022-12-23 15:22:39,11,6,3866.5,1403
2022-12-23 15:22:40,1,1,3866.5,1404
2022-12-23 15:22:41,63,-16,3866.25,1388
2022-12-23 15:22:42,27,3,3866.25,1391
2022-12-23 15:22:43,7,-3,3866.25,1388
2022-12-23 15:22:44,38,-3,3866.75,1385
2022-12-23 15:22:45,13,-3,3866.5,1382
2022-12-23 15:22:46,1,1,3866.5,1383
2022-12-23 15:22:47,10,7,3866.5,1390
2022-12-23 15:22:49,1,1,3866.75,1391
2022-12-23 15:22:50,1,1,3866.75,1392
2022-12-23 15:22:51,8,6,3866.75,1398
2022-12-23 15:22:52,2,1,3867.0,1399
2022-12-23 15:22:53,1,1,3867.0,1400
2022-12-23 15:22:54,33,-15,3866.75,1385
2022-12-23 15:22:55,9,5,3866.5,1390
2022-12-23 15:22:56,10,-6,3866.5,1384
2022-12-23 15:22:57,31,-19,3866.25,1365
2022-12-23 15:22:58,3,-3,3866.0,1362
2022-12-23 15:23:00,28,20,3866.25,1382
2022-12-23 15:23:01,4,2,3866.25,1384
2022-12-23 15:23:02,8,5,3866.25,1389
2022-12-23 15:23:04,12,2,3866.5,1391
2022-12-23 15:23:05,1,-1,3866.5,1390
2022-12-23 15:23:06,14,10,3866.75,1400
2022-12-23 15:23:07,16,2,3866.75,1402
2022-12-23 15:23:08,21,7,3866.75,1409
2022-12-23 15:23:09,3,0,3867.0,1409
2022-12-23 15:23:10,3,-3,3866.75,1406
2022-12-23 15:23:11,75,-15,3866.75,1391
2022-12-23 15:23:12,7,-6,3866.5,1385
2022-12-23 15:23:13,27,-8,3866.25,1377
2022-12-23 15:23:14,179,10,3866.25,1387
2022-12-23 15:23:15,139,22,3866.25,1409
2022-12-23 15:23:16,29,5,3866.25,1414
2022-12-23 15:23:17,1,1,3866.25,1415
2022-12-23 15:23:20,308,-43,3866.25,1372
2022-12-23 15:23:21,1,-1,3866.0,1371
2022-12-23 15:23:22,138,20,3866.25,1391
2022-12-23 15:23:23,30,10,3866.25,1401
2022-12-23 15:23:26,34,-8,3866.0,1393
2022-12-23 15:23:27,3,1,3866.25,1394
2022-12-23 15:23:28,2,-2,3866.0,1392
2022-12-23 15:23:30,163,-70,3866.0,1322
2022-12-23 15:23:31,128,-24,3865.5,1298
2022-12-23 15:23:32,4,-2,3865.5,1296
2022-12-23 15:23:33,4,1,3865.5,1297
2022-12-23 15:23:34,3,0,3865.5,1297
2022-12-23 15:23:35,26,-13,3865.25,1284
2022-12-23 15:23:36,31,2,3865.25,1286
2022-12-23 15:23:37,206,-74,3865.0,1212
2022-12-23 15:23:38,19,-5,3864.75,1207
2022-12-23 15:23:39,73,-10,3864.75,1197
2022-12-23 15:23:40,120,10,3865.0,1207
2022-12-23 15:23:41,22,0,3865.0,1207
2022-12-23 15:23:42,26,-5,3865.0,1202
2022-12-23 15:23:43,15,-4,3864.75,1198
2022-12-23 15:23:44,86,-9,3864.75,1189
2022-12-23 15:23:45,249,8,3864.75,1197
2022-12-23 15:23:46,57,-1,3864.5,1196
2022-12-23 15:23:47,5,-5,3864.25,1191
2022-12-23 15:23:48,2,0,3864.5,1191
2022-12-23 15:23:49,35,12,3864.5,1203
2022-12-23 15:23:50,80,-27,3864.25,1176
2022-12-23 15:23:51,28,7,3864.25,1183
2022-12-23 15:23:52,6,-1,3864.25,1182
2022-12-23 15:23:53,3,-1,3864.25,1181
2022-12-23 15:23:54,90,-37,3864.0,1144
2022-12-23 15:23:55,48,-1,3864.25,1143
2022-12-23 15:23:56,42,-20,3864.0,1123
2022-12-23 15:23:57,5,-2,3863.75,1121
2022-12-23 15:23:58,133,31,3864.25,1152
2022-12-23 15:23:59,5,0,3864.25,1152
2022-12-23 15:24:00,88,23,3864.25,1175
2022-12-23 15:24:01,24,4,3864.25,1179
2022-12-23 15:24:02,143,-13,3864.5,1166
2022-12-23 15:24:03,14,-1,3864.0,1165
2022-12-23 15:24:04,78,23,3864.0,1188
2022-12-23 15:24:05,2,0,3864.0,1188
2022-12-23 15:24:06,270,-82,3863.75,1106
2022-12-23 15:24:07,66,-2,3863.5,1104
2022-12-23 15:24:08,9,0,3863.5,1104
2022-12-23 15:24:09,39,4,3863.5,1108
2022-12-23 15:24:10,11,-3,3863.5,1105
2022-12-23 15:24:11,24,18,3863.75,1123
2022-12-23 15:24:12,7,3,3863.75,1126
2022-12-23 15:24:13,17,-1,3863.75,1125
2022-12-23 15:24:14,25,2,3864.0,1127
2022-12-23 15:24:15,3,1,3864.0,1128
2022-12-23 15:24:16,76,-34,3863.75,1094
2022-12-23 15:24:17,60,-12,3863.25,1082
2022-12-23 15:24:18,26,4,3863.25,1086
2022-12-23 15:24:19,100,6,3863.5,1092
2022-12-23 15:24:20,33,3,3863.5,1095
2022-12-23 15:24:21,8,-2,3863.5,1093
2022-12-23 15:24:22,9,7,3863.5,1100
2022-12-23 15:24:23,80,7,3863.75,1107
2022-12-23 15:24:24,45,23,3864.0,1130
2022-12-23 15:24:25,48,14,3864.25,1144
2022-12-23 15:24:26,33,8,3864.5,1152
2022-12-23 15:24:27,6,0,3864.5,1152
2022-12-23 15:24:28,55,22,3864.5,1174
2022-12-23 15:24:29,1,-1,3864.25,1173
2022-12-23 15:24:30,147,-34,3864.25,1139
2022-12-23 15:24:31,42,4,3864.25,1143
2022-12-23 15:24:33,2,0,3864.25,1143
2022-12-23 15:24:34,35,18,3864.25,1161
2022-12-23 15:24:35,1,-1,3864.0,1160
2022-12-23 15:24:36,41,20,3864.25,1180
2022-12-23 15:24:37,17,-6,3864.25,1174
2022-12-23 15:24:38,32,-19,3864.0,1155
2022-12-23 15:24:39,10,-11,3863.75,1144
2022-12-23 15:24:40,24,-21,3863.5,1123
2022-12-23 15:24:41,46,-11,3863.5,1112
2022-12-23 15:24:42,31,-24,3863.25,1088
2022-12-23 15:24:43,102,20,3863.25,1108
2022-12-23 15:24:44,15,0,3863.5,1108
2022-12-23 15:24:45,3,3,3863.5,1111
2022-12-23 15:24:46,12,-12,3863.25,1099
2022-12-23 15:24:47,107,-45,3863.25,1054
2022-12-23 15:24:48,9,-4,3863.25,1050
2022-12-23 15:24:49,165,7,3863.25,1057
2022-12-23 15:24:50,42,4,3863.25,1061
2022-12-23 15:24:51,7,6,3863.25,1067
2022-12-23 15:24:53,12,3,3863.25,1070
2022-12-23 15:24:54,12,-2,3863.25,1068
2022-12-23 15:24:55,5,-1,3863.25,1067
2022-12-23 15:24:56,1,1,3863.25,1068
2022-12-23 15:24:57,3,-2,3863.0,1066
2022-12-23 15:24:58,46,-3,3863.25,1063
2022-12-23 15:24:59,12,3,3863.5,1066
2022-12-23 15:25:00,85,-28,3863.5,1038
2022-12-23 15:25:01,1,-1,3863.25,1037
2022-12-23 15:25:02,3,-1,3863.5,1036
2022-12-23 15:25:03,63,-6,3863.5,1030
2022-12-23 15:25:04,14,-1,3863.5,1029
2022-12-23 15:25:05,3,2,3863.5,1031
2022-12-23 15:25:06,38,-28,3863.25,1003
2022-12-23 15:25:07,6,-4,3863.0,999
2022-12-23 15:25:09,104,27,3863.75,1026
2022-12-23 15:25:10,50,17,3864.0,1043
2022-12-23 15:25:11,178,-12,3864.5,1031
2022-12-23 15:25:12,44,12,3864.5,1043
2022-12-23 15:25:13,149,21,3864.75,1064
2022-12-23 15:25:14,3,3,3864.75,1067
2022-12-23 15:25:15,60,4,3865.0,1071
2022-12-23 15:25:16,10,4,3865.0,1075
2022-12-23 15:25:17,22,3,3865.0,1078
2022-12-23 15:25:18,37,-6,3864.75,1072
2022-12-23 15:25:19,24,-11,3864.5,1061
2022-12-23 15:25:20,63,-9,3864.5,1052
2022-12-23 15:25:21,26,-1,3864.25,1051
2022-12-23 15:25:22,4,-1,3864.5,1050
2022-12-23 15:25:23,43,7,3864.5,1057
2022-12-23 15:25:24,26,-19,3864.25,1038
2022-12-23 15:25:25,5,-1,3864.0,1037
2022-12-23 15:25:26,7,2,3864.0,1039
2022-12-23 15:25:27,4,2,3864.0,1041
2022-12-23 15:25:29,22,11,3864.0,1052
2022-12-23 15:25:30,6,0,3864.0,1052
2022-12-23 15:25:31,2,1,3864.0,1053
2022-12-23 15:25:32,16,-15,3863.75,1038
2022-12-23 15:25:33,2,-2,3863.75,1036
2022-12-23 15:25:34,6,6,3864.0,1042
2022-12-23 15:25:35,95,-7,3864.5,1035
2022-12-23 15:25:36,71,-7,3864.25,1028
2022-12-23 15:25:37,12,-3,3864.0,1025
2022-12-23 15:25:38,3,0,3864.0,1025
2022-12-23 15:25:39,14,10,3864.25,1035
2022-12-23 15:25:40,3,3,3864.5,1038
2022-12-23 15:25:42,34,1,3864.5,1039
2022-12-23 15:25:44,30,-17,3864.25,1022
2022-12-23 15:25:45,13,9,3864.0,1031
2022-12-23 15:25:46,5,-3,3864.0,1028
2022-12-23 15:25:48,6,4,3864.25,1032
2022-12-23 15:25:49,16,5,3864.25,1037
2022-12-23 15:25:50,24,9,3864.5,1046
2022-12-23 15:25:51,10,5,3864.5,1051
2022-12-23 15:25:52,9,-7,3864.25,1044
2022-12-23 15:25:53,14,2,3864.25,1046
2022-12-23 15:25:54,32,-3,3864.25,1043
2022-12-23 15:25:55,3,1,3864.5,1044
2022-12-23 15:25:56,10,-9,3864.25,1035
2022-12-23 15:25:57,98,1,3864.0,1036
2022-12-23 15:25:58,35,2,3864.0,1038
2022-12-23 15:25:59,24,9,3864.0,1047
2022-12-23 15:26:00,16,-10,3864.0,1037
2022-12-23 15:26:01,16,-4,3863.75,1033
2022-12-23 15:26:02,17,-1,3863.75,1032
2022-12-23 15:26:03,29,-4,3864.0,1028
2022-12-23 15:26:04,36,-5,3864.0,1023
2022-12-23 15:26:05,2,2,3863.75,1025
2022-12-23 15:26:06,73,-20,3863.75,1005
2022-12-23 15:26:07,88,-16,3863.5,989
2022-12-23 15:26:08,63,-10,3863.5,979
2022-12-23 15:26:10,90,31,3863.25,1010
2022-12-23 15:26:11,146,8,3863.5,1018
2022-12-23 15:26:12,6,0,3863.5,1018
2022-12-23 15:26:14,75,-25,3863.25,993
2022-12-23 15:26:15,23,9,3863.25,1002
2022-12-23 15:26:16,4,0,3863.25,1002
2022-12-23 15:26:17,393,-97,3863.0,905
2022-12-23 15:26:18,21,0,3862.75,905
2022-12-23 15:26:19,13,-11,3862.5,894
2022-12-23 15:26:20,20,9,3862.75,903
2022-12-23 15:26:21,32,-4,3862.75,899
2022-12-23 15:26:22,20,-3,3862.5,896
2022-12-23 15:26:23,20,2,3862.5,898
2022-12-23 15:26:24,85,-17,3862.5,881
2022-12-23 15:26:25,6,-5,3862.25,876
2022-12-23 15:26:26,41,-25,3862.25,851
2022-12-23 15:26:27,10,-5,3862.25,846
2022-12-23 15:26:28,36,8,3862.25,854
2022-12-23 15:26:29,8,-3,3862.5,851
2022-12-23 15:26:30,200,9,3862.75,860
2022-12-23 15:26:31,112,17,3863.0,877
2022-12-23 15:26:32,25,2,3863.0,879
2022-12-23 15:26:33,78,-4,3863.0,875
2022-12-23 15:26:35,15,-7,3862.5,868
2022-12-23 15:26:36,45,2,3862.5,870
2022-12-23 15:26:37,11,0,3862.5,870
2022-12-23 15:26:38,12,5,3862.75,875
2022-12-23 15:26:39,10,-6,3862.75,869
2022-12-23 15:26:40,12,-4,3862.75,865
2022-12-23 15:26:41,8,6,3862.75,871
2022-12-23 15:26:42,78,-5,3863.25,866
2022-12-23 15:26:43,219,5,3863.25,871
2022-12-23 15:26:44,21,3,3863.0,874
2022-12-23 15:26:45,16,-9,3863.0,865
2022-12-23 15:26:46,114,-24,3862.5,841
2022-12-23 15:26:47,10,-3,3862.5,838
2022-12-23 15:26:48,39,-11,3862.5,827
2022-12-23 15:26:49,20,5,3862.25,832
2022-12-23 15:26:50,11,1,3862.5,833
2022-12-23 15:26:51,38,-18,3862.25,815
2022-12-23 15:26:53,20,4,3862.25,819
2022-12-23 15:26:54,18,-9,3862.5,810
2022-12-23 15:26:55,42,13,3862.5,823
2022-12-23 15:26:56,6,1,3862.5,824
2022-12-23 15:26:57,78,-15,3862.25,809
2022-12-23 15:26:58,23,-9,3862.5,800
2022-12-23 15:26:59,17,-9,3862.25,791
2022-12-23 15:27:00,29,-6,3862.25,785
2022-12-23 15:27:01,35,2,3862.25,787
2022-12-23 15:27:02,10,3,3862.5,790
2022-12-23 15:27:03,83,-1,3862.75,789
2022-12-23 15:27:04,19,-1,3862.75,788
2022-12-23 15:27:06,72,-25,3862.75,763
2022-12-23 15:27:08,25,-12,3862.5,751
2022-12-23 15:27:09,9,-9,3862.0,742
2022-12-23 15:27:10,71,-43,3862.25,699
2022-12-23 15:27:11,39,5,3861.75,704
2022-12-23 15:27:12,42,-18,3861.75,686
2022-12-23 15:27:13,79,12,3862.25,698
2022-12-23 15:27:14,18,5,3862.0,703
2022-12-23 15:27:15,25,-14,3862.0,689
2022-12-23 15:27:16,190,-56,3861.75,633
2022-12-23 15:27:17,99,-25,3861.5,608
2022-12-23 15:27:18,38,-14,3861.5,594
2022-12-23 15:27:19,6,0,3861.25,594
2022-12-23 15:27:20,134,-19,3861.0,575
2022-12-23 15:27:21,3,1,3861.25,576
2022-12-23 15:27:22,110,7,3861.25,583
2022-12-23 15:27:23,104,13,3861.5,596
2022-12-23 15:27:24,19,5,3861.75,601
2022-12-23 15:27:25,318,-7,3861.75,594
2022-12-23 15:27:26,89,6,3861.5,600
2022-12-23 15:27:27,5,-1,3861.5,599
2022-12-23 15:27:28,3,1,3861.5,600
2022-12-23 15:27:29,4,0,3861.5,600
2022-12-23 15:27:30,6,0,3861.75,600
2022-12-23 15:27:31,13,10,3861.75,610
2022-12-23 15:27:33,5,-1,3861.75,609
2022-12-23 15:27:34,154,35,3862.25,644
2022-12-23 15:27:35,33,4,3862.25,648
2022-12-23 15:27:36,152,11,3862.25,659
2022-12-23 15:27:37,4,0,3862.25,659
2022-12-23 15:27:38,21,-18,3862.0,641
2022-12-23 15:27:39,1,-1,3861.75,640
2022-12-23 15:27:40,12,1,3862.0,641
2022-12-23 15:27:41,3,-1,3862.25,640
2022-12-23 15:27:42,27,-2,3862.25,638
2022-12-23 15:27:43,87,31,3862.75,669
2022-12-23 15:27:44,67,4,3862.75,673
2022-12-23 15:27:45,61,0,3863.0,673
2022-12-23 15:27:46,17,-9,3863.0,664
2022-12-23 15:27:47,14,-4,3862.75,660
2022-12-23 15:27:48,7,-5,3862.5,655
2022-12-23 15:27:49,22,8,3862.75,663
2022-12-23 15:27:50,16,-14,3862.5,649
2022-12-23 15:27:51,2,0,3862.25,649
2022-12-23 15:27:53,42,-26,3862.0,623
2022-12-23 15:27:54,73,24,3862.25,647
2022-12-23 15:27:55,4,2,3862.5,649
2022-12-23 15:27:56,198,1,3862.5,650
2022-12-23 15:27:57,136,-33,3862.25,617
2022-12-23 15:27:58,4,0,3862.0,617
2022-12-23 15:27:59,46,-13,3861.75,604
2022-12-23 15:28:00,38,-32,3861.5,572
2022-12-23 15:28:01,57,12,3861.5,584
2022-12-23 15:28:02,123,10,3862.0,594
2022-12-23 15:28:03,9,1,3862.0,595
2022-12-23 15:28:04,57,17,3862.0,612
2022-12-23 15:28:05,25,11,3862.25,623
2022-12-23 15:28:06,42,-6,3862.25,617
2022-12-23 15:28:07,11,3,3862.25,620
2022-12-23 15:28:09,2,1,3862.25,621
2022-12-23 15:28:10,65,-39,3862.0,582
2022-12-23 15:28:11,25,12,3862.0,594
2022-12-23 15:28:12,2,-1,3862.0,593
2022-12-23 15:28:13,24,12,3862.25,605
2022-12-23 15:28:14,9,8,3862.5,613
2022-12-23 15:28:15,27,8,3862.75,621
2022-12-23 15:28:16,67,3,3863.0,624
2022-12-23 15:28:17,24,3,3863.0,627
2022-12-23 15:28:18,16,-2,3862.75,625
2022-12-23 15:28:19,20,-7,3862.5,618
2022-12-23 15:28:21,4,0,3862.5,618
2022-12-23 15:28:22,30,-5,3862.75,613
2022-12-23 15:28:23,15,-1,3862.5,612
2022-12-23 15:28:24,12,-7,3862.75,605
2022-12-23 15:28:25,97,-29,3862.25,576
2022-12-23 15:28:26,10,9,3862.0,585
2022-12-23 15:28:27,1,-1,3862.0,584
2022-12-23 15:28:28,244,12,3862.25,596
2022-12-23 15:28:29,14,4,3862.25,600
2022-12-23 15:28:30,2,2,3862.25,602
2022-12-23 15:28:31,4,2,3862.25,604
2022-12-23 15:28:32,161,-29,3862.0,575
2022-12-23 15:28:33,15,0,3862.25,575
2022-12-23 15:28:34,60,19,3862.25,594
2022-12-23 15:28:35,215,93,3863.0,687
2022-12-23 15:28:36,5,1,3863.0,688
2022-12-23 15:28:37,61,-21,3862.75,667
2022-12-23 15:28:38,22,-5,3862.5,662
2022-12-23 15:28:39,3,3,3862.75,665
2022-12-23 15:28:40,13,7,3862.75,672
2022-12-23 15:28:41,40,-18,3862.5,654
2022-12-23 15:28:42,80,-37,3862.25,617
2022-12-23 15:28:43,2,0,3862.5,617
2022-12-23 15:28:44,1,1,3862.5,618
2022-12-23 15:28:45,125,4,3862.5,622
2022-12-23 15:28:46,1,-1,3862.25,621
2022-12-23 15:28:47,11,-8,3862.25,613
2022-12-23 15:28:48,28,12,3862.5,625
2022-12-23 15:28:49,2,-1,3862.25,624
2022-12-23 15:28:50,11,-1,3862.5,623
2022-12-23 15:28:51,6,0,3862.5,623
2022-12-23 15:28:52,18,-5,3862.5,618
2022-12-23 15:28:53,203,10,3862.5,628
2022-12-23 15:28:54,9,-6,3862.5,622
2022-12-23 15:28:55,205,37,3862.5,659
2022-12-23 15:28:56,4,0,3862.5,659
2022-12-23 15:28:57,150,-29,3862.25,630
2022-12-23 15:28:58,40,2,3862.25,632
2022-12-23 15:28:59,5,5,3862.25,637
2022-12-23 15:29:00,5,5,3862.5,642
2022-12-23 15:29:01,4,3,3862.5,645
2022-12-23 15:29:02,6,4,3862.5,649
2022-12-23 15:29:03,42,8,3862.5,657
2022-12-23 15:29:04,17,2,3862.75,659
2022-12-23 15:29:05,12,-3,3862.75,656
2022-12-23 15:29:06,4,-2,3862.75,654
2022-12-23 15:29:07,13,4,3862.75,658
2022-12-23 15:29:08,42,-11,3862.75,647
2022-12-23 15:29:09,13,2,3862.75,649
2022-12-23 15:29:10,83,12,3863.0,661
2022-12-23 15:29:11,67,17,3863.25,678
2022-12-23 15:29:12,23,-11,3863.25,667
2022-12-23 15:29:13,11,11,3863.5,678
2022-12-23 15:29:14,29,-8,3863.5,670
2022-12-23 15:29:15,3,1,3863.5,671
2022-12-23 15:29:16,6,3,3863.5,674
2022-12-23 15:29:17,30,-11,3863.25,663
2022-12-23 15:29:18,96,3,3863.75,666
2022-12-23 15:29:19,29,-2,3863.75,664
2022-12-23 15:29:20,10,3,3863.75,667
2022-12-23 15:29:22,18,0,3863.75,667
2022-12-23 15:29:23,57,29,3864.0,696
2022-12-23 15:29:24,2,0,3864.0,696
2022-12-23 15:29:25,9,6,3864.0,702
2022-12-23 15:29:26,15,9,3864.0,711
2022-12-23 15:29:27,73,1,3864.0,712
2022-12-23 15:29:28,5,1,3864.0,713
2022-12-23 15:29:29,30,16,3864.0,729
2022-12-23 15:29:30,25,1,3864.0,730
2022-12-23 15:29:31,59,-12,3864.0,718
2022-12-23 15:29:32,36,-32,3863.5,686
2022-12-23 15:29:33,5,0,3863.25,686
2022-12-23 15:29:34,43,-7,3863.0,679
2022-12-23 15:29:35,20,7,3863.0,686
2022-12-23 15:29:36,8,0,3863.0,686
2022-12-23 15:29:37,25,7,3863.0,693
2022-12-23 15:29:38,8,3,3863.0,696
2022-12-23 15:29:39,31,-2,3863.0,694
2022-12-23 15:29:40,31,-4,3863.0,690
2022-12-23 15:29:41,28,-15,3862.75,675
2022-12-23 15:29:42,1,1,3862.75,676
2022-12-23 15:29:44,13,11,3862.75,687
2022-12-23 15:29:45,19,6,3863.0,693
2022-12-23 15:29:46,11,11,3863.25,704
2022-12-23 15:29:47,11,7,3863.5,711
2022-12-23 15:29:48,80,-13,3863.5,698
2022-12-23 15:29:49,42,2,3863.0,700
2022-12-23 15:29:50,15,3,3863.0,703
2022-12-23 15:29:52,4,4,3863.25,707
2022-12-23 15:29:54,11,8,3863.25,715
2022-12-23 15:29:55,18,-7,3863.25,708
2022-12-23 15:29:56,1,1,3863.25,709
2022-12-23 15:29:58,31,-19,3863.0,690
2022-12-23 15:29:59,9,5,3862.75,695
2022-12-23 15:30:00,57,-16,3863.0,679
2022-12-23 15:30:01,33,-3,3863.0,676
2022-12-23 15:30:02,32,3,3863.25,679
2022-12-23 15:30:03,40,2,3863.5,681
2022-12-23 15:30:04,9,-4,3863.5,677
2022-12-23 15:30:05,4,-1,3863.25,676
2022-12-23 15:30:06,43,3,3863.5,679
2022-12-23 15:30:07,20,-18,3863.5,661
2022-12-23 15:30:08,20,-1,3863.0,660
2022-12-23 15:30:09,25,3,3863.0,663
2022-12-23 15:30:10,211,-97,3863.25,566
2022-12-23 15:30:11,6,4,3863.0,570
2022-12-23 15:30:12,26,-1,3863.0,569
2022-12-23 15:30:13,2,0,3863.0,569
2022-12-23 15:30:14,11,7,3863.0,576
2022-12-23 15:30:15,31,-11,3863.0,565
2022-12-23 15:30:17,52,2,3863.25,567
2022-12-23 15:30:18,30,11,3863.25,578
2022-12-23 15:30:19,28,-5,3863.5,573
2022-12-23 15:30:20,28,13,3863.75,586
2022-12-23 15:30:21,36,-4,3863.75,582
2022-12-23 15:30:22,2,0,3863.5,582
2022-12-23 15:30:23,73,-33,3863.25,549
2022-12-23 15:30:24,1,-1,3862.75,548
2022-12-23 15:30:25,2,0,3863.0,548
2022-12-23 15:30:26,3,3,3863.0,551
2022-12-23 15:30:27,1,1,3863.0,552
2022-12-23 15:30:28,24,10,3863.0,562
2022-12-23 15:30:30,30,-2,3863.25,560
2022-12-23 15:30:31,9,7,3863.5,567
2022-12-23 15:30:32,9,4,3863.5,571
2022-12-23 15:30:33,1,-1,3863.25,570
2022-12-23 15:30:34,24,-11,3863.25,559
2022-12-23 15:30:35,10,-3,3863.25,556
2022-12-23 15:30:36,18,-1,3863.0,555
2022-12-23 15:30:38,54,-7,3863.0,548
2022-12-23 15:30:39,36,-17,3862.75,531
2022-12-23 15:30:40,36,8,3862.75,539
2022-12-23 15:30:41,36,-22,3862.5,517
2022-12-23 15:30:42,18,0,3862.75,517
2022-12-23 15:30:43,1,-1,3862.5,516
2022-12-23 15:30:44,20,11,3863.0,527
2022-12-23 15:30:45,15,4,3863.5,531
2022-12-23 15:30:46,1,1,3863.5,532
2022-12-23 15:30:47,70,4,3863.5,536
2022-12-23 15:30:48,11,3,3863.5,539
2022-12-23 15:30:49,6,2,3863.5,541
2022-12-23 15:30:50,24,-21,3863.25,520
2022-12-23 15:30:51,27,1,3863.0,521
2022-12-23 15:30:52,2,-1,3862.75,520
2022-12-23 15:30:53,11,-2,3862.75,518
2022-12-23 15:30:54,312,-8,3863.0,510
2022-12-23 15:30:56,10,4,3863.0,514
2022-12-23 15:30:58,43,-26,3862.75,488
2022-12-23 15:30:59,20,-1,3862.75,487
2022-12-23 15:31:00,1,-1,3862.5,486
2022-12-23 15:31:01,1,-1,3862.5,485
2022-12-23 15:31:03,93,-14,3862.5,471
2022-12-23 15:31:04,18,5,3862.75,476
2022-12-23 15:31:06,39,20,3863.25,496
2022-12-23 15:31:07,81,10,3863.75,506
2022-12-23 15:31:08,7,6,3863.5,512
2022-12-23 15:31:09,20,-11,3863.25,501
2022-12-23 15:31:10,125,-33,3863.25,468
2022-12-23 15:31:11,26,16,3862.75,484
2022-12-23 15:31:12,12,6,3863.0,490
2022-12-23 15:31:13,11,-9,3863.0,481
2022-12-23 15:31:14,38,-4,3862.75,477
2022-12-23 15:31:15,28,-2,3862.75,475
2022-12-23 15:31:16,9,4,3863.0,479
2022-12-23 15:31:17,58,16,3863.25,495
2022-12-23 15:31:18,3,1,3863.25,496
2022-12-23 15:31:19,1,1,3863.5,497
2022-12-23 15:31:20,2,-2,3863.25,495
2022-12-23 15:31:21,21,6,3863.75,501
2022-12-23 15:31:22,59,-9,3863.75,492
2022-12-23 15:31:23,15,-1,3863.5,491
2022-12-23 15:31:24,2,0,3863.5,491
2022-12-23 15:31:25,22,-6,3863.25,485
2022-12-23 15:31:26,4,0,3863.25,485
2022-12-23 15:31:27,13,4,3863.25,489
2022-12-23 15:31:28,36,5,3863.25,494
2022-12-23 15:31:29,1,-1,3863.0,493
2022-12-23 15:31:30,12,5,3863.25,498
2022-12-23 15:31:31,22,4,3863.5,502
2022-12-23 15:31:32,1,-1,3863.25,501
2022-12-23 15:31:33,2,2,3863.5,503
2022-12-23 15:31:34,35,3,3863.75,506
2022-12-23 15:31:35,7,-2,3863.75,504
2022-12-23 15:31:36,33,-9,3863.5,495
2022-12-23 15:31:37,25,-8,3863.5,487
2022-12-23 15:31:38,11,-1,3863.25,486
2022-12-23 15:31:39,2,-2,3863.0,484
2022-12-23 15:31:40,21,4,3863.25,488
2022-12-23 15:31:42,29,-11,3863.25,477
2022-12-23 15:31:43,6,6,3863.0,483
2022-12-23 15:31:44,9,1,3863.25,484
2022-12-23 15:31:45,22,12,3863.25,496
2022-12-23 15:31:46,32,13,3863.5,509
2022-12-23 15:31:47,2,0,3863.5,509
2022-12-23 15:31:48,29,17,3863.5,526
2022-12-23 15:31:49,7,0,3863.5,526
2022-12-23 15:31:50,324,-21,3863.5,505
2022-12-23 15:31:52,61,15,3863.5,520
2022-12-23 15:31:53,7,4,3863.75,524
2022-12-23 15:31:54,7,5,3863.75,529
2022-12-23 15:31:56,24,5,3863.75,534
2022-12-23 15:31:57,35,-16,3863.75,518
2022-12-23 15:31:58,11,11,3864.0,529
2022-12-23 15:31:59,2,2,3864.0,531
2022-12-23 15:32:00,14,14,3864.0,545
2022-12-23 15:32:01,19,13,3864.25,558
2022-12-23 15:32:02,37,-22,3864.25,536
2022-12-23 15:32:03,73,8,3864.0,544
2022-12-23 15:32:04,13,5,3864.0,549
2022-12-23 15:32:07,4,-1,3864.0,548
2022-12-23 15:32:09,54,-18,3864.0,530
2022-12-23 15:32:10,15,-9,3863.5,521
2022-12-23 15:32:11,44,-18,3863.25,503
2022-12-23 15:32:12,41,-6,3863.25,497
2022-12-23 15:32:13,5,2,3863.25,499
2022-12-23 15:32:14,7,-2,3863.5,497
2022-12-23 15:32:15,49,19,3863.5,516
2022-12-23 15:32:16,9,1,3863.5,517
2022-12-23 15:32:17,23,-7,3863.25,510
2022-12-23 15:32:18,17,-13,3863.25,497
2022-12-23 15:32:19,3,0,3863.0,497
2022-12-23 15:32:20,5,-5,3862.75,492
2022-12-23 15:32:21,48,6,3863.0,498
2022-12-23 15:32:22,36,-2,3863.0,496
2022-12-23 15:32:23,16,-7,3862.75,489
2022-12-23 15:32:24,207,-122,3862.75,367
2022-12-23 15:32:25,97,-14,3862.25,353
2022-12-23 15:32:26,88,-29,3862.0,324
2022-12-23 15:32:27,15,6,3862.0,330
2022-12-23 15:32:28,6,-5,3862.0,325
2022-12-23 15:32:29,69,14,3862.25,339
2022-12-23 15:32:30,13,10,3862.5,349
2022-12-23 15:32:31,32,-14,3862.5,335
2022-12-23 15:32:32,1,-1,3862.25,334
2022-12-23 15:32:34,29,-7,3862.25,327
2022-12-23 15:32:35,56,-14,3862.0,313
2022-12-23 15:32:36,58,-37,3861.75,276
2022-12-23 15:32:37,44,-9,3861.5,267
2022-12-23 15:32:38,181,19,3861.5,286
2022-12-23 15:32:39,7,-6,3861.25,280
2022-12-23 15:32:40,134,-34,3861.5,246
2022-12-23 15:32:41,41,16,3861.25,262
2022-12-23 15:32:42,32,7,3861.5,269
2022-12-23 15:32:43,4,-2,3861.5,267
2022-12-23 15:32:44,58,30,3861.75,297
2022-12-23 15:32:45,5,-1,3861.75,296
2022-12-23 15:32:46,87,-44,3861.5,252
2022-12-23 15:32:47,49,13,3861.5,265
2022-12-23 15:32:48,84,24,3861.75,289
2022-12-23 15:32:49,1,1,3861.75,290
2022-12-23 15:32:50,38,4,3861.75,294
2022-12-23 15:32:51,338,-59,3861.75,235
2022-12-23 15:32:52,99,-11,3861.0,224
2022-12-23 15:32:53,7,-5,3861.0,219
2022-12-23 15:32:54,5,1,3861.0,220
2022-12-23 15:32:55,79,1,3861.25,221
2022-12-23 15:32:56,39,1,3861.5,222
2022-12-23 15:32:57,90,23,3862.0,245
2022-12-23 15:32:58,19,-4,3861.75,241
2022-12-23 15:32:59,58,-14,3861.75,227
2022-12-23 15:33:00,42,-12,3861.25,215
2022-12-23 15:33:01,106,-23,3861.25,192
2022-12-23 15:33:02,40,-5,3861.25,187
2022-12-23 15:33:03,21,14,3861.0,201
2022-12-23 15:33:04,23,7,3861.0,208
2022-12-23 15:33:05,2,-1,3860.75,207
2022-12-23 15:33:06,41,17,3861.25,224
2022-12-23 15:33:07,2,2,3861.25,226
2022-12-23 15:33:08,42,14,3861.25,240
2022-12-23 15:33:09,17,-4,3861.25,236
2022-12-23 15:33:10,140,-71,3861.0,165
2022-12-23 15:33:11,89,-54,3860.5,111
2022-12-23 15:33:12,40,7,3860.5,118
2022-12-23 15:33:13,4,-4,3860.25,114
2022-12-23 15:33:14,148,7,3860.5,121
2022-12-23 15:33:15,39,-8,3860.25,113
2022-12-23 15:33:16,146,-21,3860.25,92
2022-12-23 15:33:17,10,-4,3860.25,88
2022-12-23 15:33:18,44,21,3860.5,109
2022-12-23 15:33:19,25,-7,3860.25,102
2022-12-23 15:33:20,21,3,3860.25,105
2022-12-23 15:33:21,32,-9,3860.25,96
2022-12-23 15:33:22,78,-1,3860.25,95
2022-12-23 15:33:23,15,-2,3860.0,93
2022-12-23 15:33:24,190,-78,3860.0,15
2022-12-23 15:33:25,66,4,3859.75,19
2022-12-23 15:33:26,14,-3,3859.75,16
2022-12-23 15:33:27,84,-47,3859.5,-31
2022-12-23 15:33:28,62,-7,3859.25,-38
2022-12-23 15:33:29,10,-2,3859.25,-40
2022-12-23 15:33:30,71,10,3859.5,-30
2022-12-23 15:33:31,100,25,3860.0,-5
2022-12-23 15:33:32,72,-26,3859.75,-31
2022-12-23 15:33:33,5,-5,3859.25,-36
2022-12-23 15:33:34,15,0,3859.25,-36
2022-12-23 15:33:35,22,3,3859.5,-33
2022-12-23 15:33:36,28,8,3859.5,-25
2022-12-23 15:33:37,142,-29,3859.75,-54
2022-12-23 15:33:38,5,1,3859.75,-53
2022-12-23 15:33:39,3,-1,3859.75,-54
2022-12-23 15:33:40,51,-14,3859.75,-68
2022-12-23 15:33:41,21,1,3859.75,-67
2022-12-23 15:33:42,6,-6,3859.5,-73
2022-12-23 15:33:43,102,-80,3859.5,-153
2022-12-23 15:33:44,71,-20,3859.25,-173
2022-12-23 15:33:45,26,-18,3859.25,-191
2022-12-23 15:33:46,27,3,3859.25,-188
2022-12-23 15:33:47,56,9,3859.25,-179
2022-12-23 15:33:48,4,-2,3859.25,-181
2022-12-23 15:33:49,63,2,3859.5,-179
2022-12-23 15:33:50,17,-2,3859.25,-181
2022-12-23 15:33:51,1,-1,3859.0,-182
2022-12-23 15:33:52,105,76,3859.5,-106
2022-12-23 15:33:53,27,20,3860.0,-86
2022-12-23 15:33:54,121,30,3860.0,-56
2022-12-23 15:33:55,85,10,3860.5,-46
2022-12-23 15:33:56,56,23,3860.25,-23
2022-12-23 15:33:57,36,-9,3860.25,-32
2022-12-23 15:33:58,7,7,3860.5,-25
2022-12-23 15:33:59,31,-13,3860.25,-38
2022-12-23 15:34:00,2,2,3860.25,-36
2022-12-23 15:34:01,106,-48,3860.25,-84
2022-12-23 15:34:02,57,-5,3859.5,-89
2022-12-23 15:34:03,104,-6,3859.25,-95
2022-12-23 15:34:04,31,10,3859.25,-85
2022-12-23 15:34:05,62,-23,3859.25,-108
2022-12-23 15:34:06,77,-23,3859.0,-131
2022-12-23 15:34:07,44,-5,3858.75,-136
2022-12-23 15:34:08,42,2,3859.0,-134
2022-12-23 15:34:09,38,1,3859.0,-133
2022-12-23 15:34:10,26,1,3859.0,-132
2022-12-23 15:34:11,6,-1,3859.0,-133
2022-12-23 15:34:12,74,11,3859.25,-122
2022-12-23 15:34:13,11,1,3859.25,-121
2022-12-23 15:34:14,29,5,3859.5,-116
2022-12-23 15:34:15,19,11,3859.5,-105
2022-12-23 15:34:16,6,0,3859.75,-105
2022-12-23 15:34:17,1,1,3859.75,-104
2022-12-23 15:34:18,5,4,3859.75,-100
2022-12-23 15:34:20,30,15,3860.0,-85
2022-12-23 15:34:21,1,-1,3859.75,-86
2022-12-23 15:34:22,76,36,3860.5,-50
2022-12-23 15:34:23,19,3,3860.25,-47
2022-12-23 15:34:24,72,-30,3860.0,-77
2022-12-23 15:34:25,4,3,3859.75,-74
2022-12-23 15:34:26,12,3,3859.75,-71
2022-12-23 15:34:27,12,3,3859.75,-68
2022-12-23 15:34:28,7,1,3859.75,-67
2022-12-23 15:34:30,5,-5,3859.5,-72
2022-12-23 15:34:31,3,3,3859.75,-69
2022-12-23 15:34:32,25,-18,3859.75,-87
2022-12-23 15:34:33,9,-4,3859.5,-91
2022-12-23 15:34:34,12,-1,3859.5,-92
2022-12-23 15:34:36,9,5,3859.75,-87
2022-12-23 15:34:37,35,13,3859.5,-74
2022-12-23 15:34:38,36,-18,3859.25,-92
2022-12-23 15:34:39,25,-1,3859.25,-93
2022-12-23 15:34:40,118,-36,3859.0,-129
2022-12-23 15:34:41,4,-2,3859.0,-131
2022-12-23 15:34:42,38,11,3859.0,-120
2022-12-23 15:34:43,4,-2,3859.25,-122
2022-12-23 15:34:44,23,-1,3859.25,-123
2022-12-23 15:34:45,21,4,3859.5,-119
2022-12-23 15:34:46,87,16,3859.75,-103
2022-12-23 15:34:47,63,15,3859.75,-88
2022-12-23 15:34:48,1,-1,3859.5,-89
2022-12-23 15:34:49,28,18,3860.0,-71
2022-12-23 15:34:50,75,31,3860.5,-40
2022-12-23 15:34:52,1,-1,3860.0,-41
2022-12-23 15:34:53,57,17,3860.5,-24
2022-12-23 15:34:54,59,-1,3860.5,-25
2022-12-23 15:34:55,17,-1,3860.75,-26
2022-12-23 15:34:56,33,-20,3860.75,-46
2022-12-23 15:34:57,11,7,3860.5,-39
2022-12-23 15:34:58,16,5,3860.5,-34
2022-12-23 15:34:59,33,-23,3860.5,-57
2022-12-23 15:35:00,48,-21,3860.25,-78
2022-12-23 15:35:01,119,29,3860.5,-49
2022-12-23 15:35:02,15,-2,3860.0,-51
2022-12-23 15:35:03,21,-2,3860.25,-53
2022-12-23 15:35:04,17,-4,3860.0,-57
2022-12-23 15:35:05,56,-17,3860.0,-74
2022-12-23 15:35:06,20,7,3860.25,-67
2022-12-23 15:35:07,15,4,3860.25,-63
2022-12-23 15:35:08,32,-18,3860.0,-81
2022-12-23 15:35:09,55,3,3860.0,-78
2022-12-23 15:35:10,41,-44,3860.0,-122
2022-12-23 15:35:11,27,11,3859.5,-111
2022-12-23 15:35:12,14,-9,3859.5,-120
2022-12-23 15:35:13,34,-10,3859.5,-130
2022-12-23 15:35:14,30,11,3859.5,-119
2022-12-23 15:35:15,5,2,3859.75,-117
2022-12-23 15:35:16,22,6,3859.75,-111
2022-12-23 15:35:17,22,-13,3859.75,-124
2022-12-23 15:35:18,24,6,3859.5,-118
2022-12-23 15:35:19,1,1,3859.75,-117
2022-12-23 15:35:20,31,15,3859.75,-102
2022-12-23 15:35:22,18,-7,3859.75,-109
2022-12-23 15:35:23,57,-9,3859.75,-118
2022-12-23 15:35:24,6,0,3859.5,-118
2022-12-23 15:35:25,2,-2,3859.5,-120
2022-12-23 15:35:26,2,0,3859.5,-120
2022-12-23 15:35:27,240,-64,3859.5,-184
2022-12-23 15:35:29,146,30,3859.5,-154
2022-12-23 15:35:30,14,14,3859.5,-140
2022-12-23 15:35:31,3,1,3859.5,-139
2022-12-23 15:35:32,127,-38,3859.25,-177
2022-12-23 15:35:33,49,10,3859.25,-167
2022-12-23 15:35:34,79,2,3859.25,-165
2022-12-23 15:35:35,70,30,3859.25,-135
2022-12-23 15:35:36,8,4,3859.25,-131
2022-12-23 15:35:37,91,2,3859.25,-129
2022-12-23 15:35:38,49,3,3859.25,-126
2022-12-23 15:35:39,12,10,3859.5,-116
2022-12-23 15:35:40,48,3,3859.75,-113
2022-12-23 15:35:41,25,-12,3859.75,-125
2022-12-23 15:35:42,3,3,3859.5,-122
2022-12-23 15:35:43,9,-4,3859.5,-126
2022-12-23 15:35:44,2,0,3859.5,-126
2022-12-23 15:35:45,27,-8,3859.25,-134
2022-12-23 15:35:46,20,6,3859.25,-128
2022-12-23 15:35:47,22,14,3859.5,-114
2022-12-23 15:35:48,65,-5,3860.0,-119
2022-12-23 15:35:49,9,0,3859.75,-119
2022-12-23 15:35:50,24,12,3859.75,-107
2022-12-23 15:35:51,7,-7,3859.75,-114
2022-12-23 15:35:52,2,2,3859.75,-112
2022-12-23 15:35:54,69,-2,3859.75,-114
2022-12-23 15:35:55,8,-5,3859.75,-119
2022-12-23 15:35:56,35,10,3860.0,-109
2022-12-23 15:35:57,5,1,3860.0,-108
2022-12-23 15:35:58,8,2,3860.25,-106
2022-12-23 15:35:59,6,4,3860.25,-102
2022-12-23 15:36:00,43,-20,3860.0,-122
2022-12-23 15:36:01,23,6,3860.0,-116
2022-12-23 15:36:02,18,1,3860.0,-115
2022-12-23 15:36:03,25,0,3860.0,-115
2022-12-23 15:36:04,6,0,3860.0,-115
2022-12-23 15:36:05,45,-15,3859.75,-130
2022-12-23 15:36:06,28,3,3859.75,-127
2022-12-23 15:36:07,20,0,3859.75,-127
2022-12-23 15:36:08,31,-6,3860.0,-133
2022-12-23 15:36:09,56,-17,3859.75,-150
2022-12-23 15:36:10,64,18,3859.75,-132
2022-12-23 15:36:11,79,-18,3859.5,-150
2022-12-23 15:36:12,80,27,3859.75,-123
2022-12-23 15:36:13,16,-3,3859.75,-126
2022-12-23 15:36:14,7,0,3859.75,-126
2022-12-23 15:36:16,1,1,3859.75,-125
2022-12-23 15:36:17,45,-18,3859.75,-143
2022-12-23 15:36:18,168,75,3860.0,-68
2022-12-23 15:36:19,41,8,3860.25,-60
2022-12-23 15:36:20,1,1,3860.25,-59
2022-12-23 15:36:21,20,6,3860.25,-53
2022-12-23 15:36:22,23,-2,3860.25,-55
2022-12-23 15:36:23,17,-4,3860.25,-59
2022-12-23 15:36:24,19,10,3860.5,-49
2022-12-23 15:36:25,2,2,3860.5,-47
2022-12-23 15:36:26,7,6,3860.5,-41
2022-12-23 15:36:27,46,11,3860.75,-30
2022-12-23 15:36:28,25,-2,3860.75,-32
2022-12-23 15:36:29,16,7,3860.75,-25
2022-12-23 15:36:30,38,-21,3860.75,-46
2022-12-23 15:36:31,28,2,3860.5,-44
2022-12-23 15:36:32,2,0,3860.75,-44
2022-12-23 15:36:34,4,3,3860.75,-41
2022-12-23 15:36:36,116,-6,3860.75,-47
2022-12-23 15:36:37,35,-4,3861.0,-51
2022-12-23 15:36:38,36,-7,3860.75,-58
2022-12-23 15:36:39,34,-6,3860.75,-64
2022-12-23 15:36:40,134,-30,3860.5,-94
2022-12-23 15:36:41,5,1,3860.25,-93
2022-12-23 15:36:42,213,-3,3860.0,-96
2022-12-23 15:36:43,39,-5,3860.0,-101
2022-12-23 15:36:44,26,-7,3860.0,-108
2022-12-23 15:36:45,65,-14,3859.75,-122
2022-12-23 15:36:46,8,1,3859.75,-121
2022-12-23 15:36:47,8,-3,3859.75,-124
2022-12-23 15:36:48,21,2,3859.75,-122
2022-12-23 15:36:49,23,13,3859.75,-109
2022-12-23 15:36:50,48,-8,3859.5,-117
2022-12-23 15:36:51,52,-33,3859.25,-150
2022-12-23 15:36:52,305,-104,3859.0,-254
2022-12-23 15:36:53,214,-47,3858.5,-301
2022-12-23 15:36:54,46,24,3858.5,-277
2022-12-23 15:36:55,104,30,3858.75,-247
2022-12-23 15:36:56,21,-6,3858.75,-253
2022-12-23 15:36:57,19,13,3859.0,-240
2022-12-23 15:36:58,49,2,3859.0,-238
2022-12-23 15:36:59,20,0,3858.75,-238
2022-12-23 15:37:00,27,-4,3858.75,-242
2022-12-23 15:37:01,31,-15,3858.75,-257
2022-12-23 15:37:02,12,-1,3858.5,-258
2022-12-23 15:37:03,116,-13,3858.5,-271
2022-12-23 15:37:04,81,-33,3858.5,-304
2022-12-23 15:37:05,24,-16,3858.5,-320
2022-12-23 15:37:06,51,9,3858.25,-311
2022-12-23 15:37:07,64,1,3858.75,-310
2022-12-23 15:37:08,8,3,3858.5,-307
2022-12-23 15:37:09,6,1,3858.5,-306
2022-12-23 15:37:10,8,-6,3858.25,-312
2022-12-23 15:37:11,19,6,3858.25,-306
2022-12-23 15:37:12,22,2,3858.5,-304
2022-12-23 15:37:13,27,-6,3858.25,-310
2022-12-23 15:37:14,55,-31,3858.25,-341
2022-12-23 15:37:15,1,1,3858.25,-340
2022-12-23 15:37:16,1,1,3858.25,-339
2022-12-23 15:37:17,43,31,3858.75,-308
2022-12-23 15:37:18,53,-21,3858.5,-329
2022-12-23 15:37:19,12,3,3858.5,-326
2022-12-23 15:37:20,45,6,3858.75,-320
2022-12-23 15:37:21,20,15,3859.0,-305
2022-12-23 15:37:22,55,7,3859.25,-298
2022-12-23 15:37:23,42,4,3859.25,-294
2022-12-23 15:37:24,5,5,3859.0,-289
2022-12-23 15:37:25,1,1,3859.25,-288
2022-12-23 15:37:26,97,-28,3859.25,-316
2022-12-23 15:37:27,46,-15,3858.75,-331
2022-12-23 15:37:28,22,-4,3858.75,-335
2022-12-23 15:37:29,46,-16,3858.5,-351
2022-12-23 15:37:30,25,-8,3858.5,-359
2022-12-23 15:37:31,169,-88,3858.25,-447
2022-12-23 15:37:32,98,-25,3858.25,-472
2022-12-23 15:37:33,1,1,3858.25,-471
2022-12-23 15:37:34,139,42,3858.25,-429
2022-12-23 15:37:35,1,-1,3858.0,-430
2022-12-23 15:37:36,103,-28,3858.25,-458
2022-12-23 15:37:37,58,17,3858.25,-441
2022-12-23 15:37:38,10,-9,3858.0,-450
2022-12-23 15:37:39,12,-10,3858.0,-460
2022-12-23 15:37:40,139,5,3858.25,-455
2022-12-23 15:37:41,19,11,3858.25,-444
2022-12-23 15:37:43,4,2,3858.5,-442
2022-12-23 15:37:44,1,1,3858.5,-441
2022-12-23 15:37:45,69,27,3858.5,-414
2022-12-23 15:37:48,139,-18,3858.25,-432
2022-12-23 15:37:49,78,9,3858.5,-423
2022-12-23 15:37:50,19,-6,3858.5,-429
2022-12-23 15:37:51,16,7,3858.25,-422
2022-12-23 15:37:52,119,24,3858.25,-398
2022-12-23 15:37:53,1,-1,3858.0,-399
2022-12-23 15:37:54,2,2,3858.25,-397
2022-12-23 15:37:55,78,-35,3858.25,-432
2022-12-23 15:37:56,66,-27,3858.0,-459
2022-12-23 15:37:57,121,-35,3858.0,-494
2022-12-23 15:37:58,13,3,3858.25,-491
2022-12-23 15:37:59,5,-3,3858.25,-494
2022-12-23 15:38:00,9,-6,3858.25,-500
2022-12-23 15:38:01,129,-67,3858.0,-567
2022-12-23 15:38:02,101,30,3858.5,-537
2022-12-23 15:38:03,26,5,3858.5,-532
2022-12-23 15:38:04,65,6,3858.5,-526
2022-12-23 15:38:05,29,-13,3858.5,-539
2022-12-23 15:38:07,2,-2,3858.25,-541
2022-12-23 15:38:08,17,8,3858.5,-533
2022-12-23 15:38:09,15,-11,3858.5,-544
2022-12-23 15:38:10,20,-19,3858.25,-563
2022-12-23 15:38:11,5,1,3858.25,-562
2022-12-23 15:38:12,24,-20,3858.0,-582
2022-12-23 15:38:13,46,18,3858.25,-564
2022-12-23 15:38:14,18,-9,3858.25,-573
2022-12-23 15:38:15,15,-6,3858.0,-579
2022-12-23 15:38:16,52,14,3858.25,-565
2022-12-23 15:38:17,18,13,3858.25,-552
2022-12-23 15:38:18,77,33,3858.75,-519
2022-12-23 15:38:19,127,34,3859.0,-485
2022-12-23 15:38:20,126,-42,3859.0,-527
2022-12-23 15:38:21,21,-9,3858.5,-536
2022-12-23 15:38:22,44,-3,3858.25,-539
2022-12-23 15:38:23,58,13,3858.25,-526
2022-12-23 15:38:24,17,-7,3858.25,-533
2022-12-23 15:38:25,37,4,3858.0,-529
2022-12-23 15:38:26,4,2,3858.25,-527
2022-12-23 15:38:27,12,-4,3858.25,-531
2022-12-23 15:38:28,22,-2,3858.0,-533
2022-12-23 15:38:29,12,8,3858.25,-525
2022-12-23 15:38:30,23,6,3858.5,-519
2022-12-23 15:38:31,36,9,3858.25,-510
2022-12-23 15:38:32,4,0,3858.5,-510
2022-12-23 15:38:33,9,-5,3858.25,-515
2022-12-23 15:38:34,1,1,3858.25,-514
2022-12-23 15:38:35,54,-14,3858.0,-528
2022-12-23 15:38:36,1,-1,3858.0,-529
2022-12-23 15:38:38,90,-14,3858.0,-543
2022-12-23 15:38:39,75,20,3858.0,-523
2022-12-23 15:38:40,4,-4,3857.75,-527
2022-12-23 15:38:41,37,-8,3858.0,-535
2022-12-23 15:38:42,22,-14,3858.0,-549
2022-12-23 15:38:43,63,-2,3858.0,-551
2022-12-23 15:38:44,72,5,3858.0,-546
2022-12-23 15:38:45,39,-15,3858.25,-561
2022-12-23 15:38:46,9,0,3858.25,-561
2022-12-23 15:38:47,38,7,3858.5,-554
2022-12-23 15:38:49,32,15,3858.5,-539
2022-12-23 15:38:51,23,-15,3858.25,-554
2022-12-23 15:38:52,34,14,3858.25,-540
2022-12-23 15:38:53,32,-11,3858.25,-551
2022-12-23 15:38:54,11,7,3858.25,-544
2022-12-23 15:38:55,14,-10,3858.25,-554
2022-12-23 15:38:56,17,6,3858.25,-548
2022-12-23 15:38:57,4,0,3858.25,-548
2022-12-23 15:38:58,2,-2,3858.0,-550
2022-12-23 15:38:59,56,3,3858.25,-547
2022-12-23 15:39:00,25,-3,3858.0,-550
2022-12-23 15:39:01,30,5,3858.0,-545
2022-12-23 15:39:02,34,-5,3858.0,-550
2022-12-23 15:39:03,11,-9,3858.0,-559
2022-12-23 15:39:04,136,23,3858.5,-536
2022-12-23 15:39:05,49,12,3858.75,-524
2022-12-23 15:39:07,132,-44,3858.25,-568
2022-12-23 15:39:09,1,1,3858.5,-567
2022-12-23 15:39:11,246,-33,3858.5,-600
2022-12-23 15:39:12,102,11,3858.5,-589
2022-12-23 15:39:13,18,5,3858.5,-584
2022-12-23 15:39:14,11,1,3858.75,-583
2022-12-23 15:39:15,126,53,3859.0,-530
2022-12-23 15:39:16,75,5,3859.0,-525
2022-12-23 15:39:17,33,-1,3859.0,-526
2022-12-23 15:39:18,58,2,3859.25,-524
2022-12-23 15:39:19,34,-17,3859.25,-541
2022-12-23 15:39:20,51,-22,3859.25,-563
2022-12-23 15:39:21,23,10,3858.75,-553
2022-12-23 15:39:22,28,4,3859.0,-549
2022-12-23 15:39:23,64,-16,3859.0,-565
2022-12-23 15:39:24,47,8,3858.75,-557
2022-12-23 15:39:25,4,-2,3859.0,-559
2022-12-23 15:39:26,10,-10,3858.75,-569
2022-12-23 15:39:27,10,-4,3858.75,-573
2022-12-23 15:39:28,193,-15,3858.75,-588
2022-12-23 15:39:29,16,1,3858.25,-587
2022-12-23 15:39:30,52,14,3858.5,-573
2022-12-23 15:39:31,16,5,3858.5,-568
2022-12-23 15:39:32,14,2,3858.5,-566
2022-12-23 15:39:34,14,5,3858.5,-561
2022-12-23 15:39:35,52,4,3859.0,-557
2022-12-23 15:39:36,41,-8,3859.0,-565
2022-12-23 15:39:37,4,2,3859.0,-563
2022-12-23 15:39:38,30,14,3859.0,-549
2022-12-23 15:39:39,176,35,3859.75,-514
2022-12-23 15:39:40,138,24,3860.0,-490
2022-12-23 15:39:41,225,5,3860.25,-485
2022-12-23 15:39:42,112,-25,3860.0,-510
2022-12-23 15:39:43,68,13,3859.25,-497
2022-12-23 15:39:44,10,-8,3859.25,-505
2022-12-23 15:39:45,154,48,3859.25,-457
2022-12-23 15:39:46,16,6,3859.25,-451
2022-12-23 15:39:47,93,-14,3859.25,-465
2022-12-23 15:39:48,5,-3,3858.75,-468
2022-12-23 15:39:49,50,-2,3859.0,-470
2022-12-23 15:39:50,52,26,3859.5,-444
2022-12-23 15:39:51,13,-7,3859.25,-451
2022-12-23 15:39:52,6,3,3859.25,-448
2022-12-23 15:39:53,16,-4,3859.25,-452
2022-12-23 15:39:54,20,-7,3859.25,-459
2022-12-23 15:39:55,19,-11,3858.75,-470
2022-12-23 15:39:56,24,3,3858.75,-467
2022-12-23 15:39:57,32,0,3858.5,-467
2022-12-23 15:39:58,21,4,3858.75,-463
2022-12-23 15:39:59,8,-4,3858.75,-467
2022-12-23 15:40:00,12,3,3858.75,-464
2022-12-23 15:40:01,23,-9,3858.75,-473
2022-12-23 15:40:02,198,58,3859.25,-415
2022-12-23 15:40:03,12,10,3859.25,-405
2022-12-23 15:40:04,123,77,3859.5,-328
2022-12-23 15:40:05,90,15,3860.0,-313
2022-12-23 15:40:06,51,-9,3859.75,-322
2022-12-23 15:40:07,30,18,3860.0,-304
2022-12-23 15:40:08,4,2,3860.0,-302
2022-12-23 15:40:09,108,79,3860.25,-223
2022-12-23 15:40:10,149,53,3860.5,-170
2022-12-23 15:40:11,217,55,3860.75,-115
2022-12-23 15:40:12,138,-43,3860.5,-158
2022-12-23 15:40:13,123,-29,3860.25,-187
2022-12-23 15:40:14,3,1,3860.0,-186
2022-12-23 15:40:15,42,-12,3860.0,-198
2022-12-23 15:40:16,102,26,3860.5,-172
2022-12-23 15:40:17,22,12,3860.75,-160
2022-12-23 15:40:18,65,-22,3860.75,-182
2022-12-23 15:40:19,22,-6,3860.5,-188
2022-12-23 15:40:20,58,4,3860.5,-184
2022-12-23 15:40:21,16,-4,3860.5,-188
2022-12-23 15:40:22,147,-11,3860.75,-199
2022-12-23 15:40:23,4,0,3860.75,-199
2022-12-23 15:40:24,36,0,3860.75,-199
2022-12-23 15:40:25,73,27,3861.0,-172
2022-12-23 15:40:26,33,9,3861.0,-163
2022-12-23 15:40:27,46,9,3861.25,-154
2022-12-23 15:40:28,26,-8,3861.25,-162
2022-12-23 15:40:29,29,-5,3861.0,-167
2022-12-23 15:40:30,31,-6,3861.0,-173
2022-12-23 15:40:31,60,-4,3860.75,-177
2022-12-23 15:40:32,34,-4,3860.75,-181
2022-12-23 15:40:33,6,0,3860.75,-181
2022-12-23 15:40:35,23,7,3861.0,-174
2022-12-23 15:40:36,55,17,3861.0,-157
2022-12-23 15:40:37,15,0,3861.0,-157
2022-12-23 15:40:38,51,-28,3861.0,-185
2022-12-23 15:40:39,41,-19,3860.5,-204
2022-12-23 15:40:40,25,-6,3860.25,-210
2022-12-23 15:40:41,1,-1,3860.0,-211
2022-12-23 15:40:43,34,15,3860.5,-196
2022-12-23 15:40:44,2,-2,3860.25,-198
2022-12-23 15:40:45,33,0,3860.5,-198
2022-12-23 15:40:46,9,-7,3860.5,-205
2022-12-23 15:40:47,53,-30,3860.25,-235
2022-12-23 15:40:49,5,1,3860.0,-234
2022-12-23 15:40:50,82,-16,3859.75,-250
2022-12-23 15:40:51,1,1,3860.0,-249
2022-12-23 15:40:52,4,4,3860.0,-245
2022-12-23 15:40:54,53,-7,3860.0,-252
2022-12-23 15:40:55,22,0,3859.75,-252
2022-12-23 15:40:57,13,3,3859.75,-249
2022-12-23 15:40:58,42,10,3860.25,-239
2022-12-23 15:40:59,83,7,3860.25,-232
2022-12-23 15:41:00,34,-4,3860.0,-236
2022-12-23 15:41:01,13,6,3860.25,-230
2022-12-23 15:41:02,26,15,3860.5,-215
2022-12-23 15:41:03,11,6,3860.5,-209
2022-12-23 15:41:04,67,31,3860.75,-178
2022-12-23 15:41:05,132,5,3861.0,-173
2022-12-23 15:41:06,97,-36,3861.25,-209
2022-12-23 15:41:07,40,-22,3861.0,-231
2022-12-23 15:41:08,29,14,3861.0,-217
2022-12-23 15:41:09,4,0,3861.0,-217
2022-12-23 15:41:10,84,-5,3861.0,-222
2022-12-23 15:41:11,4,3,3860.75,-219
2022-12-23 15:41:12,1,-1,3860.5,-220
2022-12-23 15:41:13,64,36,3861.25,-184
2022-12-23 15:41:14,5,1,3861.25,-183
2022-12-23 15:41:15,74,35,3861.5,-148
2022-12-23 15:41:16,113,-14,3861.25,-162
2022-12-23 15:41:17,5,5,3861.25,-157
2022-12-23 15:41:18,21,-17,3861.0,-174
2022-12-23 15:41:19,27,13,3861.0,-161
2022-12-23 15:41:20,4,4,3861.25,-157
2022-12-23 15:41:21,30,-7,3861.5,-164
2022-12-23 15:41:22,35,3,3861.5,-161
2022-12-23 15:41:23,31,-5,3861.5,-166
2022-12-23 15:41:24,206,69,3861.75,-97
2022-12-23 15:41:25,62,24,3862.0,-73
2022-12-23 15:41:26,75,-34,3862.0,-107
2022-12-23 15:41:27,42,14,3861.75,-93
2022-12-23 15:41:28,31,13,3862.0,-80
2022-12-23 15:41:29,15,-4,3862.0,-84
2022-12-23 15:41:30,20,-17,3861.75,-101
2022-12-23 15:41:31,39,6,3861.75,-95
2022-12-23 15:41:32,41,-11,3861.75,-106
2022-12-23 15:41:33,29,-1,3861.5,-107
2022-12-23 15:41:34,7,1,3861.5,-106
2022-12-23 15:41:35,61,19,3861.75,-87
2022-12-23 15:41:36,62,-15,3861.75,-102
2022-12-23 15:41:37,20,-7,3861.5,-109
2022-12-23 15:41:38,107,-21,3861.5,-130
2022-12-23 15:41:39,1,1,3861.25,-129
2022-12-23 15:41:40,16,-3,3861.25,-132
2022-12-23 15:41:41,84,36,3861.5,-96
2022-12-23 15:41:43,87,-5,3861.75,-101
2022-12-23 15:41:44,15,-10,3861.75,-111
2022-12-23 15:41:45,19,7,3861.5,-104
2022-12-23 15:41:46,79,23,3861.75,-81
2022-12-23 15:41:47,6,0,3862.0,-81
2022-12-23 15:41:48,85,-9,3862.0,-90
2022-12-23 15:41:49,13,5,3862.0,-85
2022-12-23 15:41:51,47,-27,3861.75,-112
2022-12-23 15:41:52,25,-12,3862.0,-124
2022-12-23 15:41:53,5,5,3862.0,-119
2022-12-23 15:41:54,7,-4,3862.0,-123
2022-12-23 15:41:55,78,-4,3862.0,-127
2022-12-23 15:41:56,1,-1,3861.75,-128
2022-12-23 15:41:57,5,0,3862.0,-128
2022-12-23 15:41:58,13,-2,3862.0,-130
2022-12-23 15:41:59,40,-4,3862.0,-134
2022-12-23 15:42:00,22,-10,3862.0,-144
2022-12-23 15:42:01,89,-18,3861.75,-162
2022-12-23 15:42:02,24,8,3861.75,-154
2022-12-23 15:42:03,21,-6,3861.75,-160
2022-12-23 15:42:04,42,-10,3861.75,-170
2022-12-23 15:42:05,48,-6,3861.75,-176
2022-12-23 15:42:06,39,13,3861.75,-163
2022-12-23 15:42:07,2,-2,3861.75,-165
2022-12-23 15:42:08,9,-8,3861.75,-173
2022-12-23 15:42:09,219,61,3862.0,-112
2022-12-23 15:42:10,146,-3,3862.25,-115
2022-12-23 15:42:11,5,-2,3862.0,-117
2022-12-23 15:42:12,48,-8,3861.75,-125
2022-12-23 15:42:13,70,39,3862.0,-86
2022-12-23 15:42:14,57,2,3861.75,-84
2022-12-23 15:42:15,56,11,3862.0,-73
2022-12-23 15:42:16,3,-1,3862.25,-74
2022-12-23 15:42:18,4,-4,3862.0,-78
2022-12-23 15:42:19,11,-9,3862.0,-87
2022-12-23 15:42:20,31,-11,3862.0,-98
2022-12-23 15:42:21,45,-19,3862.25,-117
2022-12-23 15:42:22,29,10,3862.25,-107
2022-12-23 15:42:23,80,33,3862.25,-74
2022-12-23 15:42:24,17,4,3862.5,-70
2022-12-23 15:42:25,152,58,3862.75,-12
2022-12-23 15:42:26,89,38,3863.0,26
2022-12-23 15:42:27,3,-1,3863.0,25
2022-12-23 15:42:28,69,-11,3863.0,14
2022-12-23 15:42:29,37,-7,3863.0,7
2022-12-23 15:42:30,18,6,3862.75,13
2022-12-23 15:42:31,28,-18,3862.75,-5
2022-12-23 15:42:32,2,2,3862.75,-3
2022-12-23 15:42:33,3,1,3862.75,-2
2022-12-23 15:42:34,7,1,3862.75,-1
2022-12-23 15:42:35,3,2,3862.75,1
2022-12-23 15:42:36,50,-7,3862.75,-6
2022-12-23 15:42:37,54,-7,3862.25,-13
2022-12-23 15:42:38,2,2,3862.5,-11
2022-12-23 15:42:39,24,-10,3862.5,-21
2022-12-23 15:42:40,54,1,3862.25,-20
2022-12-23 15:42:41,10,3,3862.25,-17
2022-12-23 15:42:42,1,1,3862.25,-16
2022-12-23 15:42:43,3,-1,3862.25,-17
2022-12-23 15:42:44,97,18,3862.25,1
2022-12-23 15:42:45,2,-2,3862.25,-1
2022-12-23 15:42:46,75,15,3862.75,14
2022-12-23 15:42:47,28,-16,3862.75,-2
2022-12-23 15:42:48,6,3,3862.75,1
2022-12-23 15:42:49,5,4,3862.75,5
2022-12-23 15:42:50,44,0,3862.75,5
2022-12-23 15:42:51,14,9,3862.75,14
2022-12-23 15:42:52,15,-1,3862.75,13
2022-12-23 15:42:53,16,-1,3862.75,12
2022-12-23 15:42:54,101,43,3863.0,55
2022-12-23 15:42:55,107,16,3863.25,71
2022-12-23 15:42:56,85,39,3863.5,110
2022-12-23 15:42:57,41,11,3863.75,121
2022-12-23 15:42:58,34,6,3863.5,127
2022-12-23 15:42:59,54,-23,3863.5,104
2022-12-23 15:43:00,91,-1,3863.25,103
2022-12-23 15:43:01,48,26,3863.25,129
2022-12-23 15:43:02,103,8,3863.5,137
2022-12-23 15:43:03,57,22,3863.75,159
2022-12-23 15:43:04,41,-11,3863.75,148
2022-12-23 15:43:05,21,-12,3863.5,136
2022-12-23 15:43:06,76,-12,3863.5,124
2022-12-23 15:43:07,18,-11,3863.75,113
2022-12-23 15:43:08,29,-15,3863.5,98
2022-12-23 15:43:09,3,3,3863.25,101
2022-12-23 15:43:10,3,-1,3863.25,100
2022-12-23 15:43:11,49,-26,3863.0,74
2022-12-23 15:43:12,24,8,3863.0,82
2022-12-23 15:43:13,31,-16,3863.0,66
2022-12-23 15:43:14,19,6,3863.0,72
2022-12-23 15:43:15,59,9,3863.25,81
2022-12-23 15:43:16,15,-2,3863.25,79
2022-12-23 15:43:17,7,-5,3863.25,74
2022-12-23 15:43:18,39,3,3863.25,77
2022-12-23 15:43:19,72,-18,3863.0,59
2022-12-23 15:43:20,29,10,3863.25,69
2022-12-23 15:43:22,19,-10,3863.0,59
2022-12-23 15:43:23,5,-2,3863.0,57
2022-12-23 15:43:24,40,-14,3863.0,43
2022-12-23 15:43:25,1,1,3862.75,44
2022-12-23 15:43:26,27,-3,3863.0,41
2022-12-23 15:43:27,20,15,3863.25,56
2022-12-23 15:43:28,15,9,3863.25,65
2022-12-23 15:43:29,68,4,3863.5,69
2022-12-23 15:43:30,19,-5,3863.5,64
2022-12-23 15:43:31,2,2,3863.5,66
2022-12-23 15:43:32,6,-4,3863.5,62
2022-12-23 15:43:33,18,-9,3863.5,53
2022-12-23 15:43:34,1,1,3863.25,54
2022-12-23 15:43:35,23,5,3863.25,59
2022-12-23 15:43:36,17,10,3863.25,69
2022-12-23 15:43:37,10,-9,3863.25,60
2022-12-23 15:43:38,6,4,3863.0,64
2022-12-23 15:43:39,23,-6,3863.0,58
2022-12-23 15:43:40,26,-1,3863.25,57
2022-12-23 15:43:41,3,3,3863.0,60
2022-12-23 15:43:42,1,-1,3862.75,59
2022-12-23 15:43:43,2,2,3863.0,61
2022-12-23 15:43:44,10,-5,3863.25,56
2022-12-23 15:43:47,3,3,3863.25,59
2022-12-23 15:43:48,2,-2,3863.0,57
2022-12-23 15:43:51,78,-25,3863.0,32
2022-12-23 15:43:52,15,-6,3862.75,26
2022-12-23 15:43:53,7,-1,3862.75,25
2022-12-23 15:43:54,2,0,3863.0,25
2022-12-23 15:43:55,2,-2,3862.75,23
2022-12-23 15:43:56,167,8,3863.25,31
2022-12-23 15:43:57,23,2,3863.25,33
2022-12-23 15:43:58,1,-1,3863.25,32
2022-12-23 15:44:00,13,-6,3863.25,26
2022-12-23 15:44:01,12,1,3863.5,27
2022-12-23 15:44:02,7,-6,3863.25,21
2022-12-23 15:44:03,30,9,3863.25,30
2022-12-23 15:44:04,65,14,3863.5,44
2022-12-23 15:44:05,7,6,3863.75,50
2022-12-23 15:44:06,113,27,3863.75,77
2022-12-23 15:44:07,46,26,3864.0,103
2022-12-23 15:44:08,13,2,3864.0,105
2022-12-23 15:44:09,46,-31,3864.0,74
2022-12-23 15:44:10,11,9,3863.75,83
2022-12-23 15:44:11,106,33,3863.75,116
2022-12-23 15:44:12,93,8,3864.0,124
2022-12-23 15:44:13,11,7,3864.0,131
2022-12-23 15:44:14,29,5,3864.0,136
2022-12-23 15:44:15,27,7,3864.0,143
2022-12-23 15:44:16,65,-33,3864.0,110
2022-12-23 15:44:17,12,3,3864.0,113
2022-12-23 15:44:18,2,2,3864.0,115
2022-12-23 15:44:19,166,23,3864.25,138
2022-12-23 15:44:20,113,-19,3864.0,119
2022-12-23 15:44:21,53,8,3864.0,127
2022-12-23 15:44:22,70,-4,3864.0,123
2022-12-23 15:44:23,13,-2,3864.0,121
2022-12-23 15:44:24,41,15,3864.25,136
2022-12-23 15:44:25,22,-17,3864.0,119
2022-12-23 15:44:26,46,-13,3863.75,106
2022-12-23 15:44:27,106,12,3864.25,118
2022-12-23 15:44:28,2,2,3864.25,120
2022-12-23 15:44:29,3,3,3864.25,123
2022-12-23 15:44:30,3,-2,3864.0,121
2022-12-23 15:44:31,28,-9,3864.0,112
2022-12-23 15:44:32,217,51,3864.5,163
2022-12-23 15:44:33,85,-28,3864.5,135
2022-12-23 15:44:34,5,2,3864.25,137
2022-12-23 15:44:35,194,28,3864.5,165
2022-12-23 15:44:36,5,-3,3864.5,162
2022-12-23 15:44:37,3,1,3864.5,163
2022-12-23 15:44:38,4,-2,3864.25,161
2022-12-23 15:44:39,71,-13,3864.25,148
2022-12-23 15:44:40,50,20,3864.5,168
2022-12-23 15:44:41,35,-10,3864.25,158
2022-12-23 15:44:42,57,6,3864.5,164
2022-12-23 15:44:43,3,1,3864.5,165
2022-12-23 15:44:44,7,-3,3864.25,162
2022-12-23 15:44:45,59,6,3864.75,168
2022-12-23 15:44:46,42,8,3864.5,176
2022-12-23 15:44:48,148,-59,3864.5,117
2022-12-23 15:44:49,13,-4,3864.25,113
2022-12-23 15:44:50,18,-16,3864.25,97
2022-12-23 15:44:51,159,31,3864.5,128
2022-12-23 15:44:52,14,-4,3864.5,124
2022-12-23 15:44:53,3,-2,3864.25,122
2022-12-23 15:44:54,40,-1,3864.5,121
2022-12-23 15:44:55,2,0,3864.5,121
2022-12-23 15:44:56,1,-1,3864.25,120
2022-12-23 15:44:57,61,-4,3864.5,116
2022-12-23 15:44:58,148,-17,3864.25,99
2022-12-23 15:44:59,174,-74,3864.25,25
2022-12-23 15:45:00,195,-72,3864.0,-47
2022-12-23 15:45:01,84,39,3864.0,-8
2022-12-23 15:45:02,6,0,3864.25,-8
2022-12-23 15:45:03,2,0,3864.25,-8
2022-12-23 15:45:04,46,-20,3864.25,-28
2022-12-23 15:45:05,76,20,3864.0,-8
2022-12-23 15:45:06,77,5,3864.25,-3
2022-12-23 15:45:07,19,17,3864.5,14
2022-12-23 15:45:08,87,14,3864.5,28
2022-12-23 15:45:09,14,8,3864.75,36
2022-12-23 15:45:10,76,-57,3864.75,-21
2022-12-23 15:45:11,27,8,3864.75,-13
2022-12-23 15:45:12,19,6,3864.5,-7
2022-12-23 15:45:13,36,-14,3864.25,-21
2022-12-23 15:45:14,2,-2,3864.0,-23
2022-12-23 15:45:15,62,-32,3864.0,-55
2022-12-23 15:45:16,88,13,3863.75,-42
2022-12-23 15:45:17,8,2,3863.75,-40
2022-12-23 15:45:18,38,5,3863.75,-35
2022-12-23 15:45:19,18,-7,3864.0,-42
2022-12-23 15:45:20,28,7,3863.75,-35
2022-12-23 15:45:21,9,0,3864.0,-35
2022-12-23 15:45:22,8,3,3864.0,-32
2022-12-23 15:45:23,17,-12,3863.75,-44
2022-12-23 15:45:24,37,12,3864.0,-32
2022-12-23 15:45:25,41,7,3864.0,-25
2022-12-23 15:45:26,5,5,3864.0,-20
2022-12-23 15:45:27,17,-2,3864.0,-22
2022-12-23 15:45:28,20,8,3864.0,-14
2022-12-23 15:45:29,13,6,3864.0,-8
2022-12-23 15:45:30,5,1,3864.25,-7
2022-12-23 15:45:31,20,-9,3864.0,-16
2022-12-23 15:45:32,43,-2,3864.0,-18
2022-12-23 15:45:33,94,-46,3864.0,-64
2022-12-23 15:45:34,30,18,3863.75,-46
2022-12-23 15:45:35,165,20,3864.5,-26
2022-12-23 15:45:36,11,-3,3864.25,-29
2022-12-23 15:45:37,39,-4,3864.0,-33
2022-12-23 15:45:38,58,36,3864.25,3
2022-12-23 15:45:39,17,-1,3864.25,2
2022-12-23 15:45:40,57,12,3864.5,14
2022-12-23 15:45:41,11,5,3864.75,19
2022-12-23 15:45:42,57,2,3864.75,21
2022-12-23 15:45:44,18,-1,3864.5,20
2022-12-23 15:45:45,9,1,3864.5,21
2022-12-23 15:45:46,31,11,3864.5,32
2022-12-23 15:45:47,14,-8,3864.5,24
2022-12-23 15:45:48,9,7,3864.5,31
2022-12-23 15:45:49,6,0,3864.5,31
2022-12-23 15:45:50,1,1,3864.5,32
2022-12-23 15:45:51,50,18,3864.75,50
2022-12-23 15:45:52,24,-1,3864.5,49
2022-12-23 15:45:53,10,6,3864.75,55
2022-12-23 15:45:54,9,-6,3864.5,49
2022-12-23 15:45:55,28,-13,3864.5,36
2022-12-23 15:45:56,6,-4,3864.5,32
2022-12-23 15:45:57,21,-18,3864.5,14
2022-12-23 15:45:59,53,-4,3864.5,10
2022-12-23 15:46:00,79,9,3864.5,19
2022-12-23 15:46:01,41,-2,3864.75,17
2022-12-23 15:46:02,51,-12,3864.75,5
2022-12-23 15:46:03,56,3,3864.5,8
2022-12-23 15:46:04,17,-5,3864.5,3
2022-12-23 15:46:05,157,40,3865.0,43
2022-12-23 15:46:06,38,-2,3864.5,41
2022-12-23 15:46:07,39,27,3864.75,68
2022-12-23 15:46:10,132,56,3865.25,124
2022-12-23 15:46:11,252,34,3865.5,158
2022-12-23 15:46:12,15,11,3865.5,169
2022-12-23 15:46:13,21,8,3865.5,177
2022-12-23 15:46:14,74,2,3865.5,179
2022-12-23 15:46:15,31,22,3865.75,201
2022-12-23 15:46:16,58,-25,3865.75,176
2022-12-23 15:46:17,59,1,3865.75,177
2022-12-23 15:46:18,164,29,3866.0,206
2022-12-23 15:46:19,124,60,3866.25,266
2022-12-23 15:46:20,163,29,3866.75,295
2022-12-23 15:46:21,208,-7,3866.75,288
2022-12-23 15:46:22,106,-36,3866.75,252
2022-12-23 15:46:23,177,19,3867.0,271
2022-12-23 15:46:24,94,-21,3867.0,250
2022-12-23 15:46:25,54,-21,3866.75,229
2022-12-23 15:46:26,42,-14,3866.75,215
2022-12-23 15:46:27,47,-10,3866.5,205
2022-12-23 15:46:28,79,28,3867.0,233
2022-12-23 15:46:29,43,-17,3866.75,216
2022-12-23 15:46:30,66,-8,3866.75,208
2022-12-23 15:46:31,141,-52,3866.75,156
2022-12-23 15:46:32,53,-9,3866.75,147
2022-12-23 15:46:33,227,-15,3866.5,132
2022-12-23 15:46:34,15,-5,3866.75,127
2022-12-23 15:46:35,21,-15,3866.5,112
2022-12-23 15:46:36,67,-21,3866.5,91
2022-12-23 15:46:37,64,22,3867.0,113
2022-12-23 15:46:38,43,-13,3866.75,100
2022-12-23 15:46:39,30,10,3866.75,110
2022-12-23 15:46:40,28,9,3867.0,119
2022-12-23 15:46:41,24,-10,3867.0,109
2022-12-23 15:46:42,93,19,3867.0,128
2022-12-23 15:46:43,11,5,3867.0,133
2022-12-23 15:46:44,5,-1,3867.0,132
2022-12-23 15:46:45,140,50,3867.25,182
2022-12-23 15:46:46,14,2,3867.25,184
2022-12-23 15:46:47,128,-19,3867.0,165
2022-12-23 15:46:48,28,-12,3867.0,153
2022-12-23 15:46:49,10,-4,3866.75,149
2022-12-23 15:46:50,78,-27,3866.75,122
2022-12-23 15:46:51,231,-110,3866.75,12
2022-12-23 15:46:52,30,8,3866.25,20
2022-12-23 15:46:53,132,5,3866.25,25
2022-12-23 15:46:54,133,48,3867.0,73
2022-12-23 15:46:55,69,17,3867.0,90
2022-12-23 15:46:56,41,-4,3867.25,86
2022-12-23 15:46:57,125,29,3867.25,115
2022-12-23 15:46:58,200,56,3867.75,171
2022-12-23 15:46:59,88,-9,3867.75,162
2022-12-23 15:47:00,43,-4,3867.5,158
2022-12-23 15:47:01,127,-6,3867.25,152
2022-12-23 15:47:02,40,0,3867.25,152
2022-12-23 15:47:03,26,-3,3867.25,149
2022-12-23 15:47:04,39,-18,3867.0,131
2022-12-23 15:47:05,22,-3,3866.75,128
2022-12-23 15:47:06,7,-6,3866.5,122
2022-12-23 15:47:07,28,-15,3866.75,107
2022-12-23 15:47:08,52,13,3866.75,120
2022-12-23 15:47:09,3,-3,3866.5,117
2022-12-23 15:47:10,76,-10,3866.75,107
2022-12-23 15:47:11,12,6,3866.75,113
2022-12-23 15:47:12,22,-9,3866.75,104
2022-12-23 15:47:13,38,-23,3866.5,81
2022-12-23 15:47:14,37,-13,3866.25,68
2022-12-23 15:47:15,61,30,3866.5,98
2022-12-23 15:47:16,25,4,3866.75,102
2022-12-23 15:47:17,73,-17,3866.75,85
2022-12-23 15:47:18,49,24,3867.0,109
2022-12-23 15:47:19,116,-10,3866.75,99
2022-12-23 15:47:20,75,-9,3867.0,90
2022-12-23 15:47:21,75,21,3867.0,111
2022-12-23 15:47:22,37,-14,3867.25,97
2022-12-23 15:47:23,42,-18,3867.0,79
2022-12-23 15:47:25,68,-6,3866.75,73
2022-12-23 15:47:26,1,1,3866.75,74
2022-12-23 15:47:27,22,13,3866.75,87
2022-12-23 15:47:28,47,-30,3866.5,57
2022-12-23 15:47:29,229,-110,3866.25,-53
2022-12-23 15:47:30,133,-81,3866.25,-134
2022-12-23 15:47:31,136,-23,3865.5,-157
2022-12-23 15:47:32,42,-26,3865.75,-183
2022-12-23 15:47:33,58,-35,3865.25,-218
2022-12-23 15:47:34,117,-2,3864.75,-220
2022-12-23 15:47:35,118,-21,3865.0,-241
2022-12-23 15:47:36,8,1,3865.0,-240
2022-12-23 15:47:37,37,8,3865.25,-232
2022-12-23 15:47:38,3,-1,3865.25,-233
2022-12-23 15:47:39,53,-4,3865.25,-237
2022-12-23 15:47:40,9,8,3865.25,-229
2022-12-23 15:47:41,46,27,3865.5,-202
2022-12-23 15:47:42,36,13,3865.5,-189
2022-12-23 15:47:43,8,-4,3865.25,-193
2022-12-23 15:47:44,12,2,3865.5,-191
2022-12-23 15:47:45,80,47,3866.0,-144
2022-12-23 15:47:46,16,-2,3866.25,-146
2022-12-23 15:47:47,21,13,3866.25,-133
2022-12-23 15:47:48,156,25,3866.75,-108
2022-12-23 15:47:49,4,1,3866.75,-107
2022-12-23 15:47:50,266,11,3866.75,-96
2022-12-23 15:47:51,234,46,3866.75,-50
2022-12-23 15:47:52,110,-38,3866.75,-88
2022-12-23 15:47:53,138,33,3866.5,-55
2022-12-23 15:47:54,182,14,3867.0,-41
2022-12-23 15:47:55,5,3,3867.0,-38
2022-12-23 15:47:57,2,0,3867.0,-38
2022-12-23 15:47:58,3,-1,3867.0,-39
2022-12-23 15:47:59,95,-44,3867.0,-83
2022-12-23 15:48:00,24,10,3866.75,-73
2022-12-23 15:48:01,81,-18,3867.0,-91
2022-12-23 15:48:02,12,-10,3866.5,-101
2022-12-23 15:48:03,87,12,3866.5,-89
2022-12-23 15:48:04,65,-15,3866.25,-104
2022-12-23 15:48:05,43,-6,3866.25,-110
2022-12-23 15:48:06,40,2,3866.25,-108
2022-12-23 15:48:07,47,16,3866.25,-92
2022-12-23 15:48:08,27,-9,3866.0,-101
2022-12-23 15:48:09,16,-4,3866.0,-105
2022-12-23 15:48:10,55,-35,3866.0,-140
2022-12-23 15:48:11,74,15,3865.5,-125
2022-12-23 15:48:12,63,22,3865.75,-103
2022-12-23 15:48:13,13,6,3865.5,-97
2022-12-23 15:48:14,35,9,3865.75,-88
2022-12-23 15:48:15,6,3,3865.75,-85
2022-12-23 15:48:16,34,10,3865.75,-75
2022-12-23 15:48:17,15,-11,3865.5,-86
2022-12-23 15:48:18,96,42,3866.25,-44
2022-12-23 15:48:19,93,21,3866.75,-23
2022-12-23 15:48:20,35,9,3866.75,-14
2022-12-23 15:48:21,114,-26,3866.75,-40
2022-12-23 15:48:22,74,5,3866.0,-35
2022-12-23 15:48:23,5,-1,3866.25,-36
2022-12-23 15:48:24,53,-22,3866.0,-58
2022-12-23 15:48:25,114,-16,3866.0,-74
2022-12-23 15:48:26,60,15,3865.75,-59
2022-12-23 15:48:28,67,-10,3865.5,-69
2022-12-23 15:48:29,45,9,3865.75,-60
2022-12-23 15:48:30,127,28,3866.25,-32
2022-12-23 15:48:31,15,3,3866.25,-29
2022-12-23 15:48:32,152,-52,3866.0,-81
2022-12-23 15:48:33,55,28,3865.5,-53
2022-12-23 15:48:34,35,4,3865.75,-49
2022-12-23 15:48:35,1,1,3865.75,-48
2022-12-23 15:48:36,21,11,3865.75,-37
2022-12-23 15:48:37,1,-1,3865.75,-38
2022-12-23 15:48:38,53,-21,3865.75,-59
2022-12-23 15:48:39,10,1,3865.75,-58
2022-12-23 15:48:40,41,-17,3865.75,-75
2022-12-23 15:48:41,1,1,3865.5,-74
2022-12-23 15:48:42,36,17,3865.5,-57
2022-12-23 15:48:43,22,15,3865.75,-42
2022-12-23 15:48:44,69,17,3866.0,-25
2022-12-23 15:48:45,5,0,3866.0,-25
2022-12-23 15:48:46,36,8,3866.25,-17
2022-12-23 15:48:47,2,0,3866.5,-17
2022-12-23 15:48:48,54,13,3866.5,-4
2022-12-23 15:48:49,35,-19,3866.25,-23
2022-12-23 15:48:50,83,-1,3866.25,-24
2022-12-23 15:48:51,53,19,3866.5,-5
2022-12-23 15:48:52,84,19,3866.75,14
2022-12-23 15:48:53,81,-10,3866.75,4
2022-12-23 15:48:54,2,2,3866.75,6
2022-12-23 15:48:56,97,-36,3866.5,-30
2022-12-23 15:48:57,4,-1,3866.5,-31
2022-12-23 15:48:58,30,-13,3866.5,-44
2022-12-23 15:48:59,38,-15,3866.25,-59
2022-12-23 15:49:00,31,-5,3866.0,-64
2022-12-23 15:49:01,18,11,3866.0,-53
2022-12-23 15:49:02,53,-7,3866.0,-60
2022-12-23 15:49:03,25,-1,3865.75,-61
2022-12-23 15:49:04,32,18,3866.25,-43
2022-12-23 15:49:05,26,1,3866.25,-42
2022-12-23 15:49:06,17,-5,3866.0,-47
2022-12-23 15:49:07,32,17,3865.75,-30
2022-12-23 15:49:08,24,-13,3865.75,-43
2022-12-23 15:49:09,36,10,3866.0,-33
2022-12-23 15:49:10,32,2,3865.75,-31
2022-12-23 15:49:11,39,14,3866.0,-17
2022-12-23 15:49:12,29,-11,3865.75,-28
2022-12-23 15:49:13,149,30,3866.5,2
2022-12-23 15:49:14,209,98,3866.75,100
2022-12-23 15:49:15,160,62,3867.25,162
2022-12-23 15:49:16,21,-3,3867.0,159
2022-12-23 15:49:17,63,-13,3867.25,146
2022-12-23 15:49:18,294,19,3867.25,165
2022-12-23 15:49:19,19,8,3867.25,173
2022-12-23 15:49:20,235,-15,3867.25,158
2022-12-23 15:49:21,179,67,3867.5,225
2022-12-23 15:49:22,184,-22,3867.5,203
2022-12-23 15:49:23,181,68,3867.75,271
2022-12-23 15:49:24,18,-6,3867.75,265
2022-12-23 15:49:25,219,-46,3867.75,219
2022-12-23 15:49:26,109,16,3868.0,235
2022-12-23 15:49:27,170,-40,3867.75,195
2022-12-23 15:49:28,73,-14,3867.75,181
2022-12-23 15:49:29,75,12,3867.75,193
2022-12-23 15:49:30,248,-83,3868.0,110
2022-12-23 15:49:31,36,-7,3867.5,103
2022-12-23 15:49:32,25,-3,3867.25,100
2022-12-23 15:49:33,87,-20,3867.25,80
2022-12-23 15:49:34,73,-9,3867.0,71
2022-12-23 15:49:35,170,46,3867.25,117
2022-12-23 15:49:36,50,29,3867.75,146
2022-12-23 15:49:37,17,-10,3867.5,136
2022-12-23 15:49:38,283,63,3868.0,199
2022-12-23 15:49:39,54,5,3868.0,204
2022-12-23 15:49:40,86,14,3868.0,218
2022-12-23 15:49:41,122,45,3868.5,263
2022-12-23 15:49:42,48,-2,3868.5,261
2022-12-23 15:49:43,196,3,3868.5,264
2022-12-23 15:49:44,82,35,3868.5,299
2022-12-23 15:49:45,70,1,3868.5,300
2022-12-23 15:49:46,62,-9,3868.25,291
2022-12-23 15:49:47,12,-4,3868.0,287
2022-12-23 15:49:48,45,-33,3867.75,254
2022-12-23 15:49:49,16,6,3867.5,260
2022-12-23 15:49:50,39,-24,3867.25,236
2022-12-23 15:49:51,55,23,3867.5,259
2022-12-23 15:49:52,43,34,3868.25,293
2022-12-23 15:49:53,1,1,3868.0,294
2022-12-23 15:49:54,41,-5,3868.0,289
2022-12-23 15:49:55,34,16,3868.0,305
2022-12-23 15:49:56,7,1,3868.0,306
2022-12-23 15:49:57,78,-17,3868.0,289
2022-12-23 15:49:58,75,1,3868.0,290
2022-12-23 15:49:59,45,-30,3868.0,260
2022-12-23 15:50:00,1018,-420,3868.0,-160
2022-12-23 15:50:01,550,-117,3867.0,-277
2022-12-23 15:50:02,210,27,3866.0,-250
2022-12-23 15:50:03,245,-41,3866.0,-291
2022-12-23 15:50:04,188,-20,3865.75,-311
2022-12-23 15:50:05,156,14,3865.75,-297
2022-12-23 15:50:06,164,-65,3865.75,-362
2022-12-23 15:50:07,78,-20,3865.75,-382
2022-12-23 15:50:08,10,-6,3865.5,-388
2022-12-23 15:50:09,156,10,3865.5,-378
2022-12-23 15:50:10,224,28,3865.25,-350
2022-12-23 15:50:11,134,-33,3865.0,-383
2022-12-23 15:50:12,30,-18,3864.5,-401
2022-12-23 15:50:13,174,-75,3864.5,-476
2022-12-23 15:50:14,78,6,3864.0,-470
2022-12-23 15:50:15,99,26,3864.5,-444
2022-12-23 15:50:16,71,17,3864.75,-427
2022-12-23 15:50:17,129,9,3865.25,-418
2022-12-23 15:50:18,171,-74,3865.25,-492
2022-12-23 15:50:19,159,-72,3864.25,-564
2022-12-23 15:50:20,124,-58,3864.0,-622
2022-12-23 15:50:21,93,-4,3863.0,-626
2022-12-23 15:50:22,189,-41,3862.75,-667
2022-12-23 15:50:23,66,-22,3862.5,-689
2022-12-23 15:50:24,88,-25,3862.5,-714
2022-12-23 15:50:25,46,6,3862.5,-708
2022-12-23 15:50:26,117,-22,3862.75,-730
2022-12-23 15:50:27,69,-3,3862.5,-733
2022-12-23 15:50:28,37,-9,3862.25,-742
2022-12-23 15:50:29,76,20,3862.5,-722
2022-12-23 15:50:30,115,3,3862.75,-719
2022-12-23 15:50:31,95,0,3863.0,-719
2022-12-23 15:50:32,107,-34,3863.5,-753
2022-12-23 15:50:33,15,8,3863.0,-745
2022-12-23 15:50:34,27,7,3863.25,-738
2022-12-23 15:50:35,96,-4,3863.25,-742
2022-12-23 15:50:36,70,-25,3863.25,-767
2022-12-23 15:50:37,39,2,3863.0,-765
2022-12-23 15:50:38,110,32,3863.5,-733
2022-12-23 15:50:39,137,-28,3864.0,-761
2022-12-23 15:50:40,93,-21,3863.5,-782
2022-12-23 15:50:41,42,15,3863.0,-767
2022-12-23 15:50:42,57,-10,3863.0,-777
2022-12-23 15:50:43,25,21,3863.0,-756
2022-12-23 15:50:44,103,3,3863.0,-753
2022-12-23 15:50:45,77,-25,3862.75,-778
2022-12-23 15:50:46,65,-9,3862.5,-787
2022-12-23 15:50:47,12,6,3862.5,-781
2022-12-23 15:50:48,66,-15,3862.5,-796
2022-12-23 15:50:49,31,-6,3862.75,-802
2022-12-23 15:50:50,87,42,3863.25,-760
2022-12-23 15:50:51,32,3,3863.5,-757
2022-12-23 15:50:52,64,16,3863.5,-741
2022-12-23 15:50:53,12,-6,3863.5,-747
2022-12-23 15:50:54,73,-8,3863.5,-755
2022-12-23 15:50:55,34,-8,3863.5,-763
2022-12-23 15:50:56,10,1,3863.25,-762
2022-12-23 15:50:57,17,6,3863.5,-756
2022-12-23 15:50:58,28,3,3863.5,-753
2022-12-23 15:50:59,88,40,3864.0,-713
2022-12-23 15:51:00,93,5,3864.0,-708
2022-12-23 15:51:01,33,15,3864.25,-693
2022-12-23 15:51:02,9,7,3864.25,-686
2022-12-23 15:51:03,299,-27,3864.25,-713
2022-12-23 15:51:04,67,42,3864.75,-671
2022-12-23 15:51:05,57,-18,3864.75,-689
2022-12-23 15:51:06,102,15,3864.75,-674
2022-12-23 15:51:07,70,26,3865.0,-648
2022-12-23 15:51:08,104,11,3865.0,-637
2022-12-23 15:51:09,26,15,3865.0,-622
2022-12-23 15:51:10,160,67,3865.5,-555
2022-12-23 15:51:11,85,35,3865.75,-520
2022-12-23 15:51:12,138,69,3866.5,-451
2022-12-23 15:51:13,89,-13,3866.5,-464
2022-12-23 15:51:14,194,21,3866.5,-443
2022-12-23 15:51:15,79,6,3866.25,-437
2022-12-23 15:51:16,247,-55,3865.75,-492
2022-12-23 15:51:17,15,4,3865.5,-488
2022-12-23 15:51:18,89,31,3865.75,-457
2022-12-23 15:51:19,99,-19,3865.75,-476
2022-12-23 15:51:20,49,-7,3865.5,-483
2022-12-23 15:51:21,97,19,3865.75,-464
2022-12-23 15:51:22,131,-33,3865.5,-497
2022-12-23 15:51:23,115,-41,3864.75,-538
2022-12-23 15:51:24,42,-21,3864.5,-559
2022-12-23 15:51:25,66,-24,3864.25,-583
2022-12-23 15:51:26,25,11,3864.25,-572
2022-12-23 15:51:27,49,7,3864.75,-565
2022-12-23 15:51:28,11,6,3864.75,-559
2022-12-23 15:51:29,21,-16,3864.5,-575
2022-12-23 15:51:30,69,-10,3864.25,-585
2022-12-23 15:51:31,65,18,3864.25,-567
2022-12-23 15:51:32,7,-1,3864.25,-568
2022-12-23 15:51:33,62,4,3864.25,-564
2022-12-23 15:51:34,1,-1,3864.0,-565
2022-12-23 15:51:35,22,-15,3864.0,-580
2022-12-23 15:51:36,13,-2,3864.0,-582
2022-12-23 15:51:37,36,5,3864.0,-577
2022-12-23 15:51:38,38,19,3864.25,-558
2022-12-23 15:51:39,19,9,3864.75,-549
2022-12-23 15:51:40,40,-7,3864.75,-556
2022-12-23 15:51:41,68,33,3865.25,-523
2022-12-23 15:51:42,52,0,3865.25,-523
2022-12-23 15:51:43,1,-1,3865.0,-524
2022-12-23 15:51:44,26,-5,3865.0,-529
2022-12-23 15:51:46,2,0,3865.25,-529
2022-12-23 15:51:48,1,1,3865.25,-528
2022-12-23 15:51:49,88,13,3865.5,-515
2022-12-23 15:51:50,50,-20,3865.25,-535
2022-12-23 15:51:51,53,9,3865.0,-526
2022-12-23 15:51:52,8,5,3865.25,-521
2022-12-23 15:51:53,71,8,3865.25,-513
2022-12-23 15:51:54,87,35,3865.75,-478
2022-12-23 15:51:55,69,-4,3865.75,-482
2022-12-23 15:51:56,25,18,3866.0,-464
2022-12-23 15:51:57,47,-12,3865.75,-476
2022-12-23 15:51:58,5,-1,3866.0,-477
2022-12-23 15:52:00,218,54,3866.5,-423
2022-12-23 15:52:01,88,10,3866.5,-413
2022-12-23 15:52:02,130,4,3866.0,-409
2022-12-23 15:52:03,39,-14,3866.0,-423
2022-12-23 15:52:04,28,-9,3866.0,-432
2022-12-23 15:52:05,134,-46,3865.75,-478
2022-12-23 15:52:06,93,8,3865.75,-470
2022-12-23 15:52:07,30,-13,3865.75,-483
2022-12-23 15:52:08,24,15,3866.0,-468
2022-12-23 15:52:09,61,21,3866.5,-447
2022-12-23 15:52:10,13,3,3866.5,-444
2022-12-23 15:52:11,61,-22,3866.25,-466
2022-12-23 15:52:12,62,-7,3866.25,-473
2022-12-23 15:52:13,26,3,3866.0,-470
2022-12-23 15:52:14,39,-4,3866.0,-474
2022-12-23 15:52:15,174,-22,3865.75,-496
2022-12-23 15:52:16,24,9,3865.75,-487
2022-12-23 15:52:17,20,-3,3866.0,-490
2022-12-23 15:52:18,4,-4,3865.75,-494
2022-12-23 15:52:19,92,-9,3865.75,-503
2022-12-23 15:52:20,106,-46,3865.25,-549
2022-12-23 15:52:21,95,-6,3864.75,-555
2022-12-23 15:52:22,44,13,3864.75,-542
2022-12-23 15:52:23,41,11,3865.0,-531
2022-12-23 15:52:24,7,0,3865.25,-531
2022-12-23 15:52:25,22,-8,3865.0,-539
2022-12-23 15:52:26,80,29,3865.5,-510
2022-12-23 15:52:27,8,-4,3865.5,-514
2022-12-23 15:52:28,64,-10,3865.5,-524
2022-12-23 15:52:29,8,1,3865.5,-523
2022-12-23 15:52:30,274,-9,3866.0,-532
2022-12-23 15:52:31,34,9,3866.0,-523
2022-12-23 15:52:32,36,16,3866.25,-507
2022-12-23 15:52:33,90,-17,3866.5,-524
2022-12-23 15:52:34,1,1,3866.25,-523
2022-12-23 15:52:35,7,-2,3866.25,-525
2022-12-23 15:52:36,8,0,3866.5,-525
2022-12-23 15:52:37,10,7,3866.5,-518
2022-12-23 15:52:38,86,-11,3866.5,-529
2022-12-23 15:52:39,24,-14,3866.25,-543
2022-12-23 15:52:40,58,19,3866.75,-524
2022-12-23 15:52:41,45,8,3867.0,-516
2022-12-23 15:52:42,14,-10,3866.75,-526
2022-12-23 15:52:43,5,-1,3866.75,-527
2022-12-23 15:52:44,71,27,3866.75,-500
2022-12-23 15:52:45,1,1,3866.75,-499
2022-12-23 15:52:46,1,1,3866.75,-498
2022-12-23 15:52:47,118,-22,3866.75,-520
2022-12-23 15:52:48,20,3,3866.25,-517
2022-12-23 15:52:49,85,40,3866.5,-477
2022-12-23 15:52:50,2,0,3866.5,-477
2022-12-23 15:52:52,93,-17,3866.25,-494
2022-12-23 15:52:54,83,-3,3866.25,-497
2022-12-23 15:52:55,124,-5,3866.25,-502
2022-12-23 15:52:56,21,15,3866.0,-487
2022-12-23 15:52:57,1,-1,3865.75,-488
2022-12-23 15:52:58,1,-1,3865.75,-489
2022-12-23 15:52:59,15,13,3866.25,-476
2022-12-23 15:53:00,50,-14,3866.25,-490
2022-12-23 15:53:01,16,2,3866.5,-488
2022-12-23 15:53:02,16,-12,3866.25,-500
2022-12-23 15:53:03,31,-6,3866.25,-506
2022-12-23 15:53:04,15,0,3866.0,-506
2022-12-23 15:53:05,30,10,3866.25,-496
2022-12-23 15:53:07,196,5,3866.5,-491
2022-12-23 15:53:08,1,1,3866.5,-490
2022-12-23 15:53:09,93,53,3867.25,-437
2022-12-23 15:53:10,93,-20,3867.25,-457
2022-12-23 15:53:11,43,-3,3867.0,-460
2022-12-23 15:53:12,39,5,3867.0,-455
2022-12-23 15:53:13,48,-6,3867.25,-461
2022-12-23 15:53:14,53,1,3867.25,-460
2022-12-23 15:53:15,54,-4,3867.25,-464
2022-12-23 15:53:16,35,-10,3867.5,-474
2022-12-23 15:53:17,1,-1,3867.0,-475
2022-12-23 15:53:18,53,-6,3867.25,-481
2022-12-23 15:53:19,24,-5,3867.25,-486
2022-12-23 15:53:20,48,-5,3867.5,-491
2022-12-23 15:53:21,20,-3,3867.25,-494
2022-12-23 15:53:22,47,21,3867.5,-473
2022-12-23 15:53:23,2,0,3867.5,-473
2022-12-23 15:53:24,20,-4,3867.5,-477
2022-12-23 15:53:25,67,-14,3867.5,-491
2022-12-23 15:53:26,32,-20,3867.0,-511
2022-12-23 15:53:27,15,-6,3866.75,-517
2022-12-23 15:53:28,62,-13,3866.75,-530
2022-12-23 15:53:29,45,-17,3866.5,-547
2022-12-23 15:53:30,169,67,3866.75,-480
2022-12-23 15:53:31,10,0,3866.75,-480
2022-12-23 15:53:32,4,-4,3866.5,-484
2022-12-23 15:53:33,38,-15,3866.5,-499
2022-12-23 15:53:34,56,-5,3866.5,-504
2022-12-23 15:53:35,11,-1,3866.75,-505
2022-12-23 15:53:36,2,0,3866.75,-505
2022-12-23 15:53:37,202,6,3866.75,-499
2022-12-23 15:53:38,40,-7,3866.25,-506
2022-12-23 15:53:39,37,18,3866.5,-488
2022-12-23 15:53:40,13,8,3866.75,-480
2022-12-23 15:53:41,54,19,3867.25,-461
2022-12-23 15:53:42,47,-5,3867.0,-466
2022-12-23 15:53:43,31,-16,3867.0,-482
2022-12-23 15:53:44,95,-8,3867.0,-490
2022-12-23 15:53:45,92,-47,3866.75,-537
2022-12-23 15:53:46,86,-2,3866.5,-539
2022-12-23 15:53:47,30,8,3866.5,-531
2022-12-23 15:53:48,35,7,3867.0,-524
2022-12-23 15:53:49,28,-9,3866.75,-533
2022-12-23 15:53:50,1,-1,3866.75,-534
2022-12-23 15:53:51,57,10,3867.25,-524
2022-12-23 15:53:52,61,-20,3867.0,-544
2022-12-23 15:53:53,7,-1,3867.0,-545
2022-12-23 15:53:54,36,-16,3867.0,-561
2022-12-23 15:53:55,30,-1,3866.75,-562
2022-12-23 15:53:56,22,10,3866.75,-552
2022-12-23 15:53:57,7,-3,3867.0,-555
2022-12-23 15:53:58,25,-4,3866.5,-559
2022-12-23 15:53:59,32,-13,3866.75,-572
2022-12-23 15:54:00,34,19,3866.75,-553
2022-12-23 15:54:01,15,-4,3866.75,-557
2022-12-23 15:54:02,1,-1,3866.75,-558
2022-12-23 15:54:03,88,22,3867.5,-536
2022-12-23 15:54:04,5,1,3867.25,-535
2022-12-23 15:54:05,31,-14,3867.25,-549
2022-12-23 15:54:06,33,-6,3867.0,-555
2022-12-23 15:54:07,30,1,3867.0,-554
2022-12-23 15:54:08,2,2,3866.75,-552
2022-12-23 15:54:09,20,18,3867.0,-534
2022-12-23 15:54:10,25,8,3867.25,-526
2022-12-23 15:54:11,4,2,3867.0,-524
2022-12-23 15:54:13,38,18,3867.0,-506
2022-12-23 15:54:14,3,-3,3867.0,-509
2022-12-23 15:54:15,111,30,3867.5,-479
2022-12-23 15:54:17,90,13,3867.5,-466
2022-12-23 15:54:18,29,-11,3867.25,-477
2022-12-23 15:54:19,43,-3,3867.0,-480
2022-12-23 15:54:20,25,1,3867.0,-479
2022-12-23 15:54:21,31,17,3867.0,-462
2022-12-23 15:54:22,110,19,3867.5,-443
2022-12-23 15:54:23,43,-11,3867.25,-454
2022-12-23 15:54:24,6,0,3867.5,-454
2022-12-23 15:54:25,107,-13,3867.5,-467
2022-12-23 15:54:26,2,-2,3867.25,-469
2022-12-23 15:54:27,26,0,3867.25,-469
2022-12-23 15:54:28,49,-12,3867.0,-481
2022-12-23 15:54:29,38,2,3867.25,-479
2022-12-23 15:54:30,16,9,3867.25,-470
2022-12-23 15:54:31,85,5,3867.5,-465
2022-12-23 15:54:32,37,15,3867.75,-450
2022-12-23 15:54:33,25,11,3867.75,-439
2022-12-23 15:54:34,195,22,3867.75,-417
2022-12-23 15:54:35,109,-4,3867.75,-421
2022-12-23 15:54:36,18,-6,3867.75,-427
2022-12-23 15:54:37,51,26,3868.0,-401
2022-12-23 15:54:38,404,112,3868.25,-289
2022-12-23 15:54:39,66,16,3868.5,-273
2022-12-23 15:54:40,383,79,3869.0,-194
2022-12-23 15:54:41,142,35,3869.25,-159
2022-12-23 15:54:42,65,-28,3869.25,-187
2022-12-23 15:54:43,296,70,3869.75,-117
2022-12-23 15:54:44,215,43,3869.75,-74
2022-12-23 15:54:45,129,-19,3869.75,-93
2022-12-23 15:54:46,295,91,3869.75,-2
2022-12-23 15:54:47,354,31,3870.0,29
2022-12-23 15:54:48,207,27,3870.5,56
2022-12-23 15:54:49,118,-47,3870.25,9
2022-12-23 15:54:50,798,301,3871.25,310
2022-12-23 15:54:51,135,-30,3871.0,280
2022-12-23 15:54:52,172,-12,3870.75,268
2022-12-23 15:54:53,79,-23,3870.5,245
2022-12-23 15:54:54,84,-27,3870.25,218
2022-12-23 15:54:55,125,-37,3870.25,181
2022-12-23 15:54:56,71,-4,3870.0,177
2022-12-23 15:54:57,125,-36,3869.75,141
2022-12-23 15:54:58,98,-10,3869.75,131
2022-12-23 15:54:59,399,-10,3869.5,121
2022-12-23 15:55:00,405,9,3870.0,130
2022-12-23 15:55:01,78,2,3869.75,132
2022-12-23 15:55:02,110,-17,3869.75,115
2022-12-23 15:55:03,42,10,3870.0,125
2022-12-23 15:55:04,48,-15,3870.0,110
2022-12-23 15:55:05,124,-10,3869.75,100
2022-12-23 15:55:06,147,17,3870.25,117
2022-12-23 15:55:07,55,9,3870.25,126
2022-12-23 15:55:08,69,12,3870.25,138
2022-12-23 15:55:09,135,-4,3870.5,134
2022-12-23 15:55:10,251,-22,3871.0,112
2022-12-23 15:55:11,259,41,3871.0,153
2022-12-23 15:55:12,49,-23,3870.75,130
2022-12-23 15:55:13,116,-31,3870.5,99
2022-12-23 15:55:14,52,-13,3870.5,86
2022-12-23 15:55:15,60,7,3870.5,93
2022-12-23 15:55:16,168,-31,3870.5,62
2022-12-23 15:55:17,71,7,3870.5,69
2022-12-23 15:55:18,189,13,3870.75,82
2022-12-23 15:55:19,78,8,3871.0,90
2022-12-23 15:55:20,209,7,3871.0,97
2022-12-23 15:55:21,131,-40,3871.25,57
2022-12-23 15:55:22,94,-8,3871.0,49
2022-12-23 15:55:23,73,21,3871.0,70
2022-12-23 15:55:24,67,-6,3871.25,64
2022-12-23 15:55:25,13,-2,3871.25,62
2022-12-23 15:55:26,78,-13,3871.25,49
2022-12-23 15:55:27,79,-27,3871.0,22
2022-12-23 15:55:28,140,-14,3870.5,8
2022-12-23 15:55:29,87,-14,3871.0,-6
2022-12-23 15:55:30,53,-2,3870.75,-8
2022-12-23 15:55:31,14,-4,3871.0,-12
2022-12-23 15:55:32,85,-37,3870.75,-49
2022-12-23 15:55:33,141,7,3870.5,-42
2022-12-23 15:55:34,462,121,3871.25,79
2022-12-23 15:55:35,101,-2,3871.25,77
2022-12-23 15:55:36,37,1,3871.25,78
2022-12-23 15:55:37,55,-23,3871.25,55
2022-12-23 15:55:38,18,-13,3871.25,42
2022-12-23 15:55:39,40,-19,3871.25,23
2022-12-23 15:55:40,175,-15,3871.0,8
2022-12-23 15:55:41,68,12,3871.0,20
2022-12-23 15:55:42,156,-27,3870.5,-7
2022-12-23 15:55:43,9,4,3870.5,-3
2022-12-23 15:55:44,80,30,3871.0,27
2022-12-23 15:55:45,101,21,3871.25,48
2022-12-23 15:55:46,233,48,3871.75,96
2022-12-23 15:55:47,34,14,3871.75,110
2022-12-23 15:55:48,134,16,3871.75,126
2022-12-23 15:55:49,63,16,3871.75,142
2022-12-23 15:55:50,225,-69,3871.5,73
2022-12-23 15:55:51,43,-10,3871.75,63
2022-12-23 15:55:52,157,-22,3871.75,41
2022-12-23 15:55:53,167,-25,3871.5,16
2022-12-23 15:55:54,139,-12,3871.0,4
2022-12-23 15:55:55,156,16,3871.25,20
2022-12-23 15:55:56,2,-2,3871.0,18
2022-12-23 15:55:57,38,5,3871.25,23
2022-12-23 15:55:58,187,-36,3871.25,-13
2022-12-23 15:55:59,48,-2,3871.5,-15
2022-12-23 15:56:00,105,9,3871.0,-6
2022-12-23 15:56:01,100,-21,3871.25,-27
2022-12-23 15:56:02,78,9,3871.0,-18
2022-12-23 15:56:03,39,-2,3871.25,-20
2022-12-23 15:56:04,80,-15,3871.25,-35
2022-12-23 15:56:05,76,-28,3871.0,-63
2022-12-23 15:56:06,246,138,3871.5,75
2022-12-23 15:56:07,76,-2,3871.75,73
2022-12-23 15:56:08,72,-38,3871.5,35
2022-12-23 15:56:09,12,0,3871.25,35
2022-12-23 15:56:10,84,-11,3871.5,24
2022-12-23 15:56:11,144,-38,3871.75,-14
2022-12-23 15:56:12,140,-47,3871.25,-61
2022-12-23 15:56:13,32,4,3871.0,-57
2022-12-23 15:56:14,225,-136,3870.75,-193
2022-12-23 15:56:15,182,10,3870.25,-183
2022-12-23 15:56:16,70,-41,3870.0,-224
2022-12-23 15:56:17,108,32,3870.25,-192
2022-12-23 15:56:18,37,5,3870.25,-187
2022-12-23 15:56:19,16,2,3870.25,-185
2022-12-23 15:56:20,252,-26,3870.25,-211
2022-12-23 15:56:21,114,-44,3870.0,-255
2022-12-23 15:56:22,63,8,3869.75,-247
2022-12-23 15:56:23,46,-2,3870.0,-249
2022-12-23 15:56:24,80,-19,3870.0,-268
2022-12-23 15:56:25,104,-24,3870.0,-292
2022-12-23 15:56:26,120,-50,3869.75,-342
2022-12-23 15:56:27,123,-15,3869.5,-357
2022-12-23 15:56:28,207,15,3869.75,-342
2022-12-23 15:56:29,61,-5,3869.75,-347
2022-12-23 15:56:30,70,-21,3869.75,-368
2022-12-23 15:56:31,209,-64,3869.5,-432
2022-12-23 15:56:32,145,-18,3869.5,-450
2022-12-23 15:56:33,6,1,3869.25,-449
2022-12-23 15:56:34,70,-27,3869.25,-476
2022-12-23 15:56:35,254,28,3869.25,-448
2022-12-23 15:56:36,91,-54,3869.25,-502
2022-12-23 15:56:37,57,-41,3868.75,-543
2022-12-23 15:56:38,173,-7,3868.75,-550
2022-12-23 15:56:39,110,-3,3869.0,-553
2022-12-23 15:56:40,121,33,3869.0,-520
2022-12-23 15:56:41,38,14,3869.25,-506
2022-12-23 15:56:42,11,-5,3869.0,-511
2022-12-23 15:56:43,49,12,3869.25,-499
2022-12-23 15:56:44,72,22,3869.25,-477
2022-12-23 15:56:45,76,11,3869.5,-466
2022-12-23 15:56:46,105,-19,3869.5,-485
2022-12-23 15:56:47,12,4,3869.5,-481
2022-12-23 15:56:48,202,-39,3869.25,-520
2022-12-23 15:56:49,42,12,3869.25,-508
2022-12-23 15:56:50,258,-86,3869.0,-594
2022-12-23 15:56:51,42,7,3868.75,-587
2022-12-23 15:56:52,74,-11,3868.5,-598
2022-12-23 15:56:53,11,10,3868.5,-588
2022-12-23 15:56:54,60,0,3868.5,-588
2022-12-23 15:56:55,33,20,3868.5,-568
2022-12-23 15:56:56,198,-58,3868.25,-626
2022-12-23 15:56:57,15,-8,3868.25,-634
2022-12-23 15:56:58,267,-14,3868.25,-648
2022-12-23 15:56:59,84,3,3868.25,-645
2022-12-23 15:57:00,109,-53,3868.25,-698
2022-12-23 15:57:01,114,25,3868.0,-673
2022-12-23 15:57:02,172,21,3868.75,-652
2022-12-23 15:57:03,130,9,3868.75,-643
2022-12-23 15:57:04,310,1,3869.0,-642
2022-12-23 15:57:05,10,-5,3868.5,-647
2022-12-23 15:57:06,29,3,3868.5,-644
2022-12-23 15:57:07,50,30,3869.0,-614
2022-12-23 15:57:08,68,5,3869.25,-609
2022-12-23 15:57:09,188,-19,3869.75,-628
2022-12-23 15:57:10,196,-40,3869.25,-668
2022-12-23 15:57:11,46,16,3869.25,-652
2022-12-23 15:57:12,67,-15,3869.5,-667
2022-12-23 15:57:13,79,31,3869.5,-636
2022-12-23 15:57:14,121,-17,3869.5,-653
2022-12-23 15:57:15,66,0,3869.5,-653
2022-12-23 15:57:16,16,5,3869.5,-648
2022-12-23 15:57:17,84,-3,3869.75,-651
2022-12-23 15:57:18,72,-30,3869.5,-681
2022-12-23 15:57:19,46,7,3869.5,-674
2022-12-23 15:57:20,146,-6,3869.75,-680
2022-12-23 15:57:21,19,5,3869.75,-675
2022-12-23 15:57:22,67,16,3869.75,-659
2022-12-23 15:57:23,137,-36,3869.5,-695
2022-12-23 15:57:24,78,4,3869.75,-691
2022-12-23 15:57:25,162,25,3870.0,-666
2022-12-23 15:57:26,64,-8,3869.75,-674
2022-12-23 15:57:27,49,-14,3869.75,-688
2022-12-23 15:57:28,72,-2,3869.75,-690
2022-12-23 15:57:29,82,-1,3869.75,-691
2022-12-23 15:57:30,280,-36,3869.75,-727
2022-12-23 15:57:31,33,-14,3869.5,-741
2022-12-23 15:57:32,143,-55,3869.25,-796
2022-12-23 15:57:33,70,-20,3869.25,-816
2022-12-23 15:57:34,102,9,3869.25,-807
2022-12-23 15:57:35,56,4,3869.25,-803
2022-12-23 15:57:36,6,-1,3869.25,-804
2022-12-23 15:57:37,32,-5,3869.25,-809
2022-12-23 15:57:38,22,10,3869.25,-799
2022-12-23 15:57:39,74,1,3869.25,-798
2022-12-23 15:57:40,71,3,3869.5,-795
2022-12-23 15:57:41,101,51,3870.0,-744
2022-12-23 15:57:42,2,-2,3869.75,-746
2022-12-23 15:57:43,160,-50,3869.75,-796
2022-12-23 15:57:44,14,7,3869.5,-789
2022-12-23 15:57:45,72,37,3869.75,-752
2022-12-23 15:57:46,44,-1,3870.0,-753
2022-12-23 15:57:47,64,-17,3870.0,-770
2022-12-23 15:57:48,135,-2,3870.0,-772
2022-12-23 15:57:49,95,-38,3869.75,-810
2022-12-23 15:57:50,84,5,3869.75,-805
2022-12-23 15:57:51,26,3,3870.0,-802
2022-12-23 15:57:52,68,-11,3869.75,-813
2022-12-23 15:57:53,16,-7,3869.75,-820
2022-12-23 15:57:54,146,26,3870.0,-794
2022-12-23 15:57:55,40,20,3870.25,-774
2022-12-23 15:57:56,49,9,3870.25,-765
2022-12-23 15:57:57,25,-3,3870.25,-768
2022-12-23 15:57:58,95,-44,3870.25,-812
2022-12-23 15:57:59,95,-3,3870.0,-815
2022-12-23 15:58:00,216,-45,3870.0,-860
2022-12-23 15:58:01,137,4,3869.75,-856
2022-12-23 15:58:02,135,18,3870.0,-838
2022-12-23 15:58:03,126,8,3870.5,-830
2022-12-23 15:58:04,87,-4,3870.5,-834
2022-12-23 15:58:05,97,-31,3870.0,-865
2022-12-23 15:58:06,174,-41,3869.75,-906
2022-12-23 15:58:07,61,1,3870.0,-905
2022-12-23 15:58:08,28,-4,3870.25,-909
2022-12-23 15:58:09,19,14,3870.25,-895
2022-12-23 15:58:10,115,6,3870.25,-889
2022-12-23 15:58:11,63,6,3870.25,-883
2022-12-23 15:58:12,303,-78,3870.0,-961
2022-12-23 15:58:13,59,12,3870.0,-949
2022-12-23 15:58:14,62,-31,3869.75,-980
2022-12-23 15:58:15,57,11,3869.75,-969
2022-12-23 15:58:16,54,-1,3869.75,-970
2022-12-23 15:58:17,128,2,3870.0,-968
2022-12-23 15:58:18,81,9,3870.0,-959
2022-12-23 15:58:19,41,3,3870.0,-956
2022-12-23 15:58:20,226,-64,3870.25,-1020
2022-12-23 15:58:21,82,16,3869.5,-1004
2022-12-23 15:58:22,79,0,3869.5,-1004
2022-12-23 15:58:23,42,16,3869.75,-988
2022-12-23 15:58:24,22,-22,3869.5,-1010
2022-12-23 15:58:25,109,-22,3869.75,-1032
2022-12-23 15:58:26,13,2,3869.75,-1030
2022-12-23 15:58:27,57,14,3870.0,-1016
2022-12-23 15:58:28,84,39,3870.25,-977
2022-12-23 15:58:29,123,-24,3870.0,-1001
2022-12-23 15:58:30,137,-15,3870.0,-1016
2022-12-23 15:58:31,130,2,3870.25,-1014
2022-12-23 15:58:32,53,-17,3870.0,-1031
2022-12-23 15:58:33,99,-27,3870.0,-1058
2022-12-23 15:58:34,42,-32,3870.0,-1090
2022-12-23 15:58:35,165,-14,3869.75,-1104
2022-12-23 15:58:36,30,1,3870.0,-1103
2022-12-23 15:58:37,24,-21,3869.75,-1124
2022-12-23 15:58:38,90,1,3869.75,-1123
2022-12-23 15:58:39,51,13,3869.75,-1110
2022-12-23 15:58:40,133,-17,3869.75,-1127
2022-12-23 15:58:41,32,-6,3869.5,-1133
2022-12-23 15:58:42,163,-36,3869.25,-1169
2022-12-23 15:58:43,42,15,3869.5,-1154
2022-12-23 15:58:44,230,-60,3869.5,-1214
2022-12-23 15:58:45,131,-19,3869.25,-1233
2022-12-23 15:58:46,8,2,3869.25,-1231
2022-12-23 15:58:47,20,4,3869.25,-1227
2022-12-23 15:58:48,130,25,3869.5,-1202
2022-12-23 15:58:49,185,-3,3869.5,-1205
2022-12-23 15:58:50,79,13,3869.75,-1192
2022-12-23 15:58:51,16,3,3869.75,-1189
2022-12-23 15:58:52,64,12,3869.75,-1177
2022-12-23 15:58:53,77,17,3870.0,-1160
2022-12-23 15:58:54,14,-1,3870.0,-1161
2022-12-23 15:58:55,187,-43,3870.0,-1204
2022-12-23 15:58:56,213,-32,3869.75,-1236
2022-12-23 15:58:57,52,8,3870.0,-1228
2022-12-23 15:58:58,136,1,3870.25,-1227
2022-12-23 15:58:59,31,12,3870.25,-1215
2022-12-23 15:59:00,973,-62,3870.25,-1277
2022-12-23 15:59:01,321,-72,3870.25,-1349
2022-12-23 15:59:02,124,14,3869.75,-1335
2022-12-23 15:59:03,236,-23,3870.0,-1358
2022-12-23 15:59:04,224,-17,3870.0,-1375
2022-12-23 15:59:05,186,25,3870.0,-1350
2022-12-23 15:59:06,267,-55,3870.0,-1405
2022-12-23 15:59:07,332,-2,3870.25,-1407
2022-12-23 15:59:08,43,16,3870.25,-1391
2022-12-23 15:59:09,325,-32,3870.0,-1423
2022-12-23 15:59:10,121,-35,3870.0,-1458
2022-12-23 15:59:11,141,29,3870.0,-1429
2022-12-23 15:59:12,225,-11,3869.75,-1440
2022-12-23 15:59:13,250,-75,3869.75,-1515
2022-12-23 15:59:14,162,-26,3869.5,-1541
2022-12-23 15:59:15,1299,-78,3869.5,-1619
2022-12-23 15:59:16,108,-11,3868.5,-1630
2022-12-23 15:59:17,238,43,3868.75,-1587
2022-12-23 15:59:18,237,-6,3868.75,-1593
2022-12-23 15:59:19,33,0,3869.0,-1593
2022-12-23 15:59:20,237,28,3869.0,-1565
2022-12-23 15:59:21,668,23,3869.5,-1542
2022-12-23 15:59:22,286,24,3869.75,-1518
2022-12-23 15:59:23,348,179,3870.0,-1339
2022-12-23 15:59:24,228,-56,3870.25,-1395
2022-12-23 15:59:25,97,21,3870.0,-1374
2022-12-23 15:59:26,28,5,3870.0,-1369
2022-12-23 15:59:27,248,-37,3869.75,-1406
2022-12-23 15:59:28,564,-74,3869.75,-1480
2022-12-23 15:59:29,40,-5,3869.5,-1485
2022-12-23 15:59:30,521,-42,3869.5,-1527
2022-12-23 15:59:31,211,-19,3869.5,-1546
2022-12-23 15:59:32,357,-1,3869.25,-1547
2022-12-23 15:59:33,309,-91,3868.75,-1638
2022-12-23 15:59:34,206,18,3869.0,-1620
2022-12-23 15:59:35,320,-11,3869.25,-1631
2022-12-23 15:59:36,555,-60,3869.0,-1691
2022-12-23 15:59:37,61,10,3868.75,-1681
2022-12-23 15:59:38,244,-10,3869.0,-1691
2022-12-23 15:59:39,463,5,3869.25,-1686
2022-12-23 15:59:40,518,-96,3869.5,-1782
2022-12-23 15:59:41,123,-16,3869.0,-1798
2022-12-23 15:59:42,454,-47,3869.25,-1845
2022-12-23 15:59:43,164,-7,3869.5,-1852
2022-12-23 15:59:44,447,50,3869.5,-1802
2022-12-23 15:59:45,241,-60,3869.25,-1862
2022-12-23 15:59:46,289,9,3869.5,-1853
2022-12-23 15:59:47,265,7,3869.5,-1846
2022-12-23 15:59:48,796,-74,3869.25,-1920
2022-12-23 15:59:49,240,26,3869.25,-1894
2022-12-23 15:59:50,626,116,3869.75,-1778
2022-12-23 15:59:51,722,-72,3869.5,-1850
2022-12-23 15:59:52,437,28,3869.75,-1822
2022-12-23 15:59:53,420,43,3870.0,-1779
2022-12-23 15:59:54,678,-8,3870.0,-1787
2022-12-23 15:59:55,959,-54,3870.0,-1841
2022-12-23 15:59:56,1010,-69,3869.75,-1910
2022-12-23 15:59:57,976,-7,3870.0,-1917
2022-12-23 15:59:58,1181,92,3870.25,-1825
2022-12-23 15:59:59,6614,511,3871.5,-1314
2022-12-23 16:00:00,2610,162,3871.75,-1152
2022-12-23 16:00:01,647,-5,3871.75,-1157
2022-12-23 16:00:02,880,-123,3871.0,-1280
2022-12-23 16:00:03,464,27,3870.5,-1253
2022-12-23 16:00:04,251,12,3870.75,-1241
2022-12-23 16:00:05,206,-35,3870.75,-1276
2022-12-23 16:00:06,208,-59,3870.75,-1335
2022-12-23 16:00:07,272,-24,3870.75,-1359
2022-12-23 16:00:08,269,42,3870.75,-1317
2022-12-23 16:00:09,365,88,3871.5,-1229
2022-12-23 16:00:10,162,33,3871.75,-1196
2022-12-23 16:00:11,607,-63,3872.0,-1259
2022-12-23 16:00:12,163,6,3871.25,-1253
2022-12-23 16:00:13,227,27,3871.25,-1226
2022-12-23 16:00:14,229,-23,3871.25,-1249
2022-12-23 16:00:15,164,1,3871.25,-1248
2022-12-23 16:00:16,52,22,3871.25,-1226
2022-12-23 16:00:17,100,32,3871.25,-1194
2022-12-23 16:00:18,58,-29,3871.25,-1223
2022-12-23 16:00:19,61,-4,3871.25,-1227
2022-12-23 16:00:20,243,-52,3871.25,-1279
2022-12-23 16:00:21,144,-28,3870.75,-1307
2022-12-23 16:00:22,22,0,3870.5,-1307
2022-12-23 16:00:23,56,-28,3870.25,-1335
2022-12-23 16:00:24,191,18,3870.75,-1317
2022-12-23 16:00:25,64,21,3870.75,-1296
2022-12-23 16:00:26,11,-5,3870.5,-1301
2022-12-23 16:00:27,103,-19,3870.75,-1320
2022-12-23 16:00:28,89,20,3870.5,-1300
2022-12-23 16:00:29,29,4,3870.75,-1296
2022-12-23 16:00:30,148,-14,3870.75,-1310
2022-12-23 16:00:31,12,-1,3870.75,-1311
2022-12-23 16:00:32,17,3,3870.75,-1308
2022-12-23 16:00:33,423,-31,3870.5,-1339
2022-12-23 16:00:34,57,19,3870.5,-1320
2022-12-23 16:00:35,68,-26,3870.5,-1346
2022-12-23 16:00:36,17,3,3870.25,-1343
2022-12-23 16:00:37,69,16,3870.25,-1327
2022-12-23 16:00:38,97,-29,3870.25,-1356
2022-12-23 16:00:39,156,-55,3870.25,-1411
2022-12-23 16:00:40,35,-2,3870.25,-1413
2022-12-23 16:00:41,143,15,3870.5,-1398
2022-12-23 16:00:42,72,-13,3870.25,-1411
2022-12-23 16:00:43,25,-1,3870.25,-1412
2022-12-23 16:00:44,214,-12,3870.25,-1424
2022-12-23 16:00:45,170,-4,3870.0,-1428
2022-12-23 16:00:46,6,-4,3869.75,-1432
2022-12-23 16:00:47,70,17,3870.0,-1415
2022-12-23 16:00:48,173,11,3870.0,-1404
2022-12-23 16:00:49,2,1,3870.0,-1403
2022-12-23 16:00:50,11,-3,3869.75,-1406
2022-12-23 16:00:51,141,17,3870.0,-1389
2022-12-23 16:00:52,10,-6,3870.0,-1395
2022-12-23 16:00:53,20,-7,3870.25,-1402
2022-12-23 16:00:54,6,-3,3870.25,-1405
2022-12-23 16:00:55,128,-13,3870.0,-1418
2022-12-23 16:00:56,37,0,3870.0,-1418
2022-12-23 16:00:57,69,-8,3870.0,-1426
2022-12-23 16:00:58,2,0,3870.0,-1426
2022-12-23 16:00:59,14,-2,3870.0,-1428
2022-12-23 16:01:00,22,1,3870.0,-1427
2022-12-23 16:01:01,12,0,3870.0,-1427
2022-12-23 16:01:03,10,3,3870.0,-1424
2022-12-23 16:01:04,12,-4,3870.0,-1428
2022-12-23 16:01:05,53,2,3870.0,-1426
2022-12-23 16:01:06,16,-9,3870.25,-1435
2022-12-23 16:01:07,21,-7,3870.0,-1442
2022-12-23 16:01:08,58,-14,3870.0,-1456
2022-12-23 16:01:09,48,12,3870.0,-1444
2022-12-23 16:01:10,46,-4,3870.0,-1448
2022-12-23 16:01:11,7,5,3870.0,-1443
2022-12-23 16:01:12,115,10,3870.0,-1433
2022-12-23 16:01:13,2,0,3870.0,-1433
2022-12-23 16:01:14,3,-2,3869.75,-1435
2022-12-23 16:01:16,2,2,3870.0,-1433
2022-12-23 16:01:17,1,-1,3869.75,-1434
2022-12-23 16:01:18,137,-14,3870.0,-1448
2022-12-23 16:01:19,33,-10,3869.75,-1458
2022-12-23 16:01:20,120,-29,3869.5,-1487
2022-12-23 16:01:21,12,0,3869.5,-1487
2022-12-23 16:01:22,134,-37,3869.5,-1524
2022-12-23 16:01:23,99,24,3869.25,-1500
2022-12-23 16:01:24,115,19,3869.5,-1481
2022-12-23 16:01:25,14,-8,3869.5,-1489
2022-12-23 16:01:26,5,-3,3869.5,-1492
2022-12-23 16:01:27,10,7,3869.5,-1485
2022-12-23 16:01:28,8,-1,3869.5,-1486
2022-12-23 16:01:29,2,0,3869.5,-1486
2022-12-23 16:01:30,104,9,3869.5,-1477
2022-12-23 16:01:31,14,0,3869.75,-1477
2022-12-23 16:01:32,29,-17,3869.5,-1494
2022-12-23 16:01:33,84,-40,3869.5,-1534
2022-12-23 16:01:34,34,-17,3869.25,-1551
2022-12-23 16:01:35,2,1,3869.25,-1550
2022-12-23 16:01:36,2,-1,3869.0,-1551
2022-12-23 16:01:38,184,-67,3869.25,-1618
2022-12-23 16:01:39,2,1,3869.25,-1617
2022-12-23 16:01:40,8,1,3869.25,-1616
2022-12-23 16:01:41,112,28,3869.25,-1588
2022-12-23 16:01:42,9,6,3869.25,-1582
2022-12-23 16:01:43,25,19,3869.5,-1563
2022-12-23 16:01:44,587,99,3870.5,-1464
2022-12-23 16:01:45,17,-3,3870.5,-1467
2022-12-23 16:01:46,27,-13,3870.5,-1480
2022-12-23 16:01:48,156,50,3870.5,-1430
2022-12-23 16:01:49,41,-21,3870.5,-1451
2022-12-23 16:01:50,48,-15,3870.5,-1466
2022-12-23 16:01:51,18,3,3870.5,-1463
2022-12-23 16:01:52,51,22,3870.75,-1441
2022-12-23 16:01:53,162,11,3870.75,-1430
2022-12-23 16:01:55,73,30,3870.75,-1400
2022-12-23 16:01:56,27,12,3870.75,-1388
2022-12-23 16:01:57,49,10,3871.0,-1378
2022-12-23 16:01:58,80,44,3871.25,-1334
2022-12-23 16:01:59,45,-3,3871.25,-1337
2022-12-23 16:02:00,173,-11,3871.25,-1348
2022-12-23 16:02:01,5,0,3871.0,-1348
2022-12-23 16:02:02,1,1,3871.0,-1347
2022-12-23 16:02:03,43,21,3871.25,-1326
2022-12-23 16:02:04,41,-6,3871.25,-1332
2022-12-23 16:02:05,23,19,3871.25,-1313
2022-12-23 16:02:06,23,-1,3871.25,-1314
2022-12-23 16:02:07,3,-1,3871.25,-1315
2022-12-23 16:02:08,107,-27,3871.25,-1342
2022-12-23 16:02:09,38,-3,3871.0,-1345
2022-12-23 16:02:10,58,-5,3871.25,-1350
2022-12-23 16:02:11,9,0,3871.0,-1350
2022-12-23 16:02:12,83,16,3871.0,-1334
2022-12-23 16:02:13,2,1,3871.0,-1333
2022-12-23 16:02:14,2,2,3871.0,-1331
2022-12-23 16:02:15,59,11,3871.25,-1320
2022-12-23 16:02:16,14,-6,3871.25,-1326
2022-12-23 16:02:17,5,-4,3871.0,-1330
2022-12-23 16:02:18,50,-4,3871.25,-1334
2022-12-23 16:02:19,14,10,3871.25,-1324
2022-12-23 16:02:20,2,1,3871.25,-1323
2022-12-23 16:02:21,55,-2,3871.25,-1325
2022-12-23 16:02:22,1,-1,3871.0,-1326
2022-12-23 16:02:23,5,4,3871.25,-1322
2022-12-23 16:02:24,2,-2,3871.0,-1324
2022-12-23 16:02:25,67,-36,3871.0,-1360
2022-12-23 16:02:26,8,4,3871.25,-1356
2022-12-23 16:02:27,7,4,3871.25,-1352
2022-12-23 16:02:28,2,2,3871.25,-1350
2022-12-23 16:02:29,79,20,3871.25,-1330
2022-12-23 16:02:30,30,-3,3871.5,-1333
2022-12-23 16:02:31,4,-1,3871.25,-1334
2022-12-23 16:02:32,8,-1,3871.5,-1335
2022-12-23 16:02:33,50,22,3871.5,-1313
2022-12-23 16:02:34,11,-3,3871.5,-1316
2022-12-23 16:02:35,10,1,3871.5,-1315
2022-12-23 16:02:36,81,-16,3871.25,-1331
2022-12-23 16:02:37,39,-12,3871.25,-1343
2022-12-23 16:02:38,30,9,3871.25,-1334
2022-12-23 16:02:39,20,-3,3871.5,-1337
2022-12-23 16:02:40,4,-4,3871.0,-1341
2022-12-23 16:02:41,15,6,3871.25,-1335
2022-12-23 16:02:42,15,10,3871.5,-1325
2022-12-23 16:02:43,19,0,3871.5,-1325
2022-12-23 16:02:44,22,-1,3871.25,-1326
2022-12-23 16:02:45,2,-1,3871.25,-1327
2022-12-23 16:02:46,2,2,3871.5,-1325
2022-12-23 16:02:47,11,0,3871.5,-1325
2022-12-23 16:02:49,5,1,3871.5,-1324
2022-12-23 16:02:50,25,10,3871.5,-1314
2022-12-23 16:02:51,7,-4,3871.5,-1318
2022-12-23 16:02:52,8,6,3871.5,-1312
2022-12-23 16:02:53,3,1,3871.5,-1311
2022-12-23 16:02:54,14,9,3871.5,-1302
2022-12-23 16:02:56,16,6,3871.5,-1296
2022-12-23 16:02:57,10,-5,3871.25,-1301
2022-12-23 16:02:58,20,-14,3871.5,-1315
2022-12-23 16:02:59,67,-23,3871.25,-1338
2022-12-23 16:03:01,11,3,3871.5,-1335
2022-12-23 16:03:02,5,4,3871.5,-1331
2022-12-23 16:03:03,20,6,3871.5,-1325
2022-12-23 16:03:04,66,-2,3871.5,-1327
2022-12-23 16:03:05,3,2,3871.25,-1325
2022-12-23 16:03:06,3,3,3871.25,-1322
2022-12-23 16:03:07,3,-1,3871.25,-1323
2022-12-23 16:03:08,2,2,3871.25,-1321
2022-12-23 16:03:09,1,1,3871.25,-1320
2022-12-23 16:03:10,2,2,3871.25,-1318
2022-12-23 16:03:11,5,0,3871.25,-1318
2022-12-23 16:03:12,72,-27,3871.0,-1345
2022-12-23 16:03:13,3,-3,3870.75,-1348
2022-12-23 16:03:14,69,-22,3870.75,-1370
2022-12-23 16:03:15,60,-13,3870.75,-1383
2022-12-23 16:03:16,45,7,3870.75,-1376
2022-12-23 16:03:18,2,-1,3870.5,-1377
2022-12-23 16:03:19,19,-12,3870.5,-1389
2022-12-23 16:03:20,2,0,3870.5,-1389
2022-12-23 16:03:22,45,9,3870.5,-1380
2022-12-23 16:03:23,1,1,3870.5,-1379
2022-12-23 16:03:24,75,-21,3870.5,-1400
2022-12-23 16:03:25,6,4,3870.25,-1396
2022-12-23 16:03:26,49,13,3870.25,-1383
2022-12-23 16:03:27,88,39,3870.75,-1344
2022-12-23 16:03:28,34,-19,3870.5,-1363
2022-12-23 16:03:29,3,2,3870.5,-1361
2022-12-23 16:03:30,5,2,3870.5,-1359
2022-12-23 16:03:33,4,2,3870.5,-1357
2022-12-23 16:03:34,114,-4,3870.5,-1361
2022-12-23 16:03:36,45,19,3870.25,-1342
2022-12-23 16:03:37,69,-4,3870.25,-1346
2022-12-23 16:03:40,12,3,3870.5,-1343
2022-12-23 16:03:41,11,-1,3870.5,-1344
2022-12-23 16:03:42,3,-2,3870.25,-1346
2022-12-23 16:03:44,49,25,3870.5,-1321
2022-12-23 16:03:45,10,1,3870.5,-1320
2022-12-23 16:03:46,148,7,3870.5,-1313
2022-12-23 16:03:47,2,2,3870.75,-1311
2022-12-23 16:03:48,48,20,3871.0,-1291
2022-12-23 16:03:49,1,-1,3870.75,-1292
2022-12-23 16:03:50,3,0,3871.0,-1292
2022-12-23 16:03:52,5,-4,3870.75,-1296
2022-12-23 16:03:53,8,4,3871.0,-1292
2022-12-23 16:03:54,5,4,3871.0,-1288
2022-12-23 16:03:55,2,1,3871.0,-1287
2022-12-23 16:03:56,2,2,3871.0,-1285
2022-12-23 16:03:57,48,-16,3870.75,-1301
2022-12-23 16:03:58,10,-2,3870.75,-1303
2022-12-23 16:03:59,4,3,3871.0,-1300
2022-12-23 16:04:00,8,3,3871.0,-1297
2022-12-23 16:04:01,96,-16,3870.75,-1313
2022-12-23 16:04:02,24,-3,3871.0,-1316
2022-12-23 16:04:03,25,-3,3870.75,-1319
2022-12-23 16:04:05,53,1,3870.75,-1318
2022-12-23 16:04:06,2,1,3870.75,-1317
2022-12-23 16:04:07,30,11,3870.75,-1306
2022-12-23 16:04:08,9,1,3870.75,-1305
2022-12-23 16:04:11,274,-165,3870.75,-1470
2022-12-23 16:04:12,1,1,3870.5,-1469
2022-12-23 16:04:14,14,-5,3870.5,-1474
2022-12-23 16:04:15,5,-4,3870.25,-1478
2022-12-23 16:04:17,58,5,3870.5,-1473
2022-12-23 16:04:18,4,-2,3870.5,-1475
2022-12-23 16:04:19,101,-28,3870.25,-1503
2022-12-23 16:04:20,1,-1,3869.75,-1504
2022-12-23 16:04:21,216,59,3870.25,-1445
2022-12-23 16:04:24,7,1,3870.25,-1444
2022-12-23 16:04:26,61,2,3870.25,-1442
2022-12-23 16:04:27,26,9,3870.25,-1433
2022-12-23 16:04:28,2,2,3870.5,-1431
2022-12-23 16:04:29,1,-1,3870.25,-1432
2022-12-23 16:04:31,5,-2,3870.25,-1434
2022-12-23 16:04:32,7,5,3870.5,-1429
2022-12-23 16:04:33,1,-1,3870.25,-1430
2022-12-23 16:04:34,78,-8,3870.25,-1438
2022-12-23 16:04:36,101,-20,3870.25,-1458
2022-12-23 16:04:37,1,-1,3870.0,-1459
2022-12-23 16:04:38,2,-2,3870.0,-1461
2022-12-23 16:04:40,1,-1,3870.0,-1462
2022-12-23 16:04:41,201,-12,3870.25,-1474
2022-12-23 16:04:42,21,9,3870.25,-1465
2022-12-23 16:04:43,4,4,3870.25,-1461
2022-12-23 16:04:44,27,-3,3870.25,-1464
2022-12-23 16:04:45,6,2,3870.25,-1462
2022-12-23 16:04:46,1,1,3870.5,-1461
2022-12-23 16:04:47,3,3,3870.5,-1458
2022-12-23 16:04:50,9,3,3870.5,-1455
2022-12-23 16:04:51,4,-2,3870.25,-1457
2022-12-23 16:04:52,1,1,3870.5,-1456
2022-12-23 16:04:53,26,-7,3870.25,-1463
2022-12-23 16:04:54,18,-13,3870.0,-1476
2022-12-23 16:04:55,1,-1,3869.75,-1477
2022-12-23 16:04:56,3,-1,3870.0,-1478
2022-12-23 16:04:57,4,-3,3869.75,-1481
2022-12-23 16:04:58,40,18,3870.0,-1463
2022-12-23 16:04:59,5,4,3870.0,-1459
2022-12-23 16:05:00,55,17,3870.0,-1442
2022-12-23 16:05:01,2,-1,3869.75,-1443
2022-12-23 16:05:02,40,6,3870.0,-1437
2022-12-23 16:05:03,3,2,3870.0,-1435
2022-12-23 16:05:04,79,0,3870.0,-1435
2022-12-23 16:05:05,67,0,3870.0,-1435
2022-12-23 16:05:06,104,18,3870.0,-1417
2022-12-23 16:05:07,1,-1,3869.75,-1418
2022-12-23 16:05:08,1,-1,3869.75,-1419
2022-12-23 16:05:10,112,23,3870.0,-1396
2022-12-23 16:05:11,49,-9,3870.25,-1405
2022-12-23 16:05:12,28,-20,3870.0,-1425
2022-12-23 16:05:13,1,-1,3869.75,-1426
2022-12-23 16:05:14,1,-1,3869.75,-1427
2022-12-23 16:05:15,191,-89,3869.75,-1516
2022-12-23 16:05:17,22,11,3869.5,-1505
2022-12-23 16:05:18,2,0,3869.5,-1505
2022-12-23 16:05:21,2,2,3869.5,-1503
2022-12-23 16:05:22,1,1,3869.5,-1502
2022-12-23 16:05:23,31,-21,3869.5,-1523
2022-12-23 16:05:24,11,0,3869.5,-1523
2022-12-23 16:05:26,1,1,3869.5,-1522
2022-12-23 16:05:27,10,-2,3869.25,-1524
2022-12-23 16:05:28,5,3,3869.5,-1521
2022-12-23 16:05:29,4,-3,3869.25,-1524
2022-12-23 16:05:30,18,-8,3869.25,-1532
2022-12-23 16:05:31,6,2,3869.5,-1530
2022-12-23 16:05:33,1,1,3869.5,-1529
2022-12-23 16:05:35,10,-6,3869.25,-1535
2022-12-23 16:05:36,6,1,3869.5,-1534
2022-12-23 16:05:37,58,23,3869.5,-1511
2022-12-23 16:05:38,5,-2,3869.5,-1513
2022-12-23 16:05:39,2,-2,3869.25,-1515
2022-12-23 16:05:40,6,-2,3869.5,-1517
2022-12-23 16:05:41,12,-10,3869.25,-1527
2022-12-23 16:05:42,1,-1,3869.25,-1528
2022-12-23 16:05:43,2,1,3869.5,-1527
2022-12-23 16:05:44,5,2,3869.5,-1525
2022-12-23 16:05:49,2,1,3869.5,-1524
2022-12-23 16:05:50,2,0,3869.5,-1524
2022-12-23 16:05:51,50,17,3869.5,-1507
2022-12-23 16:05:52,32,-12,3869.5,-1519
2022-12-23 16:05:53,29,-4,3869.5,-1523
2022-12-23 16:05:54,10,4,3869.5,-1519
2022-12-23 16:05:55,40,19,3869.75,-1500
2022-12-23 16:05:56,6,2,3869.75,-1498
2022-12-23 16:05:58,11,-6,3869.5,-1504
2022-12-23 16:06:02,1,-1,3869.5,-1505
2022-12-23 16:06:04,86,-18,3869.75,-1523
2022-12-23 16:06:05,7,-5,3869.5,-1528
2022-12-23 16:06:07,1,1,3869.5,-1527
2022-12-23 16:06:08,1,-1,3869.25,-1528
2022-12-23 16:06:09,1,1,3869.5,-1527
2022-12-23 16:06:10,2,-2,3869.25,-1529
2022-12-23 16:06:11,84,15,3869.75,-1514
2022-12-23 16:06:12,2,0,3869.75,-1514
2022-12-23 16:06:15,5,2,3869.75,-1512
2022-12-23 16:06:20,162,60,3870.0,-1452
2022-12-23 16:06:21,91,11,3870.5,-1441
2022-12-23 16:06:23,4,2,3870.5,-1439
2022-12-23 16:06:24,3,3,3870.5,-1436
2022-12-23 16:06:25,8,-7,3870.25,-1443
2022-12-23 16:06:27,2,2,3870.5,-1441
2022-12-23 16:06:28,130,-13,3870.5,-1454
2022-12-23 16:06:29,7,-5,3870.25,-1459
2022-12-23 16:06:30,16,14,3870.5,-1445
2022-12-23 16:06:31,4,0,3870.5,-1445
2022-12-23 16:06:32,5,4,3870.5,-1441
2022-12-23 16:06:36,56,-20,3870.25,-1461
2022-12-23 16:06:38,5,-2,3870.0,-1463
2022-12-23 16:06:40,55,28,3870.5,-1435
2022-12-23 16:06:41,58,-13,3870.5,-1448
2022-12-23 16:06:42,1,1,3870.25,-1447
2022-12-23 16:06:44,6,0,3870.25,-1447
2022-12-23 16:06:45,49,-14,3870.25,-1461
2022-12-23 16:06:46,5,-2,3870.0,-1463
2022-12-23 16:06:50,54,21,3870.25,-1442
2022-12-23 16:06:51,1,-1,3870.25,-1443
2022-12-23 16:06:54,27,-11,3870.25,-1454
2022-12-23 16:06:57,48,24,3870.25,-1430
2022-12-23 16:06:58,2,1,3870.5,-1429
2022-12-23 16:06:59,1,1,3870.5,-1428
2022-12-23 16:07:00,43,-13,3870.25,-1441
2022-12-23 16:07:01,17,-12,3870.25,-1453
2022-12-23 16:07:04,7,-6,3870.0,-1459
2022-12-23 16:07:05,74,-21,3870.0,-1480
2022-12-23 16:07:07,5,-3,3869.75,-1483
2022-12-23 16:07:10,41,-21,3869.75,-1504
2022-12-23 16:07:13,16,-13,3869.75,-1517
2022-12-23 16:07:15,1,1,3869.75,-1516
2022-12-23 16:07:16,3,-1,3869.5,-1517
2022-12-23 16:07:18,1,1,3869.75,-1516
2022-12-23 16:07:20,140,25,3869.75,-1491
2022-12-23 16:07:21,12,-2,3869.75,-1493
2022-12-23 16:07:22,5,1,3869.75,-1492
2022-12-23 16:07:23,24,9,3869.75,-1483
2022-12-23 16:07:24,24,-8,3870.0,-1491
2022-12-23 16:07:25,78,-31,3869.5,-1522
2022-12-23 16:07:26,41,-1,3869.5,-1523
2022-12-23 16:07:27,2,-1,3869.25,-1524
2022-12-23 16:07:28,45,-28,3869.25,-1552
2022-12-23 16:07:30,3,-3,3869.25,-1555
2022-12-23 16:07:32,4,2,3869.5,-1553
2022-12-23 16:07:33,38,21,3869.5,-1532
2022-12-23 16:07:34,5,-3,3869.5,-1535
2022-12-23 16:07:35,2,1,3869.5,-1534
2022-12-23 16:07:37,12,-3,3869.5,-1537
2022-12-23 16:07:40,3,3,3869.5,-1534
2022-12-23 16:07:42,67,26,3869.5,-1508
2022-12-23 16:07:43,12,1,3869.5,-1507
2022-12-23 16:07:44,2,-2,3869.25,-1509
2022-12-23 16:07:45,3,1,3869.5,-1508
2022-12-23 16:07:46,1,1,3869.5,-1507
2022-12-23 16:07:47,2,-2,3869.25,-1509
2022-12-23 16:07:49,2,-2,3869.25,-1511
2022-12-23 16:07:51,12,0,3869.5,-1511
2022-12-23 16:07:52,2,-2,3869.25,-1513
2022-12-23 16:07:53,25,8,3869.5,-1505
2022-12-23 16:07:54,6,2,3869.5,-1503
2022-12-23 16:07:56,26,13,3869.5,-1490
2022-12-23 16:07:57,2,-2,3869.25,-1492
2022-12-23 16:07:59,3,1,3869.5,-1491
2022-12-23 16:08:03,1,-1,3869.25,-1492
2022-12-23 16:08:04,6,4,3869.5,-1488
2022-12-23 16:08:06,65,-39,3869.25,-1527
2022-12-23 16:08:09,31,7,3869.25,-1520
2022-12-23 16:08:12,61,-3,3869.25,-1523
2022-12-23 16:08:13,2,2,3869.25,-1521
2022-12-23 16:08:14,3,-1,3869.25,-1522
2022-12-23 16:08:15,6,3,3869.25,-1519
2022-12-23 16:08:16,1,-1,3869.0,-1520
2022-12-23 16:08:17,7,-3,3869.0,-1523
2022-12-23 16:08:19,1,-1,3869.0,-1524
2022-12-23 16:08:20,6,4,3869.25,-1520
2022-12-23 16:08:21,1,1,3869.25,-1519
2022-12-23 16:08:22,2,-1,3869.0,-1520
2022-12-23 16:08:23,64,15,3869.5,-1505
2022-12-23 16:08:24,1,-1,3869.0,-1506
2022-12-23 16:08:28,4,3,3869.25,-1503
2022-12-23 16:08:30,25,-14,3869.25,-1517
2022-12-23 16:08:31,67,-35,3869.0,-1552
2022-12-23 16:08:32,6,5,3869.0,-1547
2022-12-23 16:08:33,33,-9,3869.0,-1556
2022-12-23 16:08:36,13,-8,3868.75,-1564
2022-12-23 16:08:37,9,5,3869.0,-1559
2022-12-23 16:08:38,2,1,3869.0,-1558
2022-12-23 16:08:41,17,10,3869.0,-1548
2022-12-23 16:08:42,1,-1,3868.75,-1549
2022-12-23 16:08:43,7,1,3869.0,-1548
2022-12-23 16:08:44,6,0,3869.0,-1548
2022-12-23 16:08:47,3,-2,3868.75,-1550
2022-12-23 16:08:49,102,-30,3868.75,-1580
2022-12-23 16:08:50,3,0,3868.75,-1580
2022-12-23 16:08:51,1,-1,3868.5,-1581
2022-12-23 16:08:53,14,-4,3868.75,-1585
2022-12-23 16:08:54,2,0,3868.75,-1585
2022-12-23 16:08:55,2,-2,3868.5,-1587
2022-12-23 16:08:56,5,-3,3868.75,-1590
2022-12-23 16:08:57,8,-4,3868.5,-1594
2022-12-23 16:08:58,7,-2,3868.75,-1596
2022-12-23 16:08:59,9,-1,3868.75,-1597
2022-12-23 16:09:00,93,36,3869.0,-1561
2022-12-23 16:09:01,1,1,3869.0,-1560
2022-12-23 16:09:03,5,-1,3869.0,-1561
2022-12-23 16:09:07,10,-2,3869.0,-1563
2022-12-23 16:09:09,1,1,3869.0,-1562
2022-12-23 16:09:10,2,1,3869.0,-1561
2022-12-23 16:09:11,48,19,3869.0,-1542
2022-12-23 16:09:14,4,-2,3868.75,-1544
2022-12-23 16:09:15,1,-1,3868.75,-1545
2022-12-23 16:09:16,6,2,3869.0,-1543
2022-12-23 16:09:17,15,9,3869.0,-1534
2022-12-23 16:09:18,1,-1,3868.75,-1535
2022-12-23 16:09:19,73,-31,3868.75,-1566
2022-12-23 16:09:20,3,-2,3868.5,-1568
2022-12-23 16:09:21,89,23,3869.0,-1545
2022-12-23 16:09:22,10,-4,3868.75,-1549
2022-12-23 16:09:25,64,-7,3868.75,-1556
2022-12-23 16:09:26,24,16,3868.75,-1540
2022-12-23 16:09:27,4,2,3869.0,-1538
2022-12-23 16:09:28,4,-2,3868.75,-1540
2022-12-23 16:09:30,2,1,3869.0,-1539
2022-12-23 16:09:32,149,33,3869.0,-1506
2022-12-23 16:09:33,3,-1,3869.0,-1507
2022-12-23 16:09:35,6,2,3869.0,-1505
2022-12-23 16:09:36,137,-16,3868.75,-1521
2022-12-23 16:09:38,1,-1,3868.5,-1522
2022-12-23 16:09:39,109,-47,3868.75,-1569
2022-12-23 16:09:44,4,1,3868.75,-1568
2022-12-23 16:09:45,1,1,3868.75,-1567
2022-12-23 16:09:46,71,-25,3868.5,-1592
2022-12-23 16:09:47,2,0,3868.75,-1592
2022-12-23 16:09:49,7,2,3868.75,-1590
2022-12-23 16:09:50,9,7,3868.75,-1583
2022-12-23 16:09:51,131,25,3868.75,-1558
2022-12-23 16:09:52,1,1,3868.75,-1557
2022-12-23 16:09:53,1,1,3868.75,-1556
2022-12-23 16:09:55,3,2,3868.75,-1554
2022-12-23 16:09:56,62,19,3868.75,-1535
2022-12-23 16:09:57,2,2,3868.75,-1533
2022-12-23 16:09:58,1,1,3868.75,-1532
2022-12-23 16:09:59,1,1,3868.75,-1531
2022-12-23 16:10:00,36,-6,3868.75,-1537
2022-12-23 16:10:01,3,2,3868.75,-1535
2022-12-23 16:10:02,3,2,3868.75,-1533
2022-12-23 16:10:03,62,16,3868.75,-1517
2022-12-23 16:10:04,36,17,3868.75,-1500
2022-12-23 16:10:05,2,1,3868.75,-1499
2022-12-23 16:10:08,45,-23,3868.5,-1522
2022-12-23 16:10:10,1,1,3868.5,-1521
2022-12-23 16:10:12,4,2,3868.5,-1519
2022-12-23 16:10:13,11,3,3868.5,-1516
2022-12-23 16:10:14,2,2,3868.5,-1514
2022-12-23 16:10:15,1,1,3868.5,-1513
2022-12-23 16:10:17,4,0,3868.5,-1513
2022-12-23 16:10:20,5,-2,3868.25,-1515
2022-12-23 16:10:22,13,2,3868.5,-1513
2022-12-23 16:10:24,47,-34,3868.25,-1547
2022-12-23 16:10:25,8,2,3868.5,-1545
2022-12-23 16:10:26,203,-28,3868.5,-1573
2022-12-23 16:10:30,81,22,3868.5,-1551
2022-12-23 16:10:31,2,2,3868.5,-1549
2022-12-23 16:10:33,2,-2,3868.25,-1551
2022-12-23 16:10:39,1,1,3868.5,-1550
2022-12-23 16:10:41,2,-1,3868.25,-1551
2022-12-23 16:10:42,62,25,3868.5,-1526
2022-12-23 16:10:48,29,17,3868.5,-1509
2022-12-23 16:10:50,2,-1,3868.25,-1510
2022-12-23 16:10:52,45,-3,3868.5,-1513
2022-12-23 16:10:53,2,1,3868.5,-1512
2022-12-23 16:10:54,11,7,3868.5,-1505
2022-12-23 16:10:55,1,-1,3868.25,-1506
2022-12-23 16:10:56,1,-1,3868.25,-1507
2022-12-23 16:10:57,3,-1,3868.25,-1508
2022-12-23 16:10:59,5,3,3868.5,-1505
2022-12-23 16:11:00,8,-7,3868.25,-1512
2022-12-23 16:11:02,36,8,3868.5,-1504
2022-12-23 16:11:05,1,-1,3868.25,-1505
2022-12-23 16:11:06,56,5,3868.5,-1500
2022-12-23 16:11:07,11,2,3868.75,-1498
2022-12-23 16:11:08,4,3,3868.75,-1495
2022-12-23 16:11:09,40,13,3869.0,-1482
2022-12-23 16:11:10,51,14,3869.0,-1468
2022-12-23 16:11:11,3,1,3869.0,-1467
2022-12-23 16:11:12,16,10,3869.0,-1457
2022-12-23 16:11:14,17,10,3869.0,-1447
2022-12-23 16:11:15,51,16,3869.0,-1431
2022-12-23 16:11:16,25,7,3869.25,-1424
2022-12-23 16:11:18,3,3,3869.5,-1421
2022-12-23 16:11:19,6,-5,3869.25,-1426
2022-12-23 16:11:20,10,6,3869.5,-1420
2022-12-23 16:11:23,1,1,3869.5,-1419
2022-12-23 16:11:24,34,-21,3869.25,-1440
2022-12-23 16:11:27,46,-10,3869.25,-1450
2022-12-23 16:11:28,16,6,3869.25,-1444
2022-12-23 16:11:29,33,16,3869.25,-1428
2022-12-23 16:11:32,5,4,3869.5,-1424
2022-12-23 16:11:33,1,1,3869.5,-1423
2022-12-23 16:11:36,102,26,3869.5,-1397
2022-12-23 16:11:37,12,-5,3869.5,-1402
2022-12-23 16:11:39,7,4,3869.5,-1398
2022-12-23 16:11:40,1,-1,3869.25,-1399
2022-12-23 16:11:42,3,-2,3869.25,-1401
2022-12-23 16:11:45,8,-1,3869.25,-1402
2022-12-23 16:11:46,26,-12,3869.25,-1414
2022-12-23 16:11:49,1,1,3869.25,-1413
2022-12-23 16:11:52,28,13,3869.25,-1400
2022-12-23 16:11:53,1,-1,3869.25,-1401
2022-12-23 16:11:56,1,1,3869.5,-1400
2022-12-23 16:11:57,10,3,3869.5,-1397
2022-12-23 16:11:58,3,2,3869.5,-1395
2022-12-23 16:12:01,9,-5,3869.25,-1400
2022-12-23 16:12:02,5,4,3869.5,-1396
2022-12-23 16:12:04,5,3,3869.5,-1393
2022-12-23 16:12:08,70,0,3869.5,-1393
2022-12-23 16:12:09,1,-1,3869.25,-1394
2022-12-23 16:12:10,5,3,3869.5,-1391
2022-12-23 16:12:11,27,4,3869.5,-1387
2022-12-23 16:12:12,3,-3,3869.5,-1390
2022-12-23 16:12:13,7,-7,3869.5,-1397
2022-12-23 16:12:19,2,2,3869.5,-1395
2022-12-23 16:12:21,3,0,3869.5,-1395
2022-12-23 16:12:22,3,0,3869.5,-1395
2022-12-23 16:12:26,3,3,3869.5,-1392
2022-12-23 16:12:29,12,-3,3869.5,-1395
2022-12-23 16:12:31,7,-5,3869.25,-1400
2022-12-23 16:12:32,31,-13,3869.25,-1413
2022-12-23 16:12:35,1,-1,3869.25,-1414
2022-12-23 16:12:38,40,-19,3869.25,-1433
2022-12-23 16:12:45,11,-4,3869.5,-1437
2022-12-23 16:12:47,1,-1,3869.25,-1438
2022-12-23 16:12:48,1,1,3869.5,-1437
2022-12-23 16:12:51,2,-1,3869.25,-1438
2022-12-23 16:12:52,3,1,3869.5,-1437
2022-12-23 16:12:53,3,3,3869.5,-1434
2022-12-23 16:12:54,45,23,3869.5,-1411
2022-12-23 16:12:56,33,-11,3869.5,-1422
2022-12-23 16:12:57,23,11,3869.5,-1411
2022-12-23 16:12:58,4,4,3869.75,-1407
2022-12-23 16:12:59,11,3,3869.75,-1404
2022-12-23 16:13:00,16,-7,3869.5,-1411
2022-12-23 16:13:02,3,-2,3869.5,-1413
2022-12-23 16:13:03,1,-1,3869.5,-1414
2022-12-23 16:13:04,69,-13,3869.5,-1427
2022-12-23 16:13:05,30,5,3869.5,-1422
2022-12-23 16:13:06,2,0,3869.5,-1422
2022-12-23 16:13:07,46,-4,3869.5,-1426
2022-12-23 16:13:08,3,3,3869.5,-1423
2022-12-23 16:13:09,46,-7,3869.25,-1430
2022-12-23 16:13:10,2,-1,3869.0,-1431
2022-12-23 16:13:11,36,14,3869.25,-1417
2022-12-23 16:13:14,40,10,3869.25,-1407
2022-12-23 16:13:17,23,1,3869.25,-1406
2022-12-23 16:13:19,1,-1,3869.0,-1407
2022-12-23 16:13:25,14,-10,3869.0,-1417
2022-12-23 16:13:27,2,1,3869.25,-1416
2022-12-23 16:13:31,2,-2,3869.0,-1418
2022-12-23 16:13:32,1,-1,3869.0,-1419
2022-12-23 16:13:33,5,-4,3869.0,-1423
2022-12-23 16:13:34,1,1,3869.25,-1422
2022-12-23 16:13:38,63,-1,3869.0,-1423
2022-12-23 16:13:43,4,-4,3868.75,-1427
2022-12-23 16:13:44,1,-1,3868.75,-1428
2022-12-23 16:13:46,1,-1,3868.75,-1429
2022-12-23 16:13:47,2,-2,3868.75,-1431
2022-12-23 16:13:48,2,-2,3868.75,-1433
2022-12-23 16:13:49,4,-1,3869.0,-1434
2022-12-23 16:13:50,7,-6,3868.75,-1440
2022-12-23 16:13:51,40,0,3868.75,-1440
2022-12-23 16:13:54,43,2,3868.75,-1438
2022-12-23 16:13:57,1,-1,3868.75,-1439
2022-12-23 16:13:58,30,-19,3868.75,-1458
2022-12-23 16:13:59,1,-1,3868.75,-1459
2022-12-23 16:14:00,4,-2,3869.0,-1461
2022-12-23 16:14:01,3,3,3869.0,-1458
2022-12-23 16:14:02,2,2,3869.0,-1456
2022-12-23 16:14:04,12,-3,3868.75,-1459
2022-12-23 16:14:07,27,9,3869.0,-1450
2022-12-23 16:14:08,12,4,3869.0,-1446
2022-12-23 16:14:09,20,-11,3868.75,-1457
2022-12-23 16:14:12,2,1,3869.0,-1456
2022-12-23 16:14:15,106,22,3869.0,-1434
2022-12-23 16:14:16,2,-1,3869.0,-1435
2022-12-23 16:14:17,99,50,3869.25,-1385
2022-12-23 16:14:18,11,6,3869.5,-1379
2022-12-23 16:14:19,3,-1,3869.25,-1380
2022-12-23 16:14:20,39,-2,3869.5,-1382
2022-12-23 16:14:21,59,4,3869.5,-1378
2022-12-23 16:14:23,2,2,3869.75,-1376
2022-12-23 16:14:26,2,2,3869.75,-1374
2022-12-23 16:14:27,25,-10,3869.5,-1384
2022-12-23 16:14:28,1,-1,3869.25,-1385
2022-12-23 16:14:29,10,-5,3869.25,-1390
2022-12-23 16:14:30,1,1,3869.5,-1389
2022-12-23 16:14:31,5,-5,3869.25,-1394
2022-12-23 16:14:32,15,-5,3869.25,-1399
2022-12-23 16:14:33,14,-11,3869.25,-1410
2022-12-23 16:14:34,19,6,3869.5,-1404
2022-12-23 16:14:35,5,-5,3869.25,-1409
2022-12-23 16:14:36,29,2,3869.25,-1407
2022-12-23 16:14:37,67,-2,3869.25,-1409
2022-12-23 16:14:38,5,-2,3869.25,-1411
2022-12-23 16:14:41,2,-2,3869.25,-1413
2022-12-23 16:14:42,16,-10,3869.25,-1423
2022-12-23 16:14:43,4,-3,3869.25,-1426
2022-12-23 16:14:44,4,-1,3869.25,-1427
2022-12-23 16:14:45,39,13,3869.25,-1414
2022-12-23 16:14:46,6,-5,3869.25,-1419
2022-12-23 16:14:47,24,5,3869.5,-1414
2022-12-23 16:14:49,41,-16,3869.25,-1430
2022-12-23 16:14:50,7,4,3869.25,-1426
2022-12-23 16:14:51,6,5,3869.25,-1421
2022-12-23 16:14:53,6,-3,3869.25,-1424
2022-12-23 16:14:54,5,4,3869.25,-1420
2022-12-23 16:14:55,2,-2,3869.0,-1422
2022-12-23 16:14:56,5,-3,3869.0,-1425
2022-12-23 16:14:57,12,-6,3869.25,-1431
2022-12-23 16:14:58,38,14,3869.25,-1417
2022-12-23 16:14:59,13,6,3869.25,-1411
2022-12-23 16:15:00,62,-1,3869.0,-1412
2022-12-23 16:15:01,53,11,3869.0,-1401
2022-12-23 16:15:02,19,4,3869.0,-1397
2022-12-23 16:15:03,10,-5,3869.0,-1402
2022-12-23 16:15:06,5,2,3869.0,-1400
2022-12-23 16:15:07,8,2,3869.0,-1398
2022-12-23 16:15:09,22,8,3869.25,-1390
2022-12-23 16:15:10,4,3,3869.25,-1387
2022-12-23 16:15:15,75,27,3869.5,-1360
2022-12-23 16:15:21,2,1,3869.5,-1359
2022-12-23 16:15:24,14,6,3869.5,-1353
2022-12-23 16:15:29,2,-2,3869.25,-1355
2022-12-23 16:15:37,5,-3,3869.25,-1358
2022-12-23 16:15:38,1,-1,3869.25,-1359
2022-12-23 16:15:43,1,1,3869.5,-1358
2022-12-23 16:15:45,1,1,3869.5,-1357
2022-12-23 16:15:47,1,1,3869.5,-1356
2022-12-23 16:15:50,1,1,3869.5,-1355
2022-12-23 16:15:53,1,1,3869.5,-1354
2022-12-23 16:15:57,32,2,3869.25,-1352
2022-12-23 16:16:05,1,1,3869.5,-1351
2022-12-23 16:16:15,1,1,3869.5,-1350
2022-12-23 16:16:19,10,-5,3869.25,-1355
2022-12-23 16:16:20,2,-1,3869.25,-1356
2022-12-23 16:16:23,42,21,3869.5,-1335
2022-12-23 16:16:24,57,-11,3869.5,-1346
2022-12-23 16:16:25,11,9,3869.5,-1337
2022-12-23 16:16:30,1,1,3869.75,-1336
2022-12-23 16:16:31,21,14,3869.75,-1322
2022-12-23 16:16:33,51,0,3869.75,-1322
2022-12-23 16:16:35,2,0,3869.75,-1322
2022-12-23 16:16:37,24,14,3869.75,-1308
2022-12-23 16:16:40,5,5,3869.75,-1303
2022-12-23 16:16:42,10,5,3869.75,-1298
2022-12-23 16:16:43,12,7,3870.0,-1291
2022-12-23 16:16:44,5,-2,3869.75,-1293
2022-12-23 16:16:52,31,8,3869.75,-1285
2022-12-23 16:16:53,18,7,3870.0,-1278
2022-12-23 16:16:58,18,-6,3869.75,-1284
2022-12-23 16:17:00,10,6,3869.75,-1278
2022-12-23 16:17:06,9,4,3870.0,-1274
2022-12-23 16:17:10,39,8,3870.0,-1266
2022-12-23 16:17:12,10,-5,3869.75,-1271
2022-12-23 16:17:15,4,-2,3869.75,-1273
2022-12-23 16:17:16,1,1,3870.0,-1272
2022-12-23 16:17:35,3,2,3870.0,-1270
2022-12-23 16:17:40,12,-6,3869.75,-1276
2022-12-23 16:17:41,17,6,3869.75,-1270
2022-12-23 16:17:42,1,-1,3869.75,-1271
2022-12-23 16:17:44,7,-4,3869.75,-1275
2022-12-23 16:17:45,1,1,3869.75,-1274
2022-12-23 16:17:48,43,24,3869.75,-1250
2022-12-23 16:17:52,2,0,3870.0,-1250
2022-12-23 16:17:58,10,1,3870.0,-1249
2022-12-23 16:17:59,1,-1,3869.75,-1250
2022-12-23 16:18:00,3,3,3870.0,-1247
2022-12-23 16:18:02,2,2,3870.0,-1245
2022-12-23 16:18:05,2,2,3870.0,-1243
2022-12-23 16:18:06,31,-10,3869.75,-1253
2022-12-23 16:18:08,5,2,3869.75,-1251
2022-12-23 16:18:10,26,13,3869.75,-1238
2022-12-23 16:18:11,3,3,3869.75,-1235
2022-12-23 16:18:14,64,43,3870.0,-1192
2022-12-23 16:18:17,6,-4,3869.75,-1196
2022-12-23 16:18:18,2,2,3869.75,-1194
2022-12-23 16:18:20,2,-2,3869.5,-1196
2022-12-23 16:18:23,16,-10,3869.5,-1206
2022-12-23 16:18:41,1,-1,3869.5,-1207
2022-12-23 16:18:49,11,-9,3869.5,-1216
2022-12-23 16:18:50,1,-1,3869.5,-1217
2022-12-23 16:18:54,2,1,3869.75,-1216
2022-12-23 16:18:58,1,-1,3869.5,-1217
2022-12-23 16:19:01,1,-1,3869.5,-1218
2022-12-23 16:19:02,3,0,3869.75,-1218
2022-12-23 16:19:05,1,1,3869.75,-1217
2022-12-23 16:19:12,1,-1,3869.5,-1218
2022-12-23 16:19:16,1,-1,3869.5,-1219
2022-12-23 16:19:17,1,-1,3869.5,-1220
2022-12-23 16:19:19,8,1,3869.75,-1219
2022-12-23 16:19:20,2,-2,3869.5,-1221
2022-12-23 16:19:21,38,19,3869.75,-1202
2022-12-23 16:19:24,1,1,3869.75,-1201
2022-12-23 16:19:25,1,1,3869.75,-1200
2022-12-23 16:19:38,13,0,3869.75,-1200
2022-12-23 16:19:40,1,-1,3869.5,-1201
2022-12-23 16:19:41,1,-1,3869.5,-1202
2022-12-23 16:19:46,34,5,3869.75,-1197
2022-12-23 16:19:47,2,2,3869.75,-1195
2022-12-23 16:19:57,1,-1,3869.5,-1196
2022-12-23 16:20:03,3,2,3869.75,-1194
2022-12-23 16:20:04,53,29,3869.75,-1165
2022-12-23 16:20:06,4,3,3869.75,-1162
2022-12-23 16:20:07,5,5,3869.75,-1157
2022-12-23 16:20:14,26,13,3869.75,-1144
2022-12-23 16:20:15,17,-7,3869.75,-1151
2022-12-23 16:20:21,1,1,3869.75,-1150
2022-12-23 16:20:23,8,6,3869.75,-1144
2022-12-23 16:20:39,2,0,3869.75,-1144
2022-12-23 16:20:46,31,8,3869.75,-1136
2022-12-23 16:20:52,21,10,3869.75,-1126
2022-12-23 16:20:56,1,-1,3869.5,-1127
2022-12-23 16:20:57,2,1,3869.75,-1126
2022-12-23 16:21:00,20,12,3869.75,-1114
2022-12-23 16:21:01,10,10,3869.75,-1104
2022-12-23 16:21:03,49,-11,3869.5,-1115
2022-12-23 16:21:07,81,-10,3869.5,-1125
2022-12-23 16:21:08,12,7,3869.5,-1118
2022-12-23 16:21:09,40,-23,3869.25,-1141
2022-12-23 16:21:12,1,-1,3869.25,-1142
2022-12-23 16:21:14,2,-2,3869.25,-1144
2022-12-23 16:21:21,47,21,3869.5,-1123
2022-12-23 16:21:23,3,1,3869.75,-1122
2022-12-23 16:21:24,24,-9,3869.5,-1131
2022-12-23 16:21:25,1,-1,3869.5,-1132
2022-12-23 16:21:27,7,1,3869.75,-1131
2022-12-23 16:21:28,1,-1,3869.5,-1132
2022-12-23 16:21:32,2,0,3869.75,-1132
2022-12-23 16:21:33,1,1,3869.75,-1131
2022-12-23 16:21:34,1,-1,3869.5,-1132
2022-12-23 16:21:43,17,-6,3869.5,-1138
2022-12-23 16:21:45,10,3,3869.5,-1135
2022-12-23 16:21:55,7,-5,3869.25,-1140
2022-12-23 16:21:59,2,0,3869.5,-1140
2022-12-23 16:22:04,4,3,3869.5,-1137
2022-12-23 16:22:05,1,-1,3869.25,-1138
2022-12-23 16:22:10,1,1,3869.5,-1137
2022-12-23 16:22:11,2,1,3869.5,-1136
2022-12-23 16:22:13,1,-1,3869.25,-1137
2022-12-23 16:22:20,1,-1,3869.25,-1138
2022-12-23 16:22:24,1,-1,3869.25,-1139
2022-12-23 16:22:25,6,5,3869.5,-1134
2022-12-23 16:22:28,1,1,3869.5,-1133
2022-12-23 16:22:29,38,6,3869.5,-1127
2022-12-23 16:22:31,8,3,3869.5,-1124
2022-12-23 16:22:38,1,1,3869.5,-1123
2022-12-23 16:22:39,1,1,3869.5,-1122
2022-12-23 16:22:40,10,-5,3869.25,-1127
2022-12-23 16:22:47,3,1,3869.5,-1126
2022-12-23 16:22:48,1,1,3869.5,-1125
2022-12-23 16:22:50,32,17,3869.5,-1108
2022-12-23 16:23:06,3,2,3869.5,-1106
2022-12-23 16:23:11,26,6,3869.75,-1100
2022-12-23 16:23:12,18,-7,3869.5,-1107
2022-12-23 16:23:19,1,-1,3869.25,-1108
2022-12-23 16:23:21,6,-5,3869.25,-1113
2022-12-23 16:23:26,1,-1,3869.25,-1114
2022-12-23 16:23:31,1,1,3869.5,-1113
2022-12-23 16:23:33,20,7,3869.5,-1106
2022-12-23 16:23:36,9,0,3869.5,-1106
2022-12-23 16:23:39,1,1,3869.5,-1105
2022-12-23 16:23:47,74,19,3869.5,-1086
2022-12-23 16:23:49,2,-2,3869.5,-1088
2022-12-23 16:23:50,40,2,3869.5,-1086
2022-12-23 16:23:52,5,-1,3869.25,-1087
2022-12-23 16:23:53,1,-1,3869.25,-1088
2022-12-23 16:23:57,11,5,3869.5,-1083
2022-12-23 16:24:01,93,-47,3869.25,-1130
2022-12-23 16:24:06,76,-6,3869.25,-1136
2022-12-23 16:24:11,1,-1,3869.0,-1137
2022-12-23 16:24:13,1,-1,3869.0,-1138
2022-12-23 16:24:20,2,1,3869.25,-1137
2022-12-23 16:24:25,1,1,3869.25,-1136
2022-12-23 16:24:27,2,1,3869.25,-1135
2022-12-23 16:24:30,1,-1,3869.0,-1136
2022-12-23 16:24:32,2,-2,3869.0,-1138
2022-12-23 16:24:35,1,-1,3869.0,-1139
2022-12-23 16:24:36,1,-1,3869.0,-1140
2022-12-23 16:24:40,7,1,3869.25,-1139
2022-12-23 16:24:43,5,5,3869.25,-1134
2022-12-23 16:24:46,1,1,3869.25,-1133
2022-12-23 16:24:52,1,-1,3869.0,-1134
2022-12-23 16:24:54,5,-3,3869.0,-1137
2022-12-23 16:25:00,1,1,3869.25,-1136
2022-12-23 16:25:10,1,-1,3869.0,-1137
2022-12-23 16:25:17,162,-65,3869.0,-1202
2022-12-23 16:25:24,42,2,3868.75,-1200
2022-12-23 16:25:25,1,1,3868.75,-1199
2022-12-23 16:25:31,17,7,3868.75,-1192
2022-12-23 16:25:32,1,1,3868.75,-1191
2022-12-23 16:25:34,2,-2,3868.5,-1193
2022-12-23 16:25:36,39,-18,3868.5,-1211
2022-12-23 16:25:37,1,-1,3868.25,-1212
2022-12-23 16:25:38,32,10,3868.5,-1202
2022-12-23 16:25:40,1,-1,3868.5,-1203
2022-12-23 16:25:42,1,1,3868.75,-1202
2022-12-23 16:25:44,8,4,3868.75,-1198
2022-12-23 16:25:57,11,-3,3868.5,-1201
2022-12-23 16:25:59,3,3,3868.75,-1198
2022-12-23 16:26:09,1,-1,3868.5,-1199
2022-12-23 16:26:11,50,-9,3868.75,-1208
2022-12-23 16:26:15,1,1,3868.75,-1207
2022-12-23 16:26:16,5,-2,3868.5,-1209
2022-12-23 16:26:17,15,11,3868.75,-1198
2022-12-23 16:26:24,15,9,3869.0,-1189
2022-12-23 16:26:37,1,1,3869.0,-1188
2022-12-23 16:26:43,1,-1,3868.75,-1189
2022-12-23 16:26:45,10,-3,3868.75,-1192
2022-12-23 16:26:48,8,1,3869.0,-1191
2022-12-23 16:26:50,1,-1,3868.75,-1192
2022-12-23 16:27:03,1,-1,3868.75,-1193
2022-12-23 16:27:08,2,-2,3868.75,-1195
2022-12-23 16:27:10,4,2,3869.0,-1193
2022-12-23 16:27:12,1,-1,3868.75,-1194
2022-12-23 16:27:13,2,-2,3868.75,-1196
2022-12-23 16:27:21,1,-1,3868.75,-1197
2022-12-23 16:27:23,18,9,3869.0,-1188
2022-12-23 16:27:26,10,-5,3868.75,-1193
2022-12-23 16:27:31,28,-7,3868.75,-1200
2022-12-23 16:27:32,6,-1,3868.75,-1201
2022-12-23 16:27:40,16,5,3868.75,-1196
2022-12-23 16:27:42,37,19,3869.0,-1177
2022-12-23 16:27:43,2,-1,3868.75,-1178
2022-12-23 16:27:44,12,-8,3868.75,-1186
2022-12-23 16:27:48,1,1,3869.0,-1185
2022-12-23 16:27:49,1,-1,3868.5,-1186
2022-12-23 16:27:52,1,1,3869.0,-1185
2022-12-23 16:27:57,3,-3,3868.75,-1188
2022-12-23 16:28:00,8,4,3868.75,-1184
2022-12-23 16:28:02,17,10,3869.0,-1174
2022-12-23 16:28:09,2,2,3869.0,-1172
2022-12-23 16:28:17,12,10,3869.0,-1162
2022-12-23 16:28:19,9,5,3869.25,-1157
2022-12-23 16:28:21,3,-3,3869.0,-1160
2022-12-23 16:28:28,1,1,3869.0,-1159
2022-12-23 16:28:34,1,1,3869.0,-1158
2022-12-23 16:28:39,20,8,3869.0,-1150
2022-12-23 16:28:41,12,9,3869.0,-1141
2022-12-23 16:28:47,6,5,3869.0,-1136
2022-12-23 16:28:48,20,7,3869.25,-1129
2022-12-23 16:28:55,1,-1,3869.0,-1130
2022-12-23 16:29:02,2,-2,3869.0,-1132
2022-12-23 16:29:06,4,2,3869.25,-1130
2022-12-23 16:29:17,2,1,3869.25,-1129
2022-12-23 16:29:20,17,10,3869.25,-1119
2022-12-23 16:29:22,20,-2,3869.25,-1121
2022-12-23 16:29:25,5,5,3869.5,-1116
2022-12-23 16:29:30,2,-2,3869.25,-1118
2022-12-23 16:29:36,1,1,3869.5,-1117
2022-12-23 16:29:39,13,13,3869.5,-1104
2022-12-23 16:29:52,31,23,3869.5,-1081
2022-12-23 16:29:55,1,-1,3869.25,-1082
2022-12-23 16:30:00,4,4,3869.5,-1078
2022-12-23 16:30:01,4,3,3869.5,-1075
2022-12-23 16:30:02,15,10,3869.5,-1065
2022-12-23 16:30:16,2,-1,3869.5,-1066
2022-12-23 16:30:21,8,4,3869.75,-1062
2022-12-23 16:30:22,1,1,3869.75,-1061
2022-12-23 16:30:26,12,9,3869.75,-1052
2022-12-23 16:30:28,1,1,3869.75,-1051
2022-12-23 16:30:29,1,1,3869.75,-1050
2022-12-23 16:30:32,8,0,3869.75,-1050
2022-12-23 16:30:51,7,5,3870.0,-1045
2022-12-23 16:30:59,18,14,3870.0,-1031
2022-12-23 16:31:00,54,16,3870.0,-1015
2022-12-23 16:31:01,4,-2,3870.0,-1017
2022-12-23 16:31:04,1,-1,3870.0,-1018
2022-12-23 16:31:10,25,-13,3870.0,-1031
2022-12-23 16:31:12,1,1,3870.0,-1030
2022-12-23 16:31:21,2,-1,3869.75,-1031
2022-12-23 16:31:26,1,1,3870.0,-1030
2022-12-23 16:31:30,9,5,3870.0,-1025
2022-12-23 16:31:35,31,-2,3870.0,-1027
2022-12-23 16:31:36,2,2,3870.0,-1025
2022-12-23 16:31:42,5,4,3870.0,-1021
2022-12-23 16:31:47,4,0,3870.0,-1021
2022-12-23 16:31:59,12,-6,3870.0,-1027
2022-12-23 16:32:00,2,2,3870.0,-1025
2022-12-23 16:32:03,2,1,3870.0,-1024
2022-12-23 16:32:08,1,1,3870.0,-1023
2022-12-23 16:32:09,1,1,3870.0,-1022
2022-12-23 16:32:10,3,2,3870.0,-1020
2022-12-23 16:32:11,2,2,3870.0,-1018
2022-12-23 16:32:13,3,2,3870.0,-1016
2022-12-23 16:32:16,46,-15,3869.75,-1031
2022-12-23 16:32:21,3,1,3869.75,-1030
2022-12-23 16:32:23,9,4,3869.75,-1026
2022-12-23 16:32:26,9,7,3870.0,-1019
2022-12-23 16:32:30,2,0,3870.0,-1019
2022-12-23 16:32:33,2,2,3870.0,-1017
2022-12-23 16:32:34,9,1,3870.0,-1016
2022-12-23 16:32:37,7,2,3870.0,-1014
2022-12-23 16:32:39,1,1,3870.0,-1013
2022-12-23 16:32:44,10,6,3870.0,-1007
2022-12-23 16:32:47,5,1,3870.0,-1006
2022-12-23 16:32:57,11,4,3870.0,-1002
2022-12-23 16:33:03,1,-1,3869.75,-1003
2022-12-23 16:33:04,1,-1,3869.75,-1004
2022-12-23 16:33:07,4,4,3870.0,-1000
2022-12-23 16:33:12,12,5,3870.0,-995
2022-12-23 16:33:15,2,-2,3869.75,-997
2022-12-23 16:33:16,4,2,3870.0,-995
2022-12-23 16:33:20,1,1,3870.0,-994
2022-12-23 16:33:23,1,1,3870.0,-993
2022-12-23 16:33:25,4,4,3870.0,-989
2022-12-23 16:33:30,15,6,3870.25,-983
2022-12-23 16:33:35,3,2,3870.25,-981
2022-12-23 16:33:36,22,-11,3870.0,-992
2022-12-23 16:33:43,1,-1,3870.0,-993
2022-12-23 16:33:45,1,1,3870.25,-992
2022-12-23 16:33:48,3,-2,3870.0,-994
2022-12-23 16:33:50,24,-1,3870.0,-995
2022-12-23 16:33:55,2,2,3870.25,-993
2022-12-23 16:33:56,2,0,3870.25,-993
2022-12-23 16:34:06,2,1,3870.25,-992
2022-12-23 16:34:07,3,-3,3870.0,-995
2022-12-23 16:34:08,2,2,3870.25,-993
2022-12-23 16:34:17,49,-11,3870.25,-1004
2022-12-23 16:34:20,12,-10,3870.0,-1014
2022-12-23 16:34:21,29,-3,3870.0,-1017
2022-12-23 16:34:29,2,-2,3870.0,-1019
2022-12-23 16:34:36,1,1,3870.25,-1018
2022-12-23 16:34:42,11,3,3870.25,-1015
2022-12-23 16:34:43,13,-9,3870.0,-1024
2022-12-23 16:34:45,8,-4,3870.0,-1028
2022-12-23 16:34:47,1,1,3870.0,-1027
2022-12-23 16:34:48,23,-12,3869.75,-1039
2022-12-23 16:34:49,2,-2,3869.75,-1041
2022-12-23 16:34:57,19,-17,3869.75,-1058
2022-12-23 16:35:00,1,-1,3869.5,-1059
2022-12-23 16:35:01,20,-13,3869.5,-1072
2022-12-23 16:35:07,2,-2,3869.25,-1074
2022-12-23 16:35:08,1,-1,3869.25,-1075
2022-12-23 16:35:09,4,-2,3869.25,-1077
2022-12-23 16:35:10,21,-15,3869.25,-1092
2022-12-23 16:35:13,1,-1,3869.0,-1093
2022-12-23 16:35:15,2,-2,3869.0,-1095
2022-12-23 16:35:24,2,-1,3869.0,-1096
2022-12-23 16:35:25,8,-4,3869.0,-1100
2022-12-23 16:35:27,1,1,3869.25,-1099
2022-12-23 16:35:29,2,-1,3869.0,-1100
2022-12-23 16:35:31,44,7,3869.25,-1093
2022-12-23 16:35:33,1,-1,3869.25,-1094
2022-12-23 16:35:38,1,1,3869.5,-1093
2022-12-23 16:35:40,17,10,3869.5,-1083
2022-12-23 16:35:46,8,7,3869.5,-1076
2022-12-23 16:35:49,5,4,3869.5,-1072
2022-12-23 16:36:02,7,3,3869.75,-1069
2022-12-23 16:36:11,2,2,3870.0,-1067
2022-12-23 16:36:13,6,6,3870.0,-1061
2022-12-23 16:36:14,1,1,3870.25,-1060
2022-12-23 16:36:33,1,-1,3870.0,-1061
2022-12-23 16:36:35,13,-6,3870.0,-1067
2022-12-23 16:36:36,1,1,3870.0,-1066
2022-12-23 16:36:43,10,6,3870.0,-1060
2022-12-23 16:36:46,2,1,3870.0,-1059
2022-12-23 16:36:48,11,0,3870.25,-1059
2022-12-23 16:36:49,9,5,3870.25,-1054
2022-12-23 16:36:52,20,-13,3870.0,-1067
2022-12-23 16:36:53,1,1,3870.0,-1066
2022-12-23 16:37:05,1,-1,3869.75,-1067
2022-12-23 16:37:07,2,-1,3869.75,-1068
2022-12-23 16:37:34,3,-1,3869.75,-1069
2022-12-23 16:37:37,8,4,3870.0,-1065
2022-12-23 16:37:40,18,-6,3870.0,-1071
2022-12-23 16:37:41,11,-8,3869.75,-1079
2022-12-23 16:37:43,2,2,3870.0,-1077
2022-12-23 16:37:47,2,-2,3869.75,-1079
2022-12-23 16:37:53,8,4,3870.0,-1075
2022-12-23 16:38:00,1,-1,3869.75,-1076
2022-12-23 16:38:06,1,-1,3869.75,-1077
2022-12-23 16:38:07,1,1,3870.0,-1076
2022-12-23 16:38:11,3,-2,3869.75,-1078
2022-12-23 16:38:15,14,12,3870.0,-1066
2022-12-23 16:38:19,1,1,3870.0,-1065
2022-12-23 16:38:23,6,4,3870.0,-1061
2022-12-23 16:38:39,11,10,3870.0,-1051
2022-12-23 16:38:57,12,2,3870.0,-1049
2022-12-23 16:38:58,8,-2,3870.0,-1051
2022-12-23 16:39:15,1,1,3870.0,-1050
2022-12-23 16:39:18,17,-8,3869.75,-1058
2022-12-23 16:39:25,16,-10,3869.5,-1068
2022-12-23 16:39:29,2,2,3869.5,-1066
2022-12-23 16:39:32,1,1,3869.5,-1065
2022-12-23 16:39:35,1,1,3869.5,-1064
2022-12-23 16:39:36,1,1,3869.5,-1063
2022-12-23 16:39:38,2,1,3869.5,-1062
2022-12-23 16:39:42,1,1,3869.5,-1061
2022-12-23 16:39:45,6,-1,3869.5,-1062
2022-12-23 16:39:48,1,1,3869.5,-1061
2022-12-23 16:39:49,2,2,3869.5,-1059
2022-12-23 16:39:50,1,1,3869.5,-1058
2022-12-23 16:39:51,2,2,3869.5,-1056
2022-12-23 16:39:52,1,1,3869.5,-1055
2022-12-23 16:39:53,1,1,3869.5,-1054
2022-12-23 16:39:54,1,1,3869.5,-1053
2022-12-23 16:39:55,1,1,3869.5,-1052
2022-12-23 16:39:56,18,6,3869.5,-1046
2022-12-23 16:39:59,9,5,3869.75,-1041
2022-12-23 16:40:00,1,-1,3869.5,-1042
2022-12-23 16:40:01,1,1,3869.75,-1041
2022-12-23 16:40:03,1,1,3869.75,-1040
2022-12-23 16:40:06,12,-8,3869.5,-1048
2022-12-23 16:40:18,28,-17,3869.25,-1065
2022-12-23 16:40:23,2,1,3869.25,-1064
2022-12-23 16:40:25,3,-2,3869.0,-1066
2022-12-23 16:40:26,1,-1,3869.0,-1067
2022-12-23 16:40:32,1,1,3869.25,-1066
2022-12-23 16:40:34,3,-3,3869.0,-1069
2022-12-23 16:40:37,8,1,3869.25,-1068
2022-12-23 16:40:49,20,-9,3869.0,-1077
2022-12-23 16:40:51,8,-6,3869.0,-1083
2022-12-23 16:40:52,22,11,3869.0,-1072
2022-12-23 16:40:55,33,-5,3869.0,-1077
2022-12-23 16:40:56,1,-1,3868.75,-1078
2022-12-23 16:41:13,4,2,3869.0,-1076
2022-12-23 16:41:21,2,-2,3868.75,-1078
2022-12-23 16:41:22,3,-1,3868.75,-1079
2022-12-23 16:41:35,1,-1,3868.75,-1080
2022-12-23 16:41:36,1,-1,3868.75,-1081
2022-12-23 16:41:45,3,-1,3868.75,-1082
2022-12-23 16:42:08,21,6,3869.0,-1076
2022-12-23 16:42:14,10,7,3869.0,-1069
2022-12-23 16:42:18,5,5,3869.0,-1064
2022-12-23 16:42:27,6,4,3869.0,-1060
2022-12-23 16:42:32,1,1,3869.0,-1059
2022-12-23 16:42:35,4,-2,3869.0,-1061
2022-12-23 16:42:38,1,-1,3868.75,-1062
2022-12-23 16:42:43,2,-2,3868.75,-1064
2022-12-23 16:42:54,3,-3,3868.75,-1067
2022-12-23 16:42:56,1,1,3869.0,-1066
2022-12-23 16:43:01,30,-18,3868.75,-1084
2022-12-23 16:43:05,1,-1,3868.5,-1085
2022-12-23 16:43:07,22,9,3868.75,-1076
2022-12-23 16:43:21,16,1,3868.75,-1075
2022-12-23 16:43:24,21,3,3868.75,-1072
2022-12-23 16:43:25,5,-2,3868.75,-1074
2022-12-23 16:43:27,1,-1,3868.5,-1075
2022-12-23 16:43:30,5,-3,3868.5,-1078
2022-12-23 16:43:38,2,-1,3868.5,-1079
2022-12-23 16:43:39,1,1,3868.75,-1078
2022-12-23 16:43:42,20,6,3868.75,-1072
2022-12-23 16:43:44,1,-1,3868.75,-1073
2022-12-23 16:43:50,1,1,3869.0,-1072
2022-12-23 16:44:01,3,2,3869.0,-1070
2022-12-23 16:44:13,4,2,3869.0,-1068
2022-12-23 16:44:14,16,12,3869.0,-1056
2022-12-23 16:44:21,10,6,3869.0,-1050
2022-12-23 16:44:30,3,1,3869.0,-1049
2022-12-23 16:44:31,1,-1,3868.75,-1050
2022-12-23 16:44:37,15,8,3869.0,-1042
2022-12-23 16:44:47,1,1,3869.0,-1041
2022-12-23 16:44:49,2,2,3869.0,-1039
2022-12-23 16:45:00,4,4,3869.0,-1035
2022-12-23 16:45:02,20,4,3869.0,-1031
2022-12-23 16:45:04,2,2,3869.0,-1029
2022-12-23 16:45:06,1,1,3869.0,-1028
2022-12-23 16:45:08,1,-1,3868.75,-1029
2022-12-23 16:45:18,1,-1,3868.75,-1030
2022-12-23 16:45:22,2,-1,3868.75,-1031
2022-12-23 16:45:23,4,2,3869.0,-1029
2022-12-23 16:45:33,44,-24,3868.75,-1053
2022-12-23 16:45:34,26,-7,3868.75,-1060
2022-12-23 16:45:35,1,1,3868.75,-1059
2022-12-23 16:45:36,40,-15,3868.75,-1074
2022-12-23 16:45:37,2,2,3868.75,-1072
2022-12-23 16:45:39,29,-27,3868.5,-1099
2022-12-23 16:45:40,1,-1,3868.25,-1100
2022-12-23 16:45:41,2,2,3868.5,-1098
2022-12-23 16:45:46,3,2,3868.5,-1096
2022-12-23 16:45:47,2,-2,3868.25,-1098
2022-12-23 16:45:53,8,5,3868.5,-1093
2022-12-23 16:45:55,2,1,3868.5,-1092
2022-12-23 16:45:59,3,3,3868.5,-1089
2022-12-23 16:46:00,8,6,3868.5,-1083
2022-12-23 16:46:13,13,-2,3868.5,-1085
2022-12-23 16:46:14,2,-1,3868.5,-1086
2022-12-23 16:46:15,10,-2,3868.5,-1088
2022-12-23 16:46:16,3,-1,3868.25,-1089
2022-12-23 16:46:27,2,0,3868.5,-1089
2022-12-23 16:46:29,1,1,3868.5,-1088
2022-12-23 16:46:34,1,1,3868.5,-1087
2022-12-23 16:46:42,2,-2,3868.25,-1089
2022-12-23 16:46:52,1,1,3868.5,-1088
2022-12-23 16:46:53,10,6,3868.5,-1082
2022-12-23 16:46:54,1,1,3868.75,-1081
2022-12-23 16:47:00,1,-1,3868.5,-1082
2022-12-23 16:47:01,3,2,3868.75,-1080
2022-12-23 16:47:07,1,-1,3868.5,-1081
2022-12-23 16:47:20,2,-2,3868.5,-1083
2022-12-23 16:47:34,2,1,3868.75,-1082
2022-12-23 16:47:42,1,1,3868.75,-1081
2022-12-23 16:47:47,13,1,3868.75,-1080
2022-12-23 16:47:49,2,1,3868.75,-1079
2022-12-23 16:47:51,1,-1,3868.5,-1080
2022-12-23 16:48:00,1,-1,3868.5,-1081
2022-12-23 16:48:09,3,-1,3868.75,-1082
2022-12-23 16:48:12,3,-3,3868.5,-1085
2022-12-23 16:48:14,2,1,3868.75,-1084
2022-12-23 16:48:25,2,2,3868.75,-1082
2022-12-23 16:48:28,1,-1,3868.5,-1083
2022-12-23 16:48:36,3,-3,3868.5,-1086
2022-12-23 16:48:37,1,-1,3868.5,-1087
2022-12-23 16:48:46,1,-1,3868.5,-1088
2022-12-23 16:48:48,1,-1,3868.5,-1089
2022-12-23 16:48:51,2,1,3868.75,-1088
2022-12-23 16:48:56,1,1,3868.75,-1087
2022-12-23 16:49:00,1,1,3868.75,-1086
2022-12-23 16:49:04,2,-2,3868.5,-1088
2022-12-23 16:49:13,1,-1,3868.5,-1089
2022-12-23 16:49:18,16,-8,3868.5,-1097
2022-12-23 16:49:22,1,-1,3868.5,-1098
2022-12-23 16:49:23,13,-9,3868.5,-1107
2022-12-23 16:49:32,1,-1,3868.5,-1108
2022-12-23 16:49:33,23,-13,3868.5,-1121
2022-12-23 16:49:40,1,-1,3868.25,-1122
2022-12-23 16:49:43,21,-11,3868.25,-1133
2022-12-23 16:49:46,4,-4,3868.25,-1137
2022-12-23 16:49:49,2,0,3868.5,-1137
2022-12-23 16:49:52,1,-1,3868.25,-1138
2022-12-23 16:49:54,2,-2,3868.25,-1140
2022-12-23 16:49:55,4,-3,3868.25,-1143
2022-12-23 16:49:56,2,-2,3868.25,-1145
2022-12-23 16:49:58,1,-1,3868.25,-1146
2022-12-23 16:50:00,4,-1,3868.5,-1147
2022-12-23 16:50:01,16,-13,3868.25,-1160
2022-12-23 16:50:03,34,-2,3868.25,-1162
2022-12-23 16:50:05,1,-1,3868.25,-1163
2022-12-23 16:50:06,3,-2,3868.25,-1165
2022-12-23 16:50:08,1,-1,3868.25,-1166
2022-12-23 16:50:13,2,-2,3868.25,-1168
2022-12-23 16:50:21,15,5,3868.5,-1163
2022-12-23 16:50:26,1,-1,3868.25,-1164
2022-12-23 16:50:29,1,1,3868.5,-1163
2022-12-23 16:50:32,9,7,3868.5,-1156
2022-12-23 16:50:34,14,1,3868.5,-1155
2022-12-23 16:50:36,45,3,3868.75,-1152
2022-12-23 16:50:38,1,-1,3868.75,-1153
2022-12-23 16:50:42,20,0,3868.75,-1153
2022-12-23 16:50:44,3,1,3868.75,-1152
2022-12-23 16:50:47,73,65,3869.25,-1087
2022-12-23 16:50:48,21,-26,3869.0,-1113
2022-12-23 16:50:55,53,23,3869.5,-1090
2022-12-23 16:51:00,2,-2,3869.25,-1092
2022-12-23 16:51:02,4,-2,3869.25,-1094
2022-12-23 16:51:31,3,-2,3869.25,-1096
2022-12-23 16:51:36,6,1,3869.5,-1095
2022-12-23 16:51:38,1,-1,3869.25,-1096
2022-12-23 16:51:41,1,-1,3869.25,-1097
2022-12-23 16:51:44,3,-3,3869.25,-1100
2022-12-23 16:51:47,4,1,3869.5,-1099
2022-12-23 16:51:48,1,-1,3869.25,-1100
2022-12-23 16:51:49,1,-1,3869.25,-1101
2022-12-23 16:51:56,3,-1,3869.25,-1102
2022-12-23 16:52:05,1,-1,3869.25,-1103
2022-12-23 16:52:14,1,-1,3869.25,-1104
2022-12-23 16:52:16,2,-2,3869.25,-1106
2022-12-23 16:52:18,19,-9,3869.25,-1115
2022-12-23 16:52:20,6,-2,3869.25,-1117
2022-12-23 16:52:21,10,5,3869.25,-1112
2022-12-23 16:52:27,1,1,3869.25,-1111
2022-12-23 16:52:32,11,6,3869.25,-1105
2022-12-23 16:52:41,1,-1,3869.25,-1106
2022-12-23 16:52:51,1,-1,3869.25,-1107
2022-12-23 16:52:52,2,-1,3869.25,-1108
2022-12-23 16:52:54,2,0,3869.5,-1108
2022-12-23 16:53:00,1,-1,3869.25,-1109
2022-12-23 16:53:09,3,-2,3869.25,-1111
2022-12-23 16:53:14,3,-2,3869.25,-1113
2022-12-23 16:53:18,1,-1,3869.25,-1114
2022-12-23 16:53:20,1,-1,3869.25,-1115
2022-12-23 16:53:23,2,-2,3869.25,-1117
2022-12-23 16:53:27,1,-1,3869.25,-1118
2022-12-23 16:53:30,1,1,3869.5,-1117
2022-12-23 16:53:32,2,-2,3869.25,-1119
2022-12-23 16:53:33,1,1,3869.5,-1118
2022-12-23 16:53:34,1,1,3869.5,-1117
2022-12-23 16:53:36,1,-1,3869.25,-1118
2022-12-23 16:53:40,1,-1,3869.25,-1119
2022-12-23 16:53:46,1,-1,3869.25,-1120
2022-12-23 16:53:51,32,-6,3869.25,-1126
2022-12-23 16:53:54,1,-1,3869.0,-1127
2022-12-23 16:53:55,43,6,3869.25,-1121
2022-12-23 16:54:03,1,-1,3869.0,-1122
2022-12-23 16:54:21,5,3,3869.25,-1119
2022-12-23 16:54:24,1,1,3869.25,-1118
2022-12-23 16:54:26,11,-9,3869.0,-1127
2022-12-23 16:54:29,11,6,3869.25,-1121
2022-12-23 16:54:33,18,-8,3869.25,-1129
2022-12-23 16:54:34,1,1,3869.5,-1128
2022-12-23 16:54:38,1,-1,3869.25,-1129
2022-12-23 16:54:39,6,-2,3869.25,-1131
2022-12-23 16:54:40,1,1,3869.25,-1130
2022-12-23 16:54:44,2,2,3869.25,-1128
2022-12-23 16:54:52,1,1,3869.25,-1127
2022-12-23 16:54:53,8,4,3869.25,-1123
2022-12-23 16:54:59,3,-3,3869.25,-1126
2022-12-23 16:55:00,4,-3,3869.25,-1129
2022-12-23 16:55:01,17,0,3869.5,-1129
2022-12-23 16:55:02,29,3,3869.5,-1126
2022-12-23 16:55:03,2,-2,3869.25,-1128
2022-12-23 16:55:04,7,-5,3869.25,-1133
2022-12-23 16:55:05,1,-1,3869.25,-1134
2022-12-23 16:55:08,1,-1,3869.25,-1135
2022-12-23 16:55:11,5,-3,3869.25,-1138
2022-12-23 16:55:12,4,-4,3869.25,-1142
2022-12-23 16:55:15,3,3,3869.25,-1139
2022-12-23 16:55:16,1,-1,3869.0,-1140
2022-12-23 16:55:19,6,4,3869.25,-1136
2022-12-23 16:55:22,7,6,3869.25,-1130
2022-12-23 16:55:30,22,-18,3869.0,-1148
2022-12-23 16:55:33,10,7,3869.25,-1141
2022-12-23 16:55:34,9,9,3869.25,-1132
2022-12-23 16:55:37,1,1,3869.5,-1131
2022-12-23 16:55:40,10,0,3869.5,-1131
2022-12-23 16:55:41,3,-1,3869.25,-1132
2022-12-23 16:55:42,1,1,3869.5,-1131
2022-12-23 16:55:44,41,-9,3869.25,-1140
2022-12-23 16:55:46,3,-3,3869.0,-1143
2022-12-23 16:55:47,1,-1,3869.0,-1144
2022-12-23 16:55:54,4,-3,3869.0,-1147
2022-12-23 16:55:57,17,4,3869.25,-1143
2022-12-23 16:56:01,1,-1,3869.25,-1144
2022-12-23 16:56:02,1,-1,3869.25,-1145
2022-12-23 16:56:04,1,-1,3869.25,-1146
2022-12-23 16:56:08,1,-1,3869.25,-1147
2022-12-23 16:56:14,2,-2,3869.25,-1149
2022-12-23 16:56:21,1,-1,3869.25,-1150
2022-12-23 16:56:29,1,-1,3869.25,-1151
2022-12-23 16:56:35,13,7,3869.5,-1144
2022-12-23 16:56:44,1,1,3869.5,-1143
2022-12-23 16:56:46,1,-1,3869.25,-1144
2022-12-23 16:56:55,1,-1,3869.25,-1145
2022-12-23 16:57:00,5,-5,3869.25,-1150
2022-12-23 16:57:01,1,-1,3869.25,-1151
2022-12-23 16:57:05,1,-1,3869.25,-1152
2022-12-23 16:57:12,2,-2,3869.25,-1154
2022-12-23 16:57:14,15,13,3869.5,-1141
2022-12-23 16:57:18,9,6,3869.5,-1135
2022-12-23 16:57:19,1,-1,3869.5,-1136
2022-12-23 16:57:20,6,-5,3869.5,-1141
2022-12-23 16:57:23,1,-1,3869.25,-1142
2022-12-23 16:57:24,3,2,3869.5,-1140
2022-12-23 16:57:25,1,1,3869.5,-1139
2022-12-23 16:57:31,1,1,3869.5,-1138
2022-12-23 16:57:32,1,-1,3869.25,-1139
2022-12-23 16:57:41,1,-1,3869.25,-1140
2022-12-23 16:57:43,4,2,3869.5,-1138
2022-12-23 16:57:48,1,-1,3869.25,-1139
2022-12-23 16:57:50,13,8,3869.5,-1131
2022-12-23 16:57:54,3,1,3869.5,-1130
2022-12-23 16:58:02,19,-13,3869.25,-1143
2022-12-23 16:58:09,2,-2,3869.0,-1145
2022-12-23 16:58:17,10,4,3869.25,-1141
2022-12-23 16:58:19,2,-2,3869.0,-1143
2022-12-23 16:58:26,3,-3,3869.0,-1146
2022-12-23 16:58:31,11,-5,3869.25,-1151
2022-12-23 16:58:35,1,-1,3869.0,-1152
2022-12-23 16:58:39,1,1,3869.25,-1151
2022-12-23 16:58:46,2,1,3869.25,-1150
2022-12-23 16:58:50,1,1,3869.25,-1149
2022-12-23 16:58:51,3,-2,3869.0,-1151
2022-12-23 16:58:57,2,2,3869.25,-1149
2022-12-23 16:58:59,1,-1,3869.0,-1150
2022-12-23 16:59:00,10,6,3869.25,-1144
2022-12-23 16:59:01,2,-2,3869.0,-1146
2022-12-23 16:59:06,34,-11,3869.25,-1157
2022-12-23 16:59:07,1,1,3869.0,-1156
2022-12-23 16:59:10,1,1,3869.0,-1155
2022-12-23 16:59:11,1,-1,3868.75,-1156
2022-12-23 16:59:12,1,1,3869.0,-1155
2022-12-23 16:59:13,6,-3,3868.75,-1158
2022-12-23 16:59:14,3,-2,3868.75,-1160
2022-12-23 16:59:15,6,-1,3869.0,-1161
2022-12-23 16:59:17,2,2,3869.0,-1159
2022-12-23 16:59:18,1,-1,3868.75,-1160
2022-12-23 16:59:21,4,2,3869.0,-1158
2022-12-23 16:59:28,7,-2,3869.0,-1160
2022-12-23 16:59:30,2,-2,3868.5,-1162
2022-12-23 16:59:31,2,0,3868.75,-1162
2022-12-23 16:59:33,24,-11,3868.75,-1173
2022-12-23 16:59:34,6,3,3868.5,-1170
2022-12-23 16:59:35,1,1,3868.5,-1169
2022-12-23 16:59:38,3,-3,3868.25,-1172
2022-12-23 16:59:39,27,-15,3868.25,-1187
2022-12-23 16:59:40,7,3,3868.25,-1184
2022-12-23 16:59:42,1,1,3868.5,-1183
2022-12-23 16:59:43,9,1,3868.5,-1182
2022-12-23 16:59:45,2,-2,3868.25,-1184
2022-12-23 16:59:48,4,-3,3868.25,-1187
2022-12-23 16:59:49,102,11,3868.5,-1176
2022-12-23 16:59:50,42,-5,3868.25,-1181
2022-12-23 16:59:51,3,0,3868.25,-1181
2022-12-23 16:59:52,5,3,3868.25,-1178
2022-12-23 16:59:53,1,1,3868.25,-1177
2022-12-23 16:59:54,3,1,3868.25,-1176
2022-12-23 16:59:55,1,1,3868.25,-1175
2022-12-23 16:59:56,2,-1,3868.0,-1176
2022-12-23 16:59:58,22,-7,3868.0,-1183
2022-12-23 16:59:59,8,6,3868.25,-1177
