Date,Vol,BidAsk,Price,BidAskCum
2022-10-03 12:30:00,110,-18,3662.75,13093
2022-10-03 12:30:01,28,-4,3662.5,13089
2022-10-03 12:30:02,12,-9,3662.5,13080
2022-10-03 12:30:03,77,15,3663.0,13095
2022-10-03 12:30:04,8,3,3663.0,13098
2022-10-03 12:30:05,37,-4,3663.0,13094
2022-10-03 12:30:06,10,7,3662.75,13101
2022-10-03 12:30:07,11,7,3662.75,13108
2022-10-03 12:30:08,47,-8,3662.75,13100
2022-10-03 12:30:09,25,2,3662.75,13102
2022-10-03 12:30:10,119,-61,3663.0,13041
2022-10-03 12:30:11,18,-8,3662.75,13033
2022-10-03 12:30:12,11,9,3662.75,13042
2022-10-03 12:30:13,33,-1,3663.0,13041
2022-10-03 12:30:14,55,-24,3662.75,13017
2022-10-03 12:30:15,93,-25,3662.5,12992
2022-10-03 12:30:16,29,-15,3662.25,12977
2022-10-03 12:30:17,54,0,3662.25,12977
2022-10-03 12:30:18,111,-69,3662.25,12908
2022-10-03 12:30:19,73,7,3662.25,12915
2022-10-03 12:30:20,44,3,3662.5,12918
2022-10-03 12:30:21,47,-16,3662.0,12902
2022-10-03 12:30:22,54,-8,3661.5,12894
2022-10-03 12:30:23,78,18,3662.0,12912
2022-10-03 12:30:24,59,10,3662.25,12922
2022-10-03 12:30:25,39,-18,3662.0,12904
2022-10-03 12:30:26,1,1,3661.75,12905
2022-10-03 12:30:27,58,-22,3661.75,12883
2022-10-03 12:30:28,33,-8,3661.5,12875
2022-10-03 12:30:29,297,-82,3661.25,12793
2022-10-03 12:30:30,29,2,3660.75,12795
2022-10-03 12:30:31,47,-15,3660.75,12780
2022-10-03 12:30:32,70,-46,3660.75,12734
2022-10-03 12:30:33,81,8,3660.75,12742
2022-10-03 12:30:34,55,7,3660.75,12749
2022-10-03 12:30:35,76,-40,3660.75,12709
2022-10-03 12:30:36,27,0,3660.5,12709
2022-10-03 12:30:37,11,-5,3660.75,12704
2022-10-03 12:30:38,62,25,3661.25,12729
2022-10-03 12:30:39,34,-2,3661.0,12727
2022-10-03 12:30:40,47,0,3661.25,12727
2022-10-03 12:30:41,40,12,3661.25,12739
2022-10-03 12:30:42,58,-10,3661.25,12729
2022-10-03 12:30:43,16,1,3661.0,12730
2022-10-03 12:30:44,33,-10,3660.75,12720
2022-10-03 12:30:45,63,7,3661.0,12727
2022-10-03 12:30:46,31,9,3660.75,12736
2022-10-03 12:30:47,33,2,3661.0,12738
2022-10-03 12:30:48,45,-6,3661.0,12732
2022-10-03 12:30:49,60,5,3661.0,12737
2022-10-03 12:30:50,47,-18,3661.25,12719
2022-10-03 12:30:51,102,-37,3660.75,12682
2022-10-03 12:30:52,25,14,3660.75,12696
2022-10-03 12:30:53,5,-5,3660.5,12691
2022-10-03 12:30:54,69,22,3661.0,12713
2022-10-03 12:30:55,29,-4,3661.25,12709
2022-10-03 12:30:56,22,-12,3661.0,12697
2022-10-03 12:30:57,41,-6,3661.0,12691
2022-10-03 12:30:58,22,14,3660.75,12705
2022-10-03 12:30:59,33,6,3661.0,12711
2022-10-03 12:31:00,40,-4,3661.0,12707
2022-10-03 12:31:01,80,-19,3660.75,12688
2022-10-03 12:31:02,44,9,3660.75,12697
2022-10-03 12:31:03,450,-111,3660.5,12586
2022-10-03 12:31:04,64,-26,3660.0,12560
2022-10-03 12:31:05,75,-2,3660.0,12558
2022-10-03 12:31:06,56,18,3660.25,12576
2022-10-03 12:31:07,132,-3,3660.25,12573
2022-10-03 12:31:08,74,-5,3660.75,12568
2022-10-03 12:31:09,11,-6,3660.5,12562
2022-10-03 12:31:10,104,-2,3660.25,12560
2022-10-03 12:31:11,57,1,3660.5,12561
2022-10-03 12:31:12,34,15,3660.5,12576
2022-10-03 12:31:13,65,10,3660.75,12586
2022-10-03 12:31:14,10,3,3660.75,12589
2022-10-03 12:31:15,9,4,3661.0,12593
2022-10-03 12:31:16,175,34,3661.0,12627
2022-10-03 12:31:17,32,14,3661.0,12641
2022-10-03 12:31:18,77,37,3661.5,12678
2022-10-03 12:31:19,57,-56,3661.5,12622
2022-10-03 12:31:20,75,-28,3661.0,12594
2022-10-03 12:31:21,1,1,3660.5,12595
2022-10-03 12:31:22,25,19,3660.75,12614
2022-10-03 12:31:23,34,-19,3660.5,12595
2022-10-03 12:31:24,38,16,3660.5,12611
2022-10-03 12:31:25,5,-2,3660.5,12609
2022-10-03 12:31:26,5,-3,3660.5,12606
2022-10-03 12:31:27,10,-7,3660.5,12599
2022-10-03 12:31:28,61,-10,3660.5,12589
2022-10-03 12:31:29,20,3,3660.5,12592
2022-10-03 12:31:30,49,-21,3660.25,12571
2022-10-03 12:31:31,2,2,3660.5,12573
2022-10-03 12:31:32,75,3,3660.5,12576
2022-10-03 12:31:33,5,-5,3660.25,12571
2022-10-03 12:31:34,37,6,3660.5,12577
2022-10-03 12:31:35,25,-4,3660.5,12573
2022-10-03 12:31:36,5,-1,3660.5,12572
2022-10-03 12:31:37,52,-8,3660.5,12564
2022-10-03 12:31:38,19,-3,3660.5,12561
2022-10-03 12:31:39,3,3,3660.5,12564
2022-10-03 12:31:40,1,-1,3660.25,12563
2022-10-03 12:31:41,40,5,3660.75,12568
2022-10-03 12:31:42,9,-3,3660.5,12565
2022-10-03 12:31:43,20,-3,3660.25,12562
2022-10-03 12:31:44,11,5,3660.5,12567
2022-10-03 12:31:45,26,-11,3660.5,12556
2022-10-03 12:31:46,17,3,3660.25,12559
2022-10-03 12:31:47,2,-2,3660.0,12557
2022-10-03 12:31:48,23,-5,3660.25,12552
2022-10-03 12:31:50,79,-6,3660.25,12546
2022-10-03 12:31:51,60,17,3660.25,12563
2022-10-03 12:31:52,13,5,3660.25,12568
2022-10-03 12:31:53,3,-1,3660.25,12567
2022-10-03 12:31:54,20,-8,3660.25,12559
2022-10-03 12:31:55,24,-2,3660.25,12557
2022-10-03 12:31:56,17,2,3660.25,12559
2022-10-03 12:31:57,10,-1,3660.25,12558
2022-10-03 12:31:58,55,-8,3660.25,12550
2022-10-03 12:31:59,9,-8,3660.0,12542
2022-10-03 12:32:00,36,4,3660.5,12546
2022-10-03 12:32:01,85,-12,3660.5,12534
2022-10-03 12:32:02,15,6,3660.25,12540
2022-10-03 12:32:03,12,8,3660.5,12548
2022-10-03 12:32:04,36,-2,3660.5,12546
2022-10-03 12:32:05,14,-9,3660.25,12537
2022-10-03 12:32:06,21,19,3660.75,12556
2022-10-03 12:32:07,87,10,3661.5,12566
2022-10-03 12:32:08,32,11,3661.25,12577
2022-10-03 12:32:09,83,27,3661.5,12604
2022-10-03 12:32:10,30,1,3661.5,12605
2022-10-03 12:32:11,11,-5,3661.5,12600
2022-10-03 12:32:12,20,-2,3661.5,12598
2022-10-03 12:32:13,115,49,3662.0,12647
2022-10-03 12:32:14,171,38,3662.5,12685
2022-10-03 12:32:15,30,0,3662.0,12685
2022-10-03 12:32:16,23,-9,3662.0,12676
2022-10-03 12:32:17,16,3,3662.25,12679
2022-10-03 12:32:18,10,3,3662.25,12682
2022-10-03 12:32:19,36,3,3662.25,12685
2022-10-03 12:32:20,140,14,3662.5,12699
2022-10-03 12:32:21,29,5,3662.0,12704
2022-10-03 12:32:22,1,1,3662.25,12705
2022-10-03 12:32:23,62,12,3662.5,12717
2022-10-03 12:32:24,7,3,3662.5,12720
2022-10-03 12:32:25,93,-33,3662.25,12687
2022-10-03 12:32:26,9,-1,3661.75,12686
2022-10-03 12:32:27,37,4,3662.0,12690
2022-10-03 12:32:28,20,9,3662.0,12699
2022-10-03 12:32:29,22,8,3662.0,12707
2022-10-03 12:32:30,66,-16,3662.5,12691
2022-10-03 12:32:31,88,-37,3662.25,12654
2022-10-03 12:32:32,54,-1,3662.5,12653
2022-10-03 12:32:33,26,-7,3662.25,12646
2022-10-03 12:32:34,3,3,3662.25,12649
2022-10-03 12:32:35,20,17,3662.5,12666
2022-10-03 12:32:36,37,4,3662.5,12670
2022-10-03 12:32:37,61,12,3662.25,12682
2022-10-03 12:32:38,3,-1,3662.25,12681
2022-10-03 12:32:39,22,-8,3662.25,12673
2022-10-03 12:32:40,44,9,3662.5,12682
2022-10-03 12:32:41,53,-23,3662.25,12659
2022-10-03 12:32:42,51,19,3662.75,12678
2022-10-03 12:32:43,3,1,3662.75,12679
2022-10-03 12:32:44,43,26,3663.0,12705
2022-10-03 12:32:45,32,-16,3663.0,12689
2022-10-03 12:32:46,11,5,3663.0,12694
2022-10-03 12:32:47,32,6,3663.25,12700
2022-10-03 12:32:48,182,58,3664.0,12758
2022-10-03 12:32:49,52,-5,3663.75,12753
2022-10-03 12:32:50,51,-11,3663.75,12742
2022-10-03 12:32:51,55,-14,3663.75,12728
2022-10-03 12:32:52,34,-12,3663.75,12716
2022-10-03 12:32:53,13,2,3663.75,12718
2022-10-03 12:32:54,127,14,3663.75,12732
2022-10-03 12:32:55,34,-10,3663.75,12722
2022-10-03 12:32:56,71,-31,3663.25,12691
2022-10-03 12:32:57,100,36,3663.25,12727
2022-10-03 12:32:58,17,-15,3662.75,12712
2022-10-03 12:32:59,44,17,3663.5,12729
2022-10-03 12:33:00,42,5,3663.5,12734
2022-10-03 12:33:01,3,-1,3663.25,12733
2022-10-03 12:33:02,18,16,3663.25,12749
2022-10-03 12:33:03,40,-4,3663.5,12745
2022-10-03 12:33:04,17,1,3663.5,12746
2022-10-03 12:33:05,44,-4,3663.5,12742
2022-10-03 12:33:06,17,2,3663.5,12744
2022-10-03 12:33:07,2,2,3663.5,12746
2022-10-03 12:33:08,34,14,3663.5,12760
2022-10-03 12:33:09,11,8,3663.75,12768
2022-10-03 12:33:10,22,-7,3663.75,12761
2022-10-03 12:33:11,8,-4,3663.75,12757
2022-10-03 12:33:12,15,-6,3664.0,12751
2022-10-03 12:33:13,252,-20,3664.0,12731
2022-10-03 12:33:14,114,-58,3663.75,12673
2022-10-03 12:33:15,17,1,3663.75,12674
2022-10-03 12:33:16,326,-42,3663.75,12632
2022-10-03 12:33:17,37,7,3664.0,12639
2022-10-03 12:33:19,55,-1,3664.0,12638
2022-10-03 12:33:20,193,-47,3663.75,12591
2022-10-03 12:33:21,10,3,3663.5,12594
2022-10-03 12:33:22,96,6,3663.75,12600
2022-10-03 12:33:23,108,-46,3663.5,12554
2022-10-03 12:33:24,6,-2,3663.5,12552
2022-10-03 12:33:25,6,2,3663.5,12554
2022-10-03 12:33:26,3,0,3663.5,12554
2022-10-03 12:33:27,15,0,3663.5,12554
2022-10-03 12:33:28,42,1,3663.5,12555
2022-10-03 12:33:29,90,-21,3663.5,12534
2022-10-03 12:33:30,149,-12,3663.25,12522
2022-10-03 12:33:31,188,16,3663.5,12538
2022-10-03 12:33:32,71,2,3663.25,12540
2022-10-03 12:33:33,10,6,3663.5,12546
2022-10-03 12:33:34,8,1,3663.5,12547
2022-10-03 12:33:35,15,-13,3663.5,12534
2022-10-03 12:33:36,52,1,3663.25,12535
2022-10-03 12:33:37,1,-1,3663.25,12534
2022-10-03 12:33:38,112,26,3663.5,12560
2022-10-03 12:33:39,67,16,3663.5,12576
2022-10-03 12:33:41,7,4,3663.75,12580
2022-10-03 12:33:42,47,-21,3663.5,12559
2022-10-03 12:33:43,141,23,3664.0,12582
2022-10-03 12:33:44,96,0,3664.25,12582
2022-10-03 12:33:45,70,-34,3664.25,12548
2022-10-03 12:33:46,8,5,3664.0,12553
2022-10-03 12:33:47,5,0,3664.25,12553
2022-10-03 12:33:48,86,-27,3664.25,12526
2022-10-03 12:33:49,17,-9,3664.25,12517
2022-10-03 12:33:50,61,25,3664.25,12542
2022-10-03 12:33:51,59,32,3664.25,12574
2022-10-03 12:33:52,21,17,3664.25,12591
2022-10-03 12:33:53,124,-82,3664.25,12509
2022-10-03 12:33:54,22,-6,3664.25,12503
2022-10-03 12:33:55,67,-15,3664.0,12488
2022-10-03 12:33:56,172,67,3664.0,12555
2022-10-03 12:33:57,80,-17,3664.25,12538
2022-10-03 12:33:58,1,-1,3664.25,12537
2022-10-03 12:33:59,100,24,3664.75,12561
2022-10-03 12:34:00,110,-7,3664.75,12554
2022-10-03 12:34:01,42,18,3665.0,12572
2022-10-03 12:34:02,126,-8,3664.75,12564
2022-10-03 12:34:03,6,1,3664.75,12565
2022-10-03 12:34:04,15,7,3664.75,12572
2022-10-03 12:34:05,38,-15,3665.0,12557
2022-10-03 12:34:06,49,-18,3665.0,12539
2022-10-03 12:34:07,22,14,3665.0,12553
2022-10-03 12:34:08,120,9,3665.0,12562
2022-10-03 12:34:09,64,67,3665.25,12629
2022-10-03 12:34:10,1,1,3665.25,12630
2022-10-03 12:34:11,2,1,3665.25,12631
2022-10-03 12:34:12,75,-6,3665.5,12625
2022-10-03 12:34:13,41,-8,3665.5,12617
2022-10-03 12:34:14,54,17,3665.75,12634
2022-10-03 12:34:15,124,31,3666.0,12665
2022-10-03 12:34:16,73,-6,3666.0,12659
2022-10-03 12:34:17,191,36,3666.5,12695
2022-10-03 12:34:18,49,-16,3666.0,12679
2022-10-03 12:34:19,152,-46,3666.0,12633
2022-10-03 12:34:20,97,-12,3666.0,12621
2022-10-03 12:34:21,54,-19,3666.0,12602
2022-10-03 12:34:22,3,-3,3665.5,12599
2022-10-03 12:34:23,61,-27,3665.5,12572
2022-10-03 12:34:24,2,0,3665.5,12572
2022-10-03 12:34:25,20,-3,3665.25,12569
2022-10-03 12:34:26,29,-23,3665.25,12546
2022-10-03 12:34:27,24,-7,3665.0,12539
2022-10-03 12:34:28,36,-11,3665.25,12528
2022-10-03 12:34:29,12,-7,3665.0,12521
2022-10-03 12:34:30,2,-2,3665.0,12519
2022-10-03 12:34:31,33,-13,3665.0,12506
2022-10-03 12:34:32,16,8,3665.0,12514
2022-10-03 12:34:33,15,-2,3665.0,12512
2022-10-03 12:34:34,43,9,3665.25,12521
2022-10-03 12:34:35,5,-4,3665.0,12517
2022-10-03 12:34:36,18,10,3665.25,12527
2022-10-03 12:34:37,11,-10,3665.25,12517
2022-10-03 12:34:38,43,22,3665.5,12539
2022-10-03 12:34:39,18,14,3665.75,12553
2022-10-03 12:34:40,103,21,3666.0,12574
2022-10-03 12:34:41,1,-1,3666.0,12573
2022-10-03 12:34:42,179,-3,3666.5,12570
2022-10-03 12:34:43,60,-29,3666.0,12541
2022-10-03 12:34:44,118,-59,3666.0,12482
2022-10-03 12:34:45,106,-11,3666.0,12471
2022-10-03 12:34:46,31,7,3666.25,12478
2022-10-03 12:34:47,61,26,3666.5,12504
2022-10-03 12:34:48,6,-3,3666.5,12501
2022-10-03 12:34:49,6,1,3666.5,12502
2022-10-03 12:34:50,2,2,3666.5,12504
2022-10-03 12:34:51,8,5,3666.5,12509
2022-10-03 12:34:52,79,32,3666.75,12541
2022-10-03 12:34:53,22,10,3666.75,12551
2022-10-03 12:34:54,81,-11,3666.75,12540
2022-10-03 12:34:55,98,-24,3666.75,12516
2022-10-03 12:34:56,160,37,3666.75,12553
2022-10-03 12:34:57,18,13,3667.0,12566
2022-10-03 12:34:58,138,-24,3667.0,12542
2022-10-03 12:34:59,113,23,3666.75,12565
2022-10-03 12:35:00,23,-1,3666.75,12564
2022-10-03 12:35:01,103,-26,3666.75,12538
2022-10-03 12:35:02,4,0,3666.75,12538
2022-10-03 12:35:03,10,-8,3666.5,12530
2022-10-03 12:35:04,160,40,3667.0,12570
2022-10-03 12:35:05,71,-3,3667.0,12567
2022-10-03 12:35:06,63,8,3667.25,12575
2022-10-03 12:35:07,61,3,3666.75,12578
2022-10-03 12:35:08,46,-28,3666.75,12550
2022-10-03 12:35:09,44,-20,3666.5,12530
2022-10-03 12:35:10,27,-3,3666.25,12527
2022-10-03 12:35:11,26,18,3666.75,12545
2022-10-03 12:35:12,16,10,3667.0,12555
2022-10-03 12:35:13,64,6,3667.0,12561
2022-10-03 12:35:14,6,2,3667.0,12563
2022-10-03 12:35:15,262,-5,3667.25,12558
2022-10-03 12:35:16,103,-20,3667.25,12538
2022-10-03 12:35:17,26,-7,3667.25,12531
2022-10-03 12:35:18,37,-16,3667.0,12515
2022-10-03 12:35:19,20,-15,3667.0,12500
2022-10-03 12:35:20,87,37,3667.0,12537
2022-10-03 12:35:21,34,-16,3666.75,12521
2022-10-03 12:35:22,8,-3,3666.75,12518
2022-10-03 12:35:23,2,0,3667.0,12518
2022-10-03 12:35:24,28,13,3667.0,12531
2022-10-03 12:35:25,115,14,3667.25,12545
2022-10-03 12:35:26,13,5,3667.0,12550
2022-10-03 12:35:27,2,-2,3667.0,12548
2022-10-03 12:35:28,73,-21,3667.0,12527
2022-10-03 12:35:29,19,-1,3666.75,12526
2022-10-03 12:35:30,19,6,3666.75,12532
2022-10-03 12:35:31,12,-10,3666.75,12522
2022-10-03 12:35:32,66,-8,3666.75,12514
2022-10-03 12:35:33,32,-8,3666.5,12506
2022-10-03 12:35:34,26,-21,3666.5,12485
2022-10-03 12:35:35,6,-2,3666.25,12483
2022-10-03 12:35:36,47,13,3666.5,12496
2022-10-03 12:35:37,33,-2,3666.5,12494
2022-10-03 12:35:38,33,-5,3666.5,12489
2022-10-03 12:35:39,16,6,3666.5,12495
2022-10-03 12:35:40,46,10,3666.75,12505
2022-10-03 12:35:41,13,6,3667.0,12511
2022-10-03 12:35:42,21,7,3666.75,12518
2022-10-03 12:35:43,3,-1,3666.75,12517
2022-10-03 12:35:44,7,6,3666.75,12523
2022-10-03 12:35:45,21,16,3667.0,12539
2022-10-03 12:35:46,110,-24,3667.0,12515
2022-10-03 12:35:47,28,-7,3666.5,12508
2022-10-03 12:35:48,24,-3,3666.25,12505
2022-10-03 12:35:49,54,-14,3666.25,12491
2022-10-03 12:35:50,148,-102,3665.75,12389
2022-10-03 12:35:51,119,-9,3665.5,12380
2022-10-03 12:35:52,81,-17,3665.75,12363
2022-10-03 12:35:53,15,-10,3665.5,12353
2022-10-03 12:35:54,36,-10,3665.5,12343
2022-10-03 12:35:55,90,2,3665.25,12345
2022-10-03 12:35:56,50,9,3665.0,12354
2022-10-03 12:35:57,77,-8,3665.25,12346
2022-10-03 12:35:58,31,-23,3665.0,12323
2022-10-03 12:35:59,17,-14,3664.5,12309
2022-10-03 12:36:00,100,-2,3664.75,12307
2022-10-03 12:36:01,62,2,3664.75,12309
2022-10-03 12:36:02,6,1,3664.75,12310
2022-10-03 12:36:03,15,0,3664.75,12310
2022-10-03 12:36:05,30,24,3665.0,12334
2022-10-03 12:36:06,17,9,3665.0,12343
2022-10-03 12:36:07,54,19,3665.25,12362
2022-10-03 12:36:08,44,5,3665.75,12367
2022-10-03 12:36:09,37,9,3665.75,12376
2022-10-03 12:36:10,122,48,3666.25,12424
2022-10-03 12:36:11,63,9,3666.5,12433
2022-10-03 12:36:12,49,7,3666.5,12440
2022-10-03 12:36:13,104,26,3666.75,12466
2022-10-03 12:36:15,100,27,3666.75,12493
2022-10-03 12:36:16,42,9,3667.0,12502
2022-10-03 12:36:17,44,-2,3666.75,12500
2022-10-03 12:36:18,6,-4,3666.5,12496
2022-10-03 12:36:19,38,-17,3666.5,12479
2022-10-03 12:36:20,9,-9,3666.25,12470
2022-10-03 12:36:21,33,-4,3665.75,12466
2022-10-03 12:36:22,23,-3,3665.75,12463
2022-10-03 12:36:23,5,0,3665.75,12463
2022-10-03 12:36:24,16,15,3666.0,12478
2022-10-03 12:36:25,57,21,3666.25,12499
2022-10-03 12:36:26,15,3,3666.25,12502
2022-10-03 12:36:27,46,8,3666.5,12510
2022-10-03 12:36:28,19,-6,3666.25,12504
2022-10-03 12:36:29,9,2,3666.25,12506
2022-10-03 12:36:30,76,-17,3666.25,12489
2022-10-03 12:36:31,23,-17,3666.0,12472
2022-10-03 12:36:32,1,1,3666.0,12473
2022-10-03 12:36:33,5,1,3666.0,12474
2022-10-03 12:36:35,46,-16,3666.0,12458
2022-10-03 12:36:36,45,26,3666.25,12484
2022-10-03 12:36:37,255,-22,3666.25,12462
2022-10-03 12:36:38,108,-63,3666.0,12399
2022-10-03 12:36:39,95,24,3666.0,12423
2022-10-03 12:36:40,61,3,3666.0,12426
2022-10-03 12:36:41,34,13,3666.25,12439
2022-10-03 12:36:42,32,22,3666.25,12461
2022-10-03 12:36:43,49,11,3666.5,12472
2022-10-03 12:36:44,55,-4,3666.25,12468
2022-10-03 12:36:45,35,13,3666.25,12481
2022-10-03 12:36:46,14,10,3666.25,12491
2022-10-03 12:36:47,38,-13,3666.25,12478
2022-10-03 12:36:48,103,-29,3666.0,12449
2022-10-03 12:36:49,31,-3,3666.0,12446
2022-10-03 12:36:50,30,0,3665.75,12446
2022-10-03 12:36:51,29,7,3665.75,12453
2022-10-03 12:36:52,72,0,3665.75,12453
2022-10-03 12:36:54,15,-10,3665.75,12443
2022-10-03 12:36:55,13,6,3665.75,12449
2022-10-03 12:36:56,18,-1,3665.75,12448
2022-10-03 12:36:57,21,9,3666.0,12457
2022-10-03 12:37:00,31,-3,3666.0,12454
2022-10-03 12:37:01,47,-33,3665.75,12421
2022-10-03 12:37:02,40,21,3666.0,12442
2022-10-03 12:37:04,4,2,3666.25,12444
2022-10-03 12:37:05,2,0,3666.25,12444
2022-10-03 12:37:06,97,-15,3666.25,12429
2022-10-03 12:37:07,1,-1,3665.5,12428
2022-10-03 12:37:08,92,-15,3665.5,12413
2022-10-03 12:37:09,153,61,3665.25,12474
2022-10-03 12:37:10,2,2,3665.25,12476
2022-10-03 12:37:11,36,-1,3665.25,12475
2022-10-03 12:37:12,38,-20,3665.25,12455
2022-10-03 12:37:13,112,-14,3665.25,12441
2022-10-03 12:37:14,17,-6,3665.25,12435
2022-10-03 12:37:15,62,-3,3665.25,12432
2022-10-03 12:37:16,2,-2,3665.0,12430
2022-10-03 12:37:17,8,-3,3665.0,12427
2022-10-03 12:37:18,1,1,3665.0,12428
2022-10-03 12:37:19,63,-6,3665.0,12422
2022-10-03 12:37:20,59,-11,3665.0,12411
2022-10-03 12:37:21,14,1,3665.0,12412
2022-10-03 12:37:22,23,-2,3665.0,12410
2022-10-03 12:37:23,3,1,3665.0,12411
2022-10-03 12:37:24,217,-5,3665.0,12406
2022-10-03 12:37:25,14,5,3664.25,12411
2022-10-03 12:37:26,47,1,3664.0,12412
2022-10-03 12:37:27,24,-2,3664.0,12410
2022-10-03 12:37:28,81,-4,3663.5,12406
2022-10-03 12:37:29,152,-42,3663.5,12364
2022-10-03 12:37:30,21,3,3663.5,12367
2022-10-03 12:37:31,257,-159,3663.5,12208
2022-10-03 12:37:32,109,-29,3662.75,12179
2022-10-03 12:37:33,101,6,3663.0,12185
2022-10-03 12:37:34,26,-9,3663.25,12176
2022-10-03 12:37:35,24,-9,3663.0,12167
2022-10-03 12:37:36,83,-3,3663.0,12164
2022-10-03 12:37:37,24,-10,3663.0,12154
2022-10-03 12:37:38,18,-8,3662.75,12146
2022-10-03 12:37:39,17,4,3663.25,12150
2022-10-03 12:37:40,28,-3,3663.25,12147
2022-10-03 12:37:41,29,9,3663.0,12156
2022-10-03 12:37:42,12,-9,3662.75,12147
2022-10-03 12:37:43,72,-2,3663.0,12145
2022-10-03 12:37:44,3,-2,3662.5,12143
2022-10-03 12:37:45,46,4,3663.0,12147
2022-10-03 12:37:46,34,-2,3663.0,12145
2022-10-03 12:37:47,28,-1,3663.0,12144
2022-10-03 12:37:49,160,-45,3663.0,12099
2022-10-03 12:37:50,6,1,3662.75,12100
2022-10-03 12:37:51,2,-2,3662.5,12098
2022-10-03 12:37:52,123,17,3663.0,12115
2022-10-03 12:37:53,33,-5,3662.5,12110
2022-10-03 12:37:54,85,-17,3662.5,12093
2022-10-03 12:37:55,23,1,3662.75,12094
2022-10-03 12:37:56,28,-4,3662.75,12090
2022-10-03 12:37:57,1,-1,3662.25,12089
2022-10-03 12:37:58,16,0,3662.5,12089
2022-10-03 12:37:59,20,5,3662.75,12094
2022-10-03 12:38:00,153,32,3663.0,12126
2022-10-03 12:38:01,105,-5,3663.0,12121
2022-10-03 12:38:02,17,12,3663.0,12133
2022-10-03 12:38:03,43,-14,3663.0,12119
2022-10-03 12:38:04,58,-24,3662.75,12095
2022-10-03 12:38:05,12,7,3662.5,12102
2022-10-03 12:38:06,37,22,3662.5,12124
2022-10-03 12:38:07,19,-8,3662.25,12116
2022-10-03 12:38:08,9,4,3662.25,12120
2022-10-03 12:38:09,24,5,3662.5,12125
2022-10-03 12:38:10,19,-7,3662.5,12118
2022-10-03 12:38:11,34,-23,3662.0,12095
2022-10-03 12:38:12,11,9,3662.0,12104
2022-10-03 12:38:13,21,9,3662.5,12113
2022-10-03 12:38:14,57,15,3662.75,12128
2022-10-03 12:38:15,20,-1,3662.75,12127
2022-10-03 12:38:16,16,-1,3663.0,12126
2022-10-03 12:38:17,2,2,3663.0,12128
2022-10-03 12:38:18,60,28,3663.25,12156
2022-10-03 12:38:19,58,27,3663.5,12183
2022-10-03 12:38:20,47,25,3663.75,12208
2022-10-03 12:38:21,80,3,3663.75,12211
2022-10-03 12:38:22,28,9,3663.75,12220
2022-10-03 12:38:23,31,-7,3663.5,12213
2022-10-03 12:38:24,25,-2,3663.5,12211
2022-10-03 12:38:25,40,20,3663.5,12231
2022-10-03 12:38:26,20,0,3663.75,12231
2022-10-03 12:38:27,1,-1,3663.5,12230
2022-10-03 12:38:28,18,4,3664.0,12234
2022-10-03 12:38:29,8,7,3664.0,12241
2022-10-03 12:38:30,49,0,3664.0,12241
2022-10-03 12:38:31,62,22,3664.0,12263
2022-10-03 12:38:32,43,-10,3664.0,12253
2022-10-03 12:38:33,31,3,3663.75,12256
2022-10-03 12:38:34,23,3,3664.0,12259
2022-10-03 12:38:35,53,24,3664.75,12283
2022-10-03 12:38:36,72,-2,3664.75,12281
2022-10-03 12:38:37,17,4,3664.75,12285
2022-10-03 12:38:38,5,4,3664.75,12289
2022-10-03 12:38:39,43,17,3665.0,12306
2022-10-03 12:38:40,7,5,3665.0,12311
2022-10-03 12:38:41,1,-1,3664.75,12310
2022-10-03 12:38:42,50,-5,3664.75,12305
2022-10-03 12:38:43,21,-6,3664.75,12299
2022-10-03 12:38:44,23,2,3664.75,12301
2022-10-03 12:38:45,11,2,3664.75,12303
2022-10-03 12:38:46,19,-6,3664.75,12297
2022-10-03 12:38:47,16,5,3664.75,12302
2022-10-03 12:38:48,13,-2,3664.75,12300
2022-10-03 12:38:49,37,2,3665.0,12302
2022-10-03 12:38:51,30,-9,3664.75,12293
2022-10-03 12:38:52,75,3,3665.0,12296
2022-10-03 12:38:53,9,7,3665.25,12303
2022-10-03 12:38:54,16,5,3665.25,12308
2022-10-03 12:38:55,33,-6,3665.0,12302
2022-10-03 12:38:56,52,9,3665.0,12311
2022-10-03 12:38:57,8,4,3665.0,12315
2022-10-03 12:38:58,2,2,3665.25,12317
2022-10-03 12:39:00,67,23,3665.25,12340
2022-10-03 12:39:02,60,0,3665.5,12340
2022-10-03 12:39:03,3,3,3665.5,12343
2022-10-03 12:39:04,36,8,3665.75,12351
2022-10-03 12:39:05,40,-11,3665.75,12340
2022-10-03 12:39:06,98,17,3666.0,12357
2022-10-03 12:39:07,82,28,3666.0,12385
2022-10-03 12:39:08,27,12,3666.0,12397
2022-10-03 12:39:09,107,20,3666.75,12417
2022-10-03 12:39:10,49,-3,3666.25,12414
2022-10-03 12:39:11,32,0,3666.25,12414
2022-10-03 12:39:12,25,4,3666.5,12418
2022-10-03 12:39:13,4,3,3666.5,12421
2022-10-03 12:39:14,25,-4,3666.25,12417
2022-10-03 12:39:15,26,-7,3666.5,12410
2022-10-03 12:39:16,33,-14,3666.5,12396
2022-10-03 12:39:17,48,6,3666.25,12402
2022-10-03 12:39:18,11,-1,3666.25,12401
2022-10-03 12:39:19,109,16,3667.0,12417
2022-10-03 12:39:20,54,-1,3667.25,12416
2022-10-03 12:39:21,2,2,3666.75,12418
2022-10-03 12:39:23,128,94,3667.25,12512
2022-10-03 12:39:24,10,6,3667.25,12518
2022-10-03 12:39:25,29,2,3667.25,12520
2022-10-03 12:39:26,54,19,3667.5,12539
2022-10-03 12:39:27,49,-1,3667.25,12538
2022-10-03 12:39:28,30,-6,3667.0,12532
2022-10-03 12:39:29,2,0,3667.0,12532
2022-10-03 12:39:30,97,-38,3667.0,12494
2022-10-03 12:39:31,3,2,3666.75,12496
2022-10-03 12:39:32,7,3,3666.75,12499
2022-10-03 12:39:33,6,-4,3667.0,12495
2022-10-03 12:39:34,14,-2,3666.75,12493
2022-10-03 12:39:35,65,5,3667.0,12498
2022-10-03 12:39:36,3,1,3667.0,12499
2022-10-03 12:39:37,12,0,3666.75,12499
2022-10-03 12:39:38,4,-4,3666.75,12495
2022-10-03 12:39:39,3,-3,3666.75,12492
2022-10-03 12:39:40,15,-5,3666.75,12487
2022-10-03 12:39:41,28,23,3667.0,12510
2022-10-03 12:39:42,13,-6,3667.0,12504
2022-10-03 12:39:44,27,-1,3666.75,12503
2022-10-03 12:39:45,5,-3,3666.5,12500
2022-10-03 12:39:46,15,3,3666.5,12503
2022-10-03 12:39:47,35,-4,3666.75,12499
2022-10-03 12:39:48,8,8,3666.75,12507
2022-10-03 12:39:49,2,-2,3666.5,12505
2022-10-03 12:39:50,37,-4,3666.75,12501
2022-10-03 12:39:51,19,15,3666.75,12516
2022-10-03 12:39:52,26,-11,3667.0,12505
2022-10-03 12:39:53,47,-16,3666.75,12489
2022-10-03 12:39:54,20,7,3666.75,12496
2022-10-03 12:39:55,9,1,3666.5,12497
2022-10-03 12:39:56,14,-8,3666.5,12489
2022-10-03 12:39:57,28,14,3666.75,12503
2022-10-03 12:39:58,14,-4,3667.0,12499
2022-10-03 12:39:59,14,5,3667.0,12504
2022-10-03 12:40:00,32,-13,3667.0,12491
2022-10-03 12:40:01,353,3,3667.0,12494
2022-10-03 12:40:02,104,-35,3667.0,12459
2022-10-03 12:40:04,86,10,3667.0,12469
2022-10-03 12:40:06,15,8,3667.0,12477
2022-10-03 12:40:07,27,11,3667.25,12488
2022-10-03 12:40:08,164,61,3667.25,12549
2022-10-03 12:40:09,124,-28,3667.0,12521
2022-10-03 12:40:10,184,-108,3667.0,12413
2022-10-03 12:40:11,83,-14,3666.75,12399
2022-10-03 12:40:12,86,66,3666.75,12465
2022-10-03 12:40:13,46,3,3666.75,12468
2022-10-03 12:40:14,103,28,3666.75,12496
2022-10-03 12:40:15,52,21,3667.0,12517
2022-10-03 12:40:16,12,6,3667.25,12523
2022-10-03 12:40:17,108,84,3667.5,12607
2022-10-03 12:40:18,34,-14,3667.25,12593
2022-10-03 12:40:19,15,0,3667.5,12593
2022-10-03 12:40:20,37,-18,3667.25,12575
2022-10-03 12:40:21,16,-10,3667.0,12565
2022-10-03 12:40:22,18,-8,3666.75,12557
2022-10-03 12:40:23,59,5,3666.75,12562
2022-10-03 12:40:25,82,-6,3666.5,12556
2022-10-03 12:40:26,44,11,3666.75,12567
2022-10-03 12:40:27,125,45,3667.0,12612
2022-10-03 12:40:28,1,-1,3667.0,12611
2022-10-03 12:40:29,118,-53,3667.0,12558
2022-10-03 12:40:30,1,-1,3667.0,12557
2022-10-03 12:40:31,45,-8,3667.0,12549
2022-10-03 12:40:32,129,53,3667.5,12602
2022-10-03 12:40:33,4,-1,3667.5,12601
2022-10-03 12:40:34,8,3,3667.5,12604
2022-10-03 12:40:35,80,21,3667.75,12625
2022-10-03 12:40:36,5,4,3667.75,12629
2022-10-03 12:40:37,38,30,3668.0,12659
2022-10-03 12:40:38,143,25,3668.0,12684
2022-10-03 12:40:39,68,2,3667.75,12686
2022-10-03 12:40:40,60,-22,3667.5,12664
2022-10-03 12:40:41,51,-26,3667.5,12638
2022-10-03 12:40:42,13,-9,3667.5,12629
2022-10-03 12:40:44,27,2,3667.5,12631
2022-10-03 12:40:45,19,13,3667.25,12644
2022-10-03 12:40:46,34,21,3667.25,12665
2022-10-03 12:40:50,88,28,3667.5,12693
2022-10-03 12:40:52,138,37,3668.0,12730
2022-10-03 12:40:53,32,11,3668.0,12741
2022-10-03 12:40:55,4,2,3667.75,12743
2022-10-03 12:40:56,53,7,3668.25,12750
2022-10-03 12:40:57,5,2,3668.25,12752
2022-10-03 12:40:58,21,-1,3668.25,12751
2022-10-03 12:40:59,31,21,3668.25,12772
2022-10-03 12:41:00,45,5,3668.25,12777
2022-10-03 12:41:01,21,-10,3668.25,12767
2022-10-03 12:41:02,1,1,3668.0,12768
2022-10-03 12:41:03,2,0,3668.0,12768
2022-10-03 12:41:05,25,15,3668.25,12783
2022-10-03 12:41:06,18,0,3668.25,12783
2022-10-03 12:41:07,13,-3,3668.0,12780
2022-10-03 12:41:08,25,-2,3668.0,12778
2022-10-03 12:41:09,1,1,3667.75,12779
2022-10-03 12:41:10,190,-39,3667.75,12740
2022-10-03 12:41:11,46,-7,3667.75,12733
2022-10-03 12:41:12,36,16,3667.75,12749
2022-10-03 12:41:13,2,0,3667.75,12749
2022-10-03 12:41:14,23,-15,3667.75,12734
2022-10-03 12:41:15,1,1,3667.75,12735
2022-10-03 12:41:16,4,1,3667.75,12736
2022-10-03 12:41:17,114,-31,3667.5,12705
2022-10-03 12:41:18,7,-7,3667.25,12698
2022-10-03 12:41:19,24,2,3667.5,12700
2022-10-03 12:41:20,63,17,3667.75,12717
2022-10-03 12:41:21,54,-9,3668.0,12708
2022-10-03 12:41:22,116,-22,3668.0,12686
2022-10-03 12:41:23,6,-2,3667.75,12684
2022-10-03 12:41:24,2,2,3668.0,12686
2022-10-03 12:41:25,1,1,3668.0,12687
2022-10-03 12:41:27,2,0,3668.0,12687
2022-10-03 12:41:28,2,0,3668.0,12687
2022-10-03 12:41:29,2,2,3668.0,12689
2022-10-03 12:41:30,1,-1,3667.75,12688
2022-10-03 12:41:31,79,-34,3667.75,12654
2022-10-03 12:41:32,36,-6,3667.5,12648
2022-10-03 12:41:33,1,-1,3667.5,12647
2022-10-03 12:41:34,129,10,3667.5,12657
2022-10-03 12:41:35,3,-2,3667.25,12655
2022-10-03 12:41:36,80,-21,3667.25,12634
2022-10-03 12:41:37,117,38,3667.25,12672
2022-10-03 12:41:38,81,12,3667.5,12684
2022-10-03 12:41:39,154,-68,3667.5,12616
2022-10-03 12:41:40,4,3,3667.25,12619
2022-10-03 12:41:41,32,-8,3667.25,12611
2022-10-03 12:41:42,15,-12,3667.5,12599
2022-10-03 12:41:43,1,1,3667.25,12600
2022-10-03 12:41:44,7,2,3667.5,12602
2022-10-03 12:41:45,38,-14,3667.25,12588
2022-10-03 12:41:47,16,11,3667.25,12599
2022-10-03 12:41:48,67,-1,3667.5,12598
2022-10-03 12:41:50,43,-10,3667.25,12588
2022-10-03 12:41:51,5,-2,3667.25,12586
2022-10-03 12:41:52,45,-17,3667.5,12569
2022-10-03 12:41:53,36,6,3667.5,12575
2022-10-03 12:41:54,3,-3,3667.5,12572
2022-10-03 12:41:55,19,5,3667.5,12577
2022-10-03 12:41:56,3,1,3667.5,12578
2022-10-03 12:41:57,26,-6,3667.25,12572
2022-10-03 12:41:58,31,-19,3667.0,12553
2022-10-03 12:41:59,14,11,3667.25,12564
2022-10-03 12:42:00,42,-38,3667.25,12526
2022-10-03 12:42:01,20,5,3667.0,12531
2022-10-03 12:42:02,37,4,3667.0,12535
2022-10-03 12:42:03,21,-13,3667.25,12522
2022-10-03 12:42:04,20,5,3667.0,12527
2022-10-03 12:42:05,71,-7,3667.0,12520
2022-10-03 12:42:06,11,-10,3667.0,12510
2022-10-03 12:42:07,69,-24,3666.75,12486
2022-10-03 12:42:08,208,-9,3666.75,12477
2022-10-03 12:42:09,35,9,3666.5,12486
2022-10-03 12:42:10,56,-2,3666.25,12484
2022-10-03 12:42:11,60,-28,3666.25,12456
2022-10-03 12:42:12,52,-14,3666.0,12442
2022-10-03 12:42:13,7,-7,3665.75,12435
2022-10-03 12:42:14,32,8,3666.0,12443
2022-10-03 12:42:15,52,2,3666.0,12445
2022-10-03 12:42:16,58,11,3666.0,12456
2022-10-03 12:42:17,13,-11,3665.75,12445
2022-10-03 12:42:18,32,-7,3666.0,12438
2022-10-03 12:42:19,28,-3,3666.0,12435
2022-10-03 12:42:20,24,12,3666.0,12447
2022-10-03 12:42:21,50,19,3666.25,12466
2022-10-03 12:42:22,2,2,3666.5,12468
2022-10-03 12:42:24,19,-14,3666.25,12454
2022-10-03 12:42:25,5,-4,3666.0,12450
2022-10-03 12:42:26,11,-7,3666.0,12443
2022-10-03 12:42:27,12,-7,3665.75,12436
2022-10-03 12:42:28,23,13,3666.0,12449
2022-10-03 12:42:29,44,-1,3666.0,12448
2022-10-03 12:42:30,20,1,3666.25,12449
2022-10-03 12:42:31,2,0,3666.25,12449
2022-10-03 12:42:32,46,-14,3666.25,12435
2022-10-03 12:42:33,5,3,3666.25,12438
2022-10-03 12:42:34,14,-5,3666.25,12433
2022-10-03 12:42:35,33,0,3666.0,12433
2022-10-03 12:42:36,4,2,3666.0,12435
2022-10-03 12:42:37,34,7,3666.0,12442
2022-10-03 12:42:38,1,1,3666.0,12443
2022-10-03 12:42:39,26,-6,3665.75,12437
2022-10-03 12:42:40,33,9,3666.0,12446
2022-10-03 12:42:41,23,-2,3665.75,12444
2022-10-03 12:42:42,12,7,3665.75,12451
2022-10-03 12:42:43,36,-8,3665.5,12443
2022-10-03 12:42:44,88,-18,3665.5,12425
2022-10-03 12:42:45,126,-34,3665.0,12391
2022-10-03 12:42:46,122,-30,3665.25,12361
2022-10-03 12:42:47,76,-11,3664.75,12350
2022-10-03 12:42:48,43,4,3665.0,12354
2022-10-03 12:42:49,44,3,3665.0,12357
2022-10-03 12:42:50,15,-1,3665.25,12356
2022-10-03 12:42:51,40,-2,3665.0,12354
2022-10-03 12:42:52,18,3,3665.0,12357
2022-10-03 12:42:53,19,2,3664.75,12359
2022-10-03 12:42:54,39,-1,3664.75,12358
2022-10-03 12:42:55,60,32,3665.25,12390
2022-10-03 12:42:56,14,10,3665.5,12400
2022-10-03 12:42:57,7,1,3665.5,12401
2022-10-03 12:42:58,46,2,3665.75,12403
2022-10-03 12:42:59,29,-7,3665.5,12396
2022-10-03 12:43:00,46,-26,3665.75,12370
2022-10-03 12:43:01,45,-18,3665.75,12352
2022-10-03 12:43:02,14,-1,3665.75,12351
2022-10-03 12:43:03,6,-2,3665.75,12349
2022-10-03 12:43:04,57,15,3666.25,12364
2022-10-03 12:43:05,32,11,3666.0,12375
2022-10-03 12:43:06,29,2,3665.75,12377
2022-10-03 12:43:07,3,-1,3665.75,12376
2022-10-03 12:43:08,33,12,3665.75,12388
2022-10-03 12:43:09,7,3,3666.0,12391
2022-10-03 12:43:10,21,10,3665.75,12401
2022-10-03 12:43:11,5,3,3665.75,12404
2022-10-03 12:43:12,6,-2,3666.0,12402
2022-10-03 12:43:13,86,9,3666.25,12411
2022-10-03 12:43:14,7,1,3666.0,12412
2022-10-03 12:43:15,31,-2,3665.75,12410
2022-10-03 12:43:16,20,-7,3665.5,12403
2022-10-03 12:43:17,4,0,3665.75,12403
2022-10-03 12:43:18,38,-10,3665.25,12393
2022-10-03 12:43:19,41,3,3665.25,12396
2022-10-03 12:43:20,24,-3,3665.25,12393
2022-10-03 12:43:21,28,-14,3665.25,12379
2022-10-03 12:43:22,26,-1,3665.0,12378
2022-10-03 12:43:23,14,-4,3664.75,12374
2022-10-03 12:43:24,2,-2,3664.75,12372
2022-10-03 12:43:25,29,-23,3664.75,12349
2022-10-03 12:43:26,4,0,3664.75,12349
2022-10-03 12:43:27,1,1,3664.75,12350
2022-10-03 12:43:28,2,-2,3664.5,12348
2022-10-03 12:43:29,67,-34,3664.5,12314
2022-10-03 12:43:30,2,-2,3664.5,12312
2022-10-03 12:43:31,15,-7,3664.5,12305
2022-10-03 12:43:32,13,-10,3664.5,12295
2022-10-03 12:43:33,1,-1,3664.25,12294
2022-10-03 12:43:34,1,-1,3664.25,12293
2022-10-03 12:43:35,42,4,3664.5,12297
2022-10-03 12:43:36,22,6,3664.75,12303
2022-10-03 12:43:37,1,1,3664.75,12304
2022-10-03 12:43:38,45,14,3664.5,12318
2022-10-03 12:43:39,20,7,3664.75,12325
2022-10-03 12:43:40,23,13,3665.25,12338
2022-10-03 12:43:41,16,-1,3665.0,12337
2022-10-03 12:43:42,8,7,3665.25,12344
2022-10-03 12:43:43,16,9,3665.75,12353
2022-10-03 12:43:44,86,17,3666.0,12370
2022-10-03 12:43:45,96,-9,3666.25,12361
2022-10-03 12:43:46,39,3,3666.25,12364
2022-10-03 12:43:47,26,-6,3666.25,12358
2022-10-03 12:43:48,15,-8,3665.75,12350
2022-10-03 12:43:49,31,3,3665.75,12353
2022-10-03 12:43:50,19,0,3665.5,12353
2022-10-03 12:43:51,20,6,3665.5,12359
2022-10-03 12:43:52,14,13,3666.0,12372
2022-10-03 12:43:53,18,2,3666.0,12374
2022-10-03 12:43:55,19,4,3666.0,12378
2022-10-03 12:43:56,58,22,3666.5,12400
2022-10-03 12:43:57,26,-3,3666.25,12397
2022-10-03 12:43:58,25,20,3666.25,12417
2022-10-03 12:43:59,1,1,3666.25,12418
2022-10-03 12:44:00,42,17,3666.25,12435
2022-10-03 12:44:01,98,-7,3666.5,12428
2022-10-03 12:44:02,4,0,3666.5,12428
2022-10-03 12:44:03,38,-16,3666.5,12412
2022-10-03 12:44:04,25,-4,3666.0,12408
2022-10-03 12:44:05,56,-12,3666.0,12396
2022-10-03 12:44:06,7,7,3665.5,12403
2022-10-03 12:44:08,13,15,3666.0,12418
2022-10-03 12:44:09,18,-2,3665.75,12416
2022-10-03 12:44:10,20,18,3666.25,12434
2022-10-03 12:44:11,10,-6,3666.0,12428
2022-10-03 12:44:12,35,-9,3666.0,12419
2022-10-03 12:44:13,27,-19,3665.75,12400
2022-10-03 12:44:14,51,5,3666.0,12405
2022-10-03 12:44:15,13,5,3666.0,12410
2022-10-03 12:44:16,67,-22,3666.0,12388
2022-10-03 12:44:17,98,29,3666.25,12417
2022-10-03 12:44:18,48,20,3666.5,12437
2022-10-03 12:44:19,14,-6,3666.5,12431
2022-10-03 12:44:20,146,-79,3666.25,12352
2022-10-03 12:44:21,10,-6,3666.5,12346
2022-10-03 12:44:23,66,70,3666.75,12416
2022-10-03 12:44:24,8,-6,3666.5,12410
2022-10-03 12:44:25,4,-2,3666.5,12408
2022-10-03 12:44:26,92,-16,3666.5,12392
2022-10-03 12:44:27,57,18,3666.0,12410
2022-10-03 12:44:28,40,6,3666.0,12416
2022-10-03 12:44:29,1,1,3666.0,12417
2022-10-03 12:44:30,72,-16,3665.75,12401
2022-10-03 12:44:31,10,0,3665.5,12401
2022-10-03 12:44:32,16,2,3665.5,12403
2022-10-03 12:44:33,5,3,3665.75,12406
2022-10-03 12:44:34,38,11,3665.75,12417
2022-10-03 12:44:35,45,3,3666.0,12420
2022-10-03 12:44:36,8,-8,3666.0,12412
2022-10-03 12:44:37,17,15,3666.25,12427
2022-10-03 12:44:38,3,2,3666.25,12429
2022-10-03 12:44:39,32,-3,3666.0,12426
2022-10-03 12:44:40,18,-3,3666.0,12423
2022-10-03 12:44:41,4,1,3666.25,12424
2022-10-03 12:44:42,52,16,3666.5,12440
2022-10-03 12:44:43,41,-12,3666.5,12428
2022-10-03 12:44:44,3,-1,3666.5,12427
2022-10-03 12:44:46,80,15,3666.75,12442
2022-10-03 12:44:47,48,13,3666.75,12455
2022-10-03 12:44:48,9,-3,3666.5,12452
2022-10-03 12:44:49,128,32,3666.25,12484
2022-10-03 12:44:50,37,1,3666.25,12485
2022-10-03 12:44:51,25,-3,3666.25,12482
2022-10-03 12:44:52,61,-13,3666.5,12469
2022-10-03 12:44:53,49,-9,3666.5,12460
2022-10-03 12:44:55,20,-5,3666.5,12455
2022-10-03 12:44:56,39,8,3666.5,12463
2022-10-03 12:44:58,111,-43,3666.5,12420
2022-10-03 12:44:59,29,15,3666.75,12435
2022-10-03 12:45:00,86,23,3667.0,12458
2022-10-03 12:45:01,51,-14,3666.75,12444
2022-10-03 12:45:02,20,-6,3666.5,12438
2022-10-03 12:45:03,30,5,3666.5,12443
2022-10-03 12:45:04,16,-2,3666.5,12441
2022-10-03 12:45:05,51,-11,3666.5,12430
2022-10-03 12:45:06,14,-9,3666.5,12421
2022-10-03 12:45:07,32,15,3666.25,12436
2022-10-03 12:45:08,2,2,3666.5,12438
2022-10-03 12:45:09,34,-9,3666.25,12429
2022-10-03 12:45:10,42,0,3666.5,12429
2022-10-03 12:45:11,62,29,3667.0,12458
2022-10-03 12:45:12,46,13,3667.0,12471
2022-10-03 12:45:13,6,1,3667.0,12472
2022-10-03 12:45:14,162,-2,3667.25,12470
2022-10-03 12:45:15,66,2,3666.75,12472
2022-10-03 12:45:16,10,-6,3666.25,12466
2022-10-03 12:45:17,38,-10,3666.25,12456
2022-10-03 12:45:18,70,-19,3666.0,12437
2022-10-03 12:45:19,1,-1,3665.5,12436
2022-10-03 12:45:21,75,-2,3665.75,12434
2022-10-03 12:45:22,53,-16,3665.25,12418
2022-10-03 12:45:23,47,3,3664.75,12421
2022-10-03 12:45:24,36,19,3665.0,12440
2022-10-03 12:45:25,19,-1,3665.0,12439
2022-10-03 12:45:26,11,-2,3665.0,12437
2022-10-03 12:45:27,45,3,3665.0,12440
2022-10-03 12:45:28,10,1,3665.25,12441
2022-10-03 12:45:29,1,-1,3665.0,12440
2022-10-03 12:45:30,56,-23,3664.75,12417
2022-10-03 12:45:31,28,-19,3665.0,12398
2022-10-03 12:45:32,8,0,3665.0,12398
2022-10-03 12:45:33,20,-4,3665.25,12394
2022-10-03 12:45:34,11,-6,3665.0,12388
2022-10-03 12:45:35,11,-6,3665.0,12382
2022-10-03 12:45:36,10,-6,3665.0,12376
2022-10-03 12:45:37,45,-17,3665.25,12359
2022-10-03 12:45:38,8,-7,3665.0,12352
2022-10-03 12:45:39,31,-4,3664.75,12348
2022-10-03 12:45:40,2,-1,3664.75,12347
2022-10-03 12:45:41,28,8,3665.0,12355
2022-10-03 12:45:43,9,-3,3665.0,12352
2022-10-03 12:45:44,6,6,3665.0,12358
2022-10-03 12:45:45,54,15,3665.5,12373
2022-10-03 12:45:47,53,-16,3665.5,12357
2022-10-03 12:45:48,13,-6,3665.25,12351
2022-10-03 12:45:49,5,-2,3665.25,12349
2022-10-03 12:45:50,32,-4,3665.0,12345
2022-10-03 12:45:51,9,0,3665.0,12345
2022-10-03 12:45:52,1,1,3665.25,12346
2022-10-03 12:45:53,13,1,3665.0,12347
2022-10-03 12:45:54,42,8,3665.0,12355
2022-10-03 12:45:55,20,-9,3664.75,12346
2022-10-03 12:45:56,8,3,3664.75,12349
2022-10-03 12:45:57,2,2,3665.0,12351
2022-10-03 12:45:58,20,-12,3665.0,12339
2022-10-03 12:45:59,42,25,3665.0,12364
2022-10-03 12:46:00,31,7,3665.0,12371
2022-10-03 12:46:01,22,-5,3665.25,12366
2022-10-03 12:46:02,2,2,3665.25,12368
2022-10-03 12:46:03,12,-4,3665.25,12364
2022-10-03 12:46:04,44,12,3665.5,12376
2022-10-03 12:46:05,11,3,3665.5,12379
2022-10-03 12:46:06,1,-1,3665.5,12378
2022-10-03 12:46:07,38,-3,3665.5,12375
2022-10-03 12:46:08,29,-9,3665.5,12366
2022-10-03 12:46:09,32,17,3666.0,12383
2022-10-03 12:46:10,6,4,3665.75,12387
2022-10-03 12:46:11,7,3,3665.75,12390
2022-10-03 12:46:12,9,-8,3665.5,12382
2022-10-03 12:46:13,12,-2,3665.25,12380
2022-10-03 12:46:14,14,7,3665.5,12387
2022-10-03 12:46:15,42,-14,3665.5,12373
2022-10-03 12:46:16,12,5,3665.25,12378
2022-10-03 12:46:18,12,2,3665.25,12380
2022-10-03 12:46:19,4,2,3665.25,12382
2022-10-03 12:46:20,23,-8,3665.25,12374
2022-10-03 12:46:21,18,10,3665.25,12384
2022-10-03 12:46:22,13,4,3665.0,12388
2022-10-03 12:46:23,31,-11,3665.0,12377
2022-10-03 12:46:24,11,-6,3665.0,12371
2022-10-03 12:46:25,1,1,3665.0,12372
2022-10-03 12:46:27,33,7,3665.25,12379
2022-10-03 12:46:28,10,1,3665.5,12380
2022-10-03 12:46:29,4,-1,3665.5,12379
2022-10-03 12:46:31,60,24,3666.25,12403
2022-10-03 12:46:32,23,-4,3666.0,12399
2022-10-03 12:46:34,17,13,3666.25,12412
2022-10-03 12:46:35,37,19,3666.75,12431
2022-10-03 12:46:36,140,0,3667.5,12431
2022-10-03 12:46:37,35,2,3667.25,12433
2022-10-03 12:46:38,33,14,3667.0,12447
2022-10-03 12:46:39,36,-4,3667.25,12443
2022-10-03 12:46:40,28,18,3667.0,12461
2022-10-03 12:46:41,29,0,3667.0,12461
2022-10-03 12:46:42,2,2,3667.0,12463
2022-10-03 12:46:43,31,7,3667.0,12470
2022-10-03 12:46:44,35,-4,3667.25,12466
2022-10-03 12:46:45,41,21,3667.75,12487
2022-10-03 12:46:46,32,-5,3667.75,12482
2022-10-03 12:46:47,53,-1,3667.75,12481
2022-10-03 12:46:48,10,4,3667.75,12485
2022-10-03 12:46:49,8,4,3667.75,12489
2022-10-03 12:46:50,34,5,3667.5,12494
2022-10-03 12:46:51,6,4,3667.75,12498
2022-10-03 12:46:52,8,7,3667.75,12505
2022-10-03 12:46:53,20,8,3667.75,12513
2022-10-03 12:46:54,26,1,3667.75,12514
2022-10-03 12:46:55,21,-10,3667.5,12504
2022-10-03 12:46:56,22,-12,3667.0,12492
2022-10-03 12:46:57,24,10,3667.0,12502
2022-10-03 12:46:58,34,-8,3667.0,12494
2022-10-03 12:46:59,21,12,3667.0,12506
2022-10-03 12:47:01,4,-2,3667.25,12504
2022-10-03 12:47:02,30,-1,3667.25,12503
2022-10-03 12:47:03,25,-5,3667.25,12498
2022-10-03 12:47:04,18,-1,3667.0,12497
2022-10-03 12:47:05,40,-13,3667.0,12484
2022-10-03 12:47:06,39,6,3666.75,12490
2022-10-03 12:47:07,29,-5,3666.75,12485
2022-10-03 12:47:08,16,2,3666.75,12487
2022-10-03 12:47:09,29,-3,3666.75,12484
2022-10-03 12:47:10,7,-6,3666.5,12478
2022-10-03 12:47:11,44,-18,3666.5,12460
2022-10-03 12:47:12,66,29,3666.25,12489
2022-10-03 12:47:13,32,3,3666.5,12492
2022-10-03 12:47:14,3,2,3666.5,12494
2022-10-03 12:47:15,22,-1,3666.75,12493
2022-10-03 12:47:16,112,18,3667.0,12511
2022-10-03 12:47:17,29,20,3667.25,12531
2022-10-03 12:47:18,12,-3,3667.25,12528
2022-10-03 12:47:19,48,-1,3667.0,12527
2022-10-03 12:47:20,7,11,3667.5,12538
2022-10-03 12:47:21,24,-5,3667.5,12533
2022-10-03 12:47:22,13,5,3667.0,12538
2022-10-03 12:47:23,15,-4,3667.0,12534
2022-10-03 12:47:24,19,-3,3666.75,12531
2022-10-03 12:47:25,11,-6,3666.5,12525
2022-10-03 12:47:26,44,-10,3666.5,12515
2022-10-03 12:47:27,82,-69,3666.5,12446
2022-10-03 12:47:28,56,-2,3665.5,12444
2022-10-03 12:47:29,62,10,3665.25,12454
2022-10-03 12:47:30,15,5,3665.25,12459
2022-10-03 12:47:31,66,5,3665.0,12464
2022-10-03 12:47:32,55,14,3665.25,12478
2022-10-03 12:47:33,9,5,3665.25,12483
2022-10-03 12:47:34,22,-8,3665.0,12475
2022-10-03 12:47:35,1,1,3665.0,12476
2022-10-03 12:47:36,37,1,3665.0,12477
2022-10-03 12:47:37,8,-6,3664.75,12471
2022-10-03 12:47:38,1,-1,3664.75,12470
2022-10-03 12:47:39,8,0,3665.0,12470
2022-10-03 12:47:40,23,17,3665.25,12487
2022-10-03 12:47:41,18,2,3665.25,12489
2022-10-03 12:47:42,14,-2,3665.5,12487
2022-10-03 12:47:43,56,-17,3665.25,12470
2022-10-03 12:47:44,55,-8,3664.75,12462
2022-10-03 12:47:45,98,-8,3664.75,12454
2022-10-03 12:47:46,151,-35,3664.75,12419
2022-10-03 12:47:47,150,89,3665.25,12508
2022-10-03 12:47:48,35,2,3665.5,12510
2022-10-03 12:47:49,34,6,3665.25,12516
2022-10-03 12:47:50,30,4,3665.5,12520
2022-10-03 12:47:51,60,-14,3665.75,12506
2022-10-03 12:47:52,50,9,3665.75,12515
2022-10-03 12:47:53,44,8,3666.0,12523
2022-10-03 12:47:54,2,0,3666.25,12523
2022-10-03 12:47:55,56,17,3666.5,12540
2022-10-03 12:47:56,3,2,3666.5,12542
2022-10-03 12:47:57,6,5,3666.5,12547
2022-10-03 12:47:58,38,-11,3666.5,12536
2022-10-03 12:47:59,10,-5,3666.25,12531
2022-10-03 12:48:00,26,-11,3666.25,12520
2022-10-03 12:48:01,9,-1,3666.0,12519
2022-10-03 12:48:02,27,10,3666.0,12529
2022-10-03 12:48:03,9,-7,3665.75,12522
2022-10-03 12:48:04,21,-1,3665.75,12521
2022-10-03 12:48:05,60,-53,3666.0,12468
2022-10-03 12:48:06,36,-5,3665.75,12463
2022-10-03 12:48:07,9,9,3665.75,12472
2022-10-03 12:48:08,23,17,3666.0,12489
2022-10-03 12:48:09,17,3,3666.0,12492
2022-10-03 12:48:10,23,-14,3665.5,12478
2022-10-03 12:48:11,2,-2,3665.5,12476
2022-10-03 12:48:12,17,13,3665.75,12489
2022-10-03 12:48:13,2,2,3666.0,12491
2022-10-03 12:48:14,49,-17,3666.0,12474
2022-10-03 12:48:15,26,-1,3665.75,12473
2022-10-03 12:48:16,41,-5,3666.0,12468
2022-10-03 12:48:17,6,6,3665.75,12474
2022-10-03 12:48:18,23,1,3666.0,12475
2022-10-03 12:48:19,30,6,3666.25,12481
2022-10-03 12:48:20,16,-2,3666.5,12479
2022-10-03 12:48:22,12,4,3666.5,12483
2022-10-03 12:48:23,10,1,3666.5,12484
2022-10-03 12:48:24,16,-7,3666.5,12477
2022-10-03 12:48:25,20,7,3666.75,12484
2022-10-03 12:48:26,23,22,3667.25,12506
2022-10-03 12:48:27,14,-5,3667.0,12501
2022-10-03 12:48:28,28,23,3667.0,12524
2022-10-03 12:48:29,38,4,3667.25,12528
2022-10-03 12:48:30,1,1,3667.25,12529
2022-10-03 12:48:31,17,6,3667.25,12535
2022-10-03 12:48:32,27,8,3667.25,12543
2022-10-03 12:48:33,10,-3,3667.25,12540
2022-10-03 12:48:34,23,-8,3667.25,12532
2022-10-03 12:48:35,20,1,3667.25,12533
2022-10-03 12:48:36,10,5,3667.25,12538
2022-10-03 12:48:37,43,33,3667.5,12571
2022-10-03 12:48:38,71,-18,3667.5,12553
2022-10-03 12:48:39,18,3,3667.25,12556
2022-10-03 12:48:40,51,-16,3667.0,12540
2022-10-03 12:48:41,40,-5,3666.75,12535
2022-10-03 12:48:42,17,3,3666.75,12538
2022-10-03 12:48:43,4,4,3667.0,12542
2022-10-03 12:48:44,7,5,3667.0,12547
2022-10-03 12:48:45,1,-1,3667.0,12546
2022-10-03 12:48:46,30,-5,3666.75,12541
2022-10-03 12:48:47,18,9,3667.0,12550
2022-10-03 12:48:48,29,-1,3667.0,12549
2022-10-03 12:48:50,8,6,3666.75,12555
2022-10-03 12:48:52,58,-24,3666.75,12531
2022-10-03 12:48:53,8,2,3666.75,12533
2022-10-03 12:48:54,7,-7,3666.75,12526
2022-10-03 12:48:55,7,0,3666.5,12526
2022-10-03 12:48:57,19,-9,3666.5,12517
2022-10-03 12:48:58,50,8,3666.25,12525
2022-10-03 12:49:00,67,-15,3666.0,12510
2022-10-03 12:49:01,27,0,3666.25,12510
2022-10-03 12:49:02,8,-3,3666.5,12507
2022-10-03 12:49:03,1,-1,3666.25,12506
2022-10-03 12:49:04,30,3,3666.5,12509
2022-10-03 12:49:05,18,10,3666.75,12519
2022-10-03 12:49:08,34,-9,3666.0,12510
2022-10-03 12:49:09,23,-6,3666.25,12504
2022-10-03 12:49:10,76,-15,3666.25,12489
2022-10-03 12:49:11,22,-1,3666.25,12488
2022-10-03 12:49:12,10,2,3666.25,12490
2022-10-03 12:49:13,4,-2,3666.25,12488
2022-10-03 12:49:14,19,-4,3666.25,12484
2022-10-03 12:49:15,24,2,3666.25,12486
2022-10-03 12:49:16,8,1,3666.25,12487
2022-10-03 12:49:17,43,-7,3666.25,12480
2022-10-03 12:49:18,6,-6,3665.75,12474
2022-10-03 12:49:19,52,19,3666.25,12493
2022-10-03 12:49:20,20,-2,3665.75,12491
2022-10-03 12:49:21,22,-8,3665.75,12483
2022-10-03 12:49:22,2,-2,3665.75,12481
2022-10-03 12:49:23,16,3,3666.25,12484
2022-10-03 12:49:24,9,-1,3666.25,12483
2022-10-03 12:49:25,1,1,3666.25,12484
2022-10-03 12:49:26,415,-342,3666.0,12142
2022-10-03 12:49:27,66,-33,3665.5,12109
2022-10-03 12:49:29,29,-8,3665.5,12101
2022-10-03 12:49:30,49,-2,3665.25,12099
2022-10-03 12:49:31,28,-8,3665.25,12091
2022-10-03 12:49:32,46,3,3665.25,12094
2022-10-03 12:49:33,39,3,3665.25,12097
2022-10-03 12:49:34,23,1,3665.25,12098
2022-10-03 12:49:35,2,0,3665.25,12098
2022-10-03 12:49:36,14,8,3665.25,12106
2022-10-03 12:49:37,48,8,3665.5,12114
2022-10-03 12:49:38,59,-20,3665.25,12094
2022-10-03 12:49:39,8,-6,3665.25,12088
2022-10-03 12:49:40,40,6,3665.5,12094
2022-10-03 12:49:41,19,-6,3665.5,12088
2022-10-03 12:49:42,1,-1,3665.5,12087
2022-10-03 12:49:43,13,-12,3665.5,12075
2022-10-03 12:49:44,9,-4,3665.75,12071
2022-10-03 12:49:45,26,21,3665.5,12092
2022-10-03 12:49:48,13,9,3665.5,12101
2022-10-03 12:49:49,20,10,3665.75,12111
2022-10-03 12:49:50,24,3,3666.0,12114
2022-10-03 12:49:52,3,3,3666.0,12117
2022-10-03 12:49:53,14,-11,3665.75,12106
2022-10-03 12:49:54,8,6,3665.75,12112
2022-10-03 12:49:55,4,0,3665.75,12112
2022-10-03 12:49:56,18,-3,3665.75,12109
2022-10-03 12:49:58,8,-3,3665.75,12106
2022-10-03 12:50:00,33,8,3666.0,12114
2022-10-03 12:50:01,4,1,3666.0,12115
2022-10-03 12:50:02,36,12,3666.25,12127
2022-10-03 12:50:03,19,-1,3666.5,12126
2022-10-03 12:50:04,27,9,3666.0,12135
2022-10-03 12:50:05,22,-15,3666.0,12120
2022-10-03 12:50:06,33,5,3665.75,12125
2022-10-03 12:50:07,1,-1,3665.5,12124
2022-10-03 12:50:08,33,13,3666.25,12137
2022-10-03 12:50:09,17,-4,3666.25,12133
2022-10-03 12:50:10,11,-4,3666.25,12129
2022-10-03 12:50:11,468,-316,3666.0,11813
2022-10-03 12:50:12,45,-13,3665.5,11800
2022-10-03 12:50:13,4,-1,3665.5,11799
2022-10-03 12:50:15,48,-1,3665.75,11798
2022-10-03 12:50:17,67,-12,3665.75,11786
2022-10-03 12:50:18,12,-8,3665.25,11778
2022-10-03 12:50:19,1,-1,3665.0,11777
2022-10-03 12:50:20,27,7,3665.25,11784
2022-10-03 12:50:21,21,-4,3665.25,11780
2022-10-03 12:50:22,3,3,3665.5,11783
2022-10-03 12:50:23,29,2,3665.75,11785
2022-10-03 12:50:24,65,4,3665.75,11789
2022-10-03 12:50:25,15,2,3665.75,11791
2022-10-03 12:50:28,38,-9,3665.5,11782
2022-10-03 12:50:29,67,0,3665.5,11782
2022-10-03 12:50:30,18,-8,3665.5,11774
2022-10-03 12:50:31,1,1,3665.75,11775
2022-10-03 12:50:33,2,-1,3665.5,11774
2022-10-03 12:50:34,34,26,3666.0,11800
2022-10-03 12:50:36,15,10,3666.25,11810
2022-10-03 12:50:37,19,-6,3666.0,11804
2022-10-03 12:50:38,7,-5,3666.0,11799
2022-10-03 12:50:39,8,-7,3665.75,11792
2022-10-03 12:50:42,96,-24,3665.5,11768
2022-10-03 12:50:43,37,6,3665.5,11774
2022-10-03 12:50:44,17,1,3665.75,11775
2022-10-03 12:50:45,9,2,3665.25,11777
2022-10-03 12:50:48,2,0,3665.5,11777
2022-10-03 12:50:49,57,-1,3665.5,11776
2022-10-03 12:50:50,2,0,3665.5,11776
2022-10-03 12:50:51,12,9,3666.0,11785
2022-10-03 12:50:52,9,-9,3665.75,11776
2022-10-03 12:50:53,35,-3,3665.75,11773
2022-10-03 12:50:56,2,-1,3665.5,11772
2022-10-03 12:50:57,18,3,3665.75,11775
2022-10-03 12:50:58,7,-7,3665.75,11768
2022-10-03 12:50:59,19,3,3665.75,11771
2022-10-03 12:51:00,37,-11,3665.5,11760
2022-10-03 12:51:01,15,3,3665.5,11763
2022-10-03 12:51:02,7,2,3665.5,11765
2022-10-03 12:51:04,25,-10,3665.5,11755
2022-10-03 12:51:05,152,24,3665.5,11779
2022-10-03 12:51:06,2,-1,3665.0,11778
2022-10-03 12:51:07,18,0,3665.25,11778
2022-10-03 12:51:08,3,-1,3665.5,11777
2022-10-03 12:51:09,136,56,3666.25,11833
2022-10-03 12:51:10,43,-3,3666.0,11830
2022-10-03 12:51:11,22,-8,3665.75,11822
2022-10-03 12:51:12,22,-8,3665.75,11814
2022-10-03 12:51:14,37,-30,3665.5,11784
2022-10-03 12:51:15,23,10,3665.25,11794
2022-10-03 12:51:16,10,0,3665.25,11794
2022-10-03 12:51:17,35,16,3665.25,11810
2022-10-03 12:51:18,28,-4,3665.5,11806
2022-10-03 12:51:19,16,-3,3665.75,11803
2022-10-03 12:51:21,12,-2,3665.25,11801
2022-10-03 12:51:22,2,1,3665.25,11802
2022-10-03 12:51:23,1,-1,3665.0,11801
2022-10-03 12:51:24,47,-11,3665.0,11790
2022-10-03 12:51:25,10,-6,3665.0,11784
2022-10-03 12:51:26,75,17,3665.0,11801
2022-10-03 12:51:27,21,11,3665.0,11812
2022-10-03 12:51:28,52,-13,3664.75,11799
2022-10-03 12:51:29,41,1,3665.0,11800
2022-10-03 12:51:30,11,-2,3665.0,11798
2022-10-03 12:51:31,14,9,3665.25,11807
2022-10-03 12:51:32,24,9,3665.25,11816
2022-10-03 12:51:33,39,-10,3665.25,11806
2022-10-03 12:51:34,5,-3,3665.0,11803
2022-10-03 12:51:35,93,28,3665.0,11831
2022-10-03 12:51:36,4,-3,3664.75,11828
2022-10-03 12:51:37,44,-3,3665.0,11825
2022-10-03 12:51:38,21,-8,3665.0,11817
2022-10-03 12:51:39,7,-6,3664.75,11811
2022-10-03 12:51:40,1,-1,3664.5,11810
2022-10-03 12:51:41,34,-14,3664.75,11796
2022-10-03 12:51:42,180,86,3665.0,11882
2022-10-03 12:51:43,3,-3,3664.75,11879
2022-10-03 12:51:44,5,-3,3664.75,11876
2022-10-03 12:51:45,114,-15,3664.75,11861
2022-10-03 12:51:46,2,-2,3664.5,11859
2022-10-03 12:51:47,56,-26,3664.5,11833
2022-10-03 12:51:48,25,12,3664.75,11845
2022-10-03 12:51:49,28,12,3664.75,11857
2022-10-03 12:51:50,71,22,3665.0,11879
2022-10-03 12:51:51,2,-2,3665.0,11877
2022-10-03 12:51:52,20,4,3665.0,11881
2022-10-03 12:51:53,1,-1,3665.0,11880
2022-10-03 12:51:54,8,8,3665.25,11888
2022-10-03 12:51:55,17,15,3665.5,11903
2022-10-03 12:51:56,29,6,3665.5,11909
2022-10-03 12:51:57,5,-1,3665.25,11908
2022-10-03 12:52:00,46,11,3665.75,11919
2022-10-03 12:52:01,15,-9,3665.5,11910
2022-10-03 12:52:02,4,-1,3665.5,11909
2022-10-03 12:52:03,1,-1,3665.25,11908
2022-10-03 12:52:04,20,-10,3665.25,11898
2022-10-03 12:52:05,17,-5,3665.0,11893
2022-10-03 12:52:06,24,-6,3665.25,11887
2022-10-03 12:52:08,22,-8,3665.25,11879
2022-10-03 12:52:09,26,-8,3665.25,11871
2022-10-03 12:52:11,51,10,3665.0,11881
2022-10-03 12:52:12,25,-9,3664.75,11872
2022-10-03 12:52:13,75,-25,3664.75,11847
2022-10-03 12:52:14,61,-8,3664.5,11839
2022-10-03 12:52:15,139,-66,3664.25,11773
2022-10-03 12:52:16,30,-8,3663.75,11765
2022-10-03 12:52:17,43,-1,3663.5,11764
2022-10-03 12:52:18,13,-9,3663.5,11755
2022-10-03 12:52:19,46,-1,3663.75,11754
2022-10-03 12:52:20,7,1,3663.75,11755
2022-10-03 12:52:21,36,-6,3663.5,11749
2022-10-03 12:52:22,43,-4,3663.5,11745
2022-10-03 12:52:23,39,10,3663.75,11755
2022-10-03 12:52:24,63,1,3664.25,11756
2022-10-03 12:52:25,26,-18,3663.75,11738
2022-10-03 12:52:26,22,8,3663.75,11746
2022-10-03 12:52:27,7,4,3663.75,11750
2022-10-03 12:52:28,13,4,3663.75,11754
2022-10-03 12:52:29,29,-11,3663.5,11743
2022-10-03 12:52:30,15,4,3663.5,11747
2022-10-03 12:52:31,20,-16,3663.75,11731
2022-10-03 12:52:32,19,-5,3663.75,11726
2022-10-03 12:52:33,15,9,3663.5,11735
2022-10-03 12:52:34,30,-16,3663.5,11719
2022-10-03 12:52:35,17,-7,3663.5,11712
2022-10-03 12:52:36,11,-7,3663.25,11705
2022-10-03 12:52:37,41,4,3663.25,11709
2022-10-03 12:52:38,472,-229,3663.0,11480
2022-10-03 12:52:39,496,-324,3662.5,11156
2022-10-03 12:52:40,96,-1,3661.25,11155
2022-10-03 12:52:41,240,-109,3661.0,11046
2022-10-03 12:52:42,318,7,3660.5,11053
2022-10-03 12:52:43,67,5,3661.0,11058
2022-10-03 12:52:44,114,16,3661.0,11074
2022-10-03 12:52:45,50,-31,3660.75,11043
2022-10-03 12:52:46,28,-9,3660.5,11034
2022-10-03 12:52:47,60,9,3661.0,11043
2022-10-03 12:52:48,66,-20,3661.0,11023
2022-10-03 12:52:49,51,26,3661.25,11049
2022-10-03 12:52:50,41,-12,3661.25,11037
2022-10-03 12:52:51,38,-3,3661.25,11034
2022-10-03 12:52:52,58,-5,3661.25,11029
2022-10-03 12:52:53,33,-18,3660.75,11011
2022-10-03 12:52:54,53,-19,3660.75,10992
2022-10-03 12:52:55,72,-5,3660.5,10987
2022-10-03 12:52:56,28,-9,3660.75,10978
2022-10-03 12:52:57,68,20,3660.75,10998
2022-10-03 12:52:58,33,-10,3661.0,10988
2022-10-03 12:52:59,30,-2,3661.0,10986
2022-10-03 12:53:00,31,7,3660.75,10993
2022-10-03 12:53:01,167,-66,3661.25,10927
2022-10-03 12:53:02,5,1,3661.25,10928
2022-10-03 12:53:03,47,8,3661.5,10936
2022-10-03 12:53:04,99,12,3661.75,10948
2022-10-03 12:53:05,62,-13,3662.0,10935
2022-10-03 12:53:06,125,21,3662.5,10956
2022-10-03 12:53:07,63,8,3662.5,10964
2022-10-03 12:53:08,411,163,3664.5,11127
2022-10-03 12:53:09,122,86,3665.5,11213
2022-10-03 12:53:10,80,-20,3665.5,11193
2022-10-03 12:53:11,141,-38,3665.25,11155
2022-10-03 12:53:12,36,-21,3664.75,11134
2022-10-03 12:53:13,95,16,3664.75,11150
2022-10-03 12:53:14,74,-18,3664.5,11132
2022-10-03 12:53:15,60,-4,3663.75,11128
2022-10-03 12:53:16,43,2,3663.5,11130
2022-10-03 12:53:17,132,47,3664.0,11177
2022-10-03 12:53:18,63,15,3664.0,11192
2022-10-03 12:53:19,31,-7,3663.75,11185
2022-10-03 12:53:20,14,-3,3663.75,11182
2022-10-03 12:53:21,26,-4,3663.75,11178
2022-10-03 12:53:22,26,-6,3663.5,11172
2022-10-03 12:53:23,38,-6,3663.5,11166
2022-10-03 12:53:24,30,25,3663.75,11191
2022-10-03 12:53:25,58,6,3663.75,11197
2022-10-03 12:53:26,56,12,3664.0,11209
2022-10-03 12:53:27,42,13,3664.5,11222
2022-10-03 12:53:28,17,6,3664.25,11228
2022-10-03 12:53:29,41,3,3664.25,11231
2022-10-03 12:53:30,24,-1,3664.25,11230
2022-10-03 12:53:31,41,13,3664.5,11243
2022-10-03 12:53:32,16,7,3664.5,11250
2022-10-03 12:53:33,12,-2,3664.5,11248
2022-10-03 12:53:34,76,54,3664.75,11302
2022-10-03 12:53:35,31,-3,3664.5,11299
2022-10-03 12:53:36,36,-13,3664.5,11286
2022-10-03 12:53:37,43,-10,3664.25,11276
2022-10-03 12:53:38,35,0,3664.5,11276
2022-10-03 12:53:39,8,2,3664.25,11278
2022-10-03 12:53:40,90,19,3664.75,11297
2022-10-03 12:53:41,34,-5,3664.75,11292
2022-10-03 12:53:42,32,0,3664.25,11292
2022-10-03 12:53:43,143,-124,3664.5,11168
2022-10-03 12:53:44,12,11,3664.25,11179
2022-10-03 12:53:45,15,6,3664.25,11185
2022-10-03 12:53:46,47,-3,3664.25,11182
2022-10-03 12:53:47,37,-9,3664.0,11173
2022-10-03 12:53:48,46,-6,3663.75,11167
2022-10-03 12:53:49,32,7,3664.0,11174
2022-10-03 12:53:50,80,-30,3663.75,11144
2022-10-03 12:53:51,15,2,3663.5,11146
2022-10-03 12:53:52,11,-4,3663.25,11142
2022-10-03 12:53:53,26,2,3663.25,11144
2022-10-03 12:53:54,3,-3,3663.25,11141
2022-10-03 12:53:55,31,-8,3663.25,11133
2022-10-03 12:53:56,1,1,3663.25,11134
2022-10-03 12:53:57,35,-4,3663.25,11130
2022-10-03 12:53:58,11,-9,3663.25,11121
2022-10-03 12:53:59,53,1,3663.0,11122
2022-10-03 12:54:00,95,6,3663.25,11128
2022-10-03 12:54:01,82,-40,3663.0,11088
2022-10-03 12:54:02,75,-23,3662.25,11065
2022-10-03 12:54:03,143,-58,3662.0,11007
2022-10-03 12:54:04,24,-11,3662.0,10996
2022-10-03 12:54:05,33,12,3662.0,11008
2022-10-03 12:54:06,7,-7,3661.75,11001
2022-10-03 12:54:07,99,-44,3661.5,10957
2022-10-03 12:54:08,120,10,3661.0,10967
2022-10-03 12:54:09,58,11,3660.75,10978
2022-10-03 12:54:10,75,13,3660.75,10991
2022-10-03 12:54:11,94,-77,3660.5,10914
2022-10-03 12:54:12,46,-4,3660.5,10910
2022-10-03 12:54:13,164,-25,3660.5,10885
2022-10-03 12:54:14,39,-16,3660.5,10869
2022-10-03 12:54:15,47,-5,3660.5,10864
2022-10-03 12:54:16,98,-8,3660.5,10856
2022-10-03 12:54:17,107,43,3660.75,10899
2022-10-03 12:54:18,39,-1,3660.75,10898
2022-10-03 12:54:19,28,-1,3660.75,10897
2022-10-03 12:54:20,38,-5,3660.75,10892
2022-10-03 12:54:21,37,3,3660.75,10895
2022-10-03 12:54:22,32,-10,3661.0,10885
2022-10-03 12:54:23,49,15,3661.0,10900
2022-10-03 12:54:24,19,-1,3661.25,10899
2022-10-03 12:54:25,31,0,3661.25,10899
2022-10-03 12:54:26,27,0,3661.0,10899
2022-10-03 12:54:27,3,3,3661.0,10902
2022-10-03 12:54:28,38,6,3661.0,10908
2022-10-03 12:54:29,53,24,3661.75,10932
2022-10-03 12:54:30,33,1,3661.75,10933
2022-10-03 12:54:31,41,23,3661.75,10956
2022-10-03 12:54:32,31,9,3662.0,10965
2022-10-03 12:54:33,21,4,3662.0,10969
2022-10-03 12:54:34,10,5,3662.0,10974
2022-10-03 12:54:36,66,31,3662.25,11005
2022-10-03 12:54:37,20,10,3662.25,11015
2022-10-03 12:54:38,189,68,3662.5,11083
2022-10-03 12:54:39,48,-3,3663.0,11080
2022-10-03 12:54:40,47,31,3663.25,11111
2022-10-03 12:54:41,37,1,3663.25,11112
2022-10-03 12:54:42,57,-5,3663.5,11107
2022-10-03 12:54:43,54,2,3663.75,11109
2022-10-03 12:54:44,74,-11,3664.0,11098
2022-10-03 12:54:45,43,9,3663.75,11107
2022-10-03 12:54:46,9,5,3663.75,11112
2022-10-03 12:54:47,3,-1,3663.75,11111
2022-10-03 12:54:48,91,-26,3663.75,11085
2022-10-03 12:54:49,22,-7,3663.25,11078
2022-10-03 12:54:50,19,5,3663.5,11083
2022-10-03 12:54:51,36,-4,3663.25,11079
2022-10-03 12:54:52,13,-3,3663.5,11076
2022-10-03 12:54:53,5,1,3663.75,11077
2022-10-03 12:54:54,83,6,3664.0,11083
2022-10-03 12:54:55,4,-3,3663.75,11080
2022-10-03 12:54:56,35,-18,3663.75,11062
2022-10-03 12:54:57,23,-5,3663.5,11057
2022-10-03 12:54:58,31,-8,3663.75,11049
2022-10-03 12:54:59,144,50,3663.75,11099
2022-10-03 12:55:00,43,9,3663.75,11108
2022-10-03 12:55:01,45,2,3663.5,11110
2022-10-03 12:55:02,73,-27,3663.25,11083
2022-10-03 12:55:03,19,5,3663.25,11088
2022-10-03 12:55:04,26,-18,3663.25,11070
2022-10-03 12:55:05,9,2,3663.25,11072
2022-10-03 12:55:06,24,-2,3663.0,11070
2022-10-03 12:55:07,30,-10,3662.75,11060
2022-10-03 12:55:08,28,9,3663.0,11069
2022-10-03 12:55:09,6,-1,3662.75,11068
2022-10-03 12:55:10,8,2,3662.75,11070
2022-10-03 12:55:11,132,11,3662.75,11081
2022-10-03 12:55:12,62,-21,3662.5,11060
2022-10-03 12:55:13,36,-6,3662.5,11054
2022-10-03 12:55:14,175,53,3662.5,11107
2022-10-03 12:55:15,10,-1,3662.5,11106
2022-10-03 12:55:16,29,-3,3662.5,11103
2022-10-03 12:55:17,6,0,3662.5,11103
2022-10-03 12:55:18,29,0,3662.5,11103
2022-10-03 12:55:19,23,5,3662.5,11108
2022-10-03 12:55:20,36,-17,3662.5,11091
2022-10-03 12:55:21,16,8,3662.25,11099
2022-10-03 12:55:22,48,23,3662.5,11122
2022-10-03 12:55:23,13,-6,3662.5,11116
2022-10-03 12:55:24,27,-12,3662.0,11104
2022-10-03 12:55:25,51,-11,3662.0,11093
2022-10-03 12:55:26,50,17,3662.0,11110
2022-10-03 12:55:27,16,-11,3662.0,11099
2022-10-03 12:55:28,25,1,3662.0,11100
2022-10-03 12:55:29,26,0,3661.75,11100
2022-10-03 12:55:30,24,5,3662.0,11105
2022-10-03 12:55:31,13,-1,3661.75,11104
2022-10-03 12:55:32,20,11,3661.75,11115
2022-10-03 12:55:33,28,10,3662.0,11125
2022-10-03 12:55:34,28,5,3662.0,11130
2022-10-03 12:55:35,2,-2,3661.75,11128
2022-10-03 12:55:36,28,4,3662.0,11132
2022-10-03 12:55:37,5,1,3662.0,11133
2022-10-03 12:55:38,24,13,3662.25,11146
2022-10-03 12:55:39,13,7,3662.0,11153
2022-10-03 12:55:40,18,2,3662.0,11155
2022-10-03 12:55:41,49,21,3662.5,11176
2022-10-03 12:55:42,31,11,3662.25,11187
2022-10-03 12:55:43,4,-4,3662.0,11183
2022-10-03 12:55:44,59,-1,3662.0,11182
2022-10-03 12:55:45,26,11,3662.25,11193
2022-10-03 12:55:46,24,12,3662.25,11205
2022-10-03 12:55:47,102,29,3663.0,11234
2022-10-03 12:55:48,21,1,3663.0,11235
2022-10-03 12:55:49,38,-3,3662.75,11232
2022-10-03 12:55:50,34,5,3662.5,11237
2022-10-03 12:55:51,4,-4,3662.5,11233
2022-10-03 12:55:52,41,15,3662.5,11248
2022-10-03 12:55:53,11,-4,3662.75,11244
2022-10-03 12:55:54,1,-1,3662.5,11243
2022-10-03 12:55:55,3,3,3662.75,11246
2022-10-03 12:55:56,54,3,3662.75,11249
2022-10-03 12:55:57,13,-5,3662.75,11244
2022-10-03 12:55:58,21,-3,3662.5,11241
2022-10-03 12:55:59,29,-4,3662.5,11237
2022-10-03 12:56:00,28,8,3662.5,11245
2022-10-03 12:56:01,24,16,3663.0,11261
2022-10-03 12:56:02,47,7,3663.25,11268
2022-10-03 12:56:03,148,99,3663.25,11367
2022-10-03 12:56:04,83,32,3663.5,11399
2022-10-03 12:56:05,22,8,3663.75,11407
2022-10-03 12:56:06,124,24,3663.75,11431
2022-10-03 12:56:07,34,3,3664.0,11434
2022-10-03 12:56:08,63,16,3664.0,11450
2022-10-03 12:56:09,88,54,3664.25,11504
2022-10-03 12:56:10,122,28,3664.25,11532
2022-10-03 12:56:11,53,-14,3664.25,11518
2022-10-03 12:56:12,4,0,3664.0,11518
2022-10-03 12:56:13,51,7,3664.25,11525
2022-10-03 12:56:14,11,6,3664.25,11531
2022-10-03 12:56:15,49,6,3664.5,11537
2022-10-03 12:56:16,35,6,3664.75,11543
2022-10-03 12:56:17,12,-3,3664.75,11540
2022-10-03 12:56:18,10,-4,3664.75,11536
2022-10-03 12:56:19,6,2,3664.75,11538
2022-10-03 12:56:20,29,7,3664.75,11545
2022-10-03 12:56:21,36,-8,3664.5,11537
2022-10-03 12:56:22,78,41,3665.0,11578
2022-10-03 12:56:23,27,0,3664.75,11578
2022-10-03 12:56:24,28,-13,3664.25,11565
2022-10-03 12:56:26,2,-2,3664.25,11563
2022-10-03 12:56:27,53,-15,3664.25,11548
2022-10-03 12:56:28,148,41,3665.0,11589
2022-10-03 12:56:29,20,2,3665.0,11591
2022-10-03 12:56:30,152,45,3665.75,11636
2022-10-03 12:56:31,40,1,3665.75,11637
2022-10-03 12:56:32,48,17,3665.5,11654
2022-10-03 12:56:33,62,33,3665.75,11687
2022-10-03 12:56:34,9,4,3665.75,11691
2022-10-03 12:56:35,97,-9,3666.0,11682
2022-10-03 12:56:36,24,9,3666.0,11691
2022-10-03 12:56:37,34,-18,3665.75,11673
2022-10-03 12:56:38,18,0,3665.75,11673
2022-10-03 12:56:39,32,19,3666.0,11692
2022-10-03 12:56:40,25,0,3665.75,11692
2022-10-03 12:56:41,31,-4,3665.75,11688
2022-10-03 12:56:42,10,-2,3665.75,11686
2022-10-03 12:56:43,21,-5,3665.75,11681
2022-10-03 12:56:44,20,3,3665.75,11684
2022-10-03 12:56:45,21,1,3666.0,11685
2022-10-03 12:56:46,7,-7,3665.75,11678
2022-10-03 12:56:47,15,4,3665.75,11682
2022-10-03 12:56:48,11,11,3666.0,11693
2022-10-03 12:56:49,35,-13,3665.75,11680
2022-10-03 12:56:50,57,13,3665.5,11693
2022-10-03 12:56:51,3,-3,3665.25,11690
2022-10-03 12:56:52,11,-5,3665.25,11685
2022-10-03 12:56:53,121,-74,3665.25,11611
2022-10-03 12:56:54,25,5,3665.5,11616
2022-10-03 12:56:55,53,4,3665.75,11620
2022-10-03 12:56:56,41,-6,3665.5,11614
2022-10-03 12:56:57,23,7,3665.5,11621
2022-10-03 12:56:58,13,-5,3665.5,11616
2022-10-03 12:56:59,60,12,3665.75,11628
2022-10-03 12:57:00,20,3,3665.75,11631
2022-10-03 12:57:01,33,-1,3665.5,11630
2022-10-03 12:57:02,47,12,3665.75,11642
2022-10-03 12:57:03,21,10,3665.75,11652
2022-10-03 12:57:04,23,4,3665.75,11656
2022-10-03 12:57:05,53,-14,3665.75,11642
2022-10-03 12:57:06,33,7,3666.0,11649
2022-10-03 12:57:07,47,30,3666.25,11679
2022-10-03 12:57:08,69,-15,3666.0,11664
2022-10-03 12:57:09,32,-20,3665.5,11644
2022-10-03 12:57:10,8,6,3665.5,11650
2022-10-03 12:57:11,45,-16,3665.25,11634
2022-10-03 12:57:12,31,11,3665.5,11645
2022-10-03 12:57:13,37,-9,3665.5,11636
2022-10-03 12:57:14,23,-2,3665.75,11634
2022-10-03 12:57:15,25,5,3665.75,11639
2022-10-03 12:57:16,37,7,3666.25,11646
2022-10-03 12:57:17,10,3,3666.25,11649
2022-10-03 12:57:18,8,6,3666.5,11655
2022-10-03 12:57:19,81,10,3666.75,11665
2022-10-03 12:57:20,2,2,3666.75,11667
2022-10-03 12:57:21,113,52,3667.25,11719
2022-10-03 12:57:22,152,34,3668.0,11753
2022-10-03 12:57:23,53,20,3667.5,11773
2022-10-03 12:57:24,37,11,3667.5,11784
2022-10-03 12:57:25,80,9,3667.75,11793
2022-10-03 12:57:26,22,-4,3667.5,11789
2022-10-03 12:57:27,61,-16,3667.0,11773
2022-10-03 12:57:28,18,1,3667.25,11774
2022-10-03 12:57:29,36,2,3667.25,11776
2022-10-03 12:57:30,27,2,3667.25,11778
2022-10-03 12:57:31,28,-1,3667.25,11777
2022-10-03 12:57:32,2,2,3667.25,11779
2022-10-03 12:57:33,28,8,3667.5,11787
2022-10-03 12:57:34,33,2,3667.75,11789
2022-10-03 12:57:35,28,-3,3667.5,11786
2022-10-03 12:57:36,21,-4,3667.25,11782
2022-10-03 12:57:37,80,-29,3667.25,11753
2022-10-03 12:57:38,29,7,3667.25,11760
2022-10-03 12:57:39,44,0,3667.0,11760
2022-10-03 12:57:40,32,-8,3666.75,11752
2022-10-03 12:57:41,72,-16,3667.0,11736
2022-10-03 12:57:42,4,0,3667.25,11736
2022-10-03 12:57:43,1,-1,3667.0,11735
2022-10-03 12:57:44,16,-11,3667.0,11724
2022-10-03 12:57:45,2,2,3667.0,11726
2022-10-03 12:57:46,139,15,3667.0,11741
2022-10-03 12:57:47,60,-32,3666.5,11709
2022-10-03 12:57:48,34,1,3666.5,11710
2022-10-03 12:57:49,42,9,3666.75,11719
2022-10-03 12:57:50,1,-1,3666.5,11718
2022-10-03 12:57:51,89,-3,3666.5,11715
2022-10-03 12:57:52,10,-10,3666.25,11705
2022-10-03 12:57:53,69,-17,3666.0,11688
2022-10-03 12:57:54,10,2,3666.0,11690
2022-10-03 12:57:55,12,-2,3665.75,11688
2022-10-03 12:57:56,89,-15,3665.5,11673
2022-10-03 12:57:57,39,1,3665.5,11674
2022-10-03 12:57:58,12,0,3665.5,11674
2022-10-03 12:57:59,38,4,3665.75,11678
2022-10-03 12:58:00,17,11,3665.75,11689
2022-10-03 12:58:01,24,0,3666.0,11689
2022-10-03 12:58:02,2,2,3666.25,11691
2022-10-03 12:58:03,6,-2,3666.25,11689
2022-10-03 12:58:04,55,-17,3666.0,11672
2022-10-03 12:58:05,4,1,3665.75,11673
2022-10-03 12:58:06,68,-25,3665.75,11648
2022-10-03 12:58:07,55,-14,3665.75,11634
2022-10-03 12:58:08,32,-5,3665.5,11629
2022-10-03 12:58:09,3,-1,3665.75,11628
2022-10-03 12:58:10,22,-1,3665.75,11627
2022-10-03 12:58:11,11,-9,3665.5,11618
2022-10-03 12:58:12,4,2,3665.5,11620
2022-10-03 12:58:13,22,3,3665.5,11623
2022-10-03 12:58:14,14,-11,3665.25,11612
2022-10-03 12:58:15,42,2,3665.5,11614
2022-10-03 12:58:17,62,13,3666.0,11627
2022-10-03 12:58:18,18,-4,3666.0,11623
2022-10-03 12:58:19,23,-3,3666.0,11620
2022-10-03 12:58:20,16,11,3666.25,11631
2022-10-03 12:58:21,22,2,3666.25,11633
2022-10-03 12:58:22,37,-4,3666.5,11629
2022-10-03 12:58:23,28,5,3667.0,11634
2022-10-03 12:58:24,7,6,3666.75,11640
2022-10-03 12:58:25,2,0,3666.75,11640
2022-10-03 12:58:26,38,-4,3666.75,11636
2022-10-03 12:58:27,16,-1,3666.75,11635
2022-10-03 12:58:28,6,-2,3666.75,11633
2022-10-03 12:58:29,21,-2,3666.5,11631
2022-10-03 12:58:30,20,8,3666.75,11639
2022-10-03 12:58:31,1,1,3666.5,11640
2022-10-03 12:58:32,47,1,3666.5,11641
2022-10-03 12:58:33,88,-3,3666.75,11638
2022-10-03 12:58:34,44,22,3667.0,11660
2022-10-03 12:58:35,5,2,3667.0,11662
2022-10-03 12:58:36,61,-6,3666.75,11656
2022-10-03 12:58:37,61,0,3667.0,11656
2022-10-03 12:58:38,63,5,3667.0,11661
2022-10-03 12:58:39,39,-11,3666.75,11650
2022-10-03 12:58:40,20,3,3666.75,11653
2022-10-03 12:58:41,2,0,3667.0,11653
2022-10-03 12:58:42,103,58,3667.25,11711
2022-10-03 12:58:43,39,-19,3666.75,11692
2022-10-03 12:58:44,16,-7,3666.75,11685
2022-10-03 12:58:45,9,7,3666.75,11692
2022-10-03 12:58:46,19,-3,3666.75,11689
2022-10-03 12:58:47,35,3,3666.5,11692
2022-10-03 12:58:49,2,-2,3666.5,11690
2022-10-03 12:58:50,64,-6,3666.75,11684
2022-10-03 12:58:51,71,5,3666.25,11689
2022-10-03 12:58:52,11,-1,3666.25,11688
2022-10-03 12:58:53,9,1,3666.25,11689
2022-10-03 12:58:54,13,3,3666.25,11692
2022-10-03 12:58:55,14,-6,3666.25,11686
2022-10-03 12:58:56,3,-1,3666.25,11685
2022-10-03 12:58:57,19,3,3666.25,11688
2022-10-03 12:58:59,20,-5,3666.25,11683
2022-10-03 12:59:00,20,2,3666.0,11685
2022-10-03 12:59:01,14,10,3666.25,11695
2022-10-03 12:59:02,1,1,3666.5,11696
2022-10-03 12:59:03,32,-20,3666.25,11676
2022-10-03 12:59:04,7,7,3666.25,11683
2022-10-03 12:59:06,39,-4,3666.5,11679
2022-10-03 12:59:08,30,-1,3666.5,11678
2022-10-03 12:59:09,31,5,3666.75,11683
2022-10-03 12:59:10,36,12,3666.75,11695
2022-10-03 12:59:11,24,7,3666.75,11702
2022-10-03 12:59:12,75,55,3667.0,11757
2022-10-03 12:59:13,2,-2,3666.75,11755
2022-10-03 12:59:14,22,3,3666.75,11758
2022-10-03 12:59:15,32,4,3667.0,11762
2022-10-03 12:59:16,25,1,3666.25,11763
2022-10-03 12:59:17,18,6,3666.5,11769
2022-10-03 12:59:18,25,-1,3666.75,11768
2022-10-03 12:59:19,3,-1,3666.75,11767
2022-10-03 12:59:20,59,-12,3667.0,11755
2022-10-03 12:59:21,57,30,3667.25,11785
2022-10-03 12:59:22,111,23,3667.75,11808
2022-10-03 12:59:23,63,30,3667.75,11838
2022-10-03 12:59:24,14,-2,3667.75,11836
2022-10-03 12:59:25,39,-8,3667.75,11828
2022-10-03 12:59:26,37,1,3667.75,11829
2022-10-03 12:59:27,120,-53,3667.5,11776
2022-10-03 12:59:28,26,16,3667.5,11792
2022-10-03 12:59:29,43,17,3667.75,11809
2022-10-03 12:59:30,157,-11,3668.0,11798
2022-10-03 12:59:31,7,5,3667.5,11803
2022-10-03 12:59:32,84,-15,3667.5,11788
2022-10-03 12:59:33,47,13,3667.5,11801
2022-10-03 12:59:34,1,-1,3667.25,11800
2022-10-03 12:59:35,144,-15,3667.5,11785
2022-10-03 12:59:36,52,10,3667.75,11795
2022-10-03 12:59:37,11,-4,3667.75,11791
2022-10-03 12:59:38,33,11,3667.75,11802
2022-10-03 12:59:39,23,-4,3667.75,11798
2022-10-03 12:59:40,38,20,3667.75,11818
2022-10-03 12:59:41,63,-14,3667.5,11804
2022-10-03 12:59:42,15,-10,3667.5,11794
2022-10-03 12:59:43,16,6,3667.5,11800
2022-10-03 12:59:44,18,-2,3667.5,11798
2022-10-03 12:59:45,34,8,3667.75,11806
2022-10-03 12:59:46,6,-2,3668.0,11804
2022-10-03 12:59:47,52,23,3668.0,11827
2022-10-03 12:59:48,8,6,3668.0,11833
2022-10-03 12:59:49,1,1,3668.0,11834
2022-10-03 12:59:50,29,1,3668.25,11835
2022-10-03 12:59:51,28,22,3668.25,11857
2022-10-03 12:59:52,1,-1,3668.0,11856
2022-10-03 12:59:53,155,98,3668.75,11954
2022-10-03 12:59:54,38,7,3668.5,11961
2022-10-03 12:59:55,4,4,3668.5,11965
2022-10-03 12:59:56,27,18,3668.5,11983
2022-10-03 12:59:57,82,10,3668.5,11993
2022-10-03 12:59:58,2,0,3668.5,11993
2022-10-03 12:59:59,12,2,3668.5,11995
2022-10-03 13:00:00,129,-4,3668.5,11991
2022-10-03 13:00:01,46,34,3668.5,12025
2022-10-03 13:00:02,14,6,3668.5,12031
2022-10-03 13:00:03,88,16,3668.75,12047
2022-10-03 13:00:04,54,-9,3668.5,12038
2022-10-03 13:00:05,48,9,3668.5,12047
2022-10-03 13:00:06,25,-13,3668.5,12034
2022-10-03 13:00:07,40,20,3668.25,12054
2022-10-03 13:00:08,20,-7,3668.25,12047
2022-10-03 13:00:09,46,2,3668.25,12049
2022-10-03 13:00:10,26,2,3668.25,12051
2022-10-03 13:00:11,38,-1,3668.25,12050
2022-10-03 13:00:12,32,18,3668.5,12068
2022-10-03 13:00:13,57,43,3668.75,12111
2022-10-03 13:00:14,249,76,3669.5,12187
2022-10-03 13:00:15,79,31,3669.5,12218
2022-10-03 13:00:16,14,-5,3669.5,12213
2022-10-03 13:00:17,313,-60,3669.5,12153
2022-10-03 13:00:18,6,6,3669.5,12159
2022-10-03 13:00:19,163,-6,3669.5,12153
2022-10-03 13:00:20,165,57,3669.5,12210
2022-10-03 13:00:21,214,94,3670.25,12304
2022-10-03 13:00:22,85,64,3670.25,12368
2022-10-03 13:00:23,109,28,3670.5,12396
2022-10-03 13:00:24,229,34,3671.0,12430
2022-10-03 13:00:25,45,20,3670.75,12450
2022-10-03 13:00:26,76,5,3670.75,12455
2022-10-03 13:00:27,163,-15,3670.75,12440
2022-10-03 13:00:28,29,8,3671.0,12448
2022-10-03 13:00:29,53,2,3671.0,12450
2022-10-03 13:00:30,81,-13,3670.75,12437
2022-10-03 13:00:31,106,-5,3670.75,12432
2022-10-03 13:00:32,52,27,3670.75,12459
2022-10-03 13:00:33,4,-2,3670.75,12457
2022-10-03 13:00:34,8,8,3670.75,12465
2022-10-03 13:00:35,68,40,3671.0,12505
2022-10-03 13:00:36,7,7,3671.0,12512
2022-10-03 13:00:37,32,1,3671.0,12513
2022-10-03 13:00:38,111,4,3671.0,12517
2022-10-03 13:00:39,55,10,3671.0,12527
2022-10-03 13:00:40,35,-7,3671.0,12520
2022-10-03 13:00:41,9,6,3670.75,12526
2022-10-03 13:00:42,62,23,3671.25,12549
2022-10-03 13:00:43,70,-1,3671.0,12548
2022-10-03 13:00:44,15,-7,3670.75,12541
2022-10-03 13:00:45,58,-7,3670.75,12534
2022-10-03 13:00:46,26,-14,3670.75,12520
2022-10-03 13:00:47,77,-5,3670.5,12515
2022-10-03 13:00:48,161,-100,3670.25,12415
2022-10-03 13:00:49,62,12,3670.0,12427
2022-10-03 13:00:50,18,1,3670.0,12428
2022-10-03 13:00:51,37,0,3670.0,12428
2022-10-03 13:00:52,20,-8,3669.75,12420
2022-10-03 13:00:53,17,-9,3669.5,12411
2022-10-03 13:00:54,74,-24,3669.5,12387
2022-10-03 13:00:55,59,-20,3669.25,12367
2022-10-03 13:00:56,40,21,3669.25,12388
2022-10-03 13:00:57,21,-17,3669.25,12371
2022-10-03 13:00:58,31,15,3669.25,12386
2022-10-03 13:00:59,94,5,3669.5,12391
2022-10-03 13:01:00,63,13,3669.5,12404
2022-10-03 13:01:01,27,23,3669.75,12427
2022-10-03 13:01:02,93,15,3670.0,12442
2022-10-03 13:01:03,13,-9,3670.0,12433
2022-10-03 13:01:04,2,1,3670.0,12434
2022-10-03 13:01:05,32,5,3670.25,12439
2022-10-03 13:01:06,29,6,3670.25,12445
2022-10-03 13:01:07,13,-3,3670.25,12442
2022-10-03 13:01:08,19,-3,3670.5,12439
2022-10-03 13:01:09,17,11,3670.25,12450
2022-10-03 13:01:10,12,-8,3670.25,12442
2022-10-03 13:01:11,76,39,3670.5,12481
2022-10-03 13:01:12,175,-15,3670.25,12466
2022-10-03 13:01:13,6,-2,3670.25,12464
2022-10-03 13:01:14,46,24,3670.5,12488
2022-10-03 13:01:15,46,-12,3670.5,12476
2022-10-03 13:01:16,147,3,3670.75,12479
2022-10-03 13:01:17,1,-1,3670.5,12478
2022-10-03 13:01:18,3,1,3670.75,12479
2022-10-03 13:01:19,78,-15,3670.75,12464
2022-10-03 13:01:20,48,4,3670.75,12468
2022-10-03 13:01:21,193,-5,3670.75,12463
2022-10-03 13:01:22,26,-10,3670.75,12453
2022-10-03 13:01:23,100,-8,3670.5,12445
2022-10-03 13:01:24,42,2,3670.25,12447
2022-10-03 13:01:25,41,-19,3670.0,12428
2022-10-03 13:01:26,16,-8,3670.25,12420
2022-10-03 13:01:27,10,-10,3670.0,12410
2022-10-03 13:01:28,22,10,3670.0,12420
2022-10-03 13:01:29,16,-2,3670.0,12418
2022-10-03 13:01:30,1,1,3670.0,12419
2022-10-03 13:01:31,12,-6,3670.25,12413
2022-10-03 13:01:32,51,-34,3669.75,12379
2022-10-03 13:01:33,38,-15,3669.5,12364
2022-10-03 13:01:34,4,-2,3669.25,12362
2022-10-03 13:01:35,16,-8,3669.25,12354
2022-10-03 13:01:36,127,-49,3669.0,12305
2022-10-03 13:01:37,18,-12,3668.75,12293
2022-10-03 13:01:38,89,29,3669.0,12322
2022-10-03 13:01:39,38,-1,3669.0,12321
2022-10-03 13:01:40,27,-15,3668.75,12306
2022-10-03 13:01:41,15,-8,3668.75,12298
2022-10-03 13:01:42,36,-5,3668.5,12293
2022-10-03 13:01:43,168,-32,3668.25,12261
2022-10-03 13:01:44,91,-11,3667.75,12250
2022-10-03 13:01:45,57,17,3668.0,12267
2022-10-03 13:01:46,49,26,3668.25,12293
2022-10-03 13:01:47,28,-17,3668.25,12276
2022-10-03 13:01:48,20,2,3668.25,12278
2022-10-03 13:01:49,31,-23,3668.25,12255
2022-10-03 13:01:50,22,0,3668.0,12255
2022-10-03 13:01:51,1,-1,3667.75,12254
2022-10-03 13:01:53,46,-8,3667.75,12246
2022-10-03 13:01:54,85,15,3667.75,12261
2022-10-03 13:01:55,27,-5,3668.0,12256
2022-10-03 13:01:56,27,-9,3667.75,12247
2022-10-03 13:01:57,14,10,3667.75,12257
2022-10-03 13:01:58,1,1,3668.0,12258
2022-10-03 13:01:59,74,22,3668.25,12280
2022-10-03 13:02:00,48,-13,3668.0,12267
2022-10-03 13:02:01,80,-20,3667.75,12247
2022-10-03 13:02:02,76,26,3668.0,12273
2022-10-03 13:02:03,72,36,3668.5,12309
2022-10-03 13:02:04,106,11,3668.5,12320
2022-10-03 13:02:05,5,1,3668.75,12321
2022-10-03 13:02:06,30,5,3668.75,12326
2022-10-03 13:02:07,7,-1,3668.75,12325
2022-10-03 13:02:08,31,12,3669.0,12337
2022-10-03 13:02:09,6,4,3669.0,12341
2022-10-03 13:02:10,72,35,3669.25,12376
2022-10-03 13:02:11,126,9,3669.5,12385
2022-10-03 13:02:12,13,7,3669.5,12392
2022-10-03 13:02:13,28,4,3669.5,12396
2022-10-03 13:02:14,44,-23,3669.75,12373
2022-10-03 13:02:15,5,3,3669.5,12376
2022-10-03 13:02:16,180,-52,3669.5,12324
2022-10-03 13:02:17,29,-4,3668.5,12320
2022-10-03 13:02:18,36,-8,3668.25,12312
2022-10-03 13:02:19,15,11,3668.5,12323
2022-10-03 13:02:20,18,2,3668.5,12325
2022-10-03 13:02:21,73,-17,3668.5,12308
2022-10-03 13:02:22,12,1,3668.5,12309
2022-10-03 13:02:23,84,0,3668.25,12309
2022-10-03 13:02:24,107,27,3668.75,12336
2022-10-03 13:02:25,21,6,3668.75,12342
2022-10-03 13:02:26,9,0,3668.75,12342
2022-10-03 13:02:27,15,14,3669.0,12356
2022-10-03 13:02:28,137,-16,3669.0,12340
2022-10-03 13:02:29,1,-1,3668.0,12339
2022-10-03 13:02:30,52,0,3668.25,12339
2022-10-03 13:02:31,26,0,3668.0,12339
2022-10-03 13:02:32,21,-1,3668.25,12338
2022-10-03 13:02:33,21,-9,3668.25,12329
2022-10-03 13:02:35,66,-19,3667.75,12310
2022-10-03 13:02:36,111,-18,3668.0,12292
2022-10-03 13:02:37,35,-11,3667.75,12281
2022-10-03 13:02:38,75,18,3667.75,12299
2022-10-03 13:02:39,18,-7,3667.75,12292
2022-10-03 13:02:40,38,4,3668.0,12296
2022-10-03 13:02:41,69,16,3668.0,12312
2022-10-03 13:02:42,61,1,3668.25,12313
2022-10-03 13:02:43,56,-11,3668.25,12302
2022-10-03 13:02:44,3,-3,3668.0,12299
2022-10-03 13:02:45,11,11,3668.0,12310
2022-10-03 13:02:46,20,-5,3668.0,12305
2022-10-03 13:02:47,20,7,3668.0,12312
2022-10-03 13:02:48,44,3,3668.25,12315
2022-10-03 13:02:49,2,2,3668.25,12317
2022-10-03 13:02:50,1,1,3668.25,12318
2022-10-03 13:02:51,3,-3,3668.0,12315
2022-10-03 13:02:52,17,11,3668.25,12326
2022-10-03 13:02:53,8,-6,3668.25,12320
2022-10-03 13:02:54,15,7,3668.25,12327
2022-10-03 13:02:55,10,-1,3668.25,12326
2022-10-03 13:02:56,25,1,3668.25,12327
2022-10-03 13:02:57,48,2,3668.0,12329
2022-10-03 13:02:58,17,-3,3667.75,12326
2022-10-03 13:02:59,18,2,3668.0,12328
2022-10-03 13:03:00,28,-11,3667.75,12317
2022-10-03 13:03:01,2,-2,3667.5,12315
2022-10-03 13:03:02,26,-8,3667.75,12307
2022-10-03 13:03:03,41,13,3667.5,12320
2022-10-03 13:03:04,29,12,3667.75,12332
2022-10-03 13:03:05,12,-6,3667.75,12326
2022-10-03 13:03:06,45,-12,3667.5,12314
2022-10-03 13:03:07,24,-8,3667.5,12306
2022-10-03 13:03:08,31,-2,3667.75,12304
2022-10-03 13:03:09,11,-7,3667.75,12297
2022-10-03 13:03:10,13,3,3667.75,12300
2022-10-03 13:03:11,33,-10,3667.5,12290
2022-10-03 13:03:12,72,-28,3667.25,12262
2022-10-03 13:03:13,14,-11,3667.5,12251
2022-10-03 13:03:14,58,12,3667.5,12263
2022-10-03 13:03:15,2,2,3667.75,12265
2022-10-03 13:03:16,106,28,3668.0,12293
2022-10-03 13:03:17,2,0,3668.0,12293
2022-10-03 13:03:18,42,1,3668.0,12294
2022-10-03 13:03:19,2,2,3668.25,12296
2022-10-03 13:03:20,41,27,3668.25,12323
2022-10-03 13:03:21,1,-1,3668.0,12322
2022-10-03 13:03:22,45,-11,3668.5,12311
2022-10-03 13:03:23,17,-4,3668.5,12307
2022-10-03 13:03:24,37,20,3668.5,12327
2022-10-03 13:03:25,19,-5,3668.25,12322
2022-10-03 13:03:26,45,24,3668.25,12346
2022-10-03 13:03:27,12,0,3668.5,12346
2022-10-03 13:03:28,3,1,3668.5,12347
2022-10-03 13:03:29,31,10,3668.5,12357
2022-10-03 13:03:30,122,22,3669.0,12379
2022-10-03 13:03:31,11,3,3668.5,12382
2022-10-03 13:03:32,50,2,3668.25,12384
2022-10-03 13:03:33,15,8,3668.25,12392
2022-10-03 13:03:34,14,-5,3668.0,12387
2022-10-03 13:03:35,9,-4,3668.0,12383
2022-10-03 13:03:36,3,2,3668.0,12385
2022-10-03 13:03:37,22,3,3668.0,12388
2022-10-03 13:03:38,18,-3,3667.75,12385
2022-10-03 13:03:39,17,11,3668.0,12396
2022-10-03 13:03:40,10,4,3668.25,12400
2022-10-03 13:03:41,10,-3,3668.5,12397
2022-10-03 13:03:42,14,8,3668.5,12405
2022-10-03 13:03:43,24,4,3668.75,12409
2022-10-03 13:03:44,11,-2,3668.5,12407
2022-10-03 13:03:45,34,16,3668.5,12423
2022-10-03 13:03:47,24,7,3668.75,12430
2022-10-03 13:03:48,38,-17,3668.5,12413
2022-10-03 13:03:49,18,4,3668.5,12417
2022-10-03 13:03:50,14,-2,3668.75,12415
2022-10-03 13:03:51,23,22,3668.75,12437
2022-10-03 13:03:52,96,10,3669.0,12447
2022-10-03 13:03:53,80,19,3669.25,12466
2022-10-03 13:03:54,10,-7,3669.0,12459
2022-10-03 13:03:55,2,2,3669.0,12461
2022-10-03 13:03:56,48,-14,3669.0,12447
2022-10-03 13:03:57,5,5,3668.75,12452
2022-10-03 13:03:58,43,1,3668.5,12453
2022-10-03 13:03:59,1,1,3668.75,12454
2022-10-03 13:04:00,2,2,3668.75,12456
2022-10-03 13:04:01,24,21,3669.0,12477
2022-10-03 13:04:02,1,1,3669.0,12478
2022-10-03 13:04:03,3,1,3669.0,12479
2022-10-03 13:04:04,64,24,3669.25,12503
2022-10-03 13:04:05,87,13,3669.5,12516
2022-10-03 13:04:06,72,1,3669.5,12517
2022-10-03 13:04:07,39,-11,3669.5,12506
2022-10-03 13:04:08,59,-33,3669.25,12473
2022-10-03 13:04:09,17,-15,3669.0,12458
2022-10-03 13:04:10,4,-4,3669.0,12454
2022-10-03 13:04:11,14,4,3669.25,12458
2022-10-03 13:04:12,7,5,3669.25,12463
2022-10-03 13:04:13,43,26,3669.25,12489
2022-10-03 13:04:14,2,2,3669.5,12491
2022-10-03 13:04:15,38,21,3669.5,12512
2022-10-03 13:04:17,51,-6,3669.75,12506
2022-10-03 13:04:18,16,-1,3669.5,12505
2022-10-03 13:04:19,17,15,3669.5,12520
2022-10-03 13:04:20,105,15,3669.75,12535
2022-10-03 13:04:21,838,77,3670.0,12612
2022-10-03 13:04:22,165,-5,3669.75,12607
2022-10-03 13:04:23,4,4,3669.75,12611
2022-10-03 13:04:24,302,30,3670.0,12641
2022-10-03 13:04:25,85,10,3670.0,12651
2022-10-03 13:04:26,262,29,3670.0,12680
2022-10-03 13:04:27,76,-14,3670.0,12666
2022-10-03 13:04:28,7,1,3670.0,12667
2022-10-03 13:04:29,29,-7,3670.0,12660
2022-10-03 13:04:30,281,78,3669.75,12738
2022-10-03 13:04:31,190,-20,3669.5,12718
2022-10-03 13:04:32,61,-6,3669.5,12712
2022-10-03 13:04:34,34,24,3669.5,12736
2022-10-03 13:04:35,89,-50,3669.5,12686
2022-10-03 13:04:36,40,-1,3669.25,12685
2022-10-03 13:04:37,7,-4,3669.25,12681
2022-10-03 13:04:38,60,19,3669.25,12700
2022-10-03 13:04:39,7,-1,3669.5,12699
2022-10-03 13:04:40,54,13,3669.75,12712
2022-10-03 13:04:41,35,-11,3669.5,12701
2022-10-03 13:04:42,33,-23,3669.0,12678
2022-10-03 13:04:43,25,13,3669.0,12691
2022-10-03 13:04:44,7,-3,3669.0,12688
2022-10-03 13:04:45,70,21,3669.0,12709
2022-10-03 13:04:46,3,3,3669.25,12712
2022-10-03 13:04:47,16,14,3669.25,12726
2022-10-03 13:04:48,32,1,3669.25,12727
2022-10-03 13:04:49,1,1,3669.25,12728
2022-10-03 13:04:50,44,-21,3669.0,12707
2022-10-03 13:04:51,77,-17,3669.0,12690
2022-10-03 13:04:52,25,-20,3668.75,12670
2022-10-03 13:04:53,2,0,3669.0,12670
2022-10-03 13:04:54,29,-7,3668.75,12663
2022-10-03 13:04:55,15,0,3669.0,12663
2022-10-03 13:04:56,8,4,3669.0,12667
2022-10-03 13:04:57,18,-3,3669.25,12664
2022-10-03 13:04:58,46,27,3669.25,12691
2022-10-03 13:04:59,12,4,3669.25,12695
2022-10-03 13:05:00,19,7,3669.25,12702
2022-10-03 13:05:01,2,2,3669.5,12704
2022-10-03 13:05:02,30,23,3669.75,12727
2022-10-03 13:05:03,1,1,3669.75,12728
2022-10-03 13:05:04,255,53,3669.75,12781
2022-10-03 13:05:05,121,-51,3670.0,12730
2022-10-03 13:05:06,190,91,3669.75,12821
2022-10-03 13:05:07,38,25,3669.75,12846
2022-10-03 13:05:08,291,-15,3669.75,12831
2022-10-03 13:05:09,2,2,3669.75,12833
2022-10-03 13:05:10,71,15,3669.75,12848
2022-10-03 13:05:11,2,-1,3669.5,12847
2022-10-03 13:05:12,103,39,3670.0,12886
2022-10-03 13:05:13,82,-23,3670.0,12863
2022-10-03 13:05:14,168,6,3670.0,12869
2022-10-03 13:05:15,73,-21,3669.75,12848
2022-10-03 13:05:16,45,20,3669.5,12868
2022-10-03 13:05:17,1,1,3669.5,12869
2022-10-03 13:05:18,19,-13,3669.25,12856
2022-10-03 13:05:19,3,-1,3669.5,12855
2022-10-03 13:05:20,113,68,3669.5,12923
2022-10-03 13:05:21,154,-38,3669.5,12885
2022-10-03 13:05:22,136,-3,3669.25,12882
2022-10-03 13:05:23,23,-21,3669.0,12861
2022-10-03 13:05:24,136,41,3669.0,12902
2022-10-03 13:05:25,3,-1,3669.0,12901
2022-10-03 13:05:26,46,28,3669.25,12929
2022-10-03 13:05:27,73,-24,3669.25,12905
2022-10-03 13:05:28,28,-1,3669.25,12904
2022-10-03 13:05:29,18,4,3669.25,12908
2022-10-03 13:05:30,67,-32,3669.25,12876
2022-10-03 13:05:31,5,-2,3669.0,12874
2022-10-03 13:05:32,63,32,3669.25,12906
2022-10-03 13:05:33,131,-6,3669.25,12900
2022-10-03 13:05:34,158,-81,3669.5,12819
2022-10-03 13:05:35,65,-18,3669.25,12801
2022-10-03 13:05:36,127,-12,3668.75,12789
2022-10-03 13:05:37,10,5,3668.75,12794
2022-10-03 13:05:38,2,2,3669.0,12796
2022-10-03 13:05:39,4,4,3669.0,12800
2022-10-03 13:05:40,57,7,3668.75,12807
2022-10-03 13:05:41,75,39,3669.0,12846
2022-10-03 13:05:42,15,-4,3669.0,12842
2022-10-03 13:05:43,1,1,3669.25,12843
2022-10-03 13:05:44,13,0,3669.25,12843
2022-10-03 13:05:45,52,23,3669.25,12866
2022-10-03 13:05:46,26,-20,3669.0,12846
2022-10-03 13:05:47,5,0,3669.25,12846
2022-10-03 13:05:48,127,42,3669.25,12888
2022-10-03 13:05:49,73,-30,3669.25,12858
2022-10-03 13:05:50,46,11,3669.0,12869
2022-10-03 13:05:51,128,65,3669.25,12934
2022-10-03 13:05:52,1,1,3669.25,12935
2022-10-03 13:05:53,1,1,3669.25,12936
2022-10-03 13:05:54,51,9,3669.25,12945
2022-10-03 13:05:55,9,-7,3669.25,12938
2022-10-03 13:05:56,15,9,3669.25,12947
2022-10-03 13:05:58,34,25,3669.5,12972
2022-10-03 13:05:59,4,-4,3669.5,12968
2022-10-03 13:06:00,41,9,3669.5,12977
2022-10-03 13:06:01,327,-183,3669.5,12794
2022-10-03 13:06:03,20,18,3669.5,12812
2022-10-03 13:06:04,1,1,3669.75,12813
2022-10-03 13:06:05,2,-2,3669.5,12811
2022-10-03 13:06:06,11,8,3669.75,12819
2022-10-03 13:06:07,152,21,3670.0,12840
2022-10-03 13:06:09,254,-27,3670.0,12813
2022-10-03 13:06:10,131,-20,3670.0,12793
2022-10-03 13:06:11,52,-22,3669.75,12771
2022-10-03 13:06:12,101,-48,3669.25,12723
2022-10-03 13:06:13,112,-37,3669.0,12686
2022-10-03 13:06:14,50,33,3669.0,12719
2022-10-03 13:06:15,25,-5,3669.0,12714
2022-10-03 13:06:16,14,13,3669.25,12727
2022-10-03 13:06:17,20,-15,3669.0,12712
2022-10-03 13:06:18,20,14,3669.0,12726
2022-10-03 13:06:19,33,5,3669.25,12731
2022-10-03 13:06:20,35,-3,3669.25,12728
2022-10-03 13:06:21,20,-13,3669.25,12715
2022-10-03 13:06:22,46,-15,3668.75,12700
2022-10-03 13:06:23,27,-17,3668.75,12683
2022-10-03 13:06:24,37,-16,3668.75,12667
2022-10-03 13:06:25,11,10,3668.75,12677
2022-10-03 13:06:26,52,39,3669.0,12716
2022-10-03 13:06:27,33,-12,3669.0,12704
2022-10-03 13:06:28,34,6,3669.0,12710
2022-10-03 13:06:29,100,16,3669.25,12726
2022-10-03 13:06:30,23,0,3669.5,12726
2022-10-03 13:06:31,2,-1,3669.25,12725
2022-10-03 13:06:32,31,-9,3669.5,12716
2022-10-03 13:06:33,25,9,3669.25,12725
2022-10-03 13:06:34,12,-6,3669.25,12719
2022-10-03 13:06:35,1,1,3669.25,12720
2022-10-03 13:06:36,2,-2,3669.0,12718
2022-10-03 13:06:37,17,-7,3669.0,12711
2022-10-03 13:06:38,29,-11,3668.75,12700
2022-10-03 13:06:39,1,1,3668.75,12701
2022-10-03 13:06:40,55,-12,3668.5,12689
2022-10-03 13:06:41,28,13,3668.75,12702
2022-10-03 13:06:43,57,-14,3668.75,12688
2022-10-03 13:06:44,3,-1,3668.5,12687
2022-10-03 13:06:45,2,2,3668.5,12689
2022-10-03 13:06:46,1,-1,3668.25,12688
2022-10-03 13:06:47,39,-5,3668.25,12683
2022-10-03 13:06:48,43,22,3668.75,12705
2022-10-03 13:06:50,1,-1,3668.5,12704
2022-10-03 13:06:51,37,17,3668.75,12721
2022-10-03 13:06:52,1,-1,3668.5,12720
2022-10-03 13:06:53,24,-10,3668.75,12710
2022-10-03 13:06:54,25,10,3668.5,12720
2022-10-03 13:06:55,22,-14,3668.5,12706
2022-10-03 13:06:56,30,-3,3668.25,12703
2022-10-03 13:06:57,10,10,3668.5,12713
2022-10-03 13:06:58,34,-14,3668.25,12699
2022-10-03 13:06:59,1,-1,3668.0,12698
2022-10-03 13:07:00,96,-9,3668.0,12689
2022-10-03 13:07:01,57,-17,3668.0,12672
2022-10-03 13:07:02,286,31,3668.0,12703
2022-10-03 13:07:03,73,7,3668.0,12710
2022-10-03 13:07:04,34,-1,3668.25,12709
2022-10-03 13:07:05,37,-9,3668.25,12700
2022-10-03 13:07:06,21,-2,3668.5,12698
2022-10-03 13:07:07,34,19,3668.75,12717
2022-10-03 13:07:08,64,32,3669.25,12749
2022-10-03 13:07:09,57,17,3669.25,12766
2022-10-03 13:07:10,18,14,3669.5,12780
2022-10-03 13:07:11,72,-27,3669.5,12753
2022-10-03 13:07:12,35,10,3669.25,12763
2022-10-03 13:07:13,63,25,3669.5,12788
2022-10-03 13:07:14,113,48,3669.75,12836
2022-10-03 13:07:15,2,2,3669.75,12838
2022-10-03 13:07:16,88,8,3669.75,12846
2022-10-03 13:07:17,74,20,3669.5,12866
2022-10-03 13:07:18,3,3,3669.5,12869
2022-10-03 13:07:19,1,-1,3669.25,12868
2022-10-03 13:07:20,4,0,3669.5,12868
2022-10-03 13:07:21,4,3,3669.5,12871
2022-10-03 13:07:22,88,26,3669.5,12897
2022-10-03 13:07:23,215,13,3670.0,12910
2022-10-03 13:07:24,8,0,3670.0,12910
2022-10-03 13:07:25,1,-1,3669.75,12909
2022-10-03 13:07:26,73,-24,3669.75,12885
2022-10-03 13:07:27,9,-3,3669.75,12882
2022-10-03 13:07:29,14,-7,3670.0,12875
2022-10-03 13:07:30,1,-1,3669.75,12874
2022-10-03 13:07:31,3,-3,3669.75,12871
2022-10-03 13:07:32,1,-1,3669.75,12870
2022-10-03 13:07:33,2,2,3670.0,12872
2022-10-03 13:07:34,13,2,3670.0,12874
2022-10-03 13:07:35,86,-31,3670.0,12843
2022-10-03 13:07:36,70,10,3669.5,12853
2022-10-03 13:07:37,27,14,3669.75,12867
2022-10-03 13:07:38,2,2,3669.75,12869
2022-10-03 13:07:39,93,9,3669.75,12878
2022-10-03 13:07:40,50,18,3669.75,12896
2022-10-03 13:07:42,29,-15,3670.0,12881
2022-10-03 13:07:43,172,-81,3670.0,12800
2022-10-03 13:07:44,94,-20,3670.0,12780
2022-10-03 13:07:45,179,-42,3670.0,12738
2022-10-03 13:07:46,1,1,3670.0,12739
2022-10-03 13:07:47,41,3,3670.0,12742
2022-10-03 13:07:48,4,0,3670.0,12742
2022-10-03 13:07:49,48,-20,3669.75,12722
2022-10-03 13:07:50,90,-5,3669.75,12717
2022-10-03 13:07:51,25,15,3669.75,12732
2022-10-03 13:07:53,33,-2,3669.75,12730
2022-10-03 13:07:54,3,-1,3670.0,12729
2022-10-03 13:07:55,20,1,3670.0,12730
2022-10-03 13:07:56,82,-37,3670.0,12693
2022-10-03 13:07:57,5,-3,3670.0,12690
2022-10-03 13:07:58,38,19,3669.75,12709
2022-10-03 13:08:00,2,2,3670.0,12711
2022-10-03 13:08:01,435,67,3670.0,12778
2022-10-03 13:08:03,75,-23,3669.5,12755
2022-10-03 13:08:04,5,1,3669.75,12756
2022-10-03 13:08:05,15,3,3669.75,12759
2022-10-03 13:08:06,1,1,3669.75,12760
2022-10-03 13:08:07,1405,439,3671.5,13199
2022-10-03 13:08:08,100,23,3671.5,13222
2022-10-03 13:08:09,95,-30,3671.25,13192
2022-10-03 13:08:10,288,137,3672.25,13329
2022-10-03 13:08:11,118,7,3672.25,13336
2022-10-03 13:08:12,189,-24,3672.0,13312
2022-10-03 13:08:13,44,31,3671.5,13343
2022-10-03 13:08:14,39,7,3671.75,13350
2022-10-03 13:08:15,58,35,3672.25,13385
2022-10-03 13:08:16,252,81,3672.75,13466
2022-10-03 13:08:17,37,17,3672.5,13483
2022-10-03 13:08:18,87,-1,3672.5,13482
2022-10-03 13:08:19,73,20,3672.25,13502
2022-10-03 13:08:20,62,35,3672.5,13537
2022-10-03 13:08:21,72,-5,3672.75,13532
2022-10-03 13:08:22,151,1,3672.75,13533
2022-10-03 13:08:23,318,92,3673.5,13625
2022-10-03 13:08:24,110,-33,3673.5,13592
2022-10-03 13:08:25,166,4,3673.5,13596
2022-10-03 13:08:26,36,-6,3673.25,13590
2022-10-03 13:08:27,66,10,3673.0,13600
2022-10-03 13:08:28,41,-6,3673.25,13594
2022-10-03 13:08:29,38,1,3673.0,13595
2022-10-03 13:08:30,153,51,3673.5,13646
2022-10-03 13:08:31,98,-21,3673.75,13625
2022-10-03 13:08:32,51,-19,3673.5,13606
2022-10-03 13:08:33,6,1,3673.5,13607
2022-10-03 13:08:34,146,24,3673.5,13631
2022-10-03 13:08:35,58,16,3673.5,13647
2022-10-03 13:08:36,93,13,3673.75,13660
2022-10-03 13:08:37,39,26,3673.75,13686
2022-10-03 13:08:38,45,7,3673.5,13693
2022-10-03 13:08:39,53,29,3673.5,13722
2022-10-03 13:08:40,5,4,3673.75,13726
2022-10-03 13:08:41,79,-4,3673.75,13722
2022-10-03 13:08:42,28,5,3673.75,13727
2022-10-03 13:08:43,1,-1,3673.5,13726
2022-10-03 13:08:44,36,27,3673.75,13753
2022-10-03 13:08:45,62,-27,3673.75,13726
2022-10-03 13:08:46,110,-12,3674.0,13714
2022-10-03 13:08:47,125,27,3674.0,13741
2022-10-03 13:08:48,105,-62,3673.5,13679
2022-10-03 13:08:49,125,-25,3673.25,13654
2022-10-03 13:08:50,50,2,3673.0,13656
2022-10-03 13:08:51,9,2,3673.25,13658
2022-10-03 13:08:52,44,-16,3673.0,13642
2022-10-03 13:08:53,3,1,3673.25,13643
2022-10-03 13:08:54,28,20,3673.5,13663
2022-10-03 13:08:55,32,-3,3673.5,13660
2022-10-03 13:08:56,50,-1,3673.5,13659
2022-10-03 13:08:57,60,-24,3673.5,13635
2022-10-03 13:08:58,46,-29,3673.25,13606
2022-10-03 13:08:59,58,-7,3673.25,13599
2022-10-03 13:09:00,29,15,3673.5,13614
2022-10-03 13:09:01,11,8,3673.5,13622
2022-10-03 13:09:02,7,5,3673.75,13627
2022-10-03 13:09:03,6,1,3673.75,13628
2022-10-03 13:09:04,69,0,3673.75,13628
2022-10-03 13:09:05,7,5,3674.0,13633
2022-10-03 13:09:06,4,4,3674.0,13637
2022-10-03 13:09:07,53,-12,3673.75,13625
2022-10-03 13:09:08,1,-1,3673.5,13624
2022-10-03 13:09:09,3,1,3673.75,13625
2022-10-03 13:09:10,66,18,3673.75,13643
2022-10-03 13:09:11,123,42,3674.25,13685
2022-10-03 13:09:12,272,63,3674.75,13748
2022-10-03 13:09:13,26,5,3674.75,13753
2022-10-03 13:09:14,65,-2,3674.75,13751
2022-10-03 13:09:15,24,7,3674.5,13758
2022-10-03 13:09:16,42,15,3674.75,13773
2022-10-03 13:09:17,54,-9,3674.75,13764
2022-10-03 13:09:18,29,14,3674.5,13778
2022-10-03 13:09:19,86,-24,3674.25,13754
2022-10-03 13:09:20,39,8,3674.25,13762
2022-10-03 13:09:21,24,-11,3674.0,13751
2022-10-03 13:09:22,1,1,3674.0,13752
2022-10-03 13:09:23,140,-20,3673.75,13732
2022-10-03 13:09:24,35,-13,3674.0,13719
2022-10-03 13:09:25,18,-3,3674.0,13716
2022-10-03 13:09:26,1,-1,3673.75,13715
2022-10-03 13:09:27,44,-10,3674.0,13705
2022-10-03 13:09:28,7,-6,3673.75,13699
2022-10-03 13:09:29,42,3,3673.5,13702
2022-10-03 13:09:30,64,-3,3673.25,13699
2022-10-03 13:09:31,65,-18,3673.5,13681
2022-10-03 13:09:33,49,-11,3673.25,13670
2022-10-03 13:09:34,10,1,3673.25,13671
2022-10-03 13:09:35,40,4,3673.25,13675
2022-10-03 13:09:36,37,14,3673.5,13689
2022-10-03 13:09:37,25,4,3673.75,13693
2022-10-03 13:09:38,25,0,3673.75,13693
2022-10-03 13:09:39,6,3,3673.75,13696
2022-10-03 13:09:40,1,1,3673.75,13697
2022-10-03 13:09:41,62,25,3674.0,13722
2022-10-03 13:09:42,59,-3,3674.25,13719
2022-10-03 13:09:43,34,12,3674.0,13731
2022-10-03 13:09:44,71,7,3673.75,13738
2022-10-03 13:09:45,3,-1,3673.75,13737
2022-10-03 13:09:46,42,-11,3673.75,13726
2022-10-03 13:09:47,43,0,3673.5,13726
2022-10-03 13:09:48,72,0,3673.5,13726
2022-10-03 13:09:49,28,12,3673.75,13738
2022-10-03 13:09:50,11,3,3674.0,13741
2022-10-03 13:09:51,22,-12,3673.75,13729
2022-10-03 13:09:52,5,4,3673.75,13733
2022-10-03 13:09:53,7,-7,3673.75,13726
2022-10-03 13:09:54,46,-9,3674.0,13717
2022-10-03 13:09:55,14,-11,3673.75,13706
2022-10-03 13:09:56,35,-2,3673.5,13704
2022-10-03 13:09:57,12,4,3673.75,13708
2022-10-03 13:09:58,47,23,3674.0,13731
2022-10-03 13:09:59,15,11,3674.0,13742
2022-10-03 13:10:00,88,18,3674.25,13760
2022-10-03 13:10:01,37,-17,3674.25,13743
2022-10-03 13:10:02,1,1,3674.25,13744
2022-10-03 13:10:03,57,9,3674.25,13753
2022-10-03 13:10:04,1,-1,3674.0,13752
2022-10-03 13:10:05,24,-6,3674.0,13746
2022-10-03 13:10:06,2,1,3674.0,13747
2022-10-03 13:10:07,1,-1,3673.75,13746
2022-10-03 13:10:08,26,-4,3674.0,13742
2022-10-03 13:10:09,23,3,3674.0,13745
2022-10-03 13:10:10,60,-11,3674.0,13734
2022-10-03 13:10:11,4,1,3674.0,13735
2022-10-03 13:10:12,27,-19,3673.75,13716
2022-10-03 13:10:13,12,3,3673.75,13719
2022-10-03 13:10:14,9,-8,3673.75,13711
2022-10-03 13:10:15,49,-30,3673.5,13681
2022-10-03 13:10:16,35,-18,3673.25,13663
2022-10-03 13:10:17,85,-21,3673.0,13642
2022-10-03 13:10:18,46,9,3673.0,13651
2022-10-03 13:10:19,21,-15,3673.0,13636
2022-10-03 13:10:20,47,-20,3672.75,13616
2022-10-03 13:10:21,99,-19,3672.75,13597
2022-10-03 13:10:22,84,36,3673.0,13633
2022-10-03 13:10:23,20,2,3673.0,13635
2022-10-03 13:10:24,7,-4,3673.25,13631
2022-10-03 13:10:25,22,14,3673.25,13645
2022-10-03 13:10:26,9,-7,3673.0,13638
2022-10-03 13:10:27,2,0,3673.25,13638
2022-10-03 13:10:30,49,24,3673.25,13662
2022-10-03 13:10:31,80,-1,3673.25,13661
2022-10-03 13:10:32,43,4,3673.0,13665
2022-10-03 13:10:33,3,-2,3673.0,13663
2022-10-03 13:10:34,12,-10,3673.0,13653
2022-10-03 13:10:35,13,6,3673.25,13659
2022-10-03 13:10:36,1198,-670,3673.25,12989
2022-10-03 13:10:37,97,32,3671.75,13021
2022-10-03 13:10:38,65,-22,3672.0,12999
2022-10-03 13:10:39,32,19,3671.75,13018
2022-10-03 13:10:40,34,-16,3671.75,13002
2022-10-03 13:10:41,127,46,3672.25,13048
2022-10-03 13:10:42,3,-1,3672.25,13047
2022-10-03 13:10:43,41,3,3672.25,13050
2022-10-03 13:10:44,35,-19,3672.25,13031
2022-10-03 13:10:45,51,20,3672.5,13051
2022-10-03 13:10:46,92,31,3672.75,13082
2022-10-03 13:10:47,79,16,3673.0,13098
2022-10-03 13:10:48,4,0,3673.0,13098
2022-10-03 13:10:49,67,-8,3673.0,13090
2022-10-03 13:10:50,123,40,3673.25,13130
2022-10-03 13:10:51,3,1,3673.25,13131
2022-10-03 13:10:52,43,-7,3673.0,13124
2022-10-03 13:10:54,60,-2,3672.5,13122
2022-10-03 13:10:55,18,16,3672.75,13138
2022-10-03 13:10:56,45,-7,3672.75,13131
2022-10-03 13:10:57,23,15,3672.75,13146
2022-10-03 13:10:58,3,2,3673.0,13148
2022-10-03 13:10:59,104,31,3673.0,13179
2022-10-03 13:11:00,11,-8,3673.0,13171
2022-10-03 13:11:01,22,9,3673.0,13180
2022-10-03 13:11:02,56,1,3673.5,13181
2022-10-03 13:11:03,6,5,3673.5,13186
2022-10-03 13:11:04,7,5,3673.5,13191
2022-10-03 13:11:05,22,14,3673.5,13205
2022-10-03 13:11:06,48,0,3673.5,13205
2022-10-03 13:11:07,87,-25,3673.5,13180
2022-10-03 13:11:08,34,9,3673.5,13189
2022-10-03 13:11:09,17,-10,3673.5,13179
2022-10-03 13:11:10,39,2,3673.5,13181
2022-10-03 13:11:11,2,0,3673.5,13181
2022-10-03 13:11:12,19,1,3673.5,13182
2022-10-03 13:11:13,36,-12,3673.5,13170
2022-10-03 13:11:14,13,4,3673.75,13174
2022-10-03 13:11:15,140,61,3674.25,13235
2022-10-03 13:11:16,40,2,3674.25,13237
2022-10-03 13:11:17,162,31,3674.0,13268
2022-10-03 13:11:18,13,-3,3674.0,13265
2022-10-03 13:11:19,67,-7,3674.0,13258
2022-10-03 13:11:20,1,-1,3673.75,13257
2022-10-03 13:11:21,147,37,3674.25,13294
2022-10-03 13:11:22,10,1,3673.75,13295
2022-10-03 13:11:23,77,-2,3673.75,13293
2022-10-03 13:11:24,54,-13,3673.5,13280
2022-10-03 13:11:25,8,-2,3673.25,13278
2022-10-03 13:11:26,80,-2,3673.5,13276
2022-10-03 13:11:27,33,-2,3673.5,13274
2022-10-03 13:11:28,48,3,3673.25,13277
2022-10-03 13:11:29,36,2,3673.5,13279
2022-10-03 13:11:30,12,1,3673.25,13280
2022-10-03 13:11:31,27,-16,3673.25,13264
2022-10-03 13:11:32,36,-6,3673.0,13258
2022-10-03 13:11:33,2,0,3673.0,13258
2022-10-03 13:11:34,42,9,3673.0,13267
2022-10-03 13:11:35,49,-20,3673.0,13247
2022-10-03 13:11:36,15,-11,3673.0,13236
2022-10-03 13:11:37,43,-10,3672.75,13226
2022-10-03 13:11:38,99,-10,3672.75,13216
2022-10-03 13:11:39,52,24,3673.25,13240
2022-10-03 13:11:40,12,-9,3673.25,13231
2022-10-03 13:11:41,8,1,3673.25,13232
2022-10-03 13:11:42,32,-9,3673.25,13223
2022-10-03 13:11:45,2,0,3673.5,13223
2022-10-03 13:11:46,34,2,3673.5,13225
2022-10-03 13:11:47,14,-8,3673.25,13217
2022-10-03 13:11:48,34,-19,3673.25,13198
2022-10-03 13:11:49,17,8,3673.25,13206
2022-10-03 13:11:50,20,-14,3673.5,13192
2022-10-03 13:11:51,17,-9,3673.25,13183
2022-10-03 13:11:52,22,-1,3673.0,13182
2022-10-03 13:11:53,34,2,3672.75,13184
2022-10-03 13:11:55,1,-1,3672.5,13183
2022-10-03 13:11:56,106,1,3672.5,13184
2022-10-03 13:11:57,25,-3,3672.5,13181
2022-10-03 13:11:58,71,-4,3672.5,13177
2022-10-03 13:11:59,13,-4,3672.25,13173
2022-10-03 13:12:00,57,32,3672.5,13205
2022-10-03 13:12:01,12,-1,3672.25,13204
2022-10-03 13:12:02,62,5,3672.5,13209
2022-10-03 13:12:03,9,9,3672.75,13218
2022-10-03 13:12:04,35,14,3673.0,13232
2022-10-03 13:12:05,1,1,3673.0,13233
2022-10-03 13:12:06,14,6,3673.0,13239
2022-10-03 13:12:07,76,-16,3673.0,13223
2022-10-03 13:12:08,8,5,3673.0,13228
2022-10-03 13:12:09,11,-7,3673.0,13221
2022-10-03 13:12:10,60,10,3673.0,13231
2022-10-03 13:12:11,41,-20,3673.0,13211
2022-10-03 13:12:12,12,7,3673.25,13218
2022-10-03 13:12:13,39,12,3673.25,13230
2022-10-03 13:12:14,16,-10,3672.75,13220
2022-10-03 13:12:15,93,16,3672.75,13236
2022-10-03 13:12:16,2,1,3672.75,13237
2022-10-03 13:12:17,82,-27,3672.5,13210
2022-10-03 13:12:18,32,0,3672.5,13210
2022-10-03 13:12:19,8,2,3672.5,13212
2022-10-03 13:12:21,184,-71,3672.25,13141
2022-10-03 13:12:22,53,-8,3672.25,13133
2022-10-03 13:12:23,25,-1,3672.25,13132
2022-10-03 13:12:24,64,5,3672.0,13137
2022-10-03 13:12:25,316,30,3672.0,13167
2022-10-03 13:12:27,143,-44,3672.0,13123
2022-10-03 13:12:28,158,51,3672.0,13174
2022-10-03 13:12:29,81,-54,3671.75,13120
2022-10-03 13:12:30,163,-28,3671.75,13092
2022-10-03 13:12:31,3,1,3671.75,13093
2022-10-03 13:12:32,9,-3,3671.75,13090
2022-10-03 13:12:33,60,26,3671.75,13116
2022-10-03 13:12:35,14,-10,3671.75,13106
2022-10-03 13:12:36,3,-2,3671.5,13104
2022-10-03 13:12:37,112,-8,3671.5,13096
2022-10-03 13:12:38,23,-10,3671.25,13086
2022-10-03 13:12:39,36,-15,3671.25,13071
2022-10-03 13:12:40,138,84,3671.25,13155
2022-10-03 13:12:41,45,7,3671.25,13162
2022-10-03 13:12:42,7,-6,3671.0,13156
2022-10-03 13:12:43,105,33,3671.25,13189
2022-10-03 13:12:44,27,-19,3671.25,13170
2022-10-03 13:12:45,2,2,3671.25,13172
2022-10-03 13:12:46,108,-64,3671.0,13108
2022-10-03 13:12:47,7,-1,3670.75,13107
2022-10-03 13:12:48,42,8,3670.75,13115
2022-10-03 13:12:49,22,7,3670.75,13122
2022-10-03 13:12:50,34,16,3671.0,13138
2022-10-03 13:12:51,56,0,3671.5,13138
2022-10-03 13:12:52,17,9,3671.5,13147
2022-10-03 13:12:53,17,1,3671.75,13148
2022-10-03 13:12:54,1,1,3671.75,13149
2022-10-03 13:12:55,88,8,3671.75,13157
2022-10-03 13:12:56,51,-18,3672.0,13139
2022-10-03 13:12:57,14,12,3672.0,13151
2022-10-03 13:12:58,2,2,3672.0,13153
2022-10-03 13:12:59,25,20,3672.0,13173
2022-10-03 13:13:00,136,16,3672.25,13189
2022-10-03 13:13:01,22,-11,3672.25,13178
2022-10-03 13:13:02,24,-4,3672.25,13174
2022-10-03 13:13:03,60,-23,3672.25,13151
2022-10-03 13:13:04,39,7,3672.5,13158
2022-10-03 13:13:05,20,13,3673.0,13171
2022-10-03 13:13:06,27,14,3673.0,13185
2022-10-03 13:13:07,5,-5,3672.75,13180
2022-10-03 13:13:08,35,-16,3672.75,13164
2022-10-03 13:13:09,51,5,3673.25,13169
2022-10-03 13:13:10,301,-22,3673.25,13147
2022-10-03 13:13:11,1,1,3673.25,13148
2022-10-03 13:13:12,155,26,3673.75,13174
2022-10-03 13:13:13,48,-10,3673.75,13164
2022-10-03 13:13:14,9,1,3673.75,13165
2022-10-03 13:13:15,2,2,3673.75,13167
2022-10-03 13:13:16,2,0,3673.75,13167
2022-10-03 13:13:17,51,-15,3673.5,13152
2022-10-03 13:13:18,11,-9,3673.5,13143
2022-10-03 13:13:19,191,-13,3673.0,13130
2022-10-03 13:13:20,37,1,3673.0,13131
2022-10-03 13:13:21,44,-5,3673.25,13126
2022-10-03 13:13:22,2,-2,3673.0,13124
2022-10-03 13:13:23,27,-1,3672.75,13123
2022-10-03 13:13:24,2,-2,3672.75,13121
2022-10-03 13:13:25,60,-17,3672.75,13104
2022-10-03 13:13:26,30,11,3673.0,13115
2022-10-03 13:13:27,27,9,3672.75,13124
2022-10-03 13:13:29,15,1,3672.75,13125
2022-10-03 13:13:30,11,-9,3672.5,13116
2022-10-03 13:13:32,36,16,3673.0,13132
2022-10-03 13:13:33,9,-9,3673.0,13123
2022-10-03 13:13:34,19,3,3673.25,13126
2022-10-03 13:13:35,36,31,3673.25,13157
2022-10-03 13:13:36,1,1,3673.25,13158
2022-10-03 13:13:38,28,-2,3673.0,13156
2022-10-03 13:13:39,23,-13,3672.75,13143
2022-10-03 13:13:41,6,0,3672.75,13143
2022-10-03 13:13:42,4,-2,3672.75,13141
2022-10-03 13:13:43,34,1,3673.0,13142
2022-10-03 13:13:44,21,13,3673.25,13155
2022-10-03 13:13:45,23,3,3673.5,13158
2022-10-03 13:13:46,10,-1,3673.0,13157
2022-10-03 13:13:47,1,-1,3672.75,13156
2022-10-03 13:13:48,11,4,3673.0,13160
2022-10-03 13:13:49,10,9,3673.25,13169
2022-10-03 13:13:50,1,1,3673.5,13170
2022-10-03 13:13:51,14,-2,3673.5,13168
2022-10-03 13:13:52,107,22,3673.5,13190
2022-10-03 13:13:53,11,-1,3673.5,13189
2022-10-03 13:13:55,5,2,3673.5,13191
2022-10-03 13:13:56,1,1,3673.5,13192
2022-10-03 13:13:57,44,11,3673.75,13203
2022-10-03 13:13:58,40,25,3674.0,13228
2022-10-03 13:13:59,4,2,3673.75,13230
2022-10-03 13:14:00,9,-7,3673.75,13223
2022-10-03 13:14:01,27,-1,3673.5,13222
2022-10-03 13:14:02,91,-29,3673.0,13193
2022-10-03 13:14:03,33,12,3673.0,13205
2022-10-03 13:14:04,27,2,3673.0,13207
2022-10-03 13:14:06,26,15,3673.0,13222
2022-10-03 13:14:07,8,-1,3673.0,13221
2022-10-03 13:14:08,13,-5,3673.0,13216
2022-10-03 13:14:09,14,-4,3673.25,13212
2022-10-03 13:14:10,1,-1,3673.0,13211
2022-10-03 13:14:11,17,6,3673.25,13217
2022-10-03 13:14:12,1,-1,3673.0,13216
2022-10-03 13:14:13,7,-7,3672.75,13209
2022-10-03 13:14:16,22,6,3672.75,13215
2022-10-03 13:14:17,4,0,3672.75,13215
2022-10-03 13:14:20,62,14,3673.0,13229
2022-10-03 13:14:21,11,5,3673.0,13234
2022-10-03 13:14:22,11,-7,3672.75,13227
2022-10-03 13:14:23,1,-1,3672.5,13226
2022-10-03 13:14:24,23,4,3672.75,13230
2022-10-03 13:14:25,4,-4,3672.5,13226
2022-10-03 13:14:26,20,13,3672.5,13239
2022-10-03 13:14:27,80,-16,3672.25,13223
2022-10-03 13:14:28,45,25,3672.5,13248
2022-10-03 13:14:29,2,-2,3672.25,13246
2022-10-03 13:14:30,35,-1,3672.25,13245
2022-10-03 13:14:32,50,-5,3672.25,13240
2022-10-03 13:14:33,22,-1,3672.25,13239
2022-10-03 13:14:34,8,4,3672.25,13243
2022-10-03 13:14:35,25,1,3672.25,13244
2022-10-03 13:14:36,2,-2,3672.25,13242
2022-10-03 13:14:37,12,11,3672.5,13253
2022-10-03 13:14:38,20,-5,3672.75,13248
2022-10-03 13:14:39,26,2,3672.75,13250
2022-10-03 13:14:41,5,-4,3672.75,13246
2022-10-03 13:14:42,34,14,3673.0,13260
2022-10-03 13:14:44,24,-8,3672.75,13252
2022-10-03 13:14:45,14,5,3672.75,13257
2022-10-03 13:14:46,7,-2,3672.75,13255
2022-10-03 13:14:47,27,0,3672.75,13255
2022-10-03 13:14:48,1,1,3672.75,13256
2022-10-03 13:14:49,1,1,3672.75,13257
2022-10-03 13:14:50,21,2,3672.75,13259
2022-10-03 13:14:51,11,5,3672.75,13264
2022-10-03 13:14:54,15,-8,3673.0,13256
2022-10-03 13:14:55,48,7,3672.75,13263
2022-10-03 13:14:57,7,2,3672.5,13265
2022-10-03 13:14:58,10,-5,3672.5,13260
2022-10-03 13:14:59,31,23,3672.75,13283
2022-10-03 13:15:00,46,0,3672.75,13283
2022-10-03 13:15:01,6,4,3672.75,13287
2022-10-03 13:15:02,31,7,3672.75,13294
2022-10-03 13:15:03,23,-6,3672.75,13288
2022-10-03 13:15:04,11,6,3672.5,13294
2022-10-03 13:15:05,13,-3,3672.5,13291
2022-10-03 13:15:06,20,-1,3672.5,13290
2022-10-03 13:15:07,83,-37,3672.5,13253
2022-10-03 13:15:08,2,-2,3672.0,13251
2022-10-03 13:15:09,107,-4,3672.0,13247
2022-10-03 13:15:10,1,-1,3671.75,13246
2022-10-03 13:15:11,70,-37,3671.75,13209
2022-10-03 13:15:12,27,-2,3671.75,13207
2022-10-03 13:15:13,52,-24,3671.5,13183
2022-10-03 13:15:14,4,-4,3671.25,13179
2022-10-03 13:15:15,51,6,3671.25,13185
2022-10-03 13:15:16,26,-2,3671.25,13183
2022-10-03 13:15:17,14,1,3671.25,13184
2022-10-03 13:15:18,30,5,3671.25,13189
2022-10-03 13:15:19,11,-2,3671.5,13187
2022-10-03 13:15:20,24,7,3671.5,13194
2022-10-03 13:15:21,13,12,3671.5,13206
2022-10-03 13:15:22,55,8,3672.0,13214
2022-10-03 13:15:23,7,-2,3672.0,13212
2022-10-03 13:15:24,33,5,3672.0,13217
2022-10-03 13:15:26,22,14,3672.0,13231
2022-10-03 13:15:27,10,-10,3672.0,13221
2022-10-03 13:15:28,5,-3,3672.0,13218
2022-10-03 13:15:29,4,2,3672.25,13220
2022-10-03 13:15:30,3,3,3672.25,13223
2022-10-03 13:15:31,61,15,3672.0,13238
2022-10-03 13:15:32,52,14,3672.5,13252
2022-10-03 13:15:33,36,7,3672.75,13259
2022-10-03 13:15:34,11,-3,3672.25,13256
2022-10-03 13:15:36,25,11,3672.5,13267
2022-10-03 13:15:37,23,6,3672.75,13273
2022-10-03 13:15:38,5,5,3672.75,13278
2022-10-03 13:15:39,5,0,3672.75,13278
2022-10-03 13:15:40,16,-3,3673.0,13275
2022-10-03 13:15:41,11,9,3673.0,13284
2022-10-03 13:15:42,55,16,3673.25,13300
2022-10-03 13:15:43,29,4,3673.0,13304
2022-10-03 13:15:44,12,0,3673.25,13304
2022-10-03 13:15:46,1,1,3673.25,13305
2022-10-03 13:15:47,1,1,3673.25,13306
2022-10-03 13:15:48,145,-49,3673.0,13257
2022-10-03 13:15:49,1,-1,3673.0,13256
2022-10-03 13:15:50,1,-1,3673.0,13255
2022-10-03 13:15:51,1,-1,3673.0,13254
2022-10-03 13:15:53,183,38,3673.5,13292
2022-10-03 13:15:54,25,-13,3673.5,13279
2022-10-03 13:15:55,38,4,3673.5,13283
2022-10-03 13:15:56,1,1,3673.5,13284
2022-10-03 13:15:57,84,30,3673.5,13314
2022-10-03 13:15:58,29,-10,3673.25,13304
2022-10-03 13:15:59,2,0,3673.5,13304
2022-10-03 13:16:00,18,16,3673.5,13320
2022-10-03 13:16:01,26,-11,3673.75,13309
2022-10-03 13:16:02,10,3,3673.5,13312
2022-10-03 13:16:03,29,14,3673.75,13326
2022-10-03 13:16:04,10,-3,3673.75,13323
2022-10-03 13:16:05,49,16,3673.75,13339
2022-10-03 13:16:06,24,-7,3673.5,13332
2022-10-03 13:16:07,20,-9,3673.5,13323
2022-10-03 13:16:08,1,-1,3673.5,13322
2022-10-03 13:16:09,45,-1,3673.5,13321
2022-10-03 13:16:10,57,-14,3673.25,13307
2022-10-03 13:16:11,1,1,3673.5,13308
2022-10-03 13:16:12,12,-7,3673.5,13301
2022-10-03 13:16:13,16,-12,3673.25,13289
2022-10-03 13:16:14,106,-28,3673.25,13261
2022-10-03 13:16:15,5,3,3673.25,13264
2022-10-03 13:16:16,1,-1,3673.0,13263
2022-10-03 13:16:17,61,-27,3673.0,13236
2022-10-03 13:16:18,26,-2,3672.5,13234
2022-10-03 13:16:19,28,11,3672.75,13245
2022-10-03 13:16:20,25,-4,3673.0,13241
2022-10-03 13:16:21,2,1,3672.75,13242
2022-10-03 13:16:23,54,24,3673.0,13266
2022-10-03 13:16:24,25,-8,3673.0,13258
2022-10-03 13:16:25,12,0,3672.75,13258
2022-10-03 13:16:26,16,-5,3673.0,13253
2022-10-03 13:16:27,1,-1,3672.75,13252
2022-10-03 13:16:28,43,-6,3673.25,13246
2022-10-03 13:16:29,5,0,3673.0,13246
2022-10-03 13:16:30,8,-6,3672.75,13240
2022-10-03 13:16:31,61,8,3672.5,13248
2022-10-03 13:16:32,30,5,3672.5,13253
2022-10-03 13:16:33,47,-10,3672.5,13243
2022-10-03 13:16:34,12,5,3672.25,13248
2022-10-03 13:16:35,24,-10,3672.5,13238
2022-10-03 13:16:36,31,-3,3672.25,13235
2022-10-03 13:16:38,34,11,3672.25,13246
2022-10-03 13:16:39,41,17,3672.25,13263
2022-10-03 13:16:40,42,-21,3672.25,13242
2022-10-03 13:16:41,16,1,3672.25,13243
2022-10-03 13:16:42,4,-3,3672.0,13240
2022-10-03 13:16:45,80,45,3672.5,13285
2022-10-03 13:16:46,1,-1,3672.25,13284
2022-10-03 13:16:47,32,6,3672.5,13290
2022-10-03 13:16:48,9,-1,3672.75,13289
2022-10-03 13:16:51,15,-1,3672.5,13288
2022-10-03 13:16:52,4,0,3672.75,13288
2022-10-03 13:16:53,1,1,3672.5,13289
2022-10-03 13:16:54,12,0,3672.25,13289
2022-10-03 13:16:55,19,10,3672.5,13299
2022-10-03 13:16:56,24,-9,3672.5,13290
2022-10-03 13:16:57,46,0,3672.75,13290
2022-10-03 13:16:58,1,-1,3672.5,13289
2022-10-03 13:16:59,12,1,3672.75,13290
2022-10-03 13:17:01,29,-2,3672.5,13288
2022-10-03 13:17:03,28,-1,3672.5,13287
2022-10-03 13:17:04,3,1,3672.5,13288
2022-10-03 13:17:05,33,-17,3672.25,13271
2022-10-03 13:17:06,12,5,3672.25,13276
2022-10-03 13:17:07,56,-21,3672.25,13255
2022-10-03 13:17:08,37,15,3672.0,13270
2022-10-03 13:17:09,8,5,3671.75,13275
2022-10-03 13:17:10,15,-13,3671.75,13262
2022-10-03 13:17:11,61,-21,3672.0,13241
2022-10-03 13:17:12,11,-5,3672.0,13236
2022-10-03 13:17:13,7,1,3672.0,13237
2022-10-03 13:17:14,14,2,3672.0,13239
2022-10-03 13:17:15,8,-5,3671.75,13234
2022-10-03 13:17:16,2,-2,3671.5,13232
2022-10-03 13:17:17,1,1,3671.75,13233
2022-10-03 13:17:18,28,5,3671.75,13238
2022-10-03 13:17:19,49,4,3672.0,13242
2022-10-03 13:17:20,24,-8,3672.0,13234
2022-10-03 13:17:21,8,3,3672.0,13237
2022-10-03 13:17:22,68,32,3672.25,13269
2022-10-03 13:17:23,12,-6,3672.25,13263
2022-10-03 13:17:24,16,4,3672.25,13267
2022-10-03 13:17:25,7,6,3672.25,13273
2022-10-03 13:17:26,10,-6,3672.25,13267
2022-10-03 13:17:27,48,-14,3672.25,13253
2022-10-03 13:17:28,20,5,3672.0,13258
2022-10-03 13:17:29,5,-1,3672.0,13257
2022-10-03 13:17:30,87,-15,3672.0,13242
2022-10-03 13:17:31,23,1,3671.75,13243
2022-10-03 13:17:32,1,1,3671.75,13244
2022-10-03 13:17:33,37,12,3672.0,13256
2022-10-03 13:17:34,12,-1,3672.0,13255
2022-10-03 13:17:35,14,4,3672.25,13259
2022-10-03 13:17:36,9,5,3672.25,13264
2022-10-03 13:17:37,15,5,3672.5,13269
2022-10-03 13:17:38,13,2,3672.5,13271
2022-10-03 13:17:39,270,64,3673.0,13335
2022-10-03 13:17:40,1,-1,3672.5,13334
2022-10-03 13:17:41,32,-2,3672.75,13332
2022-10-03 13:17:42,50,9,3672.75,13341
2022-10-03 13:17:43,2,0,3672.75,13341
2022-10-03 13:17:44,26,18,3673.25,13359
2022-10-03 13:17:45,63,7,3673.5,13366
2022-10-03 13:17:46,1,1,3673.5,13367
2022-10-03 13:17:47,5,-1,3673.5,13366
2022-10-03 13:17:49,67,5,3673.5,13371
2022-10-03 13:17:50,8,5,3673.75,13376
2022-10-03 13:17:51,28,-3,3673.5,13373
2022-10-03 13:17:53,56,-15,3673.5,13358
2022-10-03 13:17:54,14,6,3673.5,13364
2022-10-03 13:17:55,1,-1,3673.5,13363
2022-10-03 13:17:56,67,5,3674.0,13368
2022-10-03 13:17:57,31,-6,3673.75,13362
2022-10-03 13:17:58,10,8,3674.0,13370
2022-10-03 13:17:59,55,-22,3674.0,13348
2022-10-03 13:18:00,65,-9,3673.75,13339
2022-10-03 13:18:01,21,-3,3673.5,13336
2022-10-03 13:18:02,2,2,3673.5,13338
2022-10-03 13:18:03,47,18,3673.5,13356
2022-10-03 13:18:04,19,-5,3673.5,13351
2022-10-03 13:18:05,5,3,3673.75,13354
2022-10-03 13:18:06,23,-6,3673.5,13348
2022-10-03 13:18:07,56,-27,3673.5,13321
2022-10-03 13:18:08,45,12,3673.0,13333
2022-10-03 13:18:09,1,1,3673.25,13334
2022-10-03 13:18:10,33,-1,3673.25,13333
2022-10-03 13:18:11,41,-12,3673.0,13321
2022-10-03 13:18:12,58,-24,3673.0,13297
2022-10-03 13:18:13,21,12,3672.75,13309
2022-10-03 13:18:14,2,0,3673.0,13309
2022-10-03 13:18:15,37,2,3673.25,13311
2022-10-03 13:18:16,33,9,3673.25,13320
2022-10-03 13:18:17,5,3,3673.25,13323
2022-10-03 13:18:18,7,7,3673.25,13330
2022-10-03 13:18:20,26,5,3673.5,13335
2022-10-03 13:18:21,5,-3,3673.25,13332
2022-10-03 13:18:22,8,-8,3673.25,13324
2022-10-03 13:18:23,22,-5,3673.25,13319
2022-10-03 13:18:24,4,0,3673.25,13319
2022-10-03 13:18:25,19,-5,3673.0,13314
2022-10-03 13:18:26,27,13,3673.0,13327
2022-10-03 13:18:28,27,4,3673.25,13331
2022-10-03 13:18:30,1,1,3673.25,13332
2022-10-03 13:18:31,1,-1,3673.0,13331
2022-10-03 13:18:32,70,-6,3673.25,13325
2022-10-03 13:18:33,6,-5,3672.75,13320
2022-10-03 13:18:34,1,1,3673.0,13321
2022-10-03 13:18:35,4,1,3673.0,13322
2022-10-03 13:18:36,6,4,3673.0,13326
2022-10-03 13:18:37,11,-7,3673.0,13319
2022-10-03 13:18:38,2,-2,3672.75,13317
2022-10-03 13:18:41,27,6,3673.0,13323
2022-10-03 13:18:42,1,1,3673.25,13324
2022-10-03 13:18:43,3,-3,3673.0,13321
2022-10-03 13:18:44,3,-3,3673.0,13318
2022-10-03 13:18:46,15,-10,3673.0,13308
2022-10-03 13:18:47,16,-3,3673.0,13305
2022-10-03 13:18:48,52,5,3672.75,13310
2022-10-03 13:18:49,29,13,3673.0,13323
2022-10-03 13:18:50,16,7,3673.0,13330
2022-10-03 13:18:52,29,-7,3673.0,13323
2022-10-03 13:18:53,37,3,3673.0,13326
2022-10-03 13:18:54,28,11,3673.25,13337
2022-10-03 13:18:56,8,-1,3673.5,13336
2022-10-03 13:18:57,16,2,3673.25,13338
2022-10-03 13:18:58,32,18,3673.5,13356
2022-10-03 13:18:59,25,14,3673.75,13370
2022-10-03 13:19:00,19,-12,3673.5,13358
2022-10-03 13:19:01,12,4,3673.5,13362
2022-10-03 13:19:02,12,-9,3673.5,13353
2022-10-03 13:19:03,26,-3,3673.5,13350
2022-10-03 13:19:04,18,-5,3673.25,13345
2022-10-03 13:19:05,13,-2,3673.25,13343
2022-10-03 13:19:06,1,1,3673.25,13344
2022-10-03 13:19:09,33,-6,3673.0,13338
2022-10-03 13:19:10,39,-11,3673.25,13327
2022-10-03 13:19:11,19,-16,3673.0,13311
2022-10-03 13:19:12,8,-4,3673.0,13307
2022-10-03 13:19:13,30,1,3673.0,13308
2022-10-03 13:19:15,13,9,3673.25,13317
2022-10-03 13:19:16,44,15,3673.0,13332
2022-10-03 13:19:17,27,12,3673.25,13344
2022-10-03 13:19:18,18,-7,3673.0,13337
2022-10-03 13:19:19,34,-1,3673.25,13336
2022-10-03 13:19:20,25,19,3673.0,13355
2022-10-03 13:19:22,59,18,3673.0,13373
2022-10-03 13:19:23,9,7,3672.75,13380
2022-10-03 13:19:24,40,-9,3673.0,13371
2022-10-03 13:19:25,27,5,3672.75,13376
2022-10-03 13:19:26,27,2,3672.75,13378
2022-10-03 13:19:28,8,-2,3672.75,13376
2022-10-03 13:19:29,11,-1,3672.75,13375
2022-10-03 13:19:30,6,3,3672.75,13378
2022-10-03 13:19:31,30,18,3672.75,13396
2022-10-03 13:19:33,17,2,3672.75,13398
2022-10-03 13:19:34,58,-23,3672.75,13375
2022-10-03 13:19:35,33,-4,3672.5,13371
2022-10-03 13:19:36,57,7,3672.75,13378
2022-10-03 13:19:38,13,-3,3673.0,13375
2022-10-03 13:19:39,16,9,3672.75,13384
2022-10-03 13:19:40,31,19,3673.0,13403
2022-10-03 13:19:42,3,3,3673.0,13406
2022-10-03 13:19:43,5,-3,3672.75,13403
2022-10-03 13:19:44,15,10,3673.0,13413
2022-10-03 13:19:45,1,1,3673.0,13414
2022-10-03 13:19:46,1,1,3673.0,13415
2022-10-03 13:19:47,1,-1,3672.75,13414
2022-10-03 13:19:48,19,-9,3672.75,13405
2022-10-03 13:19:49,43,-12,3672.75,13393
2022-10-03 13:19:50,1,1,3672.75,13394
2022-10-03 13:19:52,31,-16,3672.75,13378
2022-10-03 13:19:54,23,-4,3672.5,13374
2022-10-03 13:19:55,8,-8,3672.5,13366
2022-10-03 13:19:56,10,-7,3672.25,13359
2022-10-03 13:19:57,38,1,3672.25,13360
2022-10-03 13:19:58,13,-10,3672.0,13350
2022-10-03 13:19:59,51,-23,3671.75,13327
2022-10-03 13:20:00,35,-19,3671.5,13308
2022-10-03 13:20:01,12,-10,3671.25,13298
2022-10-03 13:20:02,3,-1,3671.5,13297
2022-10-03 13:20:03,62,30,3671.75,13327
2022-10-03 13:20:04,78,28,3672.25,13355
2022-10-03 13:20:05,53,15,3672.25,13370
2022-10-03 13:20:06,16,-7,3672.25,13363
2022-10-03 13:20:07,21,11,3672.75,13374
2022-10-03 13:20:08,9,8,3672.75,13382
2022-10-03 13:20:09,22,6,3673.0,13388
2022-10-03 13:20:10,5,-3,3673.0,13385
2022-10-03 13:20:11,87,11,3673.25,13396
2022-10-03 13:20:12,12,10,3672.5,13406
2022-10-03 13:20:14,36,-13,3672.25,13393
2022-10-03 13:20:15,9,7,3672.25,13400
2022-10-03 13:20:16,33,1,3672.5,13401
2022-10-03 13:20:18,1,1,3672.5,13402
2022-10-03 13:20:19,49,0,3672.75,13402
2022-10-03 13:20:20,7,2,3673.0,13404
2022-10-03 13:20:21,16,5,3672.75,13409
2022-10-03 13:20:22,5,4,3673.0,13413
2022-10-03 13:20:24,26,-6,3672.75,13407
2022-10-03 13:20:25,1,1,3672.75,13408
2022-10-03 13:20:26,16,-13,3672.5,13395
2022-10-03 13:20:27,13,-10,3672.25,13385
2022-10-03 13:20:28,42,7,3672.25,13392
2022-10-03 13:20:30,34,1,3672.25,13393
2022-10-03 13:20:31,1,1,3672.25,13394
2022-10-03 13:20:32,31,21,3672.25,13415
2022-10-03 13:20:33,10,6,3672.25,13421
2022-10-03 13:20:34,1,1,3672.5,13422
2022-10-03 13:20:35,23,10,3672.5,13432
2022-10-03 13:20:36,28,-17,3672.5,13415
2022-10-03 13:20:37,27,14,3672.75,13429
2022-10-03 13:20:38,8,-4,3672.75,13425
2022-10-03 13:20:39,1,1,3672.5,13426
2022-10-03 13:20:40,52,-16,3672.25,13410
2022-10-03 13:20:41,1,1,3672.0,13411
2022-10-03 13:20:42,14,-7,3672.0,13404
2022-10-03 13:20:43,2,0,3672.0,13404
2022-10-03 13:20:44,35,7,3672.0,13411
2022-10-03 13:20:45,15,1,3672.0,13412
2022-10-03 13:20:46,61,27,3672.5,13439
2022-10-03 13:20:47,5,3,3672.5,13442
2022-10-03 13:20:48,15,12,3673.0,13454
2022-10-03 13:20:49,39,1,3673.0,13455
2022-10-03 13:20:50,6,6,3673.25,13461
2022-10-03 13:20:51,2,0,3673.25,13461
2022-10-03 13:20:52,118,27,3673.5,13488
2022-10-03 13:20:54,67,-16,3673.5,13472
2022-10-03 13:20:56,24,6,3673.75,13478
2022-10-03 13:20:57,4,-2,3673.75,13476
2022-10-03 13:20:58,18,-8,3673.5,13468
2022-10-03 13:20:59,131,18,3674.0,13486
2022-10-03 13:21:00,93,12,3674.25,13498
2022-10-03 13:21:01,38,0,3674.25,13498
2022-10-03 13:21:02,11,-4,3674.25,13494
2022-10-03 13:21:03,52,25,3674.5,13519
2022-10-03 13:21:04,14,9,3674.5,13528
2022-10-03 13:21:05,57,-1,3674.5,13527
2022-10-03 13:21:06,206,-39,3674.5,13488
2022-10-03 13:21:07,8,2,3674.5,13490
2022-10-03 13:21:08,3,1,3674.5,13491
2022-10-03 13:21:09,160,56,3674.5,13547
2022-10-03 13:21:10,50,35,3674.75,13582
2022-10-03 13:21:11,123,25,3675.0,13607
2022-10-03 13:21:12,165,63,3675.5,13670
2022-10-03 13:21:13,68,-1,3675.25,13669
2022-10-03 13:21:14,93,54,3675.25,13723
2022-10-03 13:21:15,114,-29,3675.0,13694
2022-10-03 13:21:16,53,-32,3674.75,13662
2022-10-03 13:21:17,268,6,3674.75,13668
2022-10-03 13:21:18,272,144,3675.5,13812
2022-10-03 13:21:19,76,-2,3675.5,13810
2022-10-03 13:21:20,61,-8,3675.5,13802
2022-10-03 13:21:21,58,-10,3675.25,13792
2022-10-03 13:21:23,93,-16,3675.0,13776
2022-10-03 13:21:24,18,9,3675.0,13785
2022-10-03 13:21:25,32,5,3675.5,13790
2022-10-03 13:21:26,22,7,3675.5,13797
2022-10-03 13:21:27,65,13,3675.5,13810
2022-10-03 13:21:28,39,-19,3675.5,13791
2022-10-03 13:21:29,4,2,3675.5,13793
2022-10-03 13:21:30,32,20,3675.5,13813
2022-10-03 13:21:31,13,-7,3675.5,13806
2022-10-03 13:21:32,14,4,3675.5,13810
2022-10-03 13:21:33,164,104,3676.0,13914
2022-10-03 13:21:34,45,-11,3676.0,13903
2022-10-03 13:21:35,113,96,3676.25,13999
2022-10-03 13:21:36,51,5,3676.0,14004
2022-10-03 13:21:37,10,8,3675.75,14012
2022-10-03 13:21:38,25,8,3676.0,14020
2022-10-03 13:21:39,8,4,3676.0,14024
2022-10-03 13:21:40,7,1,3676.0,14025
2022-10-03 13:21:41,77,8,3676.0,14033
2022-10-03 13:21:42,22,20,3676.25,14053
2022-10-03 13:21:43,67,17,3676.5,14070
2022-10-03 13:21:44,27,-3,3676.25,14067
2022-10-03 13:21:45,132,31,3676.75,14098
2022-10-03 13:21:46,68,7,3676.5,14105
2022-10-03 13:21:47,41,-5,3676.75,14100
2022-10-03 13:21:48,150,-40,3676.75,14060
2022-10-03 13:21:49,32,17,3676.75,14077
2022-10-03 13:21:50,87,16,3676.75,14093
2022-10-03 13:21:51,131,-43,3676.75,14050
2022-10-03 13:21:52,33,3,3676.5,14053
2022-10-03 13:21:53,135,-28,3676.75,14025
2022-10-03 13:21:54,34,0,3676.5,14025
2022-10-03 13:21:55,38,-2,3676.75,14023
2022-10-03 13:21:56,12,7,3676.75,14030
2022-10-03 13:21:57,72,17,3676.75,14047
2022-10-03 13:21:58,9,-7,3676.75,14040
2022-10-03 13:21:59,26,9,3676.75,14049
2022-10-03 13:22:00,122,39,3677.0,14088
2022-10-03 13:22:01,25,14,3677.25,14102
2022-10-03 13:22:02,269,33,3677.5,14135
2022-10-03 13:22:03,93,8,3677.75,14143
2022-10-03 13:22:04,185,89,3677.5,14232
2022-10-03 13:22:05,159,-10,3677.75,14222
2022-10-03 13:22:06,72,-1,3677.75,14221
2022-10-03 13:22:07,19,13,3677.5,14234
2022-10-03 13:22:08,340,-35,3677.5,14199
2022-10-03 13:22:09,43,-5,3677.75,14194
2022-10-03 13:22:10,38,-4,3677.75,14190
2022-10-03 13:22:11,68,-39,3677.5,14151
2022-10-03 13:22:12,31,-20,3677.25,14131
2022-10-03 13:22:13,68,-7,3677.25,14124
2022-10-03 13:22:14,66,1,3677.25,14125
2022-10-03 13:22:15,76,42,3677.5,14167
2022-10-03 13:22:16,59,1,3677.5,14168
2022-10-03 13:22:17,261,26,3677.75,14194
2022-10-03 13:22:18,24,-20,3677.75,14174
2022-10-03 13:22:19,131,70,3677.75,14244
2022-10-03 13:22:20,248,87,3678.0,14331
2022-10-03 13:22:21,161,-48,3678.0,14283
2022-10-03 13:22:22,116,13,3677.75,14296
2022-10-03 13:22:23,181,43,3678.0,14339
2022-10-03 13:22:24,71,-14,3678.0,14325
2022-10-03 13:22:25,169,71,3678.5,14396
2022-10-03 13:22:26,63,5,3678.5,14401
2022-10-03 13:22:27,152,22,3678.75,14423
2022-10-03 13:22:28,113,25,3678.75,14448
2022-10-03 13:22:29,286,65,3679.0,14513
2022-10-03 13:22:30,154,3,3679.0,14516
2022-10-03 13:22:31,144,21,3678.75,14537
2022-10-03 13:22:32,81,-33,3678.25,14504
2022-10-03 13:22:33,88,-30,3678.0,14474
2022-10-03 13:22:34,74,22,3678.0,14496
2022-10-03 13:22:35,70,5,3678.0,14501
2022-10-03 13:22:36,24,-15,3678.25,14486
2022-10-03 13:22:37,17,-13,3678.0,14473
2022-10-03 13:22:38,70,-5,3678.0,14468
2022-10-03 13:22:40,15,-9,3677.5,14459
2022-10-03 13:22:41,160,15,3677.75,14474
2022-10-03 13:22:42,4,0,3677.75,14474
2022-10-03 13:22:43,41,11,3677.75,14485
2022-10-03 13:22:44,130,60,3678.25,14545
2022-10-03 13:22:45,85,28,3678.25,14573
2022-10-03 13:22:46,2,2,3678.5,14575
2022-10-03 13:22:47,22,6,3678.5,14581
2022-10-03 13:22:48,53,-7,3678.5,14574
2022-10-03 13:22:49,62,0,3678.5,14574
2022-10-03 13:22:50,351,262,3679.25,14836
2022-10-03 13:22:51,147,40,3679.0,14876
2022-10-03 13:22:52,87,20,3678.75,14896
2022-10-03 13:22:53,51,-1,3679.0,14895
2022-10-03 13:22:54,3,0,3679.0,14895
2022-10-03 13:22:55,3,1,3679.0,14896
2022-10-03 13:22:56,1,1,3679.0,14897
2022-10-03 13:22:57,56,24,3679.0,14921
2022-10-03 13:22:58,31,3,3679.0,14924
2022-10-03 13:22:59,55,15,3679.0,14939
2022-10-03 13:23:00,6,2,3679.25,14941
2022-10-03 13:23:01,46,-21,3679.25,14920
2022-10-03 13:23:02,86,-41,3679.0,14879
2022-10-03 13:23:03,42,-2,3678.75,14877
2022-10-03 13:23:04,124,-22,3678.75,14855
2022-10-03 13:23:05,18,-2,3678.75,14853
2022-10-03 13:23:06,71,16,3678.75,14869
2022-10-03 13:23:07,9,-5,3678.75,14864
2022-10-03 13:23:08,36,-22,3678.75,14842
2022-10-03 13:23:09,7,7,3678.75,14849
2022-10-03 13:23:10,183,84,3679.0,14933
2022-10-03 13:23:11,37,0,3679.0,14933
2022-10-03 13:23:12,3,-1,3679.0,14932
2022-10-03 13:23:13,97,33,3679.0,14965
2022-10-03 13:23:14,25,12,3679.25,14977
2022-10-03 13:23:15,132,29,3679.25,15006
2022-10-03 13:23:16,72,-17,3679.25,14989
2022-10-03 13:23:17,41,20,3679.25,15009
2022-10-03 13:23:18,36,-1,3679.0,15008
2022-10-03 13:23:19,48,-4,3679.25,15004
2022-10-03 13:23:20,47,13,3679.25,15017
2022-10-03 13:23:21,7,2,3679.25,15019
2022-10-03 13:23:22,60,-4,3679.25,15015
2022-10-03 13:23:23,113,55,3679.25,15070
2022-10-03 13:23:24,17,-11,3679.25,15059
2022-10-03 13:23:25,15,8,3679.25,15067
2022-10-03 13:23:26,207,-45,3679.25,15022
2022-10-03 13:23:27,40,-8,3678.75,15014
2022-10-03 13:23:28,45,-14,3678.75,15000
2022-10-03 13:23:29,43,-5,3678.5,14995
2022-10-03 13:23:30,42,10,3678.5,15005
2022-10-03 13:23:31,48,-4,3678.25,15001
2022-10-03 13:23:32,3,-3,3678.25,14998
2022-10-03 13:23:33,36,30,3678.5,15028
2022-10-03 13:23:34,5,-1,3678.75,15027
2022-10-03 13:23:35,27,4,3678.75,15031
2022-10-03 13:23:36,24,-14,3678.75,15017
2022-10-03 13:23:37,5,1,3678.5,15018
2022-10-03 13:23:39,54,-23,3678.5,14995
2022-10-03 13:23:40,16,4,3678.5,14999
2022-10-03 13:23:41,1,-1,3678.25,14998
2022-10-03 13:23:42,66,24,3678.75,15022
2022-10-03 13:23:43,3,2,3678.75,15024
2022-10-03 13:23:44,23,-3,3679.0,15021
2022-10-03 13:23:45,38,-9,3678.75,15012
2022-10-03 13:23:46,27,3,3679.0,15015
2022-10-03 13:23:47,4,1,3679.0,15016
2022-10-03 13:23:48,21,-9,3679.0,15007
2022-10-03 13:23:49,95,62,3679.5,15069
2022-10-03 13:23:50,204,59,3679.75,15128
2022-10-03 13:23:51,1594,720,3681.75,15848
2022-10-03 13:23:52,309,-9,3681.25,15839
2022-10-03 13:23:53,105,-23,3680.75,15816
2022-10-03 13:23:54,59,-11,3680.75,15805
2022-10-03 13:23:55,90,35,3681.0,15840
2022-10-03 13:23:56,20,14,3681.0,15854
2022-10-03 13:23:57,75,30,3681.25,15884
2022-10-03 13:23:58,92,-14,3681.5,15870
2022-10-03 13:23:59,164,-23,3681.25,15847
2022-10-03 13:24:00,216,7,3681.25,15854
2022-10-03 13:24:01,33,-21,3681.0,15833
2022-10-03 13:24:02,22,-14,3680.75,15819
2022-10-03 13:24:03,58,4,3681.0,15823
2022-10-03 13:24:04,87,29,3681.0,15852
2022-10-03 13:24:05,145,51,3681.75,15903
2022-10-03 13:24:06,185,-49,3681.5,15854
2022-10-03 13:24:07,104,39,3681.25,15893
2022-10-03 13:24:08,8,1,3681.0,15894
2022-10-03 13:24:09,37,22,3681.0,15916
2022-10-03 13:24:10,8,-2,3681.0,15914
2022-10-03 13:24:11,97,16,3681.0,15930
2022-10-03 13:24:12,18,2,3681.0,15932
2022-10-03 13:24:13,66,2,3681.25,15934
2022-10-03 13:24:14,101,13,3681.5,15947
2022-10-03 13:24:15,131,49,3681.5,15996
2022-10-03 13:24:16,193,-27,3681.5,15969
2022-10-03 13:24:17,84,0,3681.5,15969
2022-10-03 13:24:18,77,7,3681.75,15976
2022-10-03 13:24:19,66,-5,3681.75,15971
2022-10-03 13:24:20,81,-29,3681.5,15942
2022-10-03 13:24:21,12,2,3681.25,15944
2022-10-03 13:24:22,6,0,3681.25,15944
2022-10-03 13:24:23,5,-1,3681.25,15943
2022-10-03 13:24:24,15,-9,3681.0,15934
2022-10-03 13:24:25,58,-10,3681.25,15924
2022-10-03 13:24:26,60,18,3681.25,15942
2022-10-03 13:24:27,66,34,3681.75,15976
2022-10-03 13:24:28,217,-146,3681.5,15830
2022-10-03 13:24:29,346,-47,3681.0,15783
2022-10-03 13:24:30,79,-15,3680.75,15768
2022-10-03 13:24:31,9,-6,3680.75,15762
2022-10-03 13:24:32,95,-50,3680.5,15712
2022-10-03 13:24:33,28,10,3680.25,15722
2022-10-03 13:24:34,72,7,3680.5,15729
2022-10-03 13:24:35,103,-25,3680.5,15704
2022-10-03 13:24:36,16,-9,3680.25,15695
2022-10-03 13:24:37,41,10,3680.25,15705
2022-10-03 13:24:38,109,-16,3680.25,15689
2022-10-03 13:24:39,36,1,3680.0,15690
2022-10-03 13:24:40,62,-11,3680.0,15679
2022-10-03 13:24:41,50,-11,3680.25,15668
2022-10-03 13:24:42,34,-13,3680.0,15655
2022-10-03 13:24:43,43,12,3679.75,15667
2022-10-03 13:24:44,48,-30,3680.0,15637
2022-10-03 13:24:45,174,-53,3679.75,15584
2022-10-03 13:24:46,71,-23,3679.5,15561
2022-10-03 13:24:47,113,42,3679.75,15603
2022-10-03 13:24:48,30,-12,3680.0,15591
2022-10-03 13:24:49,38,0,3679.75,15591
2022-10-03 13:24:50,57,2,3679.75,15593
2022-10-03 13:24:51,13,-2,3679.75,15591
2022-10-03 13:24:52,25,5,3679.5,15596
2022-10-03 13:24:53,32,-1,3679.75,15595
2022-10-03 13:24:54,69,-66,3679.5,15529
2022-10-03 13:24:55,24,0,3679.5,15529
2022-10-03 13:24:56,3,1,3679.5,15530
2022-10-03 13:24:57,32,12,3679.75,15542
2022-10-03 13:24:58,9,5,3679.75,15547
2022-10-03 13:24:59,45,18,3680.0,15565
2022-10-03 13:25:00,45,-1,3680.0,15564
2022-10-03 13:25:01,17,12,3680.25,15576
2022-10-03 13:25:02,78,-5,3680.5,15571
2022-10-03 13:25:03,70,-3,3680.25,15568
2022-10-03 13:25:04,18,4,3680.25,15572
2022-10-03 13:25:05,33,-12,3680.25,15560
2022-10-03 13:25:06,46,15,3680.5,15575
2022-10-03 13:25:07,50,4,3680.5,15579
2022-10-03 13:25:08,31,-10,3680.5,15569
2022-10-03 13:25:09,17,14,3680.5,15583
2022-10-03 13:25:10,70,-6,3680.5,15577
2022-10-03 13:25:11,9,7,3680.5,15584
2022-10-03 13:25:12,135,11,3680.75,15595
2022-10-03 13:25:13,29,-5,3680.5,15590
2022-10-03 13:25:14,55,20,3680.75,15610
2022-10-03 13:25:15,45,-22,3680.5,15588
2022-10-03 13:25:16,7,-1,3680.5,15587
2022-10-03 13:25:18,18,11,3680.5,15598
2022-10-03 13:25:19,10,-2,3680.5,15596
2022-10-03 13:25:20,24,-10,3680.25,15586
2022-10-03 13:25:21,35,24,3680.5,15610
2022-10-03 13:25:22,72,10,3680.75,15620
2022-10-03 13:25:23,35,-18,3680.5,15602
2022-10-03 13:25:24,67,42,3680.75,15644
2022-10-03 13:25:25,12,-12,3680.5,15632
2022-10-03 13:25:26,18,-8,3680.5,15624
2022-10-03 13:25:27,323,38,3680.75,15662
2022-10-03 13:25:28,35,15,3680.75,15677
2022-10-03 13:25:29,298,-31,3680.75,15646
2022-10-03 13:25:30,247,29,3681.25,15675
2022-10-03 13:25:31,5,4,3681.0,15679
2022-10-03 13:25:32,3,2,3681.0,15681
2022-10-03 13:25:33,3,3,3681.0,15684
2022-10-03 13:25:34,11,-9,3681.0,15675
2022-10-03 13:25:35,77,18,3681.25,15693
2022-10-03 13:25:36,75,-6,3681.25,15687
2022-10-03 13:25:37,394,-57,3681.25,15630
2022-10-03 13:25:38,13,-1,3681.25,15629
2022-10-03 13:25:39,190,10,3681.25,15639
2022-10-03 13:25:40,2,2,3681.25,15641
2022-10-03 13:25:41,3,-1,3681.25,15640
2022-10-03 13:25:42,61,-22,3681.25,15618
2022-10-03 13:25:43,10,8,3681.25,15626
2022-10-03 13:25:44,5,-1,3681.25,15625
2022-10-03 13:25:45,5,1,3681.25,15626
2022-10-03 13:25:46,4,2,3681.25,15628
2022-10-03 13:25:47,64,-1,3681.25,15627
2022-10-03 13:25:48,43,22,3681.25,15649
2022-10-03 13:25:49,3,3,3681.25,15652
2022-10-03 13:25:50,60,6,3681.5,15658
2022-10-03 13:25:51,1,1,3681.5,15659
2022-10-03 13:25:52,70,23,3681.5,15682
2022-10-03 13:25:53,50,21,3681.75,15703
2022-10-03 13:25:54,118,41,3682.0,15744
2022-10-03 13:25:55,8,0,3682.0,15744
2022-10-03 13:25:56,80,-22,3682.0,15722
2022-10-03 13:25:57,28,3,3682.0,15725
2022-10-03 13:25:58,197,8,3682.0,15733
2022-10-03 13:25:59,59,-20,3682.0,15713
2022-10-03 13:26:00,14,5,3682.0,15718
2022-10-03 13:26:01,20,-4,3682.0,15714
2022-10-03 13:26:02,66,1,3682.0,15715
2022-10-03 13:26:03,9,3,3682.0,15718
2022-10-03 13:26:04,2,1,3682.0,15719
2022-10-03 13:26:05,3,-1,3682.0,15718
2022-10-03 13:26:06,4,0,3682.0,15718
2022-10-03 13:26:07,252,-51,3682.0,15667
2022-10-03 13:26:08,110,-40,3681.5,15627
2022-10-03 13:26:09,38,-21,3681.25,15606
2022-10-03 13:26:10,38,-16,3681.25,15590
2022-10-03 13:26:11,27,-3,3681.0,15587
2022-10-03 13:26:12,25,-8,3681.25,15579
2022-10-03 13:26:13,45,-1,3681.0,15578
2022-10-03 13:26:14,26,7,3681.25,15585
2022-10-03 13:26:15,13,3,3681.0,15588
2022-10-03 13:26:16,43,-18,3680.75,15570
2022-10-03 13:26:17,60,14,3680.75,15584
2022-10-03 13:26:18,84,-16,3680.5,15568
2022-10-03 13:26:19,123,33,3680.75,15601
2022-10-03 13:26:20,59,18,3681.0,15619
2022-10-03 13:26:21,33,6,3681.0,15625
2022-10-03 13:26:22,24,-6,3680.75,15619
2022-10-03 13:26:23,2,2,3680.75,15621
2022-10-03 13:26:24,2,-2,3680.5,15619
2022-10-03 13:26:25,29,-1,3680.75,15618
2022-10-03 13:26:26,9,-1,3680.75,15617
2022-10-03 13:26:27,25,-8,3680.75,15609
2022-10-03 13:26:28,22,-1,3680.5,15608
2022-10-03 13:26:29,97,-50,3680.25,15558
2022-10-03 13:26:30,2,2,3680.25,15560
2022-10-03 13:26:31,53,4,3680.5,15564
2022-10-03 13:26:32,66,-3,3680.5,15561
2022-10-03 13:26:33,29,-19,3680.25,15542
2022-10-03 13:26:35,12,-3,3680.25,15539
2022-10-03 13:26:36,40,-14,3680.25,15525
2022-10-03 13:26:37,22,12,3680.0,15537
2022-10-03 13:26:38,285,-76,3680.0,15461
2022-10-03 13:26:39,31,-3,3679.5,15458
2022-10-03 13:26:40,58,-18,3679.25,15440
2022-10-03 13:26:41,47,-14,3679.0,15426
2022-10-03 13:26:42,64,19,3679.5,15445
2022-10-03 13:26:43,44,-19,3679.25,15426
2022-10-03 13:26:44,43,-2,3679.5,15424
2022-10-03 13:26:45,29,4,3679.25,15428
2022-10-03 13:26:46,16,-7,3679.25,15421
2022-10-03 13:26:47,37,14,3679.25,15435
2022-10-03 13:26:48,19,-8,3679.5,15427
2022-10-03 13:26:49,93,12,3679.75,15439
2022-10-03 13:26:50,96,-53,3679.75,15386
2022-10-03 13:26:51,21,1,3680.0,15387
2022-10-03 13:26:52,37,24,3680.0,15411
2022-10-03 13:26:53,82,38,3680.5,15449
2022-10-03 13:26:54,101,-17,3680.25,15432
2022-10-03 13:26:55,2,2,3680.25,15434
2022-10-03 13:26:56,51,-3,3680.25,15431
2022-10-03 13:26:57,31,6,3680.5,15437
2022-10-03 13:26:58,37,1,3680.25,15438
2022-10-03 13:26:59,6,3,3680.0,15441
2022-10-03 13:27:00,23,-5,3680.0,15436
2022-10-03 13:27:01,30,-6,3680.0,15430
2022-10-03 13:27:02,17,-8,3679.75,15422
2022-10-03 13:27:03,2,-2,3679.5,15420
2022-10-03 13:27:04,71,-13,3679.5,15407
2022-10-03 13:27:05,20,1,3679.75,15408
2022-10-03 13:27:06,53,7,3679.75,15415
2022-10-03 13:27:07,21,-4,3679.75,15411
2022-10-03 13:27:08,49,-14,3679.75,15397
2022-10-03 13:27:09,22,7,3679.75,15404
2022-10-03 13:27:10,20,6,3679.75,15410
2022-10-03 13:27:11,55,-21,3679.75,15389
2022-10-03 13:27:12,11,-3,3679.75,15386
2022-10-03 13:27:13,13,-7,3679.75,15379
2022-10-03 13:27:14,61,-78,3679.75,15301
2022-10-03 13:27:15,5,5,3679.75,15306
2022-10-03 13:27:16,40,-8,3680.0,15298
2022-10-03 13:27:17,13,-7,3679.75,15291
2022-10-03 13:27:18,19,5,3679.75,15296
2022-10-03 13:27:19,24,3,3679.75,15299
2022-10-03 13:27:20,47,4,3680.0,15303
2022-10-03 13:27:21,2,-2,3679.75,15301
2022-10-03 13:27:22,65,22,3680.0,15323
2022-10-03 13:27:23,2,2,3680.25,15325
2022-10-03 13:27:24,44,11,3680.25,15336
2022-10-03 13:27:25,2,2,3680.5,15338
2022-10-03 13:27:26,56,7,3680.5,15345
2022-10-03 13:27:27,36,-10,3680.25,15335
2022-10-03 13:27:28,56,-27,3680.25,15308
2022-10-03 13:27:29,11,-4,3680.25,15304
2022-10-03 13:27:30,57,-7,3680.25,15297
2022-10-03 13:27:31,37,-25,3680.0,15272
2022-10-03 13:27:33,1,-1,3679.75,15271
2022-10-03 13:27:34,12,-5,3680.0,15266
2022-10-03 13:27:35,28,1,3679.75,15267
2022-10-03 13:27:36,10,-7,3679.5,15260
2022-10-03 13:27:37,2,-2,3679.5,15258
2022-10-03 13:27:38,45,-24,3679.5,15234
2022-10-03 13:27:39,22,-10,3679.25,15224
2022-10-03 13:27:40,106,-24,3679.0,15200
2022-10-03 13:27:41,8,-6,3678.5,15194
2022-10-03 13:27:42,14,-7,3678.75,15187
2022-10-03 13:27:43,60,1,3678.5,15188
2022-10-03 13:27:44,35,-4,3678.75,15184
2022-10-03 13:27:45,47,12,3679.0,15196
2022-10-03 13:27:46,42,1,3679.0,15197
2022-10-03 13:27:47,5,-3,3679.25,15194
2022-10-03 13:27:48,1,-1,3679.0,15193
2022-10-03 13:27:49,3,-1,3679.25,15192
2022-10-03 13:27:50,102,-25,3679.0,15167
2022-10-03 13:27:51,43,-23,3678.75,15144
2022-10-03 13:27:52,8,-2,3678.75,15142
2022-10-03 13:27:53,13,6,3678.75,15148
2022-10-03 13:27:54,37,4,3678.75,15152
2022-10-03 13:27:55,108,37,3679.0,15189
2022-10-03 13:27:56,8,1,3678.75,15190
2022-10-03 13:27:57,21,0,3678.75,15190
2022-10-03 13:27:58,26,-22,3678.5,15168
2022-10-03 13:27:59,10,6,3678.5,15174
2022-10-03 13:28:00,52,-14,3678.25,15160
2022-10-03 13:28:01,5,1,3678.5,15161
2022-10-03 13:28:02,45,-24,3678.25,15137
2022-10-03 13:28:03,20,-8,3678.25,15129
2022-10-03 13:28:04,58,9,3678.25,15138
2022-10-03 13:28:05,71,-4,3678.5,15134
2022-10-03 13:28:06,48,-4,3678.5,15130
2022-10-03 13:28:07,41,11,3678.5,15141
2022-10-03 13:28:08,17,-3,3678.75,15138
2022-10-03 13:28:09,18,1,3678.5,15139
2022-10-03 13:28:10,139,8,3679.0,15147
2022-10-03 13:28:11,14,4,3679.0,15151
2022-10-03 13:28:12,15,-10,3678.75,15141
2022-10-03 13:28:13,21,2,3678.75,15143
2022-10-03 13:28:14,27,15,3679.0,15158
2022-10-03 13:28:15,38,0,3679.0,15158
2022-10-03 13:28:16,19,-7,3679.0,15151
2022-10-03 13:28:17,133,-33,3679.0,15118
2022-10-03 13:28:18,19,-13,3678.75,15105
2022-10-03 13:28:19,71,15,3679.0,15120
2022-10-03 13:28:20,67,8,3679.25,15128
2022-10-03 13:28:21,4,-4,3679.25,15124
2022-10-03 13:28:22,19,5,3679.25,15129
2022-10-03 13:28:23,32,-17,3679.0,15112
2022-10-03 13:28:24,14,5,3679.25,15117
2022-10-03 13:28:25,65,0,3679.25,15117
2022-10-03 13:28:26,19,7,3679.0,15124
2022-10-03 13:28:27,34,-10,3679.0,15114
2022-10-03 13:28:28,21,20,3679.0,15134
2022-10-03 13:28:29,28,9,3679.0,15143
2022-10-03 13:28:30,73,-1,3678.75,15142
2022-10-03 13:28:31,48,6,3678.75,15148
2022-10-03 13:28:32,87,-16,3678.75,15132
2022-10-03 13:28:33,3,3,3678.5,15135
2022-10-03 13:28:34,48,-10,3678.5,15125
2022-10-03 13:28:35,58,34,3678.5,15159
2022-10-03 13:28:36,440,-32,3678.75,15127
2022-10-03 13:28:37,26,-13,3678.75,15114
2022-10-03 13:28:38,15,8,3678.75,15122
2022-10-03 13:28:39,39,35,3679.5,15157
2022-10-03 13:28:40,108,20,3679.75,15177
2022-10-03 13:28:41,25,2,3680.0,15179
2022-10-03 13:28:42,32,-12,3680.0,15167
2022-10-03 13:28:43,3,0,3680.0,15167
2022-10-03 13:28:44,64,-24,3680.0,15143
2022-10-03 13:28:45,57,-21,3679.75,15122
2022-10-03 13:28:46,13,-10,3679.25,15112
2022-10-03 13:28:47,31,4,3679.25,15116
2022-10-03 13:28:48,7,-2,3679.25,15114
2022-10-03 13:28:49,14,8,3679.25,15122
2022-10-03 13:28:50,15,4,3679.25,15126
2022-10-03 13:28:51,2,-2,3679.0,15124
2022-10-03 13:28:52,10,10,3679.25,15134
2022-10-03 13:28:53,51,31,3679.75,15165
2022-10-03 13:28:54,9,6,3679.75,15171
2022-10-03 13:28:55,59,-32,3679.75,15139
2022-10-03 13:28:56,157,58,3679.5,15197
2022-10-03 13:28:57,50,-25,3679.25,15172
2022-10-03 13:28:58,1,-1,3679.25,15171
2022-10-03 13:28:59,8,0,3679.5,15171
2022-10-03 13:29:00,347,-15,3679.5,15156
2022-10-03 13:29:01,11,-1,3679.75,15155
2022-10-03 13:29:02,11,9,3679.75,15164
2022-10-03 13:29:03,22,-15,3679.75,15149
2022-10-03 13:29:04,18,-10,3679.5,15139
2022-10-03 13:29:05,23,-17,3679.25,15122
2022-10-03 13:29:06,5,-1,3679.0,15121
2022-10-03 13:29:07,116,-35,3678.75,15086
2022-10-03 13:29:08,25,15,3678.75,15101
2022-10-03 13:29:09,13,-7,3679.0,15094
2022-10-03 13:29:10,18,-13,3679.0,15081
2022-10-03 13:29:12,76,2,3679.0,15083
2022-10-03 13:29:13,42,-2,3679.0,15081
2022-10-03 13:29:14,5,-3,3679.0,15078
2022-10-03 13:29:15,14,2,3679.0,15080
2022-10-03 13:29:16,35,8,3679.5,15088
2022-10-03 13:29:17,19,1,3679.25,15089
2022-10-03 13:29:18,33,7,3679.5,15096
2022-10-03 13:29:19,24,-3,3679.5,15093
2022-10-03 13:29:20,1,-1,3679.0,15092
2022-10-03 13:29:21,2,2,3679.25,15094
2022-10-03 13:29:23,17,-8,3679.0,15086
2022-10-03 13:29:24,35,9,3679.25,15095
2022-10-03 13:29:26,21,0,3679.0,15095
2022-10-03 13:29:27,36,-3,3679.0,15092
2022-10-03 13:29:28,25,6,3679.25,15098
2022-10-03 13:29:29,17,-2,3679.0,15096
2022-10-03 13:29:30,7,-6,3679.0,15090
2022-10-03 13:29:31,115,-41,3678.75,15049
2022-10-03 13:29:32,66,-26,3678.25,15023
2022-10-03 13:29:33,35,12,3678.25,15035
2022-10-03 13:29:34,6,-3,3678.25,15032
2022-10-03 13:29:35,23,-14,3678.25,15018
2022-10-03 13:29:36,33,-16,3678.0,15002
2022-10-03 13:29:37,130,-16,3677.75,14986
2022-10-03 13:29:38,38,-17,3677.75,14969
2022-10-03 13:29:39,168,91,3678.25,15060
2022-10-03 13:29:40,42,-23,3678.25,15037
2022-10-03 13:29:41,4,-2,3678.25,15035
2022-10-03 13:29:42,52,1,3678.5,15036
2022-10-03 13:29:43,117,-56,3678.25,14980
2022-10-03 13:29:44,26,-5,3678.25,14975
2022-10-03 13:29:45,51,-19,3678.0,14956
2022-10-03 13:29:46,20,-15,3678.0,14941
2022-10-03 13:29:47,14,8,3678.25,14949
2022-10-03 13:29:48,1,1,3678.25,14950
2022-10-03 13:29:49,68,13,3678.5,14963
2022-10-03 13:29:50,69,-15,3678.5,14948
2022-10-03 13:29:52,9,-6,3678.5,14942
2022-10-03 13:29:54,31,2,3678.5,14944
2022-10-03 13:29:55,20,-9,3678.5,14935
2022-10-03 13:29:56,77,-5,3678.75,14930
2022-10-03 13:29:57,7,5,3678.75,14935
2022-10-03 13:29:58,127,51,3678.75,14986
2022-10-03 13:29:59,23,21,3679.0,15007
2022-10-03 13:30:00,191,88,3679.5,15095
2022-10-03 13:30:01,103,23,3679.75,15118
2022-10-03 13:30:02,213,-109,3679.5,15009
2022-10-03 13:30:03,56,-3,3679.5,15006
2022-10-03 13:30:04,30,-11,3679.25,14995
2022-10-03 13:30:05,47,-19,3678.75,14976
2022-10-03 13:30:07,1,-1,3678.5,14975
2022-10-03 13:30:08,63,9,3678.75,14984
2022-10-03 13:30:09,78,-2,3679.0,14982
2022-10-03 13:30:10,52,5,3678.75,14987
2022-10-03 13:30:11,47,-4,3678.75,14983
2022-10-03 13:30:12,1,-1,3678.5,14982
2022-10-03 13:30:13,24,10,3678.75,14992
2022-10-03 13:30:14,15,1,3678.75,14993
2022-10-03 13:30:16,189,-1,3678.75,14992
2022-10-03 13:30:17,1,-1,3678.5,14991
2022-10-03 13:30:18,111,53,3679.0,15044
2022-10-03 13:30:20,1,1,3679.0,15045
2022-10-03 13:30:21,3,-1,3679.0,15044
2022-10-03 13:30:22,65,5,3679.0,15049
2022-10-03 13:30:23,141,35,3679.0,15084
2022-10-03 13:30:24,77,-22,3679.25,15062
2022-10-03 13:30:25,14,-5,3679.0,15057
2022-10-03 13:30:26,10,0,3679.25,15057
2022-10-03 13:30:27,34,16,3679.25,15073
2022-10-03 13:30:28,85,43,3679.75,15116
2022-10-03 13:30:29,113,6,3680.0,15122
2022-10-03 13:30:30,89,15,3680.0,15137
2022-10-03 13:30:31,127,-13,3680.0,15124
2022-10-03 13:30:32,100,33,3680.25,15157
2022-10-03 13:30:33,7,-3,3680.25,15154
2022-10-03 13:30:34,54,-4,3680.25,15150
2022-10-03 13:30:35,89,12,3680.5,15162
2022-10-03 13:30:36,85,16,3680.5,15178
2022-10-03 13:30:37,22,4,3680.5,15182
2022-10-03 13:30:38,18,13,3680.5,15195
2022-10-03 13:30:39,37,25,3680.75,15220
2022-10-03 13:30:40,76,26,3681.0,15246
2022-10-03 13:30:41,62,3,3680.75,15249
2022-10-03 13:30:42,6,6,3680.75,15255
2022-10-03 13:30:43,5,3,3680.75,15258
2022-10-03 13:30:44,92,68,3681.0,15326
2022-10-03 13:30:45,55,-18,3680.75,15308
2022-10-03 13:30:46,2,0,3680.75,15308
2022-10-03 13:30:47,3,1,3680.75,15309
2022-10-03 13:30:48,1,-1,3680.5,15308
2022-10-03 13:30:49,1,1,3680.75,15309
2022-10-03 13:30:50,6,6,3680.75,15315
2022-10-03 13:30:51,104,-7,3680.75,15308
2022-10-03 13:30:52,49,-8,3680.75,15300
2022-10-03 13:30:53,6,4,3680.75,15304
2022-10-03 13:30:54,17,14,3680.75,15318
2022-10-03 13:30:55,103,16,3681.0,15334
2022-10-03 13:30:56,63,22,3681.25,15356
2022-10-03 13:30:57,6,-1,3681.25,15355
2022-10-03 13:30:58,62,-16,3681.25,15339
2022-10-03 13:30:59,4,0,3681.0,15339
2022-10-03 13:31:00,20,7,3681.0,15346
2022-10-03 13:31:01,87,19,3681.0,15365
2022-10-03 13:31:02,68,-27,3680.75,15338
2022-10-03 13:31:03,133,-5,3680.75,15333
2022-10-03 13:31:04,78,-3,3680.75,15330
2022-10-03 13:31:05,1,-1,3680.5,15329
2022-10-03 13:31:06,2,0,3680.75,15329
2022-10-03 13:31:07,60,32,3681.0,15361
2022-10-03 13:31:08,22,3,3681.0,15364
2022-10-03 13:31:09,9,7,3681.25,15371
2022-10-03 13:31:10,33,19,3681.25,15390
2022-10-03 13:31:11,21,-4,3681.25,15386
2022-10-03 13:31:12,65,-18,3681.25,15368
2022-10-03 13:31:13,82,29,3681.5,15397
2022-10-03 13:31:14,42,-19,3681.5,15378
2022-10-03 13:31:15,35,-4,3681.0,15374
2022-10-03 13:31:16,71,-33,3680.75,15341
2022-10-03 13:31:17,26,22,3681.0,15363
2022-10-03 13:31:18,2,2,3681.0,15365
2022-10-03 13:31:19,43,20,3681.25,15385
2022-10-03 13:31:20,21,10,3681.25,15395
2022-10-03 13:31:21,67,-11,3681.25,15384
2022-10-03 13:31:22,59,16,3681.5,15400
2022-10-03 13:31:23,212,79,3682.0,15479
2022-10-03 13:31:24,119,-33,3682.0,15446
2022-10-03 13:31:25,42,0,3681.75,15446
2022-10-03 13:31:26,37,17,3682.0,15463
2022-10-03 13:31:27,10,1,3682.0,15464
2022-10-03 13:31:28,65,-22,3682.0,15442
2022-10-03 13:31:29,72,30,3682.0,15472
2022-10-03 13:31:30,58,47,3682.25,15519
2022-10-03 13:31:31,84,-25,3682.25,15494
2022-10-03 13:31:32,2,0,3681.75,15494
2022-10-03 13:31:33,38,-22,3681.5,15472
2022-10-03 13:31:34,161,91,3682.0,15563
2022-10-03 13:31:35,52,-5,3682.0,15558
2022-10-03 13:31:36,8,6,3682.0,15564
2022-10-03 13:31:37,18,7,3682.0,15571
2022-10-03 13:31:38,81,-5,3682.0,15566
2022-10-03 13:31:39,33,-9,3681.75,15557
2022-10-03 13:31:40,1,1,3682.0,15558
2022-10-03 13:31:42,35,-19,3681.75,15539
2022-10-03 13:31:43,24,0,3681.75,15539
2022-10-03 13:31:44,15,11,3681.75,15550
2022-10-03 13:31:45,38,17,3682.0,15567
2022-10-03 13:31:46,21,-2,3682.0,15565
2022-10-03 13:31:47,70,35,3682.5,15600
2022-10-03 13:31:48,40,2,3682.5,15602
2022-10-03 13:31:49,46,-7,3682.25,15595
2022-10-03 13:31:50,103,4,3682.25,15599
2022-10-03 13:31:51,1,1,3682.25,15600
2022-10-03 13:31:52,32,0,3682.25,15600
2022-10-03 13:31:53,58,61,3682.25,15661
2022-10-03 13:31:54,2,2,3682.25,15663
2022-10-03 13:31:55,28,18,3682.25,15681
2022-10-03 13:31:56,8,-8,3682.25,15673
2022-10-03 13:31:57,4,-2,3682.25,15671
2022-10-03 13:31:58,34,-11,3682.25,15660
2022-10-03 13:31:59,1,1,3682.25,15661
2022-10-03 13:32:00,39,-3,3682.25,15658
2022-10-03 13:32:01,1,1,3682.25,15659
2022-10-03 13:32:03,55,6,3682.25,15665
2022-10-03 13:32:04,32,-21,3682.25,15644
2022-10-03 13:32:05,60,11,3682.75,15655
2022-10-03 13:32:06,30,16,3682.75,15671
2022-10-03 13:32:07,21,2,3682.75,15673
2022-10-03 13:32:08,36,-7,3682.5,15666
2022-10-03 13:32:09,85,-5,3682.5,15661
2022-10-03 13:32:10,12,1,3682.5,15662
2022-10-03 13:32:11,19,19,3682.75,15681
2022-10-03 13:32:12,2,2,3682.75,15683
2022-10-03 13:32:13,22,10,3682.75,15693
2022-10-03 13:32:14,269,84,3683.25,15777
2022-10-03 13:32:15,9,-1,3683.0,15776
2022-10-03 13:32:16,101,10,3683.0,15786
2022-10-03 13:32:17,4,4,3683.0,15790
2022-10-03 13:32:18,104,-24,3683.25,15766
2022-10-03 13:32:19,70,-2,3683.0,15764
2022-10-03 13:32:20,17,-2,3683.0,15762
2022-10-03 13:32:21,68,2,3682.75,15764
2022-10-03 13:32:22,56,-7,3682.75,15757
2022-10-03 13:32:23,80,15,3682.75,15772
2022-10-03 13:32:24,50,-13,3682.5,15759
2022-10-03 13:32:25,7,3,3682.5,15762
2022-10-03 13:32:26,61,-1,3682.5,15761
2022-10-03 13:32:27,27,-8,3682.5,15753
2022-10-03 13:32:28,39,35,3682.5,15788
2022-10-03 13:32:29,70,-21,3682.25,15767
2022-10-03 13:32:30,43,1,3682.25,15768
2022-10-03 13:32:31,39,16,3682.25,15784
2022-10-03 13:32:32,35,-11,3682.0,15773
2022-10-03 13:32:33,3,-3,3682.0,15770
2022-10-03 13:32:34,1,1,3682.25,15771
2022-10-03 13:32:35,58,1,3682.0,15772
2022-10-03 13:32:36,7,-4,3682.0,15768
2022-10-03 13:32:37,73,-22,3681.75,15746
2022-10-03 13:32:38,30,7,3681.75,15753
2022-10-03 13:32:39,54,-4,3682.0,15749
2022-10-03 13:32:40,1,-1,3681.75,15748
2022-10-03 13:32:41,32,-21,3681.75,15727
2022-10-03 13:32:42,67,1,3681.75,15728
2022-10-03 13:32:43,2,-1,3681.5,15727
2022-10-03 13:32:44,6,-3,3681.75,15724
2022-10-03 13:32:45,237,41,3681.75,15765
2022-10-03 13:32:47,35,14,3681.75,15779
2022-10-03 13:32:48,24,-10,3681.75,15769
2022-10-03 13:32:49,74,-10,3681.75,15759
2022-10-03 13:32:50,1,1,3681.75,15760
2022-10-03 13:32:51,1,1,3681.75,15761
2022-10-03 13:32:52,54,31,3681.75,15792
2022-10-03 13:32:53,75,0,3682.0,15792
2022-10-03 13:32:54,4,-2,3682.0,15790
2022-10-03 13:32:55,49,-2,3682.0,15788
2022-10-03 13:32:56,6,-4,3682.0,15784
2022-10-03 13:32:57,47,36,3682.25,15820
2022-10-03 13:32:58,27,4,3682.25,15824
2022-10-03 13:32:59,62,-6,3682.5,15818
2022-10-03 13:33:00,4,4,3682.5,15822
2022-10-03 13:33:01,4,1,3682.5,15823
2022-10-03 13:33:02,31,-7,3682.25,15816
2022-10-03 13:33:03,37,8,3682.25,15824
2022-10-03 13:33:04,35,10,3682.5,15834
2022-10-03 13:33:05,6,2,3682.75,15836
2022-10-03 13:33:06,7,3,3682.75,15839
2022-10-03 13:33:07,142,-14,3682.75,15825
2022-10-03 13:33:08,172,-45,3682.25,15780
2022-10-03 13:33:09,1,-1,3682.0,15779
2022-10-03 13:33:10,61,-4,3682.0,15775
2022-10-03 13:33:11,32,-2,3682.25,15773
2022-10-03 13:33:12,47,-9,3682.25,15764
2022-10-03 13:33:13,44,19,3682.5,15783
2022-10-03 13:33:14,18,-8,3682.25,15775
2022-10-03 13:33:15,5,-5,3682.0,15770
2022-10-03 13:33:16,63,-4,3682.0,15766
2022-10-03 13:33:17,76,17,3682.25,15783
2022-10-03 13:33:18,1,-1,3682.25,15782
2022-10-03 13:33:19,62,4,3682.25,15786
2022-10-03 13:33:20,159,27,3682.5,15813
2022-10-03 13:33:21,43,4,3682.5,15817
2022-10-03 13:33:22,88,34,3682.75,15851
2022-10-03 13:33:23,10,8,3683.0,15859
2022-10-03 13:33:24,42,0,3683.0,15859
2022-10-03 13:33:25,30,17,3683.0,15876
2022-10-03 13:33:26,243,-60,3683.0,15816
2022-10-03 13:33:27,1,-1,3682.75,15815
2022-10-03 13:33:28,38,-7,3682.75,15808
2022-10-03 13:33:29,14,-6,3683.0,15802
2022-10-03 13:33:30,9,-1,3683.0,15801
2022-10-03 13:33:31,20,-3,3683.0,15798
2022-10-03 13:33:32,2,-1,3682.75,15797
2022-10-03 13:33:33,140,15,3683.25,15812
2022-10-03 13:33:34,35,-17,3683.25,15795
2022-10-03 13:33:35,63,-12,3683.0,15783
2022-10-03 13:33:36,21,-7,3682.75,15776
2022-10-03 13:33:37,33,9,3682.75,15785
2022-10-03 13:33:38,262,-12,3683.0,15773
2022-10-03 13:33:39,62,-10,3683.0,15763
2022-10-03 13:33:40,111,-40,3683.25,15723
2022-10-03 13:33:41,16,-13,3683.0,15710
2022-10-03 13:33:42,2,2,3683.25,15712
2022-10-03 13:33:43,43,-17,3683.25,15695
2022-10-03 13:33:44,25,-19,3683.0,15676
2022-10-03 13:33:45,12,-10,3683.0,15666
2022-10-03 13:33:46,2,-2,3683.0,15664
2022-10-03 13:33:47,2,0,3683.25,15664
2022-10-03 13:33:48,158,17,3683.25,15681
2022-10-03 13:33:49,218,-4,3683.5,15677
2022-10-03 13:33:50,30,0,3683.0,15677
2022-10-03 13:33:51,83,20,3683.25,15697
2022-10-03 13:33:52,98,-57,3683.25,15640
2022-10-03 13:33:53,35,-25,3683.0,15615
2022-10-03 13:33:54,111,42,3683.0,15657
2022-10-03 13:33:55,86,-33,3683.25,15624
2022-10-03 13:33:56,1,1,3683.0,15625
2022-10-03 13:33:57,2,-2,3682.75,15623
2022-10-03 13:33:58,51,9,3683.0,15632
2022-10-03 13:34:00,4,1,3683.25,15633
2022-10-03 13:34:01,203,38,3683.5,15671
2022-10-03 13:34:02,3,2,3683.5,15673
2022-10-03 13:34:03,6,-5,3683.25,15668
2022-10-03 13:34:04,91,40,3683.5,15708
2022-10-03 13:34:05,134,42,3683.5,15750
2022-10-03 13:34:06,10,-3,3683.5,15747
2022-10-03 13:34:07,3,-1,3683.5,15746
2022-10-03 13:34:08,45,-16,3683.5,15730
2022-10-03 13:34:09,1,1,3683.25,15731
2022-10-03 13:34:10,83,-34,3683.0,15697
2022-10-03 13:34:11,29,-10,3683.0,15687
2022-10-03 13:34:12,24,12,3683.0,15699
2022-10-03 13:34:13,18,-12,3683.25,15687
2022-10-03 13:34:14,85,26,3683.0,15713
2022-10-03 13:34:15,7,4,3683.0,15717
2022-10-03 13:34:16,61,31,3683.0,15748
2022-10-03 13:34:17,9,3,3683.0,15751
2022-10-03 13:34:18,114,54,3683.5,15805
2022-10-03 13:34:19,1849,1149,3686.75,16954
2022-10-03 13:34:20,650,35,3686.0,16989
2022-10-03 13:34:21,85,-13,3685.5,16976
2022-10-03 13:34:22,223,22,3685.75,16998
2022-10-03 13:34:23,10,5,3685.75,17003
2022-10-03 13:34:24,60,11,3686.0,17014
2022-10-03 13:34:25,11,-3,3685.75,17011
2022-10-03 13:34:26,87,50,3686.0,17061
2022-10-03 13:34:27,208,32,3685.75,17093
2022-10-03 13:34:28,78,-1,3685.75,17092
2022-10-03 13:34:29,36,0,3685.5,17092
2022-10-03 13:34:30,16,8,3685.75,17100
2022-10-03 13:34:31,241,-14,3685.75,17086
2022-10-03 13:34:32,10,7,3685.25,17093
2022-10-03 13:34:33,30,14,3685.5,17107
2022-10-03 13:34:34,46,13,3685.75,17120
2022-10-03 13:34:35,61,3,3686.0,17123
2022-10-03 13:34:36,24,6,3685.75,17129
2022-10-03 13:34:37,427,-52,3685.75,17077
2022-10-03 13:34:38,12,10,3685.5,17087
2022-10-03 13:34:39,1,-1,3685.25,17086
2022-10-03 13:34:40,82,11,3685.75,17097
2022-10-03 13:34:41,20,8,3685.75,17105
2022-10-03 13:34:42,6,-3,3685.75,17102
2022-10-03 13:34:43,90,24,3686.0,17126
2022-10-03 13:34:44,13,12,3686.0,17138
2022-10-03 13:34:45,67,-3,3686.0,17135
2022-10-03 13:34:46,4,1,3685.75,17136
2022-10-03 13:34:47,70,-20,3685.75,17116
2022-10-03 13:34:48,70,2,3685.75,17118
2022-10-03 13:34:49,1,-1,3685.5,17117
2022-10-03 13:34:50,3,1,3685.75,17118
2022-10-03 13:34:51,1,-1,3685.5,17117
2022-10-03 13:34:52,175,63,3686.0,17180
2022-10-03 13:34:53,25,23,3685.75,17203
2022-10-03 13:34:54,36,-16,3685.75,17187
2022-10-03 13:34:55,13,10,3685.75,17197
2022-10-03 13:34:56,49,7,3686.25,17204
2022-10-03 13:34:57,132,-6,3686.0,17198
2022-10-03 13:34:58,1,1,3686.0,17199
2022-10-03 13:34:59,3,3,3686.0,17202
2022-10-03 13:35:00,59,-12,3686.0,17190
2022-10-03 13:35:01,103,-26,3685.5,17164
2022-10-03 13:35:02,63,2,3685.5,17166
2022-10-03 13:35:03,50,21,3685.25,17187
2022-10-03 13:35:04,34,-25,3685.25,17162
2022-10-03 13:35:05,173,-30,3684.75,17132
2022-10-03 13:35:06,95,16,3685.25,17148
2022-10-03 13:35:07,15,2,3685.25,17150
2022-10-03 13:35:08,47,-6,3685.0,17144
2022-10-03 13:35:09,44,-5,3685.25,17139
2022-10-03 13:35:10,49,-14,3685.25,17125
2022-10-03 13:35:11,46,-5,3685.5,17120
2022-10-03 13:35:12,36,-7,3685.25,17113
2022-10-03 13:35:13,129,-3,3685.0,17110
2022-10-03 13:35:14,26,-21,3684.75,17089
2022-10-03 13:35:15,33,11,3684.75,17100
2022-10-03 13:35:16,89,-32,3684.5,17068
2022-10-03 13:35:17,34,7,3684.75,17075
2022-10-03 13:35:18,65,-29,3684.5,17046
2022-10-03 13:35:19,32,-3,3684.0,17043
2022-10-03 13:35:20,221,-52,3684.0,16991
2022-10-03 13:35:21,41,-1,3683.75,16990
2022-10-03 13:35:22,50,-3,3684.0,16987
2022-10-03 13:35:23,38,14,3683.75,17001
2022-10-03 13:35:24,112,41,3684.0,17042
2022-10-03 13:35:25,28,4,3684.25,17046
2022-10-03 13:35:26,21,7,3684.25,17053
2022-10-03 13:35:27,21,13,3684.25,17066
2022-10-03 13:35:28,15,-3,3684.25,17063
2022-10-03 13:35:29,80,-3,3684.5,17060
2022-10-03 13:35:30,2,-2,3684.25,17058
2022-10-03 13:35:31,19,0,3684.5,17058
2022-10-03 13:35:32,10,-6,3684.5,17052
2022-10-03 13:35:33,20,15,3684.5,17067
2022-10-03 13:35:34,97,-3,3684.75,17064
2022-10-03 13:35:35,15,-5,3684.5,17059
2022-10-03 13:35:36,2,2,3684.5,17061
2022-10-03 13:35:37,4,4,3684.5,17065
2022-10-03 13:35:38,22,6,3684.5,17071
2022-10-03 13:35:40,3,-3,3684.25,17068
2022-10-03 13:35:41,71,-22,3684.25,17046
2022-10-03 13:35:42,17,5,3684.25,17051
2022-10-03 13:35:43,35,-10,3684.0,17041
2022-10-03 13:35:44,36,23,3684.25,17064
2022-10-03 13:35:45,72,-10,3684.0,17054
2022-10-03 13:35:46,40,14,3684.25,17068
2022-10-03 13:35:47,21,-6,3684.5,17062
2022-10-03 13:35:48,1,1,3684.25,17063
2022-10-03 13:35:49,88,-38,3684.5,17025
2022-10-03 13:35:50,82,15,3684.25,17040
2022-10-03 13:35:51,69,-28,3684.25,17012
2022-10-03 13:35:52,19,11,3684.0,17023
2022-10-03 13:35:53,2,-2,3684.0,17021
2022-10-03 13:35:54,143,-105,3684.0,16916
2022-10-03 13:35:55,13,6,3684.0,16922
2022-10-03 13:35:56,75,-12,3684.0,16910
2022-10-03 13:35:57,27,-4,3684.0,16906
2022-10-03 13:35:58,55,8,3684.0,16914
2022-10-03 13:35:59,63,22,3684.25,16936
2022-10-03 13:36:00,30,4,3684.25,16940
2022-10-03 13:36:01,28,0,3684.25,16940
2022-10-03 13:36:02,17,-5,3684.0,16935
2022-10-03 13:36:03,52,-22,3684.0,16913
2022-10-03 13:36:04,27,9,3684.25,16922
2022-10-03 13:36:05,22,-4,3684.0,16918
2022-10-03 13:36:06,55,-1,3684.0,16917
2022-10-03 13:36:07,56,55,3684.0,16972
2022-10-03 13:36:08,26,-8,3683.75,16964
2022-10-03 13:36:09,11,9,3684.0,16973
2022-10-03 13:36:10,10,1,3684.0,16974
2022-10-03 13:36:11,2,-1,3684.0,16973
2022-10-03 13:36:12,25,-8,3684.0,16965
2022-10-03 13:36:13,41,-17,3684.0,16948
2022-10-03 13:36:14,11,-6,3683.75,16942
2022-10-03 13:36:15,69,-43,3683.5,16899
2022-10-03 13:36:16,121,2,3684.0,16901
2022-10-03 13:36:17,59,-23,3684.0,16878
2022-10-03 13:36:18,37,7,3684.0,16885
2022-10-03 13:36:19,59,-8,3684.25,16877
2022-10-03 13:36:20,51,-2,3684.25,16875
2022-10-03 13:36:21,87,-12,3684.0,16863
2022-10-03 13:36:22,77,4,3683.5,16867
2022-10-03 13:36:23,58,-26,3683.75,16841
2022-10-03 13:36:25,33,12,3683.75,16853
2022-10-03 13:36:26,2,0,3683.75,16853
2022-10-03 13:36:27,19,10,3683.75,16863
2022-10-03 13:36:28,15,-1,3683.75,16862
2022-10-03 13:36:29,29,-12,3683.75,16850
2022-10-03 13:36:30,2,0,3683.75,16850
2022-10-03 13:36:31,17,11,3683.75,16861
2022-10-03 13:36:32,20,-11,3683.75,16850
2022-10-03 13:36:33,7,-2,3683.75,16848
2022-10-03 13:36:34,1,-1,3683.75,16847
2022-10-03 13:36:35,28,-7,3683.75,16840
2022-10-03 13:36:36,5,0,3684.0,16840
2022-10-03 13:36:37,69,23,3684.25,16863
2022-10-03 13:36:38,23,-17,3684.25,16846
2022-10-03 13:36:39,10,9,3684.25,16855
2022-10-03 13:36:40,85,34,3684.75,16889
2022-10-03 13:36:41,13,-7,3684.75,16882
2022-10-03 13:36:42,24,-2,3684.75,16880
2022-10-03 13:36:43,42,3,3684.75,16883
2022-10-03 13:36:44,24,0,3685.0,16883
2022-10-03 13:36:45,3,2,3685.0,16885
2022-10-03 13:36:46,8,-5,3685.0,16880
2022-10-03 13:36:47,25,-4,3685.0,16876
2022-10-03 13:36:48,22,-16,3685.0,16860
2022-10-03 13:36:49,22,-1,3684.75,16859
2022-10-03 13:36:50,42,-1,3684.5,16858
2022-10-03 13:36:51,12,-11,3684.5,16847
2022-10-03 13:36:52,16,11,3684.75,16858
2022-10-03 13:36:53,69,-14,3685.0,16844
2022-10-03 13:36:54,112,-73,3684.75,16771
2022-10-03 13:36:57,16,-2,3684.75,16769
2022-10-03 13:36:58,7,4,3684.5,16773
2022-10-03 13:36:59,37,-9,3684.5,16764
2022-10-03 13:37:00,61,4,3684.25,16768
2022-10-03 13:37:01,49,-5,3684.25,16763
2022-10-03 13:37:02,49,-5,3684.0,16758
2022-10-03 13:37:03,11,-3,3684.0,16755
2022-10-03 13:37:04,1,1,3684.0,16756
2022-10-03 13:37:05,35,7,3684.0,16763
2022-10-03 13:37:06,29,10,3684.0,16773
2022-10-03 13:37:07,53,-32,3684.0,16741
2022-10-03 13:37:08,7,-4,3684.0,16737
2022-10-03 13:37:09,31,0,3683.75,16737
2022-10-03 13:37:10,62,47,3684.5,16784
2022-10-03 13:37:11,43,13,3684.5,16797
2022-10-03 13:37:12,6,6,3684.75,16803
2022-10-03 13:37:13,27,17,3685.0,16820
2022-10-03 13:37:14,1,-1,3684.75,16819
2022-10-03 13:37:15,62,17,3685.0,16836
2022-10-03 13:37:16,25,3,3685.0,16839
2022-10-03 13:37:17,30,8,3685.25,16847
2022-10-03 13:37:18,1,1,3685.0,16848
2022-10-03 13:37:19,59,-24,3684.75,16824
2022-10-03 13:37:20,61,-33,3684.75,16791
2022-10-03 13:37:21,1,-1,3684.75,16790
2022-10-03 13:37:22,95,-37,3685.0,16753
2022-10-03 13:37:23,115,10,3685.0,16763
2022-10-03 13:37:25,45,-22,3685.0,16741
2022-10-03 13:37:26,101,44,3685.0,16785
2022-10-03 13:37:27,1,-1,3684.75,16784
2022-10-03 13:37:28,4,2,3685.0,16786
2022-10-03 13:37:29,1,-1,3684.75,16785
2022-10-03 13:37:30,6,0,3685.0,16785
2022-10-03 13:37:31,14,11,3685.0,16796
2022-10-03 13:37:32,9,1,3685.25,16797
2022-10-03 13:37:33,126,5,3685.75,16802
2022-10-03 13:37:34,27,-18,3685.25,16784
2022-10-03 13:37:35,201,27,3685.0,16811
2022-10-03 13:37:36,153,-52,3685.0,16759
2022-10-03 13:37:37,5,2,3685.0,16761
2022-10-03 13:37:38,258,-68,3684.75,16693
2022-10-03 13:37:39,1,1,3684.75,16694
2022-10-03 13:37:40,22,17,3684.75,16711
2022-10-03 13:37:41,2,-2,3684.75,16709
2022-10-03 13:37:42,4,-2,3685.0,16707
2022-10-03 13:37:43,44,11,3685.0,16718
2022-10-03 13:37:44,46,-20,3684.75,16698
2022-10-03 13:37:45,53,-23,3685.0,16675
2022-10-03 13:37:46,75,10,3684.75,16685
2022-10-03 13:37:47,24,0,3685.0,16685
2022-10-03 13:37:48,1,-1,3684.75,16684
2022-10-03 13:37:49,52,18,3685.0,16702
2022-10-03 13:37:50,16,5,3685.0,16707
2022-10-03 13:37:52,51,-7,3684.75,16700
2022-10-03 13:37:54,13,3,3684.75,16703
2022-10-03 13:37:56,40,-24,3684.5,16679
2022-10-03 13:37:57,1,1,3684.5,16680
2022-10-03 13:37:58,86,-22,3684.5,16658
2022-10-03 13:37:59,29,18,3684.25,16676
2022-10-03 13:38:00,1,-1,3684.25,16675
2022-10-03 13:38:01,36,-3,3684.5,16672
2022-10-03 13:38:02,15,-9,3684.5,16663
2022-10-03 13:38:03,2,0,3684.75,16663
2022-10-03 13:38:04,16,-2,3684.75,16661
2022-10-03 13:38:05,10,-9,3684.5,16652
2022-10-03 13:38:06,30,4,3684.5,16656
2022-10-03 13:38:07,37,-6,3684.5,16650
2022-10-03 13:38:08,40,17,3684.5,16667
2022-10-03 13:38:09,36,-12,3684.25,16655
2022-10-03 13:38:12,41,-15,3684.25,16640
2022-10-03 13:38:13,31,21,3684.25,16661
2022-10-03 13:38:15,91,-57,3684.25,16604
2022-10-03 13:38:16,1,1,3684.5,16605
2022-10-03 13:38:17,15,-9,3684.25,16596
2022-10-03 13:38:19,370,11,3684.25,16607
2022-10-03 13:38:20,1,1,3684.25,16608
2022-10-03 13:38:21,53,5,3684.25,16613
2022-10-03 13:38:22,7,-7,3684.25,16606
2022-10-03 13:38:23,62,-14,3684.25,16592
2022-10-03 13:38:24,16,-10,3684.0,16582
2022-10-03 13:38:25,55,20,3684.0,16602
2022-10-03 13:38:26,28,3,3684.0,16605
2022-10-03 13:38:27,2,-2,3683.75,16603
2022-10-03 13:38:28,151,-2,3683.75,16601
2022-10-03 13:38:29,33,-12,3683.75,16589
2022-10-03 13:38:30,75,7,3683.75,16596
2022-10-03 13:38:32,26,-2,3683.75,16594
2022-10-03 13:38:33,4,-1,3683.75,16593
2022-10-03 13:38:34,7,3,3683.75,16596
2022-10-03 13:38:35,47,-23,3683.5,16573
2022-10-03 13:38:36,99,-37,3683.5,16536
2022-10-03 13:38:37,59,19,3683.25,16555
2022-10-03 13:38:38,4,-4,3683.0,16551
2022-10-03 13:38:39,46,2,3683.5,16553
2022-10-03 13:38:40,22,-16,3683.25,16537
2022-10-03 13:38:41,12,-10,3683.0,16527
2022-10-03 13:38:42,35,-26,3683.0,16501
2022-10-03 13:38:43,59,-3,3683.0,16498
2022-10-03 13:38:44,39,-17,3683.25,16481
2022-10-03 13:38:45,428,-414,3683.0,16067
2022-10-03 13:38:46,123,32,3682.75,16099
2022-10-03 13:38:47,38,-16,3682.75,16083
2022-10-03 13:38:48,17,9,3682.75,16092
2022-10-03 13:38:49,29,-21,3682.5,16071
2022-10-03 13:38:50,50,-24,3682.5,16047
2022-10-03 13:38:51,81,-18,3682.25,16029
2022-10-03 13:38:52,59,-3,3682.5,16026
2022-10-03 13:38:53,31,22,3682.5,16048
2022-10-03 13:38:54,65,-24,3682.75,16024
2022-10-03 13:38:55,136,-55,3682.5,15969
2022-10-03 13:38:56,32,9,3682.25,15978
2022-10-03 13:38:57,29,13,3682.25,15991
2022-10-03 13:38:58,19,-16,3682.0,15975
2022-10-03 13:38:59,43,6,3682.25,15981
2022-10-03 13:39:00,190,-36,3682.25,15945
2022-10-03 13:39:01,32,8,3681.75,15953
2022-10-03 13:39:02,36,22,3681.75,15975
2022-10-03 13:39:03,52,5,3682.25,15980
2022-10-03 13:39:04,31,-14,3682.25,15966
2022-10-03 13:39:05,19,-13,3682.0,15953
2022-10-03 13:39:06,18,12,3682.0,15965
2022-10-03 13:39:07,73,-44,3682.0,15921
2022-10-03 13:39:08,52,17,3682.25,15938
2022-10-03 13:39:09,28,-15,3682.25,15923
2022-10-03 13:39:10,160,-12,3682.0,15911
2022-10-03 13:39:11,16,-10,3682.0,15901
2022-10-03 13:39:12,7,5,3682.0,15906
2022-10-03 13:39:13,72,11,3682.0,15917
2022-10-03 13:39:14,38,5,3682.25,15922
2022-10-03 13:39:15,77,32,3682.75,15954
2022-10-03 13:39:16,20,-8,3682.5,15946
2022-10-03 13:39:17,30,-5,3682.25,15941
2022-10-03 13:39:19,2,-1,3682.25,15940
2022-10-03 13:39:20,21,4,3682.25,15944
2022-10-03 13:39:21,35,-4,3682.0,15940
2022-10-03 13:39:22,12,-7,3682.0,15933
2022-10-03 13:39:23,47,-3,3682.0,15930
2022-10-03 13:39:24,26,-18,3682.0,15912
2022-10-03 13:39:25,47,-13,3682.0,15899
2022-10-03 13:39:26,27,4,3682.0,15903
2022-10-03 13:39:28,10,-8,3682.0,15895
2022-10-03 13:39:29,54,22,3682.25,15917
2022-10-03 13:39:30,27,4,3682.5,15921
2022-10-03 13:39:31,10,-7,3682.25,15914
2022-10-03 13:39:32,27,5,3682.25,15919
2022-10-03 13:39:33,16,2,3682.25,15921
2022-10-03 13:39:34,2,-1,3682.25,15920
2022-10-03 13:39:35,51,-12,3682.25,15908
2022-10-03 13:39:36,60,22,3682.5,15930
2022-10-03 13:39:37,40,-4,3682.75,15926
2022-10-03 13:39:38,10,0,3682.5,15926
2022-10-03 13:39:39,31,14,3682.5,15940
2022-10-03 13:39:40,39,2,3682.75,15942
2022-10-03 13:39:41,23,16,3682.75,15958
2022-10-03 13:39:42,34,9,3682.75,15967
2022-10-03 13:39:43,12,5,3683.0,15972
2022-10-03 13:39:44,1,1,3683.0,15973
2022-10-03 13:39:45,60,-5,3683.0,15968
2022-10-03 13:39:46,22,-8,3682.75,15960
2022-10-03 13:39:47,59,3,3682.75,15963
2022-10-03 13:39:48,11,0,3682.75,15963
2022-10-03 13:39:49,32,0,3682.5,15963
2022-10-03 13:39:50,43,-16,3682.5,15947
2022-10-03 13:39:51,50,6,3682.5,15953
2022-10-03 13:39:52,18,-9,3682.75,15944
2022-10-03 13:39:53,18,2,3682.5,15946
2022-10-03 13:39:54,4,-4,3682.5,15942
2022-10-03 13:39:55,7,0,3682.5,15942
2022-10-03 13:39:57,1,-1,3682.25,15941
2022-10-03 13:39:58,49,-18,3682.5,15923
2022-10-03 13:39:59,27,-2,3682.5,15921
2022-10-03 13:40:00,113,-10,3682.5,15911
2022-10-03 13:40:01,16,11,3682.75,15922
2022-10-03 13:40:02,1,1,3682.75,15923
2022-10-03 13:40:03,268,92,3683.5,16015
2022-10-03 13:40:04,67,-15,3683.25,16000
2022-10-03 13:40:05,2,-2,3682.75,15998
2022-10-03 13:40:06,20,17,3683.0,16015
2022-10-03 13:40:07,5,1,3683.0,16016
2022-10-03 13:40:08,81,-28,3682.75,15988
2022-10-03 13:40:09,53,-26,3682.5,15962
2022-10-03 13:40:10,15,-5,3682.5,15957
2022-10-03 13:40:11,15,-7,3682.5,15950
2022-10-03 13:40:12,5,0,3682.5,15950
2022-10-03 13:40:13,14,9,3682.75,15959
2022-10-03 13:40:14,99,-23,3683.0,15936
2022-10-03 13:40:15,4,-4,3682.75,15932
2022-10-03 13:40:16,11,-3,3682.75,15929
2022-10-03 13:40:17,31,10,3683.25,15939
2022-10-03 13:40:18,146,-168,3683.0,15771
2022-10-03 13:40:19,31,-6,3682.75,15765
2022-10-03 13:40:21,44,-9,3682.75,15756
2022-10-03 13:40:22,44,9,3683.0,15765
2022-10-03 13:40:23,69,-3,3683.25,15762
2022-10-03 13:40:24,6,4,3683.5,15766
2022-10-03 13:40:25,45,-24,3683.5,15742
2022-10-03 13:40:26,31,-10,3683.0,15732
2022-10-03 13:40:27,22,-3,3683.0,15729
2022-10-03 13:40:28,31,2,3682.75,15731
2022-10-03 13:40:29,40,5,3683.0,15736
2022-10-03 13:40:30,4,-2,3683.0,15734
2022-10-03 13:40:31,11,-2,3683.0,15732
2022-10-03 13:40:32,35,-16,3683.25,15716
2022-10-03 13:40:33,9,9,3683.0,15725
2022-10-03 13:40:34,21,-13,3683.0,15712
2022-10-03 13:40:35,19,-5,3682.75,15707
2022-10-03 13:40:36,9,-8,3682.75,15699
2022-10-03 13:40:37,35,6,3682.75,15705
2022-10-03 13:40:38,8,1,3682.75,15706
2022-10-03 13:40:39,1,1,3682.75,15707
2022-10-03 13:40:41,29,-5,3682.75,15702
2022-10-03 13:40:42,10,-1,3682.75,15701
2022-10-03 13:40:43,2,2,3683.0,15703
2022-10-03 13:40:45,43,2,3683.0,15705
2022-10-03 13:40:46,2,2,3683.0,15707
2022-10-03 13:40:47,31,-14,3683.0,15693
2022-10-03 13:40:48,7,-1,3683.0,15692
2022-10-03 13:40:49,4,-2,3682.75,15690
2022-10-03 13:40:50,53,10,3683.0,15700
2022-10-03 13:40:51,13,-3,3683.0,15697
2022-10-03 13:40:52,8,-2,3683.25,15695
2022-10-03 13:40:53,36,-7,3683.0,15688
2022-10-03 13:40:54,29,-3,3683.25,15685
2022-10-03 13:40:55,4,-4,3683.0,15681
2022-10-03 13:40:56,3,2,3683.0,15683
2022-10-03 13:40:57,81,34,3683.5,15717
2022-10-03 13:40:58,36,26,3683.75,15743
2022-10-03 13:40:59,45,17,3684.0,15760
2022-10-03 13:41:00,5,3,3684.0,15763
2022-10-03 13:41:01,2,0,3684.0,15763
2022-10-03 13:41:02,125,48,3684.5,15811
2022-10-03 13:41:03,46,-13,3684.25,15798
2022-10-03 13:41:04,2,0,3684.5,15798
2022-10-03 13:41:05,3,-1,3684.5,15797
2022-10-03 13:41:06,72,-3,3684.5,15794
2022-10-03 13:41:07,11,1,3684.25,15795
2022-10-03 13:41:08,12,10,3684.25,15805
2022-10-03 13:41:09,1,1,3684.25,15806
2022-10-03 13:41:11,53,-9,3684.0,15797
2022-10-03 13:41:12,44,-8,3684.0,15789
2022-10-03 13:41:14,42,6,3684.0,15795
2022-10-03 13:41:15,7,1,3684.0,15796
2022-10-03 13:41:16,1,-1,3684.0,15795
2022-10-03 13:41:17,2,0,3684.25,15795
2022-10-03 13:41:18,50,23,3684.5,15818
2022-10-03 13:41:19,82,-35,3684.25,15783
2022-10-03 13:41:20,55,-4,3684.25,15779
2022-10-03 13:41:21,54,30,3684.5,15809
2022-10-03 13:41:22,56,34,3685.0,15843
2022-10-03 13:41:23,20,-14,3684.75,15829
2022-10-03 13:41:24,54,-5,3684.5,15824
2022-10-03 13:41:25,1,-1,3684.25,15823
2022-10-03 13:41:26,3,3,3684.5,15826
2022-10-03 13:41:28,2,2,3684.5,15828
2022-10-03 13:41:30,69,10,3684.25,15838
2022-10-03 13:41:31,18,1,3684.25,15839
2022-10-03 13:41:32,27,1,3684.25,15840
2022-10-03 13:41:33,12,1,3684.25,15841
2022-10-03 13:41:34,12,-1,3684.5,15840
2022-10-03 13:41:35,82,-14,3684.5,15826
2022-10-03 13:41:36,4,-1,3684.25,15825
2022-10-03 13:41:37,43,15,3684.25,15840
2022-10-03 13:41:38,26,10,3684.25,15850
2022-10-03 13:41:39,3,-3,3684.25,15847
2022-10-03 13:41:40,1,-1,3684.25,15846
2022-10-03 13:41:42,45,-10,3684.25,15836
2022-10-03 13:41:43,27,1,3684.25,15837
2022-10-03 13:41:45,39,-9,3684.0,15828
2022-10-03 13:41:46,15,-1,3684.0,15827
2022-10-03 13:41:48,40,2,3683.75,15829
2022-10-03 13:41:49,24,7,3683.75,15836
2022-10-03 13:41:50,22,-10,3683.75,15826
2022-10-03 13:41:51,51,-8,3683.75,15818
2022-10-03 13:41:52,3,-3,3683.75,15815
2022-10-03 13:41:53,38,-2,3683.5,15813
2022-10-03 13:41:54,34,-19,3683.5,15794
2022-10-03 13:41:55,7,-5,3683.25,15789
2022-10-03 13:41:56,30,7,3683.5,15796
2022-10-03 13:41:57,16,-3,3683.25,15793
2022-10-03 13:41:58,42,12,3683.5,15805
2022-10-03 13:41:59,15,9,3683.75,15814
2022-10-03 13:42:00,1,1,3683.75,15815
2022-10-03 13:42:01,44,-10,3683.5,15805
2022-10-03 13:42:02,3,-3,3683.25,15802
2022-10-03 13:42:03,1,-1,3683.25,15801
2022-10-03 13:42:04,148,61,3683.75,15862
2022-10-03 13:42:05,17,-5,3683.5,15857
2022-10-03 13:42:06,8,-7,3683.25,15850
2022-10-03 13:42:07,89,76,3683.5,15926
2022-10-03 13:42:08,103,-12,3683.5,15914
2022-10-03 13:42:09,35,17,3683.5,15931
2022-10-03 13:42:10,18,7,3683.5,15938
2022-10-03 13:42:11,56,2,3683.75,15940
2022-10-03 13:42:12,27,1,3683.75,15941
2022-10-03 13:42:15,42,24,3684.0,15965
2022-10-03 13:42:16,46,-23,3684.25,15942
2022-10-03 13:42:17,59,-16,3684.0,15926
2022-10-03 13:42:18,7,-4,3684.0,15922
2022-10-03 13:42:19,36,1,3684.0,15923
2022-10-03 13:42:20,9,-3,3683.75,15920
2022-10-03 13:42:21,25,-5,3683.75,15915
2022-10-03 13:42:22,8,1,3683.75,15916
2022-10-03 13:42:23,29,9,3683.75,15925
2022-10-03 13:42:24,105,-55,3683.75,15870
2022-10-03 13:42:25,24,-13,3683.75,15857
2022-10-03 13:42:26,32,-5,3683.75,15852
2022-10-03 13:42:27,51,-30,3683.75,15822
2022-10-03 13:42:28,24,-5,3683.75,15817
2022-10-03 13:42:29,48,21,3684.0,15838
2022-10-03 13:42:30,38,15,3684.25,15853
2022-10-03 13:42:31,43,18,3684.25,15871
2022-10-03 13:42:32,30,4,3684.5,15875
2022-10-03 13:42:33,1,-1,3684.0,15874
2022-10-03 13:42:34,1,-1,3684.0,15873
2022-10-03 13:42:35,4,2,3684.25,15875
2022-10-03 13:42:37,19,-6,3684.0,15869
2022-10-03 13:42:38,19,0,3684.0,15869
2022-10-03 13:42:39,13,-3,3684.0,15866
2022-10-03 13:42:40,2,2,3684.0,15868
2022-10-03 13:42:41,2,2,3684.0,15870
2022-10-03 13:42:42,31,-17,3683.75,15853
2022-10-03 13:42:43,25,5,3683.75,15858
2022-10-03 13:42:44,7,-3,3683.75,15855
2022-10-03 13:42:45,1,-1,3683.5,15854
2022-10-03 13:42:46,40,-16,3683.75,15838
2022-10-03 13:42:47,1,1,3683.75,15839
2022-10-03 13:42:48,18,-11,3683.5,15828
2022-10-03 13:42:49,12,11,3683.5,15839
2022-10-03 13:42:51,24,2,3683.5,15841
2022-10-03 13:42:52,19,-4,3683.5,15837
2022-10-03 13:42:53,6,-4,3683.5,15833
2022-10-03 13:42:54,2,2,3683.5,15835
2022-10-03 13:42:55,165,-22,3683.5,15813
2022-10-03 13:42:56,42,30,3684.0,15843
2022-10-03 13:42:57,14,-3,3684.0,15840
2022-10-03 13:42:58,25,10,3684.0,15850
2022-10-03 13:42:59,9,-7,3683.75,15843
2022-10-03 13:43:00,1,-1,3683.5,15842
2022-10-03 13:43:02,49,-19,3683.5,15823
2022-10-03 13:43:03,18,6,3683.5,15829
2022-10-03 13:43:04,1,1,3683.5,15830
2022-10-03 13:43:05,96,-37,3683.25,15793
2022-10-03 13:43:07,47,1,3683.0,15794
2022-10-03 13:43:08,29,-8,3682.75,15786
2022-10-03 13:43:09,18,-7,3682.75,15779
2022-10-03 13:43:10,39,8,3682.75,15787
2022-10-03 13:43:11,2,-2,3682.75,15785
2022-10-03 13:43:12,7,-6,3682.75,15779
2022-10-03 13:43:14,24,15,3683.0,15794
2022-10-03 13:43:15,5,-1,3683.25,15793
2022-10-03 13:43:16,23,-1,3683.25,15792
2022-10-03 13:43:17,6,1,3683.25,15793
2022-10-03 13:43:18,18,13,3683.75,15806
2022-10-03 13:43:19,6,3,3683.5,15809
2022-10-03 13:43:20,5,-4,3683.25,15805
2022-10-03 13:43:21,7,7,3683.5,15812
2022-10-03 13:43:22,3,2,3683.75,15814
2022-10-03 13:43:23,20,-12,3683.5,15802
2022-10-03 13:43:24,40,-4,3683.25,15798
2022-10-03 13:43:25,12,7,3683.25,15805
2022-10-03 13:43:26,33,-4,3683.25,15801
2022-10-03 13:43:27,10,0,3683.25,15801
2022-10-03 13:43:28,26,4,3683.25,15805
2022-10-03 13:43:29,6,-4,3683.25,15801
2022-10-03 13:43:30,4,2,3683.25,15803
2022-10-03 13:43:31,25,-4,3683.0,15799
2022-10-03 13:43:33,6,-3,3683.0,15796
2022-10-03 13:43:34,11,4,3683.25,15800
2022-10-03 13:43:35,26,14,3683.5,15814
2022-10-03 13:43:36,77,-11,3683.5,15803
2022-10-03 13:43:37,18,-4,3683.0,15799
2022-10-03 13:43:38,5,-3,3683.25,15796
2022-10-03 13:43:39,1,-1,3683.0,15795
2022-10-03 13:43:40,14,-8,3683.0,15787
2022-10-03 13:43:41,33,16,3683.0,15803
2022-10-03 13:43:43,13,-1,3683.0,15802
2022-10-03 13:43:44,21,7,3683.0,15809
2022-10-03 13:43:45,87,5,3683.25,15814
2022-10-03 13:43:47,32,-2,3683.0,15812
2022-10-03 13:43:48,1,1,3683.0,15813
2022-10-03 13:43:49,68,-24,3683.0,15789
2022-10-03 13:43:50,59,6,3683.5,15795
2022-10-03 13:43:51,8,-8,3683.25,15787
2022-10-03 13:43:52,11,8,3683.5,15795
2022-10-03 13:43:53,63,-25,3683.5,15770
2022-10-03 13:43:56,22,-7,3683.25,15763
2022-10-03 13:43:57,20,1,3682.75,15764
2022-10-03 13:43:58,82,-1,3682.5,15763
2022-10-03 13:43:59,31,6,3682.75,15769
2022-10-03 13:44:00,48,11,3683.0,15780
2022-10-03 13:44:02,17,-1,3682.75,15779
2022-10-03 13:44:03,31,-3,3682.75,15776
2022-10-03 13:44:04,2,0,3683.0,15776
2022-10-03 13:44:05,18,3,3683.0,15779
2022-10-03 13:44:07,1,-1,3683.0,15778
2022-10-03 13:44:08,19,-6,3683.0,15772
2022-10-03 13:44:09,7,-6,3683.0,15766
2022-10-03 13:44:10,25,10,3683.0,15776
2022-10-03 13:44:11,33,12,3683.0,15788
2022-10-03 13:44:12,12,4,3683.0,15792
2022-10-03 13:44:13,14,-10,3683.0,15782
2022-10-03 13:44:14,10,7,3683.0,15789
2022-10-03 13:44:15,32,14,3683.25,15803
2022-10-03 13:44:16,11,-10,3683.25,15793
2022-10-03 13:44:17,2,0,3683.25,15793
2022-10-03 13:44:18,3,2,3683.25,15795
2022-10-03 13:44:19,6,4,3683.0,15799
2022-10-03 13:44:20,7,2,3683.0,15801
2022-10-03 13:44:22,40,9,3683.25,15810
2022-10-03 13:44:23,55,-15,3683.5,15795
2022-10-03 13:44:25,22,9,3683.5,15804
2022-10-03 13:44:26,13,-5,3683.5,15799
2022-10-03 13:44:27,75,34,3683.75,15833
2022-10-03 13:44:28,18,-10,3683.75,15823
2022-10-03 13:44:29,30,5,3684.0,15828
2022-10-03 13:44:30,14,-3,3684.0,15825
2022-10-03 13:44:32,14,4,3683.75,15829
2022-10-03 13:44:33,9,-2,3684.0,15827
2022-10-03 13:44:35,1,-1,3683.75,15826
2022-10-03 13:44:36,2,-2,3683.75,15824
2022-10-03 13:44:37,38,-12,3683.75,15812
2022-10-03 13:44:39,45,21,3684.0,15833
2022-10-03 13:44:40,4,-1,3684.0,15832
2022-10-03 13:44:41,1,-1,3684.0,15831
2022-10-03 13:44:42,4,1,3684.25,15832
2022-10-03 13:44:43,37,-8,3684.0,15824
2022-10-03 13:44:44,76,-47,3684.0,15777
2022-10-03 13:44:45,3,-1,3683.75,15776
2022-10-03 13:44:47,2,-2,3683.5,15774
2022-10-03 13:44:50,2,-2,3683.5,15772
2022-10-03 13:44:51,34,-7,3683.5,15765
2022-10-03 13:44:52,9,0,3683.5,15765
2022-10-03 13:44:53,26,16,3683.75,15781
2022-10-03 13:44:55,3,-1,3683.75,15780
2022-10-03 13:44:56,1,-1,3683.25,15779
2022-10-03 13:44:57,31,-11,3683.25,15768
2022-10-03 13:44:58,11,-2,3683.25,15766
2022-10-03 13:44:59,11,5,3683.25,15771
2022-10-03 13:45:00,32,-12,3683.5,15759
2022-10-03 13:45:01,10,-2,3683.5,15757
2022-10-03 13:45:02,2,-2,3683.25,15755
2022-10-03 13:45:03,16,0,3683.25,15755
2022-10-03 13:45:04,10,-3,3683.25,15752
2022-10-03 13:45:05,24,14,3683.5,15766
2022-10-03 13:45:06,5,-5,3683.5,15761
2022-10-03 13:45:07,18,14,3683.75,15775
2022-10-03 13:45:08,11,-7,3683.75,15768
2022-10-03 13:45:09,16,-15,3683.75,15753
2022-10-03 13:45:11,23,4,3683.75,15757
2022-10-03 13:45:12,8,3,3684.0,15760
2022-10-03 13:45:13,58,26,3684.0,15786
2022-10-03 13:45:15,61,10,3684.25,15796
2022-10-03 13:45:16,24,4,3684.5,15800
2022-10-03 13:45:17,13,3,3684.25,15803
2022-10-03 13:45:19,5,-3,3684.5,15800
2022-10-03 13:45:20,2,0,3684.5,15800
2022-10-03 13:45:21,2,2,3684.5,15802
2022-10-03 13:45:22,56,11,3684.5,15813
2022-10-03 13:45:23,3,3,3684.75,15816
2022-10-03 13:45:24,6,1,3684.75,15817
2022-10-03 13:45:25,3,2,3684.75,15819
2022-10-03 13:45:26,44,-9,3684.75,15810
2022-10-03 13:45:27,31,21,3684.75,15831
2022-10-03 13:45:28,8,0,3684.75,15831
2022-10-03 13:45:29,13,9,3684.75,15840
2022-10-03 13:45:30,53,-22,3684.5,15818
2022-10-03 13:45:31,791,608,3686.0,16426
2022-10-03 13:45:32,157,56,3685.5,16482
2022-10-03 13:45:33,40,15,3685.5,16497
2022-10-03 13:45:34,27,-7,3685.5,16490
2022-10-03 13:45:35,36,3,3685.25,16493
2022-10-03 13:45:36,21,0,3685.25,16493
2022-10-03 13:45:37,34,9,3685.25,16502
2022-10-03 13:45:38,45,-9,3685.25,16493
2022-10-03 13:45:39,5,-3,3685.0,16490
2022-10-03 13:45:40,44,-9,3684.75,16481
2022-10-03 13:45:41,6,4,3684.75,16485
2022-10-03 13:45:42,38,9,3684.75,16494
2022-10-03 13:45:43,31,10,3684.75,16504
2022-10-03 13:45:44,31,23,3685.0,16527
2022-10-03 13:45:45,2,-1,3685.0,16526
2022-10-03 13:45:46,27,-5,3685.25,16521
2022-10-03 13:45:47,3,-3,3685.0,16518
2022-10-03 13:45:49,61,-4,3685.0,16514
2022-10-03 13:45:50,37,16,3685.25,16530
2022-10-03 13:45:51,13,3,3685.5,16533
2022-10-03 13:45:52,4,4,3685.5,16537
2022-10-03 13:45:53,9,2,3685.5,16539
2022-10-03 13:45:54,31,-9,3685.25,16530
2022-10-03 13:45:55,50,-9,3685.0,16521
2022-10-03 13:45:56,70,-7,3685.0,16514
2022-10-03 13:45:57,20,-3,3684.75,16511
2022-10-03 13:45:58,5,-4,3684.75,16507
2022-10-03 13:45:59,32,21,3685.0,16528
2022-10-03 13:46:00,22,-14,3685.0,16514
2022-10-03 13:46:01,39,20,3685.0,16534
2022-10-03 13:46:02,12,12,3685.25,16546
2022-10-03 13:46:04,42,-10,3685.0,16536
2022-10-03 13:46:07,4,-2,3685.25,16534
2022-10-03 13:46:08,36,8,3685.25,16542
2022-10-03 13:46:09,5,2,3685.5,16544
2022-10-03 13:46:10,68,-1,3685.5,16543
2022-10-03 13:46:11,8,7,3685.5,16550
2022-10-03 13:46:12,62,0,3685.5,16550
2022-10-03 13:46:13,5,2,3685.75,16552
2022-10-03 13:46:14,34,10,3685.75,16562
2022-10-03 13:46:15,3,3,3685.75,16565
2022-10-03 13:46:16,19,17,3686.0,16582
2022-10-03 13:46:17,325,-12,3686.0,16570
2022-10-03 13:46:18,46,13,3686.0,16583
2022-10-03 13:46:20,8,2,3686.0,16585
2022-10-03 13:46:21,127,-10,3685.75,16575
2022-10-03 13:46:22,111,45,3685.75,16620
2022-10-03 13:46:24,85,-24,3685.75,16596
2022-10-03 13:46:25,2,2,3685.75,16598
2022-10-03 13:46:26,290,52,3686.0,16650
2022-10-03 13:46:27,100,4,3686.25,16654
2022-10-03 13:46:28,3,-1,3686.0,16653
2022-10-03 13:46:29,46,-6,3686.25,16647
2022-10-03 13:46:30,98,64,3686.25,16711
2022-10-03 13:46:31,135,68,3686.75,16779
2022-10-03 13:46:32,10,9,3686.75,16788
2022-10-03 13:46:33,55,-1,3686.75,16787
2022-10-03 13:46:34,23,9,3686.75,16796
2022-10-03 13:46:35,175,125,3687.25,16921
2022-10-03 13:46:36,80,-10,3687.25,16911
2022-10-03 13:46:37,96,-2,3687.25,16909
2022-10-03 13:46:38,40,31,3687.25,16940
2022-10-03 13:46:39,52,-28,3687.25,16912
2022-10-03 13:46:40,35,-10,3687.0,16902
2022-10-03 13:46:41,10,6,3687.0,16908
2022-10-03 13:46:42,52,-11,3686.75,16897
2022-10-03 13:46:43,16,-6,3686.75,16891
2022-10-03 13:46:44,71,18,3686.75,16909
2022-10-03 13:46:45,51,7,3686.75,16916
2022-10-03 13:46:46,1,1,3686.75,16917
2022-10-03 13:46:48,63,24,3687.0,16941
2022-10-03 13:46:49,32,-4,3687.25,16937
2022-10-03 13:46:50,11,9,3687.25,16946
2022-10-03 13:46:52,1289,-748,3687.0,16198
2022-10-03 13:46:53,10,5,3685.75,16203
2022-10-03 13:46:54,128,-20,3686.0,16183
2022-10-03 13:46:55,95,-19,3685.25,16164
2022-10-03 13:46:56,70,-15,3685.0,16149
2022-10-03 13:46:57,100,-20,3684.75,16129
2022-10-03 13:46:58,11,-4,3684.75,16125
2022-10-03 13:46:59,79,-8,3684.75,16117
2022-10-03 13:47:00,167,1,3684.75,16118
2022-10-03 13:47:01,135,-2,3684.75,16116
2022-10-03 13:47:02,153,51,3685.25,16167
2022-10-03 13:47:03,69,18,3685.5,16185
2022-10-03 13:47:04,29,13,3685.75,16198
2022-10-03 13:47:05,5,-5,3685.5,16193
2022-10-03 13:47:06,165,-55,3685.75,16138
2022-10-03 13:47:07,18,-2,3685.75,16136
2022-10-03 13:47:08,65,-11,3685.5,16125
2022-10-03 13:47:09,45,22,3685.5,16147
2022-10-03 13:47:10,28,-18,3685.25,16129
2022-10-03 13:47:11,51,-29,3685.0,16100
2022-10-03 13:47:12,114,35,3685.75,16135
2022-10-03 13:47:14,9,-9,3685.5,16126
2022-10-03 13:47:15,75,14,3685.75,16140
2022-10-03 13:47:16,42,-8,3685.5,16132
2022-10-03 13:47:17,77,0,3685.5,16132
2022-10-03 13:47:18,55,22,3685.75,16154
2022-10-03 13:47:19,60,10,3685.75,16164
2022-10-03 13:47:20,27,-2,3685.75,16162
2022-10-03 13:47:22,114,36,3686.0,16198
2022-10-03 13:47:23,73,1,3686.0,16199
2022-10-03 13:47:24,8,-8,3685.75,16191
2022-10-03 13:47:25,85,-29,3685.75,16162
2022-10-03 13:47:26,40,-7,3685.25,16155
2022-10-03 13:47:27,9,-4,3685.5,16151
2022-10-03 13:47:28,59,-14,3685.5,16137
2022-10-03 13:47:29,40,-13,3685.5,16124
2022-10-03 13:47:30,36,7,3685.5,16131
2022-10-03 13:47:31,11,-7,3685.5,16124
2022-10-03 13:47:32,16,-11,3685.25,16113
2022-10-03 13:47:33,22,5,3685.25,16118
2022-10-03 13:47:34,15,-4,3685.25,16114
2022-10-03 13:47:35,42,26,3685.25,16140
2022-10-03 13:47:36,49,23,3685.75,16163
2022-10-03 13:47:37,55,-33,3685.5,16130
2022-10-03 13:47:38,4,-2,3685.75,16128
2022-10-03 13:47:39,39,11,3686.0,16139
2022-10-03 13:47:40,14,1,3686.0,16140
2022-10-03 13:47:41,45,-13,3686.0,16127
2022-10-03 13:47:42,233,-210,3685.75,15917
2022-10-03 13:47:44,41,27,3685.75,15944
2022-10-03 13:47:45,87,-2,3686.0,15942
2022-10-03 13:47:46,2,0,3686.25,15942
2022-10-03 13:47:47,2,2,3686.25,15944
2022-10-03 13:47:48,4,0,3686.25,15944
2022-10-03 13:47:49,1,-1,3686.0,15943
2022-10-03 13:47:50,70,-2,3686.0,15941
2022-10-03 13:47:52,87,22,3686.25,15963
2022-10-03 13:47:53,41,-6,3686.25,15957
2022-10-03 13:47:55,1,-1,3686.0,15956
2022-10-03 13:47:56,20,12,3686.25,15968
2022-10-03 13:47:57,1,-1,3686.25,15967
2022-10-03 13:47:58,11,8,3686.5,15975
2022-10-03 13:47:59,41,-1,3686.25,15974
2022-10-03 13:48:00,7,6,3686.5,15980
2022-10-03 13:48:01,60,-13,3686.5,15967
2022-10-03 13:48:02,11,6,3686.25,15973
2022-10-03 13:48:03,2,2,3686.5,15975
2022-10-03 13:48:04,1,-1,3686.25,15974
2022-10-03 13:48:05,54,24,3686.5,15998
2022-10-03 13:48:06,24,6,3686.5,16004
2022-10-03 13:48:07,28,-18,3686.75,15986
2022-10-03 13:48:08,47,20,3686.75,16006
2022-10-03 13:48:09,3,3,3686.75,16009
2022-10-03 13:48:10,31,4,3687.0,16013
2022-10-03 13:48:11,26,-6,3686.75,16007
2022-10-03 13:48:12,16,2,3687.0,16009
2022-10-03 13:48:13,3,1,3687.0,16010
2022-10-03 13:48:14,1,1,3687.0,16011
2022-10-03 13:48:15,2,2,3687.0,16013
2022-10-03 13:48:16,428,183,3687.75,16196
2022-10-03 13:48:17,238,-118,3687.0,16078
2022-10-03 13:48:18,37,-2,3686.5,16076
2022-10-03 13:48:19,16,-7,3686.25,16069
2022-10-03 13:48:21,53,-11,3686.0,16058
2022-10-03 13:48:22,10,-5,3686.0,16053
2022-10-03 13:48:23,24,-18,3685.75,16035
2022-10-03 13:48:24,120,3,3685.5,16038
2022-10-03 13:48:25,164,-55,3685.25,15983
2022-10-03 13:48:26,62,21,3684.75,16004
2022-10-03 13:48:27,23,0,3684.75,16004
2022-10-03 13:48:28,57,-2,3684.75,16002
2022-10-03 13:48:29,3,1,3684.75,16003
2022-10-03 13:48:30,21,0,3684.75,16003
2022-10-03 13:48:31,16,8,3685.0,16011
2022-10-03 13:48:32,2,0,3685.0,16011
2022-10-03 13:48:33,19,0,3685.0,16011
2022-10-03 13:48:34,76,-10,3685.0,16001
2022-10-03 13:48:35,39,7,3685.25,16008
2022-10-03 13:48:36,39,0,3685.25,16008
2022-10-03 13:48:38,31,3,3685.5,16011
2022-10-03 13:48:39,66,1,3685.25,16012
2022-10-03 13:48:40,47,-20,3685.25,15992
2022-10-03 13:48:41,26,-2,3685.0,15990
2022-10-03 13:48:42,3,-1,3685.0,15989
2022-10-03 13:48:43,70,-8,3685.0,15981
2022-10-03 13:48:44,26,13,3684.75,15994
2022-10-03 13:48:45,6,3,3685.0,15997
2022-10-03 13:48:46,1,1,3685.0,15998
2022-10-03 13:48:47,47,9,3685.0,16007
2022-10-03 13:48:48,54,14,3685.5,16021
2022-10-03 13:48:49,13,-6,3685.5,16015
2022-10-03 13:48:50,10,8,3685.25,16023
2022-10-03 13:48:52,49,8,3685.25,16031
2022-10-03 13:48:53,72,22,3685.5,16053
2022-10-03 13:48:54,1,-1,3685.25,16052
2022-10-03 13:48:56,47,-7,3685.5,16045
2022-10-03 13:48:57,53,-8,3685.5,16037
2022-10-03 13:48:58,37,-28,3685.25,16009
2022-10-03 13:48:59,31,-2,3685.0,16007
2022-10-03 13:49:00,11,0,3685.0,16007
2022-10-03 13:49:01,66,-7,3684.75,16000
2022-10-03 13:49:02,179,-101,3685.0,15899
2022-10-03 13:49:03,24,-6,3684.5,15893
2022-10-03 13:49:04,42,-10,3684.5,15883
2022-10-03 13:49:05,43,11,3684.75,15894
2022-10-03 13:49:06,27,11,3684.75,15905
2022-10-03 13:49:07,15,0,3684.75,15905
2022-10-03 13:49:08,18,-5,3684.75,15900
2022-10-03 13:49:09,19,-1,3684.75,15899
2022-10-03 13:49:10,24,5,3684.75,15904
2022-10-03 13:49:11,3,-3,3684.5,15901
2022-10-03 13:49:12,4,4,3684.75,15905
2022-10-03 13:49:13,59,-20,3684.75,15885
2022-10-03 13:49:14,54,10,3685.0,15895
2022-10-03 13:49:15,13,2,3685.0,15897
2022-10-03 13:49:16,8,0,3685.0,15897
2022-10-03 13:49:17,78,-16,3685.25,15881
2022-10-03 13:49:18,27,-11,3685.25,15870
2022-10-03 13:49:19,2,1,3685.0,15871
2022-10-03 13:49:21,65,-1,3685.0,15870
2022-10-03 13:49:22,33,-5,3684.75,15865
2022-10-03 13:49:23,2,-2,3684.5,15863
2022-10-03 13:49:24,2,2,3684.75,15865
2022-10-03 13:49:25,1,1,3684.75,15866
2022-10-03 13:49:26,51,-26,3684.5,15840
2022-10-03 13:49:28,33,-1,3684.25,15839
2022-10-03 13:49:29,29,5,3684.5,15844
2022-10-03 13:49:30,38,4,3684.5,15848
2022-10-03 13:49:31,17,6,3684.75,15854
2022-10-03 13:49:32,3,3,3685.0,15857
2022-10-03 13:49:33,7,-3,3684.75,15854
2022-10-03 13:49:34,28,20,3684.75,15874
2022-10-03 13:49:35,32,-16,3684.75,15858
2022-10-03 13:49:36,7,7,3684.75,15865
2022-10-03 13:49:37,39,-4,3684.75,15861
2022-10-03 13:49:38,67,23,3685.0,15884
2022-10-03 13:49:39,12,6,3685.25,15890
2022-10-03 13:49:40,23,19,3685.5,15909
2022-10-03 13:49:41,3,-1,3685.5,15908
2022-10-03 13:49:42,9,-7,3685.25,15901
2022-10-03 13:49:43,21,4,3685.25,15905
2022-10-03 13:49:44,120,41,3685.75,15946
2022-10-03 13:49:45,29,0,3685.75,15946
2022-10-03 13:49:46,29,-20,3685.75,15926
2022-10-03 13:49:47,48,11,3685.75,15937
2022-10-03 13:49:48,1,1,3685.5,15938
2022-10-03 13:49:49,16,13,3685.5,15951
2022-10-03 13:49:50,28,-11,3685.5,15940
2022-10-03 13:49:51,16,9,3685.75,15949
2022-10-03 13:49:52,16,0,3685.75,15949
2022-10-03 13:49:53,15,-13,3685.5,15936
2022-10-03 13:49:54,33,8,3685.75,15944
2022-10-03 13:49:55,9,7,3685.5,15951
2022-10-03 13:49:56,11,-10,3685.5,15941
2022-10-03 13:49:57,29,-12,3685.75,15929
2022-10-03 13:49:58,10,9,3685.5,15938
2022-10-03 13:50:00,28,-6,3685.75,15932
2022-10-03 13:50:01,61,-8,3685.25,15924
2022-10-03 13:50:02,32,7,3685.0,15931
2022-10-03 13:50:03,27,-2,3685.0,15929
2022-10-03 13:50:04,16,-6,3685.25,15923
2022-10-03 13:50:05,18,9,3685.25,15932
2022-10-03 13:50:06,22,10,3685.5,15942
2022-10-03 13:50:07,12,0,3685.5,15942
2022-10-03 13:50:08,39,-1,3685.25,15941
2022-10-03 13:50:09,16,4,3685.25,15945
2022-10-03 13:50:10,19,10,3685.5,15955
2022-10-03 13:50:11,28,-7,3685.25,15948
2022-10-03 13:50:12,11,2,3685.25,15950
2022-10-03 13:50:13,2,-2,3685.0,15948
2022-10-03 13:50:14,22,-3,3685.25,15945
2022-10-03 13:50:15,8,8,3685.5,15953
2022-10-03 13:50:17,2,1,3685.5,15954
2022-10-03 13:50:18,42,-6,3685.25,15948
2022-10-03 13:50:19,3,-3,3685.25,15945
2022-10-03 13:50:20,28,-18,3685.0,15927
2022-10-03 13:50:21,20,-16,3684.75,15911
2022-10-03 13:50:22,25,-11,3684.75,15900
2022-10-03 13:50:23,19,13,3684.5,15913
2022-10-03 13:50:24,48,-33,3684.5,15880
2022-10-03 13:50:25,35,-15,3684.5,15865
2022-10-03 13:50:26,1,-1,3684.25,15864
2022-10-03 13:50:27,11,-10,3684.25,15854
2022-10-03 13:50:28,126,-21,3684.0,15833
2022-10-03 13:50:29,43,0,3684.0,15833
2022-10-03 13:50:30,4,0,3684.25,15833
2022-10-03 13:50:31,66,21,3684.25,15854
2022-10-03 13:50:32,27,-9,3684.25,15845
2022-10-03 13:50:33,56,-12,3684.25,15833
2022-10-03 13:50:34,14,-13,3684.0,15820
2022-10-03 13:50:35,4,0,3684.25,15820
2022-10-03 13:50:36,5,4,3684.25,15824
2022-10-03 13:50:37,26,-14,3684.0,15810
2022-10-03 13:50:38,157,111,3684.25,15921
2022-10-03 13:50:39,25,-15,3684.0,15906
2022-10-03 13:50:40,18,14,3684.25,15920
2022-10-03 13:50:41,58,8,3684.25,15928
2022-10-03 13:50:42,22,-3,3684.5,15925
2022-10-03 13:50:43,19,-15,3684.25,15910
2022-10-03 13:50:44,47,-7,3684.25,15903
2022-10-03 13:50:45,13,2,3684.25,15905
2022-10-03 13:50:46,5,4,3684.25,15909
2022-10-03 13:50:47,31,-10,3684.0,15899
2022-10-03 13:50:48,50,-5,3684.0,15894
2022-10-03 13:50:49,54,-11,3683.75,15883
2022-10-03 13:50:50,27,-2,3683.75,15881
2022-10-03 13:50:51,127,-66,3683.75,15815
2022-10-03 13:50:52,201,-50,3683.5,15765
2022-10-03 13:50:53,116,16,3683.5,15781
2022-10-03 13:50:54,58,11,3683.75,15792
2022-10-03 13:50:55,47,5,3683.75,15797
2022-10-03 13:50:56,36,8,3683.75,15805
2022-10-03 13:50:57,22,18,3684.0,15823
2022-10-03 13:50:58,43,16,3684.25,15839
2022-10-03 13:50:59,58,-7,3684.0,15832
2022-10-03 13:51:00,12,-1,3684.0,15831
2022-10-03 13:51:01,32,6,3684.25,15837
2022-10-03 13:51:02,3,-3,3684.0,15834
2022-10-03 13:51:03,60,12,3684.0,15846
2022-10-03 13:51:04,31,-2,3684.25,15844
2022-10-03 13:51:05,18,-11,3683.75,15833
2022-10-03 13:51:06,17,2,3683.75,15835
2022-10-03 13:51:07,41,5,3683.75,15840
2022-10-03 13:51:08,2,0,3683.75,15840
2022-10-03 13:51:09,1,-1,3683.5,15839
2022-10-03 13:51:10,91,-2,3684.0,15837
2022-10-03 13:51:11,126,64,3683.75,15901
2022-10-03 13:51:12,58,30,3683.75,15931
2022-10-03 13:51:13,4,4,3683.75,15935
2022-10-03 13:51:14,15,15,3683.75,15950
2022-10-03 13:51:15,1,1,3683.75,15951
2022-10-03 13:51:16,3,2,3683.75,15953
2022-10-03 13:51:17,4,-3,3683.5,15950
2022-10-03 13:51:18,190,-28,3683.75,15922
2022-10-03 13:51:19,3,0,3683.75,15922
2022-10-03 13:51:20,1,1,3683.75,15923
2022-10-03 13:51:21,40,24,3683.75,15947
2022-10-03 13:51:22,2,-2,3683.75,15945
2022-10-03 13:51:23,74,-16,3683.75,15929
2022-10-03 13:51:24,92,-4,3683.5,15925
2022-10-03 13:51:25,15,11,3683.5,15936
2022-10-03 13:51:28,123,-9,3683.5,15927
2022-10-03 13:51:29,3,3,3683.75,15930
2022-10-03 13:51:30,153,27,3684.0,15957
2022-10-03 13:51:31,29,19,3683.75,15976
2022-10-03 13:51:32,11,-1,3683.75,15975
2022-10-03 13:51:33,1,-1,3683.75,15974
2022-10-03 13:51:35,48,-2,3684.0,15972
2022-10-03 13:51:36,8,0,3684.0,15972
2022-10-03 13:51:37,10,7,3684.0,15979
2022-10-03 13:51:38,1,-1,3684.0,15978
2022-10-03 13:51:39,2,-2,3684.0,15976
2022-10-03 13:51:40,51,0,3684.0,15976
2022-10-03 13:51:41,49,13,3684.5,15989
2022-10-03 13:51:42,34,10,3684.25,15999
2022-10-03 13:51:43,10,-1,3684.5,15998
2022-10-03 13:51:44,14,12,3684.25,16010
2022-10-03 13:51:45,4,2,3684.5,16012
2022-10-03 13:51:46,9,8,3684.5,16020
2022-10-03 13:51:47,27,21,3684.75,16041
2022-10-03 13:51:48,7,4,3684.75,16045
2022-10-03 13:51:49,18,17,3684.75,16062
2022-10-03 13:51:50,56,-18,3684.5,16044
2022-10-03 13:51:51,6,4,3684.5,16048
2022-10-03 13:51:52,1,1,3684.5,16049
2022-10-03 13:51:53,24,-10,3684.25,16039
2022-10-03 13:51:54,20,-6,3684.25,16033
2022-10-03 13:51:55,1,1,3684.25,16034
2022-10-03 13:51:56,30,-15,3684.0,16019
2022-10-03 13:51:57,16,0,3684.0,16019
2022-10-03 13:51:59,60,0,3684.0,16019
2022-10-03 13:52:00,4,2,3684.0,16021
2022-10-03 13:52:01,57,10,3684.0,16031
2022-10-03 13:52:02,19,0,3684.0,16031
2022-10-03 13:52:03,13,-5,3684.0,16026
2022-10-03 13:52:04,12,-3,3684.0,16023
2022-10-03 13:52:05,2,0,3684.25,16023
2022-10-03 13:52:06,35,-17,3684.0,16006
2022-10-03 13:52:07,6,6,3684.0,16012
2022-10-03 13:52:08,43,-3,3684.0,16009
2022-10-03 13:52:09,16,-10,3683.75,15999
2022-10-03 13:52:10,22,1,3684.0,16000
2022-10-03 13:52:11,4,-3,3683.75,15997
2022-10-03 13:52:12,28,5,3683.75,16002
2022-10-03 13:52:14,32,3,3683.75,16005
2022-10-03 13:52:15,37,14,3684.25,16019
2022-10-03 13:52:16,38,-13,3683.75,16006
2022-10-03 13:52:17,10,-8,3683.75,15998
2022-10-03 13:52:18,10,-10,3683.5,15988
2022-10-03 13:52:20,28,10,3683.5,15998
2022-10-03 13:52:21,37,19,3683.75,16017
2022-10-03 13:52:22,12,-3,3684.0,16014
2022-10-03 13:52:23,1,1,3684.0,16015
2022-10-03 13:52:24,32,5,3683.75,16020
2022-10-03 13:52:25,6,4,3683.75,16024
2022-10-03 13:52:26,8,-3,3683.75,16021
2022-10-03 13:52:27,33,-10,3684.0,16011
2022-10-03 13:52:28,1,-1,3683.75,16010
2022-10-03 13:52:29,13,9,3684.0,16019
2022-10-03 13:52:30,46,21,3684.5,16040
2022-10-03 13:52:31,53,-1,3684.25,16039
2022-10-03 13:52:32,6,4,3684.25,16043
2022-10-03 13:52:34,12,8,3684.5,16051
2022-10-03 13:52:35,2,0,3684.5,16051
2022-10-03 13:52:36,17,10,3684.5,16061
2022-10-03 13:52:37,59,-15,3684.25,16046
2022-10-03 13:52:38,57,-18,3684.0,16028
2022-10-03 13:52:39,43,-1,3683.75,16027
2022-10-03 13:52:40,9,9,3684.0,16036
2022-10-03 13:52:41,2,-2,3684.0,16034
2022-10-03 13:52:42,24,-10,3684.0,16024
2022-10-03 13:52:43,39,-17,3683.75,16007
2022-10-03 13:52:44,65,20,3683.75,16027
2022-10-03 13:52:45,16,6,3683.5,16033
2022-10-03 13:52:46,35,8,3683.5,16041
2022-10-03 13:52:47,58,16,3683.75,16057
2022-10-03 13:52:48,4,1,3684.0,16058
2022-10-03 13:52:50,82,6,3684.0,16064
2022-10-03 13:52:51,4,-3,3684.0,16061
2022-10-03 13:52:53,65,3,3684.25,16064
2022-10-03 13:52:54,17,1,3684.25,16065
2022-10-03 13:52:55,58,3,3684.25,16068
2022-10-03 13:52:56,27,-3,3684.25,16065
2022-10-03 13:52:57,10,7,3684.25,16072
2022-10-03 13:52:58,11,-6,3684.25,16066
2022-10-03 13:53:00,242,144,3684.75,16210
2022-10-03 13:53:01,10,-8,3684.5,16202
2022-10-03 13:53:02,17,-9,3684.5,16193
2022-10-03 13:53:03,9,1,3684.25,16194
2022-10-03 13:53:04,13,1,3684.25,16195
2022-10-03 13:53:05,19,11,3684.25,16206
2022-10-03 13:53:07,6,5,3684.25,16211
2022-10-03 13:53:08,28,-3,3684.25,16208
2022-10-03 13:53:09,8,4,3684.25,16212
2022-10-03 13:53:10,29,-10,3684.25,16202
2022-10-03 13:53:12,40,-21,3684.0,16181
2022-10-03 13:53:13,24,-13,3683.75,16168
2022-10-03 13:53:14,5,-3,3683.5,16165
2022-10-03 13:53:15,19,0,3683.75,16165
2022-10-03 13:53:16,2,0,3683.75,16165
2022-10-03 13:53:17,22,-17,3683.5,16148
2022-10-03 13:53:19,22,13,3683.75,16161
2022-10-03 13:53:20,10,-7,3684.0,16154
2022-10-03 13:53:21,31,3,3683.75,16157
2022-10-03 13:53:22,41,17,3683.75,16174
2022-10-03 13:53:23,35,9,3684.0,16183
2022-10-03 13:53:24,1,1,3684.0,16184
2022-10-03 13:53:25,1,-1,3684.0,16183
2022-10-03 13:53:26,2,-1,3684.0,16182
2022-10-03 13:53:27,59,-5,3684.0,16177
2022-10-03 13:53:28,44,-20,3683.75,16157
2022-10-03 13:53:29,3,-2,3683.75,16155
2022-10-03 13:53:30,24,15,3684.25,16170
2022-10-03 13:53:31,32,-2,3684.25,16168
2022-10-03 13:53:32,27,1,3684.25,16169
2022-10-03 13:53:33,45,-8,3684.25,16161
2022-10-03 13:53:35,120,12,3684.5,16173
2022-10-03 13:53:36,1,-1,3684.0,16172
2022-10-03 13:53:37,42,2,3684.0,16174
2022-10-03 13:53:39,15,-10,3683.75,16164
2022-10-03 13:53:40,74,-11,3683.75,16153
2022-10-03 13:53:41,51,4,3684.0,16157
2022-10-03 13:53:42,12,0,3683.75,16157
2022-10-03 13:53:43,15,6,3684.0,16163
2022-10-03 13:53:44,12,-9,3683.75,16154
2022-10-03 13:53:45,6,-5,3683.75,16149
2022-10-03 13:53:46,1,-1,3683.75,16148
2022-10-03 13:53:47,1,-1,3683.75,16147
2022-10-03 13:53:48,8,6,3684.0,16153
2022-10-03 13:53:49,58,-11,3684.0,16142
2022-10-03 13:53:50,50,-7,3683.5,16135
2022-10-03 13:53:51,33,3,3683.75,16138
2022-10-03 13:53:52,1,-1,3683.75,16137
2022-10-03 13:53:55,42,26,3684.0,16163
2022-10-03 13:53:56,1,-1,3684.0,16162
2022-10-03 13:53:57,46,-9,3684.0,16153
2022-10-03 13:53:58,64,11,3684.25,16164
2022-10-03 13:54:00,15,-3,3684.25,16161
2022-10-03 13:54:01,15,11,3684.5,16172
2022-10-03 13:54:03,33,17,3684.75,16189
2022-10-03 13:54:04,57,-34,3684.5,16155
2022-10-03 13:54:06,62,-4,3684.0,16151
2022-10-03 13:54:08,20,0,3683.75,16151
2022-10-03 13:54:09,14,-1,3683.75,16150
2022-10-03 13:54:10,25,7,3683.75,16157
2022-10-03 13:54:11,5,1,3683.75,16158
2022-10-03 13:54:12,43,10,3683.75,16168
2022-10-03 13:54:13,46,-4,3683.75,16164
2022-10-03 13:54:14,5,1,3683.5,16165
2022-10-03 13:54:15,50,18,3683.75,16183
2022-10-03 13:54:16,60,-24,3683.5,16159
2022-10-03 13:54:17,15,7,3683.5,16166
2022-10-03 13:54:18,14,1,3683.75,16167
2022-10-03 13:54:19,38,8,3683.5,16175
2022-10-03 13:54:20,22,-1,3683.5,16174
2022-10-03 13:54:21,52,21,3683.75,16195
2022-10-03 13:54:22,1,-1,3683.5,16194
2022-10-03 13:54:23,26,-17,3683.5,16177
2022-10-03 13:54:24,69,14,3683.5,16191
2022-10-03 13:54:25,2,-2,3683.25,16189
2022-10-03 13:54:26,4,-3,3683.25,16186
2022-10-03 13:54:27,43,-30,3683.25,16156
2022-10-03 13:54:28,85,59,3683.5,16215
2022-10-03 13:54:29,3,-1,3683.5,16214
2022-10-03 13:54:30,20,-9,3683.25,16205
2022-10-03 13:54:31,26,-7,3683.25,16198
2022-10-03 13:54:32,134,-12,3683.25,16186
2022-10-03 13:54:33,94,13,3683.5,16199
2022-10-03 13:54:34,17,8,3683.5,16207
2022-10-03 13:54:35,29,-5,3683.75,16202
2022-10-03 13:54:36,28,5,3683.5,16207
2022-10-03 13:54:37,5,-5,3683.5,16202
2022-10-03 13:54:38,58,-28,3683.25,16174
2022-10-03 13:54:39,53,5,3683.25,16179
2022-10-03 13:54:40,3,-3,3683.0,16176
2022-10-03 13:54:41,25,-1,3683.0,16175
2022-10-03 13:54:42,74,-55,3682.75,16120
2022-10-03 13:54:43,3,-1,3683.0,16119
2022-10-03 13:54:45,6,-6,3682.75,16113
2022-10-03 13:54:46,34,14,3683.0,16127
2022-10-03 13:54:47,299,-56,3682.75,16071
2022-10-03 13:54:48,129,10,3683.0,16081
2022-10-03 13:54:49,3,-1,3683.0,16080
2022-10-03 13:54:50,14,-7,3682.75,16073
2022-10-03 13:54:51,10,2,3682.75,16075
2022-10-03 13:54:52,13,9,3683.0,16084
2022-10-03 13:54:53,387,54,3683.0,16138
2022-10-03 13:54:54,11,-6,3683.0,16132
2022-10-03 13:54:55,62,-9,3682.75,16123
2022-10-03 13:54:56,43,-17,3682.75,16106
2022-10-03 13:54:57,3,-3,3682.5,16103
2022-10-03 13:54:58,69,6,3682.75,16109
2022-10-03 13:54:59,40,16,3682.75,16125
2022-10-03 13:55:00,89,-12,3682.75,16113
2022-10-03 13:55:01,18,9,3682.5,16122
2022-10-03 13:55:02,131,-59,3682.5,16063
2022-10-03 13:55:03,79,-32,3682.25,16031
2022-10-03 13:55:04,217,-28,3681.5,16003
2022-10-03 13:55:05,145,-17,3681.5,15986
2022-10-03 13:55:06,33,6,3681.75,15992
2022-10-03 13:55:07,15,-10,3681.75,15982
2022-10-03 13:55:08,6,-2,3681.75,15980
2022-10-03 13:55:09,31,-6,3681.5,15974
2022-10-03 13:55:10,21,-1,3681.5,15973
2022-10-03 13:55:11,17,-11,3681.75,15962
2022-10-03 13:55:12,48,-12,3681.5,15950
2022-10-03 13:55:13,33,3,3681.5,15953
2022-10-03 13:55:14,33,-10,3681.5,15943
2022-10-03 13:55:15,121,-29,3681.75,15914
2022-10-03 13:55:16,139,46,3681.75,15960
2022-10-03 13:55:17,104,27,3682.0,15987
2022-10-03 13:55:18,2,0,3682.0,15987
2022-10-03 13:55:19,56,40,3682.25,16027
2022-10-03 13:55:20,60,-25,3682.25,16002
2022-10-03 13:55:21,1,-1,3681.75,16001
2022-10-03 13:55:22,9,-6,3682.0,15995
2022-10-03 13:55:23,35,-4,3681.75,15991
2022-10-03 13:55:24,89,-19,3681.75,15972
2022-10-03 13:55:25,16,-7,3681.75,15965
2022-10-03 13:55:26,34,-12,3681.75,15953
2022-10-03 13:55:27,17,-8,3681.75,15945
2022-10-03 13:55:28,68,-6,3681.75,15939
2022-10-03 13:55:29,4,-4,3681.5,15935
2022-10-03 13:55:30,81,36,3682.0,15971
2022-10-03 13:55:31,38,2,3682.0,15973
2022-10-03 13:55:32,24,-7,3681.75,15966
2022-10-03 13:55:33,27,-1,3681.75,15965
2022-10-03 13:55:34,2,-2,3681.5,15963
2022-10-03 13:55:35,48,-10,3681.5,15953
2022-10-03 13:55:36,26,9,3681.75,15962
2022-10-03 13:55:37,15,6,3681.5,15968
2022-10-03 13:55:38,1,1,3681.75,15969
2022-10-03 13:55:39,12,6,3681.75,15975
2022-10-03 13:55:40,85,-28,3681.75,15947
2022-10-03 13:55:41,51,3,3681.5,15950
2022-10-03 13:55:42,29,-14,3681.75,15936
2022-10-03 13:55:43,25,0,3681.75,15936
2022-10-03 13:55:44,57,-23,3681.75,15913
2022-10-03 13:55:45,118,4,3681.75,15917
2022-10-03 13:55:46,78,-3,3681.75,15914
2022-10-03 13:55:47,28,-11,3681.5,15903
2022-10-03 13:55:48,37,-21,3681.25,15882
2022-10-03 13:55:49,3,-3,3681.25,15879
2022-10-03 13:55:50,48,7,3681.75,15886
2022-10-03 13:55:51,35,-4,3681.75,15882
2022-10-03 13:55:52,35,-15,3681.5,15867
2022-10-03 13:55:54,58,-6,3681.5,15861
2022-10-03 13:55:55,29,20,3681.5,15881
2022-10-03 13:55:56,96,-42,3681.5,15839
2022-10-03 13:55:57,37,-6,3681.75,15833
2022-10-03 13:55:58,33,23,3681.75,15856
2022-10-03 13:55:59,17,-6,3681.75,15850
2022-10-03 13:56:00,55,-24,3681.5,15826
2022-10-03 13:56:01,57,-2,3681.75,15824
2022-10-03 13:56:02,44,11,3681.75,15835
2022-10-03 13:56:03,13,-2,3681.75,15833
2022-10-03 13:56:04,58,6,3681.75,15839
2022-10-03 13:56:05,7,5,3681.75,15844
2022-10-03 13:56:06,79,-7,3681.5,15837
2022-10-03 13:56:07,37,1,3681.5,15838
2022-10-03 13:56:08,6,0,3681.5,15838
2022-10-03 13:56:09,17,5,3681.5,15843
2022-10-03 13:56:10,17,6,3681.5,15849
2022-10-03 13:56:11,64,-33,3681.5,15816
2022-10-03 13:56:12,50,-30,3681.25,15786
2022-10-03 13:56:13,95,-1,3681.25,15785
2022-10-03 13:56:14,101,-67,3681.0,15718
2022-10-03 13:56:15,14,-4,3681.0,15714
2022-10-03 13:56:16,11,7,3681.0,15721
2022-10-03 13:56:17,6,2,3681.25,15723
2022-10-03 13:56:18,45,-7,3681.25,15716
2022-10-03 13:56:19,47,13,3681.25,15729
2022-10-03 13:56:20,52,-1,3681.25,15728
2022-10-03 13:56:21,98,-61,3681.5,15667
2022-10-03 13:56:22,2,0,3681.5,15667
2022-10-03 13:56:23,12,12,3681.75,15679
2022-10-03 13:56:24,37,19,3681.75,15698
2022-10-03 13:56:25,41,-10,3682.0,15688
2022-10-03 13:56:26,15,10,3682.0,15698
2022-10-03 13:56:27,2,0,3682.0,15698
2022-10-03 13:56:28,87,18,3682.0,15716
2022-10-03 13:56:29,5,3,3682.0,15719
2022-10-03 13:56:30,1,1,3682.0,15720
2022-10-03 13:56:31,90,-27,3682.0,15693
2022-10-03 13:56:33,36,-22,3682.0,15671
2022-10-03 13:56:34,23,-1,3681.5,15670
2022-10-03 13:56:35,32,-11,3681.75,15659
2022-10-03 13:56:36,52,17,3681.75,15676
2022-10-03 13:56:37,19,2,3681.75,15678
2022-10-03 13:56:38,3,-1,3681.75,15677
2022-10-03 13:56:39,50,-1,3681.75,15676
2022-10-03 13:56:40,5,4,3681.5,15680
2022-10-03 13:56:41,22,18,3681.75,15698
2022-10-03 13:56:42,8,-8,3681.5,15690
2022-10-03 13:56:43,9,4,3681.5,15694
2022-10-03 13:56:45,2,2,3681.75,15696
2022-10-03 13:56:46,16,-4,3681.5,15692
2022-10-03 13:56:47,27,2,3681.5,15694
2022-10-03 13:56:48,4,1,3681.5,15695
2022-10-03 13:56:50,40,0,3681.75,15695
2022-10-03 13:56:51,26,14,3681.75,15709
2022-10-03 13:56:52,77,20,3682.25,15729
2022-10-03 13:56:53,14,7,3682.0,15736
2022-10-03 13:56:54,83,-1,3682.25,15735
2022-10-03 13:56:55,11,8,3682.0,15743
2022-10-03 13:56:56,29,24,3682.25,15767
2022-10-03 13:56:57,30,-2,3682.25,15765
2022-10-03 13:56:58,5,3,3682.25,15768
2022-10-03 13:56:59,92,43,3682.75,15811
2022-10-03 13:57:00,34,-12,3682.5,15799
2022-10-03 13:57:01,11,11,3682.5,15810
2022-10-03 13:57:02,22,-16,3682.5,15794
2022-10-03 13:57:03,93,-67,3682.5,15727
2022-10-03 13:57:04,35,2,3682.0,15729
2022-10-03 13:57:05,44,5,3682.25,15734
2022-10-03 13:57:06,11,-7,3682.0,15727
2022-10-03 13:57:07,2,0,3682.0,15727
2022-10-03 13:57:09,22,-12,3681.75,15715
2022-10-03 13:57:10,52,10,3682.0,15725
2022-10-03 13:57:11,6,-4,3682.0,15721
2022-10-03 13:57:12,4,2,3682.0,15723
2022-10-03 13:57:13,55,37,3682.5,15760
2022-10-03 13:57:14,25,0,3682.25,15760
2022-10-03 13:57:15,26,-8,3682.0,15752
2022-10-03 13:57:16,15,-4,3681.75,15748
2022-10-03 13:57:17,19,4,3682.0,15752
2022-10-03 13:57:18,28,22,3682.0,15774
2022-10-03 13:57:19,34,-15,3682.25,15759
2022-10-03 13:57:20,20,12,3682.25,15771
2022-10-03 13:57:21,35,-15,3682.0,15756
2022-10-03 13:57:23,28,-4,3681.75,15752
2022-10-03 13:57:24,14,1,3681.75,15753
2022-10-03 13:57:25,46,2,3681.75,15755
2022-10-03 13:57:26,3,3,3682.0,15758
2022-10-03 13:57:27,3,-1,3682.0,15757
2022-10-03 13:57:28,2,0,3681.75,15757
2022-10-03 13:57:29,1,1,3681.75,15758
2022-10-03 13:57:30,2,2,3681.75,15760
2022-10-03 13:57:31,40,-30,3681.5,15730
2022-10-03 13:57:32,10,8,3681.5,15738
2022-10-03 13:57:33,24,11,3681.75,15749
2022-10-03 13:57:35,50,12,3682.0,15761
2022-10-03 13:57:36,2,-1,3681.75,15760
2022-10-03 13:57:38,1,1,3682.0,15761
2022-10-03 13:57:39,34,-18,3681.75,15743
2022-10-03 13:57:40,29,22,3682.25,15765
2022-10-03 13:57:41,31,22,3682.25,15787
2022-10-03 13:57:42,26,-7,3682.5,15780
2022-10-03 13:57:43,17,16,3682.5,15796
2022-10-03 13:57:44,29,5,3682.75,15801
2022-10-03 13:57:45,95,13,3682.75,15814
2022-10-03 13:57:46,40,0,3682.75,15814
2022-10-03 13:57:47,22,17,3683.0,15831
2022-10-03 13:57:48,58,-14,3683.0,15817
2022-10-03 13:57:49,12,4,3682.75,15821
2022-10-03 13:57:51,508,8,3683.25,15829
2022-10-03 13:57:52,90,19,3683.0,15848
2022-10-03 13:57:53,28,-8,3683.0,15840
2022-10-03 13:57:54,114,31,3683.0,15871
2022-10-03 13:57:55,3,3,3683.0,15874
2022-10-03 13:57:56,80,16,3683.0,15890
2022-10-03 13:57:57,6,5,3683.0,15895
2022-10-03 13:57:58,17,10,3683.0,15905
2022-10-03 13:57:59,84,47,3683.25,15952
2022-10-03 13:58:00,21,-14,3683.25,15938
2022-10-03 13:58:01,107,-4,3683.0,15934
2022-10-03 13:58:02,47,-16,3682.5,15918
2022-10-03 13:58:03,10,0,3682.5,15918
2022-10-03 13:58:04,31,-7,3682.5,15911
2022-10-03 13:58:05,14,7,3682.5,15918
2022-10-03 13:58:06,43,-15,3682.75,15903
2022-10-03 13:58:07,19,8,3682.75,15911
2022-10-03 13:58:08,41,2,3682.75,15913
2022-10-03 13:58:09,4,1,3682.75,15914
2022-10-03 13:58:10,22,-12,3682.5,15902
2022-10-03 13:58:11,25,6,3682.75,15908
2022-10-03 13:58:12,3,-2,3682.25,15906
2022-10-03 13:58:13,22,-17,3682.25,15889
2022-10-03 13:58:14,26,0,3682.25,15889
2022-10-03 13:58:15,9,4,3682.25,15893
2022-10-03 13:58:16,1,1,3682.25,15894
2022-10-03 13:58:20,31,18,3682.5,15912
2022-10-03 13:58:21,1,1,3682.5,15913
2022-10-03 13:58:22,12,7,3682.5,15920
2022-10-03 13:58:23,3,1,3682.75,15921
2022-10-03 13:58:24,1,1,3682.75,15922
2022-10-03 13:58:25,3,1,3682.75,15923
2022-10-03 13:58:26,18,7,3682.75,15930
2022-10-03 13:58:27,23,-15,3682.5,15915
2022-10-03 13:58:28,31,-11,3682.5,15904
2022-10-03 13:58:29,14,-13,3682.0,15891
2022-10-03 13:58:30,66,16,3682.25,15907
2022-10-03 13:58:31,32,8,3682.0,15915
2022-10-03 13:58:32,23,3,3682.0,15918
2022-10-03 13:58:35,1,-1,3681.75,15917
2022-10-03 13:58:36,41,9,3682.25,15926
2022-10-03 13:58:37,2,0,3682.25,15926
2022-10-03 13:58:38,5,-3,3682.0,15923
2022-10-03 13:58:39,10,-9,3682.0,15914
2022-10-03 13:58:40,32,5,3682.25,15919
2022-10-03 13:58:41,17,-8,3682.25,15911
2022-10-03 13:58:43,37,5,3682.25,15916
2022-10-03 13:58:44,6,-2,3682.25,15914
2022-10-03 13:58:45,13,-7,3682.25,15907
2022-10-03 13:58:49,56,17,3682.5,15924
2022-10-03 13:58:51,10,3,3682.5,15927
2022-10-03 13:58:52,25,-4,3682.5,15923
2022-10-03 13:58:53,1,1,3682.5,15924
2022-10-03 13:58:55,54,-22,3682.25,15902
2022-10-03 13:58:56,2,0,3682.25,15902
2022-10-03 13:58:58,36,-16,3682.25,15886
2022-10-03 13:58:59,28,-2,3681.75,15884
2022-10-03 13:59:00,35,-2,3681.75,15882
2022-10-03 13:59:01,52,1,3681.75,15883
2022-10-03 13:59:02,42,33,3681.75,15916
2022-10-03 13:59:04,9,-7,3681.75,15909
2022-10-03 13:59:05,7,4,3681.75,15913
2022-10-03 13:59:06,24,8,3681.75,15921
2022-10-03 13:59:07,1,-1,3681.75,15920
2022-10-03 13:59:08,70,-42,3681.75,15878
2022-10-03 13:59:09,9,3,3681.5,15881
2022-10-03 13:59:10,22,4,3681.75,15885
2022-10-03 13:59:11,2,-2,3681.5,15883
2022-10-03 13:59:14,52,-33,3681.5,15850
2022-10-03 13:59:15,178,33,3682.0,15883
2022-10-03 13:59:16,28,-8,3682.0,15875
2022-10-03 13:59:17,9,2,3681.75,15877
2022-10-03 13:59:18,1,1,3681.75,15878
2022-10-03 13:59:19,22,5,3681.75,15883
2022-10-03 13:59:20,2,0,3682.0,15883
2022-10-03 13:59:21,13,7,3682.25,15890
2022-10-03 13:59:22,2,2,3682.25,15892
2022-10-03 13:59:23,3,3,3682.25,15895
2022-10-03 13:59:24,17,2,3682.25,15897
2022-10-03 13:59:25,42,-9,3682.5,15888
2022-10-03 13:59:26,28,6,3682.5,15894
2022-10-03 13:59:27,5,2,3682.5,15896
2022-10-03 13:59:28,63,-2,3682.5,15894
2022-10-03 13:59:29,4,4,3682.75,15898
2022-10-03 13:59:30,4,0,3682.75,15898
2022-10-03 13:59:31,173,61,3683.0,15959
2022-10-03 13:59:32,85,24,3683.0,15983
2022-10-03 13:59:33,106,-48,3682.75,15935
2022-10-03 13:59:34,1,-1,3682.75,15934
2022-10-03 13:59:35,52,-16,3683.0,15918
2022-10-03 13:59:36,1,1,3683.0,15919
2022-10-03 13:59:37,114,-1,3682.75,15918
2022-10-03 13:59:38,2,-2,3682.5,15916
2022-10-03 13:59:39,2,2,3682.75,15918
2022-10-03 13:59:40,33,14,3683.0,15932
2022-10-03 13:59:42,4,0,3683.0,15932
2022-10-03 13:59:43,13,10,3683.0,15942
2022-10-03 13:59:44,27,-20,3682.75,15922
2022-10-03 13:59:45,1,1,3683.0,15923
2022-10-03 13:59:46,55,-3,3682.75,15920
2022-10-03 13:59:47,6,-1,3682.25,15919
2022-10-03 13:59:48,4,0,3682.5,15919
2022-10-03 13:59:49,36,-10,3682.25,15909
2022-10-03 13:59:50,39,3,3682.25,15912
2022-10-03 13:59:51,1,1,3682.0,15913
2022-10-03 13:59:52,13,-8,3682.0,15905
2022-10-03 13:59:53,24,12,3682.0,15917
2022-10-03 13:59:54,32,-13,3682.25,15904
2022-10-03 13:59:55,20,15,3682.0,15919
2022-10-03 13:59:56,21,10,3682.25,15929
2022-10-03 13:59:57,7,7,3682.5,15936
2022-10-03 13:59:58,11,5,3682.5,15941
2022-10-03 13:59:59,10,-6,3682.25,15935
2022-10-03 14:00:00,93,47,3683.0,15982
2022-10-03 14:00:01,241,-12,3683.0,15970
2022-10-03 14:00:02,92,-13,3683.0,15957
2022-10-03 14:00:03,45,-8,3683.0,15949
2022-10-03 14:00:04,41,27,3682.75,15976
2022-10-03 14:00:05,36,-6,3682.75,15970
2022-10-03 14:00:06,34,-3,3683.0,15967
2022-10-03 14:00:07,2,0,3682.75,15967
2022-10-03 14:00:08,32,-13,3682.5,15954
2022-10-03 14:00:09,58,19,3682.75,15973
2022-10-03 14:00:10,2,0,3683.0,15973
2022-10-03 14:00:11,64,10,3683.0,15983
2022-10-03 14:00:12,66,-2,3683.0,15981
2022-10-03 14:00:13,9,2,3683.0,15983
2022-10-03 14:00:14,11,-11,3682.75,15972
2022-10-03 14:00:15,119,18,3683.0,15990
2022-10-03 14:00:16,88,49,3683.0,16039
2022-10-03 14:00:17,8,-1,3683.0,16038
2022-10-03 14:00:18,9,5,3683.0,16043
2022-10-03 14:00:19,3,1,3683.0,16044
2022-10-03 14:00:20,50,26,3683.0,16070
2022-10-03 14:00:21,5,5,3683.0,16075
2022-10-03 14:00:22,1,1,3683.0,16076
2022-10-03 14:00:23,7,6,3683.0,16082
2022-10-03 14:00:24,45,-7,3682.75,16075
2022-10-03 14:00:25,101,48,3683.0,16123
2022-10-03 14:00:26,195,35,3683.25,16158
2022-10-03 14:00:27,38,-15,3683.0,16143
2022-10-03 14:00:29,106,18,3682.75,16161
2022-10-03 14:00:30,71,-30,3683.0,16131
2022-10-03 14:00:31,57,-2,3682.75,16129
2022-10-03 14:00:33,50,24,3683.0,16153
2022-10-03 14:00:34,203,47,3683.0,16200
2022-10-03 14:00:35,134,4,3683.5,16204
2022-10-03 14:00:36,23,15,3683.5,16219
2022-10-03 14:00:37,19,-14,3683.25,16205
2022-10-03 14:00:38,28,13,3683.5,16218
2022-10-03 14:00:39,2,2,3683.5,16220
2022-10-03 14:00:40,53,9,3683.5,16229
2022-10-03 14:00:41,15,13,3683.75,16242
2022-10-03 14:00:42,12,9,3683.75,16251
2022-10-03 14:00:43,24,13,3683.75,16264
2022-10-03 14:00:44,55,-12,3683.75,16252
2022-10-03 14:00:45,5,4,3683.5,16256
2022-10-03 14:00:46,108,12,3684.0,16268
2022-10-03 14:00:47,3,1,3684.0,16269
2022-10-03 14:00:48,49,16,3684.0,16285
2022-10-03 14:00:49,3,-1,3684.0,16284
2022-10-03 14:00:50,24,2,3684.0,16286
2022-10-03 14:00:51,61,15,3684.0,16301
2022-10-03 14:00:52,32,10,3683.75,16311
2022-10-03 14:00:53,12,11,3684.0,16322
2022-10-03 14:00:54,175,50,3684.5,16372
2022-10-03 14:00:55,17,-1,3684.5,16371
2022-10-03 14:00:56,7,3,3684.25,16374
2022-10-03 14:00:57,5,3,3684.25,16377
2022-10-03 14:00:58,13,6,3684.5,16383
2022-10-03 14:00:59,37,21,3684.5,16404
2022-10-03 14:01:00,14,8,3684.5,16412
2022-10-03 14:01:01,88,-27,3684.5,16385
2022-10-03 14:01:02,38,-5,3684.0,16380
2022-10-03 14:01:03,39,0,3684.0,16380
2022-10-03 14:01:04,11,-11,3683.75,16369
2022-10-03 14:01:05,47,10,3684.0,16379
2022-10-03 14:01:06,21,4,3684.0,16383
2022-10-03 14:01:07,1,-1,3683.75,16382
2022-10-03 14:01:08,14,12,3684.0,16394
2022-10-03 14:01:09,56,-8,3684.0,16386
2022-10-03 14:01:10,127,2,3684.25,16388
2022-10-03 14:01:11,83,0,3684.25,16388
2022-10-03 14:01:12,49,28,3684.5,16416
2022-10-03 14:01:13,5,5,3684.5,16421
2022-10-03 14:01:14,27,23,3684.75,16444
2022-10-03 14:01:15,235,13,3685.0,16457
2022-10-03 14:01:16,49,15,3684.75,16472
2022-10-03 14:01:17,2,2,3684.75,16474
2022-10-03 14:01:18,5,3,3684.75,16477
2022-10-03 14:01:19,1,-1,3684.5,16476
2022-10-03 14:01:20,77,-52,3684.75,16424
2022-10-03 14:01:21,2,2,3684.75,16426
2022-10-03 14:01:22,2,0,3684.75,16426
2022-10-03 14:01:23,199,30,3685.0,16456
2022-10-03 14:01:24,71,-5,3685.0,16451
2022-10-03 14:01:25,49,-17,3684.75,16434
2022-10-03 14:01:26,21,11,3684.5,16445
2022-10-03 14:01:27,12,10,3684.5,16455
2022-10-03 14:01:28,16,-5,3684.5,16450
2022-10-03 14:01:29,67,5,3684.75,16455
2022-10-03 14:01:30,40,13,3685.0,16468
2022-10-03 14:01:31,16,14,3685.0,16482
2022-10-03 14:01:32,127,4,3685.25,16486
2022-10-03 14:01:33,351,60,3685.75,16546
2022-10-03 14:01:34,20,13,3685.75,16559
2022-10-03 14:01:35,55,22,3686.0,16581
2022-10-03 14:01:36,108,30,3686.25,16611
2022-10-03 14:01:37,5,3,3686.0,16614
2022-10-03 14:01:38,7,-1,3686.0,16613
2022-10-03 14:01:39,123,-22,3686.0,16591
2022-10-03 14:01:40,98,0,3686.0,16591
2022-10-03 14:01:41,18,-11,3685.5,16580
2022-10-03 14:01:42,7,2,3685.5,16582
2022-10-03 14:01:43,106,75,3685.75,16657
2022-10-03 14:01:44,49,10,3685.75,16667
2022-10-03 14:01:45,5,-4,3685.5,16663
2022-10-03 14:01:46,51,-19,3685.5,16644
2022-10-03 14:01:47,14,-1,3685.5,16643
2022-10-03 14:01:48,60,2,3685.5,16645
2022-10-03 14:01:49,7,0,3685.25,16645
2022-10-03 14:01:50,10,6,3685.25,16651
2022-10-03 14:01:51,64,29,3685.5,16680
2022-10-03 14:01:52,10,-3,3685.5,16677
2022-10-03 14:01:53,5,3,3685.5,16680
2022-10-03 14:01:54,59,6,3685.5,16686
2022-10-03 14:01:55,131,-39,3685.75,16647
2022-10-03 14:01:56,98,28,3685.75,16675
2022-10-03 14:01:57,5,-2,3685.5,16673
2022-10-03 14:01:58,99,9,3686.0,16682
2022-10-03 14:01:59,1,1,3686.0,16683
2022-10-03 14:02:00,6,2,3686.0,16685
2022-10-03 14:02:01,27,5,3686.0,16690
2022-10-03 14:02:02,48,-13,3685.75,16677
2022-10-03 14:02:03,2,-2,3685.5,16675
2022-10-03 14:02:04,19,-8,3685.75,16667
2022-10-03 14:02:05,4,0,3685.75,16667
2022-10-03 14:02:06,124,8,3686.0,16675
2022-10-03 14:02:07,60,22,3686.25,16697
2022-10-03 14:02:08,104,-41,3686.0,16656
2022-10-03 14:02:09,5,2,3686.25,16658
2022-10-03 14:02:10,75,-2,3686.0,16656
2022-10-03 14:02:11,5,-1,3686.25,16655
2022-10-03 14:02:12,12,6,3686.25,16661
2022-10-03 14:02:13,16,9,3686.25,16670
2022-10-03 14:02:14,140,41,3686.25,16711
2022-10-03 14:02:15,13,4,3686.25,16715
2022-10-03 14:02:16,48,12,3686.5,16727
2022-10-03 14:02:17,27,-8,3686.25,16719
2022-10-03 14:02:18,45,-22,3686.25,16697
2022-10-03 14:02:19,5,1,3686.0,16698
2022-10-03 14:02:20,83,-9,3686.25,16689
2022-10-03 14:02:21,4,-3,3686.0,16686
2022-10-03 14:02:22,29,-15,3686.0,16671
2022-10-03 14:02:23,46,15,3686.0,16686
2022-10-03 14:02:24,32,21,3686.0,16707
2022-10-03 14:02:25,13,-1,3686.0,16706
2022-10-03 14:02:26,47,-21,3686.0,16685
2022-10-03 14:02:27,56,-22,3685.5,16663
2022-10-03 14:02:28,85,-11,3685.5,16652
2022-10-03 14:02:29,116,-39,3685.25,16613
2022-10-03 14:02:30,227,-28,3684.75,16585
2022-10-03 14:02:31,195,-84,3684.75,16501
2022-10-03 14:02:32,37,24,3684.75,16525
2022-10-03 14:02:33,47,20,3685.0,16545
2022-10-03 14:02:34,2,0,3685.0,16545
2022-10-03 14:02:35,6,1,3685.0,16546
2022-10-03 14:02:36,22,7,3685.0,16553
2022-10-03 14:02:37,97,37,3685.25,16590
2022-10-03 14:02:38,102,-2,3685.25,16588
2022-10-03 14:02:39,12,11,3685.0,16599
2022-10-03 14:02:40,34,1,3685.25,16600
2022-10-03 14:02:41,1,-1,3685.0,16599
2022-10-03 14:02:42,42,19,3685.25,16618
2022-10-03 14:02:43,37,17,3685.75,16635
2022-10-03 14:02:44,147,-23,3685.75,16612
2022-10-03 14:02:45,2,1,3685.25,16613
2022-10-03 14:02:46,1,1,3685.25,16614
2022-10-03 14:02:47,32,-19,3685.0,16595
2022-10-03 14:02:48,82,-8,3685.0,16587
2022-10-03 14:02:49,7,3,3685.0,16590
2022-10-03 14:02:50,3,0,3685.0,16590
2022-10-03 14:02:52,8,4,3685.0,16594
2022-10-03 14:02:53,92,-13,3685.0,16581
2022-10-03 14:02:54,49,13,3685.0,16594
2022-10-03 14:02:55,10,3,3685.0,16597
2022-10-03 14:02:56,79,-23,3685.0,16574
2022-10-03 14:02:57,132,0,3685.0,16574
2022-10-03 14:02:58,50,18,3685.0,16592
2022-10-03 14:02:59,82,37,3685.5,16629
2022-10-03 14:03:00,45,-7,3685.5,16622
2022-10-03 14:03:01,294,77,3685.25,16699
2022-10-03 14:03:02,32,-4,3685.0,16695
2022-10-03 14:03:03,6,-4,3685.0,16691
2022-10-03 14:03:04,1,-1,3684.75,16690
2022-10-03 14:03:05,84,9,3685.25,16699
2022-10-03 14:03:06,41,-9,3685.5,16690
2022-10-03 14:03:07,19,2,3685.5,16692
2022-10-03 14:03:08,2,2,3685.5,16694
2022-10-03 14:03:09,1,1,3685.5,16695
2022-10-03 14:03:10,37,14,3685.75,16709
2022-10-03 14:03:11,56,-19,3685.75,16690
2022-10-03 14:03:12,68,30,3685.5,16720
2022-10-03 14:03:13,9,7,3685.5,16727
2022-10-03 14:03:14,36,16,3685.5,16743
2022-10-03 14:03:15,89,5,3685.75,16748
2022-10-03 14:03:16,307,34,3686.0,16782
2022-10-03 14:03:17,10,-4,3685.75,16778
2022-10-03 14:03:18,136,-29,3685.5,16749
2022-10-03 14:03:19,20,3,3685.0,16752
2022-10-03 14:03:20,36,-6,3685.0,16746
2022-10-03 14:03:21,38,-11,3684.75,16735
2022-10-03 14:03:22,70,27,3684.75,16762
2022-10-03 14:03:23,40,14,3684.75,16776
2022-10-03 14:03:24,58,13,3684.75,16789
2022-10-03 14:03:25,10,-2,3684.75,16787
2022-10-03 14:03:26,19,5,3684.75,16792
2022-10-03 14:03:27,40,-1,3684.75,16791
2022-10-03 14:03:28,41,-11,3684.75,16780
2022-10-03 14:03:29,8,-6,3684.75,16774
2022-10-03 14:03:30,5,-1,3684.75,16773
2022-10-03 14:03:31,31,4,3685.0,16777
2022-10-03 14:03:32,13,10,3685.0,16787
2022-10-03 14:03:33,41,18,3685.5,16805
2022-10-03 14:03:34,13,4,3685.75,16809
2022-10-03 14:03:35,14,-3,3685.75,16806
2022-10-03 14:03:36,4,1,3686.0,16807
2022-10-03 14:03:37,3,3,3686.0,16810
2022-10-03 14:03:38,1,1,3686.0,16811
2022-10-03 14:03:39,36,-13,3685.75,16798
2022-10-03 14:03:40,44,-11,3685.75,16787
2022-10-03 14:03:41,24,1,3685.75,16788
2022-10-03 14:03:42,2,-2,3685.75,16786
2022-10-03 14:03:43,34,-8,3686.0,16778
2022-10-03 14:03:44,13,9,3685.75,16787
2022-10-03 14:03:45,21,-11,3686.0,16776
2022-10-03 14:03:46,32,-4,3685.75,16772
2022-10-03 14:03:47,28,-17,3685.5,16755
2022-10-03 14:03:48,59,6,3685.0,16761
2022-10-03 14:03:49,42,-2,3685.0,16759
2022-10-03 14:03:50,7,0,3685.0,16759
2022-10-03 14:03:52,49,6,3685.0,16765
2022-10-03 14:03:53,38,-8,3685.0,16757
2022-10-03 14:03:54,6,-4,3685.0,16753
2022-10-03 14:03:55,2,0,3685.0,16753
2022-10-03 14:03:56,33,6,3685.0,16759
2022-10-03 14:03:57,21,9,3685.0,16768
2022-10-03 14:03:58,13,11,3685.25,16779
2022-10-03 14:03:59,3,3,3685.5,16782
2022-10-03 14:04:00,29,17,3685.75,16799
2022-10-03 14:04:01,3,-1,3685.75,16798
2022-10-03 14:04:02,18,17,3685.75,16815
2022-10-03 14:04:03,2,2,3685.75,16817
2022-10-03 14:04:04,59,-5,3685.75,16812
2022-10-03 14:04:05,9,6,3686.0,16818
2022-10-03 14:04:06,38,-13,3686.0,16805
2022-10-03 14:04:07,60,25,3686.0,16830
2022-10-03 14:04:08,48,0,3686.25,16830
2022-10-03 14:04:09,45,8,3686.25,16838
2022-10-03 14:04:10,38,10,3686.25,16848
2022-10-03 14:04:11,30,-4,3686.0,16844
2022-10-03 14:04:12,41,-20,3686.0,16824
2022-10-03 14:04:15,3,-1,3685.75,16823
2022-10-03 14:04:16,54,21,3686.25,16844
2022-10-03 14:04:17,1,1,3686.25,16845
2022-10-03 14:04:18,26,10,3686.25,16855
2022-10-03 14:04:19,8,4,3686.25,16859
2022-10-03 14:04:20,3,1,3686.25,16860
2022-10-03 14:04:21,71,7,3686.25,16867
2022-10-03 14:04:22,21,-8,3686.25,16859
2022-10-03 14:04:23,35,-12,3686.25,16847
2022-10-03 14:04:24,41,-3,3686.0,16844
2022-10-03 14:04:25,1,-1,3685.75,16843
2022-10-03 14:04:26,21,-1,3686.0,16842
2022-10-03 14:04:27,47,-13,3685.75,16829
2022-10-03 14:04:28,12,-5,3685.75,16824
2022-10-03 14:04:29,49,31,3686.25,16855
2022-10-03 14:04:30,30,1,3686.25,16856
2022-10-03 14:04:31,16,-4,3686.25,16852
2022-10-03 14:04:32,19,11,3686.25,16863
2022-10-03 14:04:33,3,3,3686.5,16866
2022-10-03 14:04:34,70,37,3686.75,16903
2022-10-03 14:04:35,8,0,3686.75,16903
2022-10-03 14:04:36,18,4,3686.75,16907
2022-10-03 14:04:37,53,3,3686.75,16910
2022-10-03 14:04:38,107,-4,3686.75,16906
2022-10-03 14:04:39,102,15,3687.0,16921
2022-10-03 14:04:40,19,-1,3686.75,16920
2022-10-03 14:04:41,36,-7,3686.75,16913
2022-10-03 14:04:42,4,0,3686.5,16913
2022-10-03 14:04:43,15,10,3686.75,16923
2022-10-03 14:04:44,55,7,3686.75,16930
2022-10-03 14:04:45,2,2,3686.75,16932
2022-10-03 14:04:46,31,10,3686.75,16942
2022-10-03 14:04:47,57,-19,3687.0,16923
2022-10-03 14:04:48,15,3,3686.75,16926
2022-10-03 14:04:49,46,22,3687.0,16948
2022-10-03 14:04:50,8,5,3687.0,16953
2022-10-03 14:04:51,3,1,3687.0,16954
2022-10-03 14:04:52,8,2,3687.0,16956
2022-10-03 14:04:53,62,26,3687.0,16982
2022-10-03 14:04:54,2,-2,3686.75,16980
2022-10-03 14:04:55,2,-1,3686.75,16979
2022-10-03 14:04:56,54,-5,3686.75,16974
2022-10-03 14:04:57,4,0,3686.75,16974
2022-10-03 14:04:58,56,34,3687.0,17008
2022-10-03 14:04:59,50,-20,3686.75,16988
2022-10-03 14:05:00,11,2,3686.75,16990
2022-10-03 14:05:01,53,65,3687.0,17055
2022-10-03 14:05:02,1,-1,3686.75,17054
2022-10-03 14:05:03,15,6,3687.0,17060
2022-10-03 14:05:04,3,1,3687.0,17061
2022-10-03 14:05:05,92,109,3687.25,17170
2022-10-03 14:05:06,21,15,3687.25,17185
2022-10-03 14:05:07,20,-3,3687.25,17182
2022-10-03 14:05:08,49,-18,3687.0,17164
2022-10-03 14:05:09,30,-20,3687.25,17144
2022-10-03 14:05:10,80,1,3687.0,17145
2022-10-03 14:05:11,61,-4,3686.75,17141
2022-10-03 14:05:12,102,-12,3687.0,17129
2022-10-03 14:05:13,85,-9,3687.25,17120
2022-10-03 14:05:14,26,-10,3687.25,17110
2022-10-03 14:05:15,11,10,3687.25,17120
2022-10-03 14:05:16,63,7,3687.25,17127
2022-10-03 14:05:17,13,-5,3687.25,17122
2022-10-03 14:05:18,63,-1,3687.25,17121
2022-10-03 14:05:19,163,24,3687.5,17145
2022-10-03 14:05:20,158,-88,3687.75,17057
2022-10-03 14:05:21,51,10,3687.25,17067
2022-10-03 14:05:22,29,11,3687.25,17078
2022-10-03 14:05:23,13,7,3687.25,17085
2022-10-03 14:05:24,11,8,3687.25,17093
2022-10-03 14:05:25,42,8,3687.5,17101
2022-10-03 14:05:26,2,0,3687.25,17101
2022-10-03 14:05:27,97,-55,3687.0,17046
2022-10-03 14:05:28,83,22,3687.25,17068
2022-10-03 14:05:29,1,-1,3687.0,17067
2022-10-03 14:05:30,76,-6,3687.5,17061
2022-10-03 14:05:31,12,6,3687.5,17067
2022-10-03 14:05:32,2,0,3687.5,17067
2022-10-03 14:05:33,49,-3,3687.5,17064
2022-10-03 14:05:34,76,60,3687.5,17124
2022-10-03 14:05:35,5,-2,3687.5,17122
2022-10-03 14:05:36,29,-16,3687.25,17106
2022-10-03 14:05:37,73,-16,3687.25,17090
2022-10-03 14:05:38,4,-1,3687.25,17089
2022-10-03 14:05:39,53,17,3687.5,17106
2022-10-03 14:05:40,64,-25,3687.5,17081
2022-10-03 14:05:41,60,18,3687.25,17099
2022-10-03 14:05:42,2,0,3687.0,17099
2022-10-03 14:05:43,18,-11,3687.0,17088
2022-10-03 14:05:44,79,-14,3686.75,17074
2022-10-03 14:05:45,47,9,3687.0,17083
2022-10-03 14:05:46,1,1,3687.25,17084
2022-10-03 14:05:47,25,-1,3687.25,17083
2022-10-03 14:05:48,35,11,3687.25,17094
2022-10-03 14:05:49,10,5,3687.25,17099
2022-10-03 14:05:50,61,23,3687.5,17122
2022-10-03 14:05:51,34,6,3687.5,17128
2022-10-03 14:05:52,32,21,3687.75,17149
2022-10-03 14:05:53,22,-11,3687.75,17138
2022-10-03 14:05:54,69,57,3688.0,17195
2022-10-03 14:05:55,148,103,3688.25,17298
2022-10-03 14:05:56,201,-28,3688.25,17270
2022-10-03 14:05:57,18,7,3688.25,17277
2022-10-03 14:05:58,13,8,3688.25,17285
2022-10-03 14:05:59,68,29,3688.25,17314
2022-10-03 14:06:00,37,25,3688.25,17339
2022-10-03 14:06:01,53,11,3688.25,17350
2022-10-03 14:06:02,122,36,3688.5,17386
2022-10-03 14:06:03,25,9,3688.25,17395
2022-10-03 14:06:04,11,0,3688.25,17395
2022-10-03 14:06:05,68,18,3688.5,17413
2022-10-03 14:06:06,7,5,3688.25,17418
2022-10-03 14:06:07,111,35,3688.5,17453
2022-10-03 14:06:08,127,-14,3688.75,17439
2022-10-03 14:06:09,55,30,3688.5,17469
2022-10-03 14:06:10,76,-20,3688.25,17449
2022-10-03 14:06:11,120,-38,3688.25,17411
2022-10-03 14:06:12,93,3,3688.0,17414
2022-10-03 14:06:13,21,-7,3688.25,17407
2022-10-03 14:06:14,1,1,3688.25,17408
2022-10-03 14:06:15,103,-32,3688.25,17376
2022-10-03 14:06:16,15,12,3688.25,17388
2022-10-03 14:06:17,47,-2,3688.5,17386
2022-10-03 14:06:18,25,-9,3688.25,17377
2022-10-03 14:06:19,23,-18,3688.0,17359
2022-10-03 14:06:20,73,-33,3688.0,17326
2022-10-03 14:06:21,74,-1,3688.0,17325
2022-10-03 14:06:22,32,6,3688.25,17331
2022-10-03 14:06:24,37,-24,3688.25,17307
2022-10-03 14:06:26,62,-11,3688.0,17296
2022-10-03 14:06:27,47,-10,3688.0,17286
2022-10-03 14:06:28,27,-4,3688.0,17282
2022-10-03 14:06:29,89,-18,3688.0,17264
2022-10-03 14:06:30,1,-1,3687.75,17263
2022-10-03 14:06:31,92,28,3688.25,17291
2022-10-03 14:06:32,13,9,3688.25,17300
2022-10-03 14:06:33,126,20,3688.5,17320
2022-10-03 14:06:34,16,0,3688.5,17320
2022-10-03 14:06:35,6,-6,3688.25,17314
2022-10-03 14:06:36,31,10,3688.5,17324
2022-10-03 14:06:37,7,-7,3688.25,17317
2022-10-03 14:06:38,183,11,3688.75,17328
2022-10-03 14:06:39,11,-4,3688.75,17324
2022-10-03 14:06:40,48,4,3688.75,17328
2022-10-03 14:06:41,199,108,3689.25,17436
2022-10-03 14:06:42,61,-12,3689.25,17424
2022-10-03 14:06:43,14,6,3689.0,17430
2022-10-03 14:06:44,6,2,3689.0,17432
2022-10-03 14:06:45,24,20,3689.0,17452
2022-10-03 14:06:46,99,14,3689.25,17466
2022-10-03 14:06:47,5,2,3689.25,17468
2022-10-03 14:06:48,86,57,3689.75,17525
2022-10-03 14:06:49,162,38,3689.75,17563
2022-10-03 14:06:50,103,23,3690.0,17586
2022-10-03 14:06:51,526,140,3691.0,17726
2022-10-03 14:06:52,131,83,3691.0,17809
2022-10-03 14:06:53,113,33,3691.0,17842
2022-10-03 14:06:54,81,-1,3691.0,17841
2022-10-03 14:06:55,95,3,3691.0,17844
2022-10-03 14:06:56,65,-2,3691.25,17842
2022-10-03 14:06:57,62,-28,3691.0,17814
2022-10-03 14:06:58,34,15,3691.0,17829
2022-10-03 14:06:59,174,29,3691.5,17858
2022-10-03 14:07:00,144,7,3691.25,17865
2022-10-03 14:07:01,138,0,3691.0,17865
2022-10-03 14:07:02,83,-8,3691.0,17857
2022-10-03 14:07:03,70,23,3691.25,17880
2022-10-03 14:07:04,95,7,3691.25,17887
2022-10-03 14:07:05,25,-4,3691.25,17883
2022-10-03 14:07:06,294,17,3691.25,17900
2022-10-03 14:07:07,52,-6,3691.0,17894
2022-10-03 14:07:08,225,18,3691.0,17912
2022-10-03 14:07:09,145,-60,3690.75,17852
2022-10-03 14:07:10,110,9,3690.5,17861
2022-10-03 14:07:11,80,2,3690.5,17863
2022-10-03 14:07:12,53,-8,3690.75,17855
2022-10-03 14:07:13,45,-9,3690.75,17846
2022-10-03 14:07:14,47,-1,3690.75,17845
2022-10-03 14:07:15,34,-12,3690.75,17833
2022-10-03 14:07:16,58,-19,3690.5,17814
2022-10-03 14:07:17,103,-23,3690.25,17791
2022-10-03 14:07:18,67,3,3690.25,17794
2022-10-03 14:07:19,28,7,3690.25,17801
2022-10-03 14:07:20,16,0,3690.25,17801
2022-10-03 14:07:21,42,17,3690.25,17818
2022-10-03 14:07:22,142,48,3690.5,17866
2022-10-03 14:07:23,35,-15,3690.5,17851
2022-10-03 14:07:24,26,10,3690.25,17861
2022-10-03 14:07:25,104,-50,3690.25,17811
2022-10-03 14:07:26,34,-20,3690.25,17791
2022-10-03 14:07:27,55,-4,3690.25,17787
2022-10-03 14:07:28,23,9,3690.25,17796
2022-10-03 14:07:29,33,-5,3690.0,17791
2022-10-03 14:07:30,23,-16,3689.75,17775
2022-10-03 14:07:31,65,-24,3690.0,17751
2022-10-03 14:07:32,58,-27,3689.75,17724
2022-10-03 14:07:33,146,-32,3689.5,17692
2022-10-03 14:07:34,112,60,3689.25,17752
2022-10-03 14:07:35,86,1,3689.0,17753
2022-10-03 14:07:36,158,-86,3689.0,17667
2022-10-03 14:07:37,148,-46,3688.5,17621
2022-10-03 14:07:38,56,14,3688.25,17635
2022-10-03 14:07:39,11,1,3688.5,17636
2022-10-03 14:07:40,45,8,3688.5,17644
2022-10-03 14:07:41,12,-5,3688.25,17639
2022-10-03 14:07:42,102,-36,3688.25,17603
2022-10-03 14:07:43,2,-2,3687.75,17601
2022-10-03 14:07:44,44,-7,3688.0,17594
2022-10-03 14:07:45,18,14,3688.0,17608
2022-10-03 14:07:46,128,42,3688.5,17650
2022-10-03 14:07:47,23,0,3688.75,17650
2022-10-03 14:07:48,27,-14,3688.5,17636
2022-10-03 14:07:49,48,7,3688.5,17643
2022-10-03 14:07:50,41,-26,3688.75,17617
2022-10-03 14:07:51,15,-9,3688.25,17608
2022-10-03 14:07:52,50,3,3688.25,17611
2022-10-03 14:07:53,20,5,3688.25,17616
2022-10-03 14:07:54,20,11,3688.25,17627
2022-10-03 14:07:55,6,-2,3688.25,17625
2022-10-03 14:07:56,82,-40,3688.0,17585
2022-10-03 14:07:57,5,-3,3687.75,17582
2022-10-03 14:07:58,64,-10,3687.75,17572
2022-10-03 14:07:59,256,-111,3687.75,17461
2022-10-03 14:08:00,147,-6,3687.25,17455
2022-10-03 14:08:01,98,-5,3687.25,17450
2022-10-03 14:08:02,43,31,3687.5,17481
2022-10-03 14:08:03,27,7,3687.5,17488
2022-10-03 14:08:04,67,8,3687.5,17496
2022-10-03 14:08:05,24,-3,3687.5,17493
2022-10-03 14:08:06,4,-2,3687.5,17491
2022-10-03 14:08:07,30,-19,3687.5,17472
2022-10-03 14:08:08,96,-32,3687.25,17440
2022-10-03 14:08:09,74,-21,3686.75,17419
2022-10-03 14:08:10,3,1,3686.75,17420
2022-10-03 14:08:11,78,-10,3686.75,17410
2022-10-03 14:08:12,223,113,3687.5,17523
2022-10-03 14:08:13,29,-3,3687.0,17520
2022-10-03 14:08:14,37,3,3687.0,17523
2022-10-03 14:08:15,67,-61,3686.75,17462
2022-10-03 14:08:16,52,-2,3686.75,17460
2022-10-03 14:08:17,2,0,3686.75,17460
2022-10-03 14:08:18,74,-17,3686.75,17443
2022-10-03 14:08:19,22,-11,3686.5,17432
2022-10-03 14:08:20,300,72,3687.5,17504
2022-10-03 14:08:21,21,-13,3687.0,17491
2022-10-03 14:08:22,13,4,3687.5,17495
2022-10-03 14:08:23,57,17,3687.75,17512
2022-10-03 14:08:24,40,9,3687.75,17521
2022-10-03 14:08:25,29,-11,3687.5,17510
2022-10-03 14:08:26,5,2,3687.75,17512
2022-10-03 14:08:27,18,-6,3687.5,17506
2022-10-03 14:08:28,33,21,3687.75,17527
2022-10-03 14:08:29,45,-17,3688.0,17510
2022-10-03 14:08:30,1,-1,3687.5,17509
2022-10-03 14:08:31,3,3,3687.75,17512
2022-10-03 14:08:32,41,-9,3687.75,17503
2022-10-03 14:08:33,99,29,3687.75,17532
2022-10-03 14:08:34,28,-9,3687.75,17523
2022-10-03 14:08:35,2,2,3687.75,17525
2022-10-03 14:08:36,26,16,3688.0,17541
2022-10-03 14:08:37,53,-11,3687.75,17530
2022-10-03 14:08:38,12,6,3688.0,17536
2022-10-03 14:08:39,115,65,3688.25,17601
2022-10-03 14:08:40,17,13,3688.5,17614
2022-10-03 14:08:41,40,-25,3688.5,17589
2022-10-03 14:08:42,1,1,3688.25,17590
2022-10-03 14:08:43,41,-26,3688.25,17564
2022-10-03 14:08:44,23,9,3688.25,17573
2022-10-03 14:08:45,19,-10,3688.25,17563
2022-10-03 14:08:46,162,-19,3687.75,17544
2022-10-03 14:08:47,14,8,3688.0,17552
2022-10-03 14:08:48,25,-5,3687.75,17547
2022-10-03 14:08:49,20,-7,3688.0,17540
2022-10-03 14:08:50,1,-1,3687.75,17539
2022-10-03 14:08:51,66,-27,3687.5,17512
2022-10-03 14:08:52,19,-11,3687.5,17501
2022-10-03 14:08:53,105,48,3687.75,17549
2022-10-03 14:08:54,32,9,3687.75,17558
2022-10-03 14:08:55,17,-13,3687.75,17545
2022-10-03 14:08:57,34,6,3687.75,17551
2022-10-03 14:08:58,43,1,3687.5,17552
2022-10-03 14:08:59,39,-8,3687.75,17544
2022-10-03 14:09:00,27,-4,3688.0,17540
2022-10-03 14:09:01,4,4,3687.75,17544
2022-10-03 14:09:02,68,28,3688.0,17572
2022-10-03 14:09:03,40,-7,3688.25,17565
2022-10-03 14:09:04,4,-1,3688.0,17564
2022-10-03 14:09:05,125,35,3688.5,17599
2022-10-03 14:09:06,1,-1,3688.25,17598
2022-10-03 14:09:07,72,-6,3688.5,17592
2022-10-03 14:09:08,7,-1,3688.25,17591
2022-10-03 14:09:09,12,10,3688.75,17601
2022-10-03 14:09:10,29,5,3688.75,17606
2022-10-03 14:09:12,2,2,3688.75,17608
2022-10-03 14:09:13,117,10,3688.75,17618
2022-10-03 14:09:14,9,4,3689.0,17622
2022-10-03 14:09:15,62,5,3689.0,17627
2022-10-03 14:09:16,88,-12,3689.0,17615
2022-10-03 14:09:17,36,-4,3688.5,17611
2022-10-03 14:09:18,15,-3,3688.75,17608
2022-10-03 14:09:19,34,-9,3688.5,17599
2022-10-03 14:09:20,30,-7,3688.5,17592
2022-10-03 14:09:21,43,-12,3688.25,17580
2022-10-03 14:09:22,43,-16,3688.25,17564
2022-10-03 14:09:23,24,-14,3688.0,17550
2022-10-03 14:09:24,54,-55,3687.75,17495
2022-10-03 14:09:25,9,-1,3688.0,17494
2022-10-03 14:09:26,45,7,3687.75,17501
2022-10-03 14:09:27,67,-8,3687.75,17493
2022-10-03 14:09:28,4,0,3687.75,17493
2022-10-03 14:09:29,46,-36,3687.25,17457
2022-10-03 14:09:30,2,0,3687.5,17457
2022-10-03 14:09:31,71,16,3687.5,17473
2022-10-03 14:09:32,2,-2,3687.25,17471
2022-10-03 14:09:33,108,-46,3687.25,17425
2022-10-03 14:09:34,1,1,3687.0,17426
2022-10-03 14:09:36,108,14,3687.25,17440
2022-10-03 14:09:37,9,-4,3687.0,17436
2022-10-03 14:09:38,47,30,3687.25,17466
2022-10-03 14:09:39,19,-10,3687.5,17456
2022-10-03 14:09:40,28,-12,3687.5,17444
2022-10-03 14:09:41,14,1,3687.25,17445
2022-10-03 14:09:42,18,4,3687.25,17449
2022-10-03 14:09:43,214,87,3688.0,17536
2022-10-03 14:09:44,17,-7,3688.25,17529
2022-10-03 14:09:45,94,19,3688.25,17548
2022-10-03 14:09:46,1,1,3688.25,17549
2022-10-03 14:09:47,119,-5,3688.25,17544
2022-10-03 14:09:48,58,-2,3688.0,17542
2022-10-03 14:09:49,42,-21,3688.0,17521
2022-10-03 14:09:50,51,32,3688.25,17553
2022-10-03 14:09:51,22,-9,3688.5,17544
2022-10-03 14:09:52,2,-1,3688.25,17543
2022-10-03 14:09:53,6,-3,3688.25,17540
2022-10-03 14:09:54,17,-4,3688.25,17536
2022-10-03 14:09:55,10,-4,3688.25,17532
2022-10-03 14:09:56,32,-19,3688.25,17513
2022-10-03 14:09:57,41,35,3688.25,17548
2022-10-03 14:09:58,1,1,3688.5,17549
2022-10-03 14:09:59,1,-1,3688.25,17548
2022-10-03 14:10:00,47,28,3688.5,17576
2022-10-03 14:10:01,65,13,3689.0,17589
2022-10-03 14:10:02,25,1,3688.75,17590
2022-10-03 14:10:03,5,-1,3688.5,17589
2022-10-03 14:10:04,2,0,3688.75,17589
2022-10-03 14:10:05,119,64,3689.0,17653
2022-10-03 14:10:06,60,1,3689.0,17654
2022-10-03 14:10:08,28,-18,3688.75,17636
2022-10-03 14:10:09,38,-16,3688.5,17620
2022-10-03 14:10:10,45,2,3688.75,17622
2022-10-03 14:10:11,42,11,3688.75,17633
2022-10-03 14:10:12,5,-3,3688.75,17630
2022-10-03 14:10:13,70,21,3689.25,17651
2022-10-03 14:10:14,141,-84,3689.25,17567
2022-10-03 14:10:15,155,-94,3688.75,17473
2022-10-03 14:10:16,60,11,3688.5,17484
2022-10-03 14:10:17,18,9,3688.5,17493
2022-10-03 14:10:18,25,-5,3688.5,17488
2022-10-03 14:10:19,30,8,3689.0,17496
2022-10-03 14:10:20,37,12,3689.0,17508
2022-10-03 14:10:21,13,-8,3688.75,17500
2022-10-03 14:10:22,3,3,3688.75,17503
2022-10-03 14:10:23,49,-19,3688.75,17484
2022-10-03 14:10:24,17,-3,3688.5,17481
2022-10-03 14:10:25,10,-2,3688.5,17479
2022-10-03 14:10:26,6,4,3688.5,17483
2022-10-03 14:10:27,77,-27,3688.5,17456
2022-10-03 14:10:28,9,4,3688.75,17460
2022-10-03 14:10:30,29,3,3688.5,17463
2022-10-03 14:10:31,63,-12,3688.5,17451
2022-10-03 14:10:32,89,-9,3688.25,17442
2022-10-03 14:10:34,30,12,3688.5,17454
2022-10-03 14:10:36,19,6,3688.5,17460
2022-10-03 14:10:38,33,-3,3688.5,17457
2022-10-03 14:10:39,2,-2,3688.25,17455
2022-10-03 14:10:40,19,14,3688.5,17469
2022-10-03 14:10:41,17,5,3688.5,17474
2022-10-03 14:10:42,55,29,3689.0,17503
2022-10-03 14:10:43,83,50,3689.25,17553
2022-10-03 14:10:44,20,-1,3689.25,17552
2022-10-03 14:10:45,119,31,3689.5,17583
2022-10-03 14:10:46,4,2,3689.25,17585
2022-10-03 14:10:47,4,2,3689.25,17587
2022-10-03 14:10:48,11,7,3689.25,17594
2022-10-03 14:10:49,70,89,3689.75,17683
2022-10-03 14:10:50,53,11,3690.0,17694
2022-10-03 14:10:51,168,45,3690.25,17739
2022-10-03 14:10:52,10,4,3690.0,17743
2022-10-03 14:10:53,127,45,3690.75,17788
2022-10-03 14:10:54,401,129,3691.25,17917
2022-10-03 14:10:55,10,8,3690.75,17925
2022-10-03 14:10:56,50,-31,3690.75,17894
2022-10-03 14:10:57,11,1,3690.75,17895
2022-10-03 14:10:58,47,9,3690.75,17904
2022-10-03 14:10:59,36,15,3690.5,17919
2022-10-03 14:11:00,4,-2,3690.5,17917
2022-10-03 14:11:01,4,-3,3690.25,17914
2022-10-03 14:11:02,62,-27,3690.25,17887
2022-10-03 14:11:03,31,6,3690.5,17893
2022-10-03 14:11:04,24,6,3690.5,17899
2022-10-03 14:11:05,29,-1,3690.25,17898
2022-10-03 14:11:06,2,-2,3690.0,17896
2022-10-03 14:11:07,16,-6,3690.25,17890
2022-10-03 14:11:08,47,-10,3690.0,17880
2022-10-03 14:11:09,57,23,3690.25,17903
2022-10-03 14:11:10,26,-14,3690.5,17889
2022-10-03 14:11:11,36,-2,3690.25,17887
2022-10-03 14:11:12,61,4,3690.0,17891
2022-10-03 14:11:13,24,-10,3690.25,17881
2022-10-03 14:11:14,17,-13,3690.0,17868
2022-10-03 14:11:15,8,1,3690.0,17869
2022-10-03 14:11:16,52,-3,3689.75,17866
2022-10-03 14:11:17,26,4,3689.75,17870
2022-10-03 14:11:18,37,8,3689.75,17878
2022-10-03 14:11:19,12,-5,3689.75,17873
2022-10-03 14:11:20,63,5,3689.75,17878
2022-10-03 14:11:21,64,-10,3689.5,17868
2022-10-03 14:11:22,10,2,3689.5,17870
2022-10-03 14:11:23,26,-4,3689.5,17866
2022-10-03 14:11:24,27,12,3689.75,17878
2022-10-03 14:11:25,20,4,3690.0,17882
2022-10-03 14:11:26,40,8,3690.0,17890
2022-10-03 14:11:27,5,-4,3689.75,17886
2022-10-03 14:11:28,72,42,3690.25,17928
2022-10-03 14:11:29,21,14,3690.25,17942
2022-10-03 14:11:30,3,1,3690.5,17943
2022-10-03 14:11:31,9,-5,3690.5,17938
2022-10-03 14:11:32,85,34,3690.75,17972
2022-10-03 14:11:33,8,2,3690.5,17974
2022-10-03 14:11:34,10,6,3690.5,17980
2022-10-03 14:11:37,35,-22,3690.25,17958
2022-10-03 14:11:38,4,-4,3690.0,17954
2022-10-03 14:11:39,48,26,3690.5,17980
2022-10-03 14:11:40,25,21,3690.75,18001
2022-10-03 14:11:41,7,-5,3690.75,17996
2022-10-03 14:11:42,51,-3,3690.75,17993
2022-10-03 14:11:43,17,-2,3690.25,17991
2022-10-03 14:11:44,11,1,3690.5,17992
2022-10-03 14:11:45,1,1,3690.5,17993
2022-10-03 14:11:46,82,13,3690.5,18006
2022-10-03 14:11:47,41,2,3690.25,18008
2022-10-03 14:11:48,15,4,3690.25,18012
2022-10-03 14:11:49,49,-15,3690.25,17997
2022-10-03 14:11:50,1,1,3690.25,17998
2022-10-03 14:11:51,26,2,3690.25,18000
2022-10-03 14:11:52,25,3,3690.5,18003
2022-10-03 14:11:53,2,2,3690.5,18005
2022-10-03 14:11:55,21,14,3690.5,18019
2022-10-03 14:11:56,43,-6,3690.5,18013
2022-10-03 14:11:57,30,-4,3690.25,18009
2022-10-03 14:11:58,4,2,3690.25,18011
2022-10-03 14:11:59,8,3,3690.25,18014
2022-10-03 14:12:00,22,10,3690.25,18024
2022-10-03 14:12:01,30,-23,3690.0,18001
2022-10-03 14:12:03,113,-22,3689.75,17979
2022-10-03 14:12:04,33,3,3689.75,17982
2022-10-03 14:12:05,62,20,3690.25,18002
2022-10-03 14:12:07,13,-8,3690.25,17994
2022-10-03 14:12:08,47,3,3690.0,17997
2022-10-03 14:12:09,2,-2,3689.75,17995
2022-10-03 14:12:10,55,11,3690.0,18006
2022-10-03 14:12:11,26,4,3690.0,18010
2022-10-03 14:12:12,54,1,3690.5,18011
2022-10-03 14:12:13,24,-4,3690.5,18007
2022-10-03 14:12:14,12,0,3690.25,18007
2022-10-03 14:12:15,15,8,3690.25,18015
2022-10-03 14:12:16,13,0,3690.25,18015
2022-10-03 14:12:17,80,24,3690.5,18039
2022-10-03 14:12:18,4,1,3690.5,18040
2022-10-03 14:12:19,17,-1,3690.5,18039
2022-10-03 14:12:20,4,2,3690.25,18041
2022-10-03 14:12:21,44,-9,3690.25,18032
2022-10-03 14:12:22,14,11,3690.25,18043
2022-10-03 14:12:24,28,21,3690.25,18064
2022-10-03 14:12:27,26,6,3690.25,18070
2022-10-03 14:12:28,7,5,3690.25,18075
2022-10-03 14:12:29,69,7,3690.5,18082
2022-10-03 14:12:30,39,6,3690.75,18088
2022-10-03 14:12:31,28,2,3690.75,18090
2022-10-03 14:12:32,1,-1,3690.25,18089
2022-10-03 14:12:33,25,14,3690.5,18103
2022-10-03 14:12:34,71,29,3691.0,18132
2022-10-03 14:12:35,38,6,3690.75,18138
2022-10-03 14:12:36,38,1,3690.75,18139
2022-10-03 14:12:37,11,0,3691.0,18139
2022-10-03 14:12:38,17,-5,3691.0,18134
2022-10-03 14:12:39,15,-2,3690.75,18132
2022-10-03 14:12:41,8,6,3690.75,18138
2022-10-03 14:12:42,113,-9,3690.5,18129
2022-10-03 14:12:43,5,-1,3690.25,18128
2022-10-03 14:12:44,15,5,3690.75,18133
2022-10-03 14:12:45,8,1,3690.75,18134
2022-10-03 14:12:47,45,5,3690.75,18139
2022-10-03 14:12:48,309,63,3691.5,18202
2022-10-03 14:12:49,2,0,3691.25,18202
2022-10-03 14:12:50,4,-4,3691.0,18198
2022-10-03 14:12:51,155,-33,3691.25,18165
2022-10-03 14:12:52,27,5,3691.0,18170
2022-10-03 14:12:53,8,-2,3691.0,18168
2022-10-03 14:12:54,77,19,3691.25,18187
2022-10-03 14:12:55,19,15,3691.25,18202
2022-10-03 14:12:56,11,4,3691.5,18206
2022-10-03 14:12:57,12,-9,3691.5,18197
2022-10-03 14:12:58,19,-9,3691.5,18188
2022-10-03 14:12:59,15,11,3691.5,18199
2022-10-03 14:13:00,20,-1,3691.25,18198
2022-10-03 14:13:01,57,33,3691.25,18231
2022-10-03 14:13:02,23,-11,3691.5,18220
2022-10-03 14:13:03,76,28,3691.75,18248
2022-10-03 14:13:04,68,9,3691.75,18257
2022-10-03 14:13:05,88,26,3692.0,18283
2022-10-03 14:13:06,5,3,3691.75,18286
2022-10-03 14:13:07,70,-14,3691.5,18272
2022-10-03 14:13:08,40,0,3691.75,18272
2022-10-03 14:13:09,112,-26,3691.5,18246
2022-10-03 14:13:10,119,8,3691.5,18254
2022-10-03 14:13:11,46,-1,3691.5,18253
2022-10-03 14:13:12,54,22,3691.75,18275
2022-10-03 14:13:13,41,-3,3691.5,18272
2022-10-03 14:13:14,13,9,3691.75,18281
2022-10-03 14:13:15,55,-10,3691.75,18271
2022-10-03 14:13:16,45,3,3691.75,18274
2022-10-03 14:13:17,31,4,3692.0,18278
2022-10-03 14:13:18,2,-2,3691.75,18276
2022-10-03 14:13:19,1,1,3692.0,18277
2022-10-03 14:13:20,81,18,3692.0,18295
2022-10-03 14:13:21,3,-1,3692.0,18294
2022-10-03 14:13:22,38,-12,3691.75,18282
2022-10-03 14:13:23,27,3,3691.75,18285
2022-10-03 14:13:24,31,-1,3691.75,18284
2022-10-03 14:13:25,21,4,3691.75,18288
2022-10-03 14:13:26,83,9,3691.75,18297
2022-10-03 14:13:27,8,4,3692.0,18301
2022-10-03 14:13:28,1,-1,3691.75,18300
2022-10-03 14:13:29,7,5,3692.0,18305
2022-10-03 14:13:30,63,22,3692.25,18327
2022-10-03 14:13:31,11,9,3692.25,18336
2022-10-03 14:13:32,19,5,3692.25,18341
2022-10-03 14:13:33,9,1,3692.25,18342
2022-10-03 14:13:34,51,-11,3692.25,18331
2022-10-03 14:13:35,28,-4,3692.25,18327
2022-10-03 14:13:36,112,-20,3692.0,18307
2022-10-03 14:13:37,55,-2,3692.0,18305
2022-10-03 14:13:38,8,3,3691.75,18308
2022-10-03 14:13:39,18,-3,3691.75,18305
2022-10-03 14:13:40,63,-20,3691.5,18285
2022-10-03 14:13:41,49,-20,3691.5,18265
2022-10-03 14:13:42,92,25,3691.75,18290
2022-10-03 14:13:43,43,20,3692.25,18310
2022-10-03 14:13:44,38,-14,3692.0,18296
2022-10-03 14:13:45,21,15,3692.0,18311
2022-10-03 14:13:46,47,38,3692.25,18349
2022-10-03 14:13:47,21,-2,3692.25,18347
2022-10-03 14:13:48,2,1,3692.25,18348
2022-10-03 14:13:49,123,11,3692.25,18359
2022-10-03 14:13:50,4,2,3692.25,18361
2022-10-03 14:13:51,20,-8,3692.25,18353
2022-10-03 14:13:52,31,21,3692.5,18374
2022-10-03 14:13:53,7,1,3692.5,18375
2022-10-03 14:13:54,81,37,3692.5,18412
2022-10-03 14:13:55,343,186,3693.0,18598
2022-10-03 14:13:56,35,-22,3692.5,18576
2022-10-03 14:13:57,45,1,3692.75,18577
2022-10-03 14:13:58,9,1,3692.75,18578
2022-10-03 14:13:59,35,14,3693.0,18592
2022-10-03 14:14:00,25,-15,3692.75,18577
2022-10-03 14:14:01,6,2,3693.0,18579
2022-10-03 14:14:02,74,13,3693.0,18592
2022-10-03 14:14:03,82,-23,3692.75,18569
2022-10-03 14:14:04,30,5,3692.75,18574
2022-10-03 14:14:05,71,35,3692.75,18609
2022-10-03 14:14:06,72,-7,3692.5,18602
2022-10-03 14:14:07,29,-20,3692.5,18582
2022-10-03 14:14:08,50,-4,3692.5,18578
2022-10-03 14:14:09,153,17,3692.5,18595
2022-10-03 14:14:10,29,-3,3692.25,18592
2022-10-03 14:14:11,16,0,3692.5,18592
2022-10-03 14:14:12,13,9,3692.5,18601
2022-10-03 14:14:13,9,9,3692.5,18610
2022-10-03 14:14:14,29,-11,3692.5,18599
2022-10-03 14:14:15,34,1,3692.25,18600
2022-10-03 14:14:16,38,-9,3692.25,18591
2022-10-03 14:14:17,20,-11,3692.25,18580
2022-10-03 14:14:18,59,20,3692.5,18600
2022-10-03 14:14:19,5,-2,3692.75,18598
2022-10-03 14:14:20,1,1,3692.75,18599
2022-10-03 14:14:21,2,0,3692.75,18599
2022-10-03 14:14:22,59,25,3692.75,18624
2022-10-03 14:14:23,1,1,3692.75,18625
2022-10-03 14:14:24,28,-12,3693.0,18613
2022-10-03 14:14:25,5,-1,3693.0,18612
2022-10-03 14:14:26,32,20,3693.0,18632
2022-10-03 14:14:27,25,-3,3693.0,18629
2022-10-03 14:14:28,64,-25,3693.0,18604
2022-10-03 14:14:29,23,16,3692.75,18620
2022-10-03 14:14:30,5,4,3693.0,18624
2022-10-03 14:14:31,29,4,3693.0,18628
2022-10-03 14:14:32,36,13,3693.25,18641
2022-10-03 14:14:33,4,1,3693.25,18642
2022-10-03 14:14:34,16,-10,3693.25,18632
2022-10-03 14:14:35,2,2,3693.25,18634
2022-10-03 14:14:36,1,1,3693.25,18635
2022-10-03 14:14:37,82,-7,3693.0,18628
2022-10-03 14:14:38,14,-13,3692.75,18615
2022-10-03 14:14:39,57,-24,3692.75,18591
2022-10-03 14:14:40,36,18,3692.5,18609
2022-10-03 14:14:41,34,-12,3692.75,18597
2022-10-03 14:14:42,77,13,3692.75,18610
2022-10-03 14:14:43,33,-21,3692.5,18589
2022-10-03 14:14:44,85,-10,3692.5,18579
2022-10-03 14:14:45,109,-36,3692.0,18543
2022-10-03 14:14:46,63,25,3692.0,18568
2022-10-03 14:14:47,7,1,3692.25,18569
2022-10-03 14:14:48,72,22,3692.25,18591
2022-10-03 14:14:49,13,-2,3692.5,18589
2022-10-03 14:14:50,46,5,3692.5,18594
2022-10-03 14:14:51,85,19,3693.25,18613
2022-10-03 14:14:52,29,-17,3693.0,18596
2022-10-03 14:14:53,65,-11,3692.75,18585
2022-10-03 14:14:54,62,5,3692.75,18590
2022-10-03 14:14:55,1,1,3692.75,18591
2022-10-03 14:14:56,45,-20,3692.5,18571
2022-10-03 14:14:57,19,5,3692.5,18576
2022-10-03 14:14:58,8,-7,3692.25,18569
2022-10-03 14:14:59,18,0,3692.5,18569
2022-10-03 14:15:00,26,4,3692.5,18573
2022-10-03 14:15:01,43,13,3692.75,18586
2022-10-03 14:15:02,12,10,3692.5,18596
2022-10-03 14:15:03,1,1,3692.5,18597
2022-10-03 14:15:04,33,-4,3692.5,18593
2022-10-03 14:15:05,42,-33,3692.5,18560
2022-10-03 14:15:06,7,-1,3692.25,18559
2022-10-03 14:15:07,69,-15,3692.25,18544
2022-10-03 14:15:08,32,18,3692.0,18562
2022-10-03 14:15:09,94,-23,3692.0,18539
2022-10-03 14:15:10,48,-13,3691.75,18526
2022-10-03 14:15:11,17,3,3691.75,18529
2022-10-03 14:15:12,51,16,3692.0,18545
2022-10-03 14:15:13,11,-10,3691.75,18535
2022-10-03 14:15:14,26,-6,3692.0,18529
2022-10-03 14:15:15,10,2,3691.75,18531
2022-10-03 14:15:16,50,-4,3691.75,18527
2022-10-03 14:15:17,14,-4,3691.75,18523
2022-10-03 14:15:18,23,6,3692.0,18529
2022-10-03 14:15:19,49,21,3692.0,18550
2022-10-03 14:15:20,8,7,3691.75,18557
2022-10-03 14:15:21,2,-2,3691.5,18555
2022-10-03 14:15:22,35,8,3692.0,18563
2022-10-03 14:15:23,41,5,3692.25,18568
2022-10-03 14:15:24,48,26,3692.25,18594
2022-10-03 14:15:25,51,-5,3692.25,18589
2022-10-03 14:15:29,108,-24,3691.75,18565
2022-10-03 14:15:30,7,-4,3691.25,18561
2022-10-03 14:15:31,6,-4,3691.5,18557
2022-10-03 14:15:32,6,0,3691.5,18557
2022-10-03 14:15:33,5,-1,3691.5,18556
2022-10-03 14:15:34,101,-7,3691.75,18549
2022-10-03 14:15:35,39,-2,3691.75,18547
2022-10-03 14:15:36,40,-6,3691.25,18541
2022-10-03 14:15:37,4,1,3691.25,18542
2022-10-03 14:15:38,10,8,3691.25,18550
2022-10-03 14:15:39,3,-3,3691.25,18547
2022-10-03 14:15:40,41,13,3691.5,18560
2022-10-03 14:15:41,33,-5,3691.25,18555
2022-10-03 14:15:42,31,23,3691.5,18578
2022-10-03 14:15:43,80,18,3691.75,18596
2022-10-03 14:15:44,36,-2,3692.0,18594
2022-10-03 14:15:45,65,13,3692.0,18607
2022-10-03 14:15:46,26,13,3692.25,18620
2022-10-03 14:15:48,10,-7,3692.0,18613
2022-10-03 14:15:49,46,7,3692.25,18620
2022-10-03 14:15:50,1,-1,3692.0,18619
2022-10-03 14:15:53,2,-2,3692.0,18617
2022-10-03 14:15:54,44,23,3692.25,18640
2022-10-03 14:15:55,8,-5,3692.0,18635
2022-10-03 14:15:56,278,115,3692.75,18750
2022-10-03 14:15:57,36,1,3692.5,18751
2022-10-03 14:15:58,15,13,3692.25,18764
2022-10-03 14:15:59,34,7,3692.5,18771
2022-10-03 14:16:00,53,-5,3692.25,18766
2022-10-03 14:16:01,31,-18,3691.75,18748
2022-10-03 14:16:02,30,-2,3691.75,18746
2022-10-03 14:16:03,32,4,3692.0,18750
2022-10-03 14:16:04,17,5,3692.0,18755
2022-10-03 14:16:05,3,1,3692.0,18756
2022-10-03 14:16:06,19,13,3692.0,18769
2022-10-03 14:16:07,62,-17,3692.0,18752
2022-10-03 14:16:08,74,89,3692.25,18841
2022-10-03 14:16:09,2,0,3692.0,18841
2022-10-03 14:16:10,56,-10,3692.0,18831
2022-10-03 14:16:11,3,0,3692.0,18831
2022-10-03 14:16:12,3,2,3692.25,18833
2022-10-03 14:16:13,2,-1,3692.0,18832
2022-10-03 14:16:14,25,15,3692.25,18847
2022-10-03 14:16:15,12,-10,3692.25,18837
2022-10-03 14:16:16,41,-12,3692.0,18825
2022-10-03 14:16:17,31,0,3692.0,18825
2022-10-03 14:16:18,1,-1,3692.0,18824
2022-10-03 14:16:19,2,0,3692.25,18824
2022-10-03 14:16:21,34,-17,3692.0,18807
2022-10-03 14:16:23,89,32,3692.0,18839
2022-10-03 14:16:24,40,2,3692.0,18841
2022-10-03 14:16:25,27,16,3692.25,18857
2022-10-03 14:16:26,100,33,3692.0,18890
2022-10-03 14:16:27,22,-6,3691.75,18884
2022-10-03 14:16:29,16,-10,3691.75,18874
2022-10-03 14:16:30,47,-5,3691.75,18869
2022-10-03 14:16:31,10,-8,3691.5,18861
2022-10-03 14:16:32,1,-1,3691.5,18860
2022-10-03 14:16:33,19,12,3691.75,18872
2022-10-03 14:16:34,3,-1,3691.75,18871
2022-10-03 14:16:35,31,2,3691.75,18873
2022-10-03 14:16:36,25,0,3691.5,18873
2022-10-03 14:16:38,17,-6,3691.5,18867
2022-10-03 14:16:39,66,15,3692.0,18882
2022-10-03 14:16:40,7,3,3692.0,18885
2022-10-03 14:16:41,37,15,3692.25,18900
2022-10-03 14:16:42,2,-2,3692.25,18898
2022-10-03 14:16:43,1,-1,3692.25,18897
2022-10-03 14:16:44,17,-5,3692.5,18892
2022-10-03 14:16:45,92,3,3692.75,18895
2022-10-03 14:16:46,47,-1,3692.75,18894
2022-10-03 14:16:47,46,0,3692.5,18894
2022-10-03 14:16:48,1,1,3692.5,18895
2022-10-03 14:16:49,6,6,3692.5,18901
2022-10-03 14:16:50,17,7,3692.5,18908
2022-10-03 14:16:51,8,2,3692.75,18910
2022-10-03 14:16:52,4,3,3692.75,18913
2022-10-03 14:16:53,50,-8,3692.5,18905
2022-10-03 14:16:55,2,-2,3692.5,18903
2022-10-03 14:16:57,45,6,3692.75,18909
2022-10-03 14:16:58,16,-11,3692.75,18898
2022-10-03 14:16:59,2,2,3692.75,18900
2022-10-03 14:17:00,2,-2,3692.5,18898
2022-10-03 14:17:01,41,22,3692.75,18920
2022-10-03 14:17:03,145,10,3693.0,18930
2022-10-03 14:17:04,45,6,3693.25,18936
2022-10-03 14:17:05,12,0,3693.25,18936
2022-10-03 14:17:06,87,24,3693.25,18960
2022-10-03 14:17:07,6,5,3693.25,18965
2022-10-03 14:17:08,6,4,3693.25,18969
2022-10-03 14:17:09,67,8,3693.25,18977
2022-10-03 14:17:10,40,-18,3693.25,18959
2022-10-03 14:17:11,3,3,3693.25,18962
2022-10-03 14:17:12,83,47,3693.5,19009
2022-10-03 14:17:13,68,-6,3693.5,19003
2022-10-03 14:17:14,52,20,3693.5,19023
2022-10-03 14:17:15,91,-23,3693.5,19000
2022-10-03 14:17:16,146,16,3693.25,19016
2022-10-03 14:17:17,7,6,3693.5,19022
2022-10-03 14:17:18,67,43,3693.75,19065
2022-10-03 14:17:19,14,10,3693.75,19075
2022-10-03 14:17:20,69,-51,3693.75,19024
2022-10-03 14:17:21,10,7,3693.5,19031
2022-10-03 14:17:22,14,9,3693.5,19040
2022-10-03 14:17:23,33,16,3693.75,19056
2022-10-03 14:17:24,18,17,3693.75,19073
2022-10-03 14:17:25,8,-2,3693.75,19071
2022-10-03 14:17:26,34,-21,3693.75,19050
2022-10-03 14:17:27,59,-24,3693.5,19026
2022-10-03 14:17:28,19,-5,3693.25,19021
2022-10-03 14:17:29,10,-1,3693.25,19020
2022-10-03 14:17:30,51,23,3693.25,19043
2022-10-03 14:17:31,70,23,3693.25,19066
2022-10-03 14:17:32,28,8,3693.25,19074
2022-10-03 14:17:33,68,-20,3693.25,19054
2022-10-03 14:17:34,2,0,3693.25,19054
2022-10-03 14:17:35,2,0,3693.25,19054
2022-10-03 14:17:36,1,-1,3693.0,19053
2022-10-03 14:17:37,9,6,3693.25,19059
2022-10-03 14:17:38,121,-36,3693.25,19023
2022-10-03 14:17:39,2,2,3693.25,19025
2022-10-03 14:17:40,27,21,3693.25,19046
2022-10-03 14:17:41,6,-2,3693.0,19044
2022-10-03 14:17:43,25,-12,3693.0,19032
2022-10-03 14:17:44,5,-1,3693.25,19031
2022-10-03 14:17:45,2,-2,3693.0,19029
2022-10-03 14:17:46,92,25,3693.25,19054
2022-10-03 14:17:47,46,17,3693.25,19071
2022-10-03 14:17:48,43,-3,3693.25,19068
2022-10-03 14:17:49,28,12,3693.25,19080
2022-10-03 14:17:50,1,-1,3693.25,19079
2022-10-03 14:17:51,6,0,3693.5,19079
2022-10-03 14:17:53,52,16,3693.5,19095
2022-10-03 14:17:54,6,5,3693.75,19100
2022-10-03 14:17:56,6,4,3693.75,19104
2022-10-03 14:17:57,113,67,3694.0,19171
2022-10-03 14:17:58,2,2,3694.0,19173
2022-10-03 14:17:59,98,41,3694.25,19214
2022-10-03 14:18:00,62,-25,3694.25,19189
2022-10-03 14:18:01,17,4,3694.25,19193
2022-10-03 14:18:02,143,15,3694.5,19208
2022-10-03 14:18:03,24,12,3694.25,19220
2022-10-03 14:18:04,3,3,3694.25,19223
2022-10-03 14:18:05,76,-4,3694.25,19219
2022-10-03 14:18:06,39,-17,3694.25,19202
2022-10-03 14:18:07,32,22,3694.25,19224
2022-10-03 14:18:08,33,-13,3694.25,19211
2022-10-03 14:18:09,17,-15,3694.0,19196
2022-10-03 14:18:10,51,6,3694.25,19202
2022-10-03 14:18:11,33,1,3694.25,19203
2022-10-03 14:18:12,40,-7,3694.25,19196
2022-10-03 14:18:13,54,-11,3694.0,19185
2022-10-03 14:18:14,85,11,3694.25,19196
2022-10-03 14:18:15,62,-12,3694.0,19184
2022-10-03 14:18:16,38,-17,3694.0,19167
2022-10-03 14:18:17,52,-7,3694.0,19160
2022-10-03 14:18:18,58,-39,3694.0,19121
2022-10-03 14:18:19,63,-2,3694.25,19119
2022-10-03 14:18:20,95,2,3694.25,19121
2022-10-03 14:18:21,46,-21,3694.0,19100
2022-10-03 14:18:22,4,-2,3694.25,19098
2022-10-03 14:18:23,9,2,3694.25,19100
2022-10-03 14:18:24,372,-50,3694.25,19050
2022-10-03 14:18:25,1,-1,3694.0,19049
2022-10-03 14:18:26,31,-14,3694.25,19035
2022-10-03 14:18:27,5,0,3694.25,19035
2022-10-03 14:18:28,79,37,3694.25,19072
2022-10-03 14:18:29,22,-8,3694.25,19064
2022-10-03 14:18:30,365,-156,3694.0,18908
2022-10-03 14:18:31,64,39,3694.0,18947
2022-10-03 14:18:32,44,2,3694.0,18949
2022-10-03 14:18:33,5,-2,3694.0,18947
2022-10-03 14:18:34,237,74,3694.75,19021
2022-10-03 14:18:35,19,8,3694.5,19029
2022-10-03 14:18:36,25,-4,3694.5,19025
2022-10-03 14:18:37,194,-9,3694.75,19016
2022-10-03 14:18:38,71,6,3694.5,19022
2022-10-03 14:18:39,21,-14,3694.25,19008
2022-10-03 14:18:40,2,2,3694.0,19010
2022-10-03 14:18:41,82,-33,3694.0,18977
2022-10-03 14:18:42,31,-13,3693.75,18964
2022-10-03 14:18:43,35,-19,3693.25,18945
2022-10-03 14:18:44,8,-6,3693.0,18939
2022-10-03 14:18:45,76,-19,3693.25,18920
2022-10-03 14:18:46,90,-33,3693.25,18887
2022-10-03 14:18:47,68,10,3693.25,18897
2022-10-03 14:18:48,68,-43,3693.25,18854
2022-10-03 14:18:49,27,-2,3693.25,18852
2022-10-03 14:18:50,54,-12,3693.0,18840
2022-10-03 14:18:51,51,11,3693.25,18851
2022-10-03 14:18:52,64,-29,3693.0,18822
2022-10-03 14:18:53,12,-8,3693.25,18814
2022-10-03 14:18:54,72,21,3693.25,18835
2022-10-03 14:18:55,5,-5,3693.0,18830
2022-10-03 14:18:56,27,10,3693.25,18840
2022-10-03 14:18:57,5,-5,3693.25,18835
2022-10-03 14:18:58,34,9,3693.75,18844
2022-10-03 14:18:59,47,8,3693.75,18852
2022-10-03 14:19:00,12,6,3693.5,18858
2022-10-03 14:19:01,12,-7,3693.75,18851
2022-10-03 14:19:03,91,53,3693.75,18904
2022-10-03 14:19:04,52,-12,3693.5,18892
2022-10-03 14:19:05,43,-16,3693.0,18876
2022-10-03 14:19:06,24,-15,3693.25,18861
2022-10-03 14:19:07,18,-18,3693.0,18843
2022-10-03 14:19:08,30,-30,3692.75,18813
2022-10-03 14:19:09,116,-6,3692.5,18807
2022-10-03 14:19:10,11,-5,3692.75,18802
2022-10-03 14:19:11,149,36,3693.0,18838
2022-10-03 14:19:12,66,-16,3692.75,18822
2022-10-03 14:19:13,29,-13,3692.5,18809
2022-10-03 14:19:14,29,10,3692.5,18819
2022-10-03 14:19:15,78,-11,3692.75,18808
2022-10-03 14:19:16,5,-3,3692.5,18805
2022-10-03 14:19:17,5,-2,3692.5,18803
2022-10-03 14:19:18,157,-66,3692.75,18737
2022-10-03 14:19:19,26,14,3693.0,18751
2022-10-03 14:19:20,73,30,3693.25,18781
2022-10-03 14:19:22,5,-3,3693.25,18778
2022-10-03 14:19:23,33,-10,3693.0,18768
2022-10-03 14:19:24,4,-3,3692.75,18765
2022-10-03 14:19:25,79,-9,3692.75,18756
2022-10-03 14:19:26,31,1,3692.75,18757
2022-10-03 14:19:27,19,-2,3692.75,18755
2022-10-03 14:19:28,86,-26,3693.25,18729
2022-10-03 14:19:29,33,-13,3693.25,18716
2022-10-03 14:19:30,31,18,3693.25,18734
2022-10-03 14:19:31,117,10,3693.5,18744
2022-10-03 14:19:32,41,-20,3693.75,18724
2022-10-03 14:19:33,66,31,3694.0,18755
2022-10-03 14:19:34,73,-4,3693.5,18751
2022-10-03 14:19:35,38,-8,3693.5,18743
2022-10-03 14:19:36,7,2,3693.5,18745
2022-10-03 14:19:37,38,-5,3693.5,18740
2022-10-03 14:19:38,10,-4,3693.25,18736
2022-10-03 14:19:39,14,5,3693.25,18741
2022-10-03 14:19:40,3,-3,3693.25,18738
2022-10-03 14:19:42,1,-1,3693.25,18737
2022-10-03 14:19:43,16,4,3693.5,18741
2022-10-03 14:19:44,24,17,3693.5,18758
2022-10-03 14:19:45,2,2,3693.75,18760
2022-10-03 14:19:46,30,-7,3693.5,18753
2022-10-03 14:19:47,2,1,3693.5,18754
2022-10-03 14:19:48,13,5,3693.5,18759
2022-10-03 14:19:49,31,-7,3693.75,18752
2022-10-03 14:19:50,16,10,3693.75,18762
2022-10-03 14:19:51,2,0,3694.0,18762
2022-10-03 14:19:52,41,-2,3693.75,18760
2022-10-03 14:19:53,11,-5,3693.75,18755
2022-10-03 14:19:54,47,21,3694.0,18776
2022-10-03 14:19:55,28,-2,3694.0,18774
2022-10-03 14:19:56,69,11,3694.0,18785
2022-10-03 14:19:57,177,-114,3694.0,18671
2022-10-03 14:19:58,23,1,3693.75,18672
2022-10-03 14:19:59,60,-5,3693.75,18667
2022-10-03 14:20:00,63,2,3694.25,18669
2022-10-03 14:20:01,11,-3,3694.0,18666
2022-10-03 14:20:02,11,7,3694.0,18673
2022-10-03 14:20:03,25,6,3694.0,18679
2022-10-03 14:20:04,50,-3,3694.0,18676
2022-10-03 14:20:05,1,-1,3693.75,18675
2022-10-03 14:20:06,51,25,3694.25,18700
2022-10-03 14:20:07,11,-4,3694.0,18696
2022-10-03 14:20:08,2,2,3694.25,18698
2022-10-03 14:20:09,91,-13,3694.25,18685
2022-10-03 14:20:10,26,-1,3694.0,18684
2022-10-03 14:20:11,87,36,3694.25,18720
2022-10-03 14:20:12,23,-1,3694.25,18719
2022-10-03 14:20:13,40,12,3694.25,18731
2022-10-03 14:20:14,81,48,3694.75,18779
2022-10-03 14:20:15,6,6,3694.5,18785
2022-10-03 14:20:16,7,6,3694.5,18791
2022-10-03 14:20:17,56,9,3694.5,18800
2022-10-03 14:20:18,62,-11,3694.5,18789
2022-10-03 14:20:19,5,5,3694.5,18794
2022-10-03 14:20:20,3,1,3694.5,18795
2022-10-03 14:20:21,57,7,3694.75,18802
2022-10-03 14:20:22,5,0,3694.75,18802
2022-10-03 14:20:23,77,1,3694.5,18803
2022-10-03 14:20:24,9,-1,3694.5,18802
2022-10-03 14:20:25,5,4,3694.5,18806
2022-10-03 14:20:26,53,-5,3694.25,18801
2022-10-03 14:20:27,2,0,3694.5,18801
2022-10-03 14:20:28,5,-1,3694.25,18800
2022-10-03 14:20:29,80,-9,3694.25,18791
2022-10-03 14:20:30,19,-6,3694.5,18785
2022-10-03 14:20:31,41,-3,3694.0,18782
2022-10-03 14:20:32,10,2,3694.25,18784
2022-10-03 14:20:33,37,6,3694.5,18790
2022-10-03 14:20:34,10,-8,3694.25,18782
2022-10-03 14:20:35,10,3,3694.0,18785
2022-10-03 14:20:36,11,-7,3694.25,18778
2022-10-03 14:20:37,30,9,3694.0,18787
2022-10-03 14:20:38,50,-2,3694.25,18785
2022-10-03 14:20:39,19,2,3694.0,18787
2022-10-03 14:20:40,38,-6,3694.25,18781
2022-10-03 14:20:41,28,-21,3694.25,18760
2022-10-03 14:20:42,2,1,3694.0,18761
2022-10-03 14:20:43,41,-3,3693.75,18758
2022-10-03 14:20:44,2,1,3694.0,18759
2022-10-03 14:20:45,3,-1,3694.0,18758
2022-10-03 14:20:46,1,-1,3693.75,18757
2022-10-03 14:20:47,1,-1,3693.75,18756
2022-10-03 14:20:48,128,28,3694.0,18784
2022-10-03 14:20:49,8,1,3694.25,18785
2022-10-03 14:20:50,13,-10,3694.25,18775
2022-10-03 14:20:51,12,7,3694.0,18782
2022-10-03 14:20:53,11,-5,3694.0,18777
2022-10-03 14:20:54,78,38,3694.5,18815
2022-10-03 14:20:55,3,0,3694.5,18815
2022-10-03 14:20:56,30,-22,3694.25,18793
2022-10-03 14:20:57,1,1,3694.5,18794
2022-10-03 14:20:58,17,14,3694.75,18808
2022-10-03 14:20:59,70,-10,3694.75,18798
2022-10-03 14:21:00,24,12,3694.75,18810
2022-10-03 14:21:01,1114,476,3696.0,19286
2022-10-03 14:21:02,142,-18,3695.25,19268
2022-10-03 14:21:03,96,-36,3695.25,19232
2022-10-03 14:21:04,4,2,3695.0,19234
2022-10-03 14:21:05,39,18,3695.25,19252
2022-10-03 14:21:06,22,-3,3695.25,19249
2022-10-03 14:21:07,4,1,3695.25,19250
2022-10-03 14:21:08,77,-14,3695.25,19236
2022-10-03 14:21:09,24,14,3695.0,19250
2022-10-03 14:21:10,63,-4,3695.0,19246
2022-10-03 14:21:11,13,5,3695.0,19251
2022-10-03 14:21:12,3,1,3695.25,19252
2022-10-03 14:21:13,87,15,3695.5,19267
2022-10-03 14:21:14,27,14,3695.5,19281
2022-10-03 14:21:15,70,-3,3695.5,19278
2022-10-03 14:21:16,99,-8,3695.75,19270
2022-10-03 14:21:17,68,18,3695.75,19288
2022-10-03 14:21:18,66,-7,3695.5,19281
2022-10-03 14:21:19,12,-5,3695.5,19276
2022-10-03 14:21:20,2,0,3695.5,19276
2022-10-03 14:21:21,104,-10,3695.25,19266
2022-10-03 14:21:22,158,16,3695.0,19282
2022-10-03 14:21:23,80,10,3695.25,19292
2022-10-03 14:21:24,44,-9,3695.0,19283
2022-10-03 14:21:25,42,-5,3695.0,19278
2022-10-03 14:21:26,24,-10,3695.25,19268
2022-10-03 14:21:27,32,10,3695.25,19278
2022-10-03 14:21:28,38,4,3695.25,19282
2022-10-03 14:21:29,40,0,3695.5,19282
2022-10-03 14:21:30,39,-7,3695.25,19275
2022-10-03 14:21:31,85,6,3695.25,19281
2022-10-03 14:21:32,88,13,3695.25,19294
2022-10-03 14:21:33,14,0,3695.25,19294
2022-10-03 14:21:34,43,-3,3695.25,19291
2022-10-03 14:21:35,64,-8,3695.25,19283
2022-10-03 14:21:36,61,-3,3695.25,19280
2022-10-03 14:21:37,44,27,3695.5,19307
2022-10-03 14:21:38,81,-32,3695.5,19275
2022-10-03 14:21:39,24,-12,3695.0,19263
2022-10-03 14:21:40,45,-29,3694.75,19234
2022-10-03 14:21:41,113,-2,3694.5,19232
2022-10-03 14:21:42,7,6,3694.5,19238
2022-10-03 14:21:43,11,-9,3694.5,19229
2022-10-03 14:21:44,51,-17,3694.25,19212
2022-10-03 14:21:45,48,-5,3694.5,19207
2022-10-03 14:21:46,84,10,3694.5,19217
2022-10-03 14:21:47,40,18,3694.5,19235
2022-10-03 14:21:48,33,-2,3694.5,19233
2022-10-03 14:21:49,29,11,3694.5,19244
2022-10-03 14:21:50,3,-3,3694.5,19241
2022-10-03 14:21:51,65,18,3694.75,19259
2022-10-03 14:21:52,24,11,3694.75,19270
2022-10-03 14:21:53,11,8,3694.75,19278
2022-10-03 14:21:54,6,-5,3694.5,19273
2022-10-03 14:21:55,16,4,3695.0,19277
2022-10-03 14:21:56,9,5,3695.0,19282
2022-10-03 14:21:57,3,0,3695.0,19282
2022-10-03 14:21:59,121,33,3695.25,19315
2022-10-03 14:22:00,41,2,3695.25,19317
2022-10-03 14:22:01,2,0,3695.25,19317
2022-10-03 14:22:02,75,16,3695.25,19333
2022-10-03 14:22:03,43,-1,3695.5,19332
2022-10-03 14:22:04,10,8,3695.5,19340
2022-10-03 14:22:05,131,1,3695.5,19341
2022-10-03 14:22:06,2,0,3695.25,19341
2022-10-03 14:22:07,42,-1,3695.5,19340
2022-10-03 14:22:08,51,-22,3695.5,19318
2022-10-03 14:22:09,1,-1,3695.0,19317
2022-10-03 14:22:10,42,0,3695.25,19317
2022-10-03 14:22:11,44,0,3695.25,19317
2022-10-03 14:22:12,95,13,3695.5,19330
2022-10-03 14:22:13,41,-11,3695.5,19319
2022-10-03 14:22:14,27,9,3695.5,19328
2022-10-03 14:22:15,7,2,3695.25,19330
2022-10-03 14:22:16,229,-54,3695.25,19276
2022-10-03 14:22:17,147,-70,3695.0,19206
2022-10-03 14:22:18,3,-3,3694.5,19203
2022-10-03 14:22:19,2,-2,3694.5,19201
2022-10-03 14:22:20,14,-11,3694.5,19190
2022-10-03 14:22:21,222,-4,3694.75,19186
2022-10-03 14:22:22,44,27,3694.75,19213
2022-10-03 14:22:23,3,-2,3694.5,19211
2022-10-03 14:22:24,29,-11,3694.5,19200
2022-10-03 14:22:25,16,8,3694.5,19208
2022-10-03 14:22:26,35,18,3694.5,19226
2022-10-03 14:22:27,1,-1,3694.5,19225
2022-10-03 14:22:28,55,17,3694.75,19242
2022-10-03 14:22:29,25,-15,3694.75,19227
2022-10-03 14:22:30,50,4,3695.0,19231
2022-10-03 14:22:32,21,-11,3694.75,19220
2022-10-03 14:22:33,11,-9,3694.5,19211
2022-10-03 14:22:34,32,11,3694.5,19222
2022-10-03 14:22:35,20,8,3694.5,19230
2022-10-03 14:22:37,69,20,3695.0,19250
2022-10-03 14:22:39,120,12,3695.0,19262
2022-10-03 14:22:40,44,-10,3695.0,19252
2022-10-03 14:22:41,1,1,3695.0,19253
2022-10-03 14:22:44,67,-29,3695.0,19224
2022-10-03 14:22:45,22,-4,3694.75,19220
2022-10-03 14:22:46,1,1,3695.0,19221
2022-10-03 14:22:47,47,-24,3695.0,19197
2022-10-03 14:22:48,6,2,3694.75,19199
2022-10-03 14:22:50,79,-12,3694.5,19187
2022-10-03 14:22:51,16,11,3694.75,19198
2022-10-03 14:22:52,3,-3,3694.5,19195
2022-10-03 14:22:53,127,26,3695.0,19221
2022-10-03 14:22:54,2,-2,3694.75,19219
2022-10-03 14:22:55,31,12,3695.25,19231
2022-10-03 14:22:56,22,16,3695.25,19247
2022-10-03 14:22:57,173,24,3695.75,19271
2022-10-03 14:22:58,40,-1,3695.75,19270
2022-10-03 14:22:59,18,3,3695.5,19273
2022-10-03 14:23:00,15,0,3695.5,19273
2022-10-03 14:23:02,4,4,3695.5,19277
2022-10-03 14:23:03,69,-18,3695.5,19259
2022-10-03 14:23:04,2,2,3695.5,19261
2022-10-03 14:23:05,14,-5,3695.5,19256
2022-10-03 14:23:06,106,61,3696.0,19317
2022-10-03 14:23:07,58,10,3696.0,19327
2022-10-03 14:23:08,133,32,3696.25,19359
2022-10-03 14:23:09,78,8,3696.0,19367
2022-10-03 14:23:10,40,13,3696.25,19380
2022-10-03 14:23:11,91,9,3696.0,19389
2022-10-03 14:23:12,57,4,3695.75,19393
2022-10-03 14:23:13,18,-2,3695.75,19391
2022-10-03 14:23:14,28,-14,3695.75,19377
2022-10-03 14:23:15,14,12,3695.75,19389
2022-10-03 14:23:16,22,1,3695.75,19390
2022-10-03 14:23:17,6,-5,3695.75,19385
2022-10-03 14:23:18,54,14,3695.75,19399
2022-10-03 14:23:19,6,-1,3695.75,19398
2022-10-03 14:23:20,44,-2,3695.75,19396
2022-10-03 14:23:21,1,1,3695.5,19397
2022-10-03 14:23:22,11,8,3695.5,19405
2022-10-03 14:23:23,5,-3,3695.5,19402
2022-10-03 14:23:24,73,-17,3695.25,19385
2022-10-03 14:23:25,28,-5,3695.0,19380
2022-10-03 14:23:26,11,4,3695.25,19384
2022-10-03 14:23:27,37,-6,3695.0,19378
2022-10-03 14:23:28,50,-9,3695.0,19369
2022-10-03 14:23:29,31,-2,3695.25,19367
2022-10-03 14:23:30,55,22,3695.25,19389
2022-10-03 14:23:31,10,0,3695.25,19389
2022-10-03 14:23:32,247,43,3695.75,19432
2022-10-03 14:23:33,2,2,3695.5,19434
2022-10-03 14:23:34,60,32,3696.0,19466
2022-10-03 14:23:35,3,-3,3695.75,19463
2022-10-03 14:23:36,139,40,3696.25,19503
2022-10-03 14:23:37,4,3,3696.25,19506
2022-10-03 14:23:38,6,-4,3696.25,19502
2022-10-03 14:23:39,3,-2,3696.0,19500
2022-10-03 14:23:40,3,-1,3696.25,19499
2022-10-03 14:23:41,7,6,3696.25,19505
2022-10-03 14:23:42,6,-4,3696.25,19501
2022-10-03 14:23:43,155,63,3696.5,19564
2022-10-03 14:23:44,52,-10,3696.5,19554
2022-10-03 14:23:45,48,14,3696.5,19568
2022-10-03 14:23:46,236,76,3697.0,19644
2022-10-03 14:23:47,124,80,3697.25,19724
2022-10-03 14:23:48,111,-42,3697.25,19682
2022-10-03 14:23:49,58,17,3697.25,19699
2022-10-03 14:23:50,33,5,3697.25,19704
2022-10-03 14:23:51,12,1,3697.25,19705
2022-10-03 14:23:52,14,9,3697.25,19714
2022-10-03 14:23:53,205,15,3697.25,19729
2022-10-03 14:23:54,8,-2,3697.25,19727
2022-10-03 14:23:55,8,-2,3697.25,19725
2022-10-03 14:23:56,29,19,3697.5,19744
2022-10-03 14:23:57,6,-2,3697.5,19742
2022-10-03 14:23:58,18,4,3697.5,19746
2022-10-03 14:24:00,16,-11,3697.5,19735
2022-10-03 14:24:01,259,31,3697.75,19766
2022-10-03 14:24:02,42,23,3697.75,19789
2022-10-03 14:24:03,49,11,3697.75,19800
2022-10-03 14:24:04,132,-11,3697.75,19789
2022-10-03 14:24:05,15,0,3697.75,19789
2022-10-03 14:24:06,103,-23,3697.5,19766
2022-10-03 14:24:07,79,17,3697.5,19783
2022-10-03 14:24:08,104,-3,3697.5,19780
2022-10-03 14:24:09,52,-4,3697.25,19776
2022-10-03 14:24:10,46,-15,3697.5,19761
2022-10-03 14:24:11,46,-28,3697.25,19733
2022-10-03 14:24:12,66,-22,3697.0,19711
2022-10-03 14:24:13,64,6,3697.0,19717
2022-10-03 14:24:14,23,-4,3697.0,19713
2022-10-03 14:24:15,6,-2,3696.75,19711
2022-10-03 14:24:16,41,7,3697.0,19718
2022-10-03 14:24:17,40,-22,3696.5,19696
2022-10-03 14:24:18,58,21,3696.5,19717
2022-10-03 14:24:19,25,-2,3696.5,19715
2022-10-03 14:24:20,47,-2,3696.5,19713
2022-10-03 14:24:21,114,-60,3696.5,19653
2022-10-03 14:24:22,11,-6,3696.0,19647
2022-10-03 14:24:23,28,-11,3696.25,19636
2022-10-03 14:24:24,59,5,3696.0,19641
2022-10-03 14:24:25,59,-14,3696.0,19627
2022-10-03 14:24:26,38,6,3696.0,19633
2022-10-03 14:24:27,164,-153,3696.0,19480
2022-10-03 14:24:28,43,-20,3695.75,19460
2022-10-03 14:24:29,85,10,3695.5,19470
2022-10-03 14:24:30,57,-12,3695.5,19458
2022-10-03 14:24:31,8,-4,3695.5,19454
2022-10-03 14:24:32,15,9,3695.5,19463
2022-10-03 14:24:33,39,-9,3695.5,19454
2022-10-03 14:24:34,23,8,3695.5,19462
2022-10-03 14:24:35,8,-3,3695.5,19459
2022-10-03 14:24:36,138,-23,3695.25,19436
2022-10-03 14:24:37,66,16,3695.25,19452
2022-10-03 14:24:38,17,3,3695.5,19455
2022-10-03 14:24:39,13,6,3695.5,19461
2022-10-03 14:24:40,60,-4,3695.5,19457
2022-10-03 14:24:41,10,-1,3695.5,19456
2022-10-03 14:24:42,31,22,3695.5,19478
2022-10-03 14:24:43,129,19,3695.75,19497
2022-10-03 14:24:44,49,13,3695.75,19510
2022-10-03 14:24:45,18,-2,3695.75,19508
2022-10-03 14:24:46,10,-8,3695.5,19500
2022-10-03 14:24:47,35,-6,3695.75,19494
2022-10-03 14:24:48,6,2,3695.5,19496
2022-10-03 14:24:50,62,-8,3695.5,19488
2022-10-03 14:24:51,19,-6,3695.25,19482
2022-10-03 14:24:52,26,0,3695.5,19482
2022-10-03 14:24:53,27,-9,3695.5,19473
2022-10-03 14:24:54,55,12,3695.5,19485
2022-10-03 14:24:55,80,7,3695.5,19492
2022-10-03 14:24:56,74,11,3695.75,19503
2022-10-03 14:24:57,11,2,3695.75,19505
2022-10-03 14:24:58,87,31,3696.0,19536
2022-10-03 14:24:59,72,7,3696.25,19543
2022-10-03 14:25:00,1,-1,3696.0,19542
2022-10-03 14:25:01,15,8,3696.25,19550
2022-10-03 14:25:02,77,8,3696.25,19558
2022-10-03 14:25:03,8,-6,3696.25,19552
2022-10-03 14:25:04,7,-2,3696.25,19550
2022-10-03 14:25:05,61,-4,3696.25,19546
2022-10-03 14:25:06,22,-1,3696.25,19545
2022-10-03 14:25:07,2,0,3696.25,19545
2022-10-03 14:25:08,25,-14,3696.0,19531
2022-10-03 14:25:09,2,2,3695.75,19533
2022-10-03 14:25:10,22,13,3695.75,19546
2022-10-03 14:25:11,57,-16,3695.5,19530
2022-10-03 14:25:12,26,7,3695.75,19537
2022-10-03 14:25:13,26,-21,3695.5,19516
2022-10-03 14:25:14,3,1,3695.75,19517
2022-10-03 14:25:15,27,-15,3695.5,19502
2022-10-03 14:25:16,23,-11,3695.5,19491
2022-10-03 14:25:17,23,-12,3695.25,19479
2022-10-03 14:25:18,62,-24,3695.0,19455
2022-10-03 14:25:19,39,20,3695.25,19475
2022-10-03 14:25:20,2,-2,3695.0,19473
2022-10-03 14:25:21,48,4,3695.0,19477
2022-10-03 14:25:22,24,-11,3695.0,19466
2022-10-03 14:25:23,1,1,3695.25,19467
2022-10-03 14:25:24,53,13,3695.25,19480
2022-10-03 14:25:25,30,-3,3695.0,19477
2022-10-03 14:25:26,83,-30,3695.0,19447
2022-10-03 14:25:27,46,7,3694.75,19454
2022-10-03 14:25:28,37,9,3695.25,19463
2022-10-03 14:25:29,3,0,3695.25,19463
2022-10-03 14:25:30,43,27,3695.5,19490
2022-10-03 14:25:31,76,19,3695.5,19509
2022-10-03 14:25:32,39,-17,3695.5,19492
2022-10-03 14:25:33,38,9,3695.75,19501
2022-10-03 14:25:34,69,1,3695.75,19502
2022-10-03 14:25:35,2,-2,3695.75,19500
2022-10-03 14:25:37,96,-18,3696.0,19482
2022-10-03 14:25:38,117,-52,3695.5,19430
2022-10-03 14:25:39,19,10,3695.5,19440
2022-10-03 14:25:40,16,8,3695.5,19448
2022-10-03 14:25:41,48,0,3695.5,19448
2022-10-03 14:25:42,18,0,3695.5,19448
2022-10-03 14:25:43,30,4,3695.25,19452
2022-10-03 14:25:44,23,-7,3695.25,19445
2022-10-03 14:25:45,18,5,3695.25,19450
2022-10-03 14:25:46,14,-8,3695.25,19442
2022-10-03 14:25:47,44,-3,3695.0,19439
2022-10-03 14:25:48,15,9,3695.0,19448
2022-10-03 14:25:49,2,0,3695.25,19448
2022-10-03 14:25:50,204,-63,3695.5,19385
2022-10-03 14:25:51,31,-16,3695.25,19369
2022-10-03 14:25:52,26,-6,3695.0,19363
2022-10-03 14:25:53,1,1,3695.25,19364
2022-10-03 14:25:54,36,-2,3695.25,19362
2022-10-03 14:25:55,9,1,3695.25,19363
2022-10-03 14:25:56,6,0,3695.0,19363
2022-10-03 14:25:57,88,11,3695.25,19374
2022-10-03 14:25:58,47,6,3695.25,19380
2022-10-03 14:25:59,51,-4,3695.25,19376
2022-10-03 14:26:00,23,10,3695.25,19386
2022-10-03 14:26:01,1,1,3695.25,19387
2022-10-03 14:26:02,1,-1,3695.0,19386
2022-10-03 14:26:04,21,16,3695.5,19402
2022-10-03 14:26:05,4,4,3695.5,19406
2022-10-03 14:26:06,1,1,3695.5,19407
2022-10-03 14:26:07,80,7,3695.75,19414
2022-10-03 14:26:08,28,-2,3695.75,19412
2022-10-03 14:26:09,10,1,3695.75,19413
2022-10-03 14:26:10,2,-2,3695.5,19411
2022-10-03 14:26:11,8,2,3695.75,19413
2022-10-03 14:26:12,58,-4,3695.5,19409
2022-10-03 14:26:13,13,0,3695.75,19409
2022-10-03 14:26:14,1,1,3695.75,19410
2022-10-03 14:26:15,42,7,3695.5,19417
2022-10-03 14:26:16,26,-3,3695.5,19414
2022-10-03 14:26:17,34,-9,3695.25,19405
2022-10-03 14:26:18,17,4,3695.5,19409
2022-10-03 14:26:20,29,-8,3695.25,19401
2022-10-03 14:26:21,12,9,3695.25,19410
2022-10-03 14:26:22,24,2,3695.25,19412
2022-10-03 14:26:23,8,-2,3695.25,19410
2022-10-03 14:26:24,8,-6,3695.0,19404
2022-10-03 14:26:25,61,-11,3694.75,19393
2022-10-03 14:26:26,23,4,3694.75,19397
2022-10-03 14:26:27,54,-8,3694.75,19389
2022-10-03 14:26:28,36,16,3694.75,19405
2022-10-03 14:26:29,41,-3,3694.75,19402
2022-10-03 14:26:30,8,-6,3694.75,19396
2022-10-03 14:26:31,9,-5,3694.75,19391
2022-10-03 14:26:32,4,-2,3694.75,19389
2022-10-03 14:26:33,64,29,3695.0,19418
2022-10-03 14:26:34,52,6,3695.0,19424
2022-10-03 14:26:36,109,-50,3694.75,19374
2022-10-03 14:26:37,5,-4,3694.25,19370
2022-10-03 14:26:38,121,10,3694.5,19380
2022-10-03 14:26:39,5,-3,3694.5,19377
2022-10-03 14:26:40,33,2,3694.5,19379
2022-10-03 14:26:41,15,3,3694.5,19382
2022-10-03 14:26:42,35,-9,3694.25,19373
2022-10-03 14:26:43,126,-8,3694.25,19365
2022-10-03 14:26:44,125,59,3694.5,19424
2022-10-03 14:26:45,5,2,3694.5,19426
2022-10-03 14:26:46,52,14,3694.75,19440
2022-10-03 14:26:47,16,9,3694.75,19449
2022-10-03 14:26:48,57,6,3695.0,19455
2022-10-03 14:26:49,15,3,3695.0,19458
2022-10-03 14:26:50,25,-3,3695.0,19455
2022-10-03 14:26:51,19,5,3694.5,19460
2022-10-03 14:26:52,3,1,3694.75,19461
2022-10-03 14:26:53,29,4,3694.75,19465
2022-10-03 14:26:54,64,-22,3694.75,19443
2022-10-03 14:26:55,27,12,3694.75,19455
2022-10-03 14:26:56,18,6,3694.5,19461
2022-10-03 14:26:57,13,-5,3694.5,19456
2022-10-03 14:26:58,27,8,3694.75,19464
2022-10-03 14:26:59,21,-13,3694.75,19451
2022-10-03 14:27:00,92,7,3694.75,19458
2022-10-03 14:27:01,1,-1,3694.5,19457
2022-10-03 14:27:02,4,-1,3694.5,19456
2022-10-03 14:27:03,25,4,3695.0,19460
2022-10-03 14:27:04,1,1,3694.75,19461
2022-10-03 14:27:05,34,6,3694.75,19467
2022-10-03 14:27:06,28,10,3694.75,19477
2022-10-03 14:27:07,26,-20,3694.75,19457
2022-10-03 14:27:08,6,-1,3695.0,19456
2022-10-03 14:27:09,61,28,3695.0,19484
2022-10-03 14:27:10,52,-13,3695.0,19471
2022-10-03 14:27:11,1,1,3695.0,19472
2022-10-03 14:27:12,25,2,3695.0,19474
2022-10-03 14:27:13,17,2,3695.0,19476
2022-10-03 14:27:14,3,2,3694.75,19478
2022-10-03 14:27:15,1,1,3694.75,19479
2022-10-03 14:27:16,58,-1,3694.75,19478
2022-10-03 14:27:17,3,0,3694.75,19478
2022-10-03 14:27:18,67,14,3694.75,19492
2022-10-03 14:27:19,33,2,3695.0,19494
2022-10-03 14:27:20,41,-1,3695.0,19493
2022-10-03 14:27:21,42,20,3695.0,19513
2022-10-03 14:27:22,8,6,3695.0,19519
2022-10-03 14:27:23,11,-8,3694.75,19511
2022-10-03 14:27:24,10,7,3694.75,19518
2022-10-03 14:27:25,64,-16,3694.75,19502
2022-10-03 14:27:26,12,-6,3694.5,19496
2022-10-03 14:27:27,2,2,3694.5,19498
2022-10-03 14:27:28,35,11,3694.75,19509
2022-10-03 14:27:29,39,3,3694.75,19512
2022-10-03 14:27:30,7,-3,3694.75,19509
2022-10-03 14:27:31,2,2,3694.75,19511
2022-10-03 14:27:32,70,3,3694.75,19514
2022-10-03 14:27:33,24,1,3695.0,19515
2022-10-03 14:27:35,8,-1,3695.0,19514
2022-10-03 14:27:36,1,1,3695.0,19515
2022-10-03 14:27:38,288,86,3695.5,19601
2022-10-03 14:27:39,8,2,3695.5,19603
2022-10-03 14:27:40,4,0,3695.5,19603
2022-10-03 14:27:41,34,32,3695.5,19635
2022-10-03 14:27:42,2,-2,3695.25,19633
2022-10-03 14:27:43,9,6,3695.5,19639
2022-10-03 14:27:44,151,-12,3695.5,19627
2022-10-03 14:27:45,16,12,3695.75,19639
2022-10-03 14:27:46,5,5,3695.75,19644
2022-10-03 14:27:47,2,2,3695.75,19646
2022-10-03 14:27:48,66,26,3696.0,19672
2022-10-03 14:27:49,39,-4,3696.0,19668
2022-10-03 14:27:50,5,5,3696.0,19673
2022-10-03 14:27:51,27,22,3696.0,19695
2022-10-03 14:27:52,72,40,3696.5,19735
2022-10-03 14:27:53,6,6,3696.5,19741
2022-10-03 14:27:54,83,23,3696.5,19764
2022-10-03 14:27:55,14,2,3696.75,19766
2022-10-03 14:27:56,14,6,3696.75,19772
2022-10-03 14:27:57,134,-4,3696.75,19768
2022-10-03 14:27:58,153,81,3697.25,19849
2022-10-03 14:27:59,141,20,3697.75,19869
2022-10-03 14:28:00,27,2,3697.5,19871
2022-10-03 14:28:01,55,27,3697.5,19898
2022-10-03 14:28:02,221,24,3697.5,19922
2022-10-03 14:28:03,240,-35,3697.25,19887
2022-10-03 14:28:04,174,14,3697.5,19901
2022-10-03 14:28:05,81,-2,3697.5,19899
2022-10-03 14:28:06,29,20,3697.75,19919
2022-10-03 14:28:07,35,27,3697.75,19946
2022-10-03 14:28:08,470,86,3698.5,20032
2022-10-03 14:28:09,140,78,3698.25,20110
2022-10-03 14:28:10,153,13,3698.5,20123
2022-10-03 14:28:11,1747,770,3700.0,20893
2022-10-03 14:28:12,413,108,3700.75,21001
2022-10-03 14:28:13,349,-9,3700.75,20992
2022-10-03 14:28:14,204,48,3700.75,21040
2022-10-03 14:28:15,123,-10,3700.75,21030
2022-10-03 14:28:16,373,213,3701.25,21243
2022-10-03 14:28:17,315,25,3701.25,21268
2022-10-03 14:28:18,151,-17,3701.25,21251
2022-10-03 14:28:19,206,-19,3701.25,21232
2022-10-03 14:28:20,160,36,3701.0,21268
2022-10-03 14:28:21,218,72,3701.25,21340
2022-10-03 14:28:22,156,-9,3701.0,21331
2022-10-03 14:28:23,43,-9,3700.75,21322
2022-10-03 14:28:24,150,-36,3700.75,21286
2022-10-03 14:28:25,73,-1,3700.5,21285
2022-10-03 14:28:26,255,-39,3700.5,21246
2022-10-03 14:28:27,128,1,3700.5,21247
2022-10-03 14:28:28,55,-9,3700.5,21238
2022-10-03 14:28:29,88,13,3700.25,21251
2022-10-03 14:28:30,84,-17,3700.0,21234
2022-10-03 14:28:31,94,33,3700.25,21267
2022-10-03 14:28:32,121,-24,3700.25,21243
2022-10-03 14:28:33,45,1,3700.25,21244
2022-10-03 14:28:34,8,-1,3700.0,21243
2022-10-03 14:28:35,190,-57,3700.0,21186
2022-10-03 14:28:36,18,-11,3699.75,21175
2022-10-03 14:28:37,83,-15,3700.0,21160
2022-10-03 14:28:38,42,3,3699.75,21163
2022-10-03 14:28:39,91,43,3700.25,21206
2022-10-03 14:28:40,68,22,3700.25,21228
2022-10-03 14:28:41,31,-1,3700.25,21227
2022-10-03 14:28:42,69,-12,3700.0,21215
2022-10-03 14:28:43,89,-27,3699.75,21188
2022-10-03 14:28:44,82,-1,3700.0,21187
2022-10-03 14:28:45,71,9,3700.25,21196
2022-10-03 14:28:46,59,-27,3700.0,21169
2022-10-03 14:28:47,89,-6,3700.0,21163
2022-10-03 14:28:48,37,-12,3700.0,21151
2022-10-03 14:28:49,163,4,3700.25,21155
2022-10-03 14:28:50,79,2,3700.5,21157
2022-10-03 14:28:51,43,-14,3700.5,21143
2022-10-03 14:28:52,46,-17,3700.5,21126
2022-10-03 14:28:53,60,37,3700.5,21163
2022-10-03 14:28:54,24,-11,3700.5,21152
2022-10-03 14:28:55,7,-4,3700.0,21148
2022-10-03 14:28:56,199,-73,3700.0,21075
2022-10-03 14:28:57,107,16,3700.25,21091
2022-10-03 14:28:58,42,17,3700.5,21108
2022-10-03 14:28:59,8,6,3700.5,21114
2022-10-03 14:29:00,28,-10,3700.5,21104
2022-10-03 14:29:01,145,-41,3700.5,21063
2022-10-03 14:29:02,37,0,3700.0,21063
2022-10-03 14:29:03,28,-8,3699.75,21055
2022-10-03 14:29:04,46,9,3699.75,21064
2022-10-03 14:29:05,48,10,3700.0,21074
2022-10-03 14:29:06,24,-1,3700.0,21073
2022-10-03 14:29:07,21,-10,3700.0,21063
2022-10-03 14:29:08,4,-4,3699.5,21059
2022-10-03 14:29:09,80,27,3699.75,21086
2022-10-03 14:29:10,82,34,3700.0,21120
2022-10-03 14:29:11,73,1,3700.25,21121
2022-10-03 14:29:12,45,8,3700.0,21129
2022-10-03 14:29:13,32,-7,3700.0,21122
2022-10-03 14:29:14,188,22,3700.0,21144
2022-10-03 14:29:15,40,-13,3700.0,21131
2022-10-03 14:29:16,23,5,3700.25,21136
2022-10-03 14:29:17,35,-13,3700.0,21123
2022-10-03 14:29:18,54,33,3700.5,21156
2022-10-03 14:29:19,30,-9,3700.25,21147
2022-10-03 14:29:20,103,25,3700.75,21172
2022-10-03 14:29:21,38,-5,3700.5,21167
2022-10-03 14:29:22,46,-17,3700.75,21150
2022-10-03 14:29:23,15,9,3700.75,21159
2022-10-03 14:29:24,106,16,3701.25,21175
2022-10-03 14:29:25,52,7,3701.0,21182
2022-10-03 14:29:26,72,28,3701.0,21210
2022-10-03 14:29:27,31,3,3701.25,21213
2022-10-03 14:29:28,39,20,3701.25,21233
2022-10-03 14:29:29,68,25,3701.5,21258
2022-10-03 14:29:30,100,-17,3701.25,21241
2022-10-03 14:29:31,165,38,3701.25,21279
2022-10-03 14:29:32,65,-9,3701.0,21270
2022-10-03 14:29:33,21,12,3701.25,21282
2022-10-03 14:29:34,58,-6,3701.0,21276
2022-10-03 14:29:35,21,5,3701.25,21281
2022-10-03 14:29:36,44,4,3701.5,21285
2022-10-03 14:29:37,76,-20,3701.25,21265
2022-10-03 14:29:38,298,16,3701.5,21281
2022-10-03 14:29:39,69,-9,3701.25,21272
2022-10-03 14:29:40,170,-18,3701.25,21254
2022-10-03 14:29:41,38,2,3701.0,21256
2022-10-03 14:29:42,75,-8,3700.75,21248
2022-10-03 14:29:43,27,-5,3700.75,21243
2022-10-03 14:29:44,30,14,3701.0,21257
2022-10-03 14:29:45,67,12,3701.25,21269
2022-10-03 14:29:46,3,-3,3701.25,21266
2022-10-03 14:29:47,25,11,3701.25,21277
2022-10-03 14:29:48,112,15,3701.5,21292
2022-10-03 14:29:49,87,13,3701.5,21305
2022-10-03 14:29:50,99,6,3701.5,21311
2022-10-03 14:29:51,7,3,3701.25,21314
2022-10-03 14:29:52,529,332,3702.25,21646
2022-10-03 14:29:53,83,-24,3701.5,21622
2022-10-03 14:29:54,35,-16,3701.0,21606
2022-10-03 14:29:55,72,7,3701.0,21613
2022-10-03 14:29:56,36,-23,3701.0,21590
2022-10-03 14:29:57,12,-2,3700.75,21588
2022-10-03 14:29:58,67,29,3701.0,21617
2022-10-03 14:29:59,64,13,3701.0,21630
2022-10-03 14:30:00,61,6,3700.75,21636
2022-10-03 14:30:01,155,-37,3700.75,21599
2022-10-03 14:30:02,184,-1,3700.5,21598
2022-10-03 14:30:03,103,10,3700.25,21608
2022-10-03 14:30:04,66,11,3700.5,21619
2022-10-03 14:30:05,103,5,3700.5,21624
2022-10-03 14:30:06,126,-66,3700.75,21558
2022-10-03 14:30:07,62,-18,3700.5,21540
2022-10-03 14:30:08,51,-9,3700.0,21531
2022-10-03 14:30:09,128,-31,3699.75,21500
2022-10-03 14:30:10,77,-5,3700.0,21495
2022-10-03 14:30:11,60,-12,3700.25,21483
2022-10-03 14:30:12,13,-10,3700.0,21473
2022-10-03 14:30:13,69,5,3700.25,21478
2022-10-03 14:30:14,71,12,3700.75,21490
2022-10-03 14:30:15,6,1,3700.5,21491
2022-10-03 14:30:16,13,2,3700.5,21493
2022-10-03 14:30:17,32,-6,3700.5,21487
2022-10-03 14:30:18,46,26,3700.75,21513
2022-10-03 14:30:19,13,-6,3700.75,21507
2022-10-03 14:30:20,31,-5,3700.75,21502
2022-10-03 14:30:21,79,29,3701.0,21531
2022-10-03 14:30:22,20,11,3701.0,21542
2022-10-03 14:30:23,35,-1,3701.0,21541
2022-10-03 14:30:24,36,-12,3701.0,21529
2022-10-03 14:30:25,64,-1,3701.0,21528
2022-10-03 14:30:26,6,1,3701.0,21529
2022-10-03 14:30:27,65,-10,3701.0,21519
2022-10-03 14:30:28,15,-3,3700.5,21516
2022-10-03 14:30:29,71,7,3701.0,21523
2022-10-03 14:30:30,77,25,3701.25,21548
2022-10-03 14:30:31,38,-16,3701.0,21532
2022-10-03 14:30:32,67,-33,3701.0,21499
2022-10-03 14:30:33,2,1,3701.0,21500
2022-10-03 14:30:34,53,9,3701.0,21509
2022-10-03 14:30:35,60,19,3701.0,21528
2022-10-03 14:30:36,65,-8,3700.75,21520
2022-10-03 14:30:37,33,-13,3701.0,21507
2022-10-03 14:30:38,156,-12,3700.5,21495
2022-10-03 14:30:39,66,32,3700.75,21527
2022-10-03 14:30:40,73,7,3701.0,21534
2022-10-03 14:30:41,37,-4,3701.25,21530
2022-10-03 14:30:42,32,11,3701.0,21541
2022-10-03 14:30:43,40,-14,3701.0,21527
2022-10-03 14:30:44,5,1,3701.0,21528
2022-10-03 14:30:45,51,26,3701.0,21554
2022-10-03 14:30:46,23,-4,3701.25,21550
2022-10-03 14:30:47,55,-36,3701.0,21514
2022-10-03 14:30:48,39,12,3701.0,21526
2022-10-03 14:30:49,41,2,3701.0,21528
2022-10-03 14:30:50,37,5,3701.0,21533
2022-10-03 14:30:51,14,1,3701.0,21534
2022-10-03 14:30:52,69,-15,3701.0,21519
2022-10-03 14:30:53,2,2,3701.25,21521
2022-10-03 14:30:54,48,1,3701.25,21522
2022-10-03 14:30:55,32,10,3701.25,21532
2022-10-03 14:30:56,87,22,3701.75,21554
2022-10-03 14:30:57,29,-1,3701.75,21553
2022-10-03 14:30:58,101,-11,3701.75,21542
2022-10-03 14:30:59,65,13,3701.5,21555
2022-10-03 14:31:00,54,6,3701.5,21561
2022-10-03 14:31:01,33,-2,3701.5,21559
2022-10-03 14:31:02,7,0,3701.5,21559
2022-10-03 14:31:03,149,33,3701.75,21592
2022-10-03 14:31:04,48,7,3701.75,21599
2022-10-03 14:31:05,3,1,3701.75,21600
2022-10-03 14:31:06,4,4,3701.75,21604
2022-10-03 14:31:07,52,-5,3701.75,21599
2022-10-03 14:31:08,14,-11,3701.5,21588
2022-10-03 14:31:09,38,8,3701.5,21596
2022-10-03 14:31:10,96,32,3701.75,21628
2022-10-03 14:31:11,166,4,3702.25,21632
2022-10-03 14:31:12,13,0,3702.0,21632
2022-10-03 14:31:13,45,-9,3702.0,21623
2022-10-03 14:31:14,81,6,3702.0,21629
2022-10-03 14:31:15,3,1,3702.0,21630
2022-10-03 14:31:16,95,-28,3702.0,21602
2022-10-03 14:31:17,39,-11,3701.75,21591
2022-10-03 14:31:18,18,-16,3701.25,21575
2022-10-03 14:31:19,82,-5,3701.25,21570
2022-10-03 14:31:20,98,17,3701.5,21587
2022-10-03 14:31:21,76,12,3701.75,21599
2022-10-03 14:31:22,46,-16,3701.5,21583
2022-10-03 14:31:23,57,2,3701.0,21585
2022-10-03 14:31:24,14,-14,3700.75,21571
2022-10-03 14:31:25,29,18,3701.25,21589
2022-10-03 14:31:26,44,-4,3701.25,21585
2022-10-03 14:31:27,34,8,3701.25,21593
2022-10-03 14:31:28,2,2,3701.25,21595
2022-10-03 14:31:29,32,16,3701.5,21611
2022-10-03 14:31:30,23,-20,3701.5,21591
2022-10-03 14:31:31,98,14,3701.5,21605
2022-10-03 14:31:32,25,-13,3701.5,21592
2022-10-03 14:31:33,1,1,3701.25,21593
2022-10-03 14:31:34,49,-13,3701.25,21580
2022-10-03 14:31:35,1,-1,3701.0,21579
2022-10-03 14:31:36,6,-2,3701.25,21577
2022-10-03 14:31:37,81,2,3701.25,21579
2022-10-03 14:31:38,39,4,3701.25,21583
2022-10-03 14:31:39,51,1,3701.0,21584
2022-10-03 14:31:40,143,2,3701.0,21586
2022-10-03 14:31:41,29,16,3701.0,21602
2022-10-03 14:31:42,59,19,3701.25,21621
2022-10-03 14:31:44,3,-1,3701.25,21620
2022-10-03 14:31:45,7,-1,3701.25,21619
2022-10-03 14:31:46,44,10,3701.25,21629
2022-10-03 14:31:47,24,-6,3701.0,21623
2022-10-03 14:31:48,45,-6,3701.25,21617
2022-10-03 14:31:49,52,5,3701.0,21622
2022-10-03 14:31:50,65,2,3700.75,21624
2022-10-03 14:31:51,15,0,3701.0,21624
2022-10-03 14:31:52,75,15,3701.25,21639
2022-10-03 14:31:54,13,-3,3701.25,21636
2022-10-03 14:31:56,31,6,3701.25,21642
2022-10-03 14:31:57,21,17,3701.25,21659
2022-10-03 14:31:58,31,-25,3701.0,21634
2022-10-03 14:31:59,15,3,3700.75,21637
2022-10-03 14:32:00,112,-9,3700.75,21628
2022-10-03 14:32:01,40,-10,3700.5,21618
2022-10-03 14:32:02,15,-12,3700.5,21606
2022-10-03 14:32:03,46,7,3700.5,21613
2022-10-03 14:32:04,45,-6,3700.5,21607
2022-10-03 14:32:05,1,1,3700.5,21608
2022-10-03 14:32:06,112,36,3700.75,21644
2022-10-03 14:32:07,54,7,3701.0,21651
2022-10-03 14:32:08,30,-9,3701.0,21642
2022-10-03 14:32:09,38,11,3700.75,21653
2022-10-03 14:32:10,7,-5,3701.0,21648
2022-10-03 14:32:11,58,24,3701.0,21672
2022-10-03 14:32:12,82,17,3701.25,21689
2022-10-03 14:32:13,13,9,3701.25,21698
2022-10-03 14:32:14,3,-3,3701.0,21695
2022-10-03 14:32:15,17,16,3701.25,21711
2022-10-03 14:32:16,69,-9,3701.5,21702
2022-10-03 14:32:17,169,-98,3701.5,21604
2022-10-03 14:32:18,13,-4,3701.25,21600
2022-10-03 14:32:19,32,10,3701.25,21610
2022-10-03 14:32:20,24,-6,3701.0,21604
2022-10-03 14:32:21,83,-3,3701.0,21601
2022-10-03 14:32:22,1,-1,3700.75,21600
2022-10-03 14:32:23,130,-13,3701.0,21587
2022-10-03 14:32:25,94,6,3701.0,21593
2022-10-03 14:32:27,56,6,3701.25,21599
2022-10-03 14:32:29,42,-2,3701.25,21597
2022-10-03 14:32:30,2,-2,3701.0,21595
2022-10-03 14:32:32,18,-2,3700.75,21593
2022-10-03 14:32:33,46,-19,3700.75,21574
2022-10-03 14:32:34,160,-9,3700.5,21565
2022-10-03 14:32:35,10,-8,3700.25,21557
2022-10-03 14:32:36,36,15,3700.5,21572
2022-10-03 14:32:37,60,40,3700.75,21612
2022-10-03 14:32:38,23,10,3700.75,21622
2022-10-03 14:32:39,41,-15,3700.75,21607
2022-10-03 14:32:40,60,10,3700.5,21617
2022-10-03 14:32:41,1,-1,3700.25,21616
2022-10-03 14:32:42,109,11,3700.5,21627
2022-10-03 14:32:43,14,6,3700.5,21633
2022-10-03 14:32:44,59,-11,3700.75,21622
2022-10-03 14:32:45,39,-3,3700.75,21619
2022-10-03 14:32:46,64,-1,3701.0,21618
2022-10-03 14:32:47,55,9,3701.0,21627
2022-10-03 14:32:48,100,-37,3701.0,21590
2022-10-03 14:32:49,25,1,3700.75,21591
2022-10-03 14:32:50,1,1,3701.0,21592
2022-10-03 14:32:51,3,1,3701.0,21593
2022-10-03 14:32:52,145,12,3700.75,21605
2022-10-03 14:32:54,35,-12,3700.75,21593
2022-10-03 14:32:55,42,9,3700.5,21602
2022-10-03 14:32:56,75,32,3701.0,21634
2022-10-03 14:32:57,2,-2,3700.75,21632
2022-10-03 14:32:58,74,50,3701.25,21682
2022-10-03 14:32:59,16,-2,3701.25,21680
2022-10-03 14:33:00,30,4,3701.25,21684
2022-10-03 14:33:01,9,-6,3700.75,21678
2022-10-03 14:33:02,52,20,3700.75,21698
2022-10-03 14:33:03,29,-10,3700.75,21688
2022-10-03 14:33:05,22,17,3700.75,21705
2022-10-03 14:33:06,22,-15,3700.5,21690
2022-10-03 14:33:07,30,15,3700.75,21705
2022-10-03 14:33:08,28,-21,3700.5,21684
2022-10-03 14:33:09,11,1,3700.75,21685
2022-10-03 14:33:10,29,2,3700.75,21687
2022-10-03 14:33:11,12,3,3700.75,21690
2022-10-03 14:33:12,6,-4,3700.5,21686
2022-10-03 14:33:14,39,-20,3700.25,21666
2022-10-03 14:33:15,88,19,3700.75,21685
2022-10-03 14:33:16,54,19,3701.25,21704
2022-10-03 14:33:17,144,-100,3701.25,21604
2022-10-03 14:33:18,2,-2,3701.0,21602
2022-10-03 14:33:19,1,1,3701.25,21603
2022-10-03 14:33:20,69,41,3701.5,21644
2022-10-03 14:33:21,115,39,3701.75,21683
2022-10-03 14:33:22,68,7,3701.75,21690
2022-10-03 14:33:23,50,27,3701.75,21717
2022-10-03 14:33:24,3,3,3701.75,21720
2022-10-03 14:33:25,65,-11,3701.75,21709
2022-10-03 14:33:27,49,-20,3701.5,21689
2022-10-03 14:33:28,29,0,3701.25,21689
2022-10-03 14:33:29,29,-4,3701.25,21685
2022-10-03 14:33:30,2,-2,3701.0,21683
2022-10-03 14:33:31,17,-13,3700.75,21670
2022-10-03 14:33:32,29,-1,3701.0,21669
2022-10-03 14:33:33,2,-2,3700.75,21667
2022-10-03 14:33:34,109,5,3700.75,21672
2022-10-03 14:33:35,3,-1,3700.75,21671
2022-10-03 14:33:36,14,-6,3700.75,21665
2022-10-03 14:33:37,27,-5,3700.75,21660
2022-10-03 14:33:38,30,23,3700.75,21683
2022-10-03 14:33:39,3,3,3700.75,21686
2022-10-03 14:33:40,1,1,3701.0,21687
2022-10-03 14:33:41,25,16,3701.25,21703
2022-10-03 14:33:42,66,-5,3701.25,21698
2022-10-03 14:33:43,22,-1,3701.5,21697
2022-10-03 14:33:44,11,3,3701.25,21700
2022-10-03 14:33:45,54,2,3701.0,21702
2022-10-03 14:33:46,1,-1,3700.75,21701
2022-10-03 14:33:47,35,-19,3700.75,21682
2022-10-03 14:33:48,17,-11,3701.0,21671
2022-10-03 14:33:49,11,-2,3701.0,21669
2022-10-03 14:33:50,43,20,3701.0,21689
2022-10-03 14:33:51,49,-4,3701.25,21685
2022-10-03 14:33:52,21,0,3701.25,21685
2022-10-03 14:33:53,23,-8,3701.5,21677
2022-10-03 14:33:54,67,-44,3701.0,21633
2022-10-03 14:33:55,63,-9,3700.75,21624
2022-10-03 14:33:56,60,16,3700.75,21640
2022-10-03 14:33:57,20,2,3701.0,21642
2022-10-03 14:33:58,53,10,3701.0,21652
2022-10-03 14:33:59,41,-8,3701.0,21644
2022-10-03 14:34:00,55,-24,3700.75,21620
2022-10-03 14:34:01,31,23,3700.75,21643
2022-10-03 14:34:02,40,1,3700.5,21644
2022-10-03 14:34:03,60,-7,3700.5,21637
2022-10-03 14:34:04,39,-10,3700.5,21627
2022-10-03 14:34:05,36,-1,3700.75,21626
2022-10-03 14:34:06,30,13,3700.5,21639
2022-10-03 14:34:07,25,-1,3700.5,21638
2022-10-03 14:34:08,3,-1,3700.5,21637
2022-10-03 14:34:09,61,2,3700.5,21639
2022-10-03 14:34:10,84,9,3700.75,21648
2022-10-03 14:34:11,12,1,3700.75,21649
2022-10-03 14:34:12,26,-4,3700.75,21645
2022-10-03 14:34:13,35,-10,3700.5,21635
2022-10-03 14:34:14,42,-9,3700.5,21626
2022-10-03 14:34:15,31,-3,3700.5,21623
2022-10-03 14:34:16,16,9,3700.25,21632
2022-10-03 14:34:17,145,-47,3700.25,21585
2022-10-03 14:34:18,25,19,3700.25,21604
2022-10-03 14:34:19,77,-7,3700.5,21597
2022-10-03 14:34:20,42,-11,3700.25,21586
2022-10-03 14:34:21,2,0,3700.5,21586
2022-10-03 14:34:22,2,-2,3700.25,21584
2022-10-03 14:34:23,27,-2,3700.25,21582
2022-10-03 14:34:24,103,30,3700.75,21612
2022-10-03 14:34:25,29,8,3700.75,21620
2022-10-03 14:34:26,85,-27,3700.5,21593
2022-10-03 14:34:27,3,3,3700.25,21596
2022-10-03 14:34:28,74,23,3700.25,21619
2022-10-03 14:34:29,75,-16,3700.0,21603
2022-10-03 14:34:30,31,-6,3700.0,21597
2022-10-03 14:34:31,76,-4,3700.25,21593
2022-10-03 14:34:32,40,14,3700.5,21607
2022-10-03 14:34:33,50,-12,3700.5,21595
2022-10-03 14:34:34,9,3,3700.75,21598
2022-10-03 14:34:35,26,4,3700.5,21602
2022-10-03 14:34:36,55,11,3700.75,21613
2022-10-03 14:34:37,2,-2,3700.5,21611
2022-10-03 14:34:38,83,44,3701.0,21655
2022-10-03 14:34:39,43,6,3701.25,21661
2022-10-03 14:34:40,27,-1,3701.25,21660
2022-10-03 14:34:41,3,-1,3701.25,21659
2022-10-03 14:34:42,28,5,3701.25,21664
2022-10-03 14:34:43,1,1,3701.0,21665
2022-10-03 14:34:44,15,10,3701.25,21675
2022-10-03 14:34:45,4,-2,3701.25,21673
2022-10-03 14:34:46,68,18,3701.5,21691
2022-10-03 14:34:47,2,2,3701.25,21693
2022-10-03 14:34:48,17,3,3701.25,21696
2022-10-03 14:34:49,5,-4,3701.0,21692
2022-10-03 14:34:51,1,-1,3701.0,21691
2022-10-03 14:34:52,111,21,3701.5,21712
2022-10-03 14:34:53,9,-7,3701.5,21705
2022-10-03 14:34:54,58,-21,3701.25,21684
2022-10-03 14:34:55,17,-9,3701.5,21675
2022-10-03 14:34:56,49,-8,3701.25,21667
2022-10-03 14:34:57,86,-1,3701.0,21666
2022-10-03 14:34:59,2,2,3701.0,21668
2022-10-03 14:35:00,26,9,3701.0,21677
2022-10-03 14:35:01,27,4,3701.0,21681
2022-10-03 14:35:03,1,1,3701.0,21682
2022-10-03 14:35:04,84,-3,3700.75,21679
2022-10-03 14:35:05,16,12,3701.0,21691
2022-10-03 14:35:06,38,-7,3700.75,21684
2022-10-03 14:35:07,39,-18,3700.5,21666
2022-10-03 14:35:08,25,1,3700.75,21667
2022-10-03 14:35:09,26,-3,3700.75,21664
2022-10-03 14:35:10,60,-17,3700.5,21647
2022-10-03 14:35:11,43,9,3700.5,21656
2022-10-03 14:35:12,30,-3,3700.75,21653
2022-10-03 14:35:14,36,12,3701.0,21665
2022-10-03 14:35:15,13,8,3701.0,21673
2022-10-03 14:35:16,48,-12,3701.0,21661
2022-10-03 14:35:17,135,-10,3700.75,21651
2022-10-03 14:35:18,122,7,3700.75,21658
2022-10-03 14:35:19,6,-5,3700.75,21653
2022-10-03 14:35:20,1,1,3701.0,21654
2022-10-03 14:35:22,19,-10,3701.0,21644
2022-10-03 14:35:24,12,10,3700.75,21654
2022-10-03 14:35:25,105,36,3701.25,21690
2022-10-03 14:35:26,26,-1,3701.25,21689
2022-10-03 14:35:27,27,2,3701.25,21691
2022-10-03 14:35:28,18,1,3701.25,21692
2022-10-03 14:35:29,49,19,3701.5,21711
2022-10-03 14:35:30,36,2,3701.5,21713
2022-10-03 14:35:31,28,-2,3701.5,21711
2022-10-03 14:35:32,37,-4,3701.5,21707
2022-10-03 14:35:33,38,-12,3701.25,21695
2022-10-03 14:35:34,1,1,3701.25,21696
2022-10-03 14:35:35,23,5,3701.25,21701
2022-10-03 14:35:36,3,3,3701.25,21704
2022-10-03 14:35:37,3,-3,3701.0,21701
2022-10-03 14:35:38,32,-8,3701.0,21693
2022-10-03 14:35:39,1,1,3701.0,21694
2022-10-03 14:35:40,126,-21,3701.0,21673
2022-10-03 14:35:41,79,12,3701.25,21685
2022-10-03 14:35:42,59,10,3701.25,21695
2022-10-03 14:35:43,36,1,3701.5,21696
2022-10-03 14:35:44,16,7,3701.5,21703
2022-10-03 14:35:45,33,24,3701.75,21727
2022-10-03 14:35:46,83,8,3701.75,21735
2022-10-03 14:35:47,21,5,3702.0,21740
2022-10-03 14:35:48,12,6,3702.0,21746
2022-10-03 14:35:49,49,18,3702.0,21764
2022-10-03 14:35:50,32,25,3702.25,21789
2022-10-03 14:35:51,95,-16,3702.25,21773
2022-10-03 14:35:52,89,-6,3702.25,21767
2022-10-03 14:35:53,35,8,3702.25,21775
2022-10-03 14:35:54,4,0,3702.25,21775
2022-10-03 14:35:55,1,-1,3702.0,21774
2022-10-03 14:35:56,76,16,3702.25,21790
2022-10-03 14:35:57,6,2,3702.25,21792
2022-10-03 14:35:58,48,6,3702.0,21798
2022-10-03 14:35:59,37,0,3702.25,21798
2022-10-03 14:36:00,23,-7,3702.25,21791
2022-10-03 14:36:01,47,-21,3702.0,21770
2022-10-03 14:36:02,3,1,3701.75,21771
2022-10-03 14:36:03,64,9,3701.75,21780
2022-10-03 14:36:04,32,-16,3701.75,21764
2022-10-03 14:36:05,62,16,3702.0,21780
2022-10-03 14:36:06,49,18,3702.0,21798
2022-10-03 14:36:07,21,-4,3702.0,21794
2022-10-03 14:36:08,24,0,3702.0,21794
2022-10-03 14:36:09,5,3,3702.0,21797
2022-10-03 14:36:10,31,3,3702.0,21800
2022-10-03 14:36:11,56,9,3702.0,21809
2022-10-03 14:36:12,68,-26,3702.25,21783
2022-10-03 14:36:13,28,4,3702.0,21787
2022-10-03 14:36:14,21,-1,3702.0,21786
2022-10-03 14:36:15,3,1,3702.25,21787
2022-10-03 14:36:16,40,-3,3702.25,21784
2022-10-03 14:36:17,5,4,3702.25,21788
2022-10-03 14:36:18,42,0,3702.0,21788
2022-10-03 14:36:19,17,6,3702.25,21794
2022-10-03 14:36:20,27,23,3702.25,21817
2022-10-03 14:36:21,51,-22,3702.0,21795
2022-10-03 14:36:22,140,24,3701.5,21819
2022-10-03 14:36:23,46,6,3701.75,21825
2022-10-03 14:36:24,9,-2,3701.5,21823
2022-10-03 14:36:25,62,-14,3701.5,21809
2022-10-03 14:36:26,4,-4,3701.0,21805
2022-10-03 14:36:27,2,-2,3701.0,21803
2022-10-03 14:36:28,57,-11,3701.25,21792
2022-10-03 14:36:29,26,17,3701.25,21809
2022-10-03 14:36:30,26,8,3701.5,21817
2022-10-03 14:36:31,20,-8,3701.75,21809
2022-10-03 14:36:32,54,3,3701.5,21812
2022-10-03 14:36:33,9,-1,3701.5,21811
2022-10-03 14:36:34,19,-11,3701.25,21800
2022-10-03 14:36:35,13,6,3701.25,21806
2022-10-03 14:36:36,43,-18,3701.0,21788
2022-10-03 14:36:37,27,2,3701.25,21790
2022-10-03 14:36:38,53,-5,3701.5,21785
2022-10-03 14:36:39,30,-12,3701.25,21773
2022-10-03 14:36:40,21,7,3701.0,21780
2022-10-03 14:36:41,94,1,3701.0,21781
2022-10-03 14:36:42,16,-2,3701.0,21779
2022-10-03 14:36:43,4,-4,3701.0,21775
2022-10-03 14:36:44,61,1,3701.25,21776
2022-10-03 14:36:45,69,16,3701.0,21792
2022-10-03 14:36:46,41,7,3700.75,21799
2022-10-03 14:36:47,13,7,3701.0,21806
2022-10-03 14:36:48,30,-10,3701.0,21796
2022-10-03 14:36:49,26,-3,3701.25,21793
2022-10-03 14:36:50,33,-21,3701.0,21772
2022-10-03 14:36:51,24,10,3701.0,21782
2022-10-03 14:36:52,90,9,3701.25,21791
2022-10-03 14:36:54,19,-12,3701.0,21779
2022-10-03 14:36:55,21,7,3701.25,21786
2022-10-03 14:36:56,41,18,3701.5,21804
2022-10-03 14:36:57,24,7,3701.5,21811
2022-10-03 14:36:58,14,2,3701.5,21813
2022-10-03 14:36:59,2,2,3701.75,21815
2022-10-03 14:37:00,65,-10,3701.5,21805
2022-10-03 14:37:01,29,-1,3701.5,21804
2022-10-03 14:37:02,31,-8,3701.25,21796
2022-10-03 14:37:03,30,0,3701.25,21796
2022-10-03 14:37:04,15,-10,3701.25,21786
2022-10-03 14:37:05,26,10,3701.25,21796
2022-10-03 14:37:06,44,9,3701.5,21805
2022-10-03 14:37:08,33,11,3701.25,21816
2022-10-03 14:37:09,44,-20,3701.25,21796
2022-10-03 14:37:10,37,-6,3701.0,21790
2022-10-03 14:37:11,9,-5,3701.0,21785
2022-10-03 14:37:12,4,4,3701.0,21789
2022-10-03 14:37:13,25,4,3701.0,21793
2022-10-03 14:37:14,30,3,3701.0,21796
2022-10-03 14:37:15,8,2,3701.25,21798
2022-10-03 14:37:16,43,30,3701.5,21828
2022-10-03 14:37:17,70,23,3701.5,21851
2022-10-03 14:37:18,30,7,3701.75,21858
2022-10-03 14:37:19,3,-3,3701.5,21855
2022-10-03 14:37:20,61,22,3701.75,21877
2022-10-03 14:37:21,112,70,3702.25,21947
2022-10-03 14:37:22,60,1,3701.75,21948
2022-10-03 14:37:23,298,-248,3701.75,21700
2022-10-03 14:37:24,96,-12,3701.5,21688
2022-10-03 14:37:25,35,-7,3701.25,21681
2022-10-03 14:37:26,16,-13,3701.25,21668
2022-10-03 14:37:27,46,-5,3701.0,21663
2022-10-03 14:37:28,4,-2,3701.0,21661
2022-10-03 14:37:29,38,9,3701.0,21670
2022-10-03 14:37:30,19,3,3701.25,21673
2022-10-03 14:37:31,44,-6,3701.25,21667
2022-10-03 14:37:32,13,0,3701.25,21667
2022-10-03 14:37:33,23,-5,3701.25,21662
2022-10-03 14:37:34,26,0,3701.25,21662
2022-10-03 14:37:35,18,1,3701.25,21663
2022-10-03 14:37:36,7,0,3701.5,21663
2022-10-03 14:37:37,36,23,3701.75,21686
2022-10-03 14:37:38,4,-4,3701.5,21682
2022-10-03 14:37:39,48,4,3701.75,21686
2022-10-03 14:37:40,10,-7,3701.5,21679
2022-10-03 14:37:41,22,-1,3701.5,21678
2022-10-03 14:37:42,16,-6,3701.5,21672
2022-10-03 14:37:43,37,3,3701.25,21675
2022-10-03 14:37:45,35,-9,3701.0,21666
2022-10-03 14:37:46,72,31,3701.75,21697
2022-10-03 14:37:47,37,-27,3701.5,21670
2022-10-03 14:37:48,24,5,3701.5,21675
2022-10-03 14:37:49,40,0,3701.5,21675
2022-10-03 14:37:50,4,0,3701.5,21675
2022-10-03 14:37:51,12,-3,3701.5,21672
2022-10-03 14:37:52,26,1,3701.5,21673
2022-10-03 14:37:53,28,-6,3701.25,21667
2022-10-03 14:37:54,4,-2,3700.75,21665
2022-10-03 14:37:55,47,-16,3700.75,21649
2022-10-03 14:37:56,45,21,3700.75,21670
2022-10-03 14:37:59,52,15,3701.0,21685
2022-10-03 14:38:00,93,20,3701.0,21705
2022-10-03 14:38:01,12,-6,3700.75,21699
2022-10-03 14:38:02,49,-1,3700.75,21698
2022-10-03 14:38:03,59,13,3701.0,21711
2022-10-03 14:38:05,60,35,3701.5,21746
2022-10-03 14:38:06,1,1,3701.5,21747
2022-10-03 14:38:07,64,-27,3701.25,21720
2022-10-03 14:38:08,20,1,3701.25,21721
2022-10-03 14:38:09,32,-5,3701.25,21716
2022-10-03 14:38:10,4,-1,3701.25,21715
2022-10-03 14:38:11,19,4,3701.25,21719
2022-10-03 14:38:12,3,3,3701.25,21722
2022-10-03 14:38:13,96,-32,3701.0,21690
2022-10-03 14:38:14,22,7,3701.0,21697
2022-10-03 14:38:16,16,-1,3700.75,21696
2022-10-03 14:38:17,19,14,3701.0,21710
2022-10-03 14:38:18,80,-39,3701.25,21671
2022-10-03 14:38:19,5,3,3701.25,21674
2022-10-03 14:38:20,14,1,3701.25,21675
2022-10-03 14:38:22,95,29,3701.5,21704
2022-10-03 14:38:23,2,2,3701.5,21706
2022-10-03 14:38:24,2,2,3701.5,21708
2022-10-03 14:38:26,129,-27,3701.25,21681
2022-10-03 14:38:27,11,-6,3701.0,21675
2022-10-03 14:38:28,27,-6,3700.75,21669
2022-10-03 14:38:29,2,-1,3700.5,21668
2022-10-03 14:38:30,1,1,3700.75,21669
2022-10-03 14:38:31,22,-3,3700.75,21666
2022-10-03 14:38:32,61,-31,3700.5,21635
2022-10-03 14:38:33,31,5,3700.5,21640
2022-10-03 14:38:34,76,1,3700.5,21641
2022-10-03 14:38:35,53,16,3701.0,21657
2022-10-03 14:38:36,81,-13,3701.0,21644
2022-10-03 14:38:37,13,0,3701.0,21644
2022-10-03 14:38:38,45,-12,3701.0,21632
2022-10-03 14:38:39,5,-1,3701.0,21631
2022-10-03 14:38:41,8,-8,3700.75,21623
2022-10-03 14:38:42,79,59,3701.25,21682
2022-10-03 14:38:43,71,2,3701.5,21684
2022-10-03 14:38:44,28,3,3701.25,21687
2022-10-03 14:38:45,8,0,3701.25,21687
2022-10-03 14:38:46,19,15,3701.5,21702
2022-10-03 14:38:47,3,3,3701.5,21705
2022-10-03 14:38:48,9,-2,3701.5,21703
2022-10-03 14:38:49,85,19,3701.75,21722
2022-10-03 14:38:50,50,-26,3702.0,21696
2022-10-03 14:38:51,2,-2,3701.75,21694
2022-10-03 14:38:52,59,0,3701.75,21694
2022-10-03 14:38:53,3,2,3701.75,21696
2022-10-03 14:38:54,1,-1,3701.5,21695
2022-10-03 14:38:55,17,-14,3701.5,21681
2022-10-03 14:38:56,23,15,3701.5,21696
2022-10-03 14:38:57,40,15,3701.5,21711
2022-10-03 14:38:58,3,1,3701.75,21712
2022-10-03 14:38:59,64,14,3701.75,21726
2022-10-03 14:39:00,336,37,3702.25,21763
2022-10-03 14:39:01,2,2,3702.0,21765
2022-10-03 14:39:02,35,-11,3701.75,21754
2022-10-03 14:39:03,58,-23,3701.5,21731
2022-10-03 14:39:04,34,-11,3701.5,21720
2022-10-03 14:39:05,6,-3,3701.5,21717
2022-10-03 14:39:06,67,12,3701.75,21729
2022-10-03 14:39:08,9,7,3701.75,21736
2022-10-03 14:39:09,77,-39,3701.5,21697
2022-10-03 14:39:10,104,8,3701.5,21705
2022-10-03 14:39:11,2,0,3701.5,21705
2022-10-03 14:39:13,62,22,3701.75,21727
2022-10-03 14:39:14,76,18,3702.0,21745
2022-10-03 14:39:15,7,7,3702.25,21752
2022-10-03 14:39:16,8,-6,3702.0,21746
2022-10-03 14:39:18,52,13,3702.25,21759
2022-10-03 14:39:19,58,18,3702.5,21777
2022-10-03 14:39:20,4,3,3702.5,21780
2022-10-03 14:39:21,56,-43,3702.25,21737
2022-10-03 14:39:22,80,-6,3702.5,21731
2022-10-03 14:39:23,2,1,3702.25,21732
2022-10-03 14:39:24,5,5,3702.25,21737
2022-10-03 14:39:25,97,-8,3702.25,21729
2022-10-03 14:39:26,65,-24,3702.0,21705
2022-10-03 14:39:27,37,3,3702.25,21708
2022-10-03 14:39:28,54,9,3702.25,21717
2022-10-03 14:39:29,37,3,3702.25,21720
2022-10-03 14:39:30,7,-1,3702.25,21719
2022-10-03 14:39:31,30,-7,3702.25,21712
2022-10-03 14:39:32,1,1,3702.25,21713
2022-10-03 14:39:33,2,0,3702.25,21713
2022-10-03 14:39:34,4,4,3702.25,21717
2022-10-03 14:39:35,41,14,3702.25,21731
2022-10-03 14:39:36,91,-31,3702.25,21700
2022-10-03 14:39:37,140,9,3702.25,21709
2022-10-03 14:39:38,7,0,3702.25,21709
2022-10-03 14:39:39,94,-4,3702.25,21705
2022-10-03 14:39:40,35,4,3702.5,21709
2022-10-03 14:39:41,80,29,3702.5,21738
2022-10-03 14:39:42,6,3,3702.5,21741
2022-10-03 14:39:43,11,10,3702.5,21751
2022-10-03 14:39:44,68,-5,3702.5,21746
2022-10-03 14:39:45,19,18,3702.5,21764
2022-10-03 14:39:46,6,2,3702.5,21766
2022-10-03 14:39:47,8,6,3702.5,21772
2022-10-03 14:39:48,3,0,3702.5,21772
2022-10-03 14:39:49,93,33,3702.75,21805
2022-10-03 14:39:50,74,-40,3702.75,21765
2022-10-03 14:39:51,18,-7,3702.75,21758
2022-10-03 14:39:52,17,8,3702.75,21766
2022-10-03 14:39:53,85,-4,3702.75,21762
2022-10-03 14:39:54,4,-1,3702.75,21761
2022-10-03 14:39:55,36,-24,3702.5,21737
2022-10-03 14:39:56,86,27,3702.5,21764
2022-10-03 14:39:57,74,-11,3702.5,21753
2022-10-03 14:39:58,29,0,3702.25,21753
2022-10-03 14:39:59,20,15,3702.25,21768
2022-10-03 14:40:00,79,-1,3702.25,21767
2022-10-03 14:40:01,9,-7,3702.25,21760
2022-10-03 14:40:02,108,-52,3702.0,21708
2022-10-03 14:40:03,4,-1,3702.25,21707
2022-10-03 14:40:04,97,16,3702.25,21723
2022-10-03 14:40:05,3,-1,3702.25,21722
2022-10-03 14:40:06,67,33,3702.5,21755
2022-10-03 14:40:07,17,-3,3702.75,21752
2022-10-03 14:40:08,38,-10,3702.5,21742
2022-10-03 14:40:09,2,2,3702.5,21744
2022-10-03 14:40:10,2,0,3702.5,21744
2022-10-03 14:40:11,32,6,3702.5,21750
2022-10-03 14:40:12,99,3,3702.5,21753
2022-10-03 14:40:13,13,5,3702.5,21758
2022-10-03 14:40:14,37,6,3702.75,21764
2022-10-03 14:40:15,53,0,3702.75,21764
2022-10-03 14:40:17,3,-1,3702.5,21763
2022-10-03 14:40:18,31,19,3702.75,21782
2022-10-03 14:40:19,23,-12,3702.5,21770
2022-10-03 14:40:20,82,7,3702.5,21777
2022-10-03 14:40:21,9,-4,3702.5,21773
2022-10-03 14:40:22,46,-5,3702.5,21768
2022-10-03 14:40:23,7,2,3702.5,21770
2022-10-03 14:40:24,35,12,3702.5,21782
2022-10-03 14:40:25,128,-28,3702.25,21754
2022-10-03 14:40:26,40,-16,3702.25,21738
2022-10-03 14:40:27,48,-10,3702.0,21728
2022-10-03 14:40:28,2,-2,3701.75,21726
2022-10-03 14:40:29,35,14,3702.25,21740
2022-10-03 14:40:30,126,22,3702.25,21762
2022-10-03 14:40:34,9,6,3702.5,21768
2022-10-03 14:40:35,3,-1,3702.5,21767
2022-10-03 14:40:36,24,12,3702.5,21779
2022-10-03 14:40:37,3,1,3702.75,21780
2022-10-03 14:40:38,77,-9,3702.5,21771
2022-10-03 14:40:39,25,-2,3702.5,21769
2022-10-03 14:40:40,15,0,3702.5,21769
2022-10-03 14:40:41,6,6,3702.75,21775
2022-10-03 14:40:42,64,32,3702.75,21807
2022-10-03 14:40:43,1,-1,3702.5,21806
2022-10-03 14:40:44,3,3,3702.75,21809
2022-10-03 14:40:45,123,120,3703.0,21929
2022-10-03 14:40:46,140,-17,3703.0,21912
2022-10-03 14:40:47,132,2,3703.0,21914
2022-10-03 14:40:48,20,8,3703.0,21922
2022-10-03 14:40:49,5,-1,3703.0,21921
2022-10-03 14:40:50,270,101,3703.5,22022
2022-10-03 14:40:51,18,14,3703.25,22036
2022-10-03 14:40:52,185,96,3703.5,22132
2022-10-03 14:40:53,103,-2,3703.5,22130
2022-10-03 14:40:54,13,5,3703.5,22135
2022-10-03 14:40:55,471,202,3704.0,22337
2022-10-03 14:40:56,81,33,3703.75,22370
2022-10-03 14:40:57,31,-2,3703.75,22368
2022-10-03 14:40:58,55,22,3703.75,22390
2022-10-03 14:40:59,137,-69,3703.75,22321
2022-10-03 14:41:00,55,5,3703.5,22326
2022-10-03 14:41:01,31,9,3703.25,22335
2022-10-03 14:41:02,81,0,3703.25,22335
2022-10-03 14:41:03,77,-25,3703.25,22310
2022-10-03 14:41:05,1,-1,3703.0,22309
2022-10-03 14:41:06,3,-2,3703.0,22307
2022-10-03 14:41:07,62,7,3703.25,22314
2022-10-03 14:41:08,105,1,3703.5,22315
2022-10-03 14:41:09,32,-14,3703.5,22301
2022-10-03 14:41:10,51,-5,3703.25,22296
2022-10-03 14:41:11,16,8,3703.5,22304
2022-10-03 14:41:12,1,-1,3703.25,22303
2022-10-03 14:41:13,1,-1,3703.25,22302
2022-10-03 14:41:14,10,-1,3703.5,22301
2022-10-03 14:41:15,46,-23,3703.25,22278
2022-10-03 14:41:16,227,-58,3703.25,22220
2022-10-03 14:41:17,32,-15,3703.0,22205
2022-10-03 14:41:18,80,22,3703.0,22227
2022-10-03 14:41:19,46,-4,3703.0,22223
2022-10-03 14:41:20,1,-1,3702.75,22222
2022-10-03 14:41:21,183,-3,3703.0,22219
2022-10-03 14:41:22,30,-3,3703.0,22216
2022-10-03 14:41:23,32,17,3703.25,22233
2022-10-03 14:41:24,55,3,3703.25,22236
2022-10-03 14:41:25,36,-2,3703.25,22234
2022-10-03 14:41:26,24,-10,3703.25,22224
2022-10-03 14:41:27,5,4,3703.25,22228
2022-10-03 14:41:28,53,-7,3703.25,22221
2022-10-03 14:41:29,8,-8,3702.75,22213
2022-10-03 14:41:30,104,-25,3702.75,22188
2022-10-03 14:41:31,68,2,3702.75,22190
2022-10-03 14:41:32,92,17,3702.5,22207
2022-10-03 14:41:33,70,-10,3702.5,22197
2022-10-03 14:41:34,44,-2,3702.5,22195
2022-10-03 14:41:35,16,-10,3702.75,22185
2022-10-03 14:41:36,53,22,3703.0,22207
2022-10-03 14:41:37,91,0,3703.0,22207
2022-10-03 14:41:38,29,5,3703.0,22212
2022-10-03 14:41:39,20,-3,3703.0,22209
2022-10-03 14:41:40,6,-4,3702.75,22205
2022-10-03 14:41:41,10,-8,3702.75,22197
2022-10-03 14:41:42,55,-30,3702.5,22167
2022-10-03 14:41:43,51,15,3702.5,22182
2022-10-03 14:41:44,25,-3,3702.5,22179
2022-10-03 14:41:45,46,20,3703.0,22199
2022-10-03 14:41:46,44,10,3703.0,22209
2022-10-03 14:41:47,5,-3,3703.0,22206
2022-10-03 14:41:48,7,3,3703.0,22209
2022-10-03 14:41:49,82,9,3702.75,22218
2022-10-03 14:41:50,8,7,3703.0,22225
2022-10-03 14:41:51,5,3,3703.25,22228
2022-10-03 14:41:52,30,4,3703.25,22232
2022-10-03 14:41:53,47,18,3703.5,22250
2022-10-03 14:41:54,4,1,3703.5,22251
2022-10-03 14:41:55,34,-6,3703.25,22245
2022-10-03 14:41:56,23,7,3703.5,22252
2022-10-03 14:41:57,158,33,3703.5,22285
2022-10-03 14:41:58,3,3,3703.5,22288
2022-10-03 14:41:59,25,6,3703.5,22294
2022-10-03 14:42:00,13,1,3703.5,22295
2022-10-03 14:42:01,25,3,3703.5,22298
2022-10-03 14:42:02,95,-64,3703.25,22234
2022-10-03 14:42:03,62,14,3703.25,22248
2022-10-03 14:42:04,22,12,3703.25,22260
2022-10-03 14:42:05,6,-4,3703.25,22256
2022-10-03 14:42:07,4,-4,3703.0,22252
2022-10-03 14:42:08,101,-18,3703.25,22234
2022-10-03 14:42:09,23,18,3703.5,22252
2022-10-03 14:42:10,3,-2,3703.25,22250
2022-10-03 14:42:11,92,-46,3703.25,22204
2022-10-03 14:42:12,24,-5,3703.0,22199
2022-10-03 14:42:13,11,9,3703.0,22208
2022-10-03 14:42:14,56,12,3703.25,22220
2022-10-03 14:42:15,8,-4,3703.25,22216
2022-10-03 14:42:16,11,-5,3703.0,22211
2022-10-03 14:42:17,14,10,3703.25,22221
2022-10-03 14:42:19,21,16,3703.25,22237
2022-10-03 14:42:20,1,1,3703.5,22238
2022-10-03 14:42:21,66,8,3703.5,22246
2022-10-03 14:42:23,62,-25,3703.5,22221
2022-10-03 14:42:24,38,-22,3703.25,22199
2022-10-03 14:42:25,10,8,3703.25,22207
2022-10-03 14:42:26,17,17,3703.5,22224
2022-10-03 14:42:27,76,-15,3703.5,22209
2022-10-03 14:42:28,35,-24,3703.25,22185
2022-10-03 14:42:29,25,-5,3703.0,22180
2022-10-03 14:42:30,64,14,3703.0,22194
2022-10-03 14:42:31,4,0,3703.0,22194
2022-10-03 14:42:32,66,-11,3703.0,22183
2022-10-03 14:42:33,18,-2,3703.25,22181
2022-10-03 14:42:34,4,3,3703.25,22184
2022-10-03 14:42:35,24,-7,3703.25,22177
2022-10-03 14:42:36,31,9,3703.25,22186
2022-10-03 14:42:37,38,4,3703.25,22190
2022-10-03 14:42:39,15,-1,3703.0,22189
2022-10-03 14:42:40,13,12,3703.5,22201
2022-10-03 14:42:41,31,0,3703.25,22201
2022-10-03 14:42:44,86,6,3703.25,22207
2022-10-03 14:42:45,44,-15,3703.5,22192
2022-10-03 14:42:46,4,2,3703.5,22194
2022-10-03 14:42:47,134,-33,3703.5,22161
2022-10-03 14:42:48,2,2,3703.5,22163
2022-10-03 14:42:49,70,-1,3703.5,22162
2022-10-03 14:42:50,64,-20,3703.0,22142
2022-10-03 14:42:51,27,-12,3703.0,22130
2022-10-03 14:42:52,76,16,3703.0,22146
2022-10-03 14:42:53,7,0,3703.0,22146
2022-10-03 14:42:55,29,20,3703.0,22166
2022-10-03 14:42:56,6,2,3703.25,22168
2022-10-03 14:42:57,12,10,3703.5,22178
2022-10-03 14:42:58,37,-11,3703.25,22167
2022-10-03 14:42:59,50,-28,3703.25,22139
2022-10-03 14:43:00,55,-5,3703.0,22134
2022-10-03 14:43:01,35,30,3703.25,22164
2022-10-03 14:43:02,28,21,3703.25,22185
2022-10-03 14:43:03,174,3,3703.5,22188
2022-10-03 14:43:04,79,49,3703.75,22237
2022-10-03 14:43:05,59,-13,3703.75,22224
2022-10-03 14:43:06,13,12,3704.0,22236
2022-10-03 14:43:07,9,5,3704.0,22241
2022-10-03 14:43:08,94,-8,3703.75,22233
2022-10-03 14:43:09,4,-1,3704.0,22232
2022-10-03 14:43:10,34,16,3704.0,22248
2022-10-03 14:43:11,10,8,3704.0,22256
2022-10-03 14:43:12,104,6,3703.75,22262
2022-10-03 14:43:13,90,12,3704.0,22274
2022-10-03 14:43:14,93,16,3704.25,22290
2022-10-03 14:43:15,35,1,3704.0,22291
2022-10-03 14:43:16,33,18,3704.25,22309
2022-10-03 14:43:17,11,3,3704.25,22312
2022-10-03 14:43:18,71,-36,3704.0,22276
2022-10-03 14:43:19,62,-9,3703.75,22267
2022-10-03 14:43:20,6,2,3703.75,22269
2022-10-03 14:43:21,66,-41,3703.5,22228
2022-10-03 14:43:23,6,-2,3703.5,22226
2022-10-03 14:43:24,160,1,3703.25,22227
2022-10-03 14:43:25,4,-2,3703.25,22225
2022-10-03 14:43:26,2,-2,3703.0,22223
2022-10-03 14:43:27,94,-32,3703.0,22191
2022-10-03 14:43:28,19,11,3703.0,22202
2022-10-03 14:43:29,2,0,3703.0,22202
2022-10-03 14:43:30,43,6,3703.0,22208
2022-10-03 14:43:31,38,19,3703.25,22227
2022-10-03 14:43:32,1,-1,3703.0,22226
2022-10-03 14:43:33,41,7,3703.25,22233
2022-10-03 14:43:34,17,-11,3703.0,22222
2022-10-03 14:43:35,67,-10,3703.0,22212
2022-10-03 14:43:36,41,12,3702.75,22224
2022-10-03 14:43:37,11,-8,3702.75,22216
2022-10-03 14:43:38,119,-8,3702.75,22208
2022-10-03 14:43:39,4,-2,3703.0,22206
2022-10-03 14:43:41,2,2,3703.0,22208
2022-10-03 14:43:42,4,-2,3702.75,22206
2022-10-03 14:43:43,89,-52,3702.75,22154
2022-10-03 14:43:44,78,-44,3702.5,22110
2022-10-03 14:43:45,150,32,3702.75,22142
2022-10-03 14:43:46,70,41,3703.5,22183
2022-10-03 14:43:47,18,-6,3703.25,22177
2022-10-03 14:43:48,22,0,3703.25,22177
2022-10-03 14:43:49,24,2,3703.25,22179
2022-10-03 14:43:50,35,-25,3703.0,22154
2022-10-03 14:43:51,4,0,3703.0,22154
2022-10-03 14:43:52,1,-1,3702.75,22153
2022-10-03 14:43:53,35,9,3703.0,22162
2022-10-03 14:43:54,16,3,3703.0,22165
2022-10-03 14:43:55,11,1,3703.25,22166
2022-10-03 14:43:56,83,7,3703.25,22173
2022-10-03 14:43:57,30,-22,3703.5,22151
2022-10-03 14:43:58,21,2,3703.25,22153
2022-10-03 14:44:00,55,-6,3703.5,22147
2022-10-03 14:44:01,1,1,3703.5,22148
2022-10-03 14:44:02,30,8,3703.5,22156
2022-10-03 14:44:03,44,-14,3703.5,22142
2022-10-03 14:44:04,2,0,3703.75,22142
2022-10-03 14:44:05,41,-2,3703.75,22140
2022-10-03 14:44:06,3,1,3703.75,22141
2022-10-03 14:44:07,17,8,3703.75,22149
2022-10-03 14:44:08,131,30,3703.75,22179
2022-10-03 14:44:09,5,-1,3703.75,22178
2022-10-03 14:44:10,5,-5,3703.75,22173
2022-10-03 14:44:11,3,1,3704.0,22174
2022-10-03 14:44:12,155,30,3704.0,22204
2022-10-03 14:44:13,46,9,3704.25,22213
2022-10-03 14:44:14,347,101,3704.75,22314
2022-10-03 14:44:15,100,-12,3704.75,22302
2022-10-03 14:44:16,95,-29,3704.5,22273
2022-10-03 14:44:17,68,-35,3704.75,22238
2022-10-03 14:44:18,11,5,3704.75,22243
2022-10-03 14:44:19,44,-2,3704.75,22241
2022-10-03 14:44:20,13,3,3704.75,22244
2022-10-03 14:44:21,24,5,3704.75,22249
2022-10-03 14:44:22,23,-5,3704.5,22244
2022-10-03 14:44:23,107,-63,3704.5,22181
2022-10-03 14:44:24,96,35,3704.25,22216
2022-10-03 14:44:25,16,10,3704.25,22226
2022-10-03 14:44:26,60,6,3704.5,22232
2022-10-03 14:44:27,42,18,3704.25,22250
2022-10-03 14:44:28,37,10,3704.25,22260
2022-10-03 14:44:29,80,34,3704.5,22294
2022-10-03 14:44:30,20,-5,3704.5,22289
2022-10-03 14:44:31,7,2,3704.75,22291
2022-10-03 14:44:32,143,11,3704.75,22302
2022-10-03 14:44:33,8,-1,3704.75,22301
2022-10-03 14:44:34,473,245,3705.25,22546
2022-10-03 14:44:35,107,1,3705.25,22547
2022-10-03 14:44:36,132,7,3705.25,22554
2022-10-03 14:44:37,1,-1,3705.0,22553
2022-10-03 14:44:38,27,-14,3705.25,22539
2022-10-03 14:44:39,85,4,3705.25,22543
2022-10-03 14:44:40,54,25,3705.5,22568
2022-10-03 14:44:41,67,-21,3705.5,22547
2022-10-03 14:44:42,12,-5,3705.5,22542
2022-10-03 14:44:43,117,-32,3705.25,22510
2022-10-03 14:44:44,11,2,3705.0,22512
2022-10-03 14:44:45,91,-14,3705.0,22498
2022-10-03 14:44:46,30,22,3705.25,22520
2022-10-03 14:44:47,1,1,3705.25,22521
2022-10-03 14:44:48,126,-40,3705.25,22481
2022-10-03 14:44:49,133,-9,3705.0,22472
2022-10-03 14:44:50,48,-16,3705.0,22456
2022-10-03 14:44:51,4,0,3704.75,22456
2022-10-03 14:44:52,53,1,3705.0,22457
2022-10-03 14:44:53,99,1,3704.75,22458
2022-10-03 14:44:54,9,-5,3705.0,22453
2022-10-03 14:44:55,67,36,3705.0,22489
2022-10-03 14:44:56,100,-19,3705.25,22470
2022-10-03 14:44:57,3,-1,3705.25,22469
2022-10-03 14:44:58,35,-7,3705.25,22462
2022-10-03 14:44:59,47,21,3705.25,22483
2022-10-03 14:45:00,70,-20,3705.25,22463
2022-10-03 14:45:01,93,-40,3705.0,22423
2022-10-03 14:45:02,7,1,3705.0,22424
2022-10-03 14:45:03,15,-13,3704.75,22411
2022-10-03 14:45:04,247,-81,3704.75,22330
2022-10-03 14:45:05,34,4,3704.5,22334
2022-10-03 14:45:06,21,-7,3704.75,22327
2022-10-03 14:45:07,43,12,3705.0,22339
2022-10-03 14:45:08,48,-32,3705.0,22307
2022-10-03 14:45:09,68,12,3705.0,22319
2022-10-03 14:45:10,43,-8,3704.75,22311
2022-10-03 14:45:11,26,-11,3704.75,22300
2022-10-03 14:45:12,70,17,3704.5,22317
2022-10-03 14:45:13,39,14,3704.75,22331
2022-10-03 14:45:14,38,7,3705.0,22338
2022-10-03 14:45:15,5,3,3705.0,22341
2022-10-03 14:45:16,111,15,3705.0,22356
2022-10-03 14:45:17,41,2,3705.25,22358
2022-10-03 14:45:18,21,-3,3705.0,22355
2022-10-03 14:45:19,2,2,3705.0,22357
2022-10-03 14:45:20,45,33,3705.25,22390
2022-10-03 14:45:21,94,25,3705.25,22415
2022-10-03 14:45:22,100,-39,3705.5,22376
2022-10-03 14:45:23,30,20,3705.5,22396
2022-10-03 14:45:24,31,7,3705.75,22403
2022-10-03 14:45:25,112,11,3705.75,22414
2022-10-03 14:45:26,18,9,3705.75,22423
2022-10-03 14:45:27,92,-5,3706.0,22418
2022-10-03 14:45:28,87,-18,3705.75,22400
2022-10-03 14:45:29,68,-1,3705.5,22399
2022-10-03 14:45:30,4,-4,3705.0,22395
2022-10-03 14:45:31,68,2,3705.5,22397
2022-10-03 14:45:32,3,2,3705.5,22399
2022-10-03 14:45:33,31,25,3705.75,22424
2022-10-03 14:45:34,18,-7,3705.75,22417
2022-10-03 14:45:35,18,-4,3705.75,22413
2022-10-03 14:45:36,20,-6,3705.5,22407
2022-10-03 14:45:37,4,-2,3705.5,22405
2022-10-03 14:45:38,69,15,3705.25,22420
2022-10-03 14:45:39,39,-2,3705.25,22418
2022-10-03 14:45:40,6,-2,3705.25,22416
2022-10-03 14:45:41,1,-1,3705.0,22415
2022-10-03 14:45:43,57,4,3705.25,22419
2022-10-03 14:45:45,72,-42,3705.25,22377
2022-10-03 14:45:46,37,4,3705.0,22381
2022-10-03 14:45:47,41,7,3705.25,22388
2022-10-03 14:45:48,73,29,3705.5,22417
2022-10-03 14:45:49,2,2,3705.5,22419
2022-10-03 14:45:50,20,1,3705.25,22420
2022-10-03 14:45:51,98,41,3705.5,22461
2022-10-03 14:45:52,76,14,3705.5,22475
2022-10-03 14:45:53,44,7,3705.5,22482
2022-10-03 14:45:55,2,1,3705.5,22483
2022-10-03 14:45:56,11,7,3705.5,22490
2022-10-03 14:45:57,12,-8,3705.5,22482
2022-10-03 14:45:58,5,2,3705.25,22484
2022-10-03 14:45:59,43,9,3705.25,22493
2022-10-03 14:46:00,35,-13,3705.25,22480
2022-10-03 14:46:01,97,-18,3705.25,22462
2022-10-03 14:46:02,6,1,3705.25,22463
2022-10-03 14:46:03,68,14,3705.25,22477
2022-10-03 14:46:04,11,-7,3705.25,22470
2022-10-03 14:46:05,29,0,3705.0,22470
2022-10-03 14:46:06,6,0,3705.0,22470
2022-10-03 14:46:07,129,-5,3704.75,22465
2022-10-03 14:46:08,64,-22,3704.75,22443
2022-10-03 14:46:09,58,-38,3704.5,22405
2022-10-03 14:46:11,56,4,3704.75,22409
2022-10-03 14:46:12,44,-9,3704.75,22400
2022-10-03 14:46:13,35,11,3704.75,22411
2022-10-03 14:46:14,62,-47,3704.75,22364
2022-10-03 14:46:15,13,-1,3704.75,22363
2022-10-03 14:46:16,40,-15,3704.5,22348
2022-10-03 14:46:17,269,-129,3704.25,22219
2022-10-03 14:46:18,25,13,3703.75,22232
2022-10-03 14:46:19,3,-1,3704.0,22231
2022-10-03 14:46:20,109,10,3704.25,22241
2022-10-03 14:46:21,39,-32,3704.25,22209
2022-10-03 14:46:22,50,-4,3704.0,22205
2022-10-03 14:46:23,14,1,3704.25,22206
2022-10-03 14:46:24,1,-1,3704.0,22205
2022-10-03 14:46:25,47,-20,3704.25,22185
2022-10-03 14:46:26,24,-18,3704.0,22167
2022-10-03 14:46:27,16,9,3704.0,22176
2022-10-03 14:46:28,121,58,3704.25,22234
2022-10-03 14:46:29,37,-1,3704.25,22233
2022-10-03 14:46:30,7,3,3704.25,22236
2022-10-03 14:46:31,1,-1,3704.0,22235
2022-10-03 14:46:33,39,10,3704.25,22245
2022-10-03 14:46:34,13,-2,3704.5,22243
2022-10-03 14:46:35,12,6,3704.5,22249
2022-10-03 14:46:36,30,25,3704.5,22274
2022-10-03 14:46:37,99,48,3705.0,22322
2022-10-03 14:46:38,15,6,3705.0,22328
2022-10-03 14:46:39,66,23,3705.25,22351
2022-10-03 14:46:40,32,-3,3705.25,22348
2022-10-03 14:46:41,108,-28,3705.0,22320
2022-10-03 14:46:42,3,3,3705.0,22323
2022-10-03 14:46:44,9,1,3704.75,22324
2022-10-03 14:46:45,8,3,3705.0,22327
2022-10-03 14:46:46,43,-14,3704.75,22313
2022-10-03 14:46:47,1,-1,3704.75,22312
2022-10-03 14:46:48,155,52,3705.0,22364
2022-10-03 14:46:49,7,-3,3705.25,22361
2022-10-03 14:46:50,5,-4,3705.0,22357
2022-10-03 14:46:51,13,-10,3705.0,22347
2022-10-03 14:46:52,85,19,3705.25,22366
2022-10-03 14:46:53,2,-2,3705.25,22364
2022-10-03 14:46:54,156,-68,3705.75,22296
2022-10-03 14:46:55,53,-9,3705.5,22287
2022-10-03 14:46:56,5,-4,3705.25,22283
2022-10-03 14:46:57,87,3,3705.5,22286
2022-10-03 14:46:58,14,5,3705.5,22291
2022-10-03 14:46:59,6,2,3705.5,22293
2022-10-03 14:47:00,82,20,3705.5,22313
2022-10-03 14:47:01,22,-13,3705.25,22300
2022-10-03 14:47:02,59,2,3705.25,22302
2022-10-03 14:47:03,8,8,3705.25,22310
2022-10-03 14:47:04,45,-36,3705.0,22274
2022-10-03 14:47:05,1,-1,3705.0,22273
2022-10-03 14:47:06,352,119,3706.0,22392
2022-10-03 14:47:07,140,19,3706.0,22411
2022-10-03 14:47:08,34,4,3705.75,22415
2022-10-03 14:47:09,9,5,3705.75,22420
2022-10-03 14:47:10,49,-22,3705.5,22398
2022-10-03 14:47:11,250,-14,3705.5,22384
2022-10-03 14:47:12,1,1,3705.5,22385
2022-10-03 14:47:13,55,1,3705.5,22386
2022-10-03 14:47:14,26,6,3705.5,22392
2022-10-03 14:47:15,29,6,3705.75,22398
2022-10-03 14:47:16,2,-2,3705.5,22396
2022-10-03 14:47:17,45,7,3705.5,22403
2022-10-03 14:47:18,50,22,3705.75,22425
2022-10-03 14:47:19,104,26,3705.75,22451
2022-10-03 14:47:20,10,6,3706.0,22457
2022-10-03 14:47:21,85,18,3706.0,22475
2022-10-03 14:47:22,4,-3,3705.75,22472
2022-10-03 14:47:23,5,-1,3706.0,22471
2022-10-03 14:47:25,62,-3,3706.0,22468
2022-10-03 14:47:26,18,11,3706.0,22479
2022-10-03 14:47:27,93,29,3706.5,22508
2022-10-03 14:47:28,131,61,3706.75,22569
2022-10-03 14:47:29,88,18,3707.0,22587
2022-10-03 14:47:30,110,0,3707.0,22587
2022-10-03 14:47:31,110,-37,3707.0,22550
2022-10-03 14:47:32,71,-6,3706.5,22544
2022-10-03 14:47:33,444,284,3707.25,22828
2022-10-03 14:47:34,10,0,3706.75,22828
2022-10-03 14:47:35,11,10,3706.75,22838
2022-10-03 14:47:36,43,10,3707.0,22848
2022-10-03 14:47:37,104,-17,3706.75,22831
2022-10-03 14:47:38,57,27,3706.75,22858
2022-10-03 14:47:39,42,11,3706.75,22869
2022-10-03 14:47:40,2,2,3706.75,22871
2022-10-03 14:47:41,2,2,3706.75,22873
2022-10-03 14:47:42,7,-3,3706.75,22870
2022-10-03 14:47:43,154,22,3706.75,22892
2022-10-03 14:47:44,18,-4,3706.75,22888
2022-10-03 14:47:45,6,5,3706.75,22893
2022-10-03 14:47:46,86,-51,3706.5,22842
2022-10-03 14:47:47,5,-1,3706.5,22841
2022-10-03 14:47:48,36,-15,3706.5,22826
2022-10-03 14:47:49,127,-41,3706.25,22785
2022-10-03 14:47:50,15,10,3706.25,22795
2022-10-03 14:47:51,70,23,3706.25,22818
2022-10-03 14:47:52,87,-90,3706.0,22728
2022-10-03 14:47:53,95,14,3706.0,22742
2022-10-03 14:47:55,1,-1,3706.0,22741
2022-10-03 14:47:56,3,3,3706.25,22744
2022-10-03 14:47:57,13,6,3706.25,22750
2022-10-03 14:47:58,37,22,3706.5,22772
2022-10-03 14:47:59,128,23,3706.5,22795
2022-10-03 14:48:00,55,2,3706.75,22797
2022-10-03 14:48:01,55,28,3706.75,22825
2022-10-03 14:48:02,23,-7,3706.75,22818
2022-10-03 14:48:03,28,2,3706.5,22820
2022-10-03 14:48:04,2,-2,3706.0,22818
2022-10-03 14:48:05,91,-59,3706.0,22759
2022-10-03 14:48:06,91,14,3706.0,22773
2022-10-03 14:48:07,157,67,3706.25,22840
2022-10-03 14:48:08,55,17,3705.75,22857
2022-10-03 14:48:09,62,-4,3705.75,22853
2022-10-03 14:48:10,21,-11,3706.0,22842
2022-10-03 14:48:11,2,-2,3705.75,22840
2022-10-03 14:48:12,17,-11,3705.75,22829
2022-10-03 14:48:13,89,-38,3705.75,22791
2022-10-03 14:48:14,2,-1,3705.75,22790
2022-10-03 14:48:15,6,-2,3706.0,22788
2022-10-03 14:48:16,170,13,3706.0,22801
2022-10-03 14:48:17,26,-7,3706.25,22794
2022-10-03 14:48:18,23,-10,3706.0,22784
2022-10-03 14:48:19,46,12,3706.0,22796
2022-10-03 14:48:20,59,14,3706.25,22810
2022-10-03 14:48:21,2,-1,3706.25,22809
2022-10-03 14:48:22,72,44,3706.5,22853
2022-10-03 14:48:23,3,1,3706.5,22854
2022-10-03 14:48:24,46,0,3706.5,22854
2022-10-03 14:48:25,11,4,3706.75,22858
2022-10-03 14:48:26,6,2,3706.75,22860
2022-10-03 14:48:27,62,29,3707.0,22889
2022-10-03 14:48:28,107,67,3707.25,22956
2022-10-03 14:48:29,86,-35,3707.25,22921
2022-10-03 14:48:30,60,-2,3707.25,22919
2022-10-03 14:48:31,16,9,3707.25,22928
2022-10-03 14:48:32,55,-5,3707.25,22923
2022-10-03 14:48:33,38,11,3707.0,22934
2022-10-03 14:48:34,28,-14,3707.0,22920
2022-10-03 14:48:35,55,-17,3706.75,22903
2022-10-03 14:48:36,4,-3,3706.5,22900
2022-10-03 14:48:37,11,5,3706.75,22905
2022-10-03 14:48:38,5,-4,3706.5,22901
2022-10-03 14:48:39,96,-20,3706.5,22881
2022-10-03 14:48:40,540,-151,3706.5,22730
2022-10-03 14:48:41,364,40,3706.25,22770
2022-10-03 14:48:42,108,-29,3706.0,22741
2022-10-03 14:48:43,30,-28,3706.0,22713
2022-10-03 14:48:44,11,-2,3706.0,22711
2022-10-03 14:48:45,64,29,3706.0,22740
2022-10-03 14:48:46,6,-4,3706.25,22736
2022-10-03 14:48:47,50,10,3706.25,22746
2022-10-03 14:48:48,13,5,3706.5,22751
2022-10-03 14:48:50,694,-362,3706.25,22389
2022-10-03 14:48:51,44,-28,3705.75,22361
2022-10-03 14:48:52,142,-19,3705.75,22342
2022-10-03 14:48:53,70,-3,3705.5,22339
2022-10-03 14:48:54,5,2,3705.75,22341
2022-10-03 14:48:55,19,17,3705.75,22358
2022-10-03 14:48:56,46,24,3706.0,22382
2022-10-03 14:48:57,2,-2,3706.0,22380
2022-10-03 14:48:58,48,4,3706.25,22384
2022-10-03 14:49:00,79,42,3706.5,22426
2022-10-03 14:49:01,86,-14,3706.5,22412
2022-10-03 14:49:02,35,-11,3706.25,22401
2022-10-03 14:49:03,58,-3,3706.25,22398
2022-10-03 14:49:04,883,-307,3706.25,22091
2022-10-03 14:49:05,272,73,3705.0,22164
2022-10-03 14:49:06,210,75,3705.0,22239
2022-10-03 14:49:07,250,-83,3705.0,22156
2022-10-03 14:49:08,51,-4,3704.75,22152
2022-10-03 14:49:09,51,-18,3704.75,22134
2022-10-03 14:49:10,68,36,3705.0,22170
2022-10-03 14:49:11,19,8,3705.0,22178
2022-10-03 14:49:12,140,-58,3705.0,22120
2022-10-03 14:49:13,74,49,3705.0,22169
2022-10-03 14:49:14,5,4,3705.0,22173
2022-10-03 14:49:15,59,-19,3704.75,22154
2022-10-03 14:49:16,110,-37,3704.75,22117
2022-10-03 14:49:17,48,-1,3704.5,22116
2022-10-03 14:49:18,43,-22,3704.5,22094
2022-10-03 14:49:19,12,-3,3704.5,22091
2022-10-03 14:49:20,92,33,3704.75,22124
2022-10-03 14:49:21,62,-6,3704.75,22118
2022-10-03 14:49:22,261,-119,3704.5,21999
2022-10-03 14:49:23,80,-3,3704.25,21996
2022-10-03 14:49:24,59,3,3704.25,21999
2022-10-03 14:49:25,16,-9,3704.0,21990
2022-10-03 14:49:26,160,-23,3704.25,21967
2022-10-03 14:49:27,40,-5,3704.0,21962
2022-10-03 14:49:28,27,22,3704.0,21984
2022-10-03 14:49:29,76,9,3704.25,21993
2022-10-03 14:49:31,103,-6,3704.0,21987
2022-10-03 14:49:32,1393,-631,3704.0,21356
2022-10-03 14:49:33,95,-41,3703.75,21315
2022-10-03 14:49:34,120,-20,3703.5,21295
2022-10-03 14:49:35,192,-2,3703.75,21293
2022-10-03 14:49:36,30,6,3703.5,21299
2022-10-03 14:49:37,101,-44,3703.5,21255
2022-10-03 14:49:38,67,-5,3703.75,21250
2022-10-03 14:49:39,25,-10,3703.75,21240
2022-10-03 14:49:40,6,-1,3703.75,21239
2022-10-03 14:49:41,19,-6,3703.75,21233
2022-10-03 14:49:42,86,-13,3703.5,21220
2022-10-03 14:49:43,94,-28,3703.5,21192
2022-10-03 14:49:44,19,-1,3703.5,21191
2022-10-03 14:49:45,41,-11,3703.25,21180
2022-10-03 14:49:46,111,31,3703.75,21211
2022-10-03 14:49:47,62,-31,3704.0,21180
2022-10-03 14:49:48,81,21,3704.25,21201
2022-10-03 14:49:49,22,6,3704.25,21207
2022-10-03 14:49:50,142,20,3704.5,21227
2022-10-03 14:49:51,205,-22,3704.5,21205
2022-10-03 14:49:52,84,4,3704.5,21209
2022-10-03 14:49:53,13,-9,3704.25,21200
2022-10-03 14:49:54,84,24,3704.5,21224
2022-10-03 14:49:55,10,2,3704.25,21226
2022-10-03 14:49:56,44,30,3704.25,21256
2022-10-03 14:49:57,24,5,3704.5,21261
2022-10-03 14:49:58,2,0,3704.5,21261
2022-10-03 14:49:59,4,0,3704.5,21261
2022-10-03 14:50:00,95,-26,3704.5,21235
2022-10-03 14:50:01,211,23,3704.5,21258
2022-10-03 14:50:02,198,109,3705.25,21367
2022-10-03 14:50:03,118,6,3705.0,21373
2022-10-03 14:50:04,59,-29,3704.5,21344
2022-10-03 14:50:05,257,30,3704.5,21374
2022-10-03 14:50:06,18,4,3704.5,21378
2022-10-03 14:50:07,24,17,3704.75,21395
2022-10-03 14:50:08,48,-23,3704.5,21372
2022-10-03 14:50:09,54,2,3704.25,21374
2022-10-03 14:50:10,17,2,3704.25,21376
2022-10-03 14:50:11,172,-19,3704.25,21357
2022-10-03 14:50:12,65,8,3704.25,21365
2022-10-03 14:50:13,48,21,3704.25,21386
2022-10-03 14:50:14,127,-38,3704.5,21348
2022-10-03 14:50:15,5,-4,3704.25,21344
2022-10-03 14:50:16,9,2,3704.5,21346
2022-10-03 14:50:17,31,-11,3704.25,21335
2022-10-03 14:50:18,65,14,3704.25,21349
2022-10-03 14:50:19,67,17,3704.5,21366
2022-10-03 14:50:20,66,18,3704.5,21384
2022-10-03 14:50:21,137,20,3704.5,21404
2022-10-03 14:50:22,3,3,3704.25,21407
2022-10-03 14:50:23,1,1,3704.25,21408
2022-10-03 14:50:24,62,28,3704.5,21436
2022-10-03 14:50:26,87,29,3705.0,21465
2022-10-03 14:50:27,33,-6,3704.75,21459
2022-10-03 14:50:28,357,-14,3705.0,21445
2022-10-03 14:50:29,42,7,3705.0,21452
2022-10-03 14:50:30,3,1,3705.0,21453
2022-10-03 14:50:31,2,1,3705.0,21454
2022-10-03 14:50:32,30,-13,3705.0,21441
2022-10-03 14:50:33,4,-2,3705.0,21439
2022-10-03 14:50:34,219,22,3705.5,21461
2022-10-03 14:50:35,98,4,3705.5,21465
2022-10-03 14:50:36,14,-3,3705.25,21462
2022-10-03 14:50:37,16,1,3705.25,21463
2022-10-03 14:50:38,10,-6,3705.25,21457
2022-10-03 14:50:40,2,0,3705.25,21457
2022-10-03 14:50:41,85,-5,3705.25,21452
2022-10-03 14:50:42,92,2,3705.25,21454
2022-10-03 14:50:44,26,-13,3705.0,21441
2022-10-03 14:50:45,44,18,3705.0,21459
2022-10-03 14:50:46,72,-8,3705.0,21451
2022-10-03 14:50:47,9,-7,3704.5,21444
2022-10-03 14:50:48,81,-9,3704.5,21435
2022-10-03 14:50:50,37,-14,3704.5,21421
2022-10-03 14:50:51,92,20,3704.5,21441
2022-10-03 14:50:52,51,12,3704.75,21453
2022-10-03 14:50:53,41,-3,3704.75,21450
2022-10-03 14:50:54,11,-2,3704.75,21448
2022-10-03 14:50:55,25,10,3705.0,21458
2022-10-03 14:50:56,3,3,3705.0,21461
2022-10-03 14:50:57,60,20,3705.0,21481
2022-10-03 14:50:58,4,-2,3705.25,21479
2022-10-03 14:50:59,63,27,3705.25,21506
2022-10-03 14:51:00,52,29,3705.75,21535
2022-10-03 14:51:01,5,0,3705.75,21535
2022-10-03 14:51:02,61,29,3705.75,21564
2022-10-03 14:51:03,29,3,3705.75,21567
2022-10-03 14:51:04,4,-3,3705.5,21564
2022-10-03 14:51:05,158,-8,3706.0,21556
2022-10-03 14:51:06,15,0,3706.0,21556
2022-10-03 14:51:07,5,4,3706.0,21560
2022-10-03 14:51:08,12,5,3706.0,21565
2022-10-03 14:51:09,6,2,3706.0,21567
2022-10-03 14:51:10,169,76,3706.5,21643
2022-10-03 14:51:11,3,1,3706.25,21644
2022-10-03 14:51:12,49,17,3706.25,21661
2022-10-03 14:51:13,43,13,3706.25,21674
2022-10-03 14:51:14,15,7,3706.25,21681
2022-10-03 14:51:15,160,3,3706.75,21684
2022-10-03 14:51:16,96,19,3706.75,21703
2022-10-03 14:51:17,103,-6,3706.75,21697
2022-10-03 14:51:18,5,1,3706.75,21698
2022-10-03 14:51:19,4,2,3706.75,21700
2022-10-03 14:51:20,60,-25,3706.5,21675
2022-10-03 14:51:21,81,5,3706.25,21680
2022-10-03 14:51:22,46,-9,3706.25,21671
2022-10-03 14:51:23,17,7,3706.5,21678
2022-10-03 14:51:24,3,3,3706.5,21681
2022-10-03 14:51:25,10,-5,3706.25,21676
2022-10-03 14:51:26,1,1,3706.5,21677
2022-10-03 14:51:27,26,11,3706.5,21688
2022-10-03 14:51:28,9,-1,3706.75,21687
2022-10-03 14:51:29,38,-25,3706.5,21662
2022-10-03 14:51:30,58,1,3706.5,21663
2022-10-03 14:51:31,13,-11,3706.5,21652
2022-10-03 14:51:32,79,45,3706.75,21697
2022-10-03 14:51:33,68,-16,3706.75,21681
2022-10-03 14:51:34,53,20,3706.75,21701
2022-10-03 14:51:35,49,-3,3707.0,21698
2022-10-03 14:51:36,5,-1,3706.75,21697
2022-10-03 14:51:37,10,8,3706.75,21705
2022-10-03 14:51:38,130,-4,3706.5,21701
2022-10-03 14:51:39,31,-16,3706.5,21685
2022-10-03 14:51:40,58,7,3706.5,21692
2022-10-03 14:51:41,109,37,3706.75,21729
2022-10-03 14:51:42,51,55,3706.75,21784
2022-10-03 14:51:43,46,4,3706.75,21788
2022-10-03 14:51:44,48,4,3707.0,21792
2022-10-03 14:51:45,29,-12,3707.0,21780
2022-10-03 14:51:46,38,0,3706.75,21780
2022-10-03 14:51:47,8,-8,3706.5,21772
2022-10-03 14:51:48,90,2,3706.75,21774
2022-10-03 14:51:49,28,12,3706.5,21786
2022-10-03 14:51:50,27,12,3706.75,21798
2022-10-03 14:51:51,41,-5,3706.75,21793
2022-10-03 14:51:52,67,-8,3707.0,21785
2022-10-03 14:51:53,23,5,3706.75,21790
2022-10-03 14:51:54,42,8,3706.75,21798
2022-10-03 14:51:55,1,1,3707.0,21799
2022-10-03 14:51:57,14,4,3707.0,21803
2022-10-03 14:51:58,1,-1,3706.75,21802
2022-10-03 14:51:59,11,9,3707.0,21811
2022-10-03 14:52:00,2,2,3707.0,21813
2022-10-03 14:52:01,130,18,3707.0,21831
2022-10-03 14:52:02,141,88,3707.5,21919
2022-10-03 14:52:03,134,30,3707.75,21949
2022-10-03 14:52:04,33,17,3707.5,21966
2022-10-03 14:52:05,4,-2,3707.5,21964
2022-10-03 14:52:06,82,-13,3707.5,21951
2022-10-03 14:52:07,44,16,3707.25,21967
2022-10-03 14:52:08,59,-9,3707.25,21958
2022-10-03 14:52:09,294,49,3707.75,22007
2022-10-03 14:52:10,12,8,3707.25,22015
2022-10-03 14:52:11,88,-13,3707.25,22002
2022-10-03 14:52:12,10,8,3707.0,22010
2022-10-03 14:52:13,115,3,3707.25,22013
2022-10-03 14:52:14,173,-18,3707.25,21995
2022-10-03 14:52:16,71,-19,3707.0,21976
2022-10-03 14:52:17,35,-1,3707.0,21975
2022-10-03 14:52:18,68,8,3707.25,21983
2022-10-03 14:52:19,2,-2,3707.0,21981
2022-10-03 14:52:20,158,77,3707.5,22058
2022-10-03 14:52:21,52,-27,3707.25,22031
2022-10-03 14:52:22,376,-61,3707.25,21970
2022-10-03 14:52:23,1,-1,3707.0,21969
2022-10-03 14:52:24,5,-1,3707.25,21968
2022-10-03 14:52:25,55,-11,3707.0,21957
2022-10-03 14:52:26,52,-1,3707.25,21956
2022-10-03 14:52:27,23,17,3707.25,21973
2022-10-03 14:52:28,4,1,3707.25,21974
2022-10-03 14:52:29,46,-2,3707.25,21972
2022-10-03 14:52:30,78,-15,3707.0,21957
2022-10-03 14:52:31,43,0,3707.25,21957
2022-10-03 14:52:32,1,-1,3707.0,21956
2022-10-03 14:52:33,182,2,3707.0,21958
2022-10-03 14:52:34,125,9,3707.0,21967
2022-10-03 14:52:36,43,13,3707.25,21980
2022-10-03 14:52:37,39,-10,3707.0,21970
2022-10-03 14:52:38,8,6,3707.0,21976
2022-10-03 14:52:39,6,-6,3706.75,21970
2022-10-03 14:52:40,65,-14,3706.75,21956
2022-10-03 14:52:41,59,-44,3706.5,21912
2022-10-03 14:52:42,7,-4,3706.75,21908
2022-10-03 14:52:43,49,8,3706.75,21916
2022-10-03 14:52:44,46,22,3707.0,21938
2022-10-03 14:52:45,48,-3,3707.0,21935
2022-10-03 14:52:46,2,-2,3706.75,21933
2022-10-03 14:52:47,28,19,3707.0,21952
2022-10-03 14:52:48,1,-1,3707.0,21951
2022-10-03 14:52:49,2,2,3707.25,21953
2022-10-03 14:52:50,2,0,3707.25,21953
2022-10-03 14:52:51,11,8,3707.25,21961
2022-10-03 14:52:52,97,23,3707.0,21984
2022-10-03 14:52:53,25,-1,3707.0,21983
2022-10-03 14:52:54,1,1,3707.0,21984
2022-10-03 14:52:55,34,25,3707.0,22009
2022-10-03 14:52:56,11,-9,3707.25,22000
2022-10-03 14:52:57,1,1,3707.25,22001
2022-10-03 14:52:58,67,-25,3707.25,21976
2022-10-03 14:52:59,47,27,3707.5,22003
2022-10-03 14:53:00,77,33,3707.5,22036
2022-10-03 14:53:01,125,31,3707.25,22067
2022-10-03 14:53:02,5,-5,3707.25,22062
2022-10-03 14:53:03,1,1,3707.5,22063
2022-10-03 14:53:04,76,-7,3707.25,22056
2022-10-03 14:53:05,49,-8,3707.25,22048
2022-10-03 14:53:06,62,23,3707.5,22071
2022-10-03 14:53:07,17,8,3707.5,22079
2022-10-03 14:53:08,8,5,3707.75,22084
2022-10-03 14:53:09,374,125,3708.25,22209
2022-10-03 14:53:10,8,6,3708.0,22215
2022-10-03 14:53:11,9,7,3708.0,22222
2022-10-03 14:53:12,137,-15,3708.25,22207
2022-10-03 14:53:13,13,11,3708.25,22218
2022-10-03 14:53:14,12,8,3708.25,22226
2022-10-03 14:53:15,75,35,3708.25,22261
2022-10-03 14:53:16,211,5,3708.25,22266
2022-10-03 14:53:17,46,30,3708.25,22296
2022-10-03 14:53:18,25,-14,3708.25,22282
2022-10-03 14:53:19,62,-42,3707.75,22240
2022-10-03 14:53:20,136,11,3707.75,22251
2022-10-03 14:53:21,59,-4,3707.75,22247
2022-10-03 14:53:22,21,-17,3707.25,22230
2022-10-03 14:53:23,55,-28,3707.5,22202
2022-10-03 14:53:24,52,-1,3707.25,22201
2022-10-03 14:53:25,77,-19,3707.5,22182
2022-10-03 14:53:26,11,-6,3707.25,22176
2022-10-03 14:53:27,51,-34,3707.0,22142
2022-10-03 14:53:28,188,-78,3707.0,22064
2022-10-03 14:53:29,52,6,3706.5,22070
2022-10-03 14:53:30,61,19,3707.0,22089
2022-10-03 14:53:31,26,-6,3706.75,22083
2022-10-03 14:53:32,2,-2,3706.5,22081
2022-10-03 14:53:33,50,-8,3706.75,22073
2022-10-03 14:53:34,20,-10,3706.75,22063
2022-10-03 14:53:35,95,-2,3706.75,22061
2022-10-03 14:53:36,68,-48,3706.5,22013
2022-10-03 14:53:37,28,12,3706.5,22025
2022-10-03 14:53:38,29,1,3706.75,22026
2022-10-03 14:53:39,89,16,3707.0,22042
2022-10-03 14:53:40,3,-1,3707.0,22041
2022-10-03 14:53:41,3,-1,3707.0,22040
2022-10-03 14:53:42,7,-3,3707.0,22037
2022-10-03 14:53:43,76,3,3707.25,22040
2022-10-03 14:53:44,5,-3,3707.0,22037
2022-10-03 14:53:45,35,-18,3707.0,22019
2022-10-03 14:53:46,19,-1,3706.75,22018
2022-10-03 14:53:47,38,-3,3706.5,22015
2022-10-03 14:53:48,24,-20,3706.5,21995
2022-10-03 14:53:49,6,-2,3706.5,21993
2022-10-03 14:53:50,47,-14,3706.25,21979
2022-10-03 14:53:51,88,-11,3706.25,21968
2022-10-03 14:53:52,24,-19,3706.0,21949
2022-10-03 14:53:53,4,-4,3705.75,21945
2022-10-03 14:53:54,105,13,3706.25,21958
2022-10-03 14:53:55,43,14,3706.5,21972
2022-10-03 14:53:56,68,-1,3706.5,21971
2022-10-03 14:53:57,6,-6,3706.5,21965
2022-10-03 14:53:58,38,17,3706.75,21982
2022-10-03 14:53:59,100,-37,3706.5,21945
2022-10-03 14:54:00,43,2,3706.75,21947
2022-10-03 14:54:01,11,-4,3706.5,21943
2022-10-03 14:54:02,33,0,3706.5,21943
2022-10-03 14:54:03,21,4,3706.5,21947
2022-10-03 14:54:04,33,-13,3706.5,21934
2022-10-03 14:54:05,4,-4,3706.25,21930
2022-10-03 14:54:06,2,2,3706.5,21932
2022-10-03 14:54:07,43,-5,3706.25,21927
2022-10-03 14:54:08,27,3,3706.5,21930
2022-10-03 14:54:09,1,1,3706.5,21931
2022-10-03 14:54:10,14,-7,3706.25,21924
2022-10-03 14:54:11,10,2,3706.25,21926
2022-10-03 14:54:12,1,1,3706.5,21927
2022-10-03 14:54:14,41,-12,3706.25,21915
2022-10-03 14:54:15,43,-3,3706.5,21912
2022-10-03 14:54:16,1,-1,3706.25,21911
2022-10-03 14:54:17,71,32,3706.5,21943
2022-10-03 14:54:18,52,10,3706.5,21953
2022-10-03 14:54:19,12,-1,3706.5,21952
2022-10-03 14:54:20,8,0,3706.5,21952
2022-10-03 14:54:21,27,3,3706.75,21955
2022-10-03 14:54:22,52,28,3706.75,21983
2022-10-03 14:54:23,1,-1,3706.5,21982
2022-10-03 14:54:24,78,-3,3706.5,21979
2022-10-03 14:54:25,5,-1,3706.5,21978
2022-10-03 14:54:26,2,0,3706.5,21978
2022-10-03 14:54:27,1,1,3706.5,21979
2022-10-03 14:54:28,14,-9,3706.5,21970
2022-10-03 14:54:29,11,-8,3706.25,21962
2022-10-03 14:54:30,3,1,3706.5,21963
2022-10-03 14:54:31,6,-4,3706.5,21959
2022-10-03 14:54:32,1,-1,3706.25,21958
2022-10-03 14:54:34,9,-6,3706.5,21952
2022-10-03 14:54:35,19,-3,3706.5,21949
2022-10-03 14:54:36,93,35,3706.75,21984
2022-10-03 14:54:37,35,2,3707.0,21986
2022-10-03 14:54:38,2,0,3707.0,21986
2022-10-03 14:54:39,65,17,3707.25,22003
2022-10-03 14:54:40,51,10,3707.5,22013
2022-10-03 14:54:41,64,-4,3707.5,22009
2022-10-03 14:54:42,16,-4,3707.25,22005
2022-10-03 14:54:43,37,-19,3707.25,21986
2022-10-03 14:54:44,1,1,3707.0,21987
2022-10-03 14:54:45,122,-11,3707.0,21976
2022-10-03 14:54:46,48,-2,3706.75,21974
2022-10-03 14:54:47,24,-10,3706.75,21964
2022-10-03 14:54:48,62,32,3707.0,21996
2022-10-03 14:54:49,7,0,3707.0,21996
2022-10-03 14:54:50,2,-2,3706.75,21994
2022-10-03 14:54:51,11,9,3707.0,22003
2022-10-03 14:54:52,3,-2,3707.0,22001
2022-10-03 14:54:53,45,-9,3707.25,21992
2022-10-03 14:54:54,2,2,3707.25,21994
2022-10-03 14:54:55,61,12,3707.5,22006
2022-10-03 14:54:56,1,1,3707.5,22007
2022-10-03 14:54:57,51,31,3707.75,22038
2022-10-03 14:54:58,69,-14,3707.5,22024
2022-10-03 14:54:59,24,10,3707.75,22034
2022-10-03 14:55:00,19,-11,3707.5,22023
2022-10-03 14:55:01,51,23,3707.75,22046
2022-10-03 14:55:02,59,-13,3708.0,22033
2022-10-03 14:55:03,44,2,3707.5,22035
2022-10-03 14:55:04,23,18,3708.0,22053
2022-10-03 14:55:05,14,5,3708.0,22058
2022-10-03 14:55:06,101,-8,3708.0,22050
2022-10-03 14:55:07,3,3,3708.0,22053
2022-10-03 14:55:09,139,-57,3707.75,21996
2022-10-03 14:55:10,46,-7,3707.5,21989
2022-10-03 14:55:11,2,-2,3707.25,21987
2022-10-03 14:55:12,94,25,3707.75,22012
2022-10-03 14:55:13,62,34,3707.75,22046
2022-10-03 14:55:15,59,3,3707.75,22049
2022-10-03 14:55:17,21,10,3707.75,22059
2022-10-03 14:55:18,98,23,3708.25,22082
2022-10-03 14:55:19,1,1,3708.25,22083
2022-10-03 14:55:20,114,40,3708.25,22123
2022-10-03 14:55:21,26,16,3708.25,22139
2022-10-03 14:55:22,1,-1,3708.0,22138
2022-10-03 14:55:23,21,5,3708.25,22143
2022-10-03 14:55:24,8,4,3708.25,22147
2022-10-03 14:55:25,97,-18,3708.0,22129
2022-10-03 14:55:26,4,2,3708.25,22131
2022-10-03 14:55:27,60,-35,3708.0,22096
2022-10-03 14:55:28,62,-29,3708.0,22067
2022-10-03 14:55:29,50,21,3708.0,22088
2022-10-03 14:55:30,24,3,3708.0,22091
2022-10-03 14:55:32,4,2,3708.0,22093
2022-10-03 14:55:33,117,19,3708.0,22112
2022-10-03 14:55:34,2,2,3708.0,22114
2022-10-03 14:55:35,40,-18,3707.75,22096
2022-10-03 14:55:36,1,-1,3707.5,22095
2022-10-03 14:55:37,14,1,3707.75,22096
2022-10-03 14:55:38,135,7,3707.75,22103
2022-10-03 14:55:39,21,-19,3707.75,22084
2022-10-03 14:55:40,26,9,3707.75,22093
2022-10-03 14:55:41,71,18,3707.75,22111
2022-10-03 14:55:42,49,6,3707.75,22117
2022-10-03 14:55:43,29,8,3708.0,22125
2022-10-03 14:55:44,28,-19,3707.75,22106
2022-10-03 14:55:45,65,43,3708.0,22149
2022-10-03 14:55:46,1,-1,3707.75,22148
2022-10-03 14:55:47,46,-2,3708.0,22146
2022-10-03 14:55:49,3,-1,3707.75,22145
2022-10-03 14:55:50,1,-1,3707.75,22144
2022-10-03 14:55:51,144,-17,3708.0,22127
2022-10-03 14:55:52,57,-18,3708.0,22109
2022-10-03 14:55:53,13,12,3707.75,22121
2022-10-03 14:55:54,4,-4,3707.5,22117
2022-10-03 14:55:55,95,-13,3707.5,22104
2022-10-03 14:55:56,3,-1,3707.75,22103
2022-10-03 14:55:57,5,2,3707.75,22105
2022-10-03 14:55:58,2,1,3707.75,22106
2022-10-03 14:55:59,217,-65,3707.75,22041
2022-10-03 14:56:00,41,7,3707.5,22048
2022-10-03 14:56:01,157,-110,3707.5,21938
2022-10-03 14:56:02,16,-3,3707.25,21935
2022-10-03 14:56:03,62,-7,3707.0,21928
2022-10-03 14:56:04,45,11,3707.0,21939
2022-10-03 14:56:05,81,30,3707.5,21969
2022-10-03 14:56:06,69,22,3707.5,21991
2022-10-03 14:56:07,3,0,3707.5,21991
2022-10-03 14:56:08,35,-9,3707.5,21982
2022-10-03 14:56:09,9,2,3707.25,21984
2022-10-03 14:56:10,23,-15,3707.25,21969
2022-10-03 14:56:12,8,0,3707.25,21969
2022-10-03 14:56:13,81,32,3707.25,22001
2022-10-03 14:56:14,8,-3,3707.25,21998
2022-10-03 14:56:15,6,-6,3707.0,21992
2022-10-03 14:56:16,28,-8,3707.0,21984
2022-10-03 14:56:17,1,1,3707.0,21985
2022-10-03 14:56:18,4,-2,3707.0,21983
2022-10-03 14:56:20,12,-9,3706.75,21974
2022-10-03 14:56:21,66,2,3706.75,21976
2022-10-03 14:56:22,159,-9,3707.0,21967
2022-10-03 14:56:23,185,-81,3707.25,21886
2022-10-03 14:56:26,55,-13,3707.0,21873
2022-10-03 14:56:27,31,-4,3706.75,21869
2022-10-03 14:56:29,74,1,3706.75,21870
2022-10-03 14:56:30,46,15,3706.75,21885
2022-10-03 14:56:31,15,-5,3707.0,21880
2022-10-03 14:56:33,88,25,3707.0,21905
2022-10-03 14:56:34,38,-15,3707.0,21890
2022-10-03 14:56:35,36,-3,3707.0,21887
2022-10-03 14:56:36,55,13,3706.75,21900
2022-10-03 14:56:37,26,16,3707.0,21916
2022-10-03 14:56:38,15,12,3707.25,21928
2022-10-03 14:56:39,3,0,3707.25,21928
2022-10-03 14:56:40,43,8,3707.0,21936
2022-10-03 14:56:41,1,-1,3707.0,21935
2022-10-03 14:56:42,1,1,3707.25,21936
2022-10-03 14:56:43,6,2,3707.25,21938
2022-10-03 14:56:44,8,8,3707.25,21946
2022-10-03 14:56:45,80,29,3707.5,21975
2022-10-03 14:56:46,107,11,3707.5,21986
2022-10-03 14:56:47,126,36,3707.75,22022
2022-10-03 14:56:48,51,8,3707.75,22030
2022-10-03 14:56:49,36,9,3707.75,22039
2022-10-03 14:56:50,33,-5,3707.75,22034
2022-10-03 14:56:51,34,5,3708.0,22039
2022-10-03 14:56:52,48,-6,3708.0,22033
2022-10-03 14:56:53,259,-59,3708.0,21974
2022-10-03 14:56:54,279,69,3708.5,22043
2022-10-03 14:56:55,123,-26,3708.25,22017
2022-10-03 14:56:56,2,2,3708.0,22019
2022-10-03 14:56:57,12,-2,3708.0,22017
2022-10-03 14:56:58,75,24,3708.0,22041
2022-10-03 14:56:59,35,24,3708.25,22065
2022-10-03 14:57:00,52,-9,3708.0,22056
2022-10-03 14:57:01,46,-17,3707.75,22039
2022-10-03 14:57:02,45,4,3707.75,22043
2022-10-03 14:57:03,34,-2,3707.75,22041
2022-10-03 14:57:04,19,13,3707.75,22054
2022-10-03 14:57:05,40,-10,3708.0,22044
2022-10-03 14:57:06,19,6,3708.0,22050
2022-10-03 14:57:07,60,35,3708.0,22085
2022-10-03 14:57:08,67,13,3708.0,22098
2022-10-03 14:57:09,34,12,3708.0,22110
2022-10-03 14:57:10,30,19,3708.25,22129
2022-10-03 14:57:12,19,8,3708.25,22137
2022-10-03 14:57:13,3,-3,3708.0,22134
2022-10-03 14:57:14,5,2,3708.25,22136
2022-10-03 14:57:15,14,13,3708.25,22149
2022-10-03 14:57:16,5,-5,3708.0,22144
2022-10-03 14:57:17,148,-6,3708.25,22138
2022-10-03 14:57:18,80,11,3708.5,22149
2022-10-03 14:57:19,33,-11,3708.5,22138
2022-10-03 14:57:20,8,5,3708.5,22143
2022-10-03 14:57:21,3,-1,3708.5,22142
2022-10-03 14:57:22,72,-18,3708.5,22124
2022-10-03 14:57:23,30,-8,3708.5,22116
2022-10-03 14:57:24,1,-1,3708.25,22115
2022-10-03 14:57:26,83,34,3708.5,22149
2022-10-03 14:57:28,294,97,3709.0,22246
2022-10-03 14:57:29,152,21,3709.0,22267
2022-10-03 14:57:30,41,21,3709.0,22288
2022-10-03 14:57:31,29,-14,3709.0,22274
2022-10-03 14:57:32,20,16,3709.0,22290
2022-10-03 14:57:33,30,13,3709.0,22303
2022-10-03 14:57:34,10,-6,3709.0,22297
2022-10-03 14:57:35,33,13,3709.0,22310
2022-10-03 14:57:36,100,-19,3709.0,22291
2022-10-03 14:57:37,375,100,3709.5,22391
2022-10-03 14:57:38,62,19,3709.5,22410
2022-10-03 14:57:39,14,5,3709.5,22415
2022-10-03 14:57:40,66,49,3709.5,22464
2022-10-03 14:57:41,133,-34,3709.5,22430
2022-10-03 14:57:42,6,-2,3709.25,22428
2022-10-03 14:57:43,188,-25,3709.0,22403
2022-10-03 14:57:44,127,-27,3708.75,22376
2022-10-03 14:57:45,42,6,3708.75,22382
2022-10-03 14:57:46,134,47,3708.75,22429
2022-10-03 14:57:48,27,10,3708.5,22439
2022-10-03 14:57:49,38,17,3708.5,22456
2022-10-03 14:57:50,41,23,3708.5,22479
2022-10-03 14:57:51,5,-5,3708.25,22474
2022-10-03 14:57:52,6,0,3708.5,22474
2022-10-03 14:57:53,7,4,3708.5,22478
2022-10-03 14:57:54,92,2,3708.5,22480
2022-10-03 14:57:55,18,7,3708.5,22487
2022-10-03 14:57:56,4,1,3708.5,22488
2022-10-03 14:57:57,7,5,3708.5,22493
2022-10-03 14:57:58,2,-2,3708.25,22491
2022-10-03 14:57:59,9,9,3708.5,22500
2022-10-03 14:58:00,68,13,3708.5,22513
2022-10-03 14:58:01,38,-18,3708.5,22495
2022-10-03 14:58:02,129,-12,3708.5,22483
2022-10-03 14:58:03,131,65,3709.0,22548
2022-10-03 14:58:04,134,28,3709.0,22576
2022-10-03 14:58:05,89,35,3709.25,22611
2022-10-03 14:58:06,3,-3,3709.0,22608
2022-10-03 14:58:07,1,-1,3709.0,22607
2022-10-03 14:58:08,19,-2,3709.25,22605
2022-10-03 14:58:09,75,-20,3709.25,22585
2022-10-03 14:58:10,4,-3,3709.0,22582
2022-10-03 14:58:11,3,-2,3709.0,22580
2022-10-03 14:58:12,31,7,3709.25,22587
2022-10-03 14:58:13,31,16,3709.25,22603
2022-10-03 14:58:14,110,-8,3709.25,22595
2022-10-03 14:58:15,11,4,3709.25,22599
2022-10-03 14:58:16,42,21,3709.25,22620
2022-10-03 14:58:17,7,6,3709.25,22626
2022-10-03 14:58:18,96,-25,3709.0,22601
2022-10-03 14:58:19,2,-2,3709.0,22599
2022-10-03 14:58:20,62,38,3709.25,22637
2022-10-03 14:58:21,10,1,3709.25,22638
2022-10-03 14:58:22,45,24,3709.5,22662
2022-10-03 14:58:23,7,1,3709.5,22663
2022-10-03 14:58:24,14,8,3709.5,22671
2022-10-03 14:58:25,32,21,3709.5,22692
2022-10-03 14:58:26,2,2,3709.5,22694
2022-10-03 14:58:27,59,-15,3709.5,22679
2022-10-03 14:58:28,5,-5,3709.0,22674
2022-10-03 14:58:29,123,-16,3709.25,22658
2022-10-03 14:58:30,48,-22,3709.25,22636
2022-10-03 14:58:31,3,2,3709.0,22638
2022-10-03 14:58:32,20,14,3709.0,22652
2022-10-03 14:58:33,40,-13,3709.0,22639
2022-10-03 14:58:34,8,4,3709.0,22643
2022-10-03 14:58:35,14,-3,3709.0,22640
2022-10-03 14:58:36,157,52,3709.5,22692
2022-10-03 14:58:37,66,-2,3709.5,22690
2022-10-03 14:58:38,36,17,3709.5,22707
2022-10-03 14:58:39,13,11,3709.5,22718
2022-10-03 14:58:40,315,117,3709.75,22835
2022-10-03 14:58:41,12,2,3709.75,22837
2022-10-03 14:58:42,854,330,3710.5,23167
2022-10-03 14:58:43,114,-4,3710.5,23163
2022-10-03 14:58:44,274,-48,3710.5,23115
2022-10-03 14:58:45,38,15,3710.5,23130
2022-10-03 14:58:46,46,26,3710.5,23156
2022-10-03 14:58:47,254,82,3710.75,23238
2022-10-03 14:58:48,68,-12,3710.75,23226
2022-10-03 14:58:49,99,33,3710.75,23259
2022-10-03 14:58:50,996,332,3711.75,23591
2022-10-03 14:58:51,106,35,3711.25,23626
2022-10-03 14:58:52,238,-11,3711.5,23615
2022-10-03 14:58:53,116,-8,3711.25,23607
2022-10-03 14:58:54,187,-43,3711.0,23564
2022-10-03 14:58:55,46,-13,3710.75,23551
2022-10-03 14:58:56,242,39,3711.0,23590
2022-10-03 14:58:57,42,-1,3710.75,23589
2022-10-03 14:58:58,47,-18,3710.5,23571
2022-10-03 14:58:59,200,56,3710.75,23627
2022-10-03 14:59:00,116,-23,3710.75,23604
2022-10-03 14:59:01,304,-116,3710.5,23488
2022-10-03 14:59:02,226,-36,3710.0,23452
2022-10-03 14:59:03,112,-8,3710.0,23444
2022-10-03 14:59:04,85,1,3710.0,23445
2022-10-03 14:59:05,55,-14,3710.0,23431
2022-10-03 14:59:06,64,-25,3709.5,23406
2022-10-03 14:59:07,96,-11,3709.5,23395
2022-10-03 14:59:08,164,-46,3709.5,23349
2022-10-03 14:59:09,44,-9,3709.25,23340
2022-10-03 14:59:10,21,-5,3709.25,23335
2022-10-03 14:59:11,84,37,3709.75,23372
2022-10-03 14:59:12,31,-2,3709.75,23370
2022-10-03 14:59:13,76,17,3710.0,23387
2022-10-03 14:59:14,100,-20,3709.75,23367
2022-10-03 14:59:15,51,-8,3710.0,23359
2022-10-03 14:59:16,198,46,3710.25,23405
2022-10-03 14:59:17,75,-12,3710.25,23393
2022-10-03 14:59:18,114,49,3710.0,23442
2022-10-03 14:59:19,3,-1,3710.0,23441
2022-10-03 14:59:20,18,5,3710.0,23446
2022-10-03 14:59:21,49,-30,3710.0,23416
2022-10-03 14:59:22,28,8,3710.0,23424
2022-10-03 14:59:23,89,7,3710.0,23431
2022-10-03 14:59:24,72,-28,3710.0,23403
2022-10-03 14:59:25,97,17,3710.25,23420
2022-10-03 14:59:26,149,-30,3710.25,23390
2022-10-03 14:59:27,67,-1,3710.25,23389
2022-10-03 14:59:28,51,-13,3710.0,23376
2022-10-03 14:59:29,17,-16,3709.75,23360
2022-10-03 14:59:30,166,-21,3709.75,23339
2022-10-03 14:59:31,55,-30,3709.75,23309
2022-10-03 14:59:32,41,-2,3709.5,23307
2022-10-03 14:59:33,3,-1,3709.5,23306
2022-10-03 14:59:34,45,-5,3709.75,23301
2022-10-03 14:59:35,129,-19,3709.5,23282
2022-10-03 14:59:36,53,-16,3709.5,23266
2022-10-03 14:59:37,153,-31,3709.25,23235
2022-10-03 14:59:38,160,-81,3708.75,23154
2022-10-03 14:59:39,115,-11,3708.5,23143
2022-10-03 14:59:40,90,-1,3708.75,23142
2022-10-03 14:59:41,92,-26,3708.75,23116
2022-10-03 14:59:42,1257,-876,3708.5,22240
2022-10-03 14:59:43,210,39,3707.75,22279
2022-10-03 14:59:44,26,-6,3707.75,22273
2022-10-03 14:59:45,133,-24,3707.75,22249
2022-10-03 14:59:46,72,-54,3707.5,22195
2022-10-03 14:59:47,23,0,3707.5,22195
2022-10-03 14:59:48,126,-20,3707.75,22175
2022-10-03 14:59:49,68,-20,3707.75,22155
2022-10-03 14:59:50,112,-26,3707.5,22129
2022-10-03 14:59:51,21,-3,3707.25,22126
2022-10-03 14:59:52,143,-18,3707.25,22108
2022-10-03 14:59:53,171,28,3707.5,22136
2022-10-03 14:59:54,10,-5,3707.5,22131
2022-10-03 14:59:55,91,45,3707.5,22176
2022-10-03 14:59:56,107,-26,3707.5,22150
2022-10-03 14:59:57,43,-9,3707.75,22141
2022-10-03 14:59:58,47,-33,3707.25,22108
2022-10-03 14:59:59,89,-45,3707.25,22063
2022-10-03 15:00:00,227,-26,3707.75,22037
