Date,Vol,BidAsk,Price,BidAskCum
2022-09-19 11:18:00,158,28,3899.25,3882
2022-09-19 11:18:01,98,6,3899.5,3888
2022-09-19 11:18:02,60,-10,3899.25,3878
2022-09-19 11:18:03,77,1,3899.25,3879
2022-09-19 11:18:04,8,8,3899.25,3887
2022-09-19 11:18:05,114,41,3899.5,3928
2022-09-19 11:18:06,62,34,3899.75,3962
2022-09-19 11:18:07,375,187,3900.75,4149
2022-09-19 11:18:08,200,77,3901.25,4226
2022-09-19 11:18:09,317,23,3901.75,4249
2022-09-19 11:18:10,129,13,3901.25,4262
2022-09-19 11:18:11,266,27,3901.5,4289
2022-09-19 11:18:12,88,-16,3901.5,4273
2022-09-19 11:18:13,91,-13,3901.5,4260
2022-09-19 11:18:14,603,208,3902.75,4468
2022-09-19 11:18:15,324,38,3902.5,4506
2022-09-19 11:18:16,363,-73,3902.5,4433
2022-09-19 11:18:17,148,-32,3902.5,4401
2022-09-19 11:18:18,126,9,3901.5,4410
2022-09-19 11:18:19,204,12,3902.25,4422
2022-09-19 11:18:20,89,-5,3902.25,4417
2022-09-19 11:18:21,305,11,3902.25,4428
2022-09-19 11:18:22,123,-4,3902.5,4424
2022-09-19 11:18:23,128,11,3902.25,4435
2022-09-19 11:18:24,54,-5,3902.5,4430
2022-09-19 11:18:25,200,-29,3902.25,4401
2022-09-19 11:18:26,174,-4,3901.75,4397
2022-09-19 11:18:27,125,15,3902.25,4412
2022-09-19 11:18:28,5,-4,3902.0,4408
2022-09-19 11:18:29,82,4,3902.0,4412
2022-09-19 11:18:30,78,-24,3902.25,4388
2022-09-19 11:18:31,113,-33,3902.0,4355
2022-09-19 11:18:32,76,-16,3902.0,4339
2022-09-19 11:18:33,29,-10,3901.5,4329
2022-09-19 11:18:34,56,6,3901.5,4335
2022-09-19 11:18:35,45,-5,3901.5,4330
2022-09-19 11:18:36,15,5,3901.5,4335
2022-09-19 11:18:37,39,-13,3901.5,4322
2022-09-19 11:18:38,123,-21,3901.5,4301
2022-09-19 11:18:39,209,-1,3901.25,4300
2022-09-19 11:18:40,162,-53,3900.75,4247
2022-09-19 11:18:41,155,23,3900.5,4270
2022-09-19 11:18:42,92,-49,3900.25,4221
2022-09-19 11:18:43,263,-3,3900.25,4218
2022-09-19 11:18:44,420,-113,3900.0,4105
2022-09-19 11:18:45,85,-9,3899.25,4096
2022-09-19 11:18:46,88,-7,3899.0,4089
2022-09-19 11:18:47,40,14,3898.75,4103
2022-09-19 11:18:48,64,-12,3898.75,4091
2022-09-19 11:18:49,108,9,3899.0,4100
2022-09-19 11:18:50,33,22,3899.0,4122
2022-09-19 11:18:51,53,-6,3899.25,4116
2022-09-19 11:18:52,57,-6,3899.0,4110
2022-09-19 11:18:53,118,-24,3899.0,4086
2022-09-19 11:18:54,15,-2,3898.75,4084
2022-09-19 11:18:55,42,14,3898.75,4098
2022-09-19 11:18:56,23,-13,3899.0,4085
2022-09-19 11:18:57,3,-1,3898.75,4084
2022-09-19 11:18:58,229,-26,3898.5,4058
2022-09-19 11:18:59,146,-9,3898.5,4049
2022-09-19 11:19:00,202,-48,3898.0,4001
2022-09-19 11:19:01,9,-5,3897.75,3996
2022-09-19 11:19:02,234,15,3898.25,4011
2022-09-19 11:19:03,143,-11,3898.5,4000
2022-09-19 11:19:04,92,48,3898.5,4048
2022-09-19 11:19:05,15,-6,3898.5,4042
2022-09-19 11:19:06,36,-9,3898.5,4033
2022-09-19 11:19:07,2,2,3898.5,4035
2022-09-19 11:19:08,301,-14,3898.25,4021
2022-09-19 11:19:09,253,-23,3898.25,3998
2022-09-19 11:19:10,243,32,3898.25,4030
2022-09-19 11:19:11,113,-37,3898.0,3993
2022-09-19 11:19:12,26,-12,3897.75,3981
2022-09-19 11:19:13,69,-44,3897.75,3937
2022-09-19 11:19:14,69,-8,3897.25,3929
2022-09-19 11:19:15,64,-2,3897.25,3927
2022-09-19 11:19:16,34,3,3897.25,3930
2022-09-19 11:19:17,83,-26,3897.0,3904
2022-09-19 11:19:18,6,-2,3897.0,3902
2022-09-19 11:19:19,49,3,3897.0,3905
2022-09-19 11:19:20,44,13,3897.0,3918
2022-09-19 11:19:21,42,-11,3896.75,3907
2022-09-19 11:19:22,91,-4,3897.0,3903
2022-09-19 11:19:23,20,4,3896.75,3907
2022-09-19 11:19:24,44,4,3896.75,3911
2022-09-19 11:19:25,37,-3,3897.0,3908
2022-09-19 11:19:26,238,-119,3897.0,3789
2022-09-19 11:19:27,97,-1,3896.5,3788
2022-09-19 11:19:28,8,-6,3896.5,3782
2022-09-19 11:19:29,98,3,3896.25,3785
2022-09-19 11:19:30,87,-20,3896.25,3765
2022-09-19 11:19:31,40,-4,3896.25,3761
2022-09-19 11:19:32,40,3,3896.25,3764
2022-09-19 11:19:33,83,0,3896.25,3764
2022-09-19 11:19:34,27,-6,3896.0,3758
2022-09-19 11:19:35,65,1,3896.0,3759
2022-09-19 11:19:36,54,-9,3896.0,3750
2022-09-19 11:19:37,85,-24,3895.75,3726
2022-09-19 11:19:38,49,-12,3895.75,3714
2022-09-19 11:19:39,20,1,3895.75,3715
2022-09-19 11:19:40,26,1,3895.5,3716
2022-09-19 11:19:41,128,21,3896.25,3737
2022-09-19 11:19:42,44,5,3896.25,3742
2022-09-19 11:19:43,71,-7,3896.0,3735
2022-09-19 11:19:44,9,5,3896.0,3740
2022-09-19 11:19:45,39,-7,3896.25,3733
2022-09-19 11:19:46,51,-3,3896.25,3730
2022-09-19 11:19:47,265,43,3896.5,3773
2022-09-19 11:19:48,40,-3,3896.75,3770
2022-09-19 11:19:49,76,0,3896.75,3770
2022-09-19 11:19:50,356,-11,3896.25,3759
2022-09-19 11:19:51,34,-5,3896.5,3754
2022-09-19 11:19:52,1,-1,3896.0,3753
2022-09-19 11:19:53,125,-34,3896.25,3719
2022-09-19 11:19:54,98,0,3896.0,3719
2022-09-19 11:19:55,73,6,3895.75,3725
2022-09-19 11:19:56,2,2,3895.75,3727
2022-09-19 11:19:57,19,3,3895.75,3730
2022-09-19 11:19:58,47,5,3895.75,3735
2022-09-19 11:19:59,49,-16,3895.75,3719
2022-09-19 11:20:00,88,4,3896.0,3723
2022-09-19 11:20:01,126,-33,3895.75,3690
2022-09-19 11:20:02,66,-9,3895.5,3681
2022-09-19 11:20:03,49,13,3895.5,3694
2022-09-19 11:20:04,73,26,3896.25,3720
2022-09-19 11:20:05,8,-7,3896.0,3713
2022-09-19 11:20:06,74,-10,3896.0,3703
2022-09-19 11:20:07,142,35,3896.0,3738
2022-09-19 11:20:08,243,-65,3896.0,3673
2022-09-19 11:20:09,310,-43,3896.0,3630
2022-09-19 11:20:10,102,-31,3895.0,3599
2022-09-19 11:20:11,31,2,3895.25,3601
2022-09-19 11:20:12,56,-10,3895.25,3591
2022-09-19 11:20:13,76,-21,3895.25,3570
2022-09-19 11:20:14,72,5,3895.0,3575
2022-09-19 11:20:15,38,4,3895.0,3579
2022-09-19 11:20:16,38,-25,3894.75,3554
2022-09-19 11:20:17,43,-26,3894.75,3528
2022-09-19 11:20:18,93,4,3894.75,3532
2022-09-19 11:20:19,46,17,3895.0,3549
2022-09-19 11:20:20,5,-3,3894.75,3546
2022-09-19 11:20:21,65,-12,3895.0,3534
2022-09-19 11:20:22,40,-2,3894.75,3532
2022-09-19 11:20:23,38,8,3895.0,3540
2022-09-19 11:20:24,82,31,3895.25,3571
2022-09-19 11:20:25,56,15,3895.25,3586
2022-09-19 11:20:26,36,-4,3895.0,3582
2022-09-19 11:20:27,6,2,3895.0,3584
2022-09-19 11:20:28,16,-10,3895.0,3574
2022-09-19 11:20:29,30,-17,3895.0,3557
2022-09-19 11:20:30,71,0,3895.0,3557
2022-09-19 11:20:31,47,-1,3894.75,3556
2022-09-19 11:20:32,20,-9,3894.75,3547
2022-09-19 11:20:33,12,9,3894.75,3556
2022-09-19 11:20:34,258,56,3895.75,3612
2022-09-19 11:20:35,154,4,3895.5,3616
2022-09-19 11:20:36,104,-66,3894.75,3550
2022-09-19 11:20:37,2,2,3894.25,3552
2022-09-19 11:20:38,255,7,3894.25,3559
2022-09-19 11:20:39,261,-92,3894.0,3467
2022-09-19 11:20:40,93,27,3894.0,3494
2022-09-19 11:20:41,74,-3,3894.0,3491
2022-09-19 11:20:42,6,-4,3893.75,3487
2022-09-19 11:20:43,74,-9,3893.75,3478
2022-09-19 11:20:44,31,-11,3893.5,3467
2022-09-19 11:20:45,75,5,3893.5,3472
2022-09-19 11:20:46,56,-5,3893.25,3467
2022-09-19 11:20:47,88,-19,3893.25,3448
2022-09-19 11:20:48,142,10,3893.5,3458
2022-09-19 11:20:49,56,-15,3893.75,3443
2022-09-19 11:20:50,36,-7,3893.75,3436
2022-09-19 11:20:51,176,-52,3893.75,3384
2022-09-19 11:20:52,3,1,3893.75,3385
2022-09-19 11:20:53,431,36,3893.75,3421
2022-09-19 11:20:54,45,34,3894.0,3455
2022-09-19 11:20:55,58,-17,3894.0,3438
2022-09-19 11:20:56,43,3,3893.75,3441
2022-09-19 11:20:57,2,-2,3893.5,3439
2022-09-19 11:20:58,50,-22,3893.75,3417
2022-09-19 11:20:59,92,7,3893.5,3424
2022-09-19 11:21:00,104,-12,3893.75,3412
2022-09-19 11:21:01,41,13,3893.5,3425
2022-09-19 11:21:02,7,-2,3893.5,3423
2022-09-19 11:21:03,64,-18,3893.25,3405
2022-09-19 11:21:04,59,-3,3893.5,3402
2022-09-19 11:21:05,340,-99,3893.25,3303
2022-09-19 11:21:06,46,-23,3893.0,3280
2022-09-19 11:21:07,260,17,3893.0,3297
2022-09-19 11:21:08,99,-30,3892.75,3267
2022-09-19 11:21:09,95,-3,3892.5,3264
2022-09-19 11:21:10,352,-92,3892.25,3172
2022-09-19 11:21:11,97,-5,3891.75,3167
2022-09-19 11:21:12,60,-8,3891.75,3159
2022-09-19 11:21:13,63,7,3892.0,3166
2022-09-19 11:21:14,52,-25,3891.75,3141
2022-09-19 11:21:15,46,10,3891.75,3151
2022-09-19 11:21:16,136,8,3891.5,3159
2022-09-19 11:21:17,89,8,3891.75,3167
2022-09-19 11:21:18,82,-30,3891.75,3137
2022-09-19 11:21:19,134,-71,3891.5,3066
2022-09-19 11:21:20,133,-2,3891.5,3064
2022-09-19 11:21:21,138,-26,3891.25,3038
2022-09-19 11:21:22,72,29,3891.75,3067
2022-09-19 11:21:23,64,-8,3891.75,3059
2022-09-19 11:21:24,50,5,3891.5,3064
2022-09-19 11:21:25,80,21,3891.5,3085
2022-09-19 11:21:26,91,-1,3891.5,3084
2022-09-19 11:21:27,532,-21,3891.5,3063
2022-09-19 11:21:28,42,-2,3891.25,3061
2022-09-19 11:21:29,100,-20,3891.25,3041
2022-09-19 11:21:30,224,10,3891.5,3051
2022-09-19 11:21:31,96,7,3891.75,3058
2022-09-19 11:21:32,156,66,3891.75,3124
2022-09-19 11:21:33,39,-8,3891.5,3116
2022-09-19 11:21:34,94,-11,3891.5,3105
2022-09-19 11:21:35,44,-19,3891.5,3086
2022-09-19 11:21:36,41,5,3891.5,3091
2022-09-19 11:21:37,137,-16,3891.5,3075
2022-09-19 11:21:38,86,-2,3891.25,3073
2022-09-19 11:21:39,210,-19,3891.0,3054
2022-09-19 11:21:40,99,-8,3891.25,3046
2022-09-19 11:21:41,64,12,3891.5,3058
2022-09-19 11:21:42,7,2,3891.25,3060
2022-09-19 11:21:43,39,0,3891.25,3060
2022-09-19 11:21:44,123,-61,3891.0,2999
2022-09-19 11:21:45,31,15,3891.25,3014
2022-09-19 11:21:46,83,-33,3891.0,2981
2022-09-19 11:21:47,193,58,3891.0,3039
2022-09-19 11:21:48,138,-56,3891.0,2983
2022-09-19 11:21:49,169,43,3891.25,3026
2022-09-19 11:21:50,169,6,3891.5,3032
2022-09-19 11:21:51,62,-1,3891.5,3031
2022-09-19 11:21:52,98,-28,3891.25,3003
2022-09-19 11:21:53,242,-84,3891.25,2919
2022-09-19 11:21:54,254,-63,3891.0,2856
2022-09-19 11:21:55,87,-9,3890.75,2847
2022-09-19 11:21:56,104,-81,3891.0,2766
2022-09-19 11:21:57,7,-2,3890.5,2764
2022-09-19 11:21:58,140,13,3891.0,2777
2022-09-19 11:21:59,99,22,3891.0,2799
2022-09-19 11:22:00,80,-17,3891.0,2782
2022-09-19 11:22:01,93,-23,3891.0,2759
2022-09-19 11:22:02,185,16,3891.25,2775
2022-09-19 11:22:03,213,-58,3891.5,2717
2022-09-19 11:22:04,224,51,3891.5,2768
2022-09-19 11:22:05,44,12,3891.5,2780
2022-09-19 11:22:06,81,-11,3891.75,2769
2022-09-19 11:22:07,29,8,3891.75,2777
2022-09-19 11:22:08,125,13,3891.75,2790
2022-09-19 11:22:09,73,8,3892.0,2798
2022-09-19 11:22:10,125,43,3892.5,2841
2022-09-19 11:22:11,282,55,3892.75,2896
2022-09-19 11:22:12,92,-33,3892.25,2863
2022-09-19 11:22:13,48,13,3892.25,2876
2022-09-19 11:22:14,123,28,3892.25,2904
2022-09-19 11:22:15,16,-9,3892.0,2895
2022-09-19 11:22:16,182,-2,3892.25,2893
2022-09-19 11:22:17,73,-11,3892.25,2882
2022-09-19 11:22:18,24,12,3892.0,2894
2022-09-19 11:22:19,36,6,3892.0,2900
2022-09-19 11:22:20,289,199,3892.75,3099
2022-09-19 11:22:21,105,15,3892.5,3114
2022-09-19 11:22:22,4,2,3892.5,3116
2022-09-19 11:22:23,54,-15,3892.5,3101
2022-09-19 11:22:24,254,-67,3892.25,3034
2022-09-19 11:22:25,68,-6,3892.25,3028
2022-09-19 11:22:26,75,31,3892.5,3059
2022-09-19 11:22:27,159,-76,3892.5,2983
2022-09-19 11:22:28,28,-14,3892.5,2969
2022-09-19 11:22:29,64,15,3892.25,2984
2022-09-19 11:22:30,61,-29,3892.0,2955
2022-09-19 11:22:31,66,-11,3891.5,2944
2022-09-19 11:22:32,28,1,3892.0,2945
2022-09-19 11:22:33,17,-3,3892.0,2942
2022-09-19 11:22:34,30,7,3892.0,2949
2022-09-19 11:22:35,40,10,3892.0,2959
2022-09-19 11:22:36,18,-16,3891.75,2943
2022-09-19 11:22:37,1,1,3891.75,2944
2022-09-19 11:22:38,2,0,3891.75,2944
2022-09-19 11:22:39,73,5,3892.0,2949
2022-09-19 11:22:40,18,5,3892.0,2954
2022-09-19 11:22:41,86,10,3892.25,2964
2022-09-19 11:22:42,17,-6,3892.0,2958
2022-09-19 11:22:43,48,-12,3892.25,2946
2022-09-19 11:22:44,93,4,3891.75,2950
2022-09-19 11:22:45,4,1,3892.0,2951
2022-09-19 11:22:47,33,-8,3892.0,2943
2022-09-19 11:22:48,25,-2,3891.75,2941
2022-09-19 11:22:49,37,0,3892.0,2941
2022-09-19 11:22:50,64,-19,3892.25,2922
2022-09-19 11:22:51,47,-24,3892.25,2898
2022-09-19 11:22:52,36,-6,3892.25,2892
2022-09-19 11:22:53,187,42,3892.25,2934
2022-09-19 11:22:54,104,-30,3892.25,2904
2022-09-19 11:22:55,45,-9,3892.5,2895
2022-09-19 11:22:56,21,6,3892.25,2901
2022-09-19 11:22:57,81,-47,3892.25,2854
2022-09-19 11:22:58,122,42,3892.75,2896
2022-09-19 11:22:59,383,114,3893.75,3010
2022-09-19 11:23:00,65,16,3893.5,3026
2022-09-19 11:23:01,37,-15,3893.0,3011
2022-09-19 11:23:02,80,-56,3892.75,2955
2022-09-19 11:23:03,2,-2,3892.25,2953
2022-09-19 11:23:04,190,24,3892.25,2977
2022-09-19 11:23:05,33,17,3892.0,2994
2022-09-19 11:23:06,64,-15,3892.25,2979
2022-09-19 11:23:07,54,-25,3892.25,2954
2022-09-19 11:23:08,47,-2,3892.0,2952
2022-09-19 11:23:09,28,-18,3892.0,2934
2022-09-19 11:23:10,46,-12,3892.0,2922
2022-09-19 11:23:11,95,-13,3891.75,2909
2022-09-19 11:23:12,141,-87,3891.5,2822
2022-09-19 11:23:13,22,-11,3891.25,2811
2022-09-19 11:23:14,49,3,3891.5,2814
2022-09-19 11:23:15,83,-40,3891.5,2774
2022-09-19 11:23:16,48,3,3891.25,2777
2022-09-19 11:23:17,174,-54,3891.25,2723
2022-09-19 11:23:18,40,5,3891.0,2728
2022-09-19 11:23:19,49,-4,3891.0,2724
2022-09-19 11:23:20,16,7,3891.25,2731
2022-09-19 11:23:21,61,-11,3891.0,2720
2022-09-19 11:23:22,53,6,3891.25,2726
2022-09-19 11:23:23,26,-18,3891.25,2708
2022-09-19 11:23:24,56,2,3891.0,2710
2022-09-19 11:23:25,16,-13,3891.0,2697
2022-09-19 11:23:26,116,-44,3891.0,2653
2022-09-19 11:23:27,48,4,3891.25,2657
2022-09-19 11:23:28,2,0,3891.25,2657
2022-09-19 11:23:29,91,19,3891.25,2676
2022-09-19 11:23:30,39,-27,3891.25,2649
2022-09-19 11:23:31,51,1,3891.25,2650
2022-09-19 11:23:32,9,6,3891.25,2656
2022-09-19 11:23:33,66,2,3891.0,2658
2022-09-19 11:23:34,42,7,3891.25,2665
2022-09-19 11:23:35,56,7,3891.25,2672
2022-09-19 11:23:36,23,-10,3891.25,2662
2022-09-19 11:23:37,38,-4,3891.5,2658
2022-09-19 11:23:38,113,52,3892.25,2710
2022-09-19 11:23:39,206,12,3892.75,2722
2022-09-19 11:23:40,160,24,3893.25,2746
2022-09-19 11:23:41,152,-5,3893.5,2741
2022-09-19 11:23:42,15,-4,3893.0,2737
2022-09-19 11:23:43,48,0,3892.75,2737
2022-09-19 11:23:44,23,-1,3892.5,2736
2022-09-19 11:23:45,45,1,3892.5,2737
2022-09-19 11:23:46,24,5,3892.75,2742
2022-09-19 11:23:47,31,4,3893.0,2746
2022-09-19 11:23:48,44,-4,3893.25,2742
2022-09-19 11:23:49,53,-5,3893.0,2737
2022-09-19 11:23:50,26,-2,3893.0,2735
2022-09-19 11:23:51,41,-8,3892.75,2727
2022-09-19 11:23:52,36,8,3892.5,2735
2022-09-19 11:23:53,108,24,3892.75,2759
2022-09-19 11:23:54,44,18,3892.5,2777
2022-09-19 11:23:55,67,-8,3892.75,2769
2022-09-19 11:23:57,18,1,3892.75,2770
2022-09-19 11:23:58,19,6,3893.0,2776
2022-09-19 11:23:59,55,1,3893.0,2777
2022-09-19 11:24:00,166,9,3893.5,2786
2022-09-19 11:24:01,103,-42,3893.25,2744
2022-09-19 11:24:02,36,1,3893.5,2745
2022-09-19 11:24:03,8,5,3893.5,2750
2022-09-19 11:24:04,90,4,3893.5,2754
2022-09-19 11:24:05,46,1,3893.5,2755
2022-09-19 11:24:06,84,5,3893.75,2760
2022-09-19 11:24:07,39,1,3894.0,2761
2022-09-19 11:24:08,43,-10,3893.5,2751
2022-09-19 11:24:09,134,-22,3893.25,2729
2022-09-19 11:24:10,46,-11,3893.0,2718
2022-09-19 11:24:11,133,-36,3892.75,2682
2022-09-19 11:24:12,42,-7,3892.25,2675
2022-09-19 11:24:13,5,-5,3892.25,2670
2022-09-19 11:24:14,50,-9,3892.25,2661
2022-09-19 11:24:15,318,52,3892.5,2713
2022-09-19 11:24:16,267,-49,3892.75,2664
2022-09-19 11:24:17,93,32,3893.0,2696
2022-09-19 11:24:18,17,12,3892.75,2708
2022-09-19 11:24:19,21,5,3892.75,2713
2022-09-19 11:24:20,55,-13,3892.5,2700
2022-09-19 11:24:21,57,-6,3892.75,2694
2022-09-19 11:24:22,51,8,3893.0,2702
2022-09-19 11:24:23,48,-9,3892.75,2693
2022-09-19 11:24:24,63,-35,3892.75,2658
2022-09-19 11:24:25,148,-52,3892.0,2606
2022-09-19 11:24:26,29,3,3892.0,2609
2022-09-19 11:24:27,29,-17,3892.0,2592
2022-09-19 11:24:28,98,-7,3891.75,2585
2022-09-19 11:24:29,122,-11,3891.25,2574
2022-09-19 11:24:30,59,-2,3891.0,2572
2022-09-19 11:24:31,60,-31,3891.0,2541
2022-09-19 11:24:32,81,-31,3890.75,2510
2022-09-19 11:24:33,60,13,3890.5,2523
2022-09-19 11:24:34,73,14,3891.0,2537
2022-09-19 11:24:35,79,-4,3891.0,2533
2022-09-19 11:24:36,26,-7,3891.0,2526
2022-09-19 11:24:37,579,-54,3891.5,2472
2022-09-19 11:24:38,53,-32,3891.0,2440
2022-09-19 11:24:39,48,2,3890.75,2442
2022-09-19 11:24:40,34,-22,3890.5,2420
2022-09-19 11:24:41,90,-1,3890.5,2419
2022-09-19 11:24:42,17,-5,3890.5,2414
2022-09-19 11:24:43,27,12,3890.75,2426
2022-09-19 11:24:44,37,-1,3891.0,2425
2022-09-19 11:24:45,1,1,3891.0,2426
2022-09-19 11:24:46,30,-15,3891.0,2411
2022-09-19 11:24:47,74,-7,3890.75,2404
2022-09-19 11:24:48,88,16,3891.0,2420
2022-09-19 11:24:49,172,-77,3891.25,2343
2022-09-19 11:24:50,455,-327,3890.75,2016
2022-09-19 11:24:51,153,-31,3890.0,1985
2022-09-19 11:24:52,2042,-398,3889.75,1587
2022-09-19 11:24:53,497,-43,3889.5,1544
2022-09-19 11:24:54,200,-7,3889.5,1537
2022-09-19 11:24:55,133,7,3889.5,1544
2022-09-19 11:24:56,96,8,3889.75,1552
2022-09-19 11:24:57,260,38,3889.75,1590
2022-09-19 11:24:58,200,-26,3889.5,1564
2022-09-19 11:24:59,197,11,3890.0,1575
2022-09-19 11:25:00,168,-19,3889.75,1556
2022-09-19 11:25:01,162,-21,3889.25,1535
2022-09-19 11:25:02,102,-42,3889.5,1493
2022-09-19 11:25:03,131,29,3889.75,1522
2022-09-19 11:25:04,148,39,3889.75,1561
2022-09-19 11:25:05,32,17,3889.75,1578
2022-09-19 11:25:06,66,-21,3889.5,1557
2022-09-19 11:25:07,88,-12,3890.0,1545
2022-09-19 11:25:08,31,-10,3890.0,1535
2022-09-19 11:25:09,2,0,3889.75,1535
2022-09-19 11:25:10,131,-12,3889.75,1523
2022-09-19 11:25:11,58,10,3890.0,1533
2022-09-19 11:25:12,255,-66,3889.5,1467
2022-09-19 11:25:13,251,-63,3889.0,1404
2022-09-19 11:25:14,157,-15,3888.75,1389
2022-09-19 11:25:15,13,2,3889.0,1391
2022-09-19 11:25:16,311,-25,3888.75,1366
2022-09-19 11:25:17,37,16,3888.5,1382
2022-09-19 11:25:18,80,-10,3888.25,1372
2022-09-19 11:25:19,312,-32,3888.25,1340
2022-09-19 11:25:20,27,-19,3888.0,1321
2022-09-19 11:25:21,72,23,3888.5,1344
2022-09-19 11:25:22,71,-12,3888.5,1332
2022-09-19 11:25:23,197,31,3888.5,1363
2022-09-19 11:25:24,70,7,3888.5,1370
2022-09-19 11:25:25,78,-16,3888.5,1354
2022-09-19 11:25:26,80,2,3888.75,1356
2022-09-19 11:25:27,5,-1,3888.75,1355
2022-09-19 11:25:28,98,6,3889.0,1361
2022-09-19 11:25:29,268,79,3890.0,1440
2022-09-19 11:25:30,402,65,3891.0,1505
2022-09-19 11:25:31,326,-106,3890.75,1399
2022-09-19 11:25:32,99,3,3890.25,1402
2022-09-19 11:25:33,79,12,3890.5,1414
2022-09-19 11:25:34,22,-1,3890.5,1413
2022-09-19 11:25:35,114,-21,3890.75,1392
2022-09-19 11:25:36,55,11,3890.75,1403
2022-09-19 11:25:37,85,-8,3890.75,1395
2022-09-19 11:25:38,121,40,3891.0,1435
2022-09-19 11:25:39,82,30,3891.25,1465
2022-09-19 11:25:40,128,4,3891.25,1469
2022-09-19 11:25:41,172,-65,3891.0,1404
2022-09-19 11:25:42,38,11,3890.75,1415
2022-09-19 11:25:43,142,-38,3890.5,1377
2022-09-19 11:25:44,46,-33,3890.25,1344
2022-09-19 11:25:45,75,13,3890.25,1357
2022-09-19 11:25:46,35,9,3890.5,1366
2022-09-19 11:25:47,50,-8,3890.5,1358
2022-09-19 11:25:48,97,-3,3890.25,1355
2022-09-19 11:25:49,54,5,3890.25,1360
2022-09-19 11:25:50,21,-11,3890.25,1349
2022-09-19 11:25:51,50,13,3890.25,1362
2022-09-19 11:25:52,50,14,3890.5,1376
2022-09-19 11:25:53,29,20,3890.5,1396
2022-09-19 11:25:54,10,-3,3890.25,1393
2022-09-19 11:25:55,192,-58,3890.0,1335
2022-09-19 11:25:56,43,-15,3889.0,1320
2022-09-19 11:25:57,14,7,3889.25,1327
2022-09-19 11:25:58,34,-7,3889.25,1320
2022-09-19 11:25:59,70,-13,3889.25,1307
2022-09-19 11:26:00,84,-27,3888.75,1280
2022-09-19 11:26:01,439,-56,3888.5,1224
2022-09-19 11:26:02,101,18,3888.75,1242
2022-09-19 11:26:03,75,-18,3889.0,1224
2022-09-19 11:26:04,34,-7,3888.75,1217
2022-09-19 11:26:05,18,2,3888.5,1219
2022-09-19 11:26:06,150,17,3888.5,1236
2022-09-19 11:26:07,128,-64,3888.25,1172
2022-09-19 11:26:08,70,13,3888.0,1185
2022-09-19 11:26:09,569,-271,3888.0,914
2022-09-19 11:26:10,16,-6,3888.25,908
2022-09-19 11:26:11,59,-2,3888.0,906
2022-09-19 11:26:12,105,-41,3888.0,865
2022-09-19 11:26:13,47,9,3887.5,874
2022-09-19 11:26:14,13,7,3888.0,881
2022-09-19 11:26:15,82,-1,3888.0,880
2022-09-19 11:26:16,131,42,3888.25,922
2022-09-19 11:26:17,131,17,3888.75,939
2022-09-19 11:26:18,108,-3,3888.5,936
2022-09-19 11:26:19,138,2,3888.5,938
2022-09-19 11:26:20,2,0,3888.25,938
2022-09-19 11:26:21,68,-11,3888.25,927
2022-09-19 11:26:22,2,-2,3888.0,925
2022-09-19 11:26:23,5,1,3888.25,926
2022-09-19 11:26:24,93,-30,3888.25,896
2022-09-19 11:26:25,46,-11,3888.0,885
2022-09-19 11:26:26,101,38,3888.0,923
2022-09-19 11:26:27,596,-351,3888.0,572
2022-09-19 11:26:28,41,15,3887.5,587
2022-09-19 11:26:29,13,1,3887.5,588
2022-09-19 11:26:30,86,-28,3887.5,560
2022-09-19 11:26:31,151,-11,3887.25,549
2022-09-19 11:26:32,20,5,3887.0,554
2022-09-19 11:26:33,78,4,3887.0,558
2022-09-19 11:26:34,77,-24,3887.25,534
2022-09-19 11:26:35,130,-3,3886.75,531
2022-09-19 11:26:36,54,15,3887.0,546
2022-09-19 11:26:37,241,-5,3887.5,541
2022-09-19 11:26:38,134,-1,3887.25,540
2022-09-19 11:26:39,40,5,3886.75,545
2022-09-19 11:26:40,21,10,3887.0,555
2022-09-19 11:26:41,80,-18,3886.75,537
2022-09-19 11:26:42,78,-9,3886.75,528
2022-09-19 11:26:43,103,16,3887.0,544
2022-09-19 11:26:44,110,18,3887.25,562
2022-09-19 11:26:45,66,18,3887.25,580
2022-09-19 11:26:46,32,8,3887.25,588
2022-09-19 11:26:47,92,38,3887.5,626
2022-09-19 11:26:48,115,-37,3887.5,589
2022-09-19 11:26:49,277,40,3887.75,629
2022-09-19 11:26:50,55,8,3887.5,637
2022-09-19 11:26:51,23,2,3887.75,639
2022-09-19 11:26:52,62,17,3887.75,656
2022-09-19 11:26:53,2,2,3887.75,658
2022-09-19 11:26:54,8,-2,3887.75,656
2022-09-19 11:26:55,39,16,3887.75,672
2022-09-19 11:26:56,49,-19,3887.75,653
2022-09-19 11:26:57,126,-38,3887.5,615
2022-09-19 11:26:58,10,5,3887.25,620
2022-09-19 11:26:59,81,2,3887.5,622
2022-09-19 11:27:00,342,-6,3887.25,616
2022-09-19 11:27:01,28,17,3887.0,633
2022-09-19 11:27:02,38,-5,3887.25,628
2022-09-19 11:27:03,40,-1,3887.25,627
2022-09-19 11:27:04,45,-11,3887.25,616
2022-09-19 11:27:05,49,22,3887.25,638
2022-09-19 11:27:06,80,-8,3887.25,630
2022-09-19 11:27:07,140,45,3887.5,675
2022-09-19 11:27:08,50,7,3887.25,682
2022-09-19 11:27:09,14,6,3887.5,688
2022-09-19 11:27:10,44,-6,3887.5,682
2022-09-19 11:27:11,77,6,3887.5,688
2022-09-19 11:27:12,110,11,3887.75,699
2022-09-19 11:27:13,6,6,3887.75,705
2022-09-19 11:27:14,65,-17,3887.75,688
2022-09-19 11:27:15,44,-26,3887.5,662
2022-09-19 11:27:16,38,-21,3887.25,641
2022-09-19 11:27:17,84,-16,3887.0,625
2022-09-19 11:27:18,32,-6,3887.0,619
2022-09-19 11:27:19,103,-50,3886.5,569
2022-09-19 11:27:20,212,-50,3886.5,519
2022-09-19 11:27:21,33,9,3886.25,528
2022-09-19 11:27:22,167,34,3887.0,562
2022-09-19 11:27:23,42,-8,3886.75,554
2022-09-19 11:27:24,85,23,3886.5,577
2022-09-19 11:27:25,14,12,3886.5,589
2022-09-19 11:27:26,46,-1,3886.75,588
2022-09-19 11:27:27,43,-15,3886.75,573
2022-09-19 11:27:28,83,2,3887.0,575
2022-09-19 11:27:29,33,4,3886.75,579
2022-09-19 11:27:30,3,-3,3886.5,576
2022-09-19 11:27:31,70,11,3886.75,587
2022-09-19 11:27:32,2,2,3887.0,589
2022-09-19 11:27:33,62,21,3887.0,610
2022-09-19 11:27:34,81,18,3887.25,628
2022-09-19 11:27:35,83,10,3887.25,638
2022-09-19 11:27:36,107,-91,3887.25,547
2022-09-19 11:27:37,19,-11,3886.75,536
2022-09-19 11:27:38,68,-12,3886.5,524
2022-09-19 11:27:39,107,-28,3886.75,496
2022-09-19 11:27:40,103,-9,3886.5,487
2022-09-19 11:27:41,31,-1,3886.25,486
2022-09-19 11:27:42,4,-4,3886.25,482
2022-09-19 11:27:43,34,-14,3886.25,468
2022-09-19 11:27:44,251,-15,3886.25,453
2022-09-19 11:27:45,54,2,3886.0,455
2022-09-19 11:27:46,33,-3,3886.0,452
2022-09-19 11:27:47,83,13,3886.25,465
2022-09-19 11:27:48,10,-6,3886.25,459
2022-09-19 11:27:49,31,-13,3886.25,446
2022-09-19 11:27:50,23,-11,3886.25,435
2022-09-19 11:27:51,79,10,3886.25,445
2022-09-19 11:27:52,49,0,3886.0,445
2022-09-19 11:27:53,3,1,3886.0,446
2022-09-19 11:27:54,204,-11,3886.0,435
2022-09-19 11:27:55,47,3,3886.25,438
2022-09-19 11:27:56,26,6,3886.25,444
2022-09-19 11:27:57,35,-8,3886.25,436
2022-09-19 11:27:58,17,11,3886.25,447
2022-09-19 11:27:59,1,1,3886.25,448
2022-09-19 11:28:00,143,12,3886.25,460
2022-09-19 11:28:01,129,25,3886.5,485
2022-09-19 11:28:02,61,-28,3886.5,457
2022-09-19 11:28:03,31,-12,3886.0,445
2022-09-19 11:28:04,156,-57,3886.0,388
2022-09-19 11:28:05,89,-17,3885.5,371
2022-09-19 11:28:06,66,-6,3885.75,365
2022-09-19 11:28:07,17,-5,3885.75,360
2022-09-19 11:28:08,25,2,3885.5,362
2022-09-19 11:28:09,24,-6,3885.5,356
2022-09-19 11:28:10,36,-25,3885.25,331
2022-09-19 11:28:11,9,2,3885.5,333
2022-09-19 11:28:12,29,-12,3885.25,321
2022-09-19 11:28:13,24,16,3885.5,337
2022-09-19 11:28:14,50,-9,3885.5,328
2022-09-19 11:28:15,13,-11,3885.25,317
2022-09-19 11:28:16,31,5,3885.5,322
2022-09-19 11:28:17,6,3,3885.5,325
2022-09-19 11:28:18,83,-10,3885.5,315
2022-09-19 11:28:19,61,13,3885.5,328
2022-09-19 11:28:20,56,9,3885.75,337
2022-09-19 11:28:21,33,11,3885.75,348
2022-09-19 11:28:22,63,7,3885.75,355
2022-09-19 11:28:23,476,-266,3885.5,89
2022-09-19 11:28:24,72,25,3885.25,114
2022-09-19 11:28:25,138,24,3885.75,138
2022-09-19 11:28:26,37,-3,3886.0,135
2022-09-19 11:28:27,59,2,3885.75,137
2022-09-19 11:28:28,62,35,3886.0,172
2022-09-19 11:28:29,30,-1,3886.0,171
2022-09-19 11:28:30,32,-1,3886.25,170
2022-09-19 11:28:31,121,51,3886.0,221
2022-09-19 11:28:32,137,-31,3886.0,190
2022-09-19 11:28:33,28,-13,3885.75,177
2022-09-19 11:28:34,3,1,3885.75,178
2022-09-19 11:28:35,30,-1,3885.75,177
2022-09-19 11:28:36,5,4,3885.75,181
2022-09-19 11:28:37,74,24,3885.75,205
2022-09-19 11:28:38,54,-18,3885.75,187
2022-09-19 11:28:39,62,11,3885.75,198
2022-09-19 11:28:40,51,3,3885.75,201
2022-09-19 11:28:41,52,0,3885.75,201
2022-09-19 11:28:42,130,16,3886.0,217
2022-09-19 11:28:43,38,-15,3886.0,202
2022-09-19 11:28:44,12,8,3885.75,210
2022-09-19 11:28:45,36,11,3886.0,221
2022-09-19 11:28:46,59,-13,3886.0,208
2022-09-19 11:28:47,59,-4,3885.5,204
2022-09-19 11:28:48,41,11,3885.5,215
2022-09-19 11:28:49,27,5,3885.75,220
2022-09-19 11:28:50,107,-59,3885.25,161
2022-09-19 11:28:51,9,9,3885.5,170
2022-09-19 11:28:52,33,20,3886.0,190
2022-09-19 11:28:53,121,32,3886.0,222
2022-09-19 11:28:54,40,-24,3886.0,198
2022-09-19 11:28:55,83,4,3885.5,202
2022-09-19 11:28:56,50,-2,3885.25,200
2022-09-19 11:28:57,40,-1,3885.5,199
2022-09-19 11:28:58,26,-4,3885.5,195
2022-09-19 11:28:59,56,7,3885.25,202
2022-09-19 11:29:00,91,-50,3885.25,152
2022-09-19 11:29:01,182,16,3885.0,168
2022-09-19 11:29:02,145,6,3884.75,174
2022-09-19 11:29:03,162,-17,3884.75,157
2022-09-19 11:29:04,15,4,3884.75,161
2022-09-19 11:29:05,110,-4,3884.75,157
2022-09-19 11:29:06,140,44,3885.0,201
2022-09-19 11:29:07,39,-3,3885.25,198
2022-09-19 11:29:08,69,17,3885.25,215
2022-09-19 11:29:09,37,-2,3885.25,213
2022-09-19 11:29:10,44,2,3885.0,215
2022-09-19 11:29:11,105,-9,3884.75,206
2022-09-19 11:29:12,2,0,3884.75,206
2022-09-19 11:29:13,4,0,3884.75,206
2022-09-19 11:29:14,59,-7,3884.5,199
2022-09-19 11:29:15,93,-28,3884.25,171
2022-09-19 11:29:16,38,-16,3884.5,155
2022-09-19 11:29:17,63,1,3884.5,156
2022-09-19 11:29:18,104,-18,3884.25,138
2022-09-19 11:29:19,81,-7,3884.0,131
2022-09-19 11:29:20,177,-21,3884.0,110
2022-09-19 11:29:21,79,37,3884.0,147
2022-09-19 11:29:22,111,14,3884.5,161
2022-09-19 11:29:23,102,6,3884.5,167
2022-09-19 11:29:24,189,-83,3884.5,84
2022-09-19 11:29:25,127,26,3884.25,110
2022-09-19 11:29:26,106,-13,3884.5,97
2022-09-19 11:29:27,50,25,3884.5,122
2022-09-19 11:29:28,40,8,3884.5,130
2022-09-19 11:29:29,28,16,3884.5,146
2022-09-19 11:29:30,15,4,3884.5,150
2022-09-19 11:29:31,102,-17,3884.5,133
2022-09-19 11:29:32,12,7,3884.25,140
2022-09-19 11:29:33,1,1,3884.25,141
2022-09-19 11:29:34,84,-17,3884.0,124
2022-09-19 11:29:35,11,1,3884.0,125
2022-09-19 11:29:36,88,0,3884.0,125
2022-09-19 11:29:37,22,12,3884.0,137
2022-09-19 11:29:38,218,119,3884.5,256
2022-09-19 11:29:39,93,14,3884.75,270
2022-09-19 11:29:40,126,15,3884.5,285
2022-09-19 11:29:41,49,19,3884.5,304
2022-09-19 11:29:42,45,-8,3884.75,296
2022-09-19 11:29:43,24,13,3884.5,309
2022-09-19 11:29:44,174,80,3885.0,389
2022-09-19 11:29:45,67,-14,3884.75,375
2022-09-19 11:29:46,127,17,3884.75,392
2022-09-19 11:29:47,2,1,3884.75,393
2022-09-19 11:29:48,36,11,3884.75,404
2022-09-19 11:29:49,43,-18,3884.75,386
2022-09-19 11:29:50,158,-16,3884.75,370
2022-09-19 11:29:51,21,7,3884.75,377
2022-09-19 11:29:52,49,10,3885.0,387
2022-09-19 11:29:53,33,-13,3885.0,374
2022-09-19 11:29:54,20,-7,3885.0,367
2022-09-19 11:29:55,25,-17,3884.75,350
2022-09-19 11:29:56,78,-20,3884.5,330
2022-09-19 11:29:57,209,-3,3884.25,327
2022-09-19 11:29:58,20,-15,3884.0,312
2022-09-19 11:29:59,43,-6,3884.0,306
2022-09-19 11:30:00,225,-14,3883.75,292
2022-09-19 11:30:01,59,-14,3883.75,278
2022-09-19 11:30:02,83,3,3883.75,281
2022-09-19 11:30:03,94,16,3883.75,297
2022-09-19 11:30:04,47,2,3884.0,299
2022-09-19 11:30:05,51,-12,3883.75,287
2022-09-19 11:30:06,257,-151,3883.5,136
2022-09-19 11:30:07,184,28,3883.5,164
2022-09-19 11:30:08,42,-3,3883.5,161
2022-09-19 11:30:09,52,-8,3883.5,153
2022-09-19 11:30:10,16,-7,3883.5,146
2022-09-19 11:30:11,54,23,3883.75,169
2022-09-19 11:30:12,50,-9,3884.0,160
2022-09-19 11:30:13,29,-4,3883.75,156
2022-09-19 11:30:14,144,30,3883.75,186
2022-09-19 11:30:15,13,-9,3883.5,177
2022-09-19 11:30:16,59,1,3883.5,178
2022-09-19 11:30:17,64,8,3883.75,186
2022-09-19 11:30:18,74,17,3883.75,203
2022-09-19 11:30:19,24,2,3884.0,205
2022-09-19 11:30:20,57,8,3884.0,213
2022-09-19 11:30:21,36,-9,3884.0,204
2022-09-19 11:30:22,130,36,3884.0,240
2022-09-19 11:30:23,58,22,3884.25,262
2022-09-19 11:30:24,36,22,3884.5,284
2022-09-19 11:30:25,45,20,3884.5,304
2022-09-19 11:30:26,15,8,3884.5,312
2022-09-19 11:30:27,137,-26,3884.5,286
2022-09-19 11:30:28,148,-25,3884.0,261
2022-09-19 11:30:29,90,-9,3884.0,252
2022-09-19 11:30:30,14,14,3884.0,266
2022-09-19 11:30:31,61,13,3884.0,279
2022-09-19 11:30:32,32,5,3884.25,284
2022-09-19 11:30:33,82,-28,3884.0,256
2022-09-19 11:30:34,5,3,3883.75,259
2022-09-19 11:30:35,227,66,3884.25,325
2022-09-19 11:30:36,3,0,3884.0,325
2022-09-19 11:30:37,110,22,3884.25,347
2022-09-19 11:30:38,83,-7,3884.75,340
2022-09-19 11:30:39,78,-17,3884.25,323
2022-09-19 11:30:40,54,34,3884.0,357
2022-09-19 11:30:41,60,11,3884.0,368
2022-09-19 11:30:42,60,-30,3884.0,338
2022-09-19 11:30:43,62,0,3883.75,338
2022-09-19 11:30:44,210,1,3883.75,339
2022-09-19 11:30:45,42,1,3883.75,340
2022-09-19 11:30:46,12,4,3883.75,344
2022-09-19 11:30:47,62,35,3884.25,379
2022-09-19 11:30:48,81,-5,3884.25,374
2022-09-19 11:30:49,170,10,3884.5,384
2022-09-19 11:30:51,89,33,3884.5,417
2022-09-19 11:30:52,17,0,3884.5,417
2022-09-19 11:30:53,147,-28,3884.5,389
2022-09-19 11:30:54,52,14,3884.25,403
2022-09-19 11:30:55,17,5,3884.25,408
2022-09-19 11:30:56,106,1,3884.0,409
2022-09-19 11:30:57,66,-15,3884.25,394
2022-09-19 11:30:58,98,-22,3884.0,372
2022-09-19 11:30:59,18,7,3884.25,379
2022-09-19 11:31:00,227,-20,3884.25,359
2022-09-19 11:31:01,167,-28,3883.5,331
2022-09-19 11:31:02,38,-28,3883.0,303
2022-09-19 11:31:03,64,0,3883.0,303
2022-09-19 11:31:04,206,-20,3883.0,283
2022-09-19 11:31:05,12,0,3883.0,283
2022-09-19 11:31:06,578,-146,3883.0,137
2022-09-19 11:31:07,201,14,3881.75,151
2022-09-19 11:31:08,382,-68,3881.5,83
2022-09-19 11:31:09,207,25,3881.75,108
2022-09-19 11:31:10,198,-23,3881.5,85
2022-09-19 11:31:11,384,-17,3880.75,68
2022-09-19 11:31:12,300,-55,3881.0,13
2022-09-19 11:31:13,129,-4,3881.0,9
2022-09-19 11:31:14,195,44,3881.0,53
2022-09-19 11:31:15,45,-8,3881.0,45
2022-09-19 11:31:16,88,12,3881.0,57
2022-09-19 11:31:17,76,5,3881.0,62
2022-09-19 11:31:18,135,-17,3880.75,45
2022-09-19 11:31:19,113,4,3881.0,49
2022-09-19 11:31:20,25,1,3880.75,50
2022-09-19 11:31:21,61,12,3880.75,62
2022-09-19 11:31:22,191,15,3881.0,77
2022-09-19 11:31:23,28,-1,3881.0,76
2022-09-19 11:31:24,104,14,3881.0,90
2022-09-19 11:31:25,60,-27,3880.75,63
2022-09-19 11:31:26,120,-39,3880.5,24
2022-09-19 11:31:27,187,20,3880.75,44
2022-09-19 11:31:28,56,-4,3880.75,40
2022-09-19 11:31:29,39,4,3880.75,44
2022-09-19 11:31:30,88,-10,3880.75,34
2022-09-19 11:31:31,86,3,3880.25,37
2022-09-19 11:31:32,94,-8,3880.5,29
2022-09-19 11:31:33,68,-10,3880.25,19
2022-09-19 11:31:34,241,-98,3880.25,-79
2022-09-19 11:31:35,131,-38,3879.5,-117
2022-09-19 11:31:36,88,-18,3879.75,-135
2022-09-19 11:31:37,96,-1,3879.75,-136
2022-09-19 11:31:38,58,-7,3879.5,-143
2022-09-19 11:31:39,81,-12,3879.5,-155
2022-09-19 11:31:40,109,2,3879.25,-153
2022-09-19 11:31:41,58,5,3879.25,-148
2022-09-19 11:31:42,53,8,3879.5,-140
2022-09-19 11:31:43,70,19,3879.5,-121
2022-09-19 11:31:44,72,7,3879.5,-114
2022-09-19 11:31:45,36,2,3879.25,-112
2022-09-19 11:31:46,281,49,3879.75,-63
2022-09-19 11:31:47,154,-16,3879.75,-79
2022-09-19 11:31:48,34,6,3879.75,-73
2022-09-19 11:31:49,159,8,3879.25,-65
2022-09-19 11:31:50,16,-10,3879.25,-75
2022-09-19 11:31:51,112,11,3879.5,-64
2022-09-19 11:31:52,29,4,3879.25,-60
2022-09-19 11:31:53,149,37,3880.0,-23
2022-09-19 11:31:54,82,19,3880.25,-4
2022-09-19 11:31:55,160,36,3880.5,32
2022-09-19 11:31:56,25,5,3880.75,37
2022-09-19 11:31:57,160,9,3880.75,46
2022-09-19 11:31:58,77,7,3880.5,53
2022-09-19 11:31:59,200,-42,3880.5,11
2022-09-19 11:32:00,189,-37,3879.75,-26
2022-09-19 11:32:01,82,3,3879.5,-23
2022-09-19 11:32:02,77,-2,3879.5,-25
2022-09-19 11:32:03,69,29,3879.5,4
2022-09-19 11:32:04,46,4,3879.75,8
2022-09-19 11:32:05,53,22,3880.5,30
2022-09-19 11:32:06,79,2,3880.5,32
2022-09-19 11:32:07,40,-6,3880.25,26
2022-09-19 11:32:08,152,39,3881.0,65
2022-09-19 11:32:09,61,1,3881.0,66
2022-09-19 11:32:10,111,-3,3881.0,63
2022-09-19 11:32:11,272,36,3881.5,99
2022-09-19 11:32:12,107,42,3881.75,141
2022-09-19 11:32:13,142,12,3882.0,153
2022-09-19 11:32:14,14,7,3881.75,160
2022-09-19 11:32:15,119,-11,3881.75,149
2022-09-19 11:32:16,158,-10,3881.25,139
2022-09-19 11:32:17,44,12,3881.0,151
2022-09-19 11:32:18,89,-12,3881.25,139
2022-09-19 11:32:19,33,5,3881.5,144
2022-09-19 11:32:20,26,13,3881.75,157
2022-09-19 11:32:21,148,-19,3881.75,138
2022-09-19 11:32:22,98,9,3881.25,147
2022-09-19 11:32:23,87,4,3881.75,151
2022-09-19 11:32:24,1,1,3881.75,152
2022-09-19 11:32:25,297,39,3882.0,191
2022-09-19 11:32:26,125,25,3882.5,216
2022-09-19 11:32:27,107,-30,3882.0,186
2022-09-19 11:32:28,37,-2,3882.0,184
2022-09-19 11:32:29,44,-8,3881.75,176
2022-09-19 11:32:30,49,10,3882.0,186
2022-09-19 11:32:31,160,10,3882.25,196
2022-09-19 11:32:32,53,15,3882.25,211
2022-09-19 11:32:33,49,-13,3882.0,198
2022-09-19 11:32:34,56,1,3882.25,199
2022-09-19 11:32:35,47,-4,3882.25,195
2022-09-19 11:32:36,46,-12,3882.25,183
2022-09-19 11:32:37,76,-32,3882.0,151
2022-09-19 11:32:38,67,-2,3881.5,149
2022-09-19 11:32:39,26,-22,3881.5,127
2022-09-19 11:32:40,85,-7,3881.25,120
2022-09-19 11:32:41,97,-76,3881.0,44
2022-09-19 11:32:42,10,-1,3881.0,43
2022-09-19 11:32:43,1,-1,3880.75,42
2022-09-19 11:32:44,52,29,3881.0,71
2022-09-19 11:32:45,130,5,3881.25,76
2022-09-19 11:32:46,18,-5,3881.25,71
2022-09-19 11:32:47,18,13,3881.25,84
2022-09-19 11:32:48,85,-4,3881.5,80
2022-09-19 11:32:49,104,-7,3881.5,73
2022-09-19 11:32:50,53,-2,3881.5,71
2022-09-19 11:32:52,60,-6,3881.25,65
2022-09-19 11:32:53,36,-21,3881.0,44
2022-09-19 11:32:54,285,-32,3880.75,12
2022-09-19 11:32:55,46,11,3881.0,23
2022-09-19 11:32:56,329,75,3881.5,98
2022-09-19 11:32:57,178,22,3881.5,120
2022-09-19 11:32:58,8,4,3881.75,124
2022-09-19 11:32:59,49,-7,3881.5,117
2022-09-19 11:33:00,46,2,3881.75,119
2022-09-19 11:33:01,72,-16,3881.5,103
2022-09-19 11:33:02,144,23,3881.5,126
2022-09-19 11:33:03,93,17,3881.75,143
2022-09-19 11:33:04,42,-9,3882.0,134
2022-09-19 11:33:05,6,6,3882.0,140
2022-09-19 11:33:06,82,34,3882.25,174
2022-09-19 11:33:07,247,50,3883.0,224
2022-09-19 11:33:08,113,-14,3882.75,210
2022-09-19 11:33:09,153,-20,3882.75,190
2022-09-19 11:33:10,70,14,3882.75,204
2022-09-19 11:33:11,87,-10,3882.75,194
2022-09-19 11:33:12,184,-36,3882.25,158
2022-09-19 11:33:13,95,1,3882.0,159
2022-09-19 11:33:14,49,11,3882.5,170
2022-09-19 11:33:15,9,-9,3882.25,161
2022-09-19 11:33:16,103,-35,3882.25,126
2022-09-19 11:33:17,16,-2,3882.25,124
2022-09-19 11:33:18,115,-34,3882.25,90
2022-09-19 11:33:19,53,8,3881.75,98
2022-09-19 11:33:20,24,-7,3882.0,91
2022-09-19 11:33:21,47,2,3882.0,93
2022-09-19 11:33:22,13,-8,3882.0,85
2022-09-19 11:33:23,55,-3,3882.0,82
2022-09-19 11:33:24,101,-12,3882.0,70
2022-09-19 11:33:25,3,2,3881.75,72
2022-09-19 11:33:26,95,3,3882.0,75
2022-09-19 11:33:27,42,-5,3882.25,70
2022-09-19 11:33:28,127,9,3882.5,79
2022-09-19 11:33:29,66,-13,3882.5,66
2022-09-19 11:33:30,150,-8,3882.25,58
2022-09-19 11:33:31,50,14,3882.25,72
2022-09-19 11:33:32,39,9,3882.5,81
2022-09-19 11:33:33,4,0,3882.75,81
2022-09-19 11:33:34,109,18,3882.75,99
2022-09-19 11:33:35,54,-8,3882.75,91
2022-09-19 11:33:36,4,4,3882.75,95
2022-09-19 11:33:37,85,1,3883.0,96
2022-09-19 11:33:38,36,6,3882.75,102
2022-09-19 11:33:39,236,19,3883.25,121
2022-09-19 11:33:40,50,-4,3883.25,117
2022-09-19 11:33:41,92,24,3883.25,141
2022-09-19 11:33:42,43,23,3883.5,164
2022-09-19 11:33:43,357,67,3884.0,231
2022-09-19 11:33:44,107,-21,3883.75,210
2022-09-19 11:33:45,138,-22,3883.5,188
2022-09-19 11:33:46,35,6,3883.5,194
2022-09-19 11:33:47,142,12,3883.5,206
2022-09-19 11:33:48,34,-4,3883.0,202
2022-09-19 11:33:49,53,-1,3883.0,201
2022-09-19 11:33:50,42,4,3883.0,205
2022-09-19 11:33:51,44,1,3883.25,206
2022-09-19 11:33:52,163,-56,3883.0,150
2022-09-19 11:33:53,53,-3,3882.5,147
2022-09-19 11:33:54,205,-12,3882.5,135
2022-09-19 11:33:55,15,-11,3882.25,124
2022-09-19 11:33:56,120,2,3882.25,126
2022-09-19 11:33:57,26,-5,3882.0,121
2022-09-19 11:33:58,58,10,3882.0,131
2022-09-19 11:33:59,89,18,3882.0,149
2022-09-19 11:34:00,93,-12,3882.5,137
2022-09-19 11:34:01,104,-9,3882.0,128
2022-09-19 11:34:02,54,12,3882.0,140
2022-09-19 11:34:03,2,-2,3882.0,138
2022-09-19 11:34:04,119,-36,3882.25,102
2022-09-19 11:34:05,14,5,3882.0,107
2022-09-19 11:34:06,9,-5,3882.0,102
2022-09-19 11:34:07,83,-27,3882.0,75
2022-09-19 11:34:08,38,10,3881.75,85
2022-09-19 11:34:09,16,-14,3881.75,71
2022-09-19 11:34:11,111,7,3881.75,78
2022-09-19 11:34:12,1,-1,3881.75,77
2022-09-19 11:34:13,57,4,3882.0,81
2022-09-19 11:34:14,70,-7,3881.75,74
2022-09-19 11:34:15,71,13,3882.25,87
2022-09-19 11:34:16,1,-1,3882.0,86
2022-09-19 11:34:17,2,-1,3882.0,85
2022-09-19 11:34:18,211,28,3882.25,113
2022-09-19 11:34:19,5,1,3882.25,114
2022-09-19 11:34:20,244,108,3882.75,222
2022-09-19 11:34:21,6,-4,3882.5,218
2022-09-19 11:34:22,36,-10,3882.25,208
2022-09-19 11:34:23,82,-37,3882.5,171
2022-09-19 11:34:24,14,4,3882.0,175
2022-09-19 11:34:25,43,8,3882.25,183
2022-09-19 11:34:26,100,0,3882.75,183
2022-09-19 11:34:27,26,-10,3882.75,173
2022-09-19 11:34:28,43,3,3882.5,176
2022-09-19 11:34:29,8,-1,3882.5,175
2022-09-19 11:34:30,28,9,3882.75,184
2022-09-19 11:34:31,67,11,3882.75,195
2022-09-19 11:34:32,70,-17,3882.75,178
2022-09-19 11:34:33,20,0,3882.75,178
2022-09-19 11:34:34,92,-4,3882.75,174
2022-09-19 11:34:35,10,-8,3882.5,166
2022-09-19 11:34:36,23,21,3882.75,187
2022-09-19 11:34:37,28,-6,3882.75,181
2022-09-19 11:34:38,472,-168,3882.5,13
2022-09-19 11:34:39,69,2,3882.0,15
2022-09-19 11:34:40,6,0,3882.0,15
2022-09-19 11:34:41,2,2,3882.0,17
2022-09-19 11:34:42,164,-6,3882.0,11
2022-09-19 11:34:43,130,23,3882.5,34
2022-09-19 11:34:44,7,0,3882.25,34
2022-09-19 11:34:45,51,2,3882.25,36
2022-09-19 11:34:46,82,-12,3882.25,24
2022-09-19 11:34:47,57,-11,3882.25,13
2022-09-19 11:34:48,41,-29,3882.0,-16
2022-09-19 11:34:49,24,-8,3882.0,-24
2022-09-19 11:34:50,42,15,3881.75,-9
2022-09-19 11:34:51,89,42,3882.0,33
2022-09-19 11:34:52,58,0,3881.75,33
2022-09-19 11:34:53,20,-10,3881.75,23
2022-09-19 11:34:54,128,-31,3881.5,-8
2022-09-19 11:34:55,59,2,3881.75,-6
2022-09-19 11:34:56,6,-2,3881.75,-8
2022-09-19 11:34:57,234,-89,3881.5,-97
2022-09-19 11:34:58,77,10,3881.0,-87
2022-09-19 11:34:59,133,9,3881.25,-78
2022-09-19 11:35:00,62,-9,3881.25,-87
2022-09-19 11:35:01,99,14,3881.0,-73
2022-09-19 11:35:02,100,6,3881.0,-67
2022-09-19 11:35:03,44,3,3881.25,-64
2022-09-19 11:35:04,126,30,3880.75,-34
2022-09-19 11:35:05,114,5,3881.25,-29
2022-09-19 11:35:06,11,-1,3880.75,-30
2022-09-19 11:35:07,3,-1,3880.75,-31
2022-09-19 11:35:08,36,-5,3880.5,-36
2022-09-19 11:35:09,75,-42,3880.25,-78
2022-09-19 11:35:10,158,10,3880.5,-68
2022-09-19 11:35:11,51,5,3880.25,-63
2022-09-19 11:35:12,12,-5,3880.5,-68
2022-09-19 11:35:13,74,-3,3880.25,-71
2022-09-19 11:35:14,114,-28,3880.25,-99
2022-09-19 11:35:15,62,-21,3880.0,-120
2022-09-19 11:35:16,54,-11,3879.75,-131
2022-09-19 11:35:17,204,-23,3879.75,-154
2022-09-19 11:35:18,74,-8,3879.75,-162
2022-09-19 11:35:19,109,14,3879.75,-148
2022-09-19 11:35:20,12,2,3879.75,-146
2022-09-19 11:35:21,71,32,3879.75,-114
2022-09-19 11:35:22,82,5,3879.75,-109
2022-09-19 11:35:23,83,-10,3879.75,-119
2022-09-19 11:35:24,48,5,3879.5,-114
2022-09-19 11:35:25,132,23,3879.75,-91
2022-09-19 11:35:26,60,-6,3879.75,-97
2022-09-19 11:35:27,54,3,3879.75,-94
2022-09-19 11:35:28,84,-12,3879.75,-106
2022-09-19 11:35:29,59,0,3879.5,-106
2022-09-19 11:35:30,53,-10,3879.5,-116
2022-09-19 11:35:31,4,4,3879.25,-112
2022-09-19 11:35:32,251,-82,3879.0,-194
2022-09-19 11:35:33,471,-285,3878.75,-479
2022-09-19 11:35:34,219,-38,3878.5,-517
2022-09-19 11:35:35,63,-30,3878.5,-547
2022-09-19 11:35:36,143,-2,3878.5,-549
2022-09-19 11:35:37,66,-15,3878.25,-564
2022-09-19 11:35:38,122,11,3878.25,-553
2022-09-19 11:35:39,30,-12,3878.5,-565
2022-09-19 11:35:40,351,-45,3878.5,-610
2022-09-19 11:35:41,241,-44,3878.0,-654
2022-09-19 11:35:42,55,19,3878.75,-635
2022-09-19 11:35:43,20,-10,3878.75,-645
2022-09-19 11:35:44,43,-21,3878.25,-666
2022-09-19 11:35:45,155,-10,3879.0,-676
2022-09-19 11:35:46,96,-38,3879.0,-714
2022-09-19 11:35:47,80,-13,3879.0,-727
2022-09-19 11:35:48,130,26,3879.5,-701
2022-09-19 11:35:49,83,3,3879.5,-698
2022-09-19 11:35:50,86,-26,3879.0,-724
2022-09-19 11:35:51,71,3,3878.75,-721
2022-09-19 11:35:52,44,7,3878.75,-714
2022-09-19 11:35:53,22,-5,3878.75,-719
2022-09-19 11:35:54,28,20,3878.75,-699
2022-09-19 11:35:55,54,-6,3878.75,-705
2022-09-19 11:35:56,67,5,3878.75,-700
2022-09-19 11:35:57,14,7,3879.0,-693
2022-09-19 11:35:58,44,6,3878.75,-687
2022-09-19 11:35:59,71,1,3878.75,-686
2022-09-19 11:36:00,135,-63,3878.5,-749
2022-09-19 11:36:01,105,-1,3878.0,-750
2022-09-19 11:36:02,108,-24,3878.0,-774
2022-09-19 11:36:03,43,-9,3877.75,-783
2022-09-19 11:36:04,111,-9,3878.0,-792
2022-09-19 11:36:05,95,7,3878.25,-785
2022-09-19 11:36:06,35,10,3878.25,-775
2022-09-19 11:36:07,155,27,3878.5,-748
2022-09-19 11:36:08,146,42,3878.75,-706
2022-09-19 11:36:09,74,12,3879.0,-694
2022-09-19 11:36:10,86,-29,3878.75,-723
2022-09-19 11:36:11,146,-14,3878.75,-737
2022-09-19 11:36:12,62,11,3878.75,-726
2022-09-19 11:36:13,26,-6,3878.5,-732
2022-09-19 11:36:14,89,3,3878.75,-729
2022-09-19 11:36:15,333,77,3879.25,-652
2022-09-19 11:36:16,205,-107,3879.5,-759
2022-09-19 11:36:17,129,36,3879.5,-723
2022-09-19 11:36:18,15,-5,3879.5,-728
2022-09-19 11:36:19,40,3,3879.5,-725
2022-09-19 11:36:20,131,106,3879.75,-619
2022-09-19 11:36:21,75,15,3880.0,-604
2022-09-19 11:36:22,69,-7,3879.75,-611
2022-09-19 11:36:23,79,32,3879.75,-579
2022-09-19 11:36:24,12,-4,3879.25,-583
2022-09-19 11:36:25,30,6,3879.25,-577
2022-09-19 11:36:26,134,14,3879.25,-563
2022-09-19 11:36:27,69,9,3878.75,-554
2022-09-19 11:36:28,31,5,3878.75,-549
2022-09-19 11:36:29,20,2,3878.75,-547
2022-09-19 11:36:30,263,-81,3878.75,-628
2022-09-19 11:36:31,21,9,3878.75,-619
2022-09-19 11:36:32,24,-3,3878.75,-622
2022-09-19 11:36:33,59,-18,3878.75,-640
2022-09-19 11:36:34,89,6,3878.5,-634
2022-09-19 11:36:35,30,16,3878.25,-618
2022-09-19 11:36:36,48,-9,3878.25,-627
2022-09-19 11:36:37,32,9,3878.25,-618
2022-09-19 11:36:38,10,4,3878.25,-614
2022-09-19 11:36:39,10,-6,3878.25,-620
2022-09-19 11:36:41,44,18,3878.25,-602
2022-09-19 11:36:42,73,3,3878.25,-599
2022-09-19 11:36:43,22,3,3878.25,-596
2022-09-19 11:36:44,26,5,3878.25,-591
2022-09-19 11:36:45,46,7,3878.5,-584
2022-09-19 11:36:46,7,5,3878.75,-579
2022-09-19 11:36:47,31,1,3878.75,-578
2022-09-19 11:36:48,185,-44,3878.5,-622
2022-09-19 11:36:49,227,-97,3877.75,-719
2022-09-19 11:36:50,173,-41,3877.5,-760
2022-09-19 11:36:51,509,-228,3877.25,-988
2022-09-19 11:36:52,266,-64,3876.75,-1052
2022-09-19 11:36:53,161,19,3877.0,-1033
2022-09-19 11:36:54,72,-24,3876.75,-1057
2022-09-19 11:36:55,127,47,3876.75,-1010
2022-09-19 11:36:56,133,43,3877.5,-967
2022-09-19 11:36:57,38,11,3877.25,-956
2022-09-19 11:36:58,41,-5,3877.25,-961
2022-09-19 11:36:59,168,18,3877.75,-943
2022-09-19 11:37:00,77,-25,3877.75,-968
2022-09-19 11:37:01,84,40,3878.25,-928
2022-09-19 11:37:02,464,56,3878.5,-872
2022-09-19 11:37:03,27,14,3878.25,-858
2022-09-19 11:37:04,56,-10,3878.25,-868
2022-09-19 11:37:05,62,4,3878.0,-864
2022-09-19 11:37:06,89,11,3878.0,-853
2022-09-19 11:37:07,116,7,3878.25,-846
2022-09-19 11:37:08,89,-30,3877.75,-876
2022-09-19 11:37:09,34,-8,3877.5,-884
2022-09-19 11:37:10,49,-30,3877.25,-914
2022-09-19 11:37:11,32,-14,3877.0,-928
2022-09-19 11:37:12,18,-10,3877.0,-938
2022-09-19 11:37:13,462,-109,3876.5,-1047
2022-09-19 11:37:14,329,-13,3876.0,-1060
2022-09-19 11:37:15,67,10,3876.0,-1050
2022-09-19 11:37:16,108,-5,3876.0,-1055
2022-09-19 11:37:17,129,-23,3876.0,-1078
2022-09-19 11:37:18,87,16,3876.0,-1062
2022-09-19 11:37:19,50,2,3876.0,-1060
2022-09-19 11:37:20,65,18,3876.25,-1042
2022-09-19 11:37:21,107,-15,3876.25,-1057
2022-09-19 11:37:22,64,9,3876.25,-1048
2022-09-19 11:37:23,51,-7,3876.25,-1055
2022-09-19 11:37:24,58,-15,3876.0,-1070
2022-09-19 11:37:25,249,4,3876.25,-1066
2022-09-19 11:37:26,147,-33,3876.5,-1099
2022-09-19 11:37:27,68,26,3876.25,-1073
2022-09-19 11:37:28,25,-1,3876.0,-1074
2022-09-19 11:37:29,42,-17,3876.0,-1091
2022-09-19 11:37:30,68,27,3876.5,-1064
2022-09-19 11:37:31,94,13,3876.5,-1051
2022-09-19 11:37:32,111,-6,3876.5,-1057
2022-09-19 11:37:33,468,27,3876.0,-1030
2022-09-19 11:37:34,187,-2,3876.0,-1032
2022-09-19 11:37:35,90,9,3876.0,-1023
2022-09-19 11:37:36,20,-9,3876.0,-1032
2022-09-19 11:37:37,113,-10,3875.75,-1042
2022-09-19 11:37:38,99,-3,3875.75,-1045
2022-09-19 11:37:39,14,2,3876.0,-1043
2022-09-19 11:37:40,40,-14,3875.5,-1057
2022-09-19 11:37:41,9,5,3875.5,-1052
2022-09-19 11:37:42,869,-380,3875.5,-1432
2022-09-19 11:37:43,112,-16,3875.0,-1448
2022-09-19 11:37:44,258,13,3875.0,-1435
2022-09-19 11:37:45,179,6,3875.0,-1429
2022-09-19 11:37:46,205,14,3875.0,-1415
2022-09-19 11:37:47,26,13,3874.75,-1402
2022-09-19 11:37:48,36,3,3874.75,-1399
2022-09-19 11:37:49,92,10,3875.0,-1389
2022-09-19 11:37:50,96,49,3875.0,-1340
2022-09-19 11:37:51,96,10,3875.5,-1330
2022-09-19 11:37:52,74,7,3875.5,-1323
2022-09-19 11:37:53,73,-2,3875.5,-1325
2022-09-19 11:37:54,46,3,3875.25,-1322
2022-09-19 11:37:55,10,5,3875.25,-1317
2022-09-19 11:37:56,51,-24,3875.25,-1341
2022-09-19 11:37:57,107,15,3875.25,-1326
2022-09-19 11:37:58,79,22,3875.5,-1304
2022-09-19 11:37:59,45,-19,3875.5,-1323
2022-09-19 11:38:00,65,17,3875.25,-1306
